data/edconvlstm_nd/pred0430.15i
     1.0            IONOSPHERE MAPS     GNSS                IONEX VERSION / TYPE
pyspatialgeodesy        IME             05-JAN-18 20:20     PGM / RUN BY / DATE 
Map Name                                                    COMMENT             
Predicted global ionosphere maps (GIM).                     DESCRIPTION         
  2015     2    12     0     0     0                        EPOCH OF FIRST MAP  
  2015     2    13     0     0     0                        EPOCH OF LAST MAP   
  7200                                                      INTERVAL            
    13                                                      # OF MAPS IN FILE   
  NONE                                                      MAPPING FUNCTION    
10.0                                                        ELEVATION CUTOFF    
One-way carrier phase leveled to code                       OBSERVABLES USED    
  6371.0                                                    BASE RADIUS         
 2                                                          MAP DIMENSION       
   450.0 450.0   0.0                                        HGT1 / HGT2 / DHGT  
    87.5 -87.5  -2.5                                        LAT1 / LAT2 / DLAT  
  -180.0 180.0   5.0                                        LON1 / LON2 / DLON  
    -1                                                      EXPONENT            
                                                            END OF HEADER       
[from data line 4290]
    11                                                      START OF TEC MAP    
  2015     2    12    20     0     0                        EPOCH OF CURRENT MAP
    87.5-180.0 180.0   5.0 450.0                            LAT/LON1/LON2/DLON/H
  167  162  150  159  164  164  163  163  162  163  162  162  161  161  160  160
  159  158  157  156  154  153  151  150  148  146  144  142  140  139  137  136
  134  133  132  132  131  131  130  130  131  131  131  132  133  134  135  136
  137  139  140  142  143  145  146  148  149  151  152  153  154  155  156  156
  157  158  157  157  165  163  165  167  167                                   
    85.0-180.0 180.0   5.0 450.0                            LAT/LON1/LON2/DLON/H
  163  156  164  159  159  166  166  169  169  170  169  170  169  169  169  168
  167  166  165  164  162  160  158  156  154  152  149  147  145  143  141  139
  137  136  135  134  134  133  133  133  133  134  134  135  136  137  138  140
  141  143  145  147  149  151  152  154  156  157  158  159  160  161  162  162
  163  163  162  160  160  157  153  158  163                                   
    82.5-180.0 180.0   5.0 450.0                            LAT/LON1/LON2/DLON/H
  139  136  137  139  147  153  159  162  163  165  166  168  168  169  169  169
  168  167  165  163  161  158  155  152  149  145  141  138  134  131  127  125
  122  120  118  117  116  115  114  114  114  113  113  114  114  115  116  117
  119  121  123  125  128  130  132  134  136  138  139  140  141  142  142  142
  142  142  141  143  140  147  133  136  139                                   
    80.0-180.0 180.0   5.0 450.0                            LAT/LON1/LON2/DLON/H
  118  115  121  124  132  136  145  152  157  160  163  166  167  168  168  168
  167  166  164  161  158  155  151  147  142  138  133  128  123  119  114  111
  108  105  103  102  101  100   99   98   97   97   97   96   97   97   98  100
  101  104  107  109  112  115  118  121  123  124  126  126  127  127  126  126
  126  125  125  124  115  112  102  116  118                                   
    77.5-180.0 180.0   5.0 450.0                            LAT/LON1/LON2/DLON/H
  109  100  108  111  123  130  140  149  156  161  166  170  173  175  176  176
  175  173  171  168  165  161  157  152  147  141  135  129  123  117  112  107
  103  100   98   96   94   93   91   89   88   86   84   82   81   80   80   81
   82   84   87   90   93   96   99  101  103  104  105  106  105  105  104  103
  102  102  102  103   98   91   87  104  109                                   
    75.0-180.0 180.0   5.0 450.0                            LAT/LON1/LON2/DLON/H
   99   95  101  108  120  130  139  150  159  167  173  178  182  185  186  187
  187  186  184  181  179  175  171  166  160  154  147  139  132  124  118  112
  107  103  100   97   96   94   92   89   87   84   81   78   76   74   73   73
   73   75   77   80   83   85   87   89   90   90   90   90   89   89   88   88
   87   87   89   88   84   79   74   83   99                                   
    72.5-180.0 180.0   5.0 450.0                            LAT/LON1/LON2/DLON/H
   98   97  106  118  128  139  152  163  172  181  188  194  199  203  205  207
  207  207  206  204  202  199  194  189  182  175  166  156  146  137  128  120
  113  107  103  100   97   94   92   89   85   81   77   73   69   66   64   64
   64   65   67   69   72   74   75   76   76   75   74   74   73   72   72   72
   72   73   76   78   78   76   76   88   98                                   
    70.0-180.0 180.0   5.0 450.0                            LAT/LON1/LON2/DLON/H
  107  109  120  132  144  155  166  178  188  197  205  211  216  220  222  225
  226  227  228  227  226  224  220  214  207  198  187  175  163  151  139  129
  120  112  106  101   98   95   91   88   85   80   76   72   68   65   63   62
   62   63   64   66   68   69   69   69   67   66   64   63   63   63   64   65
   65   68   73   77   80   80   86   95  107                                   
    67.5-180.0 180.0   5.0 450.0                            LAT/LON1/LON2/DLON/H
  121  128  142  156  169  182  194  205  214  222  230  236  241  244  247  250
  253  255  256  257  257  254  250  243  235  224  211  197  182  168  153  139
  127  117  108  102   96   92   88   85   81   78   74   70   67   64   62   61
   61   63   65   67   68   69   69   67   66   64   62   61   61   61   63   66
   67   71   76   80   85   90   97  108  121                                   
    65.0-180.0 180.0   5.0 450.0                            LAT/LON1/LON2/DLON/H
  130  142  158  174  189  203  215  226  235  243  250  255  260  264  267  270
  274  277  280  281  281  279  273  266  255  243  228  213  196  180  163  147
  131  118  106   96   89   83   78   74   71   69   66   64   61   59   58   57
   58   59   61   63   64   65   64   63   61   59   57   56   56   58   60   63
   66   71   77   83   89   97  107  120  130                                   
    62.5-180.0 180.0   5.0 450.0                            LAT/LON1/LON2/DLON/H
  136  152  170  188  206  222  235  246  255  263  269  275  279  283  287  291
  295  299  302  303  302  299  292  282  270  255  240  224  207  189  171  153
  135  118  103   90   79   71   65   61   59   57   56   55   54   53   52   52
   52   54   56   58   59   60   60   59   58   56   55   55   55   57   59   62
   65   69   75   80   86   96  107  122  136                                   
    60.0-180.0 180.0   5.0 450.0                            LAT/LON1/LON2/DLON/H
  135  155  176  196  217  234  250  262  271  279  285  291  295  300  305  310
  315  318  321  321  318  312  302  291  277  262  246  231  216  199  181  162
  141  121  103   86   73   63   56   52   50   49   50   50   50   49   49   48
   48   49   50   52   54   56   57   57   56   55   55   55   56   58   59   61
   62   65   70   73   78   89  100  117  135                                   
    57.5-180.0 180.0   5.0 450.0                            LAT/LON1/LON2/DLON/H
  132  155  179  201  226  245  263  276  286  294  300  306  310  315  321  327
  332  335  336  333  327  318  306  292  278  263  250  237  224  210  193  173
  152  129  108   88   73   61   53   49   47   48   50   51   52   51   49   47
   46   46   47   49   51   53   55   57   58   58   59   60   61   62   63   63
   61   63   65   66   70   79   90  109  132                                   
    55.0-180.0 180.0   5.0 450.0                            LAT/LON1/LON2/DLON/H
  133  159  186  210  238  259  279  292  303  311  317  321  326  331  337  343
  348  350  348  342  332  320  306  292  277  264  253  244  234  222  207  188
  165  141  117   97   80   67   58   54   53   55   57   59   60   59   56   52
   50   48   48   49   51   54   58   60   63   65   68   70   71   71   71   69
   65   64   64   64   66   74   84  104  133                                   
    52.5-180.0 180.0   5.0 450.0                            LAT/LON1/LON2/DLON/H
  141  170  200  225  254  277  298  311  322  330  335  338  342  347  352  357
  361  360  355  345  333  320  305  291  278  268  260  253  245  235  220  201
  177  152  129  108   91   79   71   67   66   68   71   74   74   72   68   63
   59   56   55   55   57   60   64   68   72   75   79   81   83   83   82   78
   73   70   69   69   71   78   87  106  141                                   
    50.0-180.0 180.0   5.0 450.0                            LAT/LON1/LON2/DLON/H
  158  189  221  245  276  300  321  334  345  352  356  358  360  363  368  371
  372  368  359  347  333  319  307  295  285  277  270  265  257  246  230  208
  184  159  137  118  103   93   86   82   82   84   88   91   91   89   85   80
   74   70   67   67   67   70   73   77   82   86   90   93   95   96   94   90
   84   81   80   82   85   92  101  118  158                                   
    47.5-180.0 180.0   5.0 450.0                            LAT/LON1/LON2/DLON/H
  182  212  245  268  299  324  344  358  368  375  378  379  380  381  383  384
  381  373  361  347  333  322  313  304  297  291  284  276  266  250  230  206
  180  156  137  122  111  104   99   96   96   98  102  105  107  105  102   97
   92   88   84   82   81   82   84   87   90   94   98  102  104  105  104  101
   95   94   95  100  106  114  125  141  182                                   
    45.0-180.0 180.0   5.0 450.0                            LAT/LON1/LON2/DLON/H
  207  235  267  289  319  343  363  376  388  396  400  401  400  400  399  397
  390  378  363  348  337  329  323  319  314  307  298  285  267  245  219  191
  165  144  128  119  113  109  106  105  105  107  110  114  116  116  115  112
  109  105  101   98   94   93   92   93   96   98  102  105  109  111  111  109
  104  105  108  117  128  139  153  170  207                                   
    42.5-180.0 180.0   5.0 450.0                            LAT/LON1/LON2/DLON/H
  226  254  284  304  331  354  373  387  400  411  417  419  419  418  416  410
  399  384  367  353  344  340  338  336  331  321  307  286  261  232  200  171
  146  128  117  113  112  112  110  109  108  109  112  116  119  121  122  122
  120  118  114  109  103   99   96   95   95   97   99  103  107  110  111  110
  107  109  115  128  143  158  176  197  226                                   
    40.0-180.0 180.0   5.0 450.0                            LAT/LON1/LON2/DLON/H
  235  262  291  309  334  355  373  387  403  418  428  434  436  435  432  424
  410  393  376  363  356  355  355  352  344  330  309  282  250  217  184  156
  134  120  115  114  116  118  116  114  111  111  112  115  118  121  123  125
  125  124  120  113  106  100   95   93   92   92   93   97  100  104  106  105
  102  105  113  127  145  166  186  212  235                                   
    37.5-180.0 180.0   5.0 450.0                            LAT/LON1/LON2/DLON/H
  234  260  289  305  329  346  364  379  398  417  432  443  448  450  447  438
  423  406  389  378  373  372  370  364  351  331  306  276  244  211  183  159
  143  133  131  133  135  136  132  127  121  118  117  118  119  121  123  125
  126  124  119  111  103   97   92   89   88   87   88   90   93   96   97   96
   92   95  102  116  134  159  181  212  234                                   
    35.0-180.0 180.0   5.0 450.0                            LAT/LON1/LON2/DLON/H
  226  253  281  297  319  333  352  368  390  413  432  448  457  461  460  452
  438  421  406  397  391  388  381  369  351  330  305  277  251  226  206  191
  181  176  174  175  175  172  164  154  145  137  133  129  127  126  126  126
  125  122  115  107   99   93   90   89   88   88   88   89   90   91   91   88
   83   83   88  100  117  143  167  200  226                                   
    32.5-180.0 180.0   5.0 450.0                            LAT/LON1/LON2/DLON/H
  220  246  275  290  311  323  343  360  384  409  432  450  462  469  470  463
  451  437  424  415  408  400  386  369  350  330  312  294  279  268  261  257
  254  251  247  243  237  227  214  198  184  172  162  154  147  141  137  133
  128  121  112  104   97   94   94   95   97   98   97   97   96   95   93   87
   80   78   79   88  103  128  152  188  220                                   
    30.0-180.0 180.0   5.0 450.0                            LAT/LON1/LON2/DLON/H
  221  248  277  292  314  324  344  361  385  411  434  453  466  474  476  471
  461  450  440  431  421  407  388  368  352  340  334  331  333  339  348  357
  360  356  346  333  316  297  276  256  237  220  205  192  179  167  157  148
  138  127  116  107  103  103  107  112  115  117  117  116  113  110  105   97
   87   84   81   87  100  123  146  183  221                                   
    27.5-180.0 180.0   5.0 450.0                            LAT/LON1/LON2/DLON/H
  236  262  290  308  331  340  359  375  398  421  442  459  472  479  481  477
  469  460  451  442  429  410  388  371  363  365  375  391  412  438  464  484
  490  481  459  430  400  370  342  317  294  274  255  237  219  202  187  173
  158  143  129  120  118  122  130  137  142  145  144  142  138  132  125  116
  105  101   95   99  112  132  154  190  236                                   
    25.0-180.0 180.0   5.0 450.0                            LAT/LON1/LON2/DLON/H
  265  289  315  338  363  372  391  404  424  443  460  473  481  486  486  481
  474  467  459  449  433  412  393  384  389  408  438  473  514  556  595  621
  623  601  560  513  468  428  395  367  343  322  301  280  260  240  223  205
  187  168  153  145  145  152  161  169  174  175  174  169  163  154  146  136
  126  124  118  123  136  155  179  213  265                                   
    22.5-180.0 180.0   5.0 450.0                            LAT/LON1/LON2/DLON/H
  306  327  351  379  408  419  435  446  462  476  487  494  498  499  496  490
  482  475  467  455  438  419  406  409  431  471  520  573  626  676  717  737
  727  686  624  559  500  454  419  393  370  350  330  309  290  272  256  239
  220  201  185  178  180  187  196  203  206  204  199  193  183  173  163  153
  145  146  143  151  167  187  215  248  306                                   
    20.0-180.0 180.0   5.0 450.0                            LAT/LON1/LON2/DLON/H
  349  369  391  426  460  472  487  496  509  518  524  526  525  521  515  506
  497  488  478  465  449  434  432  451  492  551  615  676  729  774  803  808
  779  716  635  554  488  440  407  384  366  349  332  315  300  288  278  266
  250  233  219  213  216  223  230  233  231  226  218  209  199  187  176  167
  161  165  166  179  199  221  256  291  349                                   
    17.5-180.0 180.0   5.0 450.0                            LAT/LON1/LON2/DLON/H
  383  403  428  467  507  521  538  547  558  565  567  565  561  554  545  534
  522  511  499  485  470  463  473  508  568  640  710  765  805  831  840  823
  771  688  591  502  435  390  363  345  332  319  306  295  287  283  282  279
  270  258  247  243  245  251  255  253  245  236  226  216  206  195  186  177
  173  181  186  203  226  253  293  328  383                                   
    15.0-180.0 180.0   5.0 450.0                            LAT/LON1/LON2/DLON/H
  401  423  451  492  537  556  576  588  601  608  610  608  604  597  587  574
  561  547  533  518  506  506  529  579  649  724  785  823  840  841  826  785
  713  614  510  421  359  322  302  290  282  274  265  258  256  262  271  277
  277  271  265  263  264  267  266  259  247  234  222  212  204  196  189  182
  180  190  198  218  243  276  318  353  401                                   
    12.5-180.0 180.0   5.0 450.0                            LAT/LON1/LON2/DLON/H
  402  426  458  498  546  570  595  612  630  641  648  650  649  645  636  624
  611  596  581  566  557  564  595  652  722  788  830  842  833  809  771  711
  624  520  419  339  288  261  248  242  237  231  224  220  223  235  252  267
  274  275  272  271  272  272  267  255  240  224  211  201  195  190  185  181
  180  191  202  223  249  286  326  361  402                                   
    10.0-180.0 180.0   5.0 450.0                            LAT/LON1/LON2/DLON/H
  388  417  453  491  539  567  598  621  645  663  676  685  691  692  688  680
  668  655  639  625  619  630  664  719  779  824  840  826  793  750  697  626
  537  437  348  283  246  229  223  220  216  209  201  197  201  216  236  256
  269  273  273  272  271  268  260  246  229  212  198  189  184  181  179  176
  176  187  199  218  246  285  322  356  388                                   
     7.5-180.0 180.0   5.0 450.0                            LAT/LON1/LON2/DLON/H
  369  405  444  480  526  558  593  621  650  675  695  712  725  734  737  733
  726  715  702  690  685  697  729  773  813  832  821  786  738  685  627  557
