data/edconvlstm_nd/pred3560.15i
     1.0            IONOSPHERE MAPS     GNSS                IONEX VERSION / TYPE
pyspatialgeodesy        IME             05-JAN-18 20:20     PGM / RUN BY / DATE 
Map Name                                                    COMMENT             
Predicted global ionosphere maps (GIM).                     DESCRIPTION         
  2015    12    22     0     0     0                        EPOCH OF FIRST MAP  
  2015    12    23     0     0     0                        EPOCH OF LAST MAP   
  7200                                                      INTERVAL            
    13                                                      # OF MAPS IN FILE   
  NONE                                                      MAPPING FUNCTION    
10.0                                                        ELEVATION CUTOFF    
One-way carrier phase leveled to code                       OBSERVABLES USED    
  6371.0                                                    BASE RADIUS         
 2                                                          MAP DIMENSION       
   450.0 450.0   0.0                                        HGT1 / HGT2 / DHGT  
    87.5 -87.5  -2.5                                        LAT1 / LAT2 / DLAT  
  -180.0 180.0   5.0                                        LON1 / LON2 / DLON  
    -1                                                      EXPONENT            
                                                            END OF HEADER       
[from data line 3432]
     9                                                      START OF TEC MAP    
  2015    12    22    16     0     0                        EPOCH OF CURRENT MAP
    87.5-180.0 180.0   5.0 450.0                            LAT/LON1/LON2/DLON/H
   48   53   52   55   59   57   57   53   53   55   55   56   56   56   57   57
   58   58   59   59   60   60   61   61   61   61   62   62   62   62   62   62
   62   62   62   62   62   61   61   61   61   61   61   61   61   61   61   61
   61   61   61   61   61   60   60   60   59   59   59   58   58   57   57   56
   56   56   52   48   51   49   64   70   48                                   
    85.0-180.0 180.0   5.0 450.0                            LAT/LON1/LON2/DLON/H
   50   56   67   50   52   55   54   55   55   57   57   58   58   58   59   60
   61   61   62   63   64   64   65   66   66   67   67   67   68   68   68   68
   68   68   68   68   67   67   67   67   66   66   66   66   66   66   65   65
   65   65   65   64   64   64   63   63   62   62   61   61   60   60   59   59
   59   57   53   48   52   52   59   51   50                                   
    82.5-180.0 180.0   5.0 450.0                            LAT/LON1/LON2/DLON/H
   34   45   50   42   45   47   48   47   48   49   49   50   50   51   51   52
   53   54   55   55   56   57   58   58   59   59   60   60   61   61   61   61
   61   61   61   61   60   60   60   59   59   59   58   58   58   58   57   57
   57   56   56   56   55   55   54   54   54   53   53   52   52   51   51   50
   50   49   45   42   48   54   50   45   34                                   
    80.0-180.0 180.0   5.0 450.0                            LAT/LON1/LON2/DLON/H
   29   36   45   38   40   38   41   41   42   43   43   45   45   46   47   47
   48   49   50   51   51   52   52   53   53   53   54   54   54   55   55   55
   55   55   55   55   55   55   54   54   54   53   53   53   53   53   53   53
   53   52   52   52   52   51   51   51   51   50   50   50   49   49   48   47
   47   46   44   42   42   47   44   46   29                                   
    77.5-180.0 180.0   5.0 450.0                            LAT/LON1/LON2/DLON/H
   41   41   40   34   36   36   38   38   39   39   38   40   40   41   42   43
   44   45   46   47   48   48   49   49   49   48   48   48   48   48   48   49
   49   49   49   49   48   48   47   47   46   46   46   46   46   47   47   47
   48   48   48   48   48   48   48   48   49   49   49   49   49   48   47   46
   46   44   42   41   39   39   40   44   41                                   
    75.0-180.0 180.0   5.0 450.0                            LAT/LON1/LON2/DLON/H
   34   37   35   33   35   36   37   37   38   39   39   40   41   42   43   44
   46   47   48   49   49   50   50   49   49   48   47   47   46   46   46   46
   46   46   46   46   45   44   43   43   42   42   42   42   43   44   45   46
   47   48   48   49   49   49   50   50   51   51   52   52   52   52   51   51
   49   48   46   42   41   38   36   33   34                                   
    72.5-180.0 180.0   5.0 450.0                            LAT/LON1/LON2/DLON/H
   39   39   37   37   37   38   40   39   40   39   39   40   41   42   43   44
   46   47   49   50   51   51   51   50   49   48   46   45   43   43   42   42
   42   42   42   41   40   39   38   36   36   35   35   36   37   39   40   42
   43   44   45   45   45   46   46   47   48   49   50   51   52   52   52   51
   50   48   46   41   40   37   37   36   39                                   
    70.0-180.0 180.0   5.0 450.0                            LAT/LON1/LON2/DLON/H
   39   41   40   40   41   40   41   42   43   44   44   45   46   47   48   50
   52   54   56   58   60   61   61   61   60   57   55   52   50   49   48   48
   47   47   46   45   43   41   39   37   36   35   35   36   38   40   42   44
   45   47   47   47   47   47   48   49   50   52   53   54   55   56   56   55
   54   51   50   45   44   41   44   42   39                                   
    67.5-180.0 180.0   5.0 450.0                            LAT/LON1/LON2/DLON/H
   42   43   42   43   45   44   46   46   47   47   48   49   50   52   53   55
   58   60   63   66   68   71   72   72   70   68   64   61   58   56   55   54
   53   52   50   48   45   42   40   37   35   35   35   36   38   40   42   44
   46   47   47   47   46   45   46   47   48   50   52   54   56   56   57   56
   55   53   50   45   44   41   42   41   42                                   
    65.0-180.0 180.0   5.0 450.0                            LAT/LON1/LON2/DLON/H
   42   44   42   44   45   45   46   47   48   50   51   53   55   57   59   62
   65   68   72   77   81   85   88   89   87   84   80   76   72   69   67   66
   64   63   60   57   53   48   44   41   39   38   37   38   40   42   44   46
   47   47   47   45   44   43   43   43   45   48   50   52   54   55   56   56
   55   54   52   48   47   45   46   45   42                                   
    62.5-180.0 180.0   5.0 450.0                            LAT/LON1/LON2/DLON/H
   43   44   42   44   45   44   45   45   47   49   51   54   57   60   63   66
   70   75   80   87   93   99  104  106  105  101   96   91   87   83   81   79
   77   75   71   66   60   54   49   45   42   40   39   39   40   42   43   45
   45   44   42   40   38   36   36   36   39   41   44   47   49   50   51   51
   51   50   50   46   45   43   45   44   43                                   
    60.0-180.0 180.0   5.0 450.0                            LAT/LON1/LON2/DLON/H
   43   43   41   41   41   40   39   40   42   44   48   53   57   61   65   69
   74   80   87   96  105  113  120  123  122  119  114  108  103   99   97   95
   92   88   83   76   69   61   54   49   45   42   40   40   40   40   40   41
   40   38   35   32   29   27   27   28   31   34   37   40   42   43   44   45
   45   45   45   42   43   42   44   43   43                                   
    57.5-180.0 180.0   5.0 450.0                            LAT/LON1/LON2/DLON/H
   44   43   40   40   39   37   36   35   37   41   45   51   56   61   66   71
   77   85   94  105  116  127  135  139  140  138  133  127  121  117  114  112
  109  105   98   90   81   71   63   57   52   48   45   42   41   39   38   37
   36   33   30   26   23   21   21   23   26   29   32   35   37   38   39   40
   41   42   43   41   42   41   43   44   44                                   
    55.0-180.0 180.0   5.0 450.0                            LAT/LON1/LON2/DLON/H
   47   44   42   41   38   35   33   32   34   37   42   49   56   61   67   73
   80   89  101  114  127  139  148  154  156  154  149  143  138  134  131  129
  126  121  114  104   94   83   74   67   60   55   50   46   43   39   37   35
   32   29   26   23   20   18   19   21   24   28   31   33   35   36   37   38
   40   41   44   43   44   43   44   45   47                                   
    52.5-180.0 180.0   5.0 450.0                            LAT/LON1/LON2/DLON/H
   50   47   45   44   40   37   35   33   33   37   42   49   56   62   68   75
   84   95  108  122  137  150  160  166  169  167  163  157  152  148  145  144
  141  136  128  118  107   97   88   79   72   65   58   52   46   41   38   35
   32   29   26   23   21   20   21   23   27   30   34   36   37   38   39   41
   43   45   49   48   49   48   47   48   50                                   
    50.0-180.0 180.0   5.0 450.0                            LAT/LON1/LON2/DLON/H
   54   52   51   50   45   43   40   37   37   40   45   53   60   66   72   80
   90  103  117  133  147  160  170  176  179  177  173  167  162  158  156  155
  152  148  141  131  121  112  102   94   85   77   68   60   52   46   41   38
   36   34   31   29   27   27   28   30   34   37   40   42   44   45   46   48
   50   52   56   56   56   55   53   53   54                                   
    47.5-180.0 180.0   5.0 450.0                            LAT/LON1/LON2/DLON/H
   58   57   56   57   53   51   49   46   45   48   53   60   67   73   80   88
  100  114  130  145  159  170  178  184  186  184  180  174  169  165  163  162
  160  156  150  143  134  126  118  109  100   89   79   69   60   53   48   45
   43   42   41   39   38   38   39   41   44   46   49   51   52   54   55   57
   59   62   66   66   65   62   59   58   58                                   
    45.0-180.0 180.0   5.0 450.0                            LAT/LON1/LON2/DLON/H
   60   61   61   64   62   61   59   57   57   60   65   72   78   85   92  102
  114  129  145  160  171  180  186  190  191  189  185  179  174  169  167  166
  164  161  157  152  146  140  133  124  114  102   89   78   69   61   57   54
   53   53   52   51   50   50   51   52   54   56   58   60   62   63   65   68
   69   72   75   75   73   69   65   63   60                                   
    42.5-180.0 180.0   5.0 450.0                            LAT/LON1/LON2/DLON/H
   61   62   62   67   68   69   69   69   70   75   80   88   95  101  109  120
  133  149  164  177  186  191  194  196  196  194  190  184  178  173  170  168
  167  165  163  160  158  154  148  138  126  113  100   87   78   71   66   64
   63   63   62   62   61   61   62   63   64   65   66   67   69   71   73   76
   77   79   81   81   78   74   68   67   61                                   
    40.0-180.0 180.0   5.0 450.0                            LAT/LON1/LON2/DLON/H
   58   59   60   66   70   73   75   78   82   89   97  106  114  122  131  142
  156  171  185  195  202  204  205  204  203  200  196  190  183  178  174  172
  171  170  170  170  170  167  162  152  138  123  109   97   87   80   76   73
   72   71   69   68   67   67   68   69   70   70   71   72   74   76   78   80
   81   83   84   84   81   76   69   69   58                                   
    37.5-180.0 180.0   5.0 450.0                            LAT/LON1/LON2/DLON/H
   54   55   54   62   67   72   78   84   92  102  113  124  134  144  155  167
  181  195  207  215  219  219  217  215  212  209  204  198  191  185  182  180
  180  180  182  184  185  183  177  166  150  134  118  106   97   90   85   81
   78   74   71   69   68   68   69   71   72   72   72   73   75   77   78   80
   80   81   83   82   80   74   68   69   54                                   
    35.0-180.0 180.0   5.0 450.0                            LAT/LON1/LON2/DLON/H
   51   49   48   54   60   66   75   85   98  113  127  142  155  167  180  193
  206  218  228  234  236  235  232  228  224  220  215  209  202  197  195  194
  196  198  202  205  206  204  196  182  164  146  130  118  109  101   95   88
   82   75   70   66   64   65   68   70   72   72   73   73   75   76   77   77
   77   78   80   79   77   71   66   68   51                                   
    32.5-180.0 180.0   5.0 450.0                            LAT/LON1/LON2/DLON/H
   50   47   44   48   51   58   69   83  101  121  140  158  175  190  205  219
  231  240  246  250  252  250  247  242  237  232  227  222  218  215  215  217
  221  226  231  235  235  230  219  202  183  163  146  134  124  115  107   97
   87   77   68   62   60   62   66   70   74   75   76   76   77   77   77   77
   76   76   78   77   76   69   65   68   50                                   
    30.0-180.0 180.0   5.0 450.0                            LAT/LON1/LON2/DLON/H
   56   50   45   44   45   50   63   79  102  127  151  174  195  214  231  245
  254  259  262  263  264  263  260  255  250  245  241  239  238  239  242  248
  256  264  271  273  271  262  248  228  207  186  169  155  145  135  123  110
   96   82   71   63   61   63   69   75   80   83   84   84   84   83   82   81
   80   80   82   81   80   73   70   71   56                                   
    27.5-180.0 180.0   5.0 450.0                            LAT/LON1/LON2/DLON/H
   70   61   54   47   44   48   60   78  104  133  162  189  215  237  257  270
  277  277  275  274  273  273  271  266  261  258  257  258  261  267  276  288
  300  312  319  320  314  301  282  260  237  215  197  183  171  160  146  130
  113   96   82   73   70   73   79   87   94   97   99   99   98   97   95   93
   91   91   93   91   90   83   81   79   70                                   
    25.0-180.0 180.0   5.0 450.0                            LAT/LON1/LON2/DLON/H
   92   78   69   57   50   52   63   81  110  143  175  206  234  260  282  295
  299  294  286  281  279  279  277  275  271  270  273  279  288  301  316  333
  351  364  372  370  360  342  320  296  272  250  231  216  203  191  176  158
  139  120  105   95   91   93  100  108  115  119  120  119  118  116  114  112
  109  110  110  108  107   99   98   91   92                                   
    22.5-180.0 180.0   5.0 450.0                            LAT/LON1/LON2/DLON/H
  118  101   89   73   63   62   72   91  122  157  192  225  255  283  306  319
  319  309  295  284  280  281  281  281  280  283  291  303  319  338  359  381
  401  417  424  419  404  383  358  334  310  288  268  252  238  225  210  192
  173  154  139  129  125  125  130  136  141  144  144  143  141  138  135  133
  131  131  130  129  126  118  117  107  118                                   
    20.0-180.0 180.0   5.0 450.0                            LAT/LON1/LON2/DLON/H
  143  123  110   93   81   79   88  107  139  177  213  247  278  307  330  342
  338  322  302  287  281  282  285  287  290  298  311  329  351  376  401  426
  447  463  467  460  442  418  393  369  346  324  304  287  273  260  246  230
  212  195  181  172  166  164  165  167  169  169  168  165  162  159  157  155
  152  152  149  147  144  136  136  125  143                                   
    17.5-180.0 180.0   5.0 450.0                            LAT/LON1/LON2/DLON/H
  161  141  127  112  100   99  108  129  162  201  237  271  303  332  355  365
  359  338  312  293  285  287  291  297  304  316  335  358  385  412  439  462
  483  496  498  488  469  445  421  399  377  355  334  316  302  290  278  265
  250  236  225  216  208  201  196  192  190  187  184  180  177  175  172  171
  168  167  162  159  155  149  150  140  161                                   
    15.0-180.0 180.0   5.0 450.0                            LAT/LON1/LON2/DLON/H
  167  149  135  124  113  115  127  151  186  226  263  297  328  357  379  389
  381  358  329  307  298  299  305  314  325  341  363  389  418  445  468  488
  505  514  514  504  485  463  441  421  400  378  356  337  322  312  302  292
  280  269  259  250  240  228  216  206  198  193  189  185  182  180  179  177
  175  172  166  161  157  153  156  149  167                                   
    12.5-180.0 180.0   5.0 450.0                            LAT/LON1/LON2/DLON/H
  159  143  130  124  117  123  140  168  206  248  285  319  350  378  401  413
  407  385  356  333  323  324  331  341  354  372  395  422  449  472  490  504
  515  521  519  509  492  472  454  436  415  392  369  348  334  324  316  307
  297  287  279  270  257  240  223  207  196  188  183  180  178  176  175  174
  171  168  161  155  150  147  152  148  159                                   
    10.0-180.0 180.0   5.0 450.0                            LAT/LON1/LON2/DLON/H
  139  126  114  112  111  120  143  175  216  260  299  333  365  394  419  435
  435  418  394  373  364  364  370  379  392  409  431  455  477  494  505  513
  518  520  517  507  492  476  460  443  423  398  373  351  336  327  319  310
  300  291  283  273  259  240  220  201  187  178  173  170  167  166  164  163
  159  155  147  140  136  133  138  137  139                                   
     7.5-180.0 180.0   5.0 450.0                            LAT/LON1/LON2/DLON/H
  111  103   91   94   97  110  138  173  217  262  301  336  368  399  428  449
  458  452  438  424  417  417  421  427  436  449  467  485  500  510  515  517
