data/edconvlstm_nd/pred0370.15i
     1.0            IONOSPHERE MAPS     GNSS                IONEX VERSION / TYPE
pyspatialgeodesy        IME             05-JAN-18 20:20     PGM / RUN BY / DATE 
Map Name                                                    COMMENT             
Predicted global ionosphere maps (GIM).                     DESCRIPTION         
  2015     2     6     0     0     0                        EPOCH OF FIRST MAP  
  2015     2     7     0     0     0                        EPOCH OF LAST MAP   
  7200                                                      INTERVAL            
    13                                                      # OF MAPS IN FILE   
  NONE                                                      MAPPING FUNCTION    
10.0                                                        ELEVATION CUTOFF    
One-way carrier phase leveled to code                       OBSERVABLES USED    
  6371.0                                                    BASE RADIUS         
 2                                                          MAP DIMENSION       
   450.0 450.0   0.0                                        HGT1 / HGT2 / DHGT  
    87.5 -87.5  -2.5                                        LAT1 / LAT2 / DLAT  
  -180.0 180.0   5.0                                        LON1 / LON2 / DLON  
    -1                                                      EXPONENT            
                                                            END OF HEADER       
[from data line 2145]
     6                                                      START OF TEC MAP    
  2015     2     6    10     0     0                        EPOCH OF CURRENT MAP
    87.5-180.0 180.0   5.0 450.0                            LAT/LON1/LON2/DLON/H
   98  104  104  113  116  118  119  118  122  125  127  129  130  132  133  134
  135  136  136  137  137  137  137  137  137  137  137  137  137  137  137  137
  137  137  137  137  136  136  135  133  132  130  127  125  122  119  115  112
  108  105  101   98   95   92   90   88   86   84   83   83   82   82   83   84
   85   88   88   88   94   97  109  109   98                                   
    85.0-180.0 180.0   5.0 450.0                            LAT/LON1/LON2/DLON/H
   92  107  114  112  114  120  122  125  128  131  132  135  136  137  139  140
  141  142  142  143  144  144  145  145  146  146  147  148  148  149  150  151
  152  153  154  155  155  154  154  152  150  148  145  141  136  132  127  121
  116  111  106  101   96   92   88   85   83   81   79   78   78   78   79   80
   83   86   84   85   87   95  103  107   92                                   
    82.5-180.0 180.0   5.0 450.0                            LAT/LON1/LON2/DLON/H
   82   97  105  101  102  107  110  113  116  118  119  121  122  123  123  124
  124  125  126  126  127  128  129  129  130  132  133  135  137  139  142  145
  148  152  155  158  160  162  163  163  162  159  156  151  145  139  132  124
  116  109  101   94   87   81   76   72   68   65   63   62   61   61   62   64
   66   69   69   71   78   88   90   92   82                                   
    80.0-180.0 180.0   5.0 450.0                            LAT/LON1/LON2/DLON/H
   77   88   96   94   95   97  100  103  106  107  108  109  109  109  108  108
  108  108  108  109  109  110  110  111  112  113  115  117  120  124  129  134
  140  147  153  160  165  170  173  175  176  174  171  167  160  153  145  136
  127  117  108   99   91   83   76   70   65   61   58   56   55   55   55   57
   59   61   63   66   71   81   88   87   77                                   
    77.5-180.0 180.0   5.0 450.0                            LAT/LON1/LON2/DLON/H
   78   85   92   90   88   91   94   95   97   97   96   96   94   93   91   90
   89   88   88   89   89   90   91   92   93   94   96   99  102  107  114  122
  131  142  153  163  174  183  190  195  198  199  198  194  188  181  173  164
  154  143  133  123  113  104   96   89   82   77   72   69   67   65   65   66
   67   68   68   72   76   79   86   87   78                                   
    75.0-180.0 180.0   5.0 450.0                            LAT/LON1/LON2/DLON/H
   72   83   86   86   84   88   89   88   88   87   85   83   79   76   73   71
   69   68   68   69   70   71   73   74   75   77   78   81   84   90   98  108
  120  133  148  163  178  191  202  211  217  220  221  220  216  211  204  196
  187  178  168  158  148  138  128  119  110  103   96   91   87   84   82   81
   80   79   79   78   81   83   88   84   72                                   
    72.5-180.0 180.0   5.0 450.0                            LAT/LON1/LON2/DLON/H
   71   81   83   83   81   87   88   86   85   83   79   75   71   66   62   59
   56   55   55   57   59   61   63   65   67   68   69   70   73   79   87   98
  112  128  147  166  184  201  215  227  236  242  245  247  246  243  239  234
  228  220  212  202  192  181  170  159  148  137  128  119  112  106  102   99
   95   93   91   89   89   90   93   92   71                                   
    70.0-180.0 180.0   5.0 450.0                            LAT/LON1/LON2/DLON/H
   70   77   80   80   79   84   84   84   82   80   75   71   65   59   54   50
   47   46   46   49   52   56   60   63   65   66   67   68   70   74   82   93
  108  127  147  168  189  208  224  238  249  258  263  267  269  269  268  266
  263  257  250  242  231  219  206  192  178  164  151  139  128  119  111  106
  100   96   93   89   89   89   96   97   70                                   
    67.5-180.0 180.0   5.0 450.0                            LAT/LON1/LON2/DLON/H
   63   69   73   75   75   82   84   85   84   81   77   73   67   61   55   50
   47   46   47   50   55   60   65   69   72   73   73   73   74   78   85   96
  111  130  151  173  195  215  233  247  260  269  277  282  287  290  292  292
  290  287  280  272  260  247  231  214  197  179  163  147  133  120  110  102
   95   89   86   81   80   80   86   90   63                                   
    65.0-180.0 180.0   5.0 450.0                            LAT/LON1/LON2/DLON/H
   55   61   64   68   69   77   80   83   83   83   80   76   70   64   58   53
   50   49   50   53   58   65   71   77   80   82   82   81   82   85   92  103
  118  138  159  182  203  223  241  256  269  279  288  296  302  307  311  312
  312  308  302  292  279  263  245  225  204  184  164  145  128  113  100   90
   81   74   71   66   66   67   74   82   55                                   
    62.5-180.0 180.0   5.0 450.0                            LAT/LON1/LON2/DLON/H
   47   50   53   59   61   68   73   78   80   81   80   78   73   68   62   57
   54   52   53   56   62   68   75   81   85   86   86   86   87   91   99  111
  128  147  169  191  212  231  248  263  275  286  296  305  312  319  323  325
  324  320  312  300  284  266  246  225  203  181  159  139  120  103   88   75
   65   57   53   48   49   50   58   69   47                                   
    60.0-180.0 180.0   5.0 450.0                            LAT/LON1/LON2/DLON/H
   41   42   44   49   51   57   62   67   71   74   76   75   72   68   64   59
   55   53   54   56   60   66   72   78   81   83   84   85   88   94  104  119
  137  158  179  201  220  238  254  268  280  291  302  312  320  327  332  333
  331  325  315  301  284  264  243  222  200  178  158  138  118  100   82   68
   55   45   42   37   39   37   47   57   41                                   
    57.5-180.0 180.0   5.0 450.0                            LAT/LON1/LON2/DLON/H
   42   40   39   43   43   47   52   57   62   66   69   70   69   67   63   59
   56   53   52   54   56   61   65   69   72   74   76   80   86   95  109  126
  147  169  191  211  230  246  260  273  286  298  309  320  329  336  341  341
  337  330  318  303  285  266  246  225  205  186  168  150  131  112   93   76
   61   50   46   40   42   38   45   54   42                                   
    55.0-180.0 180.0   5.0 450.0                            LAT/LON1/LON2/DLON/H
   52   47   43   42   41   42   45   48   53   57   61   64   64   63   61   58
   54   52   50   50   51   54   56   59   61   63   66   72   81   94  112  133
  156  180  202  221  238  253  266  279  291  304  317  329  339  346  350  350
  345  336  324  309  292  274  255  237  220  204  189  173  156  138  118  100
   83   70   65   58   59   52   57   62   52                                   
    52.5-180.0 180.0   5.0 450.0                            LAT/LON1/LON2/DLON/H
   70   63   56   50   46   44   44   45   48   52   56   59   60   60   58   56
   53   51   50   49   49   49   50   50   51   53   58   65   78   94  115  139
  165  190  212  231  246  260  272  284  297  311  326  339  350  357  361  360
  355  346  334  320  305  289  273  257  243  229  217  203  188  171  152  132
  114  100   93   85   85   78   79   80   70                                   
    50.0-180.0 180.0   5.0 450.0                            LAT/LON1/LON2/DLON/H
   93   86   76   66   60   54   51   49   50   52   56   58   59   59   58   56
   55   53   52   51   50   49   48   47   47   49   54   63   77   96  120  146
  173  199  221  239  253  265  277  289  304  319  334  349  360  368  372  371
  366  359  348  337  323  309  294  280  266  254  243  231  217  201  182  163
  144  130  122  114  114  107  107  104   93                                   
    47.5-180.0 180.0   5.0 450.0                            LAT/LON1/LON2/DLON/H
  116  111  101   90   81   74   67   61   59   59   61   62   63   62   60   59
   58   58   58   57   56   54   52   49   48   50   56   66   82  102  126  152
  180  205  228  245  259  270  282  295  310  326  343  358  370  378  382  381
  377  371  363  354  342  329  314  298  283  270  257  244  231  215  198  180
  162  148  140  133  133  130  130  125  116                                   
    45.0-180.0 180.0   5.0 450.0                            LAT/LON1/LON2/DLON/H
  130  130  124  114  107   98   89   80   75   73   73   72   71   69   67   66
   66   66   66   66   65   63   60   57   56   58   64   75   90  109  132  157
  183  209  231  249  263  275  287  301  317  334  352  367  378  386  389  388
  385  381  375  367  356  342  325  306  287  269  253  238  223  207  191  175
  159  148  140  134  137  137  139  137  130                                   
    42.5-180.0 180.0   5.0 450.0                            LAT/LON1/LON2/DLON/H
  132  136  135  132  130  122  113  103   95   91   88   87   84   80   77   75
   75   76   77   77   76   74   71   68   66   69   75   86  101  118  138  160
  184  209  232  251  267  280  294  309  327  345  363  377  387  393  395  393
  391  387  382  374  363  347  326  303  279  256  234  215  198  181  166  152
  139  129  122  117  121  124  129  131  132                                   
    40.0-180.0 180.0   5.0 450.0                            LAT/LON1/LON2/DLON/H
  120  127  133  137  142  139  132  122  114  108  104  102   98   93   89   87
   86   87   88   87   86   84   81   78   77   80   87   99  112  127  144  163
  186  210  234  256  274  290  306  324  342  361  379  392  400  404  404  401
  397  393  388  379  367  349  325  298  269  241  215  192  172  155  140  128
  117  107   99   92   94   97  105  110  120                                   
    37.5-180.0 180.0   5.0 450.0                            LAT/LON1/LON2/DLON/H
  101  108  118  128  140  142  140  133  126  120  116  114  111  106  101   98
   97   97   97   95   93   90   87   85   85   89   98  110  123  136  151  168
  190  215  242  267  289  308  326  346  366  386  404  416  423  424  422  417
  412  406  400  391  377  358  334  305  274  244  216  190  169  151  137  125
  113  101   90   77   72   69   78   85  101                                   
    35.0-180.0 180.0   5.0 450.0                            LAT/LON1/LON2/DLON/H
   82   87   97  110  125  132  136  133  128  124  122  121  119  115  111  107
  105  105  103  100   97   93   91   89   90   96  107  120  134  147  160  177
  200  227  257  286  312  335  357  378  400  422  440  453  459  459  454  447
  440  433  426  417  403  385  362  335  307  278  250  226  204  187  174  162
  148  132  114   91   76   61   67   69   82                                   
    32.5-180.0 180.0   5.0 450.0                            LAT/LON1/LON2/DLON/H
   73   73   79   91  106  115  122  123  121  119  120  122  122  120  117  114
  112  110  107  102   98   94   92   91   94  101  113  129  145  160  174  193
  218  248  283  316  346  373  397  421  445  468  488  502  509  509  503  495
  486  479  471  462  450  434  416  394  371  347  324  303  284  269  257  246
  229  208  184  147  118   88   84   74   73                                   
    30.0-180.0 180.0   5.0 450.0                            LAT/LON1/LON2/DLON/H
   81   73   70   78   89   97  105  108  108  109  112  117  120  120  119  116
  115  113  109  103   98   94   92   93   97  105  119  138  157  175  193  215
  243  279  317  355  390  420  446  473  498  523  545  562  571  572  567  559
  551  544  536  529  520  509  496  482  467  450  434  418  404  391  381  369
  350  324  293  245  203  154  135  108   81                                   
    27.5-180.0 180.0   5.0 450.0                            LAT/LON1/LON2/DLON/H
  111   94   79   76   81   85   92   95   96   98  103  110  115  117  117  116
  115  114  110  104   98   95   95   96  100  109  125  147  170  194  217  244
  277  316  359  401  439  472  500  528  555  582  607  626  639  643  642  637
  631  625  621  616  611  606  602  596  589  580  570  560  550  541  531  518
  497  467  428  372  319  254  216  172  111                                   
    25.0-180.0 180.0   5.0 450.0                            LAT/LON1/LON2/DLON/H
  165  138  107   91   86   84   89   89   90   92   97  103  109  112  113  113
  113  113  110  105  100   98   99  101  106  115  132  157  186  215  245  277
  315  358  405  450  489  523  553  581  609  638  665  688  705  714  717  717
  717  716  715  715  716  718  720  722  722  719  714  708  701  694  684  668
  643  612  567  508  446  372  313  257  165                                   
    22.5-180.0 180.0   5.0 450.0                            LAT/LON1/LON2/DLON/H
  239  202  158  125  108   98   97   96   94   94   97  102  106  108  109  109
  110  111  110  106  103  102  105  108  112  121  140  169  203  238  274  311
  353  401  449  495  535  568  598  626  654  684  713  739  760  774  782  788
  793  798  803  808  813  819  826  832  836  836  833  829  823  815  803  782
  755  725  678  624  560  488  417  351  239                                   
    20.0-180.0 180.0   5.0 450.0                            LAT/LON1/LON2/DLON/H
  321  278  224  175  143  126  119  114  108  106  104  106  107  107  106  106
  108  110  110  108  106  107  111  114  119  129  150  181  220  260  301  343
  389  438  487  532  570  603  632  659  687  716  747  775  797  814  826  836
  846  856  865  872  879  886  893  899  902  902  899  894  886  875  859  834
  803  778  738  691  637  575  509  438  321                                   
    17.5-180.0 180.0   5.0 450.0                            LAT/LON1/LON2/DLON/H
  394  349  296  236  189  164  151  141  132  124  118  114  111  108  105  104
  106  109  110  109  109  112  116  120  125  136  158  193  235  279  324  370
  418  467  514  557  593  625  654  680  707  736  766  793  815  832  844  855
  867  880  891  899  904  909  913  916  916  912  905  896  882  864  841  810
  777  755  729  695  658  613  562  501  394                                   
    15.0-180.0 180.0   5.0 450.0                            LAT/LON1/LON2/DLON/H
  444  402  358  296  239  208  188  175  161  148  136  127  119  112  107  104
  105  108  109  110  111  115  119  124  129  141  165  202  247  295  342  390
  438  485  529  569  604  636  664  691  718  745  772  796  815  828  838  849
  862  875  886  893  896  897  896  894  887  877  864  846  824  795  761  721
  684  664  653  635  621  597  564  522  444                                   
    12.5-180.0 180.0   5.0 450.0                            LAT/LON1/LON2/DLON/H
  464  431  400  344  285  248  225  208  190  174  157  142  130  119  110  106
  105  107  109  110  111  115  120  124  130  144  171  211  258  308  357  404
  451  495  535  572  605  637  666  694  720  746  770  790  803  811  817  826
  837  850  860  865  866  863  857  848  835  817  795  769  736  695  649  600
  560  540  538  535  543  540  524  501  464                                   
    10.0-180.0 180.0   5.0 450.0                            LAT/LON1/LON2/DLON/H
  457  436  419  374  321  281  254  234  216  196  177  159  143  129  118  110
  107  107  108  109  111  114  118  122  129  146  176  220  270  321  369  415
  459  499  535  568  600  632  662  691  718  743  764  779  787  790  792  798
  807  817  825  829  827  821  812  797  778  754  726  693  652  603  548  492
  448  427  428  435  456  468  464  452  457                                   
     7.5-180.0 180.0   5.0 450.0                            LAT/LON1/LON2/DLON/H
  434  426  421  388  345  304  274  253  233  213  192  173  157  142  129  119
  112  109  108  108  109  112  114  119  128  150  185  232  284  334  380  423
