data/edconvlstm_nd/pred0380.15i
     1.0            IONOSPHERE MAPS     GNSS                IONEX VERSION / TYPE
pyspatialgeodesy        IME             05-JAN-18 20:20     PGM / RUN BY / DATE 
Map Name                                                    COMMENT             
Predicted global ionosphere maps (GIM).                     DESCRIPTION         
  2015     2     7     0     0     0                        EPOCH OF FIRST MAP  
  2015     2     8     0     0     0                        EPOCH OF LAST MAP   
  7200                                                      INTERVAL            
    13                                                      # OF MAPS IN FILE   
  NONE                                                      MAPPING FUNCTION    
10.0                                                        ELEVATION CUTOFF    
One-way carrier phase leveled to code                       OBSERVABLES USED    
  6371.0                                                    BASE RADIUS         
 2                                                          MAP DIMENSION       
   450.0 450.0   0.0                                        HGT1 / HGT2 / DHGT  
    87.5 -87.5  -2.5                                        LAT1 / LAT2 / DLAT  
  -180.0 180.0   5.0                                        LON1 / LON2 / DLON  
    -1                                                      EXPONENT            
                                                            END OF HEADER       
[from data line 429]
     2                                                      START OF TEC MAP    
  2015     2     7     2     0     0                        EPOCH OF CURRENT MAP
    87.5-180.0 180.0   5.0 450.0                            LAT/LON1/LON2/DLON/H
  118  121  120  117  116  113  108  106  106  105  104  104  103  102  100   99
   97   96   94   92   91   89   87   86   84   83   82   81   80   79   78   78
   78   78   78   78   78   79   79   80   81   82   84   85   86   88   89   91
   93   94   96   98   99  101  102  104  105  106  107  108  108  108  108  109
  111  112  110  109  109  114  116  114  118                                   
    85.0-180.0 180.0   5.0 450.0                            LAT/LON1/LON2/DLON/H
  121  130  112  117  118  114  110  107  106  105  103  102  101  100   99   97
   96   94   92   90   88   86   84   82   80   78   76   74   73   72   71   70
   70   70   71   71   72   74   75   77   79   81   83   85   87   89   91   94
   96   98  100  102  104  106  108  110  111  113  114  115  116  117  117  119
  121  122  120  122  117  117  120  116  121                                   
    82.5-180.0 180.0   5.0 450.0                            LAT/LON1/LON2/DLON/H
  130  126  128  121  119  115  110  107  107  105  103  102  100   99   98   96
   95   93   90   88   85   82   79   75   72   69   66   63   61   59   58   57
   57   57   58   59   61   63   66   69   72   75   78   81   84   87   89   92
   95   97  100  102  105  108  110  113  115  118  120  122  124  125  126  128
  130  131  129  128  132  120  120  121  130                                   
    80.0-180.0 180.0   5.0 450.0                            LAT/LON1/LON2/DLON/H
  147  141  133  125  123  118  116  112  111  108  105  104  102  101  100   98
   96   94   92   88   85   81   77   72   68   63   59   56   53   51   49   48
   48   49   50   52   55   58   61   65   68   72   75   78   81   84   86   88
   90   93   95   98  101  105  108  112  116  119  123  127  130  132  135  139
  141  141  141  140  150  141  144  141  147                                   
    77.5-180.0 180.0   5.0 450.0                            LAT/LON1/LON2/DLON/H
  168  163  152  145  137  132  129  126  123  118  115  113  111  109  108  106
  104  102   99   96   92   88   83   78   73   68   64   60   56   54   52   51
   52   53   55   57   60   64   68   71   75   78   81   83   85   86   87   88
   89   90   92   95   98  102  107  112  118  124  129  135  140  144  149  154
  157  161  160  164  172  166  170  165  168                                   
    75.0-180.0 180.0   5.0 450.0                            LAT/LON1/LON2/DLON/H
  192  191  179  169  160  154  148  141  137  130  125  121  117  114  111  108
  105  102  100   97   94   91   88   84   80   76   72   68   65   63   62   61
   61   62   64   66   69   72   75   78   81   83   84   85   85   84   83   82
   81   81   82   84   88   93   99  107  114  122  130  138  145  151  158  165
  170  176  179  180  190  193  198  191  192                                   
    72.5-180.0 180.0   5.0 450.0                            LAT/LON1/LON2/DLON/H
  214  219  208  196  186  178  170  162  155  146  138  132  125  118  112  106
  102   98   96   94   93   92   90   89   87   84   82   79   76   75   73   73
   73   74   75   76   78   81   83   85   87   88   88   87   85   82   79   76
   74   73   73   76   80   87   95  105  115  125  135  144  153  160  168  177
  183  190  196  200  209  213  220  216  214                                   
    70.0-180.0 180.0   5.0 450.0                            LAT/LON1/LON2/DLON/H
  244  249  237  225  215  205  194  184  175  164  153  143  131  120  109   99
   92   87   84   84   85   86   88   89   89   88   87   85   83   82   81   80
   79   79   79   80   80   81   82   83   84   84   84   82   79   75   71   67
   64   62   63   66   72   81   92  104  117  130  142  152  161  169  177  186
  193  201  210  217  227  235  244  240  244                                   
    67.5-180.0 180.0   5.0 450.0                            LAT/LON1/LON2/DLON/H
  265  273  261  249  239  227  214  203  193  180  167  153  137  121  105   91
   81   74   72   72   75   79   83   86   88   88   87   85   84   82   81   79
   78   77   76   74   73   73   73   73   73   73   72   70   67   63   59   55
   52   51   53   58   66   78   92  108  124  139  152  163  172  179  186  194
  201  209  218  226  238  249  259  258  265                                   
    65.0-180.0 180.0   5.0 450.0                            LAT/LON1/LON2/DLON/H
  283  291  280  268  258  246  232  221  210  197  182  166  146  126  106   88
   75   67   64   65   69   75   81   85   87   87   85   83   81   79   77   76
   74   72   69   67   64   63   62   61   61   62   61   60   58   54   50   47
   45   45   49   56   67   82   99  118  137  154  169  180  188  194  200  206
  211  218  227  235  248  261  273  273  283                                   
    62.5-180.0 180.0   5.0 450.0                            LAT/LON1/LON2/DLON/H
  295  304  295  281  273  260  246  236  225  211  196  178  157  134  111   91
   76   67   63   64   69   75   80   84   84   83   80   76   73   71   70   68
   67   64   61   58   55   53   51   51   51   52   53   52   51   49   46   43
   43   44   50   59   73   91  111  133  155  174  189  201  209  214  218  222
  225  229  238  245  258  272  285  286  295                                   
    60.0-180.0 180.0   5.0 450.0                            LAT/LON1/LON2/DLON/H
  303  311  303  287  280  267  252  242  231  218  203  186  166  142  120   99
   83   73   69   69   73   77   80   81   80   76   71   66   63   61   60   59
   58   57   54   51   48   45   44   44   45   47   48   49   48   46   45   43
   44   47   54   65   82  102  125  149  173  193  210  222  230  235  238  241
  243  245  253  258  270  282  295  296  303                                   
    57.5-180.0 180.0   5.0 450.0                            LAT/LON1/LON2/DLON/H
  314  320  312  293  286  272  256  244  233  219  204  189  170  149  129  110
   95   85   80   78   79   80   80   78   73   67   61   56   53   52   52   53
   53   53   51   49   47   45   44   45   46   48   50   50   50   49   48   48
   49   53   62   75   93  115  140  166  191  213  231  244  254  259  263  265
  266  267  274  278  288  296  309  309  314                                   
    55.0-180.0 180.0   5.0 450.0                            LAT/LON1/LON2/DLON/H
  331  335  325  302  295  280  261  246  231  215  200  185  169  152  136  120
  107   98   91   87   85   83   79   74   68   61   55   50   48   48   50   52
   54   55   55   54   53   52   52   52   54   55   57   57   57   56   55   55
   58   63   72   86  105  128  154  181  207  230  250  265  276  283  288  291
  292  292  299  301  310  314  325  325  331                                   
    52.5-180.0 180.0   5.0 450.0                            LAT/LON1/LON2/DLON/H
  354  357  344  319  311  295  272  252  232  212  194  179  165  151  139  127
  116  107   99   93   88   84   78   72   66   59   54   51   50   52   54   57
   60   63   64   65   66   66   66   66   67   68   69   69   68   67   66   66
   69   75   85   99  118  142  169  196  222  246  267  284  297  306  311  316
  317  319  325  327  334  335  344  343  354                                   
    50.0-180.0 180.0   5.0 450.0                            LAT/LON1/LON2/DLON/H
  380  383  366  342  336  319  293  267  240  214  191  174  160  148  139  130
  121  112  103   96   89   84   79   74   69   65   61   60   60   62   64   67
   71   74   77   80   82   83   84   84   84   84   84   83   81   80   79   79
   82   88   99  114  134  157  184  210  237  261  282  300  314  323  330  336
  339  342  348  350  357  357  364  364  380                                   
    47.5-180.0 180.0   5.0 450.0                            LAT/LON1/LON2/DLON/H
  401  406  388  369  365  349  321  291  257  224  195  174  158  147  138  130
  121  112  103   95   90   86   83   81   78   76   74   74   75   76   77   79
   81   84   89   93   97   99  100  100  100   99   99   97   95   93   93   93
   97  103  114  130  150  174  199  226  251  274  295  312  325  334  341  348
  352  357  363  366  373  374  380  381  401                                   
    45.0-180.0 180.0   5.0 450.0                            LAT/LON1/LON2/DLON/H
  411  418  404  393  392  379  352  320  282  242  208  182  162  149  138  129
  120  110  101   95   92   91   92   92   92   91   91   91   90   89   87   86
   86   89   94  100  105  109  111  112  113  113  112  110  108  107  106  108
  111  118  130  146  166  190  216  241  265  286  305  320  331  339  344  349
  354  360  366  370  377  380  387  388  411                                   
    42.5-180.0 180.0   5.0 450.0                            LAT/LON1/LON2/DLON/H
  407  414  407  405  407  398  376  347  308  266  228  197  174  157  143  131
  120  110  103   99  100  103  106  107  107  107  105  104  101   97   91   87
   86   88   94  102  109  114  118  120  122  123  123  122  121  119  120  121
  126  133  145  162  183  208  233  256  278  297  313  326  334  339  342  346
  349  354  361  365  371  376  384  386  407                                   
    40.0-180.0 180.0   5.0 450.0                            LAT/LON1/LON2/DLON/H
  393  399  395  397  403  399  384  361  327  288  250  217  191  171  154  139
  126  117  112  111  115  120  124  125  122  119  115  111  106   99   92   86
   85   88   95  103  110  116  120  124  127  130  132  132  132  131  132  134
  139  147  160  178  200  225  250  272  292  308  322  332  338  341  343  345
  346  349  355  360  364  371  378  381  393                                   
    37.5-180.0 180.0   5.0 450.0                            LAT/LON1/LON2/DLON/H
  378  380  375  374  383  382  372  357  332  299  266  236  210  188  169  152
  139  131  129  132  138  144  145  141  133  125  119  114  108  102   96   92
   91   95  101  107  113  118  123  127  132  136  139  141  141  141  142  144
  150  158  173  193  217  242  266  287  305  320  332  342  347  351  353  354
  355  356  361  363  367  374  382  382  378                                   
    35.0-180.0 180.0   5.0 450.0                            LAT/LON1/LON2/DLON/H
  375  371  361  350  356  355  348  340  323  299  272  248  226  205  186  170
  158  152  153  159  165  167  162  151  138  127  120  117  116  114  112  111
  111  114  118  121  123  125  127  131  137  142  146  148  148  148  149  152
  157  167  183  204  230  256  280  300  317  333  346  357  365  370  375  378
  379  380  384  385  388  395  403  399  375                                   
    32.5-180.0 180.0   5.0 450.0                            LAT/LON1/LON2/DLON/H
  396  386  368  343  340  333  324  318  307  289  270  252  235  218  201  186
  177  174  178  185  188  185  173  156  139  129  126  129  135  141  146  149
  151  152  151  148  143  138  137  139  143  148  152  153  153  152  152  154
  160  171  188  212  239  266  289  310  329  347  364  379  392  403  413  421
  426  427  432  430  433  438  444  437  396                                   
    30.0-180.0 180.0   5.0 450.0                            LAT/LON1/LON2/DLON/H
  450  436  406  365  349  333  316  305  294  278  263  250  237  224  210  198
  192  192  197  201  201  191  174  155  141  137  142  155  172  188  201  210
  215  213  205  190  174  161  153  151  152  154  156  155  154  152  151  153
  158  170  189  215  244  272  296  318  339  362  386  409  430  450  469  485
  497  504  510  506  507  509  508  500  450                                   
    27.5-180.0 180.0   5.0 450.0                            LAT/LON1/LON2/DLON/H
  539  523  477  422  393  366  337  315  296  277  260  247  236  224  213  204
  199  200  203  204  198  185  168  155  149  156  173  199  228  257  281  297
  303  295  275  246  215  190  173  164  160  158  157  155  151  148  146  148
  154  167  188  216  247  275  301  325  350  380  412  444  476  507  538  566
  589  605  616  612  611  612  604  594  539                                   
    25.0-180.0 180.0   5.0 450.0                            LAT/LON1/LON2/DLON/H
  656  643  585  517  475  437  394  357  325  296  271  252  237  224  212  203
  198  197  195  191  182  171  162  160  169  190  222  262  305  347  380  399
  401  383  347  300  254  216  190  174  165  159  155  150  145  141  139  141
  148  163  187  217  249  280  307  335  366  403  443  486  528  570  611  650
  685  711  729  733  729  738  732  718  656                                   
    22.5-180.0 180.0   5.0 450.0                            LAT/LON1/LON2/DLON/H
  786  778  720  647  590  543  484  431  384  341  304  275  251  231  215  202
  193  186  180  171  163  159  163  177  203  241  288  341  395  442  476  490
  482  450  398  336  277  230  198  177  164  155  148  142  136  132  131  133
  142  159  186  219  253  286  317  349  388  432  481  531  580  630  679  727
  770  802  828  842  836  858  868  854  786                                   
    20.0-180.0 180.0   5.0 450.0                            LAT/LON1/LON2/DLON/H
  906  905  857  792  724  669  600  532  469  412  361  318  282  252  227  207
  192  179  167  157  153  160  180  212  255  308  366  424  476  516  538  540
  519  475  413  342  277  227  194  172  157  146  138  132  127  124  123  126
  137  157  186  221  258  294  329  368  413  465  520  574  628  681  734  785
  831  864  893  913  907  936  967  963  906                                   
    17.5-180.0 180.0   5.0 450.0                            LAT/LON1/LON2/DLON/H
  991  998  968  917  849  794  721  645  572  503  439  382  333  291  256  228
  205  185  170  161  164  183  219  268  326  387  444  491  525  544  546  533
  501  451  386  316  256  211  181  161  147  136  129  123  120  117  117  121
  133  155  186  224  263  302  343  387  439  496  553  609  662  715  767  815
  856  885  911  932  928  955 1000 1014  991                                   
    15.0-180.0 180.0   5.0 450.0                            LAT/LON1/LON2/DLON/H
 1023 1037 1029  995  941  894  828  754  678  603  530  463  402  350  305  269
  239  215  198  192  203  234  284  346  410  465  504  524  527  517  499  474
  439  392  333  274  225  190  167  152  139  130  123  118  115  113  113  118
  131  154  186  226  267  310  355  404  460  518  575  629  679  728  773  812
  845  864  885  904  900  921  970 1006 1023                                   
    12.5-180.0 180.0   5.0 450.0                            LAT/LON1/LON2/DLON/H
 1005 1022 1034 1021  986  954  902  838  768  695  621  550  484  425  374  333
  299  272  255  253  272  314  374  439  495  526  531  513  483  449  418  390
  360  321  276  233  198  174  159  147  137  128  122  118  115  112  112  116
  129  153  186  227  271  316  364  416  473  529  583  634  680  722  758  788
  809  818  832  847  843  859  905  956 1005                                   
    10.0-180.0 180.0   5.0 450.0                            LAT/LON1/LON2/DLON/H
  957  972  998 1000  986  970  934  885  830  767  700  633  568  509  458  415
  381  355  340  342  368  416  477  531  560  555  520  468  414  370  338  314
  291  264  234  205  183  169  160  151  142  133  127  122  118  114  112  116
  129  153  187  228  273  320  369  422  477  530  580  627  668  705  734  755
  767  768  777  787  784  796  834  892  957                                   
     7.5-180.0 180.0   5.0 450.0                            LAT/LON1/LON2/DLON/H
  902  913  942  952  952  949  927  894  855  808  755  698  642  589  544  506
  476  453  441  448  477  523  570  599  592  547  479  406  347  307  282  266
