data/edconvlstm_nd/pred0540.15i
     1.0            IONOSPHERE MAPS     GNSS                IONEX VERSION / TYPE
pyspatialgeodesy        IME             05-JAN-18 20:20     PGM / RUN BY / DATE 
Map Name                                                    COMMENT             
Predicted global ionosphere maps (GIM).                     DESCRIPTION         
  2015     2    23     0     0     0                        EPOCH OF FIRST MAP  
  2015     2    24     0     0     0                        EPOCH OF LAST MAP   
  7200                                                      INTERVAL            
    13                                                      # OF MAPS IN FILE   
  NONE                                                      MAPPING FUNCTION    
10.0                                                        ELEVATION CUTOFF    
One-way carrier phase leveled to code                       OBSERVABLES USED    
  6371.0                                                    BASE RADIUS         
 2                                                          MAP DIMENSION       
   450.0 450.0   0.0                                        HGT1 / HGT2 / DHGT  
    87.5 -87.5  -2.5                                        LAT1 / LAT2 / DLAT  
  -180.0 180.0   5.0                                        LON1 / LON2 / DLON  
    -1                                                      EXPONENT            
                                                            END OF HEADER       
[from data line 4290]
    11                                                      START OF TEC MAP    
  2015     2    23    20     0     0                        EPOCH OF CURRENT MAP
    87.5-180.0 180.0   5.0 450.0                            LAT/LON1/LON2/DLON/H
  134  132  122  129  133  132  133  131  132  135  136  138  139  141  142  144
  145  146  147  148  149  149  149  149  149  148  148  147  146  145  144  143
  142  141  140  138  137  136  135  134  133  132  131  130  129  129  128  128
  127  127  126  126  125  125  124  124  123  123  122  122  122  121  121  120
  120  120  118  117  126  123  134  133  134                                   
    85.0-180.0 180.0   5.0 450.0                            LAT/LON1/LON2/DLON/H
  133  128  136  126  126  131  132  135  137  140  141  144  146  148  150  152
  154  155  156  157  157  158  158  158  157  156  156  155  154  153  151  150
  149  148  147  146  145  144  143  142  141  139  138  137  136  135  134  133
  132  131  130  129  128  128  127  126  125  124  123  123  122  122  121  120
  121  120  117  114  117  116  118  119  133                                   
    82.5-180.0 180.0   5.0 450.0                            LAT/LON1/LON2/DLON/H
  110  111  114  111  115  120  126  128  129  133  136  139  142  144  147  150
  152  154  155  156  157  157  157  157  156  156  154  153  152  151  149  148
  147  146  145  144  142  141  140  138  136  135  133  131  130  128  127  125
  124  122  121  120  118  117  116  114  113  112  110  109  108  107  106  105
  105  104  102  104  105  114  104  106  110                                   
    80.0-180.0 180.0   5.0 450.0                            LAT/LON1/LON2/DLON/H
   88   92  101  100  104  106  114  120  124  128  132  137  140  144  147  150
  152  154  155  156  156  155  154  153  152  150  147  145  143  141  139  137
  136  135  134  133  132  130  129  127  125  123  121  119  118  116  115  113
  112  111  110  109  107  106  104  103  101   99   98   96   95   93   92   91
   91   90   89   90   87   91   85   95   88                                   
    77.5-180.0 180.0   5.0 450.0                            LAT/LON1/LON2/DLON/H
   89   90   99   98  106  109  118  123  128  132  136  141  145  149  152  155
  157  158  158  158  158  157  155  153  151  148  145  143  140  138  136  134
  133  133  132  131  130  129  127  124  121  118  116  113  111  109  108  106
  106  105  104  103  102  100   98   96   94   92   90   88   86   84   83   82
   81   81   82   84   84   85   85   98   89                                   
    75.0-180.0 180.0   5.0 450.0                            LAT/LON1/LON2/DLON/H
   86   94  102  103  111  117  123  129  135  141  145  150  154  158  161  163
  164  165  165  164  162  160  157  154  150  146  142  138  134  131  128  126
  126  125  125  125  124  123  121  118  115  112  108  106  103  102  101  100
  100  100  100   99   98   96   94   92   90   87   85   83   81   79   78   78
   77   78   79   79   80   82   83   86   86                                   
    72.5-180.0 180.0   5.0 450.0                            LAT/LON1/LON2/DLON/H
   95  104  113  119  125  133  140  145  149  155  160  165  170  174  176  178
  178  178  177  174  172  168  164  160  154  149  143  136  131  126  123  120
  119  119  119  119  118  117  114  111  107  103   99   96   94   93   92   93
   94   95   95   95   95   93   91   89   86   83   81   79   77   76   75   75
   74   75   77   78   79   84   89   97   95                                   
    70.0-180.0 180.0   5.0 450.0                            LAT/LON1/LON2/DLON/H
  103  115  125  131  139  146  151  158  163  170  176  181  186  190  193  194
  193  192  190  187  183  178  173  168  161  154  146  138  130  123  118  114
  112  110  110  109  109  107  104  100   96   92   88   84   83   82   82   84
   86   87   89   89   88   87   85   82   80   77   75   73   72   71   71   71
   71   72   76   78   81   87   97  103  103                                   
    67.5-180.0 180.0   5.0 450.0                            LAT/LON1/LON2/DLON/H
  114  127  137  146  157  165  171  179  184  191  198  205  211  216  219  219
  218  216  213  208  204  198  192  185  177  168  158  148  138  129  122  116
  112  109  106  105  102   99   96   91   86   81   77   74   73   72   74   76
   79   81   83   84   84   83   81   79   77   75   73   72   71   71   71   71
   71   73   75   77   80   89   98  107  114                                   
    65.0-180.0 180.0   5.0 450.0                            LAT/LON1/LON2/DLON/H
  115  130  141  152  163  173  180  188  196  205  214  223  230  236  239  240
  238  235  231  226  221  215  208  200  192  182  171  159  148  137  127  118
  111  106  101   97   93   89   84   79   74   69   65   62   61   61   62   64
   66   69   71   72   72   72   70   69   67   66   65   65   65   65   65   66
   65   67   70   72   77   87   98  110  115                                   
    62.5-180.0 180.0   5.0 450.0                            LAT/LON1/LON2/DLON/H
  114  130  141  154  167  178  187  197  207  218  229  240  250  257  260  261
  260  256  251  246  240  233  226  218  208  197  186  174  161  149  137  126
  116  107   99   91   85   79   73   67   62   58   55   52   51   50   51   52
   54   56   58   59   60   61   60   60   60   60   60   60   61   61   61   61
   60   62   64   66   70   80   91  104  114                                   
    60.0-180.0 180.0   5.0 450.0                            LAT/LON1/LON2/DLON/H
  110  127  139  153  166  177  188  200  213  227  241  254  265  273  278  279
  277  274  268  262  255  248  240  231  222  211  200  188  176  164  151  138
  125  112  100   89   80   72   66   60   56   53   50   48   46   45   45   45
   45   46   47   48   50   51   52   54   55   56   57   58   59   59   59   59
   57   58   59   60   64   74   86  100  110                                   
    57.5-180.0 180.0   5.0 450.0                            LAT/LON1/LON2/DLON/H
  110  127  140  154  168  179  191  204  219  235  251  266  278  287  292  294
  292  288  282  276  268  260  252  242  232  222  213  203  193  182  169  154
  138  122  106   92   80   71   64   59   56   54   53   51   49   47   44   42
   41   41   41   43   45   47   50   53   56   58   60   62   63   63   62   61
   58   58   59   60   63   72   83   98  110                                   
    55.0-180.0 180.0   5.0 450.0                            LAT/LON1/LON2/DLON/H
  117  136  150  163  177  188  201  214  229  245  262  277  290  299  305  306
  304  300  294  286  278  269  260  250  240  232  224  216  209  199  187  172
  154  135  116   99   86   76   69   65   63   63   62   61   59   56   52   48
   45   43   43   44   47   51   56   60   64   67   69   71   72   72   71   69
   66   66   66   67   69   78   88  102  117                                   
    52.5-180.0 180.0   5.0 450.0                            LAT/LON1/LON2/DLON/H
  133  153  168  180  193  204  217  229  244  259  275  289  300  309  313  315
  313  308  301  293  284  275  265  255  246  239  233  228  223  215  204  188
  168  147  127  109   94   84   78   76   76   76   77   77   75   71   66   61
   56   53   53   54   58   63   68   74   78   81   83   85   85   85   84   82
   79   79   80   82   84   92  101  112  133                                   
    50.0-180.0 180.0   5.0 450.0                            LAT/LON1/LON2/DLON/H
  156  176  194  203  217  228  240  252  264  278  291  303  312  318  322  322
  320  314  307  298  289  280  270  261  252  246  241  238  234  227  215  199
  178  156  135  118  104   95   90   89   90   92   95   96   94   91   86   80
   75   72   70   71   75   80   86   91   95   97   98   99  100  100   99   98
   95   95   97  101  104  112  121  129  156                                   
    47.5-180.0 180.0   5.0 450.0                            LAT/LON1/LON2/DLON/H
  181  201  219  228  243  255  267  277  288  300  309  318  324  328  330  330
  326  320  311  302  293  285  276  268  260  254  250  246  241  233  219  201
  180  158  139  123  112  105  102  101  103  107  110  112  112  110  106  102
   97   94   92   93   95  100  105  109  111  112  112  112  112  112  112  112
  110  111  113  120  125  133  143  149  181                                   
    45.0-180.0 180.0   5.0 450.0                            LAT/LON1/LON2/DLON/H
  202  220  239  249  266  280  292  302  312  321  328  334  338  340  341  339
  334  326  316  307  298  291  284  277  270  263  258  252  243  231  214  194
  172  152  135  123  116  112  111  111  113  116  120  123  124  124  123  120
  117  115  113  113  114  118  121  123  124  123  121  120  120  120  121  121
  120  122  125  133  142  150  162  170  202                                   
    42.5-180.0 180.0   5.0 450.0                            LAT/LON1/LON2/DLON/H
  213  230  251  263  282  297  310  321  331  340  345  349  351  353  352  349
  343  334  323  313  305  299  293  287  280  272  264  254  240  223  202  179
  158  140  128  121  118  117  117  118  119  121  124  127  130  132  132  132
  131  129  127  126  127  129  131  132  131  128  125  123  123  123  125  125
  123  125  128  137  148  159  173  186  213                                   
    40.0-180.0 180.0   5.0 450.0                            LAT/LON1/LON2/DLON/H
  212  230  251  267  288  305  320  332  343  352  358  362  364  366  365  362
  355  344  332  322  315  309  304  298  290  280  268  254  235  214  190  166
  146  132  124  121  122  123  124  124  124  125  126  129  131  133  135  136
  135  134  132  131  131  132  134  134  132  128  124  121  120  121  122  122
  120  121  124  131  143  156  172  191  212                                   
    37.5-180.0 180.0   5.0 450.0                            LAT/LON1/LON2/DLON/H
  202  221  244  263  286  304  322  336  348  359  366  372  376  378  378  376
  368  357  344  334  326  320  315  308  298  286  272  254  233  210  186  164
  146  135  131  132  134  137  138  136  134  132  131  131  132  133  134  134
  133  131  129  128  128  130  132  132  130  125  120  117  115  116  116  115
  112  111  113  118  129  143  161  184  202                                   
    35.0-180.0 180.0   5.0 450.0                            LAT/LON1/LON2/DLON/H
  188  209  234  254  279  298  319  335  350  363  372  380  385  389  391  389
  381  370  358  348  340  333  325  316  305  292  277  260  241  219  199  180
  167  159  156  158  160  162  160  157  152  147  143  140  138  136  133  131
  128  126  123  122  123  126  130  131  129  125  119  114  112  111  110  108
  104  101  102  106  114  129  148  172  188                                   
    32.5-180.0 180.0   5.0 450.0                            LAT/LON1/LON2/DLON/H
  179  202  228  248  274  292  316  334  352  366  378  387  394  400  402  400
  394  384  373  363  354  346  335  324  312  300  288  276  262  248  234  222
  212  206  203  201  201  199  194  188  180  172  165  158  152  145  138  131
  126  122  119  119  121  126  131  134  133  129  123  117  113  111  109  106
  100   98   97  100  106  120  140  165  179                                   
    30.0-180.0 180.0   5.0 450.0                            LAT/LON1/LON2/DLON/H
  182  206  231  250  276  293  320  338  358  374  387  397  405  410  412  410
  405  396  387  378  369  358  345  332  320  312  307  303  300  296  292  287
  282  275  268  261  253  246  237  227  216  206  196  186  175  163  151  140
  131  125  122  123  127  133  140  144  143  139  133  127  122  118  115  111
  105  103  102  104  110  124  145  167  182                                   
    27.5-180.0 180.0   5.0 450.0                            LAT/LON1/LON2/DLON/H
  197  222  247  265  290  307  334  353  374  390  404  413  418  421  422  419
  413  407  400  392  383  370  355  342  333  331  336  344  354  363  371  375
  372  362  346  328  311  295  282  269  256  244  232  219  205  189  173  158
  146  139  137  138  143  150  156  160  159  155  149  142  135  130  127  123
  118  117  116  120  127  141  162  181  197                                   
    25.0-180.0 180.0   5.0 450.0                            LAT/LON1/LON2/DLON/H
  225  248  273  291  318  335  363  382  402  418  430  436  439  438  434  428
  422  416  411  405  395  382  367  355  352  359  375  397  422  445  465  475
  471  452  423  390  361  337  319  304  291  278  266  252  237  219  201  185
  172  165  163  165  170  176  180  181  178  172  165  158  150  144  141  138
  135  136  137  144  153  167  188  205  225                                   
    22.5-180.0 180.0   5.0 450.0                            LAT/LON1/LON2/DLON/H
  260  281  305  325  355  374  402  421  442  456  466  470  467  461  452  442
  433  427  422  416  407  393  381  374  379  398  426  462  499  534  560  571
  559  526  479  431  390  359  338  323  310  299  288  277  263  248  232  217
  206  200  199  202  205  207  207  203  197  188  179  171  163  156  153  151
  149  154  157  169  180  194  217  234  260                                   
    20.0-180.0 180.0   5.0 450.0                            LAT/LON1/LON2/DLON/H
  294  313  338  361  395  417  447  467  488  503  511  512  506  494  479  464
  451  441  435  428  418  407  398  400  415  445  486  532  576  614  638  640
  613  562  499  438  389  356  334  320  310  301  293  286  279  270  259  249
  243  240  241  243  244  241  234  224  213  201  190  180  172  165  161  159
  159  167  172  187  200  218  243  264  294                                   
    17.5-180.0 180.0   5.0 450.0                            LAT/LON1/LON2/DLON/H
  320  340  367  394  432  457  490  512  535  551  559  559  551  536  516  496
  477  464  453  443  433  424  421  432  459  500  548  597  640  670  681  666
  622  555  480  413  362  329  310  299  291  286  282  281  281  281  279  277
  276  278  281  282  279  270  257  241  225  210  197  186  176  169  164  162
  163  171  179  194  210  232  261  288  320                                   
    15.0-180.0 180.0   5.0 450.0                            LAT/LON1/LON2/DLON/H
  332  356  387  418  461  489  524  549  575  593  603  605  598  583  561  537
  514  495  479  465  453  446  450  470  507  554  605  648  678  691  683  650
  591  514  435  369  322  293  278  270  265  263  264  268  276  285  291  297
  301  307  311  310  303  289  271  252  233  216  201  189  178  170  164  160
  160  168  177  192  210  236  269  300  332                                   
    12.5-180.0 180.0   5.0 450.0                            LAT/LON1/LON2/DLON/H
  332  362  399  433  480  511  548  576  604  625  638  643  640  629  609  584
  558  534  513  494  480  475  485  512  554  604  647  677  689  683  657  609
  541  460  385  325  286  264  253  248  246  246  249  257  270  285  298  307
  315  321  324  321  312  296  277  257  239  222  206  192  180  169  162  156
  154  161  168  183  203  234  268  301  332                                   
    10.0-180.0 180.0   5.0 450.0                            LAT/LON1/LON2/DLON/H
  327  363  405  440  489  523  562  592  622  645  662  671  674  667  652  629
  604  577  552  530  514  510  523  554  598  642  675  688  682  659  620  563
  491  415  348  299  269  255  249  247  246  246  249  259  273  289  303  312
  318  321  321  317  307  293  276  260  245  229  213  197  183  170  161  152
  147  152  159  173  196  229  264  297  327                                   
     7.5-180.0 180.0   5.0 450.0                            LAT/LON1/LON2/DLON/H
  322  365  408  444  493  529  569  600  631  656  674  687  694  694  685  668
  645  619  593  569  552  549  564  595  635  670  690  688  668  634  588  529
