data/edconvlstm_nd/pred0060.15i
     1.0            IONOSPHERE MAPS     GNSS                IONEX VERSION / TYPE
pyspatialgeodesy        IME             05-JAN-18 20:20     PGM / RUN BY / DATE 
Map Name                                                    COMMENT             
Predicted global ionosphere maps (GIM).                     DESCRIPTION         
  2015     1     6     0     0     0                        EPOCH OF FIRST MAP  
  2015     1     7     0     0     0                        EPOCH OF LAST MAP   
  7200                                                      INTERVAL            
    13                                                      # OF MAPS IN FILE   
  NONE                                                      MAPPING FUNCTION    
10.0                                                        ELEVATION CUTOFF    
One-way carrier phase leveled to code                       OBSERVABLES USED    
  6371.0                                                    BASE RADIUS         
 2                                                          MAP DIMENSION       
   450.0 450.0   0.0                                        HGT1 / HGT2 / DHGT  
    87.5 -87.5  -2.5                                        LAT1 / LAT2 / DLAT  
  -180.0 180.0   5.0                                        LON1 / LON2 / DLON  
    -1                                                      EXPONENT            
                                                            END OF HEADER       
[from data line 1287]
     4                                                      START OF TEC MAP    
  2015     1     6     6     0     0                        EPOCH OF CURRENT MAP
    87.5-180.0 180.0   5.0 450.0                            LAT/LON1/LON2/DLON/H
   28   36   31   35   36   37   37   34   35   37   38   40   40   41   42   42
   42   43   43   43   44   44   44   45   45   46   46   46   47   47   47   47
   47   47   47   47   47   47   46   46   45   45   44   43   43   42   41   40
   39   38   37   36   34   33   32   31   30   29   28   27   26   25   24   24
   25   24   22   23   28   40   50   50   28                                   
    85.0-180.0 180.0   5.0 450.0                            LAT/LON1/LON2/DLON/H
   13   42   39   41   45   49   50   50   51   53   53   54   55   55   55   55
   55   55   55   55   55   56   56   56   56   57   57   57   58   58   58   58
   59   59   59   59   59   59   59   58   58   57   56   55   54   53   52   51
   50   48   47   46   45   43   42   41   40   38   37   36   35   34   33   33
   34   34   30   33   37   41   52   44   13                                   
    82.5-180.0 180.0   5.0 450.0                            LAT/LON1/LON2/DLON/H
   15   30   44   42   45   49   50   51   53   55   55   55   55   54   54   53
   52   51   51   50   50   50   50   50   50   50   51   51   51   52   53   53
   54   55   56   56   57   58   58   58   58   58   57   56   55   54   52   51
   50   48   47   46   45   43   42   41   39   38   36   35   33   32   31   30
   30   30   27   27   38   32   34   33   15                                   
    80.0-180.0 180.0   5.0 450.0                            LAT/LON1/LON2/DLON/H
   28   35   46   43   51   52   56   56   59   59   58   58   57   55   53   51
   49   47   46   45   44   44   44   44   44   44   45   46   47   48   50   51
   53   55   57   58   60   61   62   63   63   63   62   61   60   59   58   57
   56   55   54   53   52   51   50   49   47   46   44   42   40   37   35   33
   32   30   30   31   39   34   33   34   28                                   
    77.5-180.0 180.0   5.0 450.0                            LAT/LON1/LON2/DLON/H
   45   45   48   44   50   53   57   58   61   61   59   58   55   53   50   47
   45   43   41   40   39   39   39   39   40   41   42   43   45   46   49   51
   54   56   59   62   64   67   68   69   70   70   69   69   68   67   66   66
   66   66   67   67   68   68   68   67   66   64   62   59   55   52   48   44
   41   38   35   35   36   26   27   27   45                                   
    75.0-180.0 180.0   5.0 450.0                            LAT/LON1/LON2/DLON/H
   46   48   48   48   50   55   59   59   60   59   56   54   50   47   43   41
   38   37   36   35   35   35   36   37   38   40   42   43   45   47   50   52
   55   58   61   64   67   70   72   73   74   74   74   73   73   73   74   75
   77   79   82   85   87   89   90   90   89   88   85   81   77   71   66   60
   54   50   46   41   42   31   32   29   46                                   
    72.5-180.0 180.0   5.0 450.0                            LAT/LON1/LON2/DLON/H
   53   51   52   51   54   60   64   64   64   62   57   54   49   45   41   38
   36   35   34   34   35   36   37   39   41   43   45   47   49   51   53   55
   58   60   64   67   70   73   75   77   78   78   78   78   79   80   82   86
   90   96  101  107  112  116  118  119  119  118  115  110  105   98   91   84
   76   69   64   58   54   42   40   38   53                                   
    70.0-180.0 180.0   5.0 450.0                            LAT/LON1/LON2/DLON/H
   60   55   57   57   58   63   67   67   66   63   58   54   48   43   39   36
   34   33   33   34   36   38   41   44   46   49   51   53   54   55   56   57
   59   61   63   66   69   71   73   75   76   76   77   78   79   82   87   93
  101  110  119  127  135  140  144  146  146  144  141  136  130  123  114  106
   96   87   80   72   66   54   53   49   60                                   
    67.5-180.0 180.0   5.0 450.0                            LAT/LON1/LON2/DLON/H
   61   57   57   58   59   64   67   68   67   63   58   53   47   42   38   35
   34   33   35   37   40   43   46   49   52   55   56   57   58   57   57   56
   56   56   58   59   61   63   65   67   68   69   70   71   75   79   87   96
  107  119  131  142  151  158  162  164  164  162  158  153  147  139  129  120
  110   99   91   81   72   60   58   55   61                                   
    65.0-180.0 180.0   5.0 450.0                            LAT/LON1/LON2/DLON/H
   63   59   56   57   58   64   68   70   69   67   62   57   51   46   42   39
   38   39   41   44   48   51   55   58   61   62   63   63   62   61   59   57
   55   53   53   54   55   57   58   60   61   62   64   67   72   80   89  102
  116  132  147  160  170  177  181  182  181  178  174  169  162  153  144  134
  122  110  100   89   79   67   63   62   63                                   
    62.5-180.0 180.0   5.0 450.0                            LAT/LON1/LON2/DLON/H
   64   58   54   55   56   63   67   71   72   70   66   62   56   51   47   45
   45   46   49   52   56   60   63   65   67   67   67   67   65   62   59   55
   52   50   49   49   49   50   52   54   55   58   61   66   73   82   95  111
  128  147  164  178  189  195  197  197  194  191  186  181  174  165  155  144
  132  119  108   95   84   70   65   65   64                                   
    60.0-180.0 180.0   5.0 450.0                            LAT/LON1/LON2/DLON/H
   65   56   50   50   51   57   62   67   70   69   67   63   59   55   52   51
   51   52   55   58   61   63   65   66   67   67   66   65   62   59   56   52
   48   45   43   43   43   44   46   48   51   54   59   66   76   88  104  122
  142  163  181  196  206  210  211  208  204  200  196  190  184  175  164  152
  139  124  113   99   87   71   65   65   65                                   
    57.5-180.0 180.0   5.0 450.0                            LAT/LON1/LON2/DLON/H
   67   54   46   45   46   50   56   62   66   67   66   64   61   58   56   55
   56   57   59   61   62   63   64   63   63   62   61   59   58   55   52   48
   45   42   40   40   40   41   43   46   50   55   63   72   85  100  118  140
  162  183  202  216  225  227  226  222  217  212  208  203  197  188  176  163
  149  133  121  108   95   77   68   68   67                                   
    55.0-180.0 180.0   5.0 450.0                            LAT/LON1/LON2/DLON/H
   73   54   45   42   41   44   50   55   60   62   62   62   60   58   57   57
   58   58   59   59   59   59   58   56   55   54   53   52   51   49   47   44
   42   40   39   39   40   42   44   48   53   60   70   82   98  117  138  161
  184  206  224  237  244  244  241  235  230  226  222  218  212  203  190  177
  161  145  133  120  108   87   77   76   73                                   
    52.5-180.0 180.0   5.0 450.0                            LAT/LON1/LON2/DLON/H
   84   59   48   43   40   41   46   51   55   57   58   58   57   57   57   57
   57   57   56   55   54   53   51   49   47   45   45   44   44   44   43   42
   41   40   41   42   43   45   48   52   59   68   81   97  116  138  161  185
  209  230  247  258  262  261  256  250  244  240  237  234  228  218  205  190
  174  158  148  135  125  102   91   88   84                                   
    50.0-180.0 180.0   5.0 450.0                            LAT/LON1/LON2/DLON/H
   98   70   58   50   45   44   47   50   53   54   55   56   55   55   55   55
   55   54   52   51   49   47   45   43   41   40   40   40   41   41   41   41
   42   43   45   47   49   52   55   60   69   80   95  114  136  160  186  210
  233  253  268  277  279  276  270  262  256  252  250  246  240  230  216  201
  185  171  161  150  142  120  110  105   98                                   
    47.5-180.0 180.0   5.0 450.0                            LAT/LON1/LON2/DLON/H
  114   86   73   63   56   54   54   54   55   55   55   55   54   54   54   54
   53   51   49   47   45   44   43   42   41   40   40   40   41   41   42   43
   45   47   51   53   56   60   64   71   80   93  110  131  156  182  209  234
  256  273  286  293  293  288  280  271  264  260  257  253  246  234  220  205
  190  178  170  161  156  137  128  123  114                                   
    45.0-180.0 180.0   5.0 450.0                            LAT/LON1/LON2/DLON/H
  129  103   91   81   73   69   66   63   61   60   59   58   56   55   55   54
   52   49   47   45   45   46   48   48   47   46   45   45   44   44   44   46
   48   52   56   60   64   68   74   82   93  107  126  148  174  202  229  254
  274  290  300  305  303  296  286  275  267  262  258  253  244  231  216  202
  188  178  172  165  163  147  142  137  129                                   
    42.5-180.0 180.0   5.0 450.0                            LAT/LON1/LON2/DLON/H
  138  117  108  100   91   86   81   76   72   69   67   65   63   61   59   57
   55   52   50   49   51   55   58   60   59   57   55   52   50   48   47   49
   52   56   61   66   70   75   83   93  105  121  141  164  190  219  246  270
  289  302  310  312  308  300  288  275  265  259  253  247  237  223  208  195
  183  175  169  164  162  149  146  143  138                                   
    40.0-180.0 180.0   5.0 450.0                            LAT/LON1/LON2/DLON/H
  140  123  118  112  106  101   94   89   84   80   78   76   73   71   68   65
   62   59   58   59   64   69   74   75   74   70   66   60   56   52   51   52
   55   60   65   70   75   82   91  103  118  135  155  178  204  232  259  282
  299  310  315  316  311  301  288  275  263  255  249  241  231  218  203  191
  181  172  166  160  156  143  140  139  140                                   
    37.5-180.0 180.0   5.0 450.0                            LAT/LON1/LON2/DLON/H
  136  121  119  114  112  108  102   98   94   91   89   88   86   83   80   77
   73   71   71   74   80   86   90   91   88   82   75   68   62   57   55   56
   59   64   69   74   80   87   99  114  131  150  170  192  217  244  270  291
  307  316  320  319  314  304  292  278  267  258  251  244  234  223  210  200
  189  179  170  160  152  133  129  129  136                                   
    35.0-180.0 180.0   5.0 450.0                            LAT/LON1/LON2/DLON/H
  130  114  112  108  108  106  102   99   97   96   96   98   97   95   92   89
   86   85   87   91   97  102  105  103   98   90   81   73   67   62   60   61
   64   69   74   78   84   93  106  125  145  166  186  207  231  257  282  302
  316  324  327  327  323  315  303  291  281  273  267  262  255  246  236  228
  217  204  190  172  157  129  121  120  130                                   
    32.5-180.0 180.0   5.0 450.0                            LAT/LON1/LON2/DLON/H
  129  108  104   98   99   97   95   95   95   96   98  102  103  102  101   99
   98   99  102  106  111  114  114  109  102   93   85   77   72   68   66   66
   69   74   78   82   88   98  114  136  160  182  203  224  247  272  296  315
  328  337  341  343  341  336  328  318  309  304  300  297  294  290  285  278
  266  250  230  204  181  140  127  121  129                                   
    30.0-180.0 180.0   5.0 450.0                            LAT/LON1/LON2/DLON/H
  140  112  101   92   91   89   87   87   88   90   95  100  103  104  104  105
  106  109  113  117  119  119  116  110  102   93   86   80   76   73   72   72
   75   79   82   86   92  103  122  147  174  199  221  243  266  291  314  334
  348  358  365  370  372  372  367  360  354  351  350  351  352  353  352  347
  335  315  290  257  227  175  153  140  140                                   
    27.5-180.0 180.0   5.0 450.0                            LAT/LON1/LON2/DLON/H
  168  132  114   98   92   87   84   82   82   84   89   95   98  101  103  105
  110  114  119  121  121  119  113  106   98   91   85   81   78   77   77   78
   81   84   87   90   96  109  130  158  187  215  239  263  287  313  337  358
  375  388  399  409  417  421  421  419  416  415  417  420  425  430  433  431
  419  397  367  328  292  232  203  181  168                                   
    25.0-180.0 180.0   5.0 450.0                            LAT/LON1/LON2/DLON/H
  217  176  150  124  111  100   93   86   83   82   85   90   93   95   98  103
  108  114  118  119  118  113  107  101   94   88   84   81   81   81   83   85
   87   89   91   94  101  115  138  168  200  230  257  283  310  338  365  388
  408  425  442  459  473  484  489  491  491  492  494  500  507  516  523  523
  512  490  457  415  375  310  274  246  217                                   
    22.5-180.0 180.0   5.0 450.0                            LAT/LON1/LON2/DLON/H
  288  245  211  176  155  136  121  107   98   92   91   92   92   93   95   99
  105  110  113  113  110  106  101   97   92   87   84   83   84   87   90   92
   93   93   95   98  106  122  146  177  211  243  274  303  333  364  394  420
  444  467  490  513  534  550  561  566  569  571  573  579  588  599  609  611
  602  582  551  509  468  401  359  331  288                                   
    20.0-180.0 180.0   5.0 450.0                            LAT/LON1/LON2/DLON/H
  372  333  296  255  224  198  174  151  132  119  111  106  102   99   98  100
  104  106  107  105  103  100   98   95   93   90   87   87   90   93   96   97
   97   96   98  102  111  128  154  186  221  255  288  321  354  388  420  449
  477  505  533  561  586  606  619  627  631  633  636  642  652  664  675  678
  672  657  632  598  557  494  451  426  372                                   
    17.5-180.0 180.0   5.0 450.0                            LAT/LON1/LON2/DLON/H
  458  428  393  352  314  284  250  218  189  166  149  137  126  117  112  109
  108  106  103  100   98   98   98   99   98   96   95   94   96   99  101  102
  100   99  101  106  117  135  162  194  230  266  301  336  371  407  440  472
  503  534  565  595  621  640  653  660  664  667  670  676  686  698  708  711
  708  700  685  662  626  572  537  517  458                                   
    15.0-180.0 180.0   5.0 450.0                            LAT/LON1/LON2/DLON/H
  532  513  484  447  407  377  339  303  266  234  208  187  168  151  138  129
  120  113  106  101   99  100  104  107  108  107  104  102  102  104  106  106
  104  103  104  110  122  142  170  204  240  276  312  348  384  419  453  485
  517  549  581  611  635  651  661  667  669  671  674  679  688  699  707  709
  708  705  700  690  661  624  600  588  532                                   
    12.5-180.0 180.0   5.0 450.0                            LAT/LON1/LON2/DLON/H
  581  571  548  518  482  459  423  391  351  315  282  253  226  201  179  160
  143  128  115  107  105  108  114  120  122  120  114  109  107  108  109  109
  107  106  108  114  128  150  179  214  251  287  322  357  391  424  456  487
  519  551  583  611  632  645  652  655  655  655  656  660  668  677  683  683
  682  681  684  683  665  645  632  628  581                                   
    10.0-180.0 180.0   5.0 450.0                            LAT/LON1/LON2/DLON/H
  601  595  577  551  522  509  483  460  428  394  360  327  294  262  231  202
  175  151  132  120  118  122  129  136  137  132  122  114  111  111  112  112
  111  110  111  118  133  157  189  225  263  298  331  362  392  422  451  479
  510  542  572  598  617  628  633  634  632  630  630  633  641  648  652  650
  647  647  652  657  649  642  635  636  601                                   
     7.5-180.0 180.0   5.0 450.0                            LAT/LON1/LON2/DLON/H
  595  589  571  546  524  520  506  498  478  454  426  396  363  326  289  250
  213  180  155  140  135  139  146  151  150  141  130  119  115  114  115  116
