data/edconvlstm_nd/pred3060.15i
     1.0            IONOSPHERE MAPS     GNSS                IONEX VERSION / TYPE
pyspatialgeodesy        IME             05-JAN-18 20:20     PGM / RUN BY / DATE 
Map Name                                                    COMMENT             
Predicted global ionosphere maps (GIM).                     DESCRIPTION         
  2015    11     2     0     0     0                        EPOCH OF FIRST MAP  
  2015    11     3     0     0     0                        EPOCH OF LAST MAP   
  7200                                                      INTERVAL            
    13                                                      # OF MAPS IN FILE   
  NONE                                                      MAPPING FUNCTION    
10.0                                                        ELEVATION CUTOFF    
One-way carrier phase leveled to code                       OBSERVABLES USED    
  6371.0                                                    BASE RADIUS         
 2                                                          MAP DIMENSION       
   450.0 450.0   0.0                                        HGT1 / HGT2 / DHGT  
    87.5 -87.5  -2.5                                        LAT1 / LAT2 / DLAT  
  -180.0 180.0   5.0                                        LON1 / LON2 / DLON  
    -1                                                      EXPONENT            
                                                            END OF HEADER       
[from data line 2574]
     7                                                      START OF TEC MAP    
  2015    11     2    12     0     0                        EPOCH OF CURRENT MAP
    87.5-180.0 180.0   5.0 450.0                            LAT/LON1/LON2/DLON/H
   61   73   75   79   82   83   84   81   83   86   87   88   89   91   92   93
   93   94   95   96   96   97   97   98   98   98   98   98   97   97   96   95
   93   92   90   88   86   84   81   79   77   74   72   70   68   67   65   64
   63   62   62   61   61   60   60   60   60   61   61   61   62   62   62   63
   65   66   64   63   67   69   82   84   61                                   
    85.0-180.0 180.0   5.0 450.0                            LAT/LON1/LON2/DLON/H
   60   78   89   79   81   85   86   88   90   93   94   96   97   98   99  100
  101  102  103  104  105  106  107  108  109  109  109  109  109  109  108  106
  105  103  100   98   95   92   89   86   82   79   76   73   71   69   67   66
   65   64   63   63   63   63   63   63   64   64   65   66   66   67   68   68
   70   71   68   65   68   72   78   78   60                                   
    82.5-180.0 180.0   5.0 450.0                            LAT/LON1/LON2/DLON/H
   49   64   74   67   69   71   74   75   77   80   81   84   85   86   87   88
   89   90   92   93   95   97   99  100  102  104  105  106  107  107  106  105
  104  102  100   97   93   90   86   81   77   73   69   66   62   60   58   56
   55   54   53   53   53   53   54   54   55   55   56   56   57   57   58   58
   60   60   57   56   61   68   65   65   49                                   
    80.0-180.0 180.0   5.0 450.0                            LAT/LON1/LON2/DLON/H
   43   51   61   55   58   58   60   62   65   67   68   70   71   72   73   73
   74   76   77   79   82   84   87   90   93   96   98  100  102  103  104  104
  103  102  100   97   93   89   84   80   75   70   65   61   57   54   51   50
   49   48   48   49   49   50   51   52   53   53   53   54   54   54   54   54
   54   54   53   51   53   60   59   61   43                                   
    77.5-180.0 180.0   5.0 450.0                            LAT/LON1/LON2/DLON/H
   48   49   50   46   47   49   50   52   55   56   56   58   58   58   58   59
   59   61   62   65   67   71   75   79   83   87   92   95   99  101  103  105
  106  105  104  102   99   95   91   85   80   74   69   64   60   56   54   53
   52   53   54   55   57   59   60   61   62   62   62   62   61   60   59   58
   57   56   53   52   51   49   51   56   48                                   
    75.0-180.0 180.0   5.0 450.0                            LAT/LON1/LON2/DLON/H
   40   42   40   39   40   43   43   43   45   46   46   47   46   46   46   46
   46   47   49   52   55   59   64   69   75   80   86   91   96  100  104  107
  110  111  111  111  109  106  102   97   91   85   79   74   70   66   64   63
   64   65   67   69   71   73   74   74   74   74   73   72   71   69   68   66
   64   62   59   54   54   49   49   45   40                                   
    72.5-180.0 180.0   5.0 450.0                            LAT/LON1/LON2/DLON/H
   42   41   37   37   36   39   40   39   40   41   40   40   39   39   38   37
   38   38   40   43   47   52   57   63   70   76   83   89   95  101  107  112
  116  120  122  124  123  122  118  114  108  102   96   90   85   82   79   79
   80   81   83   85   87   88   88   88   87   85   83   81   79   77   75   73
   71   68   66   61   59   54   52   52   42                                   
    70.0-180.0 180.0   5.0 450.0                            LAT/LON1/LON2/DLON/H
   44   42   40   39   38   40   39   39   40   40   39   39   38   37   36   35
   36   36   38   41   46   51   57   64   71   78   85   92   99  106  113  120
  126  132  137  140  141  141  139  135  129  123  116  109  104   99   97   96
   96   97   98   98   99   98   96   94   91   88   85   82   80   78   77   75
   73   71   70   65   63   59   60   59   44                                   
    67.5-180.0 180.0   5.0 450.0                            LAT/LON1/LON2/DLON/H
   47   47   44   44   43   45   45   45   45   45   44   43   42   41   40   39
   39   40   42   45   50   56   62   69   75   82   89   97  104  112  121  129
  138  146  152  157  160  160  159  155  150  143  135  128  121  115  111  109
  108  107  106  105  103  100   96   91   87   82   79   76   75   73   73   73
   72   70   70   65   64   62   62   61   47                                   
    65.0-180.0 180.0   5.0 450.0                            LAT/LON1/LON2/DLON/H
   51   52   49   50   48   51   51   51   51   51   49   49   48   47   46   46
   46   47   49   52   57   63   69   76   82   89   95  103  111  121  131  142
  152  162  170  176  180  181  180  176  171  163  155  146  138  131  125  121
  117  114  111  106  101   95   88   81   75   70   67   64   63   63   63   65
   65   65   66   64   65   65   65   65   51                                   
    62.5-180.0 180.0   5.0 450.0                            LAT/LON1/LON2/DLON/H
   54   56   53   54   52   54   54   54   54   54   53   52   52   52   52   52
   52   53   55   58   63   68   74   80   86   92   99  107  117  128  140  153
  165  177  186  193  197  198  197  193  187  180  171  161  152  143  135  128
  122  116  109  102   93   84   75   67   61   56   52   51   50   51   52   54
   56   56   59   58   60   61   63   63   54                                   
    60.0-180.0 180.0   5.0 450.0                            LAT/LON1/LON2/DLON/H
   56   58   55   55   53   55   54   53   53   52   51   52   52   53   54   55
   55   56   57   60   64   69   74   80   86   93  100  109  120  133  147  163
  177  190  200  207  211  212  211  207  201  193  184  174  164  154  144  135
  127  118  108   98   86   75   65   56   50   45   43   42   42   43   44   46
   47   48   51   51   55   56   59   59   56                                   
    57.5-180.0 180.0   5.0 450.0                            LAT/LON1/LON2/DLON/H
   58   60   57   56   54   55   53   51   50   49   48   49   50   52   54   55
   56   56   57   59   62   67   73   79   86   93  101  111  124  139  156  174
  190  204  215  222  226  227  225  221  216  209  200  190  179  169  158  148
  137  126  114  102   89   76   66   57   51   47   46   46   46   47   47   47
   47   47   49   49   54   54   56   56   58                                   
    55.0-180.0 180.0   5.0 450.0                            LAT/LON1/LON2/DLON/H
   62   64   61   59   57   56   53   50   47   45   44   44   46   48   51   53
   53   53   53   55   59   64   71   79   86   95  104  116  130  147  166  186
  203  218  229  236  239  240  238  235  231  225  217  208  198  187  176  165
  153  141  127  114  100   87   77   69   64   61   61   61   61   61   60   58
   56   54   54   53   57   56   58   57   62                                   
    52.5-180.0 180.0   5.0 450.0                            LAT/LON1/LON2/DLON/H
   69   70   67   64   62   61   56   51   48   44   42   42   43   45   48   50
   51   50   50   52   56   63   72   81   90  100  111  124  140  158  178  197
  216  231  242  248  252  252  251  249  246  241  235  227  218  208  197  185
  173  160  146  132  119  106   97   90   86   84   84   85   85   83   81   77
   72   68   66   63   65   64   65   62   69                                   
    50.0-180.0 180.0   5.0 450.0                            LAT/LON1/LON2/DLON/H
   78   79   76   73   71   70   65   58   53   48   45   43   44   46   48   50
   50   50   50   52   58   67   77   88   99  110  122  136  152  170  189  208
  226  241  251  258  262  263  263  263  261  257  253  246  238  228  217  206
  193  180  166  153  139  128  119  113  110  109  109  109  109  107  103   98
   92   86   82   77   79   78   78   74   78                                   
    47.5-180.0 180.0   5.0 450.0                            LAT/LON1/LON2/DLON/H
   88   89   86   84   82   82   77   71   65   59   54   52   51   52   53   54
   54   53   54   58   65   76   88  100  112  124  137  150  165  181  199  216
  232  246  257  264  269  272  274  274  274  272  268  262  254  245  234  222
  209  196  182  169  156  145  136  130  127  126  126  126  126  124  120  115
  108  102   97   92   94   93   94   89   88                                   
    45.0-180.0 180.0   5.0 450.0                            LAT/LON1/LON2/DLON/H
   96   99   96   96   94   95   91   86   81   76   70   67   65   64   64   64
   63   62   64   69   78   90  103  116  129  141  153  165  178  191  205  219
  234  247  258  267  274  279  282  284  284  282  278  272  265  255  244  231
  218  205  191  177  165  153  144  137  133  131  130  130  130  128  125  121
  116  112  107  103  106  107  108  105   96                                   
    42.5-180.0 180.0   5.0 450.0                            LAT/LON1/LON2/DLON/H
  100  105  103  105  104  107  105  102   99   95   91   87   83   81   79   77
   75   75   78   84   94  107  120  133  145  157  168  179  189  198  208  218
  231  243  256  267  276  283  288  291  291  288  284  278  269  259  247  234
  220  206  192  178  165  152  141  133  127  124  122  122  122  121  119  117
  114  112  110  107  111  114  116  114  100                                   
    40.0-180.0 180.0   5.0 450.0                            LAT/LON1/LON2/DLON/H
   98  105  104  109  110  114  115  116  115  114  110  107  102   98   95   92
   90   90   93  100  111  124  136  147  158  169  179  189  196  202  207  215
  225  238  253  266  278  287  293  296  296  293  287  280  271  260  248  234
  220  206  191  176  162  147  135  124  117  112  109  108  108  108  107  107
  106  105  105  103  107  111  114  114   98                                   
    37.5-180.0 180.0   5.0 450.0                            LAT/LON1/LON2/DLON/H
   90   98   98  105  108  114  118  123  125  127  126  124  119  114  110  106
  103  103  107  115  126  137  148  157  166  176  186  195  200  203  206  212
  222  236  252  268  282  293  300  303  302  298  292  284  275  265  253  239
  226  212  197  181  165  148  133  121  111  105  102  101  100  100   99   98
   97   96   97   96   99  102  105  105   90                                   
    35.0-180.0 180.0   5.0 450.0                            LAT/LON1/LON2/DLON/H
   81   88   88   95   99  106  113  120  127  132  134  133  130  125  120  115
  113  113  118  126  137  146  155  162  170  180  190  198  203  205  207  212
  222  238  257  276  292  304  311  314  312  308  303  296  288  279  268  257
  245  232  218  202  184  165  148  133  122  116  112  111  110  107  104  101
   97   94   93   90   91   91   93   94   81                                   
    32.5-180.0 180.0   5.0 450.0                            LAT/LON1/LON2/DLON/H
   75   80   78   84   87   92  100  110  120  128  133  134  132  128  124  120
  118  119  124  133  143  151  158  163  171  180  191  200  206  209  211  218
  230  249  270  290  307  320  327  330  330  327  323  319  314  307  300  291
  283  272  260  243  224  203  184  168  157  150  147  146  143  138  131  122
  113  105  101   94   90   86   86   85   75                                   
    30.0-180.0 180.0   5.0 450.0                            LAT/LON1/LON2/DLON/H
   76   77   72   75   77   80   86   95  106  115  122  127  127  124  121  118
  117  119  126  135  145  153  158  163  171  181  193  203  211  216  221  231
  246  267  290  312  329  342  349  353  354  354  354  354  353  351  348  344
  338  331  321  305  285  263  242  225  214  208  206  206  202  194  181  165
  148  134  123  110  101   91   88   82   76                                   
    27.5-180.0 180.0   5.0 450.0                            LAT/LON1/LON2/DLON/H
   83   82   74   74   74   73   76   82   91   99  108  113  115  114  113  112
  112  116  124  134  145  153  159  164  172  182  195  208  218  227  236  249
  269  293  317  339  356  368  376  382  386  390  395  399  404  407  408  409
  408  404  396  381  360  337  315  298  287  283  283  283  278  266  248  225
  201  179  161  141  125  109  100   88   83                                   
    25.0-180.0 180.0   5.0 450.0                            LAT/LON1/LON2/DLON/H
   99   95   84   81   79   75   74   75   80   86   93   98  100  101  101  102
  104  110  120  132  144  153  161  167  175  186  200  214  228  240  255  273
  296  323  348  370  386  397  406  414  422  431  441  451  461  469  475  480
  483  483  476  462  441  417  395  377  367  364  364  364  358  343  320  291
  261  234  208  182  160  136  122  103   99                                   
    22.5-180.0 180.0   5.0 450.0                            LAT/LON1/LON2/DLON/H
  123  116  102   97   93   86   81   76   76   79   82   85   87   88   89   92
   96  104  115  129  143  155  163  171  180  191  206  222  239  256  275  299
  326  354  380  400  415  426  435  446  458  472  488  503  517  529  539  547
  553  554  548  534  512  488  464  445  434  430  430  430  422  405  380  349
  316  287  256  227  199  171  149  128  123                                   
    20.0-180.0 180.0   5.0 450.0                            LAT/LON1/LON2/DLON/H
  150  141  126  117  112  102   94   85   80   79   78   79   79   79   81   84
   90   99  112  128  143  156  167  176  186  198  213  231  251  272  296  324
  354  383  408  427  439  449  460  473  490  509  529  548  565  579  590  598
  604  604  596  580  557  531  505  484  470  464  462  459  452  435  412  383
  353  326  294  267  235  206  180  157  150                                   
    17.5-180.0 180.0   5.0 450.0                            LAT/LON1/LON2/DLON/H
  176  167  151  140  132  122  112   99   90   85   81   79   77   76   77   80
   87   98  112  128  144  158  170  181  192  206  222  241  263  288  315  346
  376  405  429  446  457  467  479  495  515  537  559  580  596  609  618  623
  625  622  611  593  567  539  511  486  468  457  451  447  439  425  407  385
  361  341  314  292  261  233  207  185  176                                   
    15.0-180.0 180.0   5.0 450.0                            LAT/LON1/LON2/DLON/H
  194  186  174  161  152  140  130  115  103   95   89   85   81   79   79   82
   89  100  114  130  146  160  173  185  199  214  231  251  275  302  332  363
  393  420  443  458  469  480  493  511  533  556  577  596  609  618  622  623
  620  612  597  576  549  519  489  461  438  421  410  402  395  385  373  359
  344  332  313  297  272  248  225  206  194                                   
    12.5-180.0 180.0   5.0 450.0                            LAT/LON1/LON2/DLON/H
  203  198  189  176  166  155  145  129  116  107   99   94   89   86   85   87
   94  105  119  134  149  162  175  190  205  222  241  262  287  315  345  376
  405  431  452  467  478  489  504  522  544  565  584  598  607  611  611  606
  598  586  569  547  520  489  457  425  397  375  359  348  340  334  328  322
  315  310  298  288  269  251  231  217  203                                   
    10.0-180.0 180.0   5.0 450.0                            LAT/LON1/LON2/DLON/H
  204  202  196  184  175  164  155  141  127  118  110  105   99   95   93   95
  101  112  126  140  153  166  179  195  213  232  253  275  301  329  359  387
  414  438  458  474  486  498  513  531  551  570  584  593  598  598  594  587
  576  562  544  522  496  465  432  397  366  340  320  306  298  293  292  291
  289  287  280  273  259  246  230  218  204                                   
     7.5-180.0 180.0   5.0 450.0                            LAT/LON1/LON2/DLON/H
  203  202  197  184  177  167  160  147  135  126  120  115  110  105  103  104
  110  120  134  147  160  172  186  203  223  245  267  291  317  344  372  398
