data/edconvlstm_nd/pred2540.15i
     1.0            IONOSPHERE MAPS     GNSS                IONEX VERSION / TYPE
pyspatialgeodesy        IME             05-JAN-18 20:20     PGM / RUN BY / DATE 
Map Name                                                    COMMENT             
Predicted global ionosphere maps (GIM).                     DESCRIPTION         
  2015     9    11     0     0     0                        EPOCH OF FIRST MAP  
  2015     9    12     0     0     0                        EPOCH OF LAST MAP   
  7200                                                      INTERVAL            
    13                                                      # OF MAPS IN FILE   
  NONE                                                      MAPPING FUNCTION    
10.0                                                        ELEVATION CUTOFF    
One-way carrier phase leveled to code                       OBSERVABLES USED    
  6371.0                                                    BASE RADIUS         
 2                                                          MAP DIMENSION       
   450.0 450.0   0.0                                        HGT1 / HGT2 / DHGT  
    87.5 -87.5  -2.5                                        LAT1 / LAT2 / DLAT  
  -180.0 180.0   5.0                                        LON1 / LON2 / DLON  
    -1                                                      EXPONENT            
                                                            END OF HEADER       
[from data line 3432]
     9                                                      START OF TEC MAP    
  2015     9    11    16     0     0                        EPOCH OF CURRENT MAP
    87.5-180.0 180.0   5.0 450.0                            LAT/LON1/LON2/DLON/H
   93   99   96  101  103  101  100   96   97   98   97   98   98   99  100  100
  101  102  103  104  105  105  106  106  106  106  106  106  106  106  105  105
  105  104  104  103  103  103  102  102  102  102  102  102  102  102  102  102
  102  102  102  102  102  102  102  102  102  102  102  102  102  102  102  101
  102  102   99   96  102  100  113  110   93                                   
    85.0-180.0 180.0   5.0 450.0                            LAT/LON1/LON2/DLON/H
   99  101  113   97   96   99   97   98   98   99   98   99   99  100  101  101
  103  104  105  106  107  108  109  109  110  110  110  110  110  109  109  108
  108  107  107  106  106  105  105  105  104  104  104  104  104  103  103  103
  104  104  104  104  104  105  105  105  105  105  105  105  105  105  105  105
  106  105  100   96   97   99  106  105   99                                   
    82.5-180.0 180.0   5.0 450.0                            LAT/LON1/LON2/DLON/H
   88   95   99   91   90   92   93   93   92   93   93   94   94   95   97   98
  100  102  104  106  108  110  111  112  113  113  113  113  112  112  111  110
  109  108  107  106  105  105  104  104  103  103  103  102  102  102  102  102
  102  102  103  103  103  104  104  104  104  104  104  104  103  103  103  102
  103  101   98   95   97  106  101   98   88                                   
    80.0-180.0 180.0   5.0 450.0                            LAT/LON1/LON2/DLON/H
   78   84   92   86   84   81   84   85   85   86   86   88   88   90   92   94
   96   99  102  104  107  109  111  112  113  113  113  112  111  109  107  106
  104  102  101  100   99   98   97   97   96   95   95   94   94   93   93   93
   94   94   95   95   96   96   97   97   97   97   97   97   97   97   96   96
   96   96   94   93   90   96   97   98   78                                   
    77.5-180.0 180.0   5.0 450.0                            LAT/LON1/LON2/DLON/H
   83   85   87   83   83   82   84   84   85   85   84   86   87   89   92   95
   98  102  105  109  112  115  118  119  120  120  119  118  116  113  110  108
  105  103  101  100   99   98   97   96   95   94   92   91   90   90   89   89
   90   90   91   91   92   93   93   93   93   93   93   92   92   92   91   91
   91   90   89   89   89   90   93   93   83                                   
    75.0-180.0 180.0   5.0 450.0                            LAT/LON1/LON2/DLON/H
   75   81   80   80   81   82   83   84   85   86   86   88   89   91   94   97
  101  105  109  113  116  120  122  124  125  125  124  122  119  116  113  110
  107  105  103  102  101  100   99   97   96   94   92   90   88   87   86   86
   86   86   87   88   88   89   89   90   90   89   89   89   88   87   87   87
   87   87   86   84   85   85   87   79   75                                   
    72.5-180.0 180.0   5.0 450.0                            LAT/LON1/LON2/DLON/H
   73   77   76   79   79   82   84   85   85   86   87   89   90   93   95   99
  102  106  111  115  119  123  125  127  128  128  127  124  121  118  114  111
  108  106  105  104  103  102  101  100   97   95   92   89   86   84   82   81
   81   81   81   82   82   82   83   82   82   82   81   81   80   79   79   79
   78   78   77   75   75   77   80   78   73                                   
    70.0-180.0 180.0   5.0 450.0                            LAT/LON1/LON2/DLON/H
   67   71   70   72   74   77   79   82   85   87   89   91   93   96   98  101
  104  108  112  116  120  123  126  128  129  129  128  126  123  120  116  113
  111  109  108  108  108  107  106  104  101   97   93   89   85   82   80   78
   77   77   77   77   77   77   76   76   76   75   75   74   74   73   73   72
   71   70   70   68   68   70   75   73   67                                   
    67.5-180.0 180.0   5.0 450.0                            LAT/LON1/LON2/DLON/H
   61   64   63   66   69   73   77   81   85   88   91   94   96   99  101  104
  107  110  114  117  120  123  126  128  129  130  129  128  125  122  119  116
  114  113  112  113  113  113  111  109  105  101   96   90   86   82   79   77
   75   74   73   72   72   71   70   70   69   69   69   68   68   67   67   66
   65   63   62   59   58   61   64   62   61                                   
    65.0-180.0 180.0   5.0 450.0                            LAT/LON1/LON2/DLON/H
   52   56   54   58   61   65   70   76   81   86   91   95   99  101  104  106
  109  112  114  117  120  122  125  127  129  130  131  130  129  126  124  121
  119  118  118  118  119  118  117  114  110  104   99   93   88   83   80   77
   74   72   70   69   67   66   64   63   63   63   63   62   62   62   61   60
   59   57   56   53   53   55   58   58   52                                   
    62.5-180.0 180.0   5.0 450.0                            LAT/LON1/LON2/DLON/H
   45   49   47   51   54   58   63   70   77   83   89   95   99  103  106  108
  111  113  115  117  119  121  123  126  128  131  133  133  133  131  128  126
  123  122  122  122  123  123  121  118  113  107  101   95   90   86   82   78
   75   72   69   66   63   61   59   58   57   57   57   57   57   56   56   55
   53   51   50   46   46   47   50   50   45                                   
    60.0-180.0 180.0   5.0 450.0                            LAT/LON1/LON2/DLON/H
   40   44   41   45   47   50   56   62   70   77   84   91   97  101  105  108
  111  113  115  116  118  119  121  124  127  130  134  136  136  135  133  130
  127  125  125  125  125  125  123  119  115  109  104   98   93   88   84   80
   76   72   68   64   60   56   54   52   51   51   51   51   51   50   49   48
   47   44   43   40   40   41   45   44   40                                   
    57.5-180.0 180.0   5.0 450.0                            LAT/LON1/LON2/DLON/H
   37   41   38   42   44   47   52   58   65   72   80   88   94  100  104  108
  111  113  115  116  117  118  120  122  126  131  136  139  140  140  138  134
  131  129  128  128  128  127  126  123  118  114  108  103   99   94   90   86
   81   76   70   65   60   55   52   50   49   48   47   47   46   45   44   43
   41   39   38   36   37   38   42   41   37                                   
    55.0-180.0 180.0   5.0 450.0                            LAT/LON1/LON2/DLON/H
   37   41   38   42   44   46   51   56   62   69   76   84   91   97  103  107
  111  113  115  116  116  117  118  121  125  131  136  140  143  143  141  138
  135  132  131  131  131  130  129  126  123  119  114  110  105  101   96   91
   86   80   73   67   61   57   53   50   48   47   45   44   42   41   39   38
   36   34   34   32   34   36   40   40   37                                   
    52.5-180.0 180.0   5.0 450.0                            LAT/LON1/LON2/DLON/H
   39   43   41   45   47   50   53   57   63   68   75   82   88   95  101  106
  109  112  114  114  114  114  116  119  123  129  135  140  143  144  142  140
  137  135  134  134  135  135  134  132  129  126  122  118  113  108  103   98
   92   86   79   72   66   61   57   54   51   48   46   43   40   38   36   34
   32   31   31   30   33   36   41   39   39                                   
    50.0-180.0 180.0   5.0 450.0                            LAT/LON1/LON2/DLON/H
   41   45   44   49   52   55   59   62   66   71   76   82   88   94  100  105
  108  111  112  112  112  112  113  116  121  127  133  138  142  143  142  141
  139  138  138  139  140  141  140  139  137  135  131  127  122  116  111  105
   98   92   85   79   73   68   64   61   57   54   50   45   41   38   35   32
   31   29   30   29   33   36   42   41   41                                   
    47.5-180.0 180.0   5.0 450.0                            LAT/LON1/LON2/DLON/H
   43   47   46   53   56   61   65   69   73   76   80   85   90   95  100  105
  108  110  111  111  110  110  112  115  119  125  131  136  139  141  141  141
  141  142  143  145  147  149  149  149  148  145  141  137  131  124  117  111
  105   99   93   87   82   78   74   71   67   62   57   51   46   41   37   34
   32   31   32   31   35   38   44   42   43                                   
    45.0-180.0 180.0   5.0 450.0                            LAT/LON1/LON2/DLON/H
   43   48   46   54   59   66   71   76   80   84   87   91   95   99  104  107
  110  111  111  110  109  110  112  115  120  125  130  135  138  140  141  143
  145  147  150  153  156  158  160  160  159  156  152  147  139  132  124  117
  111  106  100   96   91   88   85   82   78   73   67   60   54   48   44   40
   37   36   36   35   39   41   46   44   43                                   
    42.5-180.0 180.0   5.0 450.0                            LAT/LON1/LON2/DLON/H
   42   47   45   54   60   68   75   83   88   93   96  100  103  107  110  112
  113  113  113  111  111  112  114  118  124  129  133  136  139  141  144  147
  150  154  158  162  166  169  171  171  171  168  163  157  148  139  131  123
  117  112  108  103  100   97   95   92   88   83   77   71   65   59   54   49
   46   43   43   42   43   45   48   47   42                                   
    40.0-180.0 180.0   5.0 450.0                            LAT/LON1/LON2/DLON/H
   41   44   42   51   58   67   77   86   94  101  106  110  113  116  118  119
  119  118  116  115  114  116  119  125  131  136  139  142  144  146  149  154
  158  163  168  172  177  180  182  183  182  179  174  167  158  148  138  130
  124  118  114  109  106  103  101   99   96   92   87   81   76   71   65   61
   57   53   52   50   50   50   51   49   41                                   
    37.5-180.0 180.0   5.0 450.0                            LAT/LON1/LON2/DLON/H
   41   42   38   48   54   64   75   87   98  108  115  121  125  127  128  128
  126  124  122  120  120  122  127  133  140  145  149  151  152  155  159  164
  169  174  179  184  188  192  194  195  194  191  186  178  168  157  147  138
  131  125  119  114  109  106  104  102  100   96   93   89   86   82   77   73
   68   64   62   59   57   55   55   52   41                                   
    35.0-180.0 180.0   5.0 450.0                            LAT/LON1/LON2/DLON/H
   43   42   36   45   51   60   72   86  100  113  123  130  135  138  138  137
  134  131  128  126  126  129  135  142  150  157  161  163  164  167  171  177
  182  187  192  197  201  205  207  208  207  204  198  191  181  170  158  148
  139  132  124  117  111  107  104  102  100   98   95   94   92   90   87   83
   78   74   72   68   64   61   59   56   43                                   
    32.5-180.0 180.0   5.0 450.0                            LAT/LON1/LON2/DLON/H
   48   45   38   45   49   56   68   84  100  115  128  138  144  147  147  144
  141  138  135  133  133  137  143  151  160  168  173  176  178  182  187  193
  198  204  209  213  218  221  223  223  222  219  213  206  196  185  172  161
  150  140  130  121  113  107  104  102   99   97   95   95   95   95   93   90
   86   83   80   77   72   68   65   60   48                                   
    30.0-180.0 180.0   5.0 450.0                            LAT/LON1/LON2/DLON/H
   56   52   43   48   50   56   67   82   99  116  131  142  150  153  153  150
  147  143  141  140  141  144  150  159  168  177  184  189  193  198  204  211
  217  223  229  234  238  242  243  242  240  237  232  224  214  202  189  176
  163  150  138  126  117  110  106  103  100   97   94   94   95   96   96   95
   92   89   88   84   80   75   72   66   56                                   
    27.5-180.0 180.0   5.0 450.0                            LAT/LON1/LON2/DLON/H
   67   61   52   54   55   59   68   82   99  116  132  144  153  156  156  153
  150  148  147  147  148  151  156  164  174  184  193  200  207  215  223  232
  240  247  253  259  264  267  268  266  263  259  253  245  234  222  208  193
  177  163  148  135  125  118  113  110  105  100   95   94   95   96   97   97
   95   94   94   91   87   82   79   72   67                                   
    25.0-180.0 180.0   5.0 450.0                            LAT/LON1/LON2/DLON/H
   78   71   62   62   62   66   73   85  100  116  132  145  153  157  158  155
  154  153  154  155  157  159  163  170  179  190  201  211  222  232  243  254
  265  274  282  289  294  297  297  295  291  285  277  268  256  243  227  211
  194  178  163  149  138  131  127  122  116  107  100   96   95   96   98   99
   98   99   99   97   94   89   87   80   78                                   
    22.5-180.0 180.0   5.0 450.0                            LAT/LON1/LON2/DLON/H
   86   80   71   71   71   75   81   91  104  118  132  145  154  158  159  158
  158  159  162  165  167  169  171  176  185  196  210  223  237  251  265  279
  293  305  315  323  328  330  329  326  320  313  303  292  279  264  247  230
  213  196  180  167  157  151  147  141  132  120  109  102   99   99  100  101
  101  103  104  103  101   96   94   88   86                                   
    20.0-180.0 180.0   5.0 450.0                            LAT/LON1/LON2/DLON/H
   92   87   78   78   78   83   89   98  110  122  135  146  155  160  162  163
  165  170  175  180  182  182  183  186  194  206  221  237  254  271  289  306
  323  337  348  357  362  363  361  357  350  341  329  315  299  283  266  249
  232  216  201  188  179  174  171  165  154  138  123  112  106  104  104  105
  106  108  109  107  106  101   99   94   92                                   
    17.5-180.0 180.0   5.0 450.0                            LAT/LON1/LON2/DLON/H
   94   90   82   82   83   89   96  105  117  128  140  151  159  165  169  172
  178  185  193  199  201  201  200  201  208  220  236  254  274  294  314  334
  352  368  381  389  392  393  390  386  378  367  353  336  318  300  283  266
  251  236  221  210  201  197  195  189  177  158  139  125  116  112  111  111
  111  113  114  111  109  103  101   98   94                                   
    15.0-180.0 180.0   5.0 450.0                            LAT/LON1/LON2/DLON/H
   93   90   82   83   86   93  103  112  124  136  147  158  167  175  181  187
  195  206  215  222  225  224  222  222  228  240  256  276  297  318  340  361
  380  396  408  415  417  416  413  408  400  388  372  352  332  313  297  282
  268  254  240  229  221  217  215  210  197  178  156  139  128  123  120  119
  118  119  119  114  111  104  101   99   93                                   
    12.5-180.0 180.0   5.0 450.0                            LAT/LON1/LON2/DLON/H
   89   88   81   82   87   95  108  119  133  144  156  167  178  188  197  206
  218  230  241  249  251  250  248  248  254  265  281  301  322  344  365  386
  404  419  428  432  432  429  426  422  414  402  384  362  341  322  307  293
  281  268  254  242  233  229  227  222  210  191  169  151  139  133  129  126
  124  124  122  116  110  103   99   97   89                                   
    10.0-180.0 180.0   5.0 450.0                            LAT/LON1/LON2/DLON/H
   84   84   77   80   86   95  112  125  141  154  166  179  192  204  216  228
  242  256  267  275  278  277  276  277  282  293  309  327  348  368  388  406
  422  433  438  439  436  432  429  426  419  407  388  366  344  326  312  300
  288  274  260  245  234  229  226  223  213  195  175  158  147  140  135  132
  129  127  124  116  109  100   96   94   84                                   
     7.5-180.0 180.0   5.0 450.0                            LAT/LON1/LON2/DLON/H
   80   80   74   77   84   94  114  130  148  163  177  192  207  221  236  250
  265  280  291  299  302  302  302  305  311  321  336  353  372  390  406  421
