data/edconvlstm_nd/pred0370.15i
     1.0            IONOSPHERE MAPS     GNSS                IONEX VERSION / TYPE
pyspatialgeodesy        IME             05-JAN-18 20:20     PGM / RUN BY / DATE 
Map Name                                                    COMMENT             
Predicted global ionosphere maps (GIM).                     DESCRIPTION         
  2015     2     6     0     0     0                        EPOCH OF FIRST MAP  
  2015     2     7     0     0     0                        EPOCH OF LAST MAP   
  7200                                                      INTERVAL            
    13                                                      # OF MAPS IN FILE   
  NONE                                                      MAPPING FUNCTION    
10.0                                                        ELEVATION CUTOFF    
One-way carrier phase leveled to code                       OBSERVABLES USED    
  6371.0                                                    BASE RADIUS         
 2                                                          MAP DIMENSION       
   450.0 450.0   0.0                                        HGT1 / HGT2 / DHGT  
    87.5 -87.5  -2.5                                        LAT1 / LAT2 / DLAT  
  -180.0 180.0   5.0                                        LON1 / LON2 / DLON  
    -1                                                      EXPONENT            
                                                            END OF HEADER       
[from data line 429]
     2                                                      START OF TEC MAP    
  2015     2     6     2     0     0                        EPOCH OF CURRENT MAP
    87.5-180.0 180.0   5.0 450.0                            LAT/LON1/LON2/DLON/H
  128  136  140  142  143  142  140  140  143  144  146  147  148  149  149  148
  147  146  144  142  139  136  133  129  126  122  119  116  113  110  108  106
  104  103  102  101  100  100  100  100  101  102  102  103  104  105  106  107
  108  108  109  110  110  111  112  112  113  114  115  116  116  117  117  119
  121  123  122  122  124  127  129  117  128                                   
    85.0-180.0 180.0   5.0 450.0                            LAT/LON1/LON2/DLON/H
  138  148  132  142  146  146  145  146  147  149  150  151  152  152  152  151
  149  146  143  140  135  130  125  120  115  109  104  100   95   92   89   86
   84   83   82   82   83   83   85   86   88   90   93   95   97   99  101  103
  104  106  107  108  109  111  112  113  114  116  117  118  120  121  122  125
  128  130  129  132  131  132  133  125  138                                   
    82.5-180.0 180.0   5.0 450.0                            LAT/LON1/LON2/DLON/H
  147  145  153  149  151  152  151  152  155  157  157  159  159  160  159  157
  155  151  147  142  135  128  121  113  105   97   90   84   78   73   69   67
   65   64   64   64   66   68   70   74   77   81   85   88   92   95   98  100
  102  104  106  107  109  110  112  114  116  118  120  122  124  126  129  132
  135  137  136  136  143  134  133  130  147                                   
    80.0-180.0 180.0   5.0 450.0                            LAT/LON1/LON2/DLON/H
  163  158  153  149  154  152  155  156  159  160  160  162  163  163  162  160
  158  154  148  142  134  125  116  106   96   87   78   70   64   59   55   52
   51   51   51   53   55   58   62   65   70   74   79   83   87   90   93   95
   97   99  100  102  103  105  107  109  111  114  118  121  125  129  132  137
  141  142  143  145  159  152  155  147  163                                   
    77.5-180.0 180.0   5.0 450.0                            LAT/LON1/LON2/DLON/H
  180  173  166  165  162  161  163  165  166  166  166  167  167  167  166  164
  160  156  150  143  135  126  115  105   94   84   75   67   61   56   52   50
   50   50   52   55   58   62   66   70   75   80   84   88   91   93   95   97
   97   98   98   99  100  102  104  107  111  115  120  125  131  136  142  148
  153  158  159  164  175  170  172  167  180                                   
    75.0-180.0 180.0   5.0 450.0                            LAT/LON1/LON2/DLON/H
  198  193  184  183  176  174  172  171  170  168  166  165  163  161  158  154
  150  145  140  134  127  119  110  101   92   83   75   68   63   59   56   55
   55   56   58   61   64   67   71   75   78   82   85   87   88   89   90   89
   89   88   88   88   89   91   94   98  104  110  117  124  132  140  149  157
  164  171  175  177  189  192  193  189  198                                   
    72.5-180.0 180.0   5.0 450.0                            LAT/LON1/LON2/DLON/H
  217  218  210  205  198  192  188  184  180  175  169  165  160  154  148  142
  136  131  127  122  117  112  106  100   93   87   81   75   71   68   67   66
   67   68   70   72   74   77   80   82   85   86   88   88   88   88   86   85
   83   82   81   81   83   86   91   97  105  114  123  133  143  153  163  174
  182  191  198  202  212  214  216  213  217                                   
    70.0-180.0 180.0   5.0 450.0                            LAT/LON1/LON2/DLON/H
  248  248  239  233  223  215  207  200  194  185  176  167  156  145  135  126
  118  113  109  107  105  104  101   98   95   91   87   84   81   79   78   77
   78   78   79   80   81   82   83   84   85   86   85   85   84   82   80   77
   76   74   74   75   78   84   91  100  111  123  135  147  158  169  180  191
  200  209  218  224  235  240  245  239  248                                   
    67.5-180.0 180.0   5.0 450.0                            LAT/LON1/LON2/DLON/H
  270  273  262  254  244  233  222  213  204  192  180  167  152  136  121  109
   99   94   91   91   93   94   96   96   95   93   91   88   85   83   82   81
   81   80   79   79   78   77   77   76   76   75   75   73   72   70   67   65
   64   64   65   68   74   82   93  106  120  135  149  163  175  185  195  205
  213  221  230  237  249  257  263  259  270                                   
    65.0-180.0 180.0   5.0 450.0                            LAT/LON1/LON2/DLON/H
  287  292  280  270  260  248  235  225  215  202  188  172  153  133  114   99
   88   81   79   81   84   89   93   95   96   95   93   90   87   85   82   81
   79   77   75   72   70   68   67   66   65   65   64   63   61   60   58   57
   57   58   61   67   75   87  101  118  136  154  170  184  195  203  211  218
  224  230  239  245  257  267  277  274  287                                   
    62.5-180.0 180.0   5.0 450.0                            LAT/LON1/LON2/DLON/H
  297  304  294  281  272  259  245  235  225  212  197  180  159  137  116   98
   85   77   75   77   82   87   92   95   96   95   91   88   84   81   78   76
   73   70   67   63   60   58   56   56   56   56   56   56   55   53   52   52
   53   56   61   69   81   96  114  135  156  176  193  206  216  222  227  231
  234  237  244  250  261  273  285  283  297                                   
    60.0-180.0 180.0   5.0 450.0                            LAT/LON1/LON2/DLON/H
  303  310  301  285  277  263  248  237  228  215  200  184  165  143  122  104
   90   82   78   79   83   88   92   93   92   89   84   79   75   71   68   66
   63   60   56   53   50   48   48   48   50   51   52   52   52   51   50   50
   52   56   63   74   88  107  128  152  175  196  213  226  234  239  241  243
  244  244  250  254  265  276  289  288  303                                   
    57.5-180.0 180.0   5.0 450.0                            LAT/LON1/LON2/DLON/H
  310  318  309  289  281  265  248  236  226  213  199  185  168  149  131  114
  102   93   88   86   87   89   90   88   85   79   73   67   63   59   57   55
   53   51   48   46   44   43   44   46   49   52   54   54   54   52   51   52
   54   60   68   81   98  119  143  168  192  214  231  243  251  255  257  258
  257  256  261  264  275  282  296  296  310                                   
    55.0-180.0 180.0   5.0 450.0                            LAT/LON1/LON2/DLON/H
  324  331  322  298  289  271  251  236  222  207  193  180  166  152  138  126
  114  105   98   93   90   88   85   81   75   68   62   56   52   50   48   47
   47   46   45   44   44   44   47   50   55   58   61   61   60   58   56   57
   60   66   76   90  108  131  156  182  206  228  245  257  266  270  273  275
  273  273  278  279  290  295  307  307  324                                   
    52.5-180.0 180.0   5.0 450.0                            LAT/LON1/LON2/DLON/H
  345  352  339  315  305  285  261  240  221  201  185  172  161  151  142  133
  125  116  106   98   91   85   80   74   67   61   54   50   47   45   45   46
   46   47   48   49   50   52   55   60   65   69   71   71   70   67   65   65
   68   75   86  100  119  142  168  194  218  239  256  269  278  284  289  293
  293  294  299  300  310  313  323  323  345                                   
    50.0-180.0 180.0   5.0 450.0                            LAT/LON1/LON2/DLON/H
  369  377  361  337  328  307  280  253  226  201  180  165  155  148  142  137
  129  120  109   99   89   82   76   71   65   59   54   50   48   48   48   50
   52   55   57   60   62   65   68   73   77   81   84   84   82   79   77   77
   80   87   98  113  132  155  180  205  228  249  265  278  288  296  303  309
  312  315  321  323  333  336  343  343  369                                   
    47.5-180.0 180.0   5.0 450.0                            LAT/LON1/LON2/DLON/H
  390  399  381  363  355  334  306  274  241  208  182  164  152  145  141  136
  129  119  107   96   87   81   77   73   69   65   61   58   56   56   57   58
   61   65   69   73   76   79   82   85   90   94   96   97   95   92   90   90
   93  101  112  127  147  169  193  217  239  258  273  285  295  303  311  319
  325  331  338  341  352  356  362  360  390                                   
    45.0-180.0 180.0   5.0 450.0                            LAT/LON1/LON2/DLON/H
  400  410  396  384  378  360  333  300  263  225  194  171  156  147  140  134
  125  114  103   93   87   84   82   82   80   77   74   71   68   66   65   66
   69   74   79   83   87   89   92   95   99  104  107  108  107  105  103  104
  108  116  128  143  162  185  208  231  250  267  280  290  298  305  313  321
  329  337  346  350  362  366  372  370  400                                   
    42.5-180.0 180.0   5.0 450.0                            LAT/LON1/LON2/DLON/H
  399  408  399  392  389  376  354  324  288  249  214  187  168  155  144  134
  123  111  101   95   92   93   95   96   96   93   89   84   78   74   71   70
   73   78   84   89   93   95   97  100  105  110  115  118  118  117  117  118
  123  131  143  160  180  202  225  246  263  277  287  294  300  305  311  318
  325  334  343  350  361  367  374  369  399                                   
    40.0-180.0 180.0   5.0 450.0                            LAT/LON1/LON2/DLON/H
  390  396  388  383  384  376  360  338  307  271  236  208  187  169  154  140
  126  115  107  104  106  109  112  114  112  108  101   93   85   77   72   71
   74   80   87   93   96   98  100  103  108  115  121  126  128  128  128  131
  136  145  159  177  198  221  244  263  278  289  295  300  303  306  310  316
  322  329  339  347  357  365  373  365  390                                   
    37.5-180.0 180.0   5.0 450.0                            LAT/LON1/LON2/DLON/H
  381  381  371  363  365  360  349  335  313  284  255  229  208  188  170  152
  137  127  122  123  127  131  133  130  125  117  107   98   88   80   76   75
   79   85   92   97  100  101  102  105  110  118  126  132  135  136  137  140
  146  157  172  192  216  241  264  282  295  303  308  310  312  314  318  324
  329  336  346  353  364  374  381  369  381                                   
    35.0-180.0 180.0   5.0 450.0                            LAT/LON1/LON2/DLON/H
  384  378  362  345  345  338  329  320  306  285  263  244  225  206  187  168
  153  146  145  149  153  154  150  141  130  120  111  102   95   89   87   88
   92   98  104  107  108  107  107  109  115  123  131  137  140  141  142  146
  152  164  181  204  231  258  282  301  312  319  323  325  327  331  337  345
  352  360  371  378  391  404  409  391  384                                   
    32.5-180.0 180.0   5.0 450.0                            LAT/LON1/LON2/DLON/H
  412  403  377  347  338  325  311  303  293  278  263  249  235  218  200  183
  171  167  170  175  177  171  159  144  131  122  116  113  111  110  111  114
  119  123  125  125  122  119  117  118  122  129  136  141  143  143  143  146
  153  166  186  212  242  273  298  317  329  337  341  345  349  357  367  381
  393  405  420  427  445  459  458  434  412                                   
    30.0-180.0 180.0   5.0 450.0                            LAT/LON1/LON2/DLON/H
  479  467  428  382  361  336  312  297  284  270  258  247  236  222  207  192
  184  183  189  193  190  177  159  142  131  128  130  136  141  146  151  157
  161  162  160  154  146  138  133  131  133  137  141  143  142  140  139  142
  150  164  186  215  249  283  311  332  345  355  361  368  377  390  409  432
  454  476  496  504  527  542  529  502  479                                   
    27.5-180.0 180.0   5.0 450.0                            LAT/LON1/LON2/DLON/H
  583  572  517  457  421  384  344  315  293  273  257  245  233  220  205  193
  188  190  195  197  188  172  153  140  138  145  158  173  187  200  210  217
  220  217  208  194  178  164  153  147  145  145  145  143  139  135  133  135
  143  158  183  215  252  289  321  344  361  373  383  394  409  431  460  495
  531  566  594  606  632  651  628  598  583                                   
    25.0-180.0 180.0   5.0 450.0                            LAT/LON1/LON2/DLON/H
  711  708  644  573  521  471  414  368  330  298  272  251  233  216  200  188
  183  185  188  186  175  160  148  147  157  177  201  227  250  270  285  294
  294  283  264  239  213  191  174  163  156  151  146  140  133  127  124  126
  135  152  178  213  254  295  331  358  380  397  412  428  450  481  521  568
  617  663  698  716  742  774  752  720  711                                   
    22.5-180.0 180.0   5.0 450.0                            LAT/LON1/LON2/DLON/H
  843  852  792  721  653  593  518  453  397  350  309  275  245  219  197  181
  173  172  171  167  158  152  153  168  193  226  261  295  325  350  365  370
  363  343  313  277  243  214  191  175  163  153  144  134  125  118  115  117
  126  145  174  212  256  301  342  376  403  426  447  469  498  536  585  640
  699  752  794  818  840  887  881  853  843                                   
    20.0-180.0 180.0   5.0 450.0                            LAT/LON1/LON2/DLON/H
  954  975  931  871  794  728  643  563  491  428  371  321  276  236  204  180
  167  160  156  152  150  157  176  208  249  294  335  371  399  419  428  425
  409  380  342  301  261  227  202  182  166  152  139  127  117  110  106  109
  119  139  170  210  258  307  352  393  427  457  484  512  545  589  642  703
  765  821  866  897  914  967  985  967  954                                   
    17.5-180.0 180.0   5.0 450.0                            LAT/LON1/LON2/DLON/H
 1026 1055 1032  987  912  849  763  678  598  524  453  388  327  272  227  194
  172  160  153  152  161  182  220  270  324  374  411  436  451  457  453  440
  417  385  346  303  263  230  204  183  164  147  133  120  110  103  100  103
  114  135  167  210  259  311  361  407  448  485  518  550  587  632  686  746
  808  860  906  940  956 1000 1034 1032 1026                                   
    15.0-180.0 180.0   5.0 450.0                            LAT/LON1/LON2/DLON/H
 1048 1085 1082 1049  988  935  859  777  699  623  546  470  397  329  271  227
  197  179  172  176  195  233  287  352  411  452  471  473  466  453  436  414
  389  359  324  287  252  223  201  181  162  143  127  114  105   99   96  100
  112  134  166  209  259  313  366  416  463  506  545  580  618  662  712  767
  822  867  909  943  957  987 1024 1040 1048                                   
    12.5-180.0 180.0   5.0 450.0                            LAT/LON1/LON2/DLON/H
 1025 1063 1074 1054 1014  979  918  847  777  707  634  556  478  402  337  284
  246  224  218  227  257  307  375  443  493  511  501  474  443  413  387  363
  341  317  290  261  236  215  198  180  161  141  124  111  102   97   95  100
  112  134  166  209  259  313  368  422  473  520  561  599  637  677  722  768
  813  847  882  913  923  941  973  999 1025                                   
    10.0-180.0 180.0   5.0 450.0                            LAT/LON1/LON2/DLON/H
  969  998 1014 1008  993  978  936  881  825  768  704  633  558  483  416  361
  321  297  291  305  342  400  468  526  551  537  493  440  392  356  330  311
  294  277  258  241  225  212  199  183  163  142  123  110  102   97   96  100
  113  135  168  210  259  313  369  424  476  525  567  605  642  680  718  755
  790  815  842  866  872  882  906  935  969                                   
     7.5-180.0 180.0   5.0 450.0                            LAT/LON1/LON2/DLON/H
  900  912  926  929  935  940  918  882  844  801  751  692  625  558  498  448
  411  389  384  401  439  493  548  580  572  523  453  385  336  307  289  276
