data/edconvlstm_nd/pred0770.15i
     1.0            IONOSPHERE MAPS     GNSS                IONEX VERSION / TYPE
pyspatialgeodesy        IME             05-JAN-18 20:20     PGM / RUN BY / DATE 
Map Name                                                    COMMENT             
Predicted global ionosphere maps (GIM).                     DESCRIPTION         
  2015     3    18     0     0     0                        EPOCH OF FIRST MAP  
  2015     3    19     0     0     0                        EPOCH OF LAST MAP   
  7200                                                      INTERVAL            
    13                                                      # OF MAPS IN FILE   
  NONE                                                      MAPPING FUNCTION    
10.0                                                        ELEVATION CUTOFF    
One-way carrier phase leveled to code                       OBSERVABLES USED    
  6371.0                                                    BASE RADIUS         
 2                                                          MAP DIMENSION       
   450.0 450.0   0.0                                        HGT1 / HGT2 / DHGT  
    87.5 -87.5  -2.5                                        LAT1 / LAT2 / DLAT  
  -180.0 180.0   5.0                                        LON1 / LON2 / DLON  
    -1                                                      EXPONENT            
                                                            END OF HEADER       
[from data line 4719]
    12                                                      START OF TEC MAP    
  2015     3    18    22     0     0                        EPOCH OF CURRENT MAP
    87.5-180.0 180.0   5.0 450.0                            LAT/LON1/LON2/DLON/H
  140  124  104  109  111  111  110  109  110  113  115  117  119  121  123  125
  126  127  127  127  127  126  125  124  123  121  119  117  115  113  111  109
  107  106  104  103  102  101  100  100  100  100  101  102  103  104  106  107
  109  110  112  113  114  115  115  116  116  116  115  115  114  114  113  111
  110  109  106  107  121  116  125  137  140                                   
    85.0-180.0 180.0   5.0 450.0                            LAT/LON1/LON2/DLON/H
  125  113  110  104  102  108  108  111  113  117  120  124  127  130  133  136
  138  139  140  140  140  139  137  136  133  131  128  125  121  118  115  112
  109  106  103  101   99   97   96   96   96   96   98   99  101  103  106  108
  111  113  115  117  119  120  121  121  121  121  121  120  119  118  116  115
  114  112  109  108  115  106  108  112  125                                   
    82.5-180.0 180.0   5.0 450.0                            LAT/LON1/LON2/DLON/H
   87   83   81   78   81   89   93   97  100  106  111  118  123  128  133  136
  139  141  142  141  140  138  136  133  129  125  120  116  111  106  102   97
   93   88   84   81   78   75   73   72   72   73   74   76   79   83   87   90
   94   98  102  105  107  109  110  110  110  109  108  107  105  103  101   98
   96   93   90   95  101  107   96   96   87                                   
    80.0-180.0 180.0   5.0 450.0                            LAT/LON1/LON2/DLON/H
   65   63   66   64   67   72   79   87   95  103  111  120  128  135  141  145
  148  150  150  149  146  143  139  134  129  123  117  111  105   99   93   87
   82   76   71   66   61   57   54   53   52   53   55   58   62   68   73   80
   86   92   97  102  105  107  108  109  108  107  105  103  100   97   94   91
   88   84   81   81   84   81   74   88   65                                   
    77.5-180.0 180.0   5.0 450.0                            LAT/LON1/LON2/DLON/H
   65   59   64   61   67   74   82   91  101  112  122  133  143  151  158  162
  164  165  163  161  157  153  148  142  136  130  123  117  111  105   99   93
   87   81   75   68   62   57   52   49   47   47   48   51   56   62   69   77
   84   91   98  103  107  109  110  110  108  106  103  100   97   93   90   87
   83   80   78   78   84   80   77  102   65                                   
    75.0-180.0 180.0   5.0 450.0                            LAT/LON1/LON2/DLON/H
   72   67   67   64   70   78   86   96  109  122  134  146  156  164  169  172
  172  170  167  163  158  153  148  143  137  132  127  121  116  111  107  102
   96   91   85   78   71   65   58   53   50   48   49   52   56   62   70   78
   86   94  101  106  109  111  111  109  106  103  100   96   93   90   88   86
   83   81   81   78   81   78   77   94   72                                   
    72.5-180.0 180.0   5.0 450.0                            LAT/LON1/LON2/DLON/H
   85   80   80   80   82   90   99  110  122  136  150  162  172  179  182  182
  179  174  168  163  157  152  147  143  138  134  130  125  122  118  115  111
  108  103   98   92   85   78   71   64   59   56   56   57   61   66   73   81
   89   97  103  107  110  111  110  107  104  100   96   93   90   88   87   86
   84   85   86   84   88   87   89  110   85                                   
    70.0-180.0 180.0   5.0 450.0                            LAT/LON1/LON2/DLON/H
  102   96   94   91   92   99  107  119  133  148  162  174  182  186  186  181
  175  167  159  152  147  143  140  137  135  132  130  127  124  122  120  119
  117  114  110  105   99   92   85   79   73   69   67   67   70   74   79   86
   92   98  103  107  108  107  105  101   97   93   89   86   85   84   85   86
   86   88   91   92   97   96  101  119  102                                   
    67.5-180.0 180.0   5.0 450.0                            LAT/LON1/LON2/DLON/H
  117  111  109  107  107  113  121  133  147  163  177  189  195  196  192  184
  173  162  153  145  141  138  137  137  136  134  132  129  127  125  123  122
  121  120  118  114  110  104   98   92   87   83   81   80   81   83   87   92
   96  101  104  106  107  105  102   98   94   90   87   85   85   85   88   90
   91   94   97   99  104  104  108  125  117                                   
    65.0-180.0 180.0   5.0 450.0                            LAT/LON1/LON2/DLON/H
  122  117  114  113  112  118  125  137  152  168  182  193  198  196  188  176
  162  149  139  132  129  129  130  131  132  131  129  126  123  120  118  117
  117  116  114  112  109  106  102   98   95   92   90   89   88   89   90   92
   94   97   98   99   98   96   93   89   85   82   79   79   80   81   85   88
   89   93   96   99  106  107  112  128  122                                   
    62.5-180.0 180.0   5.0 450.0                            LAT/LON1/LON2/DLON/H
  119  116  114  114  114  119  126  138  153  170  183  194  197  193  183  169
  154  140  130  124  122  124  126  128  129  127  124  120  115  111  109  106
  105  103  102  100   98   96   95   94   93   93   92   91   91   90   89   89
   89   90   90   90   89   87   84   81   78   75   74   74   76   79   82   85
   86   89   91   93  100  102  107  124  119                                   
    60.0-180.0 180.0   5.0 450.0                            LAT/LON1/LON2/DLON/H
  112  111  111  112  111  116  122  134  149  166  180  190  192  188  177  163
  147  134  124  119  118  120  122  124  124  121  117  112  107  103   98   95
   92   89   87   85   83   83   83   85   87   89   90   91   90   88   86   84
   83   82   81   81   80   78   76   73   71   69   69   70   73   76   79   81
   82   83   84   85   93   97  103  120  112                                   
    57.5-180.0 180.0   5.0 450.0                            LAT/LON1/LON2/DLON/H
  105  107  109  110  110  114  119  130  144  160  174  184  187  183  173  160
  146  134  125  120  119  119  120  119  117  114  110  106  101   96   91   86
   82   77   73   70   69   69   71   74   78   82   85   86   86   83   81   78
   75   74   73   73   73   72   70   68   66   65   66   67   70   73   76   78
   78   79   79   80   87   93  100  117  105                                   
    55.0-180.0 180.0   5.0 450.0                            LAT/LON1/LON2/DLON/H
  106  110  114  114  114  117  121  129  142  156  169  179  183  181  174  163
  152  141  132  127  123  120  117  114  110  107  104  101   99   95   91   86
   80   73   68   63   61   61   63   67   71   76   79   81   81   79   76   73
   70   69   69   69   69   68   67   65   64   63   64   66   69   72   75   78
   78   79   80   80   88   96  102  119  106                                   
    52.5-180.0 180.0   5.0 450.0                            LAT/LON1/LON2/DLON/H
  117  122  126  125  126  127  128  134  144  156  167  176  181  182  178  171
  162  152  144  136  129  123  116  109  104  101  100  101  102  102   99   94
   87   80   73   68   65   64   65   67   70   73   76   77   77   75   73   70
   69   68   68   69   69   68   67   65   64   63   63   65   68   72   76   79
   81   84   86   88   97  106  113  130  117                                   
    50.0-180.0 180.0   5.0 450.0                            LAT/LON1/LON2/DLON/H
  139  143  147  145  146  145  143  146  152  161  169  178  183  186  186  182
  176  167  158  148  139  129  118  109  103  100  102  107  112  115  115  111
  104   97   91   86   83   80   78   76   76   76   77   77   76   75   73   72
   71   71   72   72   72   71   69   67   65   63   63   65   68   73   78   83
   87   93   98  102  113  124  132  147  139                                   
    47.5-180.0 180.0   5.0 450.0                            LAT/LON1/LON2/DLON/H
  168  170  173  171  171  168  164  164  166  171  176  182  188  192  195  194
  190  183  173  163  152  140  128  117  109  108  112  119  127  132  133  130
  126  122  119  116  112  108  102   96   90   86   83   80   79   77   76   76
   76   77   78   77   76   74   72   69   67   65   65   66   70   74   81   88
   94  104  113  121  135  146  155  170  168                                   
    45.0-180.0 180.0   5.0 450.0                            LAT/LON1/LON2/DLON/H
  197  198  199  198  197  195  188  185  184  184  185  188  193  199  204  205
  202  196  189  180  170  159  147  136  128  126  130  137  144  149  150  149
  148  149  151  152  150  144  134  122  111  101   93   89   85   83   82   82
   83   84   84   83   80   78   75   72   69   68   67   69   73   78   85   93
  102  115  127  139  157  169  178  194  197                                   
    42.5-180.0 180.0   5.0 450.0                            LAT/LON1/LON2/DLON/H
  221  220  221  222  222  219  211  207  202  198  195  196  199  205  210  212
  211  208  203  200  195  188  178  167  158  154  155  159  163  164  164  164
  167  174  182  188  190  183  170  153  135  120  109  101   95   92   90   89
   89   89   88   86   82   79   76   74   72   71   72   74   78   84   91  100
  109  123  137  152  173  186  196  214  221                                   
    40.0-180.0 180.0   5.0 450.0                            LAT/LON1/LON2/DLON/H
  236  237  238  241  242  239  232  226  219  212  205  203  204  209  214  217
  217  217  218  222  225  225  219  209  198  190  186  185  183  180  177  178
  184  196  210  222  227  221  206  184  162  142  127  116  109  103   99   96
   94   92   90   86   82   79   77   76   76   76   78   81   85   91   98  106
  114  128  143  159  182  196  206  228  236                                   
    37.5-180.0 180.0   5.0 450.0                            LAT/LON1/LON2/DLON/H
  246  250  254  258  260  257  251  245  236  226  216  211  210  213  217  220
  222  226  234  246  259  266  265  256  243  231  222  214  206  198  191  191
  200  216  236  252  260  254  238  214  189  167  149  135  125  116  108  102
   98   94   90   85   81   78   77   78   80   83   85   89   94  100  106  112
  118  130  145  160  183  199  210  235  246                                   
    35.0-180.0 180.0   5.0 450.0                            LAT/LON1/LON2/DLON/H
  256  264  274  277  281  278  273  266  256  244  231  222  219  220  222  224
  228  236  251  271  291  306  309  301  287  273  260  248  234  219  209  207
  218  239  263  282  290  285  267  243  217  193  174  157  144  131  119  109
  102   95   90   85   81   79   80   82   86   90   95  100  105  110  115  119
  122  132  145  159  180  197  211  239  256                                   
    32.5-180.0 180.0   5.0 450.0                            LAT/LON1/LON2/DLON/H
  274  287  302  303  310  306  303  294  283  268  253  242  236  233  233  234
  239  250  270  295  320  338  344  338  326  313  299  284  265  246  232  231
  245  269  295  314  320  313  294  269  244  221  201  182  165  148  132  118
  107   99   93   88   85   84   86   90   95  100  106  111  117  122  125  128
  129  137  148  160  180  199  216  246  274                                   
    30.0-180.0 180.0   5.0 450.0                            LAT/LON1/LON2/DLON/H
  303  321  340  340  349  345  343  333  321  304  286  272  263  258  254  253
  258  270  291  318  343  360  367  364  357  348  337  323  303  281  267  268
  286  312  336  350  350  338  317  294  271  249  229  209  189  168  148  131
  117  108  101   96   94   94   96  100  106  112  118  124  131  136  140  141
  142  149  159  171  189  211  232  262  303                                   
    27.5-180.0 180.0   5.0 450.0                            LAT/LON1/LON2/DLON/H
  346  367  389  388  400  397  396  384  371  352  333  317  304  295  288  284
  287  297  316  338  359  373  379  380  378  377  373  364  349  331  320  325
  343  366  382  385  376  358  336  315  295  275  256  235  212  189  166  147
  131  121  115  111  109  108  109  113  117  122  129  137  144  151  157  160
  162  171  182  195  212  238  264  292  346                                   
    25.0-180.0 180.0   5.0 450.0                            LAT/LON1/LON2/DLON/H
  400  422  444  445  462  460  460  447  433  413  392  374  358  345  334  327
  326  333  345  359  371  378  383  388  395  403  411  412  405  395  391  398
  413  425  426  415  394  370  348  330  314  297  278  256  233  208  185  164
  149  139  133  129  127  125  124  124  126  130  137  146  156  166  175  183
  190  203  215  231  250  279  310  334  400                                   
    22.5-180.0 180.0   5.0 450.0                            LAT/LON1/LON2/DLON/H
  457  479  501  507  530  531  532  520  505  484  461  441  423  406  391  380
  375  376  380  383  385  385  388  397  413  433  452  466  470  469  470  474
  479  475  459  433  403  375  354  339  326  312  293  271  247  223  200  181
  166  157  152  149  146  142  138  135  133  135  141  151  164  178  193  208
  220  240  257  276  296  328  363  381  457                                   
    20.0-180.0 180.0   5.0 450.0                            LAT/LON1/LON2/DLON/H
  508  530  552  564  595  601  605  595  581  560  537  516  495  475  456  442
  434  430  425  418  409  403  404  417  440  470  500  522  535  538  537  533
  523  504  473  437  401  372  353  341  332  319  300  277  253  231  211  194
  181  174  170  167  163  157  150  143  138  138  144  154  170  188  210  231
  251  278  299  321  342  375  414  427  508                                   
    17.5-180.0 180.0   5.0 450.0                            LAT/LON1/LON2/DLON/H
  545  566  588  607  645  658  668  663  652  633  611  591  569  547  526  510
  500  492  483  468  451  439  440  455  484  518  551  574  585  584  574  558
  536  505  467  427  390  362  346  338  331  317  297  274  251  232  215  202
  191  185  182  180  175  168  158  148  141  140  144  156  174  198  225  254
  281  313  337  361  381  415  456  466  545                                   
    15.0-180.0 180.0   5.0 450.0                            LAT/LON1/LON2/DLON/H
  563  582  605  627  672  693  710  711  708  694  677  658  638  616  595  579
  569  562  551  533  513  499  499  516  544  574  599  612  611  597  576  549
  518  483  444  405  371  349  337  332  325  311  289  264  242  226  213  202
  194  189  187  185  181  173  162  151  142  140  144  157  178  206  239  274
  306  341  368  390  409  443  485  492  563                                   
    12.5-180.0 180.0   5.0 450.0                            LAT/LON1/LON2/DLON/H
  565  582  605  629  678  704  728  737  742  736  725  712  696  677  658  644
  638  633  625  610  592  579  580  594  614  632  639  632  612  583  550  517
  483  449  413  380  354  338  331  328  320  303  278  252  231  216  205  197
  190  186  184  183  180  173  162  151  142  139  143  156  180  212  251  291
  326  362  389  410  427  459  500  506  565                                   
    10.0-180.0 180.0   5.0 450.0                            LAT/LON1/LON2/DLON/H
  558  575  597  621  670  700  729  743  756  758  755  749  738  724  709  700
  699  700  698  689  677  669  670  677  684  682  666  635  596  554  514  478
  446  416  388  363  345  336  332  328  317  296  269  242  221  206  195  187
  181  177  176  176  174  169  160  150  141  137  141  155  180  217  260  303
  340  376  403  422  436  468  507  514  558                                   
     7.5-180.0 180.0   5.0 450.0                            LAT/LON1/LON2/DLON/H
  551  571  593  614  661  691  721  738  756  765  769  770  765  757  748  744
  748  756  761  761  756  753  752  751  742  719  679  628  573  523  482  449
