data/edconvlstm_nd/pred2110.15i
     1.0            IONOSPHERE MAPS     GNSS                IONEX VERSION / TYPE
pyspatialgeodesy        IME             05-JAN-18 20:20     PGM / RUN BY / DATE 
Map Name                                                    COMMENT             
Predicted global ionosphere maps (GIM).                     DESCRIPTION         
  2015     7    30     0     0     0                        EPOCH OF FIRST MAP  
  2015     7    31     0     0     0                        EPOCH OF LAST MAP   
  7200                                                      INTERVAL            
    13                                                      # OF MAPS IN FILE   
  NONE                                                      MAPPING FUNCTION    
10.0                                                        ELEVATION CUTOFF    
One-way carrier phase leveled to code                       OBSERVABLES USED    
  6371.0                                                    BASE RADIUS         
 2                                                          MAP DIMENSION       
   450.0 450.0   0.0                                        HGT1 / HGT2 / DHGT  
    87.5 -87.5  -2.5                                        LAT1 / LAT2 / DLAT  
  -180.0 180.0   5.0                                        LON1 / LON2 / DLON  
    -1                                                      EXPONENT            
                                                            END OF HEADER       
[from data line 858]
     3                                                      START OF TEC MAP    
  2015     7    30     4     0     0                        EPOCH OF CURRENT MAP
    87.5-180.0 180.0   5.0 450.0                            LAT/LON1/LON2/DLON/H
  132  136  137  141  141  139  137  135  136  136  136  137  137  136  136  136
  135  135  134  133  132  131  129  128  127  125  124  123  122  120  119  118
  117  117  116  116  115  115  115  115  115  115  115  116  116  117  117  118
  119  119  120  120  121  121  121  122  122  122  122  122  122  122  122  123
  125  127  126  127  132  134  136  127  132                                   
    85.0-180.0 180.0   5.0 450.0                            LAT/LON1/LON2/DLON/H
  136  148  140  146  149  149  149  148  149  149  149  149  149  149  148  147
  147  146  144  143  142  140  138  137  135  133  131  130  128  127  126  124
  123  123  122  121  121  121  121  121  121  121  122  123  124  124  125  126
  127  128  129  130  130  131  131  132  132  132  132  133  133  132  132  133
  135  137  134  137  135  137  139  132  136                                   
    82.5-180.0 180.0   5.0 450.0                            LAT/LON1/LON2/DLON/H
  146  149  154  150  150  152  153  153  154  154  153  153  153  152  151  150
  149  148  146  144  142  140  138  136  133  131  129  127  125  123  122  121
  120  119  119  119  118  118  119  119  120  121  122  123  125  126  128  129
  131  132  134  135  135  136  137  137  137  137  137  137  137  136  136  137
  137  138  135  137  143  136  134  127  146                                   
    80.0-180.0 180.0   5.0 450.0                            LAT/LON1/LON2/DLON/H
  149  150  145  144  147  149  152  153  154  153  152  151  150  149  148  147
  145  143  141  139  137  134  132  129  126  123  121  118  117  115  114  113
  112  112  112  112  112  113  113  114  115  116  118  120  123  125  128  130
  132  134  136  137  138  139  139  139  139  139  138  137  137  136  135  135
  135  133  132  134  142  139  142  128  149                                   
    77.5-180.0 180.0   5.0 450.0                            LAT/LON1/LON2/DLON/H
  145  145  142  145  144  149  153  154  154  152  150  149  147  145  144  142
  140  138  136  134  132  129  126  123  119  116  114  112  110  109  108  108
  108  109  110  110  111  112  113  114  116  118  120  123  127  130  133  137
  140  142  144  145  146  147  147  146  146  145  144  143  141  140  138  137
  136  135  130  133  138  133  133  129  145                                   
    75.0-180.0 180.0   5.0 450.0                            LAT/LON1/LON2/DLON/H
  137  140  135  140  139  145  148  149  148  146  142  141  138  135  133  131
  129  127  125  123  121  118  115  112  108  105  102  100   98   98   98   99
  100  101  103  104  106  107  108  110  112  114  117  121  125  130  134  138
  142  144  146  147  147  147  147  146  145  144  143  142  141  139  138  137
  134  132  129  125  129  126  127  125  137                                   
    72.5-180.0 180.0   5.0 450.0                            LAT/LON1/LON2/DLON/H
  130  138  134  138  140  145  148  148  147  144  140  137  134  130  127  125
  123  122  120  119  117  114  111  107  103  100   97   95   93   93   95   96
   99  102  104  106  108  110  112  114  116  119  123  128  133  138  143  147
  151  153  154  154  154  153  152  150  150  149  148  148  147  146  145  144
  142  139  136  133  132  127  126  124  130                                   
    70.0-180.0 180.0   5.0 450.0                            LAT/LON1/LON2/DLON/H
  131  135  133  135  137  141  143  144  142  139  134  131  126  122  119  117
  115  113  112  111  109  107  103   99   95   91   88   86   85   86   88   91
   94   98  101  104  107  109  111  113  116  119  124  129  135  141  147  151
  154  156  156  154  152  150  148  147  146  146  146  147  148  148  148  148
  146  142  139  136  135  130  130  126  131                                   
    67.5-180.0 180.0   5.0 450.0                            LAT/LON1/LON2/DLON/H
  128  133  130  132  132  136  138  137  136  132  127  124  119  115  111  109
  107  105  104  103  101   99   95   91   87   83   80   78   77   78   80   84
   88   92   95   99  102  104  106  108  112  116  121  128  134  141  147  150
  153  153  151  148  145  142  139  138  137  138  140  142  144  146  147  148
  147  144  141  138  136  132  130  128  128                                   
    65.0-180.0 180.0   5.0 450.0                            LAT/LON1/LON2/DLON/H
  129  132  128  129  129  132  133  133  131  128  123  120  116  111  107  104
  102  100   99   97   95   93   89   85   81   77   74   73   72   74   76   79
   83   87   91   94   97   99  102  105  109  114  121  128  135  142  148  151
  152  151  147  143  139  135  132  130  130  132  135  139  142  145  148  150
  150  147  145  142  140  136  135  133  129                                   
    62.5-180.0 180.0   5.0 450.0                            LAT/LON1/LON2/DLON/H
  131  135  129  129  127  129  130  129  127  124  120  118  114  109  105  102
   99   96   94   92   90   87   83   79   76   73   71   70   70   71   73   76
   79   82   85   88   91   94   97  101  106  113  120  129  137  144  149  152
  152  149  145  140  135  130  127  126  127  129  133  137  142  146  149  152
  152  151  149  146  145  141  141  139  131                                   
    60.0-180.0 180.0   5.0 450.0                            LAT/LON1/LON2/DLON/H
  134  137  132  130  126  126  126  125  123  120  116  115  111  108  103   99
   95   92   89   86   83   80   76   73   70   68   67   67   69   70   72   73
   75   77   79   81   84   88   92   97  103  111  120  129  138  145  150  152
  152  149  144  140  135  131  128  127  127  129  133  137  142  146  150  153
  153  152  151  149  148  146  146  144  134                                   
    57.5-180.0 180.0   5.0 450.0                            LAT/LON1/LON2/DLON/H
  141  143  136  134  128  127  126  123  120  117  114  112  109  106  102   97
   93   89   85   81   77   73   70   67   65   65   66   68   70   71   72   73
   73   73   74   76   79   83   88   94  102  110  120  131  140  148  153  155
  154  152  149  145  142  139  136  134  134  136  138  142  146  149  152  154
  155  154  153  151  152  151  151  150  141                                   
    55.0-180.0 180.0   5.0 450.0                            LAT/LON1/LON2/DLON/H
  148  150  143  140  133  130  128  123  119  115  111  110  107  104  100   95
   90   85   81   76   72   69   65   63   63   64   66   70   72   74   75   73
   72   70   70   71   74   79   85   92  101  111  122  133  143  151  157  159
  160  159  158  157  155  153  150  148  146  146  147  148  150  152  154  156
  156  155  154  154  155  156  157  156  148                                   
    52.5-180.0 180.0   5.0 450.0                            LAT/LON1/LON2/DLON/H
  158  160  153  150  142  138  134  128  122  116  111  109  105  102   97   93
   88   83   78   74   70   67   64   63   64   66   70   74   77   79   78   76
   72   70   68   70   73   78   85   93  102  113  125  137  147  156  162  166
  169  170  171  172  172  171  168  165  162  159  157  156  156  157  157  158
  158  157  157  157  159  160  162  161  158                                   
    50.0-180.0 180.0   5.0 450.0                            LAT/LON1/LON2/DLON/H
  168  170  164  162  155  149  144  136  129  120  114  110  106  101   97   92
   87   83   79   75   72   70   68   68   69   72   76   81   84   85   84   80
   75   72   70   71   74   80   87   95  105  116  129  141  152  162  169  175
  180  184  187  190  191  191  188  183  177  172  168  165  163  162  161  162
  161  161  161  161  165  166  168  167  168                                   
    47.5-180.0 180.0   5.0 450.0                            LAT/LON1/LON2/DLON/H
  178  181  176  174  168  163  157  148  139  128  120  115  109  104   99   94
   89   86   83   80   78   77   76   77   78   81   85   89   92   92   90   85
   80   76   74   75   78   84   90   99  109  120  133  146  158  169  178  185
  191  197  203  207  209  208  204  198  191  183  177  172  169  167  166  167
  167  167  167  168  171  173  175  173  178                                   
    45.0-180.0 180.0   5.0 450.0                            LAT/LON1/LON2/DLON/H
  187  191  186  185  181  176  171  161  151  139  130  123  117  111  105   99
   95   92   90   88   87   87   87   89   91   93   96   98   99   98   95   90
   85   81   80   81   84   89   95  103  113  125  138  152  165  176  186  195
  203  210  217  221  223  222  217  209  201  192  185  180  176  173  172  174
  174  175  176  177  180  181  183  180  187                                   
    42.5-180.0 180.0   5.0 450.0                            LAT/LON1/LON2/DLON/H
  194  198  194  193  191  187  182  173  163  152  142  136  129  122  115  108
  103  100   98   97   97   98   99  101  103  105  107  107  106  104  100   95
   91   88   87   88   91   95  100  107  117  129  143  157  171  184  195  205
  213  221  227  231  232  230  225  217  208  200  193  188  184  181  181  183
  184  186  187  188  190  190  192  188  194                                   
    40.0-180.0 180.0   5.0 450.0                            LAT/LON1/LON2/DLON/H
  201  204  200  198  197  194  190  183  174  164  155  150  143  136  128  120
  113  109  106  105  105  106  109  112  115  116  116  115  112  108  104  100
   96   94   94   95   96   99  104  111  121  133  148  163  178  191  203  213
  222  229  234  237  238  235  230  224  216  210  204  199  195  192  192  195
  197  199  200  200  202  200  202  198  201                                   
    37.5-180.0 180.0   5.0 450.0                            LAT/LON1/LON2/DLON/H
  208  209  204  200  200  197  195  189  182  174  168  164  158  151  142  132
  124  117  113  110  110  112  116  121  124  125  124  120  116  112  107  104
  101  100   99  100  101  102  106  113  124  137  153  169  184  197  209  219
  228  234  239  241  242  240  237  233  228  224  220  216  211  208  207  210
  212  214  215  215  215  213  214  209  208                                   
    35.0-180.0 180.0   5.0 450.0                            LAT/LON1/LON2/DLON/H
  217  216  209  203  202  199  197  193  189  183  180  177  173  165  155  144
  133  124  117  113  113  115  120  126  130  131  129  125  119  114  109  106
  104  104  103  103  103  104  107  114  126  141  157  174  189  202  214  224
  232  238  243  245  247  248  247  247  246  244  242  238  233  229  227  228
  229  231  232  231  230  227  228  222  217                                   
    32.5-180.0 180.0   5.0 450.0                            LAT/LON1/LON2/DLON/H
  230  227  219  210  208  203  201  198  195  192  190  189  186  178  167  153
  140  128  119  114  113  116  122  129  133  135  133  128  122  116  111  108
  107  106  105  104  103  103  106  114  127  143  161  177  192  205  216  226
  235  242  247  252  256  260  264  267  269  270  268  265  259  253  249  248
  248  249  250  248  247  243  244  238  230                                   
    30.0-180.0 180.0   5.0 450.0                            LAT/LON1/LON2/DLON/H
  248  243  235  224  221  214  211  207  205  202  200  200  196  188  175  160
  144  130  120  114  113  117  123  130  136  137  135  130  124  118  113  109
  108  106  105  103  101  101  105  113  127  144  162  178  192  205  217  227
  237  246  254  261  269  278  285  291  296  298  298  294  288  280  274  271
  269  269  269  266  265  262  263  256  248                                   
    27.5-180.0 180.0   5.0 450.0                            LAT/LON1/LON2/DLON/H
  271  266  258  247  242  233  229  224  220  216  213  210  205  195  180  163
  146  131  120  114  114  119  126  133  138  139  137  132  125  119  114  110
  107  105  103  100   98   98  102  111  126  143  161  176  190  202  215  227
  240  251  263  274  286  298  309  317  323  326  326  322  315  306  299  293
  290  288  288  286  284  282  283  277  271                                   
    25.0-180.0 180.0   5.0 450.0                            LAT/LON1/LON2/DLON/H
  296  292  286  276  270  261  256  248  242  234  227  221  212  199  183  164
  146  131  121  117  118  123  131  137  141  141  138  133  126  119  113  108
  105  102   99   96   93   94   98  108  122  139  156  171  185  198  212  227
  242  258  273  289  305  319  331  340  346  349  348  345  339  330  322  316
  311  309  309  306  304  303  303  298  296                                   
    22.5-180.0 180.0   5.0 450.0                            LAT/LON1/LON2/DLON/H
  320  319  315  308  303  294  288  279  270  258  245  233  219  203  184  165
  146  132  124  122  125  131  138  143  144  142  138  132  125  118  111  105
  100   96   93   90   88   89   94  103  116  133  149  164  178  192  209  226
  245  264  283  302  321  337  349  357  362  364  363  361  357  351  344  338
  333  331  330  327  324  323  322  318  320                                   
    20.0-180.0 180.0   5.0 450.0                            LAT/LON1/LON2/DLON/H
  340  342  342  336  334  328  322  312  300  282  264  245  226  206  186  165
  148  136  130  130  134  141  146  148  147  142  136  129  122  114  106  100
   94   90   87   84   83   84   89   97  109  124  139  155  170  187  206  227
  249  271  292  313  332  348  359  366  370  371  371  371  370  367  363  359
  354  352  352  348  344  341  340  337  340                                   
    17.5-180.0 180.0   5.0 450.0                            LAT/LON1/LON2/DLON/H
  354  358  360  357  358  354  349  340  326  305  281  257  233  210  188  168
  152  142  138  140  145  151  154  152  147  140  132  124  116  108  100   93
   88   84   80   78   78   80   84   91  101  114  130  146  164  183  204  227
  252  276  298  319  337  352  362  368  371  372  374  376  379  380  380  378
  375  374  373  368  361  356  355  353  354                                   
    15.0-180.0 180.0   5.0 450.0                            LAT/LON1/LON2/DLON/H
  361  365  368  368  371  369  366  357  343  320  293  265  238  213  191  172
  158  150  148  150  155  158  158  153  144  134  124  116  108  100   93   87
   82   78   75   73   73   75   79   85   94  105  120  138  158  180  203  229
  254  279  302  322  338  351  360  365  369  372  376  381  386  391  394  395
  394  393  392  386  376  369  367  365  361                                   
    12.5-180.0 180.0   5.0 450.0                            LAT/LON1/LON2/DLON/H
  363  366  368  368  372  371  368  361  347  325  297  268  240  215  194  177
  165  159  157  159  162  162  158  150  138  126  115  106   99   92   87   82
   77   74   70   69   69   71   75   80   87   98  113  132  154  178  203  229
  255  280  302  321  336  348  356  364  370  376  382  388  395  402  407  409
  409  409  407  400  388  377  376  375  363                                   
    10.0-180.0 180.0   5.0 450.0                            LAT/LON1/LON2/DLON/H
  362  363  363  361  364  363  360  353  340  319  293  265  238  215  196  182
  172  167  166  166  165  162  154  142  129  115  105   97   91   86   81   78
   74   71   67   65   65   67   70   75   81   91  106  126  150  176  202  229
  255  280  302  320  335  346  356  366  376  386  394  401  407  413  417  420
  420  420  417  409  395  383  383  381  362                                   
     7.5-180.0 180.0   5.0 450.0                            LAT/LON1/LON2/DLON/H
  362  361  358  353  354  349  345  337  324  305  281  256  233  213  197  186
  178  174  171  168  164  157  146  132  117  104   94   88   83   80   78   75
