data/edconvlstm_nd/pred2100.15i
     1.0            IONOSPHERE MAPS     GNSS                IONEX VERSION / TYPE
pyspatialgeodesy        IME             05-JAN-18 20:20     PGM / RUN BY / DATE 
Map Name                                                    COMMENT             
Predicted global ionosphere maps (GIM).                     DESCRIPTION         
  2015     7    29     0     0     0                        EPOCH OF FIRST MAP  
  2015     7    30     0     0     0                        EPOCH OF LAST MAP   
  7200                                                      INTERVAL            
    13                                                      # OF MAPS IN FILE   
  NONE                                                      MAPPING FUNCTION    
10.0                                                        ELEVATION CUTOFF    
One-way carrier phase leveled to code                       OBSERVABLES USED    
  6371.0                                                    BASE RADIUS         
 2                                                          MAP DIMENSION       
   450.0 450.0   0.0                                        HGT1 / HGT2 / DHGT  
    87.5 -87.5  -2.5                                        LAT1 / LAT2 / DLAT  
  -180.0 180.0   5.0                                        LON1 / LON2 / DLON  
    -1                                                      EXPONENT            
                                                            END OF HEADER       
[from data line 858]
     3                                                      START OF TEC MAP    
  2015     7    29     4     0     0                        EPOCH OF CURRENT MAP
    87.5-180.0 180.0   5.0 450.0                            LAT/LON1/LON2/DLON/H
  120  124  125  128  129  127  125  123  124  125  125  125  125  125  125  124
  124  123  122  121  120  119  118  117  116  115  115  114  113  112  112  111
  111  111  111  110  110  110  110  110  110  110  110  110  110  110  110  110
  110  110  109  109  109  109  109  108  108  108  108  108  108  108  108  109
  110  112  111  112  117  121  124  116  120                                   
    85.0-180.0 180.0   5.0 450.0                            LAT/LON1/LON2/DLON/H
  123  137  129  134  138  137  137  137  137  138  138  138  138  137  137  136
  135  134  133  131  130  129  127  126  125  124  122  122  121  120  120  119
  119  119  119  119  119  119  119  119  119  120  120  120  120  120  120  120
  120  120  120  119  119  119  119  119  118  118  118  118  118  118  118  119
  121  123  121  124  122  125  128  120  123                                   
    82.5-180.0 180.0   5.0 450.0                            LAT/LON1/LON2/DLON/H
  133  138  143  139  140  142  143  143  144  144  144  144  143  142  141  139
  138  136  135  133  131  129  127  126  124  122  121  120  119  118  118  118
  118  118  119  119  120  121  121  121  122  122  122  123  123  123  123  123
  124  124  124  124  124  124  123  123  123  123  122  122  122  122  122  123
  124  125  123  125  131  124  122  116  133                                   
    80.0-180.0 180.0   5.0 450.0                            LAT/LON1/LON2/DLON/H
  138  142  137  135  139  141  144  145  146  145  144  143  142  140  138  136
  134  132  130  128  126  124  122  119  117  115  113  112  111  110  110  111
  111  112  114  115  116  117  118  119  120  120  121  121  122  122  123  123
  124  124  124  125  125  124  124  124  123  123  122  122  121  121  120  121
  122  121  121  123  131  129  131  118  138                                   
    77.5-180.0 180.0   5.0 450.0                            LAT/LON1/LON2/DLON/H
  136  140  136  137  137  142  146  147  147  146  143  142  140  138  135  133
  130  128  126  124  122  120  117  115  113  110  108  106  105  105  105  106
  107  109  111  113  116  118  119  120  121  122  123  123  124  125  126  127
  128  129  130  130  131  131  130  129  129  128  127  126  125  124  123  124
  123  124  121  125  130  125  125  120  136                                   
    75.0-180.0 180.0   5.0 450.0                            LAT/LON1/LON2/DLON/H
  128  136  131  134  133  139  142  142  142  140  136  134  131  128  125  122
  119  117  116  114  112  110  108  106  103  101   98   96   94   94   94   95
   97  100  103  106  109  112  114  115  116  117  118  119  120  121  123  124
  126  128  129  130  131  131  130  129  128  127  126  125  124  123  122  123
  122  122  120  118  123  121  122  118  128                                   
    72.5-180.0 180.0   5.0 450.0                            LAT/LON1/LON2/DLON/H
  122  134  130  132  133  138  141  141  140  138  133  131  126  122  119  116
  113  112  111  110  109  108  106  104  101   98   95   93   91   90   90   92
   94   98  101  105  109  113  115  117  119  120  121  122  123  125  128  130
  133  135  137  138  138  138  137  136  135  133  132  130  129  129  128  129
  128  128  127  126  126  122  121  119  122                                   
    70.0-180.0 180.0   5.0 450.0                            LAT/LON1/LON2/DLON/H
  123  131  128  129  129  133  135  135  134  131  126  122  117  113  109  106
  103  102  102  102  102  102  101   99   96   93   90   87   85   84   84   85
   88   91   95  100  104  108  111  114  115  117  118  120  123  125  128  132
  135  137  139  140  140  140  139  137  136  134  133  132  131  131  131  132
  132  131  130  129  129  126  125  121  123                                   
    67.5-180.0 180.0   5.0 450.0                            LAT/LON1/LON2/DLON/H
  120  128  124  125  124  127  129  128  126  123  118  114  108  103   99   96
   94   93   93   94   95   95   95   93   91   87   84   81   79   77   77   77
   80   83   87   91   96  100  104  107  109  112  114  117  120  123  127  131
  134  136  138  139  138  137  136  134  133  131  130  130  129  129  130  132
  132  131  131  130  130  126  125  123  120                                   
    65.0-180.0 180.0   5.0 450.0                            LAT/LON1/LON2/DLON/H
  120  126  122  122  121  122  124  122  121  117  112  109  103   98   94   91
   88   88   88   89   90   90   90   89   87   84   81   79   76   74   73   73
   74   77   80   84   89   94   98  102  106  110  113  117  121  125  129  133
  136  138  139  139  138  136  135  133  132  131  130  130  130  131  132  134
  134  134  134  133  133  130  129  127  120                                   
    62.5-180.0 180.0   5.0 450.0                            LAT/LON1/LON2/DLON/H
  122  128  123  123  120  121  121  119  117  113  109  106  102   97   93   89
   86   85   85   85   86   86   85   84   83   81   79   77   76   74   72   71
   71   72   74   78   83   88   93   99  104  109  115  120  125  130  134  137
  139  140  140  139  138  136  135  133  132  132  132  132  132  133  134  136
  137  137  137  136  135  133  133  132  122                                   
    60.0-180.0 180.0   5.0 450.0                            LAT/LON1/LON2/DLON/H
  126  130  125  124  121  120  119  116  114  110  107  104  101   97   92   88
   85   83   82   81   81   80   79   78   77   77   76   76   75   74   72   70
   68   68   69   72   76   82   89   96  103  110  118  124  130  135  139  141
  142  142  142  140  139  137  136  135  134  134  134  134  135  135  136  138
  139  139  139  138  138  135  136  135  126                                   
    57.5-180.0 180.0   5.0 450.0                            LAT/LON1/LON2/DLON/H
  130  135  130  129  125  123  121  117  114  110  106  105  102   98   94   89
   85   82   80   78   76   74   73   72   72   73   74   75   76   75   73   70
   67   65   65   68   72   78   86   95  104  114  123  131  138  143  146  147
  148  147  146  144  143  142  141  140  139  139  139  139  139  139  139  141
  142  142  141  140  140  138  139  139  130                                   
    55.0-180.0 180.0   5.0 450.0                            LAT/LON1/LON2/DLON/H
  135  140  137  135  132  129  126  120  116  111  107  106  103   99   95   90
   85   82   79   76   73   70   68   67   67   69   72   75   77   77   75   71
   67   64   63   65   70   77   86   96  107  119  129  139  146  151  153  154
  154  153  152  151  150  150  149  148  147  146  145  144  143  143  143  144
  145  144  144  143  143  141  142  142  135                                   
    52.5-180.0 180.0   5.0 450.0                            LAT/LON1/LON2/DLON/H
  141  147  144  144  140  137  133  126  120  114  110  108  104  100   95   90
   86   82   79   75   72   68   66   65   66   69   73   77   80   80   78   74
   69   66   64   66   71   78   88   99  112  124  136  146  154  159  162  163
  163  162  162  162  161  160  159  158  156  154  152  150  149  148  148  148
  149  149  148  147  147  145  146  145  141                                   
    50.0-180.0 180.0   5.0 450.0                            LAT/LON1/LON2/DLON/H
  146  153  151  152  150  147  143  135  128  120  115  112  107  102   96   91
   86   83   81   78   75   71   68   68   69   72   77   81   84   84   82   78
   73   69   68   70   75   83   93  104  117  130  143  154  162  168  171  172
  173  174  175  175  175  174  172  170  166  163  159  156  154  153  153  154
  154  155  154  153  152  150  151  150  146                                   
    47.5-180.0 180.0   5.0 450.0                            LAT/LON1/LON2/DLON/H
  151  159  158  159  158  156  152  144  136  128  122  117  112  105   98   92
   88   86   85   84   81   78   76   75   77   80   84   88   90   90   87   83
   78   75   74   76   81   89   98  110  123  136  149  161  169  176  180  183
  185  188  189  191  190  189  186  181  176  171  166  162  160  158  159  161
  162  163  162  161  160  157  157  155  151                                   
    45.0-180.0 180.0   5.0 450.0                            LAT/LON1/LON2/DLON/H
  156  164  162  164  164  162  159  152  145  138  131  126  118  110  102   96
   92   91   92   92   91   89   88   87   89   91   94   97   97   96   93   89
   85   82   82   84   89   96  105  115  127  141  154  166  176  183  189  194
  198  202  205  206  206  203  198  193  186  180  174  169  166  165  166  169
  171  173  173  171  170  166  165  162  156                                   
    42.5-180.0 180.0   5.0 450.0                            LAT/LON1/LON2/DLON/H
  163  169  166  167  168  166  164  159  153  147  141  135  128  118  109  102
   98   98  100  102  102  101  101  101  103  105  106  107  106  104  100   96
   93   91   91   93   97  103  110  120  131  144  158  171  182  190  197  204
  211  216  220  221  219  216  210  204  197  189  183  178  175  174  176  180
  182  185  185  183  181  176  176  172  163                                   
    40.0-180.0 180.0   5.0 450.0                            LAT/LON1/LON2/DLON/H
  171  175  170  169  169  168  167  163  160  155  150  146  139  129  119  111
  107  107  109  111  112  113  114  115  117  118  119  117  115  111  107  104
  101   99  100  102  105  109  115  123  134  147  161  175  187  196  205  214
  222  228  232  233  231  227  222  215  209  202  196  191  188  187  189  193
  196  199  199  197  195  190  189  184  171                                   
    37.5-180.0 180.0   5.0 450.0                            LAT/LON1/LON2/DLON/H
  183  184  177  173  171  168  168  166  164  162  159  157  150  141  130  121
  116  115  117  119  121  122  124  127  129  130  129  126  123  119  115  112
  109  108  108  109  111  113  117  124  135  149  164  179  191  202  212  221
  230  236  240  241  240  237  233  228  224  219  214  209  207  205  207  210
  213  215  215  213  211  205  205  199  183                                   
    35.0-180.0 180.0   5.0 450.0                            LAT/LON1/LON2/DLON/H
  200  199  190  181  177  172  171  169  169  168  167  166  161  153  142  132
  126  124  124  125  126  128  131  135  138  139  138  134  130  126  122  119
  117  115  114  114  114  115  118  125  136  150  166  181  194  205  215  225
  234  241  245  247  247  246  245  243  242  240  237  233  230  228  228  230
  232  233  233  230  228  223  223  218  200                                   
    32.5-180.0 180.0   5.0 450.0                            LAT/LON1/LON2/DLON/H
  223  220  209  197  190  181  178  175  175  174  174  174  170  163  153  143
  135  130  128  128  129  132  136  140  144  145  144  140  136  131  128  125
  123  120  119  117  115  115  117  124  135  151  167  182  195  206  216  226
  234  241  246  249  252  255  258  261  263  264  264  261  258  255  253  253
  252  253  252  248  246  243  244  239  223                                   
    30.0-180.0 180.0   5.0 450.0                            LAT/LON1/LON2/DLON/H
  250  247  236  221  211  199  193  187  185  183  181  180  177  170  161  150
  140  133  130  128  130  133  138  144  148  150  148  144  140  136  132  129
  126  123  120  117  114  113  114  121  133  149  166  181  193  204  213  222
  231  238  244  250  256  264  272  280  286  291  292  291  287  283  279  277
  274  273  271  267  265  263  265  262  250                                   
    27.5-180.0 180.0   5.0 450.0                            LAT/LON1/LON2/DLON/H
  280  279  269  253  241  226  216  207  201  194  189  186  182  175  166  154
  143  134  129  127  129  134  141  147  152  152  150  146  141  137  133  130
  126  123  119  114  110  108  110  117  129  145  161  176  188  198  207  216
  225  234  241  250  261  274  287  299  309  315  318  318  315  310  305  301
  297  294  291  287  285  284  287  285  280                                   
    25.0-180.0 180.0   5.0 450.0                            LAT/LON1/LON2/DLON/H
  309  312  304  290  277  260  247  233  222  209  199  192  185  177  168  156
  144  134  128  127  130  137  144  151  155  154  151  146  141  136  131  127
  123  119  114  109  105  103  105  111  123  137  153  167  179  189  199  209
  219  229  240  253  268  285  302  317  328  335  339  339  337  333  328  324
  319  315  312  307  305  305  308  308  309                                   
    22.5-180.0 180.0   5.0 450.0                            LAT/LON1/LON2/DLON/H
  335  342  337  325  314  298  283  265  248  229  212  199  188  179  168  156
  143  132  127  127  132  141  150  156  158  155  150  143  137  131  126  121
  117  112  108  103   99   98   99  104  114  128  142  156  168  179  191  203
  215  228  242  258  276  297  316  331  342  349  352  354  353  351  348  345
  340  337  334  329  325  325  328  330  335                                   
    20.0-180.0 180.0   5.0 450.0                            LAT/LON1/LON2/DLON/H
  356  365  362  355  347  333  318  298  276  251  227  208  193  181  169  156
  142  132  128  130  137  148  157  162  161  155  146  138  130  123  117  112
  108  104  101   97   94   92   93   97  105  116  130  144  158  171  184  199
  214  230  246  265  287  308  327  342  351  357  360  362  364  365  365  364
  361  359  356  351  346  345  347  350  356                                   
    17.5-180.0 180.0   5.0 450.0                            LAT/LON1/LON2/DLON/H
  370  380  379  376  371  361  347  326  302  273  244  219  200  185  171  158
  145  136  132  136  145  156  164  166  161  152  141  130  121  114  107  102
   99   96   94   91   88   87   87   90   96  106  119  133  149  164  180  198
  216  235  254  275  297  318  336  349  357  361  364  367  372  376  379  381
  381  380  378  373  368  365  366  369  370                                   
    15.0-180.0 180.0   5.0 450.0                            LAT/LON1/LON2/DLON/H
  379  388  387  386  384  377  365  346  322  291  259  231  209  191  177  163
  151  143  141  146  154  164  169  168  159  146  132  121  111  103   97   93
   90   89   88   86   84   82   82   83   87   96  109  125  142  160  179  199
  220  242  263  285  308  328  344  356  362  366  369  373  379  386  392  396
  398  399  398  394  388  384  384  386  379                                   
    12.5-180.0 180.0   5.0 450.0                            LAT/LON1/LON2/DLON/H
  385  390  389  386  387  381  370  354  332  303  271  242  218  200  185  172
  161  154  153  158  164  170  171  165  153  137  122  110  101   94   89   85
   84   84   83   82   80   78   77   78   81   89  102  119  139  159  180  202
  225  249  272  295  317  336  352  363  370  373  377  382  388  396  404  409
  412  414  415  412  406  402  401  400  385                                   
    10.0-180.0 180.0   5.0 450.0                            LAT/LON1/LON2/DLON/H
  391  391  388  382  382  376  366  351  332  306  277  250  227  208  194  182
  173  168  167  169  172  173  169  158  143  126  111  100   92   87   83   81
   80   81   80   78   76   74   73   73   75   83   97  115  137  158  181  204
  229  254  279  302  324  343  359  372  381  386  390  394  400  407  414  419
  422  425  427  426  421  416  415  413  391                                   
     7.5-180.0 180.0   5.0 450.0                            LAT/LON1/LON2/DLON/H
  397  394  387  377  375  366  355  341  324  301  276  252  231  214  200  190
  183  179  178  178  176  171  161  147  131  114  101   92   86   82   80   79
