data/edconvlstm_nd/pred1630.15i
     1.0            IONOSPHERE MAPS     GNSS                IONEX VERSION / TYPE
pyspatialgeodesy        IME             05-JAN-18 20:20     PGM / RUN BY / DATE 
Map Name                                                    COMMENT             
Predicted global ionosphere maps (GIM).                     DESCRIPTION         
  2015     6    12     0     0     0                        EPOCH OF FIRST MAP  
  2015     6    13     0     0     0                        EPOCH OF LAST MAP   
  7200                                                      INTERVAL            
    13                                                      # OF MAPS IN FILE   
  NONE                                                      MAPPING FUNCTION    
10.0                                                        ELEVATION CUTOFF    
One-way carrier phase leveled to code                       OBSERVABLES USED    
  6371.0                                                    BASE RADIUS         
 2                                                          MAP DIMENSION       
   450.0 450.0   0.0                                        HGT1 / HGT2 / DHGT  
    87.5 -87.5  -2.5                                        LAT1 / LAT2 / DLAT  
  -180.0 180.0   5.0                                        LON1 / LON2 / DLON  
    -1                                                      EXPONENT            
                                                            END OF HEADER       
[from data line 1716]
     5                                                      START OF TEC MAP    
  2015     6    12     8     0     0                        EPOCH OF CURRENT MAP
    87.5-180.0 180.0   5.0 450.0                            LAT/LON1/LON2/DLON/H
  168  163  160  165  169  169  169  168  171  173  174  176  177  178  179  180
  181  181  182  182  182  183  183  183  182  182  181  181  180  180  179  178
  177  176  176  175  174  173  172  172  171  171  171  171  170  170  170  170
  170  170  169  169  168  167  166  165  164  162  161  160  158  157  156  155
  154  156  154  153  157  156  160  160  168                                   
    85.0-180.0 180.0   5.0 450.0                            LAT/LON1/LON2/DLON/H
  162  162  166  167  170  173  175  177  180  182  183  185  186  187  188  189
  190  191  192  192  193  193  193  193  193  192  192  191  191  190  189  188
  188  187  186  185  184  183  182  182  182  181  181  181  182  182  182  183
  183  183  182  182  181  180  179  177  175  173  171  169  167  165  163  162
  161  162  157  157  153  153  158  161  162                                   
    82.5-180.0 180.0   5.0 450.0                            LAT/LON1/LON2/DLON/H
  156  162  164  162  164  168  171  173  176  178  180  182  183  184  185  186
  187  187  188  188  189  189  189  189  188  188  187  187  186  186  185  185
  184  183  182  182  181  180  180  180  180  180  181  182  184  185  186  188
  189  190  190  190  190  189  187  185  182  179  176  173  169  165  162  159
  157  155  150  152  150  151  152  146  156                                   
    80.0-180.0 180.0   5.0 450.0                            LAT/LON1/LON2/DLON/H
  155  158  158  160  162  164  168  171  174  176  177  179  180  180  181  182
  182  182  183  183  183  183  183  182  182  181  180  180  180  179  179  179
  178  178  177  176  176  176  176  176  177  178  180  183  186  189  193  196
  198  201  202  203  203  202  201  198  195  191  187  182  177  172  166  162
  158  155  149  150  147  148  155  143  155                                   
    77.5-180.0 180.0   5.0 450.0                            LAT/LON1/LON2/DLON/H
  159  157  160  162  162  165  168  170  173  174  174  174  174  174  174  174
  174  174  174  175  175  174  174  173  173  172  172  171  171  172  172  173
  173  174  174  174  174  175  175  176  178  181  185  189  194  199  205  210
  214  218  221  223  223  223  221  219  215  211  205  200  193  187  180  174
  168  163  155  155  155  152  153  150  159                                   
    75.0-180.0 180.0   5.0 450.0                            LAT/LON1/LON2/DLON/H
  160  160  158  161  162  165  167  168  170  170  168  168  166  165  164  164
  163  163  164  164  164  164  163  162  161  160  160  160  160  161  163  165
  167  169  170  171  172  173  174  176  179  183  188  194  201  208  215  222
  228  233  236  239  239  239  238  235  232  228  222  217  210  203  197  190
  183  177  168  162  161  159  161  156  160                                   
    72.5-180.0 180.0   5.0 450.0                            LAT/LON1/LON2/DLON/H
  164  164  162  163  163  164  166  166  167  166  163  161  159  157  155  154
  154  154  155  155  156  155  155  154  152  151  150  150  152  154  157  161
  164  168  171  173  175  176  178  180  184  189  195  203  211  219  228  235
  241  245  248  249  250  249  247  245  242  239  235  230  225  219  214  208
  202  196  187  181  176  173  172  169  164                                   
    70.0-180.0 180.0   5.0 450.0                            LAT/LON1/LON2/DLON/H
  171  167  164  162  160  159  160  159  159  157  155  152  149  147  145  143
  143  144  145  146  146  147  146  144  142  141  140  140  142  145  150  156
  161  166  171  174  177  178  180  183  188  193  201  210  219  228  236  243
  247  250  251  250  249  247  245  242  240  238  236  233  231  228  225  222
  217  212  204  198  192  189  189  184  171                                   
    67.5-180.0 180.0   5.0 450.0                            LAT/LON1/LON2/DLON/H
  175  171  165  161  157  154  152  151  150  149  146  144  141  139  137  136
  136  136  138  139  140  140  140  138  136  134  132  133  135  140  146  153
  161  167  173  177  179  182  184  187  192  199  207  217  226  235  243  248
  250  250  248  245  241  238  234  232  231  230  230  230  230  231  230  230
  228  226  220  214  207  204  201  196  175                                   
    65.0-180.0 180.0   5.0 450.0                            LAT/LON1/LON2/DLON/H
  181  175  166  159  152  146  143  141  140  139  137  136  134  132  131  130
  130  131  132  134  135  135  134  133  130  128  127  129  132  138  145  154
  163  170  177  181  184  187  189  193  199  206  215  226  236  244  250  253
  253  250  244  238  232  226  222  219  218  219  221  223  226  229  232  235
  236  236  232  228  223  220  217  211  181                                   
    62.5-180.0 180.0   5.0 450.0                            LAT/LON1/LON2/DLON/H
  188  181  169  159  148  140  134  130  129  128  128  128  127  126  126  125
  125  125  126  127  128  128  128  126  125  124  124  126  131  138  147  157
  166  174  181  185  188  191  194  198  205  213  223  234  244  252  256  257
  254  248  240  232  223  216  211  209  208  209  212  216  220  225  230  235
  239  241  240  237  233  232  229  222  188                                   
    60.0-180.0 180.0   5.0 450.0                            LAT/LON1/LON2/DLON/H
  195  188  174  161  147  135  127  120  118  117  117  118  119  119  119  118
  118  118  118  118  118  118  118  118  118  118  120  124  130  139  149  160
  170  178  184  189  192  194  198  203  210  220  231  242  251  258  262  261
  257  249  240  230  221  214  209  205  204  205  208  212  216  221  227  233
  237  241  242  242  240  241  238  231  195                                   
    57.5-180.0 180.0   5.0 450.0                            LAT/LON1/LON2/DLON/H
  206  199  184  168  152  136  124  115  111  108  108  109  110  111  112  111
  110  109  108  107  107  107  107  108  110  113  117  124  132  143  154  165
  175  183  188  192  195  198  202  209  217  227  238  249  259  265  268  266
  262  255  246  237  229  222  217  213  211  211  212  214  217  221  225  231
  235  240  242  244  244  247  245  238  206                                   
    55.0-180.0 180.0   5.0 450.0                            LAT/LON1/LON2/DLON/H
  219  213  199  181  162  144  129  115  108  103  101  101  102  103  104  103
  102  100   98   96   95   95   96   99  103  108  115  125  136  148  161  172
  181  188  192  195  198  202  207  214  223  234  245  256  266  272  274  273
  270  264  258  251  245  239  234  230  227  225  224  224  224  225  227  230
  234  239  241  245  247  252  251  244  219                                   
    52.5-180.0 180.0   5.0 450.0                            LAT/LON1/LON2/DLON/H
  234  229  217  199  179  158  140  123  112  103   99   97   96   96   97   96
   95   93   90   87   86   86   88   92   98  105  116  128  142  156  169  180
  188  193  197  199  202  207  213  221  230  241  253  264  273  279  282  282
  280  278  275  271  267  262  257  252  247  244  240  237  235  233  232  233
  235  239  242  246  249  256  256  249  234                                   
    50.0-180.0 180.0   5.0 450.0                            LAT/LON1/LON2/DLON/H
  247  245  236  218  199  176  156  136  122  110  102   97   94   93   92   92
   91   89   86   83   81   81   84   89   97  106  119  134  150  166  179  190
  196  200  202  204  207  212  219  228  239  250  261  272  281  287  291  293
  293  294  293  292  290  286  280  274  268  262  257  252  247  243  240  239
  240  243  245  249  252  260  261  254  247                                   
    47.5-180.0 180.0   5.0 450.0                            LAT/LON1/LON2/DLON/H
  258  257  250  234  217  195  174  153  136  121  110  103   97   93   92   91
   91   89   87   85   83   83   86   92  100  111  126  142  160  177  190  200
  205  207  208  210  213  219  227  237  248  260  271  282  292  298  303  306
  308  310  312  313  310  305  298  290  282  276  270  264  259  254  250  248
  248  250  251  254  257  265  266  258  258                                   
    45.0-180.0 180.0   5.0 450.0                            LAT/LON1/LON2/DLON/H
  262  263  258  243  229  209  190  169  152  136  123  113  105   99   96   95
   95   94   93   91   90   90   93   99  108  120  135  153  171  189  202  210
  214  215  214  216  220  226  235  246  258  271  283  295  305  313  318  321
  325  328  330  330  327  320  310  300  292  285  279  274  269  265  262  260
  260  261  262  263  264  270  270  261  262                                   
    42.5-180.0 180.0   5.0 450.0                            LAT/LON1/LON2/DLON/H
  262  261  258  244  233  215  199  181  165  150  137  125  116  108  104  102
  102  102  102  100  100  101  104  110  118  130  146  164  183  200  213  220
  222  222  221  222  227  234  244  256  269  283  297  310  322  330  336  340
  343  346  348  347  342  332  320  308  299  292  288  285  281  278  276  275
  275  276  275  274  273  276  274  264  262                                   
    40.0-180.0 180.0   5.0 450.0                            LAT/LON1/LON2/DLON/H
  257  254  250  237  227  212  200  186  173  161  149  139  128  120  114  112
  111  112  112  112  112  113  116  122  129  141  157  175  194  211  223  229
  230  229  229  230  235  243  254  267  281  297  312  328  341  350  357  361
  364  367  368  366  359  348  334  321  312  306  303  301  298  296  294  294
  293  294  292  288  283  283  278  267  257                                   
    37.5-180.0 180.0   5.0 450.0                            LAT/LON1/LON2/DLON/H
  253  246  239  225  216  203  194  184  176  168  159  150  141  132  126  122
  121  121  122  122  123  125  128  133  140  151  166  185  203  220  231  237
  238  237  237  239  245  254  265  279  294  311  329  346  361  372  379  383
  386  390  392  391  384  373  359  347  338  333  330  328  325  322  319  317
  316  315  311  305  296  292  285  272  253                                   
    35.0-180.0 180.0   5.0 450.0                            LAT/LON1/LON2/DLON/H
  253  241  231  215  205  193  186  179  175  171  166  160  152  143  137  133
  131  130  131  132  133  136  139  143  150  160  175  193  211  226  237  243
  245  246  247  250  256  265  278  292  308  326  346  365  381  393  401  406
  410  416  421  424  421  412  400  389  381  376  373  369  364  357  352  347
  343  340  333  323  312  305  295  282  253                                   
    32.5-180.0 180.0   5.0 450.0                            LAT/LON1/LON2/DLON/H
  261  244  231  213  200  188  181  176  174  172  170  167  161  154  147  142
  139  138  139  140  142  145  148  152  158  168  182  198  216  230  241  248
  252  255  257  262  269  279  291  306  323  342  362  382  399  412  420  427
  434  444  456  465  469  466  458  449  442  437  432  425  415  403  392  382
  373  366  357  345  330  322  310  297  261                                   
    30.0-180.0 180.0   5.0 450.0                            LAT/LON1/LON2/DLON/H
  278  257  241  222  205  193  185  178  176  175  175  174  170  164  158  152
  149  147  147  149  152  155  158  161  166  175  187  202  218  232  243  251
  257  262  267  273  282  292  305  321  338  357  377  396  414  427  437  445
  457  474  493  512  525  530  528  523  517  510  502  490  474  456  437  420
  405  394  382  367  351  342  329  317  278                                   
    27.5-180.0 180.0   5.0 450.0                            LAT/LON1/LON2/DLON/H
  302  278  261  242  223  210  199  190  185  183  183  182  179  174  168  163
  159  157  157  159  163  166  169  171  175  182  192  204  218  230  242  251
  258  265  273  282  292  305  319  335  352  370  390  408  425  439  450  462
  478  502  530  559  581  594  598  597  592  584  572  556  535  510  483  458
  437  422  406  390  373  364  350  340  302                                   
    25.0-180.0 180.0   5.0 450.0                            LAT/LON1/LON2/DLON/H
  329  304  287  270  250  237  223  212  204  199  196  194  191  186  180  174
  170  168  169  171  175  179  181  183  185  189  196  205  215  225  236  246
  255  264  274  287  300  315  330  347  364  382  401  418  434  448  460  475
  496  525  560  596  625  644  653  655  650  642  629  610  585  555  523  492
  466  447  430  413  395  385  371  362  329                                   
    22.5-180.0 180.0   5.0 450.0                            LAT/LON1/LON2/DLON/H
  352  329  313  300  282  269  255  242  230  222  216  211  206  200  193  187
  183  181  182  185  189  192  194  194  194  195  198  202  209  217  226  236
  247  259  273  289  306  323  339  357  375  393  410  427  442  456  470  487
  510  542  580  618  650  671  682  684  680  672  659  640  614  583  550  517
  489  469  452  434  415  404  389  380  352                                   
    20.0-180.0 180.0   5.0 450.0                            LAT/LON1/LON2/DLON/H
  366  346  333  326  311  301  288  275  262  250  241  233  225  217  209  202
  197  195  195  198  202  205  206  204  202  199  197  196  198  204  212  223
  237  253  271  290  309  328  346  364  383  402  419  436  451  465  480  498
  523  554  590  625  653  671  680  681  678  670  659  643  621  594  563  532
  506  488  471  453  433  418  402  390  366                                   
    17.5-180.0 180.0   5.0 450.0                            LAT/LON1/LON2/DLON/H
  370  352  342  340  332  325  314  304  291  279  267  256  245  234  225  216
  210  207  207  210  213  215  214  211  205  198  191  186  185  188  197  211
  228  248  270  291  312  331  350  369  389  409  428  445  461  476  492  511
  535  563  593  620  639  650  654  653  650  645  638  627  611  590  565  540
  518  503  488  469  447  428  409  394  370                                   
    15.0-180.0 180.0   5.0 450.0                            LAT/LON1/LON2/DLON/H
  366  348  340  340  338  334  328  322  311  300  288  276  263  251  239  229
  222  218  216  217  218  219  216  211  202  192  181  172  168  172  183  200
  222  245  268  291  312  332  352  372  393  415  435  454  471  488  506  526
  548  571  593  609  618  620  617  614  610  608  606  602  593  579  561  543
  526  515  503  484  460  434  413  393  366                                   
    12.5-180.0 180.0   5.0 450.0                            LAT/LON1/LON2/DLON/H
  360  340  333  331  332  329  326  324  317  309  299  287  275  262  249  239
  230  224  221  219  218  216  211  204  193  180  167  156  152  157  171  192
  217  242  266  289  311  331  351  372  395  418  440  461  480  500  520  541
  563  582  595  601  599  592  583  577  575  575  577  578  576  569  558  545
  534  526  517  497  472  440  415  392  360                                   
    10.0-180.0 180.0   5.0 450.0                            LAT/LON1/LON2/DLON/H
  360  338  329  322  321  316  313  313  309  304  297  288  277  265  253  243
  234  226  220  215  211  206  200  191  178  164  150  140  138  145  162  186
  213  239  263  285  306  326  346  368  391  416  440  463  485  508  532  555
  577  594  603  602  592  579  567  560  557  559  563  567  568  565  558  550
  542  537  529  510  483  448  419  394  360                                   
     7.5-180.0 180.0   5.0 450.0                            LAT/LON1/LON2/DLON/H
  370  347  335  321  315  306  299  296  293  289  284  278  269  260  250  241
  231  222  214  206  199  192  184  173  160  147  134  126  126  136  156  182
