data/edconvlstm_nd/pred2520.15i
     1.0            IONOSPHERE MAPS     GNSS                IONEX VERSION / TYPE
pyspatialgeodesy        IME             05-JAN-18 20:20     PGM / RUN BY / DATE 
Map Name                                                    COMMENT             
Predicted global ionosphere maps (GIM).                     DESCRIPTION         
  2015     9     9     0     0     0                        EPOCH OF FIRST MAP  
  2015     9    10     0     0     0                        EPOCH OF LAST MAP   
  7200                                                      INTERVAL            
    13                                                      # OF MAPS IN FILE   
  NONE                                                      MAPPING FUNCTION    
10.0                                                        ELEVATION CUTOFF    
One-way carrier phase leveled to code                       OBSERVABLES USED    
  6371.0                                                    BASE RADIUS         
 2                                                          MAP DIMENSION       
   450.0 450.0   0.0                                        HGT1 / HGT2 / DHGT  
    87.5 -87.5  -2.5                                        LAT1 / LAT2 / DLAT  
  -180.0 180.0   5.0                                        LON1 / LON2 / DLON  
    -1                                                      EXPONENT            
                                                            END OF HEADER       
[from data line 5148]
    13                                                      START OF TEC MAP    
  2015     9    10     0     0     0                        EPOCH OF CURRENT MAP
    87.5-180.0 180.0   5.0 450.0                            LAT/LON1/LON2/DLON/H
   95   90   88   81   79   82   79   78   79   79   80   81   82   83   83   84
   84   85   85   84   84   83   82   81   80   79   78   76   75   73   72   70
   69   68   67   66   65   65   64   64   64   64   64   64   64   65   65   66
   66   67   67   68   69   70   70   71   72   72   73   73   74   74   75   75
   76   76   75   76   70   80   89   86   95                                   
    85.0-180.0 180.0   5.0 450.0                            LAT/LON1/LON2/DLON/H
   91   92   73   78   79   85   81   80   81   81   82   82   83   84   84   84
   85   85   84   84   83   82   80   79   77   75   74   72   70   68   66   65
   64   62   62   61   60   60   60   60   60   61   61   62   63   63   64   65
   66   67   68   70   71   72   73   74   76   77   78   79   80   80   81   82
   83   82   83   86   87   94  102   97   91                                   
    82.5-180.0 180.0   5.0 450.0                            LAT/LON1/LON2/DLON/H
   86   77   89   86   84   89   86   85   88   88   89   90   91   91   92   92
   92   92   91   90   88   86   84   81   79   76   72   69   67   64   61   59
   57   56   55   54   54   54   54   54   55   55   56   57   58   59   60   61
   63   64   66   67   69   71   73   75   77   79   81   83   85   86   87   88
   88   88   87   85   91   82   90   93   86                                   
    80.0-180.0 180.0   5.0 450.0                            LAT/LON1/LON2/DLON/H
   99   85   85   80   82   84   85   85   88   88   89   91   92   93   94   94
   94   94   93   92   89   87   84   80   76   72   68   64   60   57   54   51
   49   47   46   45   44   44   44   45   45   46   47   48   49   50   51   52
   53   55   57   59   61   63   66   69   71   74   77   80   82   84   86   87
   87   86   85   84   99   90   99  109   99                                   
    77.5-180.0 180.0   5.0 450.0                            LAT/LON1/LON2/DLON/H
  110   94   85   92   85   87   89   92   95   95   97   99  100  101  102  103
  103  102  102  100   98   95   91   87   82   77   72   68   63   59   56   53
   51   49   47   46   45   45   45   45   46   47   47   48   49   50   51   52
   53   54   56   57   60   62   65   68   72   75   79   82   85   87   90   91
   91   92   91   90   97   98   99  117  110                                   
    75.0-180.0 180.0   5.0 450.0                            LAT/LON1/LON2/DLON/H
  116   92   91   99   92   95   95   98  102  101  103  104  105  105  106  106
  106  105  104  102  100   97   93   88   83   78   73   69   65   61   58   55
   53   51   50   49   48   47   47   47   47   48   48   49   49   50   51   51
   52   53   54   55   57   60   63   66   70   74   78   82   85   88   90   91
   91   92   92   86   93  102  100  116  116                                   
    72.5-180.0 180.0   5.0 450.0                            LAT/LON1/LON2/DLON/H
  110   93   95  101   97   98  101  105  110  109  110  111  110  110  109  108
  108  107  105  103  100   97   92   87   82   77   72   68   64   61   59   57
   55   53   51   49   47   46   45   44   44   45   45   46   46   46   47   47
   47   47   48   49   50   52   55   59   63   68   72   76   80   83   86   88
   88   88   91   87   90   98  103  122  110                                   
    70.0-180.0 180.0   5.0 450.0                            LAT/LON1/LON2/DLON/H
  113   97  101  110  106  110  113  117  122  121  120  119  117  115  112  110
  108  106  104  101   98   94   89   84   79   74   70   67   65   63   62   61
   59   57   54   51   49   47   45   44   44   44   45   46   47   47   48   48
   48   48   48   49   50   52   55   59   64   68   73   78   82   85   88   91
   90   90   94   92   94  101  107  124  113                                   
    67.5-180.0 180.0   5.0 450.0                            LAT/LON1/LON2/DLON/H
  116  104  107  117  112  117  120  125  130  128  126  124  120  115  110  106
  103  100   97   94   90   85   80   75   70   65   62   60   60   59   59   58
   57   54   50   47   43   40   38   37   37   37   38   39   41   42   42   43
   43   43   44   44   45   47   51   55   59   65   70   75   79   82   86   89
   89   89   94   93   96  103  109  128  116                                   
    65.0-180.0 180.0   5.0 450.0                            LAT/LON1/LON2/DLON/H
  119  107  112  121  118  122  125  130  135  133  131  127  122  115  109  104
   99   95   91   87   83   77   72   66   61   56   54   53   54   55   56   55
   53   50   45   41   36   33   31   30   30   30   32   33   35   36   38   38
   39   39   40   41   42   44   48   52   57   63   69   74   79   83   86   89
   90   91   96   96  100  107  116  135  119                                   
    62.5-180.0 180.0   5.0 450.0                            LAT/LON1/LON2/DLON/H
  123  113  118  126  122  126  128  134  138  136  134  130  124  117  110  104
   98   93   88   84   79   72   66   59   54   50   48   48   50   52   53   52
   49   45   40   35   31   27   26   25   25   26   28   30   32   33   34   35
   36   37   38   39   40   43   47   52   58   64   70   76   81   85   90   93
   94   96  102  102  105  113  122  143  123                                   
    60.0-180.0 180.0   5.0 450.0                            LAT/LON1/LON2/DLON/H
  127  118  123  130  124  126  128  133  137  135  133  129  124  117  110  104
   98   93   88   82   76   69   62   54   48   45   43   44   46   48   49   48
   45   40   34   29   25   23   22   22   23   24   26   28   29   30   31   32
   33   33   34   35   37   40   44   50   56   64   71   77   83   88   93   97
   98  101  107  108  112  120  129  150  127                                   
    57.5-180.0 180.0   5.0 450.0                            LAT/LON1/LON2/DLON/H
  131  124  129  133  126  126  126  130  134  132  130  127  122  117  111  105
  100   94   89   83   76   68   60   52   46   42   40   41   43   45   45   44
   40   35   30   26   23   22   21   22   23   25   26   28   28   29   29   30
   30   30   31   32   34   37   42   48   55   63   71   79   85   90   96  100
  103  106  113  114  118  127  136  157  131                                   
    55.0-180.0 180.0   5.0 450.0                            LAT/LON1/LON2/DLON/H
  136  130  135  138  128  127  126  129  131  128  126  123  120  116  111  106
  101   96   90   83   76   68   60   52   46   42   40   41   42   43   43   40
   36   32   28   25   24   24   25   26   28   29   30   30   30   30   29   29
   28   28   29   30   31   35   39   46   54   63   72   80   86   92   98  103
  106  110  118  120  125  133  142  164  136                                   
    52.5-180.0 180.0   5.0 450.0                            LAT/LON1/LON2/DLON/H
  143  137  142  143  133  130  128  129  130  126  124  121  118  115  111  107
  102   97   91   84   77   69   61   54   48   44   43   42   43   43   42   39
   35   31   28   27   28   29   31   33   34   35   35   35   34   32   31   30
   29   29   29   29   31   34   39   46   54   64   72   81   88   94  100  105
  109  113  122  125  130  139  147  169  143                                   
    50.0-180.0 180.0   5.0 450.0                            LAT/LON1/LON2/DLON/H
  149  145  149  149  139  135  133  133  132  127  124  121  118  115  112  108
  104   98   93   87   80   73   66   59   54   50   48   47   46   45   42   39
   35   33   31   32   34   37   40   42   42   42   42   41   39   37   35   34
   33   32   32   32   34   37   42   49   57   66   75   83   90   96  102  108
  112  117  126  129  135  144  152  174  149                                   
    47.5-180.0 180.0   5.0 450.0                            LAT/LON1/LON2/DLON/H
  155  151  154  155  145  142  140  139  137  130  126  123  120  117  115  111
  107  102   96   91   85   79   73   67   62   58   55   52   50   48   44   41
   38   37   37   39   43   46   49   50   50   50   49   48   46   44   42   40
   39   38   38   38   40   43   48   55   64   72   81   88   94  100  106  112
  117  122  131  133  139  147  156  179  155                                   
    45.0-180.0 180.0   5.0 450.0                            LAT/LON1/LON2/DLON/H
  159  155  158  160  151  148  147  145  142  135  130  126  124  121  119  115
  111  107  102   97   92   87   81   76   71   67   63   59   55   51   47   44
   42   42   44   48   52   55   57   57   57   56   56   55   54   52   51   49
   48   47   47   47   49   53   58   65   73   81   88   95  101  107  113  119
  124  130  138  139  143  151  160  183  159                                   
    42.5-180.0 180.0   5.0 450.0                            LAT/LON1/LON2/DLON/H
  161  157  159  162  154  153  152  150  147  140  135  131  129  126  124  121
  117  113  109  105  101   96   90   85   80   76   71   65   59   55   51   48
   48   49   52   56   59   62   63   62   62   62   62   62   62   61   60   60
   59   58   58   58   60   64   70   76   84   91   98  105  111  116  123  130
  135  142  149  148  150  156  164  188  161                                   
    40.0-180.0 180.0   5.0 450.0                            LAT/LON1/LON2/DLON/H
  161  157  159  163  157  156  155  153  151  144  140  137  135  133  130  127
  124  121  118  114  110  104   99   94   89   84   78   71   64   58   54   53
   53   56   59   63   66   67   66   66   65   66   68   69   70   70   70   69
   68   68   68   68   71   75   81   87   94  102  109  116  122  129  136  144
  151  158  165  162  160  163  171  195  161                                   
    37.5-180.0 180.0   5.0 450.0                            LAT/LON1/LON2/DLON/H
  164  158  161  164  159  159  157  156  154  149  145  143  142  140  137  134
  131  129  126  123  118  113  107  101   95   90   83   76   69   63   59   58
   60   63   67   70   71   70   69   68   68   70   73   75   76   77   76   76
   75   74   74   75   78   83   89   97  104  111  119  127  135  143  152  162
  171  179  186  182  176  176  183  206  164                                   
    35.0-180.0 180.0   5.0 450.0                            LAT/LON1/LON2/DLON/H
  173  164  166  169  165  164  161  160  159  154  151  150  149  148  145  142
  139  136  134  130  125  119  112  106  100   94   88   80   73   67   64   65
   68   71   74   75   75   73   71   71   72   75   79   81   82   81   80   79
   78   77   76   77   81   87   95  103  111  119  127  137  147  158  171  183
  194  204  212  206  198  195  201  223  173                                   
    32.5-180.0 180.0   5.0 450.0                            LAT/LON1/LON2/DLON/H
  190  179  179  180  175  174  170  169  167  163  160  159  158  155  152  148
  145  142  139  134  129  122  115  108  102   96   90   84   77   72   70   71
   75   79   81   80   78   76   74   75   77   81   84   86   86   84   82   79
   77   76   75   76   81   89   99  108  117  125  134  146  159  173  189  206
  219  232  240  234  225  221  225  245  190                                   
    30.0-180.0 180.0   5.0 450.0                            LAT/LON1/LON2/DLON/H
  216  202  200  200  195  191  187  184  182  177  173  171  168  164  159  153
  148  143  139  134  128  121  114  107  102   97   92   86   81   76   75   78
   82   85   86   85   82   79   79   81   84   88   90   90   88   84   81   78
   75   72   71   73   79   88  100  112  121  130  140  153  169  188  208  227
  244  258  268  263  254  250  255  272  216                                   
    27.5-180.0 180.0   5.0 450.0                            LAT/LON1/LON2/DLON/H
  251  234  229  230  224  219  213  209  204  197  191  186  180  173  165  157
  149  142  135  129  122  116  110  104  100   97   93   88   84   80   80   84
   88   91   90   88   85   84   84   87   91   94   94   92   88   84   79   75
   71   68   66   68   74   86  100  114  125  135  146  160  179  201  224  247
  266  282  293  289  283  280  288  303  251                                   
    25.0-180.0 180.0   5.0 450.0                            LAT/LON1/LON2/DLON/H
  291  272  267  269  263  256  249  242  234  224  214  205  195  184  172  160
  149  139  130  122  115  109  105  101   98   96   93   89   86   83   84   88
   92   94   93   91   88   88   89   93   96   98   97   93   88   82   76   71
   67   63   61   62   69   81   98  114  128  140  152  168  189  214  239  264
  284  300  312  310  307  307  319  333  291                                   
    22.5-180.0 180.0   5.0 450.0                            LAT/LON1/LON2/DLON/H
  331  309  308  314  308  302  294  284  273  258  243  229  214  198  181  165
  150  137  125  115  109  105  102   99   97   95   93   90   87   85   86   90
   94   96   95   93   91   91   93   96   99  100   98   93   86   80   74   68
   63   58   55   55   62   76   94  114  131  145  158  176  199  226  253  278
  297  314  325  325  327  329  346  361  331                                   
    20.0-180.0 180.0   5.0 450.0                            LAT/LON1/LON2/DLON/H
  364  341  346  357  353  349  342  332  318  299  278  257  237  215  194  174
  155  138  124  114  108  105  103  101   98   95   93   90   87   86   88   92
   95   97   97   94   93   93   95   98  100  100   97   92   85   79   72   66
   60   54   50   49   55   69   89  111  131  148  165  184  209  237  265  289
  308  323  334  336  341  345  367  385  364                                   
    17.5-180.0 180.0   5.0 450.0                            LAT/LON1/LON2/DLON/H
  389  367  377  392  391  390  386  378  364  342  317  290  264  237  212  188
  166  146  131  120  114  112  110  107  103   98   94   91   89   88   90   93
   97   99   99   97   96   96   98   99  101  100   97   92   86   79   72   65
   58   52   46   44   48   61   82  106  130  150  170  192  219  248  276  300
  317  330  341  345  354  358  383  405  389                                   
    15.0-180.0 180.0   5.0 450.0                            LAT/LON1/LON2/DLON/H
  406  387  401  418  419  421  421  416  404  383  355  325  294  264  235  208
  183  163  147  136  130  127  124  118  111  103   97   94   92   92   94   97
  101  104  104  102  101  100  101  102  102  102   99   94   89   82   74   67
   58   50   43   40   42   54   75  101  127  151  174  199  227  258  287  310
  326  338  348  354  365  370  396  421  406                                   
    12.5-180.0 180.0   5.0 450.0                            LAT/LON1/LON2/DLON/H
  417  405  421  436  439  442  444  443  435  416  389  358  326  294  263  234
  209  188  172  162  155  150  144  134  122  111  104  100   99   99  101  104
  108  111  112  111  110  109  108  108  108  107  105  101   95   87   79   69
   59   50   41   37   38   48   68   94  123  150  176  204  235  268  297  320
  335  347  358  366  378  382  409  435  417                                   
    10.0-180.0 180.0   5.0 450.0                            LAT/LON1/LON2/DLON/H
  428  425  440  452  455  458  459  460  455  440  416  387  356  324  293  266
  242  223  208  197  189  180  168  153  136  122  114  110  110  111  113  116
  120  123  125  124  122  120  119  118  117  116  114  110  103   94   83   71
   60   49   40   34   34   43   62   88  118  147  176  207  241  276  307  330
  347  359  371  381  393  398  424  451  428                                   
     7.5-180.0 180.0   5.0 450.0                            LAT/LON1/LON2/DLON/H
  443  451  463  471  471  471  470  471  468  455  435  409  380  351  323  299
  279  263  250  239  228  214  195  173  152  136  128  126  127  128  130  133
