data/edconvlstm_nd/pred2730.15i
     1.0            IONOSPHERE MAPS     GNSS                IONEX VERSION / TYPE
pyspatialgeodesy        IME             05-JAN-18 20:20     PGM / RUN BY / DATE 
Map Name                                                    COMMENT             
Predicted global ionosphere maps (GIM).                     DESCRIPTION         
  2015     9    30     0     0     0                        EPOCH OF FIRST MAP  
  2015    10     1     0     0     0                        EPOCH OF LAST MAP   
  7200                                                      INTERVAL            
    13                                                      # OF MAPS IN FILE   
  NONE                                                      MAPPING FUNCTION    
10.0                                                        ELEVATION CUTOFF    
One-way carrier phase leveled to code                       OBSERVABLES USED    
  6371.0                                                    BASE RADIUS         
 2                                                          MAP DIMENSION       
   450.0 450.0   0.0                                        HGT1 / HGT2 / DHGT  
    87.5 -87.5  -2.5                                        LAT1 / LAT2 / DLAT  
  -180.0 180.0   5.0                                        LON1 / LON2 / DLON  
    -1                                                      EXPONENT            
                                                            END OF HEADER       
     1                                                      START OF TEC MAP    
  2015     9    30     0     0     0                        EPOCH OF CURRENT MAP
    87.5-180.0 180.0   5.0 450.0                            LAT/LON1/LON2/DLON/H
  105  105  108  100   99  103  101  101  103  104  105  107  109  110  110  111
  111  111  111  111  110  109  107  106  105  103  101   99   98   96   94   93
   91   89   88   87   86   85   84   83   83   83   82   82   82   82   82   83
   83   83   83   83   83   83   83   83   83   84   84   84   84   84   84   85
   85   86   86   86   83   90  101  108  105                                   
    85.0-180.0 180.0   5.0 450.0                            LAT/LON1/LON2/DLON/H
  107  113   96  102  106  111  108  107  109  109  111  112  113  114  115  115
  115  115  114  113  112  110  108  106  103  101   98   96   93   91   88   86
   84   83   82   80   80   79   79   79   79   80   80   81   82   82   83   84
   85   85   86   87   87   88   89   89   90   90   91   91   92   92   93   94
   95   95   96  100   98  106  116  117  107                                   
    82.5-180.0 180.0   5.0 450.0                            LAT/LON1/LON2/DLON/H
  108  107  116  114  115  121  118  118  120  120  122  123  125  126  126  127
  127  126  125  123  121  118  115  111  107  103   98   94   90   87   83   80
   78   76   75   74   73   73   73   74   75   76   77   78   79   80   81   83
   84   85   86   87   88   89   90   92   93   94   96   97   98   99  101  103
  103  104  105  104  108  101  111  115  108                                   
    80.0-180.0 180.0   5.0 450.0                            LAT/LON1/LON2/DLON/H
  122  121  121  117  120  124  124  125  127  127  128  130  131  132  133  133
  133  132  130  128  125  121  116  110  105   99   93   87   82   78   74   71
   69   67   66   65   65   65   65   66   67   68   69   70   72   73   74   75
   76   77   78   79   81   83   85   87   89   92   94   97   99  101  103  106
  107  107  108  107  121  115  127  136  122                                   
    77.5-180.0 180.0   5.0 450.0                            LAT/LON1/LON2/DLON/H
  138  136  130  133  130  132  132  135  136  135  136  137  138  139  140  140
  140  139  137  134  130  125  119  113  106   99   92   86   80   76   72   69
   67   66   65   65   65   65   65   65   66   67   67   68   69   70   70   71
   71   72   73   74   76   78   81   84   87   91   95   98  102  105  108  112
  114  117  118  120  129  132  138  154  138                                   
    75.0-180.0 180.0   5.0 450.0                            LAT/LON1/LON2/DLON/H
  153  148  146  147  142  143  139  140  141  138  138  138  138  137  137  137
  136  135  133  130  127  122  116  110  103   96   89   83   78   73   70   68
   67   66   66   66   65   65   65   65   65   65   65   65   65   65   64   64
   63   64   64   65   67   70   74   78   83   88   93   98  103  107  112  116
  118  122  126  124  134  145  150  165  153                                   
    72.5-180.0 180.0   5.0 450.0                            LAT/LON1/LON2/DLON/H
  155  159  159  157  151  148  144  144  144  140  137  136  134  132  130  128
  127  126  124  122  120  116  111  105   99   92   86   81   76   73   71   70
   69   69   68   68   67   66   64   63   62   61   60   59   58   56   55   53
   52   51   52   53   55   59   63   69   75   82   88   95  101  106  112  117
  120  124  131  133  139  150  160  180  155                                   
    70.0-180.0 180.0   5.0 450.0                            LAT/LON1/LON2/DLON/H
  167  169  169  170  162  158  152  150  148  142  138  134  129  125  121  118
  115  114  113  111  110  107  103   98   93   87   82   78   75   73   72   72
   72   72   71   70   68   66   64   62   60   59   57   56   55   53   51   49
   47   46   46   47   50   54   60   67   75   83   91   99  105  112  118  124
  127  130  138  142  149  160  169  188  167                                   
    67.5-180.0 180.0   5.0 450.0                            LAT/LON1/LON2/DLON/H
  173  177  177  177  168  163  154  151  148  141  135  129  122  116  110  105
  102  100   99   98   97   96   93   89   85   80   76   72   70   69   69   69
   69   69   68   66   63   60   57   55   53   51   50   50   48   47   45   43
   40   39   39   40   43   48   55   63   72   82   91   99  106  113  119  125
  128  132  139  143  152  163  171  193  173                                   
    65.0-180.0 180.0   5.0 450.0                            LAT/LON1/LON2/DLON/H
  177  180  180  179  170  163  154  151  148  140  134  127  119  111  103   97
   93   91   90   90   90   89   87   83   79   75   71   68   67   66   66   66
   66   65   63   60   56   53   50   47   46   46   46   47   46   45   43   41
   39   37   37   38   41   47   54   63   73   83   93  102  109  116  122  127
  130  133  140  144  153  164  173  194  177                                   
    62.5-180.0 180.0   5.0 450.0                            LAT/LON1/LON2/DLON/H
  180  182  181  180  171  163  154  150  147  141  135  128  120  111  102   95
   91   88   88   88   88   87   85   82   77   73   69   66   64   63   63   62
   61   60   57   53   50   46   43   42   42   44   46   47   48   48   46   44
   41   39   39   40   43   49   57   67   78   88   98  107  114  121  127  131
  133  136  142  145  152  163  172  193  180                                   
    60.0-180.0 180.0   5.0 450.0                            LAT/LON1/LON2/DLON/H
  181  183  183  180  171  162  152  148  146  141  136  130  122  114  105   99
   94   92   91   91   91   89   86   82   77   72   68   65   63   61   60   58
   56   54   51   47   44   41   40   40   41   45   48   51   53   54   52   50
   47   44   43   44   48   54   63   73   84   95  104  113  120  126  132  136
  137  139  145  146  152  162  170  191  181                                   
    57.5-180.0 180.0   5.0 450.0                            LAT/LON1/LON2/DLON/H
  186  188  186  182  172  162  151  148  146  142  138  133  127  119  112  106
  101   99   99   98   96   93   89   84   79   74   70   66   63   60   58   55
   53   50   47   44   41   40   40   41   45   49   54   59   61   62   61   58
   55   52   50   51   55   61   71   81   92  102  111  119  125  132  137  142
  144  146  151  152  157  164  172  192  186                                   
    55.0-180.0 180.0   5.0 450.0                            LAT/LON1/LON2/DLON/H
  195  196  193  188  177  166  155  150  148  144  140  137  131  125  119  114
  110  108  107  105  102   98   93   88   82   78   74   70   66   62   59   55
   52   49   47   45   44   44   45   48   52   58   64   69   72   72   71   68
   65   62   60   61   65   72   81   92  102  111  118  125  131  137  143  149
  152  155  160  161  165  171  178  197  195                                   
    52.5-180.0 180.0   5.0 450.0                            LAT/LON1/LON2/DLON/H
  207  209  204  198  187  175  163  157  154  148  144  141  136  131  126  122
  119  116  114  111  107  102   97   92   88   84   81   77   72   68   63   59
   56   53   52   51   51   52   54   58   63   69   75   80   82   83   82   80
   77   74   73   74   78   84   93  103  112  120  125  130  135  141  149  156
  160  164  171  172  177  182  189  207  207                                   
    50.0-180.0 180.0   5.0 450.0                            LAT/LON1/LON2/DLON/H
  220  224  218  213  203  190  178  170  164  157  151  147  142  137  133  129
  126  123  119  115  111  106  102   99   97   94   91   87   82   76   70   66
   62   61   60   61   62   64   67   70   75   81   86   90   92   93   93   92
   90   88   87   88   92   98  106  115  122  128  132  135  139  145  153  162
  168  174  181  184  189  195  203  219  220                                   
    47.5-180.0 180.0   5.0 450.0                            LAT/LON1/LON2/DLON/H
  231  237  233  231  222  211  199  189  181  170  161  155  149  144  140  136
  131  127  123  119  115  111  109  108  108  107  104   99   93   85   79   74
   71   70   70   72   74   76   79   82   86   91   95   98  101  102  102  102
  102  102  101  102  105  111  118  126  132  136  139  140  143  148  156  166
  173  181  189  193  200  207  216  231  231                                   
    45.0-180.0 180.0   5.0 450.0                            LAT/LON1/LON2/DLON/H
  239  247  246  248  241  233  223  213  202  188  176  167  160  154  148  143
  137  132  127  123  120  119  119  120  121  121  118  112  104   94   86   81
   78   78   79   82   84   86   88   90   94   97  101  104  106  108  110  112
  113  114  114  115  118  122  129  135  141  145  146  147  149  153  160  169
  176  185  194  198  206  215  225  239  239                                   
    42.5-180.0 180.0   5.0 450.0                            LAT/LON1/LON2/DLON/H
  242  252  254  260  258  253  246  237  225  208  194  183  174  166  159  152
  145  139  134  131  130  130  132  135  136  135  130  121  111  100   91   85
   83   83   85   88   90   91   93   95   97  100  104  107  109  112  115  119
  122  123  124  125  127  131  137  143  149  153  154  155  156  158  164  171
  178  186  195  200  209  218  229  243  242                                   
    40.0-180.0 180.0   5.0 450.0                            LAT/LON1/LON2/DLON/H
  243  254  258  266  269  268  265  257  246  229  214  202  192  183  174  165
  157  150  145  144  144  146  149  151  150  146  138  126  113  101   91   86
   84   85   88   90   92   93   94   96   98  102  105  109  112  115  119  123
  127  129  130  130  132  136  142  149  155  160  162  163  164  166  170  175
  180  186  195  200  208  218  229  244  243                                   
    37.5-180.0 180.0   5.0 450.0                            LAT/LON1/LON2/DLON/H
  246  255  261  270  276  278  277  271  262  247  233  220  210  201  192  182
  172  165  161  160  162  164  166  165  161  152  140  125  110   98   89   85
   84   86   88   91   92   93   94   96   99  104  108  111  114  118  121  125
  128  130  130  130  132  136  143  151  159  165  169  171  173  174  177  181
  183  189  197  201  208  218  230  248  246                                   
    35.0-180.0 180.0   5.0 450.0                            LAT/LON1/LON2/DLON/H
  254  262  267  275  284  286  285  281  275  261  248  237  228  219  210  199
  189  181  178  178  180  181  179  174  165  153  138  121  106   94   87   84
   85   87   90   92   94   94   96   98  103  108  112  115  118  120  122  124
  125  125  124  124  127  132  140  150  160  168  174  178  181  183  186  189
  191  195  203  207  214  224  238  258  254                                   
    32.5-180.0 180.0   5.0 450.0                            LAT/LON1/LON2/DLON/H
  274  281  284  289  296  297  294  290  285  274  262  252  244  236  226  215
  205  197  194  193  193  191  185  176  164  150  134  118  104   94   89   88
   89   92   95   98   99   99  101  104  110  115  119  121  122  121  120  119
  117  115  114  114  117  124  134  146  158  168  177  183  188  192  196  200
  202  207  216  221  229  240  256  279  274                                   
    30.0-180.0 180.0   5.0 450.0                            LAT/LON1/LON2/DLON/H
  307  314  313  314  318  316  310  305  299  289  277  268  259  251  241  229
  218  209  204  201  197  191  183  172  160  146  132  119  108  101   97   97
  100  103  106  108  109  109  111  115  120  125  128  128  126  121  117  112
  108  103  101  102  107  116  128  141  155  168  179  188  196  202  208  214
  219  226  237  243  254  266  286  313  307                                   
    27.5-180.0 180.0   5.0 450.0                            LAT/LON1/LON2/DLON/H
  353  360  355  353  354  347  338  330  323  311  299  288  277  266  254  240
  227  215  207  199  191  183  174  165  155  146  136  127  119  115  113  114
  116  119  121  122  122  123  125  128  133  137  137  135  129  121  113  105
   98   92   90   91   98  109  123  138  154  168  182  193  204  214  223  233
  242  252  265  273  288  303  326  356  353                                   
    25.0-180.0 180.0   5.0 450.0                            LAT/LON1/LON2/DLON/H
  405  414  408  404  402  392  380  369  360  347  332  317  301  286  270  252
  234  218  203  191  179  170  164  159  156  152  147  142  139  136  135  135
  136  137  138  138  138  138  139  142  145  147  145  139  130  120  109  100
   91   85   83   85   93  106  121  138  154  170  185  199  213  226  240  255
  269  284  300  311  329  347  373  405  405                                   
    22.5-180.0 180.0   5.0 450.0                            LAT/LON1/LON2/DLON/H
  454  466  464  462  458  449  435  424  413  398  380  359  337  315  292  268
  243  220  199  181  168  161  159  161  164  166  166  165  164  162  160  157
  156  154  153  152  151  151  152  153  155  154  149  141  130  119  108   98
   89   83   81   84   92  105  121  138  155  171  188  205  222  240  259  279
  298  318  337  351  373  392  421  452  454                                   
    20.0-180.0 180.0   5.0 450.0                            LAT/LON1/LON2/DLON/H
  491  507  513  520  517  510  499  489  479  464  443  417  388  357  325  293
  260  228  200  179  165  161  165  174  182  188  190  191  189  186  181  175
  170  165  162  160  159  159  160  161  160  157  150  141  130  118  107   98
   91   85   83   85   92  104  120  138  156  173  192  211  231  254  277  302
  327  350  372  390  413  431  462  492  491                                   
    17.5-180.0 180.0   5.0 450.0                            LAT/LON1/LON2/DLON/H
  512  531  547  564  566  565  561  557  551  539  517  487  452  413  372  330
  288  248  214  189  176  175  184  197  209  215  217  215  210  202  193  184
  175  169  164  162  162  162  163  162  160  155  148  139  128  117  108  100
   94   89   87   87   93  104  120  138  157  176  197  219  243  269  296  324
  352  378  401  421  444  459  492  518  512                                   
    15.0-180.0 180.0   5.0 450.0                            LAT/LON1/LON2/DLON/H
  517  538  563  590  599  606  611  616  617  610  591  561  523  479  431  380
  330  283  243  215  202  204  216  231  241  244  239  231  220  208  195  184
  174  166  161  159  159  160  160  159  155  150  143  135  126  117  109  103
   98   94   90   90   94  104  120  139  160  181  204  229  256  286  316  345
  373  398  421  442  463  475  508  530  517                                   
    12.5-180.0 180.0   5.0 450.0                            LAT/LON1/LON2/DLON/H
  513  535  565  598  614  629  642  655  664  664  652  627  590  546  495  440
  384  333  290  260  247  249  261  271  274  267  253  236  218  202  188  177
  167  160  156  154  154  154  154  153  149  144  138  131  124  117  111  106
  102   98   94   92   95  105  120  140  162  186  211  239  270  302  334  363
  390  413  434  454  472  482  513  532  513                                   
    10.0-180.0 180.0   5.0 450.0                            LAT/LON1/LON2/DLON/H
  509  529  560  593  614  633  650  669  685  693  688  671  642  602  554  501
  446  395  352  323  309  308  312  312  302  281  255  229  206  188  176  167
  160  155  151  149  149  150  150  147  143  138  133  128  123  117  112  108
  104  100   95   93   95  103  119  140  164  189  216  247  281  317  350  378
  402  423  442  460  476  485  514  531  509                                   
     7.5-180.0 180.0   5.0 450.0                            LAT/LON1/LON2/DLON/H
  513  532  559  587  607  625  642  661  679  691  693  685  666  637  598  553
  505  460  422  395  379  370  361  345  317  282  245  212  187  172  164  161
