data/edconvlstm_nd/pred0620.15i
     1.0            IONOSPHERE MAPS     GNSS                IONEX VERSION / TYPE
pyspatialgeodesy        IME             05-JAN-18 20:20     PGM / RUN BY / DATE 
Map Name                                                    COMMENT             
Predicted global ionosphere maps (GIM).                     DESCRIPTION         
  2015     3     3     0     0     0                        EPOCH OF FIRST MAP  
  2015     3     4     0     0     0                        EPOCH OF LAST MAP   
  7200                                                      INTERVAL            
    13                                                      # OF MAPS IN FILE   
  NONE                                                      MAPPING FUNCTION    
10.0                                                        ELEVATION CUTOFF    
One-way carrier phase leveled to code                       OBSERVABLES USED    
  6371.0                                                    BASE RADIUS         
 2                                                          MAP DIMENSION       
   450.0 450.0   0.0                                        HGT1 / HGT2 / DHGT  
    87.5 -87.5  -2.5                                        LAT1 / LAT2 / DLAT  
  -180.0 180.0   5.0                                        LON1 / LON2 / DLON  
    -1                                                      EXPONENT            
                                                            END OF HEADER       
[from data line 2145]
     6                                                      START OF TEC MAP    
  2015     3     3    10     0     0                        EPOCH OF CURRENT MAP
    87.5-180.0 180.0   5.0 450.0                            LAT/LON1/LON2/DLON/H
  115  120  120  125  128  129  128  126  128  130  129  130  129  129  128  127
  126  125  123  122  120  119  117  116  115  113  112  111  110  108  107  106
  106  105  104  103  102  101  100   98   97   96   95   94   92   91   90   89
   88   88   87   87   87   87   87   88   88   89   90   92   93   94   96   97
  100  103  104  104  112  112  121  121  115                                   
    85.0-180.0 180.0   5.0 450.0                            LAT/LON1/LON2/DLON/H
  116  122  131  127  129  132  133  134  134  136  135  135  133  132  131  129
  127  125  124  122  120  118  117  115  114  113  112  111  110  109  109  108
  108  108  107  107  106  105  104  103  101   99   98   96   94   92   90   88
   86   85   84   83   83   84   84   85   86   88   90   92   94   96   98  101
  105  108  107  107  108  111  116  118  116                                   
    82.5-180.0 180.0   5.0 450.0                            LAT/LON1/LON2/DLON/H
  112  124  129  124  125  129  130  131  131  131  130  129  126  123  121  118
  115  112  109  107  105  103  101  100   99   98   98   98   98   99  100  101
  102  103  104  105  106  106  105  104  103  101   99   96   93   90   86   83
   80   78   76   74   73   73   73   74   75   77   79   82   84   87   90   93
   97  101  100  103  106  112  108  103  112                                   
    80.0-180.0 180.0   5.0 450.0                            LAT/LON1/LON2/DLON/H
  114  119  124  121  123  124  125  126  127  126  124  122  118  114  110  106
  102   99   95   92   90   88   87   86   85   85   86   87   89   91   94   97
  100  104  107  110  113  114  115  115  114  113  110  107  103   99   94   90
   86   82   79   76   75   74   73   74   75   77   79   82   85   88   91   94
   98  100  101  102  103  109  110  101  114                                   
    77.5-180.0 180.0   5.0 450.0                            LAT/LON1/LON2/DLON/H
  117  118  120  119  119  121  121  122  122  119  116  112  107  102   97   92
   87   83   79   77   75   73   73   73   73   75   77   80   84   89   95  102
  109  116  123  129  135  139  143  145  145  144  142  139  134  129  124  119
  113  108  104  100   97   95   93   92   93   94   95   97  100  102  104  107
  108  109  108  109  110  108  108  105  117                                   
    75.0-180.0 180.0   5.0 450.0                            LAT/LON1/LON2/DLON/H
  113  116  114  115  114  117  117  116  115  112  107  102   96   90   84   78
   73   69   66   64   62   62   62   63   65   67   71   76   81   89   97  107
  117  128  138  148  157  165  171  175  178  178  178  175  172  167  162  156
  150  144  139  134  130  126  122  120  118  118  118  119  120  121  122  123
  123  122  119  115  114  112  111  102  113                                   
    72.5-180.0 180.0   5.0 450.0                            LAT/LON1/LON2/DLON/H
  111  114  113  114  115  119  120  118  116  111  105   99   92   85   78   72
   67   63   60   59   59   59   60   62   65   68   72   78   85   93  104  116
  130  144  158  172  184  195  204  211  216  219  221  220  218  215  210  205
  199  194  188  182  175  169  163  157  153  149  147  145  144  144  143  142
  140  137  133  127  123  118  116  110  111                                   
    70.0-180.0 180.0   5.0 450.0                            LAT/LON1/LON2/DLON/H
  113  114  115  116  117  120  121  120  117  112  105   98   90   82   75   69
   65   61   60   59   60   62   64   66   69   73   77   82   89   98  110  124
  140  156  173  188  203  217  228  238  246  252  256  258  258  257  254  250
  245  239  233  225  217  207  197  188  179  172  166  162  159  156  154  151
  148  143  139  131  126  120  121  116  113                                   
    67.5-180.0 180.0   5.0 450.0                            LAT/LON1/LON2/DLON/H
  110  113  116  118  121  126  128  127  124  118  111  104   96   89   82   77
   73   70   69   69   71   74   77   79   82   85   88   92   98  107  118  132
  149  166  184  201  218  233  247  259  270  279  285  290  292  293  291  289
  285  279  272  263  252  239  226  212  199  188  179  172  166  161  156  152
  148  143  137  129  124  118  118  116  110                                   
    65.0-180.0 180.0   5.0 450.0                            LAT/LON1/LON2/DLON/H
  108  113  116  120  124  131  134  134  131  126  119  113  105   99   93   88
   85   83   82   83   85   88   91   94   96   97   99  102  106  114  125  139
  155  173  191  208  226  242  258  273  286  298  308  315  320  322  323  321
  318  312  305  295  282  266  249  232  215  200  188  177  168  160  153  147
  140  134  129  122  118  114  116  116  108                                   
    62.5-180.0 180.0   5.0 450.0                            LAT/LON1/LON2/DLON/H
  104  109  113  118  122  130  134  135  133  129  124  120  114  109  105  101
   98   96   96   96   98  101  103  105  107  107  107  108  112  118  128  142
  157  175  192  210  227  245  262  279  296  311  324  334  340  344  345  344
  341  336  329  318  304  287  268  249  230  212  197  183  171  159  148  138
  129  122  117  110  108  105  109  112  104                                   
    60.0-180.0 180.0   5.0 450.0                            LAT/LON1/LON2/DLON/H
  100  102  105  110  114  122  126  128  128  126  123  121  118  116  113  111
  108  106  105  105  106  107  109  110  111  110  110  110  113  118  128  141
  157  174  191  208  225  243  262  281  301  319  335  348  356  361  362  362
  359  355  349  339  325  308  289  270  250  232  214  198  182  165  149  135
  123  112  107  100  100   96  101  104  100                                   
    57.5-180.0 180.0   5.0 450.0                            LAT/LON1/LON2/DLON/H
   97   96   97   99  103  109  113  116  116  115  115  116  116  117  116  115
  113  111  109  107  107  108  109  109  109  108  108  108  110  117  127  140
  156  174  191  208  225  243  262  284  306  327  346  361  372  377  379  379
  377  374  369  361  349  334  317  298  280  263  245  228  208  187  166  146
  128  115  107  100   99   94   98  101   97                                   
    55.0-180.0 180.0   5.0 450.0                            LAT/LON1/LON2/DLON/H
   98   92   89   89   91   94   98   99  100  100  102  105  109  111  113  113
  112  109  106  104  103  102  102  103  102  102  102  103  106  114  125  140
  158  176  194  211  228  246  266  289  313  337  358  375  387  393  396  396
  395  393  389  383  374  362  347  332  317  302  286  269  247  223  196  171
  148  130  120  111  109  100  102  103   98                                   
    52.5-180.0 180.0   5.0 450.0                            LAT/LON1/LON2/DLON/H
  104   92   86   82   82   83   85   84   85   85   88   93   98  102  105  106
  105  103  100   97   95   94   94   94   94   94   95   98  103  113  126  144
  164  184  203  220  237  255  275  299  324  349  372  391  403  410  413  413
  413  412  410  405  398  389  378  367  356  344  331  315  293  266  236  206
  179  158  145  133  128  117  115  113  104                                   
    50.0-180.0 180.0   5.0 450.0                            LAT/LON1/LON2/DLON/H
  115   98   89   82   79   77   77   75   75   75   78   83   88   93   96   97
   96   94   92   89   87   86   85   85   85   87   89   94  102  115  131  152
  175  197  218  236  253  270  290  313  339  364  388  407  420  428  431  431
  431  430  428  425  419  412  404  395  388  379  369  355  334  307  275  243
  214  191  175  162  155  141  136  131  115                                   
    47.5-180.0 180.0   5.0 450.0                            LAT/LON1/LON2/DLON/H
  129  110   97   89   83   79   78   73   72   72   74   78   82   86   88   89
   89   87   85   83   81   79   78   78   79   82   87   94  105  120  140  163
  189  214  236  256  274  291  311  333  357  382  405  423  437  444  447  447
  446  444  441  437  431  424  416  409  403  397  389  376  358  332  302  271
  242  219  202  190  181  167  159  152  129                                   
    45.0-180.0 180.0   5.0 450.0                            LAT/LON1/LON2/DLON/H
  142  123  110  101   94   88   85   80   77   76   77   79   82   84   85   85
   84   83   81   80   78   76   75   74   76   80   88   98  112  130  152  178
  205  232  257  279  298  316  335  355  377  400  421  438  451  458  460  459
  456  452  447  440  431  422  413  405  398  392  385  374  357  335  308  280
  254  234  218  207  199  186  178  170  142                                   
    42.5-180.0 180.0   5.0 450.0                            LAT/LON1/LON2/DLON/H
  149  135  124  115  108  102   98   92   88   86   86   87   88   88   88   86
   85   83   82   81   79   77   75   74   76   81   91  105  121  142  166  193
  222  251  277  301  322  341  360  379  399  418  436  452  462  468  469  466
  461  454  446  436  424  412  400  390  381  373  364  352  337  316  293  269
  247  231  217  209  203  193  186  178  149                                   
    40.0-180.0 180.0   5.0 450.0                            LAT/LON1/LON2/DLON/H
  150  141  133  126  121  115  113  107  103  100   99   99   98   97   95   93
   91   89   88   86   83   80   77   75   77   85   97  113  133  155  181  209
  238  268  296  321  344  365  384  403  421  438  453  465  473  477  477  473
  466  458  448  436  423  408  394  380  367  355  342  328  311  290  269  248
  230  216  204  196  192  185  180  173  150                                   
    37.5-180.0 180.0   5.0 450.0                            LAT/LON1/LON2/DLON/H
  142  139  134  130  128  123  122  118  115  113  111  111  110  109  107  104
  102   99   96   93   89   84   80   78   81   90  105  124  146  170  196  224
  253  282  311  339  364  387  408  427  444  460  473  483  489  492  491  487
  481  473  464  453  439  424  407  390  373  356  338  319  298  275  252  232
  214  200  188  178  174  166  165  158  142                                   
    35.0-180.0 180.0   5.0 450.0                            LAT/LON1/LON2/DLON/H
  132  133  129  126  126  123  124  123  121  120  119  120  120  120  119  118
  115  111  107  102   96   90   84   83   86   97  114  136  161  186  211  238
  266  296  326  356  383  409  432  453  472  487  499  508  513  516  515  513
  510  506  501  493  481  467  450  430  409  387  364  339  313  286  260  237
  216  198  183  168  160  148  148  141  132                                   
    32.5-180.0 180.0   5.0 450.0                            LAT/LON1/LON2/DLON/H
  125  126  121  118  118  116  118  118  119  120  121  123  125  127  129  129
  127  123  117  110  102   95   90   89   94  106  125  150  176  201  226  252
  281  311  343  375  405  434  460  483  503  520  533  542  548  552  553  555
  557  559  559  557  551  539  523  502  478  453  426  397  367  335  304  276
  250  226  205  180  165  144  141  131  125                                   
    30.0-180.0 180.0   5.0 450.0                            LAT/LON1/LON2/DLON/H
  128  125  116  111  110  106  108  109  111  113  116  119  124  129  134  137
  137  133  125  117  109  102   98   98  104  118  138  164  191  217  243  269
  298  329  363  398  431  462  490  517  540  559  574  586  594  600  605  612
  621  631  640  646  646  639  624  604  580  553  525  494  461  425  388  353
  320  289  259  223  198  165  154  137  128                                   
    27.5-180.0 180.0   5.0 450.0                            LAT/LON1/LON2/DLON/H
  145  134  118  112  107  102  101  101  103  105  108  112  117  125  133  139
  141  138  131  122  114  109  107  109  116  131  152  179  207  235  261  288
  318  352  388  424  459  492  523  552  579  602  621  636  648  659  669  683
  700  719  738  751  758  755  744  726  704  678  651  621  586  547  506  465
  424  386  346  298  261  215  190  164  145                                   
    25.0-180.0 180.0   5.0 450.0                            LAT/LON1/LON2/DLON/H
  179  158  135  124  117  108  104  101  100  101  102  105  110  118  128  136
  139  138  132  124  118  116  116  120  129  144  166  193  224  253  281  309
  341  376  414  453  489  524  557  588  617  643  666  687  704  720  737  757
  783  810  836  855  866  867  859  845  825  804  780  753  720  681  637  592
  548  506  455  398  349  290  248  213  179                                   
    22.5-180.0 180.0   5.0 450.0                            LAT/LON1/LON2/DLON/H
  232  200  168  151  140  128  119  112  108  106  103  102  104  110  119  128
  133  133  129  124  121  121  124  130  140  155  178  207  239  269  298  328
  361  399  440  480  519  554  588  620  651  679  706  730  753  774  796  823
  853  885  913  933  943  945  939  929  914  898  880  858  830  794  754  710
  667  627  572  511  450  383  324  280  232                                   
    20.0-180.0 180.0   5.0 450.0                            LAT/LON1/LON2/DLON/H
  299  256  218  193  177  162  148  137  128  121  113  107  103  106  112  120
  125  126  124  122  121  124  129  137  147  163  187  217  249  281  311  342
  377  417  461  504  544  581  616  647  677  706  735  762  788  812  838  865
  896  926  951  966  973  973  969  961  951  940  928  914  893  864  830  793
  757  726  676  616  549  477  409  358  299                                   
    17.5-180.0 180.0   5.0 450.0                            LAT/LON1/LON2/DLON/H
  369  320  279  248  224  207  189  173  158  146  132  119  109  106  108  113
  117  120  120  119  121  125  131  139  150  167  191  222  255  287  318  351
  388  431  477  522  564  603  637  667  696  723  751  779  807  832  856  881
  907  930  947  955  956  954  949  943  936  930  925  918  905  884  858  830
  804  784  747  693  627  556  487  434  369                                   
    15.0-180.0 180.0   5.0 450.0                            LAT/LON1/LON2/DLON/H
  427  379  340  309  278  260  237  216  196  178  158  139  122  113  110  111
  114  116  117  117  120  124  130  138  149  166  191  223  257  291  324  359
  398  442  489  535  579  618  652  681  706  732  758  785  812  835  856  875
  893  906  912  911  906  900  895  890  885  883  883  882  875  860  841  821
  805  796  773  727  670  605  541  494  427                                   
    12.5-180.0 180.0   5.0 450.0                            LAT/LON1/LON2/DLON/H
  465  423  389  361  330  311  286  262  237  214  189  163  141  125  117  114
  114  115  117  118  119  123  128  135  146  163  189  223  260  296  331  368
  407  451  497  543  587  626  660  687  711  734  759  785  809  829  844  856
  864  866  862  852  841  834  829  825  822  821  823  825  821  809  795  780
  771  768  757  720  674  621  567  528  465                                   
    10.0-180.0 180.0   5.0 450.0                            LAT/LON1/LON2/DLON/H
  481  447  419  396  368  351  326  300  273  247  219  190  162  142  129  122
  120  119  120  120  121  123  126  132  142  161  189  226  266  305  342  379
  418  459  502  546  589  629  663  690  713  735  759  783  804  820  830  835
  834  828  815  800  787  780  777  775  772  770  770  771  766  754  739  724
  717  716  710  683  649  609  568  536  481                                   
     7.5-180.0 180.0   5.0 450.0                            LAT/LON1/LON2/DLON/H
  481  455  434  414  390  375  351  326  300  274  244  214  184  160  144  133
  128  126  126  126  125  125  126  130  141  162  193  234  277  318  356  393
