data/edconvlstm_nd/pred1660.15i
     1.0            IONOSPHERE MAPS     GNSS                IONEX VERSION / TYPE
pyspatialgeodesy        IME             05-JAN-18 20:20     PGM / RUN BY / DATE 
Map Name                                                    COMMENT             
Predicted global ionosphere maps (GIM).                     DESCRIPTION         
  2015     6    15     0     0     0                        EPOCH OF FIRST MAP  
  2015     6    16     0     0     0                        EPOCH OF LAST MAP   
  7200                                                      INTERVAL            
    13                                                      # OF MAPS IN FILE   
  NONE                                                      MAPPING FUNCTION    
10.0                                                        ELEVATION CUTOFF    
One-way carrier phase leveled to code                       OBSERVABLES USED    
  6371.0                                                    BASE RADIUS         
 2                                                          MAP DIMENSION       
   450.0 450.0   0.0                                        HGT1 / HGT2 / DHGT  
    87.5 -87.5  -2.5                                        LAT1 / LAT2 / DLAT  
  -180.0 180.0   5.0                                        LON1 / LON2 / DLON  
    -1                                                      EXPONENT            
                                                            END OF HEADER       
[from data line 2574]
     7                                                      START OF TEC MAP    
  2015     6    15    12     0     0                        EPOCH OF CURRENT MAP
    87.5-180.0 180.0   5.0 450.0                            LAT/LON1/LON2/DLON/H
  182  178  173  175  176  175  173  170  170  169  168  167  166  165  164  164
  163  162  162  162  162  162  162  162  162  162  162  163  163  163  164  165
  165  166  166  167  168  168  169  170  170  171  171  172  172  172  173  173
  173  173  173  174  174  174  174  174  175  175  175  176  176  176  176  176
  176  178  176  175  180  179  181  181  182                                   
    85.0-180.0 180.0   5.0 450.0                            LAT/LON1/LON2/DLON/H
  176  177  185  179  178  179  178  177  176  174  172  171  170  168  167  166
  165  165  164  164  164  164  164  164  165  165  166  166  167  167  168  169
  170  171  171  172  173  174  175  176  177  177  178  178  178  178  179  179
  179  179  179  179  179  179  179  179  180  180  180  181  181  182  182  182
  184  185  181  180  180  175  180  185  176                                   
    82.5-180.0 180.0   5.0 450.0                            LAT/LON1/LON2/DLON/H
  165  180  181  175  174  176  175  173  171  169  167  165  163  161  159  158
  157  157  156  157  157  157  158  159  160  160  161  162  163  164  165  166
  167  168  169  171  172  173  175  176  177  178  178  179  179  179  179  178
  178  178  177  177  177  176  176  176  176  177  177  177  177  177  177  178
  178  179  175  177  176  180  180  167  165                                   
    80.0-180.0 180.0   5.0 450.0                            LAT/LON1/LON2/DLON/H
  164  176  178  174  172  171  169  168  167  164  160  157  155  152  150  149
  148  147  147  148  148  149  150  151  152  153  154  155  156  157  158  159
  161  163  165  167  169  171  174  176  178  180  181  182  182  182  182  181
  181  180  179  178  178  177  177  177  177  176  176  176  176  175  175  175
  175  175  172  173  170  171  176  163  164                                   
    77.5-180.0 180.0   5.0 450.0                            LAT/LON1/LON2/DLON/H
  168  175  177  175  173  172  170  168  165  161  157  153  150  147  144  143
  142  142  143  144  146  147  149  150  152  153  154  155  156  157  158  160
  162  165  168  171  175  178  182  185  188  191  192  194  194  194  194  193
  192  190  189  188  187  186  185  184  183  183  182  180  179  178  176  175
  174  173  169  169  171  168  170  164  168                                   
    75.0-180.0 180.0   5.0 450.0                            LAT/LON1/LON2/DLON/H
  163  172  171  171  169  170  168  165  163  158  153  149  145  141  138  137
  137  137  138  140  142  144  146  148  149  150  151  152  153  155  157  159
  162  166  171  175  180  185  190  195  199  202  204  206  206  206  205  204
  202  200  198  196  194  193  192  191  190  189  188  186  184  182  179  177
  174  172  168  164  165  164  166  156  163                                   
    72.5-180.0 180.0   5.0 450.0                            LAT/LON1/LON2/DLON/H
  158  166  166  167  166  168  167  164  161  157  151  146  142  138  136  134
  134  135  137  140  142  144  146  148  149  149  150  151  152  154  157  161
  165  171  177  183  189  196  202  207  212  216  219  220  221  221  219  217
  214  211  208  205  203  201  199  199  198  197  196  194  192  189  185  181
  177  173  168  163  161  160  161  156  158                                   
    70.0-180.0 180.0   5.0 450.0                            LAT/LON1/LON2/DLON/H
  154  159  159  161  160  162  162  160  158  154  149  144  140  136  134  133
  133  134  136  139  141  143  145  145  146  146  146  147  148  151  155  161
  167  174  182  190  198  206  213  219  224  228  231  232  232  231  229  226
  222  217  213  209  205  203  202  202  203  203  202  201  199  196  191  187
  181  176  169  163  160  158  161  156  154                                   
    67.5-180.0 180.0   5.0 450.0                            LAT/LON1/LON2/DLON/H
  150  155  154  156  156  158  159  158  157  154  150  146  143  140  138  137
  137  139  141  143  144  145  146  146  145  144  144  144  146  150  156  163
  171  180  190  199  208  216  224  230  236  240  242  243  243  242  239  234
  229  223  217  212  209  207  206  207  209  211  211  211  210  206  202  197
  191  185  177  169  164  160  162  157  150                                   
    65.0-180.0 180.0   5.0 450.0                            LAT/LON1/LON2/DLON/H
  148  151  148  149  148  151  152  152  153  152  150  148  146  144  143  143
  143  144  145  146  147  147  146  145  143  142  141  142  145  150  157  166
  177  187  198  209  219  227  235  241  246  250  252  253  253  250  246  241
  234  227  220  215  211  209  210  212  215  218  221  221  221  218  214  209
  202  196  188  179  173  169  170  165  148                                   
    62.5-180.0 180.0   5.0 450.0                            LAT/LON1/LON2/DLON/H
  147  148  144  142  139  141  143  144  146  147  148  148  148  148  148  149
  150  150  150  150  149  148  146  144  142  140  140  141  145  152  161  172
  183  196  208  219  229  237  245  251  256  259  261  262  261  258  254  247
  240  232  225  219  215  214  215  219  223  227  230  232  232  229  226  221
  215  209  201  193  185  179  179  174  147                                   
    60.0-180.0 180.0   5.0 450.0                            LAT/LON1/LON2/DLON/H
  149  147  139  134  129  130  131  132  136  139  141  144  147  149  152  153
  154  154  153  152  149  147  144  142  140  139  140  142  147  155  166  178
  191  204  217  228  238  247  254  259  264  267  269  270  269  266  261  255
  248  239  232  226  222  222  223  227  232  237  240  242  242  240  236  232
  227  222  214  206  199  191  190  184  149                                   
    57.5-180.0 180.0   5.0 450.0                            LAT/LON1/LON2/DLON/H
  153  147  136  128  119  119  119  120  124  128  133  138  143  147  151  155
  156  156  154  151  148  145  142  140  139  139  141  145  152  162  173  187
  200  214  227  238  248  256  263  269  273  276  278  279  278  276  271  265
  258  250  243  237  234  233  234  238  243  247  250  251  251  248  245  241
  237  233  227  219  212  203  201  194  153                                   
    55.0-180.0 180.0   5.0 450.0                            LAT/LON1/LON2/DLON/H
  159  148  135  124  113  110  109  109  112  117  122  128  135  141  147  152
  155  155  152  149  144  141  139  138  139  141  145  151  159  170  182  196
  210  224  237  248  258  267  274  279  284  287  289  291  290  288  284  278
  271  263  256  251  247  246  247  250  254  257  259  259  257  254  251  248
  244  241  236  230  222  213  209  201  159                                   
    52.5-180.0 180.0   5.0 450.0                            LAT/LON1/LON2/DLON/H
  165  150  137  124  110  106  103  102  104  108  112  118  125  132  140  146
  150  151  149  145  141  137  136  137  140  144  150  157  167  179  192  207
  221  235  248  260  270  279  287  293  297  301  303  304  304  302  298  292
  285  278  271  265  261  259  259  261  263  264  264  263  261  257  254  252
  249  247  243  236  229  218  214  206  165                                   
    50.0-180.0 180.0   5.0 450.0                            LAT/LON1/LON2/DLON/H
  171  154  140  128  113  108  105  102  102  104  106  110  116  124  132  139
  145  147  145  142  138  135  136  139  143  150  157  166  177  189  203  218
  233  248  261  274  286  296  304  310  314  318  320  322  322  319  315  309
  301  294  286  279  274  270  269  268  268  268  267  265  262  259  256  255
  253  251  247  240  232  221  216  207  171                                   
    47.5-180.0 180.0   5.0 450.0                            LAT/LON1/LON2/DLON/H
  175  157  145  134  121  116  112  109  107  106  106  108  112  118  126  134
  140  144  144  141  138  136  138  142  149  157  166  176  188  201  215  231
  246  262  277  292  305  316  325  332  336  339  342  344  343  340  334  327
  318  309  299  291  283  277  273  271  270  268  266  264  261  259  257  257
  255  254  249  242  232  220  215  206  175                                   
    45.0-180.0 180.0   5.0 450.0                            LAT/LON1/LON2/DLON/H
  178  161  151  143  133  128  125  121  117  114  111  111  112  116  123  131
  139  144  145  144  142  141  144  150  158  167  177  187  199  213  228  244
  261  279  296  313  328  341  351  358  363  366  368  370  369  364  357  347
  335  324  312  300  290  281  275  270  268  266  264  262  260  259  259  259
  258  256  251  242  231  219  213  203  178                                   
    42.5-180.0 180.0   5.0 450.0                            LAT/LON1/LON2/DLON/H
  178  166  158  153  146  143  140  135  131  127  122  119  118  120  125  133
  141  147  151  151  150  150  154  160  169  179  189  200  212  226  241  259
  278  297  317  337  355  370  382  389  393  397  399  401  399  393  384  371
  356  340  325  310  296  285  276  270  267  264  263  261  260  260  261  262
  261  259  253  243  230  218  211  200  178                                   
    40.0-180.0 180.0   5.0 450.0                            LAT/LON1/LON2/DLON/H
  180  173  167  164  159  157  155  150  146  140  135  131  129  129  133  139
  147  155  160  162  163  164  168  175  184  193  203  214  226  240  256  275
  295  318  340  363  384  401  414  422  427  431  434  435  434  427  415  398
  380  361  342  324  307  293  282  274  270  267  265  264  264  264  266  267
  266  263  256  245  232  219  212  200  180                                   
    37.5-180.0 180.0   5.0 450.0                            LAT/LON1/LON2/DLON/H
  184  182  178  175  172  170  167  162  158  153  148  144  141  141  144  149
  157  166  172  176  179  181  185  192  200  209  219  229  241  255  272  292
  314  339  364  389  412  432  446  455  461  466  470  473  471  463  449  431
  410  389  367  347  327  310  297  287  281  277  274  272  271  271  272  273
  271  268  260  249  235  223  217  203  184                                   
    35.0-180.0 180.0   5.0 450.0                            LAT/LON1/LON2/DLON/H
  193  196  192  188  184  180  177  170  167  162  159  156  154  154  156  161
  169  178  186  193  198  202  206  212  219  227  236  245  257  271  288  309
  333  359  386  414  438  459  475  486  493  500  505  509  508  501  486  467
  445  423  401  379  358  339  323  311  302  295  290  286  283  281  281  280
  277  274  265  255  242  231  225  211  193                                   
    32.5-180.0 180.0   5.0 450.0                            LAT/LON1/LON2/DLON/H
  208  213  208  202  196  190  184  176  172  168  166  165  165  166  168  172
  180  190  200  210  218  223  228  233  239  245  253  262  273  287  304  326
  350  378  406  434  460  482  498  511  520  528  536  541  542  535  522  504
  483  463  442  422  401  380  362  346  333  322  313  305  298  293  290  287
  283  279  271  261  250  241  237  222  208                                   
    30.0-180.0 180.0   5.0 450.0                            LAT/LON1/LON2/DLON/H
  227  232  226  218  209  200  191  181  175  171  170  170  172  174  177  181
  188  199  212  226  237  245  251  256  260  265  271  279  290  303  320  341
  367  395  423  451  476  498  515  528  539  549  558  565  568  564  553  538
  521  505  488  470  451  431  410  390  372  355  340  326  315  305  299  293
  287  282  275  266  257  252  248  235  227                                   
    27.5-180.0 180.0   5.0 450.0                            LAT/LON1/LON2/DLON/H
  246  251  244  235  222  210  198  186  179  174  172  173  175  178  181  185
  193  205  222  239  254  266  273  277  280  284  289  296  306  319  335  356
  381  409  437  463  487  507  524  537  549  559  570  579  584  582  576  565
  554  543  532  519  502  482  460  435  411  388  366  345  328  314  304  295
  288  283  276  269  263  259  258  247  246                                   
    25.0-180.0 180.0   5.0 450.0                            LAT/LON1/LON2/DLON/H
  263  266  258  249  233  219  205  193  184  177  173  173  175  178  181  185
  194  208  227  249  268  283  292  297  299  301  306  312  321  334  349  369
  394  420  447  472  493  512  527  539  550  561  572  582  589  590  587  582
  576  571  565  557  544  525  500  471  441  411  382  356  334  316  303  294
  286  281  274  268  264  263  263  255  263                                   
    22.5-180.0 180.0   5.0 450.0                            LAT/LON1/LON2/DLON/H
  272  272  265  257  240  226  212  200  190  182  175  173  173  175  178  182
  192  208  230  255  278  296  308  313  315  317  321  327  336  347  363  382
  405  431  456  478  497  513  526  537  546  556  567  577  585  588  589  587
  586  585  584  579  568  549  523  490  455  420  386  356  330  310  296  287
  280  275  270  264  261  260  261  255  272                                   
    20.0-180.0 180.0   5.0 450.0                            LAT/LON1/LON2/DLON/H
  270  268  262  257  241  228  216  207  197  188  178  172  170  171  173  178
  188  205  229  257  283  304  318  325  328  330  334  341  349  361  376  394
  417  441  465  485  502  515  525  533  541  549  558  568  576  580  582  583
  583  585  586  583  573  555  528  494  455  417  380  347  319  299  286  277
  272  268  264  258  254  253  253  248  270                                   
    17.5-180.0 180.0   5.0 450.0                            LAT/LON1/LON2/DLON/H
  255  252  247  245  232  222  215  209  202  192  181  172  168  166  168  172
  182  200  225  254  282  305  322  332  337  341  346  352  362  373  388  407
  429  453  475  494  509  520  527  532  537  543  551  559  567  571  573  574
  575  576  577  575  566  548  521  487  448  407  369  335  307  287  275  269
  265  263  259  253  248  243  242  235  255                                   
    15.0-180.0 180.0   5.0 450.0                            LAT/LON1/LON2/DLON/H
  232  228  225  223  215  208  206  205  201  193  181  171  165  162  163  166
  176  193  218  246  275  301  320  334  343  349  355  363  372  385  401  420
  442  465  487  505  519  528  533  536  539  543  548  555  561  565  566  565
  565  565  565  562  553  536  510  477  439  399  360  326  297  278  267  263
  261  261  257  251  243  235  230  219  232                                   
    12.5-180.0 180.0   5.0 450.0                            LAT/LON1/LON2/DLON/H
  209  205  201  198  193  187  189  193  193  187  177  168  161  158  158  161
  169  185  207  235  264  291  314  332  345  354  362  371  382  396  413  433
  455  477  499  517  531  539  543  545  546  548  552  557  562  564  563  561
  558  557  555  550  541  525  501  470  434  395  357  322  294  274  264  261
  261  262  259  253  243  230  221  206  209                                   
    10.0-180.0 180.0   5.0 450.0                            LAT/LON1/LON2/DLON/H
  191  189  183  176  172  165  169  174  177  173  166  160  155  152  151  154
  161  175  195  220  249  277  304  327  344  357  368  377  389  404  422  443
  465  488  509  527  541  550  555  556  557  558  561  565  569  569  567  563
  558  555  551  546  536  520  497  469  435  397  360  325  296  276  265  262
  263  266  264  259  248  231  219  199  191                                   
     7.5-180.0 180.0   5.0 450.0                            LAT/LON1/LON2/DLON/H
  184  182  174  163  158  148  151  155  157  156  151  147  145  144  143  145
  152  164  181  205  232  262  292  319  341  358  371  382  394  409  428  450
