data/edconvlstm_nd/pred1380.15i
     1.0            IONOSPHERE MAPS     GNSS                IONEX VERSION / TYPE
pyspatialgeodesy        IME             05-JAN-18 20:20     PGM / RUN BY / DATE 
Map Name                                                    COMMENT             
Predicted global ionosphere maps (GIM).                     DESCRIPTION         
  2015     5    18     0     0     0                        EPOCH OF FIRST MAP  
  2015     5    19     0     0     0                        EPOCH OF LAST MAP   
  7200                                                      INTERVAL            
    13                                                      # OF MAPS IN FILE   
  NONE                                                      MAPPING FUNCTION    
10.0                                                        ELEVATION CUTOFF    
One-way carrier phase leveled to code                       OBSERVABLES USED    
  6371.0                                                    BASE RADIUS         
 2                                                          MAP DIMENSION       
   450.0 450.0   0.0                                        HGT1 / HGT2 / DHGT  
    87.5 -87.5  -2.5                                        LAT1 / LAT2 / DLAT  
  -180.0 180.0   5.0                                        LON1 / LON2 / DLON  
    -1                                                      EXPONENT            
                                                            END OF HEADER       
[from data line 2574]
     7                                                      START OF TEC MAP    
  2015     5    18    12     0     0                        EPOCH OF CURRENT MAP
    87.5-180.0 180.0   5.0 450.0                            LAT/LON1/LON2/DLON/H
  205  196  189  195  198  201  201  202  205  207  208  210  211  212  213  214
  215  215  216  216  216  216  216  216  216  216  216  216  216  216  215  215
  215  214  213  213  212  211  210  209  208  207  206  205  204  203  202  201
  200  199  198  197  196  196  195  194  193  192  191  191  190  189  189  188
  187  188  186  186  190  192  194  202  205                                   
    85.0-180.0 180.0   5.0 450.0                            LAT/LON1/LON2/DLON/H
  184  183  191  191  192  198  201  204  207  209  211  213  215  216  217  218
  219  219  220  220  220  220  221  221  221  221  221  221  221  220  220  220
  219  218  217  216  215  214  213  211  210  208  207  206  205  203  202  201
  200  199  199  198  197  196  195  194  193  192  192  191  190  189  188  188
  188  188  184  184  183  182  188  198  184                                   
    82.5-180.0 180.0   5.0 450.0                            LAT/LON1/LON2/DLON/H
  162  175  179  178  181  189  193  197  202  205  208  211  213  215  216  217
  218  218  219  219  220  220  220  220  221  221  221  222  222  222  221  221
  220  219  217  216  214  212  209  207  205  203  202  200  199  197  197  196
  195  194  194  193  193  192  191  190  189  188  187  186  185  183  182  180
  179  178  173  175  173  180  182  173  162                                   
    80.0-180.0 180.0   5.0 450.0                            LAT/LON1/LON2/DLON/H
  158  168  173  174  176  182  187  194  200  204  207  211  213  215  216  216
  216  216  216  216  215  215  215  215  216  216  217  217  218  219  219  219
  218  218  216  215  213  211  209  207  205  204  203  202  201  201  201  201
  202  202  203  203  203  203  202  202  201  200  198  197  195  192  190  188
  185  182  176  176  172  171  176  167  158                                   
    77.5-180.0 180.0   5.0 450.0                            LAT/LON1/LON2/DLON/H
  163  165  170  171  173  179  184  190  196  201  205  208  210  212  212  212
  212  211  210  209  209  208  208  209  209  210  211  213  214  216  218  219
  219  219  219  218  216  214  212  211  209  208  207  207  208  209  210  212
  213  215  217  218  219  219  220  220  219  218  217  215  213  211  207  204
  199  195  187  185  183  178  177  173  163                                   
    75.0-180.0 180.0   5.0 450.0                            LAT/LON1/LON2/DLON/H
  166  167  167  168  169  175  180  186  193  198  201  204  206  207  207  206
  204  203  201  200  200  199  199  199  200  202  203  206  209  212  215  217
  219  221  221  221  219  218  216  215  214  213  213  215  216  218  221  224
  227  229  232  234  236  237  238  238  238  238  238  237  235  233  230  226
  220  215  206  199  193  189  186  178  166                                   
    72.5-180.0 180.0   5.0 450.0                            LAT/LON1/LON2/DLON/H
  169  169  166  166  165  170  175  180  187  192  195  198  200  200  200  198
  197  195  194  193  192  192  192  192  193  194  196  199  203  208  212  217
  220  223  224  225  224  222  221  220  219  219  220  222  224  227  231  234
  237  240  242  245  246  247  248  249  250  251  251  251  251  250  247  244
  238  232  223  215  206  200  197  192  169                                   
    70.0-180.0 180.0   5.0 450.0                            LAT/LON1/LON2/DLON/H
  173  169  165  163  159  163  168  173  179  185  189  192  194  194  193  192
  190  189  188  187  187  187  187  187  188  189  191  195  199  205  211  217
  222  226  228  229  228  227  226  224  224  224  226  228  231  234  237  240
  243  245  246  247  248  248  249  250  251  252  254  256  257  257  257  255
  250  244  236  227  217  210  208  204  173                                   
    67.5-180.0 180.0   5.0 450.0                            LAT/LON1/LON2/DLON/H
  176  170  165  162  156  158  161  166  173  179  184  188  191  192  192  191
  190  190  189  189  190  190  190  190  190  191  192  195  200  206  213  221
  228  233  236  237  237  235  234  232  232  233  234  237  240  243  245  246
  247  247  247  246  245  244  244  244  246  248  251  254  257  259  260  260
  256  252  244  235  225  218  215  212  176                                   
    65.0-180.0 180.0   5.0 450.0                            LAT/LON1/LON2/DLON/H
  177  170  163  157  149  149  151  155  162  169  176  181  185  188  189  190
  190  191  191  192  194  194  195  195  194  194  195  198  202  209  217  226
  234  240  244  246  246  244  242  241  241  241  243  245  247  249  249  248
  247  244  241  238  236  234  233  233  234  237  240  245  249  253  255  256
  254  251  244  237  228  223  221  218  177                                   
    62.5-180.0 180.0   5.0 450.0                            LAT/LON1/LON2/DLON/H
  177  168  160  152  141  139  139  143  150  158  166  173  179  184  187  189
  191  192  194  196  198  200  200  200  200  199  199  202  206  214  223  233
  242  249  254  256  256  255  253  252  251  252  253  255  256  255  253  250
  246  241  236  231  228  225  224  224  225  228  232  236  241  245  248  249
  247  245  239  233  225  222  220  218  177                                   
    60.0-180.0 180.0   5.0 450.0                            LAT/LON1/LON2/DLON/H
  177  167  156  146  132  127  126  129  135  144  152  162  170  176  181  185
  188  191  194  197  200  202  204  204  204  203  204  206  211  219  229  240
  251  259  264  267  267  266  265  264  263  264  265  265  265  262  258  252
  246  239  233  228  225  223  222  222  223  226  230  234  238  242  244  244
  242  239  233  227  220  218  217  213  177                                   
    57.5-180.0 180.0   5.0 450.0                            LAT/LON1/LON2/DLON/H
  179  166  155  142  127  119  115  115  121  128  137  147  157  165  172  178
  182  186  190  194  198  201  204  206  207  207  208  211  217  226  237  249
  261  270  276  279  280  280  279  278  278  279  279  278  276  272  266  259
  251  244  238  234  231  230  230  231  233  235  238  242  245  247  247  246
  242  237  230  224  217  214  213  208  179                                   
    55.0-180.0 180.0   5.0 450.0                            LAT/LON1/LON2/DLON/H
  183  168  155  141  125  114  108  106  108  114  122  131  141  151  159  167
  173  178  183  188  193  198  202  206  209  211  213  218  225  234  247  260
  272  282  289  293  295  296  296  296  296  296  295  294  290  285  277  269
  261  254  250  247  246  247  248  250  252  254  256  258  259  259  258  254
  248  241  233  225  217  213  211  204  183                                   
    52.5-180.0 180.0   5.0 450.0                            LAT/LON1/LON2/DLON/H
  189  173  160  145  128  115  107  101  101  103  109  117  126  136  145  154
  162  168  175  181  187  194  201  207  212  216  221  227  235  246  259  272
  285  295  303  308  312  314  316  317  317  317  315  312  307  300  292  284
  276  270  267  265  266  268  270  272  275  276  277  278  277  276  273  268
  260  252  242  233  222  215  211  203  189                                   
    50.0-180.0 180.0   5.0 450.0                            LAT/LON1/LON2/DLON/H
  196  180  167  153  137  123  113  104  100   99  101  106  114  123  133  142
  151  160  168  176  184  193  202  210  218  225  231  238  248  259  273  287
  300  311  320  327  332  336  339  341  342  341  338  333  327  319  310  302
  294  289  286  285  286  288  290  293  294  296  296  295  294  291  287  282
  274  265  254  243  231  221  215  206  196                                   
    47.5-180.0 180.0   5.0 450.0                            LAT/LON1/LON2/DLON/H
  201  187  176  163  150  136  124  113  106  101   99  101  106  114  123  134
  144  154  164  174  185  196  207  217  227  236  244  253  263  275  289  303
  317  329  338  347  354  361  366  369  370  368  364  357  349  340  330  321
  313  307  303  301  301  301  302  303  305  305  305  304  302  299  296  291
  284  276  265  253  239  228  220  209  201                                   
    45.0-180.0 180.0   5.0 450.0                            LAT/LON1/LON2/DLON/H
  202  191  183  172  162  149  138  125  116  108  103  103  105  111  120  130
  141  153  165  178  191  204  216  228  239  249  258  268  279  292  306  320
  334  347  358  368  378  387  394  399  401  399  393  385  375  363  352  341
  332  324  318  312  309  306  304  304  304  304  304  302  300  297  295  292
  287  281  270  259  243  232  222  211  202                                   
    42.5-180.0 180.0   5.0 450.0                            LAT/LON1/LON2/DLON/H
  198  192  186  178  170  161  151  138  128  118  112  109  110  115  122  132
  143  156  171  186  200  214  227  240  251  262  272  283  294  307  322  337
  352  366  379  391  403  415  425  432  434  432  425  415  403  389  375  362
  350  339  330  321  313  306  302  299  298  298  297  294  291  289  288  286
  283  279  269  258  243  232  222  209  198                                   
    40.0-180.0 180.0   5.0 450.0                            LAT/LON1/LON2/DLON/H
  192  190  185  178  174  167  159  148  138  129  123  120  120  123  129  138
  150  163  179  196  212  226  240  251  262  273  284  295  307  321  336  353
  370  385  400  415  429  443  456  465  469  468  461  449  434  418  401  386
  371  358  346  334  322  313  306  301  299  297  294  290  286  282  280  279
  276  272  264  253  239  229  219  204  192                                   
    37.5-180.0 180.0   5.0 450.0                            LAT/LON1/LON2/DLON/H
  186  187  182  176  173  168  163  154  146  139  134  132  132  134  140  147
  158  172  188  206  223  238  250  261  272  282  293  305  317  332  349  367
  386  404  421  438  454  471  486  497  504  504  497  485  468  450  432  415
  400  386  373  359  347  336  327  321  316  312  306  300  292  286  282  278
  274  269  259  248  234  226  215  199  186                                   
    35.0-180.0 180.0   5.0 450.0                            LAT/LON1/LON2/DLON/H
  184  188  181  175  172  167  163  156  150  146  143  143  144  147  151  158
  167  180  197  215  233  247  259  269  278  288  300  312  326  342  360  381
  403  423  442  461  479  497  514  528  536  539  534  522  506  487  469  453
  440  428  417  406  395  384  375  367  360  352  342  331  319  308  300  293
  284  275  262  248  235  226  215  196  184                                   
    32.5-180.0 180.0   5.0 450.0                            LAT/LON1/LON2/DLON/H
  191  194  185  177  172  167  163  157  153  150  150  152  155  158  162  167
  175  188  204  222  240  254  265  274  283  293  305  318  333  351  372  395
  419  442  463  483  502  521  539  555  566  571  568  558  544  528  514  502
  493  487  482  477  470  462  454  445  434  422  406  388  370  353  339  325
  311  296  277  259  244  233  221  201  191                                   
    30.0-180.0 180.0   5.0 450.0                            LAT/LON1/LON2/DLON/H
  206  207  194  185  178  171  166  159  155  154  156  159  163  167  171  175
  182  193  208  227  245  259  270  279  288  298  311  326  343  362  385  410
  437  462  485  505  524  543  561  578  591  598  599  593  583  573  564  560
  560  562  566  569  569  567  561  551  536  516  493  468  442  418  398  376
  354  333  307  284  264  252  236  215  206                                   
    27.5-180.0 180.0   5.0 450.0                            LAT/LON1/LON2/DLON/H
  230  229  210  200  189  181  174  166  161  160  161  165  169  173  177  180
  186  195  211  229  247  263  274  284  293  305  320  336  354  376  400  427
  456  483  507  527  545  562  579  596  610  620  624  623  620  617  617  622
  632  645  658  670  679  682  678  666  646  619  588  556  524  494  467  438
  410  382  350  320  295  280  261  239  230                                   
    25.0-180.0 180.0   5.0 450.0                            LAT/LON1/LON2/DLON/H
  261  257  233  221  207  197  187  177  170  167  167  170  173  177  180  183
  188  197  211  230  249  266  278  289  301  314  331  349  369  392  418  447
  476  504  527  546  563  578  594  609  624  635  643  648  652  657  666  681
  699  720  741  759  773  779  776  761  736  702  665  628  593  560  530  498
  466  435  399  363  333  314  293  271  261                                   
    22.5-180.0 180.0   5.0 450.0                            LAT/LON1/LON2/DLON/H
  293  288  262  248  230  217  205  193  183  177  174  175  176  179  181  183
  188  197  211  230  250  267  282  295  309  325  343  364  386  411  438  467
  496  523  546  564  578  591  605  619  633  646  657  666  675  687  704  725
  750  775  798  817  831  836  830  811  780  742  701  662  628  597  569  537
  505  476  440  402  369  347  328  307  293                                   
    20.0-180.0 180.0   5.0 450.0                            LAT/LON1/LON2/DLON/H
  322  318  292  276  255  239  225  210  197  188  182  179  178  179  180  182
  187  196  210  229  249  268  284  299  316  335  356  379  404  430  458  487
  516  542  563  579  591  603  615  628  641  654  666  678  690  706  727  751
  777  801  822  837  846  846  834  810  774  731  689  651  619  593  569  543
  516  492  463  427  396  373  358  337  322                                   
    17.5-180.0 180.0   5.0 450.0                            LAT/LON1/LON2/DLON/H
  341  339  317  299  276  259  242  226  211  199  189  183  179  178  178  179
  184  193  208  226  246  266  284  302  322  344  368  394  421  449  477  506
  534  559  579  594  606  616  627  638  651  663  674  686  699  715  736  758
  780  799  814  822  823  816  797  767  727  683  640  604  576  553  535  515
  496  480  462  433  408  387  376  356  341                                   
    15.0-180.0 180.0   5.0 450.0                            LAT/LON1/LON2/DLON/H
  349  349  330  312  288  270  254  237  220  206  194  186  180  176  174  174
  179  189  203  222  241  261  281  303  327  352  379  408  437  466  496  525
  552  576  595  610  622  633  644  654  665  675  684  693  704  717  733  750
  766  777  782  782  775  761  737  703  662  618  579  545  519  498  482  467
  455  448  440  421  405  387  380  360  349                                   
    12.5-180.0 180.0   5.0 450.0                            LAT/LON1/LON2/DLON/H
  346  347  332  312  288  270  254  239  222  208  196  186  179  173  169  169
  173  182  197  215  233  253  276  301  329  359  389  421  452  483  514  542
  569  593  613  629  643  655  666  677  685  691  696  701  707  715  724  734
  740  743  740  732  719  700  674  640  602  562  527  496  470  448  430  416
  407  406  407  398  391  377  372  351  346                                   
    10.0-180.0 180.0   5.0 450.0                            LAT/LON1/LON2/DLON/H
  337  340  325  303  280  260  245  231  217  204  193  184  176  169  164  162
  166  175  189  206  225  245  270  299  331  365  399  433  466  498  529  558
  585  609  630  648  664  679  691  701  706  709  709  709  709  711  712  713
  712  707  699  688  673  653  628  598  565  532  501  473  445  419  396  377
  367  368  374  372  371  361  357  335  337                                   
     7.5-180.0 180.0   5.0 450.0                            LAT/LON1/LON2/DLON/H
  327  330  314  289  266  244  230  218  205  194  185  178  171  163  157  155
  158  168  182  198  217  238  265  297  333  371  408  444  478  511  542  571
