data/edconvlstm_nd/pred0340.15i
     1.0            IONOSPHERE MAPS     GNSS                IONEX VERSION / TYPE
pyspatialgeodesy        IME             05-JAN-18 20:20     PGM / RUN BY / DATE 
Map Name                                                    COMMENT             
Predicted global ionosphere maps (GIM).                     DESCRIPTION         
  2015     2     3     0     0     0                        EPOCH OF FIRST MAP  
  2015     2     4     0     0     0                        EPOCH OF LAST MAP   
  7200                                                      INTERVAL            
    13                                                      # OF MAPS IN FILE   
  NONE                                                      MAPPING FUNCTION    
10.0                                                        ELEVATION CUTOFF    
One-way carrier phase leveled to code                       OBSERVABLES USED    
  6371.0                                                    BASE RADIUS         
 2                                                          MAP DIMENSION       
   450.0 450.0   0.0                                        HGT1 / HGT2 / DHGT  
    87.5 -87.5  -2.5                                        LAT1 / LAT2 / DLAT  
  -180.0 180.0   5.0                                        LON1 / LON2 / DLON  
    -1                                                      EXPONENT            
                                                            END OF HEADER       
[from data line 429]
     2                                                      START OF TEC MAP    
  2015     2     3     2     0     0                        EPOCH OF CURRENT MAP
    87.5-180.0 180.0   5.0 450.0                            LAT/LON1/LON2/DLON/H
   98  105  107  109  108  108  105  104  105  106  106  107  108  108  108  108
  107  106  104  103  101   98   96   94   91   89   86   84   82   80   78   77
   75   74   73   72   72   72   72   72   73   73   74   75   77   78   80   81
   83   84   86   88   89   90   92   93   94   95   96   96   97   97   98   99
  101  102  101   99  100  108  111  101   98                                   
    85.0-180.0 180.0   5.0 450.0                            LAT/LON1/LON2/DLON/H
  105  120  108  115  117  117  115  115  115  116  116  116  117  117  117  116
  115  114  112  109  106  103   99   96   92   88   85   82   79   76   74   72
   70   69   69   68   68   69   70   71   73   74   76   78   81   83   86   88
   91   93   95   97   99  101  103  105  106  107  109  110  110  111  112  114
  116  117  116  117  117  118  123  114  105                                   
    82.5-180.0 180.0   5.0 450.0                            LAT/LON1/LON2/DLON/H
  117  119  136  128  126  126  125  124  126  127  127  128  129  129  130  129
  128  126  123  119  115  110  105   99   93   88   83   78   74   70   67   65
   63   62   62   62   63   64   66   68   71   74   77   81   84   88   92   95
   99  102  106  109  111  114  116  118  120  122  123  125  126  127  128  130
  132  132  131  129  136  125  127  123  117                                   
    80.0-180.0 180.0   5.0 450.0                            LAT/LON1/LON2/DLON/H
  140  139  138  129  128  125  126  125  127  126  126  128  130  131  131  131
  130  128  124  120  114  107  100   93   86   79   73   68   64   60   57   56
   55   54   55   56   57   60   62   66   69   74   78   82   87   91   95  100
  104  107  111  114  117  120  122  124  126  128  130  132  133  135  137  139
  141  140  141  141  154  147  152  144  140                                   
    77.5-180.0 180.0   5.0 450.0                            LAT/LON1/LON2/DLON/H
  154  155  149  143  133  130  130  130  129  128  128  131  132  134  136  136
  136  133  130  124  118  110  102   94   86   79   73   67   63   60   59   58
   58   58   59   61   64   66   70   74   78   82   87   91   96  100  104  108
  112  115  119  122  124  127  129  131  133  135  137  139  141  143  146  149
  151  154  154  158  166  162  167  166  154                                   
    75.0-180.0 180.0   5.0 450.0                            LAT/LON1/LON2/DLON/H
  169  172  166  160  148  143  139  135  133  130  129  130  131  132  133  133
  133  131  127  122  116  109  102   94   87   81   76   72   69   67   67   67
   68   69   70   72   74   77   80   84   88   92   96   99  103  106  109  112
  115  117  119  121  123  125  127  129  131  133  135  138  140  143  147  152
  155  161  164  165  176  179  184  185  169                                   
    72.5-180.0 180.0   5.0 450.0                            LAT/LON1/LON2/DLON/H
  186  196  191  184  172  163  157  150  146  140  137  135  134  134  133  132
  131  129  126  122  118  112  106  100   95   90   87   85   84   84   84   85
   87   88   90   91   93   96   98  102  105  108  111  114  116  118  120  121
  123  124  125  127  128  129  131  133  135  137  139  142  145  149  154  160
  165  171  179  183  192  194  200  204  186                                   
    70.0-180.0 180.0   5.0 450.0                            LAT/LON1/LON2/DLON/H
  214  224  219  211  197  186  176  167  160  152  145  141  136  131  128  124
  122  120  118  116  113  110  107  103  100   98   96   96   96   98   99  101
  102  103  104  105  106  108  110  113  116  118  121  123  124  125  125  126
  126  127  127  128  129  130  132  134  137  140  143  147  151  155  160  167
  173  180  190  196  208  213  222  223  214                                   
    67.5-180.0 180.0   5.0 450.0                            LAT/LON1/LON2/DLON/H
  232  245  240  232  218  205  194  183  173  163  153  144  135  126  119  113
  109  107  106  106  106  106  105  104  103  102  101  102  104  105  107  108
  108  108  107  107  107  108  110  113  116  118  120  121  122  122  121  121
  120  120  121  122  123  125  128  131  136  141  146  152  157  162  167  173
  179  186  196  203  215  223  233  236  232                                   
    65.0-180.0 180.0   5.0 450.0                            LAT/LON1/LON2/DLON/H
  245  259  255  247  235  223  211  200  190  177  165  152  139  125  114  105
  100   98   98  100  103  105  106  106  106  105  105  106  107  108  109  108
  107  105  103  102  101  102  104  106  109  112  114  115  115  114  113  111
  111  111  111  113  115  119  123  130  137  146  154  163  170  176  181  186
  190  195  203  209  221  229  241  246  245                                   
    62.5-180.0 180.0   5.0 450.0                            LAT/LON1/LON2/DLON/H
  252  266  265  257  248  238  228  218  208  194  179  164  147  130  115  103
   97   95   96  100  103  106  108  108  107  106  106  106  106  106  105  103
  100   97   93   91   89   90   92   95   99  102  104  105  104  102  100   98
   97   97   99  102  106  112  120  129  141  154  167  180  191  198  203  207
  208  209  214  217  225  232  246  253  252                                   
    60.0-180.0 180.0   5.0 450.0                            LAT/LON1/LON2/DLON/H
  254  267  267  259  253  247  238  230  221  208  192  175  156  136  119  107
   99   97   98  101  105  107  107  106  104  102  100  100   99   98   96   93
   89   84   80   77   75   75   78   81   85   88   91   91   89   87   84   82
   81   83   86   91   97  106  117  130  146  164  183  200  215  224  230  232
  230  227  229  228  232  236  249  258  254                                   
    57.5-180.0 180.0   5.0 450.0                            LAT/LON1/LON2/DLON/H
  258  269  269  260  256  252  245  238  231  219  203  185  165  145  127  115
  107  103  103  104  105  104  101   98   95   92   90   90   89   88   85   82
   77   72   68   65   64   65   67   70   74   77   78   78   76   73   70   68
   69   72   77   84   93  104  118  134  154  177  201  223  241  253  260  262
  258  252  251  245  246  244  257  268  258                                   
    55.0-180.0 180.0   5.0 450.0                            LAT/LON1/LON2/DLON/H
  269  276  275  263  261  257  251  245  238  226  210  192  172  153  137  125
  117  112  108  105  101   96   90   85   82   79   79   79   79   78   76   72
   68   64   61   59   59   60   62   64   67   69   70   69   66   64   61   60
   62   67   74   83   94  108  123  143  166  192  220  245  266  281  289  291
  286  279  276  268  266  259  271  284  269                                   
    52.5-180.0 180.0   5.0 450.0                            LAT/LON1/LON2/DLON/H
  289  292  287  273  271  268  260  253  245  231  215  196  177  160  145  135
  126  119  112  103   94   85   78   72   69   68   69   71   72   72   71   68
   65   62   61   61   62   63   64   66   67   67   67   66   64   61   59   60
   63   69   78   89  103  118  135  156  181  209  238  266  289  305  314  317
  314  307  303  295  291  280  291  306  289                                   
    50.0-180.0 180.0   5.0 450.0                            LAT/LON1/LON2/DLON/H
  315  316  306  292  290  285  275  265  253  237  219  200  181  165  153  143
  134  124  112   99   87   76   68   63   62   63   66   69   71   72   71   69
   67   66   67   69   71   73   74   73   73   72   71   70   68   67   66   67
   71   79   90  103  119  135  154  175  200  228  257  285  307  324  334  338
  335  331  328  322  317  307  317  332  315                                   
    47.5-180.0 180.0   5.0 450.0                            LAT/LON1/LON2/DLON/H
  343  343  330  318  315  308  295  281  264  244  223  203  185  170  158  148
  138  125  110   95   82   71   65   63   64   66   70   74   76   76   75   72
   72   73   77   81   85   87   87   86   84   82   81   80   80   79   79   81
   86   94  107  123  140  159  178  199  222  248  275  299  320  335  343  348
  348  347  347  344  341  334  344  359  343                                   
    45.0-180.0 180.0   5.0 450.0                            LAT/LON1/LON2/DLON/H
  366  368  355  345  341  331  315  297  276  253  229  208  189  174  162  151
  139  124  108   94   83   76   73   73   75   79   83   85   86   84   80   77
   77   81   86   93   98  101  101   99   97   95   95   95   95   96   96   98
  103  113  127  145  165  185  205  225  246  268  290  310  327  337  344  349
  351  353  356  357  357  354  365  377  366                                   
    42.5-180.0 180.0   5.0 450.0                            LAT/LON1/LON2/DLON/H
  381  385  375  367  362  350  331  310  287  261  237  215  196  180  166  153
  139  124  110   99   93   91   91   93   96   99  100  100   96   91   86   82
   83   88   95  103  109  111  112  110  109  109  110  111  113  114  114  116
  121  131  146  166  188  210  230  249  268  286  303  318  329  336  341  345
  348  352  357  361  364  365  376  386  381                                   
    40.0-180.0 180.0   5.0 450.0                            LAT/LON1/LON2/DLON/H
  387  393  384  376  371  357  336  316  293  268  244  223  204  187  172  156
  141  127  117  112  112  116  119  122  122  120  117  112  105   98   92   89
   91   96  104  111  116  118  119  119  120  122  124  126  128  129  129  131
  135  144  160  182  206  230  252  270  287  301  315  325  333  337  341  344
  347  351  357  362  365  370  382  388  387                                   
    37.5-180.0 180.0   5.0 450.0                            LAT/LON1/LON2/DLON/H
  389  393  384  372  367  352  331  312  292  270  249  230  212  195  178  161
  147  136  132  134  141  147  151  150  145  137  129  121  113  106  102  101
  103  109  115  119  121  122  123  124  128  131  135  137  138  139  138  139
  142  151  167  190  217  243  267  286  302  315  326  335  341  346  349  353
  356  359  364  367  370  378  391  394  389                                   
    35.0-180.0 180.0   5.0 450.0                            LAT/LON1/LON2/DLON/H
  395  396  383  364  359  343  321  303  286  267  250  235  219  202  184  168
  156  150  153  161  172  179  178  169  157  144  134  127  123  121  120  121
  124  127  130  130  128  126  125  128  133  138  142  143  143  141  139  139
  141  150  166  191  220  249  276  298  315  328  340  350  358  365  372  378
  381  383  387  387  389  399  412  413  395                                   
    32.5-180.0 180.0   5.0 450.0                            LAT/LON1/LON2/DLON/H
  418  413  394  366  357  339  315  297  280  264  250  236  222  206  190  176
  167  167  175  188  199  200  191  175  157  144  137  136  138  142  147  151
  153  154  151  146  138  132  129  131  136  142  144  144  141  137  134  132
  134  142  159  185  216  249  279  305  326  343  359  373  386  398  410  420
  426  428  430  428  429  440  452  450  418                                   
    30.0-180.0 180.0   5.0 450.0                            LAT/LON1/LON2/DLON/H
  468  458  426  389  375  353  325  302  283  265  251  237  223  208  193  182
  178  182  194  207  213  207  190  168  150  141  142  149  161  173  184  191
  193  190  181  169  154  142  135  135  139  143  144  141  135  130  125  123
  125  133  150  176  208  244  279  309  335  358  380  401  422  443  463  481
  492  497  499  495  496  507  514  511  468                                   
    27.5-180.0 180.0   5.0 450.0                            LAT/LON1/LON2/DLON/H
  550  534  489  442  420  393  358  328  302  278  258  241  224  208  194  186
  184  191  203  213  212  198  175  154  142  142  153  172  193  215  232  242
  243  236  221  200  177  157  144  140  142  144  142  137  129  122  117  115
  117  125  142  168  201  239  276  312  344  374  403  432  463  495  526  554
  575  586  592  590  591  605  606  600  550                                   
    25.0-180.0 180.0   5.0 450.0                            LAT/LON1/LON2/DLON/H
  655  638  583  531  497  465  421  381  343  308  278  252  229  210  195  186
  185  191  200  204  197  179  158  144  143  156  178  206  238  268  291  303
  301  287  264  234  203  175  156  147  145  145  141  133  124  116  111  109
  112  121  138  164  198  237  278  318  357  393  429  466  506  547  590  629
  661  682  695  701  703  726  727  714  655                                   
    22.5-180.0 180.0   5.0 450.0                            LAT/LON1/LON2/DLON/H
  769  756  704  653  608  568  514  461  409  360  316  277  244  217  197  186
  182  183  186  185  175  161  150  150  162  187  219  256  295  329  353  362
  354  333  301  263  225  191  167  154  149  146  140  132  122  114  109  108
  112  122  140  167  202  242  285  330  373  416  458  501  547  595  645  692
  733  763  787  804  810  844  855  839  769                                   
    20.0-180.0 180.0   5.0 450.0                            LAT/LON1/LON2/DLON/H
  869  864  830  789  736  693  630  566  499  434  374  320  274  236  208  190
  179  174  171  167  162  159  163  178  205  241  281  320  356  386  404  406
  390  360  321  279  238  202  176  160  152  147  141  133  123  115  111  110
  115  127  146  174  210  252  298  346  394  441  487  533  582  633  686  736
  782  816  848  876  884  926  954  944  869                                   
    17.5-180.0 180.0   5.0 450.0                            LAT/LON1/LON2/DLON/H
  937  943  933  906  854  813  750  680  603  525  450  381  321  271  232  203
  184  172  166  165  170  180  201  233  276  321  358  387  409  424  430  421
  397  360  319  278  240  207  182  165  156  150  144  136  127  119  114  114
  120  133  154  183  220  263  312  363  414  464  513  561  609  660  710  759
  804  837  872  905  913  952  995  998  937                                   
    15.0-180.0 180.0   5.0 450.0                            LAT/LON1/LON2/DLON/H
  959  980  992  980  937  905  849  782  704  621  537  457  385  322  271  232
  203  186  181  186  202  229  270  321  374  415  436  440  437  433  424  405
  375  337  299  264  233  207  186  171  161  155  149  141  132  124  118  117
  123  138  161  192  230  274  325  378  431  483  532  579  626  672  718  760
  799  826  857  887  895  925  973  993  959                                   
    12.5-180.0 180.0   5.0 450.0                            LAT/LON1/LON2/DLON/H
  938  970  999 1000  975  957  914  856  786  708  625  542  462  390  327  278
  242  221  218  231  262  308  368  431  481  502  494  467  437  413  392  368
  337  303  271  245  224  205  190  178  169  162  155  147  137  127  119  117
  123  140  166  199  238  283  334  387  441  493  542  587  631  672  710  744
  773  791  814  837  842  861  906  940  938                                   
    10.0-180.0 180.0   5.0 450.0                            LAT/LON1/LON2/DLON/H
  888  922  958  971  966  965  940  897  840  773  700  624  546  470  400  343
  301  278  279  302  347  409  478  537  568  560  520  464  414  378  353  330
  304  275  249  231  217  206  195  187  179  172  163  152  140  127  117  114
  121  139  168  204  244  289  338  390  442  493  540  584  625  662  694  719
  738  749  764  778  777  786  822  865  888                                   
     7.5-180.0 180.0   5.0 450.0                            LAT/LON1/LON2/DLON/H
  830  857  891  910  921  935  927  902  862  812  755  692  623  552  483  423
  378  356  360  391  444  510  573  614  619  582  515  442  382  345  325  308
