data/edconvlstm_nd/pred0280.15i
     1.0            IONOSPHERE MAPS     GNSS                IONEX VERSION / TYPE
pyspatialgeodesy        IME             05-JAN-18 20:20     PGM / RUN BY / DATE 
Map Name                                                    COMMENT             
Predicted global ionosphere maps (GIM).                     DESCRIPTION         
  2015     1    28     0     0     0                        EPOCH OF FIRST MAP  
  2015     1    29     0     0     0                        EPOCH OF LAST MAP   
  7200                                                      INTERVAL            
    13                                                      # OF MAPS IN FILE   
  NONE                                                      MAPPING FUNCTION    
10.0                                                        ELEVATION CUTOFF    
One-way carrier phase leveled to code                       OBSERVABLES USED    
  6371.0                                                    BASE RADIUS         
 2                                                          MAP DIMENSION       
   450.0 450.0   0.0                                        HGT1 / HGT2 / DHGT  
    87.5 -87.5  -2.5                                        LAT1 / LAT2 / DLAT  
  -180.0 180.0   5.0                                        LON1 / LON2 / DLON  
    -1                                                      EXPONENT            
                                                            END OF HEADER       
[from data line 858]
     3                                                      START OF TEC MAP    
  2015     1    28     4     0     0                        EPOCH OF CURRENT MAP
    87.5-180.0 180.0   5.0 450.0                            LAT/LON1/LON2/DLON/H
   68   75   72   77   78   78   76   74   75   76   77   78   78   78   78   78
   77   76   74   73   72   70   69   67   66   65   64   63   63   62   62   61
   61   61   60   60   60   60   59   59   59   59   59   59   59   60   60   60
   61   61   61   62   62   63   63   63   64   64   64   65   65   65   65   66
   67   68   66   66   70   81   86   75   68                                   
    85.0-180.0 180.0   5.0 450.0                            LAT/LON1/LON2/DLON/H
   66   87   80   83   87   88   87   87   87   89   89   89   90   89   89   87
   86   84   81   79   76   74   72   70   68   66   65   64   63   63   62   62
   62   62   62   63   63   64   64   65   65   66   66   67   68   68   69   70
   70   71   72   73   74   75   76   76   77   78   79   80   80   81   81   82
   84   85   82   84   85   86   94   80   66                                   
    82.5-180.0 180.0   5.0 450.0                            LAT/LON1/LON2/DLON/H
   73   82   94   89   89   92   92   92   94   96   96   97   97   97   96   93
   91   87   83   79   75   71   67   64   61   58   56   55   54   53   53   53
   54   54   55   57   58   59   61   62   64   65   66   67   68   69   70   71
   72   74   75   76   78   80   81   83   85   86   88   89   90   91   91   93
   94   94   91   89   97   86   85   79   73                                   
    80.0-180.0 180.0   5.0 450.0                            LAT/LON1/LON2/DLON/H
   90   92   92   85   89   87   90   90   94   95   95   97   98   97   96   93
   89   84   79   74   68   63   58   54   51   48   47   45   45   45   45   47
   48   50   53   55   57   60   62   64   65   67   68   69   70   70   71   72
   73   75   77   79   81   84   86   89   92   94   97   99  101  102  103  105
  105  104  103  102  109  100   95   87   90                                   
    77.5-180.0 180.0   5.0 450.0                            LAT/LON1/LON2/DLON/H
   99   97   90   84   81   82   85   87   90   92   93   95   96   96   94   91
   87   82   76   70   64   58   53   49   45   43   41   40   40   41   43   46
   49   52   56   59   63   66   68   71   72   73   74   74   74   74   74   75
   76   78   80   83   87   91   95   99  103  107  110  113  116  117  118  119
  119  119  115  117  117  103   98   90   99                                   
    75.0-180.0 180.0   5.0 450.0                            LAT/LON1/LON2/DLON/H
  101   98   88   82   75   76   78   78   81   83   84   87   88   88   87   83
   79   74   68   63   57   52   48   45   42   40   40   40   41   43   46   49
   53   57   61   65   68   71   74   75   76   76   76   75   74   73   72   73
   74   76   79   84   89   94  100  106  111  117  121  125  127  129  130  131
  129  128  126  121  123  113  107  101  101                                   
    72.5-180.0 180.0   5.0 450.0                            LAT/LON1/LON2/DLON/H
  108  104   93   85   78   77   79   78   80   81   83   85   86   85   83   79
   75   70   64   60   55   51   48   46   44   44   44   45   47   50   54   58
   62   66   70   74   77   79   81   81   81   81   79   77   75   74   73   73
   75   78   83   89   96  104  112  119  127  133  138  142  145  147  147  147
  146  144  143  140  137  126  121  116  108                                   
    70.0-180.0 180.0   5.0 450.0                            LAT/LON1/LON2/DLON/H
  125  116  105   95   85   81   80   78   79   80   80   82   81   79   76   72
   68   63   59   55   52   50   48   48   47   48   49   51   54   57   61   65
   69   72   75   77   79   80   81   81   80   78   76   74   72   70   70   71
   74   79   86   94  104  114  124  133  142  149  155  159  162  163  163  162
  160  158  157  154  153  144  141  135  125                                   
    67.5-180.0 180.0   5.0 450.0                            LAT/LON1/LON2/DLON/H
  135  127  114  103   90   83   80   77   77   76   75   76   74   71   67   63
   58   54   51   48   47   46   47   47   48   49   51   53   56   59   63   66
   68   70   71   71   71   70   70   69   68   67   65   63   61   60   61   64
   69   76   86   97  109  121  133  143  153  161  166  170  172  172  170  169
  166  163  163  160  160  154  152  149  135                                   
    65.0-180.0 180.0   5.0 450.0                            LAT/LON1/LON2/DLON/H
  148  140  125  112   98   88   83   79   78   77   75   75   72   68   63   58
   54   50   48   46   46   47   48   49   51   52   54   56   58   60   62   64
   65   65   64   62   61   59   58   57   57   56   55   54   54   54   56   61
   68   79   91  105  119  133  146  157  167  175  181  184  185  184  181  178
  174  169  169  166  168  165  164  161  148                                   
    62.5-180.0 180.0   5.0 450.0                            LAT/LON1/LON2/DLON/H
  159  151  136  123  107   95   88   83   81   79   77   76   73   68   63   58
   53   50   48   47   47   49   50   52   53   54   55   56   57   58   59   60
   60   58   56   53   50   48   47   47   47   48   48   49   49   51   55   61
   71   84   99  116  132  147  160  172  181  189  194  197  197  195  191  187
  182  176  175  172  175  172  172  169  159                                   
    60.0-180.0 180.0   5.0 450.0                            LAT/LON1/LON2/DLON/H
  167  160  145  129  112   99   90   84   82   79   77   76   72   68   63   58
   54   51   49   49   49   50   51   52   53   53   52   51   51   52   53   53
   53   51   48   45   41   39   38   39   40   42   44   46   47   50   55   63
   75   90  108  126  143  159  172  183  192  199  204  207  208  205  201  196
  190  183  182  178  181  178  177  173  167                                   
    57.5-180.0 180.0   5.0 450.0                            LAT/LON1/LON2/DLON/H
  176  167  153  134  117  102   91   84   81   78   75   74   71   67   64   60
   57   55   53   51   51   51   51   51   51   49   47   46   45   46   47   48
   48   47   44   41   38   37   36   38   40   43   46   48   50   53   59   68
   81   99  118  137  155  171  183  193  201  208  214  217  219  217  214  209
  202  195  193  188  190  184  182  177  176                                   
    55.0-180.0 180.0   5.0 450.0                            LAT/LON1/LON2/DLON/H
  186  175  160  140  123  105   92   83   78   73   70   69   67   65   63   61
   60   58   55   53   51   50   49   49   47   45   43   41   40   41   42   45
   46   47   46   43   41   40   41   42   45   49   52   54   57   60   66   76
   90  109  129  149  167  182  194  202  210  217  223  227  230  230  228  224
  217  209  207  201  201  191  189  183  186                                   
    52.5-180.0 180.0   5.0 450.0                            LAT/LON1/LON2/DLON/H
  198  185  170  149  131  113   98   85   77   70   65   63   62   61   61   62
   62   60   58   54   51   49   48   47   46   44   42   39   38   39   42   46
   49   51   52   52   51   50   51   53   56   59   62   65   67   70   77   87
  102  121  142  162  180  194  204  212  219  225  232  237  241  242  241  239
  233  226  223  215  214  200  196  190  198                                   
    50.0-180.0 180.0   5.0 450.0                            LAT/LON1/LON2/DLON/H
  211  197  183  163  146  127  109   93   81   70   63   59   57   57   59   61
   62   61   59   55   51   49   49   49   49   48   45   43   42   43   46   50
   55   60   62   64   64   65   66   67   70   72   75   77   79   83   90  101
  117  136  157  177  194  206  215  222  228  234  241  247  251  253  253  251
  246  240  237  228  225  208  204  200  211                                   
    47.5-180.0 180.0   5.0 450.0                            LAT/LON1/LON2/DLON/H
  224  210  197  180  164  146  126  106   90   76   65   59   55   55   57   60
   62   62   59   55   52   51   53   55   57   57   55   52   50   50   53   58
   63   69   73   76   78   80   81   82   84   85   87   89   92   97  105  118
  134  153  173  192  207  219  226  232  237  243  249  255  259  261  260  259
  255  250  246  237  232  214  210  209  224                                   
    45.0-180.0 180.0   5.0 450.0                            LAT/LON1/LON2/DLON/H
  232  219  209  197  184  166  145  124  104   87   73   64   59   57   58   60
   63   63   60   57   55   57   61   66   70   71   69   65   61   60   61   65
   70   76   81   85   89   91   93   94   95   96   98  100  104  111  121  134
  151  170  189  207  221  231  237  242  246  251  256  261  264  265  263  261
  258  254  249  240  235  216  213  214  232                                   
    42.5-180.0 180.0   5.0 450.0                            LAT/LON1/LON2/DLON/H
  232  222  215  209  198  182  162  141  120  101   85   75   67   64   63   65
   67   67   65   63   63   66   73   80   86   88   85   80   74   70   69   70
   74   79   84   90   94   97   99  101  102  103  105  108  114  123  135  151
  168  186  204  219  232  241  247  251  255  259  264  267  269  267  264  261
  257  252  248  239  232  215  211  214  232                                   
    40.0-180.0 180.0   5.0 450.0                            LAT/LON1/LON2/DLON/H
  227  217  213  210  203  189  171  152  132  113   98   88   80   75   73   74
   75   75   75   74   76   80   88   96  102  104  100   93   84   78   74   74
   76   80   85   90   95   99  102  104  106  108  111  115  122  133  148  165
  183  200  216  230  241  249  255  259  263  268  272  275  275  272  267  263
  258  253  248  239  231  214  209  211  227                                   
    37.5-180.0 180.0   5.0 450.0                            LAT/LON1/LON2/DLON/H
  218  207  204  200  196  184  168  153  136  120  108  100   94   89   86   86
   87   88   89   91   93   97  104  112  116  116  111  102   92   85   80   78
   79   81   85   90   94   98  102  106  109  112  116  121  130  143  159  177
  194  210  224  237  247  256  263  268  273  278  284  287  287  283  279  275
  270  264  259  249  241  223  215  212  218                                   
    35.0-180.0 180.0   5.0 450.0                            LAT/LON1/LON2/DLON/H
  213  200  193  185  181  169  156  143  131  119  111  108  104  101   99   99
  101  104  107  110  112  116  120  124  125  123  116  107   99   92   88   86
   86   87   89   92   96   99  103  107  112  116  120  127  137  150  167  185
  202  217  230  241  252  262  270  278  285  293  300  305  307  306  303  301
  297  291  286  276  268  248  237  225  213                                   
    32.5-180.0 180.0   5.0 450.0                            LAT/LON1/LON2/DLON/H
  221  204  191  175  167  154  139  128  119  111  107  108  108  108  108  110
  114  120  125  129  130  131  131  130  128  124  118  111  106  102  101  100
  100   99  100  100  101  103  106  110  115  120  126  132  142  156  174  192
  208  222  234  245  257  269  280  290  301  312  322  332  338  341  342  343
  341  337  334  323  315  293  276  255  221                                   
    30.0-180.0 180.0   5.0 450.0                            LAT/LON1/LON2/DLON/H
  249  227  206  181  167  148  130  116  106   99   99  103  107  110  112  116
  123  131  138  142  142  138  134  130  126  122  118  115  115  116  118  120
  120  119  117  114  111  110  111  115  119  125  130  137  147  161  178  196
  212  225  237  250  264  279  293  307  322  337  352  366  378  387  394  400
  402  400  399  387  380  354  333  305  249                                   
    27.5-180.0 180.0   5.0 450.0                            LAT/LON1/LON2/DLON/H
  300  275  245  212  190  164  138  117  101   91   90   95  101  106  111  117
  125  135  143  146  143  136  129  123  120  119  120  123  128  135  142  146
  148  145  140  133  126  120  118  120  123  127  132  139  149  163  181  199
  215  229  243  258  275  294  312  331  350  370  390  410  428  444  458  469
  476  478  479  466  459  429  402  371  300                                   
    25.0-180.0 180.0   5.0 450.0                            LAT/LON1/LON2/DLON/H
  374  348  309  270  242  208  171  138  112   95   89   91   95  100  106  112
  121  131  137  138  133  125  118  114  115  120  127  136  148  160  172  179
  180  176  166  154  141  131  125  123  124  127  132  139  150  165  183  202
  219  235  252  270  292  315  339  363  387  411  436  460  484  507  529  546
  558  564  565  553  546  514  480  451  374                                   
    22.5-180.0 180.0   5.0 450.0                            LAT/LON1/LON2/DLON/H
  464  440  394  354  319  280  232  186  146  117  101   95   96   98  102  107
  114  120  124  123  117  110  107  109  116  128  141  157  174  191  205  213
  212  204  189  171  154  139  129  124  123  124  128  137  149  167  186  207
  226  245  265  288  314  343  372  401  429  458  486  514  542  570  597  619
  635  644  647  637  627  600  563  538  464                                   
    20.0-180.0 180.0   5.0 450.0                            LAT/LON1/LON2/DLON/H
  557  541  494  457  418  374  316  257  203  160  132  116  109  106  106  107
  109  111  110  107  102  100  103  112  127  146  165  186  206  223  236  240
  235  222  203  181  160  142  130  122  118  118  123  133  149  169  192  214
  236  258  283  310  340  373  406  439  471  501  531  561  591  620  649  673
  690  702  708  704  691  670  641  620  557                                   
    17.5-180.0 180.0   5.0 450.0                            LAT/LON1/LON2/DLON/H
  636  631  594  566  523  479  412  344  277  222  182  155  139  129  123  118
  114  109  105  101   99  102  112  129  151  175  198  219  236  249  255  254
  244  228  205  181  159  141  128  119  114  112  117  129  148  172  198  224
  248  274  301  332  366  400  436  470  504  535  565  594  622  650  677  699
  716  728  736  738  725  713  695  682  636                                   
    15.0-180.0 180.0   5.0 450.0                            LAT/LON1/LON2/DLON/H
  684  691  671  657  617  575  506  433  358  295  245  211  187  170  157  145
  134  123  115  111  113  122  139  163  190  215  235  250  258  261  259  252
  239  220  198  175  155  139  127  117  110  107  112  125  148  176  205  233
  260  288  319  351  385  420  455  490  523  554  582  608  634  658  681  698
  710  720  729  737  727  722  715  712  684                                   
    12.5-180.0 180.0   5.0 450.0                            LAT/LON1/LON2/DLON/H
  700  716  712  712  682  645  579  508  433  367  313  275  247  227  209  191
  172  157  147  144  149  164  186  212  239  259  271  273  269  261  251  238
  223  205  185  166  150  138  128  119  110  105  108  123  149  180  212  242
  270  300  332  365  398  431  464  497  529  558  583  607  629  649  666  676
  683  688  697  709  703  706  703  709  700                                   
    10.0-180.0 180.0   5.0 450.0                            LAT/LON1/LON2/DLON/H
  691  712  721  728  710  680  621  557  488  426  375  338  312  292  273  251
  229  210  199  198  207  225  248  272  291  300  298  287  270  253  237  221
  205  189  174  160  149  140  132  122  112  105  107  123  150  183  217  248
  278  308  340  372  403  434  464  494  523  549  572  593  613  630  641  646
  646  647  655  667  668  675  673  683  691                                   
     7.5-180.0 180.0   5.0 450.0                            LAT/LON1/LON2/DLON/H
  671  692  706  715  706  684  633  577  517  464  421  392  372  356  340  320
  297  278  268  270  282  300  318  332  337  331  314  292  267  245  225  208
