data/edconvlstm_nd/pred3220.15i
     1.0            IONOSPHERE MAPS     GNSS                IONEX VERSION / TYPE
pyspatialgeodesy        IME             05-JAN-18 20:20     PGM / RUN BY / DATE 
Map Name                                                    COMMENT             
Predicted global ionosphere maps (GIM).                     DESCRIPTION         
  2015    11    18     0     0     0                        EPOCH OF FIRST MAP  
  2015    11    19     0     0     0                        EPOCH OF LAST MAP   
  7200                                                      INTERVAL            
    13                                                      # OF MAPS IN FILE   
  NONE                                                      MAPPING FUNCTION    
10.0                                                        ELEVATION CUTOFF    
One-way carrier phase leveled to code                       OBSERVABLES USED    
  6371.0                                                    BASE RADIUS         
 2                                                          MAP DIMENSION       
   450.0 450.0   0.0                                        HGT1 / HGT2 / DHGT  
    87.5 -87.5  -2.5                                        LAT1 / LAT2 / DLAT  
  -180.0 180.0   5.0                                        LON1 / LON2 / DLON  
    -1                                                      EXPONENT            
                                                            END OF HEADER       
[from data line 5148]
    13                                                      START OF TEC MAP    
  2015    11    19     0     0     0                        EPOCH OF CURRENT MAP
    87.5-180.0 180.0   5.0 450.0                            LAT/LON1/LON2/DLON/H
   89   82   74   66   65   71   68   67   68   68   68   69   70   70   70   70
   70   70   70   70   69   69   68   68   67   67   66   66   65   65   64   64
   64   63   63   62   62   62   61   61   61   60   60   60   60   60   59   59
   59   59   59   59   59   59   58   58   58   58   58   58   57   57   57   57
   58   57   57   58   52   68   74   72   89                                   
    85.0-180.0 180.0   5.0 450.0                            LAT/LON1/LON2/DLON/H
   79   83   62   66   68   77   73   71   73   73   74   74   75   75   75   75
   75   75   75   74   74   73   72   71   70   69   68   67   66   65   64   63
   63   63   63   63   63   63   63   64   64   65   65   65   66   66   66   66
   66   66   66   65   65   65   64   64   64   63   63   62   62   62   61   61
   62   61   62   67   69   78   87   79   79                                   
    82.5-180.0 180.0   5.0 450.0                            LAT/LON1/LON2/DLON/H
   72   62   70   68   68   78   73   71   74   74   76   77   77   78   78   77
   77   76   74   73   71   69   67   64   62   59   57   55   53   51   50   50
   50   50   50   51   52   53   55   56   57   59   60   61   62   62   63   63
   63   63   63   63   62   62   61   61   60   60   59   59   58   58   58   58
   58   58   58   58   66   63   72   76   72                                   
    80.0-180.0 180.0   5.0 450.0                            LAT/LON1/LON2/DLON/H
   83   70   72   66   70   74   72   70   74   74   76   77   78   78   78   77
   76   75   73   70   68   65   63   60   57   54   52   50   48   47   47   47
   47   48   49   51   52   54   56   58   59   60   61   62   62   62   62   62
   62   62   61   61   60   60   59   58   58   57   57   56   56   55   56   56
   56   55   56   55   71   66   78   93   83                                   
    77.5-180.0 180.0   5.0 450.0                            LAT/LON1/LON2/DLON/H
   96   83   75   77   76   78   76   77   81   80   82   83   84   84   83   82
   80   78   76   74   71   68   64   61   57   54   51   49   48   47   47   47
   49   50   52   55   57   59   61   63   64   64   65   65   65   64   64   63
   63   62   61   61   60   60   59   58   58   57   57   57   56   56   57   57
   58   59   61   62   70   73   81  101   96                                   
    75.0-180.0 180.0   5.0 450.0                            LAT/LON1/LON2/DLON/H
  109   92   92   92   88   90   85   85   89   87   88   87   86   84   81   78
   76   73   71   69   66   63   61   58   55   53   50   49   49   49   50   52
   54   57   59   62   65   67   69   70   70   70   69   68   67   66   65   64
   63   62   61   61   60   60   59   59   59   59   59   59   59   59   60   61
   61   64   68   67   76   88   93  108  109                                   
    72.5-180.0 180.0   5.0 450.0                            LAT/LON1/LON2/DLON/H
  118  108  110  108  105  103  100  101  103  100   98   95   91   85   80   75
   71   68   66   64   62   61   60   58   56   55   54   53   54   55   57   59
   61   64   67   69   71   72   73   73   72   70   68   66   64   62   60   59
   58   57   57   57   57   57   57   57   58   58   58   59   59   60   62   64
   65   69   78   80   90  100  109  126  118                                   
    70.0-180.0 180.0   5.0 450.0                            LAT/LON1/LON2/DLON/H
  137  129  131  131  126  124  121  121  122  117  112  106   97   88   79   71
   65   61   58   58   58   58   58   57   57   57   57   58   59   61   63   65
   67   69   71   73   73   74   73   72   70   68   65   63   61   59   57   56
   55   55   55   56   56   57   59   60   61   62   63   64   65   67   69   72
   74   79   89   95  106  119  125  139  137                                   
    67.5-180.0 180.0   5.0 450.0                            LAT/LON1/LON2/DLON/H
  153  150  149  150  144  142  138  138  139  132  125  115  102   88   75   65
   57   52   50   50   51   52   53   54   55   56   57   58   59   61   62   63
   64   64   65   64   64   63   62   60   58   56   53   51   50   48   48   47
   47   48   49   50   52   53   55   57   59   62   64   66   67   70   73   77
   80   85   97  104  118  133  138  151  153                                   
    65.0-180.0 180.0   5.0 450.0                            LAT/LON1/LON2/DLON/H
  166  165  162  163  158  156  153  154  155  149  141  128  111   94   77   64
   55   50   48   48   49   51   52   53   54   54   55   55   56   57   57   56
   55   54   52   51   50   49   47   46   44   43   42   41   40   40   40   41
   42   43   45   46   48   50   53   56   60   63   66   70   73   76   80   84
   88   94  106  114  129  144  151  164  166                                   
    62.5-180.0 180.0   5.0 450.0                            LAT/LON1/LON2/DLON/H
  176  176  172  172  169  167  165  168  171  166  157  144  125  104   85   70
   60   55   52   53   53   54   54   54   53   52   51   51   51   51   49   47
   45   42   39   38   36   36   35   35   34   34   34   35   35   36   37   38
   40   41   43   44   46   49   52   57   61   66   71   76   81   85   90   95
   98  104  116  123  137  153  160  173  176                                   
    60.0-180.0 180.0   5.0 450.0                            LAT/LON1/LON2/DLON/H
  181  184  180  178  174  172  170  175  180  177  170  157  138  116   97   81
   71   65   62   62   61   59   56   53   50   47   46   45   44   42   40   37
   34   30   28   26   26   26   27   28   29   30   31   33   34   36   37   38
   39   40   41   42   44   46   51   56   62   69   75   82   88   94  100  106
  109  115  126  132  144  157  165  178  181                                   
    57.5-180.0 180.0   5.0 450.0                            LAT/LON1/LON2/DLON/H
  189  193  190  184  180  178  175  180  186  184  178  166  149  129  110   96
   85   80   76   73   69   63   57   51   46   42   40   38   37   35   33   30
   26   24   22   21   22   24   26   28   30   32   34   36   38   40   40   41
   41   41   41   41   42   45   50   56   63   71   79   87   95  103  110  117
  122  127  138  143  153  163  171  185  189                                   
    55.0-180.0 180.0   5.0 450.0                            LAT/LON1/LON2/DLON/H
  200  206  203  196  191  187  183  187  191  189  183  172  156  139  123  111
  102   95   89   83   75   66   56   48   42   38   36   35   34   33   30   28
   25   23   23   24   26   29   32   34   37   40   42   44   46   47   47   46
   45   44   43   43   43   46   51   58   65   73   82   91  100  109  119  128
  134  141  152  157  165  172  179  195  200                                   
    52.5-180.0 180.0   5.0 450.0                            LAT/LON1/LON2/DLON/H
  217  226  223  215  211  205  199  199  199  194  186  175  161  147  134  124
  116  108  100   90   78   66   56   47   41   38   36   36   36   35   34   32
   30   30   31   33   37   40   44   46   49   51   54   56   57   57   56   55
   52   50   48   47   48   51   55   61   68   75   83   92  102  113  125  137
  146  154  166  172  180  185  191  209  217                                   
    50.0-180.0 180.0   5.0 450.0                            LAT/LON1/LON2/DLON/H
  238  251  247  242  239  232  224  218  212  202  190  178  164  152  142  133
  126  117  106   93   80   67   57   49   45   43   43   43   44   43   43   41
   41   42   44   48   52   56   59   61   63   65   66   68   69   69   67   65
   62   59   57   56   57   59   62   67   72   78   85   94  104  116  131  145
  156  167  180  186  196  201  207  225  238                                   
    47.5-180.0 180.0   5.0 450.0                            LAT/LON1/LON2/DLON/H
  259  276  273  274  273  267  256  244  231  214  197  182  168  157  148  140
  131  121  108   94   81   69   61   56   54   54   55   55   56   55   54   53
   54   56   59   64   68   72   74   75   76   76   78   79   80   80   78   76
   74   72   70   69   69   70   72   76   80   85   91   98  108  121  136  152
  166  179  192  200  211  218  224  242  259                                   
    45.0-180.0 180.0   5.0 450.0                            LAT/LON1/LON2/DLON/H
  274  296  296  303  306  302  291  274  254  230  207  188  173  162  153  144
  134  122  108   95   83   75   70   68   68   69   70   70   68   66   65   64
   64   67   71   76   80   83   84   84   84   84   86   88   89   90   89   88
   87   86   85   84   83   83   84   86   90   94   99  106  116  128  143  160
  174  188  202  210  223  232  239  255  274                                   
    42.5-180.0 180.0   5.0 450.0                            LAT/LON1/LON2/DLON/H
  280  304  307  321  327  326  317  300  276  247  220  198  182  170  159  149
  137  123  109   98   90   85   84   85   86   87   85   82   78   74   70   69
   70   73   77   82   86   88   89   88   87   88   90   93   95   97   97   98
   98   99   98   97   96   95   95   97  101  105  110  117  126  137  151  167
  180  194  208  217  229  240  247  262  280                                   
    40.0-180.0 180.0   5.0 450.0                            LAT/LON1/LON2/DLON/H
  276  297  301  319  330  332  325  310  288  259  233  211  194  181  169  157
  142  127  115  106  102  101  103  104  104  101   96   89   82   75   70   68
   70   73   78   83   87   88   88   87   87   89   92   96   99  101  103  104
  107  108  109  107  105  103  104  106  110  116  122  129  137  147  159  173
  185  198  212  221  231  241  248  262  276                                   
    37.5-180.0 180.0   5.0 450.0                            LAT/LON1/LON2/DLON/H
  266  280  282  298  313  317  312  303  286  262  239  221  206  194  182  167
  152  137  126  120  119  121  122  120  115  108   99   89   80   72   67   66
   68   72   77   82   85   86   86   86   87   89   94   98  101  104  106  108
  111  113  114  112  110  108  108  111  117  124  131  139  148  158  169  181
  191  201  215  223  231  239  248  261  266                                   
    35.0-180.0 180.0   5.0 450.0                            LAT/LON1/LON2/DLON/H
  255  262  260  269  283  288  285  281  272  255  239  226  216  206  195  181
  165  152  143  140  140  140  136  128  117  105   95   85   77   71   68   68
   70   75   79   83   85   87   87   88   89   93   97  101  104  105  107  109
  111  113  113  111  109  107  108  112  119  128  138  148  158  169  180  191
  199  209  222  230  237  244  255  268  255                                   
    32.5-180.0 180.0   5.0 450.0                            LAT/LON1/LON2/DLON/H
  255  256  251  249  256  259  257  257  255  245  235  228  223  216  206  194
  181  170  163  160  157  151  140  124  109   96   88   83   79   77   76   78
   82   86   89   91   92   92   93   94   96   99  103  106  107  107  107  108
  109  110  109  106  103  102  104  109  119  130  143  156  168  181  194  205
  213  223  237  246  255  262  275  289  255                                   
    30.0-180.0 180.0   5.0 450.0                            LAT/LON1/LON2/DLON/H
  278  276  266  252  251  248  245  245  246  241  236  232  229  224  216  206
  195  187  181  175  166  151  132  113   97   88   86   88   92   95   98  102
  105  107  108  107  106  105  105  106  108  110  112  112  111  109  107  105
  105  104  101   98   96   96   99  107  118  132  148  164  180  196  211  225
  235  246  261  271  285  295  308  324  278                                   
    27.5-180.0 180.0   5.0 450.0                            LAT/LON1/LON2/DLON/H
  332  328  307  284  276  267  260  258  256  251  246  242  238  233  225  217
  208  200  191  180  163  141  118   99   89   88   96  108  120  130  137  140
  142  140  136  131  126  123  122  121  121  121  121  119  116  111  107  104
  101   98   94   91   90   92   97  107  120  137  155  174  193  212  231  248
  262  276  293  305  326  341  354  374  332                                   
    25.0-180.0 180.0   5.0 450.0                            LAT/LON1/LON2/DLON/H
  412  409  376  346  333  320  307  298  291  282  272  264  255  246  236  227
  218  207  194  175  152  127  106   94   93  103  122  145  166  182  190  191
  187  180  169  158  149  142  138  135  134  132  129  125  120  115  109  104
   99   94   90   87   88   93  101  113  128  146  166  187  208  230  252  274
  292  310  329  343  373  398  412  437  412                                   
    22.5-180.0 180.0   5.0 450.0                            LAT/LON1/LON2/DLON/H
  510  509  474  441  424  406  385  367  351  335  318  301  284  267  252  239
  226  211  191  167  141  119  106  105  116  138  168  201  227  244  248  243
  231  215  197  180  166  156  150  145  142  138  134  130  124  118  113  107
  100   94   89   88   91   99  111  125  141  160  181  203  226  250  275  300
  323  345  366  382  422  458  479  508  510                                   
    20.0-180.0 180.0   5.0 450.0                            LAT/LON1/LON2/DLON/H
  608  615  588  560  542  521  493  464  438  412  384  355  326  299  276  257
  238  217  191  163  140  127  126  139  163  196  233  267  291  301  297  283
  263  239  215  192  175  162  155  150  145  141  137  132  128  122  117  110
  103   96   91   91   97  109  124  140  158  177  198  221  245  271  299  328
  355  381  404  424  470  516  546  581  608                                   
    17.5-180.0 180.0   5.0 450.0                            LAT/LON1/LON2/DLON/H
  687  709  694  678  660  641  612  577  543  507  468  426  384  345  312  283
  258  230  201  175  159  159  173  200  235  271  305  330  342  340  326  303
  276  247  219  194  174  162  154  150  146  143  139  136  132  127  121  115
  107  100   95   96  105  120  138  158  176  195  216  240  266  294  324  356
  386  415  441  466  514  564  604  641  687                                   
    15.0-180.0 180.0   5.0 450.0                            LAT/LON1/LON2/DLON/H
  729  767  767  767  754  740  714  681  646  606  560  508  454  403  359  322
  289  257  229  209  205  219  249  287  324  353  370  374  367  350  327  299
  270  240  211  187  169  158  153  150  148  146  144  141  138  133  127  120
  112  104  100  103  114  132  153  175  195  213  234  258  285  315  347  380
  413  443  472  502  548  595  642  676  729                                   
    12.5-180.0 180.0   5.0 450.0                            LAT/LON1/LON2/DLON/H
  731  781  797  811  807  799  781  756  726  689  642  588  528  469  416  372
  334  302  277  266  275  304  346  387  414  421  410  387  359  330  302  275
  249  224  200  180  166  159  156  155  155  154  153  150  145  140  133  125
  117  110  107  111  123  143  167  190  210  229  249  272  300  331  364  397
  431  463  494  527  568  608  655  683  731                                   
    10.0-180.0 180.0   5.0 450.0                            LAT/LON1/LON2/DLON/H
  707  761  789  812  815  814  804  790  771  743  704  653  594  534  477  429
  390  360  342  342  363  403  447  477  481  456  413  365  321  286  261  241
  225  209  193  180  172  169  168  169  169  167  165  161  155  148  140  132
  124  118  115  119  131  151  175  199  219  237  257  281  310  341  374  407
  440  472  505  539  574  606  649  669  707                                   
     7.5-180.0 180.0   5.0 450.0                            LAT/LON1/LON2/DLON/H
  673  723  755  779  786  790  787  784  779  765  738  697  646  590  536  490
  453  428  418  427  456  496  530  537  508  449  379  314  266  235  219  212
