data/edconvlstm_nd/pred1030.15i
     1.0            IONOSPHERE MAPS     GNSS                IONEX VERSION / TYPE
pyspatialgeodesy        IME             05-JAN-18 20:20     PGM / RUN BY / DATE 
Map Name                                                    COMMENT             
Predicted global ionosphere maps (GIM).                     DESCRIPTION         
  2015     4    13     0     0     0                        EPOCH OF FIRST MAP  
  2015     4    14     0     0     0                        EPOCH OF LAST MAP   
  7200                                                      INTERVAL            
    13                                                      # OF MAPS IN FILE   
  NONE                                                      MAPPING FUNCTION    
10.0                                                        ELEVATION CUTOFF    
One-way carrier phase leveled to code                       OBSERVABLES USED    
  6371.0                                                    BASE RADIUS         
 2                                                          MAP DIMENSION       
   450.0 450.0   0.0                                        HGT1 / HGT2 / DHGT  
    87.5 -87.5  -2.5                                        LAT1 / LAT2 / DLAT  
  -180.0 180.0   5.0                                        LON1 / LON2 / DLON  
    -1                                                      EXPONENT            
                                                            END OF HEADER       
[from data line 5148]
    13                                                      START OF TEC MAP    
  2015     4    14     0     0     0                        EPOCH OF CURRENT MAP
    87.5-180.0 180.0   5.0 450.0                            LAT/LON1/LON2/DLON/H
  165  180  186  173  167  169  166  165  166  165  167  168  169  170  170  171
  171  172  171  171  170  169  168  167  165  164  162  160  158  157  155  154
  152  151  150  149  149  148  148  148  149  150  151  152  153  155  157  159
  161  162  164  166  167  169  170  171  172  172  173  173  173  172  172  172
  172  172  170  171  168  164  167  169  165                                   
    85.0-180.0 180.0   5.0 450.0                            LAT/LON1/LON2/DLON/H
  182  181  162  163  164  166  163  162  163  164  166  168  169  171  173  174
  175  175  175  174  173  172  170  167  164  161  158  156  153  150  147  145
  143  141  140  139  139  139  140  141  142  144  146  149  151  154  157  160
  163  167  169  172  175  177  179  180  181  182  182  183  182  181  180  180
  179  178  177  178  169  171  172  176  182                                   
    82.5-180.0 180.0   5.0 450.0                            LAT/LON1/LON2/DLON/H
  176  167  165  160  158  158  156  157  161  163  166  170  173  177  179  182
  183  184  183  182  180  177  174  170  166  161  157  152  148  143  140  136
  133  131  129  128  128  128  129  131  133  135  138  142  145  149  154  158
  162  167  171  175  178  181  184  186  188  190  190  191  190  189  189  188
  186  184  181  178  173  159  164  164  176                                   
    80.0-180.0 180.0   5.0 450.0                            LAT/LON1/LON2/DLON/H
  172  161  154  150  150  152  155  159  165  169  174  181  187  192  197  200
  202  203  202  200  196  192  186  180  174  167  160  153  147  141  135  131
  127  124  122  120  120  120  121  122  124  127  130  134  139  144  149  155
  160  165  171  176  180  184  188  191  194  196  197  198  198  198  197  196
  193  189  185  181  185  169  175  177  172                                   
    77.5-180.0 180.0   5.0 450.0                            LAT/LON1/LON2/DLON/H
  177  161  156  157  151  153  158  165  173  179  187  196  205  212  218  222
  224  224  222  218  213  207  200  192  184  175  167  159  151  144  138  132
  128  124  121  120  118  118  118  118  120  122  125  128  133  138  143  148
  154  160  166  171  176  181  186  190  193  196  198  200  201  201  201  200
  198  195  190  188  189  182  183  189  177                                   
    75.0-180.0 180.0   5.0 450.0                            LAT/LON1/LON2/DLON/H
  186  171  167  168  160  162  166  172  182  190  199  210  219  227  232  235
  236  235  231  227  220  213  205  196  188  179  170  162  154  147  141  135
  131  128  125  123  121  119  118  118  118  119  120  123  126  131  136  141
  147  152  158  163  168  173  178  183  187  191  194  197  198  200  201  201
  200  198  195  190  192  192  194  198  186                                   
    72.5-180.0 180.0   5.0 450.0                            LAT/LON1/LON2/DLON/H
  188  185  183  179  170  170  174  180  190  198  208  218  227  233  237  238
  236  233  228  222  216  209  201  193  185  176  168  161  154  148  143  139
  136  133  130  128  125  122  119  117  116  115  116  117  120  123  128  133
  138  143  148  153  157  162  167  172  176  181  185  189  192  194  196  197
  197  197  197  195  197  197  203  209  188                                   
    70.0-180.0 180.0   5.0 450.0                            LAT/LON1/LON2/DLON/H
  200  198  196  194  183  182  184  190  199  206  215  224  231  234  235  233
  228  223  217  211  205  199  192  186  178  171  164  158  152  148  145  142
  140  137  135  131  128  124  120  116  113  112  111  111  113  116  120  124
  128  133  137  141  145  150  155  160  166  172  177  182  185  188  191  193
  193  194  196  197  202  207  213  217  200                                   
    67.5-180.0 180.0   5.0 450.0                            LAT/LON1/LON2/DLON/H
  210  213  210  208  197  194  194  197  205  211  219  226  229  230  227  221
  214  207  201  196  191  187  182  177  171  164  158  152  147  144  142  141
  139  137  134  130  125  120  115  111  108  105  104  104  105  108  111  115
  118  122  126  129  133  138  143  149  156  163  170  176  181  184  186  188
  189  190  193  194  202  211  218  223  210                                   
    65.0-180.0 180.0   5.0 450.0                            LAT/LON1/LON2/DLON/H
  217  222  220  219  207  202  200  202  208  212  218  223  225  222  217  209
  200  193  188  184  181  178  175  170  164  157  151  145  142  139  138  137
  136  134  130  125  120  114  109  105  101   99   98   98  100  102  105  108
  111  113  116  119  123  128  134  141  150  159  168  175  181  184  186  187
  187  187  190  191  200  212  219  226  217                                   
    62.5-180.0 180.0   5.0 450.0                            LAT/LON1/LON2/DLON/H
  223  229  228  227  216  209  204  204  209  211  215  219  219  215  208  200
  192  186  182  179  178  176  172  167  160  152  145  140  136  135  134  134
  132  129  124  119  113  107  103   99   97   96   95   96   97   99  102  104
  106  107  109  112  116  121  128  137  148  159  170  179  186  190  192  193
  190  189  190  190  197  210  217  225  223                                   
    60.0-180.0 180.0   5.0 450.0                            LAT/LON1/LON2/DLON/H
  226  233  233  232  222  214  207  205  207  208  210  212  212  209  203  196
  190  186  183  182  181  178  173  166  157  148  141  135  132  132  132  131
  129  124  119  112  106  101   98   96   95   96   96   97   99  100  101  102
  103  104  105  107  111  117  125  136  149  162  175  186  195  200  203  203
  199  196  195  194  196  207  214  222  226                                   
    57.5-180.0 180.0   5.0 450.0                            LAT/LON1/LON2/DLON/H
  231  237  239  238  230  220  212  208  207  205  205  207  207  205  201  197
  194  192  191  190  187  182  175  165  155  145  138  133  132  132  132  131
  128  122  115  108  102   99   97   97   98  100  101  103  103  104  104  104
  103  102  102  104  108  115  124  137  152  167  181  194  204  211  216  217
  214  210  208  204  203  208  214  223  231                                   
    55.0-180.0 180.0   5.0 450.0                            LAT/LON1/LON2/DLON/H
  241  246  249  248  242  232  222  215  212  206  204  204  203  203  202  202
  202  202  201  198  193  185  175  164  154  145  139  136  136  137  137  136
  131  124  116  109  104  101  101  103  105  108  110  111  111  111  109  108
  106  104  103  104  108  116  127  140  156  172  187  201  213  223  231  235
  233  230  228  222  217  218  222  231  241                                   
    52.5-180.0 180.0   5.0 450.0                            LAT/LON1/LON2/DLON/H
  256  261  264  264  260  252  241  232  224  215  209  205  204  204  206  208
  210  211  209  203  195  185  173  162  153  146  143  142  144  146  147  144
  138  130  121  114  110  109  110  113  116  119  121  122  121  120  118  115
  112  109  108  109  113  121  133  147  163  179  194  208  221  234  245  253
  255  255  254  246  241  237  240  248  256                                   
    50.0-180.0 180.0   5.0 450.0                            LAT/LON1/LON2/DLON/H
  276  282  285  286  284  278  269  257  245  232  221  214  210  209  211  214
  216  216  212  204  193  181  170  161  155  152  152  154  157  159  158  154
  147  138  130  124  120  120  122  125  128  130  133  133  133  131  128  125
  122  119  118  119  123  132  144  158  173  187  201  214  228  243  257  270
  278  281  282  276  271  265  268  273  276                                   
    47.5-180.0 180.0   5.0 450.0                            LAT/LON1/LON2/DLON/H
  299  306  310  312  311  309  301  289  275  257  241  229  222  219  219  221
  221  219  211  201  189  177  169  163  160  161  164  168  170  171  168  162
  154  146  138  134  132  132  134  136  139  142  143  144  144  142  140  138
  135  132  131  132  137  146  157  171  184  196  207  219  233  249  267  284
  297  306  310  306  304  300  302  304  299                                   
    45.0-180.0 180.0   5.0 450.0                            LAT/LON1/LON2/DLON/H
  322  332  336  338  338  338  334  324  309  288  268  252  240  233  231  230
  227  220  211  199  187  178  172  170  170  173  177  180  181  179  174  166
  157  150  144  142  142  143  145  147  149  151  152  153  154  153  152  150
  149  147  146  147  152  160  171  183  194  204  214  224  237  254  273  294
  311  325  334  334  337  335  337  336  322                                   
    42.5-180.0 180.0   5.0 450.0                            LAT/LON1/LON2/DLON/H
  344  355  360  360  359  362  361  354  341  321  298  279  263  253  247  242
  235  226  214  203  193  187  183  183  184  187  189  189  186  180  172  163
  155  150  148  148  150  153  155  156  157  158  160  162  163  163  163  162
  161  160  159  160  164  171  181  192  203  212  220  229  242  258  279  301
  321  338  351  357  364  365  370  366  344                                   
    40.0-180.0 180.0   5.0 450.0                            LAT/LON1/LON2/DLON/H
  364  376  380  377  375  377  378  374  365  348  327  306  289  277  267  259
  249  238  226  217  210  206  203  201  200  198  196  191  184  175  166  158
  152  150  151  154  159  163  164  165  165  166  169  171  172  173  173  172
  171  169  168  168  172  178  189  200  211  221  229  238  250  266  286  308
  329  347  363  374  385  390  398  393  364                                   
    37.5-180.0 180.0   5.0 450.0                            LAT/LON1/LON2/DLON/H
  386  398  399  392  387  386  386  385  381  367  349  331  314  301  290  280
  268  257  248  242  237  233  228  221  213  206  198  189  180  170  162  157
  154  155  159  165  171  175  177  177  177  178  180  181  182  181  180  178
  176  174  172  172  174  182  193  206  219  231  241  251  263  278  296  317
  336  354  372  386  400  409  422  419  386                                   
    35.0-180.0 180.0   5.0 450.0                            LAT/LON1/LON2/DLON/H
  416  428  424  411  403  397  393  392  390  380  366  351  337  325  314  303
  292  283  277  274  270  264  252  238  223  209  197  188  180  174  170  169
  170  173  178  183  188  191  192  192  192  192  194  194  192  189  185  181
  177  173  170  169  172  180  193  210  227  242  255  267  280  294  311  329
  346  363  381  396  413  426  445  447  416                                   
    32.5-180.0 180.0   5.0 450.0                            LAT/LON1/LON2/DLON/H
  461  472  464  445  431  419  408  403  401  393  381  368  356  346  337  327
  317  311  308  306  301  289  270  249  228  212  201  195  193  193  196  199
  202  206  208  210  211  212  212  211  210  210  210  207  202  195  187  180
  173  168  163  161  164  173  189  209  231  251  269  284  298  313  330  347
  363  379  396  411  430  447  472  482  461                                   
    30.0-180.0 180.0   5.0 450.0                            LAT/LON1/LON2/DLON/H
  525  537  528  503  483  462  442  431  424  413  400  386  375  366  357  348
  340  336  334  331  321  303  279  253  233  221  216  218  224  232  241  248
  252  251  247  241  236  233  230  229  228  227  225  220  211  199  186  175
  166  158  152  149  152  162  180  205  231  256  279  298  316  334  352  371
  388  404  422  437  459  477  507  525  525                                   
    27.5-180.0 180.0   5.0 450.0                            LAT/LON1/LON2/DLON/H
  605  622  618  590  564  536  506  486  470  452  433  415  400  389  378  368
  359  353  349  341  325  303  278  257  244  240  246  257  272  287  301  310
  310  302  287  271  257  249  245  244  243  241  237  229  216  199  183  169
  158  149  141  137  140  151  172  199  229  258  285  309  332  353  376  399
  421  441  460  477  503  523  554  578  605                                   
    25.0-180.0 180.0   5.0 450.0                            LAT/LON1/LON2/DLON/H
  693  718  726  704  675  642  603  573  546  518  489  462  440  422  405  390
  376  364  352  337  316  293  275  265  264  273  289  308  329  349  364  370
  364  345  318  290  270  258  254  253  252  249  243  233  218  199  180  164
  152  143  135  131  134  146  169  198  230  262  291  319  345  371  399  428
  457  483  505  527  559  580  614  640  693                                   
    22.5-180.0 180.0   5.0 450.0                            LAT/LON1/LON2/DLON/H
  780  811  835  828  801  767  725  687  650  611  569  531  498  470  444  420
  397  375  353  329  305  287  279  283  297  317  340  363  385  403  413  412
  396  366  329  295  272  260  256  255  254  251  245  234  218  199  180  164
  153  145  138  135  138  151  173  203  236  268  299  328  357  387  420  456
  492  524  552  581  619  643  678  705  780                                   
    20.0-180.0 180.0   5.0 450.0                            LAT/LON1/LON2/DLON/H
  856  889  924  935  915  888  851  812  769  720  668  618  573  533  496  461
  427  395  363  332  308  295  298  315  340  366  390  409  423  431  431  419
  394  359  319  286  264  254  251  250  250  247  242  232  218  200  183  169
  160  153  147  144  148  161  183  213  245  276  306  336  367  401  439  480
  522  560  595  632  673  697  736  763  856                                   
    17.5-180.0 180.0   5.0 450.0                            LAT/LON1/LON2/DLON/H
  910  942  980 1003  994  980  954  922  881  830  771  713  657  606  556  510
  466  426  387  353  328  321  332  357  387  412  428  434  431  423  410  391
  364  330  295  267  250  242  241  241  241  239  235  228  217  202  187  176
  168  162  157  155  158  170  192  221  252  282  311  341  374  411  453  499
  547  590  631  672  712  733  774  804  910                                   
    15.0-180.0 180.0   5.0 450.0                            LAT/LON1/LON2/DLON/H
  928  957  993 1022 1026 1027 1017  997  965  919  862  801  740  680  621  565
  513  467  425  389  365  361  376  403  430  445  444  429  405  381  359  339
  316  290  265  245  233  229  230  231  230  229  226  222  214  203  191  181
  173  168  163  160  163  174  196  224  253  282  311  341  376  417  463  513
  564  611  655  696  730  748  790  823  928                                   
    12.5-180.0 180.0   5.0 450.0                            LAT/LON1/LON2/DLON/H
  909  930  963  994 1007 1022 1028 1024 1006  972  925  870  810  748  684  622
  566  517  474  438  416  412  425  446  460  457  434  396  355  321  297  280
  266  251  237  226  221  220  222  222  220  218  217  215  210  201  191  181
  174  168  163  159  160  170  190  217  247  275  305  337  376  420  469  521
  575  624  669  707  734  749  789  823  909                                   
    10.0-180.0 180.0   5.0 450.0                            LAT/LON1/LON2/DLON/H
  867  874  903  932  948  972  992 1002  998  979  947  905  856  800  738  676
  621  573  532  496  472  464  468  474  469  443  399  344  295  260  241  233
  229  225  221  218  219  220  221  218  213  210  208  207  203  196  186  175
  167  161  155  150  150  158  177  203  232  262  293  330  372  421  473  527
  581  630  676  711  733  745  780  813  867                                   
     7.5-180.0 180.0   5.0 450.0                            LAT/LON1/LON2/DLON/H
  821  814  837  859  873  898  924  943  950  945  928  904  871  827  774  720
  671  628  589  554  525  506  494  480  453  407  347  287  240  215  207  210
