data/edconvlstm_nd/pred2680.15i
     1.0            IONOSPHERE MAPS     GNSS                IONEX VERSION / TYPE
pyspatialgeodesy        IME             05-JAN-18 20:20     PGM / RUN BY / DATE 
Map Name                                                    COMMENT             
Predicted global ionosphere maps (GIM).                     DESCRIPTION         
  2015     9    25     0     0     0                        EPOCH OF FIRST MAP  
  2015     9    26     0     0     0                        EPOCH OF LAST MAP   
  7200                                                      INTERVAL            
    13                                                      # OF MAPS IN FILE   
  NONE                                                      MAPPING FUNCTION    
10.0                                                        ELEVATION CUTOFF    
One-way carrier phase leveled to code                       OBSERVABLES USED    
  6371.0                                                    BASE RADIUS         
 2                                                          MAP DIMENSION       
   450.0 450.0   0.0                                        HGT1 / HGT2 / DHGT  
    87.5 -87.5  -2.5                                        LAT1 / LAT2 / DLAT  
  -180.0 180.0   5.0                                        LON1 / LON2 / DLON  
    -1                                                      EXPONENT            
                                                            END OF HEADER       
[from data line 4290]
    11                                                      START OF TEC MAP    
  2015     9    25    20     0     0                        EPOCH OF CURRENT MAP
    87.5-180.0 180.0   5.0 450.0                            LAT/LON1/LON2/DLON/H
  112  107   96  102  106  103  103  101  101  104  104  106  107  108  109  110
  111  111  112  112  112  112  111  110  110  109  108  107  106  105  104  104
  103  102  101  101  100  100  100   99   99   99   99   99  100  100  100  100
  101  101  101  101  101  101  100  100  100   99   99   98   98   97   96   95
   95   95   92   90   99   96  111  114  112                                   
    85.0-180.0 180.0   5.0 450.0                            LAT/LON1/LON2/DLON/H
  111  103  109   98   97  102  102  104  105  108  109  111  112  114  116  117
  118  118  119  119  119  118  118  117  116  115  114  112  111  110  109  108
  107  106  105  104  104  103  103  103  103  103  103  103  103  103  103  104
  104  104  104  104  104  103  103  103  102  101  100  100   99   98   97   96
   96   95   91   89   91   92   96   96  111                                   
    82.5-180.0 180.0   5.0 450.0                            LAT/LON1/LON2/DLON/H
   87   87   88   84   87   92   96   97   99  103  105  108  110  113  115  117
  119  120  120  121  120  120  119  118  116  115  113  111  109  107  105  104
  102  101  100   99   98   97   97   96   96   95   95   95   95   95   96   96
   96   96   96   96   96   96   95   94   94   92   91   90   89   88   86   85
   84   83   80   81   84   94   87   87   87                                   
    80.0-180.0 180.0   5.0 450.0                            LAT/LON1/LON2/DLON/H
   66   68   74   72   75   76   84   88   92   97  100  105  108  111  114  116
  118  119  120  120  119  118  117  115  113  110  107  104  101   99   96   94
   92   90   89   88   87   86   85   85   84   84   84   84   84   84   85   85
   86   86   87   87   87   86   86   84   83   81   80   78   76   75   73   72
   72   71   70   70   70   74   71   80   66                                   
    77.5-180.0 180.0   5.0 450.0                            LAT/LON1/LON2/DLON/H
   69   68   71   69   74   77   83   88   92   97  101  107  111  115  118  121
  123  124  125  125  125  125  123  121  118  115  111  107  103  100   97   94
   91   89   88   86   85   84   82   81   79   78   77   76   76   76   76   77
   78   79   80   80   80   80   79   77   75   73   71   69   67   66   65   64
   63   64   64   66   68   71   72   83   69                                   
    75.0-180.0 180.0   5.0 450.0                            LAT/LON1/LON2/DLON/H
   66   69   69   69   75   79   85   89   95  101  105  110  114  118  120  122
  124  126  127  128  128  128  127  125  122  118  114  109  104   99   95   92
   90   88   86   85   84   83   81   79   77   75   73   72   71   71   71   72
   73   74   75   75   75   75   73   72   69   67   65   63   61   60   59   60
   61   63   65   65   67   70   71   73   66                                   
    72.5-180.0 180.0   5.0 450.0                            LAT/LON1/LON2/DLON/H
   73   76   76   80   82   86   92   95  100  105  109  113  117  119  121  122
  123  125  126  128  129  130  130  128  125  121  116  109  103   98   93   89
   86   84   82   81   80   78   76   74   71   68   65   63   62   61   62   63
   64   65   66   66   66   65   64   62   60   57   55   53   52   51   52   53
   55   59   63   64   66   73   77   82   73                                   
    70.0-180.0 180.0   5.0 450.0                            LAT/LON1/LON2/DLON/H
   81   85   85   87   89   92   96  100  106  110  114  118  119  120  120  120
  120  122  124  127  130  132  134  133  131  126  120  112  105   98   92   87
   84   81   80   79   78   76   74   70   67   64   60   58   57   56   56   57
   57   58   59   59   58   57   56   54   51   49   47   46   45   46   47   50
   53   58   64   68   71   80   86   91   81                                   
    67.5-180.0 180.0   5.0 450.0                            LAT/LON1/LON2/DLON/H
   90   95   95   98   99  102  106  110  114  118  122  124  125  124  122  121
  121  122  125  129  133  137  140  140  138  133  126  117  108  100   93   87
   83   80   78   76   75   72   69   66   62   58   55   52   51   50   51   51
   52   53   53   53   52   51   49   47   45   44   42   42   42   43   45   49
   53   58   65   70   73   84   89   94   90                                   
    65.0-180.0 180.0   5.0 450.0                            LAT/LON1/LON2/DLON/H
   94  101  100  104  104  107  111  115  120  124  127  128  128  125  122  120
  119  121  124  130  136  142  146  147  145  140  132  124  114  105   97   90
   84   80   77   74   72   69   66   62   57   54   50   48   47   46   46   47
   47   47   47   46   44   42   41   39   38   37   37   37   38   40   42   46
   50   57   65   71   76   88   95  100   94                                   
    62.5-180.0 180.0   5.0 450.0                            LAT/LON1/LON2/DLON/H
   96  103  103  107  108  111  115  120  125  129  132  133  132  129  126  123
  122  124  128  135  142  149  153  154  152  147  140  131  122  113  104   96
   89   83   78   73   70   66   62   57   53   49   47   45   44   44   43   43
   43   42   41   40   38   36   35   34   34   34   35   36   38   39   41   44
   48   54   61   68   73   85   93   97   96                                   
    60.0-180.0 180.0   5.0 450.0                            LAT/LON1/LON2/DLON/H
   93  101  103  108  109  113  118  123  129  133  137  138  137  134  131  128
  128  130  135  141  149  155  158  159  157  153  147  141  134  126  118  109
  100   91   84   77   71   66   61   57   52   49   47   45   45   44   43   42
   41   40   38   36   34   32   32   31   32   34   35   37   38   39   41   43
   46   50   57   63   69   82   90   95   93                                   
    57.5-180.0 180.0   5.0 450.0                            LAT/LON1/LON2/DLON/H
   90   99  102  108  111  116  122  128  134  139  142  144  144  142  139  137
  137  139  144  150  156  160  162  162  160  158  155  152  148  143  136  127
  116  105   94   85   78   71   66   61   56   53   51   50   49   48   47   45
   42   40   38   36   34   33   32   33   34   37   39   41   42   42   43   43
   45   49   54   59   65   78   87   91   90                                   
    55.0-180.0 180.0   5.0 450.0                            LAT/LON1/LON2/DLON/H
   89  100  105  112  116  122  128  135  141  146  150  152  152  151  149  148
  149  151  154  158  162  164  164  162  161  160  161  162  163  162  157  148
  135  121  108   97   88   81   74   69   65   62   60   59   57   55   53   49
   46   43   41   39   38   37   37   38   40   42   45   46   47   46   46   46
   46   49   54   59   65   77   86   91   89                                   
    52.5-180.0 180.0   5.0 450.0                            LAT/LON1/LON2/DLON/H
   92  104  111  119  125  132  139  146  152  157  160  162  163  162  161  161
  161  162  163  165  166  165  163  160  159  161  165  171  177  179  175  166
  152  137  122  110  101   93   87   81   76   73   71   70   68   65   61   57
   53   50   47   46   45   45   45   46   48   51   53   54   53   52   50   50
   50   53   58   63   69   81   89   94   92                                   
    50.0-180.0 180.0   5.0 450.0                            LAT/LON1/LON2/DLON/H
  101  115  124  132  139  146  154  161  166  171  174  176  176  176  175  174
  173  173  172  171  169  166  162  158  158  161  169  178  187  191  188  178
  163  147  133  121  113  106  100   95   90   87   84   83   80   77   72   67
   62   59   57   56   56   56   56   57   59   60   62   62   60   58   57   56
   56   61   67   72   78   89   98  102  101                                   
    47.5-180.0 180.0   5.0 450.0                            LAT/LON1/LON2/DLON/H
  114  129  139  148  156  164  171  178  183  188  191  192  192  191  189  187
  185  183  180  177  173  168  162  159  159  164  172  183  191  194  190  180
  165  150  137  128  122  117  112  107  103   99   97   95   92   88   83   77
   73   70   69   69   69   68   69   69   70   71   71   70   68   65   64   63
   65   70   78   85   91  102  110  113  114                                   
    45.0-180.0 180.0   5.0 450.0                            LAT/LON1/LON2/DLON/H
  130  145  157  165  173  181  188  196  201  206  208  209  209  207  204  201
  196  192  188  183  178  173  167  164  165  169  177  185  190  190  184  172
  158  145  136  131  128  126  122  118  113  109  107  105  102   98   93   87
   84   82   81   81   81   80   80   80   80   81   80   79   76   73   71   72
   74   81   91   99  106  116  124  126  130                                   
    42.5-180.0 180.0   5.0 450.0                            LAT/LON1/LON2/DLON/H
  144  160  172  180  188  196  203  211  216  222  225  227  226  224  219  214
  208  202  197  192  187  182  178  175  175  178  183  187  186  181  171  158
  146  137  132  131  132  132  130  125  121  117  115  113  110  106  101   96
   93   92   91   91   90   89   88   88   88   88   88   86   83   81   79   80
   83   91  101  111  118  128  136  138  144                                   
    40.0-180.0 180.0   5.0 450.0                            LAT/LON1/LON2/DLON/H
  156  171  183  191  199  207  214  222  229  236  241  243  243  240  234  227
  220  213  208  204  200  196  193  191  190  192  192  190  183  172  159  147
  137  132  132  135  138  139  137  132  127  123  120  118  115  111  107  103
  101  100   99   97   94   92   91   91   92   93   93   92   89   87   86   87
   90   98  108  119  126  136  145  147  156                                   
    37.5-180.0 180.0   5.0 450.0                            LAT/LON1/LON2/DLON/H
  162  178  190  199  207  214  222  230  238  247  253  257  258  255  249  241
  232  225  221  218  216  214  211  209  209  208  205  197  184  169  155  145
  139  139  142  147  150  150  146  140  133  128  125  122  119  115  111  108
  106  105  102   99   95   92   91   92   93   94   95   95   94   92   91   92
   94  101  112  122  130  140  149  153  162                                   
    35.0-180.0 180.0   5.0 450.0                            LAT/LON1/LON2/DLON/H
  166  182  196  205  213  220  227  236  245  256  263  269  271  269  263  255
  246  240  236  235  234  233  231  229  229  227  222  211  196  180  167  161
  160  163  168  171  172  167  160  150  142  136  131  127  123  118  115  112
  110  108  104   99   94   90   89   90   92   94   95   96   95   95   94   95
   96  103  112  122  130  141  151  156  166                                   
    32.5-180.0 180.0   5.0 450.0                            LAT/LON1/LON2/DLON/H
  169  187  201  211  220  226  234  243  253  263  272  279  283  282  277  269
  261  255  253  253  253  251  250  249  249  249  245  235  221  208  200  198
  202  207  210  208  202  190  177  164  154  146  140  134  128  123  119  116
  114  110  105   98   93   89   88   90   91   93   94   95   96   96   96   96
   97  103  112  121  129  141  152  159  169                                   
    30.0-180.0 180.0   5.0 450.0                            LAT/LON1/LON2/DLON/H
  175  194  210  220  230  236  244  253  262  273  282  290  294  294  290  283
  276  271  270  270  270  269  267  268  271  274  274  269  261  254  252  256
  263  267  264  254  237  216  197  180  168  159  152  144  136  129  124  121
  118  114  108  101   95   91   91   91   92   93   93   93   94   95   96   97
   98  104  113  122  130  143  156  164  175                                   
    27.5-180.0 180.0   5.0 450.0                            LAT/LON1/LON2/DLON/H
  185  206  223  232  244  251  259  267  276  286  294  302  307  308  305  299
  292  288  287  287  287  286  285  287  294  303  309  312  312  314  319  328
  336  335  322  299  270  240  214  195  182  173  165  156  146  138  132  129
  126  121  114  106  101   98   97   96   95   93   91   91   92   94   96   98
   99  106  117  126  135  150  164  172  185                                   
    25.0-180.0 180.0   5.0 450.0                            LAT/LON1/LON2/DLON/H
  198  220  239  249  262  270  280  287  296  303  311  317  322  323  321  316
  310  306  305  305  305  305  306  311  322  336  351  362  371  380  392  403
  406  397  371  334  293  254  225  205  193  186  178  169  158  149  143  139
  135  130  123  117  111  109  107  104  100   95   90   88   89   92   95   99
  102  111  123  134  144  159  175  183  198                                   
    22.5-180.0 180.0   5.0 450.0                            LAT/LON1/LON2/DLON/H
  215  237  257  267  283  293  304  311  319  326  332  336  340  341  340  336
  332  328  326  327  328  330  334  342  357  375  395  413  428  442  455  463
  460  438  399  350  299  256  226  208  199  194  189  180  170  161  155  151
  148  143  136  130  126  123  119  114  106   97   89   85   86   89   94   99
  105  117  130  143  154  171  189  196  215                                   
    20.0-180.0 180.0   5.0 450.0                            LAT/LON1/LON2/DLON/H
  231  253  274  285  304  316  329  338  346  352  356  360  362  364  363  361
  357  354  353  355  358  364  371  382  399  419  441  460  476  489  498  498
  484  450  400  343  288  245  217  203  198  198  196  190  182  174  169  165
  162  157  152  146  142  138  132  124  112   99   88   83   82   86   92   99
  107  121  137  152  165  182  201  209  231                                   
    17.5-180.0 180.0   5.0 450.0                            LAT/LON1/LON2/DLON/H
  243  266  287  301  322  337  353  363  372  379  383  386  388  390  391  390
  389  387  387  391  398  407  418  431  447  465  483  498  508  514  514  503
  477  433  377  318  265  226  202  193  193  197  199  197  192  187  183  180
  176  172  167  163  159  153  145  133  118  102   89   81   80   83   90   99
  108  124  141  158  172  190  210  219  243                                   
    15.0-180.0 180.0   5.0 450.0                            LAT/LON1/LON2/DLON/H
  251  276  298  313  337  355  373  385  396  405  410  414  416  418  421  424
  425  426  429  436  447  460  473  487  499  511  519  523  523  517  505  483
  446  397  340  285  238  206  188  184  189  196  202  204  202  199  197  194
  190  186  182  178  173  166  156  141  123  105   90   81   79   82   89   98
  108  124  141  159  174  194  216  226  251                                   
    12.5-180.0 180.0   5.0 450.0                            LAT/LON1/LON2/DLON/H
  256  283  306  323  349  368  388  402  416  427  435  440  444  448  454  460
  466  471  477  487  501  517  532  543  549  550  546  536  522  504  481  449
  406  356  303  255  218  194  183  182  189  198  206  211  212  211  209  206
  201  197  192  188  182  174  162  145  126  107   92   82   79   82   88   97
  106  123  139  156  173  193  217  230  256                                   
    10.0-180.0 180.0   5.0 450.0                            LAT/LON1/LON2/DLON/H
  258  289  314  333  359  379  401  416  432  445  456  463  469  475  484  495
  506  516  526  540  556  573  587  593  591  580  561  537  511  484  452  415
  370  323  277  240  213  197  191  192  198  206  213  219  222  222  219  214
  209  203  198  192  185  176  162  145  126  108   93   84   80   82   88   96
  105  120  136  152  169  192  218  232  258                                   
     7.5-180.0 180.0   5.0 450.0                            LAT/LON1/LON2/DLON/H
  261  297  323  343  370  390  412  427  444  459  472  481  488  497  510  525
  541  556  570  585  602  619  629  630  619  595  564  531  498  465  431  393
