data/edconvlstm_nd/pred3630.15i
     1.0            IONOSPHERE MAPS     GNSS                IONEX VERSION / TYPE
pyspatialgeodesy        IME             05-JAN-18 20:20     PGM / RUN BY / DATE 
Map Name                                                    COMMENT             
Predicted global ionosphere maps (GIM).                     DESCRIPTION         
  2015    12    29     0     0     0                        EPOCH OF FIRST MAP  
  2015    12    30     0     0     0                        EPOCH OF LAST MAP   
  7200                                                      INTERVAL            
    13                                                      # OF MAPS IN FILE   
  NONE                                                      MAPPING FUNCTION    
10.0                                                        ELEVATION CUTOFF    
One-way carrier phase leveled to code                       OBSERVABLES USED    
  6371.0                                                    BASE RADIUS         
 2                                                          MAP DIMENSION       
   450.0 450.0   0.0                                        HGT1 / HGT2 / DHGT  
    87.5 -87.5  -2.5                                        LAT1 / LAT2 / DLAT  
  -180.0 180.0   5.0                                        LON1 / LON2 / DLON  
    -1                                                      EXPONENT            
                                                            END OF HEADER       
[from data line 1716]
     5                                                      START OF TEC MAP    
  2015    12    29     8     0     0                        EPOCH OF CURRENT MAP
    87.5-180.0 180.0   5.0 450.0                            LAT/LON1/LON2/DLON/H
   23   34   32   34   34   34   33   28   28   28   27   27   26   25   25   24
   24   23   23   23   23   23   23   23   23   23   23   23   23   23   23   23
   23   23   23   23   23   22   22   22   22   22   21   21   21   21   21   21
   21   21   21   21   21   21   20   20   20   20   21   21   21   21   21   22
   23   23   22   23   30   40   52   51   23                                   
    85.0-180.0 180.0   5.0 450.0                            LAT/LON1/LON2/DLON/H
   18   47   52   45   48   49   48   47   46   46   44   44   42   41   40   40
   39   38   38   38   38   38   38   39   39   39   40   40   40   40   40   40
   40   40   40   40   40   39   39   39   39   38   38   38   37   37   37   36
   36   36   35   35   35   35   35   35   35   35   35   35   35   36   36   37
   38   39   37   38   45   49   63   53   18                                   
    82.5-180.0 180.0   5.0 450.0                            LAT/LON1/LON2/DLON/H
   22   40   58   53   54   54   54   52   51   50   47   46   44   42   40   38
   37   36   35   35   35   35   36   37   37   38   39   39   40   40   41   41
   41   41   41   41   41   40   40   40   40   39   39   39   38   38   37   37
   36   35   35   34   34   33   33   33   33   33   33   33   33   33   34   35
   36   38   36   37   48   48   52   47   22                                   
    80.0-180.0 180.0   5.0 450.0                            LAT/LON1/LON2/DLON/H
   35   46   64   59   64   62   62   60   59   57   53   50   47   43   40   37
   35   33   32   32   33   33   35   36   38   39   41   42   43   43   44   44
   44   44   44   44   44   44   44   44   43   43   43   42   42   41   40   39
   38   38   37   36   35   34   34   33   33   32   32   32   32   33   33   34
   36   37   39   39   47   50   53   49   35                                   
    77.5-180.0 180.0   5.0 450.0                            LAT/LON1/LON2/DLON/H
   44   52   59   55   59   60   61   60   59   56   50   46   41   36   32   29
   27   25   25   25   25   27   29   32   34   37   39   40   41   42   42   42
   41   41   41   40   40   40   41   41   41   41   41   40   40   39   39   38
   38   37   36   35   34   33   32   31   30   29   29   28   28   28   27   28
   28   29   29   31   33   32   40   38   44                                   
    75.0-180.0 180.0   5.0 450.0                            LAT/LON1/LON2/DLON/H
   31   43   49   48   52   56   57   56   55   52   46   41   35   30   26   23
   21   20   20   20   22   24   28   32   35   38   41   42   43   42   42   41
   39   38   38   38   38   38   39   40   41   41   42   42   42   42   42   42
   42   42   42   41   40   39   38   36   34   32   31   30   29   28   27   27
   26   26   26   24   28   25   32   28   31                                   
    72.5-180.0 180.0   5.0 450.0                            LAT/LON1/LON2/DLON/H
   27   37   41   40   46   52   54   54   52   49   44   39   33   27   23   20
   19   18   18   19   21   24   29   34   38   42   44   45   45   43   41   39
   37   35   34   34   35   37   38   40   42   43   45   46   47   48   49   50
   51   52   52   52   51   49   46   44   41   38   36   34   33   31   30   29
   27   26   26   24   25   22   27   25   27                                   
    70.0-180.0 180.0   5.0 450.0                            LAT/LON1/LON2/DLON/H
   23   31   37   37   42   46   48   48   48   46   41   37   31   27   23   20
   19   18   19   20   23   27   33   38   43   47   49   49   47   44   40   37
   34   32   31   31   33   35   38   41   44   47   50   52   54   56   58   60
   63   65   66   67   66   63   60   55   51   48   45   42   40   38   36   34
   32   30   29   26   26   22   28   26   23                                   
    67.5-180.0 180.0   5.0 450.0                            LAT/LON1/LON2/DLON/H
   19   27   32   32   36   39   41   42   41   40   37   34   30   26   23   20
   19   19   19   21   25   30   35   41   46   49   50   48   45   41   36   32
   28   26   26   27   30   33   38   42   47   51   55   58   60   63   67   71
   75   78   81   82   80   77   72   66   60   56   52   49   46   44   42   40
   37   33   32   28   27   22   26   24   19                                   
    65.0-180.0 180.0   5.0 450.0                            LAT/LON1/LON2/DLON/H
   19   26   29   29   31   34   36   36   36   36   34   33   30   27   25   23
   21   21   22   24   27   32   37   42   46   49   48   46   42   37   32   28
   24   23   23   25   29   33   39   46   52   57   62   66   69   73   78   83
   88   93   97   98   96   92   85   78   71   64   59   56   53   51   48   46
   43   39   38   33   32   28   31   30   19                                   
    62.5-180.0 180.0   5.0 450.0                            LAT/LON1/LON2/DLON/H
   23   28   30   30   31   32   33   33   33   33   32   32   31   29   28   26
   25   25   25   27   29   33   38   42   45   46   45   42   38   33   29   25
   23   22   23   26   30   36   44   51   59   65   70   75   79   83   88   94
  101  107  111  113  111  106   98   89   80   73   67   63   60   57   54   52
   49   45   43   38   38   33   37   36   23                                   
    60.0-180.0 180.0   5.0 450.0                            LAT/LON1/LON2/DLON/H
   30   33   33   31   31   31   30   29   29   29   28   30   30   30   29   29
   28   27   27   27   29   31   34   37   39   39   38   35   32   28   25   23
   21   21   23   27   33   40   48   57   65   72   78   83   86   90   95  102
  109  116  121  123  121  116  107   97   88   79   73   68   65   61   58   54
   51   47   46   42   42   38   42   41   30                                   
    57.5-180.0 180.0   5.0 450.0                            LAT/LON1/LON2/DLON/H
   37   38   38   35   34   33   32   30   29   28   28   29   30   31   31   31
   30   29   28   27   27   28   30   32   33   33   32   30   28   26   24   23
   23   24   27   32   38   46   55   65   74   82   88   93   96  100  104  110
  118  125  130  133  131  125  117  107   98   90   83   78   73   68   63   59
   54   50   50   46   47   44   47   46   37                                   
    55.0-180.0 180.0   5.0 450.0                            LAT/LON1/LON2/DLON/H
   43   43   42   40   38   38   35   32   30   29   28   29   30   31   32   32
   31   29   28   26   25   25   26   27   28   28   28   27   26   25   25   25
   26   28   32   37   45   53   63   73   83   92   98  103  107  110  113  119
  125  132  137  140  139  134  126  118  109  102   96   90   84   77   70   64
   58   53   53   50   51   48   51   50   43                                   
    52.5-180.0 180.0   5.0 450.0                            LAT/LON1/LON2/DLON/H
   48   47   46   45   44   43   41   38   35   32   30   30   30   31   32   32
   32   30   28   26   24   24   24   25   25   26   26   26   26   27   27   28
   30   34   38   45   52   61   71   82   92  102  109  115  118  121  124  128
  133  139  143  146  145  141  135  128  122  116  111  105   98   89   80   71
   63   58   57   53   55   51   54   53   48                                   
    50.0-180.0 180.0   5.0 450.0                            LAT/LON1/LON2/DLON/H
   51   50   49   49   48   50   48   44   41   38   35   34   33   33   33   33
   33   31   29   26   25   24   24   25   26   27   28   28   29   29   30   32
   35   39   45   52   60   70   80   91  102  112  121  127  131  134  136  139
  142  146  149  150  149  146  141  137  133  130  125  120  112  102   91   81
   71   64   62   58   58   54   57   56   51                                   
    47.5-180.0 180.0   5.0 450.0                            LAT/LON1/LON2/DLON/H
   53   51   50   52   52   55   54   51   48   44   40   38   36   36   35   35
   35   33   31   29   27   27   28   29   31   32   33   33   33   33   34   35
   38   43   50   59   68   78   88   99  110  121  131  139  144  147  148  150
  151  152  153  152  151  148  145  143  141  139  136  131  124  114  102   90
   80   72   68   63   62   58   61   60   53                                   
    45.0-180.0 180.0   5.0 450.0                            LAT/LON1/LON2/DLON/H
   53   52   50   53   55   59   60   58   55   52   48   45   42   40   40   39
   39   37   36   34   32   32   34   36   38   39   40   40   39   38   37   38
   41   47   55   65   76   86   96  107  118  130  140  149  155  159  160  160
  159  158  156  154  151  148  146  144  143  142  140  136  130  120  109   98
   88   79   75   68   66   62   64   64   53                                   
    42.5-180.0 180.0   5.0 450.0                            LAT/LON1/LON2/DLON/H
   52   51   50   54   55   61   62   62   61   59   55   53   50   48   46   46
   45   44   43   41   40   40   42   44   46   48   48   46   44   41   39   39
   42   49   59   71   83   94  105  115  126  137  148  157  164  169  170  170
  168  164  160  156  152  148  145  143  142  141  139  136  130  122  112  103
   93   85   80   72   68   65   66   68   52                                   
    40.0-180.0 180.0   5.0 450.0                            LAT/LON1/LON2/DLON/H
   52   51   49   53   54   60   63   64   65   65   63   62   59   57   55   55
   54   54   53   51   50   50   51   53   55   56   55   52   48   44   41   40
   43   51   63   76   90  103  114  124  134  144  154  164  171  176  179  178
  176  171  165  160  154  150  147  144  141  139  136  133  127  121  112  105
   97   89   83   75   70   66   67   70   52                                   
    37.5-180.0 180.0   5.0 450.0                            LAT/LON1/LON2/DLON/H
   52   51   48   52   52   57   61   63   66   68   69   69   68   66   65   65
   65   65   64   63   61   60   61   62   62   62   60   57   51   46   42   42
   46   55   68   83   98  112  124  133  142  151  160  169  177  183  186  187
  185  180  174  168  163  158  154  150  146  142  137  133  127  121  113  106
   99   91   85   76   70   65   65   69   52                                   
    35.0-180.0 180.0   5.0 450.0                            LAT/LON1/LON2/DLON/H
   54   52   48   51   50   54   57   61   65   68   71   75   75   75   74   74
   75   75   75   73   71   69   68   68   67   66   64   59   54   49   45   46
   51   61   75   91  108  122  134  144  152  159  167  175  182  189  194  197
  196  193  189  184  180  177  174  169  163  157  150  144  137  129  120  113
  104   95   88   77   70   63   63   67   54                                   
    32.5-180.0 180.0   5.0 450.0                            LAT/LON1/LON2/DLON/H
   58   53   49   50   48   50   54   57   61   66   71   77   79   80   81   81
   82   83   83   82   79   76   73   71   70   68   65   62   57   53   51   52
   59   70   85  101  118  133  146  156  163  169  175  182  190  198  205  210
  212  212  211  210  210  209  208  204  198  189  181  171  162  151  139  128
  116  104   95   83   74   62   62   65   58                                   
    30.0-180.0 180.0   5.0 450.0                            LAT/LON1/LON2/DLON/H
   63   56   51   50   48   49   51   53   57   62   68   75   79   82   83   85
   86   88   89   88   85   81   77   73   71   68   66   64   61   58   58   61
   68   80   95  112  129  145  159  169  177  182  186  193  201  210  219  227
  233  238  242  246  250  254  256  254  248  240  229  218  205  189  173  156
  139  123  112   95   83   66   65   67   63                                   
    27.5-180.0 180.0   5.0 450.0                            LAT/LON1/LON2/DLON/H
   70   61   54   52   50   50   51   52   55   58   64   71   76   80   82   84
   87   89   91   91   88   84   79   75   71   69   67   65   63   63   64   69
   78   91  106  123  140  157  172  184  193  198  202  208  216  227  239  251
  261  270  279  288  297  306  311  313  309  301  291  278  262  242  220  197
  174  153  138  115  100   76   74   74   70                                   
    25.0-180.0 180.0   5.0 450.0                            LAT/LON1/LON2/DLON/H
   81   69   60   57   55   55   55   53   54   56   60   66   71   75   78   81
   84   87   90   90   88   85   80   75   71   68   67   65   65   65   69   76
   87  101  116  133  150  169  186  201  211  217  222  228  237  250  264  279
  293  306  319  332  346  359  368  372  371  366  356  343  325  302  275  246
  217  191  172  144  125   94   91   89   81                                   
    22.5-180.0 180.0   5.0 450.0                            LAT/LON1/LON2/DLON/H
   96   81   69   66   63   63   61   58   56   56   58   62   66   70   73   76
   79   83   86   87   86   84   80   76   71   68   65   64   64   66   72   81
   94  109  125  142  161  181  201  218  230  238  244  251  262  276  293  310
  327  342  358  374  391  407  419  426  428  424  417  404  387  362  331  298
  265  235  212  179  157  121  115  111   96                                   
    20.0-180.0 180.0   5.0 450.0                            LAT/LON1/LON2/DLON/H
  115   98   84   79   76   75   72   66   62   59   59   62   64   67   69   72
   75   78   81   83   83   82   79   75   71   66   63   61   62   66   73   84
   99  114  131  149  169  192  215  235  249  259  266  275  288  304  323  342
  360  377  393  411  428  445  459  468  471  470  465  454  437  412  380  345
  309  278  251  217  193  154  145  139  115                                   
    17.5-180.0 180.0   5.0 450.0                            LAT/LON1/LON2/DLON/H
  139  121  105   96   92   89   84   77   71   67   66   66   67   68   69   70
   72   74   77   78   80   80   78   75   69   64   60   58   59   63   72   85
  100  117  135  154  177  202  227  249  265  277  287  298  312  330  350  370
  389  406  422  439  456  472  485  494  498  498  494  485  470  446  415  381
  345  314  287  253  229  188  177  170  139                                   
    15.0-180.0 180.0   5.0 450.0                            LAT/LON1/LON2/DLON/H
  164  145  128  117  110  104   97   89   83   78   76   75   74   73   73   72
   73   73   74   75   77   78   77   73   68   62   57   54   55   60   69   83
  100  118  137  158  183  209  236  259  277  291  303  316  332  351  372  393
  411  427  443  458  472  485  496  502  504  504  501  494  481  460  433  401
  369  340  313  283  258  219  206  200  164                                   
    12.5-180.0 180.0   5.0 450.0                            LAT/LON1/LON2/DLON/H
  187  169  153  137  127  116  109  100   94   91   89   88   86   83   81   79
   77   76   75   75   76   77   76   73   67   60   54   51   52   57   67   82
   99  118  139  162  187  215  242  265  285  300  314  329  346  366  387  407
  425  439  452  465  477  487  493  496  495  493  490  484  474  457  434  407
  379  354  329  302  279  243  229  222  187                                   
    10.0-180.0 180.0   5.0 450.0                            LAT/LON1/LON2/DLON/H
  205  188  173  153  140  126  118  110  105  102  101  101   98   95   91   87
   84   81   78   76   76   77   76   73   66   59   53   49   50   56   67   82
  100  120  142  165  190  217  243  267  287  304  320  336  354  374  394  413
  429  442  453  463  473  480  483  481  477  472  468  464  457  445  427  405
  381  359  336  312  291  258  244  236  205                                   
     7.5-180.0 180.0   5.0 450.0                            LAT/LON1/LON2/DLON/H
  217  200  185  163  149  132  123  115  112  111  112  112  109  105  101   96
   92   88   83   80   79   79   78   74   67   59   53   50   51   58   69   85
