data/edconvlstm_nd/pred0460.15i
     1.0            IONOSPHERE MAPS     GNSS                IONEX VERSION / TYPE
pyspatialgeodesy        IME             05-JAN-18 20:20     PGM / RUN BY / DATE 
Map Name                                                    COMMENT             
Predicted global ionosphere maps (GIM).                     DESCRIPTION         
  2015     2    15     0     0     0                        EPOCH OF FIRST MAP  
  2015     2    16     0     0     0                        EPOCH OF LAST MAP   
  7200                                                      INTERVAL            
    13                                                      # OF MAPS IN FILE   
  NONE                                                      MAPPING FUNCTION    
10.0                                                        ELEVATION CUTOFF    
One-way carrier phase leveled to code                       OBSERVABLES USED    
  6371.0                                                    BASE RADIUS         
 2                                                          MAP DIMENSION       
   450.0 450.0   0.0                                        HGT1 / HGT2 / DHGT  
    87.5 -87.5  -2.5                                        LAT1 / LAT2 / DLAT  
  -180.0 180.0   5.0                                        LON1 / LON2 / DLON  
    -1                                                      EXPONENT            
                                                            END OF HEADER       
[from data line 4719]
    12                                                      START OF TEC MAP    
  2015     2    15    22     0     0                        EPOCH OF CURRENT MAP
    87.5-180.0 180.0   5.0 450.0                            LAT/LON1/LON2/DLON/H
  177  163  145  153  155  153  151  149  146  147  145  145  143  143  142  141
  139  138  136  135  133  131  130  128  126  125  123  122  121  120  119  119
  119  119  119  119  120  120  121  122  123  125  126  128  129  131  133  135
  137  138  140  142  144  145  147  148  149  150  151  151  152  152  153  152
  152  153  151  151  160  158  160  166  177                                   
    85.0-180.0 180.0   5.0 450.0                            LAT/LON1/LON2/DLON/H
  171  158  161  156  153  156  155  156  154  155  153  152  151  150  149  147
  146  144  141  139  137  134  132  129  127  125  123  122  120  119  119  118
  118  118  119  119  120  121  123  124  125  127  129  131  133  136  138  140
  143  145  148  150  152  154  155  157  158  159  160  160  161  161  161  161
  161  161  160  158  159  153  149  158  171                                   
    82.5-180.0 180.0   5.0 450.0                            LAT/LON1/LON2/DLON/H
  154  144  144  147  150  153  156  157  155  156  156  156  154  153  152  150
  147  144  140  136  132  128  123  119  115  112  109  106  104  102  101  100
  100  100  101  101  102  103  104  106  107  109  111  113  116  118  121  124
  127  130  133  136  138  141  143  144  146  147  147  147  147  147  147  146
  147  146  145  150  148  153  138  146  154                                   
    80.0-180.0 180.0   5.0 450.0                            LAT/LON1/LON2/DLON/H
  144  140  146  148  153  152  158  163  164  165  166  167  166  164  162  159
  155  150  144  138  131  124  118  112  106  101   96   93   90   88   87   86
   86   86   87   88   89   90   91   93   94   96   98  100  103  105  109  112
  115  119  123  126  130  133  135  137  138  139  139  139  138  137  137  136
  136  137  138  140  135  133  125  141  144                                   
    77.5-180.0 180.0   5.0 450.0                            LAT/LON1/LON2/DLON/H
  149  142  154  155  164  168  175  181  184  187  189  191  192  191  188  184
  179  172  163  154  145  136  127  118  110  103   97   92   88   85   84   83
   82   83   83   84   85   85   85   86   86   86   87   88   89   90   92   94
   97  100  104  107  110  113  115  117  117  117  117  116  114  113  113  113
  113  116  119  125  126  127  128  149  149                                   
    75.0-180.0 180.0   5.0 450.0                            LAT/LON1/LON2/DLON/H
  151  157  167  169  180  186  193  199  206  211  214  217  218  217  214  209
  202  193  183  171  160  148  137  127  117  109  102   96   91   88   86   84
   84   84   84   85   85   86   85   85   84   83   82   82   81   81   82   83
   85   87   89   92   95   97   99   99  100   99   98   96   95   94   94   96
   97  103  110  115  118  126  132  140  151                                   
    72.5-180.0 180.0   5.0 450.0                            LAT/LON1/LON2/DLON/H
  164  176  188  196  204  213  221  228  234  240  245  249  251  250  247  241
  232  222  209  196  182  168  154  142  131  120  111  103   97   92   89   86
   85   85   85   85   85   85   84   83   81   79   77   75   73   71   70   69
   69   70   71   73   75   76   77   78   78   77   75   74   73   73   74   77
   80   88   98  107  115  131  144  156  164                                   
    70.0-180.0 180.0   5.0 450.0                            LAT/LON1/LON2/DLON/H
  182  201  213  219  227  235  241  249  255  262  268  272  274  273  269  262
  252  240  226  212  197  182  168  154  142  130  120  111  103   96   91   87
   85   84   83   82   82   81   81   79   77   75   72   70   67   64   62   60
   59   58   59   59   60   61   62   62   62   61   60   59   59   60   63   67
   73   83   97  111  123  144  163  172  182                                   
    67.5-180.0 180.0   5.0 450.0                            LAT/LON1/LON2/DLON/H
  207  229  242  248  256  264  270  277  282  289  295  299  301  299  295  287
  276  263  249  234  218  202  187  173  159  145  133  121  111  103   95   90
   85   82   80   79   78   77   76   75   74   72   70   67   64   61   58   55
   53   52   52   52   52   53   53   54   54   54   54   54   55   57   61   68
   75   88  103  119  134  160  180  189  207                                   
    65.0-180.0 180.0   5.0 450.0                            LAT/LON1/LON2/DLON/H
  224  247  261  265  273  280  285  291  296  302  308  312  313  312  307  299
  288  275  261  246  231  215  200  185  169  155  141  127  115  105   95   87
   80   75   71   68   66   65   64   63   63   62   61   60   57   54   51   48
   46   44   43   43   43   44   44   45   46   47   48   50   53   56   61   69
   78   93  110  128  145  173  196  206  224                                   
    62.5-180.0 180.0   5.0 450.0                            LAT/LON1/LON2/DLON/H
  236  257  271  277  286  293  298  302  307  312  317  321  322  320  316  308
  298  286  273  258  243  228  212  196  180  164  148  134  120  108   96   86
   77   69   63   58   55   53   52   52   53   54   55   54   53   51   47   44
   42   40   39   39   40   40   41   42   44   46   49   52   56   60   66   74
   84   99  116  133  151  179  201  211  236                                   
    60.0-180.0 180.0   5.0 450.0                            LAT/LON1/LON2/DLON/H
  238  258  274  280  291  297  303  306  310  315  319  322  323  322  318  312
  303  292  280  267  253  237  221  204  187  171  155  140  127  114  101   89
   78   68   60   53   48   45   44   45   47   49   51   53   52   50   47   43
   41   39   39   40   40   41   43   44   46   49   53   57   62   67   73   81
   90  103  120  136  151  178  200  212  238                                   
    57.5-180.0 180.0   5.0 450.0                            LAT/LON1/LON2/DLON/H
  236  255  272  280  293  300  306  309  312  315  319  321  321  320  318  313
  306  297  286  273  259  244  227  210  192  176  161  148  136  123  111   98
   85   74   63   55   49   45   44   44   47   50   54   56   56   54   50   47
   44   43   44   45   46   48   49   51   53   56   61   65   70   75   80   87
   95  108  122  136  149  173  194  207  236                                   
    55.0-180.0 180.0   5.0 450.0                            LAT/LON1/LON2/DLON/H
  235  254  273  282  298  306  313  315  318  319  320  320  321  320  318  314
  309  301  291  278  264  248  231  214  197  182  169  158  147  137  125  112
   98   85   74   64   57   53   51   52   54   59   63   65   65   63   59   55
   52   52   53   55   57   59   60   62   64   67   71   75   80   84   89   95
  102  113  126  138  149  171  190  203  235                                   
    52.5-180.0 180.0   5.0 450.0                            LAT/LON1/LON2/DLON/H
  237  257  278  288  307  316  324  325  326  325  324  323  322  320  319  316
  311  304  294  281  267  251  234  217  201  188  177  168  160  151  140  126
  112   99   88   78   71   67   65   65   68   72   77   79   79   76   71   67
   65   65   67   70   72   74   74   75   77   79   82   85   89   93   98  103
  110  121  133  144  154  174  192  204  237                                   
    50.0-180.0 180.0   5.0 450.0                            LAT/LON1/LON2/DLON/H
  246  267  289  299  320  331  339  341  340  338  334  330  328  326  324  321
  316  307  296  284  269  254  238  222  207  195  186  179  171  162  150  137
  123  110  100   92   86   83   81   81   84   88   93   95   95   91   86   81
   79   80   83   86   88   89   89   88   89   89   91   93   96  100  105  111
  118  130  143  155  165  184  202  212  246                                   
    47.5-180.0 180.0   5.0 450.0                            LAT/LON1/LON2/DLON/H
  260  280  303  312  333  347  355  357  357  353  348  342  338  334  331  327
  321  311  299  286  272  258  244  229  216  205  195  187  177  166  152  137
  123  112  105  100   97   95   94   95   98  102  106  109  108  105   99   95
   93   94   97  100  102  102  100   99   98   97   97   98  100  103  109  118
  127  141  155  169  182  199  218  228  260                                   
    45.0-180.0 180.0   5.0 450.0                            LAT/LON1/LON2/DLON/H
  276  295  316  324  344  359  367  371  371  369  363  357  351  347  342  335
  326  315  302  289  277  265  253  240  227  215  203  191  177  161  143  127
  114  105  102  101  101  101  101  102  105  109  113  116  116  113  109  105
  104  105  107  109  110  109  107  105  103  101  100  100  101  105  113  124
  136  152  168  184  200  218  238  250  276                                   
    42.5-180.0 180.0   5.0 450.0                            LAT/LON1/LON2/DLON/H
  289  307  326  332  350  363  372  378  380  380  376  371  365  360  353  345
  333  320  306  295  285  276  266  254  240  224  208  189  169  148  128  111
  100   95   95   97  100  102  103  104  106  110  114  117  117  115  112  109
  108  109  111  112  112  110  108  106  104  102  100  100  102  107  117  131
  145  163  181  198  216  236  257  272  289                                   
    40.0-180.0 180.0   5.0 450.0                            LAT/LON1/LON2/DLON/H
  299  316  331  335  350  360  369  375  381  384  383  381  377  372  364  354
  340  326  313  304  297  290  281  268  252  232  210  186  161  136  115  100
   92   90   93   98  102  103  104  104  105  107  111  113  114  113  111  109
  108  109  110  110  109  107  105  103  102  100   99   99  102  109  122  138
  154  173  192  209  226  248  270  288  299                                   
    37.5-180.0 180.0   5.0 450.0                            LAT/LON1/LON2/DLON/H
  305  321  333  334  345  352  360  368  375  382  385  386  385  381  374  363
  349  335  324  316  311  305  296  282  263  239  213  185  158  134  115  104
  100  102  107  111  113  112  109  107  106  107  109  110  111  110  108  107
  106  106  106  105  103  102  100  100   99   98   97   98  102  111  126  144
  162  182  199  215  231  254  276  296  305                                   
    35.0-180.0 180.0   5.0 450.0                            LAT/LON1/LON2/DLON/H
  311  325  337  334  342  343  352  358  368  378  385  389  390  388  381  371
  358  346  337  331  327  321  310  293  271  246  220  193  169  150  138  133
  135  140  144  145  141  134  126  120  117  115  114  113  112  111  109  107
  106  105  104  102  100   99   99   99  100   99   98   99  104  114  131  151
  169  189  205  219  231  254  278  297  311                                   
    32.5-180.0 180.0   5.0 450.0                            LAT/LON1/LON2/DLON/H
  322  336  347  340  346  342  348  354  365  376  385  391  394  393  388  379
  368  358  351  347  342  334  320  301  280  258  236  216  201  192  189  193
  199  205  205  199  186  171  157  146  139  134  130  126  122  119  116  113
  111  109  106  104  103  103  103  104  105  105  104  104  109  120  138  158
  177  196  211  224  233  256  281  298  322                                   
    30.0-180.0 180.0   5.0 450.0                            LAT/LON1/LON2/DLON/H
  343  356  368  357  362  353  356  358  369  379  389  396  399  399  395  387
  378  371  366  361  354  343  327  309  292  277  265  257  255  258  268  280
  291  295  288  270  245  219  198  182  172  164  156  149  142  136  131  127
  123  119  116  113  113  113  114  115  115  114  113  114  118  129  146  167
  186  205  219  231  240  263  289  304  343                                   
    27.5-180.0 180.0   5.0 450.0                            LAT/LON1/LON2/DLON/H
  374  387  400  388  393  380  378  376  383  392  400  406  409  408  404  397
  390  384  379  373  363  348  332  319  310  307  308  315  328  346  368  388
  401  399  380  347  308  271  242  222  210  199  189  179  169  161  153  147
  141  136  132  129  129  129  129  129  128  127  125  125  129  140  157  177
  196  215  230  244  255  279  306  318  374                                   
    25.0-180.0 180.0   5.0 450.0                            LAT/LON1/LON2/DLON/H
  412  426  440  431  438  423  418  409  412  416  420  423  424  421  416  409
  402  397  391  383  370  354  341  335  338  349  366  388  415  446  477  501
  510  498  463  414  360  313  279  257  244  233  221  209  197  187  178  170
  163  156  152  149  148  146  144  142  139  137  136  137  141  151  167  188
  207  228  244  261  275  301  329  340  412                                   
    22.5-180.0 180.0   5.0 450.0                            LAT/LON1/LON2/DLON/H
  453  467  483  482  494  480  472  458  455  454  453  451  448  442  434  426
  418  411  404  393  378  364  357  362  379  406  438  473  508  543  573  591
  590  563  513  449  386  333  297  277  265  255  243  231  219  209  201  193
  185  178  172  169  166  162  157  151  147  145  145  146  151  161  178  199
  218  241  259  281  298  326  355  368  453                                   
    20.0-180.0 180.0   5.0 450.0                            LAT/LON1/LON2/DLON/H
  490  505  523  532  552  541  533  518  511  504  498  491  483  473  461  449
  439  430  420  407  393  383  385  404  437  479  522  560  591  616  632  634
  616  574  512  442  376  325  292  275  266  258  249  238  229  222  216  210
  203  196  190  185  180  173  165  156  151  148  150  154  161  171  188  209
  230  255  276  300  321  350  381  397  490                                   
    17.5-180.0 180.0   5.0 450.0                            LAT/LON1/LON2/DLON/H
  516  533  555  573  599  595  590  576  569  560  551  542  530  516  499  483
  469  456  444  431  420  417  431  464  511  561  604  632  645  646  637  615
  578  525  460  393  334  291  266  253  247  242  235  228  223  221  220  218
  214  207  201  195  187  177  166  156  149  148  151  158  167  180  198  220
  241  267  290  315  338  369  403  422  516                                   
    15.0-180.0 180.0   5.0 450.0                            LAT/LON1/LON2/DLON/H
  527  546  572  596  630  632  633  625  621  614  606  596  583  567  548  528
  510  495  482  470  463  470  495  538  592  641  669  671  654  624  586  541
  489  432  373  319  275  245  228  220  216  212  206  203  203  207  212  215
  214  210  204  196  187  176  163  152  145  145  150  158  170  186  206  229
  251  278  301  325  349  381  416  438  527                                   
    12.5-180.0 180.0   5.0 450.0                            LAT/LON1/LON2/DLON/H
  524  543  574  603  641  651  660  658  660  658  654  647  636  622  603  583
  564  547  534  525  525  539  572  619  668  700  700  669  618  559  498  438
  380  327  281  246  220  205  196  191  186  179  174  173  177  186  197  205
  208  206  201  193  182  170  157  147  141  141  147  156  170  189  212  236
  259  285  308  330  353  386  420  444  524                                   
    10.0-180.0 180.0   5.0 450.0                            LAT/LON1/LON2/DLON/H
  511  532  566  596  638  655  670  676  685  689  691  690  684  674  659  641
  624  609  599  594  599  618  651  691  723  728  696  634  556  476  403  338
  283  241  214  198  192  189  186  180  170  159  151  149  156  168  183  195
  201  201  196  188  177  165  153  144  139  139  143  152  168  189  215  241
  265  291  312  332  354  387  421  444  511                                   
     7.5-180.0 180.0   5.0 450.0                            LAT/LON1/LON2/DLON/H
  498  522  559  586  629  651  673  683  698  709  717  721  721  716  707  694
  682  672  666  666  674  692  718  742  750  727  668  583  489  400  325  266
