data/edconvlstm_nd/pred0220.15i
     1.0            IONOSPHERE MAPS     GNSS                IONEX VERSION / TYPE
pyspatialgeodesy        IME             05-JAN-18 20:20     PGM / RUN BY / DATE 
Map Name                                                    COMMENT             
Predicted global ionosphere maps (GIM).                     DESCRIPTION         
  2015     1    22     0     0     0                        EPOCH OF FIRST MAP  
  2015     1    23     0     0     0                        EPOCH OF LAST MAP   
  7200                                                      INTERVAL            
    13                                                      # OF MAPS IN FILE   
  NONE                                                      MAPPING FUNCTION    
10.0                                                        ELEVATION CUTOFF    
One-way carrier phase leveled to code                       OBSERVABLES USED    
  6371.0                                                    BASE RADIUS         
 2                                                          MAP DIMENSION       
   450.0 450.0   0.0                                        HGT1 / HGT2 / DHGT  
    87.5 -87.5  -2.5                                        LAT1 / LAT2 / DLAT  
  -180.0 180.0   5.0                                        LON1 / LON2 / DLON  
    -1                                                      EXPONENT            
                                                            END OF HEADER       
[from data line 5148]
    13                                                      START OF TEC MAP    
  2015     1    23     0     0     0                        EPOCH OF CURRENT MAP
    87.5-180.0 180.0   5.0 450.0                            LAT/LON1/LON2/DLON/H
   73   65   57   52   49   54   50   48   49   49   49   50   51   52   53   53
   54   55   56   56   57   57   58   58   58   59   59   59   60   60   60   60
   61   61   61   61   62   62   62   63   63   64   64   65   65   65   66   66
   66   66   66   66   65   65   64   64   63   62   61   60   59   58   57   57
   56   55   53   52   45   59   68   69   73                                   
    85.0-180.0 180.0   5.0 450.0                            LAT/LON1/LON2/DLON/H
   64   68   51   56   56   62   59   57   58   57   58   59   59   60   61   62
   63   63   64   64   65   65   65   65   65   65   65   65   65   65   65   65
   65   65   66   66   66   66   67   67   68   68   69   70   70   71   72   72
   72   73   73   73   73   72   72   71   71   70   69   68   67   66   65   64
   64   63   62   65   66   73   83   77   64                                   
    82.5-180.0 180.0   5.0 450.0                            LAT/LON1/LON2/DLON/H
   55   50   64   60   56   64   59   58   60   60   61   62   64   65   66   67
   67   68   69   69   69   68   68   67   67   66   66   65   65   64   64   64
   64   64   64   64   65   66   66   67   68   69   70   72   73   74   75   75
   76   76   77   77   77   76   76   75   74   73   72   71   70   69   68   67
   66   64   63   61   67   60   70   76   55                                   
    80.0-180.0 180.0   5.0 450.0                            LAT/LON1/LON2/DLON/H
   73   65   69   61   62   64   64   63   67   66   68   70   71   72   74   75
   76   76   77   76   76   75   74   73   71   70   69   68   67   66   65   65
   65   65   65   65   65   65   66   66   67   68   69   71   72   73   75   76
   77   77   78   78   78   78   77   76   75   74   73   71   70   69   68   68
   67   65   65   63   80   72   84   97   73                                   
    77.5-180.0 180.0   5.0 450.0                            LAT/LON1/LON2/DLON/H
   91   84   79   80   72   73   74   77   80   79   82   84   85   86   87   88
   88   88   88   87   86   85   83   81   79   78   76   75   73   73   72   71
   71   71   70   70   70   70   70   70   70   71   72   73   74   75   76   77
   78   79   79   79   79   79   78   77   75   74   72   71   70   69   69   69
   69   71   71   72   81   84   90  110   91                                   
    75.0-180.0 180.0   5.0 450.0                            LAT/LON1/LON2/DLON/H
  110   95   96   99   90   93   92   95   98   98   99  101  101  101  100   99
   98   96   95   93   91   89   88   86   84   82   81   80   79   78   77   76
   75   74   73   72   71   70   69   68   68   68   68   69   69   70   71   72
   72   73   73   74   74   73   73   71   70   69   67   66   66   66   67   68
   69   73   77   75   86   98  102  120  110                                   
    72.5-180.0 180.0   5.0 450.0                            LAT/LON1/LON2/DLON/H
  118  111  114  116  108  108  110  113  116  115  116  116  114  111  108  104
  100   97   94   91   89   87   85   84   83   81   80   79   78   77   75   74
   73   71   69   67   65   63   61   60   59   58   58   58   59   59   60   61
   62   62   63   64   64   64   64   63   62   61   60   59   59   60   62   65
   68   74   82   85   94  106  116  136  118                                   
    70.0-180.0 180.0   5.0 450.0                            LAT/LON1/LON2/DLON/H
  137  131  134  139  132  133  134  137  141  139  138  135  131  125  117  110
  103   97   92   88   85   83   82   82   82   81   80   79   78   77   75   73
   71   68   66   63   61   58   56   55   53   53   52   53   53   53   54   55
   56   57   58   59   60   60   60   60   59   58   57   57   57   59   63   68
   72   78   89   96  105  120  130  148  137                                   
    67.5-180.0 180.0   5.0 450.0                            LAT/LON1/LON2/DLON/H
  154  153  155  159  153  154  154  157  159  156  153  149  141  130  119  109
   98   90   83   78   75   73   72   72   72   72   72   70   68   66   64   61
   58   56   54   51   49   47   45   44   43   43   43   44   45   46   47   48
   49   50   51   52   53   53   53   53   53   52   52   52   53   56   61   67
   73   81   93  102  114  130  141  159  154                                   
    65.0-180.0 180.0   5.0 450.0                            LAT/LON1/LON2/DLON/H
  169  171  172  176  172  172  171  173  176  172  168  160  149  136  122  108
   95   84   76   70   66   64   63   62   62   62   60   58   56   53   50   47
   45   43   41   39   38   36   35   35   35   36   38   40   41   42   43   44
   44   45   46   46   47   48   48   49   49   49   50   51   53   57   63   70
   77   85   99  109  122  139  151  171  169                                   
    62.5-180.0 180.0   5.0 450.0                            LAT/LON1/LON2/DLON/H
  185  189  190  193  189  188  186  187  189  185  179  170  157  142  125  110
   96   84   75   68   63   59   57   55   54   52   50   47   44   41   37   35
   33   31   30   30   29   29   29   30   32   34   37   40   42   44   44   44
   44   43   43   43   44   45   46   47   48   50   52   54   58   63   70   78
   85   95  109  119  132  148  162  182  185                                   
    60.0-180.0 180.0   5.0 450.0                            LAT/LON1/LON2/DLON/H
  199  207  207  208  203  200  195  196  196  191  184  175  161  145  128  113
   99   87   78   70   63   57   53   49   46   43   40   37   33   30   27   25
   23   23   23   24   25   25   27   29   32   36   40   44   46   48   48   47
   45   44   42   42   42   43   44   47   49   52   56   60   65   72   80   89
   97  107  121  131  143  158  172  193  199                                   
    57.5-180.0 180.0   5.0 450.0                            LAT/LON1/LON2/DLON/H
  216  226  225  222  216  210  203  201  200  194  186  176  162  147  133  119
  106   95   85   75   66   58   51   45   41   37   34   31   27   24   22   20
   19   20   21   23   25   26   29   32   36   41   46   51   54   55   54   52
   49   46   44   42   42   44   46   49   53   58   63   69   76   84   94  104
  113  123  138  147  159  171  185  207  216                                   
    55.0-180.0 180.0   5.0 450.0                            LAT/LON1/LON2/DLON/H
  235  248  245  238  229  221  210  205  202  194  186  175  163  150  138  126
  116  105   95   83   72   61   53   46   40   36   33   31   28   25   23   22
   22   23   25   27   30   33   36   40   45   51   56   61   64   64   62   59
   55   52   49   47   47   48   51   55   60   66   72   79   87   97  108  120
  131  141  156  166  178  187  201  224  235                                   
    52.5-180.0 180.0   5.0 450.0                            LAT/LON1/LON2/DLON/H
  255  270  264  253  244  233  219  212  206  197  187  176  165  154  144  135
  127  117  105   92   79   68   59   51   46   42   40   38   36   33   31   29
   29   31   34   37   41   44   48   52   57   63   68   73   75   75   72   69
   64   60   57   55   55   56   59   64   69   75   81   89   97  108  120  134
  146  158  173  184  196  203  217  240  255                                   
    50.0-180.0 180.0   5.0 450.0                            LAT/LON1/LON2/DLON/H
  274  291  282  269  260  248  232  222  214  202  191  180  169  160  152  145
  137  127  115  101   88   77   68   62   57   54   52   51   49   46   44   42
   41   43   47   51   56   60   63   66   70   76   81   84   86   86   83   79
   75   71   68   67   67   68   70   74   78   83   89   96  105  115  129  143
  157  171  187  199  212  219  232  256  274                                   
    47.5-180.0 180.0   5.0 450.0                            LAT/LON1/LON2/DLON/H
  287  306  295  283  276  264  247  236  225  212  199  187  176  168  161  155
  147  136  123  109   97   88   81   76   72   70   69   68   65   62   59   56
   55   57   61   67   72   75   77   80   83   87   91   94   96   95   93   90
   87   84   82   81   81   81   82   84   87   91   96  103  110  120  133  148
  163  178  196  209  224  232  245  267  287                                   
    45.0-180.0 180.0   5.0 450.0                            LAT/LON1/LON2/DLON/H
  291  311  302  293  288  279  263  252  241  225  210  197  186  178  171  164
  155  142  129  116  107  100   96   93   91   89   87   85   82   78   73   68
   67   69   74   80   85   87   89   90   92   95   98  101  103  102  101   99
   98   97   96   95   94   93   92   93   95   98  103  108  115  123  135  149
  164  181  199  214  229  239  254  273  291                                   
    42.5-180.0 180.0   5.0 450.0                            LAT/LON1/LON2/DLON/H
  286  307  300  297  295  289  277  268  258  242  225  211  199  190  182  174
  162  149  135  125  118  115  114  113  111  108  105  101   95   89   82   76
   75   77   82   88   92   95   95   96   97   99  102  105  106  107  107  107
  107  107  107  107  106  104  102  101  102  105  110  115  120  127  136  149
  163  179  198  213  229  242  256  274  286                                   
    40.0-180.0 180.0   5.0 450.0                            LAT/LON1/LON2/DLON/H
  276  296  292  293  295  293  286  281  273  257  241  226  214  204  195  184
  171  156  144  137  134  135  136  134  130  124  117  109  101   93   85   79
   78   80   86   91   95   97   98   98   99  101  104  106  108  109  110  112
  113  114  115  115  114  112  109  108  109  113  118  123  127  133  140  151
  163  178  197  212  226  240  255  272  276                                   
    37.5-180.0 180.0   5.0 450.0                            LAT/LON1/LON2/DLON/H
  267  286  283  285  288  290  288  288  283  269  254  240  228  219  209  197
  182  168  157  152  153  156  156  152  143  131  120  110  101   92   85   80
   79   82   88   93   96   98   98   98   99  102  104  106  108  110  112  113
  115  117  118  119  119  117  115  114  115  120  126  132  137  142  149  158
  168  182  199  214  227  241  257  274  267                                   
    35.0-180.0 180.0   5.0 450.0                            LAT/LON1/LON2/DLON/H
  269  284  279  278  281  283  284  287  285  274  261  250  240  232  223  210
  196  182  174  171  173  174  170  160  146  130  116  106   97   91   86   83
   84   87   92   96   99   99   99   99  101  103  105  106  108  109  111  112
  114  115  117  119  120  119  117  118  120  126  134  142  149  155  162  171
  181  194  211  225  237  251  269  288  269                                   
    32.5-180.0 180.0   5.0 450.0                            LAT/LON1/LON2/DLON/H
  286  300  290  281  281  282  282  285  284  274  263  254  248  242  235  224
  211  200  193  190  189  185  175  159  140  122  109  101   97   94   92   93
   95   99  103  105  106  105  104  104  105  106  107  107  107  108  108  108
  109  110  112  114  116  117  118  119  124  133  143  154  164  172  182  193
  203  216  233  247  261  274  295  317  286                                   
    30.0-180.0 180.0   5.0 450.0                            LAT/LON1/LON2/DLON/H
  325  340  321  302  296  292  288  287  284  274  264  256  252  249  244  236
  226  217  210  205  198  186  169  149  129  114  105  102  103  105  108  112
  116  120  122  121  119  115  113  111  111  111  110  108  107  105  104  103
  102  102  104  107  111  113  116  120  128  139  153  168  181  194  207  221
  234  249  267  282  299  314  337  361  325                                   
    27.5-180.0 180.0   5.0 450.0                            LAT/LON1/LON2/DLON/H
  385  404  375  344  332  320  308  301  294  280  268  260  256  253  250  245
  238  230  222  211  197  178  157  137  121  112  110  113  119  127  135  142
  147  149  147  142  135  129  124  122  120  117  114  110  106  102  100   97
   95   94   95   99  104  109  113  120  130  146  164  183  201  219  238  257
  275  292  312  328  350  369  393  417  385                                   
    25.0-180.0 180.0   5.0 450.0                            LAT/LON1/LON2/DLON/H
  460  488  452  409  390  369  348  332  318  299  282  270  264  260  257  253
  247  239  226  209  187  164  144  129  121  120  126  136  148  160  172  181
  185  183  175  164  152  143  136  131  127  123  117  110  104   99   95   91
   88   86   88   92   97  103  109  118  132  151  174  198  222  247  272  298
  322  344  365  385  412  436  460  480  460                                   
    22.5-180.0 180.0   5.0 450.0                            LAT/LON1/LON2/DLON/H
  537  578  543  494  467  437  407  383  360  334  311  294  282  274  268  262
  255  243  225  201  175  152  138  132  135  144  156  172  188  203  216  222
  222  214  199  181  165  153  145  138  132  125  117  109  101   94   90   85
   82   80   81   85   90   97  104  115  131  155  182  212  242  273  306  339
  370  397  422  444  477  508  530  543  537                                   
    20.0-180.0 180.0   5.0 450.0                            LAT/LON1/LON2/DLON/H
  601  658  634  587  554  518  482  450  420  388  358  333  313  298  287  277
  265  248  222  193  166  150  146  153  166  184  202  220  236  248  256  257
  249  234  213  191  172  158  149  141  133  124  115  105   96   89   84   80
   78   76   76   79   83   89   97  110  130  158  190  224  260  297  335  375
  412  443  470  496  534  569  590  595  601                                   
    17.5-180.0 180.0   5.0 450.0                            LAT/LON1/LON2/DLON/H
  641  714  707  671  637  601  562  527  493  456  421  388  360  338  319  303
  284  258  226  194  171  164  172  191  216  240  259  273  281  284  283  276
  261  240  214  190  172  159  150  141  132  122  111  101   92   85   80   76
   74   72   72   73   76   81   90  106  129  160  196  235  275  316  359  402
  442  476  504  531  569  604  625  624  641                                   
    15.0-180.0 180.0   5.0 450.0                            LAT/LON1/LON2/DLON/H
  655  738  747  727  699  669  635  602  568  531  492  455  420  390  364  341
  314  281  244  211  194  197  218  249  281  305  316  318  312  303  291  276
  256  231  205  183  167  156  148  139  129  118  108   97   89   82   78   75
   73   70   69   68   69   74   85  103  130  163  202  242  285  329  374  418
  459  493  521  547  581  609  630  629  655                                   
    12.5-180.0 180.0   5.0 450.0                            LAT/LON1/LON2/DLON/H
  646  728  750  747  729  709  685  660  632  599  562  522  484  449  419  390
  357  318  277  247  237  250  282  321  351  364  360  345  324  303  282  261
  238  214  192  174  161  152  144  135  125  115  105   95   87   81   77   75
   73   71   68   65   65   70   82  103  131  166  205  246  290  334  380  423
  462  494  520  544  571  591  613  614  646                                   
    10.0-180.0 180.0   5.0 450.0                            LAT/LON1/LON2/DLON/H
  621  693  722  732  724  716  703  689  672  647  615  579  542  507  476  445
  409  367  327  300  298  321  359  394  411  405  381  349  317  289  264  241
  220  200  182  169  159  151  143  133  122  112  103   95   87   81   77   75
   74   72   69   65   64   70   83  106  135  169  206  245  288  332  376  416
  452  481  506  528  548  561  583  588  621                                   
     7.5-180.0 180.0   5.0 450.0                            LAT/LON1/LON2/DLON/H
  589  646  677  694  695  694  691  687  680  665  643  614  584  554  527  499
  465  425  388  368  373  401  434  453  447  418  377  335  299  270  247  228
