data/edconvlstm_nd/pred2040.15i
     1.0            IONOSPHERE MAPS     GNSS                IONEX VERSION / TYPE
pyspatialgeodesy        IME             05-JAN-18 20:20     PGM / RUN BY / DATE 
Map Name                                                    COMMENT             
Predicted global ionosphere maps (GIM).                     DESCRIPTION         
  2015     7    23     0     0     0                        EPOCH OF FIRST MAP  
  2015     7    24     0     0     0                        EPOCH OF LAST MAP   
  7200                                                      INTERVAL            
    13                                                      # OF MAPS IN FILE   
  NONE                                                      MAPPING FUNCTION    
10.0                                                        ELEVATION CUTOFF    
One-way carrier phase leveled to code                       OBSERVABLES USED    
  6371.0                                                    BASE RADIUS         
 2                                                          MAP DIMENSION       
   450.0 450.0   0.0                                        HGT1 / HGT2 / DHGT  
    87.5 -87.5  -2.5                                        LAT1 / LAT2 / DLAT  
  -180.0 180.0   5.0                                        LON1 / LON2 / DLON  
    -1                                                      EXPONENT            
                                                            END OF HEADER       
[from data line 1716]
     5                                                      START OF TEC MAP    
  2015     7    23     8     0     0                        EPOCH OF CURRENT MAP
    87.5-180.0 180.0   5.0 450.0                            LAT/LON1/LON2/DLON/H
  117  118  117  120  122  121  119  116  118  119  119  119  119  119  119  119
  119  118  118  117  117  116  115  115  114  113  113  112  112  112  112  112
  112  112  112  112  112  112  113  113  113  113  113  113  113  114  114  114
  114  114  114  114  114  114  114  114  114  114  114  114  114  114  114  114
  114  116  114  113  119  117  123  120  117                                   
    85.0-180.0 180.0   5.0 450.0                            LAT/LON1/LON2/DLON/H
  116  123  127  125  126  127  127  127  128  129  129  130  130  130  130  130
  129  128  128  127  126  125  124  123  122  121  120  120  120  120  120  120
  120  120  121  121  121  121  121  122  122  122  122  122  122  123  123  123
  123  123  124  124  124  124  124  124  124  124  124  124  124  124  124  124
  125  127  122  121  118  119  123  123  116                                   
    82.5-180.0 180.0   5.0 450.0                            LAT/LON1/LON2/DLON/H
  116  126  129  125  125  127  127  128  129  130  131  132  132  132  132  132
  131  130  129  127  125  124  122  121  119  118  118  117  117  117  118  118
  119  120  121  121  122  123  123  124  124  124  124  125  125  125  126  126
  126  126  127  127  127  127  128  128  128  128  128  127  127  127  126  126
  126  127  123  123  123  123  119  113  116                                   
    80.0-180.0 180.0   5.0 450.0                            LAT/LON1/LON2/DLON/H
  118  121  122  122  123  122  123  124  126  127  128  129  130  130  130  129
  128  127  125  123  120  118  115  113  111  110  109  109  110  110  112  113
  115  116  118  119  121  122  123  124  124  125  125  126  127  127  128  128
  129  129  130  130  130  131  131  131  131  131  130  130  129  129  128  127
  127  126  124  124  122  125  128  116  118                                   
    77.5-180.0 180.0   5.0 450.0                            LAT/LON1/LON2/DLON/H
  118  120  119  121  119  120  120  122  123  124  125  127  127  128  128  127
  126  125  122  120  117  114  110  108  105  104  103  103  104  106  108  111
  114  117  120  122  125  127  128  130  131  132  133  134  135  136  137  137
  138  139  140  140  140  141  141  141  140  140  139  138  137  136  134  133
  132  131  126  127  126  124  125  122  118                                   
    75.0-180.0 180.0   5.0 450.0                            LAT/LON1/LON2/DLON/H
  112  116  111  113  112  114  113  113  115  116  116  118  119  120  120  120
  119  117  115  112  109  105  101   98   95   93   92   92   94   97  100  104
  109  113  117  121  125  127  130  132  134  135  137  139  140  142  143  144
  145  146  146  147  147  147  147  146  146  145  144  143  142  140  139  138
  135  133  129  125  124  124  126  121  112                                   
    72.5-180.0 180.0   5.0 450.0                            LAT/LON1/LON2/DLON/H
  111  115  109  111  111  112  111  110  111  111  111  113  114  115  116  116
  116  115  113  110  106  102   98   94   91   89   88   89   91   95  100  105
  111  117  122  127  131  135  138  140  143  146  148  151  153  155  157  158
  159  159  159  158  158  157  156  155  154  153  152  151  150  149  147  146
  144  142  138  134  130  129  128  125  111                                   
    70.0-180.0 180.0   5.0 450.0                            LAT/LON1/LON2/DLON/H
  114  115  110  109  107  106  104  102  102  102  102  103  104  105  107  107
  108  107  106  103  100   96   91   87   84   82   82   83   86   91   97  104
  111  117  123  129  134  138  141  145  148  151  155  159  162  164  166  167
  167  166  165  163  161  160  158  156  155  154  153  152  152  151  150  150
  148  146  142  138  134  133  134  130  114                                   
    67.5-180.0 180.0   5.0 450.0                            LAT/LON1/LON2/DLON/H
  115  117  112  110  107  104  100   97   95   94   93   94   95   97   98   99
  100  100   99   97   93   90   85   82   79   78   78   80   85   90   97  104
  111  118  124  130  135  139  143  147  151  156  161  165  169  172  174  174
  173  170  167  164  161  158  155  153  151  150  149  149  149  149  150  151
  150  149  145  141  137  137  136  132  115                                   
    65.0-180.0 180.0   5.0 450.0                            LAT/LON1/LON2/DLON/H
  120  123  117  114  109  104   99   94   91   88   86   87   88   89   90   91
   92   92   92   90   87   83   80   77   75   75   77   81   86   92   99  107
  114  121  127  133  137  142  147  151  157  163  168  174  179  182  183  182
  179  175  170  165  160  156  152  149  147  146  146  146  147  148  150  152
  153  152  149  146  143  143  143  139  120                                   
    62.5-180.0 180.0   5.0 450.0                            LAT/LON1/LON2/DLON/H
  126  130  124  120  114  108  101   93   88   84   81   81   81   82   83   83
   84   84   83   81   78   76   73   71   71   73   77   82   89   96  103  110
  117  123  129  134  139  144  149  155  162  169  176  182  187  190  190  188
  184  178  172  165  159  154  150  146  144  142  142  143  144  146  149  152
  153  154  152  149  146  147  148  144  126                                   
    60.0-180.0 180.0   5.0 450.0                            LAT/LON1/LON2/DLON/H
  133  138  132  127  121  113  104   94   87   81   76   75   74   74   74   74
   74   74   72   70   68   65   64   64   66   70   76   83   91   98  106  113
  119  124  130  135  140  146  152  159  167  175  183  190  195  197  196  193
  187  181  173  166  160  154  149  145  143  141  140  141  142  144  147  150
  152  153  152  151  148  150  151  148  133                                   
    57.5-180.0 180.0   5.0 450.0                            LAT/LON1/LON2/DLON/H
  141  146  142  137  130  121  110   98   89   80   74   71   68   67   67   66
   65   64   62   60   58   56   55   57   61   67   75   84   93  101  108  115
  120  125  131  136  143  149  157  165  173  182  191  198  203  204  203  199
  192  185  178  171  164  159  154  150  147  145  143  143  144  146  148  151
  153  154  153  152  150  152  154  151  141                                   
    55.0-180.0 180.0   5.0 450.0                            LAT/LON1/LON2/DLON/H
  148  154  151  147  140  130  118  104   92   81   73   68   64   61   60   58
   57   56   54   51   49   47   48   51   56   65   74   85   94  103  110  115
  121  126  132  138  146  154  163  172  181  190  199  206  210  211  209  205
  198  191  185  178  173  168  163  159  156  153  150  149  149  149  150  152
  153  154  153  152  151  153  155  153  148                                   
    52.5-180.0 180.0   5.0 450.0                            LAT/LON1/LON2/DLON/H
  155  161  159  156  150  140  127  112   98   85   75   67   62   58   55   53
   52   50   48   46   44   43   44   48   55   64   75   85   95  103  110  115
  121  126  133  141  151  160  170  180  190  199  207  213  217  218  216  211
  206  200  194  189  185  180  176  171  167  164  161  158  157  155  154  155
  154  154  153  152  152  154  156  154  155                                   
    50.0-180.0 180.0   5.0 450.0                            LAT/LON1/LON2/DLON/H
  160  166  165  164  158  149  136  120  106   91   79   71   63   58   54   51
   50   49   48   46   45   44   46   50   57   67   77   87   96  104  110  115
  121  128  136  146  157  168  179  189  198  207  215  220  224  225  223  220
  215  211  206  202  198  193  189  184  179  175  172  168  165  162  160  158
  156  156  154  153  153  155  157  156  160                                   
    47.5-180.0 180.0   5.0 450.0                            LAT/LON1/LON2/DLON/H
  162  169  168  168  164  155  144  129  114  100   87   77   68   61   56   53
   52   52   51   51   51   51   53   58   64   72   81   90   98  104  110  116
  122  131  141  152  164  176  187  197  207  215  222  227  230  232  231  229
  226  222  218  214  210  205  200  194  189  185  181  177  174  169  165  162
  159  158  156  155  155  157  158  156  162                                   
    45.0-180.0 180.0   5.0 450.0                            LAT/LON1/LON2/DLON/H
  162  167  167  168  165  158  149  135  122  109   97   87   77   69   63   59
   58   58   59   60   61   63   65   69   75   81   88   94  100  106  111  118
  126  135  146  158  171  183  195  205  214  221  228  233  237  239  240  239
  237  234  230  226  220  214  207  201  195  191  188  184  180  175  170  166
  162  161  159  159  158  159  160  158  162                                   
    42.5-180.0 180.0   5.0 450.0                            LAT/LON1/LON2/DLON/H
  159  163  163  163  161  156  149  139  128  117  106   97   88   79   73   68
   67   67   69   71   73   76   79   83   87   92   96  100  104  109  114  121
  131  141  153  165  178  190  201  211  219  227  233  239  244  248  250  250
  249  246  241  235  228  219  211  204  199  195  193  190  186  180  175  171
  167  165  164  163  163  163  163  160  159                                   
    40.0-180.0 180.0   5.0 450.0                            LAT/LON1/LON2/DLON/H
  156  158  156  155  154  150  146  139  132  123  115  108  100   91   84   79
   76   77   79   82   85   89   92   96   99  102  104  106  108  113  119  127
  137  148  160  172  183  195  205  215  224  231  238  245  251  256  259  261
  260  257  251  244  234  224  215  207  202  200  198  195  192  187  182  178
  174  173  170  169  168  168  167  162  156                                   
    37.5-180.0 180.0   5.0 450.0                            LAT/LON1/LON2/DLON/H
  154  153  150  146  145  142  140  136  132  126  121  117  110  102   95   89
   86   85   87   90   94   98  102  106  109  110  111  111  113  118  125  134
  145  156  167  177  187  198  208  218  227  235  243  251  258  264  268  270
  270  267  261  253  243  232  222  214  210  208  206  205  201  197  192  188
  185  183  180  178  175  174  173  167  154                                   
    35.0-180.0 180.0   5.0 450.0                            LAT/LON1/LON2/DLON/H
  156  151  146  139  137  133  133  130  129  126  124  122  118  111  104   97
   93   91   92   94   98  102  107  111  114  115  115  116  118  123  131  141
  152  162  172  181  190  199  210  220  230  239  247  256  264  271  276  279
  279  277  272  265  255  245  235  228  224  222  221  219  216  211  207  204
  200  197  193  188  184  182  181  173  156                                   
    32.5-180.0 180.0   5.0 450.0                            LAT/LON1/LON2/DLON/H
  163  154  146  137  132  128  127  126  125  124  124  125  122  117  110  102
   97   94   94   95   98  102  108  113  116  118  119  120  123  129  137  147
  158  167  175  183  191  200  211  222  232  242  251  260  268  275  281  285
  287  287  284  280  272  264  256  250  246  244  242  239  236  231  227  224
  220  215  209  202  196  191  190  182  163                                   
    30.0-180.0 180.0   5.0 450.0                            LAT/LON1/LON2/DLON/H
  175  163  154  141  135  128  127  124  123  122  123  125  124  119  113  105
   99   95   93   93   96  100  106  111  116  119  120  123  127  133  142  152
  161  170  177  183  191  200  211  223  234  245  254  263  270  278  284  289
  294  297  298  298  294  289  284  278  274  271  268  265  260  255  251  247
  243  237  228  217  210  203  202  193  175                                   
    27.5-180.0 180.0   5.0 450.0                            LAT/LON1/LON2/DLON/H
  193  178  167  153  144  136  133  128  125  122  122  124  124  120  114  106
  100   95   93   92   94   98  104  110  115  119  122  125  130  136  145  153
  162  170  176  182  190  200  212  225  236  247  256  264  271  278  285  292
  300  307  313  318  319  318  314  310  306  302  297  292  286  280  276  272
  267  259  248  235  225  217  215  206  193                                   
    25.0-180.0 180.0   5.0 450.0                            LAT/LON1/LON2/DLON/H
  212  196  184  170  160  150  145  137  131  126  124  124  123  120  114  107
  101   96   93   92   93   97  104  110  116  120  123  126  131  137  144  152
  160  167  173  180  189  200  213  226  238  248  256  264  270  277  285  295
  306  317  328  337  343  345  344  340  336  330  324  317  310  304  299  296
  290  281  269  254  242  232  229  221  212                                   
    22.5-180.0 180.0   5.0 450.0                            LAT/LON1/LON2/DLON/H
  230  213  202  189  178  167  161  151  142  134  129  127  125  121  116  109
  103   98   95   94   96  100  107  113  119  122  124  127  130  134  140  147
  154  162  169  177  188  201  214  227  239  249  257  264  270  277  286  298
  313  328  343  355  364  368  368  364  359  352  345  337  330  324  320  316
  309  301  288  272  260  247  244  235  230                                   
    20.0-180.0 180.0   5.0 450.0                            LAT/LON1/LON2/DLON/H
  242  227  217  206  194  183  176  166  156  145  137  132  129  124  119  112
  106  102  100   99  101  106  112  119  123  125  125  125  126  128  133  139
  147  156  165  175  188  201  215  228  240  250  258  265  272  280  290  304
  321  339  356  370  379  384  383  379  373  366  359  352  345  340  335  331
  325  316  305  288  276  262  257  248  242                                   
    17.5-180.0 180.0   5.0 450.0                            LAT/LON1/LON2/DLON/H
  248  234  226  215  204  194  188  178  168  156  147  140  135  129  123  117
  111  108  106  106  108  113  119  124  127  126  123  120  118  120  124  130
  140  150  162  175  188  202  216  229  241  252  261  269  276  285  297  313
  332  351  368  381  389  391  390  385  379  372  366  361  355  350  346  341
  335  328  317  302  290  275  267  258  248                                   
    15.0-180.0 180.0   5.0 450.0                            LAT/LON1/LON2/DLON/H
  247  233  227  217  206  196  191  184  176  165  155  148  142  136  130  123
  117  114  112  112  114  119  124  128  129  125  118  112  109  109  114  122
  133  146  160  175  189  204  217  230  242  254  265  274  283  294  308  325
  344  363  378  388  394  394  391  385  380  375  370  366  362  357  352  347
  341  335  326  312  301  285  275  265  247                                   
    12.5-180.0 180.0   5.0 450.0                            LAT/LON1/LON2/DLON/H
  242  228  223  211  201  190  186  181  176  169  160  153  147  141  135  129
  123  119  117  116  118  122  126  129  126  120  111  103   99   99  105  115
  129  144  160  176  191  205  218  231  244  257  270  281  292  304  320  338
  357  374  387  394  396  394  389  384  379  376  373  369  365  360  354  349
  343  338  331  319  309  291  280  268  242                                   
    10.0-180.0 180.0   5.0 450.0                            LAT/LON1/LON2/DLON/H
  236  222  216  201  191  179  174  171  170  165  160  155  150  145  140  134
  128  123  120  118  119  121  124  124  120  112  101   93   89   90   98  111
  126  143  160  176  191  205  217  230  245  260  275  288  301  315  332  351
  369  384  394  399  398  394  389  384  381  378  376  373  368  361  354  347
  341  337  332  321  312  294  281  268  236                                   
     7.5-180.0 180.0   5.0 450.0                            LAT/LON1/LON2/DLON/H
  232  218  211  193  182  166  160  158  158  157  154  151  147  144  140  135
  130  124  120  117  115  116  117  115  110  101   91   83   80   84   94  108
