data/edconvlstm_nd/pred1540.15i
     1.0            IONOSPHERE MAPS     GNSS                IONEX VERSION / TYPE
pyspatialgeodesy        IME             05-JAN-18 20:20     PGM / RUN BY / DATE 
Map Name                                                    COMMENT             
Predicted global ionosphere maps (GIM).                     DESCRIPTION         
  2015     6     3     0     0     0                        EPOCH OF FIRST MAP  
  2015     6     4     0     0     0                        EPOCH OF LAST MAP   
  7200                                                      INTERVAL            
    13                                                      # OF MAPS IN FILE   
  NONE                                                      MAPPING FUNCTION    
10.0                                                        ELEVATION CUTOFF    
One-way carrier phase leveled to code                       OBSERVABLES USED    
  6371.0                                                    BASE RADIUS         
 2                                                          MAP DIMENSION       
   450.0 450.0   0.0                                        HGT1 / HGT2 / DHGT  
    87.5 -87.5  -2.5                                        LAT1 / LAT2 / DLAT  
  -180.0 180.0   5.0                                        LON1 / LON2 / DLON  
    -1                                                      EXPONENT            
                                                            END OF HEADER       
     1                                                      START OF TEC MAP    
  2015     6     3     0     0     0                        EPOCH OF CURRENT MAP
    87.5-180.0 180.0   5.0 450.0                            LAT/LON1/LON2/DLON/H
  157  164  175  166  165  165  163  163  163  163  163  163  163  163  163  163
  162  162  161  160  159  157  156  154  153  151  149  148  146  145  144  143
  141  141  140  139  139  139  139  139  139  139  140  140  141  142  142  143
  144  144  145  146  146  147  147  148  148  149  149  149  150  150  150  151
  152  153  154  155  153  152  157  165  157                                   
    85.0-180.0 180.0   5.0 450.0                            LAT/LON1/LON2/DLON/H
  175  174  164  167  172  173  171  171  171  171  171  172  172  172  172  171
  171  170  169  167  165  164  162  159  157  155  152  150  148  146  144  143
  141  140  139  138  137  137  137  137  138  138  139  140  141  142  143  144
  145  146  147  147  148  149  150  151  151  152  152  153  153  154  154  155
  157  158  160  163  158  163  166  171  175                                   
    82.5-180.0 180.0   5.0 450.0                            LAT/LON1/LON2/DLON/H
  175  170  175  174  177  178  176  177  179  179  179  180  181  181  181  180
  180  178  177  175  173  170  167  164  161  157  154  151  148  145  142  140
  138  136  135  134  134  133  133  134  134  135  136  138  139  140  142  143
  145  146  147  148  150  151  152  153  154  154  155  156  156  156  157  158
  159  160  162  162  162  153  159  159  175                                   
    80.0-180.0 180.0   5.0 450.0                            LAT/LON1/LON2/DLON/H
  176  174  170  170  173  176  179  181  183  183  184  185  186  187  187  187
  186  185  183  181  178  175  171  166  162  157  153  149  145  141  138  135
  133  132  130  130  129  129  130  131  132  133  135  137  139  141  143  145
  147  149  150  152  153  155  156  157  157  158  158  158  158  158  158  159
  158  158  159  158  167  158  165  169  176                                   
    77.5-180.0 180.0   5.0 450.0                            LAT/LON1/LON2/DLON/H
  183  174  169  173  172  174  179  182  185  185  186  188  189  190  191  191
  190  189  188  185  182  178  174  169  163  157  152  147  142  139  135  133
  131  130  129  129  129  130  131  132  133  135  137  139  142  144  147  149
  152  154  156  157  159  160  161  162  162  163  162  162  161  160  159  159
  157  158  157  157  164  164  166  174  183                                   
    75.0-180.0 180.0   5.0 450.0                            LAT/LON1/LON2/DLON/H
  187  173  169  174  172  173  177  179  182  182  184  186  187  188  189  190
  190  189  188  185  182  178  173  168  162  156  150  144  139  136  133  132
  131  130  131  131  132  132  133  134  135  137  139  142  144  147  150  153
  156  158  160  162  163  164  165  166  167  167  166  165  164  162  160  159
  156  157  157  151  157  163  164  174  187                                   
    72.5-180.0 180.0   5.0 450.0                            LAT/LON1/LON2/DLON/H
  180  173  170  172  170  169  172  174  178  178  179  181  183  183  184  184
  184  184  183  182  179  176  171  165  159  152  146  140  136  133  131  131
  131  132  134  135  135  136  136  137  137  139  140  143  146  149  152  155
  158  160  162  163  164  165  166  167  168  168  168  167  165  163  161  159
  156  156  157  152  155  160  164  176  180                                   
    70.0-180.0 180.0   5.0 450.0                            LAT/LON1/LON2/DLON/H
  183  172  171  173  170  169  170  172  176  176  177  179  180  181  181  181
  181  181  181  180  178  175  171  165  158  152  145  140  136  134  133  134
  136  138  139  141  141  141  140  140  139  140  141  143  146  149  153  156
  159  161  162  164  164  165  167  168  169  170  171  171  169  167  165  163
  159  158  160  157  161  166  168  179  183                                   
    67.5-180.0 180.0   5.0 450.0                            LAT/LON1/LON2/DLON/H
  188  179  177  175  171  168  169  170  173  174  175  177  178  177  177  176
  176  176  176  176  175  173  170  164  158  151  145  139  136  135  135  137
  139  141  143  144  143  142  140  137  136  135  136  138  141  145  149  152
  155  157  158  159  160  161  162  165  167  170  171  172  172  170  168  166
  163  162  164  161  166  172  174  185  188                                   
    65.0-180.0 180.0   5.0 450.0                            LAT/LON1/LON2/DLON/H
  196  186  184  180  174  170  169  170  173  173  175  176  176  175  174  172
  172  172  172  173  173  172  169  165  159  153  147  142  139  138  139  141
  143  145  146  145  143  140  137  133  131  129  130  132  135  139  143  147
  150  152  153  153  154  156  158  161  165  169  172  175  175  175  174  172
  169  169  171  168  175  181  184  195  196                                   
    62.5-180.0 180.0   5.0 450.0                            LAT/LON1/LON2/DLON/H
  205  197  195  188  180  174  173  172  175  175  176  177  177  175  173  171
  170  169  170  172  173  173  171  167  162  157  152  148  146  146  146  147
  148  148  147  145  141  137  132  128  125  123  123  125  128  132  137  141
  144  146  148  149  150  152  155  159  164  169  174  178  181  181  181  180
  177  177  179  176  184  191  195  205  205                                   
    60.0-180.0 180.0   5.0 450.0                            LAT/LON1/LON2/DLON/H
  214  208  207  198  188  181  179  177  178  177  178  178  177  175  173  170
  168  167  168  170  172  173  172  170  166  163  159  157  155  155  154  154
  152  150  146  142  137  132  127  122  119  118  118  119  122  126  130  135
  138  141  143  145  147  150  154  159  165  171  177  182  186  187  188  187
  185  185  187  185  192  200  204  214  214                                   
    57.5-180.0 180.0   5.0 450.0                            LAT/LON1/LON2/DLON/H
  223  220  219  209  198  191  188  184  184  181  180  179  177  175  172  169
  167  166  167  169  171  173  173  172  171  169  167  166  166  165  163  159
  155  149  143  137  131  126  122  118  116  114  114  116  118  121  125  129
  133  137  141  144  148  151  156  162  168  175  181  186  190  192  193  194
  192  192  194  192  199  207  211  221  223                                   
    55.0-180.0 180.0   5.0 450.0                            LAT/LON1/LON2/DLON/H
  229  230  229  220  210  203  200  195  192  187  183  180  177  174  171  168
  166  166  167  169  171  173  174  175  175  175  176  176  176  174  170  164
  156  147  139  131  125  121  118  116  115  114  114  115  116  118  121  124
  129  134  140  145  150  156  161  167  173  180  185  190  194  196  197  198
  197  198  200  197  204  211  216  226  229                                   
    52.5-180.0 180.0   5.0 450.0                            LAT/LON1/LON2/DLON/H
  234  238  238  230  223  218  215  209  203  195  188  182  177  173  170  168
  166  166  167  169  172  174  175  177  179  181  184  186  185  182  176  166
  155  143  134  126  121  118  117  117  117  117  116  115  115  115  117  120
  125  132  139  147  155  162  168  174  180  185  189  193  196  197  199  201
  201  202  204  202  207  213  219  230  234                                   
    50.0-180.0 180.0   5.0 450.0                            LAT/LON1/LON2/DLON/H
  238  245  245  240  236  234  232  225  217  206  195  187  180  175  171  169
  168  169  170  172  175  176  178  180  183  187  191  193  193  188  179  167
  153  140  130  123  119  118  119  120  121  121  120  118  116  115  115  117
  123  130  139  149  159  167  174  181  186  190  193  196  197  198  200  202
  204  206  209  207  212  216  221  233  238                                   
    47.5-180.0 180.0   5.0 450.0                            LAT/LON1/LON2/DLON/H
  240  249  250  249  248  249  249  243  233  219  205  194  185  179  175  174
  173  174  176  178  180  182  183  185  188  192  197  199  197  191  180  166
  151  138  128  122  120  121  123  126  127  126  124  121  118  115  114  116
  120  129  139  150  161  171  179  185  190  194  196  198  198  198  200  204
  207  212  217  215  218  221  226  237  240                                   
    45.0-180.0 180.0   5.0 450.0                            LAT/LON1/LON2/DLON/H
  244  253  255  256  260  262  264  259  250  234  218  205  194  187  183  181
  181  183  185  188  190  191  191  192  194  198  201  202  199  191  179  165
  151  139  131  127  126  127  130  132  133  132  129  125  121  117  115  115
  120  127  138  150  161  172  180  187  193  197  199  200  200  200  203  208
  213  220  227  226  229  231  234  245  244                                   
    42.5-180.0 180.0   5.0 450.0                            LAT/LON1/LON2/DLON/H
  251  259  261  264  270  273  277  274  265  250  234  219  208  199  195  192
  192  194  197  200  202  202  202  201  202  204  206  205  200  191  179  166
  154  145  138  135  135  136  138  139  139  137  134  131  126  122  119  118
  120  127  136  148  159  170  179  187  193  199  203  204  204  205  208  215
  222  231  240  241  244  245  247  258  251                                   
    40.0-180.0 180.0   5.0 450.0                            LAT/LON1/LON2/DLON/H
  262  270  271  273  280  283  287  286  279  265  250  236  225  216  210  207
  206  207  211  214  216  216  215  213  212  212  211  208  202  192  181  170
  161  155  150  148  147  147  147  146  145  144  141  138  134  129  125  123
  124  128  135  145  156  166  175  185  193  201  207  210  212  213  218  226
  235  246  257  259  264  265  266  276  262                                   
    37.5-180.0 180.0   5.0 450.0                            LAT/LON1/LON2/DLON/H
  281  288  287  287  292  293  297  296  292  281  268  255  244  235  228  223
  221  222  226  230  232  232  229  225  223  220  218  213  205  195  186  178
  172  168  165  163  161  158  156  154  152  151  150  148  144  140  135  131
  129  130  135  143  152  162  172  182  193  204  213  219  222  225  231  240
  251  264  276  280  286  289  290  299  281                                   
    35.0-180.0 180.0   5.0 450.0                            LAT/LON1/LON2/DLON/H
  308  315  312  308  309  307  309  308  305  296  286  276  265  255  247  241
  237  238  241  245  247  247  243  238  234  230  226  219  210  201  192  187
  184  183  181  178  173  168  163  160  159  159  159  159  157  152  147  140
  136  134  136  141  148  158  168  180  193  207  219  228  234  239  247  257
  268  282  296  301  310  315  318  327  308                                   
    32.5-180.0 180.0   5.0 450.0                            LAT/LON1/LON2/DLON/H
  342  350  345  337  334  329  326  323  321  314  306  297  287  277  267  259
  254  253  255  259  261  260  256  250  245  240  234  226  217  207  200  197
  196  195  193  188  182  174  168  165  165  166  168  169  168  164  157  150
  142  138  136  139  145  154  165  178  193  209  224  236  246  254  263  273
  286  300  315  321  334  341  348  357  342                                   
    30.0-180.0 180.0   5.0 450.0                            LAT/LON1/LON2/DLON/H
  381  391  385  376  369  359  352  345  342  336  329  321  311  299  288  279
  272  269  270  272  274  272  267  261  255  249  243  234  224  214  207  204
  203  202  199  192  183  175  169  166  167  171  174  177  176  172  165  156
  147  140  136  137  141  149  161  175  191  209  226  242  255  266  277  289
  302  317  332  340  355  366  376  387  381                                   
    27.5-180.0 180.0   5.0 450.0                            LAT/LON1/LON2/DLON/H
  419  433  429  421  411  398  387  376  370  362  355  346  335  323  311  300
  291  286  285  285  284  281  275  268  262  256  249  240  229  218  210  206
  203  201  195  187  177  169  164  163  165  170  176  179  178  174  167  157
  147  139  134  133  137  145  157  171  189  208  227  246  262  277  290  304
  317  332  347  356  374  388  402  414  419                                   
    25.0-180.0 180.0   5.0 450.0                            LAT/LON1/LON2/DLON/H
  452  469  470  468  456  443  427  413  403  394  385  375  363  349  336  323
  312  305  301  298  295  289  281  274  267  261  253  242  230  218  208  201
  196  191  184  174  165  157  154  154  159  165  171  174  173  169  161  152
  142  134  129  128  131  140  153  169  187  206  227  248  267  285  302  317
  331  345  360  370  389  405  422  436  452                                   
    22.5-180.0 180.0   5.0 450.0                            LAT/LON1/LON2/DLON/H
  473  493  500  508  498  485  469  453  441  429  418  406  392  378  364  350
  337  327  319  313  305  296  286  277  269  262  252  240  226  212  200  190
  183  175  166  157  148  143  141  144  149  155  160  163  162  157  150  141
  133  125  121  121  125  136  150  167  186  207  228  250  272  292  312  329
  344  359  373  383  402  417  437  452  473                                   
    20.0-180.0 180.0   5.0 450.0                            LAT/LON1/LON2/DLON/H
  479  501  516  533  528  519  504  489  477  464  451  437  423  408  394  379
  365  353  341  330  318  305  291  280  269  259  247  233  216  200  187  175
  166  157  148  140  133  130  129  132  137  142  146  147  146  141  135  127
  120  115  112  113  120  132  148  168  188  209  230  253  276  299  321  340
  357  372  385  396  411  424  444  459  479                                   
    17.5-180.0 180.0   5.0 450.0                            LAT/LON1/LON2/DLON/H
  470  492  513  539  539  536  526  515  505  493  481  467  453  439  425  411
  396  381  366  350  333  315  297  281  267  253  237  220  202  185  171  159
  150  141  134  127  123  121  122  124  127  130  131  131  129  125  119  113
  107  103  102  105  114  129  148  169  191  212  233  255  279  304  329  351
  370  386  399  408  419  428  447  460  470                                   
    15.0-180.0 180.0   5.0 450.0                            LAT/LON1/LON2/DLON/H
  453  473  496  526  532  534  530  525  520  511  501  489  477  466  454  441
  426  409  392  372  350  326  303  282  262  243  223  203  184  168  155  146
  138  132  127  124  121  120  120  121  121  120  118  117  114  111  107  102
   97   94   93   98  108  125  147  170  193  214  234  256  281  308  336  361
  383  400  413  421  427  431  447  458  453                                   
    12.5-180.0 180.0   5.0 450.0                            LAT/LON1/LON2/DLON/H
  435  451  473  500  510  516  517  518  519  515  509  501  494  486  477  466
  452  435  415  392  366  337  308  281  255  230  207  185  167  153  143  138
  134  132  131  129  128  127  126  124  120  116  111  107  105  103  100   95
   90   86   86   91  102  120  143  168  191  213  233  256  283  312  343  371
  395  413  426  433  435  434  448  456  435                                   
    10.0-180.0 180.0   5.0 450.0                            LAT/LON1/LON2/DLON/H
  424  435  452  471  482  489  494  499  504  505  504  501  498  495  490  482
  469  453  433  408  378  345  309  275  244  215  190  168  153  143  138  137
  138  140  141  142  141  140  138  133  125  117  109  104  102  101   98   92
   86   81   80   85   96  114  137  163  187  209  231  256  284  316  349  380
  405  425  438  444  444  440  451  459  424                                   
     7.5-180.0 180.0   5.0 450.0                            LAT/LON1/LON2/DLON/H
  423  431  442  451  459  464  469  476  483  487  489  491  492  493  491  485
  475  459  440  415  383  345  305  265  229  198  173  155  144  139  139  142
