data/edconvlstm_nd/pred0900.15i
     1.0            IONOSPHERE MAPS     GNSS                IONEX VERSION / TYPE
pyspatialgeodesy        IME             05-JAN-18 20:20     PGM / RUN BY / DATE 
Map Name                                                    COMMENT             
Predicted global ionosphere maps (GIM).                     DESCRIPTION         
  2015     3    31     0     0     0                        EPOCH OF FIRST MAP  
  2015     4     1     0     0     0                        EPOCH OF LAST MAP   
  7200                                                      INTERVAL            
    13                                                      # OF MAPS IN FILE   
  NONE                                                      MAPPING FUNCTION    
10.0                                                        ELEVATION CUTOFF    
One-way carrier phase leveled to code                       OBSERVABLES USED    
  6371.0                                                    BASE RADIUS         
 2                                                          MAP DIMENSION       
   450.0 450.0   0.0                                        HGT1 / HGT2 / DHGT  
    87.5 -87.5  -2.5                                        LAT1 / LAT2 / DLAT  
  -180.0 180.0   5.0                                        LON1 / LON2 / DLON  
    -1                                                      EXPONENT            
                                                            END OF HEADER       
[from data line 4290]
    11                                                      START OF TEC MAP    
  2015     3    31    20     0     0                        EPOCH OF CURRENT MAP
    87.5-180.0 180.0   5.0 450.0                            LAT/LON1/LON2/DLON/H
  184  175  161  167  168  167  166  164  163  164  164  165  165  166  167  167
  168  169  169  170  170  170  170  170  170  170  170  170  170  170  169  169
  169  169  169  169  168  168  168  169  169  169  170  170  171  172  172  173
  174  175  176  177  178  178  179  179  180  180  180  180  180  179  179  178
  177  176  175  174  184  181  181  179  184                                   
    85.0-180.0 180.0   5.0 450.0                            LAT/LON1/LON2/DLON/H
  179  171  173  166  164  166  165  167  166  167  167  168  169  170  172  173
  174  174  175  176  176  176  176  176  176  176  176  175  175  175  174  174
  174  174  174  173  173  173  173  174  174  175  176  177  178  179  180  182
  183  184  186  187  188  189  189  190  190  190  190  189  189  188  187  186
  185  184  182  179  180  170  168  172  179                                   
    82.5-180.0 180.0   5.0 450.0                            LAT/LON1/LON2/DLON/H
  157  153  151  148  150  152  155  156  155  157  158  161  162  165  167  169
  170  172  173  173  174  174  174  174  173  173  173  172  172  171  171  170
  170  169  168  168  167  166  166  166  166  166  167  168  169  171  173  175
  176  178  180  182  183  184  185  185  185  185  184  183  182  180  178  176
  175  172  170  172  167  169  155  155  157                                   
    80.0-180.0 180.0   5.0 450.0                            LAT/LON1/LON2/DLON/H
  142  138  141  140  142  141  145  149  152  155  158  162  165  169  172  175
  177  179  180  180  180  180  179  178  178  177  176  175  174  173  172  171
  169  168  166  165  163  162  160  160  159  159  160  161  163  165  168  170
  173  176  178  181  183  184  185  185  184  183  182  180  178  176  174  171
  169  167  165  165  156  148  139  145  142                                   
    77.5-180.0 180.0   5.0 450.0                            LAT/LON1/LON2/DLON/H
  141  133  139  138  143  144  148  153  157  161  166  172  177  181  186  189
  191  193  194  194  193  192  190  189  188  187  186  185  183  182  180  178
  176  174  171  169  166  164  161  159  158  157  157  157  159  161  163  166
  169  172  174  176  178  178  178  178  176  174  171  169  166  163  161  159
  156  155  154  155  151  143  140  151  141                                   
    75.0-180.0 180.0   5.0 450.0                            LAT/LON1/LON2/DLON/H
  141  139  143  143  148  152  156  161  167  173  179  185  191  197  201  205
  207  208  208  207  205  203  201  199  198  196  194  192  190  188  186  183
  180  176  173  169  165  162  158  155  153  151  151  151  152  154  156  159
  162  165  167  168  169  169  167  165  163  159  156  153  149  147  145  145
  144  145  147  146  143  139  140  141  141                                   
    72.5-180.0 180.0   5.0 450.0                            LAT/LON1/LON2/DLON/H
  147  150  154  159  163  168  173  178  183  190  197  204  211  217  221  225
  226  227  226  224  221  218  215  212  210  207  204  201  198  195  191  187
  182  178  173  168  164  159  155  152  149  146  145  145  145  147  149  151
  153  155  156  156  156  154  151  147  143  139  134  131  128  125  125  126
  127  131  135  138  139  141  146  153  147                                   
    70.0-180.0 180.0   5.0 450.0                            LAT/LON1/LON2/DLON/H
  157  163  168  171  176  181  185  191  197  204  210  217  223  228  232  235
  236  235  234  231  228  224  221  217  214  210  207  203  198  193  188  182
  176  169  163  158  152  147  143  139  135  133  131  131  131  132  134  136
  137  138  138  137  135  132  128  123  118  113  108  104  102  101  102  105
  108  115  123  130  136  143  153  157  157                                   
    67.5-180.0 180.0   5.0 450.0                            LAT/LON1/LON2/DLON/H
  172  180  186  192  198  203  208  214  219  225  230  236  241  245  248  250
  250  249  247  244  241  237  233  229  225  221  216  211  205  199  191  184
  176  168  160  153  147  141  137  132  129  126  125  124  124  124  125  126
  127  126  125  123  120  116  111  105  100   95   90   87   85   85   87   92
   97  106  116  125  135  146  159  164  172                                   
    65.0-180.0 180.0   5.0 450.0                            LAT/LON1/LON2/DLON/H
  178  189  196  204  212  218  223  228  233  238  242  245  248  250  251  251
  251  249  247  245  242  239  235  232  227  223  218  213  207  199  191  181
  171  162  152  144  136  129  124  119  115  113  111  110  109  109  109  109
  108  107  105  102   98   93   88   83   78   73   70   67   66   67   70   76
   83   94  106  117  130  145  161  166  178                                   
    62.5-180.0 180.0   5.0 450.0                            LAT/LON1/LON2/DLON/H
  182  196  205  216  227  235  241  246  249  253  254  255  255  254  253  252
  251  249  248  247  245  243  240  236  233  229  225  220  214  207  198  188
  176  164  152  141  132  123  117  111  107  104  102  101   99   98   97   95
   93   91   88   85   81   77   73   69   65   62   59   58   58   59   63   68
   76   87  100  112  126  142  159  164  182                                   
    60.0-180.0 180.0   5.0 450.0                            LAT/LON1/LON2/DLON/H
  182  200  211  225  239  248  256  261  265  266  265  263  260  255  252  249
  247  246  245  245  244  243  240  238  235  233  231  228  225  220  212  201
  188  174  159  145  133  123  114  108  104  100   98   96   93   91   88   85
   82   79   76   73   70   67   63   61   58   57   56   55   56   57   61   66
   73   84   97  108  122  140  156  162  182                                   
    57.5-180.0 180.0   5.0 450.0                            LAT/LON1/LON2/DLON/H
  182  203  218  234  251  263  273  278  282  281  278  273  266  258  251  246
  243  242  242  242  243  242  241  239  239  238  239  241  241  238  232  222
  208  192  175  158  143  130  120  113  108  104  101   98   94   90   86   82
   78   75   72   69   67   65   64   62   62   61   62   62   63   64   67   71
   77   88  100  111  124  140  156  161  182                                   
    55.0-180.0 180.0   5.0 450.0                            LAT/LON1/LON2/DLON/H
  187  212  230  247  267  281  293  299  303  301  296  287  276  265  255  247
  242  240  239  240  241  241  241  241  242  245  250  255  259  260  257  248
  233  215  196  176  158  143  132  124  118  114  111  107  102   96   91   86
   82   79   76   75   74   73   73   73   74   75   76   77   78   78   80   83
   88   98  110  120  132  148  163  167  187                                   
    52.5-180.0 180.0   5.0 450.0                            LAT/LON1/LON2/DLON/H
  199  226  247  263  286  303  316  323  327  325  318  307  292  277  263  251
  243  239  238  238  239  240  242  244  247  253  261  269  277  281  279  271
  256  238  217  195  176  160  147  138  133  129  125  120  114  108  102   97
   93   91   90   89   89   89   90   92   93   95   96   97   98   97   98  100
  104  114  126  137  148  163  178  182  199                                   
    50.0-180.0 180.0   5.0 450.0                            LAT/LON1/LON2/DLON/H
  218  246  268  284  308  327  342  350  355  354  347  334  316  297  278  262
  250  242  239  239  240  242  245  249  254  262  272  283  292  297  295  287
  272  253  232  211  191  175  162  153  147  143  139  135  129  123  118  114
  111  110  109  109  110  111  113  114  116  118  119  120  120  118  118  119
  123  133  146  159  171  186  201  205  218                                   
    47.5-180.0 180.0   5.0 450.0                            LAT/LON1/LON2/DLON/H
  243  270  292  307  332  351  367  377  384  385  379  366  346  324  300  279
  262  250  244  242  243  247  251  257  264  273  283  293  301  304  301  291
  275  257  238  219  202  187  174  165  158  154  150  146  141  137  133  131
  131  131  131  131  132  133  135  137  139  140  142  142  141  139  137  137
  141  153  167  183  196  211  229  234  243                                   
    45.0-180.0 180.0   5.0 450.0                            LAT/LON1/LON2/DLON/H
  270  295  316  330  354  372  389  401  411  415  412  400  381  357  329  303
  280  264  254  250  251  256  262  270  277  285  293  299  303  301  295  283
  267  251  236  222  209  196  184  173  165  160  156  152  149  147  146  147
  148  150  150  150  150  150  152  154  156  158  160  160  159  156  153  153
  156  169  185  204  221  237  257  265  270                                   
    42.5-180.0 180.0   5.0 450.0                            LAT/LON1/LON2/DLON/H
  295  319  338  351  373  390  407  420  434  442  443  436  418  393  364  333
  305  284  270  265  265  270  278  285  292  297  301  301  299  293  282  269
  255  243  234  227  219  209  196  182  171  164  159  156  154  153  155  158
  161  163  163  161  160  159  161  164  167  169  171  172  171  168  164  163
  166  180  198  219  238  257  281  293  295                                   
    40.0-180.0 180.0   5.0 450.0                            LAT/LON1/LON2/DLON/H
  315  338  358  369  389  404  421  436  453  466  472  469  455  432  402  368
  336  310  294  286  285  290  297  303  308  310  308  303  295  285  273  260
  249  243  241  242  239  231  216  199  183  172  166  162  160  160  162  166
  170  171  168  164  161  160  162  166  170  173  176  178  177  174  170  168
  170  183  202  225  246  269  295  311  315                                   
    37.5-180.0 180.0   5.0 450.0                            LAT/LON1/LON2/DLON/H
  329  353  373  383  403  416  434  449  469  486  497  499  490  470  441  407
  372  344  324  314  311  314  318  323  325  323  318  309  298  287  277  267
  262  263  269  276  278  270  251  228  207  192  183  177  173  172  173  175
  176  174  169  163  158  157  159  164  169  173  177  179  179  175  171  167
  168  180  198  221  245  272  300  319  329                                   
    35.0-180.0 180.0   5.0 450.0                            LAT/LON1/LON2/DLON/H
  338  364  386  395  415  427  446  462  484  504  519  526  523  507  481  448
  413  382  360  347  342  341  342  343  343  340  333  324  315  308  303  301
  302  310  323  335  338  328  304  275  248  228  215  206  199  194  191  188
  185  179  170  162  156  154  157  163  168  173  176  178  178  175  169  164
  163  173  191  213  237  267  298  318  338                                   
    32.5-180.0 180.0   5.0 450.0                            LAT/LON1/LON2/DLON/H
  346  374  398  407  428  440  460  477  501  522  540  551  552  542  520  489
  455  424  401  385  376  369  365  363  362  360  356  352  350  352  358  365
  375  388  405  418  419  404  374  338  305  281  264  251  239  228  218  210
  201  190  178  168  161  160  164  169  174  177  179  180  180  176  170  164
  160  169  185  206  230  262  294  315  346                                   
    30.0-180.0 180.0   5.0 450.0                            LAT/LON1/LON2/DLON/H
  355  386  412  423  446  459  480  497  521  544  562  575  579  573  555  528
  497  467  444  425  411  399  389  384  383  386  390  396  406  421  441  460
  478  495  508  516  510  487  451  410  373  345  324  306  289  272  255  240
  225  210  196  185  179  178  181  185  187  188  187  187  185  181  175  168
  164  170  184  203  227  260  294  314  355                                   
    27.5-180.0 180.0   5.0 450.0                            LAT/LON1/LON2/DLON/H
  369  402  429  444  470  486  507  525  549  570  588  600  606  602  589  566
  538  511  487  467  447  428  414  407  410  419  435  455  481  513  548  579
  601  613  615  609  591  561  521  478  441  411  386  364  342  319  297  276
  257  240  226  216  210  209  209  209  207  203  199  196  193  189  183  177
  173  179  190  209  232  264  299  318  369                                   
    25.0-180.0 180.0   5.0 450.0                            LAT/LON1/LON2/DLON/H
  384  418  447  468  499  518  541  560  583  603  619  630  635  633  622  603
  578  554  531  508  484  460  441  435  442  463  492  528  570  618  666  702
  719  716  698  672  641  605  565  526  491  462  437  413  388  362  337  313
  292  276  264  256  251  248  245  240  232  222  214  208  203  199  194  189
  186  192  203  220  243  274  308  328  384                                   
    22.5-180.0 180.0   5.0 450.0                            LAT/LON1/LON2/DLON/H
  399  434  463  492  529  552  577  597  621  640  654  663  668  666  657  642
  621  598  575  550  522  494  474  470  485  516  558  608  663  720  771  801
  803  777  734  687  644  604  568  536  508  484  462  440  416  391  367  344
  325  312  304  299  295  289  281  269  255  240  227  218  213  208  205  201
  199  206  217  233  256  286  320  340  399                                   
    20.0-180.0 180.0   5.0 450.0                            LAT/LON1/LON2/DLON/H
  408  445  476  511  554  580  608  631  656  676  690  700  704  704  698  685
  668  647  624  597  566  536  516  515  537  577  628  685  744  800  842  856
  834  780  712  647  593  554  524  502  485  469  453  436  419  400  381  364
  351  343  340  339  334  324  309  291  272  252  236  224  218  215  212  210
  210  218  228  244  266  296  329  351  408                                   
    17.5-180.0 180.0   5.0 450.0                            LAT/LON1/LON2/DLON/H
  411  451  483  523  571  600  631  657  685  707  723  735  742  745  742  734
  721  703  680  651  618  588  569  572  597  641  694  748  800  841  864  855
  807  728  639  559  501  464  444  432  425  418  410  402  394  386  378  371
  366  365  367  367  360  346  325  302  278  255  236  224  218  215  214  213
  214  223  234  250  272  302  334  359  411                                   
    15.0-180.0 180.0   5.0 450.0                            LAT/LON1/LON2/DLON/H
  409  451  486  529  580  611  645  673  704  730  750  767  779  787  789  787
  779  764  743  713  680  650  632  635  660  700  746  788  821  841  840  807
  736  637  535  450  393  362  349  345  345  344  344  345  349  355  361  366
  370  376  381  381  371  352  326  300  274  250  231  218  212  211  211  211
  213  222  234  249  271  302  333  361  409                                   
    12.5-180.0 180.0   5.0 450.0                            LAT/LON1/LON2/DLON/H
  403  448  487  533  584  618  654  684  718  746  771  793  811  825  835  839
  837  828  809  780  747  718  700  700  719  749  780  802  812  809  787  734
  647  539  434  354  303  277  267  267  269  271  275  283  299  319  340  356
  368  377  382  380  366  343  315  288  263  241  221  209  204  203  204  205
  207  216  228  243  267  299  330  359  403                                   
    10.0-180.0 180.0   5.0 450.0                            LAT/LON1/LON2/DLON/H
  399  447  490  538  589  625  663  694  729  760  788  814  838  859  875  886
  891  886  871  845  813  783  763  758  768  784  797  799  789  768  728  662
  569  463  367  297  254  232  222  220  221  222  227  240  263  294  325  349
  365  374  376  368  350  324  297  272  250  230  212  200  195  194  195  196
  198  207  220  236  261  295  327  356  399                                   
     7.5-180.0 180.0   5.0 450.0                            LAT/LON1/LON2/DLON/H
  399  451  497  547  599  636  675  707  742  774  803  832  859  885  906  923
  933  934  923  900  870  840  817  806  806  809  807  793  769  733  683  614
