data/edconvlstm_nd/pred2120.15i
     1.0            IONOSPHERE MAPS     GNSS                IONEX VERSION / TYPE
pyspatialgeodesy        IME             05-JAN-18 20:20     PGM / RUN BY / DATE 
Map Name                                                    COMMENT             
Predicted global ionosphere maps (GIM).                     DESCRIPTION         
  2015     7    31     0     0     0                        EPOCH OF FIRST MAP  
  2015     8     1     0     0     0                        EPOCH OF LAST MAP   
  7200                                                      INTERVAL            
    13                                                      # OF MAPS IN FILE   
  NONE                                                      MAPPING FUNCTION    
10.0                                                        ELEVATION CUTOFF    
One-way carrier phase leveled to code                       OBSERVABLES USED    
  6371.0                                                    BASE RADIUS         
 2                                                          MAP DIMENSION       
   450.0 450.0   0.0                                        HGT1 / HGT2 / DHGT  
    87.5 -87.5  -2.5                                        LAT1 / LAT2 / DLAT  
  -180.0 180.0   5.0                                        LON1 / LON2 / DLON  
    -1                                                      EXPONENT            
                                                            END OF HEADER       
[from data line 5148]
    13                                                      START OF TEC MAP    
  2015     8     1     0     0     0                        EPOCH OF CURRENT MAP
    87.5-180.0 180.0   5.0 450.0                            LAT/LON1/LON2/DLON/H
  108  105  111  104  103  103  101  100  100   99  100  100   99   99   98   98
   97   96   95   94   93   92   91   90   89   88   87   87   86   85   84   84
   83   83   83   82   82   82   82   82   82   83   83   83   84   84   84   85
   85   86   86   86   87   87   87   88   88   88   88   89   89   89   89   90
   91   92   92   92   91   95  105  117  108                                   
    85.0-180.0 180.0   5.0 450.0                            LAT/LON1/LON2/DLON/H
  111  112   99  105  109  111  108  107  108  107  107  107  107  106  105  104
  103  102  101   99   98   96   95   93   92   90   89   87   86   85   84   83
   82   81   81   81   80   80   81   81   81   82   82   83   83   84   84   84
   85   85   86   86   86   87   87   88   88   89   89   90   90   91   92   93
   94   95   97  100   97  106  115  120  111                                   
    82.5-180.0 180.0   5.0 450.0                            LAT/LON1/LON2/DLON/H
  112  107  116  115  117  121  118  119  120  120  120  120  119  118  117  115
  113  112  110  108  105  103  101   99   97   95   92   90   88   86   85   83
   82   81   80   80   80   80   81   81   82   83   84   84   85   86   86   87
   87   88   88   89   89   90   90   91   92   92   93   94   95   95   97   98
   99  100  102  101  104   97  106  113  112                                   
    80.0-180.0 180.0   5.0 450.0                            LAT/LON1/LON2/DLON/H
  122  117  117  117  120  125  127  129  131  130  131  131  130  128  126  124
  122  119  116  114  111  109  106  103  100   97   94   92   89   86   84   82
   81   80   80   80   81   82   83   84   85   86   87   88   89   90   91   91
   92   93   93   94   94   95   95   95   96   96   97   98   98   99  100  101
  102  102  103  102  114  106  117  129  122                                   
    77.5-180.0 180.0   5.0 450.0                            LAT/LON1/LON2/DLON/H
  132  125  121  127  126  129  135  139  141  140  141  141  139  137  134  131
  128  125  122  119  116  114  111  108  105  102   99   96   93   90   88   86
   85   85   86   87   88   90   91   93   95   96   98   99  100  101  102  102
  103  104  104  104  105  105  105  105  105  105  105  105  105  106  106  107
  106  108  107  108  114  115  122  139  132                                   
    75.0-180.0 180.0   5.0 450.0                            LAT/LON1/LON2/DLON/H
  137  125  124  132  130  134  138  141  145  144  145  144  142  138  135  131
  127  124  121  118  116  114  112  109  107  104  100   97   94   91   89   88
   88   89   90   92   95   97   99  101  103  105  106  107  107  108  109  110
  111  111  112  112  112  112  111  111  111  111  111  111  111  111  111  111
  110  111  111  105  111  118  123  139  137                                   
    72.5-180.0 180.0   5.0 450.0                            LAT/LON1/LON2/DLON/H
  128  124  126  131  129  132  137  142  146  145  145  144  141  136  131  127
  122  119  116  114  112  111  110  108  106  104  101   98   95   92   91   90
   90   92   94   96   99  102  104  106  107  108  108  109  109  110  111  112
  113  114  115  115  115  114  114  114  113  114  114  114  114  115  115  116
  114  114  115  111  112  117  125  143  128                                   
    70.0-180.0 180.0   5.0 450.0                            LAT/LON1/LON2/DLON/H
  129  122  126  133  131  134  139  144  149  148  148  146  142  137  131  125
  120  116  114  112  112  111  111  110  108  106  103  100   98   95   94   94
   95   96   99  102  104  107  108  109  109  109  109  108  109  110  111  113
  114  116  116  117  117  116  116  116  116  117  118  119  120  120  121  122
  121  120  121  118  118  123  128  144  129                                   
    67.5-180.0 180.0   5.0 450.0                            LAT/LON1/LON2/DLON/H
  131  126  128  134  131  134  138  142  147  147  147  145  141  134  128  121
  116  111  109  108  108  108  109  108  107  105  103  100   98   96   94   94
   95   96   98  101  103  104  105  104  103  102  100   99  100  101  103  105
  107  109  110  111  111  111  111  111  113  115  117  119  121  122  124  125
  124  124  125  121  123  126  130  146  131                                   
    65.0-180.0 180.0   5.0 450.0                            LAT/LON1/LON2/DLON/H
  134  128  130  135  132  133  136  141  147  147  147  145  141  135  128  121
  115  111  108  108  108  108  109  108  107  106  104  102  100   98   97   96
   96   96   97   99  100  100   99   97   95   93   90   89   89   91   93   96
   98  101  102  103  104  104  105  107  109  112  116  120  123  125  127  128
  128  128  130  126  129  132  136  151  134                                   
    62.5-180.0 180.0   5.0 450.0                            LAT/LON1/LON2/DLON/H
  141  135  136  139  135  135  137  142  147  147  148  147  144  138  132  125
  119  115  112  111  111  111  111  111  110  109  108  107  105  104  102  100
   98   97   97   97   97   96   94   91   88   85   83   81   81   82   85   87
   90   93   95   96   97   98  100  103  107  111  117  122  126  129  131  133
  133  133  135  132  135  139  143  158  141                                   
    60.0-180.0 180.0   5.0 450.0                            LAT/LON1/LON2/DLON/H
  147  142  144  145  139  138  139  142  146  147  148  148  146  142  136  130
  125  121  119  117  117  116  115  115  114  114  114  114  113  112  109  106
  102   99   97   95   94   92   90   87   84   81   78   76   76   77   79   81
   84   86   88   90   92   94   97  101  106  112  119  125  130  133  136  138
  137  138  140  138  141  146  150  164  147                                   
    57.5-180.0 180.0   5.0 450.0                            LAT/LON1/LON2/DLON/H
  156  152  154  153  147  144  143  145  148  148  149  149  148  145  141  136
  132  129  127  125  124  123  122  121  120  121  122  123  123  122  119  114
  108  102   98   95   93   91   89   87   84   81   79   77   76   76   77   78
   80   82   85   87   90   93   97  102  109  116  124  130  136  139  142  143
  143  144  146  143  147  152  157  171  156                                   
    55.0-180.0 180.0   5.0 450.0                            LAT/LON1/LON2/DLON/H
  165  163  165  164  157  153  151  151  151  150  150  150  149  147  144  141
  139  137  135  134  133  131  129  128  128  129  132  135  136  135  130  123
  115  108  102   98   96   94   93   92   89   87   84   83   81   80   80   80
   80   82   84   87   91   95  101  107  115  123  131  138  144  147  149  150
  150  150  152  150  153  159  164  178  165                                   
    52.5-180.0 180.0   5.0 450.0                            LAT/LON1/LON2/DLON/H
  174  175  178  178  171  167  164  161  159  155  153  151  150  148  147  145
  144  143  143  143  142  141  139  138  138  140  143  147  149  148  143  134
  124  115  108  104  102  102  101  100   98   96   94   92   90   88   86   84
   84   84   87   90   95  101  107  115  123  132  140  148  153  156  158  159
  157  158  160  156  159  165  170  186  174                                   
    50.0-180.0 180.0   5.0 450.0                            LAT/LON1/LON2/DLON/H
  184  188  192  194  188  184  181  176  171  164  159  156  153  151  149  149
  149  150  151  153  153  152  150  149  149  151  155  159  162  161  155  145
  134  124  116  113  112  113  113  112  110  108  106  104  102   98   95   92
   90   90   92   96  101  108  115  124  133  142  150  158  163  165  167  168
  167  167  168  165  167  173  178  194  184                                   
    47.5-180.0 180.0   5.0 450.0                            LAT/LON1/LON2/DLON/H
  195  201  206  210  206  204  202  195  188  178  170  164  159  155  153  153
  154  156  159  162  163  163  162  161  161  163  166  170  172  171  164  155
  144  134  127  125  125  125  126  124  122  120  118  116  113  110  105  101
   98   97   99  103  109  116  124  133  142  151  160  167  172  174  176  177
  176  177  179  175  176  181  187  203  195                                   
    45.0-180.0 180.0   5.0 450.0                            LAT/LON1/LON2/DLON/H
  207  214  220  226  225  224  223  216  208  195  185  176  169  164  161  160
  161  164  168  172  175  175  174  173  173  174  176  179  180  178  172  163
  153  144  139  138  138  139  138  136  133  130  128  126  124  121  116  111
  107  105  106  110  116  123  131  140  149  159  167  174  179  182  184  186
  186  187  190  186  187  191  197  213  207                                   
    42.5-180.0 180.0   5.0 450.0                            LAT/LON1/LON2/DLON/H
  219  227  233  241  242  243  243  237  229  216  204  194  185  178  173  170
  171  174  178  183  186  188  187  186  185  184  185  186  185  182  177  169
  161  154  151  150  151  151  150  146  141  138  136  135  134  131  126  121
  116  113  114  117  122  128  136  144  154  164  173  180  185  188  190  193
  194  197  200  197  198  203  209  225  219                                   
    40.0-180.0 180.0   5.0 450.0                            LAT/LON1/LON2/DLON/H
  234  241  246  254  257  259  260  256  249  237  225  215  205  197  190  186
  185  187  191  195  199  201  201  199  196  194  193  191  189  185  180  174
  168  164  162  162  163  162  159  154  148  145  143  143  143  140  136  130
  125  121  120  121  125  131  138  147  156  167  176  184  189  192  195  198
  201  205  210  208  211  216  223  238  234                                   
    37.5-180.0 180.0   5.0 450.0                            LAT/LON1/LON2/DLON/H
  251  258  261  267  271  273  274  272  267  257  248  238  229  220  212  206
  203  203  206  210  213  215  214  212  208  204  200  196  192  188  183  178
  174  172  171  172  172  170  166  160  155  152  151  151  151  148  144  139
  133  128  125  124  126  131  138  147  157  168  179  186  192  195  198  202
  205  211  218  219  223  230  239  253  251                                   
    35.0-180.0 180.0   5.0 450.0                            LAT/LON1/LON2/DLON/H
  271  277  278  281  284  286  287  287  285  277  270  263  255  247  239  231
  226  223  223  225  228  229  228  225  220  214  208  202  197  191  186  182
  179  178  178  179  178  176  171  165  161  159  158  159  158  155  151  145
  138  132  127  125  126  130  137  146  158  170  181  189  194  197  200  204
  208  215  225  228  235  244  256  270  271                                   
    32.5-180.0 180.0   5.0 450.0                            LAT/LON1/LON2/DLON/H
  293  299  298  298  300  300  302  302  302  297  292  288  282  276  268  259
  251  246  243  243  244  244  242  238  232  224  216  208  201  195  190  186
  184  183  182  182  180  177  173  169  167  166  166  165  163  159  154  147
  140  133  126  123  122  126  134  145  158  171  182  191  196  199  201  206
  211  219  231  236  247  259  272  289  293                                   
    30.0-180.0 180.0   5.0 450.0                            LAT/LON1/LON2/DLON/H
  318  324  321  320  321  320  320  321  322  319  315  313  310  305  298  288
  279  271  265  263  262  261  257  251  243  233  223  214  206  199  193  189
  185  183  181  179  176  173  171  170  170  172  171  169  164  158  151  144
  137  129  121  117  117  121  130  143  157  171  183  192  198  201  204  208
  214  224  237  244  258  273  288  309  318                                   
    27.5-180.0 180.0   5.0 450.0                            LAT/LON1/LON2/DLON/H
  341  350  346  345  346  346  346  345  346  343  341  339  338  335  329  319
  308  298  290  285  282  279  273  264  252  240  229  219  210  202  194  188
  183  179  174  170  166  164  164  166  170  172  171  167  159  150  142  135
  127  120  112  108  108  114  125  139  155  170  183  192  199  203  207  213
  220  230  245  253  270  287  303  327  341                                   
    25.0-180.0 180.0   5.0 450.0                            LAT/LON1/LON2/DLON/H
  361  372  371  373  375  376  377  376  376  372  369  368  367  366  361  352
  340  328  317  310  304  298  288  275  260  244  231  220  210  201  191  183
  175  167  160  154  149  149  151  156  162  166  164  157  146  135  126  120
  113  107  100   97   99  107  119  135  152  168  182  192  200  205  212  220
  228  240  255  264  281  300  316  344  361                                   
    22.5-180.0 180.0   5.0 450.0                            LAT/LON1/LON2/DLON/H
  374  387  390  398  403  407  410  410  409  405  401  398  398  397  394  386
  374  360  348  338  329  318  303  284  264  245  229  217  206  195  183  171
  160  149  140  134  130  131  135  141  148  151  148  140  127  116  107  101
   97   92   88   86   90  100  114  131  150  167  181  192  202  210  219  230
  240  254  269  278  294  313  329  358  374                                   
    20.0-180.0 180.0   5.0 450.0                            LAT/LON1/LON2/DLON/H
  379  395  403  417  426  434  440  442  442  438  433  430  430  430  428  421
  410  396  382  369  355  338  317  291  264  241  223  209  196  183  168  154
  140  129  120  114  112  113  117  123  129  131  128  118  106   95   88   83
   81   78   76   77   83   94  110  129  148  166  181  194  205  216  228  243
  256  271  287  294  309  325  340  370  379                                   
    17.5-180.0 180.0   5.0 450.0                            LAT/LON1/LON2/DLON/H
  378  395  407  427  439  450  460  466  469  467  463  461  461  462  462  457
  448  434  419  401  382  357  327  294  261  233  212  196  182  166  150  134
  121  111  103   98   97   98  101  105  108  109  106   98   88   78   73   71
   70   69   68   70   78   90  108  127  147  166  182  196  209  223  240  258
  275  292  307  314  325  337  352  379  378                                   
    15.0-180.0 180.0   5.0 450.0                            LAT/LON1/LON2/DLON/H
  374  391  404  426  441  454  467  477  483  484  484  484  486  490  492  491
  483  471  454  432  405  372  333  292  254  222  199  181  165  149  133  118
  107   99   93   89   87   87   88   89   90   90   87   81   74   67   64   63
   63   63   64   67   75   89  107  127  147  166  183  198  214  232  252  274
  294  313  329  336  343  350  365  387  374                                   
    12.5-180.0 180.0   5.0 450.0                            LAT/LON1/LON2/DLON/H
  370  385  397  418  434  446  459  472  482  487  491  495  501  508  514  516
  512  501  483  456  422  380  333  286  243  209  184  165  150  135  120  109
  100   94   89   86   84   82   80   78   76   76   75   71   66   62   61   61
   61   62   62   66   74   88  106  126  147  166  184  201  219  240  264  289
  313  334  351  357  362  365  378  397  370                                   
    10.0-180.0 180.0   5.0 450.0                            LAT/LON1/LON2/DLON/H
  371  384  392  408  422  431  442  455  467  476  483  492  502  513  523  529
  528  519  500  469  428  379  326  275  230  195  170  152  138  125  115  106
  100   96   93   90   87   83   78   73   70   70   70   69   67   65   64   64
   63   63   63   67   75   88  106  126  146  166  184  202  223  247  274  302
  328  351  369  376  380  381  393  409  371                                   
     7.5-180.0 180.0   5.0 450.0                            LAT/LON1/LON2/DLON/H
  377  389  393  400  409  414  421  432  444  454  464  476  490  504  517  525
  528  520  501  468  422  368  312  259  215  181  158  142  131  122  115  110
