data/edconvlstm_nd/pred2910.15i
     1.0            IONOSPHERE MAPS     GNSS                IONEX VERSION / TYPE
pyspatialgeodesy        IME             05-JAN-18 20:20     PGM / RUN BY / DATE 
Map Name                                                    COMMENT             
Predicted global ionosphere maps (GIM).                     DESCRIPTION         
  2015    10    18     0     0     0                        EPOCH OF FIRST MAP  
  2015    10    19     0     0     0                        EPOCH OF LAST MAP   
  7200                                                      INTERVAL            
    13                                                      # OF MAPS IN FILE   
  NONE                                                      MAPPING FUNCTION    
10.0                                                        ELEVATION CUTOFF    
One-way carrier phase leveled to code                       OBSERVABLES USED    
  6371.0                                                    BASE RADIUS         
 2                                                          MAP DIMENSION       
   450.0 450.0   0.0                                        HGT1 / HGT2 / DHGT  
    87.5 -87.5  -2.5                                        LAT1 / LAT2 / DLAT  
  -180.0 180.0   5.0                                        LON1 / LON2 / DLON  
    -1                                                      EXPONENT            
                                                            END OF HEADER       
     1                                                      START OF TEC MAP    
  2015    10    18     0     0     0                        EPOCH OF CURRENT MAP
    87.5-180.0 180.0   5.0 450.0                            LAT/LON1/LON2/DLON/H
  105  102   97   89   88   93   91   90   92   93   94   95   96   97   97   97
   96   96   94   93   92   90   88   87   85   83   81   80   78   76   75   74
   72   71   70   70   69   69   69   69   69   70   70   71   72   73   74   75
   75   76   77   77   78   78   79   79   79   79   79   79   79   79   79   79
   79   79   78   79   73   85   92   86  105                                   
    85.0-180.0 180.0   5.0 450.0                            LAT/LON1/LON2/DLON/H
  100  100   78   83   86   94   92   91   93   95   96   98   99  100  100   99
   98   97   95   93   91   89   86   84   81   79   76   74   72   70   68   66
   65   64   64   63   63   64   65   66   67   68   70   71   73   74   76   77
   78   79   80   81   82   82   82   83   83   83   83   83   82   82   82   82
   82   81   82   85   86   93  103   96  100                                   
    82.5-180.0 180.0   5.0 450.0                            LAT/LON1/LON2/DLON/H
   92   80   89   86   87   95   93   93   99  101  104  106  108  109  109  108
  107  104  101   97   93   89   85   80   76   71   67   63   60   57   54   53
   51   51   50   51   51   53   55   57   59   62   65   67   70   72   75   76
   78   79   80   81   82   83   83   84   84   84   84   84   84   84   83   83
   82   81   80   79   85   78   88   91   92                                   
    80.0-180.0 180.0   5.0 450.0                            LAT/LON1/LON2/DLON/H
   98   83   83   79   83   87   90   92  100  103  108  112  115  117  117  115
  112  108  103   98   91   85   78   72   66   61   56   52   48   46   43   42
   41   40   40   41   42   43   45   47   50   52   55   58   61   64   66   68
   70   71   72   73   74   75   76   77   78   78   79   80   81   81   81   81
   80   78   78   77   91   81   94  105   98                                   
    77.5-180.0 180.0   5.0 450.0                            LAT/LON1/LON2/DLON/H
  105   90   82   86   83   87   90   97  106  111  118  124  128  130  130  128
  123  117  110  102   94   85   77   69   62   56   51   47   44   41   39   38
   38   37   38   38   39   41   43   45   47   50   52   55   58   60   62   64
   65   66   66   67   67   68   69   70   72   73   75   77   79   81   82   83
   83   84   83   84   90   88   94  114  105                                   
    75.0-180.0 180.0   5.0 450.0                            LAT/LON1/LON2/DLON/H
  112   92   93   95   90   94   95  102  112  117  124  131  135  136  135  131
  124  116  106   96   86   76   67   59   52   47   43   40   39   37   37   37
   38   38   39   39   40   41   42   44   46   48   50   52   54   56   57   57
   58   57   57   57   57   57   59   61   63   66   70   73   77   80   84   86
   87   89   91   88   95  101  106  120  112                                   
    72.5-180.0 180.0   5.0 450.0                            LAT/LON1/LON2/DLON/H
  115  102  106  105   99   99  102  109  118  123  130  137  140  140  137  131
  122  112  100   88   77   66   57   50   45   41   39   38   37   38   39   40
   41   41   42   42   42   41   42   42   43   44   45   46   47   48   49   48
   47   46   45   44   44   45   46   49   53   58   63   68   74   79   85   89
   92   95  101  101  108  113  120  135  115                                   
    70.0-180.0 180.0   5.0 450.0                            LAT/LON1/LON2/DLON/H
  129  118  120  121  112  112  113  118  126  130  136  141  143  142  137  129
  118  105   92   79   67   57   49   43   39   37   36   37   39   41   43   45
   46   47   47   46   45   44   43   42   42   43   43   44   45   45   45   44
   42   41   39   38   38   39   41   45   50   57   63   70   77   83   90   96
  100  104  112  115  121  129  134  145  129                                   
    67.5-180.0 180.0   5.0 450.0                            LAT/LON1/LON2/DLON/H
  141  134  134  135  124  122  119  123  129  132  136  140  140  137  131  121
  108   95   82   69   58   49   42   37   34   33   33   35   38   41   44   45
   46   46   45   43   41   39   37   36   35   35   35   36   37   37   37   36
   34   32   30   29   29   31   34   39   46   54   62   71   79   86   93  100
  104  109  117  122  130  139  143  154  141                                   
    65.0-180.0 180.0   5.0 450.0                            LAT/LON1/LON2/DLON/H
  152  145  145  145  134  129  124  126  131  132  136  138  138  134  126  116
  103   91   78   67   58   49   43   38   35   34   34   36   39   41   43   44
   44   43   41   38   36   33   31   30   29   29   30   31   32   32   32   31
   29   27   25   24   24   27   31   38   47   56   66   76   84   92   99  105
  109  114  122  126  135  144  149  161  152                                   
    62.5-180.0 180.0   5.0 450.0                            LAT/LON1/LON2/DLON/H
  161  156  155  155  143  136  129  129  133  133  136  138  137  133  126  116
  105   94   84   74   65   57   51   45   41   39   39   40   41   42   43   43
   41   39   36   33   31   29   27   26   26   26   28   29   31   32   32   31
   29   26   24   23   24   27   34   42   52   64   75   85   94  101  108  113
  116  119  127  131  137  146  152  163  161                                   
    60.0-180.0 180.0   5.0 450.0                            LAT/LON1/LON2/DLON/H
  167  166  165  162  150  141  132  130  133  132  134  136  136  133  128  120
  112  104   95   87   79   71   63   56   51   47   45   44   43   43   42   39
   37   34   31   29   27   26   26   25   26   27   29   31   33   34   34   33
   31   28   26   24   26   30   37   47   60   72   84   95  103  110  117  121
  123  125  132  135  138  146  152  163  167                                   
    57.5-180.0 180.0   5.0 450.0                            LAT/LON1/LON2/DLON/H
  174  176  175  170  158  147  137  133  134  132  133  135  136  135  132  128
  122  116  110  102   94   85   76   68   60   55   51   48   46   43   40   37
   34   31   28   27   27   27   28   29   30   32   34   36   38   39   39   38
   35   32   29   28   29   34   43   54   68   81   94  104  113  120  127  131
  133  134  141  142  144  149  154  167  174                                   
    55.0-180.0 180.0   5.0 450.0                            LAT/LON1/LON2/DLON/H
  184  189  188  182  169  157  145  140  138  134  134  135  136  136  136  134
  132  128  122  115  106   97   87   78   69   62   57   53   49   45   41   37
   34   31   30   30   32   34   36   37   39   41   43   45   46   47   47   45
   42   38   35   34   35   40   49   62   76   90  102  112  121  129  136  142
  144  147  153  154  156  157  163  176  184                                   
    52.5-180.0 180.0   5.0 450.0                            LAT/LON1/LON2/DLON/H
  198  206  204  197  185  172  159  151  146  140  137  137  137  138  139  139
  138  135  129  121  112  103   93   85   77   70   64   59   55   51   46   42
   39   37   37   39   42   45   48   50   51   52   54   56   57   57   57   55
   51   47   44   42   43   49   59   71   85   98  109  119  128  136  145  153
  157  161  168  170  172  173  177  191  198                                   
    50.0-180.0 180.0   5.0 450.0                            LAT/LON1/LON2/DLON/H
  215  226  223  216  205  191  177  167  160  151  145  142  141  141  142  142
  141  136  129  121  112  104   96   90   83   78   73   68   63   59   54   50
   47   46   47   50   55   59   62   64   65   66   67   68   69   69   68   66
   63   59   56   54   56   62   72   83   96  107  117  126  135  144  155  164
  171  176  184  187  192  194  197  211  215                                   
    47.5-180.0 180.0   5.0 450.0                            LAT/LON1/LON2/DLON/H
  233  245  241  237  226  213  200  189  179  167  158  152  148  146  146  144
  140  134  125  116  109  103   98   94   90   86   82   78   73   68   63   59
   57   57   59   63   68   72   76   77   78   78   79   80   81   81   81   79
   77   74   72   71   73   79   88   99  109  118  126  134  144  154  165  176
  184  191  200  204  212  217  220  234  233                                   
    45.0-180.0 180.0   5.0 450.0                            LAT/LON1/LON2/DLON/H
  248  260  256  255  244  234  223  212  201  187  175  165  159  155  152  148
  140  130  120  112  105  102  100   99   97   95   91   86   81   76   71   67
   64   65   67   72   78   83   86   87   88   88   89   91   92   93   94   94
   93   92   90   90   93   99  108  117  125  131  138  145  154  165  178  189
  197  205  214  219  229  237  242  254  248                                   
    42.5-180.0 180.0   5.0 450.0                            LAT/LON1/LON2/DLON/H
  256  268  264  266  256  249  241  233  223  209  195  183  175  168  162  155
  144  131  120  112  107  106  107  107  106  102   98   91   85   78   73   69
   67   68   71   77   83   88   91   93   94   95   96   99  102  104  106  108
  108  108  108  110  113  119  127  134  141  146  151  158  167  178  191  202
  210  217  226  231  241  251  257  267  256                                   
    40.0-180.0 180.0   5.0 450.0                            LAT/LON1/LON2/DLON/H
  260  268  263  266  260  255  251  248  241  228  215  203  194  186  177  167
  153  138  127  120  117  117  118  117  113  108  100   91   82   75   69   66
   65   66   71   77   84   90   94   96   97   99  102  105  109  113  116  119
  121  122  123  125  129  135  143  149  155  159  163  170  180  192  205  215
  222  228  237  242  250  259  266  275  260                                   
    37.5-180.0 180.0   5.0 450.0                            LAT/LON1/LON2/DLON/H
  261  265  259  260  257  255  253  254  252  243  232  222  214  206  196  183
  168  153  143  137  136  135  133  127  119  108   97   86   76   68   63   61
   61   64   69   77   85   92   97   99  101  103  106  111  116  120  124  127
  128  129  131  133  138  145  152  160  165  169  173  181  193  206  219  230
  235  240  249  254  259  265  272  280  261                                   
    35.0-180.0 180.0   5.0 450.0                            LAT/LON1/LON2/DLON/H
  265  266  258  255  253  251  251  254  257  252  245  238  232  225  216  203
  188  174  166  162  161  156  147  134  119  104   91   79   70   63   60   59
   61   65   72   80   90   98  103  105  106  108  112  117  122  126  129  130
  131  130  131  133  138  147  156  164  170  175  181  191  205  220  235  246
  252  257  266  271  273  277  284  290  265                                   
    32.5-180.0 180.0   5.0 450.0                            LAT/LON1/LON2/DLON/H
  280  281  270  261  257  253  250  254  258  257  254  250  247  242  233  221
  207  196  190  187  183  172  155  134  115   99   86   77   70   66   65   66
   69   74   82   91  102  110  115  116  116  117  120  124  128  131  131  130
  128  126  125  127  133  142  154  164  172  179  187  199  216  234  252  266
  274  281  291  294  296  299  306  312  280                                   
    30.0-180.0 180.0   5.0 450.0                            LAT/LON1/LON2/DLON/H
  314  316  302  285  277  267  259  259  263  263  262  260  259  254  246  235
  223  214  209  204  194  176  152  128  109   97   89   84   82   82   83   85
   88   94  101  111  121  128  131  130  129  128  130  133  135  135  133  128
  123  118  115  116  123  134  147  160  171  180  190  205  225  247  269  287
  300  310  323  327  331  334  340  347  314                                   
    27.5-180.0 180.0   5.0 450.0                            LAT/LON1/LON2/DLON/H
  370  375  356  332  317  300  284  277  277  275  273  272  269  264  256  244
  233  224  217  207  191  167  141  121  109  105  105  106  109  111  114  116
  119  124  130  138  145  149  149  146  143  142  142  143  143  140  134  126
  117  109  104  104  111  124  140  155  168  179  191  209  231  258  285  309
  329  345  361  367  376  381  385  395  370                                   
    25.0-180.0 180.0   5.0 450.0                            LAT/LON1/LON2/DLON/H
  445  454  430  400  379  353  327  311  303  297  293  288  283  275  263  250
  237  226  214  198  175  150  129  119  119  126  135  144  150  154  156  157
  159  161  164  167  169  169  166  161  157  155  155  154  151  145  135  124
  112  102   95   94  101  115  132  150  165  178  192  211  236  266  297  329
  357  381  402  410  426  436  440  454  445                                   
    22.5-180.0 180.0   5.0 450.0                            LAT/LON1/LON2/DLON/H
  527  541  519  487  459  425  389  362  346  333  322  312  301  288  273  256
  240  224  205  182  156  135  126  131  145  164  181  194  202  205  205  202
  199  195  193  190  187  182  177  171  168  166  166  163  158  149  136  123
  109   97   89   88   94  108  126  145  163  178  194  214  241  273  308  346
  381  413  438  451  473  491  500  519  527                                   
    20.0-180.0 180.0   5.0 450.0                            LAT/LON1/LON2/DLON/H
  602  623  608  581  548  509  466  430  404  383  364  345  326  306  287  267
  247  225  200  171  147  135  140  160  189  217  238  250  254  253  247  238
  229  219  210  201  193  186  180  176  175  175  175  171  163  151  137  122
  108   96   87   85   90  103  122  143  162  179  197  219  247  280  318  360
  401  439  468  485  511  537  555  578  602                                   
    17.5-180.0 180.0   5.0 450.0                            LAT/LON1/LON2/DLON/H
  656  686  681  662  630  592  547  507  474  445  417  388  360  333  309  286
  263  237  206  176  156  155  175  210  249  279  295  299  295  285  273  258
  242  227  213  200  190  182  178  178  180  182  181  176  165  151  136  121
  107   96   88   85   89  102  121  142  163  182  202  225  254  288  328  372
  416  457  489  509  538  569  595  620  656                                   
    15.0-180.0 180.0   5.0 450.0                            LAT/LON1/LON2/DLON/H
  681  718  724  718  690  658  619  582  547  513  477  439  403  370  341  317
  292  263  230  202  189  199  233  278  317  339  342  332  315  297  278  258
  239  221  205  192  182  177  176  179  184  188  186  178  165  149  133  120
  108   98   91   88   92  104  122  143  165  187  208  233  262  297  337  381
  427  468  501  524  553  583  613  640  681                                   
    12.5-180.0 180.0   5.0 450.0                            LAT/LON1/LON2/DLON/H
  681  722  737  742  724  702  674  644  614  579  539  496  453  415  385  360
  335  307  276  253  247  267  308  352  382  387  370  342  312  286  264  243
  225  209  196  186  179  176  179  185  191  194  191  180  164  147  131  119
  110  101   95   92   95  106  124  146  169  191  214  239  269  305  344  388
  432  472  505  529  556  582  613  638  681                                   
    10.0-180.0 180.0   5.0 450.0                            LAT/LON1/LON2/DLON/H
  666  708  729  741  735  724  707  689  666  635  596  551  507  469  439  416
  394  370  344  325  326  350  389  422  432  413  373  328  288  259  238  222
  210  201  194  189  185  185  189  196  201  202  195  181  162  144  130  119
  111  104   98   94   96  107  125  147  171  194  217  244  275  311  351  392
  434  471  502  526  551  571  600  623  666                                   
     7.5-180.0 180.0   5.0 450.0                            LAT/LON1/LON2/DLON/H
  648  689  712  728  730  728  722  715  702  677  643  602  561  525  499  480
  464  445  425  412  415  435  462  475  459  413  353  295  253  228  215  209
