data/edconvlstm_nd/pred1240.15i
     1.0            IONOSPHERE MAPS     GNSS                IONEX VERSION / TYPE
pyspatialgeodesy        IME             05-JAN-18 20:20     PGM / RUN BY / DATE 
Map Name                                                    COMMENT             
Predicted global ionosphere maps (GIM).                     DESCRIPTION         
  2015     5     4     0     0     0                        EPOCH OF FIRST MAP  
  2015     5     5     0     0     0                        EPOCH OF LAST MAP   
  7200                                                      INTERVAL            
    13                                                      # OF MAPS IN FILE   
  NONE                                                      MAPPING FUNCTION    
10.0                                                        ELEVATION CUTOFF    
One-way carrier phase leveled to code                       OBSERVABLES USED    
  6371.0                                                    BASE RADIUS         
 2                                                          MAP DIMENSION       
   450.0 450.0   0.0                                        HGT1 / HGT2 / DHGT  
    87.5 -87.5  -2.5                                        LAT1 / LAT2 / DLAT  
  -180.0 180.0   5.0                                        LON1 / LON2 / DLON  
    -1                                                      EXPONENT            
                                                            END OF HEADER       
[from data line 3861]
    10                                                      START OF TEC MAP    
  2015     5     4    18     0     0                        EPOCH OF CURRENT MAP
    87.5-180.0 180.0   5.0 450.0                            LAT/LON1/LON2/DLON/H
  196  194  185  193  195  195  195  194  193  194  193  193  192  192  191  190
  189  187  186  184  183  181  179  177  175  173  171  169  167  166  164  163
  162  161  160  160  159  159  159  160  160  161  161  162  163  164  165  166
  168  169  170  171  172  174  175  176  177  178  179  180  181  182  183  184
  184  185  185  186  195  194  196  192  196                                   
    85.0-180.0 180.0   5.0 450.0                            LAT/LON1/LON2/DLON/H
  194  198  206  201  199  204  205  206  206  206  205  205  205  204  203  202
  201  200  198  196  194  192  190  187  184  182  179  176  174  171  169  167
  165  164  163  162  162  162  163  163  164  165  166  167  168  169  170  172
  173  175  176  177  179  180  182  183  184  186  187  188  189  190  191  192
  194  195  194  194  197  191  192  195  194                                   
    82.5-180.0 180.0   5.0 450.0                            LAT/LON1/LON2/DLON/H
  180  192  195  194  196  202  205  207  206  207  207  208  207  207  207  206
  205  204  202  200  197  195  191  188  184  180  176  172  168  164  161  158
  156  154  153  152  152  152  153  154  155  156  157  158  160  161  163  164
  166  167  169  171  172  174  175  177  178  180  181  182  183  184  185  186
  187  187  187  191  189  194  187  179  180                                   
    80.0-180.0 180.0   5.0 450.0                            LAT/LON1/LON2/DLON/H
  171  180  186  186  187  191  194  199  200  202  202  203  204  204  203  203
  202  201  200  198  196  193  189  185  181  176  170  165  160  155  150  147
  144  142  140  140  140  141  143  144  146  148  149  151  153  154  156  157
  159  160  162  164  165  167  168  170  171  172  174  175  175  176  177  178
  179  179  178  180  176  171  168  165  171                                   
    77.5-180.0 180.0   5.0 450.0                            LAT/LON1/LON2/DLON/H
  166  164  171  172  176  180  184  188  190  193  193  195  196  197  197  198
  198  198  198  197  196  195  192  189  184  179  173  167  161  155  150  146
  143  141  140  140  141  143  145  147  149  150  152  153  154  155  155  156
  157  158  159  159  160  161  162  162  163  164  164  165  165  165  165  165
  165  164  163  165  165  155  154  155  166                                   
    75.0-180.0 180.0   5.0 450.0                            LAT/LON1/LON2/DLON/H
  157  157  159  161  165  170  173  177  180  183  184  186  187  188  188  189
  190  192  193  194  195  195  194  192  188  184  178  172  165  158  153  148
  145  143  143  144  146  149  151  153  155  156  157  157  157  157  156  156
  156  155  155  155  155  155  155  155  155  155  155  156  156  156  156  156
  155  155  155  153  153  145  144  136  157                                   
    72.5-180.0 180.0   5.0 450.0                            LAT/LON1/LON2/DLON/H
  151  152  154  160  161  166  169  172  174  177  178  180  180  181  182  183
  185  187  190  193  196  198  199  198  196  192  186  180  173  166  160  156
  153  152  152  154  157  160  163  165  166  166  165  164  163  161  159  158
  156  155  154  153  152  150  149  148  148  147  147  148  148  148  148  148
  146  146  146  144  144  139  141  138  151                                   
    70.0-180.0 180.0   5.0 450.0                            LAT/LON1/LON2/DLON/H
  153  155  158  161  162  165  166  170  172  174  175  176  176  176  176  177
  178  181  185  190  195  198  201  202  200  197  191  185  178  171  166  162
  159  159  160  163  166  169  171  173  173  172  171  168  165  162  160  157
  155  153  151  148  146  144  142  140  139  139  139  139  140  141  142  142
  142  142  143  142  144  142  147  142  153                                   
    67.5-180.0 180.0   5.0 450.0                            LAT/LON1/LON2/DLON/H
  160  166  169  171  172  174  175  177  179  181  181  182  181  180  179  179
  180  183  188  193  198  203  206  208  207  203  198  192  185  179  174  170
  169  169  171  174  177  180  182  183  182  181  178  174  170  167  163  160
  157  155  152  149  146  143  141  138  137  136  136  137  138  139  141  142
  142  143  145  144  146  148  154  150  160                                   
    65.0-180.0 180.0   5.0 450.0                            LAT/LON1/LON2/DLON/H
  167  176  179  180  179  180  180  182  183  186  187  187  186  184  182  181
  182  184  188  193  199  204  207  208  206  203  198  192  187  181  177  175
  175  175  177  180  183  186  188  188  187  184  180  176  171  167  163  160
  156  153  150  146  143  139  135  133  131  130  130  131  132  134  137  139
  140  142  145  147  151  156  165  161  167                                   
    62.5-180.0 180.0   5.0 450.0                            LAT/LON1/LON2/DLON/H
  173  186  189  189  187  187  186  187  189  193  194  195  194  192  190  188
  187  189  192  196  201  204  206  206  204  200  196  191  186  183  181  180
  180  181  183  186  188  190  192  192  190  187  183  178  173  168  164  160
  156  152  149  144  140  136  132  129  127  125  125  126  128  130  133  136
  138  140  144  147  153  160  170  168  173                                   
    60.0-180.0 180.0   5.0 450.0                            LAT/LON1/LON2/DLON/H
  175  190  194  193  191  190  189  190  193  197  199  201  201  199  197  195
  194  195  196  199  201  202  202  200  198  194  191  188  185  184  184  184
  186  187  189  191  193  195  196  196  195  192  188  183  177  172  167  162
  158  153  148  144  139  135  131  127  125  123  122  123  125  127  130  132
  134  137  142  145  152  161  173  171  175                                   
    57.5-180.0 180.0   5.0 450.0                            LAT/LON1/LON2/DLON/H
  174  191  195  194  192  192  190  191  195  199  202  205  206  205  204  202
  201  201  201  201  200  199  197  194  191  188  186  185  186  187  189  191
  193  195  197  199  201  202  203  204  203  200  196  191  185  179  173  167
  161  155  150  145  140  136  132  129  126  124  123  123  124  125  127  130
  131  134  138  141  149  158  171  170  174                                   
    55.0-180.0 180.0   5.0 450.0                            LAT/LON1/LON2/DLON/H
  172  189  194  194  193  194  193  194  198  202  206  209  210  211  210  209
  208  207  205  203  199  196  192  189  186  184  184  186  188  192  195  199
  202  204  206  208  210  212  214  215  214  212  208  203  196  189  181  173
  166  159  153  148  144  140  136  133  130  128  126  125  125  126  128  130
  131  133  136  138  145  153  166  166  172                                   
    52.5-180.0 180.0   5.0 450.0                            LAT/LON1/LON2/DLON/H
  170  188  194  196  197  200  200  201  204  208  211  213  215  216  216  216
  215  213  209  204  199  194  189  186  184  184  186  189  193  198  202  207
  211  214  216  219  221  224  226  228  227  225  221  214  207  198  189  180
  172  164  157  152  148  145  143  140  137  135  132  131  130  130  131  133
  133  135  136  137  143  150  162  163  170                                   
    50.0-180.0 180.0   5.0 450.0                            LAT/LON1/LON2/DLON/H
  172  190  198  202  205  212  213  215  218  220  221  222  223  224  224  224
  222  219  214  208  201  195  191  189  189  190  193  196  200  204  209  213
  218  222  226  230  234  237  239  241  240  237  232  224  215  206  196  186
  177  169  162  158  155  153  151  149  146  144  141  139  137  137  138  139
  139  140  140  140  144  149  161  163  172                                   
    47.5-180.0 180.0   5.0 450.0                            LAT/LON1/LON2/DLON/H
  178  197  206  213  219  229  233  236  238  240  239  238  237  236  235  234
  232  227  221  214  207  202  199  199  199  201  203  204  206  209  213  218
  223  229  236  241  246  250  252  253  251  246  239  230  220  210  200  190
  181  173  167  163  161  160  159  158  156  153  150  148  146  146  146  147
  147  147  147  146  149  153  164  167  178                                   
    45.0-180.0 180.0   5.0 450.0                            LAT/LON1/LON2/DLON/H
  187  208  217  228  237  250  256  262  264  266  264  261  258  255  252  249
  245  239  232  225  219  215  214  214  215  216  215  214  212  212  215  220
  227  236  244  252  259  262  264  263  258  252  242  232  221  211  201  192
  184  177  172  168  167  166  166  165  163  161  159  157  155  155  155  155
  155  156  155  154  155  159  169  173  187                                   
    42.5-180.0 180.0   5.0 450.0                            LAT/LON1/LON2/DLON/H
  198  219  230  243  255  270  280  288  292  295  293  290  285  280  275  269
  263  256  249  242  237  235  235  235  235  233  228  223  218  216  217  223
  232  244  256  266  273  277  276  272  265  256  244  233  221  211  202  194
  187  181  176  173  172  171  171  170  168  167  165  164  163  162  162  163
  162  162  162  160  162  165  174  180  198                                   
    40.0-180.0 180.0   5.0 450.0                            LAT/LON1/LON2/DLON/H
  207  229  240  255  269  286  299  309  318  322  323  321  317  310  303  295
  287  278  271  265  262  260  260  259  256  250  241  232  225  222  224  232
  244  259  273  285  292  294  291  284  274  262  249  236  224  213  205  197
  191  186  181  178  176  175  174  173  172  171  170  170  169  168  168  167
  165  165  165  164  166  170  179  185  207                                   
    37.5-180.0 180.0   5.0 450.0                            LAT/LON1/LON2/DLON/H
  212  235  246  261  277  294  310  323  335  345  349  351  348  342  334  324
  315  306  299  294  292  290  288  285  278  268  256  245  238  236  240  251
  267  284  300  312  318  318  312  302  289  275  261  247  234  223  213  206
  199  193  188  184  181  179  178  176  175  174  174  174  174  172  170  168
  165  165  164  164  167  171  180  186  212                                   
    35.0-180.0 180.0   5.0 450.0                            LAT/LON1/LON2/DLON/H
  214  235  247  260  277  294  312  327  344  358  368  375  375  372  364  355
  345  337  332  328  326  323  319  311  300  288  275  265  260  262  271  286
  304  322  338  349  353  350  341  327  312  297  281  267  253  240  229  220
  211  203  197  191  187  185  183  182  180  179  179  179  179  176  172  168
  163  162  160  160  164  169  178  183  214                                   
    32.5-180.0 180.0   5.0 450.0                            LAT/LON1/LON2/DLON/H
  212  232  243  256  272  287  306  323  343  362  378  390  396  396  391  383
  376  370  366  364  362  358  350  339  326  312  301  294  295  303  318  336
  356  374  388  396  397  389  376  360  343  326  311  296  280  265  251  239
  228  218  209  202  197  195  193  192  190  189  189  188  186  181  175  168
  162  159  156  156  161  165  174  179  212                                   
    30.0-180.0 180.0   5.0 450.0                            LAT/LON1/LON2/DLON/H
  210  227  238  250  265  279  298  316  338  360  381  398  409  413  412  408
  404  401  401  401  398  393  383  370  356  344  337  338  346  362  381  402
  421  436  446  449  445  433  415  395  377  360  345  329  312  294  277  262
  247  235  224  216  211  210  210  209  208  206  204  201  197  190  182  172
  163  159  155  155  159  162  171  176  210                                   
    27.5-180.0 180.0   5.0 450.0                            LAT/LON1/LON2/DLON/H
  209  223  233  246  262  274  293  309  332  356  380  400  415  424  427  428
  428  430  433  435  433  427  417  405  393  386  386  395  412  435  458  479
  494  503  505  501  490  472  450  428  407  390  375  359  341  321  302  284
  267  253  241  233  230  230  233  234  233  229  225  220  213  203  192  180
  170  165  159  158  160  162  170  176  209                                   
    25.0-180.0 180.0   5.0 450.0                            LAT/LON1/LON2/DLON/H
  211  222  231  246  263  275  292  307  330  354  378  400  418  431  439  445
  450  456  462  466  466  462  455  446  440  440  448  465  489  515  539  556
  563  563  555  542  523  500  474  448  425  408  392  376  358  339  319  300
  283  268  257  251  250  254  260  264  263  258  250  242  231  219  206  192
  182  176  169  166  167  166  173  179  211                                   
    22.5-180.0 180.0   5.0 450.0                            LAT/LON1/LON2/DLON/H
  215  224  233  251  271  282  298  312  332  355  378  401  421  437  450  461
  470  480  490  496  499  499  496  495  496  503  518  540  566  592  611  619
  616  604  586  564  539  511  480  451  426  406  391  376  359  341  323  306
  291  279  270  266  270  278  288  295  295  288  276  264  250  235  221  207
  197  192  184  179  176  174  178  185  215                                   
    20.0-180.0 180.0   5.0 450.0                            LAT/LON1/LON2/DLON/H
  220  228  237  259  281  294  309  322  340  361  382  405  426  445  463  478
  493  506  518  527  534  538  542  549  557  570  588  609  632  651  661  658
  644  621  595  567  537  506  472  438  409  387  371  357  343  329  315  303
  292  284  278  279  286  299  313  322  321  312  297  281  265  249  235  222
  212  208  201  194  186  181  184  191  220                                   
    17.5-180.0 180.0   5.0 450.0                            LAT/LON1/LON2/DLON/H
  224  231  241  267  292  306  322  334  351  370  390  411  434  457  479  499
  518  535  549  561  571  581  592  605  619  633  647  662  675  683  682  670
  647  618  586  556  525  492  456  418  385  359  341  328  317  309  302  297
  292  287  286  290  300  315  331  340  339  327  309  290  272  256  243  232
  224  222  214  206  194  186  187  195  224                                   
    15.0-180.0 180.0   5.0 450.0                            LAT/LON1/LON2/DLON/H
  222  230  241  270  298  314  332  345  362  380  399  421  444  470  497  522
  545  565  583  598  611  626  643  660  674  683  688  691  692  689  678  659
  632  601  570  541  512  480  443  402  365  336  316  303  297  294  294  295
  295  294  295  300  311  327  342  350  346  332  311  289  270  255  244  235
  229  228  221  211  196  186  184  194  222                                   
    12.5-180.0 180.0   5.0 450.0                            LAT/LON1/LON2/DLON/H
  213  222  236  265  295  314  335  351  370  389  409  431  456  485  515  544
  571  595  616  634  652  670  690  706  716  715  708  698  687  675  659  637
  610  582  555  530  506  477  441  400  361  329  307  296  292  295  300  304
  306  306  306  310  319  333  345  350  344  327  303  280  260  246  237  230
  226  226  219  208  192  180  175  186  213                                   
    10.0-180.0 180.0   5.0 450.0                            LAT/LON1/LON2/DLON/H
  199  209  225  254  285  307  332  352  375  396  417  441  467  498  530  562
  592  619  644  665  686  707  727  739  740  728  709  687  668  652  635  615
  592  569  548  529  510  486  454  415  376  344  323  312  310  315  321  324
  324  320  317  318  323  333  341  343  335  316  291  265  246  232  224  219
  216  215  208  196  181  169  163  175  199                                   
     7.5-180.0 180.0   5.0 450.0                            LAT/LON1/LON2/DLON/H
  182  195  212  240  271  295  324  348  375  401  425  449  476  507  540  573
  605  634  661  685  709  730  748  754  746  724  695  668  647  631  616  601
