data/edconvlstm_nd/pred3170.15i
     1.0            IONOSPHERE MAPS     GNSS                IONEX VERSION / TYPE
pyspatialgeodesy        IME             05-JAN-18 20:20     PGM / RUN BY / DATE 
Map Name                                                    COMMENT             
Predicted global ionosphere maps (GIM).                     DESCRIPTION         
  2015    11    13     0     0     0                        EPOCH OF FIRST MAP  
  2015    11    14     0     0     0                        EPOCH OF LAST MAP   
  7200                                                      INTERVAL            
    13                                                      # OF MAPS IN FILE   
  NONE                                                      MAPPING FUNCTION    
10.0                                                        ELEVATION CUTOFF    
One-way carrier phase leveled to code                       OBSERVABLES USED    
  6371.0                                                    BASE RADIUS         
 2                                                          MAP DIMENSION       
   450.0 450.0   0.0                                        HGT1 / HGT2 / DHGT  
    87.5 -87.5  -2.5                                        LAT1 / LAT2 / DLAT  
  -180.0 180.0   5.0                                        LON1 / LON2 / DLON  
    -1                                                      EXPONENT            
                                                            END OF HEADER       
[from data line 3003]
     8                                                      START OF TEC MAP    
  2015    11    13    14     0     0                        EPOCH OF CURRENT MAP
    87.5-180.0 180.0   5.0 450.0                            LAT/LON1/LON2/DLON/H
   50   62   66   69   73   72   73   70   71   73   73   74   75   75   75   75
   75   75   75   74   74   73   72   71   70   69   68   67   65   64   62   61
   59   58   57   55   54   53   52   51   50   50   49   49   48   48   48   48
   49   49   50   50   51   51   52   52   53   53   54   54   55   55   56   57
   58   59   56   54   58   60   74   76   50                                   
    85.0-180.0 180.0   5.0 450.0                            LAT/LON1/LON2/DLON/H
   53   70   85   69   71   75   75   77   78   80   80   81   81   81   82   82
   82   82   82   82   82   81   81   80   80   79   77   76   75   73   71   70
   68   66   65   63   62   60   59   58   57   56   55   54   54   54   53   53
   54   54   55   55   56   56   57   57   58   58   59   59   60   60   61   62
   63   63   60   57   62   64   73   68   53                                   
    82.5-180.0 180.0   5.0 450.0                            LAT/LON1/LON2/DLON/H
   42   56   68   59   62   64   66   68   69   71   72   73   74   74   75   75
   76   76   77   77   78   78   78   77   77   76   75   74   72   70   68   66
   64   61   59   57   55   53   52   50   49   48   47   46   45   45   44   44
   44   45   45   45   46   46   47   47   48   48   48   48   49   49   49   50
   51   51   49   47   55   63   61   58   42                                   
    80.0-180.0 180.0   5.0 450.0                            LAT/LON1/LON2/DLON/H
   31   43   57   50   54   53   56   56   59   61   62   64   64   65   66   67
   68   69   70   72   73   74   75   76   76   76   75   73   72   70   67   65
   62   60   57   55   53   51   49   47   45   43   42   40   39   39   38   38
   38   39   39   40   41   41   42   42   42   42   41   41   41   41   41   41
   42   42   42   42   45   52   51   53   31                                   
    77.5-180.0 180.0   5.0 450.0                            LAT/LON1/LON2/DLON/H
   37   42   45   40   42   42   44   45   48   49   49   51   53   54   55   57
   59   61   63   66   69   72   75   77   78   78   78   77   75   72   70   67
   64   61   58   56   53   51   48   45   42   40   37   35   33   31   31   31
   31   32   33   34   35   36   36   36   36   35   34   33   32   31   30   30
   30   31   31   32   33   35   39   43   37                                   
    75.0-180.0 180.0   5.0 450.0                            LAT/LON1/LON2/DLON/H
   23   33   34   33   36   36   36   37   39   40   40   42   42   43   44   46
   48   52   56   60   65   71   75   80   83   84   85   84   82   80   77   74
   71   68   66   64   61   59   56   53   49   45   41   38   35   33   32   32
   32   34   35   37   38   39   39   38   37   36   34   32   30   29   28   27
   27   28   28   28   31   30   31   27   23                                   
    72.5-180.0 180.0   5.0 450.0                            LAT/LON1/LON2/DLON/H
   27   33   32   32   32   32   33   32   32   33   32   33   33   34   35   36
   39   43   48   55   63   70   78   84   89   92   93   93   91   88   85   82
   79   77   75   74   72   70   67   63   59   53   48   42   38   35   33   32
   33   35   36   38   39   39   39   38   36   34   32   29   27   25   24   23
   23   23   25   25   29   29   31   30   27                                   
    70.0-180.0 180.0   5.0 450.0                            LAT/LON1/LON2/DLON/H
   26   32   34   34   34   33   32   32   32   33   32   32   31   31   31   32
   35   39   46   54   64   75   85   94  101  106  108  108  106  102   99   95
   92   90   88   88   87   85   83   79   73   66   59   52   46   42   39   39
   39   40   42   43   44   44   43   41   39   37   34   32   29   28   27   26
   26   26   28   28   32   32   38   37   26                                   
    67.5-180.0 180.0   5.0 450.0                            LAT/LON1/LON2/DLON/H
   28   34   35   35   35   35   35   35   34   34   33   33   31   30   30   30
   33   37   45   55   67   79   92  103  111  117  119  119  117  113  108  104
  101   98   97   97   96   96   93   89   83   76   68   59   52   47   43   42
   42   43   44   44   44   44   42   40   38   36   34   32   30   29   28   28
   28   28   30   29   33   34   38   36   28                                   
    65.0-180.0 180.0   5.0 450.0                            LAT/LON1/LON2/DLON/H
   26   33   34   35   35   35   35   36   36   36   35   35   33   32   31   31
   33   37   45   56   70   85   99  112  121  128  131  130  128  123  119  114
  110  107  105  105  105  105  103   99   92   84   75   66   57   51   47   45
   45   45   45   45   44   42   40   38   36   35   33   32   31   31   30   30
   31   31   33   32   36   38   40   39   26                                   
    62.5-180.0 180.0   5.0 450.0                            LAT/LON1/LON2/DLON/H
   23   30   30   33   34   34   35   36   37   38   37   37   36   34   33   33
   34   39   47   59   73   89  104  117  128  134  138  138  136  132  127  122
  118  114  112  111  110  109  107  103   97   88   78   68   59   53   48   46
   44   44   43   41   39   37   35   33   32   31   31   31   31   30   30   31
   31   31   33   32   34   35   37   37   23                                   
    60.0-180.0 180.0   5.0 450.0                            LAT/LON1/LON2/DLON/H
   18   25   26   29   29   29   30   32   33   35   36   37   36   35   34   34
   36   40   49   60   75   91  106  119  130  137  141  142  141  139  135  131
  126  121  118  115  114  112  109  105   98   89   79   69   60   53   48   45
   43   41   39   37   34   31   29   28   27   28   28   28   29   29   29   29
   29   29   31   30   32   31   31   32   18                                   
    57.5-180.0 180.0   5.0 450.0                            LAT/LON1/LON2/DLON/H
   14   21   22   25   26   25   26   28   30   32   34   36   37   37   37   37
   40   45   53   65   79   94  108  120  130  138  143  146  148  148  146  143
  138  133  128  124  121  118  115  110  103   94   84   74   64   57   52   48
   45   43   40   37   33   30   28   28   28   28   29   30   30   30   30   30
   30   29   31   31   32   29   28   29   14                                   
    55.0-180.0 180.0   5.0 450.0                            LAT/LON1/LON2/DLON/H
   15   21   22   25   25   23   24   25   27   28   31   34   36   38   39   41
   45   50   59   71   84   98  110  121  130  138  145  151  155  158  159  156
  152  146  140  135  130  126  122  117  111  102   92   82   73   65   59   55
   51   48   44   40   37   34   33   32   33   34   35   35   35   34   34   34
   33   33   35   34   35   30   28   29   15                                   
    52.5-180.0 180.0   5.0 450.0                            LAT/LON1/LON2/DLON/H
   22   26   26   29   28   26   26   25   26   27   29   32   35   38   42   45
   51   58   68   79   91  103  113  123  131  140  148  156  163  168  170  169
  165  159  153  147  142  138  133  128  122  114  105   95   86   78   71   66
   61   57   53   49   46   44   43   43   44   45   45   45   44   43   42   42
   41   42   44   43   43   38   35   34   22                                   
    50.0-180.0 180.0   5.0 450.0                            LAT/LON1/LON2/DLON/H
   36   37   37   39   37   36   34   31   30   29   29   32   35   39   44   50
   57   66   77   88   99  109  118  127  135  144  153  163  171  177  180  179
  175  170  164  159  154  150  147  142  137  129  121  111  102   93   86   79
   73   69   65   62   59   58   58   58   59   59   59   58   57   56   55   54
   54   55   57   57   56   52   49   46   36                                   
    47.5-180.0 180.0   5.0 450.0                            LAT/LON1/LON2/DLON/H
   54   54   52   54   52   52   48   44   40   37   35   35   38   42   48   56
   65   76   87   98  109  118  126  133  141  150  160  170  178  183  184  183
  179  175  171  168  166  164  161  157  152  145  137  129  119  110  101   93
   86   81   77   75   74   73   73   74   74   73   73   71   70   69   68   68
   68   70   72   72   73   70   68   62   54                                   
    45.0-180.0 180.0   5.0 450.0                            LAT/LON1/LON2/DLON/H
   73   71   69   72   70   70   66   61   56   51   46   44   45   48   54   63
   73   85   97  108  119  127  134  142  150  159  169  177  182  184  183  180
  178  176  175  175  176  176  174  171  166  160  152  143  134  123  113  103
   96   90   87   86   85   85   85   85   85   84   82   81   80   80   80   80
   81   83   85   86   88   87   87   79   73                                   
    42.5-180.0 180.0   5.0 450.0                            LAT/LON1/LON2/DLON/H
   87   85   82   86   86   87   83   80   74   68   62   58   56   58   63   72
   82   94  106  118  129  137  145  152  161  170  177  183  184  182  178  174
  172  173  177  182  187  189  188  184  178  171  163  154  144  132  121  110
  101   96   93   92   92   92   92   91   89   88   86   85   85   86   87   88
   89   90   93   93   96   98   98   92   87                                   
    40.0-180.0 180.0   5.0 450.0                            LAT/LON1/LON2/DLON/H
   91   91   87   93   94   97   95   95   91   86   79   74   70   70   75   82
   92  104  116  128  139  148  156  164  172  180  186  188  185  179  173  169
  170  175  184  194  202  205  204  198  189  180  170  160  149  137  125  113
  103   97   95   94   94   93   92   90   87   86   84   84   85   87   88   90
   91   91   92   92   95   97   97   94   91                                   
    37.5-180.0 180.0   5.0 450.0                            LAT/LON1/LON2/DLON/H
   85   85   83   90   93   98   99  102  102  100   94   89   84   84   87   93
  103  114  126  139  150  160  168  176  184  190  193  193  188  181  175  174
  178  189  203  216  226  229  225  215  202  189  177  165  154  141  128  115
  105   99   96   95   94   92   89   86   83   81   80   80   82   83   85   86
   86   85   85   83   85   86   86   86   85                                   
    35.0-180.0 180.0   5.0 450.0                            LAT/LON1/LON2/DLON/H
   72   73   71   79   82   88   93  100  104  106  103  100   97   96   99  106
  114  125  137  150  162  172  181  188  194  199  201  200  196  192  190  195
  205  221  238  254  262  263  254  238  220  202  187  174  161  148  134  121
  111  105  102  100   98   95   90   86   82   80   79   79   79   80   81   81
   79   76   75   72   72   71   70   73   72                                   
    32.5-180.0 180.0   5.0 450.0                            LAT/LON1/LON2/DLON/H
   58   60   57   64   67   72   79   88   97  102  104  105  104  106  110  117
  126  137  149  162  174  185  193  199  204  208  210  212  213  216  223  236
  253  273  293  307  313  307  292  270  245  223  205  190  176  162  149  136
  126  120  117  114  111  106  100   95   91   88   86   85   83   82   81   79
   75   71   69   64   63   58   58   62   58                                   
    30.0-180.0 180.0   5.0 450.0                            LAT/LON1/LON2/DLON/H
   49   50   46   51   52   55   62   71   82   91   97  102  106  112  119  128
  138  149  162  175  187  197  204  209  212  216  222  229  240  255  274  296
  320  343  362  373  373  361  339  310  281  254  233  216  202  188  175  163
  154  148  144  141  137  131  124  117  112  109  106  102   98   93   89   85
   79   73   70   63   62   55   53   56   49                                   
    27.5-180.0 180.0   5.0 450.0                            LAT/LON1/LON2/DLON/H
   47   49   43   45   44   44   48   55   65   74   83   92  102  112  124  136
  148  161  175  188  200  209  214  217  220  226  236  253  276  305  336  368
  398  424  440  446  438  419  391  357  324  296  273  255  240  226  213  202
  193  188  184  181  176  169  161  154  148  144  139  133  125  116  108  101
   93   87   81   73   72   63   58   57   47                                   
    25.0-180.0 180.0   5.0 450.0                            LAT/LON1/LON2/DLON/H
   54   54   45   47   45   42   43   45   52   60   69   79   93  109  125  141
  157  172  186  200  211  218  222  225  228  237  254  281  317  359  403  444
  480  505  518  516  500  475  442  407  374  345  323  305  289  275  262  251
  242  237  233  230  224  217  209  201  195  190  183  174  162  149  137  127
  117  111  102   95   92   81   73   66   54                                   
    22.5-180.0 180.0   5.0 450.0                            LAT/LON1/LON2/DLON/H
   68   64   53   54   52   47   45   44   46   51   58   69   84  103  124  144
  163  180  196  209  219  225  229  232  237  250  274  311  359  413  466  514
  552  575  581  571  549  520  487  454  424  399  378  360  344  330  316  304
  296  290  286  282  276  268  260  252  245  239  230  218  203  187  172  159
  148  141  130  124  120  105   95   82   68                                   
    20.0-180.0 180.0   5.0 450.0                            LAT/LON1/LON2/DLON/H
   87   79   65   64   62   56   53   49   47   49   53   64   79  100  123  147
  168  188  204  217  226  232  235  240  249  266  297  342  398  458  516  566
  602  619  618  602  577  548  520  494  471  451  433  417  401  385  370  357
  347  340  334  328  322  314  305  296  288  280  270  257  241  222  206  191
  179  172  158  154  148  132  119  104   87                                   
    17.5-180.0 180.0   5.0 450.0                            LAT/LON1/LON2/DLON/H
  106   95   78   75   71   65   63   57   53   53   56   65   81  102  127  152
  176  197  214  226  234  239  244  251  264  287  323  372  431  492  548  593
  621  630  623  604  581  558  538  522  509  496  483  468  452  435  418  403
  391  380  371  363  354  344  333  323  314  305  295  282  266  248  231  216
  203  195  181  177  169  153  141  125  106                                   
    15.0-180.0 180.0   5.0 450.0                            LAT/LON1/LON2/DLON/H
  118  109   90   84   78   71   71   64   60   60   62   72   88  110  135  162
  187  209  227  238  245  250  257  268  286  313  351  401  457  513  560  594
  611  613  603  586  569  555  547  542  538  532  523  509  492  474  456  438
  422  406  392  380  367  355  342  330  321  312  302  291  276  259  243  228
  214  206  193  188  179  165  154  138  118                                   
    12.5-180.0 180.0   5.0 450.0                            LAT/LON1/LON2/DLON/H
  122  115   97   89   81   74   75   70   66   66   70   81   98  122  149  177
  204  227  244  255  262  268  278  293  315  344  382  428  477  522  556  577
  584  580  570  559  551  548  550  555  559  558  550  537  519  500  480  460
  440  419  399  380  363  348  333  321  311  303  294  284  271  256  241  227
  214  205  193  187  178  166  157  142  122                                   
    10.0-180.0 180.0   5.0 450.0                            LAT/LON1/LON2/DLON/H
  120  115  100   90   82   74   76   71   70   72   78   91  110  135  164  194
  224  248  267  278  285  294  306  325  350  380  416  455  493  524  544  552
  551  545  539  535  537  543  554  566  574  575  567  553  534  514  494  472
  448  422  395  370  349  330  314  301  292  284  277  268  257  244  231  217
  204  195  185  178  170  160  152  137  120                                   
     7.5-180.0 180.0   5.0 450.0                            LAT/LON1/LON2/DLON/H
  117  113  100   89   81   71   73   70   70   74   82   98  120  148  180  213
  245  272  292  305  314  325  342  364  390  419  449  480  506  523  531  531
