data/edconvlstm_nd/pred2250.15i
     1.0            IONOSPHERE MAPS     GNSS                IONEX VERSION / TYPE
pyspatialgeodesy        IME             05-JAN-18 20:20     PGM / RUN BY / DATE 
Map Name                                                    COMMENT             
Predicted global ionosphere maps (GIM).                     DESCRIPTION         
  2015     8    13     0     0     0                        EPOCH OF FIRST MAP  
  2015     8    14     0     0     0                        EPOCH OF LAST MAP   
  7200                                                      INTERVAL            
    13                                                      # OF MAPS IN FILE   
  NONE                                                      MAPPING FUNCTION    
10.0                                                        ELEVATION CUTOFF    
One-way carrier phase leveled to code                       OBSERVABLES USED    
  6371.0                                                    BASE RADIUS         
 2                                                          MAP DIMENSION       
   450.0 450.0   0.0                                        HGT1 / HGT2 / DHGT  
    87.5 -87.5  -2.5                                        LAT1 / LAT2 / DLAT  
  -180.0 180.0   5.0                                        LON1 / LON2 / DLON  
    -1                                                      EXPONENT            
                                                            END OF HEADER       
[from data line 4719]
    12                                                      START OF TEC MAP    
  2015     8    13    22     0     0                        EPOCH OF CURRENT MAP
    87.5-180.0 180.0   5.0 450.0                            LAT/LON1/LON2/DLON/H
  137  123  107  113  115  112  112  110  110  112  111  112  113  113  114  114
  115  115  115  115  115  115  115  114  114  113  112  111  110  109  109  108
  107  106  105  104  104  103  102  102  101  101  101  100  100  100  100  100
  100  100  100  100  100  100  100  100  100  100  101  101  101  102  102  102
  102  103  102  102  115  112  125  131  137                                   
    85.0-180.0 180.0   5.0 450.0                            LAT/LON1/LON2/DLON/H
  132  125  126  117  114  118  118  119  120  122  121  123  123  124  125  125
  126  126  126  126  126  126  125  125  124  123  122  121  119  118  117  115
  114  113  111  110  109  108  108  107  106  106  106  105  105  105  105  105
  105  105  105  105  105  106  106  106  107  107  108  108  109  110  110  111
  112  112  111  109  114  111  114  115  132                                   
    82.5-180.0 180.0   5.0 450.0                            LAT/LON1/LON2/DLON/H
  109  107  108  104  104  108  111  111  111  113  114  116  117  119  120  121
  122  123  123  123  123  123  122  121  120  119  117  116  114  112  110  108
  106  105  103  102  101  100   99   98   97   97   97   96   96   96   96   96
   96   96   96   97   97   97   97   98   98   99   99  100  101  101  102  102
  103  102  101  106  110  118  110  111  109                                   
    80.0-180.0 180.0   5.0 450.0                            LAT/LON1/LON2/DLON/H
   97   99  104  100   99   99  105  109  111  114  116  119  121  123  125  126
  127  128  128  128  128  128  127  125  123  121  119  116  114  111  108  106
  104  102  100   98   97   96   95   94   94   94   94   94   94   94   94   94
   94   94   94   94   94   94   94   95   95   96   97   97   98   99  100  101
  102  102  102  104  104  104  102  110   97                                   
    77.5-180.0 180.0   5.0 450.0                            LAT/LON1/LON2/DLON/H
  102   95  101   97   99  100  105  109  111  115  117  121  124  127  129  131
  132  133  133  133  133  132  131  129  127  125  122  118  115  112  109  106
  104  101  100   98   97   97   96   96   96   96   96   97   97   97   97   97
   97   97   96   96   95   95   95   95   95   96   97   97   98   99  101  101
  102  102  103  104  107  104  106  120  102                                   
    75.0-180.0 180.0   5.0 450.0                            LAT/LON1/LON2/DLON/H
  101   96   97   93   96  100  104  108  112  118  121  126  129  132  134  135
  136  136  136  136  135  134  132  130  128  125  121  118  114  111  107  104
  102  100   99   98   97   97   97   97   98   98   98   99   99   99   99   98
   98   97   96   95   95   94   94   93   94   94   95   97   98   99  101  103
  104  105  106  104  105  101  103  105  101                                   
    72.5-180.0 180.0   5.0 450.0                            LAT/LON1/LON2/DLON/H
  102   95   95   97   96  100  106  109  113  119  123  128  132  135  136  137
  137  136  136  135  133  132  130  127  124  120  116  112  108  104  101   98
   96   95   94   94   94   94   94   95   95   96   96   97   97   97   97   96
   96   94   93   92   91   90   89   89   89   90   91   92   94   96   98  100
  101  102  103  100  100   99  101  110  102                                   
    70.0-180.0 180.0   5.0 450.0                            LAT/LON1/LON2/DLON/H
  105   97   96   96   95   99  104  109  115  122  127  132  135  138  139  138
  137  136  134  132  129  127  125  121  118  114  109  105  101   97   94   92
   90   89   89   89   90   90   90   91   91   91   92   92   92   92   92   91
   90   88   86   85   83   82   81   81   82   83   84   86   89   91   94   97
   99  100  103  101  102  101  104  111  105                                   
    67.5-180.0 180.0   5.0 450.0                            LAT/LON1/LON2/DLON/H
  111  103  103  104  104  106  112  118  124  131  136  142  145  147  148  147
  144  142  139  136  133  129  126  122  118  113  108  104   99   96   93   91
   90   89   89   89   89   90   90   90   90   90   90   90   90   90   89   89
   87   85   83   82   80   79   78   78   79   81   83   86   88   92   95   98
  101  103  104  103  102  103  104  112  111                                   
    65.0-180.0 180.0   5.0 450.0                            LAT/LON1/LON2/DLON/H
  117  110  109  110  109  111  117  122  129  136  142  148  151  153  153  151
  149  145  141  137  134  130  125  121  116  111  106  102   98   95   93   91
   90   89   89   89   88   88   87   86   86   85   85   85   84   84   83   82
   80   78   75   73   72   71   71   71   73   75   78   82   85   89   93   97
  100  103  106  106  107  108  111  119  117                                   
    62.5-180.0 180.0   5.0 450.0                            LAT/LON1/LON2/DLON/H
  125  120  120  120  119  121  126  130  136  142  148  154  158  160  160  159
  156  152  148  144  139  134  130  125  120  115  110  106  103  100   98   97
   95   94   93   92   90   89   88   86   85   83   83   82   81   81   79   78
   75   72   70   67   66   65   66   67   70   73   77   81   85   90   94   98
  101  104  107  108  109  111  114  121  125                                   
    60.0-180.0 180.0   5.0 450.0                            LAT/LON1/LON2/DLON/H
  135  130  131  131  130  130  134  137  142  147  152  157  161  164  165  164
  162  158  154  150  145  140  135  130  125  120  117  114  112  111  109  107
  105  103  101   99   96   94   91   89   87   85   83   82   81   80   78   75
   72   68   65   63   61   61   62   64   67   72   76   81   86   91   96  100
  103  106  109  110  112  115  121  127  135                                   
    57.5-180.0 180.0   5.0 450.0                            LAT/LON1/LON2/DLON/H
  144  141  143  144  142  142  144  145  148  151  154  159  162  165  167  167
  166  163  160  156  151  146  141  136  132  128  126  125  125  124  123  121
  119  115  112  108  105  102   99   96   93   90   88   86   84   82   79   76
   72   67   63   60   59   59   60   63   67   72   77   83   89   94   99  103
  106  109  112  112  115  119  126  132  144                                   
    55.0-180.0 180.0   5.0 450.0                            LAT/LON1/LON2/DLON/H
  154  153  156  156  155  154  155  155  155  155  156  159  162  165  167  167
  167  166  163  160  156  151  146  142  138  137  136  138  139  140  140  137
  134  129  125  120  116  113  109  105  102   98   95   93   90   87   83   79
   74   69   64   61   59   59   61   65   69   74   80   86   92   97  103  107
  110  113  115  115  118  123  131  136  154                                   
    52.5-180.0 180.0   5.0 450.0                            LAT/LON1/LON2/DLON/H
  163  162  166  168  168  167  167  166  163  161  160  160  161  162  164  165
  165  164  163  160  157  153  149  146  144  144  145  149  152  154  154  152
  148  142  137  132  128  124  121  116  112  108  105  101   98   94   89   84
   79   73   68   64   62   62   64   68   72   78   83   89   95  101  107  112
  114  117  119  119  122  127  135  141  163                                   
    50.0-180.0 180.0   5.0 450.0                            LAT/LON1/LON2/DLON/H
  170  170  176  178  179  181  180  179  175  171  167  164  163  162  162  162
  161  161  160  159  157  154  151  149  148  149  153  158  163  166  167  164
  160  154  148  144  140  136  132  128  124  119  115  110  106  101   96   91
   85   80   74   71   68   68   70   73   78   83   88   94  100  106  112  118
  121  123  125  125  128  132  141  146  170                                   
    47.5-180.0 180.0   5.0 450.0                            LAT/LON1/LON2/DLON/H
  176  177  182  186  190  193  194  194  190  185  179  173  169  165  162  160
  158  157  157  156  155  154  152  151  152  154  159  166  171  175  176  173
  168  163  157  153  150  147  143  139  134  129  124  119  114  109  104   99
   93   88   83   79   77   76   78   81   85   89   94  100  106  112  119  124
  128  131  134  133  135  139  147  151  176                                   
    45.0-180.0 180.0   5.0 450.0                            LAT/LON1/LON2/DLON/H
  181  181  187  192  197  203  207  209  206  202  195  188  180  173  167  162
  158  156  155  155  155  155  155  155  156  160  166  172  178  182  182  179
  174  169  165  161  158  155  152  148  143  138  132  127  121  116  111  107
  102   98   93   89   87   86   87   90   93   97  102  107  112  119  126  133
  137  141  144  143  144  148  155  159  181                                   
    42.5-180.0 180.0   5.0 450.0                            LAT/LON1/LON2/DLON/H
  185  185  189  196  203  211  217  223  223  220  214  206  196  187  177  169
  162  159  157  158  159  160  160  161  163  167  173  179  184  187  187  184
  179  175  171  168  165  163  160  155  151  145  140  134  128  123  119  115
  111  108  104  100   97   96   97   99  102  106  110  115  120  127  134  141
  147  152  155  154  155  158  164  167  185                                   
    40.0-180.0 180.0   5.0 450.0                            LAT/LON1/LON2/DLON/H
  188  188  192  199  207  217  226  234  237  238  233  226  216  204  192  181
  172  167  165  165  167  168  170  171  174  178  183  188  192  193  192  189
  185  180  177  174  171  169  166  162  157  153  147  141  135  130  126  123
  120  117  113  110  107  106  106  108  111  114  118  123  129  135  143  150
  156  162  166  165  166  169  174  176  188                                   
    37.5-180.0 180.0   5.0 450.0                            LAT/LON1/LON2/DLON/H
  194  193  197  203  212  221  232  242  249  252  251  245  236  224  211  198
  187  180  177  177  179  181  182  184  187  191  195  199  202  202  200  196
  191  187  183  180  177  174  170  167  163  159  154  148  142  136  132  129
  127  124  121  118  115  114  114  115  117  121  125  130  136  143  150  158
  164  171  176  176  176  179  184  185  194                                   
    35.0-180.0 180.0   5.0 450.0                            LAT/LON1/LON2/DLON/H
  202  201  205  209  218  227  238  249  258  265  267  264  256  244  231  218
  206  198  194  194  195  197  198  200  202  206  210  213  214  212  209  204
  199  194  189  185  181  177  174  170  168  164  160  153  147  140  136  133
  130  128  125  122  119  118  118  119  121  124  129  135  141  148  156  164
  170  178  183  184  185  187  193  194  202                                   
    32.5-180.0 180.0   5.0 450.0                            LAT/LON1/LON2/DLON/H
  213  213  217  220  229  236  246  257  267  276  281  280  274  264  252  239
  227  219  214  212  213  214  215  216  218  221  225  227  227  225  220  214
  207  200  194  188  183  178  175  172  170  167  163  156  149  142  136  133
  130  127  124  121  120  118  118  119  121  124  129  136  143  151  160  168
  174  182  188  190  192  195  201  202  213                                   
    30.0-180.0 180.0   5.0 450.0                            LAT/LON1/LON2/DLON/H
  227  228  234  235  244  249  258  267  278  288  294  296  292  284  273  260
  249  240  234  231  231  231  231  232  233  236  240  242  241  237  230  223
  214  205  197  189  182  177  172  170  168  166  162  155  146  138  132  128
  125  122  119  117  116  115  115  115  116  120  125  133  142  151  160  169
  175  184  191  194  197  201  208  210  227                                   
    27.5-180.0 180.0   5.0 450.0                            LAT/LON1/LON2/DLON/H
  243  246  254  254  264  268  275  283  293  303  310  313  310  303  293  282
  271  261  254  250  249  248  248  247  248  250  253  254  252  247  239  229
  219  207  196  187  178  171  166  163  162  160  156  148  139  130  124  119
  116  113  111  109  109  109  109  109  109  112  118  126  137  148  158  168
  176  185  193  197  201  206  215  218  243                                   
    25.0-180.0 180.0   5.0 450.0                            LAT/LON1/LON2/DLON/H
  260  265  274  276  286  291  297  304  314  323  330  333  331  324  315  304
  293  282  274  269  267  266  265  263  262  262  264  264  261  255  245  233
  220  206  192  181  171  163  157  153  151  149  145  137  128  118  112  107
  104  102  100  100  101  102  102  101  101  103  108  117  129  142  155  166
  175  186  195  200  206  211  222  227  260                                   
    22.5-180.0 180.0   5.0 450.0                            LAT/LON1/LON2/DLON/H
  276  282  293  296  308  314  322  329  339  348  354  356  354  348  339  328
  316  304  295  290  287  286  284  280  276  275  274  272  267  259  247  233
  218  201  186  173  162  154  147  142  139  136  131  123  114  105   99   95
   93   91   90   91   93   94   94   93   92   93   98  108  121  136  151  164
  175  187  197  203  211  218  229  236  276                                   
    20.0-180.0 180.0   5.0 450.0                            LAT/LON1/LON2/DLON/H
  288  295  307  312  327  335  346  354  365  374  380  382  380  373  364  353
  340  328  318  313  311  310  306  300  293  288  284  279  272  261  247  231
  214  196  179  166  155  146  138  131  126  122  117  110  101   93   88   85
   83   82   82   83   86   88   88   87   85   85   90   99  113  129  147  163
  175  190  201  208  217  225  237  247  288                                   
    17.5-180.0 180.0   5.0 450.0                            LAT/LON1/LON2/DLON/H
  296  304  316  321  338  350  364  374  388  398  406  408  405  398  390  379
  366  354  344  340  338  337  333  324  313  303  294  285  274  261  246  228
  210  191  175  162  152  142  133  125  118  112  107  100   92   85   81   78
   77   76   76   78   81   83   84   82   80   80   84   93  107  124  143  161
  177  193  206  214  223  232  246  258  296                                   
    15.0-180.0 180.0   5.0 450.0                            LAT/LON1/LON2/DLON/H
  301  309  319  324  342  356  373  387  403  416  425  429  427  421  414  404
  393  381  373  369  369  368  362  350  335  320  306  292  277  261  244  226
  208  190  175  163  154  145  135  124  116  109  104   97   90   84   79   77
   75   74   74   76   79   81   81   80   77   77   80   89  103  121  141  161
  178  196  210  220  230  241  255  270  301                                   
    12.5-180.0 180.0   5.0 450.0                            LAT/LON1/LON2/DLON/H
  305  312  320  324  340  356  375  391  409  424  435  441  442  438  433  425
  417  408  401  399  400  399  391  376  357  337  318  299  280  262  244  226
  209  193  179  170  162  154  143  132  121  114  108  102   96   89   84   80
   77   75   74   75   78   80   80   79   76   75   78   86  100  118  139  160
  179  199  215  225  236  248  265  280  305                                   
    10.0-180.0 180.0   5.0 450.0                            LAT/LON1/LON2/DLON/H
  310  318  323  324  338  352  371  387  406  422  435  443  447  446  443  439
  435  429  426  425  426  424  415  397  375  351  328  305  283  263  245  228
  213  199  189  181  175  168  157  145  133  125  120  114  107  100   93   87
   81   78   76   76   78   79   80   78   76   75   77   85   98  116  137  159
  179  200  217  228  241  256  275  291  310                                   
     7.5-180.0 180.0   5.0 450.0                            LAT/LON1/LON2/DLON/H
  319  328  332  330  340  351  366  380  396  411  425  435  441  443  444  444
  443  442  441  442  443  439  428  410  386  360  335  309  285  263  246  231
