data/edconvlstm_nd/pred2610.15i
     1.0            IONOSPHERE MAPS     GNSS                IONEX VERSION / TYPE
pyspatialgeodesy        IME             05-JAN-18 20:20     PGM / RUN BY / DATE 
Map Name                                                    COMMENT             
Predicted global ionosphere maps (GIM).                     DESCRIPTION         
  2015     9    18     0     0     0                        EPOCH OF FIRST MAP  
  2015     9    19     0     0     0                        EPOCH OF LAST MAP   
  7200                                                      INTERVAL            
    13                                                      # OF MAPS IN FILE   
  NONE                                                      MAPPING FUNCTION    
10.0                                                        ELEVATION CUTOFF    
One-way carrier phase leveled to code                       OBSERVABLES USED    
  6371.0                                                    BASE RADIUS         
 2                                                          MAP DIMENSION       
   450.0 450.0   0.0                                        HGT1 / HGT2 / DHGT  
    87.5 -87.5  -2.5                                        LAT1 / LAT2 / DLAT  
  -180.0 180.0   5.0                                        LON1 / LON2 / DLON  
    -1                                                      EXPONENT            
                                                            END OF HEADER       
[from data line 1287]
     4                                                      START OF TEC MAP    
  2015     9    18     6     0     0                        EPOCH OF CURRENT MAP
    87.5-180.0 180.0   5.0 450.0                            LAT/LON1/LON2/DLON/H
   77   85   83   86   86   86   84   80   80   81   80   81   80   80   79   78
   77   76   75   74   73   72   71   70   69   69   68   67   67   66   66   66
   66   66   66   67   67   68   68   69   70   70   71   72   73   74   75   75
   76   76   77   77   78   78   78   78   78   78   78   77   77   77   77   77
   78   79   78   78   83   89   97   91   77                                   
    85.0-180.0 180.0   5.0 450.0                            LAT/LON1/LON2/DLON/H
   74   93   90   90   91   93   92   91   91   92   91   91   90   89   89   87
   86   85   84   82   81   80   79   78   77   76   75   75   74   74   74   74
   75   75   76   77   78   79   80   81   83   84   85   87   88   89   90   91
   92   92   93   93   93   93   93   93   93   92   92   91   91   90   90   90
   91   92   88   88   88   93   99   94   74                                   
    82.5-180.0 180.0   5.0 450.0                            LAT/LON1/LON2/DLON/H
   80   87   96   88   88   90   90   88   89   89   88   89   88   86   85   84
   82   80   78   76   74   72   71   69   68   67   67   66   66   66   66   67
   67   69   70   72   73   75   78   80   82   85   87   89   91   93   94   96
   97   97   98   98   99   99   98   98   98   97   96   95   94   93   92   92
   92   91   88   87   93   89   85   82   80                                   
    80.0-180.0 180.0   5.0 450.0                            LAT/LON1/LON2/DLON/H
   83   84   86   80   82   81   82   81   81   81   80   81   80   78   77   75
   73   71   68   66   64   62   60   58   57   56   55   55   55   55   56   57
   59   60   63   65   68   71   74   78   81   84   88   91   93   96   98  100
  101  102  103  103  103  103  103  102  102  101   99   98   96   95   93   92
   91   88   87   86   90   88   86   79   83                                   
    77.5-180.0 180.0   5.0 450.0                            LAT/LON1/LON2/DLON/H
   82   78   78   73   70   72   73   72   73   73   71   72   71   70   69   67
   66   63   61   59   56   54   52   50   49   47   47   46   46   47   48   49
   51   53   56   59   63   67   71   75   80   84   88   92   96   99  101  104
  105  107  107  108  108  109  108  108  107  106  104  102  100   98   95   93
   91   88   85   85   84   75   73   72   82                                   
    75.0-180.0 180.0   5.0 450.0                            LAT/LON1/LON2/DLON/H
   73   73   69   65   61   64   63   61   61   61   59   60   59   59   58   57
   56   54   53   50   48   46   44   43   41   40   40   39   40   40   41   43
   45   48   51   54   58   62   67   72   77   82   87   91   95   99  102  104
  106  107  108  108  109  109  110  110  109  108  107  105  103  101   98   95
   92   89   86   82   81   73   70   67   73                                   
    72.5-180.0 180.0   5.0 450.0                            LAT/LON1/LON2/DLON/H
   72   72   68   61   58   60   59   57   55   55   53   54   53   53   53   53
   53   52   51   49   47   45   43   42   40   39   38   38   39   40   41   43
   45   48   51   54   58   63   68   73   79   84   90   95   99  103  106  108
  110  111  112  112  113  114  115  116  116  116  115  114  112  109  107  105
  102   98   97   93   89   80   74   71   72                                   
    70.0-180.0 180.0   5.0 450.0                            LAT/LON1/LON2/DLON/H
   79   74   71   62   58   56   54   51   49   47   46   47   46   47   48   48
   49   49   48   47   46   44   43   41   39   38   38   38   38   39   41   43
   45   47   50   53   57   61   66   72   78   84   90   96  100  104  107  109
  110  111  111  112  114  115  117  118  120  120  120  120  118  116  114  112
  109  106  105  102   98   89   85   80   79                                   
    67.5-180.0 180.0   5.0 450.0                            LAT/LON1/LON2/DLON/H
   81   77   73   63   57   55   51   47   44   42   40   41   41   42   44   45
   46   47   47   47   46   44   43   41   39   38   37   37   38   38   40   41
   43   45   47   49   53   57   62   68   74   81   87   93   98  101  104  105
  106  106  107  108  110  113  115  118  121  122  123  122  121  119  117  116
  115  112  112  109  106   98   93   87   81                                   
    65.0-180.0 180.0   5.0 450.0                            LAT/LON1/LON2/DLON/H
   88   84   78   68   60   56   51   46   43   40   38   39   40   41   43   45
   47   48   48   48   47   46   44   43   41   40   39   38   39   39   40   41
   43   44   46   48   51   55   60   66   73   80   87   93   98  102  104  105
  106  106  107  108  111  114  118  122  126  128  129  128  127  125  123  122
  121  119  120  118  116  109  104   98   88                                   
    62.5-180.0 180.0   5.0 450.0                            LAT/LON1/LON2/DLON/H
   94   91   84   73   65   59   53   47   43   40   38   39   40   42   44   46
   48   49   49   49   48   46   45   43   42   41   40   39   39   39   40   41
   41   42   44   46   49   53   58   65   72   80   88   94   99  103  105  106
  106  107  108  111  114  119  124  129  133  135  136  135  134  131  129  128
  126  125  126  125  123  118  113  108   94                                   
    60.0-180.0 180.0   5.0 450.0                            LAT/LON1/LON2/DLON/H
  101   97   90   78   69   63   55   48   43   40   37   38   39   41   43   45
   47   47   47   46   45   44   43   42   40   39   38   37   37   36   37   37
   38   39   41   43   46   51   57   64   72   80   87   94   99  103  106  107
  108  109  111  115  119  125  130  136  140  142  143  141  139  136  133  131
  129  127  129  128  127  123  119  113  101                                   
    57.5-180.0 180.0   5.0 450.0                            LAT/LON1/LON2/DLON/H
  108  104   97   85   76   69   60   51   45   40   38   38   39   41   43   45
   45   45   44   43   41   40   39   39   38   37   36   35   34   34   34   34
   35   37   39   42   46   51   58   65   73   82   90   97  102  107  110  113
  115  117  120  124  129  135  141  146  150  152  152  150  147  143  140  137
  134  132  133  131  131  127  123  118  108                                   
    55.0-180.0 180.0   5.0 450.0                            LAT/LON1/LON2/DLON/H
  115  111  104   93   85   77   67   56   49   42   38   38   38   40   42   43
   43   42   40   38   37   36   36   36   36   35   35   34   33   32   31   32
   33   35   38   42   47   54   60   68   77   85   94  101  107  113  117  121
  125  128  131  135  140  146  152  157  160  162  161  159  156  152  148  145
  141  137  137  135  134  130  127  122  115                                   
    52.5-180.0 180.0   5.0 450.0                            LAT/LON1/LON2/DLON/H
  125  121  114  105   96   88   78   65   55   46   41   39   39   39   41   41
   41   39   37   35   33   33   33   34   35   35   35   34   33   31   31   31
   33   36   40   45   51   58   66   74   82   91   99  107  115  121  128  133
  138  142  145  149  153  158  163  167  169  170  169  167  165  162  158  154
  150  145  144  140  139  135  132  127  125                                   
    50.0-180.0 180.0   5.0 450.0                            LAT/LON1/LON2/DLON/H
  135  132  126  118  110  103   92   78   65   54   46   42   40   40   40   40
   39   38   36   34   33   33   34   36   38   39   39   37   36   34   33   33
   35   39   44   50   57   65   73   81   90   98  107  116  124  132  140  147
  152  157  160  162  165  168  171  173  175  175  175  173  172  170  168  165
  161  155  153  148  147  142  139  134  135                                   
    47.5-180.0 180.0   5.0 450.0                            LAT/LON1/LON2/DLON/H
  145  144  139  133  126  119  108   93   79   65   55   49   45   43   42   41
   40   39   37   37   37   38   40   43   45   46   45   44   41   39   37   37
   39   43   49   57   65   73   81   89   98  107  117  126  136  145  154  161
  167  171  173  174  174  175  176  177  177  177  177  176  176  176  175  174
  170  166  162  157  155  150  147  142  145                                   
    45.0-180.0 180.0   5.0 450.0                            LAT/LON1/LON2/DLON/H
  153  153  149  146  139  133  123  109   94   80   67   59   52   48   46   44
   43   42   43   44   45   47   50   53   54   55   54   51   48   45   43   42
   44   48   55   63   72   81   89   98  107  117  127  137  147  157  167  175
  181  184  184  183  181  180  179  178  178  177  177  177  178  179  180  180
  178  174  171  165  163  158  155  151  153                                   
    42.5-180.0 180.0   5.0 450.0                            LAT/LON1/LON2/DLON/H
  157  158  154  153  147  142  134  122  109   95   82   72   63   57   52   49
   48   49   51   54   57   60   63   65   65   65   62   59   55   52   49   48
   49   53   59   68   78   88   97  106  116  127  138  149  159  170  179  187
  193  195  194  191  188  186  184  183  181  180  179  179  180  182  183  184
  183  180  177  172  170  165  162  158  157                                   
    40.0-180.0 180.0   5.0 450.0                            LAT/LON1/LON2/DLON/H
  156  157  153  151  147  144  138  129  119  108   97   87   77   68   61   57
   56   58   62   67   71   74   76   76   75   72   69   65   61   57   54   53
   53   56   63   72   82   93  103  114  125  137  149  160  171  181  190  198
  203  205  204  202  199  197  196  195  193  191  189  187  187  186  187  188
  187  184  182  178  176  170  166  162  156                                   
    37.5-180.0 180.0   5.0 450.0                            LAT/LON1/LON2/DLON/H
  153  150  144  141  138  135  132  128  123  116  108  100   90   80   72   67
   66   68   73   79   84   87   87   85   82   78   73   69   65   62   59   57
   56   59   65   74   85   97  109  121  134  147  160  171  181  191  200  207
  214  217  218  218  218  219  220  220  219  215  211  206  202  198  195  194
  192  189  187  183  181  174  170  164  153                                   
    35.0-180.0 180.0   5.0 450.0                            LAT/LON1/LON2/DLON/H
  149  140  132  126  121  119  118  119  119  118  114  110  101   92   83   77
   75   78   83   89   94   96   94   91   86   80   75   71   67   65   62   60
   59   61   67   76   87  100  114  127  142  156  170  181  191  200  209  218
  226  232  238  243  248  253  258  260  259  255  247  238  229  220  212  207
  202  198  196  191  188  178  174  166  149                                   
    32.5-180.0 180.0   5.0 450.0                            LAT/LON1/LON2/DLON/H
  149  132  120  110  103   99   99  103  109  113  114  113  108  100   92   86
   84   86   91   96  100  100   98   94   88   81   76   72   69   67   65   63
   62   64   68   77   89  103  118  133  149  164  178  190  200  209  219  230
  242  253  264  275  287  298  307  312  312  307  297  284  269  254  240  230
  222  215  211  204  200  187  181  171  149                                   
    30.0-180.0 180.0   5.0 450.0                            LAT/LON1/LON2/DLON/H
  157  130  113   99   89   82   82   87   95  103  108  111  109  104   97   92
   90   91   95   99  101  102  100   95   89   83   77   73   70   69   68   66
   65   66   70   79   91  105  121  137  154  170  185  197  208  218  231  245
  261  278  295  314  332  349  362  370  371  366  354  338  319  299  280  265
  252  242  235  226  219  202  196  183  157                                   
    27.5-180.0 180.0   5.0 450.0                            LAT/LON1/LON2/DLON/H
  174  139  117   98   85   74   71   74   83   91   99  104  105  102   99   95
   93   93   95   97   99  100   99   97   92   85   80   75   72   71   70   68
   67   68   72   80   92  107  124  141  158  174  190  203  216  229  245  264
  284  306  329  353  377  398  415  425  427  422  410  393  372  349  327  309
  292  279  269  255  247  226  218  203  174                                   
    25.0-180.0 180.0   5.0 450.0                            LAT/LON1/LON2/DLON/H
  200  159  132  110   93   77   71   71   76   83   90   95   97   97   96   94
   93   92   92   94   96   98   99   99   96   90   84   78   75   73   71   70
   69   69   73   81   93  109  126  143  160  178  194  210  225  242  261  284
  309  335  362  389  416  439  457  468  470  466  455  439  420  398  377  357
  338  323  310  293  282  257  247  231  200                                   
    22.5-180.0 180.0   5.0 450.0                            LAT/LON1/LON2/DLON/H
  234  189  159  135  114   94   83   78   78   81   84   88   90   91   92   91
   90   89   88   89   92   96  100  102  101   96   89   82   77   74   72   70
   69   69   73   81   94  110  127  145  163  181  199  216  235  256  279  306
  334  362  389  417  444  466  483  492  493  489  481  470  456  439  421  403
  385  369  354  333  321  293  280  264  234                                   
    20.0-180.0 180.0   5.0 450.0                            LAT/LON1/LON2/DLON/H
  269  224  194  169  146  123  106   95   89   86   85   85   85   86   88   88
   87   85   84   85   88   94  101  106  106  102   94   86   79   74   71   69
   68   68   72   81   95  111  129  147  166  184  204  225  247  271  298  326
  355  383  409  434  457  476  488  494  494  491  487  482  476  467  456  443
  427  412  396  373  359  330  313  298  269                                   
    17.5-180.0 180.0   5.0 450.0                            LAT/LON1/LON2/DLON/H
  301  259  232  208  185  159  138  120  108   99   92   88   86   86   87   87
   86   84   83   83   87   95  103  110  111  107   98   89   80   74   69   67
   65   66   71   80   95  112  131  150  169  190  211  234  259  286  315  344
  372  397  419  439  456  469  475  477  476  475  475  478  481  482  478  471
  460  446  431  408  391  362  343  330  301                                   
    15.0-180.0 180.0   5.0 450.0                            LAT/LON1/LON2/DLON/H
  325  287  265  244  222  195  171  150  133  117  106   98   93   91   91   92
   91   88   86   86   90   98  107  113  114  109  100   90   81   73   68   64
   63   64   69   79   95  114  134  154  175  196  220  245  271  299  328  357
  382  404  422  436  446  451  452  450  448  449  454  464  475  484  489  488
  481  470  456  434  416  388  368  356  325                                   
    12.5-180.0 180.0   5.0 450.0                            LAT/LON1/LON2/DLON/H
  338  306  288  269  251  226  201  178  158  140  125  115  108  104  103  103
  101   99   96   95   98  104  111  116  116  110  100   90   81   73   67   63
   61   62   68   79   95  115  137  159  181  204  229  255  282  310  338  364
  387  406  419  427  431  430  427  422  420  423  433  448  464  479  488  492
  489  483  471  451  432  405  385  374  338                                   
    10.0-180.0 180.0   5.0 450.0                            LAT/LON1/LON2/DLON/H
  343  315  301  282  267  244  222  201  182  164  149  137  129  124  122  121
  119  115  112  109  109  112  116  117  115  108   99   90   82   75   68   64
   61   62   68   79   96  117  140  164  188  212  238  264  291  317  343  367
  388  403  413  418  418  415  409  403  402  406  418  435  454  470  482  487
  487  483  474  457  439  414  396  386  343                                   
     7.5-180.0 180.0   5.0 450.0                            LAT/LON1/LON2/DLON/H
  345  320  306  285  273  252  232  214  199  184  172  162  155  149  146  144
  141  136  131  125  121  120  119  118  114  107   99   92   85   78   71   66
