data/edconvlstm_nd/pred1480.15i
     1.0            IONOSPHERE MAPS     GNSS                IONEX VERSION / TYPE
pyspatialgeodesy        IME             05-JAN-18 20:20     PGM / RUN BY / DATE 
Map Name                                                    COMMENT             
Predicted global ionosphere maps (GIM).                     DESCRIPTION         
  2015     5    28     0     0     0                        EPOCH OF FIRST MAP  
  2015     5    29     0     0     0                        EPOCH OF LAST MAP   
  7200                                                      INTERVAL            
    13                                                      # OF MAPS IN FILE   
  NONE                                                      MAPPING FUNCTION    
10.0                                                        ELEVATION CUTOFF    
One-way carrier phase leveled to code                       OBSERVABLES USED    
  6371.0                                                    BASE RADIUS         
 2                                                          MAP DIMENSION       
   450.0 450.0   0.0                                        HGT1 / HGT2 / DHGT  
    87.5 -87.5  -2.5                                        LAT1 / LAT2 / DLAT  
  -180.0 180.0   5.0                                        LON1 / LON2 / DLON  
    -1                                                      EXPONENT            
                                                            END OF HEADER       
[from data line 1287]
     4                                                      START OF TEC MAP    
  2015     5    28     6     0     0                        EPOCH OF CURRENT MAP
    87.5-180.0 180.0   5.0 450.0                            LAT/LON1/LON2/DLON/H
  154  151  150  153  156  155  153  151  153  154  155  157  158  159  159  160
  161  161  162  162  162  162  161  161  160  160  159  158  158  157  156  156
  155  154  154  153  153  153  152  152  151  151  150  150  150  149  149  148
  148  148  147  147  146  146  145  145  144  144  144  143  143  143  142  142
  143  145  144  144  149  147  149  146  154                                   
    85.0-180.0 180.0   5.0 450.0                            LAT/LON1/LON2/DLON/H
  155  159  160  161  164  163  164  164  165  166  167  168  170  171  172  173
  173  174  175  175  175  175  174  174  173  172  171  170  169  168  168  167
  166  166  165  165  165  164  164  164  163  163  163  162  162  161  161  161
  161  160  160  159  159  158  158  158  157  157  157  156  156  156  155  156
  157  159  155  157  151  150  152  149  155                                   
    82.5-180.0 180.0   5.0 450.0                            LAT/LON1/LON2/DLON/H
  160  167  168  164  165  166  166  165  167  167  168  169  170  171  172  173
  174  175  176  176  176  176  175  174  173  171  170  169  167  166  166  165
  165  165  165  165  165  165  166  166  166  166  166  166  166  166  166  166
  166  166  165  165  165  165  164  164  164  164  163  163  162  162  161  162
  162  163  159  162  161  156  152  142  160                                   
    80.0-180.0 180.0   5.0 450.0                            LAT/LON1/LON2/DLON/H
  163  167  163  162  164  162  163  162  163  163  162  163  164  165  167  168
  169  171  172  172  173  172  171  170  168  166  164  162  160  160  159  159
  160  161  162  163  164  166  167  168  168  169  170  170  170  171  172  172
  173  173  173  173  173  173  172  172  172  171  170  170  169  168  167  167
  167  166  163  164  163  161  163  146  163                                   
    77.5-180.0 180.0   5.0 450.0                            LAT/LON1/LON2/DLON/H
  165  168  164  164  163  162  162  159  159  157  155  155  156  156  157  159
  161  163  165  166  167  167  165  164  161  158  156  154  152  152  152  154
  156  159  162  165  168  171  173  175  176  178  179  180  181  182  183  185
  186  186  187  187  187  186  186  185  185  184  183  182  181  179  178  177
  175  175  169  171  171  165  163  155  165                                   
    75.0-180.0 180.0   5.0 450.0                            LAT/LON1/LON2/DLON/H
  163  168  161  162  161  159  158  154  152  148  145  144  142  142  143  145
  147  150  153  155  156  157  156  153  151  147  144  142  140  140  142  145
  150  155  160  166  171  175  178  181  183  185  186  188  190  192  193  195
  197  197  198  198  197  197  196  195  194  193  192  191  189  188  186  185
  182  180  175  171  170  167  167  160  163                                   
    72.5-180.0 180.0   5.0 450.0                            LAT/LON1/LON2/DLON/H
  162  169  163  162  162  160  158  154  150  146  141  138  135  133  133  134
  137  140  144  147  150  151  150  148  145  141  137  134  133  135  138  143
  150  158  165  173  179  184  188  191  193  195  198  200  202  205  207  209
  211  211  211  211  209  208  206  205  203  202  201  200  199  197  195  194
  191  189  184  181  176  172  169  165  162                                   
    70.0-180.0 180.0   5.0 450.0                            LAT/LON1/LON2/DLON/H
  164  168  163  161  160  157  156  151  147  141  135  130  125  122  121  121
  124  127  132  136  139  141  141  139  135  131  127  124  124  126  131  139
  148  158  168  177  184  190  194  197  199  201  203  206  209  212  215  217
  218  218  217  215  213  210  207  205  204  203  202  202  201  199  198  197
  194  192  187  184  180  176  175  171  164                                   
    67.5-180.0 180.0   5.0 450.0                            LAT/LON1/LON2/DLON/H
  162  167  161  159  158  156  154  149  145  139  133  127  121  116  113  112
  114  117  121  126  130  132  132  131  127  123  119  116  117  120  127  136
  147  158  169  179  186  192  196  198  200  202  205  208  212  215  219  221
  222  220  218  214  210  206  203  200  199  199  199  199  199  198  196  196
  193  191  187  184  180  176  176  173  162                                   
    65.0-180.0 180.0   5.0 450.0                            LAT/LON1/LON2/DLON/H
  162  166  160  157  156  154  153  150  146  141  134  128  121  115  111  108
  108  109  113  117  121  124  125  123  120  116  113  111  113  117  125  136
  148  160  172  181  189  194  197  199  200  202  205  209  214  218  222  223
  223  221  217  211  206  201  197  195  194  195  195  196  197  196  195  194
  192  190  187  184  181  179  180  178  162                                   
    62.5-180.0 180.0   5.0 450.0                            LAT/LON1/LON2/DLON/H
  164  168  161  158  156  154  154  151  148  143  138  132  125  118  112  107
  105  105  107  110  114  116  117  116  113  110  108  108  110  116  125  136
  149  161  172  181  188  192  195  197  198  201  204  209  214  219  223  224
  223  219  214  208  202  197  193  192  192  193  194  196  196  195  194  192
  191  189  187  185  183  182  184  183  164                                   
    60.0-180.0 180.0   5.0 450.0                            LAT/LON1/LON2/DLON/H
  169  173  166  162  159  157  156  153  150  146  141  136  129  122  115  108
  104  102  102  104  106  108  108  108  106  104  103  104  108  115  124  136
  148  160  171  179  185  189  191  193  195  198  202  208  214  219  222  223
  221  217  211  205  199  195  193  193  194  196  198  199  198  197  194  192
  190  189  188  188  187  188  191  190  169                                   
    57.5-180.0 180.0   5.0 450.0                            LAT/LON1/LON2/DLON/H
  179  183  176  171  167  164  162  157  154  149  144  139  132  125  118  110
  105  101   99   98   99  100  101  101  100  100  100  102  107  114  124  135
  146  158  167  176  182  186  189  191  193  197  202  208  214  219  222  223
  221  217  211  206  202  200  199  201  203  205  207  207  206  202  199  196
  193  193  192  193  195  197  201  201  179                                   
    55.0-180.0 180.0   5.0 450.0                            LAT/LON1/LON2/DLON/H
  194  198  192  186  181  176  172  165  159  152  146  140  134  126  119  111
  105  100   96   95   94   94   95   95   96   96   98  101  106  114  123  133
  143  154  163  171  178  184  188  191  194  198  203  209  215  220  223  224
  222  218  215  211  209  209  211  213  216  218  219  218  216  211  206  202
  199  198  198  201  204  208  213  213  194                                   
    52.5-180.0 180.0   5.0 450.0                            LAT/LON1/LON2/DLON/H
  212  217  213  208  201  195  189  178  169  158  149  141  134  126  119  111
  105  100   96   93   92   92   92   93   95   96   98  102  107  113  121  130
  140  149  159  168  177  184  190  194  198  202  206  212  217  222  225  226
  225  223  221  220  220  222  225  228  231  232  232  230  226  220  214  210
  207  207  207  211  215  220  225  226  212                                   
    50.0-180.0 180.0   5.0 450.0                            LAT/LON1/LON2/DLON/H
  231  237  235  232  226  219  210  196  182  168  155  144  135  126  118  111
  105  101   98   95   94   94   94   96   98  100  102  105  109  114  121  128
  136  145  155  166  177  187  195  201  206  209  213  217  222  226  229  231
  231  230  230  231  233  235  239  241  243  243  242  238  234  228  222  219
  217  217  218  222  226  232  236  237  231                                   
    47.5-180.0 180.0   5.0 450.0                            LAT/LON1/LON2/DLON/H
  247  254  255  254  251  243  233  217  199  181  164  150  138  127  118  112
  107  104  102  100   99   99  100  103  105  107  109  111  113  116  121  127
  134  142  153  166  179  192  203  211  216  219  222  225  228  232  235  237
  239  240  241  242  244  247  249  250  250  249  246  242  238  233  230  228
  227  229  230  233  236  241  245  245  247                                   
    45.0-180.0 180.0   5.0 450.0                            LAT/LON1/LON2/DLON/H
  258  266  269  271  270  263  253  236  217  196  177  160  145  132  121  114
  110  108  108  107  107  108  109  112  115  117  118  119  119  120  123  127
  133  141  152  167  183  199  213  223  229  231  233  234  236  239  242  246
  248  250  252  253  254  254  255  254  252  250  247  243  241  238  238  239
  240  243  244  245  246  248  251  251  258                                   
    42.5-180.0 180.0   5.0 450.0                            LAT/LON1/LON2/DLON/H
  265  272  276  278  280  275  267  251  233  212  191  173  155  140  127  119
  115  114  115  115  116  117  119  123  126  128  129  127  126  125  126  129
  134  142  153  169  187  206  222  235  242  244  245  244  245  248  251  256
  259  262  263  263  262  261  259  256  253  250  248  246  245  246  249  253
  257  261  261  259  257  256  258  257  265                                   
    40.0-180.0 180.0   5.0 450.0                            LAT/LON1/LON2/DLON/H
  270  274  277  277  280  275  269  256  241  223  205  186  168  150  136  127
  122  121  122  123  123  125  128  132  136  139  138  136  133  131  131  133
  137  144  155  171  191  212  231  245  254  257  257  255  255  257  262  267
  272  275  276  275  273  269  266  262  259  257  255  255  257  260  266  273
  279  284  283  279  273  268  267  265  270                                   
    37.5-180.0 180.0   5.0 450.0                            LAT/LON1/LON2/DLON/H
  277  277  276  271  273  267  261  252  241  228  214  198  180  162  147  136
  130  128  128  129  129  131  134  139  144  147  146  143  139  137  136  138
  141  148  158  174  194  217  238  254  264  268  268  266  265  268  273  280
  286  290  292  290  288  284  281  278  276  275  275  276  279  285  292  301
  308  313  311  304  295  287  284  280  277                                   
    35.0-180.0 180.0   5.0 450.0                            LAT/LON1/LON2/DLON/H
  292  287  280  269  264  255  248  240  233  225  216  205  190  172  156  145
  138  135  133  133  133  134  138  144  149  153  152  149  145  142  142  144
  147  153  162  177  197  220  242  260  272  277  278  276  275  278  284  293
  301  307  311  311  311  309  308  307  307  308  309  312  315  320  327  336
  343  347  345  337  326  316  310  305  292                                   
    32.5-180.0 180.0   5.0 450.0                            LAT/LON1/LON2/DLON/H
  319  309  295  275  263  247  236  227  222  217  213  206  194  179  164  152
  144  139  137  135  135  137  141  147  153  157  157  154  150  148  148  150
  153  158  166  180  199  222  244  263  277  284  286  285  284  287  295  306
  317  327  333  338  341  344  347  350  353  355  358  360  362  365  369  375
  381  385  383  374  363  354  346  340  319                                   
    30.0-180.0 180.0   5.0 450.0                            LAT/LON1/LON2/DLON/H
  357  345  323  296  275  251  233  220  213  209  207  203  194  182  168  156
  147  142  139  137  138  140  145  152  158  161  161  158  155  152  153  155
  158  163  170  183  200  222  244  264  279  288  291  291  292  296  306  319
  333  347  358  368  378  387  395  402  407  412  414  415  414  413  413  415
  418  422  421  414  404  398  388  382  357                                   
    27.5-180.0 180.0   5.0 450.0                            LAT/LON1/LON2/DLON/H
  405  393  364  332  302  271  245  225  213  206  203  199  192  181  169  158
  149  143  140  139  142  146  152  159  164  166  165  162  158  156  156  158
  161  165  173  184  200  220  242  262  278  288  293  295  297  303  315  331
  349  367  383  399  415  431  444  455  463  468  470  468  464  458  453  450
  450  453  454  450  443  441  432  426  405                                   
    25.0-180.0 180.0   5.0 450.0                            LAT/LON1/LON2/DLON/H
  455  446  414  380  343  307  274  246  227  213  205  199  191  181  169  159
  149  143  141  142  148  155  163  169  173  173  170  165  160  156  156  157
  160  165  172  183  198  217  237  257  274  286  293  297  301  310  323  342
  362  384  405  427  449  469  486  498  507  512  512  508  501  491  481  475
  473  475  478  477  474  478  471  465  455                                   
    22.5-180.0 180.0   5.0 450.0                            LAT/LON1/LON2/DLON/H
  496  494  463  431  391  354  314  280  253  232  216  205  194  183  171  160
  151  144  143  147  156  166  176  182  183  180  174  166  159  154  152  152
  155  160  168  179  194  212  231  250  268  281  290  297  304  314  330  350
  373  397  422  447  471  493  511  523  531  534  533  528  519  507  496  488
  484  486  490  492  493  501  497  492  496                                   
    20.0-180.0 180.0   5.0 450.0                            LAT/LON1/LON2/DLON/H
  521  526  499  473  436  401  360  322  289  260  237  218  203  190  177  165
  155  148  147  153  165  179  190  194  192  185  175  164  155  148  144  143
  145  150  159  171  187  205  224  243  260  275  287  296  305  318  336  357
  381  406  431  456  480  500  515  525  530  532  531  526  518  508  498  490
  486  487  492  496  498  509  508  504  521                                   
    17.5-180.0 180.0   5.0 450.0                            LAT/LON1/LON2/DLON/H
  526  535  516  496  465  435  398  362  327  293  263  239  220  203  189  175
  163  155  154  161  175  190  201  203  197  186  173  159  147  138  132  130
  131  137  146  160  177  196  216  235  254  270  283  295  307  321  340  362
  385  409  433  456  475  491  501  507  511  512  511  509  505  499  493  486
  482  483  486  490  493  503  504  501  526                                   
    15.0-180.0 180.0   5.0 450.0                            LAT/LON1/LON2/DLON/H
  512  521  509  495  472  449  419  389  357  323  291  264  241  222  206  190
  175  165  163  170  184  198  207  206  197  182  165  150  137  127  119  115
  116  121  132  147  166  187  208  229  249  266  281  294  307  324  343  364
  387  409  430  448  462  471  477  480  483  485  487  488  488  487  485  481
  478  477  478  480  482  489  490  486  512                                   
    12.5-180.0 180.0   5.0 450.0                            LAT/LON1/LON2/DLON/H
  485  493  486  471  456  438  417  396  371  342  312  286  263  243  225  208
  192  179  175  179  191  202  207  202  189  172  154  138  125  114  106  101
  101  106  117  134  155  178  202  225  245  263  279  293  307  324  344  365
  386  407  425  438  447  451  454  456  460  464  469  473  478  481  482  481
  477  474  473  472  470  472  471  466  485                                   
    10.0-180.0 180.0   5.0 450.0                            LAT/LON1/LON2/DLON/H
  457  461  454  436  423  408  392  380  364  344  321  299  280  262  244  226
  208  194  186  187  193  200  199  191  175  156  139  124  112  102   94   89
   88   93  104  122  145  170  196  221  243  261  277  290  305  322  341  362
  384  404  421  433  438  440  442  446  453  459  466  473  479  485  488  487
  483  478  473  468  463  459  455  448  457                                   
     7.5-180.0 180.0   5.0 450.0                            LAT/LON1/LON2/DLON/H
  435  436  425  401  386  369  356  348  340  328  314  300  286  272  257  240
  222  206  196  192  193  192  186  174  156  138  123  110  100   92   85   81
