data/edconvlstm_nd/pred2600.15i
     1.0            IONOSPHERE MAPS     GNSS                IONEX VERSION / TYPE
pyspatialgeodesy        IME             05-JAN-18 20:20     PGM / RUN BY / DATE 
Map Name                                                    COMMENT             
Predicted global ionosphere maps (GIM).                     DESCRIPTION         
  2015     9    17     0     0     0                        EPOCH OF FIRST MAP  
  2015     9    18     0     0     0                        EPOCH OF LAST MAP   
  7200                                                      INTERVAL            
    13                                                      # OF MAPS IN FILE   
  NONE                                                      MAPPING FUNCTION    
10.0                                                        ELEVATION CUTOFF    
One-way carrier phase leveled to code                       OBSERVABLES USED    
  6371.0                                                    BASE RADIUS         
 2                                                          MAP DIMENSION       
   450.0 450.0   0.0                                        HGT1 / HGT2 / DHGT  
    87.5 -87.5  -2.5                                        LAT1 / LAT2 / DLAT  
  -180.0 180.0   5.0                                        LON1 / LON2 / DLON  
    -1                                                      EXPONENT            
                                                            END OF HEADER       
[from data line 1287]
     4                                                      START OF TEC MAP    
  2015     9    17     6     0     0                        EPOCH OF CURRENT MAP
    87.5-180.0 180.0   5.0 450.0                            LAT/LON1/LON2/DLON/H
   72   77   75   80   80   80   79   76   76   78   78   79   79   80   80   80
   80   79   79   78   78   77   76   76   75   74   73   72   71   71   70   69
   69   68   68   68   67   67   67   67   67   67   67   67   67   68   68   69
   69   69   70   70   70   71   71   71   71   71   71   71   71   70   70   70
   71   72   70   70   75   82   89   82   72                                   
    85.0-180.0 180.0   5.0 450.0                            LAT/LON1/LON2/DLON/H
   67   84   81   81   83   85   85   84   85   86   86   87   87   87   87   87
   86   86   85   85   84   83   82   82   81   80   79   78   78   77   77   76
   76   76   75   75   75   75   75   75   75   75   76   76   77   78   78   79
   80   80   81   82   82   82   83   83   83   83   83   83   83   82   81   82
   83   83   79   80   81   84   92   86   67                                   
    82.5-180.0 180.0   5.0 450.0                            LAT/LON1/LON2/DLON/H
   72   76   86   80   81   84   84   83   84   85   85   86   86   86   86   86
   85   84   83   82   81   80   79   78   77   76   75   74   73   73   73   73
   73   73   73   73   73   74   74   74   75   75   76   77   78   79   81   82
   83   84   85   86   87   88   88   88   88   88   88   87   87   86   85   85
   84   84   80   79   85   82   79   78   72                                   
    80.0-180.0 180.0   5.0 450.0                            LAT/LON1/LON2/DLON/H
   76   73   77   72   75   75   76   75   77   77   77   78   78   78   78   78
   77   76   75   74   73   72   70   69   68   67   66   66   66   66   67   67
   68   68   69   70   70   71   72   72   73   74   75   77   78   80   82   84
   86   87   89   90   91   92   92   92   92   92   91   90   89   88   87   86
   85   82   81   79   84   82   82   75   76                                   
    77.5-180.0 180.0   5.0 450.0                            LAT/LON1/LON2/DLON/H
   74   69   68   64   64   66   68   68   69   70   69   70   71   71   71   71
   71   70   70   68   67   65   64   62   61   60   59   59   59   60   61   62
   64   65   67   68   69   70   71   72   73   74   76   78   81   83   86   89
   92   94   96   98   99  100  100  100  100   99   98   97   95   93   91   89
   87   84   80   79   78   70   69   68   74                                   
    75.0-180.0 180.0   5.0 450.0                            LAT/LON1/LON2/DLON/H
   63   61   58   55   54   57   58   57   57   58   57   58   58   59   60   60
   60   60   60   59   57   56   54   52   51   50   49   50   50   52   54   56
   58   60   62   64   65   66   67   68   70   72   74   77   81   84   88   92
   95   98  100  102  103  104  104  104  103  103  102  100   99   97   94   92
   89   85   82   76   75   66   64   62   63                                   
    72.5-180.0 180.0   5.0 450.0                            LAT/LON1/LON2/DLON/H
   61   58   54   50   50   54   55   54   54   54   53   54   54   55   56   57
   57   58   58   57   55   54   51   49   47   46   46   46   47   49   52   55
   58   61   63   65   67   68   69   71   73   76   79   83   88   93   97  101
  105  108  110  111  112  112  112  112  111  110  109  108  107  105  103  101
   98   94   91   86   81   71   66   64   61                                   
    70.0-180.0 180.0   5.0 450.0                            LAT/LON1/LON2/DLON/H
   63   58   54   49   49   50   50   50   50   49   48   49   49   50   51   52
   53   54   54   54   53   51   48   46   43   42   41   41   43   45   49   52
   56   59   61   63   65   66   68   70   73   76   81   86   92   98  103  107
  111  113  115  116  116  115  115  114  114  113  112  112  111  110  108  107
  105  102   99   94   88   78   74   69   63                                   
    67.5-180.0 180.0   5.0 450.0                            LAT/LON1/LON2/DLON/H
   63   57   53   47   46   46   47   46   46   45   44   45   45   46   47   49
   50   51   52   51   50   48   45   42   40   38   37   37   38   40   43   47
   50   53   56   58   59   60   62   65   69   74   80   86   93   99  104  109
  112  114  115  115  115  114  113  112  111  111  111  111  111  110  110  110
  108  105  104   99   93   84   78   73   63                                   
    65.0-180.0 180.0   5.0 450.0                            LAT/LON1/LON2/DLON/H
   67   60   54   48   46   46   45   45   45   44   43   44   44   45   46   48
   49   50   51   51   49   47   45   41   38   36   35   34   35   37   40   43
   46   49   51   53   54   56   58   61   66   73   80   88   96  103  108  112
  115  117  118  117  116  115  114  113  113  113  113  113  113  113  113  114
  113  111  111  106  101   93   87   82   67                                   
    62.5-180.0 180.0   5.0 450.0                            LAT/LON1/LON2/DLON/H
   72   65   58   51   48   47   46   45   44   44   43   44   45   45   47   48
   49   50   50   50   49   47   44   41   39   36   35   34   34   36   38   40
   43   45   47   48   50   52   55   59   65   73   81   90   99  106  112  116
  119  120  121  121  120  119  118  118  117  117  118  118  118  117  117  117
  117  116  117  113  109  102   96   92   72                                   
    60.0-180.0 180.0   5.0 450.0                            LAT/LON1/LON2/DLON/H
   79   71   63   55   50   48   46   43   42   42   41   43   43   45   46   46
   47   48   48   47   46   45   43   40   38   36   34   34   33   34   35   37
   39   41   42   44   46   48   51   56   63   72   82   92  101  108  114  118
  121  123  125  125  126  125  125  124  124  124  124  124  123  122  120  120
  119  118  120  117  114  108  103   99   79                                   
    57.5-180.0 180.0   5.0 450.0                            LAT/LON1/LON2/DLON/H
   87   78   71   61   55   51   48   44   42   40   40   42   42   44   45   45
   45   45   45   44   43   42   41   39   38   36   35   35   34   34   35   36
   37   39   41   43   45   48   51   57   65   74   85   95  104  112  118  122
  126  130  133  135  136  137  137  137  137  136  136  135  133  130  127  125
  123  122  123  121  120  115  111  106   87                                   
    55.0-180.0 180.0   5.0 450.0                            LAT/LON1/LON2/DLON/H
   96   88   81   71   63   57   52   46   42   39   38   39   41   42   43   43
   43   42   41   40   40   39   38   38   37   37   37   37   36   36   35   36
   37   38   41   44   47   50   54   60   68   78   89   99  109  116  123  128
  133  139  144  148  151  152  153  152  152  151  150  148  145  141  135  131
  128  126  127  126  125  121  117  112   96                                   
    52.5-180.0 180.0   5.0 450.0                            LAT/LON1/LON2/DLON/H
  107  101   94   84   75   68   60   50   44   39   37   38   39   40   41   41
   40   39   38   37   37   37   37   38   38   39   40   40   40   39   38   37
   38   41   44   48   52   56   60   66   74   84   95  105  115  123  130  137
  144  151  157  163  167  169  169  169  168  167  165  163  159  153  146  141
  136  132  133  131  131  127  123  118  107                                   
    50.0-180.0 180.0   5.0 450.0                            LAT/LON1/LON2/DLON/H
  119  115  108  100   91   82   72   59   50   43   39   38   39   39   40   39
   38   37   36   36   36   37   38   39   41   42   44   44   44   43   41   40
   41   44   49   54   59   64   69   75   82   92  103  113  123  132  140  147
  156  164  172  178  182  184  184  183  181  180  178  176  172  166  158  152
  145  141  140  138  137  133  130  125  119                                   
    47.5-180.0 180.0   5.0 450.0                            LAT/LON1/LON2/DLON/H
  129  128  122  116  107   99   87   72   60   50   43   42   41   41   40   39
   38   36   36   37   38   39   41   43   45   47   49   50   49   47   45   44
   45   49   55   61   68   74   79   84   92  101  112  122  132  142  150  159
  168  177  185  191  195  196  195  192  190  188  187  185  182  176  169  162
  156  150  148  145  143  139  136  131  129                                   
    45.0-180.0 180.0   5.0 450.0                            LAT/LON1/LON2/DLON/H
  136  137  132  128  122  115  102   87   72   60   52   48   46   44   43   41
   39   39   39   41   43   45   47   49   51   53   55   55   54   51   48   47
   48   52   60   68   76   83   88   94  102  111  122  133  143  152  162  171
  180  189  196  201  203  203  201  198  195  193  192  191  188  184  178  172
  165  160  157  152  149  144  141  136  136                                   
    42.5-180.0 180.0   5.0 450.0                            LAT/LON1/LON2/DLON/H
  138  140  136  134  130  125  114  100   86   73   63   58   54   51   48   45
   43   43   45   48   51   54   56   58   59   60   60   60   58   55   51   49
   50   55   63   72   82   90   97  104  112  122  133  143  154  163  173  182
  191  199  204  208  209  209  206  202  198  195  194  194  193  190  185  180
  174  169  165  159  154  148  145  139  138                                   
    40.0-180.0 180.0   5.0 450.0                            LAT/LON1/LON2/DLON/H
  135  136  131  131  129  126  119  108   96   84   75   70   65   61   56   52
   50   51   53   58   62   65   67   67   67   66   66   64   62   58   54   51
   52   57   65   75   86   96  104  113  122  132  143  154  164  174  183  193
  201  207  212  214  216  216  213  209  205  201  200  199  198  196  192  187
  182  177  172  165  160  152  148  142  135                                   
    37.5-180.0 180.0   5.0 450.0                            LAT/LON1/LON2/DLON/H
  129  127  121  119  118  118  114  108  100   92   85   81   77   72   66   62
   60   60   64   69   74   77   77   76   74   72   71   68   65   60   56   53
   53   57   66   76   88  100  110  120  131  143  154  164  174  183  193  202
  210  216  220  224  228  230  229  226  221  216  213  211  209  205  200  196
  191  185  180  173  167  157  151  144  129                                   
    35.0-180.0 180.0   5.0 450.0                            LAT/LON1/LON2/DLON/H
  125  116  107  102  100  101  102   99   97   93   90   89   86   81   76   72
   70   71   75   80   84   87   86   84   80   77   75   72   68   63   58   55
   55   59   66   77   90  103  115  127  139  152  163  173  182  191  201  211
  220  227  234  240  248  254  256  255  249  243  237  233  228  222  215  209
  202  196  191  184  177  165  159  150  125                                   
    32.5-180.0 180.0   5.0 450.0                            LAT/LON1/LON2/DLON/H
  125  108   95   86   81   82   85   86   87   88   89   91   91   88   85   81
   80   81   84   88   92   94   93   90   86   82   79   75   71   66   61   58
   58   61   68   78   91  105  119  133  146  159  170  180  188  198  209  220
  231  242  252  264  276  287  294  294  289  281  273  265  256  247  236  227
  219  211  206  199  193  179  174  163  125                                   
    30.0-180.0 180.0   5.0 450.0                            LAT/LON1/LON2/DLON/H
  135  108   91   77   68   66   68   71   75   78   83   88   90   91   89   88
   87   88   91   94   97   98   97   93   90   86   82   79   74   70   65   62
   62   64   70   80   93  107  122  137  152  165  176  186  194  204  216  231
  245  260  275  293  312  328  338  340  335  326  316  305  294  280  266  254
  242  233  227  220  216  202  197  184  135                                   
    27.5-180.0 180.0   5.0 450.0                            LAT/LON1/LON2/DLON/H
  157  122  101   80   67   60   59   60   64   68   75   81   86   89   90   91
   92   93   94   96   97   98   98   96   93   89   86   82   77   73   69   66
   66   68   73   82   94  109  124  140  155  169  181  190  199  211  225  243
  262  281  303  326  351  372  385  388  383  373  361  349  336  320  303  287
  273  262  256  247  246  232  228  214  157                                   
    25.0-180.0 180.0   5.0 450.0                            LAT/LON1/LON2/DLON/H
  190  150  126  100   82   69   62   59   59   62   68   75   80   84   88   91
   93   94   95   95   96   97   98   97   95   92   89   84   79   75   71   69
   69   71   75   83   95  110  126  142  158  172  185  196  206  219  236  257
  280  305  331  360  389  414  429  432  426  415  403  391  378  362  344  326
  310  298  291  281  283  270  266  251  190                                   
    22.5-180.0 180.0   5.0 450.0                            LAT/LON1/LON2/DLON/H
  231  189  163  135  113   93   80   71   65   64   66   71   75   80   84   89
   92   93   93   92   92   94   97   98   97   94   90   86   80   75   72   71
   71   73   76   84   95  110  126  143  160  176  190  202  215  230  250  274
  301  329  359  391  423  449  463  465  458  447  437  427  416  402  385  368
  351  338  330  319  322  311  306  291  231                                   
    20.0-180.0 180.0   5.0 450.0                            LAT/LON1/LON2/DLON/H
  274  234  208  180  155  131  110   95   82   75   72   73   74   77   81   86
   90   91   90   89   90   93   96   99   99   96   92   86   80   75   71   70
   71   72   76   83   95  109  126  144  162  179  196  211  226  244  266  293
  322  352  383  415  446  469  481  481  474  465  458  453  447  437  423  408
  392  378  370  358  360  350  343  329  274                                   
    17.5-180.0 180.0   5.0 450.0                            LAT/LON1/LON2/DLON/H
  312  277  252  227  202  174  148  127  109   97   88   82   79   79   82   86
   89   90   89   88   89   93   98  101  101   98   92   86   79   73   70   68
   68   70   73   81   93  108  126  145  164  184  204  223  241  261  284  312
  342  371  400  429  455  473  480  478  472  467  467  468  468  464  456  444
  429  416  407  394  393  384  375  361  312                                   
    15.0-180.0 180.0   5.0 450.0                            LAT/LON1/LON2/DLON/H
  342  314  291  269  246  217  187  163  142  124  110  100   91   87   87   89
   92   93   92   91   93   97  102  105  104  100   94   86   79   73   68   66
   66   67   71   78   91  107  126  146  167  190  213  235  256  278  303  330
  358  385  410  433  451  462  465  461  457  458  465  474  481  483  480  472
  459  448  437  423  420  410  398  383  342                                   
    12.5-180.0 180.0   5.0 450.0                            LAT/LON1/LON2/DLON/H
  363  342  321  300  281  252  221  197  174  155  138  123  110  102   98   98
   99  100   99   99  101  105  109  111  109  103   96   88   80   74   69   65
   64   64   68   76   90  107  127  148  171  197  223  247  271  294  318  345
  370  394  414  430  441  445  443  439  438  445  458  473  486  493  494  489
  480  469  458  444  437  425  411  396  363                                   
    10.0-180.0 180.0   5.0 450.0                            LAT/LON1/LON2/DLON/H
  376  359  341  320  304  277  247  223  202  183  166  149  134  122  114  112
  112  112  112  111  112  115  118  118  115  108  100   91   84   77   71   66
   63   63   66   75   89  107  127  150  175  202  230  257  282  306  330  354
  378  398  414  425  431  431  427  423  425  436  453  472  487  497  499  496
  489  480  469  455  446  431  416  401  376                                   
     7.5-180.0 180.0   5.0 450.0                            LAT/LON1/LON2/DLON/H
  383  369  353  330  316  291  263  241  223  206  191  175  159  145  136  131
  130  129  128  127  126  127  128  126  121  113  105   97   90   83   76   69
