data/edconvlstm_nd/pred1910.15i
     1.0            IONOSPHERE MAPS     GNSS                IONEX VERSION / TYPE
pyspatialgeodesy        IME             05-JAN-18 20:20     PGM / RUN BY / DATE 
Map Name                                                    COMMENT             
Predicted global ionosphere maps (GIM).                     DESCRIPTION         
  2015     7    10     0     0     0                        EPOCH OF FIRST MAP  
  2015     7    11     0     0     0                        EPOCH OF LAST MAP   
  7200                                                      INTERVAL            
    13                                                      # OF MAPS IN FILE   
  NONE                                                      MAPPING FUNCTION    
10.0                                                        ELEVATION CUTOFF    
One-way carrier phase leveled to code                       OBSERVABLES USED    
  6371.0                                                    BASE RADIUS         
 2                                                          MAP DIMENSION       
   450.0 450.0   0.0                                        HGT1 / HGT2 / DHGT  
    87.5 -87.5  -2.5                                        LAT1 / LAT2 / DLAT  
  -180.0 180.0   5.0                                        LON1 / LON2 / DLON  
    -1                                                      EXPONENT            
                                                            END OF HEADER       
     1                                                      START OF TEC MAP    
  2015     7    10     0     0     0                        EPOCH OF CURRENT MAP
    87.5-180.0 180.0   5.0 450.0                            LAT/LON1/LON2/DLON/H
  171  179  190  182  180  180  178  177  177  176  176  176  175  174  173  172
  171  170  169  168  166  165  164  162  161  159  158  157  156  155  154  153
  152  152  151  151  151  151  151  151  152  152  153  154  154  155  156  157
  157  158  159  159  160  160  161  161  162  163  163  164  165  166  167  168
  169  171  173  174  171  169  172  182  171                                   
    85.0-180.0 180.0   5.0 450.0                            LAT/LON1/LON2/DLON/H
  192  190  183  184  189  189  187  186  186  185  184  183  182  181  180  178
  177  175  173  171  169  167  165  163  161  159  158  156  155  153  152  151
  150  150  149  149  149  149  150  150  151  152  153  154  156  157  158  159
  160  161  162  162  163  164  164  165  166  167  168  169  170  172  173  175
  177  178  182  185  178  181  182  188  192                                   
    82.5-180.0 180.0   5.0 450.0                            LAT/LON1/LON2/DLON/H
  191  188  193  190  192  193  191  190  191  190  188  188  186  185  183  181
  179  177  174  172  169  167  164  162  159  157  154  152  150  148  147  145
  144  144  143  143  143  144  145  146  148  149  151  152  154  156  157  158
  160  161  161  162  163  163  164  165  166  167  168  169  171  172  174  177
  178  181  183  184  183  171  175  176  191                                   
    80.0-180.0 180.0   5.0 450.0                            LAT/LON1/LON2/DLON/H
  192  194  191  187  190  193  195  195  195  193  192  191  190  188  186  184
  182  180  177  174  171  168  165  162  159  156  153  151  148  146  144  143
  142  142  142  142  143  144  146  148  150  153  155  158  160  162  164  165
  167  167  168  168  168  168  168  168  169  169  170  171  173  175  177  179
  181  183  184  185  191  180  186  187  192                                   
    77.5-180.0 180.0   5.0 450.0                            LAT/LON1/LON2/DLON/H
  199  196  193  191  189  192  197  197  198  196  195  194  193  192  190  188
  186  183  181  178  175  172  168  165  161  158  155  152  149  146  145  143
  143  143  144  145  147  149  151  154  157  160  163  166  169  172  174  176
  177  178  178  177  176  175  174  173  172  172  172  173  175  176  179  181
  182  185  186  186  192  190  190  196  199                                   
    75.0-180.0 180.0   5.0 450.0                            LAT/LON1/LON2/DLON/H
  204  195  192  192  190  192  196  197  198  196  195  195  194  192  190  189
  187  185  182  180  177  174  171  167  164  160  156  153  150  148  146  146
  146  147  148  151  153  156  159  162  165  168  171  175  178  180  183  184
  185  185  184  182  180  178  176  174  172  172  172  173  174  176  178  181
  182  185  187  181  186  190  189  198  204                                   
    72.5-180.0 180.0   5.0 450.0                            LAT/LON1/LON2/DLON/H
  192  192  191  188  186  189  193  194  196  194  194  193  193  191  190  188
  186  185  182  180  178  175  171  168  164  160  157  153  151  149  148  149
  150  152  154  156  159  162  164  167  169  172  174  177  180  183  185  186
  187  186  185  182  179  176  173  170  169  168  168  169  171  173  176  180
  181  184  186  181  182  184  187  200  192                                   
    70.0-180.0 180.0   5.0 450.0                            LAT/LON1/LON2/DLON/H
  189  186  188  187  185  187  192  194  196  195  195  195  194  193  192  190
  188  186  184  182  180  177  174  170  166  163  159  156  154  152  152  154
  155  158  161  163  166  167  169  170  171  172  174  176  178  181  183  184
  185  185  183  180  177  173  170  167  166  166  166  168  171  173  177  181
  182  185  187  183  185  187  188  201  189                                   
    67.5-180.0 180.0   5.0 450.0                            LAT/LON1/LON2/DLON/H
  189  187  187  186  184  186  191  193  196  195  196  196  196  195  193  192
  190  188  187  184  182  179  176  172  169  165  161  158  157  156  157  158
  160  163  165  167  169  169  169  168  167  167  167  168  170  172  174  176
  177  177  176  174  171  168  165  164  163  164  165  168  171  174  178  182
  184  186  188  183  187  188  189  203  189                                   
    65.0-180.0 180.0   5.0 450.0                            LAT/LON1/LON2/DLON/H
  190  187  187  186  184  186  190  192  195  195  196  198  198  197  196  195
  193  191  190  187  185  182  179  175  172  168  165  163  162  162  163  165
  167  169  170  171  170  169  167  164  161  158  157  157  158  160  163  165
  167  168  167  166  164  162  161  161  162  164  167  170  174  177  181  185
  187  189  191  186  190  192  193  207  190                                   
    62.5-180.0 180.0   5.0 450.0                            LAT/LON1/LON2/DLON/H
  194  190  191  189  187  187  190  192  195  196  197  199  200  200  200  199
  197  195  193  191  189  186  183  180  176  174  171  170  170  171  172  173
  174  175  174  173  171  168  163  158  153  149  146  145  145  147  150  153
  156  157  158  158  157  157  158  160  163  167  171  176  179  183  186  190
  191  194  195  191  195  197  199  211  194                                   
    60.0-180.0 180.0   5.0 450.0                            LAT/LON1/LON2/DLON/H
  200  197  198  195  192  191  192  193  196  196  197  200  201  202  202  201
  199  198  196  194  192  189  187  184  182  180  180  180  181  182  183  183
  182  180  178  175  170  165  159  152  146  140  136  134  134  136  139  142
  145  148  150  151  152  154  157  162  167  173  178  183  187  189  192  195
  196  198  200  196  200  203  206  216  200                                   
    57.5-180.0 180.0   5.0 450.0                            LAT/LON1/LON2/DLON/H
  210  208  209  205  201  198  197  196  197  196  197  199  200  201  201  200
  199  198  196  194  193  191  189  188  187  188  189  191  193  194  194  192
  189  185  180  175  169  162  155  148  140  134  129  126  126  127  130  134
  138  141  144  146  149  153  159  165  173  180  186  191  194  196  198  200
  201  203  206  203  207  210  213  222  210                                   
    55.0-180.0 180.0   5.0 450.0                            LAT/LON1/LON2/DLON/H
  221  222  224  219  215  209  206  203  201  198  197  198  198  199  198  197
  196  195  194  193  193  192  192  192  193  195  199  202  205  207  205  202
  196  189  182  175  168  161  153  145  137  131  126  123  122  123  126  130
  133  137  141  145  149  155  162  171  180  188  195  199  201  202  203  204
  206  209  212  211  215  219  222  230  221                                   
    52.5-180.0 180.0   5.0 450.0                            LAT/LON1/LON2/DLON/H
  235  241  242  237  231  225  221  215  210  204  201  199  197  196  194  193
  191  191  191  191  192  193  194  195  198  202  208  213  217  217  215  209
  201  192  183  175  167  159  152  144  137  131  126  123  122  123  126  129
  133  137  141  146  151  158  167  177  187  196  203  206  208  207  208  209
  211  215  220  220  225  229  232  239  235                                   
    50.0-180.0 180.0   5.0 450.0                            LAT/LON1/LON2/DLON/H
  250  261  262  256  251  245  240  232  225  216  209  204  199  194  191  188
  186  186  187  189  191  194  196  199  203  209  216  222  226  226  222  214
  204  193  183  174  167  160  153  146  140  134  130  127  126  127  129  132
  136  140  144  149  155  162  171  182  193  202  209  213  213  213  213  215
  217  223  230  231  238  242  244  250  250                                   
    47.5-180.0 180.0   5.0 450.0                            LAT/LON1/LON2/DLON/H
  266  280  281  276  271  267  263  254  246  234  224  214  205  196  190  185
  183  183  186  189  192  196  199  203  208  215  222  228  232  231  226  216
  205  194  184  175  168  161  155  149  144  139  136  134  133  134  136  138
  142  146  150  154  160  167  176  186  197  207  214  218  219  218  219  222
  226  233  242  245  252  256  258  262  266                                   
    45.0-180.0 180.0   5.0 450.0                            LAT/LON1/LON2/DLON/H
  281  296  297  293  290  288  286  278  270  257  244  230  216  203  193  187
  183  184  187  191  196  200  204  209  214  221  228  234  236  234  228  218
  207  196  186  178  171  165  159  154  150  146  144  142  142  143  144  147
  150  153  157  161  166  172  180  190  201  211  219  223  225  225  227  231
  236  245  255  259  268  272  273  276  281                                   
    42.5-180.0 180.0   5.0 450.0                            LAT/LON1/LON2/DLON/H
  294  308  308  305  305  304  305  301  294  282  268  251  233  216  202  193
  189  189  192  197  202  207  211  216  221  228  234  239  240  237  230  220
  210  201  192  184  177  171  166  162  159  156  154  153  153  154  155  157
  159  162  165  168  172  177  184  194  205  215  224  230  233  235  237  242
  249  259  270  275  284  287  288  291  294                                   
    40.0-180.0 180.0   5.0 450.0                            LAT/LON1/LON2/DLON/H
  305  317  315  313  315  316  319  319  316  307  294  276  256  235  217  205
  199  199  202  207  212  216  221  225  231  237  243  247  247  242  235  226
  217  209  201  194  187  181  176  172  170  168  167  167  166  166  166  167
  168  170  172  174  178  182  189  198  209  220  231  239  243  246  250  256
  263  274  285  290  299  303  304  307  305                                   
    37.5-180.0 180.0   5.0 450.0                            LAT/LON1/LON2/DLON/H
  317  324  321  318  321  323  329  332  334  329  319  303  281  258  238  224
  216  214  216  220  224  229  233  237  243  249  255  258  256  251  243  235
  228  221  215  208  200  194  189  185  184  183  182  181  180  179  178  177
  177  177  178  179  182  186  193  202  213  226  239  248  255  260  264  270
  278  289  300  304  315  319  320  324  317                                   
    35.0-180.0 180.0   5.0 450.0                            LAT/LON1/LON2/DLON/H
  330  335  330  326  329  331  337  343  349  350  344  330  310  286  264  247
  238  234  234  236  239  243  247  252  258  265  270  272  270  264  256  248
  242  236  230  223  215  208  203  200  199  198  198  197  194  191  188  185
  182  181  181  182  184  189  196  205  218  232  246  258  267  273  278  285
  293  303  314  319  330  335  337  342  330                                   
    32.5-180.0 180.0   5.0 450.0                            LAT/LON1/LON2/DLON/H
  349  354  348  341  343  344  349  357  366  370  368  358  340  317  294  276
  264  257  255  255  257  259  263  269  275  282  287  288  285  278  270  263
  257  252  246  238  229  221  215  213  213  213  213  210  206  201  195  190
  185  181  180  181  184  189  197  208  222  237  253  267  277  285  291  298
  306  316  327  332  344  351  353  361  349                                   
    30.0-180.0 180.0   5.0 450.0                            LAT/LON1/LON2/DLON/H
  373  381  375  368  367  367  372  379  389  395  395  388  372  350  327  308
  293  284  279  277  276  277  281  286  292  299  303  304  299  292  283  276
  270  264  256  247  236  228  223  222  223  224  223  219  213  205  197  189
  182  178  176  177  181  187  197  209  224  241  258  273  285  293  300  307
  316  327  338  344  358  366  369  381  373                                   
    27.5-180.0 180.0   5.0 450.0                            LAT/LON1/LON2/DLON/H
  402  414  410  403  402  403  407  413  421  427  428  422  408  387  365  344
  328  316  308  302  299  297  299  302  307  312  315  314  309  300  291  282
  275  267  257  246  234  226  222  223  225  226  225  220  212  202  192  183
  175  170  167  169  174  183  194  208  224  242  260  275  288  297  304  313
  323  335  347  353  370  379  383  399  402                                   
    25.0-180.0 180.0   5.0 450.0                            LAT/LON1/LON2/DLON/H
  431  448  446  442  443  446  451  456  462  466  466  460  447  428  406  385
  367  352  341  331  324  319  316  315  317  318  319  316  310  300  289  278
  268  257  245  232  221  214  211  213  216  217  215  210  200  190  179  170
  162  157  156  158  165  175  188  203  221  239  257  273  286  296  305  316
  328  340  353  361  379  389  394  414  431                                   
    22.5-180.0 180.0   5.0 450.0                            LAT/LON1/LON2/DLON/H
  452  477  477  478  481  489  497  502  506  508  506  501  489  472  451  430
  410  394  379  365  352  340  331  324  320  317  313  308  299  288  274  261
  248  235  221  208  198  192  191  193  196  197  195  189  180  170  161  153
  146  142  141  144  152  163  178  195  213  233  251  268  282  293  304  317
  331  345  359  367  385  395  403  426  452                                   
    20.0-180.0 180.0   5.0 450.0                            LAT/LON1/LON2/DLON/H
  461  492  496  504  511  522  534  541  546  546  544  538  529  514  495  475
  456  438  419  400  379  360  342  328  317  307  298  289  278  264  249  233
  218  203  190  178  169  164  163  166  169  170  168  162  155  146  139  133
  128  126  125  129  137  149  165  183  203  224  244  261  276  290  304  319
  335  351  364  373  389  397  408  433  461                                   
    17.5-180.0 180.0   5.0 450.0                            LAT/LON1/LON2/DLON/H
  457  492  499  515  525  540  556  566  573  573  571  567  560  549  534  516
  498  479  458  432  404  376  349  327  307  291  276  262  248  233  216  199
  184  170  158  148  141  137  137  138  140  141  139  135  129  123  118  114
  112  110  111  114  122  135  151  171  193  215  236  256  273  289  306  324
  342  358  371  378  391  397  410  436  457                                   
    15.0-180.0 180.0   5.0 450.0                            LAT/LON1/LON2/DLON/H
  445  477  486  508  522  541  558  572  581  583  582  580  577  570  560  546
  531  512  489  458  423  386  351  321  294  270  250  231  215  199  183  168
  153  142  133  126  120  117  117  118  118  118  115  112  108  105  102  100
   99   99  100  103  111  123  140  161  184  208  231  253  272  291  311  331
  350  367  379  384  392  395  411  435  445                                   
    12.5-180.0 180.0   5.0 450.0                            LAT/LON1/LON2/DLON/H
  432  456  464  487  504  523  542  557  569  573  574  576  577  575  570  561
  548  532  507  473  432  389  348  311  278  249  223  202  185  170  156  143
  132  124  118  113  110  108  107  107  106  104  101   98   95   94   93   93
   93   93   93   96  103  115  132  153  177  203  228  252  275  298  320  342
  361  377  388  391  395  394  411  435  432                                   
    10.0-180.0 180.0   5.0 450.0                            LAT/LON1/LON2/DLON/H
  422  436  442  461  477  494  512  528  540  547  551  555  560  563  562  557
  548  534  510  474  430  383  339  299  262  228  200  178  162  150  140  131
  124  119  116  114  112  111  109  107  104  100   96   93   91   91   92   92
   92   92   92   94   99  110  126  147  172  199  227  254  281  307  331  354
  373  388  398  400  401  398  415  438  422                                   
     7.5-180.0 180.0   5.0 450.0                            LAT/LON1/LON2/DLON/H
  421  428  430  440  453  463  477  491  504  512  517  524  532  538  541  539
  532  519  496  461  417  371  326  284  246  211  182  162  149  142  136  132
