data/edconvlstm_nd/pred0560.15i
     1.0            IONOSPHERE MAPS     GNSS                IONEX VERSION / TYPE
pyspatialgeodesy        IME             05-JAN-18 20:20     PGM / RUN BY / DATE 
Map Name                                                    COMMENT             
Predicted global ionosphere maps (GIM).                     DESCRIPTION         
  2015     2    25     0     0     0                        EPOCH OF FIRST MAP  
  2015     2    26     0     0     0                        EPOCH OF LAST MAP   
  7200                                                      INTERVAL            
    13                                                      # OF MAPS IN FILE   
  NONE                                                      MAPPING FUNCTION    
10.0                                                        ELEVATION CUTOFF    
One-way carrier phase leveled to code                       OBSERVABLES USED    
  6371.0                                                    BASE RADIUS         
 2                                                          MAP DIMENSION       
   450.0 450.0   0.0                                        HGT1 / HGT2 / DHGT  
    87.5 -87.5  -2.5                                        LAT1 / LAT2 / DLAT  
  -180.0 180.0   5.0                                        LON1 / LON2 / DLON  
    -1                                                      EXPONENT            
                                                            END OF HEADER       
[from data line 1716]
     5                                                      START OF TEC MAP    
  2015     2    25     8     0     0                        EPOCH OF CURRENT MAP
    87.5-180.0 180.0   5.0 450.0                            LAT/LON1/LON2/DLON/H
   78   79   76   81   85   86   85   84   88   91   93   96   98   99  101  102
  102  103  103  103  102  102  101  101  100   99   99   98   98   98   98   98
   98   98   98   99   99   99   99   99   98   98   98   97   97   96   95   94
   93   92   90   89   87   86   84   82   80   79   77   75   74   72   70   70
   69   70   68   67   72   74   85   89   78                                   
    85.0-180.0 180.0   5.0 450.0                            LAT/LON1/LON2/DLON/H
   66   79   81   81   85   89   91   94   97  101  102  106  107  109  110  111
  111  112  112  111  111  110  109  109  108  107  107  107  107  107  107  108
  109  109  110  111  112  112  113  113  113  113  113  112  111  111  109  108
  107  105  103  101   98   96   93   91   88   85   83   80   78   75   73   72
   72   72   68   68   67   72   78   79   66                                   
    82.5-180.0 180.0   5.0 450.0                            LAT/LON1/LON2/DLON/H
   56   69   75   74   77   83   86   90   95   99  102  105  107  109  110  110
  110  109  108  107  105  103  102  100   99   98   97   97   98   98  100  101
  103  106  108  110  113  115  117  118  119  120  121  121  120  120  119  118
  116  115  112  110  107  104  100   97   93   89   85   81   77   73   69   67
   65   64   60   59   62   63   59   60   56                                   
    80.0-180.0 180.0   5.0 450.0                            LAT/LON1/LON2/DLON/H
   56   62   66   68   73   76   81   86   92   96   99  103  104  106  106  106
  105  103  101   98   96   93   90   88   86   85   84   84   85   87   90   93
   97  101  105  109  113  117  120  123  126  128  129  130  131  131  132  131
  131  130  128  126  124  120  117  112  107  102   97   91   85   79   74   70
   65   61   57   56   57   57   59   56   56                                   
    77.5-180.0 180.0   5.0 450.0                            LAT/LON1/LON2/DLON/H
   62   62   65   66   69   73   79   83   90   93   96   99  100  101  101  100
   98   96   93   89   85   82   78   75   72   71   70   71   72   76   80   85
   91   97  104  110  116  122  127  131  135  138  141  143  145  147  149  151
  152  153  154  153  152  150  147  143  138  132  125  118  111  103   95   89
   81   74   67   65   62   54   55   56   62                                   
    75.0-180.0 180.0   5.0 450.0                            LAT/LON1/LON2/DLON/H
   65   65   62   65   67   72   76   79   84   87   88   90   91   91   90   89
   87   84   81   78   73   69   65   61   59   57   56   57   60   64   69   76
   83   91   99  107  115  122  128  133  138  142  146  149  153  158  162  166
  170  174  177  179  180  180  179  175  171  166  159  152  144  135  126  118
  108   98   88   78   72   61   62   60   65                                   
    72.5-180.0 180.0   5.0 450.0                            LAT/LON1/LON2/DLON/H
   72   69   65   68   71   76   80   82   85   85   85   86   85   85   84   83
   81   79   76   73   69   64   60   56   53   51   51   52   55   59   65   73
   81   90  100  109  117  125  131  137  142  147  151  156  162  168  175  182
  189  196  202  206  210  211  211  209  206  201  195  188  180  172  162  153
  142  131  120  105   93   77   73   73   72                                   
    70.0-180.0 180.0   5.0 450.0                            LAT/LON1/LON2/DLON/H
   82   74   71   74   76   79   82   83   84   83   81   80   78   77   76   75
   74   73   71   69   66   62   58   55   52   50   50   51   54   59   64   72
   80   89   99  108  116  124  131  136  141  146  151  157  165  173  182  192
  202  211  220  227  232  235  235  234  230  225  219  212  205  198  189  180
  169  157  145  127  111   91   88   88   82                                   
    67.5-180.0 180.0   5.0 450.0                            LAT/LON1/LON2/DLON/H
   85   76   72   77   79   84   87   87   86   83   80   77   74   72   71   71
   72   72   71   70   68   65   62   59   57   56   55   56   58   62   67   73
   81   89   97  105  113  120  127  132  137  142  148  155  163  173  184  196
  209  220  230  238  244  246  246  244  240  235  229  222  216  209  201  193
  183  170  158  138  120   99   93   94   85                                   
    65.0-180.0 180.0   5.0 450.0                            LAT/LON1/LON2/DLON/H
   88   77   73   79   82   88   91   92   91   87   82   78   74   72   71   71
   72   73   74   74   73   71   69   67   65   64   64   64   66   69   72   77
   83   89   96  104  111  118  124  130  135  141  148  156  166  178  191  205
  219  231  242  250  255  257  255  252  246  240  234  228  221  215  207  200
  190  177  164  143  125  102   96   98   88                                   
    62.5-180.0 180.0   5.0 450.0                            LAT/LON1/LON2/DLON/H
   87   74   71   78   82   88   93   94   93   89   84   80   77   74   73   73
   75   76   77   78   78   76   75   73   71   71   70   70   71   73   75   78
   82   87   93  100  107  114  121  128  134  142  150  160  172  185  200  215
  229  243  253  261  264  265  261  256  250  243  236  229  223  216  209  201
  190  176  162  141  122   98   91   95   87                                   
    60.0-180.0 180.0   5.0 450.0                            LAT/LON1/LON2/DLON/H
   85   70   67   73   78   84   89   91   92   89   85   82   79   76   75   76
   76   78   78   79   78   77   76   74   73   72   71   71   71   72   73   74
   77   81   87   94  101  109  117  126  135  144  155  167  180  195  211  227
  242  256  266  273  276  274  270  263  256  248  242  235  229  221  212  202
  190  174  159  136  117   91   83   89   85                                   
    57.5-180.0 180.0   5.0 450.0                            LAT/LON1/LON2/DLON/H
   85   68   65   69   73   78   84   86   87   86   84   82   80   79   78   77
   77   78   78   77   76   75   73   71   70   69   68   67   67   67   68   69
   72   76   82   89   98  107  118  128  140  152  165  179  194  211  228  245
  261  274  285  291  294  291  286  279  271  264  258  252  245  236  225  213
  197  178  160  136  117   87   79   85   85                                   
    55.0-180.0 180.0   5.0 450.0                            LAT/LON1/LON2/DLON/H
   90   71   67   68   71   74   78   80   81   80   80   81   80   79   79   77
   76   76   75   73   72   70   67   65   63   62   61   61   60   60   61   63
   66   71   79   87   98  109  121  134  148  162  178  194  211  229  248  266
  282  297  308  315  317  315  309  302  295  289  283  277  270  260  247  231
  211  189  169  143  123   91   81   87   90                                   
    52.5-180.0 180.0   5.0 450.0                            LAT/LON1/LON2/DLON/H
  101   81   76   74   74   74   76   75   76   76   77   79   80   80   79   77
   75   73   71   70   67   65   63   60   58   56   55   54   53   53   55   58
   63   70   79   90  102  115  129  143  159  176  193  211  230  250  269  288
  306  322  334  342  345  342  337  330  323  318  313  308  300  289  273  254
  230  205  182  154  133  100   89   94  101                                   
    50.0-180.0 180.0   5.0 450.0                            LAT/LON1/LON2/DLON/H
  115   95   90   85   83   81   80   77   75   75   77   79   81   81   79   77
   74   72   70   68   66   64   61   58   55   53   51   49   48   49   52   56
   63   73   84   97  111  125  140  156  173  191  210  229  250  271  292  312
  331  348  362  370  373  370  364  357  350  345  340  335  327  314  296  274
  248  221  195  166  145  113  102  106  115                                   
    47.5-180.0 180.0   5.0 450.0                            LAT/LON1/LON2/DLON/H
  131  112  107  102   98   95   91   85   81   80   82   84   85   84   82   79
   76   73   72   70   68   66   63   60   56   53   50   48   47   48   52   58
   68   80   94  109  124  139  154  171  188  207  227  247  269  291  313  335
  355  372  385  393  395  391  383  375  367  361  355  349  340  325  307  284
  257  230  202  174  154  124  113  119  131                                   
    45.0-180.0 180.0   5.0 450.0                            LAT/LON1/LON2/DLON/H
  142  125  122  119  116  112  107   99   94   93   93   94   94   91   88   84
   81   78   77   75   74   72   69   65   61   57   53   51   50   51   55   63
   75   90  106  123  140  156  172  188  206  225  245  266  287  310  332  354
  374  390  402  407  406  400  390  379  370  362  355  346  335  320  301  279
  254  228  201  175  156  129  120  127  142                                   
    42.5-180.0 180.0   5.0 450.0                            LAT/LON1/LON2/DLON/H
  146  132  132  132  131  128  124  117  112  110  109  108  106  102   97   92
   89   87   85   85   83   81   77   73   68   63   60   57   55   56   61   70
   84  101  120  139  157  175  191  209  227  245  265  285  306  328  350  370
  388  401  410  412  408  400  388  376  364  354  344  333  319  302  283  264
  242  219  194  169  152  127  120  128  146                                   
    40.0-180.0 180.0   5.0 450.0                            LAT/LON1/LON2/DLON/H
  143  130  133  136  138  138  137  133  130  128  126  124  120  114  108  103
  100   98   97   96   94   91   86   81   76   71   67   64   63   64   69   79
   94  113  134  155  176  195  213  232  251  269  287  306  326  346  367  385
  399  410  415  415  410  400  388  376  363  351  338  323  305  286  268  251
  232  212  189  165  146  120  115  122  143                                   
    37.5-180.0 180.0   5.0 450.0                            LAT/LON1/LON2/DLON/H
  136  123  126  131  136  139  143  143  143  143  141  139  133  127  121  116
  113  112  111  110  106  101   95   89   83   78   75   72   71   72   77   87
  104  124  147  171  194  216  237  258  278  296  313  330  348  367  385  400
  412  420  423  423  419  412  402  391  380  366  351  332  311  289  271  255
  240  221  200  172  150  118  112  115  136                                   
    35.0-180.0 180.0   5.0 450.0                            LAT/LON1/LON2/DLON/H
  133  116  116  118  125  130  138  144  147  149  149  148  143  137  132  128
  127  126  126  123  118  111  103   95   89   85   82   80   79   80   85   96
  113  135  160  186  211  237  262  286  307  326  342  357  373  389  405  419
  429  436  440  442  443  441  436  430  420  408  391  370  346  324  305  291
  277  260  238  206  178  134  123  120  133                                   
    32.5-180.0 180.0   5.0 450.0                            LAT/LON1/LON2/DLON/H
  141  117  110  107  111  116  126  134  141  146  149  149  146  143  140  139
  140  140  139  136  129  119  109  101   95   91   89   87   87   88   94  105
  123  145  172  200  229  258  287  314  338  357  372  385  399  414  429  441
  452  460  468  476  483  489  492  492  487  478  462  440  416  393  375  362
  349  332  310  270  238  181  160  145  141                                   
    30.0-180.0 180.0   5.0 450.0                            LAT/LON1/LON2/DLON/H
  168  136  118  105  102  103  111  120  128  135  140  143  144  144  145  148
  150  152  151  146  138  127  116  107  101   98   96   95   94   96  102  114
  132  156  185  215  247  280  313  343  368  388  402  414  426  440  455  469
  482  494  508  524  540  555  567  575  578  573  561  542  519  497  479  465
  451  432  407  362  326  258  225  198  168                                   
    27.5-180.0 180.0   5.0 450.0                            LAT/LON1/LON2/DLON/H
  215  177  147  121  108  101  103  109  115  122  128  134  138  143  148  153
  157  160  159  154  144  133  122  113  108  105  103  102  103  106  113  125
  144  169  199  232  266  302  337  369  396  415  429  440  452  467  484  502
  519  537  557  580  605  629  651  669  679  682  675  661  641  621  604  589
  572  551  521  471  431  355  307  276  215                                   
    25.0-180.0 180.0   5.0 450.0                            LAT/LON1/LON2/DLON/H
  283  241  199  159  136  118  110  108  110  114  119  126  133  141  149  156
  162  164  163  158  149  138  128  120  116  113  111  111  112  117  125  139
  158  184  215  249  285  321  358  391  419  439  452  463  476  493  513  535
  557  579  605  634  666  698  729  754  773  782  781  773  760  744  728  712
  693  671  636  585  540  459  399  368  283                                   
    22.5-180.0 180.0   5.0 450.0                            LAT/LON1/LON2/DLON/H
  365  323  270  220  185  157  137  125  119  118  120  125  133  142  151  159
  165  166  164  159  151  142  134  128  124  122  120  121  123  129  139  153
  172  198  229  264  300  338  374  408  436  456  471  483  497  516  538  563
  587  613  641  674  710  747  782  812  835  850  856  854  849  839  828  812
  793  771  735  686  637  559  495  466  365                                   
    20.0-180.0 180.0   5.0 450.0                            LAT/LON1/LON2/DLON/H
  451  412  353  298  252  215  184  161  146  137  134  136  142  150  159  165
  168  167  163  158  151  144  138  134  132  131  130  131  134  140  149  163
  183  209  241  276  312  349  385  418  446  468  484  498  514  535  558  583
  608  634  663  696  732  768  802  831  855  872  882  888  890  888  882  870
  852  833  802  758  708  638  582  557  451                                   
    17.5-180.0 180.0   5.0 450.0                            LAT/LON1/LON2/DLON/H
  525  496  439  385  331  286  245  214  190  173  164  161  162  167  172  174
  173  168  162  156  149  144  141  140  140  139  138  138  140  145  154  168
  188  216  248  283  319  355  390  423  451  474  493  510  529  551  574  599
  623  648  675  706  737  767  794  817  836  852  865  876  883  887  886  877
  862  847  824  786  739  681  643  624  525                                   
    15.0-180.0 180.0   5.0 450.0                            LAT/LON1/LON2/DLON/H
  576  558  514  466  410  362  315  277  245  222  206  197  193  192  192  189
  182  172  162  154  148  144  143  145  146  146  144  141  140  144  152  167
  189  218  251  286  322  357  391  423  452  476  498  519  541  564  589  614
  637  660  684  709  732  753  770  783  795  807  821  834  844  850  849  841
  827  815  798  767  727  683  663  655  576                                   
    12.5-180.0 180.0   5.0 450.0                            LAT/LON1/LON2/DLON/H
  598  590  563  527  476  431  382  341  305  277  255  239  230  223  218  209
  196  180  166  155  149  147  148  150  152  151  146  140  137  139  148  164
  188  218  252  287  322  356  389  420  449  475  500  524  550  577  604  629
  651  672  691  709  724  735  741  745  749  758  770  783  792  796  793  782
  768  755  742  717  685  652  646  647  598                                   
    10.0-180.0 180.0   5.0 450.0                            LAT/LON1/LON2/DLON/H
  596  593  582  558  518  479  434  394  357  327  301  282  267  256  246  233
  215  195  177  164  156  154  155  157  158  154  147  139  134  135  144  162
  187  218  252  286  319  352  385  415  444  472  499  527  556  586  615  641
  663  680  695  707  716  720  720  717  717  721  730  740  746  744  736  721
  706  693  681  659  634  609  609  616  596                                   
     7.5-180.0 180.0   5.0 450.0                            LAT/LON1/LON2/DLON/H
  578  578  577  560  532  501  462  427  394  364  338  316  298  286  275  260
  240  217  196  181  172  169  168  167  165  159  150  140  134  135  144  163
