data/edconvlstm_nd/pred1740.15i
     1.0            IONOSPHERE MAPS     GNSS                IONEX VERSION / TYPE
pyspatialgeodesy        IME             05-JAN-18 20:20     PGM / RUN BY / DATE 
Map Name                                                    COMMENT             
Predicted global ionosphere maps (GIM).                     DESCRIPTION         
  2015     6    23     0     0     0                        EPOCH OF FIRST MAP  
  2015     6    24     0     0     0                        EPOCH OF LAST MAP   
  7200                                                      INTERVAL            
    13                                                      # OF MAPS IN FILE   
  NONE                                                      MAPPING FUNCTION    
10.0                                                        ELEVATION CUTOFF    
One-way carrier phase leveled to code                       OBSERVABLES USED    
  6371.0                                                    BASE RADIUS         
 2                                                          MAP DIMENSION       
   450.0 450.0   0.0                                        HGT1 / HGT2 / DHGT  
    87.5 -87.5  -2.5                                        LAT1 / LAT2 / DLAT  
  -180.0 180.0   5.0                                        LON1 / LON2 / DLON  
    -1                                                      EXPONENT            
                                                            END OF HEADER       
[from data line 1716]
     5                                                      START OF TEC MAP    
  2015     6    23     8     0     0                        EPOCH OF CURRENT MAP
    87.5-180.0 180.0   5.0 450.0                            LAT/LON1/LON2/DLON/H
  154  146  139  140  143  143  141  140  142  144  145  146  147  148  149  149
  150  151  151  151  151  151  151  151  151  150  150  150  149  149  149  149
  149  149  149  149  149  149  149  149  149  149  150  150  150  150  150  150
  150  151  151  151  150  150  150  149  149  148  147  146  145  144  142  141
  140  141  139  137  140  138  142  149  154                                   
    85.0-180.0 180.0   5.0 450.0                            LAT/LON1/LON2/DLON/H
  144  138  141  140  143  144  145  146  148  150  152  153  155  156  157  158
  159  160  160  160  160  160  160  160  159  159  158  158  157  157  156  156
  156  156  155  155  155  155  155  155  155  155  155  156  156  157  157  158
  158  159  159  160  160  160  160  160  159  158  157  156  154  153  151  149
  148  148  142  142  135  132  136  142  144                                   
    82.5-180.0 180.0   5.0 450.0                            LAT/LON1/LON2/DLON/H
  134  138  136  134  136  139  141  143  147  149  152  155  157  158  160  161
  162  163  163  163  163  163  162  161  160  159  158  158  157  156  156  155
  155  155  155  155  155  155  155  155  155  155  156  157  158  159  160  161
  163  164  165  166  167  168  168  168  167  166  165  163  161  158  155  152
  150  147  140  140  136  132  129  123  134                                   
    80.0-180.0 180.0   5.0 450.0                            LAT/LON1/LON2/DLON/H
  132  133  129  131  133  134  137  140  145  148  151  154  157  159  161  162
  162  163  163  162  161  160  159  157  156  154  153  152  151  151  151  152
  152  153  154  154  155  156  156  157  158  159  161  162  164  166  169  171
  173  176  178  180  181  182  182  182  181  180  178  176  173  170  165  162
  157  153  145  142  135  131  133  122  132                                   
    77.5-180.0 180.0   5.0 450.0                            LAT/LON1/LON2/DLON/H
  136  133  130  132  133  135  138  141  146  150  152  156  158  160  162  163
  164  164  163  162  161  159  156  154  152  149  148  147  147  148  149  151
  154  156  159  161  163  165  166  168  169  171  174  176  179  183  186  189
  192  195  198  200  202  203  203  203  202  201  199  196  192  188  183  178
  172  166  155  151  145  135  132  129  136                                   
    75.0-180.0 180.0   5.0 450.0                            LAT/LON1/LON2/DLON/H
  136  137  130  132  133  135  138  140  146  149  152  155  157  159  160  161
  161  160  159  158  155  152  149  145  142  139  138  137  138  141  144  149
  154  159  164  168  172  175  177  180  182  185  188  192  196  200  205  209
  212  215  217  219  220  221  220  220  219  218  215  213  209  205  200  195
  188  180  169  160  152  142  139  133  136                                   
    72.5-180.0 180.0   5.0 450.0                            LAT/LON1/LON2/DLON/H
  140  143  135  136  136  137  140  143  147  150  153  156  157  159  159  160
  159  159  157  155  152  148  143  139  135  131  130  130  132  137  143  150
  158  166  174  180  185  189  193  196  199  203  207  211  216  221  225  229
  232  234  235  235  234  233  232  230  229  228  226  224  222  218  214  210
  203  196  185  176  164  152  147  142  140                                   
    70.0-180.0 180.0   5.0 450.0                            LAT/LON1/LON2/DLON/H
  148  149  141  139  137  136  138  140  145  148  150  153  154  155  156  156
  155  154  153  150  146  141  136  130  125  122  120  122  126  132  141  151
  162  173  183  191  197  203  207  210  214  218  223  228  233  238  242  245
  247  247  245  242  239  235  232  229  227  226  225  225  224  223  221  218
  213  206  197  188  176  164  159  153  148                                   
    67.5-180.0 180.0   5.0 450.0                            LAT/LON1/LON2/DLON/H
  155  156  147  143  138  135  135  137  141  144  147  150  151  152  153  153
  153  152  150  147  143  137  131  125  119  116  115  117  122  131  142  155
  168  181  192  201  209  214  219  223  227  232  237  243  249  254  257  259
  258  255  250  244  237  230  225  221  218  217  218  219  221  221  221  221
  218  213  205  197  186  174  168  163  155                                   
    65.0-180.0 180.0   5.0 450.0                            LAT/LON1/LON2/DLON/H
  162  164  153  146  137  132  131  131  136  139  142  146  148  150  151  151
  151  150  148  145  141  135  128  122  116  113  113  117  124  134  147  161
  176  190  202  212  219  225  229  234  238  244  251  257  263  268  270  269
  266  259  251  241  231  222  215  209  206  206  208  211  214  217  219  221
  220  217  211  205  195  186  181  175  162                                   
    62.5-180.0 180.0   5.0 450.0                            LAT/LON1/LON2/DLON/H
  170  173  160  149  137  129  126  125  128  132  136  140  143  145  147  148
  148  147  145  142  137  132  125  119  115  113  115  120  128  140  154  169
  184  198  210  219  226  231  236  241  246  253  260  268  274  278  279  276
  270  261  250  237  225  214  205  199  196  196  198  202  207  212  215  218
  218  218  213  209  202  194  190  186  170                                   
    60.0-180.0 180.0   5.0 450.0                            LAT/LON1/LON2/DLON/H
  179  181  167  154  137  126  120  117  119  123  127  132  136  138  141  142
  142  142  140  136  131  126  120  116  113  114  117  124  134  147  161  176
  190  203  214  223  229  234  239  244  251  258  267  274  281  284  284  280
  272  261  248  235  221  210  200  194  191  191  193  198  203  207  211  214
  215  216  212  210  206  201  199  195  179                                   
    57.5-180.0 180.0   5.0 450.0                            LAT/LON1/LON2/DLON/H
  190  192  178  161  141  126  117  111  111  113  117  122  126  129  132  133
  134  133  131  128  123  118  113  111  111  114  120  129  141  154  168  182
  195  207  217  224  231  236  241  247  254  262  271  279  285  288  287  282
  274  262  249  236  223  212  204  197  194  194  195  199  203  207  210  212
  212  213  211  210  208  207  206  204  190                                   
    55.0-180.0 180.0   5.0 450.0                            LAT/LON1/LON2/DLON/H
  202  204  191  172  149  131  118  109  106  106  108  112  115  118  120  122
  123  123  121  117  112  108  105  104  107  113  122  133  146  159  173  186
  198  208  217  225  231  237  243  249  257  265  274  282  288  290  288  283
  275  264  253  241  231  221  214  208  205  203  204  206  208  210  211  212
  211  212  210  211  210  211  212  212  202                                   
    52.5-180.0 180.0   5.0 450.0                            LAT/LON1/LON2/DLON/H
  216  218  206  187  163  142  126  113  107  103  102  103  105  106  108  110
  111  111  109  106  102   98   97   98  104  112  123  136  150  163  176  188
  199  209  219  227  234  241  247  254  262  270  278  285  290  291  289  284
  277  268  259  251  243  236  230  225  221  219  217  217  217  216  216  215
  214  214  212  213  214  217  218  218  216                                   
    50.0-180.0 180.0   5.0 450.0                            LAT/LON1/LON2/DLON/H
  229  232  222  204  181  158  140  123  113  105  101   99   98   97   98   99
  100  100   99   96   93   91   91   95  102  112  125  138  152  165  177  189
  200  211  222  231  240  248  255  262  269  276  283  289  293  293  292  287
  282  275  269  263  258  253  249  244  240  237  233  231  228  226  224  222
  221  220  219  219  221  223  225  225  229                                   
    47.5-180.0 180.0   5.0 450.0                            LAT/LON1/LON2/DLON/H
  240  243  236  220  199  176  156  138  124  113  105   99   95   92   91   91
   92   93   93   91   89   88   89   94  103  114  127  141  154  166  178  190
  203  215  227  239  250  259  267  273  279  285  290  294  297  297  296  293
  289  284  280  277  273  270  267  263  258  254  249  245  241  238  235  234
  233  232  231  230  231  232  233  232  240                                   
    45.0-180.0 180.0   5.0 450.0                            LAT/LON1/LON2/DLON/H
  246  249  244  231  213  192  173  154  138  124  113  105   98   92   89   88
   89   90   91   91   90   90   93   99  107  118  131  143  156  168  180  193
  206  221  235  250  262  273  281  287  291  295  299  302  304  304  303  301
  299  296  293  291  288  285  282  278  274  269  264  260  256  252  251  250
  250  250  248  246  245  244  243  239  246                                   
    42.5-180.0 180.0   5.0 450.0                            LAT/LON1/LON2/DLON/H
  248  250  246  234  221  202  185  167  151  137  124  114  104   97   92   90
   91   92   94   95   96   98  101  107  115  125  136  147  159  171  183  197
  212  229  245  262  276  287  296  301  304  306  309  311  312  313  313  312
  311  309  307  305  302  299  296  292  288  284  280  276  273  271  270  271
  272  274  271  267  262  258  254  247  248                                   
    40.0-180.0 180.0   5.0 450.0                            LAT/LON1/LON2/DLON/H
  247  246  242  231  220  205  190  175  161  147  135  124  114  105   99   96
   96   98  101  104  106  109  112  118  125  133  142  152  163  175  188  203
  220  237  256  273  289  301  309  313  316  317  318  320  322  323  325  325
  325  324  323  320  317  313  310  307  304  302  300  298  295  294  295  297
  300  301  298  291  283  274  266  257  247                                   
    37.5-180.0 180.0   5.0 450.0                            LAT/LON1/LON2/DLON/H
  246  240  236  224  214  201  189  176  165  153  142  133  123  114  107  103
  103  105  109  113  117  121  125  129  135  141  149  158  169  181  194  210
  227  245  264  282  298  310  318  322  324  325  327  329  331  334  337  339
  340  340  339  337  334  331  328  327  326  326  326  325  324  324  325  327
  330  331  326  317  304  292  280  269  246                                   
    35.0-180.0 180.0   5.0 450.0                            LAT/LON1/LON2/DLON/H
  247  237  231  218  207  194  184  173  164  155  147  139  131  123  116  112
  110  112  116  121  126  131  135  139  144  148  155  163  174  187  201  217
  234  251  269  287  302  314  322  326  328  330  332  336  339  344  348  351
  355  356  357  356  355  354  353  353  355  357  359  360  360  359  359  360
  361  361  354  342  326  310  294  283  247                                   
    32.5-180.0 180.0   5.0 450.0                            LAT/LON1/LON2/DLON/H
  254  240  232  218  206  192  182  171  163  155  149  143  137  130  124  119
  116  117  121  126  133  138  143  147  150  154  159  167  178  192  206  222
  238  254  270  286  300  312  320  325  328  331  335  340  345  350  356  362
  367  371  375  378  380  382  384  387  391  395  399  400  399  397  395  394
  392  388  379  364  345  327  309  299  254                                   
    30.0-180.0 180.0   5.0 450.0                            LAT/LON1/LON2/DLON/H
  267  251  241  227  213  199  187  175  165  157  151  146  142  136  130  124
  121  120  123  128  135  142  148  151  154  157  162  170  181  195  209  224
  238  252  266  280  293  304  313  319  324  328  334  340  347  354  361  368
  376  384  392  399  406  412  418  424  430  436  440  441  438  434  429  423
  417  411  398  382  361  341  322  315  267                                   
    27.5-180.0 180.0   5.0 450.0                            LAT/LON1/LON2/DLON/H
  285  268  258  247  232  217  203  188  175  164  157  152  147  142  136  129
  124  121  123  128  136  144  151  155  156  158  162  170  181  195  209  222
  234  246  258  270  282  293  303  310  317  324  331  339  347  354  363  372
  382  394  406  418  431  442  452  461  468  474  477  476  472  464  456  447
  437  426  411  393  372  352  334  331  285                                   
    25.0-180.0 180.0   5.0 450.0                            LAT/LON1/LON2/DLON/H
  304  289  281  273  259  245  230  212  195  180  168  161  155  149  143  135
  128  124  123  128  136  146  153  158  159  160  162  169  178  191  203  215
  226  236  247  259  271  282  292  301  310  318  327  337  345  354  362  373
  386  400  416  433  451  466  479  489  496  501  502  500  493  484  473  460
  447  434  417  398  377  358  342  342  304                                   
    22.5-180.0 180.0   5.0 450.0                            LAT/LON1/LON2/DLON/H
  319  308  303  301  290  278  262  242  222  202  187  176  168  160  152  143
  134  128  126  130  138  148  157  162  162  161  161  165  172  183  194  205
  215  226  236  248  261  273  285  295  305  315  325  335  344  353  362  373
  387  404  423  443  462  480  493  502  508  511  511  507  500  490  478  464
  449  434  417  398  377  359  345  347  319                                   
    20.0-180.0 180.0   5.0 450.0                            LAT/LON1/LON2/DLON/H
  328  320  319  322  315  306  292  273  250  228  209  195  184  174  165  154
  143  135  132  134  142  153  162  167  166  163  160  160  164  171  181  192
  203  215  227  240  255  268  281  292  303  314  325  336  345  353  361  373
  388  405  425  445  464  480  492  499  503  505  503  499  492  483  472  459
  445  429  413  394  374  356  345  346  328                                   
    17.5-180.0 180.0   5.0 450.0                            LAT/LON1/LON2/DLON/H
  327  321  324  330  328  322  311  295  274  251  231  215  202  191  179  167
  155  145  140  142  149  159  167  172  170  163  157  152  153  158  167  179
  192  206  221  236  253  268  282  294  306  317  329  339  347  355  363  374
  389  406  425  443  459  471  480  484  486  486  484  480  474  467  459  449
  436  422  407  388  370  351  341  340  327                                   
    15.0-180.0 180.0   5.0 450.0                            LAT/LON1/LON2/DLON/H
  318  312  317  321  323  320  314  302  286  266  247  232  218  206  193  180
  168  157  151  151  156  164  171  174  170  162  152  144  141  145  154  166
  182  199  217  236  254  272  287  300  311  323  334  344  352  359  367  378
  392  408  424  438  449  458  463  466  466  465  462  458  454  449  445  438
  428  415  402  384  367  347  336  331  318                                   
    12.5-180.0 180.0   5.0 450.0                            LAT/LON1/LON2/DLON/H
  305  297  300  300  302  301  299  292  281  267  253  241  228  216  204  191
  178  168  161  158  161  166  171  172  166  156  145  135  130  132  141  156
  174  194  215  237  258  277  293  307  319  330  341  350  357  363  371  383
  397  412  425  435  441  446  449  451  451  450  447  443  439  436  434  430
  422  412  399  383  366  345  332  323  305                                   
    10.0-180.0 180.0   5.0 450.0                            LAT/LON1/LON2/DLON/H
  293  282  282  273  273  269  269  267  262  253  246  238  229  219  207  195
  184  174  167  162  162  163  165  164  158  148  136  126  120  122  131  147
  167  190  215  239  262  283  300  314  325  336  345  354  360  367  376  388
  402  417  428  434  438  440  443  445  447  447  443  439  435  432  431  428
  420  411  400  385  369  346  331  318  293                                   
     7.5-180.0 180.0   5.0 450.0                            LAT/LON1/LON2/DLON/H
  289  274  267  250  244  236  235  234  232  229  227  225  220  212  202  192
  183  174  167  161  157  155  154  151  145  136  126  117  112  114  124  141
