data/edconvlstm_nd/pred2120.15i
     1.0            IONOSPHERE MAPS     GNSS                IONEX VERSION / TYPE
pyspatialgeodesy        IME             05-JAN-18 20:20     PGM / RUN BY / DATE 
Map Name                                                    COMMENT             
Predicted global ionosphere maps (GIM).                     DESCRIPTION         
  2015     7    31     0     0     0                        EPOCH OF FIRST MAP  
  2015     8     1     0     0     0                        EPOCH OF LAST MAP   
  7200                                                      INTERVAL            
    13                                                      # OF MAPS IN FILE   
  NONE                                                      MAPPING FUNCTION    
10.0                                                        ELEVATION CUTOFF    
One-way carrier phase leveled to code                       OBSERVABLES USED    
  6371.0                                                    BASE RADIUS         
 2                                                          MAP DIMENSION       
   450.0 450.0   0.0                                        HGT1 / HGT2 / DHGT  
    87.5 -87.5  -2.5                                        LAT1 / LAT2 / DLAT  
  -180.0 180.0   5.0                                        LON1 / LON2 / DLON  
    -1                                                      EXPONENT            
                                                            END OF HEADER       
[from data line 429]
     2                                                      START OF TEC MAP    
  2015     7    31     2     0     0                        EPOCH OF CURRENT MAP
    87.5-180.0 180.0   5.0 450.0                            LAT/LON1/LON2/DLON/H
  124  130  133  134  133  131  128  127  128  128  129  129  129  129  129  129
  129  128  128  127  126  125  124  123  122  121  119  118  117  116  115  113
  112  112  111  110  109  108  108  107  107  107  107  107  107  107  107  108
  108  108  109  109  110  110  110  111  111  112  112  113  113  113  114  115
  117  118  118  118  120  124  127  127  124                                   
    85.0-180.0 180.0   5.0 450.0                            LAT/LON1/LON2/DLON/H
  128  140  130  138  141  139  139  139  140  140  140  140  140  140  140  139
  138  138  136  135  134  132  131  129  128  126  124  123  121  119  118  117
  115  114  113  113  112  111  111  110  110  110  110  110  110  110  110  111
  111  112  113  113  114  115  115  116  117  117  118  119  120  120  121  122
  124  126  125  128  124  127  130  126  128                                   
    82.5-180.0 180.0   5.0 450.0                            LAT/LON1/LON2/DLON/H
  133  137  146  144  144  145  145  146  148  148  148  148  148  147  146  145
  143  142  140  138  136  134  132  130  128  126  123  121  119  118  116  115
  113  112  111  111  110  110  109  109  109  108  108  109  109  109  110  110
  111  112  113  114  115  116  117  118  119  120  121  122  123  124  124  126
  127  128  127  127  132  123  124  123  133                                   
    80.0-180.0 180.0   5.0 450.0                            LAT/LON1/LON2/DLON/H
  139  142  140  142  143  144  148  150  152  152  152  152  151  150  148  146
  144  142  140  137  135  132  130  127  124  122  119  116  114  112  111  109
  108  108  107  107  107  106  106  106  106  106  106  106  107  108  108  109
  111  112  113  114  116  117  119  120  121  122  123  124  125  125  126  127
  128  127  126  126  136  130  133  128  139                                   
    77.5-180.0 180.0   5.0 450.0                            LAT/LON1/LON2/DLON/H
  140  141  140  145  141  144  150  153  155  155  153  153  152  149  147  145
  142  139  137  134  132  129  127  124  121  118  116  113  111  109  108  107
  107  107  107  108  108  108  109  109  109  109  109  110  111  112  113  114
  116  118  119  121  123  124  126  127  128  130  130  131  131  131  131  132
  131  131  127  129  134  129  130  130  140                                   
    75.0-180.0 180.0   5.0 450.0                            LAT/LON1/LON2/DLON/H
  137  138  137  145  140  144  148  151  153  153  151  151  148  145  142  139
  136  133  130  128  126  124  121  119  116  112  109  106  104  102  101  101
  102  103  104  105  106  107  107  108  108  108  109  110  111  113  114  117
  119  121  123  125  127  129  131  132  133  134  135  136  136  135  135  135
  133  131  127  123  127  125  125  129  137                                   
    72.5-180.0 180.0   5.0 450.0                            LAT/LON1/LON2/DLON/H
  130  135  136  142  140  143  148  151  154  154  152  151  148  144  140  136
  132  129  127  125  123  122  120  117  114  110  107  103  101   99   98   99
  100  102  104  106  107  109  110  110  111  111  112  114  116  118  121  124
  127  130  132  134  136  138  139  140  142  143  144  144  144  144  143  143
  140  137  134  129  129  124  123  127  130                                   
    70.0-180.0 180.0   5.0 450.0                            LAT/LON1/LON2/DLON/H
  131  131  134  140  138  141  145  149  152  152  150  149  145  141  136  131
  127  124  122  120  119  118  117  115  111  107  103   99   96   94   94   95
   96   99  101  104  106  107  108  108  109  109  111  113  116  120  124  128
  132  135  137  139  140  141  142  144  145  146  148  149  149  148  148  147
  145  141  137  133  132  127  126  127  131                                   
    67.5-180.0 180.0   5.0 450.0                            LAT/LON1/LON2/DLON/H
  130  131  131  137  134  137  141  145  148  148  147  146  142  137  132  127
  122  119  117  116  116  115  114  112  108  104   99   94   90   88   87   88
   90   92   95   97   99   99  100  100  101  102  104  107  112  117  122  127
  131  135  137  138  139  139  139  140  142  143  145  147  148  148  148  147
  145  141  138  134  133  127  126  128  130                                   
    65.0-180.0 180.0   5.0 450.0                            LAT/LON1/LON2/DLON/H
  132  131  131  137  133  134  138  141  145  146  145  144  141  136  131  126
  121  117  115  115  114  114  113  111  107  102   96   91   87   84   83   84
   85   87   89   91   92   92   92   92   93   94   98  102  108  114  120  126
  131  134  135  136  135  135  135  136  138  140  143  145  147  147  147  147
  145  142  139  136  136  131  131  133  132                                   
    62.5-180.0 180.0   5.0 450.0                            LAT/LON1/LON2/DLON/H
  136  136  136  140  134  134  137  140  144  144  144  144  142  138  133  127
  123  119  116  115  115  115  114  111  107  102   96   91   87   84   83   82
   83   84   85   85   85   85   85   85   86   89   93   98  105  112  119  125
  130  133  134  134  133  132  132  133  135  138  141  144  146  147  148  148
  146  144  142  139  140  136  137  140  136                                   
    60.0-180.0 180.0   5.0 450.0                            LAT/LON1/LON2/DLON/H
  143  143  143  145  138  136  138  140  142  143  143  143  142  139  135  130
  125  121  118  117  116  115  114  111  107  102   97   92   88   85   83   82
   82   82   81   81   80   79   79   79   81   84   89   95  103  110  118  124
  129  132  132  132  131  130  131  132  135  138  142  145  147  147  148  148
  147  146  144  142  144  141  143  146  143                                   
    57.5-180.0 180.0   5.0 450.0                            LAT/LON1/LON2/DLON/H
  153  153  153  154  146  143  143  143  144  143  142  143  142  140  136  132
  128  124  121  119  117  116  114  111  107  103   99   94   91   89   87   85
   83   82   80   78   77   77   77   78   80   83   88   95  103  111  118  125
  129  132  133  133  133  133  134  137  140  143  146  148  149  150  150  150
  149  148  147  145  148  147  150  154  153                                   
    55.0-180.0 180.0   5.0 450.0                            LAT/LON1/LON2/DLON/H
  163  164  166  166  158  153  152  150  148  145  143  142  141  139  137  134
  131  127  124  121  119  117  115  112  109  105  101   98   96   94   92   90
   87   84   81   79   78   77   78   79   82   85   90   97  104  112  119  126
  131  134  136  138  139  140  142  145  148  151  153  154  155  154  153  153
  152  151  150  149  153  153  157  161  163                                   
    52.5-180.0 180.0   5.0 450.0                            LAT/LON1/LON2/DLON/H
  174  177  179  180  172  168  165  161  157  151  146  144  141  139  138  136
  134  131  128  126  123  120  118  115  112  109  106  104  102  101   99   96
   92   88   84   82   81   82   83   84   87   90   95  100  107  114  121  128
  134  139  142  145  148  151  154  157  160  161  162  162  161  160  158  158
  156  155  154  154  158  159  163  168  174                                   
    50.0-180.0 180.0   5.0 450.0                            LAT/LON1/LON2/DLON/H
  184  188  192  195  188  185  183  177  171  162  154  149  144  141  140  139
  138  137  135  132  129  126  123  120  117  115  112  111  110  108  106  102
   98   93   90   88   88   89   90   92   94   97  100  104  110  117  124  131
  138  145  150  155  160  164  167  170  172  172  172  170  168  166  165  164
  163  161  161  160  164  165  169  175  184                                   
    47.5-180.0 180.0   5.0 450.0                            LAT/LON1/LON2/DLON/H
  193  199  204  209  205  204  203  197  190  178  167  158  152  147  145  145
  145  145  144  141  138  135  131  128  125  122  120  118  117  115  113  109
  104  100   96   95   96   98  100  101  102  103  105  108  113  119  126  135
  143  151  159  166  171  176  180  182  182  181  180  177  175  173  172  172
  171  170  169  169  172  172  176  182  193                                   
    45.0-180.0 180.0   5.0 450.0                            LAT/LON1/LON2/DLON/H
  201  209  215  221  221  223  222  218  210  197  184  173  164  158  155  155
  156  156  155  152  148  145  141  138  135  132  128  126  124  122  119  115
  110  106  104  104  105  107  108  109  109  109  110  112  116  122  129  138
  148  158  167  174  181  185  188  190  189  187  185  183  181  180  180  181
  180  180  180  179  182  181  185  190  201                                   
    42.5-180.0 180.0   5.0 450.0                            LAT/LON1/LON2/DLON/H
  210  218  225  232  235  239  240  238  231  218  204  192  182  175  171  170
  170  170  168  164  159  155  151  148  144  141  137  133  130  127  124  120
  116  112  111  112  114  116  116  116  114  113  113  114  118  124  132  141
  152  163  172  180  186  190  193  193  192  190  188  187  186  187  189  191
  192  193  193  193  195  193  198  202  210                                   
    40.0-180.0 180.0   5.0 450.0                            LAT/LON1/LON2/DLON/H
  222  230  236  243  248  253  256  255  250  239  226  214  204  196  191  189
  187  185  181  175  169  164  160  156  153  149  144  139  135  132  128  124
  121  119  118  119  121  122  122  120  118  116  115  116  120  125  133  143
  154  165  174  182  187  191  193  193  192  191  190  191  193  195  199  203
  205  207  209  209  211  210  215  218  222                                   
    37.5-180.0 180.0   5.0 450.0                            LAT/LON1/LON2/DLON/H
  240  247  251  256  261  266  269  269  266  257  246  236  227  219  214  210
  206  201  194  186  177  171  167  164  161  157  151  145  140  136  132  129
  127  125  125  126  127  128  126  124  121  118  117  118  121  126  134  143
  154  164  173  180  186  189  191  192  192  193  194  197  201  205  210  216
  219  224  227  229  231  231  237  239  240                                   
    35.0-180.0 180.0   5.0 450.0                            LAT/LON1/LON2/DLON/H
  264  270  271  273  277  280  282  282  280  273  264  257  250  243  237  231
  224  216  205  194  184  176  172  170  167  163  158  151  145  141  137  135
  133  132  132  132  132  131  128  125  122  120  119  119  121  126  133  142
  152  161  170  177  182  187  190  193  195  197  201  206  211  217  223  229
  234  240  246  250  255  257  264  266  264                                   
    32.5-180.0 180.0   5.0 450.0                            LAT/LON1/LON2/DLON/H
  296  300  299  297  300  299  298  296  294  287  281  276  270  264  257  250
  240  228  214  200  188  180  176  175  173  170  164  157  151  147  143  141
  139  138  137  136  135  132  129  126  123  121  120  120  121  124  129  137
  147  156  165  173  180  187  192  197  201  205  211  218  224  230  236  242
  249  257  266  273  280  285  295  296  296                                   
    30.0-180.0 180.0   5.0 450.0                            LAT/LON1/LON2/DLON/H
  332  337  334  329  329  325  319  314  310  303  297  293  288  282  274  265
  252  237  220  204  192  184  182  181  180  176  171  164  158  153  149  147
  145  143  141  139  135  131  127  125  123  121  120  119  118  119  123  130
  139  149  160  170  180  189  198  205  211  218  225  232  239  244  249  255
  262  273  285  295  305  315  325  328  332                                   
    27.5-180.0 180.0   5.0 450.0                            LAT/LON1/LON2/DLON/H
  369  375  371  365  363  356  346  338  331  322  316  310  305  297  288  275
  260  242  223  207  196  190  188  188  187  184  178  171  164  159  154  151
  148  146  142  137  132  127  124  121  120  119  118  115  112  112  115  121
  131  142  155  169  183  196  208  217  226  233  241  249  255  259  262  267
  275  287  302  315  328  342  353  358  369                                   
    25.0-180.0 180.0   5.0 450.0                            LAT/LON1/LON2/DLON/H
  400  408  406  401  399  391  378  367  356  346  337  330  322  312  299  283
  265  245  226  210  201  197  197  197  196  191  184  177  169  162  156  152
  148  144  139  132  126  120  117  116  115  114  112  108  104  102  104  110
  121  136  152  170  188  206  221  232  242  250  257  264  269  272  274  279
  286  300  316  332  348  363  375  382  400                                   
    22.5-180.0 180.0   5.0 450.0                            LAT/LON1/LON2/DLON/H
  419  430  431  431  430  422  409  397  385  373  363  353  341  327  310  291
  269  247  228  215  208  206  207  207  204  198  189  180  171  162  154  148
  143  137  131  123  116  111  109  108  108  107  103   98   93   90   92  100
  113  130  151  173  196  217  234  247  256  264  271  277  281  284  285  289
  297  311  329  345  361  377  390  399  419                                   
    20.0-180.0 180.0   5.0 450.0                            LAT/LON1/LON2/DLON/H
  426  438  443  448  449  445  433  423  413  402  390  377  362  344  323  299
  275  252  233  221  216  216  218  216  211  201  190  179  168  157  147  139
  133  127  120  113  106  102  100  100  100   97   93   87   81   78   81   90
  106  128  152  178  204  227  245  258  267  274  281  287  291  294  296  301
  308  322  340  356  370  384  397  408  426                                   
    17.5-180.0 180.0   5.0 450.0                            LAT/LON1/LON2/DLON/H
  421  433  441  449  454  454  446  441  434  425  415  401  384  362  337  310
  284  259  241  230  226  226  226  223  213  201  187  173  160  148  136  127
  120  115  109  102   97   94   93   93   91   88   83   76   71   69   73   85
  103  127  154  183  210  233  251  264  273  280  287  293  300  304  308  313
  321  333  349  363  374  384  397  410  421                                   
    15.0-180.0 180.0   5.0 450.0                            LAT/LON1/LON2/DLON/H
  410  419  429  438  446  448  445  445  443  440  432  420  403  379  352  323
  295  270  251  240  235  234  231  223  211  194  178  163  149  136  124  115
  109  104   99   95   91   89   89   88   85   81   75   69   65   64   70   82
  103  128  157  186  213  235  253  265  275  282  291  299  308  315  321  327
  334  346  359  370  376  381  394  409  410                                   
    12.5-180.0 180.0   5.0 450.0                            LAT/LON1/LON2/DLON/H
  398  404  413  420  428  432  432  436  440  441  438  430  415  392  365  336
  308  283  263  250  242  236  229  217  201  183  166  150  136  123  112  105
  100   97   94   91   89   88   87   86   82   77   71   67   64   64   70   83
  104  130  158  186  211  233  250  263  274  284  295  306  317  327  335  342
  349  358  369  377  378  379  392  406  398                                   
    10.0-180.0 180.0   5.0 450.0                            LAT/LON1/LON2/DLON/H
  390  392  398  401  407  410  412  417  424  430  432  428  416  397  373  346
  318  294  273  256  243  232  220  205  186  168  151  136  124  113  105  100
   97   96   95   93   91   90   89   86   81   75   71   68   66   68   73   86
  105  130  157  183  207  227  245  260  274  287  301  315  329  340  349  357
  363  371  380  384  382  379  392  407  390                                   
     7.5-180.0 180.0   5.0 450.0                            LAT/LON1/LON2/DLON/H
  390  389  391  389  391  392  392  397  404  410  414  414  407  392  372  348
  323  299  277  257  239  222  205  187  168  151  136  124  115  108  102  100
