data/edconvlstm_nd/pred1290.15i
     1.0            IONOSPHERE MAPS     GNSS                IONEX VERSION / TYPE
pyspatialgeodesy        IME             05-JAN-18 20:20     PGM / RUN BY / DATE 
Map Name                                                    COMMENT             
Predicted global ionosphere maps (GIM).                     DESCRIPTION         
  2015     5     9     0     0     0                        EPOCH OF FIRST MAP  
  2015     5    10     0     0     0                        EPOCH OF LAST MAP   
  7200                                                      INTERVAL            
    13                                                      # OF MAPS IN FILE   
  NONE                                                      MAPPING FUNCTION    
10.0                                                        ELEVATION CUTOFF    
One-way carrier phase leveled to code                       OBSERVABLES USED    
  6371.0                                                    BASE RADIUS         
 2                                                          MAP DIMENSION       
   450.0 450.0   0.0                                        HGT1 / HGT2 / DHGT  
    87.5 -87.5  -2.5                                        LAT1 / LAT2 / DLAT  
  -180.0 180.0   5.0                                        LON1 / LON2 / DLON  
    -1                                                      EXPONENT            
                                                            END OF HEADER       
[from data line 1716]
     5                                                      START OF TEC MAP    
  2015     5     9     8     0     0                        EPOCH OF CURRENT MAP
    87.5-180.0 180.0   5.0 450.0                            LAT/LON1/LON2/DLON/H
  163  165  160  164  164  164  162  161  163  166  167  169  170  172  173  175
  176  177  178  178  179  179  180  180  180  180  180  180  180  180  180  180
  180  180  180  180  179  179  178  177  177  176  175  174  173  172  171  170
  169  168  167  166  165  164  163  162  162  161  160  159  159  158  157  157
  157  159  157  156  159  159  165  164  163                                   
    85.0-180.0 180.0   5.0 450.0                            LAT/LON1/LON2/DLON/H
  161  166  168  167  167  169  170  171  174  176  177  179  181  183  184  186
  187  188  189  190  190  191  191  191  192  192  192  192  193  193  193  194
  194  194  194  194  194  194  194  193  192  192  191  190  189  188  187  185
  184  183  182  181  180  179  178  177  176  175  174  173  172  171  170  170
  170  171  165  165  160  162  165  169  161                                   
    82.5-180.0 180.0   5.0 450.0                            LAT/LON1/LON2/DLON/H
  162  164  166  160  158  161  162  164  167  169  171  173  175  177  178  179
  180  181  182  182  182  182  181  181  181  181  181  181  182  182  183  184
  185  186  187  187  188  188  189  189  189  189  188  188  187  187  186  185
  184  183  182  181  180  179  178  177  176  175  174  173  171  170  169  168
  167  166  161  161  159  160  160  156  162                                   
    80.0-180.0 180.0   5.0 450.0                            LAT/LON1/LON2/DLON/H
  164  164  164  161  160  160  161  164  167  169  171  174  176  177  179  180
  181  182  182  181  181  180  179  177  177  176  176  176  176  178  179  181
  183  184  186  188  189  190  192  193  194  194  195  196  196  197  197  197
  197  197  197  196  196  195  194  193  192  191  190  188  187  185  183  182
  180  177  171  171  168  167  170  159  164                                   
    77.5-180.0 180.0   5.0 450.0                            LAT/LON1/LON2/DLON/H
  167  161  163  162  158  158  159  160  163  164  165  168  170  171  173  174
  175  176  175  175  173  171  169  167  166  164  164  164  166  168  171  174
  177  180  183  186  189  191  194  196  198  200  203  205  207  209  211  213
  214  215  215  216  216  216  215  214  213  212  211  209  207  205  202  200
  196  193  185  184  182  176  173  168  167                                   
    75.0-180.0 180.0   5.0 450.0                            LAT/LON1/LON2/DLON/H
  168  166  163  163  157  158  157  157  159  160  161  163  164  166  168  170
  171  172  172  171  169  166  163  160  158  156  155  156  158  161  165  169
  174  179  183  187  190  194  197  200  204  207  211  215  220  224  227  231
  233  235  236  237  238  238  237  237  236  235  234  232  230  228  225  222
  218  213  205  198  195  191  187  179  168                                   
    72.5-180.0 180.0   5.0 450.0                            LAT/LON1/LON2/DLON/H
  170  169  166  164  157  156  155  154  154  155  155  156  158  160  162  164
  166  167  168  167  165  162  158  154  151  148  148  149  151  155  161  166
  172  178  183  187  191  195  199  203  208  213  219  225  231  237  242  246
  249  252  253  253  253  253  252  251  250  249  248  247  245  242  240  237
  233  228  221  214  208  204  198  193  170                                   
    70.0-180.0 180.0   5.0 450.0                            LAT/LON1/LON2/DLON/H
  176  171  168  163  155  152  149  147  147  147  146  148  149  152  154  157
  160  162  163  163  161  158  153  148  144  141  141  142  146  151  157  164
  170  176  181  186  190  193  197  202  208  214  222  230  238  246  252  257
  260  262  262  261  260  258  256  255  254  253  251  250  249  247  245  242
  239  235  228  222  217  214  211  206  176                                   
    67.5-180.0 180.0   5.0 450.0                            LAT/LON1/LON2/DLON/H
  176  172  168  163  154  149  144  141  140  138  138  140  142  145  148  152
  155  158  159  159  158  154  149  144  140  137  137  139  144  150  157  163
  170  176  180  184  188  191  195  200  207  215  224  234  244  252  259  264
  267  267  265  262  259  255  252  250  248  247  246  245  243  241  240  238
  236  233  228  223  219  218  214  210  176                                   
    65.0-180.0 180.0   5.0 450.0                            LAT/LON1/LON2/DLON/H
  179  176  170  163  153  146  139  135  132  130  130  132  135  139  142  146
  150  153  154  154  153  149  144  139  135  134  135  138  144  150  158  164
  171  176  180  183  186  190  194  200  208  217  228  239  250  259  266  270
  271  269  265  260  254  249  245  242  240  238  237  235  233  231  230  229
  227  226  223  220  219  221  218  214  179                                   
    62.5-180.0 180.0   5.0 450.0                            LAT/LON1/LON2/DLON/H
  182  181  175  165  154  144  134  127  123  120  120  123  127  131  135  139
  142  144  146  145  143  140  136  131  129  129  131  136  143  150  157  164
  169  174  178  181  184  188  193  200  208  219  231  243  254  264  270  274
  273  270  264  257  250  244  239  235  233  231  228  226  223  220  217  216
  215  215  214  214  215  219  217  213  182                                   
    60.0-180.0 180.0   5.0 450.0                            LAT/LON1/LON2/DLON/H
  188  188  182  170  157  143  130  119  113  109  108  112  116  121  125  129
  131  132  132  131  129  126  123  120  119  121  125  132  140  147  154  160
  165  169  173  177  181  186  192  200  210  222  234  247  259  268  274  277
  275  271  264  257  249  243  238  234  232  229  226  222  218  213  208  206
  205  205  205  208  211  217  216  211  188                                   
    57.5-180.0 180.0   5.0 450.0                            LAT/LON1/LON2/DLON/H
  200  201  196  181  166  148  131  115  105   98   97  100  105  110  114  117
  118  118  117  116  114  111  109  108  109  113  120  128  136  144  150  155
  160  164  169  174  180  186  194  204  215  227  240  253  265  274  280  283
  282  278  272  265  258  252  248  245  243  240  236  230  224  216  209  205
  202  202  203  207  212  220  219  213  200                                   
    55.0-180.0 180.0   5.0 450.0                            LAT/LON1/LON2/DLON/H
  216  218  214  197  180  159  137  116  101   90   87   89   93   98  103  105
  105  104  102  101   99   98   97   98  101  107  115  124  132  140  145  150
  154  159  166  173  181  189  199  210  222  235  248  260  272  281  288  291
  292  290  285  280  275  271  268  266  264  261  256  249  240  230  221  215
  210  209  210  214  219  228  227  221  216                                   
    52.5-180.0 180.0   5.0 450.0                            LAT/LON1/LON2/DLON/H
  234  238  235  217  200  176  151  124  103   88   81   81   84   89   93   94
   94   93   91   90   89   90   91   93   98  104  113  122  130  136  141  145
  150  156  165  174  185  195  206  218  231  244  257  269  281  291  299  304
  307  307  305  302  299  297  295  293  291  287  282  274  264  253  242  234
  227  225  224  227  232  240  240  233  234                                   
    50.0-180.0 180.0   5.0 450.0                            LAT/LON1/LON2/DLON/H
  250  255  253  236  220  196  169  139  113   93   81   77   79   82   86   88
   88   87   86   86   87   89   91   95  100  107  115  124  131  136  139  143
  149  157  167  179  191  204  216  228  241  254  267  280  292  303  312  319
  324  327  328  327  325  324  322  320  317  312  306  299  289  278  267  258
  250  246  243  244  247  256  255  248  250                                   
    47.5-180.0 180.0   5.0 450.0                            LAT/LON1/LON2/DLON/H
  260  264  264  250  236  214  187  156  127  103   87   80   79   81   84   86
   87   87   88   89   92   95   99  103  109  115  122  128  134  137  140  144
  151  160  172  186  200  213  226  239  252  265  279  292  304  316  327  336
  343  348  350  350  349  347  343  339  335  329  323  316  308  298  289  281
  273  268  264  262  262  269  268  260  260                                   
    45.0-180.0 180.0   5.0 450.0                            LAT/LON1/LON2/DLON/H
  260  262  262  251  242  224  201  172  143  118   99   88   85   85   88   91
   92   94   95   99  103  108  113  117  121  126  131  135  139  142  144  148
  156  167  180  195  210  224  237  250  263  277  290  304  318  332  344  355
  362  367  369  369  366  362  357  350  343  336  329  323  317  310  304  298
  291  286  280  276  274  278  276  268  260                                   
    42.5-180.0 180.0   5.0 450.0                            LAT/LON1/LON2/DLON/H
  249  248  247  239  233  221  203  181  156  132  112  100   95   95   97  100
  103  105  108  112  118  124  129  133  135  137  140  143  145  147  150  155
  163  175  189  205  219  234  247  261  274  288  303  318  333  348  362  374
  381  385  386  384  381  375  367  358  348  339  331  325  320  316  312  308
  304  299  292  286  281  282  277  268  249                                   
    40.0-180.0 180.0   5.0 450.0                            LAT/LON1/LON2/DLON/H
  232  225  221  214  210  203  193  179  162  142  125  114  108  108  110  114
  117  120  123  128  134  139  144  147  147  148  148  149  151  153  157  163
  171  184  198  213  229  243  257  271  285  300  316  332  349  367  383  395
  403  406  406  403  398  391  382  371  359  347  338  330  325  321  319  317
  313  310  302  293  286  282  276  263  232                                   
    37.5-180.0 180.0   5.0 450.0                            LAT/LON1/LON2/DLON/H
  217  201  193  182  178  174  171  166  158  146  134  126  122  123  126  129
  133  135  138  142  147  152  156  157  157  155  154  154  155  158  163  169
  179  191  206  221  237  252  267  282  297  313  329  348  367  388  406  420
  429  432  433  431  427  422  413  402  388  374  361  350  342  336  333  330
  326  322  313  302  293  284  275  259  217                                   
    35.0-180.0 180.0   5.0 450.0                            LAT/LON1/LON2/DLON/H
  211  186  171  154  146  142  143  146  146  143  139  136  135  137  141  145
  148  150  152  155  158  162  165  165  163  160  158  157  158  162  167  174
  184  197  212  228  245  262  278  294  310  326  345  365  388  411  433  451
  462  469  472  474  474  472  466  456  443  427  410  394  380  368  360  355
  349  343  333  319  308  294  282  261  211                                   
    32.5-180.0 180.0   5.0 450.0                            LAT/LON1/LON2/DLON/H
  222  188  166  139  124  116  118  125  131  135  138  142  145  150  155  159
  162  163  164  164  166  169  171  170  168  164  160  159  160  164  170  178
  189  202  218  235  254  272  290  307  324  341  361  384  410  438  465  487
  504  515  525  533  539  544  544  538  526  509  488  465  442  423  407  396
  386  377  365  349  335  318  301  276  222                                   
    30.0-180.0 180.0   5.0 450.0                            LAT/LON1/LON2/DLON/H
  253  213  183  146  121  107  106  112  120  129  137  145  153  160  166  171
  173  174  173  172  173  175  176  176  173  168  163  161  161  165  171  180
  191  206  223  243  264  284  304  321  339  357  378  403  434  467  499  528
  551  571  588  604  620  633  641  641  633  616  591  561  529  499  474  455
  440  427  412  393  377  356  334  307  253                                   
    27.5-180.0 180.0   5.0 450.0                            LAT/LON1/LON2/DLON/H
  305  262  225  179  143  121  112  113  119  128  138  148  158  167  173  178
  180  181  180  179  179  181  182  182  178  172  166  162  162  166  172  181
  194  209  228  251  274  296  317  335  352  371  394  423  458  496  534  570
  601  629  656  682  707  729  746  753  749  733  706  670  629  590  556  528
  507  490  472  449  431  407  379  353  305                                   
    25.0-180.0 180.0   5.0 450.0                            LAT/LON1/LON2/DLON/H
  370  329  286  234  190  160  141  135  134  139  146  155  164  172  178  182
  184  185  185  184  185  187  189  188  184  176  169  163  162  165  172  182
  195  212  234  258  283  307  328  346  364  385  411  443  481  524  568  610
  648  684  719  753  787  816  838  851  851  836  808  770  725  679  638  604
  578  558  537  511  490  462  431  407  370                                   
    22.5-180.0 180.0   5.0 450.0                            LAT/LON1/LON2/DLON/H
  437  400  354  303  254  220  191  176  165  162  163  168  173  177  181  184
  186  187  188  188  190  192  194  193  188  179  169  162  159  162  169  181
  197  216  239  265  291  315  336  355  374  398  427  463  505  551  598  644
  687  729  768  806  842  872  896  910  912  901  876  838  794  747  704  668
  640  619  598  568  544  512  481  462  437                                   
    20.0-180.0 180.0   5.0 450.0                            LAT/LON1/LON2/DLON/H
  492  460  415  371  322  287  251  229  210  198  190  187  186  185  185  185
  187  188  189  191  193  196  197  195  188  177  166  157  153  156  165  179
  197  219  244  270  296  320  341  361  384  412  445  485  528  575  622  669
  712  753  792  827  857  883  903  916  920  913  894  863  825  784  745  711
  684  663  643  611  584  548  520  507  492                                   
    17.5-180.0 180.0   5.0 450.0                            LAT/LON1/LON2/DLON/H
  525  497  458  425  381  349  312  285  259  240  224  213  204  197  192  189
  188  189  191  192  194  195  195  192  183  170  157  147  143  148  160  177
  198  222  247  274  299  322  344  366  393  427  465  507  551  595  639  681
  720  755  786  811  832  848  860  870  876  876  866  847  820  789  758  730
  706  687  668  635  603  564  540  534  525                                   
    15.0-180.0 180.0   5.0 450.0                            LAT/LON1/LON2/DLON/H
  535  510  478  456  422  395  360  334  305  281  259  242  227  214  204  197
  193  192  192  192  192  191  189  183  172  159  145  135  133  139  155  176
  200  225  251  276  300  322  345  371  404  443  486  529  570  609  646  680
  711  736  755  769  777  782  787  794  802  808  808  802  789  771  750  729
  709  692  673  639  604  562  541  540  535                                   
    12.5-180.0 180.0   5.0 450.0                            LAT/LON1/LON2/DLON/H
  528  505  479  467  442  420  392  368  341  315  291  270  251  234  220  209
  202  198  195  192  188  184  179  170  158  144  131  123  123  133  151  176
  202  228  252  276  299  321  345  375  412  457  503  546  583  616  645  670
  691  706  713  715  713  710  710  715  724  735  744  748  748  742  731  716
  699  683  664  629  592  547  528  530  528                                   
    10.0-180.0 180.0   5.0 450.0                            LAT/LON1/LON2/DLON/H
  514  492  471  464  446  430  407  388  363  339  315  294  274  255  238  224
  214  206  199  192  184  176  167  156  143  130  119  114  116  128  149  175
  203  229  252  274  296  318  343  376  418  465  513  554  588  615  638  656
  670  676  676  671  664  658  656  660  669  680  693  704  712  714  710  699
  684  668  647  613  575  528  509  512  514                                   
     7.5-180.0 180.0   5.0 450.0                            LAT/LON1/LON2/DLON/H
  503  483  464  456  443  430  412  396  375  353  331  310  291  273  255  240
  227  216  204  193  180  168  156  143  131  119  111  108  111  124  146  173
