data/edconvlstm_nd/pred3450.15i
     1.0            IONOSPHERE MAPS     GNSS                IONEX VERSION / TYPE
pyspatialgeodesy        IME             05-JAN-18 20:20     PGM / RUN BY / DATE 
Map Name                                                    COMMENT             
Predicted global ionosphere maps (GIM).                     DESCRIPTION         
  2015    12    11     0     0     0                        EPOCH OF FIRST MAP  
  2015    12    12     0     0     0                        EPOCH OF LAST MAP   
  7200                                                      INTERVAL            
    13                                                      # OF MAPS IN FILE   
  NONE                                                      MAPPING FUNCTION    
10.0                                                        ELEVATION CUTOFF    
One-way carrier phase leveled to code                       OBSERVABLES USED    
  6371.0                                                    BASE RADIUS         
 2                                                          MAP DIMENSION       
   450.0 450.0   0.0                                        HGT1 / HGT2 / DHGT  
    87.5 -87.5  -2.5                                        LAT1 / LAT2 / DLAT  
  -180.0 180.0   5.0                                        LON1 / LON2 / DLON  
    -1                                                      EXPONENT            
                                                            END OF HEADER       
[from data line 3432]
     9                                                      START OF TEC MAP    
  2015    12    11    16     0     0                        EPOCH OF CURRENT MAP
    87.5-180.0 180.0   5.0 450.0                            LAT/LON1/LON2/DLON/H
   60   69   70   72   76   75   75   70   71   73   72   72   72   72   72   72
   71   71   70   70   69   68   68   67   66   65   65   64   63   63   62   62
   61   61   60   60   60   60   60   60   60   60   60   60   61   61   61   62
   62   63   63   64   64   65   65   65   66   66   67   67   67   67   68   68
   69   69   66   62   66   66   81   83   60                                   
    85.0-180.0 180.0   5.0 450.0                            LAT/LON1/LON2/DLON/H
   65   73   87   69   70   74   72   73   73   75   74   74   74   74   73   73
   73   73   73   72   72   72   71   70   70   69   68   67   67   66   65   64
   64   63   62   62   62   61   61   61   61   61   61   61   61   61   62   62
   63   63   64   64   65   66   66   67   67   68   69   69   70   70   71   71
   72   72   67   63   67   68   77   73   65                                   
    82.5-180.0 180.0   5.0 450.0                            LAT/LON1/LON2/DLON/H
   53   61   70   60   63   65   66   66   66   67   66   67   67   67   67   67
   67   66   66   66   65   65   64   63   62   61   61   60   59   58   57   56
   55   54   54   53   52   52   51   51   51   51   51   51   51   52   52   53
   53   54   55   55   56   57   58   59   60   60   61   62   63   63   64   64
   65   64   61   58   63   72   70   67   53                                   
    80.0-180.0 180.0   5.0 450.0                            LAT/LON1/LON2/DLON/H
   42   49   61   53   56   55   58   58   60   61   61   62   62   62   62   63
   63   63   63   62   62   61   60   59   58   56   55   54   53   52   51   50
   49   48   47   46   45   44   43   43   42   42   42   43   43   44   45   46
   47   48   49   51   52   53   54   55   56   56   57   58   58   59   59   59
   60   59   58   56   55   62   61   64   42                                   
    77.5-180.0 180.0   5.0 450.0                            LAT/LON1/LON2/DLON/H
   49   49   51   45   49   48   52   53   55   55   56   58   59   60   61   62
   63   64   65   64   64   62   61   59   57   54   52   51   49   47   46   45
   43   42   40   39   37   36   35   34   33   33   33   34   35   37   39   41
   43   44   46   48   49   50   51   52   53   54   54   55   55   55   55   55
   55   54   52   51   49   50   52   57   49                                   
    75.0-180.0 180.0   5.0 450.0                            LAT/LON1/LON2/DLON/H
   37   40   42   40   43   43   45   47   49   51   52   55   57   60   62   65
   67   69   70   71   70   69   67   64   61   58   55   53   51   49   47   46
   44   43   41   38   36   34   32   31   30   30   30   31   33   35   38   41
   43   46   48   49   51   51   52   53   53   54   54   55   55   55   54   54
   53   52   51   48   47   43   42   39   37                                   
    72.5-180.0 180.0   5.0 450.0                            LAT/LON1/LON2/DLON/H
   38   38   38   38   39   39   42   43   45   46   48   51   54   58   62   66
   70   73   76   77   76   75   72   68   64   60   57   54   52   50   48   46
   45   43   40   37   34   30   27   25   24   23   24   26   28   31   35   38
   42   44   46   48   48   49   49   49   50   50   51   51   51   51   50   49
   48   46   44   41   40   37   37   38   38                                   
    70.0-180.0 180.0   5.0 450.0                            LAT/LON1/LON2/DLON/H
   34   35   38   37   38   38   40   42   44   47   49   52   56   61   67   73
   79   84   88   90   90   89   86   81   77   72   68   65   62   60   58   56
   54   51   48   43   39   34   30   27   25   24   25   27   30   33   38   42
   45   48   50   50   50   50   50   50   51   51   52   53   53   53   52   51
   49   47   45   42   41   37   39   40   34                                   
    67.5-180.0 180.0   5.0 450.0                            LAT/LON1/LON2/DLON/H
   35   36   37   38   40   40   42   44   46   47   50   54   58   64   71   78
   86   93   98  101  102  101   97   93   88   83   78   75   72   69   67   65
   62   59   55   49   44   38   33   28   26   25   25   27   30   34   39   43
   46   48   49   50   49   48   48   48   49   50   51   52   53   53   52   51
   49   47   45   40   39   36   36   36   35                                   
    65.0-180.0 180.0   5.0 450.0                            LAT/LON1/LON2/DLON/H
   34   36   37   39   40   40   42   43   45   47   49   53   58   65   73   82
   91   99  106  110  112  111  109  104  100   95   90   87   84   81   79   76
   73   68   63   56   49   42   36   31   27   26   26   28   31   35   38   42
   45   46   46   45   44   43   42   43   44   46   48   50   51   51   51   51
   50   48   47   43   42   40   39   39   34                                   
    62.5-180.0 180.0   5.0 450.0                            LAT/LON1/LON2/DLON/H
   35   37   37   39   40   40   41   42   44   45   47   52   57   64   73   83
   93  102  110  115  117  117  116  112  108  104  101   98   95   92   90   86
   82   76   70   62   53   45   38   33   29   27   27   29   31   34   36   39
   40   40   40   38   36   35   35   36   38   41   43   46   47   48   48   48
   47   47   47   44   43   41   40   40   35                                   
    60.0-180.0 180.0   5.0 450.0                            LAT/LON1/LON2/DLON/H
   36   37   37   39   38   37   38   38   40   41   44   48   53   61   70   80
   91  101  109  115  118  119  118  116  114  112  109  107  105  103   99   95
   90   83   74   65   56   48   41   35   32   30   30   30   31   32   33   34
   34   33   31   29   28   27   27   28   31   35   38   41   42   43   43   44
   44   44   45   43   43   42   41   41   36                                   
    57.5-180.0 180.0   5.0 450.0                            LAT/LON1/LON2/DLON/H
   38   39   39   40   39   37   36   37   38   40   42   47   52   60   69   80
   90  100  108  114  118  120  121  121  120  120  119  118  117  115  111  106
   99   91   82   72   62   54   47   42   39   38   37   36   35   34   33   32
   31   29   27   25   24   23   23   25   29   33   36   39   40   41   41   41
   42   43   46   45   45   44   44   44   38                                   
    55.0-180.0 180.0   5.0 450.0                            LAT/LON1/LON2/DLON/H
   42   43   43   44   41   38   37   37   39   41   44   48   54   62   71   81
   91  100  108  113  117  120  122  124  126  128  129  130  129  127  122  116
  108   99   89   79   70   62   56   52   50   49   47   45   42   39   36   33
   31   29   27   25   23   23   24   26   30   34   38   40   41   41   41   41
   42   44   48   48   49   48   47   48   42                                   
    52.5-180.0 180.0   5.0 450.0                            LAT/LON1/LON2/DLON/H
   49   49   49   50   46   43   42   42   43   46   49   55   60   68   76   86
   95  103  110  114  118  122  125  130  134  137  140  141  141  138  133  126
  117  108   97   87   79   71   67   64   63   62   61   57   52   47   42   39
   36   34   33   31   29   29   29   32   36   40   44   45   45   44   43   44
   45   48   52   54   54   53   52   53   49                                   
    50.0-180.0 180.0   5.0 450.0                            LAT/LON1/LON2/DLON/H
   57   57   57   58   54   52   50   51   53   56   60   66   72   79   87   95
  103  110  115  119  123  127  132  137  143  147  151  152  151  148  142  135
  126  116  106   97   89   83   79   78   77   77   75   70   64   58   52   48
   45   44   43   41   40   39   40   42   46   49   52   53   52   50   49   49
   51   55   59   61   62   60   58   58   57                                   
    47.5-180.0 180.0   5.0 450.0                            LAT/LON1/LON2/DLON/H
   65   65   65   67   64   62   61   63   66   71   75   81   87   94  102  109
  116  121  125  128  131  136  141  148  154  158  161  162  160  155  149  140
  131  122  113  105   99   94   91   91   91   90   88   83   76   68   62   59
   57   57   56   55   53   52   52   54   57   59   61   61   59   57   56   57
   58   62   67   69   69   68   65   65   65                                   
    45.0-180.0 180.0   5.0 450.0                            LAT/LON1/LON2/DLON/H
   71   71   72   75   73   73   72   76   80   87   93  100  106  113  120  126
  132  136  139  141  144  148  154  160  166  169  170  169  165  159  151  143
  135  127  120  114  108  105  103  102  102  101   98   93   85   78   72   70
   69   70   69   68   66   64   64   64   66   67   68   67   65   63   63   64
   66   69   74   76   76   74   72   70   71                                   
    42.5-180.0 180.0   5.0 450.0                            LAT/LON1/LON2/DLON/H
   75   75   75   81   80   81   82   88   94  103  110  118  125  132  139  145
  150  153  155  157  160  164  169  174  177  179  177  173  166  159  151  143
  136  130  126  121  118  115  113  111  110  109  105   99   92   85   80   79
   79   79   78   77   74   72   71   70   71   71   70   70   68   67   67   69
   71   74   78   79   79   78   76   74   75                                   
    40.0-180.0 180.0   5.0 450.0                            LAT/LON1/LON2/DLON/H
   74   74   74   81   82   84   87   95  104  115  124  134  142  150  157  164
  168  171  173  174  177  180  184  187  188  186  181  174  166  157  149  143
  138  135  133  131  129  126  123  120  118  114  110  104   97   91   87   85
   85   84   82   79   76   74   72   72   71   70   69   68   68   68   69   71
   73   76   79   80   79   78   76   76   74                                   
    37.5-180.0 180.0   5.0 450.0                            LAT/LON1/LON2/DLON/H
   70   69   69   77   79   83   88   98  109  122  134  146  156  165  174  181
  186  189  190  192  194  197  198  198  196  191  184  175  166  158  151  147
  145  145  145  146  144  141  136  131  126  121  115  109  102   97   93   91
   89   86   81   77   73   71   70   69   68   66   65   64   65   66   69   71
   72   74   76   76   75   75   72   74   70                                   
    35.0-180.0 180.0   5.0 450.0                            LAT/LON1/LON2/DLON/H
   63   62   62   70   72   77   84   95  108  124  139  154  167  178  188  196
  201  205  207  209  210  211  210  207  202  195  187  178  170  163  159  158
  160  164  167  168  166  161  154  146  138  131  124  118  112  107  102   98
   92   86   79   73   69   67   67   67   65   63   61   61   62   64   67   69
   70   70   72   72   70   70   67   70   63                                   
    32.5-180.0 180.0   5.0 450.0                            LAT/LON1/LON2/DLON/H
   56   55   55   62   64   68   77   89  105  123  141  158  174  189  200  209
  216  220  222  224  224  223  219  213  206  199  192  185  180  177  178  181
  187  194  198  200  197  190  179  168  157  148  140  134  128  122  115  108
   99   88   78   71   67   67   68   68   66   64   62   61   63   65   68   69
   68   67   68   67   66   65   62   67   56                                   
    30.0-180.0 180.0   5.0 450.0                            LAT/LON1/LON2/DLON/H
   51   52   52   56   58   62   70   83  100  120  141  162  181  198  211  222
  228  233  235  237  235  231  224  216  209  203  200  199  199  202  208  216
  226  235  240  241  236  225  211  196  183  172  164  157  151  144  135  123
  110   96   84   76   73   74   76   77   75   72   70   69   70   72   73   72
   69   67   66   65   64   62   59   65   51                                   
    27.5-180.0 180.0   5.0 450.0                            LAT/LON1/LON2/DLON/H
   50   52   52   55   56   59   67   79   98  119  142  165  187  206  221  232
  239  244  246  246  243  236  227  218  212  211  213  219  227  237  248  262
  275  285  290  288  280  266  248  230  215  203  194  187  180  171  160  145
  128  112   99   91   89   91   94   95   93   89   86   85   85   85   84   81
   75   72   69   68   67   64   60   65   50                                   
    25.0-180.0 180.0   5.0 450.0                            LAT/LON1/LON2/DLON/H
   55   57   57   57   59   61   69   80   99  121  145  169  193  213  229  241
  248  252  254  252  247  238  228  220  217  222  232  246  262  279  297  314
  330  340  344  339  326  308  287  267  250  237  229  221  213  203  188  171
  152  135  123  116  116  118  121  121  119  114  110  108  106  104  101   95
   87   82   77   75   74   70   63   67   55                                   
    22.5-180.0 180.0   5.0 450.0                            LAT/LON1/LON2/DLON/H
   63   65   64   63   65   68   75   86  104  127  151  175  199  220  236  248
  255  258  258  255  249  239  230  224  226  238  256  279  302  325  348  369
  385  394  395  386  369  347  324  303  285  272  263  255  246  233  216  197
  178  163  153  149  149  152  153  152  148  143  138  134  131  127  121  113
  102   96   89   86   85   78   69   70   63                                   
    20.0-180.0 180.0   5.0 450.0                            LAT/LON1/LON2/DLON/H
   73   74   71   70   72   76   85   96  115  137  160  183  205  226  242  254
  260  262  260  256  250  241  234  233  241  260  285  315  344  372  397  418
  433  439  435  422  402  378  355  333  316  303  294  285  273  258  240  220
  203  191  184  183  184  185  185  181  176  169  163  158  153  147  139  130
  118  111  102   98   96   88   77   75   73                                   
    17.5-180.0 180.0   5.0 450.0                            LAT/LON1/LON2/DLON/H
   82   80   75   76   78   84   95  108  128  150  172  193  213  232  248  259
  265  266  263  259  253  247  244  249  263  287  319  352  385  414  438  456
  466  467  459  443  422  400  377  357  341  328  318  307  293  275  256  237
  222  214  211  212  213  211  208  202  195  188  181  175  169  162  153  142
  131  123  113  109  106   95   84   82   82                                   
    15.0-180.0 180.0   5.0 450.0                            LAT/LON1/LON2/DLON/H
   87   83   76   78   82   89  104  120  142  165  185  205  223  240  255  266
  271  272  269  264  260  258  261  272  292  321  355  389  421  447  467  479
  483  479  467  451  432  413  393  376  361  348  335  321  303  284  263  245
  234  229  230  231  229  225  218  211  203  196  189  182  176  168  159  149
  138  131  121  117  112  101   89   87   87                                   
    12.5-180.0 180.0   5.0 450.0                            LAT/LON1/LON2/DLON/H
   86   81   73   76   81   91  110  130  155  179  200  218  234  250  264  275
  281  282  279  276  275  278  287  304  329  359  392  423  450  470  482  487
  485  477  465  452  437  422  407  393  379  364  348  329  308  285  264  248
  239  237  238  237  233  226  217  209  202  195  188  182  175  167  159  151
  141  135  125  120  114  103   92   91   86                                   
    10.0-180.0 180.0   5.0 450.0                            LAT/LON1/LON2/DLON/H
   82   75   66   71   77   90  113  137  166  193  214  232  247  262  276  287
  295  297  296  295  297  305  321  344  371  401  429  453  471  483  487  485
  478  470  460  451  441  432  422  410  396  379  359  336  310  286  264  248
  240  238  238  235  229  220  211  204  197  191  185  178  171  163  156  149
  141  136  127  120  114  103   93   92   82                                   
     7.5-180.0 180.0   5.0 450.0                            LAT/LON1/LON2/DLON/H
   78   69   60   66   73   87  113  142  174  204  227  246  261  276  290  303
  312  317  318  320  327  341  362  389  416  441  461  476  485  487  485  479
