data/edconvlstm_nd/pred1970.15i
     1.0            IONOSPHERE MAPS     GNSS                IONEX VERSION / TYPE
pyspatialgeodesy        IME             05-JAN-18 20:20     PGM / RUN BY / DATE 
Map Name                                                    COMMENT             
Predicted global ionosphere maps (GIM).                     DESCRIPTION         
  2015     7    16     0     0     0                        EPOCH OF FIRST MAP  
  2015     7    17     0     0     0                        EPOCH OF LAST MAP   
  7200                                                      INTERVAL            
    13                                                      # OF MAPS IN FILE   
  NONE                                                      MAPPING FUNCTION    
10.0                                                        ELEVATION CUTOFF    
One-way carrier phase leveled to code                       OBSERVABLES USED    
  6371.0                                                    BASE RADIUS         
 2                                                          MAP DIMENSION       
   450.0 450.0   0.0                                        HGT1 / HGT2 / DHGT  
    87.5 -87.5  -2.5                                        LAT1 / LAT2 / DLAT  
  -180.0 180.0   5.0                                        LON1 / LON2 / DLON  
    -1                                                      EXPONENT            
                                                            END OF HEADER       
[from data line 3003]
     8                                                      START OF TEC MAP    
  2015     7    16    14     0     0                        EPOCH OF CURRENT MAP
    87.5-180.0 180.0   5.0 450.0                            LAT/LON1/LON2/DLON/H
  142  145  141  147  149  148  147  145  146  148  147  148  148  148  148  148
  149  149  149  149  149  149  149  149  149  149  149  149  149  149  149  148
  148  148  147  147  146  146  146  145  145  145  145  145  146  146  147  147
  148  149  149  150  150  151  151  151  152  152  152  152  151  151  151  150
  150  150  148  146  152  147  155  149  142                                   
    85.0-180.0 180.0   5.0 450.0                            LAT/LON1/LON2/DLON/H
  141  144  155  147  147  150  150  151  151  152  152  152  152  153  153  153
  153  154  154  154  154  155  155  155  155  156  156  156  156  156  156  155
  155  154  153  152  152  151  150  150  149  149  149  150  150  151  152  153
  154  155  156  157  158  159  160  160  160  161  161  160  160  160  159  159
  159  158  154  150  149  145  150  151  141                                   
    82.5-180.0 180.0   5.0 450.0                            LAT/LON1/LON2/DLON/H
  130  140  143  138  137  141  143  144  143  145  144  145  145  146  146  146
  147  147  148  148  149  150  150  151  152  153  154  155  156  156  156  156
  155  154  153  151  150  148  147  146  145  145  145  146  147  149  150  152
  154  156  157  159  160  161  162  163  163  163  162  162  161  160  159  157
  157  155  150  149  145  150  145  139  130                                   
    80.0-180.0 180.0   5.0 450.0                            LAT/LON1/LON2/DLON/H
  124  131  135  133  132  132  134  137  138  140  140  141  142  143  143  144
  145  145  146  147  148  149  150  151  153  154  156  157  158  158  159  158
  157  155  153  151  148  145  143  141  140  140  140  141  143  145  147  150
  153  155  157  159  161  162  163  163  163  163  162  161  159  158  156  154
  153  150  146  145  139  139  140  134  124                                   
    77.5-180.0 180.0   5.0 450.0                            LAT/LON1/LON2/DLON/H
  125  125  129  128  127  129  131  133  134  136  136  138  138  140  141  142
  143  144  145  146  148  149  151  153  155  157  160  162  164  165  166  165
  164  162  159  156  152  149  145  143  141  140  141  142  144  147  151  154
  157  160  162  164  166  167  167  167  166  165  163  162  159  157  154  151
  149  146  141  140  138  133  134  133  125                                   
    75.0-180.0 180.0   5.0 450.0                            LAT/LON1/LON2/DLON/H
  117  120  120  122  122  125  127  130  132  134  135  137  138  139  140  141
  142  144  145  146  148  150  152  154  157  160  163  166  168  171  172  172
  171  169  166  161  156  152  147  144  142  141  142  144  146  150  154  157
  161  163  165  167  168  168  168  167  166  165  163  161  158  155  152  149
  145  142  138  133  132  128  130  122  117                                   
    72.5-180.0 180.0   5.0 450.0                            LAT/LON1/LON2/DLON/H
  112  115  115  119  118  122  126  128  130  133  134  136  137  139  140  141
  142  143  145  146  148  150  152  154  157  160  163  167  170  173  175  176
  176  174  170  166  160  155  150  146  144  143  144  147  150  154  158  161
  164  166  168  168  169  168  168  167  166  164  162  160  157  154  151  147
  143  139  135  130  127  124  125  123  112                                   
    70.0-180.0 180.0   5.0 450.0                            LAT/LON1/LON2/DLON/H
  110  111  111  114  113  117  120  124  127  130  131  134  135  136  138  139
  140  141  142  144  145  147  149  151  153  156  159  163  166  169  172  174
  175  174  171  166  160  155  149  146  144  143  145  148  152  156  159  162
  164  165  166  165  165  164  163  163  162  161  160  158  156  153  150  147
  142  137  134  129  125  122  125  122  110                                   
    67.5-180.0 180.0   5.0 450.0                            LAT/LON1/LON2/DLON/H
  108  109  109  112  111  115  119  123  126  130  132  135  136  138  139  140
  142  143  144  146  147  149  150  152  153  155  157  160  163  166  169  171
  173  172  170  166  161  156  151  148  146  147  149  153  157  160  163  165
  166  166  165  164  163  162  162  162  162  163  163  162  161  159  156  153
  148  142  138  132  126  122  123  120  108                                   
    65.0-180.0 180.0   5.0 450.0                            LAT/LON1/LON2/DLON/H
  108  108  106  109  107  110  114  118  122  127  129  133  135  137  138  140
  141  142  143  145  147  148  150  151  152  152  154  155  157  160  163  166
  168  168  167  164  160  155  151  149  148  150  153  157  160  164  165  166
  166  164  163  162  161  160  161  162  163  165  167  168  167  166  163  159
  154  149  143  138  131  127  127  124  108                                   
    62.5-180.0 180.0   5.0 450.0                            LAT/LON1/LON2/DLON/H
  108  106  104  106  103  106  109  114  118  122  125  129  132  135  137  138
  140  141  143  145  147  149  150  151  152  152  152  153  154  156  159  161
  163  164  163  161  158  154  152  150  151  153  157  160  164  166  167  166
  165  163  161  160  160  161  162  164  167  170  173  175  175  174  171  167
  161  155  149  143  135  129  128  125  108                                   
    60.0-180.0 180.0   5.0 450.0                            LAT/LON1/LON2/DLON/H
  108  104  101  102   98  100  103  107  111  116  119  124  127  130  133  135
  137  138  140  142  145  147  149  151  152  152  152  153  153  154  156  158
  160  161  161  159  157  155  153  153  154  157  161  164  167  168  167  166
  164  162  161  161  162  163  166  169  172  176  179  181  182  180  177  172
  165  158  152  145  137  130  129  125  108                                   
    57.5-180.0 180.0   5.0 450.0                            LAT/LON1/LON2/DLON/H
  107  102   99   99   94   96   98  101  105  109  113  118  122  125  128  131
  133  135  137  139  142  146  149  152  154  155  156  156  156  157  158  159
  161  162  162  161  159  158  157  158  160  163  167  169  171  170  169  166
  164  163  163  165  167  170  173  176  180  183  186  188  188  185  180  174
  167  159  152  144  136  128  126  123  107                                   
    55.0-180.0 180.0   5.0 450.0                            LAT/LON1/LON2/DLON/H
  106  100   98   97   92   94   95   98  100  104  107  112  116  120  123  126
  128  130  133  135  138  142  147  151  155  158  160  161  161  162  163  164
  165  165  165  165  164  164  164  165  167  170  172  174  174  173  171  168
  167  166  168  171  174  178  181  184  187  189  191  191  190  186  180  173
  164  156  148  140  132  123  122  119  106                                   
    52.5-180.0 180.0   5.0 450.0                            LAT/LON1/LON2/DLON/H
  104   98   98   98   93   95   96   97   99  101  104  108  112  116  119  122
  124  126  128  131  134  139  144  149  154  159  163  165  167  168  169  170
  171  172  172  172  171  171  172  173  175  177  178  179  178  176  173  171
  170  171  174  178  182  186  189  191  193  194  194  192  189  184  177  168
  159  150  141  133  125  117  116  113  104                                   
    50.0-180.0 180.0   5.0 450.0                            LAT/LON1/LON2/DLON/H
  102   98   99  100   97   98   99  100  100  102  104  107  111  114  117  119
  122  123  125  128  131  135  140  146  153  159  164  169  172  174  176  177
  179  180  180  180  181  181  182  183  184  184  184  183  182  180  177  176
  175  177  180  185  189  193  195  197  197  196  194  191  187  180  172  162
  152  143  134  126  118  111  110  108  102                                   
    47.5-180.0 180.0   5.0 450.0                            LAT/LON1/LON2/DLON/H
  100   99  101  104  102  104  104  105  105  106  108  110  113  115  118  120
  122  124  126  128  130  134  138  144  151  158  164  170  175  178  181  184
  186  188  190  191  192  193  193  194  193  192  191  189  187  184  182  181
  182  183  186  191  195  198  199  200  199  197  194  190  184  176  167  158
  147  138  129  121  113  107  106  104  100                                   
    45.0-180.0 180.0   5.0 450.0                            LAT/LON1/LON2/DLON/H
   99  101  104  108  107  109  110  111  111  113  114  117  119  121  123  125
  127  129  130  132  133  135  139  143  149  156  163  169  175  180  184  189
  193  197  200  203  205  207  207  207  205  202  199  196  193  191  190  189
  189  190  192  195  198  201  202  202  201  199  195  190  183  175  166  156
  146  137  128  119  111  106  104  102   99                                   
    42.5-180.0 180.0   5.0 450.0                            LAT/LON1/LON2/DLON/H
   98  103  106  111  111  113  114  115  116  119  122  125  127  129  131  134
  136  138  140  141  141  142  143  145  149  155  162  168  174  180  187  193
  200  207  213  218  221  223  224  223  219  215  210  206  203  201  200  200
  199  199  199  200  202  203  204  205  204  202  198  193  186  177  168  159
  149  140  130  122  113  108  106  102   98                                   
    40.0-180.0 180.0   5.0 450.0                            LAT/LON1/LON2/DLON/H
   98  105  107  111  111  112  114  116  119  123  128  133  137  140  143  146
  149  152  153  154  153  152  151  151  153  157  162  168  175  182  189  199
  209  220  229  236  242  244  245  243  238  232  226  221  217  216  215  214
  212  210  208  207  207  208  209  210  209  208  204  199  191  183  174  165
  155  147  137  127  118  112  110  105   98                                   
    37.5-180.0 180.0   5.0 450.0                            LAT/LON1/LON2/DLON/H
   99  106  107  109  108  109  110  113  117  124  131  138  145  150  155  160
  164  168  170  170  169  166  162  160  159  162  166  172  178  186  195  207
  222  236  249  259  266  270  270  268  262  255  247  240  236  234  233  231
  228  225  221  218  217  217  218  218  218  216  212  206  199  190  181  172
  163  154  144  135  125  119  115  109   99                                   
    35.0-180.0 180.0   5.0 450.0                            LAT/LON1/LON2/DLON/H
  101  108  107  106  104  103  104  107  112  120  130  141  150  159  166  173
  179  184  187  188  185  181  175  171  169  170  174  179  186  194  206  220
  238  257  273  286  294  299  300  297  291  282  273  265  260  257  255  253
  249  245  240  236  234  233  232  231  229  226  220  214  206  197  188  179
  170  161  151  142  133  126  122  114  101                                   
    32.5-180.0 180.0   5.0 450.0                            LAT/LON1/LON2/DLON/H
  105  110  108  103  100   98   97   99  105  114  126  139  152  164  175  185
  193  199  203  203  201  195  189  183  180  181  185  191  198  208  221  238
  259  281  301  316  325  330  331  328  322  312  302  292  286  282  279  277
  274  270  265  261  258  254  251  247  241  235  227  219  210  200  191  183
  173  165  156  147  139  132  128  119  105                                   
    30.0-180.0 180.0   5.0 450.0                            LAT/LON1/LON2/DLON/H
  111  114  112  104   99   95   94   93   98  107  120  135  151  166  180  193
  203  211  215  216  213  207  200  194  191  192  198  205  214  225  240  260
  284  308  330  346  356  361  362  359  352  343  331  321  313  308  306  304
  302  300  297  293  288  281  273  263  253  241  230  219  209  200  191  182
  172  165  156  149  142  138  134  125  111                                   
    27.5-180.0 180.0   5.0 450.0                            LAT/LON1/LON2/DLON/H
  117  120  117  107  102   98   94   91   94  101  114  130  148  166  183  197
  209  218  223  225  222  216  209  203  201  204  212  222  233  246  263  284
  310  336  358  374  383  388  388  386  379  370  359  348  339  334  332  331
  332  333  332  328  320  308  294  278  260  244  228  215  204  194  185  177
  168  161  153  148  143  141  138  129  117                                   
    25.0-180.0 180.0   5.0 450.0                            LAT/LON1/LON2/DLON/H
  124  126  123  114  110  105  100   94   94   99  110  126  144  163  182  198
  212  221  228  230  228  222  216  210  210  215  225  238  252  268  286  309
  335  361  383  398  406  409  409  407  401  392  381  371  363  358  356  358
  361  365  366  361  350  333  312  288  264  242  223  208  196  186  177  169
  160  154  147  143  141  142  140  132  124                                   
    22.5-180.0 180.0   5.0 450.0                            LAT/LON1/LON2/DLON/H
  129  133  130  123  120  116  110  103  100  102  110  124  141  160  179  197
  211  221  228  232  231  227  221  217  218  226  239  254  271  289  309  333
  358  383  403  416  422  424  423  421  416  409  399  390  383  380  379  383
  388  394  396  390  375  352  323  293  264  238  216  199  187  177  168  160
  151  146  140  138  138  141  140  134  129                                   
    20.0-180.0 180.0   5.0 450.0                            LAT/LON1/LON2/DLON/H
  132  138  135  131  130  127  122  113  108  108  113  124  140  157  176  193
  207  219  227  232  233  230  226  224  227  237  252  270  290  310  331  354
  378  400  417  427  432  432  431  429  426  420  413  406  401  399  400  404
  411  417  419  411  391  362  327  293  261  233  211  194  181  171  162  153
  145  139  134  133  134  139  139  134  132                                   
    17.5-180.0 180.0   5.0 450.0                            LAT/LON1/LON2/DLON/H
  133  140  138  137  137  136  132  124  118  115  118  127  139  155  172  188
  203  215  225  232  235  235  233  233  238  250  266  286  307  329  350  372
  393  412  426  433  436  436  435  434  432  429  424  419  416  415  417  422
  428  434  433  421  397  363  325  288  257  231  209  192  179  169  159  151
  142  136  131  129  132  136  137  132  133                                   
    15.0-180.0 180.0   5.0 450.0                            LAT/LON1/LON2/DLON/H
  131  139  136  138  140  139  137  130  125  122  124  130  140  154  169  184
  198  212  223  232  238  240  242  245  252  265  282  303  325  347  367  387
  405  420  431  436  437  437  437  438  438  436  433  431  429  429  431  435
  440  443  438  422  393  356  316  282  254  231  212  196  183  172  162  152
  143  137  131  129  131  134  134  129  131                                   
    12.5-180.0 180.0   5.0 450.0                            LAT/LON1/LON2/DLON/H
  128  134  131  133  135  135  135  130  127  125  127  132  141  153  167  181
  196  210  223  234  242  248  253  259  269  283  300  321  342  364  383  401
  415  427  434  438  439  439  440  442  444  443  442  440  440  440  442  444
  446  444  435  414  382  342  304  274  252  235  219  205  191  178  168  158
  148  141  135  131  132  132  131  126  128                                   
    10.0-180.0 180.0   5.0 450.0                            LAT/LON1/LON2/DLON/H
  124  127  123  124  126  125  126  123  123  123  126  132  141  153  166  181
  196  211  225  237  247  256  264  275  287  302  320  339  360  380  398  413
  425  433  439  441  442  444  446  449  452  452  451  449  448  449  449  448
  446  439  424  399  364  325  291  266  250  239  228  214  200  187  175  164
  154  147  140  136  134  131  129  123  124                                   
     7.5-180.0 180.0   5.0 450.0                            LAT/LON1/LON2/DLON/H
  121  121  114  114  114  112  113  111  113  116  121  128  139  151  166  181
  197  213  228  241  253  264  276  290  305  321  339  357  376  395  411  424
