data/edconvlstm_nd/pred3220.15i
     1.0            IONOSPHERE MAPS     GNSS                IONEX VERSION / TYPE
pyspatialgeodesy        IME             05-JAN-18 20:20     PGM / RUN BY / DATE 
Map Name                                                    COMMENT             
Predicted global ionosphere maps (GIM).                     DESCRIPTION         
  2015    11    18     0     0     0                        EPOCH OF FIRST MAP  
  2015    11    19     0     0     0                        EPOCH OF LAST MAP   
  7200                                                      INTERVAL            
    13                                                      # OF MAPS IN FILE   
  NONE                                                      MAPPING FUNCTION    
10.0                                                        ELEVATION CUTOFF    
One-way carrier phase leveled to code                       OBSERVABLES USED    
  6371.0                                                    BASE RADIUS         
 2                                                          MAP DIMENSION       
   450.0 450.0   0.0                                        HGT1 / HGT2 / DHGT  
    87.5 -87.5  -2.5                                        LAT1 / LAT2 / DLAT  
  -180.0 180.0   5.0                                        LON1 / LON2 / DLON  
    -1                                                      EXPONENT            
                                                            END OF HEADER       
     1                                                      START OF TEC MAP    
  2015    11    18     0     0     0                        EPOCH OF CURRENT MAP
    87.5-180.0 180.0   5.0 450.0                            LAT/LON1/LON2/DLON/H
   90   85   77   69   69   76   74   72   74   75   76   78   79   79   79   79
   79   78   77   76   75   73   71   69   68   66   64   62   61   60   58   57
   56   56   55   55   54   54   54   55   55   56   57   57   58   59   60   61
   62   62   63   64   64   64   65   65   65   65   64   64   64   63   63   63
   63   63   62   63   55   71   76   74   90                                   
    85.0-180.0 180.0   5.0 450.0                            LAT/LON1/LON2/DLON/H
   82   86   66   68   71   80   76   75   76   77   78   79   80   81   81   81
   81   80   79   78   76   74   72   70   68   65   63   61   59   58   56   55
   54   54   53   53   54   54   55   56   58   59   61   63   65   67   69   70
   72   73   74   75   75   75   75   75   75   75   74   74   73   72   72   72
   71   71   71   75   75   82   90   82   82                                   
    82.5-180.0 180.0   5.0 450.0                            LAT/LON1/LON2/DLON/H
   71   62   69   65   66   76   71   70   74   75   77   80   82   83   84   84
   83   81   79   77   73   70   66   62   58   54   51   47   44   42   39   38
   37   36   36   36   37   38   40   43   46   49   52   56   59   62   65   68
   70   72   73   74   75   75   75   74   74   73   73   72   71   70   70   70
   69   68   67   66   71   66   75   78   71                                   
    80.0-180.0 180.0   5.0 450.0                            LAT/LON1/LON2/DLON/H
   77   65   66   59   63   67   65   64   70   71   74   78   81   83   84   84
   83   81   78   74   70   65   60   54   49   45   41   37   34   32   30   29
   28   27   27   28   29   30   32   35   38   42   46   50   54   58   62   65
   68   70   72   73   73   73   73   72   71   70   69   68   67   66   66   66
   65   63   64   62   75   68   80   93   77                                   
    77.5-180.0 180.0   5.0 450.0                            LAT/LON1/LON2/DLON/H
   85   73   64   64   64   66   63   66   71   73   78   82   86   88   89   89
   88   85   81   76   71   65   59   52   47   42   38   34   31   29   27   26
   26   25   25   26   26   28   30   32   35   39   43   47   51   56   60   63
   66   68   70   71   71   70   70   69   68   67   66   65   64   64   64   64
   64   65   66   67   74   75   81  100   85                                   
    75.0-180.0 180.0   5.0 450.0                            LAT/LON1/LON2/DLON/H
   96   78   76   74   71   73   67   69   75   77   81   85   88   89   89   88
   85   81   76   71   65   59   53   47   42   38   34   32   31   30   30   29
   29   29   29   29   30   31   32   34   37   40   43   47   51   55   59   62
   64   65   66   66   66   66   65   64   63   62   61   61   61   61   62   64
   64   67   71   70   78   88   92  106   96                                   
    72.5-180.0 180.0   5.0 450.0                            LAT/LON1/LON2/DLON/H
  105   92   91   86   82   79   75   76   81   82   85   88   90   89   87   84
   79   74   68   62   57   51   46   42   39   36   35   35   35   36   37   37
   38   37   37   36   35   35   35   35   37   39   41   44   47   50   52   54
   55   56   56   56   56   55   55   54   54   54   54   54   55   57   59   63
   65   69   79   82   91  100  108  125  105                                   
    70.0-180.0 180.0   5.0 450.0                            LAT/LON1/LON2/DLON/H
  125  115  114  111  103   98   93   93   97   97   98   99   97   94   88   82
   74   67   61   55   50   46   42   40   38   37   38   39   41   43   46   47
   47   47   45   43   42   40   39   38   39   40   42   44   46   48   49   50
   51   51   51   51   50   50   51   51   52   53   54   55   57   60   65   70
   73   79   91   97  109  121  127  141  125                                   
    67.5-180.0 180.0   5.0 450.0                            LAT/LON1/LON2/DLON/H
  144  140  137  133  123  116  110  109  111  109  109  107  102   94   85   76
   66   58   51   45   41   38   36   35   35   35   37   39   42   45   48   49
   49   48   45   42   39   36   34   33   33   34   35   36   38   39   40   41
   41   41   40   40   40   41   42   44   46   49   52   54   58   62   67   74
   79   87  100  109  124  137  143  157  144                                   
    65.0-180.0 180.0   5.0 450.0                            LAT/LON1/LON2/DLON/H
  161  159  154  151  141  132  125  124  125  122  120  116  109   98   86   74
   63   54   47   42   39   36   35   34   33   34   35   38   41   43   45   46
   45   42   39   36   32   29   27   26   27   27   29   30   31   32   33   33
   33   33   33   33   34   35   38   41   45   49   54   58   63   68   74   81
   87   96  110  118  135  150  157  171  161                                   
    62.5-180.0 180.0   5.0 450.0                            LAT/LON1/LON2/DLON/H
  172  173  168  165  156  146  137  136  137  134  131  126  117  105   92   78
   66   57   51   46   42   40   37   36   34   34   34   35   37   38   39   38
   36   34   30   27   24   22   21   21   22   24   25   27   28   29   30   30
   29   29   29   29   31   33   37   42   48   54   60   66   71   78   84   92
   98  106  119  127  141  157  164  180  172                                   
    60.0-180.0 180.0   5.0 450.0                            LAT/LON1/LON2/DLON/H
  179  181  177  173  164  154  144  143  143  140  137  132  123  111   98   85
   74   66   59   54   50   46   42   38   35   33   32   31   31   31   30   29
   27   24   21   19   17   17   17   18   20   23   25   27   28   29   29   28
   28   27   27   28   30   33   38   44   52   59   66   73   80   87   95  102
  108  115  128  134  145  159  167  184  179                                   
    57.5-180.0 180.0   5.0 450.0                            LAT/LON1/LON2/DLON/H
  184  187  184  179  170  160  150  147  147  142  138  133  125  115  105   95
   86   78   71   65   59   53   46   41   36   32   29   28   26   25   24   22
   20   18   16   15   15   16   18   20   23   26   29   31   32   32   32   31
   30   29   29   30   32   36   41   49   57   65   73   81   88   96  105  113
  119  126  138  144  153  163  170  189  184                                   
    55.0-180.0 180.0   5.0 450.0                            LAT/LON1/LON2/DLON/H
  194  197  193  187  178  168  156  152  149  143  137  131  124  116  109  103
   97   90   83   75   66   58   50   43   37   32   29   27   26   24   22   21
   19   18   18   18   20   22   25   28   31   35   37   39   40   40   39   38
   37   36   36   36   38   42   48   56   64   72   80   87   95  104  114  125
  132  140  152  158  165  172  179  199  194                                   
    52.5-180.0 180.0   5.0 450.0                            LAT/LON1/LON2/DLON/H
  209  213  207  200  192  181  168  161  155  145  136  128  121  116  112  109
  105  100   92   81   71   61   52   45   40   36   33   31   30   29   27   26
   25   25   25   27   30   34   37   41   44   47   49   50   51   51   50   49
   48   47   47   47   49   53   58   64   71   78   85   93  101  111  123  136
  146  156  169  176  183  187  194  214  209                                   
    50.0-180.0 180.0   5.0 450.0                            LAT/LON1/LON2/DLON/H
  230  235  226  220  212  201  187  176  166  151  138  128  120  116  114  113
  110  104   95   84   73   63   55   49   46   43   42   41   40   39   38   36
   36   36   38   41   45   49   53   55   58   60   62   63   64   64   63   63
   62   62   62   63   65   67   71   75   80   86   92   99  107  118  132  147
  160  173  188  197  205  208  215  235  230                                   
    47.5-180.0 180.0   5.0 450.0                            LAT/LON1/LON2/DLON/H
  253  260  249  244  238  227  212  198  183  163  146  132  123  118  117  116
  113  105   95   83   73   65   60   56   55   54   54   53   53   52   50   49
   48   50   52   56   61   64   67   69   70   72   74   75   76   77   77   78
   79   80   81   82   83   84   85   88   91   95   99  106  115  127  142  159
  175  190  207  217  228  232  239  257  253                                   
    45.0-180.0 180.0   5.0 450.0                            LAT/LON1/LON2/DLON/H
  270  281  270  269  264  255  241  225  206  181  159  142  130  124  122  119
  114  104   93   83   75   70   68   67   67   67   67   67   65   63   60   58
   58   59   63   67   72   75   77   78   79   80   82   85   87   88   90   92
   94   97   99  100  101  101  101  102  103  106  110  116  125  138  153  171
  187  204  221  233  246  253  260  275  270                                   
    42.5-180.0 180.0   5.0 450.0                            LAT/LON1/LON2/DLON/H
  279  294  285  286  283  276  264  249  229  203  177  157  143  135  130  125
  116  105   94   86   82   80   80   81   81   81   79   76   72   68   64   61
   61   63   67   72   76   79   81   81   82   84   87   91   94   97  100  103
  107  110  113  115  116  115  115  115  116  118  123  129  139  151  166  182
  198  214  230  243  256  264  273  285  279                                   
    40.0-180.0 180.0   5.0 450.0                            LAT/LON1/LON2/DLON/H
  278  294  287  289  289  284  275  264  247  222  197  176  161  151  143  134
  123  111  102   97   96   97   98   98   95   91   85   78   72   65   60   58
   58   61   65   70   75   78   79   80   81   84   89   94   99  102  106  109
  113  118  122  124  125  125  125  126  129  132  137  145  154  166  180  194
  207  220  235  246  257  266  275  286  278                                   
    37.5-180.0 180.0   5.0 450.0                            LAT/LON1/LON2/DLON/H
  269  285  279  280  281  278  270  264  253  233  213  195  181  170  160  149
  136  124  117  116  118  121  120  114  105   94   84   74   66   59   54   53
   54   57   61   67   72   75   77   78   80   84   90   96  101  105  108  111
  115  120  124  127  129  131  133  136  140  145  152  161  171  183  195  207
  216  225  237  246  253  263  272  285  269                                   
    35.0-180.0 180.0   5.0 450.0                            LAT/LON1/LON2/DLON/H
  261  275  269  265  264  261  255  253  248  236  222  210  199  189  179  166
  153  143  140  142  145  145  138  125  108   92   79   69   61   55   52   52
   54   57   62   67   72   75   77   79   82   87   93   99  103  106  108  110
  114  117  121  125  128  132  137  143  150  157  166  176  188  200  212  223
  228  234  243  249  253  262  274  290  261                                   
    32.5-180.0 180.0   5.0 450.0                            LAT/LON1/LON2/DLON/H
  265  276  268  257  252  247  239  239  239  233  226  220  213  206  196  184
  172  165  165  168  170  164  148  127  105   88   76   68   63   60   59   60
   62   66   70   75   80   83   85   86   88   92   98  102  105  106  107  108
  110  113  116  120  125  131  139  148  157  167  177  188  202  216  230  241
  246  249  257  260  264  273  287  308  265                                   
    30.0-180.0 180.0   5.0 450.0                            LAT/LON1/LON2/DLON/H
  291  299  286  267  257  247  237  235  235  232  229  227  223  218  209  199
  189  185  186  187  184  170  147  121  100   87   81   78   77   77   78   80
   84   88   92   96   98   99   98   98   98  101  105  107  108  107  107  106
  107  108  111  115  121  130  140  152  163  174  185  198  214  231  249  263
  270  274  281  284  289  299  316  341  291                                   
    27.5-180.0 180.0   5.0 450.0                            LAT/LON1/LON2/DLON/H
  345  349  326  301  286  271  257  250  246  242  239  236  233  227  219  210
  203  199  198  194  183  163  137  114  100   96   98  101  105  108  112  117
  121  124  125  123  120  117  114  112  111  112  113  113  111  109  107  107
  106  106  108  112  119  130  142  156  168  181  193  208  226  248  271  290
  303  311  319  322  331  343  362  392  345                                   
    25.0-180.0 180.0   5.0 450.0                            LAT/LON1/LON2/DLON/H
  425  423  392  364  344  323  302  287  277  268  260  253  246  238  229  220
  212  206  199  188  171  148  126  113  112  119  130  142  150  156  161  165
  166  163  156  147  139  133  128  125  123  122  121  119  116  113  111  110
  109  109  109  113  121  132  146  160  175  189  203  220  242  268  297  324
  344  359  370  374  389  405  425  458  425                                   
    22.5-180.0 180.0   5.0 450.0                            LAT/LON1/LON2/DLON/H
  520  512  482  457  432  405  375  350  331  314  299  284  270  256  244  232
  222  210  196  178  157  138  127  127  139  159  180  196  206  210  211  210
  203  192  177  163  152  144  138  134  131  130  128  125  121  118  116  115
  114  113  113  115  122  134  148  165  181  198  215  235  260  291  326  360
  389  411  426  434  455  477  502  534  520                                   
    20.0-180.0 180.0   5.0 450.0                            LAT/LON1/LON2/DLON/H
  609  601  586  572  545  514  476  441  411  383  357  332  308  287  270  254
  238  220  199  176  156  145  146  161  187  217  243  258  263  259  252  243
  229  212  192  174  161  151  144  140  137  135  132  129  126  123  121  120
  119  116  114  115  121  133  148  167  186  206  227  251  280  315  354  394
  430  458  478  492  519  545  577  608  609                                   
    17.5-180.0 180.0   5.0 450.0                            LAT/LON1/LON2/DLON/H
  675  672  681  684  660  633  595  554  515  476  436  398  363  334  310  289
  267  243  217  193  178  175  189  218  254  287  309  315  307  293  277  261
  244  223  201  181  165  154  147  142  140  138  136  132  129  126  124  123
  120  116  112  112  116  128  145  166  189  213  239  266  298  335  377  420
  459  491  515  536  566  594  633  664  675                                   
    15.0-180.0 180.0   5.0 450.0                            LAT/LON1/LON2/DLON/H
  702  713  742  763  751  735  706  669  626  580  530  480  434  395  364  338
  311  283  254  232  223  232  259  296  333  358  365  354  331  306  284  265
  246  225  202  181  164  153  146  143  143  142  139  135  131  128  125  123
  119  113  108  107  111  122  140  163  190  219  249  280  314  352  393  435
  474  507  532  558  588  614  657  689  702                                   
    12.5-180.0 180.0   5.0 450.0                            LAT/LON1/LON2/DLON/H
  692  720  764  797  800  800  785  759  723  677  623  567  514  469  433  402
  371  340  312  295  296  317  351  387  411  416  400  368  331  297  271  253
  236  218  197  178  163  154  150  149  149  148  145  139  134  129  125  122
  117  111  106  103  107  117  135  160  190  223  257  291  327  364  403  441
  477  507  532  558  586  607  649  682  692                                   
    10.0-180.0 180.0   5.0 450.0                            LAT/LON1/LON2/DLON/H
  660  701  750  790  807  820  820  809  786  748  699  646  593  548  511  478
  445  415  391  383  394  421  451  472  471  448  406  355  307  270  246  233
  223  211  196  182  171  165  163  163  162  159  153  146  139  132  127  122
  117  111  106  103  106  115  134  160  192  227  263  300  337  373  408  441
  471  497  520  544  566  582  620  653  660                                   
     7.5-180.0 180.0   5.0 450.0                            LAT/LON1/LON2/DLON/H
  624  668  714  753  779  802  814  818  809  785  748  704  660  621  587  556
  527  500  484  484  500  523  539  534  502  449  384  321  270  238  222  219
