data/edconvlstm_nd/pred0260.15i
     1.0            IONOSPHERE MAPS     GNSS                IONEX VERSION / TYPE
pyspatialgeodesy        IME             05-JAN-18 20:20     PGM / RUN BY / DATE 
Map Name                                                    COMMENT             
Predicted global ionosphere maps (GIM).                     DESCRIPTION         
  2015     1    26     0     0     0                        EPOCH OF FIRST MAP  
  2015     1    27     0     0     0                        EPOCH OF LAST MAP   
  7200                                                      INTERVAL            
    13                                                      # OF MAPS IN FILE   
  NONE                                                      MAPPING FUNCTION    
10.0                                                        ELEVATION CUTOFF    
One-way carrier phase leveled to code                       OBSERVABLES USED    
  6371.0                                                    BASE RADIUS         
 2                                                          MAP DIMENSION       
   450.0 450.0   0.0                                        HGT1 / HGT2 / DHGT  
    87.5 -87.5  -2.5                                        LAT1 / LAT2 / DLAT  
  -180.0 180.0   5.0                                        LON1 / LON2 / DLON  
    -1                                                      EXPONENT            
                                                            END OF HEADER       
[from data line 3003]
     8                                                      START OF TEC MAP    
  2015     1    26    14     0     0                        EPOCH OF CURRENT MAP
    87.5-180.0 180.0   5.0 450.0                            LAT/LON1/LON2/DLON/H
   69   82   84   88   91   90   90   85   85   87   86   86   85   85   84   83
   83   82   82   81   81   81   80   80   80   80   80   80   80   80   81   81
   81   81   80   80   80   79   79   78   78   77   77   77   77   77   77   77
   78   79   79   80   81   82   83   84   85   86   86   87   87   87   87   88
   89   89   85   82   85   85   99   95   69                                   
    85.0-180.0 180.0   5.0 450.0                            LAT/LON1/LON2/DLON/H
   78   88  103   85   86   89   88   88   87   88   87   86   85   84   83   83
   82   82   81   81   81   81   82   82   82   83   83   84   85   85   85   86
   86   86   85   85   84   83   82   82   81   80   80   79   79   79   80   80
   81   82   84   85   86   88   89   91   92   93   94   95   95   96   96   96
   97   95   90   85   86   87   98   95   78                                   
    82.5-180.0 180.0   5.0 450.0                            LAT/LON1/LON2/DLON/H
   74   80   89   77   78   80   81   80   80   80   79   78   76   74   73   71
   70   69   68   67   67   67   68   68   69   71   72   74   75   77   78   79
   80   80   80   79   78   76   75   73   71   70   68   67   67   66   67   67
   68   70   72   74   76   79   81   84   86   88   89   90   91   91   91   92
   92   91   86   80   83   90   90   86   74                                   
    80.0-180.0 180.0   5.0 450.0                            LAT/LON1/LON2/DLON/H
   62   62   73   64   65   62   64   64   65   65   64   63   61   60   58   57
   55   54   53   53   53   54   55   56   58   61   64   67   71   74   76   79
   80   80   80   79   76   74   71   68   64   61   59   57   55   54   54   54
   55   57   59   62   65   69   72   75   78   80   82   83   83   83   83   82
   82   80   78   74   72   76   75   77   62                                   
    77.5-180.0 180.0   5.0 450.0                            LAT/LON1/LON2/DLON/H
   61   55   56   49   50   50   51   52   53   53   52   52   51   50   49   48
   46   45   45   45   45   47   49   52   56   60   65   70   76   81   85   88
   90   91   90   88   85   81   76   71   65   60   56   52   49   47   45   45
   46   47   50   53   56   60   64   68   71   73   75   75   75   74   73   71
   70   67   65   61   59   56   58   60   61                                   
    75.0-180.0 180.0   5.0 450.0                            LAT/LON1/LON2/DLON/H
   42   42   42   39   40   40   41   42   43   45   44   45   44   44   43   43
   42   42   42   43   45   47   51   55   61   67   74   81   87   94   99  103
  106  106  105  102   97   92   85   79   72   66   60   54   50   46   43   42
   41   42   43   46   49   53   57   61   64   67   68   69   68   67   65   63
   61   59   56   51   52   47   46   42   42                                   
    72.5-180.0 180.0   5.0 450.0                            LAT/LON1/LON2/DLON/H
   40   40   39   39   39   40   41   42   42   43   44   45   45   45   45   45
   45   46   47   48   51   55   59   65   72   79   87   95  103  110  116  121
  123  124  122  119  114  107  100   92   85   78   71   64   58   53   49   45
   42   41   41   42   45   48   52   56   59   62   63   64   63   62   61   59
   57   54   53   48   48   45   44   44   40                                   
    70.0-180.0 180.0   5.0 450.0                            LAT/LON1/LON2/DLON/H
   38   41   42   42   42   42   41   43   44   46   46   48   48   49   50   51
   52   54   56   60   64   70   76   83   91   98  107  115  122  130  136  140
  143  143  141  137  131  124  117  109  102   95   88   81   75   68   61   55
   50   46   43   43   43   45   48   51   54   57   59   60   60   59   59   58
   57   55   55   51   52   49   51   50   38                                   
    67.5-180.0 180.0   5.0 450.0                            LAT/LON1/LON2/DLON/H
   41   46   46   47   47   48   48   49   49   50   51   52   53   55   56   58
   60   63   67   73   79   86   93  101  108  116  123  130  138  144  150  155
  157  158  156  151  146  139  132  125  118  112  107  100   93   86   77   68
   60   52   47   43   41   42   43   46   49   51   53   54   55   56   57   58
   58   57   58   55   54   53   53   51   41                                   
    65.0-180.0 180.0   5.0 450.0                            LAT/LON1/LON2/DLON/H
   41   48   48   50   50   51   51   52   52   52   52   54   55   57   59   62
   65   70   75   82   90   99  107  115  122  129  135  142  148  155  161  166
  168  169  167  163  157  150  143  137  132  128  123  118  111  102   92   80
   68   57   48   41   37   36   36   38   40   43   45   47   49   51   52   55
   56   58   60   58   58   59   58   56   41                                   
    62.5-180.0 180.0   5.0 450.0                            LAT/LON1/LON2/DLON/H
   39   46   46   49   50   52   51   52   52   52   52   53   54   56   59   62
   66   72   79   88   97  107  116  123  130  136  141  147  154  161  167  172
  176  177  175  171  165  158  151  146  142  138  135  130  124  115  103   89
   74   60   48   39   33   30   29   30   32   35   37   39   42   44   47   49
   52   54   57   56   56   56   56   54   39                                   
    60.0-180.0 180.0   5.0 450.0                            LAT/LON1/LON2/DLON/H
   34   40   40   44   45   46   47   47   47   47   47   48   49   51   54   57
   62   69   77   87   97  108  117  125  131  137  143  149  156  164  171  178
  182  183  182  177  171  164  158  153  149  146  142  138  131  121  108   93
   76   60   46   35   28   24   23   24   26   28   30   32   34   37   39   42
   45   47   50   49   50   49   49   48   34                                   
    57.5-180.0 180.0   5.0 450.0                            LAT/LON1/LON2/DLON/H
   28   32   33   38   39   41   43   44   44   44   43   44   45   47   49   52
   57   64   73   84   96  107  117  125  132  139  145  153  161  170  179  186
  191  193  192  188  182  175  168  163  159  155  151  146  138  128  114   98
   81   64   50   38   31   26   25   25   26   28   30   31   33   34   36   38
   40   42   44   44   45   42   41   41   28                                   
    55.0-180.0 180.0   5.0 450.0                            LAT/LON1/LON2/DLON/H
   25   27   28   34   35   38   40   41   42   42   42   42   43   44   45   48
   53   61   71   82   95  106  117  126  135  143  151  160  170  180  189  197
  202  204  203  199  194  187  181  176  170  165  160  153  144  133  119  103
   87   71   58   47   39   35   33   33   33   34   35   35   35   36   36   37
   38   39   41   40   42   38   37   37   25                                   
    52.5-180.0 180.0   5.0 450.0                            LAT/LON1/LON2/DLON/H
   27   28   28   33   35   38   41   42   44   44   44   44   44   44   45   47
   53   60   71   83   97  109  121  132  142  152  163  173  184  194  203  209
  213  214  213  210  206  201  196  191  185  179  171  162  152  140  126  111
   97   83   71   62   55   50   48   47   46   46   46   45   44   42   41   41
   41   41   43   43   44   41   38   39   27                                   
    50.0-180.0 180.0   5.0 450.0                            LAT/LON1/LON2/DLON/H
   36   35   34   39   41   45   47   49   50   51   51   51   50   49   49   51
   57   65   76   90  104  117  130  143  155  167  180  192  203  211  218  222
  223  223  221  219  217  214  211  207  201  193  184  173  161  148  135  122
  110   98   88   80   74   69   66   64   63   62   60   58   56   53   51   50
   49   49   51   51   53   51   48   47   36                                   
    47.5-180.0 180.0   5.0 450.0                            LAT/LON1/LON2/DLON/H
   52   50   48   51   52   56   58   60   61   63   63   63   61   59   58   60
   65   74   87  101  115  130  144  158  173  187  201  213  222  228  230  230
  229  227  225  225  225  225  224  221  216  208  197  185  171  158  145  133
  123  114  105   98   92   87   84   81   79   77   75   72   69   66   63   61
   60   61   63   65   68   67   66   63   52                                   
    45.0-180.0 180.0   5.0 450.0                            LAT/LON1/LON2/DLON/H
   70   69   66   68   68   71   71   74   75   77   78   77   75   72   70   72
   78   87  100  115  130  145  160  176  192  207  221  232  238  240  238  234
  230  227  226  227  229  232  234  233  229  221  210  196  181  167  154  144
  135  126  119  111  105  100   95   92   89   87   85   83   80   77   74   72
   71   72   76   79   84   87   86   82   70                                   
    42.5-180.0 180.0   5.0 450.0                            LAT/LON1/LON2/DLON/H
   87   87   83   85   84   86   85   87   88   91   92   92   89   86   84   85
   92  102  115  129  144  159  175  191  208  224  237  245  248  246  242  236
  231  228  228  230  235  239  243  243  240  233  221  207  191  176  163  152
  143  135  126  118  111  104   99   96   93   90   88   87   85   83   80   79
   78   80   85   89   96  102  103   97   87                                   
    40.0-180.0 180.0   5.0 450.0                            LAT/LON1/LON2/DLON/H
   96   98   94   96   95   96   95   96   98  101  102  103  100   98   96   99
  105  116  128  142  156  171  186  203  219  234  245  251  252  249  244  240
  237  237  239  243  248  252  254  255  251  244  232  218  201  185  171  159
  148  138  128  119  110  103   97   93   90   88   86   85   84   82   81   80
   80   81   86   91   99  106  108  104   96                                   
    37.5-180.0 180.0   5.0 450.0                            LAT/LON1/LON2/DLON/H
   97   99   97  100   99  100   99  100  102  105  108  109  109  107  107  111
  118  128  139  152  165  179  194  209  225  238  248  253  253  252  252  253
  257  263  268  272  274  275  274  271  266  257  246  231  214  196  181  167
  154  141  129  117  107   99   93   89   86   84   82   81   80   79   77   76
   75   76   80   83   91   97  100   99   97                                   
    35.0-180.0 180.0   5.0 450.0                            LAT/LON1/LON2/DLON/H
   89   93   92   95   96   97   97   98  101  105  108  111  113  114  116  121
  128  137  148  159  170  183  198  212  227  238  247  253  257  262  270  282
  296  308  317  321  318  312  304  296  287  277  264  249  231  213  195  179
  164  149  134  120  109  101   95   91   87   84   82   80   78   76   73   71
   68   67   69   70   76   80   84   87   89                                   
    32.5-180.0 180.0   5.0 450.0                            LAT/LON1/LON2/DLON/H
   78   82   83   87   89   89   90   92   95   99  105  110  114  118  122  129
  137  146  155  164  175  187  201  214  227  238  248  256  267  281  301  326
  351  373  386  387  379  364  347  331  317  304  290  274  257  238  219  202
  185  168  150  135  123  114  108  103   99   95   91   87   84   79   74   69
   65   61   61   59   64   64   68   73   78                                   
    30.0-180.0 180.0   5.0 450.0                            LAT/LON1/LON2/DLON/H
   69   74   75   79   82   82   83   84   87   92   98  105  112  119  127  136
  145  153  161  170  180  193  205  218  230  241  252  266  285  311  345  383
  421  452  468  467  451  426  399  375  356  340  325  308  291  272  253  235
  218  200  181  165  152  143  136  131  125  119  113  107  100   93   85   77
   69   63   61   56   59   55   58   64   69                                   
    27.5-180.0 180.0   5.0 450.0                            LAT/LON1/LON2/DLON/H
   66   72   73   76   79   79   79   79   81   85   92  100  109  119  130  141
  151  160  168  177  187  200  213  225  236  248  263  284  312  350  397  449
  499  537  556  551  526  492  455  424  400  382  366  350  333  315  297  280
  263  245  227  210  196  186  179  172  165  157  148  139  130  118  106   95
   84   77   72   65   66   60   58   62   66                                   
    25.0-180.0 180.0   5.0 450.0                            LAT/LON1/LON2/DLON/H
   72   79   78   80   82   81   81   78   79   81   87   94  104  116  130  144
  156  166  174  184  196  209  223  235  246  260  280  308  346  394  452  515
  573  616  634  624  592  549  507  471  445  425  410  395  380  364  348  333
  317  300  282  264  250  238  230  221  212  202  192  181  168  153  138  124
  110  102   94   86   85   76   70   69   72                                   
    22.5-180.0 180.0   5.0 450.0                            LAT/LON1/LON2/DLON/H
   87   93   90   90   91   89   87   82   81   81   84   90  100  113  129  145
  159  170  180  191  205  220  234  247  260  277  301  336  382  439  504  572
  632  673  686  670  632  586  543  508  482  465  451  439  426  413  400  387
  372  356  338  319  303  289  278  268  258  248  237  225  210  192  174  157
  143  135  124  117  113  101   90   84   87                                   
    20.0-180.0 180.0   5.0 450.0                            LAT/LON1/LON2/DLON/H
  106  111  104  103  101   98   96   89   86   84   83   87   95  109  126  145
  161  174  186  199  214  230  246  260  275  296  326  366  418  478  543  606
  660  693  699  678  640  596  557  528  508  495  485  476  467  457  446  435
  421  404  384  363  344  327  314  302  292  283  273  261  246  227  208  190
  175  167  155  150  144  130  115  104  106                                   
    17.5-180.0 180.0   5.0 450.0                            LAT/LON1/LON2/DLON/H
  124  126  116  113  109  105  103   96   91   87   84   86   92  106  124  144
  163  178  191  206  223  240  257  273  291  316  350  394  447  504  561  614
  655  677  675  652  618  582  553  533  520  513  508  503  497  489  480  468
  454  435  412  387  364  344  328  316  307  300  292  282  268  251  233  216
  201  195  182  179  171  154  137  123  124                                   
    15.0-180.0 180.0   5.0 450.0                            LAT/LON1/LON2/DLON/H
  134  133  122  117  112  108  107  100   95   90   85   85   91  104  123  145
  166  184  199  215  232  250  267  285  307  336  373  418  466  514  558  596
  622  633  626  606  579  554  537  527  523  521  520  517  513  506  497  484
  467  445  417  388  360  337  320  309  302  298  294  287  275  260  245  230
  217  211  199  196  186  169  151  136  134                                   
    12.5-180.0 180.0   5.0 450.0                            LAT/LON1/LON2/DLON/H
  132  130  118  113  107  104  105  100   96   91   86   85   90  104  125  149
  172  192  209  225  242  260  278  298  323  355  393  435  476  512  541  562
  575  577  569  554  538  525  518  518  520  523  524  521  517  509  499  484
  464  437  405  371  340  315  298  288  284  283  282  278  270  258  245  233
  222  216  203  198  187  170  152  137  132                                   
    10.0-180.0 180.0   5.0 450.0                            LAT/LON1/LON2/DLON/H
  122  117  106  103   97   95   98   96   94   90   85   85   91  106  129  155
  181  203  221  237  253  271  290  313  341  374  411  447  478  501  517  525
  528  526  520  512  506  504  507  513  519  522  522  518  512  503  491  474
  450  419  383  347  314  289  272  264  263  265  267  266  259  249  239  228
  218  211  197  189  177  160  141  128  122                                   
     7.5-180.0 180.0   5.0 450.0                            LAT/LON1/LON2/DLON/H
  109  101   92   89   86   84   90   90   90   88   85   86   94  111  135  164
  192  215  234  250  266  283  304  329  359  392  426  456  477  490  495  495
