data/edconvlstm_nd/pred2270.15i
     1.0            IONOSPHERE MAPS     GNSS                IONEX VERSION / TYPE
pyspatialgeodesy        IME             05-JAN-18 20:20     PGM / RUN BY / DATE 
Map Name                                                    COMMENT             
Predicted global ionosphere maps (GIM).                     DESCRIPTION         
  2015     8    15     0     0     0                        EPOCH OF FIRST MAP  
  2015     8    16     0     0     0                        EPOCH OF LAST MAP   
  7200                                                      INTERVAL            
    13                                                      # OF MAPS IN FILE   
  NONE                                                      MAPPING FUNCTION    
10.0                                                        ELEVATION CUTOFF    
One-way carrier phase leveled to code                       OBSERVABLES USED    
  6371.0                                                    BASE RADIUS         
 2                                                          MAP DIMENSION       
   450.0 450.0   0.0                                        HGT1 / HGT2 / DHGT  
    87.5 -87.5  -2.5                                        LAT1 / LAT2 / DLAT  
  -180.0 180.0   5.0                                        LON1 / LON2 / DLON  
    -1                                                      EXPONENT            
                                                            END OF HEADER       
[from data line 858]
     3                                                      START OF TEC MAP    
  2015     8    15     4     0     0                        EPOCH OF CURRENT MAP
    87.5-180.0 180.0   5.0 450.0                            LAT/LON1/LON2/DLON/H
  107  110  110  115  115  113  111  109  110  110  111  111  111  112  111  111
  111  111  110  110  109  108  107  106  105  104  104  103  102  101  100   99
   99   98   97   97   96   96   96   95   95   96   96   96   97   97   98   99
   99  100  101  101  102  102  102  103  103  103  103  103  103  103  102  103
  104  105  104  104  108  112  115  104  107                                   
    85.0-180.0 180.0   5.0 450.0                            LAT/LON1/LON2/DLON/H
  107  119  111  117  121  120  120  120  120  121  121  122  122  122  122  121
  121  120  119  118  117  116  115  113  112  111  110  109  108  107  106  105
  104  103  102  102  101  101  101  101  101  101  102  103  103  104  105  107
  108  109  110  111  111  112  112  113  113  113  113  113  113  113  112  113
  114  115  112  114  112  114  117  107  107                                   
    82.5-180.0 180.0   5.0 450.0                            LAT/LON1/LON2/DLON/H
  114  117  123  120  120  123  123  124  125  126  126  127  127  127  126  125
  124  123  122  120  118  116  114  113  111  109  108  106  105  104  103  102
  101  101  100   99   99   98   98   99   99  100  101  102  104  105  107  109
  111  113  115  116  117  118  119  120  120  120  120  120  119  119  118  118
  118  118  115  115  121  113  109  104  114                                   
    80.0-180.0 180.0   5.0 450.0                            LAT/LON1/LON2/DLON/H
  119  117  113  112  116  117  121  122  123  124  124  125  125  124  123  122
  120  119  116  114  111  109  106  104  102  100   98   97   96   95   95   94
   93   93   92   92   91   91   91   91   92   93   95   97   99  102  105  108
  111  113  116  118  119  120  121  122  122  122  121  120  120  118  117  117
  116  114  112  113  121  117  117  106  119                                   
    77.5-180.0 180.0   5.0 450.0                            LAT/LON1/LON2/DLON/H
  118  115  110  112  111  116  121  123  124  124  124  124  124  123  121  120
  117  114  111  108  105  102   99   96   94   92   91   90   89   89   89   89
   89   89   89   88   88   87   87   88   89   90   92   96   99  103  107  111
  115  119  122  124  126  127  128  128  128  128  127  126  124  123  121  120
  118  117  113  115  118  112  112  108  118                                   
    75.0-180.0 180.0   5.0 450.0                            LAT/LON1/LON2/DLON/H
  111  111  103  107  105  111  115  116  118  118  116  117  116  114  112  110
  107  103  100   96   92   89   85   82   80   78   77   77   77   78   79   80
   81   82   82   81   81   80   80   80   81   83   86   90   94   99  104  109
  113  117  120  122  124  125  125  125  125  124  124  123  121  120  118  118
  115  114  111  107  111  108  108  107  111                                   
    72.5-180.0 180.0   5.0 450.0                            LAT/LON1/LON2/DLON/H
  108  110  104  106  107  112  116  118  118  118  116  116  114  112  109  106
  103   99   96   92   87   83   80   76   74   72   71   72   73   74   76   78
   80   81   82   82   81   80   80   80   81   84   87   92   98  104  109  115
  119  123  125  127  128  129  129  128  128  128  127  127  126  125  124  124
  123  121  119  117  116  112  109  109  108                                   
    70.0-180.0 180.0   5.0 450.0                            LAT/LON1/LON2/DLON/H
  112  111  106  107  107  110  114  115  116  115  113  112  109  106  103  100
   96   92   88   84   80   76   72   68   65   63   62   63   64   66   69   72
   75   77   78   78   77   77   76   76   78   81   85   91   98  105  111  116
  120  123  124  125  125  125  124  124  124  125  125  125  126  126  126  126
  126  124  123  122  121  116  115  112  112                                   
    67.5-180.0 180.0   5.0 450.0                            LAT/LON1/LON2/DLON/H
  110  111  105  105  104  107  109  110  110  109  107  105  103   99   96   93
   89   85   81   77   73   69   64   60   57   55   54   54   56   58   61   64
   67   69   70   70   70   69   69   69   71   75   81   88   95  102  109  113
  116  118  117  117  116  115  114  114  115  116  118  119  121  122  123  125
  125  124  124  123  123  118  116  113  110                                   
    65.0-180.0 180.0   5.0 450.0                            LAT/LON1/LON2/DLON/H
  111  111  104  104  102  104  105  106  106  105  102  101   98   95   92   88
   84   80   77   73   69   64   60   56   52   50   49   49   50   52   55   57
   60   62   63   63   63   63   63   65   68   73   80   88   96  103  109  112
  113  113  111  109  107  106  106  107  109  111  114  117  119  121  122  125
  125  125  126  125  126  122  121  118  111                                   
    62.5-180.0 180.0   5.0 450.0                            LAT/LON1/LON2/DLON/H
  114  113  106  104  102  102  103  103  103  101   99   98   95   92   89   85
   81   77   73   69   65   61   57   53   50   47   46   46   47   48   50   52
   54   55   56   57   57   58   59   62   66   73   81   89   98  105  109  111
  111  109  106  103  101  100  101  103  106  109  113  117  119  122  123  125
  126  127  128  127  128  125  125  122  114                                   
    60.0-180.0 180.0   5.0 450.0                            LAT/LON1/LON2/DLON/H
  117  116  109  106  102  101  101   99   99   96   94   93   91   88   85   81
   77   73   69   65   61   57   53   49   46   45   44   44   45   46   47   47
   48   49   50   50   51   53   55   59   65   73   82   91   99  106  109  110
  108  105  102   99   98   98  100  103  107  111  115  119  121  123  125  126
  127  127  128  128  130  128  128  126  117                                   
    57.5-180.0 180.0   5.0 450.0                            LAT/LON1/LON2/DLON/H
  124  123  115  111  107  104  103  100   97   94   91   90   88   85   82   78
   74   69   65   62   58   54   50   47   45   43   43   44   45   45   45   45
   45   45   45   46   48   51   54   60   67   76   85   95  103  108  111  111
  108  105  102  100  100  101  104  108  113  117  121  125  127  128  129  129
  129  129  130  131  133  133  134  133  124                                   
    55.0-180.0 180.0   5.0 450.0                            LAT/LON1/LON2/DLON/H
  133  132  125  121  116  112  109  104   99   93   89   87   85   82   78   74
   70   66   62   59   55   51   48   45   43   43   44   45   46   47   46   45
   44   43   44   45   47   51   56   62   70   80   90   99  107  111  113  113
  111  108  106  106  107  110  114  118  123  127  130  133  135  135  135  134
  133  133  134  135  138  139  142  141  133                                   
    52.5-180.0 180.0   5.0 450.0                            LAT/LON1/LON2/DLON/H
  145  145  138  134  129  125  121  113  105   97   90   87   83   80   76   72
   67   63   60   57   54   51   48   46   44   44   46   48   49   50   49   47
   46   45   46   47   50   54   59   66   75   85   95  104  111  115  117  117
  116  115  115  116  118  122  126  130  134  137  139  141  142  143  142  142
  140  139  140  141  146  148  151  151  145                                   
    50.0-180.0 180.0   5.0 450.0                            LAT/LON1/LON2/DLON/H
  156  158  153  149  145  141  136  126  116  105   96   90   84   80   75   70
   66   63   60   59   57   54   52   49   48   48   50   52   54   55   54   53
   51   50   51   52   55   60   65   72   81   90  100  109  116  120  122  123
  124  124  126  129  132  136  139  142  144  146  147  148  150  150  150  150
  149  149  149  151  155  158  161  161  156                                   
    47.5-180.0 180.0   5.0 450.0                            LAT/LON1/LON2/DLON/H
  167  170  165  164  160  157  152  142  130  116  104   96   88   82   76   71
   67   64   63   63   62   61   58   56   54   54   55   58   60   61   61   59
   58   57   58   60   62   66   72   78   87   96  106  114  121  126  129  131
  133  136  139  142  146  149  151  152  152  152  152  153  155  156  157  159
  159  159  160  162  166  167  171  170  167                                   
    45.0-180.0 180.0   5.0 450.0                            LAT/LON1/LON2/DLON/H
  174  178  173  173  171  170  166  156  144  129  116  105   96   88   80   74
   70   67   67   68   69   69   68   65   63   62   63   64   66   68   68   67
   66   66   66   68   70   73   77   84   92  101  110  119  126  132  136  140
  144  148  151  155  157  159  159  159  157  156  155  156  158  161  164  167
  169  170  172  173  176  176  178  176  174                                   
    42.5-180.0 180.0   5.0 450.0                            LAT/LON1/LON2/DLON/H
  177  180  175  176  176  176  175  167  156  142  128  117  106   96   87   79
   74   72   72   75   77   79   78   76   74   72   71   72   73   74   75   75
   75   75   75   75   76   78   82   88   96  105  115  124  131  138  144  149
  154  159  162  165  166  167  166  164  161  159  159  160  162  166  170  175
  178  181  183  184  185  183  183  180  177                                   
    40.0-180.0 180.0   5.0 450.0                            LAT/LON1/LON2/DLON/H
  177  177  170  172  173  175  176  171  164  152  139  129  117  106   96   86
   80   77   77   80   84   87   88   87   84   82   80   79   80   81   82   82
   83   83   82   82   82   83   85   91   98  108  118  128  137  145  152  158
  164  168  171  173  174  173  172  170  168  167  166  167  170  173  177  183
  188  192  194  194  194  188  187  183  177                                   
    37.5-180.0 180.0   5.0 450.0                            LAT/LON1/LON2/DLON/H
  177  171  163  163  165  166  170  169  166  157  148  139  129  117  105   94
   86   81   81   83   88   93   95   96   94   92   89   88   87   88   89   90
   90   90   89   87   86   85   87   92  100  110  121  132  142  151  159  166
  171  175  178  180  181  182  182  181  181  181  181  182  183  185  188  194
  199  203  205  205  203  195  191  186  177                                   
    35.0-180.0 180.0   5.0 450.0                            LAT/LON1/LON2/DLON/H
  181  170  159  154  154  155  160  162  163  159  154  148  139  127  115  103
   92   86   83   85   90   96  101  103  103  101   98   96   95   95   96   97
   97   97   94   91   88   87   88   93  101  112  124  135  146  156  164  172
  178  182  185  189  192  195  198  200  202  203  204  204  203  203  204  208
  212  217  219  218  214  204  200  194  181                                   
    32.5-180.0 180.0   5.0 450.0                            LAT/LON1/LON2/DLON/H
  193  176  162  153  149  146  150  154  159  159  158  155  147  137  124  110
   98   90   85   86   91   98  104  109  111  110  107  105  103  103  104  104
  104  102   98   94   90   87   88   93  101  113  125  137  148  159  168  176
  183  188  194  200  207  215  221  226  231  234  235  234  230  227  225  226
  229  234  236  234  230  219  215  209  193                                   
    30.0-180.0 180.0   5.0 450.0                            LAT/LON1/LON2/DLON/H
  215  196  179  164  154  146  147  150  156  159  161  160  154  144  131  117
  104   93   87   87   91   99  107  114  118  118  116  113  111  111  110  110
  108  105  100   95   90   87   87   91  100  111  124  137  149  159  169  179
  187  195  205  216  228  240  250  259  265  269  270  268  262  255  250  249
  251  255  257  256  252  241  238  232  215                                   
    27.5-180.0 180.0   5.0 450.0                            LAT/LON1/LON2/DLON/H
  248  229  209  189  173  160  155  155  159  162  164  164  159  149  137  123
  109   97   90   88   93  101  111  119  124  125  123  121  118  116  115  113
  110  105   99   93   88   84   84   88   96  108  121  134  146  158  169  180
  192  204  219  235  253  270  283  294  301  305  306  303  295  286  278  275
  276  280  283  282  278  269  267  263  248                                   
    25.0-180.0 180.0   5.0 450.0                            LAT/LON1/LON2/DLON/H
  288  272  250  227  205  186  176  170  170  170  170  169  163  153  141  127
  113  101   94   92   97  105  115  124  129  130  129  126  122  119  116  113
  108  102   95   89   84   80   80   83   90  101  114  128  141  154  168  182
  197  215  235  257  280  300  315  326  333  337  337  333  325  315  306  303
  304  308  312  312  308  301  300  299  288                                   
    22.5-180.0 180.0   5.0 450.0                            LAT/LON1/LON2/DLON/H
  330  319  297  272  248  224  208  196  189  184  180  175  167  156  144  130
  117  106   99   98  102  111  121  129  133  134  132  127  123  118  114  109
  103   96   89   82   78   75   74   76   82   93  106  120  135  150  166  184
  204  227  252  279  304  325  340  350  356  359  359  356  349  340  333  330
  332  338  343  343  340  335  334  335  330                                   
    20.0-180.0 180.0   5.0 450.0                            LAT/LON1/LON2/DLON/H
  367  363  343  319  294  268  247  228  215  203  193  183  171  159  146  133
  121  111  106  105  110  119  127  133  136  135  131  125  119  113  108  101
   94   87   80   75   71   68   66   68   73   83   97  112  128  146  165  187
  211  238  267  297  322  342  356  363  367  370  371  369  366  360  356  356
  359  365  371  372  369  366  365  368  367                                   
    17.5-180.0 180.0   5.0 450.0                            LAT/LON1/LON2/DLON/H
  395  398  381  361  337  311  286  262  243  224  207  192  177  162  148  136
  125  117  113  114  119  126  133  136  136  133  127  120  112  105   99   92
   85   77   71   67   64   61   59   60   64   74   89  105  123  143  165  190
  218  248  279  308  332  350  360  365  368  371  374  375  376  375  375  377
  382  389  396  398  394  391  391  394  395                                   
    15.0-180.0 180.0   5.0 450.0                            LAT/LON1/LON2/DLON/H
  413  420  407  392  372  346  321  293  268  244  221  200  182  165  151  140
  131  124  122  123  128  133  136  137  134  129  121  113  104   96   89   82
   75   69   64   60   58   55   53   53   58   68   83  100  120  142  166  194
  224  255  285  313  334  348  357  361  365  369  373  378  382  386  390  395
  402  410  417  418  414  411  410  412  413                                   
    12.5-180.0 180.0   5.0 450.0                            LAT/LON1/LON2/DLON/H
  420  429  420  408  393  370  345  316  287  258  231  207  186  169  155  144
  137  132  130  132  135  138  138  135  130  123  115  105   96   88   81   75
   69   63   59   56   55   53   51   50   54   64   80   98  119  142  168  197
  227  258  287  312  331  343  350  355  361  367  374  380  387  395  402  409
  417  425  432  434  428  424  423  423  420                                   
    10.0-180.0 180.0   5.0 450.0                            LAT/LON1/LON2/DLON/H
  422  430  422  412  401  381  357  328  298  266  237  211  190  173  160  150
  143  139  138  139  140  139  136  131  124  117  108   99   90   82   76   71
   66   61   58   56   55   54   51   51   54   64   80   99  121  144  171  199
  230  259  287  309  325  336  345  353  361  370  378  386  394  403  412  420
  428  436  443  444  437  433  431  429  422                                   
     7.5-180.0 180.0   5.0 450.0                            LAT/LON1/LON2/DLON/H
  423  428  420  409  401  382  359  331  301  268  238  213  193  177  165  156
  150  146  144  143  141  138  133  126  119  111  103   95   87   81   76   72
