data/edconvlstm_nd/pred2090.15i
     1.0            IONOSPHERE MAPS     GNSS                IONEX VERSION / TYPE
pyspatialgeodesy        IME             05-JAN-18 20:20     PGM / RUN BY / DATE 
Map Name                                                    COMMENT             
Predicted global ionosphere maps (GIM).                     DESCRIPTION         
  2015     7    28     0     0     0                        EPOCH OF FIRST MAP  
  2015     7    29     0     0     0                        EPOCH OF LAST MAP   
  7200                                                      INTERVAL            
    13                                                      # OF MAPS IN FILE   
  NONE                                                      MAPPING FUNCTION    
10.0                                                        ELEVATION CUTOFF    
One-way carrier phase leveled to code                       OBSERVABLES USED    
  6371.0                                                    BASE RADIUS         
 2                                                          MAP DIMENSION       
   450.0 450.0   0.0                                        HGT1 / HGT2 / DHGT  
    87.5 -87.5  -2.5                                        LAT1 / LAT2 / DLAT  
  -180.0 180.0   5.0                                        LON1 / LON2 / DLON  
    -1                                                      EXPONENT            
                                                            END OF HEADER       
[from data line 5148]
    13                                                      START OF TEC MAP    
  2015     7    29     0     0     0                        EPOCH OF CURRENT MAP
    87.5-180.0 180.0   5.0 450.0                            LAT/LON1/LON2/DLON/H
  122  125  131  123  121  122  119  118  118  118  118  118  118  117  117  116
  116  115  114  113  112  111  109  108  107  106  105  103  102  101  100   99
   98   97   97   96   96   95   95   95   95   95   96   96   96   97   97   98
   99   99  100  100  100  101  101  102  102  103  103  104  104  105  105  106
  108  109  109  109  107  111  119  123  122                                   
    85.0-180.0 180.0   5.0 450.0                            LAT/LON1/LON2/DLON/H
  130  133  118  123  126  129  126  124  125  124  124  124  123  123  122  121
  120  118  117  116  114  112  111  109  107  106  104  103  101  100   99   97
   96   95   95   94   94   93   93   93   94   94   95   95   96   97   98   99
  100  101  102  103  104  105  105  106  107  108  108  109  110  110  111  113
  114  115  117  120  116  124  131  131  130                                   
    82.5-180.0 180.0   5.0 450.0                            LAT/LON1/LON2/DLON/H
  131  127  135  131  132  136  133  132  134  133  132  132  132  131  130  129
  127  126  124  122  120  118  116  113  111  109  107  105  103  101   99   98
   96   95   94   93   92   92   92   92   93   93   94   96   97   99  101  102
  104  105  107  108  109  110  111  112  113  114  115  116  117  118  119  121
  122  123  123  123  124  116  123  125  131                                   
    80.0-180.0 180.0   5.0 450.0                            LAT/LON1/LON2/DLON/H
  137  132  129  127  129  132  133  134  136  135  135  136  135  135  134  133
  131  130  128  125  123  120  117  115  112  109  107  104  102  100   98   95
   94   92   90   89   88   87   87   87   88   89   91   93   95   98  101  103
  105  107  109  110  111  112  113  114  114  115  116  117  117  118  119  121
  121  121  121  120  131  123  131  138  137                                   
    77.5-180.0 180.0   5.0 450.0                            LAT/LON1/LON2/DLON/H
  141  132  125  131  127  129  132  135  137  137  138  139  140  140  140  139
  138  137  135  132  130  127  124  121  118  115  112  109  107  104  102   99
   97   95   93   91   90   89   89   89   90   92   94   97  100  103  106  109
  112  114  116  117  117  118  118  118  118  118  118  119  119  120  121  122
  122  123  122  121  128  128  130  142  141                                   
    75.0-180.0 180.0   5.0 450.0                            LAT/LON1/LON2/DLON/H
  140  125  122  129  125  126  127  130  134  134  136  138  140  141  141  141
  141  140  138  136  133  130  127  123  120  117  113  111  108  106  103  101
   99   97   95   93   91   90   89   89   90   92   95   98  102  106  109  113
  116  118  119  120  120  119  118  118  117  117  116  117  117  118  119  120
  119  120  120  113  119  127  126  137  140                                   
    72.5-180.0 180.0   5.0 450.0                            LAT/LON1/LON2/DLON/H
  126  118  117  121  118  118  120  123  128  129  132  135  137  139  140  141
  141  140  138  136  133  129  126  122  118  114  111  108  106  103  101  100
   98   96   94   92   90   88   87   87   87   89   91   95   99  104  108  112
  115  117  118  118  117  116  114  113  112  111  111  111  112  113  114  116
  115  115  116  111  113  119  122  136  126                                   
    70.0-180.0 180.0   5.0 450.0                            LAT/LON1/LON2/DLON/H
  124  113  112  119  115  116  117  121  126  128  131  135  138  141  143  144
  145  144  142  140  136  132  127  122  117  113  109  106  104  102  101   99
   98   96   94   92   90   87   86   85   85   86   89   93   97  102  107  111
  114  116  117  116  115  113  111  110  109  109  109  110  112  113  115  116
  116  115  117  113  114  119  120  132  124                                   
    67.5-180.0 180.0   5.0 450.0                            LAT/LON1/LON2/DLON/H
  124  114  113  118  113  113  114  117  123  125  129  133  137  140  143  145
  146  145  143  140  136  130  124  118  112  107  103  100   97   96   95   94
   93   91   89   87   84   81   79   78   77   78   81   84   88   93   98  102
  106  108  108  108  106  104  102  101  101  102  104  106  108  110  112  114
  114  113  115  111  113  117  119  132  124                                   
    65.0-180.0 180.0   5.0 450.0                            LAT/LON1/LON2/DLON/H
  128  117  116  120  115  114  114  117  122  123  128  132  137  141  145  147
  148  148  145  141  136  130  122  115  109  103   98   94   92   91   90   89
   88   87   84   81   78   75   73   71   70   71   73   76   80   84   88   92
   96   98   98   98   96   95   94   94   95   98  101  104  108  110  113  114
  114  114  116  112  115  120  122  135  128                                   
    62.5-180.0 180.0   5.0 450.0                            LAT/LON1/LON2/DLON/H
  135  125  123  126  121  118  117  119  123  124  128  133  138  143  147  150
  152  151  148  144  138  130  122  115  107  101   96   93   90   89   88   87
   86   84   81   78   74   71   68   67   66   67   68   70   73   77   80   83
   86   88   89   89   88   88   88   90   93   97  101  106  110  113  115  117
  116  116  118  115  118  125  127  140  135                                   
    60.0-180.0 180.0   5.0 450.0                            LAT/LON1/LON2/DLON/H
  143  134  133  135  128  124  122  123  125  125  128  133  138  143  148  152
  153  152  149  144  138  130  122  115  108  102   97   94   92   90   89   87
   85   82   79   75   71   68   66   65   65   65   66   67   69   71   73   76
   78   80   81   82   82   83   85   88   93   98  104  109  113  116  118  119
  118  117  119  117  121  129  132  144  143                                   
    57.5-180.0 180.0   5.0 450.0                            LAT/LON1/LON2/DLON/H
  150  142  142  144  137  132  129  128  128  127  129  132  137  142  147  151
  152  151  148  143  137  130  124  117  111  105  102   99   97   95   93   90
   87   82   78   74   71   68   67   67   67   67   68   68   69   69   70   71
   73   74   76   78   80   82   85   90   96  102  109  114  117  119  120  121
  119  118  120  118  123  132  136  148  150                                   
    55.0-180.0 180.0   5.0 450.0                            LAT/LON1/LON2/DLON/H
  155  149  149  151  145  139  136  134  133  130  130  132  136  140  144  147
  148  147  144  140  136  131  126  121  116  112  110  107  106  103  100   96
   90   85   80   76   73   72   71   72   73   73   73   73   72   71   70   70
   71   73   75   78   81   85   90   96  102  109  115  120  122  123  123  122
  120  120  122  120  125  135  138  151  155                                   
    52.5-180.0 180.0   5.0 450.0                            LAT/LON1/LON2/DLON/H
  158  153  154  157  151  146  144  141  139  134  133  134  136  138  141  143
  143  141  139  137  134  132  129  127  124  122  120  118  116  113  108  102
   95   89   83   80   78   78   79   80   81   82   82   80   78   75   73   72
   73   75   78   82   86   91   97  104  111  118  123  126  127  126  126  125
  123  122  124  122  127  137  140  153  158                                   
    50.0-180.0 180.0   5.0 450.0                            LAT/LON1/LON2/DLON/H
  160  155  157  160  156  152  151  149  146  141  138  137  138  138  139  139
  138  136  135  135  135  135  135  135  134  133  131  129  126  122  116  109
  101   94   88   85   85   86   88   90   91   92   91   89   86   82   80   78
   78   80   84   88   93   99  106  113  121  127  131  133  132  131  130  129
  127  127  130  127  131  140  142  156  160                                   
    47.5-180.0 180.0   5.0 450.0                            LAT/LON1/LON2/DLON/H
  160  156  158  162  159  158  158  157  155  150  147  144  143  141  139  137
  135  134  134  135  138  141  143  145  145  144  142  139  135  129  122  114
  105   99   94   93   93   95   98  100  101  101  100   98   94   91   88   86
   86   87   91   95  101  107  115  123  130  136  139  140  138  136  136  136
  136  137  139  136  139  145  147  160  160                                   
    45.0-180.0 180.0   5.0 450.0                            LAT/LON1/LON2/DLON/H
  162  158  159  164  163  162  164  165  164  160  157  154  151  147  143  139
  136  135  136  139  144  149  153  155  155  153  150  146  141  134  126  117
  110  104  101  101  103  105  108  110  110  110  108  106  103  100   97   95
   95   95   98  102  107  114  122  131  138  144  147  147  146  144  144  146
  148  150  153  149  150  154  154  167  162                                   
    42.5-180.0 180.0   5.0 450.0                            LAT/LON1/LON2/DLON/H
  166  162  164  168  167  167  170  172  173  171  169  166  162  157  151  145
  142  141  143  147  154  160  164  165  164  160  155  150  143  136  128  120
  113  109  109  110  113  116  118  118  118  117  115  113  111  109  107  105
  104  103  104  108  113  120  128  137  145  152  155  155  154  153  155  159
  163  167  171  166  165  166  166  177  166                                   
    40.0-180.0 180.0   5.0 450.0                            LAT/LON1/LON2/DLON/H
  174  171  172  175  175  174  177  179  182  181  181  179  175  169  162  156
  152  151  154  159  166  172  175  175  171  166  159  153  145  137  129  122
  117  116  117  120  123  125  126  126  125  123  122  121  120  119  118  115
  113  110  110  112  116  123  132  142  151  158  163  164  164  165  168  174
  180  186  191  185  183  182  181  191  174                                   
    37.5-180.0 180.0   5.0 450.0                            LAT/LON1/LON2/DLON/H
  187  185  186  187  186  184  186  187  190  190  191  191  188  182  175  169
  165  165  168  173  180  184  185  182  177  170  163  155  147  139  131  125
  123  124  127  130  133  135  134  133  132  130  129  129  129  129  127  124
  120  116  114  114  118  125  135  145  156  165  171  174  176  178  183  191
  198  205  210  205  202  200  199  208  187                                   
    35.0-180.0 180.0   5.0 450.0                            LAT/LON1/LON2/DLON/H
  203  204  205  204  203  199  198  197  199  200  201  202  200  195  188  183
  180  180  183  188  193  195  193  188  181  174  166  159  150  142  135  130
  130  132  137  140  142  142  141  140  138  137  137  137  138  138  136  132
  126  120  115  115  118  126  136  148  159  170  178  184  188  192  198  207
  215  223  228  223  220  219  218  227  203                                   
    32.5-180.0 180.0   5.0 450.0                            LAT/LON1/LON2/DLON/H
  223  227  229  226  224  218  214  211  211  211  212  213  211  207  202  198
  196  196  198  202  204  203  199  193  186  178  172  164  156  148  140  137
  137  141  145  148  149  147  146  145  144  144  145  145  145  144  141  136
  128  120  115  113  117  125  136  148  162  174  185  193  199  204  212  221
  229  237  243  238  237  236  238  247  223                                   
    30.0-180.0 180.0   5.0 450.0                            LAT/LON1/LON2/DLON/H
  245  253  255  252  249  241  236  230  228  226  226  226  223  219  215  212
  211  211  212  213  212  209  204  197  190  184  178  171  163  154  147  143
  144  148  151  152  150  148  146  147  148  149  150  149  148  146  141  135
  126  118  111  110  113  122  134  148  162  176  189  199  207  215  223  233
  241  248  254  250  251  253  257  267  245                                   
    27.5-180.0 180.0   5.0 450.0                            LAT/LON1/LON2/DLON/H
  266  277  280  278  275  268  262  254  251  246  244  242  239  234  231  228
  226  224  223  222  219  214  208  201  195  190  185  179  170  161  153  148
  148  151  152  150  147  143  143  145  148  150  151  149  146  141  136  129
  120  111  105  104  108  117  130  145  160  175  190  203  214  223  232  242
  250  258  264  261  263  267  273  287  266                                   
    25.0-180.0 180.0   5.0 450.0                            LAT/LON1/LON2/DLON/H
  284  297  302  303  301  297  292  284  279  272  268  264  259  254  249  245
  242  238  234  230  226  220  213  206  200  195  190  184  175  164  155  149
  148  148  147  143  137  134  135  139  143  146  146  143  137  131  124  117
  110  102   97   96  101  111  124  140  156  173  189  204  217  229  240  251
  259  267  273  271  274  280  289  305  284                                   
    22.5-180.0 180.0   5.0 450.0                            LAT/LON1/LON2/DLON/H
  299  313  319  323  324  323  322  315  311  304  298  291  285  278  273  267
  261  254  248  241  235  228  221  213  206  200  193  185  175  163  153  146
  143  141  137  131  126  123  125  130  135  137  136  131  124  117  110  103
   97   91   88   88   93  103  117  133  151  169  186  204  220  235  248  260
  269  277  284  283  287  293  304  322  299                                   
    20.0-180.0 180.0   5.0 450.0                            LAT/LON1/LON2/DLON/H
  310  323  330  338  341  345  348  346  344  338  331  324  316  309  301  293
  284  274  265  256  248  240  232  222  213  203  193  182  170  157  146  138
  133  130  126  120  114  113  115  120  124  125  122  116  109  101   94   89
   84   81   79   80   85   95  109  126  145  164  184  203  222  240  256  270
  281  290  298  298  302  307  319  338  310                                   
    17.5-180.0 180.0   5.0 450.0                            LAT/LON1/LON2/DLON/H
  318  329  336  346  352  360  368  372  373  370  365  358  351  343  334  323
  311  298  286  276  266  256  245  233  218  203  188  174  160  147  136  128
  124  120  116  110  106  105  108  112  115  114  110  103   96   89   83   78
   75   73   72   73   77   87  101  119  139  160  181  203  225  246  265  282
  295  306  315  316  318  322  335  354  318                                   
    15.0-180.0 180.0   5.0 450.0                            LAT/LON1/LON2/DLON/H
  326  333  340  350  358  368  380  389  395  395  394  390  384  377  367  355
  341  326  312  300  288  275  261  243  222  201  181  163  149  136  126  120
  116  113  109  105  102  102  105  108  108  106  101   94   87   81   76   72
   69   68   67   68   72   80   95  114  135  157  180  203  228  252  275  295
  310  323  333  335  337  338  351  369  326                                   
    12.5-180.0 180.0   5.0 450.0                            LAT/LON1/LON2/DLON/H
  334  339  343  353  360  371  385  396  406  410  413  413  411  406  397  385
  370  355  340  326  311  294  275  251  224  197  172  152  138  127  120  115
  113  111  108  105  104  105  107  108  106  102   96   90   85   79   74   70
   66   64   63   64   68   76   91  110  132  155  178  204  231  258  284  307
  325  339  351  354  355  354  367  384  334                                   
    10.0-180.0 180.0   5.0 450.0                            LAT/LON1/LON2/DLON/H
  345  348  350  356  362  371  384  396  407  414  420  424  426  425  418  408
  394  380  366  350  332  310  284  254  222  191  164  143  130  123  118  115
  114  113  112  111  111  113  114  113  109  102   96   91   87   82   77   71
   66   63   62   62   65   73   88  107  130  153  178  204  233  263  291  316
  335  352  364  369  371  369  382  399  345                                   
     7.5-180.0 180.0   5.0 450.0                            LAT/LON1/LON2/DLON/H
  358  360  360  363  367  373  383  392  401  408  415  422  428  430  427  419
  408  396  383  366  344  317  285  251  216  184  157  139  128  123  121  120
