data/edconvlstm_nd/pred2370.15i
     1.0            IONOSPHERE MAPS     GNSS                IONEX VERSION / TYPE
pyspatialgeodesy        IME             05-JAN-18 20:20     PGM / RUN BY / DATE 
Map Name                                                    COMMENT             
Predicted global ionosphere maps (GIM).                     DESCRIPTION         
  2015     8    25     0     0     0                        EPOCH OF FIRST MAP  
  2015     8    26     0     0     0                        EPOCH OF LAST MAP   
  7200                                                      INTERVAL            
    13                                                      # OF MAPS IN FILE   
  NONE                                                      MAPPING FUNCTION    
10.0                                                        ELEVATION CUTOFF    
One-way carrier phase leveled to code                       OBSERVABLES USED    
  6371.0                                                    BASE RADIUS         
 2                                                          MAP DIMENSION       
   450.0 450.0   0.0                                        HGT1 / HGT2 / DHGT  
    87.5 -87.5  -2.5                                        LAT1 / LAT2 / DLAT  
  -180.0 180.0   5.0                                        LON1 / LON2 / DLON  
    -1                                                      EXPONENT            
                                                            END OF HEADER       
[from data line 3432]
     9                                                      START OF TEC MAP    
  2015     8    25    16     0     0                        EPOCH OF CURRENT MAP
    87.5-180.0 180.0   5.0 450.0                            LAT/LON1/LON2/DLON/H
  114  118  114  119  122  121  121  118  119  121  120  121  121  122  122  122
  123  123  124  124  124  124  124  123  123  122  122  121  120  119  118  117
  116  115  114  113  112  112  111  110  110  109  109  109  109  109  109  110
  110  111  111  112  112  113  113  114  114  115  115  116  116  116  117  117
  117  118  116  114  122  118  129  123  114                                   
    85.0-180.0 180.0   5.0 450.0                            LAT/LON1/LON2/DLON/H
  117  117  127  116  115  120  119  121  121  123  123  124  124  125  126  127
  128  128  129  129  129  129  129  129  128  127  127  126  125  123  122  120
  119  117  116  114  113  112  111  110  109  109  108  108  108  108  109  109
  110  111  111  112  113  113  114  115  116  116  117  117  118  118  118  118
  120  119  116  112  114  112  118  118  117                                   
    82.5-180.0 180.0   5.0 450.0                            LAT/LON1/LON2/DLON/H
  103  107  110  105  106  110  112  113  113  115  116  117  118  120  121  122
  124  125  126  127  128  128  128  128  128  127  127  125  124  122  120  118
  116  114  112  110  108  107  105  104  103  102  102  101  102  102  102  103
  104  105  106  106  107  108  108  109  110  110  110  111  111  111  111  111
  112  111  108  107  108  115  108  104  103                                   
    80.0-180.0 180.0   5.0 450.0                            LAT/LON1/LON2/DLON/H
   93   94  100   98   97   97  101  104  106  108  109  112  114  116  118  120
  122  124  125  127  128  129  129  129  129  128  127  125  123  121  118  116
  113  110  107  104  102   99   97   96   94   93   93   92   93   93   94   94
   95   96   97   98   99   99  100  100  101  101  101  101  102  102  102  102
  103  102  101  101   97  100   99   99   93                                   
    77.5-180.0 180.0   5.0 450.0                            LAT/LON1/LON2/DLON/H
   93   89   91   91   92   94   96  100  102  104  105  108  111  113  116  119
  121  124  127  129  131  132  133  133  133  132  131  129  127  124  121  118
  115  111  108  105  101   99   96   94   92   91   90   90   90   90   91   92
   93   93   94   94   94   94   94   94   94   94   93   93   93   93   93   93
   94   93   93   93   93   90   91   93   93                                   
    75.0-180.0 180.0   5.0 450.0                            LAT/LON1/LON2/DLON/H
   84   83   82   84   86   89   92   95   98  101  103  106  109  112  115  118
  121  124  127  130  132  134  135  136  136  135  134  132  129  126  124  120
  117  114  110  107  103  100   97   95   93   92   91   90   90   90   91   91
   92   92   92   91   91   90   89   88   87   86   85   85   85   85   85   85
   86   86   86   84   85   83   83   77   84                                   
    72.5-180.0 180.0   5.0 450.0                            LAT/LON1/LON2/DLON/H
   76   75   75   80   81   85   89   93   95   98  100  103  105  108  111  114
  118  121  125  128  131  133  135  135  135  134  132  130  127  125  122  119
  116  113  110  107  103  100   98   95   93   91   90   90   89   89   89   89
   89   89   88   86   84   82   80   78   76   75   74   73   73   72   73   73
   74   74   74   72   73   73   75   74   76                                   
    70.0-180.0 180.0   5.0 450.0                            LAT/LON1/LON2/DLON/H
   70   69   69   74   76   80   83   88   91   95   97  100  102  105  107  110
  113  117  120  124  127  129  130  131  130  129  127  125  123  121  119  117
  115  112  110  107  104  102   99   96   94   93   91   91   90   90   89   89
   88   86   84   82   79   75   72   69   66   64   63   62   62   62   62   63
   63   63   65   64   65   66   70   70   70                                   
    67.5-180.0 180.0   5.0 450.0                            LAT/LON1/LON2/DLON/H
   64   65   66   72   75   79   84   89   92   96   98  101  104  106  108  110
  113  116  119  122  125  127  128  128  127  125  122  120  118  116  115  114
  113  112  110  108  106  104  101   99   97   96   95   94   93   93   92   91
   89   87   84   80   76   72   68   64   61   59   57   56   56   56   56   57
   57   57   58   56   57   59   62   62   64                                   
    65.0-180.0 180.0   5.0 450.0                            LAT/LON1/LON2/DLON/H
   59   62   63   68   72   76   81   86   91   95   98  101  103  105  107  109
  111  113  116  118  121  123  123  123  121  118  116  113  111  111  111  111
  111  111  110  109  107  105  104  102  101  100   99   98   98   97   96   94
   92   89   85   80   74   69   64   60   57   54   53   52   51   51   51   52
   52   52   53   52   53   56   60   60   59                                   
    62.5-180.0 180.0   5.0 450.0                            LAT/LON1/LON2/DLON/H
   55   59   60   66   69   74   80   85   89   94   97  101  104  107  108  110
  111  113  114  116  118  120  120  119  116  113  110  108  106  106  107  109
  110  110  110  109  108  107  106  105  105  105  104  104  103  102  101   99
   96   92   87   81   75   69   64   60   56   54   52   51   51   50   50   50
   50   49   50   48   50   52   56   56   55                                   
    60.0-180.0 180.0   5.0 450.0                            LAT/LON1/LON2/DLON/H
   53   56   58   63   66   71   76   81   86   91   95  100  104  107  109  111
  111  112  113  114  115  116  116  114  112  109  106  103  103  104  106  108
  110  111  111  110  110  109  109  109  110  111  111  110  110  108  107  104
  101   96   91   84   78   72   66   62   59   56   55   53   52   51   50   50
   49   48   48   46   48   50   54   54   53                                   
    57.5-180.0 180.0   5.0 450.0                            LAT/LON1/LON2/DLON/H
   52   56   57   62   65   70   75   79   84   88   93   99  104  109  112  113
  113  113  113  113  113  114  114  113  110  107  105  103  103  105  108  111
  113  114  114  114  114  114  115  116  118  119  120  120  119  117  115  112
  108  103   98   91   84   78   73   68   65   63   61   59   57   55   53   52
   51   49   49   47   49   51   55   54   52                                   
    55.0-180.0 180.0   5.0 450.0                            LAT/LON1/LON2/DLON/H
   54   56   57   62   65   69   74   78   82   87   92   98  104  110  114  116
  116  114  113  112  112  112  112  112  110  108  106  106  107  109  113  116
  118  120  120  119  119  120  122  125  127  129  129  129  128  126  124  121
  117  112  106   99   92   86   81   77   74   71   69   66   63   60   57   55
   53   52   51   50   51   53   57   56   54                                   
    52.5-180.0 180.0   5.0 450.0                            LAT/LON1/LON2/DLON/H
   56   59   60   64   66   71   76   79   83   87   92   99  106  112  117  119
  119  116  113  111  111  111  112  112  112  111  110  111  112  116  120  123
  125  126  126  126  127  129  132  135  137  139  140  139  138  135  133  129
  125  120  115  108  102   96   91   87   84   81   78   74   70   66   62   60
   58   56   56   54   55   57   61   60   56                                   
    50.0-180.0 180.0   5.0 450.0                            LAT/LON1/LON2/DLON/H
   60   62   63   68   70   76   80   84   87   91   96  102  110  117  122  124
  123  119  115  112  111  112  113  115  116  116  117  117  120  123  127  131
  133  134  135  135  137  139  143  146  149  150  150  149  147  144  142  138
  134  130  124  118  112  107  103   99   95   91   87   82   77   72   68   65
   63   62   62   60   61   63   67   65   60                                   
    47.5-180.0 180.0   5.0 450.0                            LAT/LON1/LON2/DLON/H
   65   67   68   73   75   82   88   92   96  100  104  111  118  124  129  130
  129  124  120  116  114  115  117  120  122  124  124  126  128  132  135  139
  141  143  144  145  148  151  155  159  161  161  160  159  156  154  151  147
  143  139  134  128  123  118  114  110  106  102   96   90   84   79   75   72
   70   69   69   67   68   69   74   72   65                                   
    45.0-180.0 180.0   5.0 450.0                            LAT/LON1/LON2/DLON/H
   69   72   72   78   81   89   96  103  107  112  117  123  130  136  139  140
  137  133  127  123  121  122  125  128  131  133  134  135  137  140  143  147
  150  152  154  157  161  165  170  173  174  173  171  169  166  164  160  157
  153  148  143  137  132  128  124  120  116  111  105   99   92   87   83   80
   79   78   78   75   76   77   81   78   69                                   
    42.5-180.0 180.0   5.0 450.0                            LAT/LON1/LON2/DLON/H
   73   77   76   83   87   96  104  113  120  126  132  139  145  150  153  152
  149  144  138  133  131  132  135  138  141  143  144  144  145  148  151  155
  159  162  166  171  176  181  185  188  188  187  184  181  179  176  172  168
  163  157  151  145  140  136  132  128  124  119  113  107  101   95   92   90
   88   87   87   84   83   83   87   83   73                                   
    40.0-180.0 180.0   5.0 450.0                            LAT/LON1/LON2/DLON/H
   77   80   78   86   91  100  111  122  131  140  147  155  161  166  168  166
  162  157  151  147  145  145  147  150  153  154  154  154  155  157  160  164
  169  175  180  186  192  198  203  205  205  203  200  197  194  190  185  180
  173  165  158  152  146  142  138  134  130  126  120  114  109  104  101  100
   98   97   96   92   90   89   91   87   77                                   
    37.5-180.0 180.0   5.0 450.0                            LAT/LON1/LON2/DLON/H
   80   82   80   87   93  102  114  127  138  150  160  169  176  181  182  180
  176  171  166  163  160  160  161  163  164  165  165  165  165  167  171  177
  183  190  197  204  211  218  222  224  223  221  218  215  212  207  201  193
  183  173  164  156  149  144  141  137  134  130  125  121  116  113  111  110
  108  106  104  100   96   94   94   89   80                                   
    35.0-180.0 180.0   5.0 450.0                            LAT/LON1/LON2/DLON/H
   83   84   81   87   93  102  114  128  142  156  168  179  188  193  194  192
  189  185  181  178  176  175  175  175  176  176  176  176  177  180  185  192
  201  209  217  225  232  238  242  244  243  241  239  236  233  227  218  206
  193  179  167  157  149  143  140  137  134  130  127  124  122  120  119  118
  117  114  112  106  101   98   96   90   83                                   
    32.5-180.0 180.0   5.0 450.0                            LAT/LON1/LON2/DLON/H
   87   86   83   87   92  100  112  126  141  157  171  185  195  201  204  203
  200  197  195  193  191  189  187  186  186  187  188  189  192  196  203  213
  223  232  240  247  254  259  263  265  265  263  262  259  254  246  234  218
  201  184  168  155  146  140  136  133  131  129  127  126  126  126  126  125
  123  121  118  112  106  101   99   92   87                                   
    30.0-180.0 180.0   5.0 450.0                            LAT/LON1/LON2/DLON/H
   93   90   86   88   92   99  110  123  138  155  171  186  198  206  210  210
  209  208  207  206  204  201  199  197  196  198  200  204  209  216  226  237
  248  258  265  271  276  280  283  285  286  285  284  281  275  265  249  229
  207  186  167  152  141  134  130  128  126  125  124  125  127  128  130  130
  128  126  123  117  111  105  103   94   93                                   
    27.5-180.0 180.0   5.0 450.0                            LAT/LON1/LON2/DLON/H
   99   95   90   90   93  101  109  121  135  151  168  184  198  208  214  216
  216  217  217  218  216  213  209  207  207  210  215  222  230  240  251  264
  276  285  291  294  297  300  303  305  306  306  305  302  294  281  261  237
  212  187  166  148  136  129  126  124  123  122  121  123  126  130  132  133
  132  130  127  121  116  110  108   99   99                                   
    25.0-180.0 180.0   5.0 450.0                            LAT/LON1/LON2/DLON/H
  105  100   95   95   97  104  112  121  135  149  165  181  196  208  216  220
  223  225  227  228  227  224  221  219  220  225  233  243  254  266  279  292
  304  311  315  316  317  319  322  324  325  325  324  320  310  294  271  244
  216  189  166  148  135  128  125  124  123  121  121  123  126  131  134  135
  134  133  131  126  122  116  115  107  105                                   
    22.5-180.0 180.0   5.0 450.0                            LAT/LON1/LON2/DLON/H
  111  107  100  101  102  110  117  125  137  150  164  179  195  208  218  224
  229  233  237  240  240  237  234  233  236  243  254  267  280  294  307  320
  330  336  338  337  337  338  340  342  343  343  341  335  323  304  278  249
  220  193  170  152  139  132  130  129  128  125  124  125  128  132  136  137
  136  136  134  130  128  123  122  115  111                                   
    20.0-180.0 180.0   5.0 450.0                            LAT/LON1/LON2/DLON/H
  115  113  105  107  109  117  124  132  142  153  165  179  194  209  220  229
  237  243  249  252  253  252  251  252  257  266  279  294  308  322  335  347
  355  358  358  356  355  356  359  361  361  359  355  347  334  313  286  256
  227  201  179  162  149  143  141  141  138  134  131  130  133  136  139  139
  139  139  138  135  134  129  128  123  115                                   
    17.5-180.0 180.0   5.0 450.0                            LAT/LON1/LON2/DLON/H
  117  117  108  111  114  123  131  139  149  159  168  181  196  211  224  236
  246  254  262  267  269  270  271  274  281  293  307  322  337  351  362  371
  376  377  376  373  373  375  378  380  379  375  369  359  343  321  294  264
  237  214  194  178  166  160  158  158  154  149  143  140  140  141  142  142
  141  141  140  138  137  133  132  128  117                                   
    15.0-180.0 180.0   5.0 450.0                            LAT/LON1/LON2/DLON/H
  116  118  109  113  115  125  136  145  155  164  173  184  198  214  229  243
  256  267  275  281  285  288  292  299  308  321  336  352  366  377  386  392
  394  394  392  390  391  394  398  399  396  390  381  369  353  330  304  276
  252  231  213  198  187  181  179  178  174  166  158  152  149  148  147  145
  142  141  140  138  138  135  133  130  116                                   
    12.5-180.0 180.0   5.0 450.0                            LAT/LON1/LON2/DLON/H
  113  115  106  110  113  123  135  147  159  169  177  188  201  217  234  250
  265  278  288  295  301  306  313  323  336  350  365  380  392  401  407  410
  410  408  406  406  409  413  417  417  412  403  392  379  362  340  315  290
  269  250  234  219  208  201  198  197  192  184  173  165  159  155  151  146
  141  139  138  136  136  133  130  128  113                                   
    10.0-180.0 180.0   5.0 450.0                            LAT/LON1/LON2/DLON/H
  107  109  100  103  106  116  130  143  158  170  180  191  204  221  238  256
  273  287  298  307  314  321  332  346  361  376  391  404  414  421  424  425
  423  421  420  420  424  429  433  431  424  413  401  387  370  349  326  303
  284  267  251  236  223  216  212  210  206  197  185  175  167  160  154  146
  139  136  134  132  131  128  125  123  107                                   
     7.5-180.0 180.0   5.0 450.0                            LAT/LON1/LON2/DLON/H
  101  103   94   96   97  106  120  135  153  168  180  193  207  224  242  261
  278  293  305  314  322  333  347  364  381  398  413  424  432  437  438  436
