data/edconvlstm_nd/pred1180.15i
     1.0            IONOSPHERE MAPS     GNSS                IONEX VERSION / TYPE
pyspatialgeodesy        IME             05-JAN-18 20:20     PGM / RUN BY / DATE 
Map Name                                                    COMMENT             
Predicted global ionosphere maps (GIM).                     DESCRIPTION         
  2015     4    28     0     0     0                        EPOCH OF FIRST MAP  
  2015     4    29     0     0     0                        EPOCH OF LAST MAP   
  7200                                                      INTERVAL            
    13                                                      # OF MAPS IN FILE   
  NONE                                                      MAPPING FUNCTION    
10.0                                                        ELEVATION CUTOFF    
One-way carrier phase leveled to code                       OBSERVABLES USED    
  6371.0                                                    BASE RADIUS         
 2                                                          MAP DIMENSION       
   450.0 450.0   0.0                                        HGT1 / HGT2 / DHGT  
    87.5 -87.5  -2.5                                        LAT1 / LAT2 / DLAT  
  -180.0 180.0   5.0                                        LON1 / LON2 / DLON  
    -1                                                      EXPONENT            
                                                            END OF HEADER       
[from data line 2145]
     6                                                      START OF TEC MAP    
  2015     4    28    10     0     0                        EPOCH OF CURRENT MAP
    87.5-180.0 180.0   5.0 450.0                            LAT/LON1/LON2/DLON/H
  210  198  191  195  200  204  206  208  213  217  220  224  227  230  233  236
  239  241  244  246  248  249  251  253  254  255  256  257  257  258  258  258
  257  256  255  253  251  248  245  241  238  234  229  225  221  216  212  207
  203  199  195  191  187  184  181  179  177  175  173  172  171  170  170  170
  170  172  171  171  175  177  182  203  210                                   
    85.0-180.0 180.0   5.0 450.0                            LAT/LON1/LON2/DLON/H
  186  181  188  190  194  201  206  211  217  222  226  231  235  239  243  246
  250  253  255  257  260  262  263  265  267  268  270  271  272  273  274  274
  274  273  272  270  268  265  261  257  253  247  242  236  230  225  219  213
  207  202  196  192  187  183  179  176  173  171  168  167  165  164  164  163
  164  165  162  164  163  160  169  186  186                                   
    82.5-180.0 180.0   5.0 450.0                            LAT/LON1/LON2/DLON/H
  159  170  172  175  180  190  196  203  211  217  224  230  236  241  245  249
  253  256  258  260  262  264  265  267  268  270  272  275  277  279  282  284
  285  286  286  285  284  281  278  273  268  262  255  248  240  232  225  217
  210  203  196  190  184  179  174  170  167  164  161  159  157  155  153  152
  151  150  146  148  148  150  156  153  159                                   
    80.0-180.0 180.0   5.0 450.0                            LAT/LON1/LON2/DLON/H
  149  157  159  164  169  177  185  194  203  211  218  225  231  236  241  245
  248  251  252  253  253  253  253  253  254  256  258  261  265  270  274  279
  283  286  289  290  290  289  286  283  278  272  265  257  250  241  233  225
  218  210  204  198  192  187  183  179  176  173  170  168  165  162  160  157
  155  152  145  144  141  138  146  141  149                                   
    77.5-180.0 180.0   5.0 450.0                            LAT/LON1/LON2/DLON/H
  150  153  154  159  162  170  178  186  195  203  210  217  224  229  234  237
  240  241  241  240  239  237  235  234  234  235  238  242  248  255  263  271
  279  286  292  297  300  302  301  299  296  291  285  278  271  263  256  249
  242  235  229  224  220  216  212  209  207  204  202  200  197  193  189  184
  178  172  162  157  153  145  146  146  150                                   
    75.0-180.0 180.0   5.0 450.0                            LAT/LON1/LON2/DLON/H
  153  153  150  154  156  163  170  177  187  194  201  207  213  218  222  225
  226  227  225  222  219  215  211  208  207  208  211  217  225  235  246  258
  269  280  290  299  305  309  312  312  310  307  302  297  291  285  279  274
  268  264  259  256  253  250  248  246  245  243  242  240  236  232  227  220
  212  203  189  177  167  157  157  154  153                                   
    72.5-180.0 180.0   5.0 450.0                            LAT/LON1/LON2/DLON/H
  158  155  149  152  151  156  163  169  177  183  189  194  199  203  207  209
  210  210  207  204  199  193  188  184  182  183  187  195  205  217  231  246
  261  275  288  299  308  315  320  322  322  320  317  314  310  306  302  299
  296  293  290  288  286  284  283  282  280  279  278  276  273  268  262  255
  244  233  217  202  186  172  171  168  158                                   
    70.0-180.0 180.0   5.0 450.0                            LAT/LON1/LON2/DLON/H
  163  155  149  149  146  149  154  159  165  170  174  179  182  186  188  190
  191  191  189  185  180  174  168  164  162  164  170  179  191  205  221  238
  255  271  285  298  308  317  322  326  327  327  326  324  322  320  318  317
  315  314  312  310  308  306  304  302  300  299  297  295  293  288  282  275
  264  252  235  219  201  186  185  181  163                                   
    67.5-180.0 180.0   5.0 450.0                            LAT/LON1/LON2/DLON/H
  164  156  148  146  142  142  145  148  153  156  160  163  166  169  171  173
  175  175  174  171  166  161  156  153  153  156  163  173  187  203  220  237
  255  271  285  298  309  318  324  329  331  332  332  331  331  330  330  329
  329  327  325  322  319  315  311  307  303  300  298  295  293  289  284  277
  268  257  242  226  209  194  191  187  164                                   
    65.0-180.0 180.0   5.0 450.0                            LAT/LON1/LON2/DLON/H
  164  155  146  142  136  133  134  135  139  142  144  147  149  151  153  156
  158  159  159  158  155  151  148  147  148  154  163  175  190  207  224  241
  258  273  287  299  310  318  325  330  333  335  335  336  336  336  336  336
  334  332  329  324  318  312  305  298  293  288  284  281  278  275  271  266
  258  250  238  225  211  199  196  190  164                                   
    62.5-180.0 180.0   5.0 450.0                            LAT/LON1/LON2/DLON/H
  163  156  146  138  129  124  122  121  124  126  129  132  133  135  137  139
  142  144  146  146  145  143  142  143  148  156  167  181  197  214  231  247
  262  277  290  301  311  320  326  332  335  338  339  340  340  340  340  339
  336  333  327  320  312  304  295  286  279  272  268  264  261  257  254  250
  245  239  229  219  209  200  196  190  163                                   
    60.0-180.0 180.0   5.0 450.0                            LAT/LON1/LON2/DLON/H
  166  158  147  135  124  114  110  108  109  111  114  116  118  119  120  122
  125  128  131  132  133  133  135  139  147  157  171  186  203  220  236  252
  266  280  292  304  314  322  329  335  340  343  345  346  346  346  345  342
  338  333  326  318  308  298  289  279  271  264  258  254  250  246  243  240
  235  231  224  216  209  202  198  189  166                                   
    57.5-180.0 180.0   5.0 450.0                            LAT/LON1/LON2/DLON/H
  174  166  155  137  123  110  102   97   97   98  101  103  104  105  106  107
  110  113  116  119  121  123  127  134  144  157  173  189  206  222  238  254
  268  282  295  307  318  327  335  342  347  351  353  355  355  355  353  349
  344  337  329  320  311  302  292  284  276  269  263  258  253  249  245  241
  237  233  227  221  214  208  204  193  174                                   
    55.0-180.0 180.0   5.0 450.0                            LAT/LON1/LON2/DLON/H
  189  180  168  147  129  112  101   93   90   90   92   93   94   94   94   95
   98  101  104  107  110  114  120  129  141  156  172  189  205  221  237  253
  268  284  298  312  324  334  343  351  357  361  365  367  368  367  364  360
  354  347  339  331  323  315  307  301  294  288  282  277  271  266  261  256
  251  247  240  233  227  221  215  204  189                                   
    52.5-180.0 180.0   5.0 450.0                            LAT/LON1/LON2/DLON/H
  210  199  188  165  144  124  110   97   91   89   89   89   89   88   88   89
   91   94   98  100  103  108  115  126  140  156  172  187  202  217  233  250
  268  285  302  317  331  343  353  362  369  374  378  381  382  382  379  374
  368  361  354  347  341  335  330  326  321  316  311  305  299  292  286  281
  274  269  260  252  244  236  229  218  210                                   
    50.0-180.0 180.0   5.0 450.0                            LAT/LON1/LON2/DLON/H
  230  219  208  188  166  145  128  111  101   95   93   92   90   88   87   88
   91   94   98  101  103  108  116  128  143  158  174  187  201  215  230  248
  267  287  307  325  340  354  365  374  382  387  392  396  397  397  395  391
  385  379  373  367  363  359  356  352  349  345  340  334  327  320  313  306
  299  292  281  270  260  250  242  233  230                                   
    47.5-180.0 180.0   5.0 450.0                            LAT/LON1/LON2/DLON/H
  243  234  225  210  191  172  152  133  119  110  104  101   97   94   93   94
   97  101  105  107  110  115  123  136  150  166  179  191  202  215  229  247
  268  290  312  332  350  365  377  387  394  400  405  409  411  411  410  406
  401  396  391  387  383  379  376  373  369  365  359  353  345  337  330  323
  315  307  295  281  268  256  248  241  243                                   
    45.0-180.0 180.0   5.0 450.0                            LAT/LON1/LON2/DLON/H
  244  237  232  226  213  197  178  158  141  129  121  115  110  106  104  105
  108  113  116  119  122  126  135  147  162  177  189  199  208  218  232  249
  270  294  317  340  360  377  390  400  407  413  417  421  423  424  423  420
  417  413  408  403  399  393  388  382  376  370  364  356  348  339  332  325
  318  309  296  280  265  250  242  238  244                                   
    42.5-180.0 180.0   5.0 450.0                            LAT/LON1/LON2/DLON/H
  230  227  227  229  224  214  199  181  164  150  140  132  125  121  118  119
  123  127  130  132  134  139  147  160  175  189  200  208  215  224  236  253
  274  298  322  347  369  388  403  414  422  427  431  434  436  437  436  435
  432  429  424  419  412  403  394  384  376  367  358  349  339  330  322  316
  309  300  286  268  251  235  227  224  230                                   
    40.0-180.0 180.0   5.0 450.0                            LAT/LON1/LON2/DLON/H
  206  205  209  217  221  217  209  195  180  167  157  149  142  136  134  134
  137  140  143  144  145  149  157  170  184  199  210  217  223  231  242  257
  277  301  327  354  379  401  418  431  439  445  449  451  453  454  454  453
  451  449  444  438  428  417  404  391  379  368  358  346  334  323  314  307
  300  291  275  255  236  216  208  203  206                                   
    37.5-180.0 180.0   5.0 450.0                            LAT/LON1/LON2/DLON/H
  181  181  185  194  204  205  204  198  188  179  171  164  157  151  148  147
  149  150  152  152  152  155  163  175  190  204  215  223  230  237  247  261
  281  305  332  361  390  415  436  451  461  468  473  476  478  479  479  479
  478  476  473  466  456  443  428  414  401  390  377  364  348  333  322  313
  304  294  276  252  230  206  195  186  181                                   
    35.0-180.0 180.0   5.0 450.0                            LAT/LON1/LON2/DLON/H
  166  162  164  170  180  184  189  189  187  183  179  174  169  163  159  157
  157  156  156  155  155  157  164  175  189  204  216  226  233  241  251  266
  285  309  339  371  403  432  456  474  487  497  503  508  511  513  514  515
  516  516  515  510  502  490  477  464  453  442  429  412  393  373  357  344
  333  320  299  271  245  216  200  183  166                                   
    32.5-180.0 180.0   5.0 450.0                            LAT/LON1/LON2/DLON/H
  169  159  155  154  160  164  171  176  179  182  182  181  177  172  168  164
  161  159  157  155  154  156  162  172  185  200  213  225  235  245  256  271
  290  316  348  383  418  450  477  499  515  528  539  547  553  557  560  563
  567  571  573  573  570  563  555  547  540  530  517  497  472  445  423  405
  389  373  350  317  287  252  227  202  169                                   
    30.0-180.0 180.0   5.0 450.0                            LAT/LON1/LON2/DLON/H
  195  177  163  153  152  152  159  166  173  179  183  185  183  178  174  169
  164  160  156  154  153  155  159  168  180  194  209  223  236  248  261  277
  299  327  361  398  434  468  497  521  541  559  574  587  598  606  613  620
  627  636  644  651  656  658  659  659  658  652  637  613  581  546  515  491
  470  450  423  385  352  311  277  246  195                                   
    27.5-180.0 180.0   5.0 450.0                            LAT/LON1/LON2/DLON/H
  245  217  193  173  162  158  161  166  173  181  186  188  187  183  178  172
  166  160  156  154  154  155  158  165  176  189  205  221  236  251  267  286
  310  340  375  413  450  483  512  538  560  582  603  622  639  654  666  678
  690  704  719  734  748  760  772  783  790  788  773  745  705  661  622  589
  562  539  508  466  429  386  342  309  245                                   
    25.0-180.0 180.0   5.0 450.0                            LAT/LON1/LON2/DLON/H
  314  278  245  214  193  183  179  180  184  190  193  194  192  188  183  176
  169  163  159  157  157  157  160  165  174  187  203  220  238  256  275  296
  323  355  391  428  462  493  520  545  570  595  621  647  671  692  710  727
  744  763  783  804  825  846  867  886  900  903  890  860  815  766  720  679
  646  620  588  544  503  459  414  382  314                                   
    22.5-180.0 180.0   5.0 450.0                            LAT/LON1/LON2/DLON/H
  386  351  312  276  243  226  214  208  206  206  206  203  200  195  189  182
  174  168  163  162  161  161  163  167  175  187  203  222  242  262  284  309
  339  372  406  440  470  497  521  545  570  598  628  659  689  716  739  760
  781  802  824  847  871  894  919  941  958  964  952  922  878  827  779  734
  698  671  641  598  557  516  477  453  386                                   
    20.0-180.0 180.0   5.0 450.0                            LAT/LON1/LON2/DLON/H
  443  417  382  349  307  284  263  247  236  229  223  216  210  204  197  189
  181  174  170  167  166  165  166  169  176  188  205  225  248  271  296  324
  355  387  419  449  475  497  518  540  565  594  626  659  692  722  749  773
  794  815  836  856  877  897  919  938  953  957  945  916  874  825  777  733
  697  674  651  612  577  543  518  505  443                                   
    17.5-180.0 180.0   5.0 450.0                            LAT/LON1/LON2/DLON/H
  473  459  438  414  371  345  317  292  272  256  243  232  223  215  207  199
  190  182  176  172  169  167  166  169  177  190  208  230  255  282  310  339
  370  400  429  455  477  497  516  536  559  587  618  651  684  715  742  765
  785  803  818  832  846  859  873  886  894  893  879  852  812  766  721  678
  644  624  611  581  558  533  526  526  473                                   
    15.0-180.0 180.0   5.0 450.0                            LAT/LON1/LON2/DLON/H
  474  470  465  453  417  392  362  333  306  284  264  249  237  227  218  209
  199  189  181  174  168  164  163  167  176  190  210  235  262  291  321  352
  382  411  437  460  480  499  517  536  558  582  610  639  669  697  721  742
  758  771  780  786  791  796  801  805  805  798  783  757  723  681  639  596
  561  543  536  517  507  494  503  513  474                                   
    12.5-180.0 180.0   5.0 450.0                            LAT/LON1/LON2/DLON/H
  454  456  464  460  434  412  385  357  329  304  283  265  251  240  229  218
  206  194  183  173  164  158  157  161  171  187  209  236  267  298  329  360
  390  418  443  465  486  506  525  545  565  585  607  630  653  676  696  712
  724  731  734  735  733  731  729  726  719  708  691  669  640  604  564  520
  482  460  455  445  446  443  461  475  454                                   
    10.0-180.0 180.0   5.0 450.0                            LAT/LON1/LON2/DLON/H
  422  429  442  441  425  408  384  359  334  311  292  276  262  249  237  224
  210  197  183  170  158  150  148  152  163  180  205  235  269  302  334  366
  396  423  448  470  493  515  538  559  579  596  612  628  644  660  675  687
  695  699  699  697  693  689  683  676  665  651  634  615  591  560  521  474
  430  404  395  389  396  398  419  430  422                                   
     7.5-180.0 180.0   5.0 450.0                            LAT/LON1/LON2/DLON/H
  392  402  412  407  399  384  364  343  322  305  289  277  265  253  240  226
  211  195  179  164  149  140  136  140  152  172  201  234  269  303  336  367
