data/edconvlstm_nd/pred3530.15i
     1.0            IONOSPHERE MAPS     GNSS                IONEX VERSION / TYPE
pyspatialgeodesy        IME             05-JAN-18 20:20     PGM / RUN BY / DATE 
Map Name                                                    COMMENT             
Predicted global ionosphere maps (GIM).                     DESCRIPTION         
  2015    12    19     0     0     0                        EPOCH OF FIRST MAP  
  2015    12    20     0     0     0                        EPOCH OF LAST MAP   
  7200                                                      INTERVAL            
    13                                                      # OF MAPS IN FILE   
  NONE                                                      MAPPING FUNCTION    
10.0                                                        ELEVATION CUTOFF    
One-way carrier phase leveled to code                       OBSERVABLES USED    
  6371.0                                                    BASE RADIUS         
 2                                                          MAP DIMENSION       
   450.0 450.0   0.0                                        HGT1 / HGT2 / DHGT  
    87.5 -87.5  -2.5                                        LAT1 / LAT2 / DLAT  
  -180.0 180.0   5.0                                        LON1 / LON2 / DLON  
    -1                                                      EXPONENT            
                                                            END OF HEADER       
     1                                                      START OF TEC MAP    
  2015    12    19     0     0     0                        EPOCH OF CURRENT MAP
    87.5-180.0 180.0   5.0 450.0                            LAT/LON1/LON2/DLON/H
   75   68   48   38   34   44   40   37   38   38   39   39   40   40   41   41
   41   42   42   42   42   42   42   42   42   42   41   41   41   40   40   40
   40   40   40   40   40   40   40   40   41   41   41   42   42   42   43   43
   43   43   43   43   43   43   43   43   42   42   42   41   41   40   40   39
   39   38   37   37   26   50   50   48   75                                   
    85.0-180.0 180.0   5.0 450.0                            LAT/LON1/LON2/DLON/H
   58   64   43   41   41   53   49   47   48   48   49   50   50   51   51   52
   52   52   51   51   51   50   50   49   48   48   47   46   45   44   44   43
   43   43   43   43   43   44   45   46   47   48   49   50   51   51   52   53
   53   53   53   53   53   53   52   52   51   50   50   49   48   48   47   46
   45   44   45   49   53   59   70   56   58                                   
    82.5-180.0 180.0   5.0 450.0                            LAT/LON1/LON2/DLON/H
   42   31   38   33   33   45   41   38   42   42   44   46   47   48   48   48
   47   46   45   44   43   41   39   37   35   33   31   29   28   27   26   25
   25   25   26   27   28   29   31   33   35   37   39   41   42   43   44   45
   45   45   44   44   43   42   41   40   38   37   36   35   34   33   32   32
   30   30   29   30   37   36   50   52   42                                   
    80.0-180.0 180.0   5.0 450.0                            LAT/LON1/LON2/DLON/H
   47   39   44   35   40   45   43   41   46   47   49   51   53   53   53   53
   52   51   49   47   45   43   41   38   36   34   31   29   28   26   25   24
   24   24   25   26   28   30   32   34   36   39   41   43   44   45   46   46
   46   45   45   44   42   41   40   39   37   36   35   34   33   33   32   32
   31   30   30   30   44   38   52   69   47                                   
    77.5-180.0 180.0   5.0 450.0                            LAT/LON1/LON2/DLON/H
   53   50   43   40   43   47   44   46   51   52   56   59   60   61   61   60
   59   57   55   53   50   48   45   42   39   37   34   31   29   27   26   25
   25   25   26   27   29   31   33   36   38   41   43   45   46   47   48   48
   47   46   45   44   42   40   39   37   36   35   34   33   32   32   31   31
   30   31   32   33   37   41   49   68   53                                   
    75.0-180.0 180.0   5.0 450.0                            LAT/LON1/LON2/DLON/H
   61   52   56   53   52   58   56   57   64   65   67   69   70   69   67   65
   62   59   56   53   50   48   46   44   41   39   37   34   32   31   30   29
   28   28   29   30   32   34   36   39   41   43   45   47   47   48   48   47
   46   45   43   42   40   39   37   36   35   34   33   32   32   32   33   33
   32   34   36   35   39   52   59   71   61                                   
    72.5-180.0 180.0   5.0 450.0                            LAT/LON1/LON2/DLON/H
   68   62   68   63   64   66   66   69   75   76   78   78   77   74   71   67
   62   58   55   52   50   48   47   46   45   44   42   41   39   37   36   35
   34   34   34   34   35   36   38   40   41   43   44   45   45   45   44   43
   42   41   40   38   37   36   35   34   33   32   32   31   31   32   33   34
   34   36   42   43   48   60   69   83   68                                   
    70.0-180.0 180.0   5.0 450.0                            LAT/LON1/LON2/DLON/H
   81   77   84   82   81   84   83   85   91   90   90   89   85   79   73   66
   60   54   50   47   46   45   46   46   47   47   46   45   44   43   41   40
   39   38   37   37   37   37   38   39   40   41   41   42   41   41   40   39
   38   37   37   36   36   36   36   35   35   34   34   33   33   34   36   37
   38   41   48   51   58   72   79   89   81                                   
    67.5-180.0 180.0   5.0 450.0                            LAT/LON1/LON2/DLON/H
   95   94  100   99   96   98   96   97  101   99   97   93   87   79   70   61
   52   45   40   38   38   39   40   42   43   44   44   44   43   42   41   39
   37   35   34   32   32   31   31   32   32   33   33   33   32   32   31   30
   30   29   30   31   32   33   33   34   34   33   33   33   33   34   36   39
   41   44   54   57   67   81   86   96   95                                   
    65.0-180.0 180.0   5.0 450.0                            LAT/LON1/LON2/DLON/H
  108  107  112  112  109  109  105  107  110  107  103   98   90   80   69   58
   48   40   35   33   33   34   35   37   39   39   40   39   39   38   36   34
   32   30   28   26   25   24   24   24   25   25   25   25   25   24   23   23
   22   23   24   26   29   31   33   34   35   35   35   35   36   37   40   43
   45   50   60   64   76   89   96  107  108                                   
    62.5-180.0 180.0   5.0 450.0                            LAT/LON1/LON2/DLON/H
  121  120  124  124  121  119  114  115  117  114  110  104   96   85   73   61
   50   42   36   33   32   32   33   34   34   34   34   33   33   32   30   29
   27   24   22   20   19   18   18   19   20   21   21   21   21   20   19   19
   19   19   21   24   28   32   35   38   39   40   40   41   42   44   47   51
   53   58   68   72   83   98  104  116  121                                   
    60.0-180.0 180.0   5.0 450.0                            LAT/LON1/LON2/DLON/H
  132  131  133  132  128  125  119  120  121  117  114  108  100   90   79   67
   57   48   42   37   35   33   32   31   29   28   27   26   25   24   23   22
   21   19   17   16   15   15   15   16   18   19   20   21   20   19   18   17
   16   17   19   23   27   32   37   40   43   45   45   46   48   51   55   59
   62   67   77   81   91  105  111  123  132                                   
    57.5-180.0 180.0   5.0 450.0                            LAT/LON1/LON2/DLON/H
  142  141  142  140  136  131  124  124  124  120  116  112  105   97   87   77
   67   58   51   45   40   36   32   28   25   22   20   19   19   19   18   18
   17   16   15   15   15   15   16   18   20   22   23   24   23   22   20   18
   17   17   19   23   28   33   39   43   47   49   50   51   54   57   63   68
   72   77   87   91  101  112  119  132  142                                   
    55.0-180.0 180.0   5.0 450.0                            LAT/LON1/LON2/DLON/H
  152  152  152  150  144  138  131  129  128  122  118  114  109  102   95   87
   79   69   61   52   45   39   33   28   23   19   17   16   16   17   17   17
   18   18   18   18   19   20   22   24   26   28   30   31   30   29   26   24
   22   21   22   25   30   35   41   46   49   51   53   55   58   64   70   78
   82   89   99  104  113  122  129  142  152                                   
    52.5-180.0 180.0   5.0 450.0                            LAT/LON1/LON2/DLON/H
  165  165  164  162  156  149  141  137  134  126  120  115  111  107  102   96
   89   79   69   59   50   42   35   29   24   20   18   18   18   19   20   21
   22   23   24   26   28   30   32   34   36   38   40   41   41   39   36   33
   30   28   28   30   33   38   44   49   52   53   55   57   62   69   77   86
   93  100  112  117  126  134  140  155  165                                   
    50.0-180.0 180.0   5.0 450.0                            LAT/LON1/LON2/DLON/H
  178  179  178  177  171  164  156  150  144  133  125  118  113  110  107  103
   96   86   74   63   53   44   38   32   28   25   24   24   25   26   27   28
   29   31   33   36   39   41   43   45   47   49   51   53   53   52   50   46
   42   39   38   38   41   45   50   53   55   56   58   60   66   74   84   95
  103  112  124  130  140  147  154  170  178                                   
    47.5-180.0 180.0   5.0 450.0                            LAT/LON1/LON2/DLON/H
  191  193  192  194  190  184  176  168  159  144  132  123  116  113  110  106
   98   88   76   64   55   48   42   39   36   34   34   34   35   36   36   36
   37   39   43   47   50   52   54   55   57   59   62   64   65   65   64   61
   57   54   51   51   52   55   59   61   62   62   63   65   70   79   90  102
  111  121  133  140  151  159  167  183  191                                   
    45.0-180.0 180.0   5.0 450.0                            LAT/LON1/LON2/DLON/H
  200  205  204  210  209  205  198  189  177  159  143  130  122  116  112  107
   99   87   75   65   57   52   50   48   47   47   46   46   46   45   43   42
   43   46   50   54   58   60   61   62   63   66   69   73   76   77   77   76
   73   70   68   66   67   69   71   72   72   71   71   72   77   85   96  108
  117  127  139  147  158  168  177  193  200                                   
    42.5-180.0 180.0   5.0 450.0                            LAT/LON1/LON2/DLON/H
  206  213  213  222  225  224  217  208  195  175  157  141  130  122  116  108
   98   87   75   67   62   61   61   61   61   60   58   57   54   51   48   46
   46   49   53   58   62   64   64   65   66   69   73   78   83   86   89   89
   88   87   84   83   83   84   85   86   85   83   81   82   86   93  103  113
  122  131  143  150  161  172  182  198  206                                   
    40.0-180.0 180.0   5.0 450.0                            LAT/LON1/LON2/DLON/H
  206  215  216  228  235  235  229  222  210  190  171  155  141  131  122  112
  101   89   79   74   72   74   75   76   74   71   67   63   58   53   48   46
   46   49   54   59   62   64   64   64   66   70   75   81   87   92   95   98
   99   99   98   96   96   97   98   98   97   94   92   92   95  101  110  119
  126  134  145  152  162  174  183  199  206                                   
    37.5-180.0 180.0   5.0 450.0                            LAT/LON1/LON2/DLON/H
  205  214  216  228  237  238  232  227  217  200  183  168  154  142  131  119
  107   96   88   86   88   91   92   90   84   77   70   64   58   52   48   45
   46   49   54   58   62   63   63   63   66   70   76   83   89   94   98  102
  104  105  105  104  104  104  105  106  106  104  102  102  105  111  118  126
  132  139  150  156  164  176  184  200  205                                   
    35.0-180.0 180.0   5.0 450.0                            LAT/LON1/LON2/DLON/H
  204  214  215  225  233  234  227  224  217  204  191  178  166  154  142  129
  117  107  103  104  108  111  109  101   90   78   69   62   56   52   49   49
   50   54   58   62   64   65   64   65   68   73   79   86   90   94   97  101
  104  106  106  105  104  105  106  108  109  109  109  110  114  121  129  137
  142  148  159  165  172  183  190  206  204                                   
    32.5-180.0 180.0   5.0 450.0                            LAT/LON1/LON2/DLON/H
  210  219  219  224  229  228  220  217  213  203  195  186  177  166  153  140
  129  122  121  124  128  127  119  106   90   76   67   62   59   57   57   59
   62   66   70   72   73   72   71   71   74   79   85   90   92   94   95   98
  100  101  101  100   98   99  101  104  107  110  113  117  123  132  142  152
  157  163  175  181  188  197  205  222  210                                   
    30.0-180.0 180.0   5.0 450.0                            LAT/LON1/LON2/DLON/H
  226  233  231  230  232  227  218  213  209  203  198  193  186  176  163  150
  140  135  136  139  140  135  121  104   87   75   69   67   68   70   73   77
   82   87   90   90   87   84   81   81   84   89   94   96   96   95   94   94
   95   96   94   92   90   90   92   96  102  108  115  122  132  144  158  170
  177  184  197  203  212  220  229  249  226                                   
    27.5-180.0 180.0   5.0 450.0                            LAT/LON1/LON2/DLON/H
  253  259  254  248  246  238  226  218  214  208  204  201  195  185  172  159
  150  145  145  145  141  131  115   98   85   78   78   81   86   92   98  106
  113  118  118  114  107  100   95   94   96  100  104  104  101   97   94   92
   92   91   89   86   82   81   83   89   98  108  118  129  143  159  176  191
  200  209  223  228  242  251  261  285  253                                   
    25.0-180.0 180.0   5.0 450.0                            LAT/LON1/LON2/DLON/H
  293  297  288  280  276  265  251  239  230  223  218  214  208  196  182  168
  157  149  145  139  131  118  104   93   87   89   96  105  114  123  132  141
  148  151  147  138  126  116  109  107  108  111  113  112  107  101   96   93
   92   90   87   83   79   77   79   86   97  110  124  139  156  175  196  213
  226  237  251  256  275  287  299  329  293                                   
    22.5-180.0 180.0   5.0 450.0                            LAT/LON1/LON2/DLON/H
  342  343  332  325  321  310  294  277  264  251  243  237  227  213  196  179
  163  150  138  126  114  103   95   93   98  109  124  137  148  158  166  175
  180  178  169  155  139  127  120  117  117  119  119  117  111  104   99   96
   94   92   89   84   79   77   79   87  101  117  135  153  172  194  216  237
  251  264  278  283  307  324  340  376  342                                   
    20.0-180.0 180.0   5.0 450.0                            LAT/LON1/LON2/DLON/H
  392  390  382  379  378  371  354  334  314  296  282  271  257  239  218  195
  172  151  131  113  100   93   94  103  119  139  159  173  183  189  193  197
  197  190  177  159  142  131  124  121  121  121  121  118  112  106  101   98
   97   95   93   89   84   81   84   93  108  128  148  168  190  213  237  258
  275  289  303  309  335  356  380  423  392                                   
    17.5-180.0 180.0   5.0 450.0                            LAT/LON1/LON2/DLON/H
  437  435  432  436  440  439  426  404  379  355  335  318  299  276  250  220
  189  158  131  110   97   96  106  125  151  176  196  206  209  208  205  202
  197  186  170  152  138  128  122  120  120  119  117  114  110  105  102  100
  100   99   97   94   90   89   92  102  119  140  162  185  207  231  255  277
  294  309  322  329  356  381  415  462  437                                   
    15.0-180.0 180.0   5.0 450.0                            LAT/LON1/LON2/DLON/H
  471  471  475  488  498  505  498  478  452  424  399  376  352  325  293  256
  217  178  145  122  112  116  134  162  192  216  229  230  223  212  202  193
  183  170  155  139  127  120  117  116  115  114  112  109  106  103  101  101
  102  102  102  100   98   97  101  113  131  153  176  199  222  246  270  291
  308  323  336  345  371  397  438  488  471                                   
    12.5-180.0 180.0   5.0 450.0                            LAT/LON1/LON2/DLON/H
  494  498  507  526  543  558  558  545  521  493  466  440  413  381  345  303
  257  212  175  152  145  155  179  210  237  253  254  242  223  203  187  173
  161  149  136  124  117  114  113  112  111  109  106  104  102  100  100  102
  104  105  106  105  105  106  111  124  143  165  187  210  232  256  279  301
  317  332  345  356  380  406  450  499  494                                   
    10.0-180.0 180.0   5.0 450.0                            LAT/LON1/LON2/DLON/H
  505  513  526  548  570  591  599  593  576  551  525  499  471  439  401  357
  307  259  221  199  197  212  239  266  282  283  268  242  214  188  168  153
  141  131  122  116  113  114  114  113  111  108  105  102  101  101  102  104
  107  109  111  111  111  114  121  134  153  174  195  216  238  262  285  307
  323  338  352  364  386  410  453  500  505                                   
     7.5-180.0 180.0   5.0 450.0                            LAT/LON1/LON2/DLON/H
  510  520  533  553  578  602  616  618  608  589  568  545  519  489  454  410
  362  316  280  263  265  282  305  320  319  301  271  236  203  175  154  141
