data/edconvlstm_nd/pred2650.15i
     1.0            IONOSPHERE MAPS     GNSS                IONEX VERSION / TYPE
pyspatialgeodesy        IME             05-JAN-18 20:20     PGM / RUN BY / DATE 
Map Name                                                    COMMENT             
Predicted global ionosphere maps (GIM).                     DESCRIPTION         
  2015     9    22     0     0     0                        EPOCH OF FIRST MAP  
  2015     9    23     0     0     0                        EPOCH OF LAST MAP   
  7200                                                      INTERVAL            
    13                                                      # OF MAPS IN FILE   
  NONE                                                      MAPPING FUNCTION    
10.0                                                        ELEVATION CUTOFF    
One-way carrier phase leveled to code                       OBSERVABLES USED    
  6371.0                                                    BASE RADIUS         
 2                                                          MAP DIMENSION       
   450.0 450.0   0.0                                        HGT1 / HGT2 / DHGT  
    87.5 -87.5  -2.5                                        LAT1 / LAT2 / DLAT  
  -180.0 180.0   5.0                                        LON1 / LON2 / DLON  
    -1                                                      EXPONENT            
                                                            END OF HEADER       
[from data line 4719]
    12                                                      START OF TEC MAP    
  2015     9    22    22     0     0                        EPOCH OF CURRENT MAP
    87.5-180.0 180.0   5.0 450.0                            LAT/LON1/LON2/DLON/H
  114  104   90   94   97   93   91   88   88   90   89   90   90   90   91   91
   91   91   90   90   89   88   87   86   84   83   82   80   79   78   76   75
   75   74   73   73   73   73   73   74   75   76   77   78   79   81   82   83
   85   86   87   89   90   91   92   92   93   93   94   94   94   93   93   92
   92   92   89   88   97   95  111  115  114                                   
    85.0-180.0 180.0   5.0 450.0                            LAT/LON1/LON2/DLON/H
  116  105  108   94   91   94   93   94   95   96   96   97   97   98   99   99
   99   99   98   97   96   95   93   91   89   88   85   83   81   80   78   77
   75   74   74   73   73   73   74   75   76   77   78   80   82   84   86   88
   90   92   93   95   97   98   99  100  101  102  102  102  102  102  101  100
  100   99   96   92   94   95   96   96  116                                   
    82.5-180.0 180.0   5.0 450.0                            LAT/LON1/LON2/DLON/H
   94   90   88   83   84   87   89   88   89   91   92   94   96   98   99  100
  101  101  100   99   98   96   94   91   88   85   82   79   76   74   71   69
   67   65   64   63   62   62   63   63   64   65   67   69   71   74   76   79
   81   84   86   88   90   92   94   95   96   96   97   97   96   96   95   94
   93   91   88   89   92  101   91   93   94                                   
    80.0-180.0 180.0   5.0 450.0                            LAT/LON1/LON2/DLON/H
   76   74   78   74   75   74   80   82   86   89   92   96   98  101  104  106
  107  107  106  105  103  100   96   92   88   84   79   75   70   66   63   59
   56   54   52   50   49   49   49   49   50   52   54   56   59   62   65   68
   71   75   77   80   83   85   87   89   90   91   92   92   92   91   90   89
   88   87   85   85   82   85   79   88   76                                   
    77.5-180.0 180.0   5.0 450.0                            LAT/LON1/LON2/DLON/H
   81   75   77   73   78   78   83   86   90   93   98  103  108  112  116  119
  121  122  122  120  118  114  110  105  100   95   89   83   78   73   68   64
   60   56   53   51   48   47   46   45   46   47   48   50   52   55   58   61
   64   67   69   72   75   77   79   81   82   83   84   84   85   84   84   83
   83   82   82   82   82   82   81   93   81                                   
    75.0-180.0 180.0   5.0 450.0                            LAT/LON1/LON2/DLON/H
   78   75   75   72   77   80   84   87   93   99  104  110  116  121  125  128
  131  131  131  130  127  123  118  113  107  101   95   89   83   78   72   68
   63   59   55   52   49   47   45   44   44   44   45   46   48   50   52   54
   56   58   61   63   65   67   69   71   73   75   76   78   79   80   81   82
   82   83   83   81   80   80   77   80   78                                   
    72.5-180.0 180.0   5.0 450.0                            LAT/LON1/LON2/DLON/H
   83   80   79   82   82   84   89   91   96  101  106  113  119  124  129  132
  134  136  135  134  131  127  122  117  110  104   98   91   85   80   75   70
   65   61   56   52   48   45   42   40   39   38   38   39   40   41   42   43
   44   45   46   47   49   50   52   55   57   60   62   65   67   69   72   73
   75   77   78   76   74   78   79   86   83                                   
    70.0-180.0 180.0   5.0 450.0                            LAT/LON1/LON2/DLON/H
   87   84   83   84   85   87   89   93   98  104  109  115  120  125  129  131
  133  134  134  132  130  126  122  116  110  103   97   91   85   80   76   71
   67   62   58   53   49   45   42   40   38   37   37   37   37   38   38   37
   37   36   36   35   36   37   39   42   45   49   53   57   61   65   69   72
   75   77   80   80   79   84   87   93   87                                   
    67.5-180.0 180.0   5.0 450.0                            LAT/LON1/LON2/DLON/H
   95   92   89   92   92   93   96   99  103  107  112  118  122  126  129  131
  132  133  133  133  131  127  123  117  110  104   97   91   86   81   77   72
   68   64   59   55   50   46   43   40   39   38   37   38   38   37   36   35
   33   31   29   28   28   29   31   34   38   43   48   54   59   64   69   73
   76   79   81   81   79   86   87   93   95                                   
    65.0-180.0 180.0   5.0 450.0                            LAT/LON1/LON2/DLON/H
   97   94   91   94   93   94   96   99  103  107  112  116  120  122  124  125
  127  128  129  129  127  124  120  114  107  100   94   88   83   78   74   70
   66   62   57   53   49   45   42   40   38   38   39   39   39   38   36   34
   30   27   24   22   21   21   23   27   31   37   44   50   57   63   69   74
   78   82   84   85   84   90   93   99   97                                   
    62.5-180.0 180.0   5.0 450.0                            LAT/LON1/LON2/DLON/H
  101   97   93   96   96   96   98  100  104  107  111  115  118  119  120  122
  123  125  127  128  127  124  119  113  106   99   92   86   80   76   71   67
   63   59   54   50   45   42   39   38   38   39   40   41   41   40   38   34
   30   26   22   19   18   18   21   24   29   35   43   50   58   65   71   76
   80   83   85   85   83   89   90   95  101                                   
    60.0-180.0 180.0   5.0 450.0                            LAT/LON1/LON2/DLON/H
  101   98   94   97   96   95   98   99  103  106  110  113  115  116  117  119
  121  124  126  128  127  125  119  113  105   98   91   85   80   76   71   67
   62   58   53   48   44   41   39   39   40   42   44   45   46   44   41   37
   32   27   22   19   18   18   20   24   29   35   42   50   58   65   72   77
   81   84   85   84   82   88   90   95  101                                   
    57.5-180.0 180.0   5.0 450.0                            LAT/LON1/LON2/DLON/H
  102   99   96   99   98   98  100  101  104  106  110  112  114  115  117  119
  122  125  129  130  130  127  122  115  107  100   94   89   84   80   75   70
   65   60   54   50   46   43   42   42   44   47   49   51   51   49   46   41
   35   30   26   22   21   21   23   26   31   37   43   50   58   65   72   77
   81   84   85   84   81   87   89   93  102                                   
    55.0-180.0 180.0   5.0 450.0                            LAT/LON1/LON2/DLON/H
  105  104  103  105  105  104  105  105  108  109  111  113  115  116  118  121
  125  128  132  133  133  129  124  117  111  105  100   96   93   88   84   78
   72   66   60   55   51   49   49   49   52   54   57   58   58   55   51   46
   41   35   31   28   26   26   28   31   34   39   45   51   57   64   70   76
   81   84   86   84   83   89   91   94  105                                   
    52.5-180.0 180.0   5.0 450.0                            LAT/LON1/LON2/DLON/H
  111  111  113  114  114  114  114  113  114  113  114  115  117  119  121  124
  128  131  134  135  134  130  125  120  115  111  108  106  103   99   94   88
   81   74   68   64   60   59   59   60   62   64   66   66   65   62   57   52
   47   43   39   36   35   34   35   37   40   43   47   51   57   63   69   75
   81   85   88   88   87   93   97   99  111                                   
    50.0-180.0 180.0   5.0 450.0                            LAT/LON1/LON2/DLON/H
  120  122  125  127  128  128  127  126  124  122  121  121  122  124  126  129
  131  134  136  136  134  130  126  123  120  118  118  117  114  110  105   98
   90   83   78   73   71   70   71   72   74   76   76   75   73   69   64   59
   55   52   49   47   45   45   45   46   48   49   51   54   58   63   69   76
   82   88   93   94   95  102  106  108  120                                   
    47.5-180.0 180.0   5.0 450.0                            LAT/LON1/LON2/DLON/H
  131  134  139  141  142  143  142  140  137  134  131  130  130  132  133  134
  136  136  136  135  133  131  128  127  126  126  127  126  123  118  111  103
   96   89   84   82   81   81   83   84   86   86   86   84   81   76   72   68
   65   62   60   59   57   56   56   57   57   58   58   60   63   67   73   79
   86   94  100  103  105  112  118  120  131                                   
    45.0-180.0 180.0   5.0 450.0                            LAT/LON1/LON2/DLON/H
  142  145  149  153  155  156  156  155  151  148  144  142  142  142  142  142
  141  139  138  136  135  134  133  133  134  135  135  132  127  119  111  103
   95   90   87   86   88   90   92   94   95   95   94   91   88   83   80   77
   75   74   73   71   70   69   68   68   68   68   68   69   71   74   79   86
   92  101  108  112  116  123  130  131  142                                   
    42.5-180.0 180.0   5.0 450.0                            LAT/LON1/LON2/DLON/H
  150  153  156  161  164  167  168  168  165  162  159  157  156  155  154  152
  148  145  142  141  140  140  141  142  144  144  141  135  126  115  105   96
   90   87   86   88   92   95   98  100  101  101   99   97   93   90   87   85
   85   84   84   82   81   79   79   79   80   80   80   80   82   85   89   95
  101  108  116  120  124  131  139  140  150                                   
    40.0-180.0 180.0   5.0 450.0                            LAT/LON1/LON2/DLON/H
  156  156  159  165  169  173  176  178  177  176  173  172  171  170  168  163
  158  154  151  150  151  152  154  155  155  153  146  135  121  107   95   87
   83   83   85   89   94   99  102  104  104  104  103  101   98   95   93   93
   93   93   92   90   88   87   87   88   89   90   91   92   94   97  101  105
  109  115  122  126  130  137  144  146  156                                   
    37.5-180.0 180.0   5.0 450.0                            LAT/LON1/LON2/DLON/H
  158  158  159  167  172  177  181  185  187  188  187  187  186  185  182  177
  171  166  163  164  166  168  169  170  168  162  151  135  117  100   88   82
   80   83   87   93   99  103  106  106  106  105  104  103  101   99   98   98
   98   97   96   93   92   91   91   93   95   97   99  102  105  108  112  115
  117  121  126  130  133  139  145  148  158                                   
    35.0-180.0 180.0   5.0 450.0                            LAT/LON1/LON2/DLON/H
  162  160  162  169  175  179  186  191  195  198  199  200  200  199  196  190
  184  180  179  180  183  186  186  184  179  170  156  137  117  100   88   84
   86   91   97  103  108  110  111  109  108  107  106  105  104  102  101  100
   99   97   95   92   90   89   91   93   96   99  102  107  112  116  120  123
  123  126  130  132  134  141  146  150  162                                   
    32.5-180.0 180.0   5.0 450.0                            LAT/LON1/LON2/DLON/H
  168  167  170  175  182  185  192  198  203  207  210  211  212  212  209  204
  199  195  195  198  200  202  200  196  189  178  163  144  124  109  101  100
  104  111  117  121  123  121  118  114  111  109  109  108  107  105  102  100
   97   93   89   86   84   84   86   89   92   95  100  106  114  120  125  128
  128  130  133  134  137  144  150  155  168                                   
    30.0-180.0 180.0   5.0 450.0                            LAT/LON1/LON2/DLON/H
  180  181  188  190  196  197  202  208  214  218  221  223  224  223  221  217
  213  210  211  213  214  213  210  204  196  186  173  157  142  130  126  129
  136  142  146  146  142  135  128  121  116  114  113  113  111  108  104   99
   93   88   82   78   76   76   78   81   84   87   93  101  111  121  128  131
  132  135  137  140  143  152  159  165  180                                   
    27.5-180.0 180.0   5.0 450.0                            LAT/LON1/LON2/DLON/H
  199  204  214  212  218  218  220  223  228  232  235  237  237  237  235  232
  228  225  225  225  223  220  214  208  202  195  187  177  169  163  164  170
  176  180  179  172  162  149  137  128  122  120  120  119  117  112  106   98
   90   82   75   70   68   69   71   73   75   78   84   94  107  119  128  134
  137  141  145  149  155  166  175  183  199                                   
    25.0-180.0 180.0   5.0 450.0                            LAT/LON1/LON2/DLON/H
  226  233  246  242  248  246  246  246  248  251  253  255  255  255  253  250
  247  242  239  235  231  224  217  211  207  206  205  204  203  204  208  215
  219  217  209  194  177  159  144  133  128  127  128  128  125  119  110  100
   90   80   71   65   63   63   64   66   67   70   77   88  102  117  129  138
  143  150  157  164  172  185  198  209  226                                   
    22.5-180.0 180.0   5.0 450.0                            LAT/LON1/LON2/DLON/H
  256  266  281  276  283  280  277  275  276  277  278  279  279  279  278  276
  271  264  257  249  240  231  223  218  218  221  227  233  239  245  251  255
  254  245  227  205  182  161  145  136  133  134  137  138  135  127  117  105
   93   81   71   64   61   60   61   61   62   65   72   85  101  117  132  143
  152  163  173  183  194  210  226  240  256                                   
    20.0-180.0 180.0   5.0 450.0                            LAT/LON1/LON2/DLON/H
  289  299  314  310  319  316  314  310  310  311  311  312  312  313  313  310
  304  295  283  269  257  245  237  233  235  243  253  264  274  281  285  283
  273  255  230  202  176  156  142  135  136  141  146  148  146  138  126  113
   99   85   74   66   61   60   59   59   59   63   71   85  102  120  137  152
  163  178  192  205  218  237  255  273  289                                   
    17.5-180.0 180.0   5.0 450.0                            LAT/LON1/LON2/DLON/H
  319  331  344  343  354  353  352  349  349  351  352  353  354  355  356  354
  348  335  319  302  286  273  264  261  263  271  282  293  301  305  303  293
  275  249  218  188  163  145  135  134  139  148  156  159  157  149  137  123
  107   93   80   70   64   61   59   58   59   64   73   88  107  126  145  162
  177  195  212  228  242  263  284  305  319                                   
    15.0-180.0 180.0   5.0 450.0                            LAT/LON1/LON2/DLON/H
  345  357  370  372  385  388  390  389  392  396  398  401  403  406  408  407
  401  387  368  348  330  315  306  302  303  307  313  318  319  316  305  287
  261  229  196  168  147  134  130  134  144  156  165  169  167  158  146  131
  116  100   86   75   68   63   61   59   60   66   77   93  112  133  153  173
  190  212  232  249  264  287  309  333  345                                   
    12.5-180.0 180.0   5.0 450.0                            LAT/LON1/LON2/DLON/H
  366  378  392  395  412  419  426  429  436  442  447  453  457  462  466  467
  461  448  429  407  388  373  362  355  349  345  341  336  328  315  296  271
  240  206  175  151  136  130  132  140  152  165  175  178  174  165  152  137
  122  106   92   80   72   66   62   60   62   68   79   96  117  138  160  182
  202  226  248  267  281  306  330  355  366                                   
    10.0-180.0 180.0   5.0 450.0                            LAT/LON1/LON2/DLON/H
  382  395  410  415  435  445  458  464  474  483  492  501  509  516  523  526
  524  513  495  475  456  439  425  412  397  382  365  348  330  309  284  254
  221  189  162  144  136  137  143  153  165  176  183  184  178  167  153  138
  123  108   95   83   74   67   62   60   62   68   80   97  118  141  165  188
  211  237  260  280  295  321  347  371  382                                   
     7.5-180.0 180.0   5.0 450.0                            LAT/LON1/LON2/DLON/H
  397  411  427  432  455  468  484  493  505  517  529  541  551  562  572  578
  580  573  559  541  521  502  483  462  438  410  382  356  330  304  276  246
