data/edconvlstm_nd/pred0150.15i
     1.0            IONOSPHERE MAPS     GNSS                IONEX VERSION / TYPE
pyspatialgeodesy        IME             05-JAN-18 20:20     PGM / RUN BY / DATE 
Map Name                                                    COMMENT             
Predicted global ionosphere maps (GIM).                     DESCRIPTION         
  2015     1    15     0     0     0                        EPOCH OF FIRST MAP  
  2015     1    16     0     0     0                        EPOCH OF LAST MAP   
  7200                                                      INTERVAL            
    13                                                      # OF MAPS IN FILE   
  NONE                                                      MAPPING FUNCTION    
10.0                                                        ELEVATION CUTOFF    
One-way carrier phase leveled to code                       OBSERVABLES USED    
  6371.0                                                    BASE RADIUS         
 2                                                          MAP DIMENSION       
   450.0 450.0   0.0                                        HGT1 / HGT2 / DHGT  
    87.5 -87.5  -2.5                                        LAT1 / LAT2 / DLAT  
  -180.0 180.0   5.0                                        LON1 / LON2 / DLON  
    -1                                                      EXPONENT            
                                                            END OF HEADER       
[from data line 429]
     2                                                      START OF TEC MAP    
  2015     1    15     2     0     0                        EPOCH OF CURRENT MAP
    87.5-180.0 180.0   5.0 450.0                            LAT/LON1/LON2/DLON/H
   95   99   94   92   91   90   87   84   86   86   86   87   87   87   87   87
   87   87   87   86   86   85   85   84   84   84   83   83   83   83   84   84
   84   85   85   86   86   87   87   88   88   88   88   89   89   89   89   89
   88   88   88   88   87   87   86   86   85   85   84   84   83   82   82   82
   83   84   82   82   81   92   95   88   95                                   
    85.0-180.0 180.0   5.0 450.0                            LAT/LON1/LON2/DLON/H
   94  100   81   85   86   84   80   77   77   77   76   76   76   76   77   77
   77   76   76   76   76   75   75   75   75   75   75   75   75   76   76   77
   78   80   81   82   84   85   86   88   89   89   90   91   91   91   91   91
   91   90   90   89   89   88   87   87   86   86   85   85   85   84   84   84
   86   87   86   89   88   89   96   91   94                                   
    82.5-180.0 180.0   5.0 450.0                            LAT/LON1/LON2/DLON/H
   97   87   93   85   81   79   74   71   72   70   69   69   69   70   70   70
   70   70   69   69   68   67   67   66   66   65   65   65   66   67   68   69
   71   73   75   77   80   82   84   86   88   90   91   92   93   93   93   93
   92   91   91   90   89   88   87   86   85   85   84   84   84   84   84   86
   87   88   87   86   94   83   86   92   97                                   
    80.0-180.0 180.0   5.0 450.0                            LAT/LON1/LON2/DLON/H
  110   99   95   86   83   77   74   70   70   67   65   65   64   64   64   63
   63   62   61   60   59   58   56   55   55   54   54   54   55   56   58   60
   62   65   68   71   74   77   80   83   86   88   89   90   91   91   90   89
   88   87   86   85   83   82   81   81   80   80   80   81   82   84   85   88
   90   91   92   92  106   96   99  105  110                                   
    77.5-180.0 180.0   5.0 450.0                            LAT/LON1/LON2/DLON/H
  127  118  110  103   96   90   86   83   81   77   74   73   72   71   71   70
   68   67   65   63   60   58   56   55   53   53   52   53   54   55   57   60
   63   66   70   73   77   81   84   87   90   92   94   94   94   94   93   92
   90   88   87   86   84   83   83   82   82   83   84   86   88   91   94   98
  101  105  106  110  119  111  114  118  127                                   
    75.0-180.0 180.0   5.0 450.0                            LAT/LON1/LON2/DLON/H
  140  136  131  125  115  109  104   99   96   91   86   84   81   79   77   75
   72   69   67   64   61   58   56   55   54   54   55   56   57   60   62   65
   68   71   74   77   81   84   87   90   92   94   95   95   94   93   91   89
   87   85   83   82   81   81   81   81   82   84   86   89   93   97  101  107
  112  117  121  123  134  133  136  133  140                                   
    72.5-180.0 180.0   5.0 450.0                            LAT/LON1/LON2/DLON/H
  153  154  151  143  134  128  123  117  113  106  100   96   92   88   84   79
   75   71   67   63   60   58   56   56   56   57   59   61   63   66   69   71
   74   76   78   81   83   86   88   90   91   92   92   91   90   87   85   83
   80   79   78   78   78   79   80   82   84   86   90   94   98  104  110  117
  123  129  136  140  150  149  152  149  153                                   
    70.0-180.0 180.0   5.0 450.0                            LAT/LON1/LON2/DLON/H
  172  172  168  161  151  144  139  132  127  119  112  106   99   91   84   77
   71   65   60   56   53   51   51   52   54   56   60   63   66   69   71   73
   75   76   77   79   80   81   83   84   85   85   84   83   81   78   75   72
   71   70   69   70   72   75   78   81   85   89   94   99  104  110  117  125
  131  137  145  150  161  162  167  163  172                                   
    67.5-180.0 180.0   5.0 450.0                            LAT/LON1/LON2/DLON/H
  182  184  179  173  163  156  148  142  136  127  119  111  102   92   82   72
   64   56   50   46   44   43   44   46   49   53   57   61   64   66   68   69
   69   69   69   69   69   69   70   71   71   71   70   68   65   62   60   57
   56   56   58   61   65   69   75   80   86   92   98  104  111  117  124  132
  137  143  151  155  165  168  174  173  182                                   
    65.0-180.0 180.0   5.0 450.0                            LAT/LON1/LON2/DLON/H
  194  196  189  184  175  167  159  152  146  137  127  118  107   95   83   71
   61   53   46   42   39   39   41   44   48   52   56   60   62   63   64   63
   62   61   60   59   58   58   58   59   59   59   58   57   54   51   49   47
   46   48   51   56   62   69   77   85   93  101  109  118  125  132  139  146
  150  153  159  162  171  176  183  184  194                                   
    62.5-180.0 180.0   5.0 450.0                            LAT/LON1/LON2/DLON/H
  206  209  203  197  188  179  169  162  155  146  136  127  115  102   88   76
   65   55   48   44   41   41   42   45   49   53   56   58   59   59   58   56
   54   52   51   49   48   48   49   50   51   52   52   51   48   45   43   41
   41   43   48   55   63   73   84   94  105  115  126  136  146  154  160  166
  169  170  174  174  181  187  194  196  206                                   
    60.0-180.0 180.0   5.0 450.0                            LAT/LON1/LON2/DLON/H
  220  223  217  208  200  189  177  169  161  151  141  132  120  108   95   83
   72   63   56   51   48   46   47   48   51   52   54   54   53   52   50   48
   45   43   42   40   40   40   41   43   46   48   48   47   45   42   39   38
   38   41   47   55   66   78   91  103  116  129  142  155  166  176  183  188
  189  188  190  189  195  200  208  209  220                                   
    57.5-180.0 180.0   5.0 450.0                            LAT/LON1/LON2/DLON/H
  238  241  234  222  213  199  185  174  165  153  143  134  123  113  102   92
   83   74   68   62   57   54   53   52   52   52   51   49   46   44   41   40
   38   37   36   35   35   36   38   41   45   48   50   49   47   43   40   38
   38   42   48   58   70   84   99  113  128  143  158  173  186  197  205  210
  210  207  209  207  213  217  226  227  238                                   
    55.0-180.0 180.0   5.0 450.0                            LAT/LON1/LON2/DLON/H
  260  263  254  238  228  212  194  180  167  153  141  132  123  115  106   99
   92   85   79   72   66   62   58   55   53   51   48   44   41   38   36   35
   35   35   35   35   35   37   40   44   49   53   55   54   52   48   44   41
   41   44   51   62   75   91  107  124  140  156  173  189  203  215  224  229
  229  226  228  226  233  235  246  246  260                                   
    52.5-180.0 180.0   5.0 450.0                            LAT/LON1/LON2/DLON/H
  283  285  275  256  246  227  206  188  170  153  140  130  121  114  108  103
   98   93   86   79   73   66   62   58   55   52   48   43   39   37   35   36
   37   39   40   41   41   43   47   51   57   62   64   63   60   55   51   48
   47   50   57   68   83  100  117  135  152  169  186  202  217  230  239  244
  244  243  245  244  252  253  264  265  283                                   
    50.0-180.0 180.0   5.0 450.0                            LAT/LON1/LON2/DLON/H
  303  305  292  274  265  246  223  200  178  158  141  130  121  114  109  104
  100   95   89   82   75   69   65   62   59   56   52   48   44   41   41   42
   45   49   51   52   53   55   58   63   69   74   76   75   71   66   60   57
   56   59   66   78   93  111  130  149  166  182  199  214  229  241  250  255
  256  256  258  258  267  268  278  280  303                                   
    47.5-180.0 180.0   5.0 450.0                            LAT/LON1/LON2/DLON/H
  314  316  303  289  282  266  242  217  192  168  148  134  124  116  110  104
   99   93   86   80   74   70   68   67   66   65   61   57   54   51   51   53
   58   62   65   67   67   68   71   76   82   87   89   88   83   77   71   67
   66   69   77   89  106  126  146  165  182  198  212  226  239  249  257  262
  264  264  266  266  275  276  286  289  314                                   
    45.0-180.0 180.0   5.0 450.0                            LAT/LON1/LON2/DLON/H
  312  314  303  296  294  281  260  236  210  184  162  146  133  122  113  105
   97   89   83   77   74   73   74   75   77   77   75   71   67   64   63   66
   70   75   78   80   79   80   82   88   95  100  102   99   94   88   82   79
   78   81   89  102  120  142  164  183  200  214  227  238  248  256  262  267
  269  269  270  270  276  276  285  289  312                                   
    42.5-180.0 180.0   5.0 450.0                            LAT/LON1/LON2/DLON/H
  300  302  294  293  296  289  273  254  229  203  181  163  148  135  122  109
   98   89   82   79   78   80   83   87   90   91   90   85   80   76   74   75
   79   84   87   88   88   88   91   98  105  111  112  109  103   97   92   90
   89   93  101  115  135  158  181  202  218  232  242  251  258  264  269  274
  276  275  275  272  275  273  280  283  300                                   
    40.0-180.0 180.0   5.0 450.0                            LAT/LON1/LON2/DLON/H
  284  284  279  281  288  286  278  264  244  221  200  184  168  152  136  120
  106   96   90   88   90   93   98  102  105  104  102   96   90   83   80   81
   84   88   91   92   92   93   97  104  112  118  119  116  110  104  100   98
   99  102  111  126  147  172  197  218  236  249  259  267  274  279  285  290
  292  291  289  282  279  274  279  279  284                                   
    37.5-180.0 180.0   5.0 450.0                            LAT/LON1/LON2/DLON/H
  273  271  265  266  275  278  274  266  252  233  216  202  188  172  154  136
  121  111  106  106  109  113  116  117  116  113  108  102   94   87   83   83
   85   89   92   93   93   95  100  108  117  123  123  120  114  108  105  104
  105  109  118  133  156  182  209  232  251  265  277  286  295  302  311  319
  322  320  317  306  298  290  294  290  273                                   
    35.0-180.0 180.0   5.0 450.0                            LAT/LON1/LON2/DLON/H
  279  273  263  259  267  270  268  263  252  237  224  214  202  188  171  154
  140  131  129  130  133  134  133  128  122  115  108  101   94   88   84   84
   87   90   93   94   95   98  103  111  120  124  124  120  114  109  106  106
  107  111  120  136  160  188  217  242  263  280  295  308  321  334  348  360
  367  366  362  347  337  328  331  322  279                                   
    32.5-180.0 180.0   5.0 450.0                            LAT/LON1/LON2/DLON/H
  312  302  285  271  274  273  268  260  250  236  225  217  209  197  183  169
  158  152  152  154  155  151  143  131  120  110  104   99   94   90   88   89
   92   95   98   99  100  102  108  115  121  125  124  119  112  107  105  104
  106  110  120  137  161  191  222  250  274  295  314  333  352  372  393  412
  423  425  421  405  395  386  389  375  312                                   
    30.0-180.0 180.0   5.0 450.0                            LAT/LON1/LON2/DLON/H
  380  366  337  312  306  296  281  267  251  234  222  215  207  198  187  176
  168  166  168  169  166  157  142  125  111  103   99   98   98   97   98  100
  103  107  109  110  110  111  115  120  124  125  122  116  110  105  102  102
  103  108  119  136  161  192  225  256  284  310  336  361  388  417  447  474
  491  496  493  476  469  462  461  446  380                                   
    27.5-180.0 180.0   5.0 450.0                            LAT/LON1/LON2/DLON/H
  479  464  422  384  366  344  316  289  263  239  222  211  202  192  182  174
  169  169  171  170  163  149  130  112  100   96   97  102  108  112  115  119
  124  128  129  128  126  125  125  127  127  125  120  114  107  101   98   98
  101  107  119  137  164  196  231  265  298  330  362  396  432  469  509  544
  569  579  576  560  556  554  547  531  479                                   
    25.0-180.0 180.0   5.0 450.0                            LAT/LON1/LON2/DLON/H
  594  583  532  484  454  420  376  333  293  259  233  214  200  187  175  166
  162  161  161  157  146  129  112   98   93   95  104  116  127  136  143  149
  154  156  155  150  145  140  137  134  130  124  117  110  104   98   95   95
   99  108  122  142  171  205  242  280  317  355  394  435  479  525  571  614
  646  662  663  650  649  655  644  627  594                                   
    22.5-180.0 180.0   5.0 450.0                            LAT/LON1/LON2/DLON/H
  706  703  653  602  560  517  458  400  346  299  262  233  209  189  172  159
  151  147  142  134  121  107   96   91   95  106  122  141  158  171  180  185
  187  186  180  172  162  154  146  138  130  121  113  106  100   94   91   92
   98  109  126  150  181  218  258  299  341  383  428  475  524  574  624  671
  709  731  738  733  733  750  744  726  706                                   
    20.0-180.0 180.0   5.0 450.0                            LAT/LON1/LON2/DLON/H
  796  802  761  719  671  623  554  487  422  364  315  274  239  208  183  162
  146  135  124  112  101   94   93   99  113  133  155  178  198  212  219  221
  219  212  202  189  176  163  152  140  128  117  108  101   95   91   88   90
   98  112  132  159  193  233  277  322  367  413  461  511  561  611  661  707
  746  772  785  789  791  817  822  807  796                                   
    17.5-180.0 180.0   5.0 450.0                            LAT/LON1/LON2/DLON/H
  851  864  840  813  767  721  654  585  516  451  392  339  292  250  214  183
  158  137  121  108  101  102  112  130  154  179  204  227  243  252  254  251
  244  232  217  199  182  167  152  138  124  112  104   98   93   88   86   89
   99  115  139  169  205  248  295  343  390  439  487  537  586  632  677  718
  755  780  797  808  811  840  858  852  851                                   
    15.0-180.0 180.0   5.0 450.0                            LAT/LON1/LON2/DLON/H
  863  882  878  868  833  797  740  679  615  550  486  426  369  318  271  229
  194  165  144  132  131  141  162  190  219  245  265  277  283  283  279  271
  258  242  221  200  180  163  148  134  120  110  102   97   93   89   86   90
  101  120  146  178  217  261  310  359  408  456  503  551  595  635  672  706
  737  759  776  791  794  819  846  851  863                                   
    12.5-180.0 180.0   5.0 450.0                            LAT/LON1/LON2/DLON/H
  835  857  870  876  857  836  797  751  699  643  583  522  462  405  351  302
  259  225  202  193  198  218  247  280  306  320  323  318  309  300  289  276
  259  238  214  191  171  155  142  129  118  110  104  100   96   91   89   93
  105  125  153  187  226  272  321  369  417  462  507  550  589  623  652  678
  702  719  736  751  752  771  799  813  835                                   
    10.0-180.0 180.0   5.0 450.0                            LAT/LON1/LON2/DLON/H
  781  800  823  838  836  831  810  784  750  709  661  609  553  498  445  394
  349  315  294  290  302  328  360  385  395  386  365  340  318  300  285  268
  248  224  200  178  160  146  135  126  118  112  108  105  101   96   94   98
  111  133  161  195  235  279  326  373  418  459  498  536  571  600  623  643
  662  676  692  706  705  717  741  758  781                                   
     7.5-180.0 180.0   5.0 450.0                            LAT/LON1/LON2/DLON/H
  720  733  756  770  778  785  780  773  760  738  706  667  623  578  532  488
  450  421  407  411  428  453  474  478  460  424  381  341  311  289  271  251
