data/edconvlstm_nd/pred2750.15i
     1.0            IONOSPHERE MAPS     GNSS                IONEX VERSION / TYPE
pyspatialgeodesy        IME             05-JAN-18 20:20     PGM / RUN BY / DATE 
Map Name                                                    COMMENT             
Predicted global ionosphere maps (GIM).                     DESCRIPTION         
  2015    10     2     0     0     0                        EPOCH OF FIRST MAP  
  2015    10     3     0     0     0                        EPOCH OF LAST MAP   
  7200                                                      INTERVAL            
    13                                                      # OF MAPS IN FILE   
  NONE                                                      MAPPING FUNCTION    
10.0                                                        ELEVATION CUTOFF    
One-way carrier phase leveled to code                       OBSERVABLES USED    
  6371.0                                                    BASE RADIUS         
 2                                                          MAP DIMENSION       
   450.0 450.0   0.0                                        HGT1 / HGT2 / DHGT  
    87.5 -87.5  -2.5                                        LAT1 / LAT2 / DLAT  
  -180.0 180.0   5.0                                        LON1 / LON2 / DLON  
    -1                                                      EXPONENT            
                                                            END OF HEADER       
[from data line 858]
     3                                                      START OF TEC MAP    
  2015    10     2     4     0     0                        EPOCH OF CURRENT MAP
    87.5-180.0 180.0   5.0 450.0                            LAT/LON1/LON2/DLON/H
  116  121  121  125  124  123  121  119  120  120  120  121  120  120  120  119
  118  117  116  115  114  113  112  111  111  110  110  109  109  109  109  109
  109  109  109  109  109  109  109  109  110  110  110  110  111  111  112  112
  112  113  113  114  114  114  115  115  115  115  115  115  115  115  114  115
  116  117  115  115  119  123  128  120  116                                   
    85.0-180.0 180.0   5.0 450.0                            LAT/LON1/LON2/DLON/H
  113  128  118  125  126  127  126  126  126  126  126  126  126  125  124  123
  122  121  119  118  116  115  114  112  111  111  110  109  109  109  109  109
  110  110  111  111  112  113  113  114  115  116  117  118  119  120  121  122
  123  124  125  126  127  127  128  129  129  130  130  130  129  129  128  129
  130  130  126  127  124  127  131  124  113                                   
    82.5-180.0 180.0   5.0 450.0                            LAT/LON1/LON2/DLON/H
  120  124  130  123  121  122  122  121  122  122  121  122  121  120  119  118
  116  115  112  110  108  106  104  102  100   99   98   97   97   97   97   98
   99  100  101  103  104  106  108  110  111  113  115  117  119  121  123  125
  127  129  132  134  136  138  139  141  142  143  143  143  143  142  141  141
  140  138  134  132  136  129  126  120  120                                   
    80.0-180.0 180.0   5.0 450.0                            LAT/LON1/LON2/DLON/H
  126  126  122  116  116  115  117  116  117  117  115  116  115  114  113  111
  109  106  103  100   97   94   91   88   85   83   82   81   81   81   82   83
   85   87   89   92   94   97   99  102  104  106  109  112  114  117  121  124
  128  132  135  139  143  146  149  152  154  155  156  156  156  155  154  153
  151  147  144  143  147  142  142  127  126                                   
    77.5-180.0 180.0   5.0 450.0                            LAT/LON1/LON2/DLON/H
  131  127  122  116  110  111  111  111  111  110  108  109  108  107  105  103
  100   97   93   89   86   82   78   75   73   70   69   68   68   69   70   72
   74   77   81   84   87   90   93   96   99  102  105  109  112  116  121  126
  132  138  144  149  155  160  165  169  172  174  175  176  176  175  173  172
  169  165  159  158  158  149  145  137  131                                   
    75.0-180.0 180.0   5.0 450.0                            LAT/LON1/LON2/DLON/H
  134  132  122  116  108  108  106  103  102  100   97   97   96   94   92   89
   86   83   79   75   72   69   65   63   60   58   57   56   57   57   59   61
   64   67   70   73   76   79   82   85   87   90   93   97  102  107  113  120
  128  136  144  152  160  167  173  179  183  186  188  189  189  188  187  186
  182  178  174  167  167  159  155  149  134                                   
    72.5-180.0 180.0   5.0 450.0                            LAT/LON1/LON2/DLON/H
  140  138  129  119  112  109  106  102   99   96   92   90   88   85   82   79
   76   73   69   67   64   62   59   57   56   55   54   54   54   55   56   58
   61   64   67   69   72   74   77   79   81   84   88   92   98  105  113  122
  131  141  151  161  171  179  186  193  197  201  203  204  204  203  202  201
  198  194  192  186  182  171  165  160  140                                   
    70.0-180.0 180.0   5.0 450.0                            LAT/LON1/LON2/DLON/H
  152  145  136  124  115  109  104   98   94   89   84   80   76   72   68   65
   62   59   57   56   55   54   53   53   53   52   52   52   53   53   54   56
   58   59   61   63   65   66   67   69   71   74   79   84   92  100  110  121
  132  144  155  166  177  186  194  200  205  208  210  210  210  208  207  206
  204  200  199  195  191  181  178  172  152                                   
    67.5-180.0 180.0   5.0 450.0                            LAT/LON1/LON2/DLON/H
  155  148  137  125  115  109  103   96   91   84   77   72   67   61   57   53
   51   49   48   48   49   50   51   52   53   53   54   54   54   54   54   54
   54   54   55   55   55   55   56   57   59   63   68   75   84   94  105  117
  129  142  154  165  175  184  192  197  201  204  204  204  203  201  199  198
  196  193  194  190  189  181  178  176  155                                   
    65.0-180.0 180.0   5.0 450.0                            LAT/LON1/LON2/DLON/H
  158  149  138  127  117  110  103   96   90   83   75   69   62   55   50   46
   44   44   44   46   48   50   52   55   56   58   58   58   58   56   55   54
   53   52   51   50   49   48   48   49   52   57   64   72   83   95  107  119
  132  144  156  166  176  184  191  195  198  200  200  198  196  193  191  189
  187  185  186  183  184  177  177  177  158                                   
    62.5-180.0 180.0   5.0 450.0                            LAT/LON1/LON2/DLON/H
  159  149  139  128  119  111  105   98   92   84   75   68   60   53   48   44
   43   43   44   46   49   52   55   57   60   61   62   62   61   59   56   54
   51   49   47   46   44   43   43   45   48   55   64   75   88  101  114  126
  138  149  159  169  177  185  190  194  196  197  196  195  192  189  185  183
  180  177  178  175  176  171  172  174  159                                   
    60.0-180.0 180.0   5.0 450.0                            LAT/LON1/LON2/DLON/H
  159  149  139  128  119  112  105   98   92   84   76   68   60   53   48   45
   44   44   46   48   50   53   55   58   60   62   63   62   61   58   55   52
   49   46   44   42   41   40   41   43   48   57   68   82   96  110  123  134
  144  154  163  171  179  185  190  194  196  197  196  195  192  189  185  182
  178  174  174  171  172  166  167  168  159                                   
    57.5-180.0 180.0   5.0 450.0                            LAT/LON1/LON2/DLON/H
  162  150  141  130  122  114  107   99   93   85   77   70   62   56   52   49
   48   49   50   51   52   53   55   57   59   60   61   61   60   57   54   50
   47   45   44   42   42   41   42   46   52   63   77   92  108  122  135  145
  153  161  168  176  183  189  194  198  201  202  202  202  200  197  194  190
  185  180  178  174  174  167  167  166  162                                   
    55.0-180.0 180.0   5.0 450.0                            LAT/LON1/LON2/DLON/H
  168  156  146  135  127  118  110  101   94   85   77   71   64   59   55   54
   53   54   54   54   54   53   54   55   57   58   60   60   58   56   53   50
   47   46   45   45   45   46   48   52   60   72   87  104  121  135  147  155
  162  169  175  183  190  197  202  207  210  212  213  213  212  210  207  204
  199  193  190  185  183  174  172  169  168                                   
    52.5-180.0 180.0   5.0 450.0                            LAT/LON1/LON2/DLON/H
  178  167  157  146  138  127  117  107   98   88   79   73   66   62   59   59
   59   59   59   58   56   55   54   55   57   59   61   61   60   57   54   51
   50   49   50   51   53   54   56   60   69   81   98  116  133  147  158  166
  171  177  184  192  200  207  213  218  221  223  224  225  225  223  221  219
  214  209  205  200  197  186  183  177  178                                   
    50.0-180.0 180.0   5.0 450.0                            LAT/LON1/LON2/DLON/H
  191  182  172  162  154  142  130  117  105   93   83   76   70   66   64   64
   64   65   64   62   60   59   59   60   62   65   66   67   65   63   59   57
   56   56   58   60   62   64   66   70   78   91  108  127  144  158  169  176
  182  188  195  204  212  220  226  231  233  234  235  235  234  233  231  230
  226  223  220  215  212  201  197  190  191                                   
    47.5-180.0 180.0   5.0 450.0                            LAT/LON1/LON2/DLON/H
  205  199  190  182  173  160  147  131  117  103   91   83   76   71   69   69
   69   70   70   68   67   67   68   70   73   76   77   77   75   72   68   65
   64   65   67   71   73   75   76   80   88  101  118  136  154  168  178  186
  192  199  207  216  225  233  238  242  243  243  241  239  237  235  234  234
  232  230  229  225  223  214  211  204  205                                   
    45.0-180.0 180.0   5.0 450.0                            LAT/LON1/LON2/DLON/H
  217  214  206  201  192  179  165  148  132  116  103   93   84   78   75   74
   75   76   76   76   77   79   82   85   89   91   92   90   87   83   78   75
   73   74   77   80   83   85   86   89   96  109  126  144  162  177  188  196
  204  212  220  229  236  243  247  249  249  247  243  240  236  233  231  231
  230  230  230  229  230  224  222  215  217                                   
    42.5-180.0 180.0   5.0 450.0                            LAT/LON1/LON2/DLON/H
  225  224  219  216  208  195  182  164  147  131  116  105   95   87   83   81
   81   82   84   86   90   94   98  102  106  107  106  103   99   93   88   83
   81   82   85   88   91   92   94   97  104  116  133  151  169  185  197  206
  215  223  231  239  245  249  252  253  252  249  245  239  234  229  226  225
  224  225  226  227  230  227  227  222  225                                   
    40.0-180.0 180.0   5.0 450.0                            LAT/LON1/LON2/DLON/H
  228  228  225  222  217  206  193  176  161  145  130  119  108   99   92   89
   89   90   93   98  103  109  114  118  120  119  117  112  106  100   94   90
   87   87   90   93   96   97   99  102  110  122  139  158  176  192  205  215
  225  233  240  246  250  253  255  257  257  255  251  245  238  231  227  225
  223  223  224  225  229  227  228  223  228                                   
    37.5-180.0 180.0   5.0 450.0                            LAT/LON1/LON2/DLON/H
  230  228  225  221  218  208  197  183  169  155  142  131  120  110  103   99
   98  100  104  109  116  122  127  129  128  125  121  115  109  103   98   94
   91   91   92   95   98  100  102  107  115  128  145  163  181  197  210  222
  232  240  246  250  253  256  260  263  267  268  266  262  255  248  242  239
  235  231  230  230  232  230  231  224  230                                   
    35.0-180.0 180.0   5.0 450.0                            LAT/LON1/LON2/DLON/H
  233  228  223  216  214  205  194  182  171  159  149  139  129  119  112  108
  107  109  113  119  125  131  133  132  129  124  119  114  109  104  100   97
   94   93   94   96   98  101  104  109  118  132  149  167  184  200  213  225
  235  243  249  253  256  260  267  276  285  292  295  294  289  283  277  272
  265  258  252  247  246  241  241  231  233                                   
    32.5-180.0 180.0   5.0 450.0                            LAT/LON1/LON2/DLON/H
  242  234  225  214  211  200  188  177  168  158  149  141  133  124  118  115
  114  116  120  126  131  133  133  129  124  118  114  111  108  105  102  100
   98   96   95   96   98  100  104  110  120  134  151  169  185  199  212  224
  235  244  250  255  260  268  281  297  314  328  337  340  339  335  330  324
  314  303  293  281  275  265  263  248  242                                   
    30.0-180.0 180.0   5.0 450.0                            LAT/LON1/LON2/DLON/H
  263  251  237  219  213  198  184  172  162  153  145  138  131  125  120  118
  118  120  124  128  130  130  127  121  116  113  111  110  109  108  107  105
  103  100   98   97   97   99  102  109  119  133  150  167  181  195  207  219
  231  241  250  258  268  282  303  327  352  373  388  397  400  399  396  390
  378  363  349  330  318  303  297  279  263                                   
    27.5-180.0 180.0   5.0 450.0                            LAT/LON1/LON2/DLON/H
  296  280  260  238  226  207  188  172  160  148  139  133  127  122  118  117
  117  119  121  124  124  122  118  114  111  111  113  114  115  116  115  114
  110  106  102   98   97   97   99  105  115  129  145  161  175  187  199  212
  226  239  252  266  282  304  332  364  396  423  444  457  464  467  465  460
  448  432  414  389  372  351  340  320  296                                   
    25.0-180.0 180.0   5.0 450.0                            LAT/LON1/LON2/DLON/H
  341  323  296  269  252  228  205  184  167  151  139  130  123  118  115  113
  112  113  114  115  114  113  111  110  112  117  122  126  128  128  127  124
  120  113  106  100   96   94   95   99  108  122  138  153  167  179  191  205
  222  240  259  278  302  331  365  403  439  469  492  508  518  524  527  524
  514  500  481  452  430  404  388  368  341                                   
    22.5-180.0 180.0   5.0 450.0                            LAT/LON1/LON2/DLON/H
  392  374  342  313  290  263  236  210  187  166  148  135  125  118  113  110
  107  105  104  104  104  105  107  113  121  131  140  145  146  144  142  137
  130  121  110  101   95   90   89   91   99  112  128  145  159  172  185  202
  223  246  270  296  326  360  397  436  471  500  522  538  550  560  565  567
  563  554  538  510  483  457  437  419  392                                   
    20.0-180.0 180.0   5.0 450.0                            LAT/LON1/LON2/DLON/H
  442  427  394  363  336  308  278  247  219  193  170  151  137  126  118  111
  105  100   96   95   97  101  109  122  137  152  163  168  167  163  156  148
  138  125  111  100   91   85   81   82   89  102  119  137  153  168  184  204
  229  257  286  318  350  386  422  457  486  509  527  541  553  564  573  580
  583  582  573  550  523  500  482  467  442                                   
    17.5-180.0 180.0   5.0 450.0                            LAT/LON1/LON2/DLON/H
  484  474  442  414  386  358  326  293  262  232  204  180  161  146  133  121
  111  102   96   94   97  105  119  138  159  177  189  193  188  178  167  154
  140  124  109   96   86   79   74   74   80   93  111  131  150  167  187  211
  239  271  305  338  372  406  437  464  484  499  509  519  530  541  553  564
  574  581  581  567  544  527  515  504  484                                   
    15.0-180.0 180.0   5.0 450.0                            LAT/LON1/LON2/DLON/H
  513  506  480  456  430  404  373  341  309  277  246  220  197  177  159  143
  128  116  108  104  107  118  135  159  183  203  214  213  202  187  171  154
  138  121  105   91   82   74   69   68   73   87  107  129  150  171  194  221
  252  287  321  355  387  417  442  460  471  477  480  485  493  503  515  528
  543  558  566  563  547  538  534  528  513                                   
    12.5-180.0 180.0   5.0 450.0                            LAT/LON1/LON2/DLON/H
  529  523  502  484  463  441  413  384  353  321  291  264  239  216  195  175
  158  143  132  127  129  140  159  184  208  226  231  224  207  187  167  149
  132  115   99   87   78   71   66   65   71   85  105  129  153  176  202  231
  264  299  333  364  394  419  439  451  455  454  452  453  457  465  476  490
  507  526  541  547  540  539  540  539  529                                   
    10.0-180.0 180.0   5.0 450.0                            LAT/LON1/LON2/DLON/H
  535  530  513  498  483  465  440  414  387  358  330  305  281  258  236  215
  197  182  170  163  163  172  189  210  229  240  237  223  201  179  158  141
  124  109   95   84   76   70   66   65   71   85  106  131  156  181  208  238
  271  304  336  365  392  414  431  441  443  440  436  435  437  442  450  463
  480  501  520  532  531  535  539  542  535                                   
     7.5-180.0 180.0   5.0 450.0                            LAT/LON1/LON2/DLON/H
  538  533  519  504  493  477  454  431  406  380  356  334  313  293  273  255
  240  226  214  206  203  207  218  232  241  242  232  212  189  167  148  132
