data/edconvlstm_nd/pred2600.15i
     1.0            IONOSPHERE MAPS     GNSS                IONEX VERSION / TYPE
pyspatialgeodesy        IME             05-JAN-18 20:20     PGM / RUN BY / DATE 
Map Name                                                    COMMENT             
Predicted global ionosphere maps (GIM).                     DESCRIPTION         
  2015     9    17     0     0     0                        EPOCH OF FIRST MAP  
  2015     9    18     0     0     0                        EPOCH OF LAST MAP   
  7200                                                      INTERVAL            
    13                                                      # OF MAPS IN FILE   
  NONE                                                      MAPPING FUNCTION    
10.0                                                        ELEVATION CUTOFF    
One-way carrier phase leveled to code                       OBSERVABLES USED    
  6371.0                                                    BASE RADIUS         
 2                                                          MAP DIMENSION       
   450.0 450.0   0.0                                        HGT1 / HGT2 / DHGT  
    87.5 -87.5  -2.5                                        LAT1 / LAT2 / DLAT  
  -180.0 180.0   5.0                                        LON1 / LON2 / DLON  
    -1                                                      EXPONENT            
                                                            END OF HEADER       
[from data line 2145]
     6                                                      START OF TEC MAP    
  2015     9    17    10     0     0                        EPOCH OF CURRENT MAP
    87.5-180.0 180.0   5.0 450.0                            LAT/LON1/LON2/DLON/H
   71   80   80   84   87   88   87   84   85   87   87   88   88   89   89   90
   90   90   90   90   90   90   90   90   90   90   89   89   89   88   88   87
   87   86   85   85   84   83   82   82   81   80   79   79   78   78   77   77
   76   76   76   75   75   75   74   74   73   73   73   72   72   72   71   72
   73   74   72   71   75   78   90   89   71                                   
    85.0-180.0 180.0   5.0 450.0                            LAT/LON1/LON2/DLON/H
   70   85   93   85   86   90   90   91   91   93   92   93   93   93   93   94
   94   94   95   95   95   96   96   96   97   97   97   97   97   97   97   97
   96   96   95   94   93   92   91   90   89   88   88   87   86   85   85   84
   84   83   83   82   82   81   81   80   80   79   78   78   77   77   77   77
   78   79   75   73   75   81   90   91   70                                   
    82.5-180.0 180.0   5.0 450.0                            LAT/LON1/LON2/DLON/H
   66   76   86   80   80   84   85   85   86   87   86   87   86   86   85   85
   86   86   86   87   88   89   90   91   92   93   94   95   95   96   96   96
   96   96   95   95   94   93   92   91   90   89   88   87   86   85   85   84
   83   83   82   81   81   80   79   78   77   75   74   73   72   71   70   70
   70   71   67   65   70   78   77   79   66                                   
    80.0-180.0 180.0   5.0 450.0                            LAT/LON1/LON2/DLON/H
   61   65   75   72   74   73   74   75   76   76   74   74   73   72   71   71
   71   72   73   75   76   78   80   82   84   86   88   89   91   92   93   94
   95   95   95   94   93   92   91   90   89   88   87   87   86   86   85   85
   84   83   82   81   80   79   77   75   73   71   69   67   65   63   61   60
   60   59   58   57   60   68   73   73   61                                   
    77.5-180.0 180.0   5.0 450.0                            LAT/LON1/LON2/DLON/H
   59   59   64   62   63   66   66   67   67   66   64   63   61   60   59   59
   60   61   63   65   67   70   73   76   79   81   84   86   89   91   93   94
   96   96   97   96   96   95   94   93   92   91   91   91   91   91   91   91
   91   91   90   89   87   85   83   80   77   74   71   67   64   60   57   54
   52   50   47   47   49   50   55   60   59                                   
    75.0-180.0 180.0   5.0 450.0                            LAT/LON1/LON2/DLON/H
   46   48   50   52   54   58   58   57   57   56   52   51   49   48   47   47
   48   50   52   55   58   61   65   68   72   75   78   81   84   87   90   93
   94   96   97   97   97   96   95   95   94   94   95   96   97   98   99  100
  100  100   99   98   96   93   90   87   83   79   75   70   66   61   57   53
   49   45   42   38   41   40   44   44   46                                   
    72.5-180.0 180.0   5.0 450.0                            LAT/LON1/LON2/DLON/H
   40   42   43   45   49   53   53   53   52   50   47   45   43   42   41   42
   43   45   48   52   55   59   63   66   70   73   76   80   83   86   90   93
   96   98  100  100  101  101  100  100  101  101  103  105  107  109  111  113
  113  113  113  111  109  105  102   98   93   89   84   79   74   68   62   57
   52   46   43   38   38   37   39   42   40                                   
    70.0-180.0 180.0   5.0 450.0                            LAT/LON1/LON2/DLON/H
   38   38   40   42   45   47   47   47   46   45   42   41   39   38   38   39
   40   43   46   50   54   57   61   64   67   70   73   77   80   84   88   92
   96   99  101  102  103  103  103  104  105  107  109  112  115  118  121  123
  124  124  123  121  118  115  111  106  102   97   92   87   82   77   71   65
   59   52   48   41   40   37   41   43   38                                   
    67.5-180.0 180.0   5.0 450.0                            LAT/LON1/LON2/DLON/H
   36   36   38   39   41   43   44   44   44   43   41   40   39   39   39   40
   42   45   48   52   55   59   62   64   67   69   72   74   77   81   85   90
   94   98  101  103  104  104  105  106  107  110  113  117  121  124  127  129
  130  130  129  127  124  120  116  112  108  104   99   95   91   86   80   75
   69   61   56   48   44   41   42   43   36                                   
    65.0-180.0 180.0   5.0 450.0                            LAT/LON1/LON2/DLON/H
   38   38   38   37   38   39   40   40   41   41   40   40   40   40   41   43
   45   48   51   54   57   59   62   64   66   68   70   73   75   79   83   88
   93   98  101  104  105  106  107  108  110  113  117  122  126  130  133  134
  135  135  134  132  129  125  122  118  114  110  107  104  101   97   92   87
   81   74   68   60   54   50   50   51   38                                   
    62.5-180.0 180.0   5.0 450.0                            LAT/LON1/LON2/DLON/H
   42   40   39   37   36   36   36   36   37   38   38   40   40   41   43   45
   47   49   52   54   56   58   60   63   65   67   69   71   74   77   82   87
   92   97  101  104  106  107  107  109  111  115  120  124  129  132  135  136
  136  136  135  134  131  128  125  121  118  115  113  110  108  105  101   97
   92   85   80   71   64   60   58   59   42                                   
    60.0-180.0 180.0   5.0 450.0                            LAT/LON1/LON2/DLON/H
   48   43   40   36   33   32   31   31   32   34   34   37   38   40   42   43
   45   47   48   50   52   53   56   58   61   64   66   69   72   75   79   84
   90   95  100  103  105  106  107  108  111  115  120  125  129  132  134  135
  135  135  135  134  132  130  127  124  121  118  116  114  112  109  106  103
   98   92   88   79   72   67   65   65   48                                   
    57.5-180.0 180.0   5.0 450.0                            LAT/LON1/LON2/DLON/H
   55   47   43   37   33   30   29   28   29   30   31   34   36   38   39   41
   42   43   44   45   46   48   50   54   58   62   65   68   71   75   79   84
   90   96  101  105  107  108  109  111  114  118  123  128  132  134  136  136
  137  137  138  138  138  136  134  130  127  124  121  119  117  115  111  108
  104   98   94   86   80   74   71   70   55                                   
    55.0-180.0 180.0   5.0 450.0                            LAT/LON1/LON2/DLON/H
   62   53   48   41   35   31   29   28   28   28   29   31   33   34   36   37
   37   38   38   38   40   42   45   50   55   61   65   69   72   76   80   85
   92   99  105  109  111  112  113  115  118  122  127  132  136  138  139  140
  141  142  144  146  146  145  142  139  135  131  128  125  123  120  116  112
  108  102   99   91   85   79   75   73   62                                   
    52.5-180.0 180.0   5.0 450.0                            LAT/LON1/LON2/DLON/H
   70   60   55   48   41   37   34   31   30   29   29   30   31   32   33   33
   33   33   33   33   35   38   42   48   54   61   66   71   74   78   82   88
   96  103  110  115  118  119  120  122  125  129  134  139  142  144  145  146
  148  151  154  156  157  156  153  149  144  140  137  134  130  126  122  117
  112  107  103   95   89   82   78   75   70                                   
    50.0-180.0 180.0   5.0 450.0                            LAT/LON1/LON2/DLON/H
   77   68   63   58   51   47   43   39   36   33   31   31   31   31   31   31
   30   30   30   31   33   36   41   48   56   63   69   74   77   81   86   93
  101  110  118  124  127  129  130  131  134  139  143  148  151  152  154  155
  157  161  164  166  167  166  162  158  154  150  146  143  139  135  130  124
  119  112  108   99   92   85   80   78   77                                   
    47.5-180.0 180.0   5.0 450.0                            LAT/LON1/LON2/DLON/H
   84   77   72   70   64   61   56   51   46   42   38   36   35   34   32   31
   31   30   30   31   34   38   43   51   59   66   73   77   81   84   90   97
  106  117  126  133  138  140  141  143  146  150  154  158  160  162  163  164
  167  170  173  174  174  172  168  164  160  157  154  151  148  144  138  133
  127  119  113  104   96   88   83   81   84                                   
    45.0-180.0 180.0   5.0 450.0                            LAT/LON1/LON2/DLON/H
   87   83   80   81   77   76   71   66   60   54   48   45   42   39   37   35
   34   34   34   36   38   42   48   55   63   71   76   80   84   87   93  101
  112  124  135  143  149  153  155  157  159  162  166  169  170  171  172  173
  175  177  178  178  176  173  169  165  162  160  159  157  155  152  147  142
  136  127  120  109  100   92   86   84   87                                   
    42.5-180.0 180.0   5.0 450.0                            LAT/LON1/LON2/DLON/H
   88   86   85   89   87   88   84   79   73   67   61   56   52   49   45   43
   41   41   41   43   46   50   55   62   69   75   80   83   86   90   96  105
  117  130  143  154  162  167  169  172  174  177  179  181  182  182  182  182
  183  183  181  178  174  170  166  163  161  161  162  162  161  159  155  150
  144  136  127  114  104   95   89   87   88                                   
    40.0-180.0 180.0   5.0 450.0                            LAT/LON1/LON2/DLON/H
   85   85   85   90   91   93   91   88   83   78   73   69   65   61   57   54
   51   51   52   54   56   59   63   68   73   79   83   86   89   93   99  109
  122  137  151  164  174  181  185  188  191  193  195  196  196  195  194  193
  191  188  184  178  172  166  162  160  161  162  164  166  166  164  161  157
  151  142  132  119  107   96   91   88   85                                   
    37.5-180.0 180.0   5.0 450.0                            LAT/LON1/LON2/DLON/H
   79   81   81   86   87   91   92   91   88   85   82   80   78   75   71   67
   64   63   64   65   66   67   69   72   77   82   86   89   92   96  103  114
  127  143  159  174  187  196  202  206  210  213  215  215  214  212  210  207
  203  198  191  183  175  168  165  164  165  167  170  171  171  169  166  162
  155  146  135  121  108   97   91   88   79                                   
    35.0-180.0 180.0   5.0 450.0                            LAT/LON1/LON2/DLON/H
   72   74   74   77   78   83   86   87   88   87   87   88   88   86   83   80
   77   75   75   75   75   74   74   76   79   84   88   92   96  101  108  119
  134  150  168  185  200  211  220  226  231  235  238  238  237  235  232  228
  223  215  207  197  188  182  178  177  179  181  183  183  181  177  172  166
  158  147  136  121  107   95   90   87   72                                   
    32.5-180.0 180.0   5.0 450.0                            LAT/LON1/LON2/DLON/H
   67   67   67   67   67   72   77   80   83   85   88   92   95   96   94   91
   87   85   84   83   81   79   77   77   80   85   91   96  101  107  115  127
  141  159  178  197  213  227  238  247  254  260  264  266  266  265  262  257
  251  243  234  225  216  210  206  205  206  206  206  203  198  191  182  172
  160  147  134  118  105   92   88   85   67                                   
    30.0-180.0 180.0   5.0 450.0                            LAT/LON1/LON2/DLON/H
   63   62   61   58   58   63   68   71   76   81   86   93   98  101  101   99
   95   92   90   88   85   81   78   78   81   87   94  101  107  114  123  135
  151  169  189  209  227  243  256  268  278  286  293  297  299  299  297  293
  288  281  274  266  259  253  250  248  246  244  240  234  225  212  198  182
  165  148  133  116  103   89   87   85   63                                   
    27.5-180.0 180.0   5.0 450.0                            LAT/LON1/LON2/DLON/H
   65   61   58   53   52   57   61   65   69   75   83   91   98  103  104  103
  100   97   94   90   87   82   79   79   82   89   97  105  113  122  132  145
  161  180  201  222  241  259  274  288  301  312  322  329  333  334  334  332
  329  326  321  317  312  307  303  300  296  291  284  274  260  242  221  199
  175  153  135  116  104   88   88   87   65                                   
    25.0-180.0 180.0   5.0 450.0                            LAT/LON1/LON2/DLON/H
   72   64   60   53   51   56   60   62   66   72   79   87   95  101  104  104
  102   98   95   91   87   83   80   80   83   90   99  109  119  129  141  156
  173  193  215  236  256  275  291  307  322  336  348  358  364  368  370  371
  371  372  372  371  369  365  360  355  348  341  331  319  302  279  252  222
  192  165  143  121  110   93   93   93   72                                   
    22.5-180.0 180.0   5.0 450.0                            LAT/LON1/LON2/DLON/H
   84   73   68   60   57   61   63   64   67   71   77   84   92   98  102  102
  100   97   94   90   86   82   80   80   84   91  101  111  123  136  151  168
  187  208  230  252  272  290  307  324  340  356  371  382  391  397  401  405
  409  414  419  421  421  418  412  404  396  387  376  363  345  319  287  252
  215  183  158  134  122  103  102  104   84                                   
    20.0-180.0 180.0   5.0 450.0                            LAT/LON1/LON2/DLON/H
   99   87   80   73   69   71   72   72   72   75   78   83   89   94   97   99
   97   95   91   88   85   82   80   81   85   91  101  112  126  142  160  180
  202  224  247  268  287  304  321  338  356  373  388  400  410  418  425  431
  439  447  455  460  461  457  449  441  432  423  413  401  383  357  322  283
  243  208  179  153  140  120  117  118   99                                   
    17.5-180.0 180.0   5.0 450.0                            LAT/LON1/LON2/DLON/H
  116  104   96   89   84   84   84   82   81   82   82   84   87   91   94   95
   94   91   88   85   83   81   80   81   85   91  101  113  129  147  169  192
  217  241  264  284  302  318  335  351  369  385  401  413  424  432  440  448
  457  467  476  482  482  477  469  460  453  446  439  429  413  387  352  312
  271  235  205  179  164  142  136  137  116                                   
    15.0-180.0 180.0   5.0 450.0                            LAT/LON1/LON2/DLON/H
  135  122  114  106  100   97   96   93   91   90   89   88   88   89   91   92
   91   88   85   83   81   80   80   82   85   92  102  115  132  154  178  205
  232  258  280  300  316  332  347  363  380  396  410  422  432  440  447  456
  466  476  484  489  487  481  472  465  459  454  450  444  430  406  373  334
  295  261  232  208  192  168  160  157  135                                   
    12.5-180.0 180.0   5.0 450.0                            LAT/LON1/LON2/DLON/H
  155  143  133  123  115  109  106  103  100   99   96   93   91   90   90   90
   89   86   83   80   79   78   79   82   86   94  104  119  138  161  189  218
  246  273  295  314  330  344  359  375  391  406  419  429  437  444  451  458
  467  476  483  485  481  474  465  459  455  453  451  446  434  413  382  346
  311  282  258  236  219  195  185  178  155                                   
    10.0-180.0 180.0   5.0 450.0                            LAT/LON1/LON2/DLON/H
  177  165  153  140  131  120  114  110  108  107  104  100   96   93   91   90
   88   85   82   78   76   76   78   83   89   98  109  125  146  171  199  229
  258  285  307  326  341  355  370  385  401  416  428  436  442  448  453  460
  466  473  478  478  473  464  456  451  448  446  445  439  427  406  378  347
  318  296  277  259  244  221  209  199  177                                   
     7.5-180.0 180.0   5.0 450.0                            LAT/LON1/LON2/DLON/H
  199  187  175  158  147  131  122  117  114  113  111  107  102   97   94   92
   89   86   82   78   75   75   78   84   93  104  117  135  156  181  209  238
