data/edconvlstm_nd/pred0480.15i
     1.0            IONOSPHERE MAPS     GNSS                IONEX VERSION / TYPE
pyspatialgeodesy        IME             05-JAN-18 20:20     PGM / RUN BY / DATE 
Map Name                                                    COMMENT             
Predicted global ionosphere maps (GIM).                     DESCRIPTION         
  2015     2    17     0     0     0                        EPOCH OF FIRST MAP  
  2015     2    18     0     0     0                        EPOCH OF LAST MAP   
  7200                                                      INTERVAL            
    13                                                      # OF MAPS IN FILE   
  NONE                                                      MAPPING FUNCTION    
10.0                                                        ELEVATION CUTOFF    
One-way carrier phase leveled to code                       OBSERVABLES USED    
  6371.0                                                    BASE RADIUS         
 2                                                          MAP DIMENSION       
   450.0 450.0   0.0                                        HGT1 / HGT2 / DHGT  
    87.5 -87.5  -2.5                                        LAT1 / LAT2 / DLAT  
  -180.0 180.0   5.0                                        LON1 / LON2 / DLON  
    -1                                                      EXPONENT            
                                                            END OF HEADER       
[from data line 2145]
     6                                                      START OF TEC MAP    
  2015     2    17    10     0     0                        EPOCH OF CURRENT MAP
    87.5-180.0 180.0   5.0 450.0                            LAT/LON1/LON2/DLON/H
  102   99   97  103  108  108  107  105  107  108  108  108  108  108  107  106
  106  105  105  104  104  104  103  103  104  104  105  105  106  107  108  108
  109  110  110  111  111  111  111  111  110  110  109  108  107  106  105  103
  102  100   99   97   95   93   91   89   87   85   84   83   82   81   80   81
   81   84   84   84   91   91  101  101  102                                   
    85.0-180.0 180.0   5.0 450.0                            LAT/LON1/LON2/DLON/H
   95   97  103  100  103  106  106  107  108  109  108  108  108  107  106  106
  105  105  105  105  105  105  106  107  108  109  110  112  113  115  117  118
  120  121  122  123  124  124  124  124  124  123  122  121  120  118  116  114
  112  109  107  104  101   98   95   92   89   86   84   82   80   79   78   78
   80   82   79   80   80   84   91   95   95                                   
    82.5-180.0 180.0   5.0 450.0                            LAT/LON1/LON2/DLON/H
   85   93   97   96   97  101  102  103  104  103  102  101   99   97   96   94
   93   92   91   91   91   92   93   94   96   98  101  104  107  110  113  116
  119  122  125  127  129  131  132  132  133  133  132  132  130  129  127  125
  122  119  116  111  107  102   98   93   88   84   80   76   73   71   68   68
   68   70   68   70   74   80   77   77   85                                   
    80.0-180.0 180.0   5.0 450.0                            LAT/LON1/LON2/DLON/H
   83   87   92   94   95   95   97   99   99   97   94   91   88   84   81   78
   76   75   74   74   75   76   78   80   83   86   89   93   98  102  107  112
  117  122  126  130  133  136  138  139  141  142  143  143  143  143  142  140
  138  135  131  126  121  115  109  102   96   89   83   78   73   68   64   62
   61   61   60   62   64   71   77   73   83                                   
    77.5-180.0 180.0   5.0 450.0                            LAT/LON1/LON2/DLON/H
   86   88   93   95   95   98  100  101  100   96   91   87   82   77   72   69
   66   65   64   65   66   67   69   72   75   78   83   88   93   99  106  112
  119  125  131  136  141  145  148  151  153  156  158  161  163  165  166  167
  166  164  161  157  151  145  137  129  121  113  105   97   89   82   76   71
   67   64   61   63   65   66   72   75   86                                   
    75.0-180.0 180.0   5.0 450.0                            LAT/LON1/LON2/DLON/H
   80   87   89   92   93   98   99   98   97   92   86   80   74   68   63   60
   58   57   57   59   61   63   65   68   71   74   78   83   88   95  102  110
  118  126  133  139  144  149  153  157  161  165  170  175  180  185  189  193
  195  195  193  190  185  178  170  162  153  143  134  124  114  105   96   89
   81   75   71   66   67   67   72   70   80                                   
    72.5-180.0 180.0   5.0 450.0                            LAT/LON1/LON2/DLON/H
   74   84   86   90   92   98  100  100   97   92   86   79   72   66   62   59
   58   59   60   63   65   68   70   72   74   76   79   83   88   95  102  111
  120  129  137  145  151  156  160  165  170  176  182  190  198  206  214  220
  225  228  228  225  221  215  207  199  190  180  169  158  147  135  124  114
  103   94   87   79   75   72   74   75   74                                   
    70.0-180.0 180.0   5.0 450.0                            LAT/LON1/LON2/DLON/H
   71   78   81   84   87   92   95   95   93   89   83   76   70   64   61   59
   60   62   65   69   73   76   78   79   79   80   81   84   88   94  102  112
  122  132  141  149  156  161  166  171  176  183  191  201  212  222  233  241
  248  252  253  251  246  240  233  224  215  204  194  182  170  157  144  132
  119  107   98   87   79   73   76   78   71                                   
    67.5-180.0 180.0   5.0 450.0                            LAT/LON1/LON2/DLON/H
   62   69   72   76   80   86   90   92   91   88   83   78   72   68   65   65
   67   71   76   81   85   87   88   88   86   84   83   84   87   93  101  111
  123  134  144  153  160  166  170  175  181  188  197  207  219  231  243  252
  259  263  264  261  256  249  241  232  223  213  202  191  179  165  151  138
  125  112  102   89   80   72   72   74   62                                   
    65.0-180.0 180.0   5.0 450.0                            LAT/LON1/LON2/DLON/H
   55   60   61   67   71   77   82   85   86   85   82   78   74   71   69   70
   73   78   84   89   93   95   95   93   89   86   83   83   85   91  100  112
  125  138  150  160  168  174  179  183  189  196  206  217  229  241  252  261
  267  269  268  264  257  248  238  229  219  209  198  187  174  161  146  133
  119  107   97   85   77   69   69   73   55                                   
    62.5-180.0 180.0   5.0 450.0                            LAT/LON1/LON2/DLON/H
   49   51   52   58   62   68   74   78   80   81   80   78   75   72   72   73
   77   82   87   92   95   96   94   91   86   81   79   78   81   88   98  111
  126  142  156  168  177  183  189  194  199  207  216  226  237  248  257  264
  268  268  265  259  250  239  227  216  206  195  184  173  160  146  131  117
  105   93   86   76   70   63   64   70   49                                   
    60.0-180.0 180.0   5.0 450.0                            LAT/LON1/LON2/DLON/H
   48   45   45   50   53   59   65   69   73   74   75   74   73   71   71   72
   75   79   84   88   90   89   86   82   77   73   71   71   76   84   96  112
  129  147  163  177  187  195  201  206  213  220  228  238  247  255  262  266
  268  266  261  253  242  229  217  205  193  182  171  158  145  129  114  100
   88   78   73   66   64   59   61   67   48                                   
    57.5-180.0 180.0   5.0 450.0                            LAT/LON1/LON2/DLON/H
   52   46   44   48   49   54   58   62   66   68   70   70   69   68   68   69
   71   74   77   80   80   79   75   71   67   64   64   67   73   84   98  116
  135  155  174  189  202  211  218  224  230  238  246  253  260  266  269  271
  270  267  261  251  240  227  214  202  190  179  167  154  139  123  106   92
   79   71   68   63   64   61   64   71   52                                   
    55.0-180.0 180.0   5.0 450.0                            LAT/LON1/LON2/DLON/H
   63   54   51   50   50   53   56   59   61   64   65   66   66   65   64   64
   65   67   69   70   70   68   65   62   59   59   61   66   75   88  104  123
  145  167  187  204  218  228  236  243  250  258  265  271  276  278  279  278
  275  271  265  256  246  234  221  209  198  187  176  162  147  129  111   96
   83   75   72   70   73   72   76   80   63                                   
    52.5-180.0 180.0   5.0 450.0                            LAT/LON1/LON2/DLON/H
   81   71   65   60   57   58   59   59   61   62   63   64   64   63   62   61
   62   63   64   65   64   62   60   58   57   59   64   72   82   97  114  134
  157  180  201  220  235  246  255  263  271  279  286  290  292  292  290  287
  283  279  274  267  257  247  236  225  215  205  194  180  165  147  129  113
   99   90   87   86   90   90   94   96   81                                   
    50.0-180.0 180.0   5.0 450.0                            LAT/LON1/LON2/DLON/H
  101   93   86   77   72   70   69   66   65   65   66   66   66   64   63   62
   62   62   64   65   65   64   62   61   62   66   73   83   95  109  126  146
  169  193  215  235  251  263  273  282  291  299  305  308  308  305  301  296
  292  288  284  278  271  262  252  243  234  225  214  202  188  171  153  137
  123  113  109  107  111  112  116  114  101                                   
    47.5-180.0 180.0   5.0 450.0                            LAT/LON1/LON2/DLON/H
  120  116  109   98   91   88   84   78   75   74   73   73   72   70   68   67
   66   68   70   71   72   72   72   72   74   79   87   97  109  123  139  158
  179  203  226  247  264  277  288  298  307  315  320  322  320  315  309  303
  298  294  290  286  279  272  263  255  246  238  229  219  206  191  175  160
  146  135  129  126  129  130  133  130  120                                   
    45.0-180.0 180.0   5.0 450.0                            LAT/LON1/LON2/DLON/H
  133  133  128  118  111  106  102   94   90   86   85   84   82   80   77   76
   76   78   81   84   86   87   87   87   90   95  103  112  123  134  148  165
  186  209  233  255  273  288  300  310  319  326  330  331  328  322  314  307
  301  296  291  286  279  272  263  255  247  240  232  223  212  200  186  173
  160  150  141  136  138  139  141  139  133                                   
    42.5-180.0 180.0   5.0 450.0                            LAT/LON1/LON2/DLON/H
  135  140  138  131  127  122  118  111  105  101   99   98   96   93   90   88
   89   91   95   99  101  103  103  103  105  109  116  124  132  142  153  168
  188  211  235  259  279  295  308  318  327  334  337  337  333  326  318  309
  302  295  288  281  272  263  254  246  238  230  223  214  205  195  184  174
  162  152  141  135  135  135  137  137  135                                   
    40.0-180.0 180.0   5.0 450.0                            LAT/LON1/LON2/DLON/H
  127  135  136  134  134  131  129  124  119  116  113  112  110  107  104  102
  103  105  109  113  116  117  116  115  116  119  124  131  138  145  155  169
  188  211  236  260  282  300  314  325  334  340  343  343  339  332  324  315
  306  297  287  277  267  256  245  236  226  218  209  200  191  182  173  165
  155  144  133  124  121  119  121  123  127                                   
    37.5-180.0 180.0   5.0 450.0                            LAT/LON1/LON2/DLON/H
  113  121  125  126  130  130  131  129  127  126  125  124  123  120  117  115
  116  118  121  125  126  126  124  121  120  122  127  133  140  148  158  171
  189  212  237  262  286  306  321  334  343  348  351  352  349  344  338  329
  320  309  298  285  273  261  249  238  227  216  205  194  183  173  164  157
  148  137  124  112  105   99  101  104  113                                   
    35.0-180.0 180.0   5.0 450.0                            LAT/LON1/LON2/DLON/H
   99  105  109  111  118  120  124  126  128  129  130  132  131  129  127  126
  126  128  130  132  132  129  125  121  119  121  126  134  143  152  162  175
  192  215  240  267  292  314  331  345  355  361  365  367  367  365  362  356
  348  338  326  313  300  287  275  264  252  239  225  210  195  183  172  164
  154  142  128  111   99   86   86   89   99                                   
    32.5-180.0 180.0   5.0 450.0                            LAT/LON1/LON2/DLON/H
   93   94   96   96  102  105  111  116  120  124  128  133  135  134  133  133
  133  134  135  135  133  128  123  117  115  118  125  135  146  157  169  182
  200  222  248  275  302  326  346  361  372  380  385  390  393  396  397  396
  392  385  375  364  352  340  329  318  305  291  274  256  238  221  208  197
  185  172  155  133  114   93   88   85   93                                   
    30.0-180.0 180.0   5.0 450.0                            LAT/LON1/LON2/DLON/H
  100   96   92   88   91   92   97  102  107  113  120  127  132  134  135  135
  136  136  136  134  131  125  118  112  111  115  124  137  151  165  179  194
  212  234  260  289  317  343  365  382  395  405  413  420  428  437  444  449
  451  450  445  438  430  422  412  402  389  373  355  334  312  292  275  260
  246  231  212  184  158  126  114  101  100                                   
    27.5-180.0 180.0   5.0 450.0                            LAT/LON1/LON2/DLON/H
  124  115  103   92   89   86   89   92   96  102  109  118  124  128  131  133
  135  136  135  132  127  121  114  109  108  114  125  141  159  176  194  211
  230  252  278  307  336  363  387  407  423  435  446  457  470  485  499  513
  523  530  533  534  532  528  522  514  502  485  464  441  416  392  370  351
  333  317  294  263  230  188  165  138  124                                   
    25.0-180.0 180.0   5.0 450.0                            LAT/LON1/LON2/DLON/H
  166  152  131  111  102   93   92   90   91   94  101  108  115  120  125  128
  131  132  132  129  124  118  112  108  108  115  128  147  169  190  211  230
  251  274  300  329  358  386  412  435  453  469  483  498  517  538  560  582
  601  618  630  639  643  645  644  639  629  613  592  567  539  510  483  458
  437  419  394  359  320  268  233  194  166                                   
    22.5-180.0 180.0   5.0 450.0                            LAT/LON1/LON2/DLON/H
  220  205  175  145  128  114  107  100   96   95   98  103  108  113  118  122
  125  128  128  125  121  116  112  109  110  118  133  154  179  204  228  251
  274  298  324  353  382  411  439  463  484  503  521  541  565  591  619  647
  673  696  715  729  738  743  746  745  739  727  708  684  655  624  593  563
  538  520  493  458  413  355  309  263  220                                   
    20.0-180.0 180.0   5.0 450.0                            LAT/LON1/LON2/DLON/H
  281  265  230  192  168  148  135  123  112  105  103  104  107  110  113  117
  121  124  124  122  119  116  112  111  113  122  139  162  188  216  244  270
  295  321  348  377  406  435  463  489  513  536  557  581  607  636  667  696
  723  747  767  781  790  797  801  804  802  794  780  759  732  701  668  635
  609  592  568  536  489  432  382  334  281                                   
    17.5-180.0 180.0   5.0 450.0                            LAT/LON1/LON2/DLON/H
  336  321  288  247  214  192  173  156  139  125  116  112  111  111  112  115
  118  121  122  121  118  115  113  113  117  127  144  167  195  225  255  285
  313  340  368  397  426  455  484  512  538  563  587  612  639  668  696  722
  745  766  781  792  799  803  807  811  811  806  795  777  753  722  689  655
  629  615  597  572  529  480  438  392  336                                   
    15.0-180.0 180.0   5.0 450.0                            LAT/LON1/LON2/DLON/H
  375  363  338  299  262  239  217  196  173  153  137  126  120  116  115  116
  118  121  121  119  117  114  114  115  121  132  149  171  199  230  263  295
  326  355  383  412  441  470  499  528  556  582  607  633  658  683  705  725
  742  756  767  773  775  776  778  779  779  775  764  748  724  693  658  622
  595  582  572  556  526  491  460  424  375                                   
    12.5-180.0 180.0   5.0 450.0                            LAT/LON1/LON2/DLON/H
  394  385  371  339  304  282  260  238  211  185  163  146  134  126  121  119
  120  121  121  118  116  115  116  119  126  137  154  176  203  235  268  302
  335  365  393  422  450  480  510  539  567  593  617  641  663  683  699  712
  722  730  735  736  734  731  730  729  726  719  707  689  664  630  593  554
  523  510  505  499  485  466  449  425  394                                   
    10.0-180.0 180.0   5.0 450.0                            LAT/LON1/LON2/DLON/H
  394  389  384  359  329  311  293  273  246  217  191  169  152  139  130  126
  124  124  122  120  118  118  120  124  132  145  162  184  211  241  275  309
  342  372  401  429  457  486  516  545  573  598  621  642  661  677  688  695
  701  704  705  702  697  692  688  683  677  666  651  629  599  562  520  477
  443  427  422  423  423  421  414  403  394                                   
     7.5-180.0 180.0   5.0 450.0                            LAT/LON1/LON2/DLON/H
  383  381  381  361  337  322  310  294  270  243  215  191  171  155  142  134
  130  128  125  123  121  122  125  130  140  155  174  197  224  254  286  319
