data/edconvlstm_nd/pred1940.15i
     1.0            IONOSPHERE MAPS     GNSS                IONEX VERSION / TYPE
pyspatialgeodesy        IME             05-JAN-18 20:20     PGM / RUN BY / DATE 
Map Name                                                    COMMENT             
Predicted global ionosphere maps (GIM).                     DESCRIPTION         
  2015     7    13     0     0     0                        EPOCH OF FIRST MAP  
  2015     7    14     0     0     0                        EPOCH OF LAST MAP   
  7200                                                      INTERVAL            
    13                                                      # OF MAPS IN FILE   
  NONE                                                      MAPPING FUNCTION    
10.0                                                        ELEVATION CUTOFF    
One-way carrier phase leveled to code                       OBSERVABLES USED    
  6371.0                                                    BASE RADIUS         
 2                                                          MAP DIMENSION       
   450.0 450.0   0.0                                        HGT1 / HGT2 / DHGT  
    87.5 -87.5  -2.5                                        LAT1 / LAT2 / DLAT  
  -180.0 180.0   5.0                                        LON1 / LON2 / DLON  
    -1                                                      EXPONENT            
                                                            END OF HEADER       
[from data line 2574]
     7                                                      START OF TEC MAP    
  2015     7    13    12     0     0                        EPOCH OF CURRENT MAP
    87.5-180.0 180.0   5.0 450.0                            LAT/LON1/LON2/DLON/H
  156  154  150  155  158  158  157  156  158  159  159  160  160  161  161  162
  162  162  163  163  163  163  163  163  163  163  162  162  162  161  161  160
  159  158  157  156  155  154  153  152  152  151  150  150  149  149  149  149
  149  149  149  149  149  149  150  150  150  150  150  150  150  149  149  149
  149  150  149  148  155  153  159  156  156                                   
    85.0-180.0 180.0   5.0 450.0                            LAT/LON1/LON2/DLON/H
  147  150  158  155  155  158  159  160  162  163  163  164  164  165  166  166
  167  167  168  168  169  169  169  169  170  170  170  169  169  169  168  167
  166  165  164  163  161  160  158  157  156  155  154  153  153  153  153  153
  153  154  154  155  155  155  156  156  156  156  156  156  155  155  154  154
  155  155  151  150  150  148  154  156  147                                   
    82.5-180.0 180.0   5.0 450.0                            LAT/LON1/LON2/DLON/H
  132  143  146  143  144  147  149  150  151  152  153  154  154  155  156  157
  158  159  159  160  161  162  163  163  164  165  165  166  166  166  166  165
  164  163  161  160  158  156  154  152  150  149  148  148  147  147  148  148
  149  150  151  152  153  153  154  154  154  154  153  152  151  150  148  147
  146  145  141  142  141  146  146  136  132                                   
    80.0-180.0 180.0   5.0 450.0                            LAT/LON1/LON2/DLON/H
  129  136  139  139  141  142  143  146  148  149  149  150  151  152  152  153
  154  155  156  157  158  159  160  161  162  163  164  165  166  167  167  167
  166  165  163  160  158  155  153  150  148  147  146  145  145  146  147  149
  150  152  154  155  157  158  158  159  158  158  157  155  153  151  149  147
  145  143  139  138  135  137  142  130  129                                   
    77.5-180.0 180.0   5.0 450.0                            LAT/LON1/LON2/DLON/H
  133  133  135  136  138  139  140  142  143  143  143  144  145  145  146  147
  148  149  150  151  152  153  155  156  158  160  162  165  167  168  170  170
  170  169  168  166  163  160  157  154  152  151  150  150  151  152  154  157
  159  162  165  167  169  170  171  171  171  170  168  165  162  159  155  152
  148  145  139  137  138  134  136  131  133                                   
    75.0-180.0 180.0   5.0 450.0                            LAT/LON1/LON2/DLON/H
  131  131  129  132  135  137  137  138  139  139  139  140  140  141  141  142
  143  144  145  146  147  148  149  151  153  156  159  162  165  168  171  172
  173  173  172  170  167  164  161  158  156  154  154  154  156  158  160  163
  166  169  172  175  177  179  180  180  180  178  176  174  170  167  162  158
  153  149  143  137  137  135  137  125  131                                   
    72.5-180.0 180.0   5.0 450.0                            LAT/LON1/LON2/DLON/H
  130  130  127  131  132  135  135  136  136  136  135  135  136  137  138  139
  140  141  142  142  143  144  145  146  148  151  155  159  163  167  171  174
  176  177  177  175  173  170  167  165  163  162  162  163  165  167  170  172
  175  178  181  183  185  186  187  188  187  186  185  182  180  176  172  168
  162  157  151  144  141  137  138  131  130                                   
    70.0-180.0 180.0   5.0 450.0                            LAT/LON1/LON2/DLON/H
  132  129  126  128  129  130  131  131  131  131  130  131  131  133  134  135
  136  137  138  138  138  138  139  140  142  144  148  152  157  163  168  172
  175  177  177  176  174  172  169  168  167  167  167  169  170  172  174  176
  178  179  181  182  183  184  184  184  185  184  184  183  182  180  177  174
  169  164  157  150  145  141  142  135  132                                   
    67.5-180.0 180.0   5.0 450.0                            LAT/LON1/LON2/DLON/H
  132  130  126  128  129  130  130  130  130  129  129  130  132  134  135  137
  138  139  139  139  138  138  137  138  139  142  145  150  155  161  167  172
  176  179  179  179  177  176  174  173  174  175  176  178  179  180  181  181
  181  181  181  180  180  180  180  180  181  182  183  184  184  184  183  182
  179  174  167  159  152  147  146  138  132                                   
    65.0-180.0 180.0   5.0 450.0                            LAT/LON1/LON2/DLON/H
  132  129  124  126  126  127  127  126  126  126  126  128  131  133  136  138
  139  139  139  138  137  136  136  136  137  139  142  147  153  159  165  171
  176  179  180  180  179  178  178  178  180  182  184  186  187  186  185  183
  181  179  177  175  174  172  171  172  173  175  177  180  183  185  187  187
  185  182  175  167  160  154  152  144  132                                   
    62.5-180.0 180.0   5.0 450.0                            LAT/LON1/LON2/DLON/H
  130  127  122  122  121  122  122  121  121  121  122  125  129  133  136  138
  139  139  138  137  136  135  134  135  136  139  142  147  152  159  166  172
  177  181  182  183  182  182  183  184  187  190  193  195  195  193  190  186
  182  179  175  172  169  167  166  165  167  170  174  178  183  187  190  192
  191  188  182  174  166  157  155  148  130                                   
    60.0-180.0 180.0   5.0 450.0                            LAT/LON1/LON2/DLON/H
  129  124  117  117  115  115  114  113  112  113  115  119  124  129  133  135
  136  136  134  133  131  131  131  133  135  138  142  147  153  160  167  174
  179  183  185  186  186  186  188  191  195  199  202  203  202  199  194  189
  184  179  175  171  168  165  163  163  165  168  172  178  183  188  191  194
  193  191  185  176  168  158  156  149  129                                   
    57.5-180.0 180.0   5.0 450.0                            LAT/LON1/LON2/DLON/H
  128  121  112  112  109  108  107  104  103  103  106  110  116  121  126  130
  131  130  128  127  126  126  128  131  134  139  144  150  156  164  171  178
  184  189  191  193  193  194  196  199  204  209  212  213  211  207  201  195
  189  185  181  177  174  171  169  168  169  172  176  181  186  191  194  196
  195  193  187  178  169  158  156  149  128                                   
    55.0-180.0 180.0   5.0 450.0                            LAT/LON1/LON2/DLON/H
  128  119  110  109  104  103  100   96   94   93   95   99  105  111  117  121
  122  122  121  119  119  121  124  128  134  140  146  153  160  168  176  184
  191  196  199  201  202  203  205  209  214  219  222  223  220  215  208  202
  197  193  191  188  185  182  179  178  179  181  184  188  192  195  196  197
  196  192  186  177  168  157  154  148  128                                   
    52.5-180.0 180.0   5.0 450.0                            LAT/LON1/LON2/DLON/H
  131  121  111  109  103  100   96   91   87   84   85   88   94  100  106  111
  114  114  114  113  114  117  121  127  134  141  149  156  164  172  181  189
  197  204  208  211  212  214  216  220  225  230  233  233  229  224  217  211
  207  205  203  201  199  196  193  191  191  193  195  197  199  200  199  198
  195  191  185  176  167  156  154  147  131                                   
    50.0-180.0 180.0   5.0 450.0                            LAT/LON1/LON2/DLON/H
  137  126  115  113  106  101   96   89   84   79   78   80   84   90   97  102
  107  109  110  111  112  116  121  128  135  143  151  159  168  176  185  195
  204  211  217  221  224  226  229  232  237  241  244  243  240  234  227  222
  219  217  217  215  213  210  207  205  204  205  206  206  206  205  202  200
  195  190  184  175  167  157  156  148  137                                   
    47.5-180.0 180.0   5.0 450.0                            LAT/LON1/LON2/DLON/H
  144  134  123  120  112  106  100   92   85   79   76   76   79   84   90   97
  103  107  110  113  116  120  125  132  139  147  155  163  171  179  189  199
  209  218  226  233  237  240  242  246  250  253  256  255  251  245  239  234
  231  230  229  228  225  221  218  215  214  214  215  214  212  208  204  201
  196  190  184  176  169  160  159  151  144                                   
    45.0-180.0 180.0   5.0 450.0                            LAT/LON1/LON2/DLON/H
  151  143  133  129  121  114  107   98   91   84   79   77   78   81   88   95
  103  109  115  119  124  128  133  139  145  152  159  166  174  182  191  202
  213  225  235  244  250  254  257  261  264  267  269  268  264  258  252  247
  244  243  241  239  235  230  226  223  222  222  221  219  216  211  206  202
  197  192  185  178  171  164  164  156  151                                   
    42.5-180.0 180.0   5.0 450.0                            LAT/LON1/LON2/DLON/H
  157  151  140  136  128  121  115  106   99   91   86   82   81   84   89   97
  107  115  123  130  136  141  145  149  153  158  164  170  177  185  194  205
  218  232  245  255  264  270  274  277  281  283  285  284  280  275  269  263
  260  257  254  250  244  238  233  230  229  229  228  225  220  215  210  205
  200  195  189  182  175  169  170  161  157                                   
    40.0-180.0 180.0   5.0 450.0                            LAT/LON1/LON2/DLON/H
  160  156  145  140  133  126  121  113  107  101   95   91   88   89   94  102
  112  123  134  143  150  155  159  162  164  167  171  176  182  190  199  211
  225  241  256  269  279  287  293  297  300  302  304  303  299  294  288  283
  279  275  270  264  256  249  244  241  240  239  237  233  227  221  215  211
  207  202  195  188  180  174  175  165  160                                   
    37.5-180.0 180.0   5.0 450.0                            LAT/LON1/LON2/DLON/H
  162  159  147  140  134  127  123  118  114  109  104  100   97   97  101  108
  119  131  144  155  165  171  174  175  176  177  180  185  190  198  208  220
  236  253  270  285  298  307  314  319  322  324  325  324  322  317  312  307
  303  298  292  285  276  268  263  259  258  256  252  246  238  230  224  220
  216  211  204  195  185  179  181  169  162                                   
    35.0-180.0 180.0   5.0 450.0                            LAT/LON1/LON2/DLON/H
  162  159  146  138  132  126  123  119  118  115  112  109  106  105  108  115
  125  138  152  166  178  186  189  190  189  189  191  196  202  210  221  234
  251  270  288  305  319  330  338  343  346  348  349  348  346  343  339  336
  332  328  323  315  307  298  292  288  285  281  274  265  255  245  237  232
  227  222  214  204  192  185  186  173  162                                   
    32.5-180.0 180.0   5.0 450.0                            LAT/LON1/LON2/DLON/H
  164  159  145  136  129  123  122  119  120  119  118  115  113  112  114  120
  130  143  159  174  188  198  203  203  202  201  204  209  216  226  238  253
  272  292  311  328  343  354  362  368  371  372  373  372  371  370  368  367
  366  365  361  355  348  340  332  326  320  313  303  290  276  263  253  246
  241  234  226  214  200  191  193  179  164                                   
    30.0-180.0 180.0   5.0 450.0                            LAT/LON1/LON2/DLON/H
  167  161  147  136  129  122  121  119  120  121  121  120  118  117  119  125
  134  147  163  180  196  208  214  215  214  214  217  224  233  244  258  276
  297  317  337  354  367  378  386  391  394  395  395  395  395  395  397  399
  402  405  405  403  397  389  380  371  361  350  335  318  300  283  270  261
  253  246  237  223  208  199  200  185  167                                   
    27.5-180.0 180.0   5.0 450.0                            LAT/LON1/LON2/DLON/H
  173  167  153  141  132  125  124  121  123  123  124  124  123  122  124  129
  137  149  165  184  202  215  223  225  225  226  231  239  249  263  281  301
  324  345  364  379  391  399  406  411  413  414  413  414  415  418  423  429
  437  445  450  451  447  439  428  415  400  383  364  343  321  301  284  272
  262  254  245  231  215  207  207  193  173                                   
    25.0-180.0 180.0   5.0 450.0                            LAT/LON1/LON2/DLON/H
  180  175  163  149  140  132  130  127  127  128  128  128  127  127  128  132
  140  152  168  187  205  220  229  232  234  236  242  252  265  282  303  326
  350  372  389  401  410  416  422  426  428  428  428  428  431  436  444  455
  467  479  488  492  490  481  467  449  429  407  385  360  336  312  293  277
  265  257  247  235  220  214  214  201  180                                   
    22.5-180.0 180.0   5.0 450.0                            LAT/LON1/LON2/DLON/H
  188  185  175  160  150  142  140  135  135  134  134  133  132  131  133  136
  143  154  170  188  207  222  231  236  239  244  251  263  279  299  322  348
  373  393  408  417  423  428  432  436  438  439  439  440  444  451  461  474
  488  503  514  520  518  508  490  467  442  417  392  366  341  316  294  277
  263  254  245  234  222  218  218  208  188                                   
    20.0-180.0 180.0   5.0 450.0                            LAT/LON1/LON2/DLON/H
  192  192  185  170  160  153  150  145  144  142  140  138  137  136  137  140
  147  157  172  189  207  221  231  237  242  248  258  271  289  312  337  364
  388  407  420  428  433  436  440  443  446  447  448  449  454  462  473  486
  501  514  525  531  528  515  494  468  439  412  387  362  337  312  290  272
  257  248  239  229  220  219  219  211  192                                   
    17.5-180.0 180.0   5.0 450.0                            LAT/LON1/LON2/DLON/H
  192  195  191  176  168  161  160  155  153  149  146  144  141  140  140  143
  149  158  172  188  205  219  229  236  243  251  262  277  297  321  347  373
  396  414  427  435  440  443  447  451  454  455  457  458  463  471  481  493
  505  516  524  527  521  506  483  454  425  397  373  350  327  304  283  265
  249  240  231  223  216  216  215  208  192                                   
    15.0-180.0 180.0   5.0 450.0                            LAT/LON1/LON2/DLON/H
  187  191  190  176  170  164  165  161  158  155  151  148  145  142  142  143
  149  158  170  185  201  214  225  234  243  253  265  282  302  326  353  378
  400  418  431  441  447  452  456  460  463  465  467  469  473  480  488  496
  504  510  514  513  505  488  463  434  405  379  356  335  314  293  274  256
  241  231  221  214  208  208  207  201  187                                   
    12.5-180.0 180.0   5.0 450.0                            LAT/LON1/LON2/DLON/H
  178  183  182  171  166  162  164  161  160  156  153  149  146  143  141  142
  146  155  166  180  195  208  220  231  243  254  268  285  306  330  356  381
  403  421  436  448  456  463  468  472  475  477  478  480  483  487  493  497
  500  502  501  497  486  468  443  415  388  364  343  323  304  285  267  250
  234  223  213  206  199  196  196  189  178                                   
    10.0-180.0 180.0   5.0 450.0                            LAT/LON1/LON2/DLON/H
  167  172  171  162  159  155  158  157  156  153  150  147  143  140  138  138
  141  149  160  173  187  202  216  230  243  257  272  289  309  333  358  383
  405  425  442  456  467  475  481  485  488  489  489  489  490  493  496  497
  497  494  490  483  471  453  430  404  380  359  339  320  300  281  263  246
  230  218  206  198  191  184  183  176  167                                   
     7.5-180.0 180.0   5.0 450.0                            LAT/LON1/LON2/DLON/H
  159  161  159  152  149  145  148  148  148  146  143  141  138  135  132  132
  135  141  152  165  180  196  212  229  245  260  276  293  313  337  362  386
