data/edconvlstm_nd/pred2550.15i
     1.0            IONOSPHERE MAPS     GNSS                IONEX VERSION / TYPE
pyspatialgeodesy        IME             05-JAN-18 20:20     PGM / RUN BY / DATE 
Map Name                                                    COMMENT             
Predicted global ionosphere maps (GIM).                     DESCRIPTION         
  2015     9    12     0     0     0                        EPOCH OF FIRST MAP  
  2015     9    13     0     0     0                        EPOCH OF LAST MAP   
  7200                                                      INTERVAL            
    13                                                      # OF MAPS IN FILE   
  NONE                                                      MAPPING FUNCTION    
10.0                                                        ELEVATION CUTOFF    
One-way carrier phase leveled to code                       OBSERVABLES USED    
  6371.0                                                    BASE RADIUS         
 2                                                          MAP DIMENSION       
   450.0 450.0   0.0                                        HGT1 / HGT2 / DHGT  
    87.5 -87.5  -2.5                                        LAT1 / LAT2 / DLAT  
  -180.0 180.0   5.0                                        LON1 / LON2 / DLON  
    -1                                                      EXPONENT            
                                                            END OF HEADER       
[from data line 1716]
     5                                                      START OF TEC MAP    
  2015     9    12     8     0     0                        EPOCH OF CURRENT MAP
    87.5-180.0 180.0   5.0 450.0                            LAT/LON1/LON2/DLON/H
   70   77   76   78   78   78   77   72   72   74   73   74   74   74   74   73
   73   73   73   73   72   72   72   72   71   71   71   70   70   70   70   70
   70   69   69   69   69   69   70   70   70   70   70   70   71   71   71   71
   71   71   71   71   71   71   71   71   71   71   70   70   70   70   70   70
   71   72   71   70   76   79   89   87   70                                   
    85.0-180.0 180.0   5.0 450.0                            LAT/LON1/LON2/DLON/H
   69   85   88   82   83   85   84   83   83   84   83   84   83   83   83   83
   83   82   82   82   82   82   82   82   82   82   82   82   81   81   81   81
   81   81   81   81   81   81   81   82   82   82   82   83   83   84   84   84
   85   85   85   85   84   84   84   83   83   82   82   81   81   80   80   80
   81   82   78   78   78   83   90   89   69                                   
    82.5-180.0 180.0   5.0 450.0                            LAT/LON1/LON2/DLON/H
   73   82   90   83   82   85   84   83   83   84   83   83   83   82   82   81
   81   80   80   80   79   79   79   79   79   79   79   80   80   80   80   80
   80   81   81   81   81   82   82   83   84   85   86   87   88   89   90   91
   92   92   92   92   92   91   90   89   88   87   86   85   84   83   82   82
   82   82   79   78   82   83   79   78   73                                   
    80.0-180.0 180.0   5.0 450.0                            LAT/LON1/LON2/DLON/H
   78   79   84   80   81   80   79   78   78   78   76   76   75   74   74   73
   72   72   71   71   71   71   71   71   72   72   72   73   74   74   75   75
   76   76   77   78   78   79   80   81   83   85   87   89   91   93   95   97
   98   99   99   99   99   98   96   95   93   91   89   87   85   83   82   81
   81   80   79   79   81   84   85   80   78                                   
    77.5-180.0 180.0   5.0 450.0                            LAT/LON1/LON2/DLON/H
   81   80   80   78   76   77   76   75   74   72   70   69   67   66   65   64
   64   63   63   63   63   63   63   64   64   64   65   66   67   68   69   70
   71   72   73   74   74   76   77   79   82   85   89   92   96  100  103  106
  108  109  110  110  109  108  106  103  101   98   95   92   89   87   85   83
   82   81   79   80   79   76   76   78   81                                   
    75.0-180.0 180.0   5.0 450.0                            LAT/LON1/LON2/DLON/H
   74   76   72   71   70   72   70   67   66   64   60   58   56   54   53   52
   51   51   51   51   51   51   51   51   51   52   53   54   56   57   59   61
   63   64   65   66   67   69   71   74   77   81   86   92   97  102  106  110
  113  115  115  115  115  113  111  108  105  102   99   96   93   90   87   86
   84   82   79   76   76   73   74   72   74                                   
    72.5-180.0 180.0   5.0 450.0                            LAT/LON1/LON2/DLON/H
   72   73   69   68   68   71   70   67   64   62   58   56   53   51   49   49
   48   48   48   47   47   47   46   46   46   46   47   48   50   53   56   58
   61   63   64   66   67   69   71   74   79   84   90   97  103  109  114  118
  121  123  124  124  123  121  119  117  114  111  108  105  102   99   96   94
   92   89   87   83   80   76   74   73   72                                   
    70.0-180.0 180.0   5.0 450.0                            LAT/LON1/LON2/DLON/H
   73   69   67   65   64   67   65   63   61   58   54   52   49   47   45   44
   44   44   44   43   43   42   41   40   39   39   40   42   44   48   51   55
   58   61   63   64   66   68   70   74   79   85   93  100  107  113  119  122
  125  126  126  125  124  123  121  120  118  116  113  111  108  106  103  101
   98   95   92   87   82   78   77   75   73                                   
    67.5-180.0 180.0   5.0 450.0                            LAT/LON1/LON2/DLON/H
   68   64   62   60   60   62   61   60   59   56   53   51   48   46   45   44
   43   43   43   43   42   41   39   38   36   36   36   38   40   44   48   52
   56   59   62   63   65   67   70   74   79   86   94  102  109  115  119  121
  122  122  122  121  120  119  119  118  117  116  115  114  112  110  108  106
  103   99   96   90   84   78   75   73   68                                   
    65.0-180.0 180.0   5.0 450.0                            LAT/LON1/LON2/DLON/H
   66   61   58   56   56   58   58   57   57   56   53   52   49   48   46   46
   45   45   45   45   44   42   40   38   36   35   35   36   39   43   47   52
   56   60   62   64   66   68   72   77   83   90   99  107  114  119  122  123
  122  121  119  118  118  118  118  119  119  120  120  119  118  116  114  112
  109  105  102   95   88   82   78   76   66                                   
    62.5-180.0 180.0   5.0 450.0                            LAT/LON1/LON2/DLON/H
   64   59   56   53   53   54   54   54   55   54   52   52   50   49   48   47
   47   47   47   46   45   44   41   39   37   35   35   36   39   42   46   51
   56   59   63   65   67   70   74   79   86   95  103  111  118  122  123  123
  121  119  117  116  116  117  119  120  122  123  123  123  123  121  119  117
  114  110  106   99   92   86   82   79   64                                   
    60.0-180.0 180.0   5.0 450.0                            LAT/LON1/LON2/DLON/H
   66   60   56   52   50   50   50   50   50   50   49   49   48   48   47   47
   46   46   46   45   44   43   40   38   36   35   35   36   38   41   45   49
   53   57   61   64   68   71   75   81   89   97  106  114  120  124  125  123
  121  119  117  117  118  120  122  124  126  127  127  127  126  124  122  119
  116  112  109  102   96   91   86   83   66                                   
    57.5-180.0 180.0   5.0 450.0                            LAT/LON1/LON2/DLON/H
   72   66   61   55   51   49   47   46   46   46   45   46   46   46   45   45
   45   44   44   43   42   41   39   37   36   35   35   36   38   40   43   47
   52   56   61   65   69   73   78   85   92  101  110  119  125  128  129  128
  126  124  123  124  126  129  131  133  134  135  135  134  133  130  127  124
  120  117  114  108  104   99   95   91   72                                   
    55.0-180.0 180.0   5.0 450.0                            LAT/LON1/LON2/DLON/H
   82   77   71   63   56   52   47   44   42   41   40   41   42   42   42   42
   41   41   40   39   38   37   36   35   35   35   35   36   37   39   42   46
   50   55   61   66   71   76   82   88   96  105  114  122  129  133  134  134
  134  133  134  136  139  142  144  145  145  145  144  142  140  137  133  130
  126  122  120  116  112  109  105  100   82                                   
    52.5-180.0 180.0   5.0 450.0                            LAT/LON1/LON2/DLON/H
   96   92   86   76   67   59   51   44   39   37   35   36   37   38   39   39
   38   37   36   36   35   34   34   33   34   34   35   37   38   40   42   45
   50   56   63   70   76   81   87   93  100  108  118  126  133  139  142  143
  145  146  148  151  154  156  157  157  156  155  153  151  148  145  141  137
  133  129  128  124  122  121  117  112   96                                   
    50.0-180.0 180.0   5.0 450.0                            LAT/LON1/LON2/DLON/H
  111  109  103   93   82   71   59   48   40   35   33   33   34   35   36   36
   35   34   34   33   32   32   32   32   33   35   36   38   39   41   43   47
   52   59   67   76   82   88   93   98  105  113  122  131  139  145  150  154
  157  159  162  165  167  168  168  167  165  163  161  159  157  154  150  146
  142  138  137  133  132  132  128  122  111                                   
    47.5-180.0 180.0   5.0 450.0                            LAT/LON1/LON2/DLON/H
  124  123  118  109   98   86   71   56   45   37   33   33   33   34   35   35
   34   33   32   32   32   32   32   33   34   36   37   39   41   43   46   50
   56   65   75   84   91   97  101  105  111  118  127  136  145  153  159  164
  168  172  174  175  176  175  174  171  169  167  166  165  164  162  158  155
  151  147  145  141  140  140  136  130  124                                   
    45.0-180.0 180.0   5.0 450.0                            LAT/LON1/LON2/DLON/H
  131  131  127  120  110   99   83   67   52   42   36   35   34   35   36   36
   35   34   34   33   33   34   34   35   36   37   39   41   43   46   49   55
   63   73   84   94  101  106  110  113  118  125  134  143  153  161  169  175
  179  181  182  182  180  177  174  171  169  168  168  169  169  169  166  164
  159  155  151  147  145  144  139  134  131                                   
    42.5-180.0 180.0   5.0 450.0                            LAT/LON1/LON2/DLON/H
  129  129  127  122  116  107   92   77   61   50   42   39   38   38   39   38
   38   37   37   37   37   38   38   38   39   40   42   44   46   49   53   61
   70   82   94  105  112  117  120  122  127  133  142  151  161  170  178  184
  188  189  188  185  181  176  172  170  169  170  171  174  175  176  174  172
  168  162  157  150  147  143  137  132  129                                   
    40.0-180.0 180.0   5.0 450.0                            LAT/LON1/LON2/DLON/H
  122  119  117  115  112  106   95   82   69   57   49   45   43   43   43   43
   43   42   42   42   43   43   43   43   43   43   44   46   48   52   58   67
   79   92  105  116  123  127  130  132  137  143  152  161  171  181  189  195
  198  199  196  191  184  178  174  172  173  175  178  181  184  184  183  181
  176  170  163  154  147  141  133  128  122                                   
    37.5-180.0 180.0   5.0 450.0                            LAT/LON1/LON2/DLON/H
  110  104  102  101   99   97   91   82   72   63   56   52   50   49   49   49
   49   48   48   48   49   49   49   48   47   47   46   47   50   55   63   74
   87  102  116  126  134  138  140  142  147  154  163  173  183  193  202  209
  213  213  209  203  196  190  185  184  185  189  193  196  198  198  196  193
  188  180  171  160  151  140  130  123  110                                   
    35.0-180.0 180.0   5.0 450.0                            LAT/LON1/LON2/DLON/H
  101   90   85   83   82   81   80   76   71   65   61   58   56   56   56   56
   56   55   54   54   54   55   54   53   52   50   49   49   52   58   68   81
   96  112  126  137  144  147  150  153  158  166  175  186  197  208  219  228
  233  235  233  228  221  215  211  209  211  214  218  220  220  218  215  211
  205  196  185  172  160  145  133  123  101                                   
    32.5-180.0 180.0   5.0 450.0                            LAT/LON1/LON2/DLON/H
   99   83   73   68   65   65   66   66   66   64   62   62   62   62   63   64
   63   62   60   59   59   59   59   58   56   53   51   51   54   61   73   87
  104  121  135  146  153  157  160  164  169  178  188  200  213  227  240  252
  261  266  267  265  260  255  251  249  250  252  254  254  252  248  242  237
  229  219  207  192  178  160  146  132   99                                   
    30.0-180.0 180.0   5.0 450.0                            LAT/LON1/LON2/DLON/H
  109   86   71   60   55   53   55   57   59   60   62   64   65   67   69   71
   70   68   65   63   63   63   63   62   59   56   54   53   56   64   77   94
  112  129  143  155  162  167  170  175  181  190  201  215  231  248  266  282
  295  304  310  312  310  307  303  300  299  298  298  296  291  285  278  271
  261  251  238  221  206  185  170  151  109                                   
    27.5-180.0 180.0   5.0 450.0                            LAT/LON1/LON2/DLON/H
  131  102   82   64   54   49   50   52   54   57   60   63   67   71   74   76
   76   73   70   67   66   66   66   65   63   60   57   56   59   68   82   99
  118  136  151  163  172  177  182  187  194  203  216  232  250  272  294  314
  332  346  357  363  366  365  361  356  352  349  346  342  336  328  319  311
  300  289  275  257  241  219  202  181  131                                   
    25.0-180.0 180.0   5.0 450.0                            LAT/LON1/LON2/DLON/H
  165  131  107   81   65   56   53   52   54   56   59   63   67   72   77   80
   80   77   73   70   68   69   69   69   67   64   60   58   61   70   85  104
  123  142  158  171  181  188  194  200  207  218  231  249  271  296  322  347
  368  387  402  413  419  419  416  409  402  397  392  387  381  373  364  354
  343  331  316  296  281  258  240  216  165                                   
    22.5-180.0 180.0   5.0 450.0                            LAT/LON1/LON2/DLON/H
  205  169  143  111   89   73   65   60   58   59   60   63   67   72   78   82
   83   80   76   72   71   72   73   73   71   67   63   60   63   72   87  106
  126  145  163  178  190  199  207  214  222  233  248  268  293  321  350  377
  401  422  439  452  461  463  459  452  443  436  431  427  423  416  407  398
  386  373  356  335  319  296  276  253  205                                   
    20.0-180.0 180.0   5.0 450.0                            LAT/LON1/LON2/DLON/H
  245  209  184  148  123  101   87   76   70   66   65   66   69   73   78   82
   83   81   78   75   74   75   76   76   74   70   65   61   63   72   87  106
  126  146  165  182  198  210  221  229  239  251  267  289  316  345  375  403
  426  447  464  477  486  488  484  477  470  464  461  460  458  453  446  437
  424  410  393  369  351  327  305  285  245                                   
    17.5-180.0 180.0   5.0 450.0                            LAT/LON1/LON2/DLON/H
  278  245  223  188  161  135  115   99   87   78   73   71   71   74   78   81
   83   81   79   77   77   78   80   80   77   71   66   61   62   70   84  103
  123  144  165  185  204  220  234  245  256  270  287  310  338  368  397  423
  444  461  475  486  492  494  491  486  482  480  480  483  484  483  478  469
  457  442  422  397  376  349  326  309  278                                   
    15.0-180.0 180.0   5.0 450.0                            LAT/LON1/LON2/DLON/H
  302  273  256  225  198  170  147  126  109   95   85   79   76   76   78   81
   82   82   80   79   80   82   83   82   79   73   66   61   61   68   81   98
  118  140  163  186  209  228  245  259  273  289  308  331  359  388  414  436
  453  465  475  482  486  486  485  483  483  486  491  497  502  503  500  492
  479  465  444  418  392  361  337  324  302                                   
    12.5-180.0 180.0   5.0 450.0                            LAT/LON1/LON2/DLON/H
  317  294  281  255  231  204  178  155  133  114  100   90   83   80   80   81
   83   83   82   83   84   86   87   85   80   73   66   61   60   66   77   94
  113  135  160  186  211  234  254  271  288  306  326  350  377  403  427  444
  456  464  469  472  473  473  474  475  480  488  497  505  512  514  511  503
  492  477  457  430  400  365  341  331  317                                   
    10.0-180.0 180.0   5.0 450.0                            LAT/LON1/LON2/DLON/H
  325  308  300  280  258  232  206  181  157  136  118  105   94   88   85   85
   85   86   87   88   90   91   91   87   82   74   67   61   60   64   75   90
  109  131  157  185  212  236  258  279  298  318  340  364  390  413  433  447
  456  460  462  463  463  463  465  469  477  488  498  508  513  514  510  503
  492  479  460  433  401  365  341  334  325                                   
     7.5-180.0 180.0   5.0 450.0                            LAT/LON1/LON2/DLON/H
  330  320  315  298  279  254  229  204  179  157  138  122  109   99   94   91
   91   92   93   95   97   97   95   90   84   76   68   63   61   65   75   89
