data/edconvlstm_nd/pred2770.15i
     1.0            IONOSPHERE MAPS     GNSS                IONEX VERSION / TYPE
pyspatialgeodesy        IME             05-JAN-18 20:20     PGM / RUN BY / DATE 
Map Name                                                    COMMENT             
Predicted global ionosphere maps (GIM).                     DESCRIPTION         
  2015    10     4     0     0     0                        EPOCH OF FIRST MAP  
  2015    10     5     0     0     0                        EPOCH OF LAST MAP   
  7200                                                      INTERVAL            
    13                                                      # OF MAPS IN FILE   
  NONE                                                      MAPPING FUNCTION    
10.0                                                        ELEVATION CUTOFF    
One-way carrier phase leveled to code                       OBSERVABLES USED    
  6371.0                                                    BASE RADIUS         
 2                                                          MAP DIMENSION       
   450.0 450.0   0.0                                        HGT1 / HGT2 / DHGT  
    87.5 -87.5  -2.5                                        LAT1 / LAT2 / DLAT  
  -180.0 180.0   5.0                                        LON1 / LON2 / DLON  
    -1                                                      EXPONENT            
                                                            END OF HEADER       
[from data line 4290]
    11                                                      START OF TEC MAP    
  2015    10     4    20     0     0                        EPOCH OF CURRENT MAP
    87.5-180.0 180.0   5.0 450.0                            LAT/LON1/LON2/DLON/H
  100   96   88   92   95   93   91   87   87   89   88   89   89   90   91   91
   91   92   92   92   92   92   92   91   91   91   90   90   89   89   88   88
   88   87   87   86   86   85   85   84   84   84   83   83   83   83   83   82
   82   82   82   82   82   82   82   82   83   83   83   83   83   84   84   84
   84   84   82   81   90   88  104  108  100                                   
    85.0-180.0 180.0   5.0 450.0                            LAT/LON1/LON2/DLON/H
  103   97  104   89   88   92   90   90   91   92   92   93   93   94   95   96
   96   97   97   97   97   97   96   96   95   94   94   93   93   92   91   91
   90   89   89   88   88   87   87   86   86   85   85   85   85   85   85   85
   85   85   85   85   85   85   86   86   86   87   87   88   88   88   89   89
   89   89   86   83   87   89   93   91  103                                   
    82.5-180.0 180.0   5.0 450.0                            LAT/LON1/LON2/DLON/H
   81   84   85   79   81   86   87   85   85   86   87   89   90   92   93   95
   96   97   98   98   98   97   97   96   95   94   93   92   91   90   89   89
   88   87   86   85   84   83   82   81   80   80   79   79   79   79   79   79
   80   80   80   80   81   81   81   82   82   83   83   84   84   84   84   84
   85   84   82   82   86   97   91   88   81                                   
    80.0-180.0 180.0   5.0 450.0                            LAT/LON1/LON2/DLON/H
   65   66   71   67   68   67   71   73   74   77   79   82   84   86   89   91
   93   94   95   95   95   94   93   91   89   87   86   84   83   81   80   79
   78   77   76   75   73   72   70   69   68   68   67   67   68   68   69   70
   70   71   72   72   72   73   73   73   74   74   75   75   76   76   77   77
   77   77   76   76   75   81   77   83   65                                   
    77.5-180.0 180.0   5.0 450.0                            LAT/LON1/LON2/DLON/H
   70   65   66   63   66   67   70   72   74   76   79   83   87   91   94   98
  100  102  103  103  102  101   99   96   94   91   89   86   85   83   82   81
   80   79   77   76   74   71   69   67   65   64   64   64   64   65   66   68
   69   70   71   72   72   72   72   72   73   73   73   73   74   74   75   75
   75   75   75   74   75   75   75   84   70                                   
    75.0-180.0 180.0   5.0 450.0                            LAT/LON1/LON2/DLON/H
   66   61   57   57   60   62   65   67   72   77   81   86   91   96  100  104
  107  109  110  110  108  106  103  100   96   92   89   86   83   82   81   80
   79   78   76   74   71   68   66   63   61   60   59   59   61   62   64   66
   68   69   70   71   71   71   71   70   70   70   70   71   71   71   72   73
   73   73   73   70   69   68   66   66   66                                   
    72.5-180.0 180.0   5.0 450.0                            LAT/LON1/LON2/DLON/H
   68   61   57   62   61   65   69   71   75   80   85   91   97  103  108  112
  115  117  118  117  116  113  108  103   98   93   88   84   82   80   78   78
   77   76   74   72   68   65   61   58   55   54   53   54   56   59   62   64
   67   69   70   70   70   69   68   68   67   67   67   67   68   68   69   69
   69   69   69   65   63   63   62   67   68                                   
    70.0-180.0 180.0   5.0 450.0                            LAT/LON1/LON2/DLON/H
   68   62   58   61   62   65   68   72   78   84   91   97  103  109  114  118
  121  123  124  123  121  118  113  107  101   94   88   83   80   77   76   75
   74   73   71   68   64   60   56   52   49   48   47   49   51   55   58   62
   64   66   67   67   66   65   64   62   62   62   62   62   63   64   64   65
   65   64   65   63   62   62   63   67   68                                   
    67.5-180.0 180.0   5.0 450.0                            LAT/LON1/LON2/DLON/H
   70   65   62   68   69   72   77   81   87   93   99  106  112  118  122  126
  129  131  131  131  128  124  119  112  105   97   90   84   79   76   74   73
   72   70   68   64   60   55   50   46   43   41   41   43   46   50   54   57
   60   62   62   62   61   59   58   57   56   57   57   58   59   60   61   62
   61   61   61   59   58   60   60   64   70                                   
    65.0-180.0 180.0   5.0 450.0                            LAT/LON1/LON2/DLON/H
   68   68   66   72   73   77   82   87   94  101  107  114  119  124  128  132
  134  136  136  136  133  130  124  117  109  100   92   85   80   76   73   72
   70   68   65   61   56   50   45   41   38   37   37   38   41   44   48   51
   53   54   54   53   51   49   48   47   48   49   51   52   54   55   56   56
   56   57   57   58   58   62   64   68   68                                   
    62.5-180.0 180.0   5.0 450.0                            LAT/LON1/LON2/DLON/H
   69   71   71   77   80   85   89   95  102  108  115  121  126  131  134  138
  140  141  142  141  139  135  129  122  113  105   96   88   83   78   75   73
   71   68   64   59   54   48   43   39   36   35   35   36   38   40   42   44
   45   45   44   43   41   39   39   39   41   43   46   48   50   51   52   53
   53   54   55   55   56   62   65   69   69                                   
    60.0-180.0 180.0   5.0 450.0                            LAT/LON1/LON2/DLON/H
   71   76   77   82   85   89   95  101  108  114  121  127  132  136  140  143
  145  147  147  145  143  139  133  126  118  110  102   95   89   85   81   78
   75   71   66   61   56   51   46   43   40   39   38   38   38   38   38   38
   38   37   36   34   32   31   32   33   36   39   43   46   48   49   50   50
   51   52   53   54   57   64   70   74   71                                   
    57.5-180.0 180.0   5.0 450.0                            LAT/LON1/LON2/DLON/H
   74   81   82   87   90   95  100  106  113  119  125  131  136  141  146  150
  152  153  152  150  146  142  136  130  123  116  109  103   99   95   92   88
   84   79   74   68   63   59   55   53   50   49   47   45   43   41   39   37
   35   33   31   30   28   28   30   33   36   41   45   48   50   50   51   51
   52   53   55   56   60   68   75   79   74                                   
    55.0-180.0 180.0   5.0 450.0                            LAT/LON1/LON2/DLON/H
   82   89   90   94   97  101  106  111  118  124  130  135  141  147  152  157
  159  159  157  153  148  143  138  132  127  122  117  114  111  108  105  101
   96   91   85   80   75   72   69   67   66   64   61   57   52   48   44   40
   37   34   32   31   30   31   34   38   43   48   52   54   55   55   55   55
   55   57   60   62   66   74   81   85   82                                   
    52.5-180.0 180.0   5.0 450.0                            LAT/LON1/LON2/DLON/H
   92   98  100  103  105  109  113  119  124  129  135  140  146  153  159  165
  167  166  162  156  149  142  137  133  130  127  126  125  124  123  121  116
  111  104   98   93   90   87   86   85   84   82   79   73   67   60   54   48
   44   42   40   39   39   41   44   49   55   60   63   65   64   63   62   62
   62   65   69   71   75   83   91   94   92                                   
    50.0-180.0 180.0   5.0 450.0                            LAT/LON1/LON2/DLON/H
  105  111  113  115  117  121  125  130  135  139  143  148  154  161  169  174
  176  174  167  158  149  142  137  134  133  134  135  136  138  138  135  131
  124  118  112  107  104  103  103  103  103  101   98   92   84   76   68   62
   57   54   52   52   53   55   59   64   70   75   77   78   76   73   71   70
   71   74   79   82   87   94  102  104  105                                   
    47.5-180.0 180.0   5.0 450.0                            LAT/LON1/LON2/DLON/H
  120  125  128  130  132  137  141  146  151  155  158  162  167  173  180  185
  186  182  173  162  152  144  139  137  138  140  144  147  149  149  147  142
  135  128  122  118  116  116  117  118  119  118  115  110  102   93   85   78
   73   70   68   68   69   71   75   81   86   90   92   91   88   84   81   79
   80   84   90   94  100  107  115  116  120                                   
    45.0-180.0 180.0   5.0 450.0                            LAT/LON1/LON2/DLON/H
  135  141  144  147  151  157  161  168  172  176  178  181  185  190  195  199
  198  192  181  169  158  150  145  144  145  148  152  155  156  156  153  147
  140  133  128  125  124  124  126  129  130  131  129  125  118  109  101   94
   89   86   84   83   83   86   90   95  100  103  104  103   99   93   89   87
   87   92   98  104  111  119  129  130  135                                   
    42.5-180.0 180.0   5.0 450.0                            LAT/LON1/LON2/DLON/H
  148  156  161  166  171  179  184  192  197  202  204  206  208  211  214  215
  212  204  193  180  169  161  156  154  155  156  158  159  159  157  152  146
  140  134  130  127  127  129  131  134  137  138  138  135  129  122  114  107
  102   98   95   93   93   95   98  103  108  111  112  110  106  100   96   93
   93   97  105  112  121  130  141  144  148                                   
    40.0-180.0 180.0   5.0 450.0                            LAT/LON1/LON2/DLON/H
  159  170  177  185  192  200  207  217  224  230  233  234  234  235  235  233
  228  219  208  196  186  178  172  169  166  165  163  161  157  153  147  142
  137  133  130  129  129  130  132  135  138  141  142  140  136  129  122  115
  109  104  100   98   97   98  101  105  109  112  114  112  109  103   98   95
   94   99  107  116  127  139  152  157  159                                   
    37.5-180.0 180.0   5.0 450.0                            LAT/LON1/LON2/DLON/H
  168  182  192  200  209  218  228  239  248  257  261  263  262  260  257  253
  246  237  227  217  208  200  192  186  180  173  167  161  154  147  142  138
  136  134  133  132  132  132  134  136  139  141  142  141  137  131  124  117
  111  105  100   96   95   95   98  101  105  109  110  110  107  103   98   95
   94   98  107  117  130  145  160  167  168                                   
    35.0-180.0 180.0   5.0 450.0                            LAT/LON1/LON2/DLON/H
  176  193  203  212  222  231  243  255  267  278  285  288  288  285  280  274
  266  258  250  242  233  224  214  204  194  183  172  162  152  145  141  140
  140  141  141  140  138  137  137  138  139  141  141  140  136  131  124  116
  109  102   97   92   90   90   92   96   99  103  105  105  104  100   96   93
   91   96  105  117  131  150  166  175  176                                   
    32.5-180.0 180.0   5.0 450.0                            LAT/LON1/LON2/DLON/H
  185  203  213  220  230  238  250  264  279  292  302  307  309  306  301  295
  288  281  274  268  259  249  237  223  209  194  180  167  157  151  149  151
  154  157  157  154  151  147  144  143  143  143  142  139  135  129  122  114
  107  100   93   89   87   87   89   92   95   97   99  100  100   98   95   92
   90   94  104  117  132  153  173  181  185                                   
    30.0-180.0 180.0   5.0 450.0                            LAT/LON1/LON2/DLON/H
  196  213  222  226  235  241  252  266  282  298  311  320  324  324  320  315
  309  304  299  293  285  273  259  242  226  210  195  181  172  167  168  173
  179  182  181  176  168  161  155  152  149  147  145  141  136  129  122  115
  108  100   94   90   88   88   90   92   94   95   96   97   97   96   95   93
   92   97  107  120  137  159  182  188  196                                   
    27.5-180.0 180.0   5.0 450.0                            LAT/LON1/LON2/DLON/H
  209  224  231  232  239  242  251  263  280  297  313  326  335  338  337  334
  330  327  323  318  309  296  281  264  247  232  218  206  199  196  200  207
  214  217  212  202  190  178  169  164  159  155  151  145  140  134  127  120
  113  107  101   97   95   95   96   97   97   97   97   96   97   97   97   96
   97  103  114  128  145  168  193  197  209                                   
    25.0-180.0 180.0   5.0 450.0                            LAT/LON1/LON2/DLON/H
  224  236  241  240  244  246  252  262  277  294  313  330  343  350  354  354
  352  350  347  341  332  320  305  291  277  264  253  244  239  238  243  251
  257  256  246  230  212  196  184  177  171  165  160  154  148  143  137  131
  125  119  113  109  107  106  106  106  104  101   99   97   98   99  100  103
  105  113  125  139  157  180  207  209  224                                   
    22.5-180.0 180.0   5.0 450.0                            LAT/LON1/LON2/DLON/H
  238  249  253  251  254  254  257  264  278  295  314  334  351  364  372  375
  376  375  372  366  358  347  336  326  316  308  300  294  291  292  296  301
  302  294  277  254  231  212  199  190  183  177  172  166  161  157  152  147
  141  135  130  125  122  120  118  115  111  106  101   99   99  101  105  110
  115  125  138  153  171  194  222  222  238                                   
    20.0-180.0 180.0   5.0 450.0                            LAT/LON1/LON2/DLON/H
  252  263  267  265  268  267  270  275  287  302  322  343  364  382  394  401
  404  404  401  395  389  383  377  372  368  364  359  355  352  351  352  351
  343  326  301  272  246  225  212  203  197  191  186  181  177  174  170  165
  160  153  147  142  137  133  129  123  117  110  104  100  100  103  109  116
  124  137  151  166  185  207  236  237  252                                   
    17.5-180.0 180.0   5.0 450.0                            LAT/LON1/LON2/DLON/H
  264  278  284  283  288  288  292  296  306  320  339  362  385  406  422  432
  437  438  436  432  429  428  429  431  431  429  425  419  415  410  403  392
  373  347  315  284  257  237  224  217  211  206  202  198  196  193  189  183
  177  170  163  156  150  144  137  130  121  113  106  101  101  104  112  122
  132  147  163  178  196  219  248  251  264                                   
    15.0-180.0 180.0   5.0 450.0                            LAT/LON1/LON2/DLON/H
  273  293  302  304  312  314  321  326  336  349  367  390  415  438  456  469
  477  480  479  478  479  484  492  498  501  498  490  480  469  456  440  418
  389  356  321  291  266  249  239  232  227  223  219  216  214  210  205  199
  191  183  174  167  159  151  143  134  124  115  107  102  102  106  114  125
  137  154  171  187  204  228  257  263  273                                   
    12.5-180.0 180.0   5.0 450.0                            LAT/LON1/LON2/DLON/H
  279  307  320  325  338  343  355  362  374  387  404  426  451  475  495  511
  522  527  530  532  538  548  560  568  569  561  546  528  508  486  460  429
  394  357  324  297  278  264  256  250  245  241  237  233  229  224  217  208
  198  189  180  171  163  154  145  135  125  115  107  103  103  107  116  127
  140  158  176  192  209  234  264  271  279                                   
    10.0-180.0 180.0   5.0 450.0                            LAT/LON1/LON2/DLON/H
  284  318  335  343  362  372  389  400  414  428  444  466  490  514  536  554
  568  577  584  590  599  612  624  630  625  608  583  556  528  499  467  431
  393  358  329  308  294  284  278  271  265  259  253  247  241  232  222  210
  198  187  178  169  161  152  143  133  123  113  106  103  103  107  115  126
  139  157  177  193  211  237  266  276  284                                   
     7.5-180.0 180.0   5.0 450.0                            LAT/LON1/LON2/DLON/H
  288  326  346  357  380  395  418  432  450  466  482  503  525  549  571  591
  608  622  633  642  653  664  672  672  659  633  600  565  533  501  467  431
