data/edconvlstm_nd/pred2190.15i
     1.0            IONOSPHERE MAPS     GNSS                IONEX VERSION / TYPE
pyspatialgeodesy        IME             05-JAN-18 20:20     PGM / RUN BY / DATE 
Map Name                                                    COMMENT             
Predicted global ionosphere maps (GIM).                     DESCRIPTION         
  2015     8     7     0     0     0                        EPOCH OF FIRST MAP  
  2015     8     8     0     0     0                        EPOCH OF LAST MAP   
  7200                                                      INTERVAL            
    13                                                      # OF MAPS IN FILE   
  NONE                                                      MAPPING FUNCTION    
10.0                                                        ELEVATION CUTOFF    
One-way carrier phase leveled to code                       OBSERVABLES USED    
  6371.0                                                    BASE RADIUS         
 2                                                          MAP DIMENSION       
   450.0 450.0   0.0                                        HGT1 / HGT2 / DHGT  
    87.5 -87.5  -2.5                                        LAT1 / LAT2 / DLAT  
  -180.0 180.0   5.0                                        LON1 / LON2 / DLON  
    -1                                                      EXPONENT            
                                                            END OF HEADER       
[from data line 2145]
     6                                                      START OF TEC MAP    
  2015     8     7    10     0     0                        EPOCH OF CURRENT MAP
    87.5-180.0 180.0   5.0 450.0                            LAT/LON1/LON2/DLON/H
  134  139  138  143  145  146  145  143  145  147  147  148  148  148  148  148
  148  148  147  146  146  145  144  143  142  141  139  138  137  136  135  133
  132  131  130  129  128  126  125  125  124  123  123  122  122  121  121  121
  121  121  120  120  120  120  120  120  121  121  121  121  122  122  123  124
  125  127  126  125  131  129  137  136  134                                   
    85.0-180.0 180.0   5.0 450.0                            LAT/LON1/LON2/DLON/H
  134  141  151  148  150  154  155  156  158  160  160  161  161  162  162  162
  161  161  161  160  159  158  157  156  155  154  152  151  150  148  147  145
  144  142  141  139  138  136  135  133  132  131  130  129  128  128  127  127
  126  126  126  126  125  125  125  125  125  125  125  126  126  127  127  128
  131  133  129  129  127  128  134  137  134                                   
    82.5-180.0 180.0   5.0 450.0                            LAT/LON1/LON2/DLON/H
  130  145  149  146  148  153  155  157  159  161  162  164  164  165  165  165
  165  165  164  164  163  162  161  160  159  158  157  156  155  154  153  152
  150  149  147  146  144  143  141  140  138  137  136  135  135  134  133  133
  132  131  130  129  129  128  127  126  125  125  124  123  123  123  123  124
  125  126  123  125  124  128  126  121  130                                   
    80.0-180.0 180.0   5.0 450.0                            LAT/LON1/LON2/DLON/H
  129  138  143  143  145  148  151  155  158  159  160  162  162  163  163  163
  163  163  162  162  161  160  159  158  158  157  156  156  156  155  155  155
  154  153  152  151  150  148  147  146  145  144  144  143  143  142  142  141
  140  139  138  137  135  134  132  130  128  127  125  123  122  121  120  120
  121  121  119  121  119  122  127  119  129                                   
    77.5-180.0 180.0   5.0 450.0                            LAT/LON1/LON2/DLON/H
  128  132  136  138  140  144  146  150  153  154  154  156  156  157  157  157
  158  158  158  157  157  156  155  155  155  155  155  156  157  158  160  161
  162  163  163  163  163  163  162  162  162  162  162  162  163  163  163  162
  161  160  159  157  154  151  149  146  142  139  136  133  130  127  125  123
  122  121  117  118  118  116  118  117  128                                   
    75.0-180.0 180.0   5.0 450.0                            LAT/LON1/LON2/DLON/H
  118  124  123  128  130  135  137  140  143  144  144  145  145  146  146  147
  147  148  148  147  147  146  145  145  145  146  147  150  153  156  160  163
  166  169  171  173  173  174  175  175  176  177  179  180  181  182  183  182
  182  180  178  175  172  168  164  160  156  152  148  144  140  136  133  130
  127  124  120  115  115  112  114  109  118                                   
    72.5-180.0 180.0   5.0 450.0                            LAT/LON1/LON2/DLON/H
  112  116  114  119  122  127  130  132  133  134  134  134  134  134  135  136
  137  137  138  138  137  136  135  135  135  136  139  143  147  153  159  165
  171  175  179  182  185  187  188  190  192  195  197  200  202  204  204  204
  203  200  197  193  189  185  180  176  171  166  162  157  153  149  145  142
  138  134  128  123  117  112  110  108  112                                   
    70.0-180.0 180.0   5.0 450.0                            LAT/LON1/LON2/DLON/H
  110  110  108  112  113  116  118  120  122  122  121  121  121  122  123  124
  125  126  126  126  125  123  122  121  122  124  127  132  139  147  155  163
  171  178  183  188  191  194  197  200  203  207  210  214  217  219  219  218
  216  212  208  203  198  192  187  182  178  174  170  166  163  160  157  154
  150  145  139  131  123  116  114  111  110                                   
    67.5-180.0 180.0   5.0 450.0                            LAT/LON1/LON2/DLON/H
  109  108  105  108  108  110  112  113  114  113  113  113  113  113  115  116
  118  118  118  118  116  114  112  111  111  113  118  124  132  141  151  161
  170  178  185  190  194  198  202  205  210  215  219  224  227  228  228  226
  222  217  211  205  199  193  188  184  180  177  174  172  170  169  167  166
  163  159  152  143  132  123  118  114  109                                   
    65.0-180.0 180.0   5.0 450.0                            LAT/LON1/LON2/DLON/H
  114  111  106  108  105  106  107  107  108  107  106  107  107  108  110  112
  113  114  113  112  109  106  104  103  104  107  112  119  129  139  150  161
  171  180  187  193  197  202  206  211  216  222  227  232  235  236  235  231
  226  219  212  205  198  193  188  184  181  179  178  178  178  179  179  180
  178  175  168  160  148  138  131  125  114                                   
    62.5-180.0 180.0   5.0 450.0                            LAT/LON1/LON2/DLON/H
  121  117  111  110  105  103  103  102  102  101  101  102  103  104  106  108
  109  110  109  106  103  100   98   97   99  103  110  118  128  139  150  161
  171  180  187  193  198  203  208  213  219  225  231  236  239  240  237  232
  226  218  210  203  196  190  185  182  181  180  181  182  184  187  189  191
  191  189  183  175  163  152  144  138  121                                   
    60.0-180.0 180.0   5.0 450.0                            LAT/LON1/LON2/DLON/H
  130  125  117  113  105  101   98   96   95   94   94   95   97   99  102  104
  105  104  103  100   97   94   92   93   96  102  110  120  130  141  152  163
  172  180  188  194  199  204  209  215  221  228  235  239  242  241  238  233
  225  217  209  201  195  189  185  183  182  183  185  187  190  193  196  198
  200  199  194  187  176  166  157  149  130                                   
    57.5-180.0 180.0   5.0 450.0                            LAT/LON1/LON2/DLON/H
  140  135  125  118  108  100   94   90   87   86   85   87   89   92   95   97
   98   98   96   93   90   88   88   90   96  104  114  125  136  147  157  166
  175  183  190  196  202  207  213  219  226  233  239  243  245  244  241  235
  227  219  212  204  198  193  190  188  188  189  191  194  197  199  202  205
  206  206  202  196  186  177  168  159  140                                   
    55.0-180.0 180.0   5.0 450.0                            LAT/LON1/LON2/DLON/H
  149  144  133  123  111  100   91   84   79   77   76   77   80   83   86   88
   89   89   87   84   82   82   84   89   98  108  120  132  143  152  161  169
  177  185  193  200  206  213  219  225  231  238  244  248  250  249  245  239
  232  225  218  212  206  201  198  196  196  197  199  201  203  205  207  209
  210  209  206  200  192  184  176  167  149                                   
    52.5-180.0 180.0   5.0 450.0                            LAT/LON1/LON2/DLON/H
  156  152  142  130  115  101   90   80   73   69   67   68   70   72   75   77
   78   78   77   76   75   77   81   89  100  113  126  138  149  157  165  172
  180  188  196  204  212  219  226  232  238  245  250  254  256  255  252  247
  241  235  228  222  215  210  207  205  205  206  207  208  209  210  210  211
  211  210  207  201  195  187  180  171  156                                   
    50.0-180.0 180.0   5.0 450.0                            LAT/LON1/LON2/DLON/H
  162  159  149  136  120  105   91   79   71   65   62   62   63   64   65   67
   68   68   68   68   70   73   80   90  103  117  131  143  153  161  167  174
  181  190  199  209  218  227  234  240  246  252  257  261  263  263  261  257
  252  246  240  233  225  219  214  212  212  212  213  214  214  213  213  213
  212  211  207  201  195  188  182  174  162                                   
    47.5-180.0 180.0   5.0 450.0                            LAT/LON1/LON2/DLON/H
  166  165  155  143  127  111   97   83   74   67   63   62   61   60   60   60
   60   61   62   64   66   72   80   92  106  121  135  146  155  161  167  173
  181  190  201  213  224  233  241  248  254  260  265  269  271  272  271  269
  265  259  252  243  234  225  219  216  215  216  217  217  217  216  215  215
  213  212  207  201  194  188  182  175  166                                   
    45.0-180.0 180.0   5.0 450.0                            LAT/LON1/LON2/DLON/H
  168  168  160  148  134  120  106   92   83   76   70   67   64   62   59   58
   58   58   60   62   67   73   83   96  110  125  138  148  155  161  166  172
  180  190  203  216  228  239  248  255  261  267  272  277  281  283  284  282
  278  272  263  252  240  229  221  217  216  218  219  219  219  218  218  218
  216  214  209  202  195  188  182  175  168                                   
    42.5-180.0 180.0   5.0 450.0                            LAT/LON1/LON2/DLON/H
  167  169  162  152  140  128  116  105   96   89   83   79   74   69   65   61
   60   60   62   65   70   77   87  100  115  128  140  148  155  160  165  171
  180  191  204  218  231  243  253  261  267  273  279  286  291  295  297  297
  293  286  275  262  247  234  224  220  219  220  222  222  222  222  222  222
  222  219  213  205  196  188  182  176  167                                   
    40.0-180.0 180.0   5.0 450.0                            LAT/LON1/LON2/DLON/H
  166  167  161  154  144  135  126  117  111  105   99   94   88   81   75   70
   67   66   67   70   75   82   93  106  119  132  142  149  155  160  165  172
  181  193  206  220  234  247  257  266  273  280  288  295  303  309  313  313
  310  303  291  276  260  245  234  228  227  228  229  229  229  228  229  230
  229  226  219  209  199  190  184  177  166                                   
    37.5-180.0 180.0   5.0 450.0                            LAT/LON1/LON2/DLON/H
  165  164  158  152  144  138  134  128  124  120  115  110  104   96   88   81
   77   74   75   77   81   89   99  111  124  135  145  152  157  163  169  177
  186  197  210  223  237  250  261  271  280  288  297  307  316  324  330  333
  331  325  313  298  282  266  255  249  247  246  246  244  242  240  240  241
  240  236  227  215  204  192  186  179  165                                   
    35.0-180.0 180.0   5.0 450.0                            LAT/LON1/LON2/DLON/H
  164  161  155  149  142  139  137  134  132  130  127  124  117  109  101   93
   87   84   82   84   87   94  105  117  129  140  149  156  162  169  176  184
  194  204  216  229  242  255  267  277  288  298  309  320  331  342  350  355
  356  352  344  331  316  302  291  284  281  278  274  269  264  260  257  256
  253  247  237  223  210  197  191  182  164                                   
    32.5-180.0 180.0   5.0 450.0                            LAT/LON1/LON2/DLON/H
  166  160  152  145  139  136  136  135  136  135  134  131  126  119  111  103
   96   92   89   90   93  100  110  122  134  145  154  161  168  176  185  194
  204  214  224  236  248  261  274  286  298  310  322  335  348  360  371  380
  385  385  382  374  363  352  342  334  328  322  314  305  295  286  280  276
  269  260  247  231  217  202  197  188  166                                   
    30.0-180.0 180.0   5.0 450.0                            LAT/LON1/LON2/DLON/H
  170  161  152  144  137  134  134  133  135  135  135  134  130  124  117  110
  103   98   95   94   97  104  114  126  139  149  158  166  175  184  194  204
  215  224  234  245  257  270  284  297  311  324  338  352  366  380  393  405
  415  421  424  422  417  410  402  394  385  375  363  349  334  320  308  299
  287  274  259  240  225  210  205  196  170                                   
    27.5-180.0 180.0   5.0 450.0                            LAT/LON1/LON2/DLON/H
  178  166  156  146  137  133  132  131  132  132  132  132  130  125  120  113
  107  102   98   97  100  107  117  130  142  153  162  170  179  190  201  213
  224  234  244  255  267  281  295  310  325  340  354  368  383  398  413  429
  443  456  465  470  471  468  462  454  443  430  413  395  375  356  339  323
  307  289  271  250  234  218  214  206  178                                   
    25.0-180.0 180.0   5.0 450.0                            LAT/LON1/LON2/DLON/H
  187  174  163  152  141  135  133  131  131  130  130  129  128  125  120  115
  109  104  100   99  102  109  119  132  144  154  162  171  181  192  205  218
  230  242  252  264  277  292  308  324  340  356  370  384  398  414  430  448
  466  483  497  508  514  515  511  502  490  474  456  435  412  390  368  347
  325  304  283  260  243  227  223  217  187                                   
    22.5-180.0 180.0   5.0 450.0                            LAT/LON1/LON2/DLON/H
  195  183  172  161  148  141  138  135  133  131  129  128  127  124  120  115
  110  105  101  100  103  110  121  132  143  153  160  168  178  190  204  219
  233  246  259  272  287  303  320  337  354  370  384  397  411  426  442  460
  479  498  515  529  538  541  538  530  517  501  482  461  439  415  391  366
  341  317  293  269  251  236  232  227  195                                   
    20.0-180.0 180.0   5.0 450.0                            LAT/LON1/LON2/DLON/H
  202  192  182  170  157  149  146  142  139  136  133  130  128  125  121  117
  112  107  103  102  105  111  121  132  141  149  155  162  172  185  200  216
  232  248  263  279  296  313  331  349  366  382  396  408  421  434  449  465
  483  500  516  529  539  543  541  533  520  506  489  471  451  429  404  379
  351  325  301  276  257  242  238  234  202                                   
    17.5-180.0 180.0   5.0 450.0                            LAT/LON1/LON2/DLON/H
  206  199  189  178  165  158  155  152  148  144  140  136  133  129  125  120
  115  109  105  104  106  112  121  130  138  144  149  155  164  177  194  212
  230  249  267  286  304  323  341  359  376  391  405  417  428  439  451  465
  478  491  503  513  520  523  521  515  505  493  481  467  451  432  409  383
  355  329  305  281  261  245  241  236  206                                   
    15.0-180.0 180.0   5.0 450.0                            LAT/LON1/LON2/DLON/H
  205  200  193  182  170  163  163  161  158  153  148  144  139  135  130  124
  119  113  108  106  108  113  120  128  134  139  143  148  158  171  189  209
  230  251  272  292  312  331  350  367  383  398  412  424  434  443  452  461
  469  477  482  487  491  492  490  485  478  470  462  453  442  426  405  381
  354  329  305  282  262  244  240  234  205                                   
    12.5-180.0 180.0   5.0 450.0                            LAT/LON1/LON2/DLON/H
  201  198  192  181  171  165  166  166  165  161  156  151  146  141  136  130
  123  117  112  109  109  113  119  125  130  134  138  144  154  169  188  209
  231  254  277  298  319  338  356  372  387  403  417  429  439  447  453  458
  461  462  461  461  460  459  457  454  449  445  441  436  427  414  395  373
  348  324  302  279  260  241  236  228  201                                   
    10.0-180.0 180.0   5.0 450.0                            LAT/LON1/LON2/DLON/H
  196  192  187  176  167  161  164  165  166  163  159  155  151  146  141  134
  128  121  115  111  110  112  116  121  126  131  136  144  155  171  190  213
  236  259  282  304  324  343  359  374  388  404  418  432  442  450  455  458
  457  453  448  443  439  436  434  432  429  427  425  420  412  400  383  362
  339  317  295  274  256  234  229  220  196                                   
     7.5-180.0 180.0   5.0 450.0                            LAT/LON1/LON2/DLON/H
  191  187  181  169  162  155  158  160  161  160  158  155  152  148  143  137
  131  124  117  112  110  110  113  117  123  129  137  147  160  177  197  219
