data/edconvlstm_nd/pred3610.15i
     1.0            IONOSPHERE MAPS     GNSS                IONEX VERSION / TYPE
pyspatialgeodesy        IME             05-JAN-18 20:20     PGM / RUN BY / DATE 
Map Name                                                    COMMENT             
Predicted global ionosphere maps (GIM).                     DESCRIPTION         
  2015    12    27     0     0     0                        EPOCH OF FIRST MAP  
  2015    12    28     0     0     0                        EPOCH OF LAST MAP   
  7200                                                      INTERVAL            
    13                                                      # OF MAPS IN FILE   
  NONE                                                      MAPPING FUNCTION    
10.0                                                        ELEVATION CUTOFF    
One-way carrier phase leveled to code                       OBSERVABLES USED    
  6371.0                                                    BASE RADIUS         
 2                                                          MAP DIMENSION       
   450.0 450.0   0.0                                        HGT1 / HGT2 / DHGT  
    87.5 -87.5  -2.5                                        LAT1 / LAT2 / DLAT  
  -180.0 180.0   5.0                                        LON1 / LON2 / DLON  
    -1                                                      EXPONENT            
                                                            END OF HEADER       
[from data line 4719]
    12                                                      START OF TEC MAP    
  2015    12    27    22     0     0                        EPOCH OF CURRENT MAP
    87.5-180.0 180.0   5.0 450.0                            LAT/LON1/LON2/DLON/H
   69   63   54   55   59   54   53   49   50   52   52   53   53   54   54   54
   54   54   54   53   53   52   52   51   51   50   50   49   49   49   49   49
   49   50   50   50   51   52   52   53   54   54   55   55   55   56   56   56
   56   56   56   55   55   55   54   54   53   52   52   51   50   50   49   48
   48   47   43   40   45   48   70   82   69                                   
    85.0-180.0 180.0   5.0 450.0                            LAT/LON1/LON2/DLON/H
   73   70   77   57   57   59   57   58   58   61   60   61   61   62   62   62
   62   62   61   61   60   59   59   58   57   56   56   55   55   54   54   54
   54   55   56   56   57   58   59   60   61   62   63   63   64   64   64   64
   64   64   64   63   63   62   62   61   61   60   59   59   58   57   57   56
   56   54   50   47   53   57   63   56   73                                   
    82.5-180.0 180.0   5.0 450.0                            LAT/LON1/LON2/DLON/H
   49   56   57   48   52   54   55   55   57   59   60   62   63   64   64   64
   64   64   63   62   61   60   59   58   57   55   54   53   52   52   52   52
   52   53   54   55   57   58   60   61   63   64   65   66   66   66   66   66
   66   65   65   64   64   63   62   62   61   60   59   58   57   56   55   53
   52   49   46   45   52   65   61   59   49                                   
    80.0-180.0 180.0   5.0 450.0                            LAT/LON1/LON2/DLON/H
   29   41   50   43   47   47   53   55   59   63   66   69   70   72   72   72
   71   70   69   67   66   64   62   60   58   56   54   53   51   51   50   50
   51   52   53   55   57   59   62   64   65   67   68   69   69   69   69   68
   68   67   66   65   64   63   62   61   60   59   58   57   55   54   53   51
   50   48   45   45   46   54   49   56   29                                   
    77.5-180.0 180.0   5.0 450.0                            LAT/LON1/LON2/DLON/H
   41   44   46   41   48   49   57   60   66   70   74   79   82   84   84   84
   84   82   80   79   77   75   72   70   68   66   64   61   60   58   57   57
   57   58   60   62   64   66   68   70   72   73   74   74   73   73   72   71
   70   69   68   67   67   66   65   64   63   62   61   59   57   56   54   51
   50   48   45   44   44   48   47   57   41                                   
    75.0-180.0 180.0   5.0 450.0                            LAT/LON1/LON2/DLON/H
   36   41   43   41   49   54   62   68   76   83   88   93   96   97   97   95
   93   90   87   85   82   80   78   76   74   72   70   68   66   64   63   63
   63   64   65   67   69   71   73   75   76   77   77   76   75   74   73   71
   70   69   68   67   67   67   66   66   65   64   63   62   60   58   57   55
   54   54   51   48   46   46   42   44   36                                   
    72.5-180.0 180.0   5.0 450.0                            LAT/LON1/LON2/DLON/H
   50   50   51   54   57   62   72   78   86   93   99  103  105  105  103   99
   95   91   87   84   81   80   79   78   77   75   73   71   69   67   65   64
   64   64   65   66   68   69   70   71   71   70   69   68   66   64   62   60
   59   58   58   58   58   58   59   59   58   58   57   56   54   53   51   50
   48   48   45   41   39   42   42   48   50                                   
    70.0-180.0 180.0   5.0 450.0                            LAT/LON1/LON2/DLON/H
   55   57   59   62   67   74   84   92  103  111  118  122  122  119  114  108
  101   95   89   86   84   83   83   83   82   82   80   78   76   73   71   69
   68   67   67   67   68   68   68   68   68   67   65   63   61   58   56   54
   53   53   53   54   55   56   57   58   58   58   58   57   56   54   54   53
   52   52   50   48   48   51   54   60   55                                   
    67.5-180.0 180.0   5.0 450.0                            LAT/LON1/LON2/DLON/H
   69   69   71   76   82   89  100  109  119  126  132  135  134  129  121  111
  102   93   86   82   80   80   80   81   81   80   79   77   75   72   69   66
   64   62   61   60   60   59   59   58   57   55   54   51   49   46   44   43
   42   42   43   45   47   49   51   52   53   53   52   52   50   49   49   48
   48   48   47   46   46   53   53   60   69                                   
    65.0-180.0 180.0   5.0 450.0                            LAT/LON1/LON2/DLON/H
   74   78   82   88   93  101  112  122  133  141  147  149  146  138  128  116
  103   93   85   79   76   76   76   76   76   75   73   71   69   66   62   59
   57   54   52   50   48   47   46   45   44   43   41   40   38   36   34   33
   33   34   35   38   40   43   46   48   49   50   49   48   47   46   46   46
   46   48   49   51   52   62   64   72   74                                   
    62.5-180.0 180.0   5.0 450.0                            LAT/LON1/LON2/DLON/H
   83   89   93   99  105  114  124  134  145  153  159  160  156  147  135  122
  108   96   86   79   75   72   71   69   67   66   63   61   58   56   53   50
   47   44   41   39   37   36   34   34   33   32   32   31   29   28   27   26
   26   27   29   31   35   38   41   44   45   45   44   43   41   41   40   41
   42   44   46   49   52   63   67   74   83                                   
    60.0-180.0 180.0   5.0 450.0                            LAT/LON1/LON2/DLON/H
   90   97  102  109  114  121  132  142  154  162  168  169  165  156  144  130
  116  103   92   83   76   71   66   62   58   54   51   48   46   44   42   40
   37   35   32   29   28   26   25   25   25   25   25   25   25   25   24   23
   22   23   24   27   30   34   38   40   41   41   40   39   37   37   37   38
   39   42   46   50   54   68   74   82   90                                   
    57.5-180.0 180.0   5.0 450.0                            LAT/LON1/LON2/DLON/H
   97  106  112  118  124  130  141  150  161  169  175  176  173  165  155  142
  129  115  103   92   82   73   65   57   50   44   40   38   36   36   35   34
   33   30   28   26   24   23   23   23   24   25   26   27   28   27   26   25
   24   24   24   26   29   33   36   39   40   39   38   37   35   35   36   37
   39   43   48   53   58   73   80   89   97                                   
    55.0-180.0 180.0   5.0 450.0                            LAT/LON1/LON2/DLON/H
  107  117  124  129  134  140  149  157  167  174  180  182  179  173  165  154
  142  130  117  104   91   78   66   55   45   38   33   31   31   32   33   33
   32   31   29   27   25   25   25   26   28   30   32   34   35   35   34   32
   29   28   28   29   31   34   37   39   40   40   39   37   36   36   37   39
   42   47   53   59   65   80   89   98  107                                   
    52.5-180.0 180.0   5.0 450.0                            LAT/LON1/LON2/DLON/H
  118  129  137  142  147  151  159  167  175  180  185  185  184  179  173  165
  155  144  130  116  101   85   70   57   45   37   32   31   32   34   36   37
   37   36   34   33   32   32   33   35   37   40   43   46   47   47   45   42
   39   36   35   35   36   38   40   42   43   42   41   39   39   39   41   45
   48   55   62   69   75   91  100  108  118                                   
    50.0-180.0 180.0   5.0 450.0                            LAT/LON1/LON2/DLON/H
  132  143  153  157  162  166  173  179  184  188  190  189  187  183  178  173
  165  155  142  127  110   94   78   63   51   43   38   37   38   41   43   45
   44   44   43   42   42   43   44   46   49   52   56   59   60   60   58   55
   51   48   45   44   44   45   46   48   48   47   45   44   43   44   47   52
   57   65   73   81   88  104  113  120  132                                   
    47.5-180.0 180.0   5.0 450.0                            LAT/LON1/LON2/DLON/H
  145  157  168  173  178  183  189  194  197  198  197  194  189  185  181  176
  170  161  149  135  119  103   87   73   62   53   49   48   49   51   52   52
   52   51   51   51   52   54   55   57   60   63   67   70   72   72   71   68
   65   62   58   56   54   54   54   54   54   52   51   49   49   50   54   60
   66   75   85   94  102  117  127  132  145                                   
    45.0-180.0 180.0   5.0 450.0                            LAT/LON1/LON2/DLON/H
  157  169  181  188  194  200  205  209  210  209  205  199  192  186  182  177
  171  163  152  140  126  112   99   86   75   67   63   60   59   59   58   57
   55   55   55   57   59   61   63   64   67   70   74   78   80   82   81   80
   78   76   72   69   66   64   63   62   61   59   56   55   55   56   61   67
   74   84   95  105  113  128  138  142  157                                   
    42.5-180.0 180.0   5.0 450.0                            LAT/LON1/LON2/DLON/H
  164  177  190  199  207  214  219  223  222  220  212  204  195  187  181  176
  170  162  153  143  132  122  111  100   90   81   75   70   67   63   59   56
   54   54   56   59   62   64   66   67   69   72   77   81   85   87   88   89
   89   88   85   82   77   74   71   69   67   64   62   60   60   62   67   73
   81   91  102  112  120  135  145  149  164                                   
    40.0-180.0 180.0   5.0 450.0                            LAT/LON1/LON2/DLON/H
  166  180  194  205  215  223  229  233  232  228  219  209  198  189  181  175
  168  161  154  146  139  131  122  112  102   92   84   76   69   62   56   52
   50   51   54   59   63   65   66   67   69   72   77   82   86   89   92   95
   97   97   95   92   87   82   78   74   71   68   66   64   65   67   72   78
   86   96  106  115  123  137  146  152  166                                   
    37.5-180.0 180.0   5.0 450.0                            LAT/LON1/LON2/DLON/H
  165  179  193  206  218  227  234  238  237  233  224  213  202  191  183  175
  168  162  157  152  147  141  133  122  110   98   87   77   67   59   52   47
   47   50   55   61   65   67   68   68   69   72   77   82   86   90   93   97
  101  103  102   98   93   87   82   78   74   71   68   67   68   71   76   83
   90   99  108  116  123  137  144  151  165                                   
    35.0-180.0 180.0   5.0 450.0                            LAT/LON1/LON2/DLON/H
  163  176  190  204  217  226  235  239  239  234  226  216  205  195  186  178
  172  167  163  161  157  150  140  127  112   98   85   74   65   56   51   48
   50   55   63   69   73   74   73   72   73   76   80   84   88   91   94   98
  102  104  104  101   96   89   84   79   75   72   70   69   71   74   80   87
   94  103  111  118  123  136  141  150  163                                   
    32.5-180.0 180.0   5.0 450.0                            LAT/LON1/LON2/DLON/H
  162  176  190  203  216  224  233  238  239  235  228  218  208  199  190  183
  178  174  172  170  166  158  145  128  111   95   82   73   65   60   57   59
   64   72   81   87   89   88   85   82   82   84   87   90   91   93   94   97
  101  103  103  100   95   89   83   78   74   71   70   70   73   78   85   93
  100  108  117  123  125  137  142  152  162                                   
    30.0-180.0 180.0   5.0 450.0                            LAT/LON1/LON2/DLON/H
  167  181  195  206  219  226  234  239  242  239  233  224  214  205  197  190
  185  182  181  179  174  162  145  126  107   92   82   76   73   73   76   82
   91  101  108  112  111  107  101   97   96   96   97   98   97   96   96   97
   99  100  100   97   92   87   81   77   73   71   69   71   74   81   90   99
  108  118  126  132  133  144  148  160  167                                   
    27.5-180.0 180.0   5.0 450.0                            LAT/LON1/LON2/DLON/H
  181  196  209  218  230  235  243  248  250  248  243  233  224  214  205  197
  192  190  188  185  177  162  143  122  105   93   87   87   90   97  105  116
  127  137  142  141  136  128  120  114  111  110  109  107  104  101   98   97
   97   97   95   93   89   84   80   76   72   70   69   71   76   85   96  108
  118  130  141  147  147  159  163  176  181                                   
    25.0-180.0 180.0   5.0 450.0                            LAT/LON1/LON2/DLON/H
  203  219  234  240  251  256  263  267  270  267  260  250  239  226  215  206
  199  195  192  186  175  159  139  121  107  101  102  108  118  130  144  157
  169  175  174  168  156  144  134  128  124  122  119  115  110  105  100   97
   95   93   91   89   86   82   78   75   72   70   70   72   78   88  102  117
  130  146  159  167  168  181  187  199  203                                   
    22.5-180.0 180.0   5.0 450.0                            LAT/LON1/LON2/DLON/H
  233  251  267  271  284  289  296  300  301  297  289  276  261  244  229  216
  205  198  191  183  170  154  137  123  117  118  125  138  153  169  185  198
  207  207  199  184  168  152  141  134  130  127  124  119  113  107  102   98
   94   91   88   85   83   80   78   75   72   70   70   73   80   91  107  125
  142  162  178  189  192  208  217  228  233                                   
    20.0-180.0 180.0   5.0 450.0                            LAT/LON1/LON2/DLON/H
  268  288  305  309  323  331  339  343  344  338  327  311  291  269  248  229
  213  201  190  178  165  151  139  133  135  144  157  173  190  206  221  231
  233  226  209  188  167  149  137  130  127  125  121  116  111  106  101   97
   93   89   85   83   81   79   77   74   72   71   71   74   82   94  111  132
  153  177  196  211  218  237  249  260  268                                   
    17.5-180.0 180.0   5.0 450.0                            LAT/LON1/LON2/DLON/H
  304  324  343  348  366  377  387  392  393  387  374  354  329  302  273  247
  225  207  192  177  163  153  149  152  162  177  193  208  222  234  244  248
  243  228  205  178  154  136  125  119  117  115  113  109  105  102   99   96
   92   88   83   81   79   78   76   74   72   71   71   75   82   95  115  138
  161  188  211  229  240  263  280  291  304                                   
    15.0-180.0 180.0   5.0 450.0                            LAT/LON1/LON2/DLON/H
  335  357  378  385  407  421  435  441  444  439  425  403  375  341  306  273
  245  221  200  183  170  164  167  179  196  213  228  238  244  249  250  246
  235  214  188  160  136  119  109  105  104  103  101   99   97   96   96   94
   91   87   82   79   77   76   74   72   71   70   71   75   83   97  117  141
  167  196  221  242  257  283  304  316  335                                   
    12.5-180.0 180.0   5.0 450.0                            LAT/LON1/LON2/DLON/H
  359  383  406  415  441  458  476  485  490  487  474  453  422  386  346  308
  274  245  220  200  188  186  195  213  233  249  258  259  255  249  241  231
  215  192  166  141  120  106   98   94   93   92   91   90   90   91   92   93
   91   86   82   79   77   75   73   71   70   69   70   74   83   98  119  144
  171  201  227  250  268  295  321  334  359                                   
    10.0-180.0 180.0   5.0 450.0                            LAT/LON1/LON2/DLON/H
  376  401  426  436  466  485  507  517  525  525  516  497  468  431  390  349
  312  280  252  231  219  219  231  251  270  281  281  270  255  239  224  210
  192  172  150  130  114  104   98   94   91   88   87   86   86   89   91   93
   91   88   84   80   78   76   74   71   70   69   70   75   84  100  122  148
  174  204  230  253  273  302  330  344  376                                   
     7.5-180.0 180.0   5.0 450.0                            LAT/LON1/LON2/DLON/H
  387  414  439  450  481  502  525  536  547  550  545  530  506  472  433  393
  356  324  296  273  261  261  272  290  304  307  296  275  250  227  208  192
