data/edconvlstm_nd/pred1200.15i
     1.0            IONOSPHERE MAPS     GNSS                IONEX VERSION / TYPE
pyspatialgeodesy        IME             05-JAN-18 20:20     PGM / RUN BY / DATE 
Map Name                                                    COMMENT             
Predicted global ionosphere maps (GIM).                     DESCRIPTION         
  2015     4    30     0     0     0                        EPOCH OF FIRST MAP  
  2015     5     1     0     0     0                        EPOCH OF LAST MAP   
  7200                                                      INTERVAL            
    13                                                      # OF MAPS IN FILE   
  NONE                                                      MAPPING FUNCTION    
10.0                                                        ELEVATION CUTOFF    
One-way carrier phase leveled to code                       OBSERVABLES USED    
  6371.0                                                    BASE RADIUS         
 2                                                          MAP DIMENSION       
   450.0 450.0   0.0                                        HGT1 / HGT2 / DHGT  
    87.5 -87.5  -2.5                                        LAT1 / LAT2 / DLAT  
  -180.0 180.0   5.0                                        LON1 / LON2 / DLON  
    -1                                                      EXPONENT            
                                                            END OF HEADER       
[from data line 3861]
    10                                                      START OF TEC MAP    
  2015     4    30    18     0     0                        EPOCH OF CURRENT MAP
    87.5-180.0 180.0   5.0 450.0                            LAT/LON1/LON2/DLON/H
  182  182  172  178  179  180  179  178  178  179  179  180  181  181  182  183
  184  184  185  185  185  185  185  184  184  183  183  182  181  181  180  179
  178  178  177  176  176  176  175  175  175  175  175  175  175  175  175  175
  175  175  175  175  174  174  174  174  175  175  175  175  175  175  175  175
  175  175  174  174  184  182  184  181  182                                   
    85.0-180.0 180.0   5.0 450.0                            LAT/LON1/LON2/DLON/H
  179  185  192  185  182  187  186  187  187  188  188  189  190  191  192  193
  193  194  195  195  195  195  194  194  193  192  191  190  189  188  187  185
  184  183  183  182  181  181  181  181  181  181  181  182  182  182  182  182
  182  182  182  182  182  182  182  182  182  182  183  183  183  183  184  184
  185  185  183  182  185  177  179  181  179                                   
    82.5-180.0 180.0   5.0 450.0                            LAT/LON1/LON2/DLON/H
  162  175  179  175  176  181  182  182  181  182  183  184  185  186  188  189
  191  192  193  194  194  194  194  194  193  191  190  188  186  184  182  180
  178  177  176  175  175  175  175  175  176  176  177  178  178  179  179  179
  179  179  179  179  179  179  178  178  178  178  178  179  179  179  180  180
  180  180  179  182  181  185  178  168  162                                   
    80.0-180.0 180.0   5.0 450.0                            LAT/LON1/LON2/DLON/H
  155  165  172  168  167  168  169  172  172  174  175  177  178  181  183  186
  188  190  192  194  194  195  195  194  193  191  188  186  183  179  176  173
  171  169  167  166  166  166  166  167  168  169  170  171  172  172  173  173
  173  173  172  172  171  171  171  170  170  170  170  170  170  171  171  172
  173  173  173  175  171  166  164  161  155                                   
    77.5-180.0 180.0   5.0 450.0                            LAT/LON1/LON2/DLON/H
  160  161  169  165  164  165  165  166  166  167  167  170  172  175  178  182
  185  189  192  194  196  197  198  198  196  194  192  188  184  180  176  173
  170  167  165  164  164  164  165  166  167  168  169  170  170  170  170  170
  170  169  168  167  166  165  164  164  163  163  162  162  162  163  164  165
  166  167  167  170  172  163  164  166  160                                   
    75.0-180.0 180.0   5.0 450.0                            LAT/LON1/LON2/DLON/H
  162  164  168  164  163  164  162  162  162  163  163  166  168  172  176  180
  184  188  192  195  198  200  201  201  200  198  195  191  187  183  179  175
  171  169  167  166  166  166  167  168  169  169  170  170  170  169  168  167
  166  164  163  161  160  158  157  156  155  154  153  153  153  153  155  157
  158  160  162  163  166  161  164  158  162                                   
    72.5-180.0 180.0   5.0 450.0                            LAT/LON1/LON2/DLON/H
  168  171  174  175  171  172  170  169  167  167  167  169  172  175  180  184
  189  194  199  203  207  209  211  211  211  209  206  202  198  194  190  186
  183  181  179  178  178  178  177  177  177  176  176  174  173  171  168  166
  164  161  159  157  155  153  152  150  149  147  146  146  146  146  148  150
  151  155  158  160  164  163  168  168  168                                   
    70.0-180.0 180.0   5.0 450.0                            LAT/LON1/LON2/DLON/H
  173  179  182  182  179  180  176  175  173  173  173  175  177  181  185  190
  195  200  205  210  214  217  219  219  219  217  215  211  208  204  201  199
  196  195  193  192  191  190  188  186  184  181  178  175  172  168  164  160
  157  154  151  149  146  144  142  141  139  137  135  134  134  134  136  138
  140  144  149  153  160  163  171  170  173                                   
    67.5-180.0 180.0   5.0 450.0                            LAT/LON1/LON2/DLON/H
  177  187  191  195  194  195  191  190  187  187  186  188  191  195  199  204
  209  214  219  224  228  231  233  234  233  232  229  227  224  222  220  219
  218  217  215  214  211  208  204  199  194  189  184  178  173  167  162  157
  152  148  145  143  141  139  137  135  133  131  128  127  126  126  127  129
  131  136  142  147  154  160  170  170  177                                   
    65.0-180.0 180.0   5.0 450.0                            LAT/LON1/LON2/DLON/H
  173  187  193  199  200  202  200  198  196  196  196  198  201  205  209  213
  218  223  228  233  237  240  242  242  241  240  238  236  235  234  234  235
  235  235  234  232  228  222  215  208  200  192  184  177  169  161  154  148
  143  138  135  132  131  129  127  125  122  119  117  115  113  112  113  114
  117  122  128  134  144  153  165  166  173                                   
    62.5-180.0 180.0   5.0 450.0                            LAT/LON1/LON2/DLON/H
  166  184  191  199  203  207  206  206  205  205  206  208  211  215  219  224
  228  233  237  242  245  248  249  249  248  247  245  244  244  246  248  250
  252  253  252  248  243  235  225  215  205  195  185  175  166  157  149  142
  135  130  127  124  123  121  119  117  114  111  108  105  103  101  101  103
  104  109  115  121  131  142  154  156  166                                   
    60.0-180.0 180.0   5.0 450.0                            LAT/LON1/LON2/DLON/H
  156  175  185  194  201  206  207  208  208  209  211  214  217  222  226  230
  234  238  242  245  248  250  251  251  250  249  249  249  251  254  258  262
  265  267  266  261  254  244  233  221  209  197  186  176  166  156  147  139
  131  126  121  119  117  115  114  111  108  105  101   98   96   94   94   94
   95   99  104  109  119  130  142  144  156                                   
    57.5-180.0 180.0   5.0 450.0                            LAT/LON1/LON2/DLON/H
  147  166  177  188  196  204  207  208  208  210  212  215  220  224  229  233
  237  240  243  245  247  249  250  250  250  250  251  253  256  260  266  271
  275  277  276  271  262  251  238  226  213  201  190  180  170  160  151  142
  133  126  121  118  116  115  113  111  108  104  101   98   96   94   93   93
   93   96  100  104  113  122  132  134  147                                   
    55.0-180.0 180.0   5.0 450.0                            LAT/LON1/LON2/DLON/H
  143  160  172  183  194  203  207  208  209  210  212  216  220  225  230  234
  237  240  242  243  244  246  247  248  250  252  254  257  262  267  273  279
  284  286  284  278  268  256  244  231  219  208  198  189  179  170  160  150
  141  133  126  122  120  118  117  115  112  110  107  105  104  102  101  100
   99  101  104  107  113  119  129  130  143                                   
    52.5-180.0 180.0   5.0 450.0                            LAT/LON1/LON2/DLON/H
  145  159  172  184  197  208  212  213  213  212  213  216  221  226  231  235
  237  239  240  240  241  242  245  248  252  256  260  265  270  276  282  288
  292  293  290  283  274  262  250  238  227  218  209  200  192  183  173  162
  152  142  135  130  127  126  125  123  122  120  118  118  117  117  116  115
  113  114  116  118  122  125  133  133  145                                   
    50.0-180.0 180.0   5.0 450.0                            LAT/LON1/LON2/DLON/H
  153  166  179  192  206  219  223  224  222  220  219  221  225  229  234  237
  239  240  240  240  240  242  246  251  258  265  271  277  283  288  293  298
  300  300  297  290  280  268  257  247  237  229  221  213  205  196  186  175
  164  154  145  139  136  135  134  134  133  133  133  134  135  135  135  134
  132  132  133  134  137  138  145  144  153                                   
    47.5-180.0 180.0   5.0 450.0                            LAT/LON1/LON2/DLON/H
  167  179  190  205  220  235  239  239  237  234  231  231  233  237  241  243
  245  244  244  243  244  247  253  260  269  278  287  293  299  303  306  309
  311  309  305  297  287  276  266  257  248  240  232  224  215  206  196  185
  174  162  153  147  143  142  143  143  144  145  147  149  152  153  153  152
  150  150  150  151  154  154  161  160  167                                   
    45.0-180.0 180.0   5.0 450.0                            LAT/LON1/LON2/DLON/H
  182  195  205  222  237  252  256  257  254  251  247  246  247  249  252  254
  254  253  252  252  253  257  264  273  284  295  304  311  316  319  322  323
  323  320  315  306  297  286  277  268  259  250  241  232  222  212  201  190
  178  167  158  152  148  147  148  149  151  154  157  161  164  166  167  166
  163  163  164  165  168  169  175  177  182                                   
    42.5-180.0 180.0   5.0 450.0                            LAT/LON1/LON2/DLON/H
  196  211  220  238  253  267  272  274  272  269  265  264  264  266  268  268
  268  266  265  266  268  273  280  290  301  312  322  329  333  336  337  338
  337  334  327  319  309  299  289  280  270  260  249  237  225  214  202  191
  179  169  160  154  150  150  150  152  154  158  162  166  170  172  172  171
  168  169  169  171  174  177  184  187  196                                   
    40.0-180.0 180.0   5.0 450.0                            LAT/LON1/LON2/DLON/H
  204  222  233  251  266  278  285  287  287  285  283  283  283  284  285  285
  284  282  282  284  287  293  299  308  318  328  337  344  348  352  354  355
  354  350  344  335  325  315  305  295  284  271  258  243  228  214  202  190
  178  169  161  155  152  151  152  153  155  159  163  167  169  170  169  168
  165  165  166  167  171  176  184  188  204                                   
    37.5-180.0 180.0   5.0 450.0                            LAT/LON1/LON2/DLON/H
  206  228  242  258  273  283  292  295  298  300  300  301  302  303  304  303
  302  301  301  304  309  314  320  326  333  342  350  357  362  367  371  374
  375  372  365  356  346  336  325  313  300  286  270  252  235  218  204  191
  180  171  164  160  158  157  156  157  158  161  164  166  167  165  163  161
  157  157  157  157  160  166  174  179  206                                   
    35.0-180.0 180.0   5.0 450.0                            LAT/LON1/LON2/DLON/H
  205  227  245  258  274  282  294  299  307  313  316  320  322  323  323  322
  320  320  322  327  333  337  341  344  348  354  361  368  376  384  391  397
  400  398  393  384  374  363  350  336  321  305  286  267  247  229  212  199
  188  180  175  172  170  169  168  167  168  169  170  170  168  164  160  156
  151  150  147  145  146  151  158  165  205                                   
    32.5-180.0 180.0   5.0 450.0                            LAT/LON1/LON2/DLON/H
  203  225  244  257  272  279  294  302  315  325  333  339  343  344  344  342
  340  340  344  351  357  361  361  361  362  366  373  383  394  406  417  427
  432  432  427  419  409  396  381  365  347  328  309  288  267  246  229  214
  204  197  194  193  192  191  189  188  187  187  187  185  179  172  165  159
  153  150  144  140  137  138  143  151  203                                   
    30.0-180.0 180.0   5.0 450.0                            LAT/LON1/LON2/DLON/H
  203  224  243  255  270  278  295  307  324  339  352  361  366  368  367  365
  363  364  369  376  382  385  383  380  379  383  392  404  419  435  451  463
  471  472  469  461  450  435  416  395  375  355  334  313  291  270  251  237
  227  223  222  223  224  223  221  219  218  218  216  212  203  193  184  175
  168  162  153  145  138  133  133  142  203                                   
    27.5-180.0 180.0   5.0 450.0                            LAT/LON1/LON2/DLON/H
  208  225  242  257  273  283  303  317  338  357  373  385  392  395  394  391
  390  391  396  404  409  410  407  403  403  409  421  437  455  475  493  508
  517  519  516  507  492  473  449  424  401  379  358  337  315  294  275  262
  255  253  255  259  262  263  261  259  258  258  256  250  239  226  214  204
  195  187  174  163  152  139  133  143  208                                   
    25.0-180.0 180.0   5.0 450.0                            LAT/LON1/LON2/DLON/H
  218  231  244  263  283  296  317  334  357  378  397  411  420  424  424  423
  421  423  428  435  439  439  436  434  437  448  464  483  504  525  544  558
  566  567  561  548  530  505  476  446  419  396  375  355  333  313  297  286
  282  283  289  297  302  305  304  302  302  302  301  294  282  266  252  241
  231  221  206  192  175  156  144  156  218                                   
    22.5-180.0 180.0   5.0 450.0                            LAT/LON1/LON2/DLON/H
  231  241  250  272  297  313  337  356  380  403  423  439  449  455  457  457
  457  459  464  470  473  473  473  475  484  500  521  543  564  583  599  609
  612  607  595  578  554  525  491  457  426  401  380  361  341  323  310  303
  304  310  319  330  338  341  341  340  341  342  341  334  321  305  290  278
  269  260  244  228  205  179  163  180  231                                   
    20.0-180.0 180.0   5.0 450.0                            LAT/LON1/LON2/DLON/H
  243  252  257  283  311  333  358  379  403  427  448  465  478  486  491  493
  495  499  504  509  512  514  518  527  544  566  590  612  629  641  648  649
  642  630  613  592  566  534  497  458  424  396  374  355  337  322  314  313
  320  330  343  355  364  368  369  368  368  369  368  362  349  334  319  308
  299  293  279  261  233  204  188  208  243                                   
    17.5-180.0 180.0   5.0 450.0                            LAT/LON1/LON2/DLON/H
  250  258  263  290  322  348  375  397  422  447  468  487  502  513  521  527
  532  538  545  551  556  562  572  589  613  639  662  678  684  684  679  669
  654  636  616  594  567  535  496  455  417  387  362  342  325  314  312  318
  330  345  360  372  381  384  383  381  380  380  379  372  361  346  334  323
  316  312  301  283  253  223  210  232  250                                   
    15.0-180.0 180.0   5.0 450.0                            LAT/LON1/LON2/DLON/H
  250  256  262  291  326  355  385  408  434  458  481  502  520  534  546  556
  566  575  584  593  602  613  630  653  681  705  721  724  716  704  688  670
  651  630  610  589  564  533  495  453  414  380  352  330  314  306  310  322
  340  357  372  382  388  388  385  381  378  376  372  365  354  341  331  321
  316  314  305  289  261  233  224  244  250                                   
    12.5-180.0 180.0   5.0 450.0                            LAT/LON1/LON2/DLON/H
  241  245  254  285  322  354  385  410  437  462  486  509  529  547  563  578
  593  606  619  632  646  663  684  710  734  750  753  741  723  701  680  660
  640  621  602  584  563  535  500  460  420  384  353  328  311  306  314  331
  352  370  382  389  389  385  379  372  366  360  353  344  332  321  311  303
  298  298  292  279  255  232  225  242  241                                   
    10.0-180.0 180.0   5.0 450.0                            LAT/LON1/LON2/DLON/H
  226  228  242  274  312  346  380  406  434  460  485  509  531  552  572  591
  610  628  646  664  682  703  726  748  764  768  758  737  712  689  668  649
  631  614  598  583  566  543  513  477  439  402  369  341  323  319  330  350
  371  386  394  395  389  381  370  360  350  339  327  314  301  289  281  273
  268  268  264  255  237  220  215  229  226                                   
     7.5-180.0 180.0   5.0 450.0                            LAT/LON1/LON2/DLON/H
  208  212  228  260  300  336  373  401  430  457  482  506  529  552  574  596
  618  640  662  684  707  729  750  766  772  765  747  723  698  676  658  643
