data/edconvlstm_nd/pred1670.15i
     1.0            IONOSPHERE MAPS     GNSS                IONEX VERSION / TYPE
pyspatialgeodesy        IME             05-JAN-18 20:20     PGM / RUN BY / DATE 
Map Name                                                    COMMENT             
Predicted global ionosphere maps (GIM).                     DESCRIPTION         
  2015     6    16     0     0     0                        EPOCH OF FIRST MAP  
  2015     6    17     0     0     0                        EPOCH OF LAST MAP   
  7200                                                      INTERVAL            
    13                                                      # OF MAPS IN FILE   
  NONE                                                      MAPPING FUNCTION    
10.0                                                        ELEVATION CUTOFF    
One-way carrier phase leveled to code                       OBSERVABLES USED    
  6371.0                                                    BASE RADIUS         
 2                                                          MAP DIMENSION       
   450.0 450.0   0.0                                        HGT1 / HGT2 / DHGT  
    87.5 -87.5  -2.5                                        LAT1 / LAT2 / DLAT  
  -180.0 180.0   5.0                                        LON1 / LON2 / DLON  
    -1                                                      EXPONENT            
                                                            END OF HEADER       
[from data line 5148]
    13                                                      START OF TEC MAP    
  2015     6    17     0     0     0                        EPOCH OF CURRENT MAP
    87.5-180.0 180.0   5.0 450.0                            LAT/LON1/LON2/DLON/H
  159  163  172  163  162  162  160  159  159  158  158  158  158  157  156  156
  155  154  153  152  151  150  149  148  146  145  144  142  141  140  139  138
  137  136  136  135  135  135  135  135  135  135  136  136  137  137  138  139
  139  140  141  141  142  142  143  143  144  144  145  145  146  146  147  149
  149  151  153  153  152  151  155  170  159                                   
    85.0-180.0 180.0   5.0 450.0                            LAT/LON1/LON2/DLON/H
  174  173  166  167  173  173  171  169  170  169  168  168  167  166  165  164
  163  162  160  159  157  156  154  152  150  148  147  145  143  141  139  138
  136  135  134  134  133  133  133  133  133  134  135  135  136  137  138  139
  141  142  143  144  144  145  146  147  148  148  149  150  151  152  153  155
  156  158  160  163  156  161  166  173  174                                   
    82.5-180.0 180.0   5.0 450.0                            LAT/LON1/LON2/DLON/H
  172  172  176  174  178  178  176  176  177  176  175  175  174  173  171  169
  168  166  164  162  160  158  156  154  151  149  146  144  142  139  137  135
  133  131  130  129  129  129  129  129  130  131  132  133  134  136  137  139
  140  142  143  145  146  147  148  149  150  151  152  153  154  155  157  159
  160  162  164  164  163  154  160  164  172                                   
    80.0-180.0 180.0   5.0 450.0                            LAT/LON1/LON2/DLON/H
  173  178  175  174  178  181  183  184  185  184  183  183  181  180  178  175
  173  171  168  166  164  161  159  156  153  150  147  144  141  138  135  133
  130  128  127  126  125  125  126  126  128  129  130  132  134  136  138  140
  143  144  146  148  149  150  151  152  152  153  154  155  155  157  158  160
  161  163  164  163  170  163  168  174  173                                   
    77.5-180.0 180.0   5.0 450.0                            LAT/LON1/LON2/DLON/H
  179  180  177  178  178  181  186  188  190  188  188  187  186  183  181  178
  175  172  169  167  164  162  159  156  153  150  147  143  140  136  133  131
  128  127  126  125  125  125  126  127  128  130  132  134  136  139  141  144
  146  148  150  152  153  153  154  154  154  154  154  154  155  155  157  159
  159  162  162  163  170  170  170  178  179                                   
    75.0-180.0 180.0   5.0 450.0                            LAT/LON1/LON2/DLON/H
  182  179  175  177  178  182  186  189  191  190  190  189  187  184  181  177
  174  170  168  165  162  160  157  154  151  147  144  140  137  133  131  128
  127  126  125  125  126  127  128  129  130  132  134  136  138  141  144  147
  149  152  153  155  155  156  155  155  154  154  153  153  153  153  154  156
  156  159  160  156  162  167  167  176  182                                   
    72.5-180.0 180.0   5.0 450.0                            LAT/LON1/LON2/DLON/H
  172  174  171  171  173  176  181  185  188  188  188  188  185  182  178  173
  170  166  163  160  158  155  152  149  146  142  138  134  131  128  126  124
  124  124  124  125  126  127  128  129  131  132  134  136  139  142  145  148
  151  154  156  157  157  157  157  155  154  153  152  151  151  151  152  153
  153  156  158  155  157  160  164  176  172                                   
    70.0-180.0 180.0   5.0 450.0                            LAT/LON1/LON2/DLON/H
  169  166  165  167  169  172  179  183  188  189  190  189  187  183  179  174
  169  166  162  160  157  154  151  147  143  138  134  130  127  125  123  123
  123  124  125  126  128  129  131  132  133  134  136  137  140  143  147  150
  154  157  159  160  161  160  159  158  157  155  155  154  153  153  154  155
  155  156  159  157  159  161  164  176  169                                   
    67.5-180.0 180.0   5.0 450.0                            LAT/LON1/LON2/DLON/H
  168  165  163  164  165  169  175  180  186  188  191  191  189  185  181  176
  171  167  164  161  158  154  150  145  140  135  129  125  123  121  121  121
  122  123  124  126  127  128  129  130  131  132  133  135  137  140  144  148
  153  156  159  160  160  160  159  158  158  157  157  157  156  156  156  157
  157  158  161  157  160  162  164  178  168                                   
    65.0-180.0 180.0   5.0 450.0                            LAT/LON1/LON2/DLON/H
  169  165  163  163  164  166  172  178  185  188  192  193  192  189  185  180
  175  171  168  165  161  157  152  146  140  133  128  124  122  122  122  123
  124  125  125  126  126  127  128  129  129  130  131  132  134  137  141  146
  151  155  158  159  160  159  159  159  160  161  162  163  163  162  163  163
  163  164  166  162  165  167  170  184  169                                   
    62.5-180.0 180.0   5.0 450.0                            LAT/LON1/LON2/DLON/H
  175  169  168  166  166  166  172  177  185  189  193  195  196  193  190  185
  181  177  174  171  167  163  157  150  143  136  131  128  127  127  128  129
  129  129  128  127  126  127  127  128  129  129  129  130  132  135  139  144
  149  154  157  158  159  159  160  162  164  167  170  171  172  172  172  172
  171  172  173  169  172  175  178  191  175                                   
    60.0-180.0 180.0   5.0 450.0                            LAT/LON1/LON2/DLON/H
  182  178  176  173  171  170  174  178  184  188  192  196  197  196  193  189
  186  183  180  177  174  169  163  156  148  142  138  135  135  136  138  138
  137  135  132  129  127  127  127  128  129  129  129  129  130  132  137  142
  148  152  156  158  159  160  162  165  170  175  179  182  183  182  182  181
  180  181  182  178  182  185  188  200  182                                   
    57.5-180.0 180.0   5.0 450.0                            LAT/LON1/LON2/DLON/H
  193  190  189  184  180  177  179  181  185  187  191  194  196  195  194  191
  189  187  185  183  180  175  169  162  156  151  147  147  148  149  151  150
  147  142  137  132  129  128  129  130  131  131  130  129  129  131  135  140
  146  152  156  158  160  162  165  170  177  183  189  192  193  192  191  191
  189  190  192  188  192  196  199  210  193                                   
    55.0-180.0 180.0   5.0 450.0                            LAT/LON1/LON2/DLON/H
  206  205  205  198  193  188  188  187  189  188  190  192  193  193  192  191
  189  188  187  186  184  180  175  169  164  161  159  160  162  164  165  163
  158  151  144  137  134  132  133  135  135  134  132  130  129  130  133  139
  146  152  157  160  162  165  169  176  184  192  198  202  202  201  200  199
  198  200  202  199  203  207  210  221  206                                   
    52.5-180.0 180.0   5.0 450.0                            LAT/LON1/LON2/DLON/H
  220  221  221  214  208  204  202  198  196  192  191  190  190  190  189  188
  187  187  187  187  186  183  180  176  172  170  171  173  176  178  178  174
  168  159  150  143  140  139  140  141  141  140  136  132  129  129  132  138
  145  152  158  162  165  169  174  182  191  199  206  209  210  208  207  207
  207  209  213  211  215  219  222  232  220                                   
    50.0-180.0 180.0   5.0 450.0                            LAT/LON1/LON2/DLON/H
  233  236  237  230  225  222  219  213  207  200  195  192  189  188  186  185
  185  185  186  187  186  185  183  181  179  179  181  184  187  188  187  183
  175  165  157  150  147  147  149  150  149  146  140  134  130  128  130  136
  144  153  160  166  170  174  180  188  197  206  212  215  215  214  213  214
  215  219  225  223  227  230  233  244  233                                   
    47.5-180.0 180.0   5.0 450.0                            LAT/LON1/LON2/DLON/H
  246  249  250  245  242  241  239  231  223  212  204  197  192  188  185  183
  183  184  185  186  187  186  185  184  184  186  188  191  193  194  191  186
  178  170  162  158  156  157  159  160  158  153  145  138  131  128  129  135
  144  153  162  169  175  180  186  193  202  211  217  220  220  219  219  221
  224  230  237  236  240  242  245  257  246                                   
    45.0-180.0 180.0   5.0 450.0                            LAT/LON1/LON2/DLON/H
  257  259  260  258  257  258  257  250  241  228  217  207  199  192  187  184
  183  184  186  188  189  189  188  188  189  191  193  195  195  194  190  185
  178  172  168  166  166  169  170  170  167  160  151  142  134  130  130  135
  143  154  165  173  180  186  192  200  208  215  221  225  225  225  226  230
  234  241  249  248  252  253  257  270  257                                   
    42.5-180.0 180.0   5.0 450.0                            LAT/LON1/LON2/DLON/H
  265  266  267  268  270  273  273  267  258  245  233  221  210  200  193  188
  186  187  189  191  193  193  192  192  193  195  196  196  194  191  186  181
  177  174  172  174  177  180  181  180  176  169  159  149  140  134  132  136
  144  155  167  178  186  193  199  206  213  220  226  230  232  233  235  239
  244  252  260  259  263  263  268  283  265                                   
    40.0-180.0 180.0   5.0 450.0                            LAT/LON1/LON2/DLON/H
  274  273  274  277  281  284  285  280  273  261  249  236  223  211  201  194
  191  192  195  198  200  200  199  198  198  199  199  197  193  188  182  178
  175  175  178  182  186  190  191  190  185  178  169  159  149  141  138  140
  147  158  170  182  192  200  207  212  218  225  231  236  240  242  245  250
  255  262  269  268  271  272  278  295  274                                   
    37.5-180.0 180.0   5.0 450.0                            LAT/LON1/LON2/DLON/H
  284  282  283  287  292  294  295  291  286  276  265  252  238  224  211  203
  199  200  203  207  209  209  207  206  205  205  204  201  194  187  181  177
  176  178  183  189  194  198  199  198  194  189  181  171  161  151  146  146
  151  161  173  186  198  207  214  219  224  230  237  244  249  253  256  260
  264  269  275  273  278  279  288  308  284                                   
    35.0-180.0 180.0   5.0 450.0                            LAT/LON1/LON2/DLON/H
  298  298  299  301  305  306  305  302  298  290  280  268  254  238  223  213
  208  208  212  217  220  219  217  215  215  214  212  207  199  190  183  178
  178  182  187  194  199  202  204  204  202  199  193  185  174  163  155  153
  156  164  176  189  201  212  218  223  228  234  242  251  258  263  267  269
  271  275  278  276  282  287  298  321  298                                   
    32.5-180.0 180.0   5.0 450.0                            LAT/LON1/LON2/DLON/H
  317  321  322  323  326  323  320  317  314  307  298  287  272  255  238  226
  219  219  223  228  231  231  229  227  226  225  222  216  207  197  188  183
  183  185  190  195  199  202  204  206  207  207  204  197  186  174  164  159
  160  166  175  188  201  212  219  224  228  235  245  256  266  272  276  277
  277  278  280  278  287  294  309  335  317                                   
    30.0-180.0 180.0   5.0 450.0                            LAT/LON1/LON2/DLON/H
  342  352  355  355  355  350  345  340  337  331  323  311  295  277  258  242
  233  231  234  239  243  244  242  240  238  237  234  227  217  205  195  189
  186  188  190  193  195  198  201  204  208  211  210  204  193  180  169  162
  161  163  171  181  194  205  213  219  225  233  245  259  271  279  283  284
  283  282  283  282  293  303  322  350  342                                   
    27.5-180.0 180.0   5.0 450.0                            LAT/LON1/LON2/DLON/H
  372  388  393  394  393  387  381  376  372  365  356  343  327  306  285  266
  252  247  248  253  257  258  257  254  252  250  246  238  227  213  201  193
  188  187  186  187  187  189  193  198  205  210  210  205  193  180  168  160
  156  156  160  168  180  191  201  209  217  228  243  259  273  283  289  290
  290  289  289  289  301  315  335  367  372                                   
    25.0-180.0 180.0   5.0 450.0                            LAT/LON1/LON2/DLON/H
  402  423  433  437  436  432  426  421  418  410  400  387  369  346  321  298
  279  269  267  270  274  275  273  269  265  261  256  246  233  217  203  193
  186  182  179  177  177  179  183  189  196  202  203  197  185  171  159  151
  147  145  146  151  161  173  185  197  208  222  240  259  276  287  295  299
  299  300  301  301  314  328  350  385  402                                   
    22.5-180.0 180.0   5.0 450.0                            LAT/LON1/LON2/DLON/H
  430  454  467  477  478  478  476  473  471  464  454  440  421  397  369  341
  316  300  293  292  294  294  290  285  278  270  261  249  233  216  200  188
  179  173  169  166  165  167  171  177  184  189  190  183  170  156  145  138
  133  130  128  132  140  154  169  184  200  219  239  261  279  293  303  310
  314  316  318  319  331  344  366  403  430                                   
    20.0-180.0 180.0   5.0 450.0                            LAT/LON1/LON2/DLON/H
  451  474  489  506  511  517  521  523  525  520  511  498  480  457  427  393
  362  339  326  320  318  315  309  300  288  276  261  245  226  207  191  178
  168  162  157  155  154  156  159  165  170  174  172  164  151  137  128  122
  118  114  112  113  122  137  155  174  195  217  241  265  285  301  314  325
  333  339  343  344  353  363  383  420  451                                   
    17.5-180.0 180.0   5.0 450.0                            LAT/LON1/LON2/DLON/H
  462  482  498  520  529  542  552  562  569  568  563  553  539  518  489  452
  415  385  365  353  346  339  328  314  296  276  255  234  212  193  176  163
  155  149  145  144  145  147  150  154  157  158  154  144  130  118  110  107
  104  100   97   98  107  123  144  167  192  218  245  271  293  311  328  344
  357  367  373  374  379  383  400  436  462                                   
    15.0-180.0 180.0   5.0 450.0                            LAT/LON1/LON2/DLON/H
  465  481  496  520  532  549  565  581  594  599  598  594  587  572  546  510
  470  434  407  390  376  362  346  324  299  271  244  217  194  174  159  149
  142  139  138  139  141  144  147  148  148  145  139  127  114  103   96   94
   92   88   85   88   97  115  137  163  191  221  251  278  303  325  345  366
  383  397  405  406  407  405  418  452  465                                   
    12.5-180.0 180.0   5.0 450.0                            LAT/LON1/LON2/DLON/H
  465  475  487  510  522  540  559  579  596  606  611  614  614  607  588  557
  518  480  449  425  404  383  359  330  296  261  227  197  174  157  145  139
  137  136  137  140  145  148  150  149  145  139  129  117  104   94   88   85
   83   79   77   81   92  110  134  161  192  224  256  286  313  338  363  388
  409  426  436  437  434  427  437  468  465                                   
    10.0-180.0 180.0   5.0 450.0                            LAT/LON1/LON2/DLON/H
  467  473  480  498  508  523  539  559  578  591  600  609  616  617  608  584
  550  514  482  453  426  397  364  327  286  245  207  177  156  145  140  139
  140  142  145  150  155  159  159  155  148  139  127  115  102   93   86   82
   78   73   72   77   89  109  133  161  193  227  261  293  323  351  380  407
  432  451  462  463  459  448  457  486  467                                   
     7.5-180.0 180.0   5.0 450.0                            LAT/LON1/LON2/DLON/H
  477  481  483  494  498  506  516  532  548  561  571  582  594  602  601  586
  561  530  499  469  436  399  359  314  268  224  187  161  147  143  144  148
