data/edconvlstm_nd/pred0710.15i
     1.0            IONOSPHERE MAPS     GNSS                IONEX VERSION / TYPE
pyspatialgeodesy        IME             05-JAN-18 20:20     PGM / RUN BY / DATE 
Map Name                                                    COMMENT             
Predicted global ionosphere maps (GIM).                     DESCRIPTION         
  2015     3    12     0     0     0                        EPOCH OF FIRST MAP  
  2015     3    13     0     0     0                        EPOCH OF LAST MAP   
  7200                                                      INTERVAL            
    13                                                      # OF MAPS IN FILE   
  NONE                                                      MAPPING FUNCTION    
10.0                                                        ELEVATION CUTOFF    
One-way carrier phase leveled to code                       OBSERVABLES USED    
  6371.0                                                    BASE RADIUS         
 2                                                          MAP DIMENSION       
   450.0 450.0   0.0                                        HGT1 / HGT2 / DHGT  
    87.5 -87.5  -2.5                                        LAT1 / LAT2 / DLAT  
  -180.0 180.0   5.0                                        LON1 / LON2 / DLON  
    -1                                                      EXPONENT            
                                                            END OF HEADER       
[from data line 4719]
    12                                                      START OF TEC MAP    
  2015     3    12    22     0     0                        EPOCH OF CURRENT MAP
    87.5-180.0 180.0   5.0 450.0                            LAT/LON1/LON2/DLON/H
  189  171  154  163  165  164  166  166  166  169  169  171  171  172  173  173
  173  173  172  171  169  168  166  164  162  161  159  157  156  154  153  152
  151  151  150  150  150  149  149  149  150  150  150  150  150  151  151  151
  152  152  152  153  153  153  154  154  154  155  155  155  156  156  156  156
  155  156  155  157  167  167  167  177  189                                   
    85.0-180.0 180.0   5.0 450.0                            LAT/LON1/LON2/DLON/H
  171  162  163  161  158  163  165  170  171  174  175  177  178  180  180  181
  180  180  178  177  175  172  170  167  165  162  159  157  155  153  151  150
  149  148  147  147  147  147  147  147  148  148  148  149  149  150  150  150
  151  151  151  152  152  153  153  153  154  154  154  155  155  155  155  155
  156  156  156  155  158  152  149  160  171                                   
    82.5-180.0 180.0   5.0 450.0                            LAT/LON1/LON2/DLON/H
  141  135  135  138  139  145  152  157  159  164  168  172  175  178  179  180
  179  178  176  173  169  165  160  155  151  146  142  138  134  131  129  127
  126  125  125  125  125  125  126  126  127  127  127  127  128  128  128  128
  128  128  128  128  129  129  130  130  130  131  132  132  132  133  133  132
  132  132  131  136  137  142  131  138  141                                   
    80.0-180.0 180.0   5.0 450.0                            LAT/LON1/LON2/DLON/H
  124  121  124  127  129  133  144  153  160  168  174  181  186  190  192  193
  192  189  185  180  174  168  161  154  147  141  135  129  125  121  118  116
  115  115  115  116  116  117  118  119  120  120  121  121  121  121  120  120
  120  120  120  120  121  121  122  123  123  124  125  126  126  127  127  127
  127  126  125  127  123  119  113  128  124                                   
    77.5-180.0 180.0   5.0 450.0                            LAT/LON1/LON2/DLON/H
  119  107  115  116  123  129  140  150  160  170  180  189  196  202  205  206
  205  201  196  189  181  172  163  154  145  136  129  122  117  113  110  108
  107  108  109  110  112  113  115  115  116  116  115  114  113  112  111  110
  109  108  108  108  108  108  109  110  111  112  113  114  115  116  117  118
  117  117  117  119  118  113  113  133  119                                   
    75.0-180.0 180.0   5.0 450.0                            LAT/LON1/LON2/DLON/H
  117  111  114  114  120  128  137  148  162  174  186  197  206  212  216  216
  214  209  202  194  184  174  164  154  144  135  127  120  114  110  107  106
  106  107  109  111  113  115  116  117  117  116  114  113  111  109  107  105
  103  102  101  101  100  100  100  101  102  104  105  107  109  111  113  115
  116  117  119  118  116  111  112  122  117                                   
    72.5-180.0 180.0   5.0 450.0                            LAT/LON1/LON2/DLON/H
  120  114  117  121  121  128  137  148  160  174  187  200  210  218  222  223
  220  215  207  197  187  176  164  153  143  132  123  115  108  103  100   98
   98  100  102  105  107  110  111  112  111  110  107  105  102   99   97   95
   93   91   90   89   88   88   88   88   89   90   92   94   97  100  103  107
  109  112  115  116  116  115  119  134  120                                   
    70.0-180.0 180.0   5.0 450.0                            LAT/LON1/LON2/DLON/H
  135  130  130  130  129  133  139  149  160  174  187  201  211  219  223  223
  220  214  205  195  185  174  164  153  143  132  123  114  107  101   97   95
   94   95   97   99  101  103  104  105  104  102  100   97   94   91   88   86
   85   83   82   81   80   80   79   79   79   80   82   84   87   91   96  101
  105  111  118  122  125  127  135  146  135                                   
    67.5-180.0 180.0   5.0 450.0                            LAT/LON1/LON2/DLON/H
  154  150  150  150  149  150  153  160  169  181  194  208  219  227  232  232
  229  223  215  205  196  186  176  165  155  143  132  122  113  105   99   95
   93   93   93   94   96   98   99   99   99   97   94   91   89   86   84   83
   82   82   81   81   80   80   79   79   79   79   80   82   85   89   96  102
  109  117  125  131  136  143  152  164  154                                   
    65.0-180.0 180.0   5.0 450.0                            LAT/LON1/LON2/DLON/H
  170  168  169  168  165  164  164  168  174  184  196  208  219  227  232  233
  230  225  218  210  202  194  185  176  165  154  142  130  120  110  102   96
   92   88   87   86   86   87   88   88   87   85   83   80   78   76   75   74
   74   75   75   76   76   76   75   75   74   74   74   76   79   83   90   98
  106  117  128  137  146  157  169  181  170                                   
    62.5-180.0 180.0   5.0 450.0                            LAT/LON1/LON2/DLON/H
  184  184  185  185  183  181  178  179  183  190  200  211  222  230  236  238
  236  233  228  222  216  210  202  193  182  170  158  145  132  121  110  102
   94   88   83   80   79   78   78   78   78   77   75   72   70   68   68   68
   69   71   72   74   75   75   75   75   74   73   73   74   77   81   88   97
  106  118  131  141  152  166  178  191  184                                   
    60.0-180.0 180.0   5.0 450.0                            LAT/LON1/LON2/DLON/H
  192  195  198  199  199  195  193  192  193  198  205  214  224  232  238  241
  242  240  237  234  230  225  218  210  200  188  176  163  150  137  125  114
  103   93   85   79   76   74   74   74   74   73   71   68   66   64   64   64
   66   68   70   72   74   75   76   75   74   74   73   74   77   81   89   97
  107  120  133  144  154  171  184  197  192                                   
    57.5-180.0 180.0   5.0 450.0                            LAT/LON1/LON2/DLON/H
  198  204  209  211  214  211  210  208  208  210  214  221  228  236  242  247
  249  249  247  245  243  239  234  226  217  207  195  184  172  159  146  133
  119  106   94   86   80   77   76   76   76   75   73   71   68   66   65   65
   66   68   70   73   75   77   78   78   78   77   77   79   82   87   94  103
  113  125  139  149  158  175  188  201  198                                   
    55.0-180.0 180.0   5.0 450.0                            LAT/LON1/LON2/DLON/H
  208  216  223  226  232  231  233  231  230  229  230  233  238  243  249  253
  256  257  256  255  253  250  245  239  232  224  215  206  196  185  171  156
  139  123  109   98   91   87   86   86   86   85   83   80   76   73   72   71
   72   73   74   76   79   81   83   84   84   84   85   87   91   97  106  115
  125  138  151  160  168  184  197  208  208                                   
    52.5-180.0 180.0   5.0 450.0                            LAT/LON1/LON2/DLON/H
  223  233  242  244  254  256  260  259  258  255  252  250  251  253  257  260
  262  263  262  261  259  257  253  248  243  238  232  226  219  208  195  178
  159  140  125  113  105  101  100  100  100   99   97   94   90   87   84   83
   82   82   82   83   85   87   89   91   91   92   94   97  103  111  121  132
  143  156  169  179  186  201  214  223  223                                   
    50.0-180.0 180.0   5.0 450.0                            LAT/LON1/LON2/DLON/H
  246  257  267  269  281  287  294  294  293  288  281  275  270  268  268  269
  269  269  267  265  264  262  259  256  253  250  247  243  236  225  210  191
  171  152  136  125  118  115  114  115  115  115  113  111  107  104  101   99
   97   96   94   94   94   96   97   99  100  101  103  108  116  126  138  151
  163  178  192  203  211  226  240  246  246                                   
    47.5-180.0 180.0   5.0 450.0                            LAT/LON1/LON2/DLON/H
  275  285  296  297  311  321  329  332  331  325  315  304  294  287  283  280
  278  275  273  270  268  267  266  264  263  260  257  253  244  231  212  191
  169  151  138  130  126  125  125  126  127  127  127  126  124  122  120  117
  115  111  108  106  105  105  106  107  107  109  112  118  128  140  154  169
  183  199  215  229  239  255  271  275  275                                   
    45.0-180.0 180.0   5.0 450.0                            LAT/LON1/LON2/DLON/H
  306  316  325  327  341  353  363  368  369  363  351  337  322  311  302  296
  291  286  281  278  277  276  276  275  273  269  264  255  241  223  200  176
  155  139  131  127  127  128  130  131  133  134  136  137  137  137  136  134
  131  127  122  118  115  114  114  114  114  115  119  126  137  151  167  183
  198  216  234  251  265  282  300  306  306                                   
    42.5-180.0 180.0   5.0 450.0                            LAT/LON1/LON2/DLON/H
  334  344  353  354  368  381  391  398  401  396  385  369  352  338  326  317
  308  301  296  292  291  291  291  289  284  276  265  250  230  205  179  154
  134  122  119  121  126  129  131  133  134  137  140  142  145  147  148  147
  144  139  133  128  123  121  119  119  118  119  123  131  142  157  174  191
  207  227  246  265  282  303  323  332  334                                   
    40.0-180.0 180.0   5.0 450.0                            LAT/LON1/LON2/DLON/H
  355  367  376  377  389  401  412  419  423  421  412  398  382  366  353  342
  332  323  316  312  311  311  310  305  296  282  264  242  216  187  159  134
  118  111  113  121  129  133  135  135  136  138  141  145  149  152  154  154
  151  146  140  134  129  125  123  122  121  121  125  132  144  159  177  194
  210  230  250  270  289  313  335  349  355                                   
    37.5-180.0 180.0   5.0 450.0                            LAT/LON1/LON2/DLON/H
  370  385  396  396  407  415  425  432  437  437  431  420  407  393  381  369
  359  349  342  338  336  334  331  323  309  288  264  237  208  179  152  130
  118  116  124  134  143  148  147  145  143  143  145  148  150  153  155  155
  153  148  142  137  132  128  126  124  123  122  125  132  144  159  176  193
  208  227  247  267  286  312  336  353  370                                   
    35.0-180.0 180.0   5.0 450.0                            LAT/LON1/LON2/DLON/H
  382  400  414  412  424  429  437  441  446  448  444  437  428  418  407  397
  387  377  370  364  361  357  351  339  320  296  269  242  216  191  168  152
  145  148  157  168  176  176  171  164  158  154  153  153  153  153  154  153
  151  148  143  139  135  133  131  129  127  126  128  135  145  160  176  193
  207  225  244  262  279  305  330  347  382                                   
    32.5-180.0 180.0   5.0 450.0                            LAT/LON1/LON2/DLON/H
  396  418  435  432  445  447  453  453  457  458  457  453  447  440  432  422
  412  403  394  387  381  375  366  352  332  308  284  263  245  230  218  211
  209  213  220  226  226  220  208  194  183  174  167  163  159  156  154  153
  151  149  146  144  142  140  139  137  135  134  135  141  151  165  181  198
  212  229  246  262  276  300  325  341  396                                   
    30.0-180.0 180.0   5.0 450.0                            LAT/LON1/LON2/DLON/H
  417  441  462  459  474  474  479  475  477  476  474  471  467  462  455  446
  435  425  414  404  395  386  375  361  344  326  312  304  302  305  309  311
  312  311  308  301  289  272  252  232  214  200  188  178  170  163  159  157
  155  154  154  153  153  152  151  149  146  145  147  153  163  177  193  210
  224  242  258  272  283  305  330  342  417                                   
    27.5-180.0 180.0   5.0 450.0                            LAT/LON1/LON2/DLON/H
  446  473  496  496  514  514  517  511  510  506  502  498  493  488  481  470
  458  445  431  417  403  390  379  368  358  352  354  366  388  415  436  445
  439  422  401  377  350  323  295  269  247  227  210  196  184  176  171  168
  166  167  167  168  168  167  165  162  159  158  160  167  177  192  210  229
  244  264  279  294  302  323  347  356  446                                   
    25.0-180.0 180.0   5.0 450.0                            LAT/LON1/LON2/DLON/H
  482  511  537  542  565  566  570  562  559  551  544  537  531  524  514  501
  485  468  449  430  410  394  383  378  379  390  412  449  497  542  570  572
  551  515  474  433  395  359  327  298  272  249  230  213  201  193  187  185
  184  185  186  186  184  181  177  172  169  167  170  178  190  207  227  249
  267  290  307  323  332  352  376  383  482                                   
    22.5-180.0 180.0   5.0 450.0                            LAT/LON1/LON2/DLON/H
  522  553  580  592  622  627  633  625  621  612  601  590  581  572  559  542
  522  500  477  452  426  406  395  397  412  440  485  543  604  651  671  659
  621  568  512  459  412  373  339  310  285  262  242  227  217  211  208  207
  207  207  206  204  200  193  186  179  174  172  176  185  199  218  241  265
  288  315  335  354  365  387  413  420  522                                   
    20.0-180.0 180.0   5.0 450.0                            LAT/LON1/LON2/DLON/H
  561  593  621  640  678  689  698  695  692  682  670  657  645  633  617  598
  575  550  522  490  459  434  424  433  460  505  564  627  682  714  715  686
  634  570  505  445  397  359  329  305  282  262  246  234  229  228  229  230
  231  230  226  221  213  203  193  184  178  176  180  190  205  226  250  278
  303  334  358  382  396  421  451  460  561                                   
    17.5-180.0 180.0   5.0 450.0                            LAT/LON1/LON2/DLON/H
  590  623  653  678  723  741  755  758  760  753  742  731  719  706  690  669
  645  619  588  552  516  488  478  491  526  576  631  680  710  716  694  649
  587  518  453  398  357  327  305  286  270  255  243  237  237  242  247  251
  251  248  241  232  220  207  195  186  179  178  182  193  209  231  257  285
  313  347  374  401  419  449  481  495  590                                   
    15.0-180.0 180.0   5.0 450.0                            LAT/LON1/LON2/DLON/H
  605  638  671  699  750  774  795  804  813  813  808  801  793  784  771  752
  731  706  675  638  598  566  554  566  597  637  672  690  685  659  615  555
  489  427  375  336  309  291  278  267  257  246  239  238  242  250  258  262
  262  256  247  234  220  206  194  185  179  178  182  193  210  232  259  288
  317  352  381  410  432  467  500  519  605                                   
    12.5-180.0 180.0   5.0 450.0                            LAT/LON1/LON2/DLON/H
  607  638  674  703  756  786  811  827  844  851  855  857  858  856  850  838
  822  803  775  738  697  661  642  645  661  677  678  658  618  563  500  433
  375  332  304  287  276  269  264  258  252  246  241  241  247  254  261  264
  261  253  242  227  212  198  188  181  177  176  180  190  207  230  257  287
  316  351  381  410  434  473  508  530  607                                   
    10.0-180.0 180.0   5.0 450.0                            LAT/LON1/LON2/DLON/H
  600  631  668  697  750  781  810  829  851  866  879  892  904  913  916  914
  907  895  873  839  796  755  726  713  705  689  655  601  533  459  385  325
  286  268  264  266  269  271  270  268  264  259  254  251  252  255  257  255
  250  240  227  213  200  188  181  177  175  174  176  185  202  225  253  282
  311  345  375  404  429  470  506  531  600                                   
     7.5-180.0 180.0   5.0 450.0                            LAT/LON1/LON2/DLON/H
  591  625  662  689  741  772  800  819  843  863  883  905  927  947  961  968
  971  967  952  923  880  834  792  758  724  679  617  542  457  374  305  262
