data/edconvlstm_nd/pred2570.15i
     1.0            IONOSPHERE MAPS     GNSS                IONEX VERSION / TYPE
pyspatialgeodesy        IME             05-JAN-18 20:20     PGM / RUN BY / DATE 
Map Name                                                    COMMENT             
Predicted global ionosphere maps (GIM).                     DESCRIPTION         
  2015     9    14     0     0     0                        EPOCH OF FIRST MAP  
  2015     9    15     0     0     0                        EPOCH OF LAST MAP   
  7200                                                      INTERVAL            
    13                                                      # OF MAPS IN FILE   
  NONE                                                      MAPPING FUNCTION    
10.0                                                        ELEVATION CUTOFF    
One-way carrier phase leveled to code                       OBSERVABLES USED    
  6371.0                                                    BASE RADIUS         
 2                                                          MAP DIMENSION       
   450.0 450.0   0.0                                        HGT1 / HGT2 / DHGT  
    87.5 -87.5  -2.5                                        LAT1 / LAT2 / DLAT  
  -180.0 180.0   5.0                                        LON1 / LON2 / DLON  
    -1                                                      EXPONENT            
                                                            END OF HEADER       
[from data line 4719]
    12                                                      START OF TEC MAP    
  2015     9    14    22     0     0                        EPOCH OF CURRENT MAP
    87.5-180.0 180.0   5.0 450.0                            LAT/LON1/LON2/DLON/H
  113  102   88   93   96   92   92   89   89   92   91   92   92   93   93   94
   94   94   94   93   93   92   92   91   90   89   89   88   87   86   85   85
   84   83   83   82   81   81   80   80   80   79   79   79   79   79   79   79
   79   79   79   79   79   79   80   80   80   80   81   81   81   81   82   81
   82   82   80   80   90   89  106  112  113                                   
    85.0-180.0 180.0   5.0 450.0                            LAT/LON1/LON2/DLON/H
  114  102  106   93   91   95   94   96   97   99   99  100  101  102  102  103
  103  103  102  102  101  100   99   98   97   96   94   93   92   91   90   89
   88   87   86   85   84   84   83   82   82   82   81   81   81   81   81   81
   81   81   81   82   82   82   83   83   84   84   85   85   86   86   86   86
   87   87   85   83   86   88   91   92  114                                   
    82.5-180.0 180.0   5.0 450.0                            LAT/LON1/LON2/DLON/H
   92   88   87   83   84   88   91   91   92   95   96   99  101  102  103  104
  105  104  104  103  102  100   99   97   95   93   91   90   88   87   85   83
   82   81   79   78   77   76   75   74   73   73   72   72   72   72   72   72
   72   72   73   73   74   74   75   76   76   77   78   79   79   79   80   80
   80   79   78   80   84   94   85   88   92                                   
    80.0-180.0 180.0   5.0 450.0                            LAT/LON1/LON2/DLON/H
   76   75   79   75   77   77   84   87   92   95   99  103  106  108  110  111
  111  111  110  108  106  103  100   97   94   92   89   87   85   83   81   79
   77   75   73   72   70   69   67   66   66   65   65   64   64   64   64   64
   65   65   65   66   66   67   68   69   70   72   73   74   75   76   76   77
   77   77   76   77   77   81   76   84   76                                   
    77.5-180.0 180.0   5.0 450.0                            LAT/LON1/LON2/DLON/H
   81   75   78   74   79   81   87   91   96  101  105  111  116  120  122  124
  124  124  122  119  116  112  108  104  100   97   94   91   88   86   84   82
   79   77   75   73   70   68   66   65   64   63   62   62   62   62   62   62
   62   62   62   62   62   63   64   66   67   69   71   72   74   75   76   77
   77   77   77   78   80   79   78   90   81                                   
    75.0-180.0 180.0   5.0 450.0                            LAT/LON1/LON2/DLON/H
   77   73   73   71   76   81   87   91   99  107  113  120  125  130  132  134
  134  132  130  126  122  117  112  106  102   98   94   91   89   87   85   83
   81   79   76   73   71   68   66   64   63   62   61   61   61   61   61   61
   60   60   59   59   59   60   61   62   64   67   69   71   74   75   77   79
   79   81   81   78   78   76   73   76   77                                   
    72.5-180.0 180.0   5.0 450.0                            LAT/LON1/LON2/DLON/H
   79   73   72   75   76   80   87   92   99  106  114  121  128  133  136  137
  137  135  132  127  121  115  108  102   96   91   87   84   82   80   79   77
   75   73   70   67   64   61   58   56   55   54   54   54   54   54   54   54
   53   52   50   50   49   49   50   52   54   57   60   63   66   69   71   72
   73   74   74   72   70   71   70   79   79                                   
    70.0-180.0 180.0   5.0 450.0                            LAT/LON1/LON2/DLON/H
   78   72   70   72   72   77   83   89   98  106  115  123  129  134  137  138
  137  135  130  125  118  111  104   96   90   84   80   77   75   74   73   72
   71   69   66   62   58   55   52   50   49   49   49   50   50   51   50   49
   48   46   44   42   41   41   42   44   46   50   54   58   61   65   68   70
   70   72   73   72   71   72   74   82   78                                   
    67.5-180.0 180.0   5.0 450.0                            LAT/LON1/LON2/DLON/H
   83   76   73   76   76   79   86   91   99  107  116  124  131  136  139  140
  139  137  132  127  120  112  103   94   87   80   75   72   70   69   68   67
   66   64   60   56   52   48   45   43   43   43   44   46   47   47   47   46
   44   41   39   36   35   34   35   37   40   44   49   54   58   62   65   67
   68   69   69   68   67   71   71   79   83                                   
    65.0-180.0 180.0   5.0 450.0                            LAT/LON1/LON2/DLON/H
   83   78   75   77   76   78   83   88   97  105  114  122  128  133  136  137
  137  135  131  126  119  111  102   93   84   77   71   67   65   64   63   63
   61   58   55   50   45   41   39   37   37   38   40   42   43   44   43   41
   39   35   32   29   27   27   27   29   33   38   43   49   54   58   62   64
   66   67   68   69   69   74   76   85   83                                   
    62.5-180.0 180.0   5.0 450.0                            LAT/LON1/LON2/DLON/H
   87   83   79   81   80   82   85   89   96  103  111  118  125  130  133  136
  137  136  134  130  124  116  107   97   87   79   72   67   64   63   62   60
   58   55   50   46   41   37   34   33   34   36   38   40   41   41   40   38
   34   31   27   24   22   21   22   24   29   34   40   46   52   57   61   63
   65   66   67   68   68   75   76   84   87                                   
    60.0-180.0 180.0   5.0 450.0                            LAT/LON1/LON2/DLON/H
   91   87   84   86   84   84   87   90   95  101  108  114  120  126  130  134
  136  138  137  135  131  124  115  105   95   86   78   73   69   67   65   62
   59   55   50   45   40   36   34   33   34   37   39   41   41   41   39   36
   32   28   24   21   19   18   19   22   26   31   38   45   51   57   61   64
   65   67   68   69   70   78   81   88   91                                   
    57.5-180.0 180.0   5.0 450.0                            LAT/LON1/LON2/DLON/H
   94   94   91   93   91   91   92   93   97  100  105  111  117  122  128  133
  137  141  142  142  139  134  126  117  107   99   91   85   80   76   73   69
   64   59   54   48   43   40   38   38   39   42   44   45   44   42   39   36
   32   28   24   21   19   18   19   21   25   31   38   45   52   58   63   67
   69   71   72   73   73   82   85   91   94                                   
    55.0-180.0 180.0   5.0 450.0                            LAT/LON1/LON2/DLON/H
  100  101  100  102  100   99   99   99  100  102  105  109  114  120  127  133
  139  144  147  148  147  144  138  131  123  115  108  102   96   91   85   79
   73   67   61   55   51   47   46   47   48   50   52   51   50   46   42   38
   34   30   27   24   22   21   22   24   27   33   39   47   54   60   66   71
   74   77   79   79   79   88   91   96  100                                   
    52.5-180.0 180.0   5.0 450.0                            LAT/LON1/LON2/DLON/H
  107  109  109  112  111  110  109  108  107  106  107  109  114  120  127  134
  141  146  150  152  153  152  149  144  139  133  127  121  115  108  100   92
   84   77   71   65   61   58   58   58   60   62   62   60   57   52   47   43
   39   36   33   30   28   27   27   29   32   36   42   49   56   63   70   76
   80   85   88   88   87   95   97  101  107                                   
    50.0-180.0 180.0   5.0 450.0                            LAT/LON1/LON2/DLON/H
  115  118  120  123  123  123  122  120  117  114  112  113  117  123  130  137
  143  148  152  155  157  158  158  156  154  150  146  141  134  125  115  105
   96   87   81   76   72   70   70   71   73   73   73   70   65   59   54   50
   47   44   42   40   38   37   36   37   39   42   47   53   59   66   74   82
   88   94   98   98   97  103  104  107  115                                   
    47.5-180.0 180.0   5.0 450.0                            LAT/LON1/LON2/DLON/H
  124  126  129  134  135  136  136  134  130  125  122  121  123  128  135  141
  146  150  153  157  160  163  165  166  166  165  162  157  150  140  128  116
  105   96   89   85   82   81   81   82   84   84   83   79   73   68   63   59
   57   55   54   52   50   49   48   48   48   50   53   58   64   71   79   87
   95  103  109  109  107  110  110  113  124                                   
    45.0-180.0 180.0   5.0 450.0                            LAT/LON1/LON2/DLON/H
  132  133  136  142  144  147  150  149  145  140  135  132  134  138  143  148
  151  153  156  159  163  167  172  175  177  177  174  169  161  149  136  122
  110  101   94   91   89   89   89   91   92   92   91   87   81   76   72   70
   68   67   66   65   63   62   61   60   59   59   61   64   69   76   84   93
  102  111  118  119  117  118  117  120  132                                   
    42.5-180.0 180.0   5.0 450.0                            LAT/LON1/LON2/DLON/H
  138  138  142  148  152  156  161  163  160  156  150  147  147  150  154  157
  159  160  161  164  168  173  178  182  185  185  182  176  166  153  138  124
  111  102   96   93   93   93   94   96   98   98   96   93   88   84   81   80
   79   79   78   76   75   74   73   71   69   68   69   71   76   82   90   99
  108  118  125  127  125  124  122  126  138                                   
    40.0-180.0 180.0   5.0 450.0                            LAT/LON1/LON2/DLON/H
  144  143  147  153  157  163  170  174  175  172  167  164  163  165  167  169
  169  169  170  172  176  181  186  189  190  189  185  177  166  152  137  122
  109  100   96   94   94   95   97   99  101  101  100   98   94   91   89   88
   89   88   87   85   84   83   82   80   78   76   76   78   82   88   95  104
  113  122  130  133  131  130  128  132  144                                   
    37.5-180.0 180.0   5.0 450.0                            LAT/LON1/LON2/DLON/H
  151  151  154  159  163  169  177  184  187  187  184  181  180  181  182  183
  182  182  183  185  188  192  195  196  194  191  185  175  163  148  132  118
  106   98   94   94   95   97   99  101  103  104  103  101   98   96   95   95
   95   94   92   91   90   89   89   87   84   82   82   84   88   94  101  109
  117  126  134  137  136  136  134  139  151                                   
    35.0-180.0 180.0   5.0 450.0                            LAT/LON1/LON2/DLON/H
  160  161  165  168  171  176  185  194  199  201  200  198  197  197  198  198
  198  198  199  200  202  203  203  201  197  191  183  172  158  143  128  115
  104   98   95   95   97   99  102  104  106  107  107  105  102  100   99   98
   98   96   94   92   92   92   92   90   88   85   85   87   93   99  107  114
  121  130  137  141  141  143  142  147  160                                   
    32.5-180.0 180.0   5.0 450.0                            LAT/LON1/LON2/DLON/H
  172  176  181  181  184  187  196  205  212  216  217  215  214  214  214  214
  215  216  217  218  217  215  211  206  200  192  182  170  156  141  127  114
  105  100   98   99  101  104  107  109  110  111  110  108  106  103  101  100
   98   96   93   91   91   92   92   91   88   85   85   89   96  104  112  120
  126  134  142  147  148  152  153  159  172                                   
    30.0-180.0 180.0   5.0 450.0                            LAT/LON1/LON2/DLON/H
  189  196  203  201  203  204  212  220  227  232  234  234  233  232  231  232
  234  236  237  235  231  225  218  210  202  193  183  170  156  142  129  118
  111  106  104  106  109  112  115  116  116  116  115  112  109  106  103  100
   97   94   91   89   89   90   90   89   86   83   84   89   97  107  117  125
  132  141  149  155  158  164  167  174  189                                   
    27.5-180.0 180.0   5.0 450.0                            LAT/LON1/LON2/DLON/H
  211  221  229  225  228  228  234  240  247  252  255  255  254  252  252  253
  256  258  258  253  245  234  224  214  206  198  188  176  162  149  137  127
  120  116  114  116  119  122  124  124  123  121  119  116  112  108  104  100
   95   91   88   86   86   87   88   86   83   80   81   88   98  110  122  132
  140  150  160  167  171  179  185  193  211                                   
    25.0-180.0 180.0   5.0 450.0                            LAT/LON1/LON2/DLON/H
  236  247  258  254  258  258  262  266  272  277  279  280  279  278  278  279
  282  284  281  273  260  245  232  221  213  206  197  186  173  160  149  140
  134  129  127  128  131  133  134  133  130  126  123  119  115  110  105   99
   94   89   86   84   84   85   85   83   80   78   79   86   98  112  127  139
  149  162  173  182  188  198  206  215  236                                   
    22.5-180.0 180.0   5.0 450.0                            LAT/LON1/LON2/DLON/H
  262  273  286  283  290  291  294  297  301  306  308  310  310  310  310  311
  314  314  309  297  279  261  245  233  226  219  211  200  187  175  164  156
  150  145  142  141  143  144  143  140  135  130  125  122  117  112  105   99
   93   88   84   82   82   82   82   80   77   75   78   86   98  114  131  146
  160  176  189  199  207  218  228  239  262                                   
    20.0-180.0 180.0   5.0 450.0                            LAT/LON1/LON2/DLON/H
  288  298  312  311  321  323  327  329  334  338  342  345  346  347  348  350
  352  351  343  327  306  284  266  253  245  238  229  218  205  192  181  174
  167  162  157  155  155  154  152  146  139  132  127  123  118  113  106   98
   92   86   82   80   79   78   78   76   74   73   77   85   99  116  135  153
  170  189  205  218  226  238  250  263  288                                   
    17.5-180.0 180.0   5.0 450.0                            LAT/LON1/LON2/DLON/H
  310  319  333  335  348  352  358  362  367  372  378  383  387  390  393  395
  397  395  385  366  342  317  296  281  270  260  249  237  223  210  199  192
  186  179  173  169  166  163  159  151  141  133  127  123  119  113  106   98
   90   84   80   77   75   73   72   71   70   71   75   85   99  117  138  159
  178  202  221  235  244  258  271  285  310                                   
    15.0-180.0 180.0   5.0 450.0                            LAT/LON1/LON2/DLON/H
  328  336  349  353  369  377  385  390  398  405  413  421  428  434  440  444
  446  443  432  413  387  360  336  316  300  285  270  255  240  227  217  210
  203  196  189  182  177  172  165  155  144  134  127  123  119  113  104   96
   88   82   77   73   70   67   66   65   65   68   74   84   99  118  140  163
  185  211  233  249  260  276  291  305  328                                   
    12.5-180.0 180.0   5.0 450.0                            LAT/LON1/LON2/DLON/H
  343  351  363  368  385  394  406  413  424  434  445  456  467  477  485  492
  495  493  482  463  437  408  380  354  331  309  290  272  256  243  233  226
  219  212  203  196  189  182  172  160  146  135  128  123  118  111  102   93
   84   78   73   69   65   61   59   58   60   64   71   82   99  118  141  165
  190  218  242  260  272  291  309  323  343                                   
    10.0-180.0 180.0   5.0 450.0                            LAT/LON1/LON2/DLON/H
  358  366  377  380  396  407  420  429  443  455  469  484  499  512  523  532
  537  537  528  510  485  454  422  390  358  330  306  285  269  256  246  239
  232  225  217  209  201  192  180  165  150  137  128  122  115  107   97   87
   79   73   68   64   59   55   53   52   55   59   67   80   97  117  141  166
  192  221  247  266  281  304  325  338  358                                   
     7.5-180.0 180.0   5.0 450.0                            LAT/LON1/LON2/DLON/H
  373  383  392  392  407  417  430  440  455  469  485  502  519  535  549  560
  567  568  561  546  522  491  455  417  379  345  317  295  279  265  255  248
