data/edconvlstm_nd/pred1060.15i
     1.0            IONOSPHERE MAPS     GNSS                IONEX VERSION / TYPE
pyspatialgeodesy        IME             05-JAN-18 20:20     PGM / RUN BY / DATE 
Map Name                                                    COMMENT             
Predicted global ionosphere maps (GIM).                     DESCRIPTION         
  2015     4    16     0     0     0                        EPOCH OF FIRST MAP  
  2015     4    17     0     0     0                        EPOCH OF LAST MAP   
  7200                                                      INTERVAL            
    13                                                      # OF MAPS IN FILE   
  NONE                                                      MAPPING FUNCTION    
10.0                                                        ELEVATION CUTOFF    
One-way carrier phase leveled to code                       OBSERVABLES USED    
  6371.0                                                    BASE RADIUS         
 2                                                          MAP DIMENSION       
   450.0 450.0   0.0                                        HGT1 / HGT2 / DHGT  
    87.5 -87.5  -2.5                                        LAT1 / LAT2 / DLAT  
  -180.0 180.0   5.0                                        LON1 / LON2 / DLON  
    -1                                                      EXPONENT            
                                                            END OF HEADER       
[from data line 429]
     2                                                      START OF TEC MAP    
  2015     4    16     2     0     0                        EPOCH OF CURRENT MAP
    87.5-180.0 180.0   5.0 450.0                            LAT/LON1/LON2/DLON/H
  176  176  174  170  170  167  163  163  164  164  164  165  166  166  166  165
  165  164  163  162  161  160  159  158  157  156  155  154  153  153  152  152
  152  152  152  152  152  153  153  154  154  155  155  156  157  157  158  158
  159  159  159  160  160  160  160  161  161  161  161  161  161  161  161  161
  162  164  164  165  167  167  167  181  176                                   
    85.0-180.0 180.0   5.0 450.0                            LAT/LON1/LON2/DLON/H
  178  178  167  170  173  169  167  166  166  167  167  168  168  168  168  167
  166  165  164  162  161  159  157  156  154  153  152  151  150  149  149  148
  148  148  149  149  150  151  153  154  155  157  158  160  161  162  163  164
  165  166  166  167  167  168  168  169  169  169  169  170  170  170  169  170
  171  172  172  175  168  168  171  177  178                                   
    82.5-180.0 180.0   5.0 450.0                            LAT/LON1/LON2/DLON/H
  178  176  172  172  172  168  165  165  167  167  168  169  169  169  169  168
  167  165  163  161  159  156  153  151  148  146  144  142  140  139  137  137
  136  136  137  138  139  141  143  145  148  150  153  155  157  159  161  163
  165  166  167  169  170  171  172  173  173  174  175  176  176  176  176  177
  178  179  177  178  178  169  172  171  178                                   
    80.0-180.0 180.0   5.0 450.0                            LAT/LON1/LON2/DLON/H
  176  178  171  171  170  168  168  169  171  172  173  174  175  175  174  172
  170  168  165  161  158  154  150  147  143  140  136  133  130  128  126  125
  124  125  125  127  128  131  133  136  139  142  146  149  151  154  156  158
  160  162  164  166  167  169  170  172  174  175  176  178  179  180  181  182
  183  183  181  180  183  176  182  177  176                                   
    77.5-180.0 180.0   5.0 450.0                            LAT/LON1/LON2/DLON/H
  181  181  178  178  176  174  177  179  181  182  183  185  185  184  182  179
  175  171  167  162  158  153  149  144  140  136  131  127  124  121  118  117
  116  117  118  120  122  124  127  131  134  137  141  144  147  149  152  154
  156  158  160  162  164  166  168  170  173  175  177  179  181  182  184  187
  188  189  186  187  190  186  188  187  181                                   
    75.0-180.0 180.0   5.0 450.0                            LAT/LON1/LON2/DLON/H
  189  191  189  190  187  187  190  193  196  197  198  199  197  194  189  183
  177  170  164  159  154  149  145  141  137  132  127  123  119  115  113  111
  111  111  112  114  116  119  121  125  128  131  134  137  140  143  145  148
  150  152  155  157  159  162  164  167  170  172  175  178  180  183  185  189
  191  193  192  190  193  193  197  199  189                                   
    72.5-180.0 180.0   5.0 450.0                            LAT/LON1/LON2/DLON/H
  192  200  200  202  200  199  204  208  212  214  215  214  210  203  194  184
  174  165  158  151  147  143  140  137  133  128  124  119  115  111  109  108
  107  108  109  111  112  115  117  119  122  125  128  131  134  137  140  143
  147  150  152  155  158  160  163  166  169  172  175  177  180  182  185  189
  191  194  196  196  197  195  200  205  192                                   
    70.0-180.0 180.0   5.0 450.0                            LAT/LON1/LON2/DLON/H
  198  203  205  209  207  208  213  219  226  229  229  227  219  208  194  179
  165  154  146  140  136  133  131  129  125  121  116  112  108  105  103  102
  102  103  104  105  106  107  109  111  113  115  118  121  125  129  134  138
  142  146  150  153  156  159  162  165  168  171  173  175  177  178  180  184
  186  189  191  193  195  195  201  208  198                                   
    67.5-180.0 180.0   5.0 450.0                            LAT/LON1/LON2/DLON/H
  199  205  207  212  210  211  218  225  234  238  240  237  227  212  193  174
  158  145  135  129  126  124  122  120  116  112  107  103   99   97   96   95
   96   96   97   97   97   98   98   99  101  103  106  109  114  120  126  132
  138  143  148  152  155  159  162  165  168  170  172  173  174  174  174  176
  178  180  182  184  186  188  195  204  199                                   
    65.0-180.0 180.0   5.0 450.0                            LAT/LON1/LON2/DLON/H
  196  201  204  208  207  208  214  223  234  241  245  243  232  215  193  172
  153  138  128  122  119  117  115  111  107  101   96   91   89   87   87   88
   89   89   89   89   88   88   88   89   90   92   95   99  105  112  119  127
  135  141  147  152  155  159  162  165  168  170  172  172  172  170  169  170
  170  171  173  174  177  179  187  197  196                                   
    62.5-180.0 180.0   5.0 450.0                            LAT/LON1/LON2/DLON/H
  192  197  199  202  201  200  206  214  226  236  242  243  234  218  196  174
  154  139  129  122  118  115  110  105   98   90   84   80   78   79   80   81
   82   83   82   81   80   80   80   81   82   85   88   93   99  106  115  124
  132  140  146  151  156  159  163  166  169  172  173  174  173  171  170  169
  168  168  169  169  171  173  181  189  192                                   
    60.0-180.0 180.0   5.0 450.0                            LAT/LON1/LON2/DLON/H
  190  195  197  198  195  191  194  201  212  223  232  236  232  219  201  180
  162  147  136  129  123  117  109   99   89   80   74   70   70   72   74   77
   78   78   76   75   75   75   76   77   79   82   85   89   95  102  111  120
  130  138  145  150  155  159  163  167  172  175  177  178  178  177  176  177
  176  176  176  174  174  173  180  187  190                                   
    57.5-180.0 180.0   5.0 450.0                            LAT/LON1/LON2/DLON/H
  197  201  202  200  195  187  185  188  197  207  217  224  225  218  206  191
  176  162  151  142  133  122  110   97   84   73   67   64   66   69   73   76
   77   76   74   73   73   74   76   78   81   83   86   90   94  101  109  118
  127  136  143  149  154  159  164  170  175  180  183  186  187  189  191  193
  194  195  194  191  188  185  190  195  197                                   
    55.0-180.0 180.0   5.0 450.0                            LAT/LON1/LON2/DLON/H
  215  218  218  213  205  193  186  182  186  192  201  210  215  216  211  203
  193  183  172  160  146  131  114   97   82   72   66   65   69   74   78   81
   81   79   77   76   76   78   81   84   87   89   91   93   96  101  108  116
  125  134  142  149  155  161  168  175  181  187  193  197  201  206  212  218
  222  225  225  220  214  207  211  216  215                                   
    52.5-180.0 180.0   5.0 450.0                            LAT/LON1/LON2/DLON/H
  244  247  244  238  228  212  199  188  185  185  190  198  206  212  215  215
  212  205  194  179  161  141  121  102   87   77   73   74   79   85   90   92
   91   88   85   83   84   86   90   93   96   98   99  100  101  103  108  116
  124  134  143  151  158  166  175  183  191  199  205  212  219  228  238  249
  257  263  265  258  249  240  242  247  244                                   
    50.0-180.0 180.0   5.0 450.0                            LAT/LON1/LON2/DLON/H
  281  284  280  276  264  246  227  209  197  189  187  192  200  209  218  225
  228  224  213  197  176  153  131  113   99   91   89   92   98  104  108  108
  105  101   97   95   96   98  101  105  108  109  109  108  107  108  112  118
  127  137  147  157  166  176  187  197  207  215  223  231  241  253  268  284
  297  307  309  302  291  278  279  286  281                                   
    47.5-180.0 180.0   5.0 450.0                            LAT/LON1/LON2/DLON/H
  322  325  322  322  310  291  269  243  222  206  196  195  201  210  223  234
  240  238  227  210  188  166  146  130  119  114  113  117  122  127  129  127
  123  117  113  110  110  111  114  116  118  120  120  119  117  117  119  125
  133  144  156  167  179  192  205  217  227  236  244  254  266  281  299  318
  335  348  353  346  333  319  318  326  322                                   
    45.0-180.0 180.0   5.0 450.0                            LAT/LON1/LON2/DLON/H
  360  363  363  367  358  341  318  288  261  235  218  210  211  219  231  242
  249  247  236  220  200  182  166  154  146  142  142  144  147  149  149  145
  139  133  129  126  125  124  124  125  127  129  131  130  129  128  130  135
  144  156  169  182  197  212  227  241  252  261  270  280  292  309  328  349
  368  382  388  383  371  358  355  363  360                                   
    42.5-180.0 180.0   5.0 450.0                            LAT/LON1/LON2/DLON/H
  389  391  393  402  396  384  364  335  304  274  250  236  231  235  243  252
  257  254  243  228  213  199  189  181  176  172  170  170  170  168  166  161
  155  149  145  141  138  135  133  132  134  138  141  143  143  143  145  150
  159  170  184  200  216  234  251  266  278  288  297  307  321  337  356  376
  394  409  416  413  403  393  390  394  389                                   
    40.0-180.0 180.0   5.0 450.0                            LAT/LON1/LON2/DLON/H
  412  410  410  419  418  411  395  373  344  313  286  269  260  259  262  266
  266  261  251  239  228  220  214  210  205  200  195  190  187  184  180  175
  170  165  161  157  151  145  139  137  139  145  152  156  158  159  161  166
  174  186  200  216  235  255  274  291  304  315  324  336  350  366  384  403
  420  433  441  440  433  428  425  422  412                                   
    37.5-180.0 180.0   5.0 450.0                            LAT/LON1/LON2/DLON/H
  435  427  423  424  426  421  408  393  371  345  321  303  292  287  285  283
  279  272  262  254  247  243  240  235  229  221  213  207  202  198  194  190
  186  183  178  172  164  154  146  142  145  153  162  169  173  174  176  180
  188  199  213  230  250  272  293  312  327  339  352  366  382  399  418  436
  453  466  475  475  471  473  467  455  435                                   
    35.0-180.0 180.0   5.0 450.0                            LAT/LON1/LON2/DLON/H
  469  455  442  430  427  420  407  397  382  364  347  334  323  316  309  302
  294  286  278  272  269  266  262  256  247  238  229  223  219  216  214  211
  208  204  198  189  178  164  154  149  152  161  172  181  185  186  186  190
  197  207  221  238  259  283  308  329  347  362  378  396  417  438  459  478
  496  510  522  523  524  531  522  501  469                                   
    32.5-180.0 180.0   5.0 450.0                            LAT/LON1/LON2/DLON/H
  524  508  484  454  440  424  404  393  384  373  364  357  350  341  332  321
  311  302  295  292  289  286  280  271  262  254  248  245  244  244  243  241
  237  231  222  209  193  177  164  159  162  171  181  189  192  191  191  194
  200  211  225  243  265  290  316  340  361  381  402  427  453  480  505  528
  548  566  580  584  591  604  588  559  524                                   
    30.0-180.0 180.0   5.0 450.0                            LAT/LON1/LON2/DLON/H
  605  591  557  510  481  455  423  404  390  381  376  373  370  362  351  337
  325  316  311  308  304  299  291  282  276  273  274  278  282  285  285  281
  274  264  249  232  212  193  179  172  173  180  188  193  193  191  190  192
  200  212  227  246  268  295  322  348  372  396  423  454  488  521  552  579
  604  626  645  651  665  685  663  630  605                                   
    27.5-180.0 180.0   5.0 450.0                            LAT/LON1/LON2/DLON/H
  705  701  658  601  560  524  480  446  422  405  396  392  387  378  365  349
  336  326  320  316  311  304  297  293  295  302  313  324  334  338  337  330
  318  301  280  256  232  210  195  186  185  189  192  193  189  185  184  188
  199  214  232  252  276  304  332  360  385  411  442  479  519  559  596  629
  660  688  710  721  741  769  747  713  705                                   
    25.0-180.0 180.0   5.0 450.0                            LAT/LON1/LON2/DLON/H
  809  823  779  721  670  628  573  524  484  455  435  422  411  396  377  358
  341  329  321  315  309  304  302  307  320  340  362  382  395  398  393  380
  361  336  308  278  249  226  209  199  195  194  192  188  181  175  175  183
  198  218  240  264  291  319  349  376  402  430  463  502  546  591  633  673
  710  745  772  788  811  847  833  803  809                                   
    22.5-180.0 180.0   5.0 450.0                            LAT/LON1/LON2/DLON/H
  902  935  899  851  795  751  690  629  574  530  496  469  446  421  394  368
  346  330  318  310  304  304  311  328  354  387  419  443  455  454  442  421
  394  361  326  291  260  236  218  206  200  195  188  180  171  165  166  178
  198  224  252  280  310  340  370  397  424  451  484  524  569  616  662  706
  749  788  820  843  867  908  908  887  902                                   
    20.0-180.0 180.0   5.0 450.0                            LAT/LON1/LON2/DLON/H
  965 1014  998  967  915  874  814  746  681  623  574  534  497  460  422  387
  358  336  320  309  305  310  327  356  395  437  474  497  501  490  469  440
  407  369  330  292  260  236  219  207  199  191  182  171  161  155  159  174
  200  232  266  299  331  363  394  422  447  474  506  544  588  636  683  729
  775  815  850  879  903  940  954  946  965                                   
    17.5-180.0 180.0   5.0 450.0                            LAT/LON1/LON2/DLON/H
  989 1046 1055 1045 1010  979  926  860  790  723  663  609  560  511  464  421
  384  355  334  321  318  329  354  393  439  484  516  527  518  495  464  431
  394  355  315  278  248  226  211  201  193  185  175  164  154  149  154  171
  201  238  277  314  350  384  416  445  470  497  527  563  605  650  697  744
  790  828  863  894  916  942  966  972  989                                   
    15.0-180.0 180.0   5.0 450.0                            LAT/LON1/LON2/DLON/H
  975 1029 1061 1072 1058 1044 1004  947  881  813  748  686  628  572  517  468
  426  391  364  349  347  361  392  435  480  515  530  522  497  463  427  393
  358  322  286  254  229  212  200  192  185  178  169  159  150  145  150  168
  199  239  282  323  362  398  431  461  489  516  545  580  620  664  709  754
  797  829  861  892  908  922  948  964  975                                   
    12.5-180.0 180.0   5.0 450.0                            LAT/LON1/LON2/DLON/H
  938  981 1023 1047 1052 1053 1029  986  934  875  813  752  692  633  576  524
  479  441  411  394  392  408  439  476  507  519  509  480  441  402  368  338
  310  281  253  229  211  199  190  183  177  172  165  157  149  144  148  164
  195  235  279  322  362  400  436  469  499  529  560  596  635  678  721  762
  800  825  850  875  885  889  912  932  938                                   
    10.0-180.0 180.0   5.0 450.0                            LAT/LON1/LON2/DLON/H
  893  921  962  985  999 1012 1000  974  939  896  846  794  740  684  631  581
  537  499  469  451  449  462  484  503  508  492  456  410  366  330  305  286
  269  250  230  214  202  192  185  178  172  168  164  158  151  145  146  159
  187  225  269  312  353  393  431  467  502  536  570  608  649  691  732  770
  802  820  838  855  859  856  874  893  893                                   
     7.5-180.0 180.0   5.0 450.0                            LAT/LON1/LON2/DLON/H
  854  866  898  908  922  938  934  922  903  877  844  805  761  715  669  627
  589  555  528  511  505  509  514  508  482  438  384  333  294  271  261  255
