data/edconvlstm_nd/pred2810.15i
     1.0            IONOSPHERE MAPS     GNSS                IONEX VERSION / TYPE
pyspatialgeodesy        IME             05-JAN-18 20:20     PGM / RUN BY / DATE 
Map Name                                                    COMMENT             
Predicted global ionosphere maps (GIM).                     DESCRIPTION         
  2015    10     8     0     0     0                        EPOCH OF FIRST MAP  
  2015    10     9     0     0     0                        EPOCH OF LAST MAP   
  7200                                                      INTERVAL            
    13                                                      # OF MAPS IN FILE   
  NONE                                                      MAPPING FUNCTION    
10.0                                                        ELEVATION CUTOFF    
One-way carrier phase leveled to code                       OBSERVABLES USED    
  6371.0                                                    BASE RADIUS         
 2                                                          MAP DIMENSION       
   450.0 450.0   0.0                                        HGT1 / HGT2 / DHGT  
    87.5 -87.5  -2.5                                        LAT1 / LAT2 / DLAT  
  -180.0 180.0   5.0                                        LON1 / LON2 / DLON  
    -1                                                      EXPONENT            
                                                            END OF HEADER       
[from data line 3432]
     9                                                      START OF TEC MAP    
  2015    10     8    16     0     0                        EPOCH OF CURRENT MAP
    87.5-180.0 180.0   5.0 450.0                            LAT/LON1/LON2/DLON/H
   64   73   73   76   81   80   80   77   78   81   80   81   82   83   83   84
   85   85   86   86   86   86   86   86   86   85   85   84   83   83   82   81
   81   80   79   78   78   77   76   76   76   75   75   75   74   74   74   74
   74   74   73   73   73   73   73   72   72   72   72   72   71   71   71   71
   72   72   69   65   68   67   82   85   64                                   
    85.0-180.0 180.0   5.0 450.0                            LAT/LON1/LON2/DLON/H
   68   74   88   72   74   79   78   80   81   84   83   85   86   87   88   89
   90   91   91   92   92   92   92   92   92   92   91   90   90   89   88   87
   86   85   84   83   83   82   81   81   80   79   79   78   78   77   77   77
   76   76   75   75   74   74   73   73   72   71   71   71   70   70   70   70
   71   71   66   62   65   67   74   73   68                                   
    82.5-180.0 180.0   5.0 450.0                            LAT/LON1/LON2/DLON/H
   54   63   72   63   67   71   74   75   76   78   80   82   83   84   86   88
   89   91   92   93   93   94   94   94   93   93   92   91   90   89   88   87
   86   85   84   83   83   82   81   80   80   79   78   78   77   77   76   76
   75   75   74   73   72   72   70   69   68   67   66   65   64   64   63   63
   64   63   59   56   61   70   66   65   54                                   
    80.0-180.0 180.0   5.0 450.0                            LAT/LON1/LON2/DLON/H
   42   49   61   55   58   58   62   64   67   70   71   74   75   78   80   82
   84   86   87   88   89   90   90   90   90   89   89   88   86   85   84   83
   82   81   80   79   79   78   77   77   76   76   75   75   74   74   74   74
   74   74   73   73   72   71   69   67   66   64   62   60   59   57   56   56
   56   56   54   52   52   59   57   62   42                                   
    77.5-180.0 180.0   5.0 450.0                            LAT/LON1/LON2/DLON/H
   49   49   52   47   50   51   55   56   59   61   62   66   68   71   73   76
   79   81   83   85   87   88   88   89   88   88   87   86   84   83   82   81
   80   79   78   78   77   76   76   75   74   73   72   71   71   71   72   73
   73   74   74   74   74   73   71   69   66   64   61   59   56   54   53   52
   51   51   50   49   48   49   50   58   49                                   
    75.0-180.0 180.0   5.0 450.0                            LAT/LON1/LON2/DLON/H
   41   43   44   42   44   45   46   48   51   53   55   58   61   64   66   69
   72   75   78   80   83   84   86   87   87   87   87   86   84   83   82   81
   80   80   80   79   79   78   77   76   74   73   71   70   70   71   71   73
   75   76   77   78   78   77   75   72   69   66   63   60   57   55   54   52
   51   51   51   49   49   46   45   44   41                                   
    72.5-180.0 180.0   5.0 450.0                            LAT/LON1/LON2/DLON/H
   43   43   41   40   40   40   42   42   44   46   47   50   53   56   59   62
   65   68   71   74   77   79   82   83   84   85   84   83   82   81   79   79
   78   78   79   79   79   78   76   74   71   69   66   64   64   64   65   67
   70   72   74   76   76   75   73   71   68   64   61   58   56   54   52   51
   51   50   50   47   47   45   45   47   43                                   
    70.0-180.0 180.0   5.0 450.0                            LAT/LON1/LON2/DLON/H
   42   42   41   40   38   38   38   39   41   43   45   49   51   54   56   58
   61   64   67   71   74   78   82   85   87   88   88   87   86   84   83   82
   82   82   83   83   83   82   80   77   73   69   65   62   60   60   61   64
   67   70   72   74   75   74   72   70   67   63   60   58   56   55   54   53
   53   52   53   50   50   48   51   51   42                                   
    67.5-180.0 180.0   5.0 450.0                            LAT/LON1/LON2/DLON/H
   43   42   41   40   40   39   40   41   43   45   47   50   53   55   57   58
   60   62   65   69   73   78   82   85   88   89   89   89   87   85   83   82
   81   82   83   83   84   83   80   76   71   66   61   57   54   53   54   56
   59   62   65   67   68   67   66   64   62   59   57   55   54   53   54   54
   54   53   52   49   49   48   49   48   43                                   
    65.0-180.0 180.0   5.0 450.0                            LAT/LON1/LON2/DLON/H
   42   42   41   41   40   40   41   43   45   49   52   55   58   60   61   62
   63   64   66   70   74   80   85   89   92   94   94   93   91   88   86   84
   83   83   83   84   85   84   81   77   71   65   59   54   50   48   48   49
   51   54   56   58   59   58   58   56   54   53   51   51   51   51   52   52
   53   53   53   50   50   50   51   51   42                                   
    62.5-180.0 180.0   5.0 450.0                            LAT/LON1/LON2/DLON/H
   42   42   41   42   41   42   43   45   49   53   57   61   65   67   68   68
   68   68   70   73   77   82   88   92   96   98   98   97   94   90   87   84
   82   81   82   83   83   82   80   76   70   64   58   52   48   45   43   43
   43   44   46   47   47   48   47   47   46   46   45   46   47   47   49   49
   50   50   50   47   48   48   49   49   42                                   
    60.0-180.0 180.0   5.0 450.0                            LAT/LON1/LON2/DLON/H
   42   42   41   42   41   42   44   46   50   55   60   66   70   73   74   74
   73   72   73   76   80   85   91   95   99  101  101  100   97   93   89   85
   82   80   80   80   81   80   78   75   70   64   58   53   48   44   41   39
   37   36   36   36   37   37   38   38   39   39   40   41   43   44   45   46
   46   46   46   43   44   45   46   46   42                                   
    57.5-180.0 180.0   5.0 450.0                            LAT/LON1/LON2/DLON/H
   42   42   42   43   42   43   44   47   51   56   62   68   74   77   79   79
   78   78   78   81   85   90   94   99  102  104  104  103  100   97   92   88
   84   81   80   80   80   80   79   76   73   69   64   60   55   51   46   41
   37   33   31   31   31   32   34   35   37   38   40   41   42   43   44   45
   45   44   44   42   43   43   43   45   42                                   
    55.0-180.0 180.0   5.0 450.0                            LAT/LON1/LON2/DLON/H
   44   44   45   45   44   44   45   47   50   55   60   67   74   78   81   82
   82   82   83   85   89   94   98  101  104  105  106  106  104  101   96   91
   87   83   81   81   81   81   81   80   78   76   74   71   67   61   55   48
   41   35   31   29   30   31   34   37   39   41   43   44   45   46   46   46
   45   44   44   42   42   42   42   43   44                                   
    52.5-180.0 180.0   5.0 450.0                            LAT/LON1/LON2/DLON/H
   46   47   48   48   47   47   47   47   49   53   57   64   71   76   80   82
   83   85   87   90   94   98  101  104  105  107  108  108  107  105  101   96
   91   87   85   84   84   84   85   85   86   86   85   84   81   76   68   59
   50   42   36   34   34   36   40   44   47   49   50   51   51   50   50   50
   49   48   47   45   45   43   43   44   46                                   
    50.0-180.0 180.0   5.0 450.0                            LAT/LON1/LON2/DLON/H
   49   50   51   52   50   51   51   50   51   52   56   61   67   73   78   82
   85   88   91   96  100  103  106  107  108  109  110  111  111  109  105  101
   96   92   89   88   89   90   91   93   95   97   98   99   97   92   84   73
   62   52   45   43   43   46   50   55   58   60   60   60   58   57   56   56
   55   54   53   50   50   47   45   46   49                                   
    47.5-180.0 180.0   5.0 450.0                            LAT/LON1/LON2/DLON/H
   52   54   55   56   55   57   57   56   56   56   58   62   67   72   78   83
   88   93   98  104  109  112  114  114  114  115  115  116  115  113  110  106
  101   97   95   94   95   97   99  101  104  107  111  113  112  107   98   87
   75   64   57   55   55   59   63   68   71   72   72   70   67   65   63   63
   62   61   60   58   57   53   50   49   52                                   
    45.0-180.0 180.0   5.0 450.0                            LAT/LON1/LON2/DLON/H
   54   56   57   60   59   64   65   66   66   66   66   68   72   77   82   88
   95  101  109  116  121  125  126  125  124  124  124  124  122  119  114  110
  105  102  100  101  103  105  108  110  113  117  121  123  123  119  110   99
   87   76   70   67   68   71   76   80   83   84   82   78   75   72   70   70
   69   69   68   66   65   60   56   53   54                                   
    42.5-180.0 180.0   5.0 450.0                            LAT/LON1/LON2/DLON/H
   55   58   58   62   63   70   73   77   79   81   81   82   85   89   95  101
  108  116  125  133  139  142  142  141  140  139  137  135  131  125  119  113
  109  106  106  108  111  114  117  119  122  124  128  131  131  126  118  107
   96   86   80   78   78   81   85   89   92   91   89   85   81   77   76   75
   75   76   75   73   72   67   62   58   55                                   
    40.0-180.0 180.0   5.0 450.0                            LAT/LON1/LON2/DLON/H
   55   58   58   63   65   74   80   88   94   99  100  103  105  110  116  122
  130  138  147  155  161  164  163  161  159  157  154  150  142  133  124  117
  113  111  113  117  122  125  128  129  130  131  133  135  135  130  123  112
  102   93   87   85   85   87   91   94   96   96   93   89   85   81   79   80
   80   81   81   79   78   73   67   63   55                                   
    37.5-180.0 180.0   5.0 450.0                            LAT/LON1/LON2/DLON/H
   56   58   58   63   66   76   85   97  107  117  122  126  131  137  144  151
  159  167  175  182  187  188  186  183  180  178  174  166  156  143  132  123
  119  120  124  129  135  139  141  140  139  138  138  139  137  133  125  115
  106   97   92   89   88   89   92   95   97   97   95   91   87   84   82   82
   83   84   84   83   82   77   70   68   56                                   
    35.0-180.0 180.0   5.0 450.0                            LAT/LON1/LON2/DLON/H
   57   58   58   63   65   75   87  102  118  132  142  150  157  166  175  184
  192  199  206  212  214  213  210  206  202  199  194  185  172  157  143  135
  132  134  140  147  153  156  156  153  149  146  145  143  141  136  128  118
  109  101   95   91   89   89   91   94   96   97   96   94   90   86   84   84
   84   86   87   86   85   80   72   72   57                                   
    32.5-180.0 180.0   5.0 450.0                            LAT/LON1/LON2/DLON/H
   60   60   60   63   64   72   85  103  123  141  156  169  181  194  206  216
  225  232  238  241  242  238  232  226  222  218  213  204  190  174  160  153
  151  155  163  171  176  178  176  170  163  158  155  152  148  142  134  124
  114  106   98   93   90   90   91   94   97  100  100   98   94   91   88   87
   86   87   88   88   87   82   75   76   60                                   
    30.0-180.0 180.0   5.0 450.0                            LAT/LON1/LON2/DLON/H
   65   64   65   64   63   69   82  101  123  145  164  182  199  216  232  245
  255  262  266  268  267  261  253  245  240  236  231  222  210  195  184  178
  179  186  194  202  206  204  199  190  181  174  169  166  161  154  145  134
  124  114  105   99   95   93   95   98  102  105  107  105  102   98   95   92
   90   89   90   90   90   85   79   80   65                                   
    27.5-180.0 180.0   5.0 450.0                            LAT/LON1/LON2/DLON/H
   73   71   72   69   66   70   81   98  121  145  167  189  210  231  251  267
  279  286  291  292  288  281  271  262  256  252  248  242  232  221  213  211
  215  224  233  239  240  235  225  214  203  195  190  186  180  173  163  151
  139  127  117  109  105  103  104  107  112  115  117  116  113  108  104  100
   95   94   94   93   94   89   84   85   73                                   
    25.0-180.0 180.0   5.0 450.0                            LAT/LON1/LON2/DLON/H
   81   79   81   76   72   75   85  100  122  145  168  192  216  241  264  283
  297  306  310  311  308  300  289  279  272  268  266  262  256  251  248  251
  259  269  277  280  277  267  254  241  229  221  216  212  206  198  186  173
  159  146  135  126  121  118  119  122  126  129  130  129  126  120  115  109
  103  100   99   97   99   94   90   89   81                                   
    22.5-180.0 180.0   5.0 450.0                            LAT/LON1/LON2/DLON/H
   89   86   90   85   81   85   94  108  128  150  172  196  221  248  273  295
  310  321  327  329  326  319  309  298  291  287  285  285  284  285  289  297
  307  317  323  322  314  300  285  270  258  251  246  243  237  228  215  200
  185  171  158  148  142  140  140  141  143  144  144  142  138  132  126  120
  112  108  105  103  103   99   95   93   89                                   
    20.0-180.0 180.0   5.0 450.0                            LAT/LON1/LON2/DLON/H
   94   93   97   94   92   98  108  122  140  161  181  203  229  256  282  305
  323  336  344  347  346  340  330  321  313  309  309  311  316  322  332  343
  355  363  364  359  347  331  314  300  289  284  280  277  270  260  246  230
  214  198  185  174  168  164  163  162  161  158  155  151  147  140  134  128
  121  116  110  108  107  103   98   96   94                                   
    17.5-180.0 180.0   5.0 450.0                            LAT/LON1/LON2/DLON/H
   96   97  100  100  101  110  124  139  157  177  195  216  240  266  292  317
  337  352  362  367  368  363  356  347  339  336  337  342  350  361  373  385
  394  398  395  387  374  358  342  329  321  317  315  311  304  293  277  260
  242  226  211  201  193  189  186  182  176  170  164  157  151  145  140  134
  127  122  115  111  109  104   99   98   96                                   
    15.0-180.0 180.0   5.0 450.0                            LAT/LON1/LON2/DLON/H
   95   98   99  101  106  119  137  156  176  195  213  233  255  280  306  331
  353  371  383  390  392  390  384  377  371  368  371  377  386  397  408  416
  421  421  415  406  394  380  367  358  353  350  348  344  335  321  304  286
  267  250  235  224  216  210  204  197  188  178  168  160  153  147  142  137
  131  126  118  113  109  103   97   98   95                                   
    12.5-180.0 180.0   5.0 450.0                            LAT/LON1/LON2/DLON/H
   92   96   94   98  105  121  145  168  191  212  231  250  271  294  320  346
  371  392  407  415  418  418  414  410  406  405  407  413  421  429  436  439
  439  435  429  420  410  399  390  385  382  381  377  371  359  344  325  305
  285  267  252  241  232  225  217  207  195  181  169  159  151  145  141  138
  132  128  119  113  107  100   95   96   92                                   
    10.0-180.0 180.0   5.0 450.0                            LAT/LON1/LON2/DLON/H
   89   92   87   91   99  117  145  172  199  224  245  265  285  308  334  361
  389  412  429  439  443  444  444  443  443  443  445  448  452  456  458  457
  453  447  439  432  424  417  412  409  408  406  400  390  375  357  337  316
  296  278  263  250  241  233  223  211  197  182  168  156  148  143  139  137
  132  129  120  112  105   98   92   93   89                                   
     7.5-180.0 180.0   5.0 450.0                            LAT/LON1/LON2/DLON/H
   87   89   80   83   90  107  138  169  200  228  252  274  295  318  344  373
  403  429  448  459  464  466  470  473  476  478  478  479  480  480  478  473
