data/edconvlstm_nd/pred1430.15i
     1.0            IONOSPHERE MAPS     GNSS                IONEX VERSION / TYPE
pyspatialgeodesy        IME             05-JAN-18 20:20     PGM / RUN BY / DATE 
Map Name                                                    COMMENT             
Predicted global ionosphere maps (GIM).                     DESCRIPTION         
  2015     5    23     0     0     0                        EPOCH OF FIRST MAP  
  2015     5    24     0     0     0                        EPOCH OF LAST MAP   
  7200                                                      INTERVAL            
    13                                                      # OF MAPS IN FILE   
  NONE                                                      MAPPING FUNCTION    
10.0                                                        ELEVATION CUTOFF    
One-way carrier phase leveled to code                       OBSERVABLES USED    
  6371.0                                                    BASE RADIUS         
 2                                                          MAP DIMENSION       
   450.0 450.0   0.0                                        HGT1 / HGT2 / DHGT  
    87.5 -87.5  -2.5                                        LAT1 / LAT2 / DLAT  
  -180.0 180.0   5.0                                        LON1 / LON2 / DLON  
    -1                                                      EXPONENT            
                                                            END OF HEADER       
[from data line 429]
     2                                                      START OF TEC MAP    
  2015     5    23     2     0     0                        EPOCH OF CURRENT MAP
    87.5-180.0 180.0   5.0 450.0                            LAT/LON1/LON2/DLON/H
  179  183  187  186  187  185  182  181  183  183  183  184  184  185  185  185
  185  185  185  184  184  183  182  181  180  179  178  176  175  173  172  171
  169  168  167  166  165  165  164  163  163  163  163  163  163  163  163  163
  163  163  164  164  164  164  164  164  164  164  164  164  164  164  164  165
  167  169  170  171  174  174  173  177  179                                   
    85.0-180.0 180.0   5.0 450.0                            LAT/LON1/LON2/DLON/H
  189  192  184  190  195  193  192  192  193  194  194  195  195  195  195  195
  195  195  195  194  194  193  192  191  190  189  187  185  184  182  180  178
  176  175  174  172  171  170  170  169  169  169  168  168  168  168  169  169
  169  169  169  169  169  169  169  169  169  169  170  170  170  170  171  172
  174  176  176  181  176  176  176  177  189                                   
    82.5-180.0 180.0   5.0 450.0                            LAT/LON1/LON2/DLON/H
  193  193  195  196  198  198  197  198  200  200  200  201  200  200  200  199
  198  198  197  197  196  196  195  193  192  190  188  185  183  180  177  175
  173  171  169  168  167  166  166  166  166  166  166  166  167  167  167  168
  168  169  169  169  169  169  169  169  169  169  169  169  170  170  171  172
  174  176  176  179  182  173  175  171  193                                   
    80.0-180.0 180.0   5.0 450.0                            LAT/LON1/LON2/DLON/H
  191  195  191  194  196  198  201  202  204  203  202  202  201  200  198  197
  196  195  194  194  193  193  192  191  189  187  184  181  178  175  172  169
  166  165  163  162  162  162  162  162  163  164  165  165  166  167  168  169
  169  170  171  171  171  171  171  170  170  170  169  169  169  169  170  172
  173  174  174  176  183  177  182  173  191                                   
    77.5-180.0 180.0   5.0 450.0                            LAT/LON1/LON2/DLON/H
  191  191  190  195  195  197  202  204  204  203  201  200  197  194  191  188
  186  185  184  184  184  184  184  183  182  180  177  173  170  166  163  160
  158  156  156  156  157  158  159  161  162  164  165  166  167  169  170  171
  172  173  174  174  175  174  174  173  172  171  170  169  169  169  169  171
  172  174  172  174  180  176  177  174  191                                   
    75.0-180.0 180.0   5.0 450.0                            LAT/LON1/LON2/DLON/H
  189  189  188  195  195  197  201  203  204  202  199  196  191  186  182  177
  174  172  171  171  172  173  173  173  172  170  167  163  159  155  152  149
  148  148  148  150  153  155  158  161  163  165  166  168  169  171  172  174
  176  177  178  178  178  178  177  175  174  172  171  170  169  169  170  172
  173  175  174  171  175  174  175  176  189                                   
    72.5-180.0 180.0   5.0 450.0                            LAT/LON1/LON2/DLON/H
  182  187  188  193  194  196  201  203  204  201  198  193  187  181  174  168
  163  160  159  159  161  162  164  165  164  162  159  155  151  147  143  141
  141  142  145  148  152  157  161  164  167  169  171  172  174  175  177  179
  181  182  183  184  184  183  181  179  177  175  174  173  172  172  173  176
  177  179  179  177  178  174  175  176  182                                   
    70.0-180.0 180.0   5.0 450.0                            LAT/LON1/LON2/DLON/H
  181  182  184  189  190  193  197  200  202  200  196  191  184  175  167  159
  153  149  147  148  149  152  154  155  155  153  149  145  140  136  133  132
  132  135  139  144  150  156  161  165  168  170  171  173  174  175  177  179
  182  184  185  186  185  184  182  180  177  175  174  173  173  173  175  178
  180  181  181  181  182  178  178  178  181                                   
    67.5-180.0 180.0   5.0 450.0                            LAT/LON1/LON2/DLON/H
  179  181  181  185  185  187  192  195  198  197  193  189  182  172  163  154
  147  142  140  140  141  144  146  147  147  144  140  135  130  126  123  122
  124  127  132  138  145  151  157  161  164  166  167  168  169  171  173  176
  179  181  183  183  183  182  180  177  175  173  171  171  171  172  174  177
  179  181  182  181  183  179  179  180  179                                   
    65.0-180.0 180.0   5.0 450.0                            LAT/LON1/LON2/DLON/H
  179  179  178  181  181  182  186  190  193  193  191  188  182  173  164  154
  146  141  138  137  138  141  142  143  142  138  134  129  124  120  118  117
  118  122  127  133  140  146  152  156  159  160  162  163  165  167  170  173
  176  179  180  181  181  180  178  175  173  171  171  170  171  172  174  177
  179  181  182  181  184  181  182  183  179                                   
    62.5-180.0 180.0   5.0 450.0                            LAT/LON1/LON2/DLON/H
  182  182  180  181  179  178  182  185  189  190  190  188  184  177  169  160
  152  146  142  141  141  142  143  142  140  137  133  128  123  120  117  116
  117  120  124  129  135  141  146  150  153  155  157  159  162  165  168  172
  175  178  180  181  181  180  179  177  175  174  173  173  173  174  175  178
  179  181  182  182  185  183  185  187  182                                   
    60.0-180.0 180.0   5.0 450.0                            LAT/LON1/LON2/DLON/H
  189  189  185  185  181  178  179  180  184  185  186  187  185  180  174  167
  160  154  150  147  146  146  145  144  141  138  134  131  127  124  122  120
  119  120  122  126  131  136  140  144  147  149  152  156  160  165  169  173
  177  180  182  183  184  183  183  181  180  179  178  178  178  177  178  179
  179  181  182  183  187  187  190  191  189                                   
    57.5-180.0 180.0   5.0 450.0                            LAT/LON1/LON2/DLON/H
  200  200  195  193  187  182  180  179  180  180  182  183  184  182  179  174
  169  163  159  156  154  152  150  147  145  142  139  137  135  132  130  127
  124  123  123  125  128  132  136  139  142  146  150  156  162  168  173  178
  182  185  187  189  190  190  191  190  189  188  187  186  185  183  181  181
  180  181  183  185  191  192  196  197  200                                   
    55.0-180.0 180.0   5.0 450.0                            LAT/LON1/LON2/DLON/H
  214  214  209  206  199  191  186  182  180  177  177  179  181  182  182  179
  176  172  168  164  161  158  155  152  150  147  146  145  144  143  139  135
  130  127  125  125  127  130  134  137  141  145  151  158  166  173  180  186
  189  192  195  197  199  201  202  202  202  201  199  196  193  189  186  184
  183  183  186  189  196  199  205  205  214                                   
    52.5-180.0 180.0   5.0 450.0                            LAT/LON1/LON2/DLON/H
  230  230  226  223  216  206  198  190  184  177  175  176  178  180  182  182
  181  179  176  173  169  165  162  158  156  154  154  154  154  153  149  143
  136  131  127  127  128  132  135  139  143  147  154  162  172  181  188  194
  198  201  204  207  210  212  214  215  215  213  210  206  201  196  192  189
  187  188  191  195  203  208  215  215  230                                   
    50.0-180.0 180.0   5.0 450.0                            LAT/LON1/LON2/DLON/H
  246  246  243  240  235  225  215  203  193  183  177  176  177  179  182  184
  185  184  183  180  177  173  169  165  163  162  162  162  162  160  156  149
  141  134  130  130  132  136  140  144  147  152  159  168  178  188  196  202
  206  210  213  217  220  224  227  228  227  225  220  215  209  203  198  196
  193  195  198  203  213  219  227  227  246                                   
    47.5-180.0 180.0   5.0 450.0                            LAT/LON1/LON2/DLON/H
  261  261  259  258  254  245  235  221  208  194  185  181  180  181  184  187
  188  189  189  187  184  180  176  173  170  169  169  169  168  165  159  151
  142  136  133  134  138  143  148  151  154  158  165  174  184  194  202  208
  213  217  220  225  230  234  237  238  237  233  228  223  217  211  207  204
  202  205  209  214  224  231  239  239  261                                   
    45.0-180.0 180.0   5.0 450.0                            LAT/LON1/LON2/DLON/H
  273  273  272  272  271  265  256  241  227  211  198  192  188  188  189  191
  193  195  195  194  192  188  184  180  178  176  175  174  171  166  159  150
  142  137  136  139  146  152  157  160  162  165  170  178  187  197  205  212
  217  221  226  231  236  241  244  245  243  240  235  230  225  220  217  216
  215  218  222  227  237  244  252  252  273                                   
    42.5-180.0 180.0   5.0 450.0                            LAT/LON1/LON2/DLON/H
  283  283  282  284  286  281  274  261  246  230  216  208  202  199  199  199
  200  201  202  201  199  195  191  188  185  184  182  178  173  166  157  149
  142  138  140  145  154  161  167  169  170  171  174  180  188  197  205  212
  218  223  229  235  241  246  249  250  249  246  242  238  235  233  231  231
  231  234  238  243  252  258  265  265  283                                   
    40.0-180.0 180.0   5.0 450.0                            LAT/LON1/LON2/DLON/H
  293  292  291  293  296  294  288  278  265  250  237  227  221  216  212  210
  209  210  210  208  206  202  198  195  193  192  189  183  176  167  157  149
  143  142  145  152  162  170  175  177  176  175  176  181  187  195  203  211
  217  224  230  237  244  250  254  256  255  254  252  250  249  249  249  250
  251  254  257  260  268  273  279  279  293                                   
    37.5-180.0 180.0   5.0 450.0                            LAT/LON1/LON2/DLON/H
  305  304  300  301  305  304  300  292  282  269  258  249  242  235  229  224
  221  219  218  215  212  208  205  203  202  201  198  191  182  171  161  153
  148  148  153  160  170  177  181  182  179  177  177  179  185  192  200  208
  215  223  231  239  247  254  260  263  264  265  265  266  268  270  272  274
  274  276  278  280  285  290  296  296  305                                   
    35.0-180.0 180.0   5.0 450.0                            LAT/LON1/LON2/DLON/H
  322  321  314  312  316  314  311  306  298  288  279  272  265  257  249  241
  234  229  226  222  217  214  212  212  213  213  210  203  192  180  169  162
  159  159  163  169  176  182  185  184  181  177  176  177  181  188  195  204
  213  221  230  239  249  259  267  273  277  280  282  286  290  294  297  299
  299  300  300  301  305  311  316  317  322                                   
    32.5-180.0 180.0   5.0 450.0                            LAT/LON1/LON2/DLON/H
  345  344  334  329  332  330  327  322  316  308  301  295  289  280  270  259
  249  240  233  227  222  220  220  222  226  228  225  218  206  193  183  176
  173  172  174  177  181  184  185  183  179  176  175  175  178  183  191  200
  209  218  228  238  251  264  275  285  292  297  303  309  315  320  324  327
  326  326  324  324  328  335  342  343  345                                   
    30.0-180.0 180.0   5.0 450.0                            LAT/LON1/LON2/DLON/H
  375  375  363  355  357  355  351  346  340  332  326  321  315  305  293  278
  264  251  241  233  228  226  229  235  241  244  242  235  223  210  200  193
  188  186  184  184  184  184  183  180  177  174  173  173  175  179  186  195
  205  214  225  237  252  268  284  298  308  316  324  332  339  346  351  354
  354  353  351  350  354  363  372  374  375                                   
    27.5-180.0 180.0   5.0 450.0                            LAT/LON1/LON2/DLON/H
  410  410  397  390  391  389  384  378  371  363  356  351  344  333  318  300
  281  264  249  239  234  235  241  249  257  261  259  251  239  226  216  208
  202  197  192  187  183  181  179  176  174  171  170  170  170  173  180  189
  199  210  221  234  252  272  292  309  323  334  344  353  361  369  376  380
  382  381  380  380  383  395  405  410  410                                   
    25.0-180.0 180.0   5.0 450.0                            LAT/LON1/LON2/DLON/H
  446  445  433  428  430  431  426  419  410  401  393  386  378  365  347  324
  300  278  260  248  243  246  255  265  273  276  272  263  251  238  227  218
  211  202  194  186  180  176  174  171  169  167  166  165  164  166  172  181
  192  203  216  231  250  273  297  318  334  347  358  368  378  388  397  404
  409  410  411  412  415  429  440  447  446                                   
    22.5-180.0 180.0   5.0 450.0                            LAT/LON1/LON2/DLON/H
  480  477  468  467  470  475  470  464  455  444  435  426  416  400  379  352
  323  296  273  260  256  260  270  281  287  287  280  269  255  241  230  220
  210  200  190  181  175  171  168  166  164  162  160  158  156  156  161  171
  183  196  210  226  248  273  298  321  338  353  365  377  389  402  414  426
  435  440  443  446  448  462  474  483  480                                   
    20.0-180.0 180.0   5.0 450.0                            LAT/LON1/LON2/DLON/H
  509  504  498  501  506  513  511  507  499  488  478  468  455  438  413  383
  349  316  290  275  271  277  286  295  297  291  279  264  248  234  222  212
  202  192  182  173  168  165  163  161  159  156  153  149  146  145  149  159
  173  188  204  222  245  271  297  320  338  353  367  381  396  412  429  446
  460  470  476  480  481  493  505  515  509                                   
    17.5-180.0 180.0   5.0 450.0                            LAT/LON1/LON2/DLON/H
  531  523  521  526  532  541  541  539  534  525  516  505  492  473  446  413
  375  340  311  293  289  294  301  305  300  287  268  248  231  217  206  196
  188  179  171  165  162  160  159  157  153  149  145  140  135  133  137  148
  163  180  199  220  243  269  295  317  336  352  368  385  403  423  444  465
  484  498  507  512  511  520  531  541  531                                   
    15.0-180.0 180.0   5.0 450.0                            LAT/LON1/LON2/DLON/H
  545  537  537  541  546  554  554  555  553  549  542  532  519  499  472  438
  399  362  332  313  307  309  312  308  295  273  247  224  207  195  186  179
  172  166  160  157  157  157  156  153  148  143  137  130  125  122  126  137
  154  174  195  218  243  269  295  317  336  354  373  393  414  437  461  485
  507  524  535  540  536  541  552  562  545                                   
    12.5-180.0 180.0   5.0 450.0                            LAT/LON1/LON2/DLON/H
  556  548  547  548  550  554  552  553  554  554  550  544  532  513  486  453
  416  380  351  331  322  319  315  302  280  250  221  198  183  174  169  164
  160  156  153  152  154  155  154  150  143  136  129  122  116  113  117  128
  146  169  193  218  244  271  296  319  340  361  383  406  431  455  480  505
  528  546  559  563  557  558  568  577  556                                   
    10.0-180.0 180.0   5.0 450.0                            LAT/LON1/LON2/DLON/H
  567  559  555  551  547  546  540  539  540  542  542  538  527  510  485  455
  422  390  362  343  330  321  308  287  257  223  194  174  164  160  158  156
  154  151  150  151  153  154  151  145  137  129  121  115  109  107  110  121
  140  164  190  217  245  272  299  324  348  373  399  426  452  477  501  524
  546  564  577  581  573  571  581  590  567                                   
     7.5-180.0 180.0   5.0 450.0                            LAT/LON1/LON2/DLON/H
  581  572  565  554  545  536  524  519  519  521  521  518  508  491  469  443
  415  388  364  344  329  312  292  264  230  197  172  158  154  155  156  156
