data/edconvlstm_nd/pred2030.15i
     1.0            IONOSPHERE MAPS     GNSS                IONEX VERSION / TYPE
pyspatialgeodesy        IME             05-JAN-18 20:20     PGM / RUN BY / DATE 
Map Name                                                    COMMENT             
Predicted global ionosphere maps (GIM).                     DESCRIPTION         
  2015     7    22     0     0     0                        EPOCH OF FIRST MAP  
  2015     7    23     0     0     0                        EPOCH OF LAST MAP   
  7200                                                      INTERVAL            
    13                                                      # OF MAPS IN FILE   
  NONE                                                      MAPPING FUNCTION    
10.0                                                        ELEVATION CUTOFF    
One-way carrier phase leveled to code                       OBSERVABLES USED    
  6371.0                                                    BASE RADIUS         
 2                                                          MAP DIMENSION       
   450.0 450.0   0.0                                        HGT1 / HGT2 / DHGT  
    87.5 -87.5  -2.5                                        LAT1 / LAT2 / DLAT  
  -180.0 180.0   5.0                                        LON1 / LON2 / DLON  
    -1                                                      EXPONENT            
                                                            END OF HEADER       
[from data line 1287]
     4                                                      START OF TEC MAP    
  2015     7    22     6     0     0                        EPOCH OF CURRENT MAP
    87.5-180.0 180.0   5.0 450.0                            LAT/LON1/LON2/DLON/H
  132  132  132  135  137  135  133  131  132  133  134  134  135  135  135  135
  135  135  134  134  133  132  132  131  130  129  128  127  126  126  125  124
  124  124  123  123  123  123  123  124  124  124  125  125  125  126  126  127
  127  127  127  128  128  128  128  127  127  127  127  126  126  126  125  125
  126  128  127  126  131  130  134  130  132                                   
    85.0-180.0 180.0   5.0 450.0                            LAT/LON1/LON2/DLON/H
  132  140  140  141  144  144  144  144  145  146  146  147  148  148  148  148
  148  147  147  146  145  144  143  142  141  140  139  138  137  136  135  135
  134  134  133  133  133  133  134  134  135  135  136  137  138  139  139  140
  141  141  142  142  142  142  142  142  141  141  141  140  140  139  138  138
  139  141  136  137  133  133  136  133  132                                   
    82.5-180.0 180.0   5.0 450.0                            LAT/LON1/LON2/DLON/H
  136  143  145  142  143  145  146  146  148  149  149  151  151  151  151  151
  151  150  149  148  147  145  144  142  140  139  137  136  135  134  133  132
  132  132  132  132  132  133  133  134  136  137  138  140  141  143  144  146
  147  148  149  149  149  149  149  149  148  147  146  146  145  143  142  142
  141  142  138  139  139  135  131  124  136                                   
    80.0-180.0 180.0   5.0 450.0                            LAT/LON1/LON2/DLON/H
  137  141  138  138  141  142  144  145  147  148  148  149  149  149  149  148
  147  146  145  144  142  140  138  136  134  132  130  129  128  127  127  126
  127  127  127  128  129  130  131  133  135  137  139  142  144  147  149  151
  153  154  155  156  156  156  155  154  153  152  151  149  148  146  144  144
  142  141  137  138  138  137  139  126  137                                   
    77.5-180.0 180.0   5.0 450.0                            LAT/LON1/LON2/DLON/H
  135  137  135  137  138  141  143  143  145  145  145  145  145  145  144  143
  142  141  140  138  136  134  132  129  127  125  124  122  122  122  122  123
  124  125  127  128  130  132  134  137  139  142  146  149  153  156  160  162
  165  166  167  168  167  167  166  164  162  161  159  156  154  152  150  148
  146  145  139  140  139  134  133  128  135                                   
    75.0-180.0 180.0   5.0 450.0                            LAT/LON1/LON2/DLON/H
  127  133  128  132  133  136  137  137  138  137  136  136  135  134  133  132
  130  129  128  126  124  122  119  117  115  113  112  111  111  112  114  116
  119  122  125  127  130  132  135  138  141  145  149  154  158  162  166  170
  172  173  174  174  173  171  169  167  165  163  161  158  156  154  152  151
  148  145  140  135  134  131  131  126  127                                   
    72.5-180.0 180.0   5.0 450.0                            LAT/LON1/LON2/DLON/H
  124  132  127  130  132  135  136  135  135  134  132  131  129  127  126  124
  123  122  121  119  117  115  113  110  108  107  106  106  107  110  113  117
  122  126  131  134  138  141  144  147  151  155  160  165  170  175  179  182
  183  184  184  182  180  178  175  172  169  167  165  163  161  159  158  157
  155  152  147  143  138  133  131  127  124                                   
    70.0-180.0 180.0   5.0 450.0                            LAT/LON1/LON2/DLON/H
  126  131  127  128  129  130  130  129  128  126  123  121  119  116  115  113
  112  111  110  109  107  105  103  101   98   97   96   97  100  104  109  115
  122  128  134  139  143  147  150  154  157  162  167  172  178  182  186  188
  189  188  186  183  179  175  172  168  165  163  161  160  159  159  158  158
  156  154  150  146  141  136  135  130  126                                   
    67.5-180.0 180.0   5.0 450.0                            LAT/LON1/LON2/DLON/H
  125  131  126  127  127  127  127  124  123  119  116  113  110  108  106  105
  104  103  102  101   99   97   95   92   90   89   89   90   94   99  105  113
  121  129  136  143  148  152  155  159  163  167  173  178  184  188  191  192
  191  188  184  179  174  168  164  160  157  155  154  154  154  154  155  156
  155  153  150  146  142  137  135  131  125                                   
    65.0-180.0 180.0   5.0 450.0                            LAT/LON1/LON2/DLON/H
  128  133  127  127  127  126  125  122  119  115  111  109  106  103  101  100
   99   98   97   96   94   92   89   87   85   84   84   86   91   97  104  113
  123  132  140  148  154  158  163  167  171  176  181  187  192  196  198  198
  195  190  183  176  169  163  158  154  151  149  149  149  150  152  153  154
  154  154  151  148  145  141  140  136  128                                   
    62.5-180.0 180.0   5.0 450.0                            LAT/LON1/LON2/DLON/H
  132  137  131  130  129  127  125  121  118  113  109  106  103  101   99   98
   97   95   94   92   90   88   85   83   81   81   82   84   89   96  104  113
  123  133  143  151  158  164  169  174  179  185  190  196  202  205  206  203
  198  191  183  174  167  160  155  150  148  146  146  147  148  150  151  153
  153  153  151  149  147  144  144  141  132                                   
    60.0-180.0 180.0   5.0 450.0                            LAT/LON1/LON2/DLON/H
  137  141  136  134  132  130  127  122  118  112  108  105  102  100   98   96
   95   93   90   88   85   83   81   79   78   78   79   83   88   94  103  112
  122  132  143  152  161  168  175  181  187  193  200  206  211  213  213  209
  203  194  185  175  167  161  155  151  148  147  146  147  148  149  150  152
  152  152  151  150  149  148  149  146  137                                   
    57.5-180.0 180.0   5.0 450.0                            LAT/LON1/LON2/DLON/H
  144  148  143  141  139  136  133  126  120  113  108  105  102  100   98   95
   93   90   87   84   81   79   77   76   75   76   78   82   87   94  102  111
  120  130  141  152  163  172  181  189  196  203  210  216  221  223  222  217
  210  201  191  182  174  167  162  158  155  153  152  151  152  152  152  153
  153  153  152  151  152  152  154  153  144                                   
    55.0-180.0 180.0   5.0 450.0                            LAT/LON1/LON2/DLON/H
  152  156  152  150  148  145  140  132  125  117  110  105  101   99   96   93
   90   87   83   79   76   74   73   73   74   75   78   82   88   94  101  108
  117  127  138  151  163  175  187  197  206  213  221  227  231  233  231  227
  219  210  201  192  185  179  174  169  165  162  160  159  158  157  157  156
  155  155  154  154  155  157  160  160  152                                   
    52.5-180.0 180.0   5.0 450.0                            LAT/LON1/LON2/DLON/H
  160  165  162  161  159  156  151  142  132  122  113  107  102   97   94   90
   87   83   79   76   73   72   71   72   74   76   80   84   89   94  100  106
  114  123  135  149  164  179  193  205  215  223  231  236  240  242  241  236
  229  221  213  206  199  194  188  183  178  174  170  168  166  165  163  162
  160  159  158  159  161  163  167  167  160                                   
    50.0-180.0 180.0   5.0 450.0                            LAT/LON1/LON2/DLON/H
  167  173  171  171  170  168  163  153  142  130  119  111  103   97   92   88
   84   80   77   74   72   72   73   74   77   80   83   87   91   96  100  105
  112  121  133  148  165  182  198  212  224  232  239  245  248  250  249  246
  241  234  227  221  215  210  204  197  191  185  180  177  175  173  171  170
  168  166  165  166  168  170  173  174  167                                   
    47.5-180.0 180.0   5.0 450.0                            LAT/LON1/LON2/DLON/H
  173  178  178  180  180  179  174  164  152  139  127  116  106   98   92   86
   82   79   76   75   74   75   77   80   83   85   88   91   95   98  102  106
  112  120  132  148  166  186  203  219  230  239  246  250  254  256  256  254
  251  247  241  236  231  224  217  209  201  194  188  185  182  180  179  178
  176  175  174  175  175  177  179  180  173                                   
    45.0-180.0 180.0   5.0 450.0                            LAT/LON1/LON2/DLON/H
  175  181  181  185  187  186  182  173  162  148  135  123  112  102   94   87
   83   80   79   78   79   82   85   88   91   93   95   97  100  102  105  108
  113  121  133  149  168  188  207  223  235  244  249  254  257  259  261  261
  260  257  254  249  244  237  228  219  210  202  196  192  189  188  187  187
  186  185  184  184  184  184  185  184  175                                   
    42.5-180.0 180.0   5.0 450.0                            LAT/LON1/LON2/DLON/H
  176  181  180  185  188  188  185  177  168  155  143  131  119  108   98   91
   86   84   83   84   87   90   95   99  101  103  103  104  105  107  109  112
  117  125  136  152  171  190  209  225  237  245  250  254  257  261  263  266
  266  266  263  259  254  246  238  228  219  211  204  200  198  196  195  196
  196  195  194  193  192  189  189  187  176                                   
    40.0-180.0 180.0   5.0 450.0                            LAT/LON1/LON2/DLON/H
  177  179  178  182  185  185  183  177  169  160  150  140  128  116  105   97
   92   90   90   91   94   99  104  109  112  112  111  111  111  112  114  117
  122  129  140  154  172  191  209  225  236  244  249  253  256  260  264  268
  271  272  271  267  262  255  247  238  230  223  217  213  209  207  206  207
  207  207  205  203  200  195  194  190  177                                   
    37.5-180.0 180.0   5.0 450.0                            LAT/LON1/LON2/DLON/H
  180  179  176  177  180  177  176  171  167  160  154  146  136  125  114  105
   99   96   96   97  101  106  112  118  120  121  119  117  116  117  120  123
  127  134  144  157  173  191  208  222  233  241  246  250  254  259  264  270
  274  276  276  274  270  264  258  252  246  241  236  231  227  223  220  220
  220  220  218  214  209  202  200  194  180                                   
    35.0-180.0 180.0   5.0 450.0                            LAT/LON1/LON2/DLON/H
  188  182  177  175  175  170  168  164  162  159  156  151  143  133  121  112
  105  101  100  101  105  111  118  124  127  127  125  123  122  122  124  127
  131  138  147  159  173  189  204  218  229  237  242  246  251  257  264  270
  276  279  281  280  279  276  273  270  268  265  262  257  251  244  240  238
  236  235  232  227  220  211  209  202  188                                   
    32.5-180.0 180.0   5.0 450.0                            LAT/LON1/LON2/DLON/H
  202  193  186  179  175  166  163  158  157  156  156  154  148  138  127  117
  109  104  102  102  106  112  120  127  132  132  130  127  126  126  127  130
  134  139  147  158  171  185  199  212  223  231  237  242  248  255  263  271
  278  282  286  288  289  290  291  293  295  295  293  288  280  271  264  260
  257  254  250  243  235  224  222  215  202                                   
    30.0-180.0 180.0   5.0 450.0                            LAT/LON1/LON2/DLON/H
  223  210  202  191  182  170  164  157  156  156  157  156  151  142  131  120
  111  104  101  101  104  111  121  129  135  136  134  131  129  128  128  130
  133  137  144  154  166  179  192  204  216  225  232  239  245  253  262  271
  279  285  291  296  300  306  312  318  323  326  326  321  311  301  291  285
  280  276  271  262  253  242  239  232  223                                   
    27.5-180.0 180.0   5.0 450.0                            LAT/LON1/LON2/DLON/H
  248  234  224  210  197  182  173  164  161  159  159  157  152  143  131  119
  109  102   98   97  102  110  120  130  137  138  136  133  130  128  127  126
  128  131  137  147  158  170  183  196  208  218  227  235  243  253  262  272
  281  288  296  303  312  321  331  340  349  355  355  351  342  330  319  312
  305  300  293  283  273  262  259  253  248                                   
    25.0-180.0 180.0   5.0 450.0                            LAT/LON1/LON2/DLON/H
  275  261  250  234  218  202  190  178  172  167  164  160  153  142  130  117
  106   98   94   95  100  109  121  132  139  140  138  133  128  124  121  119
  118  121  126  136  147  160  174  187  200  212  222  232  242  252  263  273
  282  291  300  310  322  334  346  358  369  376  378  374  366  356  345  337
  329  323  316  305  295  284  280  275  275                                   
    22.5-180.0 180.0   5.0 450.0                            LAT/LON1/LON2/DLON/H
  299  285  274  258  242  225  211  198  188  179  171  163  153  141  128  115
  104   96   92   94  100  111  124  135  141  141  137  131  124  118  113  108
  106  107  112  122  134  149  163  178  192  205  218  230  242  253  264  275
  285  295  305  317  329  343  357  369  380  388  391  389  384  375  367  359
  351  345  337  326  315  305  300  296  299                                   
    20.0-180.0 180.0   5.0 450.0                            LAT/LON1/LON2/DLON/H
  315  303  292  278  263  247  233  219  206  193  180  168  155  141  127  114
  104   96   94   96  104  116  128  138  143  141  134  126  117  109  102   95
   91   92   97  107  121  137  153  169  185  200  215  229  242  254  266  277
  288  299  310  322  335  349  362  374  384  391  395  396  394  389  383  377
  370  364  355  344  333  322  316  312  315                                   
    17.5-180.0 180.0   5.0 450.0                            LAT/LON1/LON2/DLON/H
  322  311  302  289  277  262  249  235  221  205  188  173  157  143  129  116
  106  100   99  102  111  122  133  141  142  138  129  118  107   98   90   82
   78   77   82   93  109  126  144  161  179  197  214  230  244  257  269  281
  292  303  315  327  339  352  364  375  383  390  394  397  398  397  394  390
  384  378  370  358  346  333  326  321  322                                   
    15.0-180.0 180.0   5.0 450.0                            LAT/LON1/LON2/DLON/H
  319  309  301  290  281  268  257  244  230  212  193  176  160  145  132  120
  112  107  106  110  118  128  136  141  139  132  120  108   97   87   78   71
   66   66   71   82   98  117  136  156  175  195  214  232  248  261  274  286
  298  309  321  333  344  355  366  375  382  387  391  396  400  402  401  399
  393  387  379  367  354  339  331  324  319                                   
    12.5-180.0 180.0   5.0 450.0                            LAT/LON1/LON2/DLON/H
  310  300  294  282  276  265  254  243  229  212  193  176  161  147  136  126
  119  115  115  118  124  131  136  137  132  122  110   97   86   77   70   63
   58   58   63   75   91  111  131  152  173  194  215  234  251  265  278  291
  304  317  329  340  350  360  370  378  383  387  391  396  401  404  405  402
  397  390  382  370  357  339  330  321  310                                   
    10.0-180.0 180.0   5.0 450.0                            LAT/LON1/LON2/DLON/H
  300  290  284  271  266  254  244  233  221  205  188  173  160  149  139  131
  125  122  122  124  127  129  130  128  121  111   99   88   78   70   64   58
   54   54   59   71   87  107  128  150  172  194  216  237  254  269  282  296
  311  325  338  349  359  368  377  385  390  393  396  399  403  405  405  401
  394  387  379  367  354  335  325  316  300                                   
     7.5-180.0 180.0   5.0 450.0                            LAT/LON1/LON2/DLON/H
  293  283  277  261  255  242  230  220  208  193  179  166  156  148  141  135
  130  126  125  125  124  123  120  115  108   99   89   80   73   67   62   58
