data/edconvlstm_nd/pred2780.15i
     1.0            IONOSPHERE MAPS     GNSS                IONEX VERSION / TYPE
pyspatialgeodesy        IME             05-JAN-18 20:20     PGM / RUN BY / DATE 
Map Name                                                    COMMENT             
Predicted global ionosphere maps (GIM).                     DESCRIPTION         
  2015    10     5     0     0     0                        EPOCH OF FIRST MAP  
  2015    10     6     0     0     0                        EPOCH OF LAST MAP   
  7200                                                      INTERVAL            
    13                                                      # OF MAPS IN FILE   
  NONE                                                      MAPPING FUNCTION    
10.0                                                        ELEVATION CUTOFF    
One-way carrier phase leveled to code                       OBSERVABLES USED    
  6371.0                                                    BASE RADIUS         
 2                                                          MAP DIMENSION       
   450.0 450.0   0.0                                        HGT1 / HGT2 / DHGT  
    87.5 -87.5  -2.5                                        LAT1 / LAT2 / DLAT  
  -180.0 180.0   5.0                                        LON1 / LON2 / DLON  
    -1                                                      EXPONENT            
                                                            END OF HEADER       
[from data line 4719]
    12                                                      START OF TEC MAP    
  2015    10     5    22     0     0                        EPOCH OF CURRENT MAP
    87.5-180.0 180.0   5.0 450.0                            LAT/LON1/LON2/DLON/H
  101   93   81   85   90   87   86   83   84   87   86   88   89   90   90   91
   91   91   90   89   89   88   86   85   84   82   80   79   77   76   75   74
   72   72   71   70   69   69   69   68   68   68   68   68   68   68   68   68
   68   68   68   68   68   68   68   68   68   68   68   68   68   68   68   68
   68   69   66   66   75   77   96  105  101                                   
    85.0-180.0 180.0   5.0 450.0                            LAT/LON1/LON2/DLON/H
  104   96  101   88   87   92   92   94   95   98   98  100  101  102  103  103
  103  103  102  101  100   98   96   94   92   90   88   86   84   81   79   78
   76   75   73   72   71   71   70   70   69   69   69   69   69   69   69   69
   70   70   70   70   70   70   71   71   71   71   71   71   72   72   72   72
   73   73   71   69   75   80   85   83  104                                   
    82.5-180.0 180.0   5.0 450.0                            LAT/LON1/LON2/DLON/H
   82   83   83   79   83   88   92   92   94   96   98  100  102  103  104  105
  105  104  103  102  100   98   96   93   90   87   84   81   78   75   72   70
   68   66   65   64   63   62   62   61   61   61   61   62   62   62   62   63
   63   63   64   64   65   65   66   66   66   66   66   67   67   66   66   66
   67   66   64   67   74   88   82   84   82                                   
    80.0-180.0 180.0   5.0 450.0                            LAT/LON1/LON2/DLON/H
   66   71   77   74   78   79   87   90   95   98  102  105  107  109  109  110
  109  108  107  104  102   99   95   91   87   83   79   75   71   67   64   61
   59   57   56   55   54   54   53   53   54   54   54   54   55   55   56   56
   57   58   58   59   60   60   61   61   62   62   62   62   62   61   61   61
   62   62   61   63   65   75   71   80   66                                   
    77.5-180.0 180.0   5.0 450.0                            LAT/LON1/LON2/DLON/H
   75   74   78   75   82   84   92   95   99  103  106  110  113  115  116  116
  115  113  111  109  106  102   98   94   89   84   79   74   70   66   62   59
   57   56   55   54   54   53   53   53   54   54   54   54   54   54   55   55
   56   57   58   59   60   61   62   63   63   63   63   63   63   62   62   62
   62   62   63   64   67   73   73   85   75                                   
    75.0-180.0 180.0   5.0 450.0                            LAT/LON1/LON2/DLON/H
   73   75   76   74   82   86   92   96  102  107  111  115  117  118  118  117
  115  113  110  107  103  100   96   92   87   83   78   74   69   66   63   60
   59   57   57   56   56   56   56   56   56   56   55   55   55   54   54   54
   55   56   57   58   59   61   62   63   63   64   64   64   64   64   64   64
   65   67   67   66   67   71   69   72   73                                   
    72.5-180.0 180.0   5.0 450.0                            LAT/LON1/LON2/DLON/H
   79   79   80   84   86   89   95   97  101  105  109  112  114  114  113  111
  108  105  101   98   94   91   87   84   79   75   70   66   62   59   56   54
   53   53   53   53   53   54   54   54   53   52   52   51   50   49   48   48
   48   48   49   51   52   54   55   56   58   58   59   60   60   60   61   62
   62   64   65   63   63   70   71   77   79                                   
    70.0-180.0 180.0   5.0 450.0                            LAT/LON1/LON2/DLON/H
   81   82   83   85   87   89   93   97  102  107  110  113  113  111  108  104
  100   95   91   88   85   82   79   76   73   69   66   62   59   57   55   54
   53   53   53   54   54   54   54   53   52   51   50   49   47   46   44   43
   43   43   44   45   46   48   49   51   52   54   55   56   58   59   61   63
   64   66   68   68   70   76   80   85   81                                   
    67.5-180.0 180.0   5.0 450.0                            LAT/LON1/LON2/DLON/H
   87   87   87   90   92   93   97  100  105  109  113  115  114  111  106  101
   95   90   85   82   79   77   74   72   68   65   61   58   55   52   51   50
   50   50   50   50   50   50   49   49   48   47   46   44   43   41   39   38
   37   37   37   38   39   41   43   44   46   48   50   52   55   58   61   64
   66   68   68   68   69   77   79   84   87                                   
    65.0-180.0 180.0   5.0 450.0                            LAT/LON1/LON2/DLON/H
   86   88   87   90   90   92   95   99  105  110  114  116  115  110  104   98
   91   85   81   78   75   73   71   68   65   61   58   54   52   49   48   47
   47   47   46   46   45   44   43   42   41   40   40   39   38   36   34   33
   31   31   30   31   32   34   35   37   39   41   44   47   51   56   60   64
   67   70   72   72   73   81   85   91   86                                   
    62.5-180.0 180.0   5.0 450.0                            LAT/LON1/LON2/DLON/H
   88   90   89   91   91   92   95   99  105  111  116  118  117  113  107  100
   93   88   84   81   78   76   72   68   64   59   55   51   48   46   44   43
   42   41   40   39   37   35   34   33   33   33   34   34   34   33   31   29
   28   27   26   26   27   29   30   32   33   36   39   44   49   55   61   66
   69   72   73   73   73   80   84   89   88                                   
    60.0-180.0 180.0   5.0 450.0                            LAT/LON1/LON2/DLON/H
   90   91   90   92   90   90   93   97  105  111  117  120  120  117  111  105
  100   95   92   89   86   82   77   72   65   60   54   50   47   45   43   42
   40   38   36   34   31   29   28   27   28   29   31   33   33   33   32   30
   28   26   25   25   26   27   28   29   31   33   37   42   49   56   64   70
   74   77   77   76   75   83   87   92   90                                   
    57.5-180.0 180.0   5.0 450.0                            LAT/LON1/LON2/DLON/H
   94   96   95   95   93   92   94   98  105  111  118  122  123  121  117  113
  109  107  104  101   97   92   85   77   69   62   56   52   49   46   44   42
   40   37   34   32   29   27   26   26   27   29   32   35   37   37   36   34
   31   30   28   28   29   30   31   32   33   35   39   44   51   60   69   76
   81   84   85   82   80   86   89   95   94                                   
    55.0-180.0 180.0   5.0 450.0                            LAT/LON1/LON2/DLON/H
  103  105  106  104  101   98   99  101  107  113  119  123  125  125  123  122
  121  120  118  115  109  102   92   83   73   65   60   56   53   51   49   46
   43   40   37   34   32   30   30   30   32   35   38   42   44   45   44   42
   39   37   36   35   36   37   38   38   39   41   44   49   57   66   76   85
   90   94   94   91   88   93   96  102  103                                   
    52.5-180.0 180.0   5.0 450.0                            LAT/LON1/LON2/DLON/H
  115  118  120  117  113  109  108  109  111  115  120  123  126  128  129  130
  131  131  130  126  120  110   99   88   79   71   66   62   60   58   56   53
   49   46   43   41   40   40   40   41   43   46   49   53   55   56   56   53
   51   48   47   46   46   47   48   49   50   51   53   57   64   73   84   94
  100  105  107  104  101  105  108  113  115                                   
    50.0-180.0 180.0   5.0 450.0                            LAT/LON1/LON2/DLON/H
  130  134  138  134  129  125  123  121  121  122  123  126  129  132  135  138
  141  141  140  135  128  118  106   95   86   79   74   71   69   67   64   60
   56   53   51   52   53   55   56   57   59   61   64   67   69   70   69   67
   65   62   61   60   60   61   62   63   63   63   64   67   74   82   93  103
  111  118  121  120  117  121  124  128  130                                   
    47.5-180.0 180.0   5.0 450.0                            LAT/LON1/LON2/DLON/H
  146  150  155  151  147  144  140  137  134  132  131  132  134  138  143  147
  149  150  148  142  134  124  114  104   95   89   85   81   78   75   71   66
   62   60   60   63   68   72   75   77   78   79   80   82   84   84   84   82
   80   78   76   75   75   76   77   77   77   77   77   79   83   91  101  112
  120  129  135  136  135  139  142  145  146                                   
    45.0-180.0 180.0   5.0 450.0                            LAT/LON1/LON2/DLON/H
  161  165  170  167  164  162  158  154  149  145  142  142  144  148  153  157
  159  158  154  148  141  132  123  115  108  101   96   91   86   81   75   70
   66   65   68   74   82   90   95   97   97   97   96   97   98   98   98   97
   95   93   90   89   88   89   90   91   90   89   89   90   93  100  109  119
  129  140  148  151  152  156  160  164  161                                   
    42.5-180.0 180.0   5.0 450.0                            LAT/LON1/LON2/DLON/H
  172  176  180  179  178  177  173  170  164  160  155  155  157  162  167  170
  170  167  162  156  149  141  134  128  121  114  107   99   91   83   76   70
   66   67   73   83   94  105  113  115  114  112  110  109  109  110  110  109
  108  105  102  100   99   99  100  101  101  100   99   99  102  108  116  126
  136  148  158  164  167  172  176  180  172                                   
    40.0-180.0 180.0   5.0 450.0                            LAT/LON1/LON2/DLON/H
  181  183  187  187  188  188  186  184  178  173  169  169  172  178  182  184
  182  177  171  164  158  152  147  141  134  126  115  103   91   81   73   67
   65   68   76   89  103  117  125  128  127  124  121  119  118  118  118  118
  117  114  110  107  105  105  106  107  107  106  105  106  109  115  123  133
  143  156  168  175  179  184  188  194  181                                   
    37.5-180.0 180.0   5.0 450.0                            LAT/LON1/LON2/DLON/H
  187  188  191  193  195  196  196  194  190  186  182  182  187  193  197  198
  194  188  181  174  168  164  159  153  145  134  119  103   88   77   69   66
   66   71   81   94  110  124  133  136  135  131  128  125  124  123  123  123
  121  118  113  109  107  107  107  108  108  108  108  110  114  121  129  139
  150  163  176  184  188  193  197  204  187                                   
    35.0-180.0 180.0   5.0 450.0                            LAT/LON1/LON2/DLON/H
  194  195  197  198  202  202  203  203  200  196  193  195  200  206  210  210
  205  197  190  183  178  173  168  161  151  137  120  101   86   75   70   69
   73   79   89  102  116  128  136  139  138  134  131  128  126  125  125  124
  121  117  112  108  105  105  105  105  105  105  106  110  117  125  136  146
  157  171  184  192  197  202  205  212  194                                   
    32.5-180.0 180.0   5.0 450.0                            LAT/LON1/LON2/DLON/H
  206  206  209  207  210  208  211  212  210  207  205  206  211  217  220  218
  213  205  198  191  185  178  172  164  152  137  119  101   86   79   77   81
   88   95  104  113  122  131  136  137  136  134  132  130  127  125  123  121
  118  114  109  104  102  101  101  101  100  100  102  108  117  128  141  154
  165  179  193  201  206  211  214  222  206                                   
    30.0-180.0 180.0   5.0 450.0                            LAT/LON1/LON2/DLON/H
  225  226  230  224  226  221  224  224  224  221  219  219  223  227  229  226
  220  212  205  197  188  179  171  161  150  136  120  105   95   91   95  103
  113  120  125  128  131  133  134  134  133  133  132  130  127  124  121  118
  114  109  104  100   98   97   97   96   95   94   96  103  115  130  146  161
  173  189  203  212  217  224  228  235  225                                   
    27.5-180.0 180.0   5.0 450.0                            LAT/LON1/LON2/DLON/H
  251  254  260  250  251  244  246  245  245  242  239  238  240  241  241  236
  230  221  212  202  190  178  167  157  148  138  127  118  113  115  123  135
  146  151  151  147  141  136  132  130  130  131  132  131  128  124  119  115
  110  105  100   97   95   95   94   93   90   89   91   98  112  130  149  167
  181  198  214  225  231  240  246  254  251                                   
    25.0-180.0 180.0   5.0 450.0                            LAT/LON1/LON2/DLON/H
  283  288  297  285  286  278  279  277  277  274  270  268  266  264  261  255
  246  236  225  211  195  179  166  157  151  146  143  140  141  148  160  173
  183  185  178  166  152  140  132  128  129  131  134  134  130  125  119  113
  108  102   98   95   94   94   93   91   88   85   86   94  108  128  151  171
  188  208  224  238  247  259  269  278  283                                   
    22.5-180.0 180.0   5.0 450.0                            LAT/LON1/LON2/DLON/H
  316  323  336  325  327  321  322  320  321  319  315  310  306  301  295  286
  276  263  247  229  208  188  173  165  162  164  168  173  179  187  199  211
  218  215  202  182  161  144  133  129  130  134  137  138  134  128  121  114
  108  102   98   96   95   94   93   90   86   83   83   90  105  126  150  174
  193  215  234  251  263  279  293  306  316                                   
    20.0-180.0 180.0   5.0 450.0                            LAT/LON1/LON2/DLON/H
  348  357  372  364  371  367  370  372  375  375  372  367  361  354  345  334
  321  305  285  260  235  211  194  186  186  193  203  213  220  228  235  242
  243  235  216  192  168  149  138  134  135  140  143  144  140  133  125  118
  111  105  100   97   95   94   92   89   85   81   81   87  101  123  149  175
  197  221  242  262  278  298  316  333  348                                   
    17.5-180.0 180.0   5.0 450.0                            LAT/LON1/LON2/DLON/H
  375  386  403  401  412  413  419  425  433  438  437  434  429  421  411  398
  383  363  338  309  278  251  231  221  223  233  246  256  261  262  262  261
  255  242  221  197  174  156  147  143  145  149  151  151  146  139  130  122
  114  108  102   98   96   94   91   88   84   80   79   85   99  120  147  174
  198  224  247  269  288  313  335  357  375                                   
    15.0-180.0 180.0   5.0 450.0                            LAT/LON1/LON2/DLON/H
  396  409  427  431  447  453  464  476  490  500  505  506  503  498  488  475
  457  435  406  373  338  307  283  272  272  281  291  297  295  287  276  266
  254  238  219  198  180  167  161  159  159  160  160  157  151  143  134  125
  117  110  104   99   95   92   89   86   82   78   78   83   98  120  147  174
  198  226  249  273  295  324  349  375  396                                   
    12.5-180.0 180.0   5.0 450.0                            LAT/LON1/LON2/DLON/H
  411  425  445  453  475  485  501  517  537  554  565  572  575  573  566  554
  536  513  483  448  410  375  349  333  328  330  333  330  319  300  279  260
  244  229  214  199  189  183  180  179  176  173  168  162  154  144  135  126
  118  111  104   98   93   89   86   82   79   76   76   83   98  120  148  175
  199  227  250  275  298  330  359  387  411                                   
    10.0-180.0 180.0   5.0 450.0                            LAT/LON1/LON2/DLON/H
  423  439  459  469  494  508  527  546  570  591  608  622  630  634  632  623
  607  585  557  523  486  450  419  397  383  375  366  352  331  303  275  252
  235  222  212  206  203  204  205  202  194  184  174  163  153  142  133  124
  117  110  103   96   90   85   81   78   75   73   74   82   99  123  151  178
  201  228  251  276  299  335  367  395  423                                   
     7.5-180.0 180.0   5.0 450.0                            LAT/LON1/LON2/DLON/H
  435  453  473  483  508  521  541  559  584  607  628  646  661  670  672  668
  657  640  617  588  554  518  484  454  429  407  387  364  335  303  273  250
