data/edconvlstm_nd/pred1650.15i
     1.0            IONOSPHERE MAPS     GNSS                IONEX VERSION / TYPE
pyspatialgeodesy        IME             05-JAN-18 20:20     PGM / RUN BY / DATE 
Map Name                                                    COMMENT             
Predicted global ionosphere maps (GIM).                     DESCRIPTION         
  2015     6    14     0     0     0                        EPOCH OF FIRST MAP  
  2015     6    15     0     0     0                        EPOCH OF LAST MAP   
  7200                                                      INTERVAL            
    13                                                      # OF MAPS IN FILE   
  NONE                                                      MAPPING FUNCTION    
10.0                                                        ELEVATION CUTOFF    
One-way carrier phase leveled to code                       OBSERVABLES USED    
  6371.0                                                    BASE RADIUS         
 2                                                          MAP DIMENSION       
   450.0 450.0   0.0                                        HGT1 / HGT2 / DHGT  
    87.5 -87.5  -2.5                                        LAT1 / LAT2 / DLAT  
  -180.0 180.0   5.0                                        LON1 / LON2 / DLON  
    -1                                                      EXPONENT            
                                                            END OF HEADER       
[from data line 4290]
    11                                                      START OF TEC MAP    
  2015     6    14    20     0     0                        EPOCH OF CURRENT MAP
    87.5-180.0 180.0   5.0 450.0                            LAT/LON1/LON2/DLON/H
  213  200  184  191  192  193  193  192  193  194  194  194  195  196  196  196
  196  196  196  196  195  195  194  193  192  191  190  188  187  186  186  185
  184  183  183  182  182  182  182  182  182  182  182  182  183  183  184  184
  185  185  186  186  186  187  187  188  188  188  188  188  189  189  189  189
  188  188  187  189  198  199  196  202  213                                   
    85.0-180.0 180.0   5.0 450.0                            LAT/LON1/LON2/DLON/H
  200  196  198  194  191  195  195  197  198  199  200  201  202  203  203  204
  204  204  204  204  203  202  201  200  198  197  195  194  193  191  190  189
  189  188  187  187  186  186  186  186  186  186  186  187  187  187  188  188
  189  189  190  190  191  191  192  192  193  193  193  193  193  193  193  193
  194  193  193  193  197  187  187  196  200                                   
    82.5-180.0 180.0   5.0 450.0                            LAT/LON1/LON2/DLON/H
  179  182  181  180  181  187  189  191  191  194  196  198  200  202  204  205
  206  207  206  206  205  203  201  199  196  194  191  189  187  185  184  182
  182  181  181  180  180  180  180  180  180  180  181  181  181  182  183  183
  184  185  185  186  187  187  188  188  189  189  189  189  188  188  187  187
  186  184  183  188  188  190  183  177  179                                   
    80.0-180.0 180.0   5.0 450.0                            LAT/LON1/LON2/DLON/H
  170  173  175  174  172  176  178  183  186  189  192  196  199  202  204  206
  208  208  208  207  205  202  199  195  191  187  184  180  177  175  173  172
  171  171  171  171  171  172  172  173  173  174  175  175  176  177  178  179
  180  181  183  184  185  186  187  187  188  188  188  187  187  186  185  184
  183  181  180  183  180  170  167  169  170                                   
    77.5-180.0 180.0   5.0 450.0                            LAT/LON1/LON2/DLON/H
  170  165  169  168  168  173  175  180  183  187  190  195  200  204  208  211
  213  214  214  213  210  206  202  197  192  186  181  177  173  170  169  168
  168  168  169  170  171  172  173  174  175  175  176  177  177  179  180  181
  182  184  185  186  187  189  189  190  190  190  190  189  188  187  186  184
  182  180  178  179  181  168  168  174  170                                   
    75.0-180.0 180.0   5.0 450.0                            LAT/LON1/LON2/DLON/H
  168  167  167  166  165  171  171  175  179  185  188  194  199  204  208  212
  214  215  215  214  211  206  200  194  188  181  175  170  166  163  162  162
  163  164  166  168  170  171  172  173  174  174  175  176  176  177  179  180
  181  183  184  186  187  188  189  190  191  191  191  190  189  188  187  186
  183  181  180  178  179  168  168  166  168                                   
    72.5-180.0 180.0   5.0 450.0                            LAT/LON1/LON2/DLON/H
  170  171  171  173  169  174  175  178  181  186  190  195  200  206  210  214
  217  219  219  217  214  209  203  196  188  181  174  168  164  161  161  161
  163  165  168  170  173  174  175  176  176  176  177  177  178  179  180  181
  183  184  185  187  188  189  190  191  192  193  193  193  192  191  190  189
  186  184  183  180  182  173  175  178  170                                   
    70.0-180.0 180.0   5.0 450.0                            LAT/LON1/LON2/DLON/H
  176  179  178  179  173  178  178  181  184  188  192  197  201  206  210  214
  217  218  219  217  214  208  202  194  186  179  172  166  162  160  160  161
  164  167  170  173  175  176  176  176  176  176  176  176  177  177  178  179
  180  181  182  183  184  186  187  188  189  190  191  192  192  192  192  192
  190  188  188  186  188  181  185  186  176                                   
    67.5-180.0 180.0   5.0 450.0                            LAT/LON1/LON2/DLON/H
  188  193  192  194  188  192  191  195  197  200  202  206  210  214  217  220
  223  224  225  223  220  215  209  202  194  186  179  174  171  169  170  172
  175  178  180  183  184  185  185  184  183  183  183  182  183  183  184  184
  185  185  186  186  187  188  189  190  191  193  194  196  197  198  199  200
  199  198  198  196  197  191  195  198  188                                   
    65.0-180.0 180.0   5.0 450.0                            LAT/LON1/LON2/DLON/H
  199  205  203  205  199  203  202  205  207  210  211  214  216  218  220  223
  225  226  226  225  222  218  212  206  199  192  187  182  180  180  181  183
  185  187  189  190  191  190  190  189  188  187  186  186  186  185  185  185
  185  184  184  184  184  184  185  186  187  189  192  194  197  199  201  203
  203  203  204  203  207  202  207  209  199                                   
    62.5-180.0 180.0   5.0 450.0                            LAT/LON1/LON2/DLON/H
  210  216  214  217  211  216  215  218  220  222  223  224  225  226  227  228
  229  229  229  228  225  222  218  212  207  202  198  195  194  195  196  198
  200  201  201  200  199  198  197  196  195  194  193  192  191  190  189  188
  186  185  184  182  182  181  182  183  184  187  190  193  197  200  203  206
  206  208  210  209  212  208  214  217  210                                   
    60.0-180.0 180.0   5.0 450.0                            LAT/LON1/LON2/DLON/H
  219  224  223  225  221  227  227  230  232  234  234  234  233  233  232  232
  232  232  231  229  227  224  221  218  214  211  210  209  209  211  213  214
  214  214  212  210  208  207  206  205  204  203  202  200  198  196  193  190
  187  185  182  180  179  178  178  179  180  183  186  191  195  199  203  207
  208  210  213  212  216  213  219  223  219                                   
    57.5-180.0 180.0   5.0 450.0                            LAT/LON1/LON2/DLON/H
  224  228  228  232  230  236  238  242  244  246  245  244  242  240  239  238
  237  235  232  230  227  225  223  221  220  220  220  221  223  225  228  229
  228  226  223  219  217  215  215  215  215  214  212  209  206  201  197  192
  188  184  181  178  176  175  174  175  176  179  182  187  192  197  202  206
  208  212  214  214  217  215  221  226  224                                   
    55.0-180.0 180.0   5.0 450.0                            LAT/LON1/LON2/DLON/H
  228  232  233  237  238  246  249  253  256  257  256  254  252  249  247  245
  242  239  235  230  227  225  224  224  224  225  227  230  233  237  240  241
  239  236  232  228  225  225  225  226  226  226  223  219  213  207  200  194
  188  183  180  177  175  173  172  172  173  175  179  183  189  195  201  206
  209  213  215  215  219  217  223  229  228                                   
    52.5-180.0 180.0   5.0 450.0                            LAT/LON1/LON2/DLON/H
  231  235  238  243  246  256  260  266  269  270  268  266  263  260  257  254
  250  244  238  232  228  225  224  225  227  229  232  235  240  244  247  249
  247  244  239  236  233  234  235  237  238  236  233  226  219  210  201  194
  187  182  178  175  173  171  170  169  170  171  175  180  186  193  200  206
  210  215  218  217  221  220  226  232  231                                   
    50.0-180.0 180.0   5.0 450.0                            LAT/LON1/LON2/DLON/H
  236  240  244  250  256  268  274  280  284  285  283  281  277  274  271  266
  260  253  245  237  231  228  227  228  229  231  234  238  243  248  252  254
  254  251  247  243  242  243  246  248  249  246  241  233  223  212  202  193
  186  181  177  175  173  171  169  168  168  169  173  178  185  192  201  208
  213  219  222  222  226  226  232  239  236                                   
    47.5-180.0 180.0   5.0 450.0                            LAT/LON1/LON2/DLON/H
  243  249  253  260  268  281  289  296  301  303  301  299  295  292  287  282
  274  265  255  246  239  235  233  233  234  235  237  240  244  250  255  259
  259  258  255  253  252  254  256  259  259  255  248  238  227  215  203  194
  186  181  178  175  174  171  169  168  167  169  172  178  185  194  204  213
  219  226  229  230  233  234  240  248  243                                   
    45.0-180.0 180.0   5.0 450.0                            LAT/LON1/LON2/DLON/H
  252  260  265  273  282  296  306  314  320  323  322  320  317  313  308  301
  291  281  270  260  253  248  246  244  243  242  242  244  248  253  259  264
  267  267  266  264  264  266  268  270  269  264  255  244  231  218  206  196
  189  183  180  178  175  173  171  169  168  170  174  180  189  199  210  220
  227  234  239  240  244  246  252  260  252                                   
    42.5-180.0 180.0   5.0 450.0                            LAT/LON1/LON2/DLON/H
  265  274  279  288  298  312  323  332  340  344  345  345  343  339  332  323
  312  300  289  280  272  267  264  260  257  255  253  252  255  260  267  274
  278  281  281  280  279  280  281  282  280  274  264  252  238  225  213  202
  194  189  184  181  179  176  173  172  171  173  177  184  194  205  217  229
  236  244  248  251  255  259  265  275  265                                   
    40.0-180.0 180.0   5.0 450.0                            LAT/LON1/LON2/DLON/H
  279  290  295  304  314  329  340  350  359  366  370  372  371  367  359  348
  335  322  312  303  297  291  286  282  277  272  269  267  269  273  280  288
  294  298  299  298  297  296  296  296  293  287  276  264  250  236  223  213
  204  197  191  187  184  180  178  176  176  178  182  190  200  212  226  237
  245  253  257  261  265  270  277  289  279                                   
    37.5-180.0 180.0   5.0 450.0                            LAT/LON1/LON2/DLON/H
  293  305  311  320  331  345  357  368  379  389  395  400  401  397  387  374
  360  347  337  329  324  318  313  306  300  295  290  288  289  293  300  307
  314  319  321  319  317  314  313  312  308  302  292  279  265  251  238  227
  217  208  201  195  190  186  183  181  181  184  188  196  206  219  232  244
  252  259  263  269  273  280  288  301  293                                   
    35.0-180.0 180.0   5.0 450.0                            LAT/LON1/LON2/DLON/H
  308  320  328  337  349  361  373  385  398  410  420  428  431  427  417  402
  386  372  363  357  352  346  340  333  326  320  317  315  315  318  323  330
  337  341  343  340  336  332  329  328  325  319  309  297  283  269  255  243
  231  220  211  203  197  193  190  188  188  190  193  200  210  223  236  248
  255  262  266  272  277  285  295  311  308                                   
    32.5-180.0 180.0   5.0 450.0                            LAT/LON1/LON2/DLON/H
  322  334  344  354  367  379  391  403  418  432  445  456  461  458  447  430
  413  399  390  384  379  374  366  358  352  347  345  344  344  346  349  353
  358  362  362  358  352  346  343  341  339  334  325  313  299  285  271  258
  245  232  221  212  205  200  197  196  195  195  197  202  211  223  236  248
  254  262  265  273  279  288  300  318  322                                   
    30.0-180.0 180.0   5.0 450.0                            LAT/LON1/LON2/DLON/H
  335  347  360  372  387  399  411  424  439  455  470  483  490  489  477  459
  440  426  416  411  406  399  391  383  377  374  373  373  373  373  373  374
  376  377  374  368  360  353  348  346  346  342  335  323  310  296  283  269
  256  242  229  219  212  207  204  202  200  198  198  201  207  218  231  242
  250  258  262  272  278  289  303  323  335                                   
    27.5-180.0 180.0   5.0 450.0                            LAT/LON1/LON2/DLON/H
  346  359  374  389  406  420  433  446  463  480  496  511  519  519  507  489
  469  454  444  438  432  424  414  405  400  398  399  400  399  397  393  390
  387  383  377  368  357  347  342  340  341  339  333  323  310  298  286  273
  260  246  233  223  215  211  208  205  201  198  195  194  198  207  220  232
  241  252  258  269  278  290  306  328  346                                   
    25.0-180.0 180.0   5.0 450.0                            LAT/LON1/LON2/DLON/H
  353  367  384  404  423  438  453  469  487  505  521  537  547  547  537  519
  499  484  473  466  459  449  437  427  421  419  420  421  419  414  407  398
  390  381  370  357  342  329  322  320  322  321  317  309  298  288  278  268
  257  244  232  221  214  210  206  202  197  192  186  183  184  191  203  217
  230  245  255  268  278  292  309  331  353                                   
    22.5-180.0 180.0   5.0 450.0                            LAT/LON1/LON2/DLON/H
  357  371  389  412  434  452  469  487  507  526  543  560  571  573  565  549
  531  515  504  496  487  475  461  449  440  437  437  436  433  425  414  400
  386  371  355  336  317  301  292  289  290  291  288  282  275  268  261  254
  245  235  224  215  208  203  199  194  188  181  173  168  167  172  183  199
  216  236  252  268  281  295  313  335  357                                   
    20.0-180.0 180.0   5.0 450.0                            LAT/LON1/LON2/DLON/H
  356  371  389  413  437  456  477  497  519  540  558  576  588  594  589  576
  561  547  537  528  517  503  487  471  459  452  449  446  440  431  416  399
  380  359  337  314  290  270  257  252  252  253  252  249  244  241  239  235
  229  221  212  204  197  192  188  182  175  167  158  151  149  152  162  179
  200  227  249  269  284  300  318  339  356                                   
    17.5-180.0 180.0   5.0 450.0                            LAT/LON1/LON2/DLON/H
  351  366  383  406  430  450  473  495  520  542  562  581  596  605  606  599
  588  578  569  560  548  532  513  493  476  465  458  452  445  433  417  397
  375  350  324  296  268  244  228  220  218  218  218  216  215  216  217  216
  212  206  198  191  185  179  174  167  160  151  143  136  132  133  142  160
  184  216  245  269  286  304  322  341  351                                   
    15.0-180.0 180.0   5.0 450.0                            LAT/LON1/LON2/DLON/H
  344  359  375  394  417  436  460  483  510  533  554  575  592  606  613  612
  608  603  597  590  578  560  538  514  493  477  465  457  448  437  420  399
  375  348  318  288  258  231  212  201  196  195  194  194  195  198  201  201
  199  193  186  179  173  166  160  152  145  137  129  122  118  118  126  142
  169  205  239  267  287  306  326  342  344                                   
    12.5-180.0 180.0   5.0 450.0                            LAT/LON1/LON2/DLON/H
  336  352  367  381  401  418  441  464  490  514  536  557  577  595  608  615
  618  619  618  613  601  583  559  533  508  488  473  462  453  442  426  406
  381  353  323  292  262  235  213  199  192  188  187  187  189  192  195  195
  192  185  178  171  163  155  147  139  132  125  118  113  109  108  114  128
  154  193  231  262  285  307  328  342  336                                   
    10.0-180.0 180.0   5.0 450.0                            LAT/LON1/LON2/DLON/H
  332  350  363  372  389  402  423  443  468  491  512  533  554  575  592  605
  616  623  627  625  616  598  574  546  520  497  481  469  460  449  434  415
  391  365  337  309  281  255  234  218  208  202  198  197  198  200  201  198
  191  182  174  165  156  147  139  130  123  117  112  109  105  103  107  118
  142  180  219  254  279  305  329  342  332                                   
     7.5-180.0 180.0   5.0 450.0                            LAT/LON1/LON2/DLON/H
  332  354  367  373  387  395  413  429  451  470  489  509  529  550  570  587
  603  615  624  625  618  602  579  553  527  505  488  476  467  456  442  423
