data/edconvlstm_nd/pred0190.15i
     1.0            IONOSPHERE MAPS     GNSS                IONEX VERSION / TYPE
pyspatialgeodesy        IME             05-JAN-18 20:20     PGM / RUN BY / DATE 
Map Name                                                    COMMENT             
Predicted global ionosphere maps (GIM).                     DESCRIPTION         
  2015     1    19     0     0     0                        EPOCH OF FIRST MAP  
  2015     1    20     0     0     0                        EPOCH OF LAST MAP   
  7200                                                      INTERVAL            
    13                                                      # OF MAPS IN FILE   
  NONE                                                      MAPPING FUNCTION    
10.0                                                        ELEVATION CUTOFF    
One-way carrier phase leveled to code                       OBSERVABLES USED    
  6371.0                                                    BASE RADIUS         
 2                                                          MAP DIMENSION       
   450.0 450.0   0.0                                        HGT1 / HGT2 / DHGT  
    87.5 -87.5  -2.5                                        LAT1 / LAT2 / DLAT  
  -180.0 180.0   5.0                                        LON1 / LON2 / DLON  
    -1                                                      EXPONENT            
                                                            END OF HEADER       
[from data line 4290]
    11                                                      START OF TEC MAP    
  2015     1    19    20     0     0                        EPOCH OF CURRENT MAP
    87.5-180.0 180.0   5.0 450.0                            LAT/LON1/LON2/DLON/H
  114  112  107  113  119  118  118  117  119  122  123  125  127  128  130  130
  131  131  130  129  128  127  125  123  121  119  117  115  113  111  109  107
  105  104  102  101  100   99   98   97   96   96   96   95   95   95   96   96
   96   96   97   97   97   98   98   98   99   99   99   99  100  100  100  100
  100  100   97   94  100   99  112  113  114                                   
    85.0-180.0 180.0   5.0 450.0                            LAT/LON1/LON2/DLON/H
  119  111  120  109  111  118  119  124  127  131  134  137  139  142  144  145
  146  146  145  144  142  140  138  135  132  129  127  124  121  118  116  113
  111  109  107  105  104  103  101  100  100   99   98   98   98   98   98   98
   98   98   98   99   99   99  100  100  100  101  101  101  101  101  101  101
  101  101   97   93   95   97   98   97  119                                   
    82.5-180.0 180.0   5.0 450.0                            LAT/LON1/LON2/DLON/H
   97   91   93   93   99  107  113  118  123  130  135  141  146  150  154  156
  156  156  155  152  149  145  140  135  131  126  121  117  113  109  106  103
  100   97   95   93   91   89   88   87   86   85   84   84   84   84   84   85
   85   86   87   87   88   89   89   90   90   90   91   91   91   90   90   89
   89   88   84   82   84   93   82   85   97                                   
    80.0-180.0 180.0   5.0 450.0                            LAT/LON1/LON2/DLON/H
   69   64   69   70   78   82   93  102  112  122  131  140  147  153  158  161
  161  160  157  153  147  140  133  126  119  112  106  101   96   92   89   86
   83   81   79   77   76   75   74   73   72   72   72   72   73   73   74   75
   76   77   78   79   80   80   81   81   82   81   81   81   80   79   78   76
   75   74   71   70   64   66   56   68   69                                   
    77.5-180.0 180.0   5.0 450.0                            LAT/LON1/LON2/DLON/H
   64   51   52   53   63   69   81   92  105  117  129  142  153  162  168  172
  172  170  165  158  149  139  129  118  109  101   93   87   82   78   75   73
   71   69   68   66   65   64   63   62   62   61   62   62   63   64   65   67
   68   70   71   73   74   75   76   76   76   75   75   73   72   70   68   66
   64   62   60   58   53   49   44   57   64                                   
    75.0-180.0 180.0   5.0 450.0                            LAT/LON1/LON2/DLON/H
   48   39   38   41   50   58   69   82   98  113  128  144  157  167  175  178
  178  175  168  158  146  133  120  107   95   86   78   72   67   64   63   61
   60   60   59   58   58   57   57   56   56   57   57   58   59   60   62   63
   65   67   68   70   71   72   72   72   72   71   70   68   66   64   62   60
   58   57   55   51   46   41   35   39   48                                   
    72.5-180.0 180.0   5.0 450.0                            LAT/LON1/LON2/DLON/H
   48   40   39   46   50   59   72   85  100  117  134  151  166  178  186  190
  190  185  175  163  148  131  115   99   86   75   66   60   56   54   52   52
   52   51   51   51   50   50   50   49   50   50   50   51   52   53   55   56
   58   60   62   63   65   65   66   66   65   64   63   61   59   57   56   54
   52   50   49   44   40   39   36   44   48                                   
    70.0-180.0 180.0   5.0 450.0                            LAT/LON1/LON2/DLON/H
   50   47   48   54   59   67   79   93  109  127  145  162  177  189  198  202
  200  195  184  170  154  135  117  100   85   73   64   58   54   51   50   49
   49   49   48   48   47   47   47   47   47   48   49   50   51   52   53   54
   55   57   59   60   62   63   63   63   62   61   60   58   56   55   54   53
   51   51   51   49   47   47   49   55   50                                   
    67.5-180.0 180.0   5.0 450.0                            LAT/LON1/LON2/DLON/H
   60   62   64   73   79   88  101  115  129  145  162  179  194  206  214  218
  217  211  200  185  167  148  128  109   93   80   70   63   58   55   53   51
   50   48   46   45   43   43   42   43   44   45   46   47   47   48   48   49
   50   51   53   54   56   57   58   58   57   56   55   54   52   51   51   51
   50   51   51   49   48   53   55   61   60                                   
    65.0-180.0 180.0   5.0 450.0                            LAT/LON1/LON2/DLON/H
   67   74   79   90   98  109  121  135  148  163  179  194  207  219  226  230
  229  224  214  199  182  162  143  124  107   93   81   73   66   61   57   54
   50   46   43   40   37   36   35   36   38   39   40   41   42   41   41   41
   41   42   43   45   47   48   49   50   49   49   48   47   46   45   45   46
   46   48   50   51   52   60   64   72   67                                   
    62.5-180.0 180.0   5.0 450.0                            LAT/LON1/LON2/DLON/H
   73   85   93  107  118  132  144  157  169  182  195  208  221  231  239  244
  244  239  230  217  200  181  162  143  126  110   97   87   78   71   64   58
   52   46   40   35   31   30   29   30   32   34   36   37   37   36   34   33
   33   33   34   36   38   40   41   42   43   42   42   41   40   40   40   40
   41   43   45   46   48   57   62   70   73                                   
    60.0-180.0 180.0   5.0 450.0                            LAT/LON1/LON2/DLON/H
   75   89  100  117  132  147  161  174  186  197  208  219  230  240  248  253
  255  252  244  232  216  198  180  161  144  128  114  102   91   81   72   63
   55   46   39   32   28   26   25   27   29   31   33   34   34   32   30   28
   26   26   26   28   30   33   35   36   37   37   37   36   36   35   35   35
   35   36   38   40   42   52   57   68   75                                   
    57.5-180.0 180.0   5.0 450.0                            LAT/LON1/LON2/DLON/H
   74   89  102  122  141  159  175  188  199  208  218  227  236  246  255  261
  264  263  256  244  229  212  194  177  160  145  130  117  105   94   83   72
   61   51   42   35   31   28   28   29   32   35   37   38   37   35   32   29
   26   24   24   25   28   30   33   35   36   37   37   36   36   35   35   34
   33   33   34   35   37   44   49   61   74                                   
    55.0-180.0 180.0   5.0 450.0                            LAT/LON1/LON2/DLON/H
   73   89  103  126  148  168  185  199  210  218  225  233  241  250  259  267
  271  271  264  253  237  221  204  187  172  158  144  131  119  106   94   82
   71   60   50   43   38   36   36   37   40   42   45   46   45   43   39   35
   31   29   28   29   31   34   37   40   41   42   42   41   41   40   39   38
   36   35   34   34   34   40   43   56   73                                   
    52.5-180.0 180.0   5.0 450.0                            LAT/LON1/LON2/DLON/H
   75   90  106  130  154  176  195  209  219  225  231  237  244  252  262  270
  276  275  269  256  241  224  208  194  180  168  156  144  131  119  106   94
   82   71   62   55   51   49   49   50   52   55   57   59   59   56   53   48
   43   40   38   39   41   44   47   50   52   52   52   51   50   49   48   46
   43   42   40   39   37   40   42   54   75                                   
    50.0-180.0 180.0   5.0 450.0                            LAT/LON1/LON2/DLON/H
   83   97  114  139  164  187  206  220  229  235  239  242  247  255  264  273
  278  278  271  258  242  226  211  199  188  177  167  156  144  131  118  105
   92   82   74   69   67   65   65   65   66   68   71   73   74   73   70   65
   61   57   54   54   56   59   62   64   66   66   65   63   62   60   59   57
   54   52   51   49   46   48   49   60   83                                   
    47.5-180.0 180.0   5.0 450.0                            LAT/LON1/LON2/DLON/H
   96  110  129  153  177  200  219  232  241  246  248  250  253  258  266  274
  279  279  272  260  244  229  216  205  196  188  178  168  156  142  128  113
  101   91   85   82   81   80   80   79   79   81   83   86   88   89   87   83
   79   75   72   72   73   76   78   81   81   80   78   75   73   71   70   68
   66   64   63   62   60   62   64   73   96                                   
    45.0-180.0 180.0   5.0 450.0                            LAT/LON1/LON2/DLON/H
  113  129  148  170  193  215  232  245  253  258  260  260  260  263  269  276
  281  281  274  263  248  235  224  215  208  200  191  180  166  151  134  118
  105   96   91   90   91   91   91   89   88   89   91   95   99  100  100   98
   95   91   89   88   89   91   94   95   95   93   89   86   82   80   78   77
   74   74   74   74   74   78   83   91  113                                   
    42.5-180.0 180.0   5.0 450.0                            LAT/LON1/LON2/DLON/H
  130  148  169  188  209  228  243  255  263  269  272  271  270  270  273  278
  283  283  278  269  257  246  237  230  223  214  204  190  174  156  137  119
  106   97   95   96   98  100   98   96   94   93   96  100  104  106  107  106
  104  102  100  100  101  103  105  106  105  102   98   93   89   85   83   81
   79   79   80   82   85   93  101  110  130                                   
    40.0-180.0 180.0   5.0 450.0                            LAT/LON1/LON2/DLON/H
  146  166  187  204  222  238  251  262  271  279  282  283  280  278  279  282
  286  287  285  278  270  262  254  247  239  228  215  199  180  160  139  121
  107  100  100  103  106  108  105  101   98   96   98  101  105  108  109  108
  107  105  105  106  107  110  111  112  110  107  102   96   91   87   84   82
   79   79   81   85   90  102  114  125  146                                   
    37.5-180.0 180.0   5.0 450.0                            LAT/LON1/LON2/DLON/H
  157  180  200  215  231  243  254  265  274  284  291  293  290  287  286  287
  290  293  293  290  285  280  273  264  253  239  223  205  186  165  145  128
  117  112  114  118  121  121  117  110  105  102  102  104  106  107  107  106
  105  105  105  107  109  112  114  114  112  108  103   97   91   86   82   79
   76   75   77   82   89  104  118  133  157                                   
    35.0-180.0 180.0   5.0 450.0                            LAT/LON1/LON2/DLON/H
  164  189  209  223  236  244  254  263  274  287  296  300  300  296  293  293
  296  299  301  302  300  296  288  277  263  247  230  212  195  177  161  147
  140  139  142  147  148  144  136  126  118  113  111  110  110  108  106  104
  103  103  103  106  109  112  114  114  111  107  102   97   91   85   80   76
   72   71   72   76   83  100  117  134  164                                   
    32.5-180.0 180.0   5.0 450.0                            LAT/LON1/LON2/DLON/H
  170  197  217  229  240  245  252  260  272  286  299  306  307  304  301  300
  301  305  308  311  311  307  298  285  269  252  237  223  210  198  189  182
  180  183  188  192  189  180  166  151  139  131  126  123  119  115  111  107
  104  103  104  106  109  113  114  114  111  107  102   97   91   85   80   75
   71   69   69   73   79   97  115  133  170                                   
    30.0-180.0 180.0   5.0 450.0                            LAT/LON1/LON2/DLON/H
  179  208  228  238  248  249  254  259  270  285  300  310  314  312  309  307
  307  310  313  316  316  310  300  285  270  256  246  238  234  231  230  232
  237  244  250  250  241  224  203  183  167  156  148  142  135  128  122  116
  112  110  109  110  113  116  117  115  112  107  103   98   93   87   83   79
   74   72   72   75   81   99  119  135  179                                   
    27.5-180.0 180.0   5.0 450.0                            LAT/LON1/LON2/DLON/H
  194  225  245  255  264  263  263  265  273  286  301  313  319  319  317  315
  313  314  315  316  314  307  296  282  270  262  260  262  268  275  284  295
  307  317  322  315  298  271  242  216  196  183  173  165  156  148  140  133
  128  124  121  120  121  122  122  119  114  109  104  100   95   91   87   84
   81   80   80   83   90  108  130  142  194                                   
    25.0-180.0 180.0   5.0 450.0                            LAT/LON1/LON2/DLON/H
  215  249  271  279  289  288  285  282  286  295  307  317  324  326  325  323
  319  317  316  314  309  300  289  278  272  273  281  294  310  328  347  365
  382  392  392  376  348  311  274  243  221  206  195  186  177  169  161  155
  149  143  138  134  132  131  129  124  117  111  105  101   97   94   92   91
   89   90   91   95  104  123  147  156  215                                   
    22.5-180.0 180.0   5.0 450.0                            LAT/LON1/LON2/DLON/H
  240  276  300  310  323  323  319  312  310  312  318  326  332  335  334  331
  326  321  316  311  303  293  284  279  281  292  311  335  361  387  411  433
  449  454  445  419  380  335  292  257  233  218  208  199  191  185  179  175
  170  163  156  149  144  140  135  128  120  112  105  101   97   95   94   95
   95   99  102  108  120  141  168  176  240                                   
    20.0-180.0 180.0   5.0 450.0                            LAT/LON1/LON2/DLON/H
  264  302  330  343  360  364  361  351  344  339  339  341  344  346  346  343
  336  328  319  311  301  292  286  288  300  322  351  383  414  443  467  484
  492  488  468  433  386  336  289  254  231  216  207  200  194  191  190  189
  187  180  171  161  153  147  140  131  120  111  104   99   95   93   93   95
   98  105  110  119  134  159  189  199  264                                   
    17.5-180.0 180.0   5.0 450.0                            LAT/LON1/LON2/DLON/H
  283  325  356  373  396  405  406  395  384  374  367  364  364  364  363  359
  351  341  330  319  309  301  300  310  331  362  399  434  465  488  502  506
  501  485  457  416  366  314  269  236  215  203  194  189  186  186  190  194
  195  190  181  169  159  150  141  131  120  109  101   95   92   89   90   93
   97  106  113  126  145  173  207  223  283                                   
    15.0-180.0 180.0   5.0 450.0                            LAT/LON1/LON2/DLON/H
  294  341  375  397  427  441  447  438  427  413  401  393  389  388  386  381
  373  362  350  339  329  324  329  345  375  412  451  483  504  513  510  497
  477  451  417  374  326  279  240  213  195  185  177  171  170  174  182  190
  194  192  184  172  161  151  141  131  119  108  100   93   89   86   87   89
   94  103  113  128  150  184  222  243  294                                   
    12.5-180.0 180.0   5.0 450.0                            LAT/LON1/LON2/DLON/H
  299  349  387  412  448  467  480  476  467  453  439  428  421  418  415  410
  402  392  381  371  363  362  371  394  428  466  499  521  527  518  496  468
  435  401  364  324  283  245  215  194  181  171  162  156  154  158  167  178
  185  186  180  169  159  149  140  131  120  110  101   94   89   86   85   86
   89   98  108  125  152  190  231  257  299                                   
    10.0-180.0 180.0   5.0 450.0                            LAT/LON1/LON2/DLON/H
  299  352  391  419  460  484  503  505  500  489  476  464  457  453  450  445
  438  430  421  414  409  412  425  450  483  515  538  544  533  508  473  432
  392  353  318  284  252  225  204  190  179  168  157  148  143  146  154  164
  173  175  172  164  155  148  141  133  124  114  106   98   92   88   86   85
   86   93  103  120  150  192  235  264  299                                   
     7.5-180.0 180.0   5.0 450.0                            LAT/LON1/LON2/DLON/H
  296  350  391  420  464  492  517  524  526  520  510  500  493  490  487  484
  479  473  468  464  463  468  482  506  533  554  562  554  530  495  452  406
