data/edconvlstm_nd/pred0640.15i
     1.0            IONOSPHERE MAPS     GNSS                IONEX VERSION / TYPE
pyspatialgeodesy        IME             05-JAN-18 20:20     PGM / RUN BY / DATE 
Map Name                                                    COMMENT             
Predicted global ionosphere maps (GIM).                     DESCRIPTION         
  2015     3     5     0     0     0                        EPOCH OF FIRST MAP  
  2015     3     6     0     0     0                        EPOCH OF LAST MAP   
  7200                                                      INTERVAL            
    13                                                      # OF MAPS IN FILE   
  NONE                                                      MAPPING FUNCTION    
10.0                                                        ELEVATION CUTOFF    
One-way carrier phase leveled to code                       OBSERVABLES USED    
  6371.0                                                    BASE RADIUS         
 2                                                          MAP DIMENSION       
   450.0 450.0   0.0                                        HGT1 / HGT2 / DHGT  
    87.5 -87.5  -2.5                                        LAT1 / LAT2 / DLAT  
  -180.0 180.0   5.0                                        LON1 / LON2 / DLON  
    -1                                                      EXPONENT            
                                                            END OF HEADER       
     1                                                      START OF TEC MAP    
  2015     3     5     0     0     0                        EPOCH OF CURRENT MAP
    87.5-180.0 180.0   5.0 450.0                            LAT/LON1/LON2/DLON/H
  156  168  176  168  167  170  169  169  171  171  173  174  174  173  172  171
  169  167  165  163  160  157  154  150  147  144  141  138  135  132  129  127
  125  123  121  120  119  118  117  117  117  117  118  118  119  120  122  123
  124  126  128  129  131  133  134  136  137  138  139  140  141  142  143  145
  146  148  148  149  146  148  155  154  156                                   
    85.0-180.0 180.0   5.0 450.0                            LAT/LON1/LON2/DLON/H
  180  190  173  180  188  193  192  194  196  196  197  198  197  196  194  192
  189  185  181  177  173  168  163  157  152  147  141  136  131  126  122  118
  115  112  110  108  107  107  107  108  109  110  111  113  115  118  120  123
  125  128  131  134  136  139  141  143  145  147  149  151  152  154  155  157
  160  161  163  166  162  168  172  170  180                                   
    82.5-180.0 180.0   5.0 450.0                            LAT/LON1/LON2/DLON/H
  188  194  197  198  208  215  215  218  223  223  225  225  224  222  220  216
  211  206  200  194  188  180  173  165  157  149  141  133  126  119  112  107
  102   98   96   94   94   94   95   96   98  100  103  106  109  112  115  119
  123  126  130  134  137  141  144  147  150  152  155  157  159  161  163  166
  169  171  173  173  174  166  171  167  188                                   
    80.0-180.0 180.0   5.0 450.0                            LAT/LON1/LON2/DLON/H
  196  200  197  199  213  222  228  235  241  243  245  246  245  243  239  233
  227  220  213  205  197  188  178  168  158  147  137  126  116  107   99   92
   87   84   82   81   81   82   84   86   89   92   95   98  101  104  107  111
  114  118  122  126  130  134  138  141  145  148  151  154  156  159  162  165
  167  169  171  172  183  175  182  182  196                                   
    77.5-180.0 180.0   5.0 450.0                            LAT/LON1/LON2/DLON/H
  204  203  200  208  216  225  235  244  252  255  259  260  259  256  251  244
  236  228  219  210  201  191  181  171  160  148  137  125  114  104   95   88
   83   80   79   79   80   82   85   88   92   95   97  100  101  103  105  107
  109  112  115  119  122  126  130  133  136  140  143  145  148  151  155  159
  162  166  168  172  180  182  185  193  204                                   
    75.0-180.0 180.0   5.0 450.0                            LAT/LON1/LON2/DLON/H
  213  208  207  215  222  231  239  248  257  261  264  264  262  257  249  240
  230  220  210  201  193  185  177  168  159  148  137  126  115  105   96   89
   84   82   81   82   85   88   92   95   98  101  102  103  103  102  102  102
  102  103  105  108  111  114  117  121  124  127  130  133  136  139  143  148
  152  158  163  163  173  183  185  197  213                                   
    72.5-180.0 180.0   5.0 450.0                            LAT/LON1/LON2/DLON/H
  212  216  218  223  229  236  245  254  263  267  269  268  263  254  243  229
  216  204  194  186  181  176  171  166  159  151  141  131  120  111  102   95
   90   88   87   89   91   95   98  102  104  105  105  103  101   99   96   94
   93   94   95   98  101  105  108  111  114  117  119  122  125  128  133  139
  144  151  159  162  171  183  190  207  212                                   
    70.0-180.0 180.0   5.0 450.0                            LAT/LON1/LON2/DLON/H
  224  228  231  238  243  250  258  267  275  278  279  276  267  254  237  219
  202  187  176  170  167  166  165  163  159  153  145  136  126  116  108  101
   96   93   92   93   96   99  102  104  106  106  104  101   97   93   90   87
   86   86   88   92   96  100  104  107  110  112  114  117  119  123  129  136
  142  150  161  167  179  195  202  218  224                                   
    67.5-180.0 180.0   5.0 450.0                            LAT/LON1/LON2/DLON/H
  234  244  245  252  256  262  268  276  284  287  287  282  271  254  232  210
  188  171  159  153  152  154  157  158  157  152  146  137  127  117  109  101
   96   92   91   90   92   93   95   97   97   97   94   90   86   82   78   76
   75   77   80   84   90   95  100  103  106  109  111  113  117  121  127  135
  143  153  165  173  188  205  214  230  234                                   
    65.0-180.0 180.0   5.0 450.0                            LAT/LON1/LON2/DLON/H
  243  255  255  263  266  270  275  282  290  293  293  289  277  258  234  208
  183  163  150  144  144  147  151  153  153  149  142  133  123  114  105   98
   92   87   84   82   82   82   83   83   83   82   80   77   73   70   67   65
   66   69   73   79   85   91   97  101  105  108  111  114  118  123  131  140
  149  160  173  182  197  215  225  241  243                                   
    62.5-180.0 180.0   5.0 450.0                            LAT/LON1/LON2/DLON/H
  251  263  263  270  274  275  278  284  291  295  297  294  285  268  244  217
  190  169  154  147  145  147  149  150  147  142  134  124  115  106   98   92
   85   80   75   72   70   69   69   69   69   69   68   66   63   60   58   57
   59   62   68   74   81   89   96  101  106  110  114  119  125  132  141  152
  161  172  186  194  206  222  232  248  251                                   
    60.0-180.0 180.0   5.0 450.0                            LAT/LON1/LON2/DLON/H
  256  269  270  275  278  278  278  282  289  292  295  295  290  277  258  234
  209  187  171  161  155  152  149  145  138  130  120  112  104   97   91   85
   79   73   67   62   59   57   56   57   58   59   59   58   57   55   53   53
   54   58   64   71   79   87   95  102  108  114  121  128  137  147  158  170
  180  190  202  209  217  229  237  253  256                                   
    57.5-180.0 180.0   5.0 450.0                            LAT/LON1/LON2/DLON/H
  265  278  279  282  286  284  281  282  286  288  290  292  291  284  272  255
  235  215  197  182  170  160  149  139  127  117  107  100   95   90   86   82
   76   70   63   58   54   51   51   52   54   56   57   57   56   55   53   52
   54   57   62   70   78   87   96  104  112  120  129  140  153  166  180  193
  203  213  224  228  232  239  246  263  265                                   
    55.0-180.0 180.0   5.0 450.0                            LAT/LON1/LON2/DLON/H
  281  295  295  296  301  298  293  290  290  287  286  288  289  288  284  275
  261  244  225  205  185  166  149  132  118  107   98   93   90   88   86   83
   78   72   65   60   56   54   54   55   58   60   62   63   63   61   59   58
   58   60   65   72   81   90  100  108  118  128  140  154  170  187  204  219
  230  239  249  251  253  254  259  277  281                                   
    52.5-180.0 180.0   5.0 450.0                            LAT/LON1/LON2/DLON/H
  305  320  319  320  326  324  316  310  303  294  288  286  287  289  290  288
  280  266  245  221  195  170  147  129  114  103   96   93   92   92   91   88
   84   78   72   68   65   64   64   66   68   71   73   74   74   72   70   68
   68   69   72   79   87   97  106  115  125  137  151  167  186  206  226  244
  257  267  276  276  278  276  280  298  305                                   
    50.0-180.0 180.0   5.0 450.0                            LAT/LON1/LON2/DLON/H
  335  352  349  352  361  361  352  341  328  311  298  290  287  289  293  295
  290  276  255  227  198  170  148  130  117  108  103  101  101  101  100   97
   92   86   82   79   78   78   79   81   82   84   86   87   87   87   85   83
   81   82   85   91   98  107  115  125  135  147  161  179  200  222  244  265
  280  292  302  302  305  304  307  325  335                                   
    47.5-180.0 180.0   5.0 450.0                            LAT/LON1/LON2/DLON/H
  365  384  383  390  401  403  397  383  363  338  316  300  293  292  294  296
  291  277  254  226  197  172  152  137  127  120  117  115  114  113  109  104
   98   93   89   89   90   92   94   95   96   97   98   99  101  101  100   99
   98   99  101  105  111  119  127  136  146  157  172  189  210  233  256  278
  295  309  321  324  330  332  338  354  365                                   
    45.0-180.0 180.0   5.0 450.0                            LAT/LON1/LON2/DLON/H
  388  410  414  424  436  443  440  426  402  371  341  317  303  298  297  295
  287  271  248  222  197  177  162  151  143  138  134  131  127  122  114  106
   98   93   92   94   98  102  104  105  105  105  107  109  112  114  115  116
  116  116  118  121  126  133  141  149  158  169  182  198  217  239  261  282
  300  317  331  337  348  355  365  380  388                                   
    42.5-180.0 180.0   5.0 450.0                            LAT/LON1/LON2/DLON/H
  401  425  432  444  457  467  468  458  435  402  367  338  319  308  302  296
  284  266  244  222  202  187  176  168  162  156  150  143  134  123  112  101
   93   89   91   96  102  107  110  111  110  111  113  116  120  125  128  130
  131  132  134  137  142  148  155  162  171  181  192  206  223  242  261  281
  297  314  330  341  356  366  382  396  401                                   
    40.0-180.0 180.0   5.0 450.0                            LAT/LON1/LON2/DLON/H
  405  428  434  444  457  468  473  468  451  421  388  358  337  323  312  301
  285  266  246  229  215  204  195  187  178  169  158  146  132  118  105   95
   90   89   94  101  108  113  115  115  114  115  118  122  128  133  137  141
  143  145  147  150  154  160  166  174  182  192  203  215  229  245  261  278
  293  309  325  339  356  370  390  405  405                                   
    37.5-180.0 180.0   5.0 450.0                            LAT/LON1/LON2/DLON/H
  404  422  426  430  441  450  455  455  445  423  397  373  354  340  327  311
  294  275  258  245  234  225  214  201  186  171  155  141  127  116  107  101
  100  103  109  116  121  123  123  121  121  122  125  130  135  140  144  147
  149  151  153  156  160  165  172  180  190  200  211  223  236  250  265  280
  292  306  323  338  355  372  395  411  404                                   
    35.0-180.0 180.0   5.0 450.0                            LAT/LON1/LON2/DLON/H
  407  421  421  416  424  428  429  430  426  413  396  380  367  356  344  328
  310  293  280  269  259  247  229  207  185  165  149  138  132  128  127  128
  130  135  139  142  143  140  136  134  133  134  138  141  144  145  147  148
  149  150  151  153  156  161  169  179  191  204  218  231  245  259  275  289
  301  314  331  346  363  383  406  423  407                                   
    32.5-180.0 180.0   5.0 450.0                            LAT/LON1/LON2/DLON/H
  427  438  435  421  422  419  413  412  410  402  393  384  378  372  362  348
  332  318  307  297  284  262  235  205  180  162  153  152  156  163  171  176
  181  183  183  180  173  165  158  153  152  153  155  155  154  151  148  145
  143  142  142  143  145  151  160  172  188  205  222  239  255  272  290  307
  320  334  351  365  385  406  427  446  427                                   
    30.0-180.0 180.0   5.0 450.0                            LAT/LON1/LON2/DLON/H
  475  486  479  459  454  442  428  419  414  406  399  394  391  387  381  369
  356  345  334  321  299  268  233  202  182  175  178  190  207  224  238  245
  246  243  236  224  210  196  186  179  177  177  176  172  166  157  149  142
  136  133  131  131  134  140  150  165  184  205  227  248  269  290  311  332
  349  365  383  395  419  442  458  480  475                                   
    27.5-180.0 180.0   5.0 450.0                            LAT/LON1/LON2/DLON/H
  548  562  555  535  524  506  482  464  450  437  425  417  412  408  401  390
  378  366  353  334  303  266  232  210  205  213  231  256  283  307  324  330
  324  312  295  274  251  232  218  210  206  202  197  189  177  164  151  139
  131  126  123  123  126  132  144  161  184  209  235  261  287  313  339  365
  387  408  425  436  464  491  505  528  548                                   
    25.0-180.0 180.0   5.0 450.0                            LAT/LON1/LON2/DLON/H
  640  656  657  643  630  608  576  547  522  500  480  463  450  438  426  412
  397  382  362  335  300  265  243  240  255  280  311  344  378  407  422  421
  405  381  352  321  292  267  250  240  232  225  215  202  186  170  154  141
  131  124  120  120  122  129  142  161  186  215  246  278  309  341  373  404
  433  458  476  486  518  552  569  595  640                                   
    22.5-180.0 180.0   5.0 450.0                            LAT/LON1/LON2/DLON/H
  735  754  768  769  755  733  698  661  627  595  563  533  506  482  460  438
  416  393  366  334  300  278  276  297  332  371  410  447  481  507  514  501
  473  438  400  361  325  296  277  264  252  240  226  210  193  176  160  146
  136  128  123  121  123  130  143  164  191  223  258  294  331  369  407  444
  479  509  530  544  578  619  644  677  735                                   
    20.0-180.0 180.0   5.0 450.0                            LAT/LON1/LON2/DLON/H
  819  840  866  884  874  858  828  791  753  713  670  624  581  542  507  473
  441  408  375  342  317  313  335  379  430  477  516  549  575  588  581  556
  518  475  429  385  344  313  292  277  263  246  229  212  196  181  167  155
  144  135  130  127  128  134  147  168  195  229  266  307  348  392  435  477
  518  552  578  600  635  679  717  761  819                                   
    17.5-180.0 180.0   5.0 450.0                            LAT/LON1/LON2/DLON/H
  874  899  933  963  962  958  939  910  875  834  785  728  670  616  566  520
  477  436  399  370  359  375  419  480  538  583  613  632  641  635  612  575
  530  481  431  382  339  310  291  277  262  245  226  210  197  186  176  165
  154  145  138  134  134  139  152  172  199  232  270  313  359  406  454  502
  547  584  615  645  681  722  769  825  874                                   
    15.0-180.0 180.0   5.0 450.0                            LAT/LON1/LON2/DLON/H
  895  924  962  996 1005 1015 1012  995  970  935  888  828  763  698  638  581
  529  483  446  424  427  462  522  588  641  673  685  682  667  638  597  549
  499  447  395  346  309  287  276  268  256  240  223  209  200  192  184  175
  164  154  147  142  141  145  156  175  201  233  271  315  363  415  467  517
  565  603  639  675  710  744  794  859  895                                   
    12.5-180.0 180.0   5.0 450.0                            LAT/LON1/LON2/DLON/H
  886  917  957  987 1003 1025 1036 1034 1022  999  961  908  845  779  715  654
  598  550  516  503  520  567  631  689  725  733  718  685  640  586  530  475
  423  374  327  289  267  260  261  261  253  238  222  210  202  197  191  182
  172  162  154  148  146  149  159  177  202  233  271  315  366  421  475  527
  576  615  653  692  724  752  798  864  886                                   
    10.0-180.0 180.0   5.0 450.0                            LAT/LON1/LON2/DLON/H
  862  890  927  948  965  992 1013 1024 1026 1018  995  956  904  847  787  729
  675  631  604  602  628  678  731  767  773  747  695  627  554  484  422  370
  328  291  262  245  241  249  260  263  256  241  224  212  204  200  194  186
  176  166  157  152  149  151  161  179  203  233  270  316  369  426  482  536
  584  623  662  700  729  754  793  853  862                                   
     7.5-180.0 180.0   5.0 450.0                            LAT/LON1/LON2/DLON/H
  837  859  889  895  905  930  954  973  988  994  986  965  931  890  844  796
  751  715  698  704  734  773  803  805  771  701  609  511  425  359  312  280
