data/edconvlstm_nd/pred1070.15i
     1.0            IONOSPHERE MAPS     GNSS                IONEX VERSION / TYPE
pyspatialgeodesy        IME             05-JAN-18 20:20     PGM / RUN BY / DATE 
Map Name                                                    COMMENT             
Predicted global ionosphere maps (GIM).                     DESCRIPTION         
  2015     4    17     0     0     0                        EPOCH OF FIRST MAP  
  2015     4    18     0     0     0                        EPOCH OF LAST MAP   
  7200                                                      INTERVAL            
    13                                                      # OF MAPS IN FILE   
  NONE                                                      MAPPING FUNCTION    
10.0                                                        ELEVATION CUTOFF    
One-way carrier phase leveled to code                       OBSERVABLES USED    
  6371.0                                                    BASE RADIUS         
 2                                                          MAP DIMENSION       
   450.0 450.0   0.0                                        HGT1 / HGT2 / DHGT  
    87.5 -87.5  -2.5                                        LAT1 / LAT2 / DLAT  
  -180.0 180.0   5.0                                        LON1 / LON2 / DLON  
    -1                                                      EXPONENT            
                                                            END OF HEADER       
[from data line 3432]
     9                                                      START OF TEC MAP    
  2015     4    17    16     0     0                        EPOCH OF CURRENT MAP
    87.5-180.0 180.0   5.0 450.0                            LAT/LON1/LON2/DLON/H
  175  172  163  169  173  174  173  172  173  175  175  175  176  177  178  178
  179  179  180  180  180  180  180  179  179  178  177  177  176  175  173  172
  171  170  169  167  166  165  164  163  162  162  161  161  160  160  160  160
  160  161  161  162  162  163  164  164  165  166  167  168  168  169  170  170
  170  171  169  169  176  172  174  172  175                                   
    85.0-180.0 180.0   5.0 450.0                            LAT/LON1/LON2/DLON/H
  167  164  171  167  168  173  173  174  176  177  177  179  180  181  182  183
  184  185  186  187  187  187  187  187  186  185  184  183  182  181  179  178
  176  175  173  171  170  168  167  165  164  163  163  162  162  161  161  161
  161  162  162  163  164  164  165  166  167  168  169  170  170  171  172  172
  173  174  171  170  171  162  163  166  167                                   
    82.5-180.0 180.0   5.0 450.0                            LAT/LON1/LON2/DLON/H
  145  151  150  149  152  159  160  162  163  166  167  170  172  174  176  178
  180  181  183  183  184  184  184  184  183  182  181  180  179  177  175  173
  171  169  167  164  162  160  158  156  154  153  152  151  150  150  149  149
  149  150  150  151  152  152  153  155  156  157  158  159  160  160  161  161
  162  161  158  160  157  159  150  140  145                                   
    80.0-180.0 180.0   5.0 450.0                            LAT/LON1/LON2/DLON/H
  133  134  134  136  137  140  143  148  150  154  156  160  163  166  169  171
  173  175  176  177  177  177  177  176  175  174  173  171  170  168  166  164
  161  158  156  153  150  148  145  143  141  140  139  138  138  137  137  138
  138  139  140  141  142  143  144  146  147  149  150  151  152  152  153  153
  153  152  150  149  143  136  131  126  133                                   
    77.5-180.0 180.0   5.0 450.0                            LAT/LON1/LON2/DLON/H
  131  125  125  125  127  131  132  137  141  145  149  153  157  161  165  168
  170  172  173  174  174  173  173  172  171  170  169  168  167  165  164  162
  159  157  154  151  148  146  143  141  139  138  137  137  136  136  136  137
  137  137  138  139  140  141  142  143  144  145  146  147  148  148  148  148
  147  145  142  141  139  128  125  123  131                                   
    75.0-180.0 180.0   5.0 450.0                            LAT/LON1/LON2/DLON/H
  125  122  118  119  121  126  127  131  136  142  146  151  155  159  163  166
  169  171  172  172  172  171  170  169  168  167  166  166  165  164  162  160
  158  156  153  151  148  146  143  142  140  139  139  138  139  139  139  140
  140  141  141  141  142  142  143  144  144  145  145  146  146  145  145  145
  143  142  139  135  133  125  124  112  125                                   
    72.5-180.0 180.0   5.0 450.0                            LAT/LON1/LON2/DLON/H
  121  121  118  121  121  126  129  133  137  143  147  152  157  161  165  169
  171  173  174  174  174  173  172  171  170  170  169  169  168  168  166  165
  163  161  159  156  154  151  149  148  147  146  146  146  146  147  148  148
  148  148  147  147  146  146  145  145  145  145  144  143  143  142  141  140
  138  136  134  130  129  123  125  118  121                                   
    70.0-180.0 180.0   5.0 450.0                            LAT/LON1/LON2/DLON/H
  120  123  121  124  125  130  132  136  141  146  151  156  160  164  167  170
  173  175  176  177  177  176  176  175  175  174  174  174  173  172  171  170
  168  166  164  161  159  157  155  153  152  151  151  151  152  153  153  153
  152  151  150  148  147  145  144  143  142  140  139  137  135  133  132  131
  129  128  126  123  124  121  127  120  120                                   
    67.5-180.0 180.0   5.0 450.0                            LAT/LON1/LON2/DLON/H
  118  124  125  130  132  138  140  145  149  154  158  162  166  169  172  175
  178  180  182  184  185  185  185  185  185  185  185  185  184  183  181  179
  177  175  173  171  169  166  164  161  160  158  158  158  158  158  158  157
  156  154  151  149  146  144  141  139  137  135  132  129  126  124  122  120
  119  118  117  113  116  116  122  118  118                                   
    65.0-180.0 180.0   5.0 450.0                            LAT/LON1/LON2/DLON/H
  111  120  122  129  133  139  142  147  152  157  160  164  167  169  172  175
  178  181  185  187  189  191  192  193  193  194  194  194  193  191  190  188
  186  184  182  180  177  174  171  168  165  163  161  160  160  159  158  156
  153  150  146  142  139  135  132  129  126  123  119  115  111  108  105  103
  102  101  101  100  104  108  114  112  111                                   
    62.5-180.0 180.0   5.0 450.0                            LAT/LON1/LON2/DLON/H
  101  111  115  124  129  136  141  146  152  157  160  163  166  167  170  173
  177  181  186  190  193  195  197  199  200  202  202  202  202  200  199  197
  195  194  193  190  188  184  180  175  171  168  165  162  160  158  156  152
  148  144  139  134  130  126  122  119  116  112  107  102   97   93   89   86
   85   84   85   84   88   93   99   99  101                                   
    60.0-180.0 180.0   5.0 450.0                            LAT/LON1/LON2/DLON/H
   89   98  104  113  120  128  134  140  146  152  156  159  161  162  165  168
  173  178  184  189  192  195  198  201  203  205  207  208  208  207  206  206
  206  205  205  203  200  195  190  185  179  174  170  166  163  159  155  150
  145  139  134  128  123  119  116  113  109  105  100   94   88   82   77   74
   71   70   71   69   73   78   82   84   89                                   
    57.5-180.0 180.0   5.0 450.0                            LAT/LON1/LON2/DLON/H
   78   86   92  102  110  118  125  131  138  145  149  153  155  157  159  163
  169  175  181  186  190  193  196  199  202  206  209  211  213  214  215  216
  218  219  219  218  215  210  204  197  191  185  180  175  170  165  160  154
  148  141  135  129  125  121  117  115  111  107  102   96   89   82   76   71
   67   66   65   62   65   67   69   72   78                                   
    55.0-180.0 180.0   5.0 450.0                            LAT/LON1/LON2/DLON/H
   73   80   86   95  103  112  118  125  132  139  144  148  151  153  156  160
  166  173  179  184  187  189  191  195  199  205  210  214  218  222  225  229
  232  235  236  235  231  225  218  211  205  199  193  188  183  177  171  165
  159  152  145  139  135  131  128  126  123  120  115  109  101   93   86   81
   75   72   70   66   66   65   65   67   73                                   
    52.5-180.0 180.0   5.0 450.0                            LAT/LON1/LON2/DLON/H
   76   81   87   95  103  112  118  124  131  137  142  146  149  151  155  161
  167  174  180  183  185  186  188  193  199  206  214  221  227  233  239  244
  249  253  254  252  247  240  232  225  218  213  208  203  198  193  188  182
  176  169  163  157  152  149  147  145  144  141  137  131  124  116  108  102
   95   91   87   82   80   75   71   71   76                                   
    50.0-180.0 180.0   5.0 450.0                            LAT/LON1/LON2/DLON/H
   88   91   97  103  111  120  125  130  136  142  147  150  152  155  159  165
  173  180  184  187  188  189  191  196  204  214  224  234  242  249  256  263
  269  273  273  269  261  252  244  236  230  225  221  217  213  209  205  201
  195  189  183  177  173  169  167  167  167  166  163  159  153  146  138  131
  124  119  114  108  104   96   88   86   88                                   
    47.5-180.0 180.0   5.0 450.0                            LAT/LON1/LON2/DLON/H
  107  109  114  119  126  135  139  143  148  154  157  159  160  162  167  174
  182  189  194  196  197  199  203  209  219  231  243  253  263  271  278  285
  290  293  291  284  273  262  252  244  238  234  231  228  225  222  219  216
  212  206  200  194  189  185  184  184  185  186  186  184  180  174  168  162
  155  151  145  140  134  124  113  109  107                                   
    45.0-180.0 180.0   5.0 450.0                            LAT/LON1/LON2/DLON/H
  129  131  134  140  146  154  157  160  165  170  172  173  173  174  179  186
  195  203  209  212  215  218  224  233  244  256  268  279  288  295  302  308
  312  313  309  299  285  272  260  251  244  240  236  233  231  229  227  225
  221  215  209  202  196  192  190  190  192  195  197  198  197  194  190  186
  180  178  173  170  163  153  141  137  129                                   
    42.5-180.0 180.0   5.0 450.0                            LAT/LON1/LON2/DLON/H
  150  150  152  159  164  172  176  180  184  189  190  190  189  189  193  201
  210  220  228  234  240  246  254  264  276  288  299  309  316  322  328  333
  336  336  329  317  301  285  271  260  253  246  241  237  234  232  230  227
  222  216  208  201  194  189  186  186  188  192  195  199  200  201  200  198
  195  194  192  192  186  176  164  160  150                                   
    40.0-180.0 180.0   5.0 450.0                            LAT/LON1/LON2/DLON/H
  164  163  162  171  178  186  192  198  204  209  210  210  208  207  211  219
  229  240  251  261  270  280  291  302  313  324  333  340  345  349  354  359
  363  363  355  342  325  307  292  279  269  259  251  244  239  236  232  228
  221  213  204  195  188  182  179  178  180  183  187  191  195  198  200  200
  199  200  199  201  196  188  177  173  164                                   
    37.5-180.0 180.0   5.0 450.0                            LAT/LON1/LON2/DLON/H
  168  165  162  173  182  191  202  211  221  229  232  232  230  229  233  240
  251  264  277  291  304  317  329  341  351  359  366  370  374  378  383  389
  395  396  391  378  361  343  327  313  299  285  272  261  253  247  241  234
  224  214  204  194  187  181  177  176  176  178  181  185  189  192  195  196
  195  197  196  198  195  188  179  173  168                                   
    35.0-180.0 180.0   5.0 450.0                            LAT/LON1/LON2/DLON/H
  163  158  153  164  176  186  204  219  235  247  253  255  255  255  259  266
  278  292  307  323  338  353  366  377  386  392  397  400  404  408  416  425
  434  440  438  428  412  396  380  363  346  327  309  293  281  272  263  252
  240  227  216  206  199  194  190  188  187  188  188  190  192  194  196  196
  193  193  191  192  188  180  174  165  163                                   
    32.5-180.0 180.0   5.0 450.0                            LAT/LON1/LON2/DLON/H
  155  148  140  152  164  177  200  221  243  262  273  279  282  285  289  297
  309  323  340  357  373  388  400  410  417  423  427  431  436  443  454  468
  483  494  497  491  478  463  447  429  409  386  363  342  326  313  300  287
  272  257  246  237  231  227  224  222  220  218  216  214  212  211  209  206
  200  197  191  188  182  172  167  154  155                                   
    30.0-180.0 180.0   5.0 450.0                            LAT/LON1/LON2/DLON/H
  148  140  129  140  154  168  196  222  250  274  291  303  310  316  323  333
  344  359  375  391  406  419  430  439  446  452  457  464  473  485  501  521
  541  558  566  564  554  540  524  505  482  456  429  405  385  369  353  337
  321  306  295  289  285  283  281  279  276  271  266  259  252  245  239  231
  220  213  202  194  184  170  164  146  148                                   
    27.5-180.0 180.0   5.0 450.0                            LAT/LON1/LON2/DLON/H
  147  139  124  135  150  165  197  226  258  287  308  326  339  350  360  371
  383  398  413  427  440  450  460  468  475  483  492  503  518  536  557  583
  609  630  642  642  632  618  601  580  556  528  500  474  452  433  416  398
  382  369  361  357  356  355  354  352  348  341  332  321  307  293  280  266
  251  239  223  210  196  177  168  145  147                                   
    25.0-180.0 180.0   5.0 450.0                            LAT/LON1/LON2/DLON/H
  153  145  127  137  154  169  203  235  270  301  326  348  366  382  397  410
  423  437  451  463  473  482  490  499  509  520  535  552  573  596  623  652
  680  703  714  712  701  684  666  645  621  594  566  539  516  495  476  458
  444  435  430  428  428  428  427  424  419  411  400  385  366  346  327  307
  286  270  250  232  214  192  180  152  153                                   
    22.5-180.0 180.0   5.0 450.0                            LAT/LON1/LON2/DLON/H
  163  157  137  144  162  179  214  247  283  316  344  369  392  413  431  448
  462  476  489  499  507  515  524  536  550  567  587  610  636  663  692  721
  747  766  771  764  749  730  710  690  668  644  617  590  565  542  521  505
  494  488  485  484  484  484  483  479  473  464  451  434  413  389  365  340
  317  300  278  257  234  211  197  166  163                                   
    20.0-180.0 180.0   5.0 450.0                            LAT/LON1/LON2/DLON/H
  176  171  150  153  171  190  225  259  295  328  359  388  415  440  462  481
  497  512  525  534  542  550  562  579  600  623  648  675  702  730  757  781
  801  811  808  794  773  752  733  715  696  674  648  620  592  566  544  530
  522  518  517  517  517  516  514  510  504  494  481  464  441  415  388  360
  336  319  298  277  253  229  213  183  176                                   
    17.5-180.0 180.0   5.0 450.0                            LAT/LON1/LON2/DLON/H
  187  183  163  161  178  198  233  265  302  336  369  401  432  461  486  507
  525  542  556  567  576  588  605  629  656  685  713  740  766  789  810  826
  836  835  822  801  777  755  738  722  706  685  660  629  596  567  545  532
  527  526  526  526  525  524  522  518  511  502  489  472  450  423  395  365
  341  324  307  288  265  240  224  196  187                                   
    15.0-180.0 180.0   5.0 450.0                            LAT/LON1/LON2/DLON/H
  194  190  171  167  181  201  234  266  303  338  373  408  442  474  503  526
  546  565  582  596  609  626  651  682  715  747  776  800  820  835  846  852
  851  841  822  797  772  751  735  722  707  687  658  623  585  552  530  519
  517  518  518  517  515  513  511  506  499  490  478  462  441  415  387  357
  334  318  303  287  267  244  225  201  194                                   
    12.5-180.0 180.0   5.0 450.0                            LAT/LON1/LON2/DLON/H
  192  188  172  168  179  198  231  263  299  336  373  410  447  482  512  538
  561  583  603  622  641  665  697  734  772  805  831  848  858  863  865  862
  854  838  816  791  768  750  737  724  709  686  654  613  570  534  511  502
  503  506  506  504  500  496  492  487  478  467  452  436  416  392  366  338
  316  301  289  275  260  239  218  198  192                                   
    10.0-180.0 180.0   5.0 450.0                            LAT/LON1/LON2/DLON/H
  182  178  165  163  171  190  223  256  294  333  371  410  449  486  518  546
  571  596  620  644  669  701  739  782  822  853  872  880  879  875  870  863
  851  835  815  794  775  761  749  736  719  693  655  609  562  524  502  496
  500  505  504  499  491  484  477  469  458  442  423  403  382  360  337  311
  291  277  267  255  244  226  204  187  182                                   
     7.5-180.0 180.0   5.0 450.0                            LAT/LON1/LON2/DLON/H
  167  163  153  152  159  179  214  250  291  332  372  412  452  489  523  552
  579  606  634  664  695  732  775  820  860  886  897  894  886  877  869  863
