data/edconvlstm_nd/pred1440.15i
     1.0            IONOSPHERE MAPS     GNSS                IONEX VERSION / TYPE
pyspatialgeodesy        IME             05-JAN-18 20:20     PGM / RUN BY / DATE 
Map Name                                                    COMMENT             
Predicted global ionosphere maps (GIM).                     DESCRIPTION         
  2015     5    24     0     0     0                        EPOCH OF FIRST MAP  
  2015     5    25     0     0     0                        EPOCH OF LAST MAP   
  7200                                                      INTERVAL            
    13                                                      # OF MAPS IN FILE   
  NONE                                                      MAPPING FUNCTION    
10.0                                                        ELEVATION CUTOFF    
One-way carrier phase leveled to code                       OBSERVABLES USED    
  6371.0                                                    BASE RADIUS         
 2                                                          MAP DIMENSION       
   450.0 450.0   0.0                                        HGT1 / HGT2 / DHGT  
    87.5 -87.5  -2.5                                        LAT1 / LAT2 / DLAT  
  -180.0 180.0   5.0                                        LON1 / LON2 / DLON  
    -1                                                      EXPONENT            
                                                            END OF HEADER       
[from data line 2145]
     6                                                      START OF TEC MAP    
  2015     5    24    10     0     0                        EPOCH OF CURRENT MAP
    87.5-180.0 180.0   5.0 450.0                            LAT/LON1/LON2/DLON/H
  181  177  173  177  179  179  178  176  177  178  178  178  178  178  177  177
  177  177  177  176  176  176  176  176  176  176  176  176  176  176  176  175
  175  175  175  174  174  173  172  172  171  171  170  170  169  169  168  168
  168  168  168  168  168  168  168  168  168  168  168  168  168  168  168  168
  168  170  169  169  174  173  177  175  181                                   
    85.0-180.0 180.0   5.0 450.0                            LAT/LON1/LON2/DLON/H
  176  175  182  180  180  183  183  184  185  185  185  185  185  184  184  184
  184  183  183  183  183  183  183  183  184  184  184  184  184  185  185  185
  185  185  184  184  183  183  182  181  181  180  179  178  178  177  176  176
  175  175  175  174  174  174  174  174  174  173  173  173  173  173  173  173
  174  176  172  172  171  171  176  180  176                                   
    82.5-180.0 180.0   5.0 450.0                            LAT/LON1/LON2/DLON/H
  168  177  178  174  174  178  179  180  180  181  180  180  180  179  179  178
  178  177  177  177  177  177  177  178  179  179  180  181  181  182  183  183
  183  183  183  183  182  182  181  180  179  178  177  176  175  175  174  174
  173  173  173  172  172  172  172  171  171  171  170  170  169  169  168  168
  168  168  164  167  166  172  174  166  168                                   
    80.0-180.0 180.0   5.0 450.0                            LAT/LON1/LON2/DLON/H
  168  175  176  176  176  177  178  180  181  181  180  179  178  177  176  175
  174  173  172  172  172  172  172  172  173  174  175  177  178  179  181  182
  182  183  183  183  183  182  181  180  180  179  178  177  177  177  177  176
  177  177  177  176  176  176  176  176  175  175  174  173  172  171  170  169
  168  167  164  166  165  169  176  164  168                                   
    77.5-180.0 180.0   5.0 450.0                            LAT/LON1/LON2/DLON/H
  171  174  177  177  176  178  179  180  180  179  177  176  175  173  171  170
  168  167  166  165  165  165  165  166  167  168  170  172  175  177  180  182
  184  185  186  187  187  186  186  185  184  183  183  182  182  182  183  183
  184  185  185  185  186  186  186  186  185  184  184  182  181  179  177  175
  173  171  166  167  169  170  172  169  171                                   
    75.0-180.0 180.0   5.0 450.0                            LAT/LON1/LON2/DLON/H
  169  174  173  175  175  177  177  177  177  176  173  172  169  167  165  164
  162  161  160  159  158  158  158  159  160  162  164  168  171  175  179  183
  187  189  191  192  192  192  192  191  190  190  189  189  190  191  191  192
  193  194  195  195  195  195  195  195  195  195  194  193  191  189  187  184
  181  178  172  169  170  172  174  167  169                                   
    72.5-180.0 180.0   5.0 450.0                            LAT/LON1/LON2/DLON/H
  167  173  172  173  173  174  174  173  172  170  167  165  162  160  158  157
  155  154  153  152  152  151  151  152  153  155  158  162  168  173  179  185
  190  194  197  198  199  199  198  198  197  196  196  197  197  198  200  201
  201  202  202  202  202  202  202  202  202  202  202  202  201  199  196  194
  190  186  180  176  173  174  174  171  167                                   
    70.0-180.0 180.0   5.0 450.0                            LAT/LON1/LON2/DLON/H
  168  170  169  169  167  166  165  163  162  160  157  155  152  151  149  148
  147  146  146  145  145  144  144  144  146  148  152  157  164  171  179  187
  193  199  203  205  206  207  206  205  205  204  204  204  205  206  207  207
  207  207  206  205  204  203  202  202  203  203  204  205  205  204  202  200
  196  192  186  181  177  177  178  174  168                                   
    67.5-180.0 180.0   5.0 450.0                            LAT/LON1/LON2/DLON/H
  167  169  167  166  162  160  157  154  152  150  148  146  145  143  142  142
  141  141  141  141  141  140  140  141  142  145  150  156  164  173  182  191
  199  206  211  214  216  216  216  215  214  214  214  214  214  215  215  214
  213  211  208  205  203  201  199  199  200  201  203  204  206  206  206  205
  202  198  192  187  181  181  181  177  167                                   
    65.0-180.0 180.0   5.0 450.0                            LAT/LON1/LON2/DLON/H
  168  169  165  162  155  151  146  143  140  138  136  136  135  135  134  134
  134  135  136  136  137  137  137  138  140  144  150  157  167  177  188  198
  208  215  221  224  227  227  228  227  227  226  226  226  225  225  223  221
  218  214  210  205  201  197  195  194  194  196  198  201  203  205  207  207
  206  204  199  194  189  189  188  183  168                                   
    62.5-180.0 180.0   5.0 450.0                            LAT/LON1/LON2/DLON/H
  170  170  164  158  149  142  136  130  128  126  125  125  125  125  126  126
  127  128  129  131  132  133  135  137  140  144  151  160  171  183  195  206
  216  224  230  234  237  238  239  239  239  239  239  238  237  235  232  228
  223  218  212  206  200  195  192  190  190  191  193  196  199  202  204  207
  207  207  203  200  196  196  196  191  170                                   
    60.0-180.0 180.0   5.0 450.0                            LAT/LON1/LON2/DLON/H
  173  173  165  156  144  134  125  118  115  113  112  113  114  114  115  115
  116  118  121  123  126  128  131  135  139  146  154  164  176  189  201  212
  222  230  236  241  245  247  249  251  251  251  251  250  248  245  240  235
  229  223  216  209  202  197  192  189  188  188  189  191  193  196  200  203
  206  207  206  204  202  203  204  197  173                                   
    57.5-180.0 180.0   5.0 450.0                            LAT/LON1/LON2/DLON/H
  179  177  168  156  142  129  118  110  105  102  101  102  102  103  103  104
  105  108  111  115  119  123  128  133  140  148  158  169  182  194  207  218
  227  235  242  247  252  256  259  262  263  264  264  262  259  255  250  244
  238  231  224  217  211  204  199  195  192  190  189  190  191  193  196  200
  204  207  208  209  208  211  211  204  179                                   
    55.0-180.0 180.0   5.0 450.0                            LAT/LON1/LON2/DLON/H
  185  182  172  159  143  129  116  105   99   95   93   92   92   91   91   92
   94   97  102  107  113  118  125  132  141  151  162  174  187  199  211  221
  230  238  245  251  257  263  268  272  275  276  276  274  271  267  261  255
  249  243  236  230  223  217  211  205  201  197  194  192  191  192  194  198
  202  208  210  212  213  216  216  209  185                                   
    52.5-180.0 180.0   5.0 450.0                            LAT/LON1/LON2/DLON/H
  191  187  178  164  148  132  118  106   98   92   88   86   84   82   81   82
   85   89   95  101  108  115  124  133  144  155  168  180  191  203  213  222
  231  239  246  254  262  269  276  281  285  287  288  286  283  279  273  267
  261  256  250  244  238  231  224  218  212  206  202  198  195  194  195  198
  203  209  212  215  217  220  219  212  191                                   
    50.0-180.0 180.0   5.0 450.0                            LAT/LON1/LON2/DLON/H
  196  190  182  169  154  139  126  113  103   95   89   85   81   77   76   76
   79   84   91   98  106  115  125  136  148  161  173  185  195  204  213  221
  230  238  247  256  266  275  284  291  296  299  300  299  296  292  286  281
  275  270  264  258  251  244  236  229  222  216  210  206  202  199  199  202
  206  212  215  218  219  222  219  212  196                                   
    47.5-180.0 180.0   5.0 450.0                            LAT/LON1/LON2/DLON/H
  197  191  183  173  161  148  136  123  113  104   95   89   82   78   75   76
   79   84   91   99  108  117  128  141  154  168  179  189  197  204  211  219
  227  237  247  259  271  282  292  301  307  311  314  313  311  307  302  296
  290  284  278  270  262  253  244  235  228  222  217  213  209  206  206  208
  211  216  219  221  221  221  217  210  197                                   
    45.0-180.0 180.0   5.0 450.0                            LAT/LON1/LON2/DLON/H
  193  186  180  173  164  154  145  134  125  115  105   97   89   83   80   80
   83   89   96  103  112  121  133  147  161  175  185  193  198  203  209  216
  225  236  248  263  277  291  303  312  320  325  329  330  328  324  319  313
  306  299  290  280  269  258  247  238  231  226  222  219  216  214  214  215
  218  222  223  223  221  219  214  205  193                                   
    42.5-180.0 180.0   5.0 450.0                            LAT/LON1/LON2/DLON/H
  185  178  173  168  162  156  151  143  135  126  116  107   99   92   89   88
   91   96  102  109  117  126  139  153  168  181  190  196  199  201  206  213
  223  236  251  268  285  301  314  325  334  341  346  348  347  344  339  332
  324  315  304  291  277  263  250  240  233  228  225  224  223  222  223  224
  225  228  227  225  220  216  210  200  185                                   
    40.0-180.0 180.0   5.0 450.0                            LAT/LON1/LON2/DLON/H
  174  167  163  158  156  153  151  147  142  134  125  117  109  103  100   99
  100  104  109  115  122  131  143  158  173  186  194  197  198  199  203  210
  221  237  255  275  294  312  327  340  350  358  364  368  368  366  361  355
  346  335  322  306  290  273  259  247  239  234  232  231  231  232  232  233
  233  234  231  227  220  214  206  195  174                                   
    37.5-180.0 180.0   5.0 450.0                            LAT/LON1/LON2/DLON/H
  165  157  153  147  145  144  146  145  143  138  132  126  119  114  111  109
  109  111  114  118  125  134  146  161  176  188  195  197  196  197  200  208
  222  239  260  283  305  324  341  354  365  375  382  387  390  389  386  380
  372  361  347  331  313  296  279  266  255  248  244  243  243  243  243  243
  241  240  235  229  220  212  205  192  165                                   
    35.0-180.0 180.0   5.0 450.0                            LAT/LON1/LON2/DLON/H
  159  152  146  137  135  134  138  139  139  137  134  131  127  123  120  117
  115  114  116  119  125  135  147  162  176  187  193  194  194  194  199  208
  223  243  266  291  315  336  353  367  379  390  399  405  410  411  410  407
  401  393  382  367  351  333  316  300  286  275  267  262  259  257  255  253
  249  246  239  231  222  213  205  191  159                                   
    32.5-180.0 180.0   5.0 450.0                            LAT/LON1/LON2/DLON/H
  161  153  145  133  128  126  129  131  134  134  134  134  132  130  126  122
  118  115  115  118  124  134  146  160  174  183  189  190  191  193  199  210
  226  248  273  299  324  345  363  377  390  401  411  420  426  430  433  434
  433  430  424  414  402  386  369  350  332  315  301  290  282  275  270  265
  258  252  243  234  225  216  209  194  161                                   
    30.0-180.0 180.0   5.0 450.0                            LAT/LON1/LON2/DLON/H
  170  163  152  137  128  124  126  127  130  132  134  136  136  134  130  124
  118  114  113  116  123  133  145  157  169  178  183  185  187  192  200  213
  231  254  280  307  332  353  369  383  396  408  419  429  438  445  452  459
  465  469  470  468  461  450  433  412  389  365  344  326  311  298  288  278
  268  259  248  238  230  221  214  199  170                                   
    27.5-180.0 180.0   5.0 450.0                            LAT/LON1/LON2/DLON/H
  186  180  167  150  139  132  130  129  131  133  136  139  140  138  133  126
  118  112  111  114  122  132  143  154  163  170  175  179  184  192  203  218
  238  261  287  314  338  357  373  386  399  411  423  434  444  455  467  480
  493  505  515  521  522  515  500  478  450  420  391  366  344  325  309  294
  280  268  255  244  236  227  220  206  186                                   
    25.0-180.0 180.0   5.0 450.0                            LAT/LON1/LON2/DLON/H
  204  200  187  171  159  150  145  142  141  142  143  145  146  143  137  128
  119  113  111  114  122  132  142  150  157  163  168  174  183  194  208  225
  246  269  295  320  342  360  375  387  399  411  423  435  447  460  476  494
  513  533  551  565  572  570  556  533  502  468  435  405  378  354  332  312
  293  279  263  251  242  232  225  213  204                                   
    22.5-180.0 180.0   5.0 450.0                            LAT/LON1/LON2/DLON/H
  222  220  209  196  185  175  169  163  160  158  157  156  155  151  143  133
  123  115  113  116  124  132  140  147  151  156  162  171  183  198  215  234
  255  278  302  327  347  364  376  388  399  411  423  435  448  463  481  502
  525  549  572  590  601  601  590  567  536  502  469  438  409  382  355  331
  309  291  273  259  248  236  229  218  222                                   
    20.0-180.0 180.0   5.0 450.0                            LAT/LON1/LON2/DLON/H
  234  236  228  220  211  203  197  190  185  179  175  172  167  161  152  140
  129  121  118  120  126  133  138  142  146  150  158  169  185  203  223  243
  265  287  311  334  353  368  380  390  401  413  425  436  449  464  483  505
  528  553  576  594  604  605  594  574  547  518  489  461  434  406  378  350
  325  304  284  267  253  239  231  221  234                                   
    17.5-180.0 180.0   5.0 450.0                            LAT/LON1/LON2/DLON/H
  239  243  240  236  232  226  222  216  210  202  195  188  181  172  161  149
  137  128  124  124  127  131  134  137  139  145  155  170  188  209  232  253
  275  298  321  342  361  375  386  396  407  418  429  440  453  467  484  504
  525  546  565  579  585  584  576  560  540  518  497  475  452  426  398  368
  340  317  295  276  259  240  231  221  239                                   
    15.0-180.0 180.0   5.0 450.0                            LAT/LON1/LON2/DLON/H
  239  244  243  242  242  239  238  234  229  220  211  201  192  181  170  158
  146  136  130  127  126  127  128  129  133  141  154  171  193  217  240  263
  285  308  330  351  369  383  394  405  415  426  437  447  458  471  486  502
  518  534  546  553  555  552  544  534  522  509  496  482  464  441  413  383
  353  328  305  284  265  242  232  220  239                                   
    12.5-180.0 180.0   5.0 450.0                            LAT/LON1/LON2/DLON/H
  236  240  241  240  242  240  242  241  237  229  218  208  197  187  176  165
  154  143  134  128  124  121  120  121  127  138  154  175  198  223  248  272
  294  316  338  359  377  392  404  414  425  436  445  454  465  477  489  501
  513  522  527  528  524  519  513  509  504  499  493  485  471  451  424  393
  362  337  313  292  271  246  235  221  236                                   
    10.0-180.0 180.0   5.0 450.0                            LAT/LON1/LON2/DLON/H
  235  238  237  233  234  232  235  235  233  226  216  205  196  187  178  168
  158  147  137  127  119  113  111  113  121  136  155  178  203  229  254  278
  300  322  344  365  383  399  411  423  433  442  451  460  470  481  493  503
  511  516  516  511  504  497  494  493  493  494  492  486  475  455  429  397
  366  341  318  298  279  253  243  226  235                                   
     7.5-180.0 180.0   5.0 450.0                            LAT/LON1/LON2/DLON/H
  240  240  236  227  225  219  221  222  220  214  205  195  187  180  174  167
  158  148  137  125  115  107  103  106  117  134  157  182  207  233  258  281
