data/edconvlstm_nd/pred3010.15i
     1.0            IONOSPHERE MAPS     GNSS                IONEX VERSION / TYPE
pyspatialgeodesy        IME             05-JAN-18 20:20     PGM / RUN BY / DATE 
Map Name                                                    COMMENT             
Predicted global ionosphere maps (GIM).                     DESCRIPTION         
  2015    10    28     0     0     0                        EPOCH OF FIRST MAP  
  2015    10    29     0     0     0                        EPOCH OF LAST MAP   
  7200                                                      INTERVAL            
    13                                                      # OF MAPS IN FILE   
  NONE                                                      MAPPING FUNCTION    
10.0                                                        ELEVATION CUTOFF    
One-way carrier phase leveled to code                       OBSERVABLES USED    
  6371.0                                                    BASE RADIUS         
 2                                                          MAP DIMENSION       
   450.0 450.0   0.0                                        HGT1 / HGT2 / DHGT  
    87.5 -87.5  -2.5                                        LAT1 / LAT2 / DLAT  
  -180.0 180.0   5.0                                        LON1 / LON2 / DLON  
    -1                                                      EXPONENT            
                                                            END OF HEADER       
[from data line 2574]
     7                                                      START OF TEC MAP    
  2015    10    28    12     0     0                        EPOCH OF CURRENT MAP
    87.5-180.0 180.0   5.0 450.0                            LAT/LON1/LON2/DLON/H
   65   74   77   84   88   89   90   88   91   94   95   96   97   98   99   99
   99   99   98   97   97   95   94   93   91   90   88   86   84   82   80   78
   76   74   71   69   67   64   62   60   58   57   55   54   53   52   51   51
   50   50   50   50   50   50   51   51   52   53   54   55   56   57   58   59
   62   64   63   62   69   72   85   87   65                                   
    85.0-180.0 180.0   5.0 450.0                            LAT/LON1/LON2/DLON/H
   63   80   93   85   88   93   95   97   99  103  104  105  106  107  108  108
  108  108  107  107  106  105  103  102  101   99   97   95   93   91   89   86
   83   80   77   74   71   68   65   63   60   58   56   54   53   52   51   50
   50   49   49   49   50   50   51   52   53   55   56   58   59   61   63   64
   67   69   67   66   70   76   84   84   63                                   
    82.5-180.0 180.0   5.0 450.0                            LAT/LON1/LON2/DLON/H
   51   71   82   78   81   86   89   92   95   98  100  102  103  104  105  105
  105  105  104  104  103  102  101  100   99   98   97   95   94   92   90   87
   84   81   78   75   71   68   65   62   59   56   54   52   50   49   47   46
   45   44   44   44   44   44   44   45   46   48   49   51   52   54   55   57
   59   61   59   59   66   77   76   75   51                                   
    80.0-180.0 180.0   5.0 450.0                            LAT/LON1/LON2/DLON/H
   45   61   72   70   73   76   80   83   87   90   92   95   96   97   98   98
   98   98   98   98   97   97   97   97   96   96   96   96   95   94   93   91
   89   87   84   80   77   74   70   67   64   61   58   55   53   51   49   47
   46   44   43   42   41   40   40   40   41   42   43   44   46   47   49   50
   52   53   53   54   58   70   73   72   45                                   
    77.5-180.0 180.0   5.0 450.0                            LAT/LON1/LON2/DLON/H
   48   59   62   61   63   68   72   75   79   82   84   87   88   90   91   91
   92   92   92   92   93   93   94   95   96   97   98  100  101  102  102  102
  101   99   97   94   91   88   85   82   78   75   73   70   68   65   63   60
   58   55   53   50   48   46   45   44   43   43   44   44   45   46   47   48
   49   49   49   50   53   57   63   66   48                                   
    75.0-180.0 180.0   5.0 450.0                            LAT/LON1/LON2/DLON/H
   35   48   49   51   53   58   61   64   68   71   72   75   76   78   79   80
   81   82   83   84   86   87   89   91   94   97  100  104  107  111  113  115
  116  115  114  113  111  108  106  103  101   99   97   95   92   90   87   84
   80   76   72   67   63   59   56   53   50   49   48   47   47   47   47   48
   47   47   47   45   49   51   55   51   35                                   
    72.5-180.0 180.0   5.0 450.0                            LAT/LON1/LON2/DLON/H
   32   42   42   44   46   52   55   58   60   62   64   66   67   69   70   72
   74   76   77   79   82   84   87   91   95   99  104  110  116  121  126  130
  132  134  134  134  133  132  130  129  128  127  126  124  123  120  117  113
  108  102   96   89   82   75   69   64   60   56   54   52   51   51   50   50
   50   49   49   46   49   49   51   52   32                                   
    70.0-180.0 180.0   5.0 450.0                            LAT/LON1/LON2/DLON/H
   30   38   38   41   42   46   48   50   53   55   56   57   58   60   62   64
   66   69   72   75   78   82   86   91   96  102  109  116  124  131  138  144
  148  151  153  154  154  153  153  153  153  153  153  152  151  149  145  139
  132  124  115  105   96   86   77   70   64   59   55   53   51   51   51   51
   50   49   49   46   48   47   52   53   30                                   
    67.5-180.0 180.0   5.0 450.0                            LAT/LON1/LON2/DLON/H
   30   37   36   39   40   44   46   48   49   51   51   53   53   55   57   59
   63   66   70   74   78   82   87   92   98  105  113  121  129  138  146  153
  158  163  165  167  168  168  168  169  170  171  171  171  170  167  162  156
  147  137  125  113  101   90   79   70   62   57   53   50   49   49   49   50
   50   50   51   47   48   47   49   49   30                                   
    65.0-180.0 180.0   5.0 450.0                            LAT/LON1/LON2/DLON/H
   30   36   35   39   39   41   43   44   45   46   47   47   48   50   52   55
   58   62   66   71   76   81   87   93   99  107  115  124  133  143  152  160
  167  172  176  178  179  180  181  182  183  184  185  185  183  180  174  165
  155  142  129  114  100   87   75   65   57   50   46   44   43   43   44   46
   47   48   50   47   50   50   52   52   30                                   
    62.5-180.0 180.0   5.0 450.0                            LAT/LON1/LON2/DLON/H
   31   36   34   38   38   40   41   42   43   43   43   44   45   46   48   51
   54   58   62   67   73   79   85   91   99  106  115  124  134  144  154  163
  171  177  181  184  185  186  187  188  190  191  192  191  189  184  177  167
  155  141  125  109   94   80   68   58   50   44   40   37   36   37   38   41
   43   45   48   46   50   49   51   51   31                                   
    60.0-180.0 180.0   5.0 450.0                            LAT/LON1/LON2/DLON/H
   33   36   33   37   37   38   38   38   39   39   39   39   40   41   43   45
   48   51   55   60   66   73   80   88   95  103  112  121  131  142  153  164
  172  179  184  187  189  190  190  192  193  194  194  193  190  184  176  165
  152  136  120  103   88   74   63   53   46   40   36   34   33   33   34   36
   38   40   44   44   49   49   50   50   33                                   
    57.5-180.0 180.0   5.0 450.0                            LAT/LON1/LON2/DLON/H
   36   37   34   37   37   37   37   37   37   37   37   37   37   38   39   41
   43   45   49   54   60   68   76   85   94  102  111  120  131  142  154  165
  175  183  189  192  194  195  196  197  198  199  199  197  194  188  179  167
  153  138  121  105   90   77   66   58   52   47   43   40   38   37   37   38
   39   41   45   46   51   51   52   51   36                                   
    55.0-180.0 180.0   5.0 450.0                            LAT/LON1/LON2/DLON/H
   42   41   37   39   39   39   38   38   38   37   37   36   36   37   37   38
   39   40   43   48   56   65   74   84   94  103  112  121  131  143  155  168
  179  189  195  199  201  202  202  203  204  205  205  204  200  194  186  175
  161  145  129  113   99   87   77   70   65   61   58   54   51   48   46   46
   46   46   50   50   55   56   56   55   42                                   
    52.5-180.0 180.0   5.0 450.0                            LAT/LON1/LON2/DLON/H
   52   49   44   45   44   44   43   42   42   41   39   38   38   37   37   37
   37   38   41   46   54   64   76   87   97  106  115  124  134  145  158  172
  185  195  203  208  210  212  212  213  214  215  215  214  211  205  197  187
  174  160  144  129  115  103   95   89   85   82   79   76   72   68   64   61
   59   58   60   60   64   65   65   62   52                                   
    50.0-180.0 180.0   5.0 450.0                            LAT/LON1/LON2/DLON/H
   64   60   54   55   54   54   52   50   49   48   45   43   42   41   40   39
   39   39   42   48   58   69   81   93  104  113  121  129  139  149  162  176
  190  202  212  218  221  223  224  226  227  228  228  227  224  219  212  203
  191  177  162  147  133  121  113  107  104  102  100   98   95   90   86   82
   78   76   76   75   78   78   78   73   64                                   
    47.5-180.0 180.0   5.0 450.0                            LAT/LON1/LON2/DLON/H
   77   73   67   68   67   68   65   63   60   58   54   51   49   47   46   45
   45   45   49   56   66   78   91  103  114  122  129  136  144  154  166  179
  194  208  219  227  232  236  238  240  242  242  242  240  237  233  227  218
  206  193  177  162  147  135  126  120  117  116  116  115  114  110  106  102
   97   94   92   90   92   93   93   87   77                                   
    45.0-180.0 180.0   5.0 450.0                            LAT/LON1/LON2/DLON/H
   87   86   80   82   81   83   79   77   73   70   65   61   58   56   55   54
   54   55   59   67   78   91  104  115  124  131  137  143  149  157  168  181
  196  211  224  235  243  248  253  255  257  257  256  254  250  245  239  229
  217  203  187  170  154  140  129  122  119  120  121  123  123  123  120  117
  112  108  105  102  105  106  107  100   87                                   
    42.5-180.0 180.0   5.0 450.0                            LAT/LON1/LON2/DLON/H
   92   94   89   93   93   95   91   89   85   81   76   72   68   66   65   65
   65   67   72   81   93  106  118  127  134  140  145  149  154  160  168  180
  195  211  227  241  252  261  267  271  273  272  270  267  263  257  248  237
  224  208  190  172  154  138  125  116  113  113  116  120  123  124  124  123
  119  116  112  108  111  112  113  107   92                                   
    40.0-180.0 180.0   5.0 450.0                            LAT/LON1/LON2/DLON/H
   90   95   92   97   99  101   98   96   93   90   85   81   78   76   76   76
   76   79   85   95  107  119  129  137  142  147  151  154  158  162  169  180
  194  212  230  247  262  274  283  288  290  289  287  282  276  269  259  245
  229  211  192  172  152  134  119  108  103  103  106  111  115  118  120  120
  117  114  111  106  108  110  110  106   90                                   
    37.5-180.0 180.0   5.0 450.0                            LAT/LON1/LON2/DLON/H
   82   89   88   94   97   99   98   97   96   94   91   88   86   85   85   85
   86   89   95  106  118  130  139  145  149  152  156  159  163  166  172  182
  196  215  235  255  274  289  301  308  311  311  308  303  296  287  275  259
  241  221  201  180  159  139  121  108  101   99  100  104  108  111  112  113
  111  107  103   98   99   99   99   97   82                                   
    35.0-180.0 180.0   5.0 450.0                            LAT/LON1/LON2/DLON/H
   71   79   80   85   88   91   91   92   93   93   93   92   91   92   92   92
   93   96  103  113  126  138  146  150  154  158  162  166  170  174  180  189
  204  223  246  269  290  309  323  333  338  338  336  332  326  316  303  286
  267  246  226  205  183  161  141  125  115  110  109  109  111  111  111  110
  106  101   95   88   87   85   85   84   71                                   
    32.5-180.0 180.0   5.0 450.0                            LAT/LON1/LON2/DLON/H
   62   69   70   74   77   79   80   82   86   89   91   93   95   96   97   97
   97  100  107  118  132  143  151  156  159  164  169  175  181  186  193  204
  219  240  264  289  313  334  351  363  370  373  374  371  366  358  345  329
  310  290  270  250  228  206  184  166  152  143  138  135  131  127  123  118
  111  103   94   83   79   74   73   73   62                                   
    30.0-180.0 180.0   5.0 450.0                            LAT/LON1/LON2/DLON/H
   57   63   61   63   65   66   69   72   77   83   88   93   96   98  100  100
  100  102  109  122  136  148  157  162  166  171  179  187  196  204  213  225
  242  264  289  316  341  364  383  397  408  414  418  420  418  412  402  387
  370  351  333  314  293  271  248  228  211  199  190  182  173  163  153  143
  131  118  105   89   82   71   69   68   57                                   
    27.5-180.0 180.0   5.0 450.0                            LAT/LON1/LON2/DLON/H
   60   63   58   57   58   58   60   63   69   76   84   90   95   98  100  100
  100  103  111  124  140  153  163  169  174  181  190  201  213  225  238  253
  272  296  322  349  375  398  418  434  448  458  467  473  476  474  467  456
  441  424  408  391  372  350  327  305  286  271  259  247  233  217  201  185
  168  151  132  110   98   82   77   72   60                                   
    25.0-180.0 180.0   5.0 450.0                            LAT/LON1/LON2/DLON/H
   72   71   61   58   57   56   58   59   64   72   79   86   92   96   98   98
   99  103  112  127  144  159  169  177  183  191  202  215  231  248  266  285
  308  332  359  385  409  431  451  469  485  500  514  525  534  537  534  526
  514  501  487  472  454  433  409  385  365  348  334  319  301  281  261  240
  218  198  173  147  130  107   97   87   72                                   
    22.5-180.0 180.0   5.0 450.0                            LAT/LON1/LON2/DLON/H
   93   88   72   67   63   60   61   60   64   69   76   82   87   91   94   95
   97  103  114  130  148  164  176  185  193  201  213  230  249  271  295  319
  344  370  395  419  440  460  479  498  517  536  554  570  583  590  591  587
  578  567  555  542  525  504  478  452  429  411  396  382  364  343  321  297
  274  252  223  196  173  144  128  113   93                                   
    20.0-180.0 180.0   5.0 450.0                            LAT/LON1/LON2/DLON/H
  121  113   90   81   75   69   69   66   66   70   73   77   81   85   88   90
   95  102  116  133  153  169  182  192  201  211  225  244  267  294  323  351
  378  403  425  446  464  481  499  518  539  561  582  601  616  626  630  627
  620  610  599  585  568  545  517  488  463  444  431  419  406  388  367  345
  323  303  273  247  220  188  168  148  121                                   
    17.5-180.0 180.0   5.0 450.0                            LAT/LON1/LON2/DLON/H
  150  140  113  100   88   81   78   73   70   70   71   73   75   78   81   85
   92  103  118  137  157  174  187  198  208  220  236  258  285  316  348  378
  405  428  447  464  479  493  510  530  551  574  596  616  631  641  645  642
  635  624  611  596  577  553  522  490  462  442  431  424  417  405  390  372
  354  339  313  291  262  230  209  185  150                                   
    15.0-180.0 180.0   5.0 450.0                            LAT/LON1/LON2/DLON/H
  174  166  137  119  103   92   87   79   73   70   69   70   71   72   76   81
   90  104  121  141  160  177  190  203  216  231  250  274  303  335  368  398
  424  444  460  474  486  499  516  535  557  579  599  616  629  636  637  633
  624  612  598  581  560  534  501  466  435  414  404  401  400  395  385  373
  361  352  334  318  292  262  243  216  174                                   
    12.5-180.0 180.0   5.0 450.0                            LAT/LON1/LON2/DLON/H
  191  185  158  136  117  102   94   83   75   70   68   67   67   68   72   79
   90  106  125  145  164  180  194  208  225  244  266  292  322  354  386  413
  435  453  466  478  489  503  519  539  560  579  596  608  616  619  617  611
  601  587  571  552  530  502  468  431  398  375  364  363  366  366  361  354
  347  343  335  324  305  281  265  236  191                                   
    10.0-180.0 180.0   5.0 450.0                            LAT/LON1/LON2/DLON/H
  203  198  172  149  128  110   99   86   75   70   67   66   66   67   71   78
   91  108  128  149  167  183  199  216  237  260  286  313  343  372  400  424
  442  457  469  480  492  507  525  545  564  580  591  598  601  600  596  589
  577  562  544  525  502  473  437  399  364  339  327  326  330  332  331  326
  322  323  321  316  304  286  272  244  203                                   
     7.5-180.0 180.0   5.0 450.0                            LAT/LON1/LON2/DLON/H
  211  206  181  158  137  115  102   88   76   71   68   68   68   68   71   79
   92  111  132  153  172  189  207  228  254  281  309  337  365  391  414  432
