data/edconvlstm_nd/pred1300.15i
     1.0            IONOSPHERE MAPS     GNSS                IONEX VERSION / TYPE
pyspatialgeodesy        IME             05-JAN-18 20:20     PGM / RUN BY / DATE 
Map Name                                                    COMMENT             
Predicted global ionosphere maps (GIM).                     DESCRIPTION         
  2015     5    10     0     0     0                        EPOCH OF FIRST MAP  
  2015     5    11     0     0     0                        EPOCH OF LAST MAP   
  7200                                                      INTERVAL            
    13                                                      # OF MAPS IN FILE   
  NONE                                                      MAPPING FUNCTION    
10.0                                                        ELEVATION CUTOFF    
One-way carrier phase leveled to code                       OBSERVABLES USED    
  6371.0                                                    BASE RADIUS         
 2                                                          MAP DIMENSION       
   450.0 450.0   0.0                                        HGT1 / HGT2 / DHGT  
    87.5 -87.5  -2.5                                        LAT1 / LAT2 / DLAT  
  -180.0 180.0   5.0                                        LON1 / LON2 / DLON  
    -1                                                      EXPONENT            
                                                            END OF HEADER       
[from data line 4719]
    12                                                      START OF TEC MAP    
  2015     5    10    22     0     0                        EPOCH OF CURRENT MAP
    87.5-180.0 180.0   5.0 450.0                            LAT/LON1/LON2/DLON/H
  238  221  204  211  210  211  211  210  209  210  209  210  210  210  210  209
  209  208  207  206  205  204  202  201  199  197  195  194  192  190  189  188
  186  185  185  184  183  183  183  183  183  184  185  186  187  188  189  191
  192  194  195  197  198  200  201  203  204  205  206  207  208  208  209  209
  209  209  208  210  218  224  219  228  238                                   
    85.0-180.0 180.0   5.0 450.0                            LAT/LON1/LON2/DLON/H
  225  223  223  218  213  216  217  218  217  218  218  218  219  219  219  219
  218  218  217  215  214  212  210  208  206  204  201  199  197  195  193  191
  189  187  186  185  184  184  183  183  184  184  185  186  188  190  191  193
  195  197  200  202  204  206  208  210  212  213  215  216  217  218  219  219
  220  220  220  219  221  213  213  225  225                                   
    82.5-180.0 180.0   5.0 450.0                            LAT/LON1/LON2/DLON/H
  211  215  213  210  208  212  214  214  213  215  216  218  219  220  220  221
  221  220  219  217  215  213  210  207  203  200  196  193  189  186  183  180
  177  175  173  172  170  169  169  169  169  170  171  172  174  176  179  182
  185  188  191  194  197  200  203  206  208  210  212  213  215  215  216  216
  216  215  215  219  216  220  215  216  211                                   
    80.0-180.0 180.0   5.0 450.0                            LAT/LON1/LON2/DLON/H
  212  216  218  212  207  210  213  216  218  221  223  226  228  231  232  233
  233  232  231  229  227  223  220  215  211  207  202  197  193  189  185  182
  179  176  174  172  171  170  169  169  169  170  171  173  175  177  180  184
  187  191  195  198  202  205  208  211  214  216  218  219  220  221  222  222
  222  221  222  224  219  210  210  216  212                                   
    77.5-180.0 180.0   5.0 450.0                            LAT/LON1/LON2/DLON/H
  216  209  216  211  208  212  214  217  220  224  227  231  235  238  241  242
  242  242  241  239  236  232  228  223  218  213  208  203  198  193  189  185
  182  179  177  176  174  173  172  171  171  171  171  172  174  176  179  182
  186  189  193  196  200  203  206  209  211  213  215  216  217  218  218  219
  218  218  219  221  222  210  216  229  216                                   
    75.0-180.0 180.0   5.0 450.0                            LAT/LON1/LON2/DLON/H
  220  214  219  212  208  213  214  217  221  227  231  236  240  243  246  247
  247  246  245  243  240  236  232  228  223  217  212  206  201  196  193  189
  187  185  183  182  181  180  178  177  176  176  175  176  177  178  180  183
  186  189  191  194  197  199  201  203  205  207  208  209  210  211  212  213
  212  214  216  218  218  207  212  220  220                                   
    72.5-180.0 180.0   5.0 450.0                            LAT/LON1/LON2/DLON/H
  224  220  225  223  216  220  222  224  227  232  237  242  246  249  251  251
  251  250  248  246  243  240  236  232  226  221  214  208  202  197  193  190
  188  187  186  185  184  183  181  179  178  176  175  174  174  175  176  178
  180  182  184  186  188  189  191  192  194  195  197  198  199  200  201  202
  202  205  209  212  214  208  215  231  224                                   
    70.0-180.0 180.0   5.0 450.0                            LAT/LON1/LON2/DLON/H
  234  230  234  229  222  224  225  227  231  236  240  245  248  250  250  249
  248  246  244  242  240  237  234  230  224  218  211  205  198  193  189  187
  185  184  184  183  182  181  179  177  175  172  171  169  169  169  170  171
  172  173  174  175  176  176  177  178  179  181  183  185  186  188  190  191
  192  196  201  207  212  210  220  234  234                                   
    67.5-180.0 180.0   5.0 450.0                            LAT/LON1/LON2/DLON/H
  248  246  251  248  241  243  243  244  247  251  255  259  260  261  260  257
  255  252  251  249  248  246  243  239  233  226  218  210  203  197  193  190
  188  187  186  185  184  182  180  177  175  172  169  168  167  167  167  168
  169  170  170  170  169  169  170  172  174  177  180  183  186  188  190  192
  193  197  203  209  215  215  226  243  248                                   
    65.0-180.0 180.0   5.0 450.0                            LAT/LON1/LON2/DLON/H
  256  257  261  259  251  251  251  251  254  257  260  263  263  262  260  256
  253  251  250  249  249  248  246  241  235  227  218  209  201  195  190  187
  184  183  181  179  177  174  171  168  165  161  159  157  156  156  156  157
  157  158  157  156  156  156  157  159  163  168  173  178  182  186  188  191
  192  195  201  208  216  218  230  246  256                                   
    62.5-180.0 180.0   5.0 450.0                            LAT/LON1/LON2/DLON/H
  263  265  269  268  262  262  261  261  262  265  266  268  268  266  263  260
  257  256  256  256  257  257  255  250  243  234  224  215  207  200  195  191
  187  183  179  175  171  167  163  159  156  152  149  147  146  146  147  147
  148  148  147  146  145  145  147  151  157  165  173  180  187  191  195  197
  198  200  205  209  216  218  229  245  263                                   
    60.0-180.0 180.0   5.0 450.0                            LAT/LON1/LON2/DLON/H
  265  267  271  272  267  266  265  264  265  267  268  269  268  266  264  261
  260  259  260  262  264  264  262  258  250  241  232  224  216  210  205  200
  194  187  181  174  167  162  157  152  148  144  141  139  137  137  137  137
  137  137  136  135  134  135  138  144  153  163  174  184  193  200  204  207
  206  207  210  211  216  218  227  241  265                                   
    57.5-180.0 180.0   5.0 450.0                            LAT/LON1/LON2/DLON/H
  263  266  271  272  270  270  269  268  268  268  268  268  267  266  264  263
  263  264  266  269  271  272  270  266  260  252  245  238  233  228  223  216
  208  198  187  177  168  161  155  150  145  141  137  134  132  131  131  130
  130  129  128  127  126  128  132  140  151  163  177  191  202  211  217  220
  219  219  219  217  218  217  223  236  263                                   
    55.0-180.0 180.0   5.0 450.0                            LAT/LON1/LON2/DLON/H
  263  264  271  273  273  275  274  273  272  271  269  268  267  266  265  266
  267  268  271  274  276  278  277  274  270  265  260  256  254  250  245  237
  226  212  198  185  174  165  158  153  148  143  139  136  132  130  128  127
  126  125  123  122  122  124  129  138  151  166  182  198  211  222  230  234
  234  233  231  227  224  220  223  234  263                                   
    52.5-180.0 180.0   5.0 450.0                            LAT/LON1/LON2/DLON/H
  265  265  273  276  279  283  284  282  281  278  274  271  269  268  268  269
  270  271  273  276  278  281  282  281  279  277  276  276  275  273  267  257
  242  226  208  193  181  172  165  160  155  150  145  141  137  133  130  128
  126  124  123  122  122  124  130  139  152  168  186  204  219  232  242  248
  249  249  247  241  235  227  228  238  265                                   
    50.0-180.0 180.0   5.0 450.0                            LAT/LON1/LON2/DLON/H
  274  273  281  285  290  297  299  298  296  292  286  280  277  275  275  275
  275  274  274  276  278  282  285  288  289  290  292  293  294  291  284  271
  254  234  216  200  188  180  174  170  165  160  155  150  145  140  136  133
  130  128  126  125  126  128  133  143  156  172  190  209  226  240  252  260
  263  265  264  259  251  241  241  251  274                                   
    47.5-180.0 180.0   5.0 450.0                            LAT/LON1/LON2/DLON/H
  289  287  295  300  307  316  319  320  318  312  304  297  292  288  286  284
  281  277  275  275  279  284  290  295  299  302  304  306  306  301  291  275
  255  235  217  203  193  187  183  179  175  170  165  159  154  149  144  141
  138  136  134  133  133  135  140  148  161  176  195  214  231  247  259  269
  274  279  280  278  271  260  261  271  289                                   
    45.0-180.0 180.0   5.0 450.0                            LAT/LON1/LON2/DLON/H
  310  309  315  319  327  338  343  345  344  338  329  321  313  308  303  298
  291  284  279  278  282  289  297  304  309  312  314  313  309  301  287  269
  248  228  213  202  197  194  191  188  184  179  174  169  164  159  154  151
  148  146  144  143  143  144  147  155  166  182  200  218  236  251  264  275
  281  289  294  295  291  283  285  296  310                                   
    42.5-180.0 180.0   5.0 450.0                            LAT/LON1/LON2/DLON/H
  333  334  338  342  349  360  367  371  371  367  358  349  340  332  325  316
  305  295  288  286  291  300  309  316  320  321  319  315  306  293  276  257
  237  220  209  203  202  202  200  197  192  187  182  178  173  169  165  162
  160  158  156  154  153  153  155  162  172  187  205  223  241  255  268  277
  284  294  303  308  309  305  310  322  333                                   
    40.0-180.0 180.0   5.0 450.0                            LAT/LON1/LON2/DLON/H
  357  360  362  364  372  381  389  395  397  395  387  378  369  361  351  339
  326  313  304  303  308  317  326  332  333  330  324  314  301  285  266  248
  231  220  213  212  214  215  214  209  203  196  191  187  183  180  176  174
  171  169  167  164  162  161  162  168  177  192  210  228  245  259  270  278
  284  295  306  316  321  323  330  344  357                                   
    37.5-180.0 180.0   5.0 450.0                            LAT/LON1/LON2/DLON/H
  379  384  386  385  393  400  409  415  420  420  415  408  399  391  380  367
  351  338  329  328  334  342  348  350  347  340  330  317  301  284  267  251
  240  234  233  235  237  237  234  226  217  209  202  198  194  190  187  185
  182  179  176  172  169  167  167  172  181  196  214  233  249  262  271  277
  282  293  306  319  327  335  345  361  379                                   
    35.0-180.0 180.0   5.0 450.0                            LAT/LON1/LON2/DLON/H
  401  405  409  405  413  419  428  435  442  444  441  436  429  421  411  398
  382  369  361  360  365  370  373  371  364  354  342  328  313  297  284  275
  270  269  271  273  274  270  262  250  237  226  218  211  206  202  198  195
  192  188  184  179  174  171  170  174  183  198  216  235  252  264  272  276
  279  290  303  319  330  342  355  373  401                                   
    32.5-180.0 180.0   5.0 450.0                            LAT/LON1/LON2/DLON/H
  421  426  432  427  436  440  450  456  465  469  468  464  459  453  444  432
  417  405  398  397  399  401  399  393  384  374  363  351  339  328  321  319
  321  324  327  326  320  309  294  278  261  247  236  228  221  215  210  206
  202  197  191  185  179  174  173  176  184  198  216  235  251  263  271  275
  277  288  301  319  331  346  362  382  421                                   
    30.0-180.0 180.0   5.0 450.0                            LAT/LON1/LON2/DLON/H
  443  447  456  453  465  468  478  485  495  499  500  497  494  489  481  469
  456  444  437  434  432  430  424  416  408  401  394  387  380  375  375  380
  387  392  391  383  368  348  326  305  286  270  257  247  237  229  223  217
  212  206  199  191  183  178  176  178  185  197  214  231  247  260  268  274
  278  289  303  322  335  352  370  392  443                                   
    27.5-180.0 180.0   5.0 450.0                            LAT/LON1/LON2/DLON/H
  464  470  482  484  501  505  517  524  535  540  540  539  535  531  523  512
  498  485  476  469  463  457  449  442  437  435  434  433  431  432  438  447
  455  457  449  431  405  376  349  325  305  290  277  266  255  245  237  230
  223  215  206  197  188  182  179  180  185  195  209  225  241  254  266  275
  282  296  311  330  344  362  381  406  464                                   
    25.0-180.0 180.0   5.0 450.0                            LAT/LON1/LON2/DLON/H
  486  493  509  519  543  551  564  575  587  592  593  591  587  582  573  560
  544  528  514  502  492  483  475  471  471  476  481  483  484  486  492  501
  506  500  482  453  418  384  354  331  314  302  292  282  270  259  250  241
  233  224  213  202  193  186  182  181  185  192  203  217  232  248  264  279
  291  310  325  346  358  377  397  425  486                                   
    22.5-180.0 180.0   5.0 450.0                            LAT/LON1/LON2/DLON/H
  506  516  536  553  585  598  616  631  646  654  656  654  649  642  631  614
  594  573  552  535  521  510  505  505  511  520  526  527  524  521  521  522
  518  504  477  440  401  365  337  319  309  303  299  291  282  271  261  252
  242  231  219  207  196  188  183  182  183  188  197  209  224  243  264  285
  304  328  346  366  378  398  419  448  506                                   
    20.0-180.0 180.0   5.0 450.0                            LAT/LON1/LON2/DLON/H
  524  536  558  582  620  639  662  682  702  714  720  720  715  707  693  672
  647  619  593  570  554  543  540  544  553  561  562  554  539  523  511  500
  486  463  431  392  354  323  301  291  290  293  296  294  288  279  270  260
  248  236  222  209  197  188  182  179  179  182  189  200  217  239  266  294
  320  349  369  389  401  422  443  473  524                                   
    17.5-180.0 180.0   5.0 450.0                            LAT/LON1/LON2/DLON/H
  538  551  575  600  642  665  692  718  745  763  774  779  777  769  753  729
  699  667  636  611  593  584  583  586  591  591  579  554  522  490  463  440
  416  389  357  323  293  270  258  257  265  277  287  292  290  284  275  265
  252  238  223  208  195  185  177  173  172  174  181  193  211  237  269  303
  335  368  390  411  421  443  465  495  538                                   
    15.0-180.0 180.0   5.0 450.0                            LAT/LON1/LON2/DLON/H
  548  561  584  608  650  674  704  733  764  790  809  820  824  819  805  780
  749  714  682  657  640  632  629  627  620  603  571  527  478  432  393  362
  334  307  280  255  235  223  220  228  243  261  278  288  290  287  279  268
  254  238  221  206  191  180  171  166  163  165  172  185  207  236  273  311
  346  382  406  426  436  460  483  511  548                                   
    12.5-180.0 180.0   5.0 450.0                            LAT/LON1/LON2/DLON/H
  553  567  588  608  647  669  697  726  761  791  818  837  848  850  840  819
  790  758  729  706  691  681  673  660  636  597  546  485  424  370  326  292
  264  240  220  206  198  196  202  214  233  255  274  286  291  288  280  268
  252  235  218  201  187  174  164  157  154  155  162  177  202  235  275  314
  351  387  413  433  444  470  494  520  553                                   
    10.0-180.0 180.0   5.0 450.0                            LAT/LON1/LON2/DLON/H
  554  572  591  605  639  656  680  705  739  772  803  829  847  856  853  839
  816  791  769  751  738  726  709  681  637  580  512  442  377  323  281  249
  224  205  193  189  192  199  210  224  241  260  277  288  292  288  279  265
  248  230  212  196  181  167  156  148  144  145  152  169  196  232  273  314
  349  386  412  433  446  473  499  524  554                                   
     7.5-180.0 180.0   5.0 450.0                            LAT/LON1/LON2/DLON/H
  555  577  596  605  633  644  661  679  708  739  770  799  823  838  843  837
  824  809  795  783  772  756  729  687  627  556  481  411  351  304  269  243
