data/edconvlstm_nd/pred2510.15i
     1.0            IONOSPHERE MAPS     GNSS                IONEX VERSION / TYPE
pyspatialgeodesy        IME             05-JAN-18 20:20     PGM / RUN BY / DATE 
Map Name                                                    COMMENT             
Predicted global ionosphere maps (GIM).                     DESCRIPTION         
  2015     9     8     0     0     0                        EPOCH OF FIRST MAP  
  2015     9     9     0     0     0                        EPOCH OF LAST MAP   
  7200                                                      INTERVAL            
    13                                                      # OF MAPS IN FILE   
  NONE                                                      MAPPING FUNCTION    
10.0                                                        ELEVATION CUTOFF    
One-way carrier phase leveled to code                       OBSERVABLES USED    
  6371.0                                                    BASE RADIUS         
 2                                                          MAP DIMENSION       
   450.0 450.0   0.0                                        HGT1 / HGT2 / DHGT  
    87.5 -87.5  -2.5                                        LAT1 / LAT2 / DLAT  
  -180.0 180.0   5.0                                        LON1 / LON2 / DLON  
    -1                                                      EXPONENT            
                                                            END OF HEADER       
[from data line 1287]
     4                                                      START OF TEC MAP    
  2015     9     8     6     0     0                        EPOCH OF CURRENT MAP
    87.5-180.0 180.0   5.0 450.0                            LAT/LON1/LON2/DLON/H
   78   83   82   87   88   89   87   84   85   87   87   87   87   87   87   86
   85   85   84   83   82   81   80   79   78   77   76   75   74   74   73   73
   72   72   72   71   71   70   70   70   70   69   69   69   69   68   68   68
   68   68   68   67   67   67   67   67   67   67   67   67   67   67   67   68
   69   71   70   71   77   84   90   85   78                                   
    85.0-180.0 180.0   5.0 450.0                            LAT/LON1/LON2/DLON/H
   75   91   89   90   94   96   97   97   97   99   99  100  100   99   99   98
   97   96   95   94   92   91   90   89   87   86   86   85   84   84   84   83
   83   83   82   82   82   82   82   81   81   81   80   80   80   80   80   80
   80   79   79   79   79   79   79   79   79   79   78   78   78   78   77   78
   80   81   78   80   81   85   92   86   75                                   
    82.5-180.0 180.0   5.0 450.0                            LAT/LON1/LON2/DLON/H
   78   85   95   92   94   98   99  100  101  103  103  104  104  103  102  101
   99   98   96   94   92   90   88   86   84   83   82   81   81   81   81   81
   81   81   82   82   82   82   83   83   83   83   83   83   83   83   83   84
   84   84   84   85   85   85   85   85   84   84   83   83   82   81   80   80
   81   81   79   79   85   82   78   76   78                                   
    80.0-180.0 180.0   5.0 450.0                            LAT/LON1/LON2/DLON/H
   83   82   85   84   89   90   93   95   97   99   99  100  100   99   97   96
   94   91   88   86   83   80   78   76   74   73   72   72   72   72   73   74
   75   76   77   78   79   80   81   81   82   82   83   83   84   85   86   87
   87   88   89   90   91   91   91   91   90   89   88   87   86   84   82   81
   80   78   78   77   82   82   82   75   83                                   
    77.5-180.0 180.0   5.0 450.0                            LAT/LON1/LON2/DLON/H
   81   78   77   78   79   84   88   91   93   95   94   96   95   94   92   90
   87   84   81   78   75   72   69   66   64   63   62   62   62   63   64   66
   68   70   72   74   76   77   78   80   81   82   83   85   87   88   90   92
   94   96   98  100  101  102  102  102  102  100   99   97   94   92   89   86
   84   81   78   78   78   72   72   71   81                                   
    75.0-180.0 180.0   5.0 450.0                            LAT/LON1/LON2/DLON/H
   72   71   67   69   70   76   79   80   83   84   83   84   83   81   79   77
   74   71   68   65   62   59   56   54   52   50   50   50   51   53   55   57
   60   62   65   67   69   71   73   75   77   79   81   84   86   89   92   96
   99  102  105  107  109  110  111  111  111  109  108  105  102   99   95   92
   88   85   81   76   76   70   70   69   72                                   
    72.5-180.0 180.0   5.0 450.0                            LAT/LON1/LON2/DLON/H
   70   69   65   65   68   73   77   78   80   81   80   80   78   76   74   72
   69   67   65   62   59   57   54   51   49   48   47   47   48   50   52   55
   58   61   63   66   69   71   73   76   79   82   85   89   94   98  102  107
  111  115  118  121  124  126  127  127  126  124  122  119  116  113  109  106
  102   98   94   89   85   78   74   73   70                                   
    70.0-180.0 180.0   5.0 450.0                            LAT/LON1/LON2/DLON/H
   74   70   66   64   65   69   71   72   74   75   74   73   71   69   66   64
   62   61   59   58   56   54   52   49   47   46   45   45   46   47   50   52
   55   58   60   63   65   68   71   74   78   82   87   92   98  104  109  114
  119  123  127  130  133  134  135  135  134  133  130  127  124  120  117  115
  111  107  104   99   94   87   84   81   74                                   
    67.5-180.0 180.0   5.0 450.0                            LAT/LON1/LON2/DLON/H
   74   71   65   62   61   64   65   66   68   68   67   67   65   62   60   58
   57   56   56   56   55   53   51   49   47   46   45   45   45   46   48   49
   51   53   55   57   59   61   65   69   74   80   86   93   99  106  112  117
  122  126  130  132  135  136  136  136  135  133  131  128  125  121  119  117
  115  112  110  105  101   94   90   86   74                                   
    65.0-180.0 180.0   5.0 450.0                            LAT/LON1/LON2/DLON/H
   78   74   66   61   59   60   61   62   63   64   63   63   61   58   56   55
   54   54   55   55   55   54   53   51   49   48   47   47   47   47   48   49
   49   50   51   52   54   57   61   66   72   80   88   96  104  111  117  122
  126  129  132  135  136  137  137  137  136  134  131  128  125  122  120  119
  118  116  115  112  108  103   99   95   78                                   
    62.5-180.0 180.0   5.0 450.0                            LAT/LON1/LON2/DLON/H
   82   78   69   62   58   58   58   58   59   60   59   60   58   56   54   53
   52   53   54   54   55   54   53   52   51   50   49   49   49   49   49   48
   47   47   47   48   50   54   59   65   73   81   90  100  108  115  121  126
  129  132  134  136  137  137  138  137  136  134  131  129  126  123  120  120
  119  118  119  116  114  110  107  103   82                                   
    60.0-180.0 180.0   5.0 450.0                            LAT/LON1/LON2/DLON/H
   87   82   73   64   58   56   54   53   54   55   55   55   54   52   51   49
   49   49   50   51   51   50   50   49   48   48   48   49   49   48   47   46
   44   43   43   44   47   51   57   64   73   83   93  103  112  119  125  129
  131  133  135  136  138  138  138  138  137  136  133  130  127  124  121  120
  120  119  120  119  117  114  112  107   87                                   
    57.5-180.0 180.0   5.0 450.0                            LAT/LON1/LON2/DLON/H
   94   89   79   70   62   58   55   52   51   51   51   52   51   49   48   47
   46   46   46   46   46   45   44   44   44   44   45   47   47   47   45   43
   41   40   41   43   46   52   58   67   76   87   98  109  118  126  131  135
  137  139  141  142  144  145  145  145  144  143  141  138  135  131  127  125
  124  123  124  123  122  119  117  112   94                                   
    55.0-180.0 180.0   5.0 450.0                            LAT/LON1/LON2/DLON/H
  103   99   90   80   71   65   59   54   51   49   48   48   47   46   45   43
   43   42   42   41   40   39   38   38   38   40   42   44   45   45   43   41
   39   39   40   43   48   55   62   71   81   92  104  115  125  133  139  144
  147  149  151  153  154  156  156  156  156  155  153  150  146  142  138  134
  132  130  130  128  128  125  122  117  103                                   
    52.5-180.0 180.0   5.0 450.0                            LAT/LON1/LON2/DLON/H
  114  111  104   94   86   78   70   61   55   51   48   47   45   44   43   41
   40   40   39   38   37   35   34   34   34   36   39   41   43   43   42   40
   39   40   42   47   54   61   69   77   87   98  111  123  134  143  151  156
  160  163  166  168  170  171  171  170  170  169  167  164  160  156  151  147
  143  140  139  137  135  131  128  122  114                                   
    50.0-180.0 180.0   5.0 450.0                            LAT/LON1/LON2/DLON/H
  126  125  120  113  104   96   86   74   64   56   51   48   46   44   42   41
   40   39   38   37   36   34   33   33   34   36   38   41   42   43   42   41
   40   43   47   54   61   69   77   86   95  106  119  132  145  156  164  171
  177  181  184  186  187  187  186  185  183  182  180  177  173  169  164  160
  156  152  150  147  144  140  136  129  126                                   
    47.5-180.0 180.0   5.0 450.0                            LAT/LON1/LON2/DLON/H
  137  139  135  131  124  117  105   90   78   66   58   53   49   46   44   43
   42   41   41   40   39   38   37   37   37   39   41   43   44   44   44   43
   44   48   54   62   71   79   87   95  104  115  128  142  156  169  179  188
  195  200  203  205  205  203  200  197  193  191  188  186  182  178  174  171
  167  164  161  157  154  148  144  137  137                                   
    45.0-180.0 180.0   5.0 450.0                            LAT/LON1/LON2/DLON/H
  145  149  147  145  141  135  123  107   92   79   68   61   55   51   49   47
   46   46   46   46   46   46   45   45   45   46   47   48   48   48   48   48
   50   54   62   71   80   89   97  104  113  124  138  153  168  182  194  204
  212  218  221  221  219  215  210  205  200  195  192  189  186  183  180  178
  175  173  171  167  163  157  152  145  145                                   
    42.5-180.0 180.0   5.0 450.0                            LAT/LON1/LON2/DLON/H
  149  154  153  153  151  146  136  120  105   91   79   71   64   59   56   53
   53   53   54   55   56   57   57   57   56   55   54   54   54   53   53   54
   57   62   70   79   90   99  107  114  123  135  148  164  180  195  208  219
  227  232  235  234  231  225  218  210  204  198  194  190  187  184  182  181
  180  180  178  175  171  164  158  151  149                                   
    40.0-180.0 180.0   5.0 450.0                            LAT/LON1/LON2/DLON/H
  149  153  151  152  151  148  139  126  112   99   88   81   74   68   64   62
   61   61   62   64   67   69   69   69   67   65   63   61   60   59   60   61
   64   69   77   87   97  107  116  124  134  146  160  175  191  206  219  230
  238  244  246  245  241  235  227  218  210  203  198  193  189  185  183  183
  184  184  184  182  177  170  163  156  149                                   
    37.5-180.0 180.0   5.0 450.0                            LAT/LON1/LON2/DLON/H
  147  147  142  142  141  139  132  122  112  102   94   88   82   77   73   71
   70   70   71   73   76   78   80   79   77   74   71   68   66   66   67   68
   71   77   84   94  104  115  125  134  145  157  171  186  201  215  227  238
  247  253  256  256  254  248  241  233  225  218  210  204  198  192  189  188
  188  189  190  188  184  176  168  161  147                                   
    35.0-180.0 180.0   5.0 450.0                            LAT/LON1/LON2/DLON/H
  146  140  132  127  124  121  117  110  104   98   94   92   88   85   82   79
   78   77   78   80   83   85   87   86   84   81   77   74   73   73   74   76
   79   83   90   99  109  121  132  144  155  168  182  195  208  221  233  244
  254  262  268  271  272  270  266  260  253  245  236  227  218  209  203  200
  199  199  199  197  193  184  176  167  146                                   
    32.5-180.0 180.0   5.0 450.0                            LAT/LON1/LON2/DLON/H
  151  138  124  114  108  102   98   93   91   89   89   91   91   90   88   86
   85   84   83   85   87   89   91   91   89   86   83   81   80   80   81   83
   85   89   94  102  113  126  139  152  165  178  190  202  213  224  236  248
  260  271  282  291  297  301  302  300  295  287  277  265  252  239  228  222
  218  216  214  212  207  197  189  178  151                                   
    30.0-180.0 180.0   5.0 450.0                            LAT/LON1/LON2/DLON/H
  165  146  128  110   99   89   83   78   78   79   83   88   90   91   92   91
   89   88   87   87   89   91   92   93   92   90   88   87   86   87   88   89
   90   93   97  105  116  129  143  157  171  184  196  207  216  226  238  251
  267  283  300  316  330  341  348  350  347  340  329  315  298  281  265  254
  246  242  238  233  228  218  210  197  165                                   
    27.5-180.0 180.0   5.0 450.0                            LAT/LON1/LON2/DLON/H
  191  168  146  122  105   90   80   73   71   72   77   84   88   91   93   93
   92   91   89   88   90   92   94   95   95   95   94   93   92   92   93   93
   93   95   98  105  116  130  145  160  175  188  199  209  218  228  241  257
  277  299  322  345  365  383  396  403  403  397  386  370  350  329  310  294
  283  276  270  263  257  247  239  225  191                                   
    25.0-180.0 180.0   5.0 450.0                            LAT/LON1/LON2/DLON/H
  229  204  179  150  128  108   94   82   76   74   77   83   87   90   92   93
   93   92   90   90   91   94   96   98   99  100  100   99   98   97   96   95
   94   94   97  104  116  130  145  160  175  189  200  210  219  231  246  266
  290  317  345  373  399  422  439  449  452  448  437  421  401  378  356  338
  324  315  307  298  291  282  274  260  229                                   
    22.5-180.0 180.0   5.0 450.0                            LAT/LON1/LON2/DLON/H
  274  250  224  194  168  144  124  106   94   87   86   88   89   91   92   93
   93   92   91   92   94   98  101  103  104  105  105  104  101   99   96   94
   92   92   95  102  114  128  143  159  173  188  200  211  222  236  254  278
  306  336  367  397  426  450  470  482  486  484  474  460  442  421  400  381
  366  356  346  336  329  322  313  299  274                                   
    20.0-180.0 180.0   5.0 450.0                            LAT/LON1/LON2/DLON/H
  320  300  275  246  218  192  167  143  124  111  104  100   98   95   94   94
   93   93   93   95   99  103  107  109  110  110  110  107  103   98   95   92
   89   89   92  100  111  126  140  156  171  186  200  214  228  244  265  292
  322  354  385  415  442  466  485  497  502  500  492  481  468  451  433  417
  403  394  385  375  368  363  352  339  320                                   
    17.5-180.0 180.0   5.0 450.0                            LAT/LON1/LON2/DLON/H
  361  347  325  298  271  244  216  188  163  143  129  120  112  106  101   97
   96   96   97  100  105  111  114  115  115  114  112  108  102   97   92   88
   86   85   89   97  109  123  138  153  169  186  202  218  235  254  278  306
  337  368  398  424  448  469  485  496  499  498  492  485  477  467  456  444
  433  426  418  409  403  399  387  374  361                                   
    15.0-180.0 180.0   5.0 450.0                            LAT/LON1/LON2/DLON/H
  391  383  365  341  317  290  260  230  201  177  159  146  133  121  112  106
  103  102  104  108  114  119  121  121  119  116  112  107  101   94   89   85
   83   82   86   95  107  121  136  152  169  188  206  225  244  264  289  317
  348  378  404  427  447  463  476  484  486  483  480  476  475  472  467  461
  453  449  444  437  431  429  416  403  391                                   
    12.5-180.0 180.0   5.0 450.0                            LAT/LON1/LON2/DLON/H
  410  405  391  370  350  323  293  262  233  207  188  173  157  142  130  121
  115  114  115  119  124  127  127  125  121  116  111  105   98   92   87   84
   81   80   84   93  106  121  136  153  172  192  212  232  252  273  298  325
  355  383  407  426  441  454  463  468  469  466  464  464  468  471  472  470
  466  463  461  456  451  448  436  424  410                                   
    10.0-180.0 180.0   5.0 450.0                            LAT/LON1/LON2/DLON/H
  419  417  405  384  366  341  309  280  252  228  211  197  182  166  152  140
  133  130  130  132  134  135  132  127  121  115  110  103   97   91   87   83
   80   79   83   91  105  121  138  156  176  197  219  239  259  280  303  330
  358  385  407  424  436  446  453  457  457  454  453  456  463  471  475  475
  472  470  469  466  462  459  447  437  419                                   
     7.5-180.0 180.0   5.0 450.0                            LAT/LON1/LON2/DLON/H
  423  422  411  388  371  345  313  284  258  238  224  215  203  190  176  164
  156  151  148  147  145  141  135  128  121  114  109  102   96   92   88   85
