data/edconvlstm_nd/pred3360.15i
     1.0            IONOSPHERE MAPS     GNSS                IONEX VERSION / TYPE
pyspatialgeodesy        IME             05-JAN-18 20:20     PGM / RUN BY / DATE 
Map Name                                                    COMMENT             
Predicted global ionosphere maps (GIM).                     DESCRIPTION         
  2015    12     2     0     0     0                        EPOCH OF FIRST MAP  
  2015    12     3     0     0     0                        EPOCH OF LAST MAP   
  7200                                                      INTERVAL            
    13                                                      # OF MAPS IN FILE   
  NONE                                                      MAPPING FUNCTION    
10.0                                                        ELEVATION CUTOFF    
One-way carrier phase leveled to code                       OBSERVABLES USED    
  6371.0                                                    BASE RADIUS         
 2                                                          MAP DIMENSION       
   450.0 450.0   0.0                                        HGT1 / HGT2 / DHGT  
    87.5 -87.5  -2.5                                        LAT1 / LAT2 / DLAT  
  -180.0 180.0   5.0                                        LON1 / LON2 / DLON  
    -1                                                      EXPONENT            
                                                            END OF HEADER       
[from data line 1716]
     5                                                      START OF TEC MAP    
  2015    12     2     8     0     0                        EPOCH OF CURRENT MAP
    87.5-180.0 180.0   5.0 450.0                            LAT/LON1/LON2/DLON/H
   29   38   36   39   41   41   41   37   37   39   39   40   40   40   40   40
   40   40   39   39   38   38   37   36   36   35   35   34   34   33   33   32
   32   32   31   31   30   30   29   29   29   28   28   27   27   27   26   26
   26   25   25   25   24   24   24   24   24   23   23   23   23   23   23   24
   25   26   24   25   32   41   54   53   29                                   
    85.0-180.0 180.0   5.0 450.0                            LAT/LON1/LON2/DLON/H
   20   46   50   45   48   51   51   51   51   52   52   53   52   52   52   52
   51   51   51   50   50   50   49   49   49   48   48   48   48   47   47   47
   46   46   46   45   45   45   44   44   43   43   42   42   41   41   40   39
   39   38   38   37   37   36   36   36   35   35   35   35   34   35   35   35
   37   37   35   36   42   46   60   52   20                                   
    82.5-180.0 180.0   5.0 450.0                            LAT/LON1/LON2/DLON/H
   20   36   52   49   51   52   53   53   54   54   54   55   54   53   52   51
   50   50   49   48   48   47   47   46   46   46   46   45   45   45   45   45
   45   45   45   45   45   45   45   45   44   44   44   43   43   42   41   41
   40   40   39   38   38   37   36   36   35   35   34   34   34   34   34   34
   35   36   35   34   45   45   48   44   20                                   
    80.0-180.0 180.0   5.0 450.0                            LAT/LON1/LON2/DLON/H
   27   37   52   49   55   53   55   55   56   56   55   55   54   52   51   49
   47   46   45   44   44   43   43   43   43   44   44   44   44   44   44   44
   45   45   45   46   46   47   47   47   47   47   47   47   46   46   45   44
   44   43   43   42   41   41   40   39   38   37   36   36   35   35   34   35
   36   36   37   37   44   47   49   45   27                                   
    77.5-180.0 180.0   5.0 450.0                            LAT/LON1/LON2/DLON/H
   35   42   47   44   48   49   51   51   53   53   51   50   48   46   43   41
   39   37   36   36   35   35   36   36   36   37   37   37   37   37   38   38
   38   39   40   40   41   42   43   44   45   45   45   45   45   45   45   45
   46   46   46   46   45   45   44   42   41   39   38   36   35   34   33   32
   32   32   31   33   35   32   39   38   35                                   
    75.0-180.0 180.0   5.0 450.0                            LAT/LON1/LON2/DLON/H
   25   36   38   39   42   45   47   47   49   49   46   45   42   39   36   34
   31   30   29   29   29   30   31   32   33   34   34   35   35   35   34   34
   34   35   36   37   38   40   41   43   44   46   47   47   48   49   50   51
   52   53   54   55   55   54   53   52   50   47   45   42   40   38   36   35
   33   33   32   29   33   31   35   33   25                                   
    72.5-180.0 180.0   5.0 450.0                            LAT/LON1/LON2/DLON/H
   27   35   35   35   40   44   47   48   48   48   46   44   41   37   34   31
   29   27   27   27   28   29   31   32   33   34   35   35   35   34   33   33
   32   32   33   35   37   39   42   45   47   50   52   54   55   57   60   62
   65   67   69   71   72   71   70   68   65   62   58   54   51   48   45   43
   41   39   38   36   37   33   36   36   27                                   
    70.0-180.0 180.0   5.0 450.0                            LAT/LON1/LON2/DLON/H
   28   34   36   36   40   42   45   46   47   48   46   44   41   37   34   31
   28   27   27   28   30   32   34   36   37   38   39   38   37   36   35   33
   32   32   32   34   36   39   43   48   52   55   58   61   64   67   71   75
   79   83   86   88   89   89   87   84   80   75   70   66   62   58   54   52
   49   46   45   41   41   38   43   41   28                                   
    67.5-180.0 180.0   5.0 450.0                            LAT/LON1/LON2/DLON/H
   28   33   33   34   37   39   42   43   44   45   44   43   39   36   33   31
   29   28   29   30   32   34   36   38   40   40   41   40   38   36   34   31
   29   29   29   31   34   39   44   49   55   59   64   68   72   77   81   86
   91   96  100  102  103  102   99   95   89   83   78   72   67   63   59   56
   53   50   49   44   43   40   43   41   28                                   
    65.0-180.0 180.0   5.0 450.0                            LAT/LON1/LON2/DLON/H
   31   34   33   33   35   37   39   41   43   44   43   43   40   38   35   33
   32   32   32   34   36   38   40   41   42   43   42   41   39   37   34   31
   28   27   28   30   34   40   46   53   60   66   72   77   82   88   94   99
  105  110  114  117  116  114  110  104   97   90   83   77   71   66   62   59
   56   53   51   46   46   43   46   45   31                                   
    62.5-180.0 180.0   5.0 450.0                            LAT/LON1/LON2/DLON/H
   33   35   34   34   35   36   38   39   41   43   43   43   42   40   38   36
   35   35   36   37   39   40   41   42   42   42   42   41   39   36   33   30
   28   27   28   32   37   43   51   59   67   74   81   87   94  100  106  112
  118  123  127  128  127  123  117  110  102   94   86   80   74   68   63   60
   56   53   52   47   47   44   47   47   33                                   
    60.0-180.0 180.0   5.0 450.0                            LAT/LON1/LON2/DLON/H
   37   37   35   34   34   35   35   36   38   39   40   41   41   40   38   37
   36   36   37   38   38   39   38   38   38   37   37   36   34   32   30   28
   27   27   29   33   39   47   55   64   73   81   89   96  103  109  115  122
  128  132  136  136  134  128  121  112  104   96   88   82   75   69   63   59
   54   50   49   45   45   43   45   45   37                                   
    57.5-180.0 180.0   5.0 450.0                            LAT/LON1/LON2/DLON/H
   41   40   37   36   36   35   35   35   36   37   38   40   40   40   39   38
   37   37   36   36   36   35   34   33   32   31   31   31   30   30   28   27
   27   29   32   37   44   53   62   71   81   90   98  106  114  120  127  133
  139  143  145  145  141  135  127  118  110  102   96   89   83   76   69   63
   56   51   50   46   46   43   45   45   41                                   
    55.0-180.0 180.0   5.0 450.0                            LAT/LON1/LON2/DLON/H
   45   43   41   39   38   37   36   34   35   36   37   39   39   40   39   38
   37   36   35   34   33   31   30   28   27   26   26   27   27   27   27   28
   29   32   37   44   52   61   70   80   90   99  108  117  125  132  139  145
  150  153  155  154  150  143  135  126  119  113  107  102   95   88   79   71
   63   56   53   49   49   44   46   46   45                                   
    52.5-180.0 180.0   5.0 450.0                            LAT/LON1/LON2/DLON/H
   51   48   45   44   42   41   39   37   36   36   37   39   39   40   39   38
   36   35   33   32   30   29   27   25   24   24   24   26   26   27   28   30
   33   37   44   52   61   70   80   90   99  109  119  129  138  145  152  158
  162  165  166  164  159  152  144  137  131  126  122  118  112  104   94   84
   74   65   61   55   54   49   50   50   51                                   
    50.0-180.0 180.0   5.0 450.0                            LAT/LON1/LON2/DLON/H
   57   54   51   50   48   48   45   42   40   39   39   40   41   41   40   39
   37   35   33   31   30   28   27   26   25   25   26   27   28   29   31   33
   37   44   52   61   71   81   90  100  110  120  131  142  151  160  167  172
  176  178  178  175  169  162  154  148  143  140  137  134  128  120  109   98
   86   76   71   63   61   56   57   57   57                                   
    47.5-180.0 180.0   5.0 450.0                            LAT/LON1/LON2/DLON/H
   64   60   57   58   56   56   53   49   46   44   43   43   44   44   43   41
   39   36   34   32   31   31   30   29   30   30   31   32   33   33   35   38
   43   51   61   71   81   91  101  110  121  132  143  155  166  174  181  186
  189  189  188  184  178  170  163  157  152  150  148  145  140  131  120  109
   97   86   80   72   69   63   65   65   64                                   
    45.0-180.0 180.0   5.0 450.0                            LAT/LON1/LON2/DLON/H
   68   65   62   65   64   66   63   59   54   51   49   49   48   49   48   45
   42   39   37   36   36   36   36   37   38   39   39   40   39   39   40   43
   49   58   69   81   91  101  111  121  132  143  156  168  179  188  194  198
  199  199  196  191  184  176  168  162  158  156  153  150  144  135  125  113
  102   91   85   76   73   69   72   73   68                                   
    42.5-180.0 180.0   5.0 450.0                            LAT/LON1/LON2/DLON/H
   69   68   66   71   72   75   73   69   64   60   57   56   56   56   55   52
   49   46   44   43   43   44   45   46   48   49   49   48   46   44   45   48
   55   65   77   89  100  111  121  131  142  154  167  179  190  199  205  208
  207  205  201  195  187  180  172  166  161  157  154  149  142  133  121  111
  100   90   84   76   73   71   74   76   69                                   
    40.0-180.0 180.0   5.0 450.0                            LAT/LON1/LON2/DLON/H
   67   67   65   73   76   81   80   78   73   69   66   65   65   65   65   62
   59   56   54   53   54   55   56   57   58   58   57   55   52   49   49   53
   61   72   85   97  109  119  130  141  152  164  177  189  200  208  213  215
  213  209  204  198  191  183  177  170  165  160  155  148  138  127  114  103
   93   84   78   70   69   67   71   74   67                                   
    37.5-180.0 180.0   5.0 450.0                            LAT/LON1/LON2/DLON/H
   63   63   62   70   75   81   82   82   79   76   74   74   75   76   76   74
   71   69   67   67   67   67   67   66   65   64   62   59   56   53   54   59
   68   80   92  105  116  127  138  149  161  173  185  196  207  215  220  221
  219  214  208  203  197  192  188  183  178  172  164  154  142  127  112   99
   87   77   71   63   62   60   63   67   63                                   
    35.0-180.0 180.0   5.0 450.0                            LAT/LON1/LON2/DLON/H
   58   57   56   64   69   75   78   80   80   79   78   80   82   84   85   85
   84   82   81   81   80   78   75   72   69   66   64   61   58   57   59   65
   75   88  101  113  124  135  146  157  169  180  192  203  213  222  227  228
  226  222  217  214  212  211  210  209  205  199  190  178  161  142  123  106
   90   77   69   60   58   52   55   59   58                                   
    32.5-180.0 180.0   5.0 450.0                            LAT/LON1/LON2/DLON/H
   54   53   50   56   61   66   70   73   75   76   78   82   86   90   92   93
   94   94   94   93   91   86   80   73   69   65   63   62   60   61   64   72
   84   97  110  122  133  144  155  166  177  188  198  209  220  230  236  239
  238  236  234  234  237  242  247  250  250  246  237  222  203  179  154  132
  111   92   80   68   61   50   52   55   54                                   
    30.0-180.0 180.0   5.0 450.0                            LAT/LON1/LON2/DLON/H
   55   51   45   49   52   56   59   63   67   69   73   79   85   91   95   98
  100  102  103  102   97   90   81   72   66   63   62   62   62   64   70   80
   93  107  120  132  143  154  165  177  187  197  207  218  230  241  250  255
  256  256  258  264  273  285  296  305  309  308  300  286  265  238  208  180
  152  128  110   91   78   60   59   58   55                                   
    27.5-180.0 180.0   5.0 450.0                            LAT/LON1/LON2/DLON/H
   62   54   46   46   46   48   51   53   57   61   66   73   81   88   93   97
  101  105  107  105   99   90   79   70   63   60   60   62   64   68   76   88
  102  117  131  143  155  167  179  190  200  209  219  230  243  256  268  276
  280  284  291  302  318  336  354  368  377  379  374  361  339  311  278  245
  212  182  158  131  111   85   80   74   62                                   
    25.0-180.0 180.0   5.0 450.0                            LAT/LON1/LON2/DLON/H
   77   64   52   48   46   46   46   47   50   54   59   66   74   81   87   93
   98  102  104  103   96   87   77   68   62   59   60   63   66   72   82   95
  111  128  143  156  169  182  194  206  216  225  235  247  261  277  291  302
  310  318  329  346  368  392  415  434  446  451  448  437  417  388  354  318
  281  247  219  185  160  124  115  103   77                                   
    22.5-180.0 180.0   5.0 450.0                            LAT/LON1/LON2/DLON/H
  102   84   68   59   53   51   49   47   48   50   54   60   67   73   79   85
   90   95   97   96   90   83   74   67   62   61   62   65   70   77   88  102
  120  137  154  169  184  199  213  225  236  245  255  267  283  301  317  331
  343  355  371  392  418  446  472  493  507  514  513  505  487  460  427  390
  351  315  284  245  217  174  161  144  102                                   
    20.0-180.0 180.0   5.0 450.0                            LAT/LON1/LON2/DLON/H
  134  114   94   80   71   65   60   55   53   53   54   58   62   67   72   77
   81   85   87   87   83   78   73   68   65   64   65   68   74   82   94  109
  128  146  165  182  199  217  233  247  257  267  278  291  308  327  345  361
  376  391  410  434  461  488  514  534  547  554  556  550  537  514  484  449
  411  375  342  303  271  225  208  190  134                                   
    17.5-180.0 180.0   5.0 450.0                            LAT/LON1/LON2/DLON/H
  171  150  129  111   98   88   79   71   65   62   60   61   63   66   68   71
   74   77   78   78   76   74   72   71   70   70   71   73   78   86   99  115
  134  154  174  194  215  235  253  268  280  290  301  315  332  351  370  387
  403  420  439  462  486  510  531  547  558  564  567  565  557  541  516  485
  450  418  385  347  314  269  249  234  171                                   
    15.0-180.0 180.0   5.0 450.0                            LAT/LON1/LON2/DLON/H
  205  186  166  146  130  117  105   94   85   78   73   70   69   69   69   70
   70   71   71   71   70   71   73   75   76   76   76   78   82   90  102  119
  140  161  183  205  228  251  271  287  300  310  322  336  352  370  388  405
  421  438  456  475  494  511  525  534  540  544  547  548  545  536  517  492
  463  435  405  371  339  298  278  266  205                                   
    12.5-180.0 180.0   5.0 450.0                            LAT/LON1/LON2/DLON/H
  229  214  198  178  161  145  133  120  108   97   89   84   80   78   75   73
   72   70   69   67   68   70   75   80   83   83   81   81   84   92  105  123
  144  167  191  215  240  264  285  302  315  326  338  351  367  383  399  414
  430  445  460  474  487  496  502  504  503  503  505  509  511  507  495  476
  452  428  402  373  344  308  291  282  229                                   
    10.0-180.0 180.0   5.0 450.0                            LAT/LON1/LON2/DLON/H
  242  229  218  199  185  168  155  142  129  117  106   99   93   89   85   81
   77   74   71   69   69   73   80   86   89   88   84   83   86   94  108  127
  149  173  198  223  249  273  294  311  324  336  347  360  373  388  402  416
  430  444  456  466  473  475  474  469  463  459  460  464  469  470  462  448
  428  408  385  360  334  302  288  282  242                                   
     7.5-180.0 180.0   5.0 450.0                            LAT/LON1/LON2/DLON/H
  244  230  224  206  196  180  169  158  145  132  121  113  106  100   95   90
   85   81   77   75   75   80   87   92   93   90   86   84   87   96  111  131
