data/edconvlstm_nd/pred0220.15i
     1.0            IONOSPHERE MAPS     GNSS                IONEX VERSION / TYPE
pyspatialgeodesy        IME             05-JAN-18 20:20     PGM / RUN BY / DATE 
Map Name                                                    COMMENT             
Predicted global ionosphere maps (GIM).                     DESCRIPTION         
  2015     1    22     0     0     0                        EPOCH OF FIRST MAP  
  2015     1    23     0     0     0                        EPOCH OF LAST MAP   
  7200                                                      INTERVAL            
    13                                                      # OF MAPS IN FILE   
  NONE                                                      MAPPING FUNCTION    
10.0                                                        ELEVATION CUTOFF    
One-way carrier phase leveled to code                       OBSERVABLES USED    
  6371.0                                                    BASE RADIUS         
 2                                                          MAP DIMENSION       
   450.0 450.0   0.0                                        HGT1 / HGT2 / DHGT  
    87.5 -87.5  -2.5                                        LAT1 / LAT2 / DLAT  
  -180.0 180.0   5.0                                        LON1 / LON2 / DLON  
    -1                                                      EXPONENT            
                                                            END OF HEADER       
[from data line 858]
     3                                                      START OF TEC MAP    
  2015     1    22     4     0     0                        EPOCH OF CURRENT MAP
    87.5-180.0 180.0   5.0 450.0                            LAT/LON1/LON2/DLON/H
   69   77   76   78   77   77   76   73   73   74   74   75   75   75   75   75
   75   74   74   74   73   73   73   73   73   74   74   75   76   77   78   79
   80   81   81   82   83   83   83   83   83   83   82   81   81   80   79   78
   77   76   75   74   73   73   72   71   70   70   69   69   68   68   67   68
   69   70   69   70   75   85   91   83   69                                   
    85.0-180.0 180.0   5.0 450.0                            LAT/LON1/LON2/DLON/H
   64   86   78   80   82   84   84   83   83   84   84   84   84   84   84   83
   83   82   81   80   80   79   79   79   79   80   80   82   83   84   86   87
   89   91   92   94   95   96   97   97   97   97   96   95   94   93   92   90
   89   87   86   85   84   83   82   81   80   79   79   78   77   77   76   76
   78   78   76   79   81   84   92   83   64                                   
    82.5-180.0 180.0   5.0 450.0                            LAT/LON1/LON2/DLON/H
   73   81   94   85   84   88   89   88   90   91   91   93   93   93   92   91
   90   88   86   85   83   82   81   80   80   81   82   83   85   87   89   92
   95   97  100  102  104  106  107  108  109  108  108  106  105  103  101   99
   97   95   93   92   90   89   88   87   87   86   86   85   84   84   83   83
   83   83   81   81   91   82   81   77   73                                   
    80.0-180.0 180.0   5.0 450.0                            LAT/LON1/LON2/DLON/H
   87   89   91   83   85   86   90   90   93   94   94   96   96   96   95   93
   91   89   86   83   81   79   77   76   76   76   77   79   81   84   87   90
   94   98  101  105  108  110  112  113  113  112  111  109  107  105  102   99
   97   95   94   92   92   91   91   91   91   91   91   91   91   90   89   89
   88   86   86   86   94   88   88   80   87                                   
    77.5-180.0 180.0   5.0 450.0                            LAT/LON1/LON2/DLON/H
   90   87   86   83   79   83   88   90   93   95   97   99  100  100   99   97
   94   90   87   83   80   77   75   73   72   72   73   75   77   80   84   88
   92   96  101  104  108  110  112  113  113  112  110  107  104  101   98   96
   94   92   92   92   93   94   95   97   99  100  101  102  102  102  101  100
   98   96   94   94   96   84   84   83   90                                   
    75.0-180.0 180.0   5.0 450.0                            LAT/LON1/LON2/DLON/H
   88   86   84   81   77   81   85   87   90   93   94   97   98   98   97   95
   92   88   84   80   77   74   72   70   70   69   70   71   73   76   79   82
   86   90   94   97  100  102  103  104  103  102   99   96   93   90   87   85
   84   84   86   88   92   96   99  103  107  110  112  114  115  116  115  114
  112  109  107  102  103   93   90   90   88                                   
    72.5-180.0 180.0   5.0 450.0                            LAT/LON1/LON2/DLON/H
   94   88   86   81   77   81   85   87   90   93   94   98   99   99   98   96
   93   89   86   83   80   78   76   75   74   74   74   74   75   77   79   81
   84   86   89   91   93   94   95   95   93   91   89   86   82   79   77   76
   77   80   84   89   96  102  109  115  121  126  129  132  133  134  134  134
  131  128  126  122  120  107  102  100   94                                   
    70.0-180.0 180.0   5.0 450.0                            LAT/LON1/LON2/DLON/H
  108   95   91   84   78   78   80   81   83   85   86   90   91   91   90   88
   85   83   80   78   77   76   76   75   75   75   74   74   74   74   74   75
   76   77   78   79   79   80   80   79   77   75   73   70   67   65   65   66
   69   74   82   91  100  110  119  127  134  140  144  147  148  149  149  148
  146  142  140  136  133  121  117  112  108                                   
    67.5-180.0 180.0   5.0 450.0                            LAT/LON1/LON2/DLON/H
  115   99   92   84   77   75   74   73   74   75   76   78   79   79   78   77
   75   74   72   72   72   73   73   74   74   73   72   71   69   67   66   65
   64   63   62   62   61   60   59   58   57   55   53   51   50   49   50   53
   59   67   78   90  103  115  126  135  142  148  152  154  156  155  154  154
  151  147  146  142  140  128  124  120  115                                   
    65.0-180.0 180.0   5.0 450.0                            LAT/LON1/LON2/DLON/H
  123  106   96   87   77   73   70   68   67   66   66   68   69   69   68   67
   67   66   66   67   69   71   73   74   74   73   71   68   65   62   59   57
   54   52   50   48   46   45   44   43   42   42   41   40   39   40   42   47
   56   68   82   97  113  127  139  148  155  160  163  164  164  163  161  159
  156  151  150  146  145  134  131  127  123                                   
    62.5-180.0 180.0   5.0 450.0                            LAT/LON1/LON2/DLON/H
  131  113  102   91   81   75   69   65   63   60   59   60   60   60   60   60
   61   61   63   65   68   70   73   74   74   72   69   66   62   58   54   51
   48   45   43   40   38   36   35   35   35   35   36   36   37   38   42   50
   61   76   93  111  129  144  156  164  170  174  175  175  174  172  169  165
  160  155  154  149  148  138  136  133  131                                   
    60.0-180.0 180.0   5.0 450.0                            LAT/LON1/LON2/DLON/H
  137  119  107   95   84   76   69   64   60   55   53   53   53   53   54   55
   56   58   60   63   66   68   70   71   70   68   65   61   56   53   49   46
   44   41   38   36   33   32   31   31   33   34   36   37   39   42   47   56
   70   87  107  127  146  161  172  180  184  186  186  185  183  180  176  171
  164  157  155  150  150  140  138  135  137                                   
    57.5-180.0 180.0   5.0 450.0                            LAT/LON1/LON2/DLON/H
  142  124  112   98   88   79   71   64   58   53   49   48   48   49   50   52
   55   57   59   62   64   66   67   67   65   63   59   55   51   48   46   44
   43   41   39   37   35   33   33   34   36   39   42   44   47   51   57   68
   83  102  124  145  164  179  189  195  198  199  198  197  194  190  185  179
  171  162  159  154  153  142  140  137  142                                   
    55.0-180.0 180.0   5.0 450.0                            LAT/LON1/LON2/DLON/H
  146  128  116  101   91   82   73   65   58   51   46   45   44   46   48   52
   55   57   59   61   62   63   63   62   60   57   54   50   48   46   45   45
   45   45   44   43   41   39   39   41   44   47   51   54   57   62   70   82
   98  119  141  162  180  194  203  208  210  210  210  208  205  201  195  188
  178  169  165  159  158  145  143  140  146                                   
    52.5-180.0 180.0   5.0 450.0                            LAT/LON1/LON2/DLON/H
  150  132  120  105   96   86   77   68   60   51   46   43   43   45   48   53
   56   59   60   61   61   61   60   59   57   55   52   49   48   47   48   50
   52   53   54   53   51   50   50   51   54   57   61   65   69   75   84   97
  115  135  157  178  195  207  215  219  221  221  220  218  215  210  203  196
  186  175  171  165  164  150  147  143  150                                   
    50.0-180.0 180.0   5.0 450.0                            LAT/LON1/LON2/DLON/H
  154  136  123  111  102   92   83   73   64   54   47   45   44   46   50   55
   59   61   62   62   61   61   61   60   59   57   55   53   53   53   55   58
   61   64   66   66   65   63   63   63   65   69   72   77   82   89   99  113
  131  151  172  191  206  217  224  227  228  228  227  225  221  215  208  201
  190  181  176  170  169  155  152  148  154                                   
    47.5-180.0 180.0   5.0 450.0                            LAT/LON1/LON2/DLON/H
  159  141  128  119  110  101   92   81   71   60   52   48   47   49   53   58
   62   64   64   64   64   65   67   68   68   66   65   63   63   63   64   67
   71   75   78   79   79   78   76   76   77   80   83   87   93  102  114  129
  146  165  184  201  214  224  230  232  233  232  230  226  222  215  208  200
  190  182  178  173  173  160  158  154  159                                   
    45.0-180.0 180.0   5.0 450.0                            LAT/LON1/LON2/DLON/H
  164  147  135  128  120  111  103   93   81   69   60   56   54   55   59   63
   66   68   68   69   71   74   78   81   82   81   79   77   75   74   75   77
   80   85   88   91   92   91   89   88   88   90   93   97  104  114  127  143
  160  177  194  208  219  227  232  234  234  233  229  224  218  210  201  194
  185  179  176  172  173  163  162  158  164                                   
    42.5-180.0 180.0   5.0 450.0                            LAT/LON1/LON2/DLON/H
  169  154  142  139  131  123  116  105   94   81   72   66   64   65   68   71
   73   74   75   78   82   88   95   99  100   99   96   92   89   86   84   85
   87   92   97  100  102  101  100   98   98   99  101  106  114  125  140  156
  172  188  201  213  222  229  233  235  235  232  227  221  212  203  193  186
  179  174  172  170  172  163  163  161  169                                   
    40.0-180.0 180.0   5.0 450.0                            LAT/LON1/LON2/DLON/H
  174  160  150  147  141  133  126  117  107   95   85   80   78   78   79   81
   82   83   86   90   97  106  113  118  118  116  111  106  100   96   92   91
   93   97  102  106  108  108  107  106  106  106  109  113  122  135  151  167
  183  196  207  216  224  230  235  237  237  235  229  221  211  201  192  185
  179  175  173  171  172  164  164  161  174                                   
    37.5-180.0 180.0   5.0 450.0                            LAT/LON1/LON2/DLON/H
  179  166  157  153  148  140  133  125  116  106   99   95   93   93   94   95
   95   97  100  107  116  125  132  135  133  128  122  116  109  103   99   96
   97  100  105  109  112  112  112  111  111  112  115  120  129  143  160  177
  191  203  212  220  228  235  241  245  247  245  240  232  223  213  205  199
  194  188  186  181  180  169  167  163  179                                   
    35.0-180.0 180.0   5.0 450.0                            LAT/LON1/LON2/DLON/H
  185  172  162  156  151  143  136  129  122  114  108  107  107  108  109  110
  111  113  117  125  135  143  147  146  141  134  127  121  115  110  105  102
  101  103  107  110  112  113  113  114  114  116  118  124  134  149  167  184
  198  209  218  227  236  246  255  262  266  266  264  258  251  244  238  234
  228  221  216  206  200  183  179  170  185                                   
    32.5-180.0 180.0   5.0 450.0                            LAT/LON1/LON2/DLON/H
  196  181  168  158  153  143  135  128  122  116  114  115  117  120  122  124
  126  129  135  143  151  156  156  151  142  134  128  124  120  116  112  108
  106  106  108  109  110  111  111  112  114  116  119  125  136  152  170  188
  203  215  226  238  251  264  277  287  295  299  301  299  296  293  291  288
  283  273  264  249  238  212  203  188  196                                   
    30.0-180.0 180.0   5.0 450.0                            LAT/LON1/LON2/DLON/H
  213  195  178  162  155  143  132  124  118  114  113  117  122  126  131  134
  137  142  148  155  161  162  157  147  137  130  126  125  125  123  120  115
  111  109  108  107  106  105  105  107  109  112  116  123  135  151  171  191
  209  224  239  255  273  291  307  322  334  343  349  353  355  357  358  358
  352  341  328  306  289  256  240  217  213                                   
    27.5-180.0 180.0   5.0 450.0                            LAT/LON1/LON2/DLON/H
  242  218  195  174  163  147  133  122  114  109  110  115  121  128  134  139
  143  149  154  159  160  157  149  139  130  125  125  128  131  131  128  123
  117  112  108  104  101   98   97   98  101  104  109  117  130  149  172  195
  216  237  257  279  302  325  346  364  380  394  405  415  424  431  436  438
  432  419  402  373  351  312  288  259  242                                   
    25.0-180.0 180.0   5.0 450.0                            LAT/LON1/LON2/DLON/H
  282  254  224  199  182  160  143  126  115  107  106  111  118  125  132  138
  143  147  150  151  150  145  137  129  124  124  128  135  140  142  139  133
  125  117  110  102   95   90   87   87   90   94  100  109  124  146  172  200
  227  253  280  308  337  364  389  411  430  448  464  479  493  505  514  518
  513  500  480  446  420  376  344  312  282                                   
    22.5-180.0 180.0   5.0 450.0                            LAT/LON1/LON2/DLON/H
  334  303  268  239  215  189  166  144  127  114  109  111  116  123  129  134
  137  138  138  137  134  130  126  123  124  129  137  146  152  154  151  144
  134  123  112  101   91   83   78   77   79   83   89  101  119  144  175  208
  241  273  307  340  373  403  431  455  477  497  517  537  555  570  582  588
  585  573  553  516  487  443  406  374  334                                   
    20.0-180.0 180.0   5.0 450.0                            LAT/LON1/LON2/DLON/H
  394  365  328  296  265  235  207  177  153  134  123  120  122  126  130  132
  132  130  126  123  120  119  120  125  132  142  153  162  168  168  163  154
  142  128  114  101   88   78   72   69   69   72   80   93  115  144  180  218
  256  295  333  370  405  437  465  489  511  533  555  576  596  613  626  634
  633  624  606  574  544  505  469  439  394                                   
    17.5-180.0 180.0   5.0 450.0                            LAT/LON1/LON2/DLON/H
  455  433  398  366  331  299  266  229  198  170  152  142  139  140  140  139
  135  129  122  117  115  118  126  137  150  163  174  182  183  180  172  161
  146  130  115  101   88   77   69   64   63   65   73   88  113  147  187  230
  272  314  355  394  429  460  484  506  527  547  568  589  608  626  639  647
  648  643  632  608  582  553  524  499  455                                   
    15.0-180.0 180.0   5.0 450.0                            LAT/LON1/LON2/DLON/H
  509  495  466  437  402  372  337  296  258  223  196  180  171  167  163  158
  150  140  131  126  126  132  144  160  177  191  200  201  197  188  176  162
  146  130  115  102   90   80   71   64   61   62   70   87  115  153  196  242
  286  330  371  409  441  468  488  506  523  540  558  576  594  610  622  630
  633  633  628  617  599  582  565  545  509                                   
    12.5-180.0 180.0   5.0 450.0                            LAT/LON1/LON2/DLON/H
  548  539  517  495  465  440  407  368  327  286  253  231  217  207  199  190
  180  168  158  153  154  163  178  196  213  223  225  218  205  190  175  159
  144  129  116  105   96   86   77   69   63   63   71   89  120  160  206  252
  297  339  379  413  441  463  479  492  505  518  532  547  562  577  589  597
  601  604  606  606  598  594  586  572  548                                   
    10.0-180.0 180.0   5.0 450.0                            LAT/LON1/LON2/DLON/H
  568  563  546  530  507  490  463  430  391  350  314  287  269  255  245  234
  222  211  202  198  201  211  225  241  252  254  246  228  207  188  171  155
  141  128  118  110  102   94   85   76   69   67   75   94  126  168  214  260
  303  343  379  409  433  451  463  473  482  491  501  513  527  542  555  564
  569  574  581  587  588  593  591  582  568                                   
     7.5-180.0 180.0   5.0 450.0                            LAT/LON1/LON2/DLON/H
  572  567  553  540  525  515  494  469  436  399  364  337  318  303  291  281
  271  263  258  258  263  271  279  286  286  276  257  231  205  183  166  152
