data/edconvlstm_nd/pred0540.15i
     1.0            IONOSPHERE MAPS     GNSS                IONEX VERSION / TYPE
pyspatialgeodesy        IME             05-JAN-18 20:20     PGM / RUN BY / DATE 
Map Name                                                    COMMENT             
Predicted global ionosphere maps (GIM).                     DESCRIPTION         
  2015     2    23     0     0     0                        EPOCH OF FIRST MAP  
  2015     2    24     0     0     0                        EPOCH OF LAST MAP   
  7200                                                      INTERVAL            
    13                                                      # OF MAPS IN FILE   
  NONE                                                      MAPPING FUNCTION    
10.0                                                        ELEVATION CUTOFF    
One-way carrier phase leveled to code                       OBSERVABLES USED    
  6371.0                                                    BASE RADIUS         
 2                                                          MAP DIMENSION       
   450.0 450.0   0.0                                        HGT1 / HGT2 / DHGT  
    87.5 -87.5  -2.5                                        LAT1 / LAT2 / DLAT  
  -180.0 180.0   5.0                                        LON1 / LON2 / DLON  
    -1                                                      EXPONENT            
                                                            END OF HEADER       
[from data line 3432]
     9                                                      START OF TEC MAP    
  2015     2    23    16     0     0                        EPOCH OF CURRENT MAP
    87.5-180.0 180.0   5.0 450.0                            LAT/LON1/LON2/DLON/H
  121  129  128  136  141  142  142  140  141  144  144  145  146  147  148  148
  149  150  150  151  151  152  152  152  152  152  151  150  149  148  147  145
  143  141  139  136  134  131  129  127  125  123  122  121  120  120  120  120
  121  121  122  123  124  125  125  126  127  127  128  128  129  129  129  129
  130  130  128  125  130  126  135  129  121                                   
    85.0-180.0 180.0   5.0 450.0                            LAT/LON1/LON2/DLON/H
  124  125  138  129  131  137  138  141  142  145  145  147  148  149  150  151
  152  153  154  155  155  156  156  157  157  156  156  155  154  153  151  149
  146  143  140  137  134  130  127  124  122  120  118  117  116  116  117  118
  119  120  122  123  125  126  127  129  129  130  131  131  131  131  130  130
  131  130  126  121  121  118  121  122  124                                   
    82.5-180.0 180.0   5.0 450.0                            LAT/LON1/LON2/DLON/H
  106  110  114  111  115  121  125  128  130  133  134  136  137  139  140  141
  143  144  146  147  149  150  151  153  153  154  155  154  154  153  151  148
  145  141  137  132  127  122  117  113  109  105  103  101  101  101  102  103
  105  108  110  113  116  118  120  121  123  123  123  123  122  121  120  119
  118  117  112  109  106  111  102  101  106                                   
    80.0-180.0 180.0   5.0 450.0                            LAT/LON1/LON2/DLON/H
   84   83   91   90   94   96  102  108  112  116  118  121  123  125  127  129
  131  134  136  138  140  143  145  147  148  150  151  151  151  150  148  145
  141  136  130  123  116  109  102   96   90   85   82   80   80   81   82   85
   89   93   97  102  106  109  112  114  116  116  116  115  113  110  108  105
  103   99   95   92   84   84   77   82   84                                   
    77.5-180.0 180.0   5.0 450.0                            LAT/LON1/LON2/DLON/H
   75   69   73   73   78   83   89   96  101  104  107  110  113  115  117  120
  123  126  129  132  136  140  143  147  150  153  155  157  158  158  157  155
  151  146  139  131  122  112  103   94   86   80   75   72   71   72   74   78
   82   88   93   99  104  108  112  114  115  115  114  112  109  105  101   96
   92   87   83   80   74   67   62   68   75                                   
    75.0-180.0 180.0   5.0 450.0                            LAT/LON1/LON2/DLON/H
   59   58   60   63   69   75   81   87   93   98  101  104  107  110  113  116
  120  124  128  133  138  143  147  152  156  160  163  166  168  169  169  167
  164  158  151  142  132  122  111  100   91   83   77   73   71   72   74   78
   83   88   94   99  104  109  112  114  115  114  113  110  107  102   98   93
   87   82   77   71   67   59   53   49   59                                   
    72.5-180.0 180.0   5.0 450.0                            LAT/LON1/LON2/DLON/H
   55   55   57   63   67   76   83   89   94   99  102  105  108  111  114  118
  123  129  135  141  147  153  158  164  168  172  176  179  182  184  185  184
  182  177  171  162  152  140  128  117  106   96   89   84   81   80   81   84
   88   92   97  101  105  108  109  111  111  110  109  106  103  100   96   91
   86   81   77   70   66   59   55   55   55                                   
    70.0-180.0 180.0   5.0 450.0                            LAT/LON1/LON2/DLON/H
   54   56   58   64   69   78   84   91   96  101  104  107  110  114  118  123
  129  137  144  152  160  167  172  177  182  185  189  192  194  197  198  199
  197  194  188  180  170  159  147  135  124  114  105   99   94   92   91   91
   92   94   96   97   98   99   99   98   98   97   97   96   94   93   91   88
   85   81   78   73   70   64   63   61   54                                   
    67.5-180.0 180.0   5.0 450.0                            LAT/LON1/LON2/DLON/H
   56   60   61   67   74   84   91   98  103  108  111  115  118  123  129  136
  144  152  162  171  179  186  191  195  198  200  202  204  206  209  211  212
  212  209  204  197  187  177  165  153  142  132  123  116  110  105  101   98
   96   94   92   90   88   85   83   82   81   81   82   83   84   85   86   86
   85   84   82   77   74   69   67   65   56                                   
    65.0-180.0 180.0   5.0 450.0                            LAT/LON1/LON2/DLON/H
   54   58   57   65   71   82   89   96  102  108  112  117  123  129  136  145
  155  165  175  185  193  200  204  206  207  208  208  209  211  214  217  219
  220  218  214  207  198  188  178  167  157  148  139  131  123  116  108  101
   94   88   81   75   70   65   61   58   58   59   61   64   68   71   75   78
   80   81   82   78   77   74   72   72   54                                   
    62.5-180.0 180.0   5.0 450.0                            LAT/LON1/LON2/DLON/H
   50   52   49   57   64   74   82   90   97  105  112  119  126  135  145  155
  166  178  189  198  206  211  214  214  213  211  210  210  213  216  220  223
  224  222  218  210  202  192  182  173  165  156  148  140  130  120  110   99
   88   77   68   59   50   44   39   37   37   39   43   48   53   59   64   68
   71   74   77   74   73   70   69   69   50                                   
    60.0-180.0 180.0   5.0 450.0                            LAT/LON1/LON2/DLON/H
   44   43   39   46   51   60   68   77   87   97  107  117  128  139  151  164
  176  188  199  207  214  218  218  216  213  210  208  208  212  217  222  227
  228  225  220  211  202  192  183  175  168  161  154  145  135  123  109   95
   82   69   57   46   37   30   25   24   24   28   32   38   44   50   55   59
   63   66   69   67   67   64   63   64   44                                   
    57.5-180.0 180.0   5.0 450.0                            LAT/LON1/LON2/DLON/H
   40   35   30   36   40   47   54   64   75   88  101  115  129  144  159  173
  186  198  208  216  221  223  221  218  213  209  207  208  214  221  228  233
  235  231  224  213  203  192  183  176  171  165  159  150  139  126  111   96
   81   67   55   44   36   29   25   24   25   29   34   39   45   50   53   56
   59   61   64   62   62   59   57   60   40                                   
    55.0-180.0 180.0   5.0 450.0                            LAT/LON1/LON2/DLON/H
   41   35   29   33   35   39   45   54   67   82   98  115  133  150  167  183
  197  209  218  225  228  229  226  221  215  211  210  213  220  230  239  244
  245  240  231  218  206  195  186  180  175  170  164  156  145  132  117  101
   87   74   63   54   47   42   39   38   40   43   47   52   56   59   60   61
   61   62   64   63   62   59   56   58   41                                   
    52.5-180.0 180.0   5.0 450.0                            LAT/LON1/LON2/DLON/H
   50   43   37   39   38   40   44   53   65   82  100  120  139  159  177  194
  209  221  230  235  238  237  234  229  223  219  219  223  232  243  253  259
  259  252  241  227  213  202  193  187  182  178  172  165  154  141  127  113
  100   90   82   76   71   67   65   64   65   68   71   74   75   76   75   73
   71   70   71   70   70   67   63   63   50                                   
    50.0-180.0 180.0   5.0 450.0                            LAT/LON1/LON2/DLON/H
   66   61   55   54   52   52   54   61   73   90  109  129  150  170  189  207
  222  234  243  248  251  250  247  242  237  234  235  240  249  261  270  274
  273  264  252  238  225  214  205  199  193  188  183  175  165  153  141  129
  119  112  106  103   99   97   95   94   95   96   98   99   99   97   94   91
   86   84   84   84   84   81   79   74   66                                   
    47.5-180.0 180.0   5.0 450.0                            LAT/LON1/LON2/DLON/H
   88   85   80   77   73   72   72   77   88  105  123  143  163  182  201  219
  235  248  257  262  265  266  264  261  257  255  256  261  269  277  284  286
  282  273  262  249  238  229  221  214  208  201  194  186  176  165  154  145
  137  132  129  127  124  122  120  119  119  120  120  120  119  116  113  109
  104  101  100  101  102  101   99   91   88                                   
    45.0-180.0 180.0   5.0 450.0                            LAT/LON1/LON2/DLON/H
  109  110  107  103   98   96   94   98  108  123  141  159  177  195  213  231
  247  260  269  275  279  281  282  280  279  277  278  281  285  289  292  290
  285  277  267  259  251  245  239  232  223  214  204  195  185  175  165  157
  150  147  144  141  138  134  131  130  129  130  130  130  130  128  125  122
  118  116  115  117  120  120  119  111  109                                   
    42.5-180.0 180.0   5.0 450.0                            LAT/LON1/LON2/DLON/H
  125  129  127  124  120  117  115  118  127  142  158  174  190  207  224  241
  257  270  279  286  291  294  297  298  298  298  297  297  296  294  291  287
  281  275  270  267  265  263  258  250  239  226  214  202  190  180  170  162
  156  151  147  142  137  131  127  125  124  125  127  128  128  128  128  128
  126  125  125  127  132  133  133  127  125                                   
    40.0-180.0 180.0   5.0 450.0                            LAT/LON1/LON2/DLON/H
  129  136  136  136  134  131  130  132  141  156  171  186  201  216  233  250
  266  278  287  293  298  303  308  311  313  312  310  306  300  293  286  280
  275  273  274  278  281  283  280  271  256  240  223  208  195  183  172  164
  156  150  143  135  126  118  112  110  110  112  114  115  117  119  122  124
  124  126  127  128  133  134  135  132  129                                   
    37.5-180.0 180.0   5.0 450.0                            LAT/LON1/LON2/DLON/H
  123  130  132  135  136  133  134  137  148  163  178  194  208  224  241  258
  273  284  292  298  303  309  315  319  321  320  317  310  301  291  283  278
  277  281  288  297  305  309  306  295  277  256  236  217  201  187  176  166
  157  149  140  129  117  107  100   97   98  100  101  103  105  108  112  116
  118  120  121  121  124  124  124  124  123                                   
    35.0-180.0 180.0   5.0 450.0                            LAT/LON1/LON2/DLON/H
  109  113  115  122  124  122  126  133  146  163  181  199  215  231  249  266
  281  291  298  303  308  314  319  323  324  324  320  313  304  295  290  290
  295  305  318  331  341  345  341  327  305  280  256  234  215  199  186  175
  166  158  148  135  122  110  102   99   99   99  100  100  100  102  106  110
  112  114  114  111  111  108  108  109  109                                   
    32.5-180.0 180.0   5.0 450.0                            LAT/LON1/LON2/DLON/H
   94   94   94  102  105  103  110  120  136  158  180  201  221  240  259  276
  290  300  305  310  315  319  323  326  327  327  325  321  316  313  314  322
  335  352  368  382  392  393  385  368  343  315  287  261  239  221  207  197
  190  183  175  163  150  137  128  124  121  120  117  114  112  111  113  115
  116  115  113  107  103   95   94   96   94                                   
    30.0-180.0 180.0   5.0 450.0                            LAT/LON1/LON2/DLON/H
   85   80   76   84   86   83   92  104  125  150  177  203  227  249  270  288
  302  311  316  321  325  328  330  331  332  333  335  337  340  346  358  377
  399  422  440  452  456  452  439  418  391  360  330  301  276  255  241  234
  230  229  225  217  206  193  183  176  170  164  157  150  142  138  136  135
  132  129  124  114  107   94   90   89   85                                   
    27.5-180.0 180.0   5.0 450.0                            LAT/LON1/LON2/DLON/H
   86   76   67   74   73   69   79   92  115  144  175  206  234  258  281  299
  313  323  329  335  339  342  342  341  341  345  352  363  376  395  421  453
  485  512  529  533  529  517  499  475  446  415  383  352  324  302  288  283
  286  291  295  293  286  275  264  253  242  230  218  204  192  182  176  171
  164  158  149  136  125  107   98   91   86                                   
    25.0-180.0 180.0   5.0 450.0                            LAT/LON1/LON2/DLON/H
   97   83   69   74   71   66   76   89  113  144  178  211  241  267  290  309
  324  335  343  350  356  358  356  354  355  362  377  398  425  459  500  544
  584  612  622  616  600  579  556  531  504  474  443  411  380  356  341  339
  348  362  374  380  378  370  357  342  326  308  289  271  254  239  227  216
  205  196  183  170  155  132  118  103   97                                   
    22.5-180.0 180.0   5.0 450.0                            LAT/LON1/LON2/DLON/H
  118  100   81   83   79   73   83   96  120  150  184  218  248  275  298  316
  332  345  356  365  372  374  373  371  374  386  409  442  483  531  584  637
  680  702  701  682  654  627  601  578  555  530  501  469  437  409  393  392
  405  426  446  459  463  457  443  423  401  378  356  335  316  297  281  265
  249  238  221  208  189  163  145  124  118                                   
    20.0-180.0 180.0   5.0 450.0                            LAT/LON1/LON2/DLON/H
  142  123   99   97   92   86   96  109  132  162  195  227  257  282  304  322
  338  353  367  379  387  390  389  389  396  415  448  491  543  601  660  714
  751  763  749  718  684  653  630  611  595  575  551  519  485  454  434  431
  444  467  492  510  517  512  497  474  448  423  400  380  362  344  325  306
  287  274  255  243  221  193  174  150  142                                   
    17.5-180.0 180.0   5.0 450.0                            LAT/LON1/LON2/DLON/H
  162  143  117  111  105  100  111  124  146  175  206  237  265  289  309  328
  345  362  378  391  400  404  405  408  421  448  489  540  598  657  713  758
  783  782  759  723  688  661  643  631  621  607  586  555  518  482  457  449
  458  478  501  519  527  522  507  484  459  434  414  398  384  368  350  329
  309  296  277  266  242  215  196  172  162                                   
    15.0-180.0 180.0   5.0 450.0                            LAT/LON1/LON2/DLON/H
  171  153  129  120  114  111  123  136  158  186  216  246  272  296  316  336
  355  373  391  405  414  418  420  428  447  481  528  582  638  689  733  764
  776  767  741  707  678  658  647  642  637  626  606  575  534  493  461  445
  446  459  475  489  495  491  479  461  440  421  406  394  384  370  354  333
  312  299  282  271  249  223  205  182  171                                   
    12.5-180.0 180.0   5.0 450.0                            LAT/LON1/LON2/DLON/H
  168  152  132  122  116  116  129  144  167  195  224  253  280  304  326  347
  368  389  408  422  430  433  437  449  474  512  561  613  659  697  726  743
  746  734  711  685  665  654  651  650  646  636  615  581  537  490  452  428
  418  420  427  435  438  437  431  421  409  397  388  380  372  360  343  322
  301  287  272  261  241  218  200  179  168                                   
    10.0-180.0 180.0   5.0 450.0                            LAT/LON1/LON2/DLON/H
  154  140  124  117  113  115  131  148  173  202  231  261  289  316  341  364
  387  409  429  442  448  452  457  472  500  541  588  632  667  691  707  715
  713  702  685  669  659  657  659  660  655  641  616  579  531  481  438  406
  387  379  377  378  381  384  386  386  383  379  373  368  359  345  327  304
  282  268  254  243  225  204  186  167  154                                   
     7.5-180.0 180.0   5.0 450.0                            LAT/LON1/LON2/DLON/H
  138  125  112  107  105  111  130  151  178  208  239  271  302  332  359  386
  410  434  453  466  472  474  481  498  528  569  611  646  670  684  690  692
