data/edconvlstm_nd/pred0890.15i
     1.0            IONOSPHERE MAPS     GNSS                IONEX VERSION / TYPE
pyspatialgeodesy        IME             05-JAN-18 20:20     PGM / RUN BY / DATE 
Map Name                                                    COMMENT             
Predicted global ionosphere maps (GIM).                     DESCRIPTION         
  2015     3    30     0     0     0                        EPOCH OF FIRST MAP  
  2015     3    31     0     0     0                        EPOCH OF LAST MAP   
  7200                                                      INTERVAL            
    13                                                      # OF MAPS IN FILE   
  NONE                                                      MAPPING FUNCTION    
10.0                                                        ELEVATION CUTOFF    
One-way carrier phase leveled to code                       OBSERVABLES USED    
  6371.0                                                    BASE RADIUS         
 2                                                          MAP DIMENSION       
   450.0 450.0   0.0                                        HGT1 / HGT2 / DHGT  
    87.5 -87.5  -2.5                                        LAT1 / LAT2 / DLAT  
  -180.0 180.0   5.0                                        LON1 / LON2 / DLON  
    -1                                                      EXPONENT            
                                                            END OF HEADER       
[from data line 429]
     2                                                      START OF TEC MAP    
  2015     3    30     2     0     0                        EPOCH OF CURRENT MAP
    87.5-180.0 180.0   5.0 450.0                            LAT/LON1/LON2/DLON/H
  132  129  131  131  132  128  124  123  124  124  124  124  124  124  123  122
  121  120  118  116  114  112  109  107  105  102  100   98   96   94   92   91
   90   89   89   89   89   89   90   90   91   93   94   95   97   99  101  103
  105  107  109  111  113  115  117  119  121  123  124  125  126  126  127  127
  128  130  129  128  128  128  129  135  132                                   
    85.0-180.0 180.0   5.0 450.0                            LAT/LON1/LON2/DLON/H
  135  140  130  135  139  134  132  131  132  132  132  132  132  132  132  131
  129  128  126  123  120  117  114  110  107  103   99   96   93   91   88   87
   86   85   85   85   86   87   88   90   92   94   96   99  101  104  106  109
  111  114  116  119  122  124  127  129  132  134  136  138  139  140  141  142
  143  145  143  145  137  135  136  134  135                                   
    82.5-180.0 180.0   5.0 450.0                            LAT/LON1/LON2/DLON/H
  143  144  146  144  144  140  138  137  138  138  138  139  140  140  140  139
  138  136  134  130  127  122  118  113  107  102   97   92   88   84   81   79
   77   76   76   77   79   81   84   87   90   94   97  101  104  108  111  114
  118  121  125  129  132  136  140  144  148  151  155  158  160  162  163  165
  165  166  164  163  163  149  148  143  143                                   
    80.0-180.0 180.0   5.0 450.0                            LAT/LON1/LON2/DLON/H
  161  162  154  152  150  146  146  145  146  146  147  148  150  151  151  151
  150  148  145  141  136  131  125  118  111  104   97   91   85   79   75   72
   71   70   71   73   76   80   84   89   94   98  103  107  111  115  119  122
  126  129  133  138  142  147  152  157  162  167  172  176  180  183  185  188
  189  189  186  184  186  176  181  168  161                                   
    77.5-180.0 180.0   5.0 450.0                            LAT/LON1/LON2/DLON/H
  185  184  172  167  160  155  155  153  153  153  154  156  158  159  159  159
  157  155  152  147  143  137  131  124  117  109  102   94   88   82   77   74
   73   73   75   78   83   88   94  100  106  111  116  120  124  127  130  132
  135  138  142  146  151  157  163  169  175  182  188  193  198  202  207  211
  213  215  212  211  212  205  208  200  185                                   
    75.0-180.0 180.0   5.0 450.0                            LAT/LON1/LON2/DLON/H
  209  208  193  187  176  169  166  162  161  160  159  161  161  161  160  158
  155  152  148  144  140  135  130  124  118  111  103   96   89   83   79   76
   75   76   78   82   87   94  101  108  114  120  125  128  131  133  134  135
  137  140  144  148  154  160  167  173  180  187  194  200  206  211  217  224
  227  232  232  228  230  231  235  229  209                                   
    72.5-180.0 180.0   5.0 450.0                            LAT/LON1/LON2/DLON/H
  228  232  219  210  198  189  183  178  175  172  170  169  167  164  159  154
  149  144  140  136  134  131  128  125  120  114  108  101   95   90   85   83
   82   83   86   90   96  102  110  117  124  129  133  136  137  137  137  137
  138  141  145  151  157  164  171  178  185  191  197  203  208  214  221  229
  234  241  246  246  248  249  254  253  228                                   
    70.0-180.0 180.0   5.0 450.0                            LAT/LON1/LON2/DLON/H
  253  255  244  234  221  209  201  194  189  184  180  176  169  161  152  142
  133  126  122  120  120  120  120  120  117  114  109  103   98   93   89   87
   86   86   88   92   97  103  110  116  123  127  130  131  131  130  129  129
  131  136  142  150  158  167  175  182  188  193  197  201  205  210  216  225
  233  242  250  255  261  266  274  273  253                                   
    67.5-180.0 180.0   5.0 450.0                            LAT/LON1/LON2/DLON/H
  270  274  264  254  240  228  217  209  203  196  189  182  171  158  143  129
  117  108  104  104  106  109  112  114  113  111  107  102   98   94   91   88
   86   86   86   88   91   96  102  107  112  115  117  116  115  113  112  114
  118  126  135  146  158  169  178  185  190  193  195  197  199  202  208  217
  225  236  246  253  262  270  280  285  270                                   
    65.0-180.0 180.0   5.0 450.0                            LAT/LON1/LON2/DLON/H
  282  284  277  267  256  242  231  222  215  207  199  189  175  158  138  120
  106   97   93   94   98  103  108  110  111  109  105  101   97   94   91   89
   87   85   83   83   84   87   91   94   98  100  100   98   96   94   95   99
  106  117  131  147  162  175  185  192  196  198  198  197  197  199  204  212
  221  231  242  250  260  269  282  291  282                                   
    62.5-180.0 180.0   5.0 450.0                            LAT/LON1/LON2/DLON/H
  288  288  285  275  266  252  240  231  225  217  208  197  182  162  141  121
  105   96   92   94   99  104  109  111  110  107  103   99   96   94   92   90
   87   84   81   79   78   79   81   83   85   86   85   83   80   79   81   87
   98  113  132  151  169  184  196  203  207  207  206  205  204  205  210  217
  225  234  244  250  258  266  279  292  288                                   
    60.0-180.0 180.0   5.0 450.0                            LAT/LON1/LON2/DLON/H
  291  289  287  277  270  257  244  235  229  221  213  203  188  168  148  129
  114  105  101  103  107  111  113  112  109  105  100   97   95   94   93   91
   89   85   81   77   75   74   75   76   77   77   76   73   70   70   73   81
   95  114  136  158  179  197  210  218  222  223  222  221  221  222  227  235
  242  249  256  259  263  267  278  291  291                                   
    57.5-180.0 180.0   5.0 450.0                            LAT/LON1/LON2/DLON/H
  298  294  291  280  274  260  246  236  229  222  214  205  192  175  158  141
  129  121  118  118  120  120  119  115  109  103   99   96   95   96   96   95
   93   89   84   80   77   76   76   77   78   77   75   72   70   69   73   83
   98  119  144  168  191  211  225  235  241  243  243  244  245  249  256  264
  271  277  281  280  278  276  284  297  298                                   
    55.0-180.0 180.0   5.0 450.0                            LAT/LON1/LON2/DLON/H
  311  305  300  289  283  269  252  240  231  221  213  204  193  180  167  155
  146  139  136  134  132  129  124  118  111  105  102  100  101  102  103  103
  100   97   92   88   86   85   85   86   87   86   84   81   78   78   82   92
  108  130  155  181  205  226  243  255  262  266  269  272  276  282  291  301
  308  314  316  311  304  296  299  311  311                                   
    52.5-180.0 180.0   5.0 450.0                            LAT/LON1/LON2/DLON/H
  334  326  318  308  302  287  268  252  238  225  213  203  193  183  174  166
  160  155  151  146  141  135  128  121  116  113  112  112  114  115  115  114
  111  108  104  101   99   99   99  101  102  102  100   97   94   94   98  107
  123  144  168  194  219  242  261  275  285  292  297  302  309  317  328  339
  348  355  357  349  338  327  326  336  334                                   
    50.0-180.0 180.0   5.0 450.0                            LAT/LON1/LON2/DLON/H
  365  356  346  339  332  316  296  277  257  238  221  207  196  187  180  175
  170  165  158  152  144  137  132  128  127  127  129  132  134  134  132  129
  125  121  117  115  115  115  116  118  120  120  119  117  115  115  119  128
  142  161  184  209  234  258  279  296  309  319  326  332  339  348  359  372
  383  392  395  388  376  365  362  370  365                                   
    47.5-180.0 180.0   5.0 450.0                            LAT/LON1/LON2/DLON/H
  399  391  383  380  371  357  336  313  288  262  238  218  203  193  185  180
  175  168  160  151  144  139  137  138  142  148  154  158  159  156  150  144
  137  133  131  130  130  131  132  134  136  137  138  138  138  139  143  150
  162  179  200  225  251  276  299  318  334  345  353  359  365  372  381  394
  406  418  423  420  412  404  400  407  399                                   
    45.0-180.0 180.0   5.0 450.0                            LAT/LON1/LON2/DLON/H
  431  426  423  425  416  404  385  361  331  298  267  240  219  204  194  186
  178  169  159  150  145  143  146  152  162  172  180  184  183  176  165  155
  147  143  142  142  143  144  145  146  148  151  154  156  158  161  165  172
  183  198  218  242  269  295  320  341  357  369  376  381  384  388  394  404
  416  430  439  443  440  437  435  439  431                                   
    42.5-180.0 180.0   5.0 450.0                            LAT/LON1/LON2/DLON/H
  454  453  455  462  456  449  433  412  381  343  305  271  244  223  208  195
  183  171  160  153  150  152  159  170  183  195  203  205  199  188  174  163
  155  153  153  154  155  155  155  155  157  161  166  171  175  179  184  191
  201  216  237  261  289  316  341  362  378  389  395  398  399  399  401  407
  418  432  445  456  459  462  463  464  454                                   
    40.0-180.0 180.0   5.0 450.0                            LAT/LON1/LON2/DLON/H
  468  470  474  483  482  480  470  454  427  389  349  311  277  250  229  210
  193  179  169  163  164  169  179  191  203  213  218  216  206  192  179  170
  165  166  168  170  169  168  166  165  167  171  177  183  188  194  199  206
  217  233  255  280  308  335  359  379  394  404  410  412  411  408  407  411
  420  434  450  464  472  480  482  480  468                                   
    37.5-180.0 180.0   5.0 450.0                            LAT/LON1/LON2/DLON/H
  479  481  483  487  492  494  487  478  458  426  389  351  316  284  256  232
  211  195  186  183  186  193  202  211  219  224  223  218  207  195  186  182
  184  188  192  192  190  186  182  180  181  184  190  195  200  205  210  217
  230  248  271  298  325  351  374  392  406  415  422  425  425  422  421  424
  432  445  461  476  485  497  499  494  479                                   
    35.0-180.0 180.0   5.0 450.0                            LAT/LON1/LON2/DLON/H
  495  495  492  485  490  492  486  482  470  446  417  385  351  318  287  259
  235  219  211  210  214  220  225  228  229  228  224  217  210  204  203  207
  215  223  226  224  218  211  205  201  201  203  206  210  212  214  217  225
  238  258  283  310  337  362  382  399  413  425  435  442  446  447  449  453
  462  474  490  501  509  521  522  514  495                                   
    32.5-180.0 180.0   5.0 450.0                            LAT/LON1/LON2/DLON/H
  525  527  515  493  492  488  477  473  465  451  430  406  378  348  317  288
  263  247  239  239  242  244  243  240  235  230  227  224  223  226  235  248
  262  271  273  266  255  244  235  230  227  226  226  225  224  221  222  228
  242  264  290  317  342  364  383  399  415  431  447  462  475  485  494  505
  517  530  545  551  555  563  559  549  525                                   
    30.0-180.0 180.0   5.0 450.0                            LAT/LON1/LON2/DLON/H
  577  586  565  529  518  505  484  473  463  451  436  418  396  370  342  314
  290  274  266  264  263  260  254  246  241  238  239  244  253  267  286  307
  325  334  330  316  298  282  271  263  257  252  247  241  233  226  223  227
  241  264  290  315  338  356  373  390  408  430  454  479  503  526  548  569
  591  610  625  627  627  630  619  607  577                                   
    27.5-180.0 180.0   5.0 450.0                            LAT/LON1/LON2/DLON/H
  655  676  646  601  579  558  525  502  483  466  449  432  412  388  362  335
  312  295  284  277  272  265  257  252  252  257  268  284  304  329  358  385
  403  405  391  367  341  319  304  294  284  274  263  252  239  227  220  223
  237  259  285  308  327  343  358  376  398  425  456  490  525  561  596  630
  663  691  711  714  714  719  705  690  655                                   
    25.0-180.0 180.0   5.0 450.0                            LAT/LON1/LON2/DLON/H
  752  790  758  706  672  643  596  558  527  503  480  458  435  410  383  356
  331  310  292  279  269  262  259  263  275  293  318  346  377  411  444  470
  481  472  445  409  373  347  329  315  301  286  271  256  240  225  215  217
  231  253  278  300  316  330  346  366  393  426  463  503  547  592  637  682
  724  760  786  796  798  814  809  792  752                                   
    22.5-180.0 180.0   5.0 450.0                            LAT/LON1/LON2/DLON/H
  857  909  880  828  781  744  687  635  592  558  527  499  470  441  411  381
  352  323  296  275  262  259  267  285  313  349  388  426  463  497  525  542
  540  517  476  428  387  357  337  320  303  285  267  251  234  219  209  210
  224  247  272  293  309  323  342  367  400  437  479  524  572  623  675  724
  772  813  844  862  868  897  909  894  857                                   
    20.0-180.0 180.0   5.0 450.0                            LAT/LON1/LON2/DLON/H
  959 1013  990  941  888  846  784  723  670  627  588  552  517  482  449  415
  380  343  308  280  267  270  289  324  370  421  469  510  541  564  577  578
  560  523  471  418  375  347  327  310  291  271  254  239  225  211  202  204
  219  242  268  289  307  325  348  380  418  460  505  551  601  653  706  757
  804  845  880  905  915  949  977  970  959                                   
    17.5-180.0 180.0   5.0 450.0                            LAT/LON1/LON2/DLON/H
 1036 1083 1073 1031  979  939  877  811  753  703  657  614  572  532  495  459
  420  378  337  306  293  302  334  383  442  499  545  574  587  590  583  566
  533  486  431  380  344  321  304  287  268  250  235  224  213  202  195  198
  214  239  266  290  311  334  363  401  444  489  535  580  628  679  730  778
  821  858  893  922  936  967 1000 1008 1036                                   
    15.0-180.0 180.0   5.0 450.0                            LAT/LON1/LON2/DLON/H
 1065 1102 1113 1083 1042 1007  951  887  828  775  725  677  631  587  548  511
  472  430  388  357  346  362  401  458  518  566  593  598  586  565  538  506
  466  418  368  328  303  287  275  259  241  225  214  207  200  192  187  191
  208  235  265  292  318  347  383  425  472  518  563  607  652  700  746  789
  826  856  889  920  936  961  988 1009 1065                                   
    12.5-180.0 180.0   5.0 450.0                            LAT/LON1/LON2/DLON/H
 1052 1081 1113 1099 1070 1042  993  935  881  831  782  735  688  643  604  569
  533  495  458  431  426  445  487  538  581  603  599  573  535  495  457  421
  382  340  304  278  264  257  247  233  215  202  195  192  189  183  180  185
  203  231  263  295  326  361  401  447  494  540  584  626  669  714  755  791
  822  844  873  903  919  939  958  985 1052                                   
    10.0-180.0 180.0   5.0 450.0                            LAT/LON1/LON2/DLON/H
 1019 1046 1087 1085 1067 1045 1003  952  906  863  821  780  737  694  657  625
  597  568  540  523  523  544  576  605  613  596  556  503  449  404  368  337
  307  278  255  242  238  236  228  214  198  186  182  182  181  178  175  180
  198  227  262  298  334  373  416  463  510  553  596  637  680  722  759  789
  811  826  850  876  892  909  925  954 1019                                   
     7.5-180.0 180.0   5.0 450.0                            LAT/LON1/LON2/DLON/H
  982 1006 1047 1051 1041 1026  991  948  909  874  841  807  770  733  700  674
  654  637  622  616  622  637  648  640  605  547  477  411  358  322  298  280
