data/edconvlstm_nd/pred2420.15i
     1.0            IONOSPHERE MAPS     GNSS                IONEX VERSION / TYPE
pyspatialgeodesy        IME             05-JAN-18 20:20     PGM / RUN BY / DATE 
Map Name                                                    COMMENT             
Predicted global ionosphere maps (GIM).                     DESCRIPTION         
  2015     8    30     0     0     0                        EPOCH OF FIRST MAP  
  2015     8    31     0     0     0                        EPOCH OF LAST MAP   
  7200                                                      INTERVAL            
    13                                                      # OF MAPS IN FILE   
  NONE                                                      MAPPING FUNCTION    
10.0                                                        ELEVATION CUTOFF    
One-way carrier phase leveled to code                       OBSERVABLES USED    
  6371.0                                                    BASE RADIUS         
 2                                                          MAP DIMENSION       
   450.0 450.0   0.0                                        HGT1 / HGT2 / DHGT  
    87.5 -87.5  -2.5                                        LAT1 / LAT2 / DLAT  
  -180.0 180.0   5.0                                        LON1 / LON2 / DLON  
    -1                                                      EXPONENT            
                                                            END OF HEADER       
[from data line 858]
     3                                                      START OF TEC MAP    
  2015     8    30     4     0     0                        EPOCH OF CURRENT MAP
    87.5-180.0 180.0   5.0 450.0                            LAT/LON1/LON2/DLON/H
   80   85   82   86   84   84   82   79   79   80   80   80   80   80   80   79
   79   78   78   77   76   76   75   75   74   74   73   73   73   73   73   73
   73   73   74   74   74   74   75   75   75   76   76   77   77   78   78   79
   80   80   81   81   82   82   82   83   83   83   83   83   83   83   82   82
   83   83   81   81   86   94   98   86   80                                   
    85.0-180.0 180.0   5.0 450.0                            LAT/LON1/LON2/DLON/H
   77   92   83   87   89   89   89   88   88   89   88   89   89   88   88   87
   86   85   84   83   82   81   79   78   77   77   76   76   76   76   76   76
   76   76   76   77   77   78   78   79   79   80   81   82   83   84   85   86
   87   88   89   90   91   92   92   93   93   94   94   94   94   94   93   93
   94   94   90   92   93   95  102   91   77                                   
    82.5-180.0 180.0   5.0 450.0                            LAT/LON1/LON2/DLON/H
   85   88   99   92   91   93   94   93   95   95   95   96   96   96   95   94
   92   91   89   86   84   82   80   78   77   75   74   74   74   74   74   74
   75   75   76   76   77   77   78   79   80   81   82   83   85   86   88   90
   91   93   95   96   98   99  101  102  102  103  103  104  103  103  102  102
  102  101   97   96  104   95   94   89   85                                   
    80.0-180.0 180.0   5.0 450.0                            LAT/LON1/LON2/DLON/H
   97   95   94   88   90   90   93   93   95   95   95   97   97   97   96   95
   93   90   88   84   81   78   75   72   70   69   68   67   67   68   68   69
   70   71   72   73   74   75   76   76   77   79   80   82   84   86   88   90
   93   95   97   99  101  103  105  106  107  108  109  109  109  108  107  107
  106  103  102  101  110  105  104   94   97                                   
    77.5-180.0 180.0   5.0 450.0                            LAT/LON1/LON2/DLON/H
  101   99   93   90   87   90   93   94   96   96   96   98   98   99   98   97
   95   92   88   84   80   75   71   68   65   63   62   62   63   64   65   67
   69   70   72   73   74   75   76   77   78   79   81   83   86   88   91   94
   97  100  103  105  108  110  112  113  114  115  116  116  116  115  114  113
  112  111  106  108  110  102  100   96  101                                   
    75.0-180.0 180.0   5.0 450.0                            LAT/LON1/LON2/DLON/H
   97   98   91   88   83   87   88   89   90   90   90   91   92   92   92   91
   88   85   82   77   72   67   63   59   56   54   53   54   55   58   60   63
   65   67   69   70   71   72   72   72   73   75   77   79   82   85   88   92
   95   98  100  103  105  107  109  111  112  113  114  114  114  113  112  112
  110  109  106  103  106  102  100   98   97                                   
    72.5-180.0 180.0   5.0 450.0                            LAT/LON1/LON2/DLON/H
   98  101   96   90   88   91   92   92   92   92   91   92   92   92   92   90
   88   85   81   77   72   66   61   57   54   53   52   54   56   59   63   66
   69   72   73   74   75   75   74   74   75   77   79   82   86   89   93   96
   99  102  104  106  108  110  112  114  115  117  117  118  118  117  117  117
  116  115  114  112  112  107  103  101   98                                   
    70.0-180.0 180.0   5.0 450.0                            LAT/LON1/LON2/DLON/H
  103  106  102   95   92   93   93   92   92   90   88   89   88   87   87   86
   84   81   78   74   69   64   59   55   52   51   51   52   55   59   63   67
   70   72   74   74   73   73   72   71   72   74   77   81   85   89   93   97
   99  102  103  104  106  107  109  111  113  114  116  117  117  117  117  117
  116  115  116  115  115  111  110  105  103                                   
    67.5-180.0 180.0   5.0 450.0                            LAT/LON1/LON2/DLON/H
  102  107  102   96   92   92   92   90   89   86   83   83   81   79   78   77
   76   74   72   68   64   60   55   52   49   48   48   50   53   57   60   64
   66   68   68   68   66   65   64   64   65   67   71   76   81   86   90   94
   96   97   97   98   98   99  101  103  105  108  110  111  112  112  112  113
  113  112  114  113  114  111  110  106  102                                   
    65.0-180.0 180.0   5.0 450.0                            LAT/LON1/LON2/DLON/H
  101  107  102   96   92   92   91   90   88   85   81   79   76   74   72   71
   70   69   67   65   62   58   55   51   49   48   49   50   53   56   59   61
   63   63   63   61   59   58   56   57   58   62   67   73   79   85   90   93
   94   94   94   94   94   95   96   99  102  105  108  110  112  112  112  113
  113  112  113  113  114  113  112  108  101                                   
    62.5-180.0 180.0   5.0 450.0                            LAT/LON1/LON2/DLON/H
  100  106  101   95   93   92   91   90   88   84   79   76   72   69   66   65
   65   64   64   63   61   58   55   52   50   50   50   52   54   56   58   59
   58   57   56   54   52   50   50   51   54   58   65   72   79   86   90   93
   94   94   93   92   93   94   96   99  103  107  110  113  116  116  117  117
  116  114  115  114  115  113  113  110  100                                   
    60.0-180.0 180.0   5.0 450.0                            LAT/LON1/LON2/DLON/H
   98  104   98   93   90   90   89   87   85   81   76   73   68   63   60   59
   58   59   59   59   58   55   53   51   49   49   50   52   54   55   55   53
   52   49   47   45   43   43   43   45   49   55   63   71   79   85   90   93
   93   93   93   93   93   95   98  102  107  111  116  119  122  123  123  122
  120  118  117  115  115  113  112  109   98                                   
    57.5-180.0 180.0   5.0 450.0                            LAT/LON1/LON2/DLON/H
   99  102   97   91   89   88   88   86   84   79   74   70   64   59   56   54
   53   54   55   55   54   52   50   48   47   47   49   51   52   52   51   48
   45   42   39   38   37   38   39   42   47   54   62   71   80   87   91   94
   95   95   96   98  100  103  107  112  117  122  127  131  134  135  134  133
  130  126  124  120  118  115  113  111   99                                   
    55.0-180.0 180.0   5.0 450.0                            LAT/LON1/LON2/DLON/H
  102  102   97   92   89   88   87   85   82   77   71   66   60   55   52   49
   49   49   50   49   48   47   44   43   42   43   45   48   49   49   47   43
   39   35   33   32   33   35   37   41   47   55   63   73   81   88   93   96
   98  100  103  107  111  116  121  125  130  135  140  145  148  149  148  146
  142  136  133  127  124  118  115  114  102                                   
    52.5-180.0 180.0   5.0 450.0                            LAT/LON1/LON2/DLON/H
  108  106  101   96   92   90   89   85   82   76   69   64   58   53   49   47
   46   46   45   45   43   41   39   37   37   39   41   44   46   46   43   39
   35   31   30   30   32   35   38   43   49   57   66   75   84   91   96  100
  104  108  114  120  126  133  138  142  146  151  155  159  162  163  162  159
  155  149  144  137  132  125  121  120  108                                   
    50.0-180.0 180.0   5.0 450.0                            LAT/LON1/LON2/DLON/H
  117  114  108  104   99   96   94   89   84   77   69   64   58   53   49   46
   44   44   43   41   39   37   34   33   33   35   38   41   44   44   41   37
   33   30   30   31   34   37   42   47   53   61   70   80   88   95  101  107
  112  119  127  136  144  151  156  160  162  165  168  171  173  174  173  171
  167  161  156  149  143  134  130  128  117                                   
    47.5-180.0 180.0   5.0 450.0                            LAT/LON1/LON2/DLON/H
  128  124  117  114  108  104  101   94   88   80   72   67   60   55   51   48
   45   44   42   40   37   35   33   32   32   34   37   40   42   43   41   37
   34   32   32   34   38   42   46   52   58   66   75   85   93  101  108  115
  122  131  142  153  162  169  173  175  175  176  177  179  181  181  181  180
  176  171  167  160  154  145  140  138  128                                   
    45.0-180.0 180.0   5.0 450.0                            LAT/LON1/LON2/DLON/H
  138  134  127  125  117  112  108  101   94   86   78   72   66   61   56   52
   49   46   44   41   39   37   35   34   34   35   38   41   43   43   42   39
   37   36   37   39   43   47   51   57   63   72   81   90   99  107  115  123
  133  144  156  168  178  184  186  186  184  182  181  182  183  184  185  185
  182  179  175  169  165  156  151  148  138                                   
    42.5-180.0 180.0   5.0 450.0                            LAT/LON1/LON2/DLON/H
  146  142  135  133  125  119  115  108  101   93   85   80   75   69   64   59
   55   52   49   46   44   43   42   41   41   41   42   44   45   46   44   42
   41   41   42   45   49   52   56   61   68   77   86   96  105  114  123  132
  142  154  167  179  189  194  195  192  189  185  184  183  184  185  186  187
  186  184  181  177  173  165  160  156  146                                   
    40.0-180.0 180.0   5.0 450.0                            LAT/LON1/LON2/DLON/H
  151  148  140  137  130  124  120  113  107  100   94   90   85   79   73   68
   63   59   55   53   52   53   53   53   52   51   50   50   50   49   48   47
   46   46   48   51   54   56   60   65   72   81   91  101  111  120  129  139
  150  162  174  185  194  199  200  197  192  188  186  185  185  186  187  189
  189  188  186  182  179  171  167  161  151                                   
    37.5-180.0 180.0   5.0 450.0                            LAT/LON1/LON2/DLON/H
  155  151  143  138  133  127  122  116  111  106  102   99   95   90   83   77
   71   66   63   62   63   65   67   67   66   64   61   58   56   54   52   51
   51   52   54   56   58   60   62   67   75   85   96  106  116  125  135  145
  155  166  177  187  196  202  203  201  198  194  192  191  191  191  192  195
  195  194  191  187  184  176  171  163  155                                   
    35.0-180.0 180.0   5.0 450.0                            LAT/LON1/LON2/DLON/H
  159  154  144  138  135  129  125  119  116  111  109  107  104   99   93   85
   79   74   71   71   73   77   81   83   82   78   73   68   64   60   58   56
   56   57   59   60   61   62   64   69   78   89  100  110  120  129  139  148
  158  167  177  187  196  204  208  209  208  206  205  204  203  203  204  206
  206  203  199  195  190  180  175  166  159                                   
    32.5-180.0 180.0   5.0 450.0                            LAT/LON1/LON2/DLON/H
  166  159  149  141  140  134  129  124  120  116  114  114  112  107  100   92
   85   80   77   78   83   89   95   98   98   93   86   79   73   68   64   62
   61   62   63   64   64   64   66   71   79   91  103  113  122  131  141  151
  159  168  177  187  199  210  218  223  226  227  226  225  223  222  222  223
  222  218  212  205  198  186  180  170  166                                   
    30.0-180.0 180.0   5.0 450.0                            LAT/LON1/LON2/DLON/H
  178  172  162  153  153  146  140  133  128  122  120  120  118  113  105   97
   89   84   82   84   90   99  106  111  111  106   99   91   83   76   71   68
   67   67   68   67   66   65   66   71   80   92  105  115  124  133  143  153
  162  170  180  192  207  222  236  245  252  255  256  255  252  249  248  247
  244  239  230  220  210  196  189  180  178                                   
    27.5-180.0 180.0   5.0 450.0                            LAT/LON1/LON2/DLON/H
  199  195  185  176  176  168  161  150  141  132  127  125  123  117  109  100
   92   86   85   88   96  105  114  120  120  116  110  102   93   85   79   75
   73   72   71   70   68   66   66   71   80   93  106  117  127  136  147  158
  168  177  188  204  223  243  261  276  285  291  292  290  285  281  277  275
  271  263  252  240  228  211  204  196  199                                   
    25.0-180.0 180.0   5.0 450.0                            LAT/LON1/LON2/DLON/H
  228  226  219  213  212  202  194  178  163  147  138  133  129  122  113  103
   94   88   87   91  100  110  120  125  126  123  118  111  102   94   87   82
   79   77   75   72   69   66   66   70   79   93  107  119  130  141  153  166
  178  190  204  223  246  271  293  311  323  329  330  326  320  314  309  305
  299  291  279  264  250  232  224  218  228                                   
    22.5-180.0 180.0   5.0 450.0                            LAT/LON1/LON2/DLON/H
  262  265  263  260  258  247  237  215  194  171  155  145  138  130  120  108
   98   92   91   95  104  114  123  129  130  127  123  117  110  102   95   89
   85   82   78   74   70   67   66   69   79   92  108  122  136  149  163  179
  194  209  226  248  275  303  329  349  362  368  367  362  354  346  339  335
  328  320  307  293  277  258  250  247  262                                   
    20.0-180.0 180.0   5.0 450.0                            LAT/LON1/LON2/DLON/H
  299  308  312  314  311  299  288  260  232  201  178  163  152  141  129  116
  105   98   97  101  109  119  127  131  131  129  125  120  114  107  101   95
   91   87   82   77   72   68   67   69   78   93  110  127  143  159  176  194
  213  231  252  277  306  336  363  384  397  402  400  393  384  374  367  362
  356  348  337  323  306  287  279  279  299                                   
    17.5-180.0 180.0   5.0 450.0                            LAT/LON1/LON2/DLON/H
  335  348  357  364  361  350  338  306  273  236  206  185  170  156  142  128
  116  109  107  110  117  126  132  134  132  129  125  120  115  110  104  100
   96   91   86   80   75   71   69   71   80   95  114  134  152  170  190  210
  231  253  277  304  335  366  394  414  426  430  427  420  410  400  393  387
  382  375  365  353  335  319  311  313  335                                   
    15.0-180.0 180.0   5.0 450.0                            LAT/LON1/LON2/DLON/H
  364  377  387  398  398  390  378  346  311  270  236  211  193  176  160  144
  131  123  120  123  128  135  138  138  134  128  123  118  114  109  106  103
   99   95   89   84   78   74   72   73   81   97  117  139  160  180  201  223
  247  272  299  328  359  390  417  437  448  452  449  441  432  423  416  410
  405  399  391  381  364  350  343  345  364                                   
    12.5-180.0 180.0   5.0 450.0                            LAT/LON1/LON2/DLON/H
  383  392  399  411  414  409  401  372  339  299  264  237  217  198  181  164
  150  141  138  139  142  146  147  143  136  127  120  114  110  107  105  104
  101   97   92   87   82   78   75   76   83   98  119  143  165  186  208  232
  258  286  315  345  377  406  432  451  462  466  464  459  452  444  437  431
  425  420  415  407  391  379  373  376  383                                   
    10.0-180.0 180.0   5.0 450.0                            LAT/LON1/LON2/DLON/H
  395  397  396  404  410  409  403  381  352  317  285  259  239  220  202  185
  171  161  157  156  157  157  155  148  138  127  117  110  106  104  103  103
  102   99   95   90   87   83   79   79   84   98  119  143  166  188  210  236
  264  294  325  356  387  415  439  457  468  473  474  472  468  462  455  448
  442  437  434  429  415  406  401  403  395                                   
     7.5-180.0 180.0   5.0 450.0                            LAT/LON1/LON2/DLON/H
  403  399  388  391  395  395  390  375  353  324  297  274  255  237  221  205
  191  181  175  172  170  168  162  153  140  127  116  108  104  102  102  102
