data/edconvlstm_nd/pred3080.15i
     1.0            IONOSPHERE MAPS     GNSS                IONEX VERSION / TYPE
pyspatialgeodesy        IME             05-JAN-18 20:20     PGM / RUN BY / DATE 
Map Name                                                    COMMENT             
Predicted global ionosphere maps (GIM).                     DESCRIPTION         
  2015    11     4     0     0     0                        EPOCH OF FIRST MAP  
  2015    11     5     0     0     0                        EPOCH OF LAST MAP   
  7200                                                      INTERVAL            
    13                                                      # OF MAPS IN FILE   
  NONE                                                      MAPPING FUNCTION    
10.0                                                        ELEVATION CUTOFF    
One-way carrier phase leveled to code                       OBSERVABLES USED    
  6371.0                                                    BASE RADIUS         
 2                                                          MAP DIMENSION       
   450.0 450.0   0.0                                        HGT1 / HGT2 / DHGT  
    87.5 -87.5  -2.5                                        LAT1 / LAT2 / DLAT  
  -180.0 180.0   5.0                                        LON1 / LON2 / DLON  
    -1                                                      EXPONENT            
                                                            END OF HEADER       
     1                                                      START OF TEC MAP    
  2015    11     4     0     0     0                        EPOCH OF CURRENT MAP
    87.5-180.0 180.0   5.0 450.0                            LAT/LON1/LON2/DLON/H
   87   80   73   65   63   69   66   64   65   64   65   65   65   65   64   64
   63   62   61   60   59   57   56   55   54   53   52   51   50   49   48   48
   48   48   48   48   49   49   50   51   51   52   53   54   55   56   57   58
   58   59   59   60   60   60   60   60   60   59   59   59   58   58   58   58
   58   58   57   58   53   67   75   75   87                                   
    85.0-180.0 180.0   5.0 450.0                            LAT/LON1/LON2/DLON/H
   79   81   62   65   67   75   71   69   69   69   69   69   69   68   68   67
   66   65   63   62   60   58   56   54   53   51   49   48   46   45   44   44
   44   44   45   46   47   48   50   51   53   55   56   58   59   60   61   62
   63   64   64   65   65   65   65   65   65   65   65   65   64   64   64   64
   64   64   65   69   72   80   91   85   79                                   
    82.5-180.0 180.0   5.0 450.0                            LAT/LON1/LON2/DLON/H
   74   64   76   72   70   78   74   72   74   74   74   75   75   75   74   73
   72   70   67   65   62   59   55   52   49   45   42   40   38   36   35   34
   34   35   36   38   40   42   45   48   51   54   57   59   61   63   64   65
   65   66   66   66   66   66   66   66   66   66   66   66   65   65   65   66
   65   64   65   65   73   68   79   83   74                                   
    80.0-180.0 180.0   5.0 450.0                            LAT/LON1/LON2/DLON/H
   90   78   81   75   77   79   79   78   81   81   82   83   84   83   83   82
   80   78   75   72   68   63   59   54   50   45   41   38   35   32   31   30
   31   32   34   36   39   42   46   50   53   56   59   61   63   64   64   65
   65   64   64   64   64   63   63   63   63   64   64   64   65   65   66   66
   66   65   66   66   83   74   89  103   90                                   
    77.5-180.0 180.0   5.0 450.0                            LAT/LON1/LON2/DLON/H
  104   93   88   91   86   87   88   91   94   93   95   96   96   96   95   94
   92   90   87   83   79   75   69   63   58   52   47   43   39   36   34   33
   34   35   37   41   44   48   53   57   60   63   66   67   68   68   68   67
   65   64   63   62   62   61   61   61   62   63   63   64   65   66   67   68
   69   71   72   74   83   83   92  114  104                                   
    75.0-180.0 180.0   5.0 450.0                            LAT/LON1/LON2/DLON/H
  118  101  104  107   99  101  100  102  106  105  105  105  104  102   99   97
   95   92   90   87   84   80   75   70   64   58   53   48   45   42   40   39
   40   41   44   47   51   56   60   64   67   69   71   71   71   69   67   65
   62   60   58   57   56   56   57   58   59   61   62   64   66   68   70   71
   72   75   79   78   88   97  103  121  118                                   
    72.5-180.0 180.0   5.0 450.0                            LAT/LON1/LON2/DLON/H
  121  112  117  119  113  111  113  116  119  116  115  113  109  105  100   96
   93   91   89   87   86   84   80   76   72   67   62   58   54   51   50   49
   49   50   52   55   58   62   65   68   70   71   71   70   67   64   61   57
   54   51   50   49   49   49   51   52   55   57   59   62   64   67   70   72
   74   77   85   86   96  105  115  135  121                                   
    70.0-180.0 180.0   5.0 450.0                            LAT/LON1/LON2/DLON/H
  132  123  128  133  125  125  126  128  131  127  124  119  112  105   97   91
   87   84   82   82   82   81   80   77   74   71   67   64   61   59   57   56
   55   56   57   58   61   63   66   68   69   69   68   65   62   58   54   51
   48   46   45   44   45   47   49   53   56   59   63   66   69   71   75   78
   79   82   90   94  103  115  123  140  132                                   
    67.5-180.0 180.0   5.0 450.0                            LAT/LON1/LON2/DLON/H
  139  132  135  140  132  130  131  134  136  132  127  120  111  100   89   81
   75   71   70   71   72   72   72   71   69   67   65   63   61   60   58   56
   55   54   54   54   55   56   57   58   59   58   57   54   51   48   44   42
   39   38   38   39   41   44   47   52   56   61   65   69   72   75   78   81
   82   85   92   96  107  120  127  144  139                                   
    65.0-180.0 180.0   5.0 450.0                            LAT/LON1/LON2/DLON/H
  143  135  137  142  133  131  131  135  138  135  130  122  111   97   84   74
   67   63   62   63   65   66   66   65   64   62   61   60   59   58   57   55
   53   51   49   48   47   47   47   48   48   48   47   46   44   41   39   37
   36   36   37   38   41   45   49   54   60   65   71   75   79   82   85   87
   89   91   98  100  110  124  131  147  143                                   
    62.5-180.0 180.0   5.0 450.0                            LAT/LON1/LON2/DLON/H
  147  139  138  141  133  129  128  133  138  137  134  126  113   99   84   73
   65   62   61   62   62   62   61   59   57   56   55   55   56   55   54   52
   50   47   44   42   40   40   40   41   41   42   42   42   41   40   39   38
   38   39   40   42   45   49   54   60   66   73   79   84   89   93   96   98
   99  100  106  107  113  126  133  149  147                                   
    60.0-180.0 180.0   5.0 450.0                            LAT/LON1/LON2/DLON/H
  149  142  140  139  130  125  123  128  135  135  134  127  116  101   88   77
   70   66   65   64   63   61   57   53   50   48   48   49   50   51   50   49
   46   43   40   37   36   36   36   37   39   41   42   44   44   44   44   44
   44   45   46   48   50   54   58   64   71   79   86   92   98  103  108  111
  111  112  116  116  119  128  135  151  149                                   
    57.5-180.0 180.0   5.0 450.0                            LAT/LON1/LON2/DLON/H
  155  149  146  141  131  124  120  124  131  132  131  127  117  104   93   84
   78   75   73   71   66   60   54   48   43   41   41   43   45   47   47   46
   44   41   39   38   37   38   39   40   43   45   48   50   52   53   53   53
   53   53   54   54   56   59   63   69   76   84   92  100  108  115  121  126
  126  127  131  129  129  134  141  157  155                                   
    55.0-180.0 180.0   5.0 450.0                            LAT/LON1/LON2/DLON/H
  165  161  159  151  140  131  125  126  131  131  129  124  116  106   98   92
   88   86   83   78   70   61   52   44   39   37   38   41   44   46   47   47
   46   44   44   45   46   47   49   51   53   56   59   62   64   65   65   65
   64   63   63   62   63   65   69   74   80   88   97  106  115  124  133  140
  142  144  148  146  145  145  151  169  165                                   
    52.5-180.0 180.0   5.0 450.0                            LAT/LON1/LON2/DLON/H
  181  180  178  169  158  148  140  138  138  134  130  123  115  107  101   98
   97   95   91   84   74   63   53   45   41   39   41   45   48   51   52   52
   52   53   55   58   61   63   65   66   68   70   73   75   77   77   77   76
   75   73   72   71   70   71   74   78   84   91  100  109  119  130  141  151
  156  160  164  162  162  160  166  186  181                                   
    50.0-180.0 180.0   5.0 450.0                            LAT/LON1/LON2/DLON/H
  201  204  201  195  185  174  165  159  153  145  136  127  118  110  106  104
  103  101   97   89   79   68   59   52   49   49   51   55   59   61   62   63
   64   67   71   77   81   84   85   85   85   86   87   89   89   89   88   87
   85   84   82   80   79   79   81   85   90   96  103  111  122  134  147  160
  167  173  178  176  178  177  183  205  201                                   
    47.5-180.0 180.0   5.0 450.0                            LAT/LON1/LON2/DLON/H
  221  229  227  226  218  209  199  188  177  162  149  136  124  116  112  110
  109  106  101   94   85   76   70   66   65   66   69   72   75   76   76   77
   79   83   89   96  102  104  103  101   99   99   99   99   99   98   97   95
   94   93   91   90   89   89   91   95   99  103  109  116  125  137  152  166
  175  183  189  187  191  193  200  223  221                                   
    45.0-180.0 180.0   5.0 450.0                            LAT/LON1/LON2/DLON/H
  239  252  252  256  252  246  238  224  207  186  166  149  136  126  121  118
  116  112  106  100   94   89   87   87   88   90   92   94   94   93   91   90
   92   97  105  112  117  118  116  112  109  107  106  106  105  104  103  102
  102  102  101  100  100  101  104  108  111  115  118  124  132  143  157  172
  182  191  197  196  202  207  216  237  239                                   
    42.5-180.0 180.0   5.0 450.0                            LAT/LON1/LON2/DLON/H
  253  269  271  282  282  279  273  260  240  214  190  169  153  142  136  131
  126  120  115  110  108  108  110  114  117  118  117  115  111  106  102  101
  102  107  114  120  124  124  121  116  112  110  110  110  109  108  107  107
  108  110  111  112  113  115  119  123  126  129  132  136  143  153  166  180
  191  200  207  207  212  219  228  245  253                                   
    40.0-180.0 180.0   5.0 450.0                            LAT/LON1/LON2/DLON/H
  267  284  286  299  305  303  300  289  269  243  218  197  180  168  159  151
  142  135  129  127  128  134  140  145  146  143  137  129  121  114  109  106
  107  111  117  122  124  123  119  115  112  111  112  112  112  111  110  111
  114  117  120  122  124  128  132  137  141  143  146  149  156  165  178  191
  202  212  220  222  225  231  239  250  267                                   
    37.5-180.0 180.0   5.0 450.0                            LAT/LON1/LON2/DLON/H
  284  301  300  311  321  321  317  308  291  267  245  227  213  201  190  179
  167  158  151  151  155  163  170  173  169  159  147  134  123  115  110  109
  110  113  117  120  121  119  116  113  111  112  114  115  114  113  113  115
  118  122  125  128  131  135  141  146  150  154  157  162  170  180  194  208
  219  229  240  244  245  250  254  260  284                                   
    35.0-180.0 180.0   5.0 450.0                            LAT/LON1/LON2/DLON/H
  309  329  324  326  337  335  328  319  304  284  267  256  246  237  226  213
  199  187  180  180  184  191  194  190  179  162  145  130  120  114  112  113
  114  116  117  118  118  116  114  112  112  114  117  118  117  115  115  116
  119  122  125  127  130  134  140  147  153  158  164  172  183  196  212  228
  242  254  267  274  277  281  283  282  309                                   
    32.5-180.0 180.0   5.0 450.0                            LAT/LON1/LON2/DLON/H
  349  376  369  357  364  357  343  330  315  297  284  278  274  269  259  245
  230  217  209  207  208  208  204  193  175  155  137  124  117  116  118  121
  123  123  122  121  119  117  115  115  117  120  122  122  120  117  115  115
  116  117  117  118  120  125  132  140  148  156  165  177  193  211  232  252
  269  285  303  313  321  326  327  320  349                                   
    30.0-180.0 180.0   5.0 450.0                            LAT/LON1/LON2/DLON/H
  409  447  438  413  413  399  375  351  330  310  299  296  296  293  284  271
  256  243  232  225  219  211  200  183  163  145  131  124  123  127  133  138
  139  137  132  128  124  122  121  122  124  127  128  127  123  118  114  111
  110  108  106  105  106  111  119  129  140  151  164  180  201  225  252  279
  301  323  345  359  373  384  383  371  409                                   
    27.5-180.0 180.0   5.0 450.0                            LAT/LON1/LON2/DLON/H
  488  541  528  494  489  467  432  394  360  332  317  313  312  310  302  289
  274  259  245  231  216  201  184  167  152  141  136  136  141  149  157  161
  160  155  147  139  133  130  130  132  134  135  135  131  125  118  113  108
  105  100   96   93   94   99  108  120  133  147  163  183  208  237  270  303
  333  362  388  406  430  448  445  431  488                                   
    25.0-180.0 180.0   5.0 450.0                            LAT/LON1/LON2/DLON/H
  575  645  634  595  586  558  512  459  409  369  344  333  328  322  312  299
  283  265  245  223  202  182  167  157  152  153  157  164  173  182  189  191
  186  177  164  153  145  142  142  143  144  143  140  134  126  119  112  107
  102   96   89   86   87   93  104  117  132  148  166  188  215  247  283  321
  358  394  425  446  480  508  507  495  575                                   
    22.5-180.0 180.0   5.0 450.0                            LAT/LON1/LON2/DLON/H
  656  743  744  710  696  663  608  542  477  422  385  363  348  335  321  305
  286  263  237  209  185  168  161  162  171  183  196  207  216  223  225  222
  212  197  181  167  158  154  153  154  153  150  145  137  128  119  113  107
  101   94   87   84   85   92  105  120  137  155  174  197  224  256  293  333
  374  415  450  474  516  553  562  557  656                                   
    20.0-180.0 180.0   5.0 450.0                            LAT/LON1/LON2/DLON/H
  719  818  837  817  804  772  713  636  559  491  441  406  381  359  338  317
  293  265  233  204  182  173  177  192  213  234  251  261  265  265  260  250
  234  214  194  178  169  165  164  163  161  156  149  139  129  120  113  107
  101   94   87   84   87   96  110  127  146  164  184  205  231  262  299  340
  384  427  464  490  536  580  603  608  719                                   
    17.5-180.0 180.0   5.0 450.0                            LAT/LON1/LON2/DLON/H
  753  855  889  890  883  859  807  730  647  571  510  463  427  396  368  342
  314  281  247  219  204  205  222  248  277  301  314  316  310  300  287  270
  248  225  203  187  178  174  172  171  168  161  152  141  129  119  112  107
  101   94   88   86   90  101  117  135  155  174  193  214  239  268  304  345
  388  431  468  497  544  587  623  638  753                                   
    15.0-180.0 180.0   5.0 450.0                            LAT/LON1/LON2/DLON/H
  749  844  887  911  914  904  867  802  725  649  584  531  486  448  415  385
  353  319  286  263  257  269  296  328  355  370  371  360  342  321  300  279
  255  230  209  194  186  183  181  179  174  167  156  143  130  118  110  105
   99   94   90   89   94  106  124  144  164  183  203  223  247  275  309  348
  390  431  467  497  541  579  621  643  749                                   
    12.5-180.0 180.0   5.0 450.0                            LAT/LON1/LON2/DLON/H
  712  787  836  876  893  900  880  834  774  710  651  600  554  513  478  446
  414  380  351  336  340  362  391  416  429  426  410  384  354  326  301  278
  254  232  213  201  196  194  192  189  183  173  161  146  131  118  108  102
   98   93   91   91   98  110  129  149  170  190  210  231  255  283  316  352
  390  429  463  492  529  559  600  625  712                                   
    10.0-180.0 180.0   5.0 450.0                            LAT/LON1/LON2/DLON/H
  657  705  750  796  826  847  845  822  784  741  698  657  618  581  549  519
  489  460  439  432  444  466  487  495  485  460  424  384  346  315  291  271
  252  234  221  213  211  209  207  201  192  181  167  150  133  118  107  100
   96   92   91   92   98  112  130  151  173  193  214  237  262  291  323  357
  392  425  457  485  514  535  571  596  657                                   
     7.5-180.0 180.0   5.0 450.0                            LAT/LON1/LON2/DLON/H
  600  619  651  692  727  757  770  769  757  738  716  692  666  639  615  592
  568  546  533  533  546  561  564  547  512  464  412  363  324  296  278  265
