data/edconvlstm_nd/pred0860.15i
     1.0            IONOSPHERE MAPS     GNSS                IONEX VERSION / TYPE
pyspatialgeodesy        IME             05-JAN-18 20:20     PGM / RUN BY / DATE 
Map Name                                                    COMMENT             
Predicted global ionosphere maps (GIM).                     DESCRIPTION         
  2015     3    27     0     0     0                        EPOCH OF FIRST MAP  
  2015     3    28     0     0     0                        EPOCH OF LAST MAP   
  7200                                                      INTERVAL            
    13                                                      # OF MAPS IN FILE   
  NONE                                                      MAPPING FUNCTION    
10.0                                                        ELEVATION CUTOFF    
One-way carrier phase leveled to code                       OBSERVABLES USED    
  6371.0                                                    BASE RADIUS         
 2                                                          MAP DIMENSION       
   450.0 450.0   0.0                                        HGT1 / HGT2 / DHGT  
    87.5 -87.5  -2.5                                        LAT1 / LAT2 / DLAT  
  -180.0 180.0   5.0                                        LON1 / LON2 / DLON  
    -1                                                      EXPONENT            
                                                            END OF HEADER       
     1                                                      START OF TEC MAP    
  2015     3    27     0     0     0                        EPOCH OF CURRENT MAP
    87.5-180.0 180.0   5.0 450.0                            LAT/LON1/LON2/DLON/H
  155  164  172  162  160  163  163  164  166  167  169  171  173  174  175  175
  175  175  175  174  173  171  170  168  166  164  162  160  157  155  153  151
  149  147  146  144  143  142  142  142  142  143  143  144  145  146  147  148
  149  150  151  152  152  153  153  153  153  153  153  152  152  151  150  150
  150  150  150  150  148  146  154  171  155                                   
    85.0-180.0 180.0   5.0 450.0                            LAT/LON1/LON2/DLON/H
  167  166  154  156  161  166  166  168  172  174  177  179  181  183  184  184
  184  184  183  181  179  177  174  171  167  164  160  156  152  149  145  142
  139  136  134  133  132  132  132  133  135  136  138  140  143  145  147  149
  151  152  154  155  156  157  157  158  158  158  158  158  157  156  155  155
  154  153  154  156  148  153  162  175  167                                   
    82.5-180.0 180.0   5.0 450.0                            LAT/LON1/LON2/DLON/H
  162  158  160  160  164  169  170  174  180  183  187  191  194  196  197  198
  197  196  194  191  188  184  180  175  170  165  159  153  148  143  138  133
  129  126  124  123  122  123  124  126  129  131  135  138  141  144  147  150
  152  154  156  158  159  161  162  163  165  165  166  166  166  166  165  165
  163  162  162  160  156  147  156  164  162                                   
    80.0-180.0 180.0   5.0 450.0                            LAT/LON1/LON2/DLON/H
  160  157  155  155  161  169  175  182  190  196  202  208  213  216  218  219
  218  215  212  208  203  197  191  184  177  170  163  155  148  141  134  129
  124  121  118  117  118  119  121  124  127  131  135  138  142  145  148  151
  153  155  157  159  160  162  164  166  167  169  170  171  172  172  172  172
  169  167  165  162  164  153  164  178  160                                   
    77.5-180.0 180.0   5.0 450.0                            LAT/LON1/LON2/DLON/H
  165  156  153  160  163  170  179  190  200  208  217  225  232  236  239  238
  236  232  227  220  213  206  199  192  184  176  168  160  152  145  138  132
  127  124  122  121  122  123  126  129  133  136  140  143  146  148  150  151
  152  153  154  155  157  159  161  164  167  170  172  174  176  177  178  178
  177  175  172  170  170  164  170  192  165                                   
    75.0-180.0 180.0   5.0 450.0                            LAT/LON1/LON2/DLON/H
  174  163  161  168  170  177  185  196  208  218  229  239  246  250  251  249
  244  237  230  221  213  205  198  191  184  177  170  162  154  147  141  135
  131  128  127  127  128  130  133  136  139  142  144  146  147  147  147  147
  146  146  146  147  148  150  153  156  160  164  168  172  175  177  180  182
  181  181  181  174  174  176  182  202  174                                   
    72.5-180.0 180.0   5.0 450.0                            LAT/LON1/LON2/DLON/H
  178  176  176  179  179  184  192  203  216  226  237  248  254  257  255  250
  241  231  220  210  201  194  187  182  176  171  165  158  152  145  140  135
  131  129  128  129  131  133  136  138  140  142  142  142  141  140  138  136
  135  134  133  134  135  137  141  145  150  155  160  165  170  174  178  182
  183  185  187  183  184  187  195  214  178                                   
    70.0-180.0 180.0   5.0 450.0                            LAT/LON1/LON2/DLON/H
  194  191  190  194  191  193  199  210  223  233  245  254  260  260  255  245
  233  219  205  194  185  178  173  169  165  161  156  150  144  138  133  129
  127  125  125  126  128  130  132  134  135  135  134  132  130  127  124  122
  120  119  119  120  121  125  129  134  140  147  154  160  166  172  177  183
  185  188  193  192  196  204  210  225  194                                   
    67.5-180.0 180.0   5.0 450.0                            LAT/LON1/LON2/DLON/H
  209  210  206  208  203  202  205  214  226  236  248  257  261  260  252  239
  223  207  192  180  171  165  161  157  154  149  144  138  132  126  122  118
  116  115  114  115  116  118  119  120  120  119  117  114  111  108  105  102
  101  101  102  104  107  111  117  124  132  141  149  157  165  171  178  184
  187  192  197  198  206  216  223  237  209                                   
    65.0-180.0 180.0   5.0 450.0                            LAT/LON1/LON2/DLON/H
  224  225  220  220  213  208  208  216  226  236  247  256  261  258  250  236
  218  201  185  173  164  158  154  150  145  139  132  125  119  113  109  105
  103  102  101  101  101  102  102  102  102  100   97   94   91   88   85   84
   83   84   87   90   96  102  110  119  129  139  149  159  167  174  181  187
  191  196  202  205  213  225  234  249  224                                   
    62.5-180.0 180.0   5.0 450.0                            LAT/LON1/LON2/DLON/H
  237  239  233  230  221  213  210  214  223  232  243  253  259  258  251  238
  222  205  190  178  169  161  155  148  140  131  122  114  108  102   98   95
   93   90   89   88   87   87   87   87   87   85   82   79   76   73   71   70
   71   73   77   82   89   98  108  119  131  143  154  165  174  182  189  195
  198  202  209  212  219  230  242  259  237                                   
    60.0-180.0 180.0   5.0 450.0                            LAT/LON1/LON2/DLON/H
  248  251  245  239  229  217  209  211  218  226  236  247  255  257  253  244
  231  217  204  192  181  171  160  149  137  126  115  107  100   96   93   90
   87   84   81   79   77   77   77   78   77   76   74   71   67   65   63   63
   64   68   72   79   87   98  109  122  136  149  163  175  185  194  201  207
  210  213  219  222  226  235  247  268  248                                   
    57.5-180.0 180.0   5.0 450.0                            LAT/LON1/LON2/DLON/H
  261  265  260  251  240  226  214  211  215  220  229  240  249  255  256  252
  245  234  222  210  197  183  169  153  138  125  113  105  100   97   94   92
   88   84   80   76   75   74   75   76   76   75   72   69   66   63   62   62
   64   67   72   79   89  101  114  128  143  159  173  187  200  210  218  224
  227  229  234  236  239  242  254  277  261                                   
    55.0-180.0 180.0   5.0 450.0                            LAT/LON1/LON2/DLON/H
  278  285  279  269  259  243  228  220  219  219  224  233  243  251  257  259
  256  250  240  227  212  195  177  160  143  129  119  112  108  106  105  101
   97   91   85   81   79   79   80   81   82   81   79   75   72   69   67   67
   69   72   77   84   94  107  121  136  153  169  186  202  216  228  238  245
  248  251  256  256  257  257  265  290  278                                   
    52.5-180.0 180.0   5.0 450.0                            LAT/LON1/LON2/DLON/H
  301  311  304  294  285  269  253  241  234  228  227  231  238  247  256  261
  263  260  251  239  223  204  186  168  153  141  133  129  126  125  123  118
  111  103   96   91   89   89   91   93   94   93   91   87   83   80   79   78
   79   82   86   93  103  116  130  146  163  181  199  216  232  246  258  268
  273  277  282  281  282  278  284  308  301                                   
    50.0-180.0 180.0   5.0 450.0                            LAT/LON1/LON2/DLON/H
  329  342  335  328  320  305  289  273  260  247  238  236  238  245  253  260
  263  261  254  242  227  210  194  180  168  160  155  153  151  149  144  136
  126  116  108  103  101  102  104  107  108  108  105  102   99   96   94   93
   93   95   99  105  115  128  142  158  175  192  210  228  245  261  275  288
  296  304  311  309  311  307  311  332  329                                   
    47.5-180.0 180.0   5.0 450.0                            LAT/LON1/LON2/DLON/H
  358  375  372  367  359  347  333  314  295  275  259  249  245  246  251  257
  259  256  249  238  226  214  203  194  188  184  181  179  176  170  161  148
  135  123  115  112  112  114  118  120  122  122  120  118  115  113  111  111
  110  111  114  119  129  141  156  171  187  203  220  237  255  271  287  301
  313  325  334  335  340  339  344  361  358                                   
    45.0-180.0 180.0   5.0 450.0                            LAT/LON1/LON2/DLON/H
  384  406  407  405  395  387  376  357  336  310  287  270  259  254  254  255
  254  249  242  233  225  218  213  210  209  208  206  202  193  181  165  149
  134  123  118  117  121  125  129  132  134  134  134  133  132  131  130  129
  128  127  128  134  143  156  171  186  200  214  229  245  262  277  292  307
  322  336  350  355  363  365  375  387  384                                   
    42.5-180.0 180.0   5.0 450.0                            LAT/LON1/LON2/DLON/H
  404  429  434  434  424  418  409  393  372  345  319  296  280  270  264  259
  253  246  239  233  229  227  228  229  231  230  224  214  197  178  157  139
  126  119  119  123  129  135  140  142  144  145  146  147  147  147  146  145
  143  142  143  148  158  172  188  202  215  227  240  254  268  281  294  308
  322  339  355  366  377  383  397  406  404                                   
    40.0-180.0 180.0   5.0 450.0                            LAT/LON1/LON2/DLON/H
  418  443  449  450  441  436  429  416  398  372  346  323  305  292  281  272
  262  253  246  243  243  245  247  249  249  243  232  214  191  167  145  129
  120  119  124  132  142  149  152  153  153  154  156  158  159  160  160  158
  156  153  154  159  170  186  202  217  230  241  252  263  275  285  295  306
  319  335  354  368  382  390  410  418  418                                   
    37.5-180.0 180.0   5.0 450.0                            LAT/LON1/LON2/DLON/H
  430  453  459  457  452  446  437  426  410  387  365  345  329  316  304  292
  280  271  265  264  266  268  269  266  260  248  231  208  182  158  140  129
  125  129  139  151  162  168  169  167  165  165  167  169  170  170  169  167
  163  160  159  164  176  193  212  229  243  254  264  275  285  293  300  308
  318  332  351  368  383  394  417  427  430                                   
    35.0-180.0 180.0   5.0 450.0                            LAT/LON1/LON2/DLON/H
  446  467  472  464  460  451  439  426  412  393  375  361  350  340  329  317
  306  298  295  295  295  293  287  277  264  248  228  205  182  163  151  145
  147  156  170  183  193  196  193  186  181  180  180  181  181  179  176  172
  166  161  159  163  175  194  216  236  252  266  279  291  301  310  316  321
  328  341  359  374  390  404  426  440  446                                   
    32.5-180.0 180.0   5.0 450.0                            LAT/LON1/LON2/DLON/H
  477  497  500  485  478  466  447  429  413  396  382  373  367  361  354  345
  336  330  328  326  322  313  298  281  265  249  234  218  203  192  186  187
  194  205  218  230  235  233  223  212  203  199  197  195  191  186  181  174
  167  160  157  160  172  192  216  239  259  277  293  308  321  332  339  345
  351  362  379  391  409  424  442  460  477                                   
    30.0-180.0 180.0   5.0 450.0                            LAT/LON1/LON2/DLON/H
  525  547  549  532  522  505  479  453  431  411  397  390  386  383  377  371
  364  360  356  351  339  321  301  283  270  262  257  253  250  249  251  258
  266  275  283  286  284  274  258  242  229  222  217  211  204  195  187  178
  169  162  157  159  170  189  213  238  262  282  301  319  335  349  359  367
  376  388  404  413  436  454  466  488  525                                   
    27.5-180.0 180.0   5.0 450.0                            LAT/LON1/LON2/DLON/H
  588  613  618  603  593  576  545  511  479  452  433  421  415  409  403  396
  390  383  375  361  342  319  299  288  287  293  302  312  322  331  340  348
  354  355  351  343  331  313  292  272  256  246  238  229  218  206  195  185
  176  167  161  161  170  187  210  236  260  282  302  321  340  357  372  384
  396  411  426  432  462  487  500  525  588                                   
    25.0-180.0 180.0   5.0 450.0                            LAT/LON1/LON2/DLON/H
  659  684  696  691  684  671  640  600  560  525  497  476  460  446  434  423
  412  399  382  359  334  313  302  306  321  342  365  388  408  425  437  442
  440  429  411  389  365  341  317  295  278  267  256  245  231  218  205  195
  185  176  169  167  172  187  208  234  259  282  303  324  346  367  386  403
  419  437  449  455  490  522  544  576  659                                   
    22.5-180.0 180.0   5.0 450.0                            LAT/LON1/LON2/DLON/H
  736  756  772  780  776  770  745  706  663  622  585  554  525  500  477  456
  436  413  384  353  326  313  319  340  371  405  437  467  492  511  521  520
  507  481  447  411  378  350  326  306  291  279  269  256  242  228  216  206
  196  186  177  172  173  184  204  229  256  281  304  328  353  380  404  427
  448  468  480  489  527  564  598  641  736                                   
    20.0-180.0 180.0   5.0 450.0                            LAT/LON1/LON2/DLON/H
  813  822  838  855  855  856  842  811  771  731  690  649  609  569  533  501
  469  433  393  356  332  332  354  392  434  473  507  535  556  570  574  564
  538  497  447  401  364  337  317  302  291  282  272  261  247  235  224  214
  204  193  181  173  171  179  198  224  254  281  307  333  362  393  424  451
  477  499  515  529  569  608  655  709  813                                   
    17.5-180.0 180.0   5.0 450.0                            LAT/LON1/LON2/DLON/H
  867  867  886  909  916  925  921  901  871  836  797  753  704  653  605  561
  517  469  420  380  363  376  412  459  503  536  560  576  586  589  581  560
  521  469  411  362  328  308  296  287  281  274  266  257  246  236  227  219
  209  196  183  173  168  175  194  222  253  282  309  337  369  405  440  473
  502  526  546  567  606  643  700  762  867                                   
    15.0-180.0 180.0   5.0 450.0                            LAT/LON1/LON2/DLON/H
  887  881  909  939  953  970  976  967  948  924  891  850  800  745  690  638
  585  529  475  435  425  446  489  534  567  583  588  584  575  562  541  510
  465  409  353  311  287  276  272  268  264  259  253  246  238  232  226  219
  209  197  184  172  167  174  193  221  252  281  309  338  374  414  454  491
  522  546  570  597  632  667  727  791  887                                   
    12.5-180.0 180.0   5.0 450.0                            LAT/LON1/LON2/DLON/H
  877  872  913  950  967  988  999 1000  994  981  960  927  884  832  779  726
  671  614  559  522  515  537  573  603  615  607  585  557  527  498  469  434
  391  342  299  271  258  254  253  250  246  242  236  231  226  223  219  214
  206  195  182  171  166  173  191  219  249  277  305  337  375  420  464  504
  538  563  589  619  651  684  742  797  877                                   
    10.0-180.0 180.0   5.0 450.0                            LAT/LON1/LON2/DLON/H
  856  861  911  949  963  983  994 1000 1003 1002  993  973  941  901  857  811
  763  712  663  629  620  632  650  655  638  601  551  500  454  417  387  359
  329  298  272  257  251  249  246  240  232  226  220  215  212  210  208  204
  197  187  176  166  162  169  188  215  245  273  301  335  377  425  472  514
  548  575  605  637  667  698  749  793  856                                   
     7.5-180.0 180.0   5.0 450.0                            LAT/LON1/LON2/DLON/H
  837  856  913  944  952  965  972  977  985  992  992  984  966  941  911  878
  842  802  762  732  716  711  704  679  631  565  493  427  376  343  324  312
