data/edconvlstm_nd/pred3620.15i
     1.0            IONOSPHERE MAPS     GNSS                IONEX VERSION / TYPE
pyspatialgeodesy        IME             05-JAN-18 20:20     PGM / RUN BY / DATE 
Map Name                                                    COMMENT             
Predicted global ionosphere maps (GIM).                     DESCRIPTION         
  2015    12    28     0     0     0                        EPOCH OF FIRST MAP  
  2015    12    29     0     0     0                        EPOCH OF LAST MAP   
  7200                                                      INTERVAL            
    13                                                      # OF MAPS IN FILE   
  NONE                                                      MAPPING FUNCTION    
10.0                                                        ELEVATION CUTOFF    
One-way carrier phase leveled to code                       OBSERVABLES USED    
  6371.0                                                    BASE RADIUS         
 2                                                          MAP DIMENSION       
   450.0 450.0   0.0                                        HGT1 / HGT2 / DHGT  
    87.5 -87.5  -2.5                                        LAT1 / LAT2 / DLAT  
  -180.0 180.0   5.0                                        LON1 / LON2 / DLON  
    -1                                                      EXPONENT            
                                                            END OF HEADER       
[from data line 2574]
     7                                                      START OF TEC MAP    
  2015    12    28    12     0     0                        EPOCH OF CURRENT MAP
    87.5-180.0 180.0   5.0 450.0                            LAT/LON1/LON2/DLON/H
   41   51   52   52   53   51   50   44   44   44   43   42   41   41   40   39
   38   38   37   36   36   35   35   35   34   34   34   34   34   34   34   34
   34   34   34   35   35   35   35   35   36   36   37   38   39   40   41   42
   43   44   45   47   48   49   50   51   51   52   53   53   53   53   53   54
   55   54   52   50   54   57   71   70   41                                   
    85.0-180.0 180.0   5.0 450.0                            LAT/LON1/LON2/DLON/H
   45   60   72   53   53   54   52   51   49   50   48   48   47   46   45   45
   44   44   44   43   43   43   43   43   43   43   44   44   44   44   44   45
   45   45   45   45   44   44   44   44   44   45   45   46   47   48   49   50
   51   53   54   55   57   58   59   60   61   62   63   63   64   64   64   64
   65   64   59   56   60   61   74   69   45                                   
    82.5-180.0 180.0   5.0 450.0                            LAT/LON1/LON2/DLON/H
   44   51   63   51   51   50   49   47   46   45   44   43   42   41   40   39
   38   37   37   36   36   36   36   37   37   38   38   39   39   40   40   41
   41   41   41   41   40   40   40   39   39   39   40   40   41   42   43   44
   45   47   48   50   51   53   54   56   57   58   59   60   61   61   61   62
   62   62   58   54   61   66   66   63   44                                   
    80.0-180.0 180.0   5.0 450.0                            LAT/LON1/LON2/DLON/H
   44   46   61   51   51   47   47   45   44   43   40   40   38   36   35   34
   33   33   32   32   32   32   32   33   34   35   36   38   39   40   41   42
   43   43   43   42   41   41   40   39   38   37   37   37   38   38   39   40
   42   43   45   46   48   49   51   52   54   55   57   58   59   59   60   60
   60   60   58   55   56   62   64   64   44                                   
    77.5-180.0 180.0   5.0 450.0                            LAT/LON1/LON2/DLON/H
   51   48   52   45   45   43   43   41   40   38   35   34   32   31   30   29
   29   28   28   28   29   29   30   31   32   34   36   38   40   42   43   44
   45   46   45   45   43   42   40   38   36   35   34   33   33   34   34   36
   37   38   40   41   42   44   45   47   48   50   51   52   53   53   53   53
   52   51   49   47   46   46   51   53   51                                   
    75.0-180.0 180.0   5.0 450.0                            LAT/LON1/LON2/DLON/H
   36   39   42   40   41   41   40   38   36   35   32   31   30   29   29   29
   29   29   29   29   30   31   32   33   34   36   38   41   43   46   48   50
   51   52   52   52   50   48   46   43   41   39   37   36   35   35   36   36
   37   38   38   39   39   40   41   42   43   44   45   46   47   47   47   46
   45   44   42   39   40   38   41   38   36                                   
    72.5-180.0 180.0   5.0 450.0                            LAT/LON1/LON2/DLON/H
   34   37   40   38   40   41   41   39   36   34   31   30   29   29   29   30
   30   30   31   31   31   32   33   35   36   38   41   43   46   49   51   54
   56   58   59   59   58   56   54   51   48   45   42   40   39   39   39   39
   39   38   38   37   36   35   34   34   35   36   37   38   39   39   39   39
   38   36   35   33   34   33   35   36   34                                   
    70.0-180.0 180.0   5.0 450.0                            LAT/LON1/LON2/DLON/H
   31   36   41   40   42   41   40   39   37   36   33   32   31   32   33   34
   36   36   37   37   38   38   39   40   42   44   46   48   50   53   56   59
   62   65   67   69   69   68   66   63   60   57   54   52   50   49   49   48
   46   44   42   39   36   33   31   30   30   31   32   34   35   36   37   36
   35   34   33   32   33   32   37   38   31                                   
    67.5-180.0 180.0   5.0 450.0                            LAT/LON1/LON2/DLON/H
   32   38   42   41   43   43   42   41   39   37   35   35   35   36   38   40
   41   42   42   43   43   43   44   44   46   47   48   49   51   53   56   60
   64   69   73   76   78   78   77   75   73   70   67   65   63   61   60   58
   55   51   47   41   36   31   28   26   25   26   28   30   32   34   35   35
   34   33   32   30   32   31   34   34   32                                   
    65.0-180.0 180.0   5.0 450.0                            LAT/LON1/LON2/DLON/H
   33   39   42   42   43   44   43   42   40   39   37   37   38   40   42   45
   47   48   48   48   48   48   48   48   48   49   49   50   51   53   57   61
   67   73   79   84   88   90   90   89   87   84   82   79   77   75   73   69
   65   59   52   45   38   31   26   24   23   24   26   29   32   34   35   36
   36   35   35   33   35   35   38   38   33                                   
    62.5-180.0 180.0   5.0 450.0                            LAT/LON1/LON2/DLON/H
   34   40   42   42   43   44   43   42   40   39   37   38   39   42   45   48
   51   52   52   51   50   49   49   49   49   49   49   49   51   53   57   62
   69   77   84   91   96  100  101  101  100   97   95   93   90   87   83   78
   72   65   57   48   39   32   26   23   22   23   25   28   31   34   36   37
   37   36   36   35   37   37   39   39   34                                   
    60.0-180.0 180.0   5.0 450.0                            LAT/LON1/LON2/DLON/H
   35   39   40   40   40   40   39   38   37   36   35   36   37   41   44   48
   50   51   51   49   48   46   46   46   46   46   47   48   50   53   58   65
   73   81   90   98  104  108  110  110  109  107  105  102   99   95   90   84
   76   68   59   49   40   32   26   23   22   23   25   28   31   34   35   36
   36   35   36   35   38   37   39   39   35                                   
    57.5-180.0 180.0   5.0 450.0                            LAT/LON1/LON2/DLON/H
   34   38   38   38   38   39   38   37   36   35   33   34   36   40   43   47
   49   49   48   46   44   43   43   44   45   46   48   50   53   58   64   72
   81   91  100  107  113  117  119  120  119  118  116  113  109  104   97   90
   81   72   63   53   45   37   32   29   28   28   30   32   34   36   37   37
   37   36   37   37   39   39   40   40   34                                   
    55.0-180.0 180.0   5.0 450.0                            LAT/LON1/LON2/DLON/H
   35   38   38   38   38   38   38   37   36   35   33   34   35   38   41   44
   45   45   43   41   40   39   40   42   44   47   51   55   60   67   75   84
   94  103  111  118  123  126  128  128  128  128  126  123  119  112  104   96
   87   77   69   60   53   46   41   38   37   37   38   39   40   40   40   39
   38   37   38   38   41   40   42   41   35                                   
    52.5-180.0 180.0   5.0 450.0                            LAT/LON1/LON2/DLON/H
   38   40   40   41   40   41   41   40   39   37   35   35   35   37   39   41
   42   41   39   37   37   37   39   42   46   51   56   63   71   80   90   99
  109  117  124  128  132  133  135  135  136  137  136  133  128  121  113  103
   94   85   77   70   64   58   54   52   50   50   49   49   48   46   45   43
   42   40   41   40   44   43   45   44   38                                   
    50.0-180.0 180.0   5.0 450.0                            LAT/LON1/LON2/DLON/H
   42   45   46   47   46   48   48   47   45   43   40   39   38   38   39   40
   39   38   36   35   35   37   40   45   50   57   64   73   83   94  105  115
  123  130  134  137  138  139  140  141  143  144  145  143  139  131  122  112
  103   95   88   82   77   72   69   67   65   63   62   60   58   55   52   50
   47   45   46   45   48   49   50   49   42                                   
    47.5-180.0 180.0   5.0 450.0                            LAT/LON1/LON2/DLON/H
   49   53   54   56   55   59   58   57   55   52   48   45   43   42   41   40
   39   37   36   35   36   39   44   50   56   64   73   84   95  107  118  127
  134  139  141  142  142  142  143  145  148  151  153  152  148  141  132  123
  114  107  100   95   90   86   82   80   78   76   74   71   68   64   61   58
   55   53   52   51   54   56   57   57   49                                   
    45.0-180.0 180.0   5.0 450.0                            LAT/LON1/LON2/DLON/H
   56   63   64   67   66   71   70   69   66   63   59   55   51   48   46   43
   41   40   39   39   41   45   51   57   64   72   82   93  105  117  127  134
  139  143  144  145  145  145  146  149  152  156  159  159  156  150  142  133
  125  118  112  106  101   96   92   89   87   85   83   80   77   73   70   67
   63   61   60   58   61   63   65   65   56                                   
    42.5-180.0 180.0   5.0 450.0                            LAT/LON1/LON2/DLON/H
   63   70   72   76   76   81   80   80   77   75   71   67   62   58   54   50
   47   46   45   46   49   54   60   66   73   81   90  101  112  122  130  135
  139  143  145  147  149  150  151  153  157  161  164  165  163  158  151  143
  135  129  122  115  108  102   97   93   91   89   87   85   83   80   77   74
   71   68   66   64   66   70   72   71   63                                   
    40.0-180.0 180.0   5.0 450.0                            LAT/LON1/LON2/DLON/H
   66   74   76   81   82   87   86   86   85   84   81   78   74   69   64   59
   56   54   54   56   60   65   70   76   83   90   98  107  116  123  129  133
  137  142  148  153  157  159  160  161  163  166  169  170  168  164  158  151
  144  137  129  121  112  104   97   93   91   89   88   87   85   83   81   79
   76   72   70   67   68   72   74   74   66                                   
    37.5-180.0 180.0   5.0 450.0                            LAT/LON1/LON2/DLON/H
   65   73   75   81   83   88   87   88   88   89   88   87   83   79   74   69
   66   65   65   67   71   76   81   87   92   98  105  112  119  124  127  131
  138  146  157  166  173  176  176  175  174  175  176  176  175  171  165  159
  152  144  135  125  114  104   96   91   88   87   87   86   85   84   82   80
   77   72   69   65   67   69   71   71   65                                   
    35.0-180.0 180.0   5.0 450.0                            LAT/LON1/LON2/DLON/H
   61   68   71   76   78   83   83   85   86   89   91   92   90   87   82   78
   76   75   76   78   82   87   92   97  102  107  113  119  124  127  130  136
  146  160  176  190  200  202  200  195  191  189  188  187  185  181  175  169
  162  153  143  131  118  106   97   91   88   86   86   85   84   83   82   79
   75   69   65   61   62   63   64   65   61                                   
    32.5-180.0 180.0   5.0 450.0                            LAT/LON1/LON2/DLON/H
   56   62   64   69   71   75   76   78   81   85   89   93   93   91   88   85
   84   84   85   88   91   96  101  106  112  117  123  129  133  137  141  150
  164  185  207  226  236  237  232  224  216  210  207  204  200  196  190  183
  176  167  156  143  129  115  105   98   94   92   89   88   86   85   82   79
   72   65   60   55   56   55   56   58   56                                   
    30.0-180.0 180.0   5.0 450.0                            LAT/LON1/LON2/DLON/H
   52   58   59   63   64   68   69   71   75   79   85   89   91   91   90   88
   88   90   92   95   99  104  110  116  122  128  135  142  148  153  160  173
  194  221  248  269  279  279  270  258  247  239  233  229  224  218  212  205
  198  189  178  165  150  136  125  117  111  106  101   98   94   91   87   82
   74   64   59   52   53   50   51   53   52                                   
    27.5-180.0 180.0   5.0 450.0                            LAT/LON1/LON2/DLON/H
   53   58   58   61   61   64   64   65   69   73   78   83   86   87   88   88
   90   92   96  100  105  111  118  125  132  140  149  157  166  174  186  205
  232  264  295  317  326  322  310  296  283  274  267  261  255  248  242  235
  229  221  211  198  184  170  157  147  139  131  123  116  111  105   99   92
   81   70   63   54   55   50   51   53   53                                   
    25.0-180.0 180.0   5.0 450.0                            LAT/LON1/LON2/DLON/H
   58   64   63   64   64   65   64   63   65   68   72   76   79   81   83   85
   88   92   96  102  108  116  124  132  141  150  161  173  185  198  215  240
  273  310  342  363  369  363  349  334  322  313  306  300  293  285  279  273
  268  262  253  242  229  214  201  188  177  165  154  144  135  127  119  110
   97   84   75   63   63   56   56   59   58                                   
    22.5-180.0 180.0   5.0 450.0                            LAT/LON1/LON2/DLON/H
   70   76   74   73   72   72   69   66   65   65   67   70   72   74   76   79
   83   88   94  102  111  120  130  139  148  159  171  186  203  222  245  276
  313  351  382  401  404  396  382  369  359  352  347  341  334  326  320  315
  312  308  302  293  280  266  250  235  220  204  189  176  165  155  145  134
  119  105   94   79   77   69   68   69   70                                   
    20.0-180.0 180.0   5.0 450.0                            LAT/LON1/LON2/DLON/H
   86   92   90   88   85   82   77   72   69   66   65   66   67   68   71   74
   78   84   92  101  112  124  135  145  154  165  179  197  218  242  271  305
  343  380  409  425  426  418  406  397  391  388  385  380  373  366  360  358
  357  355  352  343  331  315  298  279  260  242  224  208  195  183  172  160
  144  130  115  100   95   86   83   83   86                                   
    17.5-180.0 180.0   5.0 450.0                            LAT/LON1/LON2/DLON/H
  103  110  107  104   99   95   88   81   76   71   68   65   65   66   67   70
   74   81   89  101  115  129  140  150  158  169  185  206  231  259  290  325
  361  394  419  432  433  427  420  416  416  417  417  414  407  400  396  395
  395  396  393  385  372  355  335  313  292  271  251  234  219  207  195  183
  168  153  137  121  114  103   98   98  103                                   
    15.0-180.0 180.0   5.0 450.0                            LAT/LON1/LON2/DLON/H
  117  124  122  117  112  105   99   90   84   78   73   69   67   67   68   70
   74   80   90  103  119  134  146  155  163  174  190  213  241  270  302  334
  366  394  415  426  429  427  426  429  434  439  441  438  431  425  421  421
  423  424  421  413  399  380  358  334  311  289  269  251  236  223  211  199
  185  172  155  140  130  118  111  110  117                                   
    12.5-180.0 180.0   5.0 450.0                            LAT/LON1/LON2/DLON/H
  125  132  130  125  119  112  106   98   92   86   80   76   73   72   73   74
   76   83   94  109  126  141  153  162  169  180  197  221  249  279  308  336
  362  385  402  412  418  423  429  438  448  455  457  453  446  439  435  435
  437  437  434  425  410  390  368  344  320  298  277  259  244  231  219  208
  196  184  168  154  142  129  120  119  125                                   
    10.0-180.0 180.0   5.0 450.0                            LAT/LON1/LON2/DLON/H
  127  131  131  126  120  113  109  102   97   93   87   84   81   81   80   81
   83   90  101  117  135  151  163  171  178  189  207  231  259  286  311  334
  354  372  386  398  408  420  433  447  460  468  469  463  453  445  440  439
  440  439  434  425  411  392  370  347  323  301  280  262  247  233  222  212
  200  190  176  163  149  135  126  123  127                                   
     7.5-180.0 180.0   5.0 450.0                            LAT/LON1/LON2/DLON/H
  123  125  124  120  115  109  108  104  101   98   94   91   90   89   89   89
   92   99  112  129  147  163  175  183  191  203  221  244  269  293  314  331
