data/edconvlstm_nd/pred2240.15i
     1.0            IONOSPHERE MAPS     GNSS                IONEX VERSION / TYPE
pyspatialgeodesy        IME             05-JAN-18 20:20     PGM / RUN BY / DATE 
Map Name                                                    COMMENT             
Predicted global ionosphere maps (GIM).                     DESCRIPTION         
  2015     8    12     0     0     0                        EPOCH OF FIRST MAP  
  2015     8    13     0     0     0                        EPOCH OF LAST MAP   
  7200                                                      INTERVAL            
    13                                                      # OF MAPS IN FILE   
  NONE                                                      MAPPING FUNCTION    
10.0                                                        ELEVATION CUTOFF    
One-way carrier phase leveled to code                       OBSERVABLES USED    
  6371.0                                                    BASE RADIUS         
 2                                                          MAP DIMENSION       
   450.0 450.0   0.0                                        HGT1 / HGT2 / DHGT  
    87.5 -87.5  -2.5                                        LAT1 / LAT2 / DLAT  
  -180.0 180.0   5.0                                        LON1 / LON2 / DLON  
    -1                                                      EXPONENT            
                                                            END OF HEADER       
[from data line 3003]
     8                                                      START OF TEC MAP    
  2015     8    12    14     0     0                        EPOCH OF CURRENT MAP
    87.5-180.0 180.0   5.0 450.0                            LAT/LON1/LON2/DLON/H
  116  120  118  122  125  124  123  120  121  122  121  121  121  121  121  121
  121  121  121  121  121  121  120  120  120  120  119  119  119  118  118  117
  117  116  116  115  115  114  114  114  113  113  113  114  114  114  115  115
  116  116  117  118  118  119  120  120  121  121  122  122  122  122  122  123
  123  124  122  119  126  121  130  125  116                                   
    85.0-180.0 180.0   5.0 450.0                            LAT/LON1/LON2/DLON/H
  118  120  131  121  122  125  124  125  125  126  125  125  125  125  125  125
  125  125  125  125  125  125  125  125  125  125  125  124  124  124  123  122
  121  120  119  118  117  116  116  115  115  114  114  115  115  115  116  117
  118  119  120  121  122  123  124  124  125  126  126  127  127  128  128  128
  129  129  125  121  121  118  123  123  118                                   
    82.5-180.0 180.0   5.0 450.0                            LAT/LON1/LON2/DLON/H
  106  116  119  114  114  117  118  118  118  118  118  119  118  118  119  119
  119  120  120  121  121  122  122  123  123  124  124  124  124  124  123  122
  121  119  118  116  115  113  112  111  110  109  109  109  110  111  112  113
  114  115  117  118  119  120  121  122  123  124  124  124  124  124  124  124
  124  124  120  118  117  122  116  110  106                                   
    80.0-180.0 180.0   5.0 450.0                            LAT/LON1/LON2/DLON/H
  100  104  108  107  105  105  106  109  109  110  109  110  110  110  111  111
  112  113  113  114  115  116  117  118  119  120  121  122  122  122  121  120
  118  116  114  111  109  106  104  102  101  100  100  101  101  103  104  106
  108  110  111  113  114  116  117  118  118  118  118  118  118  118  117  117
  117  116  113  112  107  110  110  106  100                                   
    77.5-180.0 180.0   5.0 450.0                            LAT/LON1/LON2/DLON/H
  100   99  101  101  100  102  102  104  104  104  103  104  104  105  105  106
  107  108  109  111  112  114  116  117  119  121  123  124  125  125  125  124
  123  121  118  115  111  108  105  103  101  100  100  100  101  103  105  107
  109  111  113  115  116  117  118  118  118  117  117  116  115  114  112  111
  110  109  106  105  104  101  102  103  100                                   
    75.0-180.0 180.0   5.0 450.0                            LAT/LON1/LON2/DLON/H
   91   92   90   93   93   96   96   98   98   99   98   99   99  100  100  101
  102  103  104  106  108  110  112  114  117  119  122  124  126  128  128  128
  127  125  122  118  115  111  107  104  102  101  101  101  102  104  107  109
  111  113  115  116  117  118  117  117  116  115  114  112  110  109  107  105
  103  101   99   95   95   92   93   87   91                                   
    72.5-180.0 180.0   5.0 450.0                            LAT/LON1/LON2/DLON/H
   82   83   81   87   88   92   94   95   95   96   95   96   96   96   97   97
   98   99  100  102  104  106  108  111  114  117  120  123  127  129  131  132
  132  130  128  125  121  117  113  110  108  107  106  107  109  111  113  115
  117  118  119  119  119  119  118  116  115  113  111  109  106  104  102   99
   97   94   91   87   85   84   84   84   82                                   
    70.0-180.0 180.0   5.0 450.0                            LAT/LON1/LON2/DLON/H
   76   75   75   80   82   85   87   89   90   92   91   92   92   93   93   93
   94   95   96   97   98  100  102  105  108  112  115  120  124  128  131  133
  134  134  132  129  126  122  119  116  114  113  113  114  116  117  119  120
  121  121  121  120  119  117  116  113  111  109  107  105  102  100   97   95
   91   87   84   79   77   75   78   77   76                                   
    67.5-180.0 180.0   5.0 450.0                            LAT/LON1/LON2/DLON/H
   69   70   70   76   79   83   86   88   89   91   91   92   93   94   94   94
   94   95   95   96   97   98  100  102  104  108  112  116  121  126  130  134
  136  137  136  134  131  128  125  123  122  122  123  124  125  126  127  127
  127  126  124  122  120  117  115  112  110  108  106  104  102  100   97   94
   90   85   81   74   70   68   69   69   69                                   
    65.0-180.0 180.0   5.0 450.0                            LAT/LON1/LON2/DLON/H
   64   65   66   72   74   78   81   84   86   88   89   91   93   94   95   95
   94   94   94   94   95   95   97   99  101  104  108  113  118  124  129  134
  137  139  139  138  136  134  132  131  131  132  133  135  136  136  136  134
  132  130  126  123  120  117  114  112  110  108  106  105  103  101   99   95
   91   85   80   73   68   65   66   67   64                                   
    62.5-180.0 180.0   5.0 450.0                            LAT/LON1/LON2/DLON/H
   60   62   62   68   70   74   77   80   82   85   87   90   93   95   96   96
   96   95   94   94   94   95   96   97   99  102  106  111  117  123  128  134
  137  140  141  141  140  139  138  138  140  142  143  145  146  145  143  140
  137  133  129  125  121  118  115  112  111  109  108  107  106  104  102   98
   93   87   81   73   67   62   63   63   60                                   
    60.0-180.0 180.0   5.0 450.0                            LAT/LON1/LON2/DLON/H
   58   59   60   65   66   70   72   74   77   80   83   87   90   94   95   96
   96   95   94   93   94   94   95   97   99  102  106  111  116  122  129  134
  138  141  143  143  143  143  144  145  147  150  153  154  154  152  150  146
  141  136  132  127  124  120  117  115  113  112  112  111  110  108  105  100
   95   88   81   73   67   61   62   62   58                                   
    57.5-180.0 180.0   5.0 450.0                            LAT/LON1/LON2/DLON/H
   58   58   60   64   64   67   69   70   72   75   78   83   87   91   94   95
   95   95   94   94   94   95   97   99  101  104  108  113  119  125  132  137
  142  145  147  148  149  150  151  153  157  160  162  163  163  160  156  152
  147  142  138  134  130  126  123  121  120  119  118  117  116  113  109  104
   97   90   83   75   68   62   63   62   58                                   
    55.0-180.0 180.0   5.0 450.0                            LAT/LON1/LON2/DLON/H
   60   60   61   64   63   65   66   67   68   70   73   78   83   88   91   93
   94   94   94   94   95   97   99  101  104  108  112  117  123  130  136  142
  147  151  153  155  156  158  160  163  166  169  171  171  169  166  162  157
  153  149  145  142  138  135  132  129  127  126  125  124  121  117  112  106
   99   92   85   77   71   65   65   64   60                                   
    52.5-180.0 180.0   5.0 450.0                            LAT/LON1/LON2/DLON/H
   64   63   63   66   64   66   66   66   66   67   70   74   78   83   87   90
   92   93   94   95   97   99  101  104  108  112  117  122  128  134  141  147
  152  157  161  164  166  168  171  173  176  178  179  178  176  172  167  163
  160  157  154  151  148  145  141  138  136  134  133  130  127  122  115  108
  101   94   88   81   75   69   69   68   64                                   
    50.0-180.0 180.0   5.0 450.0                            LAT/LON1/LON2/DLON/H
   70   67   68   69   67   69   69   68   68   68   69   72   76   80   84   88
   90   92   95   97   99  102  105  108  111  116  121  127  133  139  146  152
  159  165  170  174  178  181  184  186  188  189  189  186  182  177  173  169
  167  165  164  162  159  155  151  147  144  142  140  137  133  126  119  111
  104   97   92   86   81   75   75   73   70                                   
    47.5-180.0 180.0   5.0 450.0                            LAT/LON1/LON2/DLON/H
   76   74   73   74   71   73   73   73   72   72   72   74   76   80   84   87
   91   94   98  101  104  106  109  111  115  119  125  130  136  143  150  157
  165  173  180  187  192  196  199  201  202  202  200  195  190  184  179  176
  175  174  173  172  169  165  160  156  152  150  147  144  138  132  124  116
  108  102   97   92   88   83   82   79   76                                   
    45.0-180.0 180.0   5.0 450.0                            LAT/LON1/LON2/DLON/H
   83   80   78   79   76   78   79   80   80   79   79   79   81   83   87   91
   95   99  104  107  110  112  114  116  119  123  129  134  140  146  153  162
  171  181  191  200  207  212  216  218  219  217  214  208  201  194  189  185
  184  183  182  180  177  172  167  163  159  156  153  150  144  137  130  122
  115  109  105  100   96   91   90   86   83                                   
    42.5-180.0 180.0   5.0 450.0                            LAT/LON1/LON2/DLON/H
   87   86   82   83   81   84   85   87   88   88   88   88   89   91   94   98
  103  107  112  116  118  120  121  122  125  129  133  138  144  150  157  167
  178  191  203  214  223  230  234  237  237  235  231  224  216  208  201  196
  193  192  189  186  182  177  172  168  164  161  159  155  150  144  136  129
  122  117  113  109  105  100   97   93   87                                   
    40.0-180.0 180.0   5.0 450.0                            LAT/LON1/LON2/DLON/H
   90   90   85   86   84   87   90   93   95   97   97   98   99  101  104  108
  113  118  123  126  128  129  129  129  132  135  140  145  150  155  163  174
  187  202  216  229  240  248  253  257  258  256  252  244  235  225  217  210
  205  201  196  192  187  182  177  173  169  166  163  159  155  149  143  136
  130  126  122  117  112  107  104   98   90                                   
    37.5-180.0 180.0   5.0 450.0                            LAT/LON1/LON2/DLON/H
   91   92   87   87   85   89   92   96  101  104  106  108  110  113  116  120
  125  130  135  138  139  139  138  138  141  144  149  153  158  164  173  185
  200  216  232  246  258  266  273  277  279  279  275  267  258  247  236  226
  218  211  204  198  192  186  182  178  174  170  166  163  158  153  147  142
  137  132  129  123  118  112  108  102   91                                   
    35.0-180.0 180.0   5.0 450.0                            LAT/LON1/LON2/DLON/H
   91   93   88   87   85   88   92   97  103  108  113  117  121  125  129  133
  137  142  146  149  149  149  148  149  151  155  160  165  170  177  187  200
  216  234  250  265  276  285  292  297  301  301  298  292  282  270  257  245
  234  223  214  205  198  193  189  184  180  175  169  164  159  154  150  145
  141  136  132  127  121  115  111  104   91                                   
    32.5-180.0 180.0   5.0 450.0                            LAT/LON1/LON2/DLON/H
   91   94   89   87   85   88   91   96  102  109  116  123  129  135  140  145
  149  153  156  159  160  159  158  159  162  167  173  179  185  194  205  220
  237  255  272  286  297  305  311  317  321  323  322  316  307  294  280  266
  252  239  227  217  209  203  198  193  186  179  172  165  159  154  149  145
  141  137  133  127  122  116  113  106   91                                   
    30.0-180.0 180.0   5.0 450.0                            LAT/LON1/LON2/DLON/H
   92   95   91   88   85   88   90   94  100  107  116  125  135  143  149  154
  157  161  165  168  169  168  168  169  173  179  187  194  203  213  227  243
  262  281  297  310  319  325  331  336  341  344  343  338  329  317  303  287
  272  258  244  233  223  216  210  203  194  184  173  164  157  152  147  143
  138  134  130  125  121  116  114  107   92                                   
    27.5-180.0 180.0   5.0 450.0                            LAT/LON1/LON2/DLON/H
   94   98   94   90   88   90   92   93   98  105  114  125  137  147  155  160
  164  168  172  175  177  177  177  179  184  191  200  210  222  235  251  270
  290  308  324  335  342  347  351  355  359  362  362  357  349  338  324  309
  294  280  266  253  242  232  223  213  201  188  174  163  155  148  144  140
  134  130  126  122  120  116  115  110   94                                   
    25.0-180.0 180.0   5.0 450.0                            LAT/LON1/LON2/DLON/H
   97  102   98   96   94   96   96   95   98  103  111  123  136  148  157  163
  168  173  178  182  184  185  186  188  193  202  213  226  241  257  276  297
  318  336  351  360  365  368  371  374  376  378  377  373  366  356  343  330
  317  304  290  276  263  250  237  223  208  191  175  162  152  146  141  136
  131  127  123  120  119  117  118  112   97                                   
    22.5-180.0 180.0   5.0 450.0                            LAT/LON1/LON2/DLON/H
  102  108  103  103  102  105  104  101  100  103  109  120  134  147  157  165
  171  177  183  188  192  193  194  197  202  212  225  241  259  279  300  322
  344  362  376  384  388  389  390  391  392  392  390  386  379  370  360  350
  340  329  315  300  284  266  249  231  212  192  175  161  151  145  139  135
  129  124  121  119  119  119  121  116  102                                   
    20.0-180.0 180.0   5.0 450.0                            LAT/LON1/LON2/DLON/H
  107  114  110  111  112  115  114  109  106  105  109  119  132  145  157  166
  173  181  188  195  199  201  202  205  212  223  238  257  278  300  323  345
  366  384  397  405  408  409  408  408  406  404  401  396  390  383  376  369
  362  352  339  322  302  279  257  235  213  192  175  161  152  146  141  135
  129  125  122  121  122  123  125  120  107                                   
    17.5-180.0 180.0   5.0 450.0                            LAT/LON1/LON2/DLON/H
  112  120  115  118  120  123  123  117  112  109  111  118  130  143  156  166
  176  185  194  201  207  209  211  214  222  234  252  273  296  319  342  365
  385  402  414  422  425  425  424  422  419  415  410  405  400  395  390  386
  381  373  360  340  314  287  260  235  213  193  176  164  155  149  144  139
  133  128  126  125  125  127  129  124  112                                   
    15.0-180.0 180.0   5.0 450.0                            LAT/LON1/LON2/DLON/H
  116  123  118  121  125  128  128  123  118  113  113  119  129  142  155  168
  179  189  199  208  214  217  220  225  234  248  268  290  314  338  360  381
  400  415  427  434  437  438  437  434  430  425  419  415  411  407  405  402
  398  390  374  350  321  290  260  234  212  193  179  168  160  155  150  144
  138  134  131  130  129  130  132  126  116                                   
    12.5-180.0 180.0   5.0 450.0                            LAT/LON1/LON2/DLON/H
  118  124  119  121  124  127  129  125  120  116  115  119  129  142  156  170
  182  194  205  214  220  225  229  237  248  265  286  310  334  356  377  395
  411  425  435  441  444  445  444  442  438  433  428  424  421  420  418  416
  410  399  379  352  319  286  257  232  211  195  182  173  166  160  155  150
  144  139  137  135  133  133  135  127  118                                   
    10.0-180.0 180.0   5.0 450.0                            LAT/LON1/LON2/DLON/H
  119  123  117  118  119  121  123  121  118  115  115  119  128  142  157  172
  186  198  209  219  226  232  239  249  264  283  306  330  353  374  392  407
  420  430  438  442  444  445  445  444  441  437  433  431  431  430  428  424
  414  398  375  344  311  279  250  228  210  196  186  177  170  164  159  154
  148  144  141  139  136  135  136  127  119                                   
     7.5-180.0 180.0   5.0 450.0                            LAT/LON1/LON2/DLON/H
  119  121  114  112  111  111  114  113  112  112  113  118  127  141  158  174
  189  202  213  222  231  239  249  262  280  302  326  350  373  391  406  417
