data/edconvlstm_nd/pred0660.15i
     1.0            IONOSPHERE MAPS     GNSS                IONEX VERSION / TYPE
pyspatialgeodesy        IME             05-JAN-18 20:20     PGM / RUN BY / DATE 
Map Name                                                    COMMENT             
Predicted global ionosphere maps (GIM).                     DESCRIPTION         
  2015     3     7     0     0     0                        EPOCH OF FIRST MAP  
  2015     3     8     0     0     0                        EPOCH OF LAST MAP   
  7200                                                      INTERVAL            
    13                                                      # OF MAPS IN FILE   
  NONE                                                      MAPPING FUNCTION    
10.0                                                        ELEVATION CUTOFF    
One-way carrier phase leveled to code                       OBSERVABLES USED    
  6371.0                                                    BASE RADIUS         
 2                                                          MAP DIMENSION       
   450.0 450.0   0.0                                        HGT1 / HGT2 / DHGT  
    87.5 -87.5  -2.5                                        LAT1 / LAT2 / DLAT  
  -180.0 180.0   5.0                                        LON1 / LON2 / DLON  
    -1                                                      EXPONENT            
                                                            END OF HEADER       
[from data line 5148]
    13                                                      START OF TEC MAP    
  2015     3     8     0     0     0                        EPOCH OF CURRENT MAP
    87.5-180.0 180.0   5.0 450.0                            LAT/LON1/LON2/DLON/H
  136  137  145  139  140  142  141  142  145  146  148  149  150  150  150  150
  149  147  145  143  140  137  134  131  128  125  122  119  116  114  111  109
  107  105  103  102  100  100   99   99   99   99   99  100  100  101  102  103
  105  106  107  108  110  111  112  113  114  114  115  116  116  116  117  118
  118  119  120  121  118  120  127  136  136                                   
    85.0-180.0 180.0   5.0 450.0                            LAT/LON1/LON2/DLON/H
  145  144  130  137  144  148  148  150  154  156  159  160  162  162  161  160
  158  155  152  148  143  139  134  129  124  119  114  109  105  101   97   94
   92   89   88   87   86   86   86   87   88   90   91   93   95   97   99  101
  103  106  108  110  112  114  115  117  118  119  120  121  122  122  122  123
  124  125  127  129  125  131  137  141  145                                   
    82.5-180.0 180.0   5.0 450.0                            LAT/LON1/LON2/DLON/H
  145  139  145  149  156  162  163  168  174  178  182  185  187  188  187  185
  182  178  172  166  159  152  145  137  130  123  116  109  103   97   92   87
   83   81   79   78   77   78   79   81   83   85   88   91   94   97  100  103
  106  109  111  114  117  120  123  125  128  130  132  133  135  135  136  138
  138  139  139  138  137  129  133  138  145                                   
    80.0-180.0 180.0   5.0 450.0                            LAT/LON1/LON2/DLON/H
  155  147  146  151  161  169  177  186  196  202  210  216  220  221  220  217
  212  205  197  188  178  168  158  148  139  129  120  111  103   96   89   83
   79   76   74   73   74   75   77   80   83   87   90   94   97  100  103  106
  109  111  114  117  121  124  127  131  134  137  140  142  144  146  147  149
  149  147  148  145  152  142  150  158  155                                   
    77.5-180.0 180.0   5.0 450.0                            LAT/LON1/LON2/DLON/H
  169  159  154  164  171  178  190  204  217  227  238  247  252  254  253  247
  239  229  218  206  194  183  172  161  150  140  131  121  112  104   97   91
   86   83   81   81   82   84   86   90   94   97  101  104  107  109  110  112
  114  115  117  120  123  127  131  135  139  143  147  151  154  157  159  162
  162  163  162  161  164  161  164  178  169                                   
    75.0-180.0 180.0   5.0 450.0                            LAT/LON1/LON2/DLON/H
  184  171  167  175  180  189  200  215  231  244  257  267  273  274  270  261
  249  235  221  207  194  182  172  163  154  146  137  129  120  112  105   99
   94   90   89   89   90   93   96  100  104  107  110  112  113  113  113  113
  112  112  113  114  117  120  124  129  134  139  144  149  154  158  162  166
  167  170  172  166  171  177  177  190  184                                   
    72.5-180.0 180.0   5.0 450.0                            LAT/LON1/LON2/DLON/H
  186  183  180  184  187  194  207  223  241  255  270  281  286  284  276  262
  245  226  208  192  179  169  161  155  150  144  138  131  124  117  110  103
   98   95   93   93   94   97  101  105  109  112  114  114  113  111  109  106
  104  103  102  103  106  109  114  120  126  132  138  144  149  154  159  165
  167  172  177  174  178  186  189  205  186                                   
    70.0-180.0 180.0   5.0 450.0                            LAT/LON1/LON2/DLON/H
  198  195  192  195  195  201  213  229  248  263  278  289  292  286  273  253
  230  207  186  170  158  150  145  143  141  138  135  130  124  117  110  104
   99   95   93   93   94   97  101  105  108  111  112  111  109  105  101   97
   94   92   92   93   97  101  107  114  121  128  135  142  148  153  159  165
  169  174  181  182  189  200  202  218  198                                   
    67.5-180.0 180.0   5.0 450.0                            LAT/LON1/LON2/DLON/H
  206  206  202  204  201  204  214  229  247  263  279  289  290  282  264  240
  213  187  164  148  137  131  128  128  128  127  124  120  114  107  101   95
   89   86   83   83   84   86   90   93   97   98   99   97   94   90   85   81
   78   77   78   81   85   92   99  107  116  124  132  140  146  152  158  165
  169  175  182  183  193  207  211  228  206                                   
    65.0-180.0 180.0   5.0 450.0                            LAT/LON1/LON2/DLON/H
  212  211  207  209  204  204  212  225  242  258  274  284  286  276  257  231
  202  175  153  137  127  122  120  119  118  116  112  107  100   94   88   82
   77   73   71   70   70   72   75   79   81   83   83   81   78   74   69   66
   64   65   67   71   78   86   95  104  114  124  133  142  149  156  162  168
  172  177  185  186  195  210  217  237  212                                   
    62.5-180.0 180.0   5.0 450.0                            LAT/LON1/LON2/DLON/H
  217  215  212  213  207  204  208  218  235  250  265  277  279  272  254  230
  204  178  157  142  132  126  121  118  113  107  100   93   86   80   74   70
   66   63   61   59   59   61   63   66   69   70   70   69   66   62   59   56
   56   58   62   68   75   85   95  106  117  128  138  148  157  165  172  178
  181  185  192  191  197  211  220  243  217                                   
    60.0-180.0 180.0   5.0 450.0                            LAT/LON1/LON2/DLON/H
  221  219  218  218  211  205  204  211  225  238  253  265  271  267  255  237
  216  196  177  162  150  140  131  121  111  100   90   81   74   68   65   62
   59   57   55   54   53   54   57   59   62   63   63   62   59   56   53   52
   53   56   62   69   78   88   99  110  122  134  146  158  169  179  187  194
  197  200  205  203  206  214  224  250  221                                   
    57.5-180.0 180.0   5.0 450.0                            LAT/LON1/LON2/DLON/H
  231  230  229  227  220  211  206  208  217  227  240  252  260  262  258  250
  237  223  208  193  178  162  145  128  112   96   83   74   68   64   61   60
   59   57   56   54   54   55   57   60   62   64   64   62   60   57   54   54
   56   61   68   76   85   96  106  118  130  143  157  171  185  197  208  217
  221  224  228  224  224  225  234  262  231                                   
    55.0-180.0 180.0   5.0 450.0                            LAT/LON1/LON2/DLON/H
  249  249  247  245  238  227  217  213  216  221  229  239  249  256  260  262
  259  253  242  227  207  184  160  137  116   98   85   75   70   67   67   66
   65   64   63   62   62   64   66   68   70   71   71   70   67   65   63   64
   67   72   80   88   97  107  117  127  139  152  168  185  202  219  234  246
  253  257  261  256  253  248  253  282  249                                   
    52.5-180.0 180.0   5.0 450.0                            LAT/LON1/LON2/DLON/H
  278  279  274  271  265  252  239  229  225  222  224  230  238  249  260  270
  277  278  270  254  231  203  175  148  126  108   95   87   83   81   80   80
   79   78   76   76   77   78   80   82   84   85   84   83   81   79   78   79
   83   89   97  105  113  121  129  137  148  161  178  197  218  239  259  276
  288  295  300  295  291  281  283  311  278                                   
    50.0-180.0 180.0   5.0 450.0                            LAT/LON1/LON2/DLON/H
  315  318  309  305  299  287  271  257  246  235  229  229  233  243  257  272
  285  290  285  269  244  215  187  162  142  127  116  109  105  102  100   98
   95   93   91   92   93   96   98   99  101  101  100   99   98   97   97   99
  103  109  116  123  129  135  140  147  155  168  184  205  228  253  278  302
  319  332  340  337  334  324  324  349  315                                   
    47.5-180.0 180.0   5.0 450.0                            LAT/LON1/LON2/DLON/H
  355  361  350  345  338  327  312  294  277  259  245  237  235  242  254  270
  284  290  285  269  247  222  199  180  165  153  145  139  133  127  120  114
  108  104  103  104  107  111  113  115  116  115  115  114  114  114  116  119
  124  129  134  139  143  146  150  155  162  173  189  208  232  259  288  316
  340  360  373  375  376  370  372  390  355                                   
    45.0-180.0 180.0   5.0 450.0                            LAT/LON1/LON2/DLON/H
  390  401  390  385  377  367  354  335  316  292  271  255  246  247  255  267
  277  281  275  262  244  227  212  201  193  185  178  169  158  146  133  121
  112  107  107  111  116  121  124  126  126  126  126  126  126  128  131  135
  140  144  148  151  154  157  160  164  171  180  193  211  234  260  290  321
  349  375  395  403  410  410  417  428  390                                   
    42.5-180.0 180.0   5.0 450.0                            LAT/LON1/LON2/DLON/H
  416  433  425  418  407  399  389  375  355  329  303  281  266  261  263  268
  273  272  266  255  244  236  230  227  223  216  205  190  172  152  133  118
  108  105  108  115  122  128  132  134  134  134  134  134  135  137  142  147
  152  155  157  159  162  167  171  177  183  191  202  217  237  261  290  321
  352  381  406  421  434  440  452  457  416                                   
    40.0-180.0 180.0   5.0 450.0                            LAT/LON1/LON2/DLON/H
  434  457  449  440  427  420  413  403  387  362  335  311  293  283  279  278
  276  271  264  258  254  253  254  253  247  235  218  195  171  147  127  113
  107  107  114  123  131  137  140  141  141  141  141  141  141  144  149  154
  159  161  163  165  170  176  183  191  198  205  215  228  246  268  295  325
  355  384  412  431  448  459  475  476  434                                   
    37.5-180.0 180.0   5.0 450.0                            LAT/LON1/LON2/DLON/H
  449  475  467  453  439  431  426  419  407  386  362  340  323  311  303  296
  289  283  277  275  277  279  279  272  259  240  215  188  163  142  126  118
  117  123  133  143  150  154  155  153  152  150  149  148  148  149  153  158
  161  163  165  168  174  182  193  203  212  221  231  244  262  284  311  339
  366  392  418  438  456  471  489  490  449                                   
    35.0-180.0 180.0   5.0 450.0                            LAT/LON1/LON2/DLON/H
  469  495  486  466  451  442  433  427  418  401  381  365  352  342  333  323
  314  308  305  306  309  307  298  280  257  230  204  180  162  149  143  144
  151  162  173  181  184  182  178  173  169  165  162  159  156  155  157  159
  161  162  162  165  172  183  196  209  220  231  244  260  281  307  335  363
  388  410  432  448  465  481  499  506  469                                   
    32.5-180.0 180.0   5.0 450.0                            LAT/LON1/LON2/DLON/H
  502  527  517  490  473  460  446  436  425  410  394  383  375  369  363  354
  346  342  342  343  341  329  306  276  244  217  198  185  180  182  189  201
  216  230  238  240  234  224  212  201  193  186  180  173  167  163  161  161
  160  158  157  159  166  177  190  204  218  232  248  269  296  328  362  394
  418  437  454  465  483  498  514  529  502                                   
    30.0-180.0 180.0   5.0 450.0                            LAT/LON1/LON2/DLON/H
  555  577  567  536  515  497  475  456  438  420  405  397  393  392  389  383
  378  376  377  375  363  337  301  262  231  213  208  214  228  247  270  292
  312  324  326  316  298  276  255  237  223  212  202  192  182  174  168  163
  159  155  151  151  156  166  178  192  207  224  245  272  305  343  384  422
  452  472  485  491  511  527  541  565  555                                   
    27.5-180.0 180.0   5.0 450.0                            LAT/LON1/LON2/DLON/H
  625  646  640  609  586  562  529  497  467  440  421  411  408  409  408  405
  403  403  402  392  368  330  286  249  229  228  245  275  310  348  382  411
  430  435  424  398  365  330  299  274  255  240  226  212  198  186  175  166
  159  152  147  145  147  155  167  182  199  219  245  277  316  359  405  448
  482  506  518  521  546  570  585  617  625                                   
    25.0-180.0 180.0   5.0 450.0                            LAT/LON1/LON2/DLON/H
  709  729  732  709  684  656  612  565  520  480  449  432  425  423  422  419
  417  415  408  390  357  313  271  246  246  270  312  365  420  470  509  536
  547  539  511  469  420  374  335  305  281  263  246  229  212  195  181  169
  159  151  144  141  142  149  161  176  196  221  252  289  332  379  428  474
  511  536  548  554  584  621  646  687  709                                   
    22.5-180.0 180.0   5.0 450.0                            LAT/LON1/LON2/DLON/H
  799  816  829  822  798  768  718  658  598  543  499  469  452  442  435  428
  422  414  400  374  337  297  269  265  290  339  404  475  540  590  624  640
  637  612  568  511  450  396  353  320  294  274  256  237  219  200  183  169
  158  149  143  139  139  146  158  175  199  228  263  304  350  400  450  497
  536  562  576  587  621  670  712  763  799                                   
    20.0-180.0 180.0   5.0 450.0                            LAT/LON1/LON2/DLON/H
  881  891  912  921  904  879  830  766  696  629  572  527  495  473  455  439
  425  410  388  358  324  298  291  312  360  430  509  583  643  681  698  696
  676  636  578  510  443  388  345  314  289  270  252  235  218  199  182  167
  156  148  142  139  139  145  158  178  205  238  278  322  369  419  468  515
  554  581  599  616  652  706  762  825  881                                   
    17.5-180.0 180.0   5.0 450.0                            LAT/LON1/LON2/DLON/H
  931  936  961  983  979  965  927  868  799  728  661  603  557  520  488  461
  437  413  387  359  336  329  345  388  453  530  606  666  703  717  711  688
  651  599  533  462  398  349  314  289  269  252  237  224  210  194  178  165
  155  149  145  142  143  150  163  185  215  252  295  341  388  436  483  526
  563  589  612  635  670  721  784  856  931                                   
    15.0-180.0 180.0   5.0 450.0                            LAT/LON1/LON2/DLON/H
  931  936  968  999 1010 1011  990  944  886  820  752  688  631  581  538  500
  466  436  410  389  381  393  429  486  554  620  671  699  702  685  654  614
  565  507  442  379  328  294  272  256  241  229  219  210  200  188  175  163
  155  150  148  146  148  154  169  193  226  267  312  358  404  449  492  532
  565  591  616  643  676  720  780  853  931                                   
    12.5-180.0 180.0   5.0 450.0                            LAT/LON1/LON2/DLON/H
  892  900  940  978 1000 1015 1009  981  938  885  826  764  705  650  599  554
  515  484  460  450  458  487  534  591  642  677  687  671  636  589  538  489
  440  389  338  294  264  247  237  229  220  210  203  198  192  183  172  162
  155  151  150  149  150  158  174  201  238  280  325  369  414  457  498  535
  566  590  616  645  674  710  763  826  892                                   
    10.0-180.0 180.0   5.0 450.0                            LAT/LON1/LON2/DLON/H
  836  851  894  933  960  982  989  976  950  913  868  818  766  715  665  620
  581  551  535  536  557  595  642  680  697  685  646  587  520  454  398  355
  320  289  262  241  230  227  226  222  214  205  199  195  190  183  173  163
  156  153  151  150  152  160  179  209  246  287  329  372  416  460  502  538
  569  592  617  645  671  700  741  790  836                                   
     7.5-180.0 180.0   5.0 450.0                            LAT/LON1/LON2/DLON/H
  788  804  845  879  905  930  944  943  931  909  880  845  807  766  725  686
  653  630  622  632  660  698  728  733  703  642  558  469  386  322  281  259
