data/edconvlstm_nd/pred0150.15i
     1.0            IONOSPHERE MAPS     GNSS                IONEX VERSION / TYPE
pyspatialgeodesy        IME             05-JAN-18 20:20     PGM / RUN BY / DATE 
Map Name                                                    COMMENT             
Predicted global ionosphere maps (GIM).                     DESCRIPTION         
  2015     1    15     0     0     0                        EPOCH OF FIRST MAP  
  2015     1    16     0     0     0                        EPOCH OF LAST MAP   
  7200                                                      INTERVAL            
    13                                                      # OF MAPS IN FILE   
  NONE                                                      MAPPING FUNCTION    
10.0                                                        ELEVATION CUTOFF    
One-way carrier phase leveled to code                       OBSERVABLES USED    
  6371.0                                                    BASE RADIUS         
 2                                                          MAP DIMENSION       
   450.0 450.0   0.0                                        HGT1 / HGT2 / DHGT  
    87.5 -87.5  -2.5                                        LAT1 / LAT2 / DLAT  
  -180.0 180.0   5.0                                        LON1 / LON2 / DLON  
    -1                                                      EXPONENT            
                                                            END OF HEADER       
[from data line 2574]
     7                                                      START OF TEC MAP    
  2015     1    15    12     0     0                        EPOCH OF CURRENT MAP
    87.5-180.0 180.0   5.0 450.0                            LAT/LON1/LON2/DLON/H
   72   80   81   89   92   93   92   90   91   94   93   94   94   94   93   93
   92   92   91   91   90   89   88   87   87   86   85   84   83   82   81   80
   79   78   77   75   74   73   72   71   69   68   67   66   65   64   64   63
   63   62   62   62   62   63   63   64   64   65   65   66   67   68   69   70
   72   74   73   71   74   77   89   92   72                                   
    85.0-180.0 180.0   5.0 450.0                            LAT/LON1/LON2/DLON/H
   69   85   94   88   90   95   95   96   97   98   98   98   98   98   97   97
   97   96   96   95   95   94   93   93   92   91   90   90   89   88   87   85
   84   83   81   79   77   76   74   72   71   69   68   67   66   65   64   64
   63   63   63   63   64   64   65   66   67   68   70   71   72   73   75   76
   79   80   77   75   78   83   89   90   69                                   
    82.5-180.0 180.0   5.0 450.0                            LAT/LON1/LON2/DLON/H
   60   75   82   78   79   82   84   84   85   86   86   86   86   85   85   84
   84   83   83   83   82   82   81   81   80   80   79   79   78   77   76   75
   74   73   71   70   68   66   64   62   60   58   56   54   52   51   50   49
   48   47   47   48   48   49   50   51   53   55   56   58   60   61   63   65
   67   69   67   66   71   81   79   82   60                                   
    80.0-180.0 180.0   5.0 450.0                            LAT/LON1/LON2/DLON/H
   58   67   74   70   71   71   73   74   76   76   76   77   76   76   75   75
   75   75   75   75   75   75   75   74   74   74   74   74   74   74   74   73
   73   72   71   70   68   66   64   62   60   57   55   52   50   48   46   44
   43   42   41   41   41   42   43   45   46   49   51   53   55   57   58   60
   62   63   63   62   65   74   74   79   58                                   
    77.5-180.0 180.0   5.0 450.0                            LAT/LON1/LON2/DLON/H
   64   66   67   63   63   64   65   66   68   68   68   68   68   68   68   68
   69   69   70   70   71   71   72   72   73   73   74   74   75   76   77   78
   78   79   80   80   79   78   77   75   72   70   67   64   61   58   55   52
   49   47   45   44   44   44   45   47   50   52   55   57   59   61   62   63
   63   63   63   63   63   63   67   71   64                                   
    75.0-180.0 180.0   5.0 450.0                            LAT/LON1/LON2/DLON/H
   54   59   58   56   56   58   57   57   58   59   58   59   59   59   59   60
   61   62   64   65   67   69   70   72   74   75   77   78   80   82   84   87
   90   92   95   96   97   98   97   96   95   93   90   87   84   80   75   71
   66   62   58   54   52   51   51   53   55   57   60   63   65   66   67   67
   66   65   64   61   62   59   61   55   54                                   
    72.5-180.0 180.0   5.0 450.0                            LAT/LON1/LON2/DLON/H
   51   55   54   53   52   55   55   54   55   54   54   54   54   55   56   57
   59   61   63   65   67   70   72   75   77   79   82   84   87   90   94   98
  103  108  113  117  120  122  123  123  123  121  119  116  112  107  102   95
   88   81   74   68   63   61   59   60   61   64   67   69   71   72   72   72
   70   68   66   62   62   60   60   58   51                                   
    70.0-180.0 180.0   5.0 450.0                            LAT/LON1/LON2/DLON/H
   48   53   55   54   53   55   53   53   54   54   54   54   54   55   56   57
   59   61   64   67   70   74   77   81   84   87   90   93   97  101  107  113
  120  127  134  140  145  149  151  153  153  152  150  147  143  138  131  122
  112  101   91   81   74   68   65   64   64   66   68   71   73   73   74   73
   71   68   67   62   62   60   63   60   48                                   
    67.5-180.0 180.0   5.0 450.0                            LAT/LON1/LON2/DLON/H
   46   54   55   56   56   59   58   59   59   59   59   60   61   61   62   64
   65   67   69   72   76   79   84   88   92   95   99  103  108  114  121  129
  138  148  156  164  170  175  178  179  180  179  178  175  171  165  157  146
  133  119  105   92   81   73   67   64   63   64   66   68   70   71   71   71
   69   67   66   61   61   60   61   58   46                                   
    65.0-180.0 180.0   5.0 450.0                            LAT/LON1/LON2/DLON/H
   43   53   54   57   57   61   61   62   63   63   64   65   66   67   68   69
   70   72   74   76   79   83   88   92   97  102  107  112  119  126  135  146
  157  168  178  187  193  198  201  202  202  202  201  199  195  188  178  166
  150  133  116  100   85   74   65   60   57   57   57   59   60   61   62   63
   62   62   62   58   60   60   61   60   43                                   
    62.5-180.0 180.0   5.0 450.0                            LAT/LON1/LON2/DLON/H
   40   49   51   54   55   59   60   62   63   64   66   68   69   71   72   73
   74   75   76   77   79   82   87   92   97  103  110  117  125  135  146  159
  172  184  196  204  211  214  216  217  216  216  215  213  209  202  192  178
  161  141  122  103   86   71   61   53   48   46   45   45   46   47   49   50
   51   52   53   51   54   54   56   57   40                                   
    60.0-180.0 180.0   5.0 450.0                            LAT/LON1/LON2/DLON/H
   36   43   45   49   50   54   55   57   58   60   63   66   68   70   71   72
   73   73   73   73   75   77   81   86   93  101  109  119  130  142  156  170
  184  198  209  218  223  226  226  226  225  224  224  222  218  211  200  185
  167  147  126  106   88   72   59   49   42   37   35   34   34   35   37   39
   41   42   44   43   47   47   49   51   36                                   
    57.5-180.0 180.0   5.0 450.0                            LAT/LON1/LON2/DLON/H
   34   39   40   44   45   48   49   51   53   55   58   61   64   66   68   69
   69   69   68   68   68   69   73   80   88   98  110  122  136  151  166  182
  197  211  222  230  235  236  236  234  233  233  232  231  227  220  209  194
  176  157  136  117   98   81   67   55   46   39   34   31   30   31   32   34
   36   37   40   40   44   43   44   48   34                                   
    55.0-180.0 180.0   5.0 450.0                            LAT/LON1/LON2/DLON/H
   36   39   39   43   43   45   46   46   47   50   53   56   59   61   62   63
   63   63   62   61   60   62   67   74   85   98  112  128  144  161  177  193
  208  222  233  241  245  245  244  242  241  241  241  240  236  229  218  203
  187  169  151  133  115   98   83   70   59   50   43   38   35   34   35   36
   37   39   42   42   46   44   45   49   36                                   
    52.5-180.0 180.0   5.0 450.0                            LAT/LON1/LON2/DLON/H
   44   44   44   46   46   47   47   45   46   47   50   53   55   57   57   58
   58   58   57   55   55   57   63   72   85  101  119  137  155  173  189  205
  219  232  242  250  253  254  252  250  249  250  251  250  247  239  228  215
  200  184  169  152  136  120  104   90   78   68   60   54   49   46   45   45
   46   47   51   50   55   52   52   54   44                                   
    50.0-180.0 180.0   5.0 450.0                            LAT/LON1/LON2/DLON/H
   57   56   55   57   56   57   54   51   49   50   51   54   55   56   55   55
   56   56   55   54   54   57   64   75   91  109  129  149  168  186  201  215
  228  239  249  256  260  261  260  259  259  260  262  262  258  250  239  226
  213  200  186  172  156  140  125  111   99   89   80   73   68   63   61   60
   59   60   63   63   68   66   66   66   57                                   
    47.5-180.0 180.0   5.0 450.0                            LAT/LON1/LON2/DLON/H
   72   73   71   72   72   72   67   62   58   58   58   60   60   59   58   58
   58   58   58   58   59   63   71   83  100  120  142  163  182  198  211  222
  232  242  252  260  265  267  267  267  268  270  271  271  267  259  247  235
  223  211  199  186  170  154  138  124  113  104   96   90   84   79   76   74
   72   73   76   77   83   83   83   80   72                                   
    45.0-180.0 180.0   5.0 450.0                            LAT/LON1/LON2/DLON/H
   85   89   88   90   91   90   84   77   72   71   71   71   70   68   66   65
   66   66   67   67   68   73   82   96  114  134  156  176  193  206  216  224
  232  241  252  262  269  273  275  275  276  277  279  278  273  264  253  241
  229  218  205  191  174  156  140  127  117  109  103   97   92   88   84   82
   81   81   83   85   93   97   98   94   85                                   
    42.5-180.0 180.0   5.0 450.0                            LAT/LON1/LON2/DLON/H
   94  100  100  105  107  106   99   92   87   85   85   85   84   81   78   77
   78   78   79   79   81   86   96  110  128  148  168  186  201  211  217  222
  229  238  251  264  275  281  283  283  284  284  285  283  278  269  257  245
  233  220  206  189  169  149  132  119  110  104   99   95   90   86   83   81
   80   81   83   86   96  103  105  102   94                                   
    40.0-180.0 180.0   5.0 450.0                            LAT/LON1/LON2/DLON/H
   94  103  105  111  115  116  110  103   99   97   97   98   97   95   92   91
   92   93   94   94   95  101  110  124  141  159  177  193  205  212  216  219
  226  238  254  272  286  294  297  297  296  295  295  292  287  278  266  253
  240  226  209  188  164  141  123  109  101   96   91   86   81   77   74   73
   72   73   75   79   90   98  101  100   94                                   
    37.5-180.0 180.0   5.0 450.0                            LAT/LON1/LON2/DLON/H
   88   98  102  109  114  116  112  108  105  104  106  108  108  107  106  106
  107  108  108  108  109  114  123  136  151  167  183  197  208  213  216  220
  229  245  267  289  307  317  319  318  316  315  314  311  305  296  285  272
  258  241  221  196  169  144  123  109  100   93   86   79   73   67   65   64
   63   63   65   67   78   84   89   90   88                                   
    35.0-180.0 180.0   5.0 450.0                            LAT/LON1/LON2/DLON/H
   78   88   92   99  105  108  107  105  105  106  109  113  115  116  116  118
  120  121  120  119  120  125  133  144  158  172  187  201  211  217  221  228
  241  264  291  318  339  350  353  351  349  347  346  343  338  330  319  306
  291  273  251  224  194  167  144  128  117  107   97   86   76   69   65   64
   63   61   62   60   67   69   74   79   78                                   
    32.5-180.0 180.0   5.0 450.0                            LAT/LON1/LON2/DLON/H
   71   77   80   86   91   94   96   97   99  102  107  113  117  120  123  126
  129  130  129  128  128  132  140  150  162  177  192  206  217  225  232  243
  263  293  327  359  382  394  397  395  394  393  393  391  387  380  370  358
  343  325  301  274  244  216  192  174  160  145  130  113   99   89   84   82
   80   76   73   65   68   63   67   71   71                                   
    30.0-180.0 180.0   5.0 450.0                            LAT/LON1/LON2/DLON/H
   72   73   71   75   78   81   85   87   91   95  101  108  114  120  125  130
  134  135  134  133  133  137  144  154  167  181  197  213  226  238  249  267
  295  332  373  409  433  445  448  448  448  450  453  453  450  445  437  426
  412  394  372  346  317  289  266  246  228  208  187  165  146  133  127  124
  119  113  106   91   87   74   72   73   72                                   
    27.5-180.0 180.0   5.0 450.0                            LAT/LON1/LON2/DLON/H
   86   81   74   74   74   74   78   80   84   88   95  102  110  116  123  129
  134  136  136  135  136  140  148  159  172  187  205  223  240  255  273  298
  334  378  424  462  486  497  500  503  507  513  519  522  522  519  513  504
  492  476  456  432  407  381  358  336  314  290  264  238  216  200  192  187
  180  172  160  139  127  104   95   86   86                                   
    25.0-180.0 180.0   5.0 450.0                            LAT/LON1/LON2/DLON/H
  116  104   90   86   82   79   81   81   83   86   91   98  105  112  118  125
  130  133  134  134  136  142  152  165  179  196  215  236  257  277  301  333
  376  425  473  510  532  542  546  552  561  572  582  588  591  591  587  580
  570  557  541  522  500  478  455  431  406  379  350  323  299  282  271  263
  254  245  227  203  183  151  132  114  116                                   
    22.5-180.0 180.0   5.0 450.0                            LAT/LON1/LON2/DLON/H
  160  143  122  111  103   95   95   92   91   91   93   97  102  107  113  119
  124  128  130  132  137  145  158  173  189  208  229  253  277  302  331  368
  415  466  512  547  566  575  580  589  602  617  630  639  644  646  644  639
  632  622  610  596  579  559  537  512  484  456  428  403  381  363  351  340
  328  318  296  274  248  210  181  155  160                                   
    20.0-180.0 180.0   5.0 450.0                            LAT/LON1/LON2/DLON/H
  210  192  165  147  133  121  117  111  105  102  100  100  102  105  109  113
  117  122  126  131  139  151  166  184  203  223  246  272  298  326  359  399
  446  495  538  568  585  593  600  611  626  643  657  667  673  675  675  672
  666  659  651  642  628  610  587  560  532  505  481  461  443  427  414  401
  388  378  356  337  309  270  237  205  210                                   
    17.5-180.0 180.0   5.0 450.0                            LAT/LON1/LON2/DLON/H
  256  240  212  187  167  152  144  134  124  117  111  107  106  106  106  108
  112  118  124  132  143  158  177  198  219  241  265  291  319  348  382  423
  468  513  551  577  591  598  606  618  634  650  663  672  678  680  679  676
  672  667  661  653  642  624  600  572  544  521  502  488  475  462  449  434
  420  411  392  379  353  319  288  255  256                                   
    15.0-180.0 180.0   5.0 450.0                            LAT/LON1/LON2/DLON/H
  286  275  250  224  199  182  172  159  145  134  123  116  112  108  106  106
  110  117  126  136  151  169  191  214  236  259  284  309  336  366  400  439
  481  521  553  575  587  595  602  614  628  641  652  659  662  663  662  659
  655  649  643  635  623  604  578  550  524  504  492  483  475  463  450  433
  418  410  397  389  370  346  322  293  286                                   
    12.5-180.0 180.0   5.0 450.0                            LAT/LON1/LON2/DLON/H
  296  291  273  247  221  204  194  181  165  150  137  126  118  112  108  107
  111  119  131  145  162  183  206  230  254  278  301  326  351  380  412  449
  486  521  548  567  578  586  594  603  613  623  629  633  635  635  634  630
  624  618  610  600  585  564  537  509  484  468  459  455  448  437  422  403
  386  378  371  369  359  347  332  310  296                                   
    10.0-180.0 180.0   5.0 450.0                            LAT/LON1/LON2/DLON/H
  285  287  276  253  230  214  206  195  179  164  148  135  125  117  112  110
  115  125  139  156  175  197  221  246  271  294  317  340  364  390  421  454
  487  516  540  557  569  579  587  593  599  603  606  607  608  607  605  600
  593  585  575  563  545  522  494  466  442  427  419  415  409  396  378  357
  338  330  327  330  328  327  320  303  285                                   
     7.5-180.0 180.0   5.0 450.0                            LAT/LON1/LON2/DLON/H
  263  269  263  243  226  212  207  199  186  171  155  142  131  123  117  116
  121  133  149  168  189  211  236  261  286  310  332  353  375  399  427  458
