data/edconvlstm_nd/pred1440.15i
     1.0            IONOSPHERE MAPS     GNSS                IONEX VERSION / TYPE
pyspatialgeodesy        IME             05-JAN-18 20:20     PGM / RUN BY / DATE 
Map Name                                                    COMMENT             
Predicted global ionosphere maps (GIM).                     DESCRIPTION         
  2015     5    24     0     0     0                        EPOCH OF FIRST MAP  
  2015     5    25     0     0     0                        EPOCH OF LAST MAP   
  7200                                                      INTERVAL            
    13                                                      # OF MAPS IN FILE   
  NONE                                                      MAPPING FUNCTION    
10.0                                                        ELEVATION CUTOFF    
One-way carrier phase leveled to code                       OBSERVABLES USED    
  6371.0                                                    BASE RADIUS         
 2                                                          MAP DIMENSION       
   450.0 450.0   0.0                                        HGT1 / HGT2 / DHGT  
    87.5 -87.5  -2.5                                        LAT1 / LAT2 / DLAT  
  -180.0 180.0   5.0                                        LON1 / LON2 / DLON  
    -1                                                      EXPONENT            
                                                            END OF HEADER       
[from data line 429]
     2                                                      START OF TEC MAP    
  2015     5    24     2     0     0                        EPOCH OF CURRENT MAP
    87.5-180.0 180.0   5.0 450.0                            LAT/LON1/LON2/DLON/H
  186  191  195  194  195  193  190  189  190  190  190  190  190  190  189  189
  188  188  187  186  185  184  183  182  181  179  178  177  176  176  175  174
  173  173  173  172  172  171  171  171  171  171  171  171  171  171  171  171
  171  171  172  172  172  172  173  173  174  174  175  175  176  176  176  178
  179  181  182  182  185  184  181  181  186                                   
    85.0-180.0 180.0   5.0 450.0                            LAT/LON1/LON2/DLON/H
  198  199  190  196  201  199  199  198  199  200  200  200  200  200  199  199
  198  197  196  195  194  192  191  190  188  187  186  185  184  183  182  181
  181  180  180  180  180  180  180  179  179  179  179  179  179  179  179  179
  179  179  179  179  179  180  180  180  181  181  182  182  183  183  184  185
  187  189  189  192  187  186  184  184  198                                   
    82.5-180.0 180.0   5.0 450.0                            LAT/LON1/LON2/DLON/H
  201  196  198  198  200  199  199  200  203  203  203  204  204  204  204  203
  202  201  200  198  196  194  192  190  188  186  184  182  180  179  178  177
  177  177  177  177  178  178  178  179  179  179  179  179  179  179  179  179
  179  179  179  179  179  179  179  179  180  180  181  181  182  183  184  185
  187  188  187  189  192  182  182  176  201                                   
    80.0-180.0 180.0   5.0 450.0                            LAT/LON1/LON2/DLON/H
  194  194  188  191  193  194  198  200  203  203  204  205  206  206  205  205
  204  202  200  198  196  193  190  187  184  181  178  176  174  173  172  172
  172  172  173  174  176  177  178  178  179  179  180  180  180  180  180  179
  179  179  179  179  178  178  178  178  178  178  178  179  179  180  181  183
  184  185  183  184  191  183  187  176  194                                   
    77.5-180.0 180.0   5.0 450.0                            LAT/LON1/LON2/DLON/H
  190  185  182  187  185  188  193  196  199  200  201  202  203  204  203  203
  202  200  198  196  193  189  186  182  178  174  170  167  165  164  163  163
  164  166  168  170  172  174  176  177  178  179  179  180  180  180  180  180
  180  179  179  178  178  177  176  175  175  174  174  175  175  176  177  179
  180  182  178  180  185  179  179  176  190                                   
    75.0-180.0 180.0   5.0 450.0                            LAT/LON1/LON2/DLON/H
  185  179  177  182  181  184  188  191  195  197  198  199  200  200  200  200
  199  198  196  193  190  186  182  177  172  167  163  159  156  155  155  156
  158  161  164  167  170  173  175  177  178  179  180  180  181  181  182  182
  182  182  181  180  178  176  175  173  171  170  170  170  170  171  173  175
  176  178  176  172  176  173  173  174  185                                   
    72.5-180.0 180.0   5.0 450.0                            LAT/LON1/LON2/DLON/H
  176  176  174  178  178  181  186  189  193  194  195  197  198  198  197  197
  196  195  193  191  188  184  180  174  168  162  157  153  150  148  149  151
  154  158  162  166  170  173  176  178  179  180  181  182  183  184  185  186
  187  187  186  184  182  179  176  173  171  169  168  168  168  169  171  174
  175  177  177  175  175  169  168  171  176                                   
    70.0-180.0 180.0   5.0 450.0                            LAT/LON1/LON2/DLON/H
  176  172  171  175  175  177  182  186  190  191  192  193  194  193  193  192
  192  191  190  188  185  182  177  170  164  157  150  145  142  141  142  144
  148  153  158  162  166  169  172  174  175  176  178  180  182  184  186  188
  189  189  188  186  183  179  175  171  168  165  164  163  164  165  167  171
  173  175  176  175  176  170  170  171  176                                   
    67.5-180.0 180.0   5.0 450.0                            LAT/LON1/LON2/DLON/H
  176  172  170  174  173  175  179  182  186  187  188  189  189  189  188  188
  187  187  186  185  182  179  174  167  159  152  144  139  135  134  135  138
  142  146  151  155  158  161  163  165  166  168  170  174  177  181  185  188
  190  190  189  187  183  178  173  169  165  162  160  159  159  160  163  167
  170  173  174  174  175  170  170  173  176                                   
    65.0-180.0 180.0   5.0 450.0                            LAT/LON1/LON2/DLON/H
  178  173  171  174  173  174  177  180  183  184  184  185  186  185  185  184
  184  184  183  183  181  178  172  165  157  149  141  136  132  131  132  134
  137  141  144  147  149  151  152  154  156  159  162  167  173  178  184  188
  191  192  191  188  183  178  173  168  164  160  158  157  157  158  160  164
  167  171  173  173  176  173  174  177  178                                   
    62.5-180.0 180.0   5.0 450.0                            LAT/LON1/LON2/DLON/H
  184  179  177  179  176  176  178  179  181  181  182  183  183  183  184  183
  183  183  183  182  181  178  173  166  157  149  142  137  134  133  133  134
  136  137  138  139  140  141  142  143  146  150  156  162  170  178  185  190
  194  195  193  190  185  180  175  170  166  163  161  160  159  160  161  164
  167  171  173  174  178  177  179  183  184                                   
    60.0-180.0 180.0   5.0 450.0                            LAT/LON1/LON2/DLON/H
  190  186  185  186  182  180  180  179  180  179  179  180  181  182  183  183
  183  183  183  182  181  178  173  166  159  151  145  141  139  138  138  137
  136  135  133  132  131  131  132  134  138  143  151  159  169  178  187  193
  197  198  196  193  189  184  179  175  172  170  167  166  165  164  164  166
  168  171  174  176  181  181  184  188  190                                   
    57.5-180.0 180.0   5.0 450.0                            LAT/LON1/LON2/DLON/H
  198  195  195  195  192  187  185  183  181  178  177  178  180  181  182  182
  182  182  182  182  180  178  173  167  161  155  151  148  147  147  145  143
  139  134  130  126  124  123  124  128  133  140  149  159  170  181  190  197
  200  201  200  197  193  190  186  184  182  180  178  175  173  171  170  170
  171  173  176  178  184  185  190  194  198                                   
    55.0-180.0 180.0   5.0 450.0                            LAT/LON1/LON2/DLON/H
  207  206  207  207  203  198  194  189  185  180  177  177  178  180  181  182
  182  182  181  181  180  177  173  168  163  159  157  157  157  156  154  149
  142  134  127  122  119  119  121  125  131  139  149  161  173  184  193  200
  204  205  204  202  200  197  196  195  193  192  190  187  183  180  177  176
  176  177  179  182  188  190  196  200  207                                   
    52.5-180.0 180.0   5.0 450.0                            LAT/LON1/LON2/DLON/H
  216  218  220  221  217  211  206  199  192  185  180  178  179  180  181  182
  182  181  181  180  179  177  173  169  165  163  163  165  166  166  162  154
  145  135  126  120  117  118  121  126  133  142  152  163  175  186  196  203
  207  209  209  208  207  206  206  206  206  204  202  198  194  189  185  184
  182  184  185  187  193  195  201  206  216                                   
    50.0-180.0 180.0   5.0 450.0                            LAT/LON1/LON2/DLON/H
  227  230  233  234  232  226  221  212  204  194  186  183  182  182  183  183
  183  182  182  181  181  179  175  171  168  167  169  172  174  173  167  158
  146  135  126  120  118  120  125  131  138  146  155  166  177  188  197  204
  209  211  213  213  214  215  216  217  217  216  213  209  204  199  195  193
  192  193  194  196  201  202  208  212  227                                   
    47.5-180.0 180.0   5.0 450.0                            LAT/LON1/LON2/DLON/H
  237  242  244  247  246  241  237  228  218  206  197  192  189  188  187  187
  185  185  185  185  184  182  178  174  171  171  174  177  179  176  169  158
  146  134  126  122  122  125  131  137  143  150  158  167  177  187  196  203
  209  213  216  218  221  223  225  226  226  224  221  217  212  208  205  204
  204  205  206  207  211  211  216  221  237                                   
    45.0-180.0 180.0   5.0 450.0                            LAT/LON1/LON2/DLON/H
  249  252  254  257  257  254  251  243  234  221  211  204  199  197  195  193
  191  190  190  190  190  187  183  179  176  176  178  181  181  176  168  156
  144  134  127  125  127  131  137  143  148  153  159  167  175  184  193  201
  208  214  218  223  226  229  231  232  232  230  228  224  221  218  217  218
  219  221  222  222  224  222  227  232  249                                   
    42.5-180.0 180.0   5.0 450.0                            LAT/LON1/LON2/DLON/H
  262  262  262  265  266  264  262  256  248  237  226  219  213  209  206  203
  200  198  198  198  197  195  190  185  182  182  183  183  181  174  164  152
  142  134  130  129  133  138  144  148  152  155  159  164  172  180  189  198
  206  214  220  226  230  233  235  236  236  235  234  233  231  230  232  235
  237  240  241  240  241  238  243  247  262                                   
    40.0-180.0 180.0   5.0 450.0                            LAT/LON1/LON2/DLON/H
  277  273  271  272  273  271  270  266  261  251  242  235  230  225  220  215
  211  208  207  207  206  203  198  193  190  189  189  187  181  172  160  149
  141  136  134  136  140  145  149  153  155  156  158  162  168  176  185  195
  204  213  221  228  233  236  238  239  240  241  243  244  245  247  251  256
  260  263  264  262  262  259  263  267  277                                   
    37.5-180.0 180.0   5.0 450.0                            LAT/LON1/LON2/DLON/H
  296  288  282  279  280  277  277  275  272  265  258  253  247  242  236  229
  223  219  217  217  215  212  208  204  201  200  198  193  184  172  159  149
  143  140  141  144  147  151  154  156  156  156  157  160  165  173  182  192
  202  212  221  228  234  238  240  243  246  250  255  260  264  269  274  280
  285  289  289  287  287  284  288  291  296                                   
    35.0-180.0 180.0   5.0 450.0                            LAT/LON1/LON2/DLON/H
  319  308  299  293  291  287  285  284  284  280  275  272  267  261  253  244
  236  229  226  224  223  221  218  216  215  214  211  203  191  176  162  153
  149  148  150  153  155  158  159  158  157  156  157  159  164  171  180  191
  201  211  220  228  234  238  242  247  254  262  271  280  288  294  301  307
  312  315  316  314  313  313  317  319  319                                   
    32.5-180.0 180.0   5.0 450.0                            LAT/LON1/LON2/DLON/H
  348  337  325  315  311  304  300  299  299  297  295  293  289  282  272  260
  248  239  233  230  229  229  229  230  231  231  227  217  202  185  170  161
  158  159  161  162  163  163  162  160  158  157  157  159  164  171  179  189
  199  208  217  225  232  238  244  253  263  277  290  303  313  321  328  334
  338  340  341  339  340  343  347  350  348                                   
    30.0-180.0 180.0   5.0 450.0                            LAT/LON1/LON2/DLON/H
  382  373  360  349  342  334  326  323  323  322  321  319  315  306  293  278
  262  248  239  234  233  235  239  245  249  251  246  234  217  198  182  173
  170  171  171  171  169  166  163  161  158  157  157  159  164  170  177  186
  195  204  213  221  229  237  246  258  274  291  309  325  338  346  353  358
  361  363  364  363  364  371  376  381  382                                   
    27.5-180.0 180.0   5.0 450.0                            LAT/LON1/LON2/DLON/H
  418  414  402  392  385  376  366  360  358  356  354  352  346  334  318  298
  277  258  244  237  236  241  250  260  268  271  265  251  232  211  195  186
  182  181  179  176  172  167  163  159  157  156  156  158  161  166  173  181
  190  198  207  216  226  236  249  265  285  306  327  345  358  367  373  378
  380  382  384  384  386  395  402  410  418                                   
    25.0-180.0 180.0   5.0 450.0                            LAT/LON1/LON2/DLON/H
  452  454  446  442  436  428  417  409  404  400  396  391  382  368  347  323
  296  271  252  241  240  247  260  274  284  287  280  264  243  222  205  195
  189  186  181  176  170  164  159  155  153  152  153  154  156  160  166  174
  182  192  201  212  224  238  254  274  296  320  342  361  374  382  388  393
  396  398  401  402  404  414  423  435  452                                   
    22.5-180.0 180.0   5.0 450.0                            LAT/LON1/LON2/DLON/H
  480  488  487  489  486  482  472  463  456  450  443  435  423  405  381  352
  320  289  264  249  246  255  271  286  297  297  287  269  247  226  209  197
  189  183  176  169  162  157  152  149  147  146  146  147  148  150  156  163
  173  184  196  209  225  242  261  283  307  331  354  372  384  393  399  405
  409  413  417  419  420  429  439  455  480                                   
    20.0-180.0 180.0   5.0 450.0                            LAT/LON1/LON2/DLON/H
  498  511  516  525  528  529  522  514  506  499  490  480  465  444  417  384
  348  311  280  261  256  264  280  295  302  298  284  264  242  221  204  191
  182  173  165  157  152  147  144  141  139  139  138  138  137  139  143  152
  164  177  192  209  227  248  269  293  317  340  361  378  391  400  407  415
  421  427  433  435  434  440  452  471  498                                   
    17.5-180.0 180.0   5.0 450.0                            LAT/LON1/LON2/DLON/H
  506  520  530  545  553  559  556  550  545  538  528  517  500  478  450  416
  377  337  302  278  270  275  288  298  299  289  270  248  226  207  191  179
  168  159  150  143  139  137  135  133  132  131  130  129  127  127  131  140
  154  170  189  209  231  255  279  303  326  348  367  383  395  406  415  425
  435  443  450  451  447  450  463  483  506                                   
    15.0-180.0 180.0   5.0 450.0                            LAT/LON1/LON2/DLON/H
  507  520  531  548  560  568  569  567  563  558  550  539  522  501  474  441
  403  362  325  298  285  286  293  295  288  270  247  224  204  188  175  164
  153  143  135  129  127  127  126  125  125  125  124  122  118  117  120  130
  145  164  186  210  236  263  289  313  334  354  372  388  401  413  425  438
  450  460  468  469  462  461  475  494  507                                   
    12.5-180.0 180.0   5.0 450.0                            LAT/LON1/LON2/DLON/H
  506  515  523  538  550  559  561  561  560  557  551  541  526  507  483  453
  419  381  345  316  299  294  292  286  269  245  219  196  179  167  158  149
  139  130  123  118  117  118  119  119  119  120  120  117  113  110  112  122
  138  159  184  212  241  270  298  322  342  361  379  395  410  424  438  453
  466  478  487  487  478  474  488  506  506                                   
    10.0-180.0 180.0   5.0 450.0                            LAT/LON1/LON2/DLON/H
  509  512  515  524  533  539  540  540  540  538  533  524  511  494  473  449
  421  389  357  329  309  297  286  270  245  216  189  169  156  149  144  138
  130  121  114  111  111  112  113  114  116  118  118  115  110  106  107  115
  132  154  181  211  244  275  304  328  349  368  386  404  422  438  453  468
  483  495  504  505  495  489  504  519  509                                   
     7.5-180.0 180.0   5.0 450.0                            LAT/LON1/LON2/DLON/H
  517  517  514  515  517  518  515  513  511  509  503  495  482  466  448  429
  408  384  357  331  310  292  274  249  219  187  162  146  139  137  136  132
