data/edconvlstm_nd/pred0450.15i
     1.0            IONOSPHERE MAPS     GNSS                IONEX VERSION / TYPE
pyspatialgeodesy        IME             05-JAN-18 20:20     PGM / RUN BY / DATE 
Map Name                                                    COMMENT             
Predicted global ionosphere maps (GIM).                     DESCRIPTION         
  2015     2    14     0     0     0                        EPOCH OF FIRST MAP  
  2015     2    15     0     0     0                        EPOCH OF LAST MAP   
  7200                                                      INTERVAL            
    13                                                      # OF MAPS IN FILE   
  NONE                                                      MAPPING FUNCTION    
10.0                                                        ELEVATION CUTOFF    
One-way carrier phase leveled to code                       OBSERVABLES USED    
  6371.0                                                    BASE RADIUS         
 2                                                          MAP DIMENSION       
   450.0 450.0   0.0                                        HGT1 / HGT2 / DHGT  
    87.5 -87.5  -2.5                                        LAT1 / LAT2 / DLAT  
  -180.0 180.0   5.0                                        LON1 / LON2 / DLON  
    -1                                                      EXPONENT            
                                                            END OF HEADER       
[from data line 1716]
     5                                                      START OF TEC MAP    
  2015     2    14     8     0     0                        EPOCH OF CURRENT MAP
    87.5-180.0 180.0   5.0 450.0                            LAT/LON1/LON2/DLON/H
   80   73   67   74   78   78   78   78   82   86   88   91   93   96   97   99
  100  100  101  101  100  100   99   98   97   96   96   95   94   94   94   94
   94   94   94   94   94   94   94   94   93   93   93   93   93   92   92   92
   91   90   89   88   86   85   83   81   79   77   74   72   70   68   65   64
   64   64   61   61   65   67   78   83   80                                   
    85.0-180.0 180.0   5.0 450.0                            LAT/LON1/LON2/DLON/H
   57   61   57   63   66   70   73   76   80   84   87   92   95   98  101  103
  105  106  107  107  107  107  106  105  104  103  103  102  102  101  101  101
  102  102  102  102  103  103  104  104  104  104  104  104  104  104  104  103
  103  102  101   99   97   95   92   89   86   83   80   76   73   69   65   63
   62   61   56   56   55   58   64   70   57                                   
    82.5-180.0 180.0   5.0 450.0                            LAT/LON1/LON2/DLON/H
   42   41   44   47   48   51   55   59   65   70   75   81   86   90   94   97
   99  100  101  101  101  100   99   97   96   94   93   93   93   93   93   94
   95   96   98   99  101  103  104  106  107  109  110  112  113  114  115  116
  116  116  115  114  112  109  106  102   98   93   88   82   77   71   64   59
   55   51   45   43   46   44   42   49   42                                   
    80.0-180.0 180.0   5.0 450.0                            LAT/LON1/LON2/DLON/H
   36   28   29   33   37   38   44   49   56   62   68   76   82   87   92   95
   98   99   99   99   97   95   93   91   88   86   85   84   84   84   85   87
   89   92   94   97  100  103  106  109  113  116  119  123  126  130  133  135
  137  139  140  139  138  136  133  129  124  118  111  104   95   87   77   69
   61   52   44   39   39   35   36   40   36                                   
    77.5-180.0 180.0   5.0 450.0                            LAT/LON1/LON2/DLON/H
   39   26   24   28   30   33   39   44   52   59   66   74   81   86   91   95
   98   99   99   97   95   92   88   84   81   77   75   74   74   75   77   80
   83   87   92   96  101  105  110  115  120  126  132  138  144  151  157  163
  168  173  176  178  179  179  177  173  169  162  155  146  136  125  113  101
   88   75   62   54   47   32   33   39   39                                   
    75.0-180.0 180.0   5.0 450.0                            LAT/LON1/LON2/DLON/H
   39   28   22   27   29   33   38   43   50   56   63   70   76   81   86   89
   91   93   92   91   88   85   80   76   71   68   65   64   64   65   68   72
   76   81   87   92   98  104  110  117  124  132  141  150  159  169  178  188
  196  203  209  214  216  217  217  214  210  205  197  188  178  166  153  140
  124  109   93   76   64   47   42   41   39                                   
    72.5-180.0 180.0   5.0 450.0                            LAT/LON1/LON2/DLON/H
   45   33   26   30   32   37   43   47   52   58   63   68   73   77   81   84
   86   87   88   87   84   80   76   71   66   62   59   57   58   59   63   67
   73   79   85   92   99  106  113  121  130  140  151  163  175  188  201  213
  224  234  242  248  252  254  254  252  249  243  236  228  217  205  192  179
  163  147  130  110   92   70   61   58   45                                   
    70.0-180.0 180.0   5.0 450.0                            LAT/LON1/LON2/DLON/H
   56   41   35   37   38   42   47   50   55   59   62   66   68   71   73   75
   78   79   80   80   79   76   72   67   62   58   55   53   53   55   58   63
   68   75   82   89   96  104  112  121  132  144  157  171  186  202  217  231
  244  256  265  272  276  278  278  276  271  265  258  249  238  227  214  201
  186  170  154  134  114   90   82   77   56                                   
    67.5-180.0 180.0   5.0 450.0                            LAT/LON1/LON2/DLON/H
   60   46   40   42   43   48   52   55   59   61   63   65   66   67   68   70
   72   74   75   76   76   74   70   66   61   57   54   51   51   52   55   59
   64   71   77   84   92  100  109  119  131  144  159  175  192  209  225  241
  255  266  275  281  285  285  284  280  274  266  258  248  237  226  214  202
  189  174  160  141  123  100   91   87   60                                   
    65.0-180.0 180.0   5.0 450.0                            LAT/LON1/LON2/DLON/H
   63   49   42   45   45   50   54   58   61   62   63   64   63   63   63   65
   66   69   71   73   73   72   70   66   62   58   55   52   51   52   54   58
   63   69   76   83   91  100  111  122  135  149  165  182  200  218  235  251
  264  275  283  287  288  286  282  275  267  258  247  237  225  214  202  191
  179  166  154  137  122  102   95   93   63                                   
    62.5-180.0 180.0   5.0 450.0                            LAT/LON1/LON2/DLON/H
   62   47   40   42   43   48   53   56   59   61   62   62   61   60   60   61
   62   64   67   69   70   69   68   65   62   58   55   52   51   51   52   56
   61   67   75   83   93  103  115  128  142  158  174  191  209  226  243  257
  270  279  284  287  285  281  274  265  255  244  232  220  208  196  183  172
  160  148  137  122  110   93   89   91   62                                   
    60.0-180.0 180.0   5.0 450.0                            LAT/LON1/LON2/DLON/H
   61   44   36   37   38   43   47   51   54   56   58   58   58   57   57   57
   58   60   62   63   64   64   63   61   58   56   53   50   48   48   49   53
   58   66   74   85   96  108  122  137  153  169  186  202  219  235  250  263
  274  281  285  286  282  276  267  257  246  235  223  210  197  184  170  157
  143  130  120  106   97   81   79   83   61                                   
    57.5-180.0 180.0   5.0 450.0                            LAT/LON1/LON2/DLON/H
   64   44   35   35   35   38   42   46   49   51   53   54   55   55   55   55
   56   57   58   58   58   58   58   56   55   53   50   48   46   45   47   51
   57   66   78   90  104  119  135  152  169  186  202  217  232  246  259  271
  281  287  290  289  285  278  269  259  249  238  227  215  203  188  172  156
  139  124  112   99   91   76   74   80   64                                   
    55.0-180.0 180.0   5.0 450.0                            LAT/LON1/LON2/DLON/H
   75   51   41   38   37   38   41   42   45   47   49   51   52   53   54   54
   54   55   55   54   54   54   53   53   52   51   49   46   44   43   45   50
   58   70   84   99  116  133  152  170  188  205  220  234  247  259  270  281
  290  295  297  296  292  285  278  269  261  252  243  233  222  207  190  172
  151  132  119  104   97   81   79   83   75                                   
    52.5-180.0 180.0   5.0 450.0                            LAT/LON1/LON2/DLON/H
   93   69   57   51   48   47   46   45   46   46   48   50   52   54   55   55
   55   54   54   53   52   52   53   53   53   52   50   47   44   43   45   51
   61   76   92  111  130  150  170  190  208  225  239  251  262  272  282  292
  300  305  307  306  302  297  290  284  277  271  265  258  249  236  218  198
  175  154  137  121  114   97   94   95   93                                   
    50.0-180.0 180.0   5.0 450.0                            LAT/LON1/LON2/DLON/H
  116   94   84   75   71   66   62   57   54   52   52   54   55   57   58   58
   58   57   55   54   55   56   57   59   60   59   56   52   48   46   48   54
   67   83  103  124  145  166  188  209  228  244  257  267  276  285  294  303
  310  315  317  315  312  308  302  297  293  289  285  280  273  262  246  226
  202  180  161  143  136  120  115  114  116                                   
    47.5-180.0 180.0   5.0 450.0                            LAT/LON1/LON2/DLON/H
  138  121  113  105  101   94   87   77   70   65   63   63   63   64   64   64
   63   61   60   60   61   64   67   70   71   69   65   60   54   51   52   59
   73   91  113  136  159  181  203  225  245  261  273  281  288  296  304  312
  319  323  324  323  319  314  309  304  299  296  294  291  287  278  263  244
  221  199  179  162  154  139  135  133  138                                   
    45.0-180.0 180.0   5.0 450.0                            LAT/LON1/LON2/DLON/H
  151  140  136  132  130  124  116  104   93   85   80   78   77   76   74   73
   70   69   68   69   73   77   82   85   85   83   77   70   62   57   57   64
   78   98  122  146  169  193  216  238  258  274  285  292  298  304  311  319
  325  328  328  325  321  315  308  302  296  292  290  288  284  277  264  247
  226  205  185  169  162  149  146  145  151                                   
    42.5-180.0 180.0   5.0 450.0                            LAT/LON1/LON2/DLON/H
  150  143  144  145  149  146  140  129  118  108  101   97   94   90   87   83
   80   79   79   82   86   92   97  100  100   96   88   79   69   62   61   67
   82  103  127  153  177  201  224  247  267  283  293  299  304  309  316  323
  329  331  330  326  320  313  304  295  287  280  277  274  271  263  251  235
  216  197  178  163  155  142  141  142  150                                   
    40.0-180.0 180.0   5.0 450.0                            LAT/LON1/LON2/DLON/H
  133  128  133  139  148  151  150  144  136  127  121  116  111  106  101   96
   92   90   92   95  101  107  111  113  111  105   97   86   75   67   65   71
   85  106  131  157  182  207  231  254  274  290  300  306  310  315  321  328
  333  335  334  331  325  318  307  296  285  276  270  266  260  251  237  221
  201  182  163  147  137  122  122  125  133                                   
    37.5-180.0 180.0   5.0 450.0                            LAT/LON1/LON2/DLON/H
  107  100  106  115  128  135  142  144  142  138  134  131  126  120  114  108
  104  103  105  109  114  119  121  121  117  111  101   91   80   72   69   74
   88  109  135  161  187  212  237  261  282  298  308  314  319  324  331  338
  343  346  347  346  343  337  327  315  303  293  285  278  270  257  239  219
  197  174  153  133  119   99   98  103  107                                   
    35.0-180.0 180.0   5.0 450.0                            LAT/LON1/LON2/DLON/H
   84   70   73   82   95  105  117  127  133  135  137  138  135  130  124  119
  116  116  118  122  125  127  127  124  119  113  104   94   85   77   74   78
   91  112  138  166  193  220  245  270  291  308  320  327  333  340  347  355
  362  368  373  377  378  376  369  359  348  338  331  323  311  294  271  246
  218  190  164  137  116   87   83   87   84                                   
    32.5-180.0 180.0   5.0 450.0                            LAT/LON1/LON2/DLON/H
   76   52   48   53   63   72   87  101  112  121  129  135  136  134  130  127
  126  127  130  133  134  132  129  124  119  113  106   98   89   81   78   82
   95  116  143  173  202  229  256  282  305  323  337  347  355  363  373  382
  392  401  411  422  430  434  432  426  418  412  406  398  385  365  337  306
  272  238  206  170  142  102   91   89   76                                   
    30.0-180.0 180.0   5.0 450.0                            LAT/LON1/LON2/DLON/H
   92   59   45   41   44   49   62   75   89  101  113  123  129  131  130  130
  132  136  140  141  139  135  129  124  119  115  109  102   93   86   83   87
  100  122  150  181  212  241  269  297  322  342  359  372  383  394  405  417
  430  445  462  481  498  510  515  514  512  509  507  502  489  467  436  400
  359  320  281  236  202  149  130  118   92                                   
    27.5-180.0 180.0   5.0 450.0                            LAT/LON1/LON2/DLON/H
  139  102   76   57   49   44   51   60   71   83   95  108  117  122  125  129
  135  141  146  147  143  136  130  125  122  119  114  107   99   93   90   95
  108  130  159  191  223  254  284  313  339  363  383  400  415  429  444  459
  476  497  522  550  577  598  611  617  621  625  627  625  615  593  561  520
  474  428  381  329  288  228  199  179  139                                   
    25.0-180.0 180.0   5.0 450.0                            LAT/LON1/LON2/DLON/H
  219  184  148  109   87   69   64   64   66   73   83   95  105  112  117  123
  132  141  148  148  144  138  133  130  129  127  122  115  107  102  100  105
  118  140  169  203  236  268  298  327  355  382  406  427  447  466  485  504
  527  554  587  624  659  688  708  722  732  742  750  751  743  723  690  647
  596  546  491  436  390  326  290  268  219                                   
    22.5-180.0 180.0   5.0 450.0                            LAT/LON1/LON2/DLON/H
  324  296  253  198  161  128  107   93   83   81   84   91   99  105  110  117
  127  138  146  148  146  142  139  139  140  138  133  125  117  111  110  115
  129  151  181  215  249  280  310  340  368  397  424  450  475  499  522  547
  574  607  646  688  728  761  787  807  824  840  851  856  850  832  801  757
  704  653  595  539  491  433  397  376  324                                   
    20.0-180.0 180.0   5.0 450.0                            LAT/LON1/LON2/DLON/H
  437  415  369  309  260  218  180  150  125  108  100  100  103  105  108  113
  123  134  143  147  147  147  147  150  153  152  145  135  125  119  118  124
  139  163  193  227  260  291  320  349  380  410  441  471  501  529  556  583
  614  649  689  732  771  803  830  852  873  892  907  914  911  896  869  829
  781  733  678  626  576  530  502  487  437                                   
    17.5-180.0 180.0   5.0 450.0                            LAT/LON1/LON2/DLON/H
  534  516  476  420  365  320  270  228  188  157  136  126  120  117  114  116
  123  133  142  148  150  153  157  163  168  165  155  141  128  121  122  130
  147  172  203  236  269  299  329  358  390  424  458  492  525  555  584  613
  642  676  712  748  781  808  830  850  869  887  901  909  908  899  880  850
  812  772  727  679  633  597  581  575  534                                   
    15.0-180.0 180.0   5.0 450.0                            LAT/LON1/LON2/DLON/H
  592  579  553  510  455  412  359  311  262  220  188  168  154  142  132  128
  130  137  144  150  155  160  168  177  181  175  161  142  127  119  121  132
  152  179  211  244  276  306  336  367  401  438  475  511  546  577  606  632
  658  686  714  741  763  780  793  806  818  830  840  846  847  844  834  815
  789  759  726  686  646  616  610  616  592                                   
    12.5-180.0 180.0   5.0 450.0                            LAT/LON1/LON2/DLON/H
  602  595  584  559  512  475  427  381  332  287  250  223  201  181  163  151
  146  147  152  157  162  169  179  188  190  180  161  140  122  114  118  133
  156  186  218  250  281  311  343  377  413  452  490  527  561  591  617  640
  661  681  700  716  727  734  738  741  745  748  750  752  753  755  754  745
  730  708  682  649  618  591  588  605  602                                   
    10.0-180.0 180.0   5.0 450.0                            LAT/LON1/LON2/DLON/H
  573  567  567  559  525  496  460  425  384  344  310  282  256  230  205  185
  172  166  166  168  173  181  190  196  193  180  159  135  117  110  116  135
  162  194  227  258  287  317  349  386  424  464  503  539  571  598  621  639
  655  669  680  687  691  692  690  687  683  678  673  670  671  675  680  678
  668  650  626  597  569  541  537  557  573                                   
     7.5-180.0 180.0   5.0 450.0                            LAT/LON1/LON2/DLON/H
  521  508  512  515  495  477  455  435  408  380  354  332  309  282  253  226
  206  193  186  184  186  191  196  197  190  176  154  132  115  111  120  142
