data/edconvlstm_nd/pred3510.15i
     1.0            IONOSPHERE MAPS     GNSS                IONEX VERSION / TYPE
pyspatialgeodesy        IME             05-JAN-18 20:20     PGM / RUN BY / DATE 
Map Name                                                    COMMENT             
Predicted global ionosphere maps (GIM).                     DESCRIPTION         
  2015    12    17     0     0     0                        EPOCH OF FIRST MAP  
  2015    12    18     0     0     0                        EPOCH OF LAST MAP   
  7200                                                      INTERVAL            
    13                                                      # OF MAPS IN FILE   
  NONE                                                      MAPPING FUNCTION    
10.0                                                        ELEVATION CUTOFF    
One-way carrier phase leveled to code                       OBSERVABLES USED    
  6371.0                                                    BASE RADIUS         
 2                                                          MAP DIMENSION       
   450.0 450.0   0.0                                        HGT1 / HGT2 / DHGT  
    87.5 -87.5  -2.5                                        LAT1 / LAT2 / DLAT  
  -180.0 180.0   5.0                                        LON1 / LON2 / DLON  
    -1                                                      EXPONENT            
                                                            END OF HEADER       
[from data line 4290]
    11                                                      START OF TEC MAP    
  2015    12    17    20     0     0                        EPOCH OF CURRENT MAP
    87.5-180.0 180.0   5.0 450.0                            LAT/LON1/LON2/DLON/H
   65   63   58   59   64   60   59   55   56   58   58   59   59   60   60   61
   61   61   62   62   61   61   61   61   60   60   59   59   59   58   58   58
   58   58   58   58   59   59   59   60   60   60   60   61   61   61   61   61
   62   62   62   62   62   62   61   61   61   60   60   59   59   58   58   57
   56   55   51   47   51   52   70   78   65                                   
    85.0-180.0 180.0   5.0 450.0                            LAT/LON1/LON2/DLON/H
   67   63   71   53   53   56   55   55   56   58   58   59   59   60   61   61
   62   62   63   63   63   63   62   62   62   62   61   61   61   61   61   60
   60   61   61   61   61   61   62   62   62   62   63   63   63   63   63   63
   63   63   63   62   62   62   62   62   61   61   60   60   59   58   58   57
   56   54   50   46   51   52   59   52   67                                   
    82.5-180.0 180.0   5.0 450.0                            LAT/LON1/LON2/DLON/H
   42   46   48   40   44   46   47   47   48   50   51   53   54   55   56   56
   57   57   57   57   57   56   55   55   54   54   53   52   52   52   51   51
   51   51   51   52   52   52   52   53   53   53   53   53   53   53   53   52
   52   52   52   52   52   52   52   52   51   51   51   50   49   48   48   46
   46   43   40   38   45   54   49   46   42                                   
    80.0-180.0 180.0   5.0 450.0                            LAT/LON1/LON2/DLON/H
   19   27   35   30   33   33   37   38   41   44   46   48   50   52   53   53
   54   54   53   53   52   51   50   48   47   46   45   44   44   43   43   43
   43   43   44   44   45   45   46   46   46   46   46   46   45   45   45   44
   44   44   43   43   43   43   43   43   43   43   42   42   41   40   39   37
   36   35   33   32   33   39   32   38   19                                   
    77.5-180.0 180.0   5.0 450.0                            LAT/LON1/LON2/DLON/H
   24   27   27   25   30   31   36   39   42   45   48   52   54   57   58   59
   59   59   58   57   55   53   51   50   48   46   45   43   42   42   41   40
   40   40   40   41   41   41   42   42   41   41   40   40   39   38   37   37
   37   37   37   37   37   38   38   38   38   38   38   37   36   35   33   32
   30   29   28   27   28   29   27   35   24                                   
    75.0-180.0 180.0   5.0 450.0                            LAT/LON1/LON2/DLON/H
   14   23   24   24   31   33   38   42   48   52   56   60   63   65   66   67
   66   65   64   62   59   57   54   52   50   47   45   44   42   41   40   39
   39   38   38   39   39   39   40   40   40   39   38   37   36   35   34   34
   33   33   34   34   35   36   36   37   37   37   37   37   36   35   34   33
   31   31   30   28   28   27   22   21   14                                   
    72.5-180.0 180.0   5.0 450.0                            LAT/LON1/LON2/DLON/H
   24   30   31   35   38   41   48   52   57   61   65   70   72   74   75   75
   73   72   69   67   64   61   58   54   51   48   45   43   40   39   37   35
   34   33   33   32   33   33   33   33   33   32   31   30   28   27   26   25
   25   26   26   27   28   29   30   31   32   32   33   32   32   31   30   29
   28   27   26   24   24   25   23   26   24                                   
    70.0-180.0 180.0   5.0 450.0                            LAT/LON1/LON2/DLON/H
   27   36   39   44   48   53   59   65   72   78   83   87   89   90   90   89
   87   85   83   80   77   73   69   65   60   56   53   49   46   43   40   38
   36   34   33   32   32   32   33   33   33   32   31   29   28   27   26   25
   25   26   27   28   29   31   32   33   34   35   36   36   36   36   35   35
   33   33   33   31   32   33   35   39   27                                   
    67.5-180.0 180.0   5.0 450.0                            LAT/LON1/LON2/DLON/H
   41   48   50   57   63   69   77   83   89   94   99  103  105  106  105  103
  101   99   96   93   89   85   80   74   68   62   57   52   48   44   41   37
   34   31   29   28   28   28   29   29   30   29   28   27   25   24   23   23
   23   24   25   27   28   30   31   32   34   35   36   37   38   38   38   37
   36   36   35   33   33   37   37   42   41                                   
    65.0-180.0 180.0   5.0 450.0                            LAT/LON1/LON2/DLON/H
   46   54   58   67   73   81   88   96  103  110  115  118  120  120  118  117
  115  113  111  108  104   99   93   85   77   69   62   55   50   45   41   37
   33   29   26   24   23   24   25   26   26   26   26   25   24   23   22   22
   23   24   25   26   28   29   31   32   34   36   38   39   40   41   41   41
   40   41   41   39   40   45   46   52   46                                   
    62.5-180.0 180.0   5.0 450.0                            LAT/LON1/LON2/DLON/H
   53   61   64   74   81   90   98  106  114  120  126  130  131  131  130  129
  128  127  125  123  119  113  104   94   84   73   64   56   49   44   39   34
   29   25   21   19   18   19   20   21   22   23   23   22   21   20   20   20
   21   22   23   24   25   26   28   30   32   34   36   38   40   41   42   42
   41   41   41   40   40   44   46   53   53                                   
    60.0-180.0 180.0   5.0 450.0                            LAT/LON1/LON2/DLON/H
   56   62   66   77   84   93  102  111  120  127  133  137  139  139  138  138
  138  139  138  136  132  124  114  102   88   75   64   55   48   42   37   33
   28   23   19   16   15   15   16   18   19   20   20   20   19   18   18   18
   19   19   20   21   22   23   25   27   29   32   35   37   39   40   41   41
   41   41   41   39   39   44   47   55   56                                   
    57.5-180.0 180.0   5.0 450.0                            LAT/LON1/LON2/DLON/H
   58   63   67   79   87   96  106  115  125  133  140  144  146  146  146  147
  149  150  151  149  144  135  123  108   93   78   66   56   49   44   39   35
   30   25   21   18   16   16   17   19   20   21   21   21   20   19   19   18
   19   19   19   19   20   21   23   25   28   32   35   38   40   41   42   42
   42   42   42   41   40   44   47   56   58                                   
    55.0-180.0 180.0   5.0 450.0                            LAT/LON1/LON2/DLON/H
   62   67   72   83   91  100  110  121  131  139  146  149  151  152  153  155
  158  160  160  158  152  142  129  113   97   82   70   60   53   49   45   41
   36   31   26   23   21   21   22   23   24   25   25   24   23   22   22   21
   21   20   20   19   20   20   22   26   30   34   37   40   42   43   44   45
   45   46   47   45   43   46   48   58   62                                   
    52.5-180.0 180.0   5.0 450.0                            LAT/LON1/LON2/DLON/H
   68   73   80   90   99  109  119  129  139  147  153  156  157  158  160  162
  165  167  167  163  156  146  133  118  103   89   77   68   61   57   53   49
   45   40   35   32   30   30   30   31   32   32   32   31   30   29   28   27
   26   25   24   23   23   24   26   30   35   39   42   45   46   47   49   50
   52   54   55   54   51   52   54   63   68                                   
    50.0-180.0 180.0   5.0 450.0                            LAT/LON1/LON2/DLON/H
   79   85   93  104  113  123  132  143  152  158  163  164  165  165  167  169
  172  173  171  167  159  149  137  124  111   99   88   79   73   67   63   58
   53   49   45   42   41   41   41   42   42   42   42   41   40   39   38   37
   36   34   33   32   32   33   35   39   44   48   51   52   53   53   55   58
   60   63   66   66   62   63   63   71   79                                   
    47.5-180.0 180.0   5.0 450.0                            LAT/LON1/LON2/DLON/H
   92  100  110  120  130  141  150  160  168  173  176  176  175  174  175  177
  179  178  175  169  162  153  143  133  122  112  102   93   85   78   71   65
   60   55   53   51   51   52   52   52   52   52   51   51   50   50   49   49
   48   47   46   45   45   46   49   53   57   60   61   61   60   60   62   65
   69   74   78   79   76   76   76   82   92                                   
    45.0-180.0 180.0   5.0 450.0                            LAT/LON1/LON2/DLON/H
  107  115  127  139  149  160  170  180  186  191  191  190  187  186  186  186
  186  184  180  173  166  159  152  144  136  128  118  107   96   85   76   67
   61   58   56   57   59   60   61   61   61   60   60   60   60   60   61   61
   61   61   61   61   61   62   65   68   70   72   71   70   68   67   69   72
   77   82   87   90   88   88   90   95  107                                   
    42.5-180.0 180.0   5.0 450.0                            LAT/LON1/LON2/DLON/H
  119  129  142  154  166  178  188  198  204  209  208  205  202  199  198  198
  196  192  186  180  174  168  163  158  151  142  131  117  102   88   75   65
   59   56   57   59   63   66   67   67   66   66   66   67   68   69   70   71
   73   74   75   76   77   78   80   82   83   83   81   78   75   73   74   78
   81   87   92   96   96   98  100  106  119                                   
    40.0-180.0 180.0   5.0 450.0                            LAT/LON1/LON2/DLON/H
  127  138  152  165  179  191  202  212  219  224  223  221  217  215  212  210
  207  202  196  190  184  180  176  171  164  153  139  122  104   87   72   61
   55   54   57   62   67   71   73   72   71   70   70   72   74   75   77   79
   81   83   86   88   89   90   91   92   91   90   87   83   79   77   78   80
   83   88   93   96   99  102  106  113  127                                   
    37.5-180.0 180.0   5.0 450.0                            LAT/LON1/LON2/DLON/H
  130  142  156  171  185  197  209  220  228  234  236  235  232  229  227  223
  218  213  207  202  198  194  189  182  172  159  142  123  103   85   70   61
   56   57   62   68   74   79   80   78   76   75   75   77   79   81   82   83
   85   88   92   94   96   96   97   97   95   93   90   86   82   80   80   81
   82   85   89   92   95  100  106  116  130                                   
    35.0-180.0 180.0   5.0 450.0                            LAT/LON1/LON2/DLON/H
  130  142  156  171  185  198  210  222  232  240  244  245  245  243  240  235
  230  224  220  217  213  208  200  190  176  160  142  123  104   88   76   70
   69   71   77   84   90   92   92   89   85   83   83   84   85   86   86   87
   88   91   94   96   97   98   98   97   95   93   90   86   83   81   80   80
   80   81   83   85   89   95  103  115  130                                   
    32.5-180.0 180.0   5.0 450.0                            LAT/LON1/LON2/DLON/H
  128  141  155  169  183  194  207  220  231  241  248  252  254  253  250  245
  239  234  231  229  226  220  209  194  177  160  142  126  111  101   95   94
   96  101  107  112  115  114  111  105  100   96   95   95   95   95   93   92
   92   93   94   96   97   97   96   95   93   92   89   87   84   82   81   80
   78   77   78   80   83   91  100  115  128                                   
    30.0-180.0 180.0   5.0 450.0                            LAT/LON1/LON2/DLON/H
  130  144  158  170  183  191  203  215  228  239  248  255  259  260  257  251
  245  241  239  239  236  227  213  195  178  162  148  137  130  128  130  135
  141  146  150  151  149  144  136  127  119  114  111  110  109  107  104  101
   98   97   97   97   96   95   94   93   92   91   90   88   87   85   83   81
   78   76   77   79   82   91  102  117  130                                   
    27.5-180.0 180.0   5.0 450.0                            LAT/LON1/LON2/DLON/H
  137  153  167  176  187  193  203  213  225  237  248  257  263  265  262  255
  249  244  243  243  240  230  214  197  182  170  164  161  163  170  180  191
  200  203  202  197  188  176  163  151  141  135  131  129  126  123  119  114
  109  106  103  101   98   96   94   93   93   93   92   92   90   89   87   84
   80   79   80   83   87   98  110  126  137                                   
    25.0-180.0 180.0   5.0 450.0                            LAT/LON1/LON2/DLON/H
  151  169  184  190  200  202  209  217  227  238  250  260  267  269  266  259
  251  246  245  244  239  229  215  201  192  189  191  198  210  226  244  259
  267  266  256  241  224  205  188  173  161  154  150  147  145  141  136  130
  124  118  113  109  105  101   98   97   96   97   97   97   95   93   91   88
   85   85   88   92   98  111  125  141  151                                   
    22.5-180.0 180.0   5.0 450.0                            LAT/LON1/LON2/DLON/H
  172  191  207  211  221  221  225  230  238  247  257  267  274  276  273  265
  257  251  246  243  237  228  218  212  212  218  230  247  268  292  314  329
  332  321  301  275  249  224  203  187  176  169  166  163  161  157  152  147
  140  134  127  121  115  110  106  104  103  102  103  102  100   98   95   92
   89   92   97  105  113  128  145  159  172                                   
    20.0-180.0 180.0   5.0 450.0                            LAT/LON1/LON2/DLON/H
  196  217  235  239  249  249  252  253  259  266  274  281  287  289  286  279
  270  261  253  246  239  232  229  232  242  259  279  303  330  357  378  387
  379  357  325  290  256  228  206  191  182  177  174  173  171  168  165  160
  154  148  141  133  126  120  115  112  110  109  108  107  104  101   97   94
   93   98  105  117  128  145  165  180  196                                   
    17.5-180.0 180.0   5.0 450.0                            LAT/LON1/LON2/DLON/H
  220  243  263  270  283  284  288  287  291  295  301  306  311  313  310  304
  293  282  269  258  250  246  250  263  283  307  334  361  387  409  421  419
  399  366  325  284  248  219  198  186  179  177  176  175  174  172  170  166
  162  157  151  143  136  130  124  120  117  114  112  110  106  102   97   95
   94  101  111  126  140  160  182  199  220                                   
    15.0-180.0 180.0   5.0 450.0                            LAT/LON1/LON2/DLON/H
  241  266  290  301  318  323  329  329  332  335  339  342  346  347  346  341
  330  315  299  283  274  274  284  305  331  360  387  409  427  437  437  422
  392  352  307  264  228  202  185  176  172  172  172  171  170  169  167  166
  163  159  154  149  142  136  131  126  122  118  115  111  107  102   96   93
   92  101  113  130  147  169  194  215  241                                   
    12.5-180.0 180.0   5.0 450.0                            LAT/LON1/LON2/DLON/H
  256  285  312  328  351  361  372  375  379  382  385  387  390  393  393  389
  379  362  342  323  313  316  331  357  386  412  431  442  446  442  428  404
  368  325  280  240  208  186  174  168  167  167  167  165  163  161  160  159
  157  155  152  148  144  140  136  131  126  121  116  112  107  101   95   91
   89   98  111  130  149  174  202  225  256                                   
    10.0-180.0 180.0   5.0 450.0                            LAT/LON1/LON2/DLON/H
  265  298  329  350  378  394  411  418  426  431  435  438  441  445  447  446
  437  420  397  377  367  371  389  414  439  456  461  457  446  430  407  376
  339  298  257  223  197  180  172  169  168  168  165  162  158  154  152  151
  149  148  147  145  143  141  138  135  129  123  118  113  108  101   95   89
   87   95  108  127  148  176  205  231  265                                   
     7.5-180.0 180.0   5.0 450.0                            LAT/LON1/LON2/DLON/H
  270  306  341  364  398  419  442  454  467  476  482  487  492  498  504  505
  498  482  459  439  429  434  450  470  485  487  476  458  436  411  384  353
