data/edconvlstm_nd/pred1710.15i
     1.0            IONOSPHERE MAPS     GNSS                IONEX VERSION / TYPE
pyspatialgeodesy        IME             05-JAN-18 20:20     PGM / RUN BY / DATE 
Map Name                                                    COMMENT             
Predicted global ionosphere maps (GIM).                     DESCRIPTION         
  2015     6    20     0     0     0                        EPOCH OF FIRST MAP  
  2015     6    21     0     0     0                        EPOCH OF LAST MAP   
  7200                                                      INTERVAL            
    13                                                      # OF MAPS IN FILE   
  NONE                                                      MAPPING FUNCTION    
10.0                                                        ELEVATION CUTOFF    
One-way carrier phase leveled to code                       OBSERVABLES USED    
  6371.0                                                    BASE RADIUS         
 2                                                          MAP DIMENSION       
   450.0 450.0   0.0                                        HGT1 / HGT2 / DHGT  
    87.5 -87.5  -2.5                                        LAT1 / LAT2 / DLAT  
  -180.0 180.0   5.0                                        LON1 / LON2 / DLON  
    -1                                                      EXPONENT            
                                                            END OF HEADER       
[from data line 2574]
     7                                                      START OF TEC MAP    
  2015     6    20    12     0     0                        EPOCH OF CURRENT MAP
    87.5-180.0 180.0   5.0 450.0                            LAT/LON1/LON2/DLON/H
  162  161  156  162  164  164  164  163  165  166  166  167  167  167  167  167
  168  168  168  168  167  167  167  167  167  166  166  166  166  166  166  165
  165  165  164  164  164  163  162  162  161  161  160  159  159  158  158  157
  157  157  156  156  156  155  155  155  155  154  154  154  154  154  154  154
  153  155  153  153  159  158  164  164  162                                   
    85.0-180.0 180.0   5.0 450.0                            LAT/LON1/LON2/DLON/H
  152  156  165  163  163  167  168  170  171  173  173  174  174  175  175  175
  175  175  175  175  175  175  175  175  175  175  175  175  175  175  175  174
  174  173  173  172  171  170  169  168  167  166  165  164  164  163  162  162
  161  161  160  160  160  159  159  159  159  159  158  158  158  158  157  157
  158  159  155  155  154  154  159  164  152                                   
    82.5-180.0 180.0   5.0 450.0                            LAT/LON1/LON2/DLON/H
  139  152  155  153  153  159  161  164  165  167  168  169  169  170  170  171
  171  171  171  171  171  172  172  172  173  173  174  174  175  175  175  175
  175  175  174  173  172  170  169  167  166  164  163  162  160  160  159  158
  158  157  157  157  156  156  156  155  155  154  154  153  152  151  150  149
  149  148  145  147  145  152  152  146  139                                   
    80.0-180.0 180.0   5.0 450.0                            LAT/LON1/LON2/DLON/H
  135  145  150  151  151  154  157  161  163  165  166  167  168  168  168  169
  169  169  169  169  169  169  169  170  170  171  172  173  174  175  176  176
  176  176  175  174  173  171  169  168  166  164  163  162  161  161  160  160
  160  160  160  160  160  160  160  160  159  159  158  156  155  153  151  150
  148  147  143  144  141  144  149  141  135                                   
    77.5-180.0 180.0   5.0 450.0                            LAT/LON1/LON2/DLON/H
  137  140  146  147  147  151  154  157  160  161  161  162  162  163  163  163
  163  163  163  163  163  164  164  165  166  167  168  170  172  174  175  177
  178  178  178  177  176  175  173  171  169  168  167  166  166  166  167  167
  168  169  170  170  171  171  171  171  170  169  168  166  164  161  158  154
  151  148  143  143  142  140  142  141  137                                   
    75.0-180.0 180.0   5.0 450.0                            LAT/LON1/LON2/DLON/H
  132  137  138  142  142  147  150  153  155  157  157  157  157  157  157  157
  157  157  157  157  158  158  158  159  160  161  163  165  168  171  174  176
  178  180  180  180  179  178  176  174  173  172  172  172  172  173  174  176
  177  178  179  180  181  182  183  183  183  182  181  179  176  173  169  165
  160  155  149  143  142  140  141  134  132                                   
    72.5-180.0 180.0   5.0 450.0                            LAT/LON1/LON2/DLON/H
  128  132  132  136  136  141  145  147  149  151  150  151  151  150  150  150
  150  150  151  151  151  151  151  152  153  154  156  159  162  166  170  174
  177  179  180  180  180  179  177  176  175  175  175  176  177  179  181  183
  184  185  186  187  188  189  190  191  192  192  191  190  188  184  180  175
  169  163  155  149  143  140  139  136  128                                   
    70.0-180.0 180.0   5.0 450.0                            LAT/LON1/LON2/DLON/H
  128  127  127  130  129  132  136  139  142  143  144  144  144  144  143  143
  143  144  144  145  145  145  145  145  145  146  148  151  155  160  165  170
  173  176  178  179  179  178  177  176  175  176  177  178  181  183  185  186
  187  188  188  188  188  189  190  192  194  196  197  198  197  194  191  186
  180  172  164  156  148  143  142  139  128                                   
    67.5-180.0 180.0   5.0 450.0                            LAT/LON1/LON2/DLON/H
  127  125  124  127  125  127  131  134  137  140  140  142  142  142  141  141
  141  142  142  143  143  143  143  142  142  143  145  148  152  157  162  167
  172  175  177  178  178  178  177  176  177  178  180  182  185  187  189  190
  190  189  187  186  186  186  188  190  194  198  201  204  205  204  202  199
  193  185  176  166  156  149  146  142  127                                   
    65.0-180.0 180.0   5.0 450.0                            LAT/LON1/LON2/DLON/H
  129  125  122  122  119  120  123  127  131  134  136  139  139  140  139  139
  140  140  141  142  142  142  142  141  141  142  144  147  152  157  162  167
  172  175  177  178  179  178  178  178  178  180  183  186  189  192  193  193
  191  188  185  182  180  180  182  185  190  196  202  206  210  212  212  210
  205  198  189  179  168  160  155  150  129                                   
    62.5-180.0 180.0   5.0 450.0                            LAT/LON1/LON2/DLON/H
  132  126  121  119  113  113  115  119  124  128  132  135  137  138  138  138
  138  139  140  141  141  142  142  142  143  144  147  150  154  159  164  169
  173  176  178  179  179  179  179  180  181  183  187  191  194  196  197  195
  192  187  182  177  174  173  176  180  186  193  201  207  213  216  218  218
  214  209  200  190  178  169  163  158  132                                   
    60.0-180.0 180.0   5.0 450.0                            LAT/LON1/LON2/DLON/H
  136  128  121  116  108  106  106  109  115  120  125  130  133  135  135  136
  136  136  137  138  139  140  141  142  144  147  150  155  159  164  168  172
  175  178  180  181  181  182  182  183  185  188  192  196  199  201  201  199
  194  187  181  175  171  170  173  178  185  192  200  208  214  218  221  222
  220  215  207  198  186  176  170  164  136                                   
    57.5-180.0 180.0   5.0 450.0                            LAT/LON1/LON2/DLON/H
  141  131  123  116  105  100   99  101  106  111  117  123  127  130  132  132
  133  134  135  136  137  138  140  143  146  151  156  161  166  171  174  178
  180  182  184  185  186  187  188  189  191  195  199  203  207  209  208  205
  199  192  184  178  174  173  176  181  188  196  203  210  215  219  222  223
  222  219  212  203  192  181  175  169  141                                   
    55.0-180.0 180.0   5.0 450.0                            LAT/LON1/LON2/DLON/H
  145  135  126  117  104   97   93   93   97  102  108  115  120  124  126  128
  130  131  132  134  135  137  139  143  148  155  161  168  173  177  181  183
  185  187  189  191  192  194  195  197  199  203  207  211  215  216  215  212
  206  198  191  185  181  181  184  189  196  202  208  213  216  219  221  222
  221  219  212  204  193  182  175  170  145                                   
    52.5-180.0 180.0   5.0 450.0                            LAT/LON1/LON2/DLON/H
  149  139  131  121  106   97   91   88   90   94  100  106  112  117  121  124
  127  130  132  133  135  137  140  144  151  158  166  173  179  183  186  188
  190  192  194  197  200  202  204  206  209  213  217  221  223  225  223  220
  214  207  200  194  192  192  195  200  206  211  215  217  218  219  220  220
  219  216  210  202  191  180  173  167  149                                   
    50.0-180.0 180.0   5.0 450.0                            LAT/LON1/LON2/DLON/H
  150  142  135  126  110  100   93   88   87   89   94   99  105  111  117  122
  127  131  134  136  137  139  142  147  154  162  171  178  184  187  190  192
  194  197  201  205  209  212  215  218  221  224  227  231  233  233  231  227
  221  215  208  204  201  202  206  211  216  220  222  222  221  219  218  218
  216  213  207  199  187  176  168  163  150                                   
    47.5-180.0 180.0   5.0 450.0                            LAT/LON1/LON2/DLON/H
  149  143  139  131  116  106   98   91   88   89   91   96  101  108  115  122
  129  135  140  142  144  145  148  153  159  167  175  182  187  190  193  195
  198  203  208  214  219  224  228  231  234  237  240  242  242  241  238  234
  228  221  215  210  208  209  212  218  223  226  227  225  222  220  218  217
  215  212  205  196  184  172  164  159  149                                   
    45.0-180.0 180.0   5.0 450.0                            LAT/LON1/LON2/DLON/H
  147  144  142  135  122  113  105   97   94   92   93   96  101  107  116  125
  134  142  148  152  153  155  157  161  167  174  181  187  191  194  196  199
  203  209  217  224  231  237  243  247  250  253  255  255  254  251  246  240
  233  226  219  213  210  210  214  219  224  228  228  227  224  221  219  219
  217  213  205  196  182  169  161  155  147                                   
    42.5-180.0 180.0   5.0 450.0                            LAT/LON1/LON2/DLON/H
  143  143  142  137  126  119  112  105  102   99   99  101  104  111  119  130
  141  150  158  163  165  166  168  171  176  182  188  193  196  198  200  204
  210  218  227  236  245  253  260  265  269  272  272  271  267  262  256  248
  240  231  223  215  210  209  211  216  222  226  228  227  225  223  222  222
  220  217  209  198  184  170  160  154  143                                   
    40.0-180.0 180.0   5.0 450.0                            LAT/LON1/LON2/DLON/H
  139  141  141  136  128  123  118  113  110  108  107  108  110  116  125  136
  147  158  167  173  177  179  180  183  187  192  197  201  203  205  207  212
  219  229  240  251  262  271  280  287  291  293  293  289  284  277  269  260
  250  240  230  220  213  209  210  214  220  224  227  227  225  224  225  226
  225  223  214  204  189  174  164  155  139                                   
    37.5-180.0 180.0   5.0 450.0                            LAT/LON1/LON2/DLON/H
  137  140  140  134  128  124  122  120  119  117  116  116  118  123  130  141
  153  165  174  182  187  190  192  195  198  203  207  210  212  214  217  223
  231  242  254  267  279  291  301  310  315  317  315  310  303  295  286  277
  267  256  244  232  222  216  214  217  221  226  228  228  227  227  228  230
  229  228  220  209  195  180  169  159  137                                   
    35.0-180.0 180.0   5.0 450.0                            LAT/LON1/LON2/DLON/H
  138  142  140  132  127  124  125  125  125  125  125  124  125  129  135  145
  156  168  179  187  194  198  202  205  209  213  217  221  223  226  230  236
  246  257  271  284  298  312  324  333  339  340  338  332  325  317  309  301
  291  281  269  256  243  234  230  229  231  234  234  233  231  230  230  232
  231  230  223  214  201  187  177  166  138                                   
    32.5-180.0 180.0   5.0 450.0                            LAT/LON1/LON2/DLON/H
  144  146  143  133  127  126  127  128  131  132  132  131  132  134  139  147
  157  168  180  190  198  204  209  214  218  223  227  232  235  239  244  252
  262  274  288  302  317  332  345  355  361  362  359  353  347  341  336  331
  324  316  305  292  279  267  259  255  252  250  247  243  238  233  232  231
  229  228  222  215  205  194  185  172  144                                   
    30.0-180.0 180.0   5.0 450.0                            LAT/LON1/LON2/DLON/H
  154  155  149  138  132  131  131  132  135  137  137  136  136  137  140  146
  155  166  178  190  200  208  215  220  225  231  236  242  248  253  260  268
  278  291  305  320  335  350  364  374  380  380  377  373  369  366  365  365
  363  359  352  340  327  313  302  292  284  276  266  256  246  237  231  227
  224  222  217  212  205  198  191  179  154                                   
    27.5-180.0 180.0   5.0 450.0                            LAT/LON1/LON2/DLON/H
  166  167  160  148  143  140  140  139  141  141  141  140  138  138  140  144
  152  163  176  189  201  210  218  225  231  237  244  252  259  267  275  284
  295  308  322  336  351  365  378  388  394  394  392  389  388  390  395  400
  404  406  402  394  382  368  353  337  322  306  289  271  254  240  229  221
  215  212  207  206  202  200  194  184  166                                   
    25.0-180.0 180.0   5.0 450.0                            LAT/LON1/LON2/DLON/H
  178  179  172  163  157  154  152  150  149  147  145  142  139  137  138  141
  148  159  173  187  200  212  221  229  235  243  251  260  270  280  289  299
  311  323  337  351  364  377  389  398  403  404  402  402  405  412  421  432
  442  448  450  445  435  420  402  382  359  335  309  285  261  241  225  214
  205  201  196  197  196  198  193  186  178                                   
    22.5-180.0 180.0   5.0 450.0                            LAT/LON1/LON2/DLON/H
  186  190  184  178  173  170  167  163  159  155  149  144  139  136  135  137
  144  155  169  185  199  212  223  232  240  248  257  268  280  291  303  314
  326  339  352  364  376  387  398  405  409  410  410  413  419  430  443  458
  471  481  486  484  476  461  441  416  387  357  325  294  266  241  222  207
  196  191  186  188  189  193  189  185  186                                   
    20.0-180.0 180.0   5.0 450.0                            LAT/LON1/LON2/DLON/H
  189  196  192  189  187  184  181  175  169  162  154  147  140  134  132  133
  140  151  165  181  197  212  224  235  244  253  264  276  289  303  315  328
  340  353  366  378  388  397  405  411  415  416  418  422  431  444  459  475
  489  500  506  506  498  483  462  434  402  367  332  298  267  241  219  202
  190  184  179  180  182  186  183  181  189                                   
    17.5-180.0 180.0   5.0 450.0                            LAT/LON1/LON2/DLON/H
  186  194  194  194  194  192  189  183  176  168  158  149  140  133  129  130
  135  146  161  177  194  210  225  237  249  260  271  284  299  314  328  341
  355  368  381  392  401  408  414  419  422  425  428  433  442  455  470  484
  496  506  511  510  501  486  464  435  403  367  331  297  267  240  219  202
  190  183  177  177  177  179  176  174  186                                   
    15.0-180.0 180.0   5.0 450.0                            LAT/LON1/LON2/DLON/H
  177  186  188  190  191  191  190  184  177  169  159  149  139  131  126  126
  131  141  156  172  189  207  224  240  253  266  279  293  309  325  340  355
  369  383  396  407  415  421  426  430  434  436  440  445  454  465  476  487
  496  502  503  500  490  473  451  423  391  357  323  292  264  240  221  206
  194  187  181  179  176  174  170  167  177                                   
    12.5-180.0 180.0   5.0 450.0                            LAT/LON1/LON2/DLON/H
  165  173  176  178  181  181  181  177  172  166  157  148  138  129  123  122
  127  136  150  166  183  202  222  241  258  272  286  301  318  335  352  368
  383  398  412  423  432  438  442  446  449  451  454  459  465  473  480  486
  490  492  490  483  470  452  429  402  373  341  311  284  260  240  224  212
  202  196  189  185  178  171  165  160  165                                   
    10.0-180.0 180.0   5.0 450.0                            LAT/LON1/LON2/DLON/H
  153  159  161  162  165  164  166  164  161  157  151  144  135  126  121  119
  122  131  143  159  177  197  219  241  260  277  292  308  326  344  363  380
  397  413  427  440  449  455  459  462  465  467  469  471  474  478  481  482
  483  481  475  465  450  430  407  381  353  324  297  274  255  239  227  218
  210  205  198  192  184  171  163  155  153                                   
     7.5-180.0 180.0   5.0 450.0                            LAT/LON1/LON2/DLON/H
  145  148  147  147  148  146  148  146  146  145  143  138  131  123  118  116
  118  126  137  152  170  191  215  240  262  280  297  313  332  352  372  391
