data/edconvlstm_nd/pred2690.15i
     1.0            IONOSPHERE MAPS     GNSS                IONEX VERSION / TYPE
pyspatialgeodesy        IME             05-JAN-18 20:20     PGM / RUN BY / DATE 
Map Name                                                    COMMENT             
Predicted global ionosphere maps (GIM).                     DESCRIPTION         
  2015     9    26     0     0     0                        EPOCH OF FIRST MAP  
  2015     9    27     0     0     0                        EPOCH OF LAST MAP   
  7200                                                      INTERVAL            
    13                                                      # OF MAPS IN FILE   
  NONE                                                      MAPPING FUNCTION    
10.0                                                        ELEVATION CUTOFF    
One-way carrier phase leveled to code                       OBSERVABLES USED    
  6371.0                                                    BASE RADIUS         
 2                                                          MAP DIMENSION       
   450.0 450.0   0.0                                        HGT1 / HGT2 / DHGT  
    87.5 -87.5  -2.5                                        LAT1 / LAT2 / DLAT  
  -180.0 180.0   5.0                                        LON1 / LON2 / DLON  
    -1                                                      EXPONENT            
                                                            END OF HEADER       
     1                                                      START OF TEC MAP    
  2015     9    26     0     0     0                        EPOCH OF CURRENT MAP
    87.5-180.0 180.0   5.0 450.0                            LAT/LON1/LON2/DLON/H
  104  100   99   92   90   93   91   89   90   90   91   92   93   93   94   94
   94   93   93   92   91   90   89   88   87   86   85   83   82   81   80   80
   79   78   78   77   77   77   77   77   78   78   79   79   80   81   82   83
   84   84   85   86   86   86   87   87   87   86   86   86   85   85   84   85
   85   84   83   84   80   88   97   96  104                                   
    85.0-180.0 180.0   5.0 450.0                            LAT/LON1/LON2/DLON/H
  101  100   80   87   89   94   90   89   90   90   91   91   92   92   92   92
   92   91   90   89   88   87   85   83   81   80   78   76   75   74   73   72
   72   72   72   72   72   73   74   74   75   76   77   78   79   81   82   83
   84   85   86   87   87   88   88   88   88   88   88   87   87   86   86   86
   86   85   86   89   88   97  105  102  101                                   
    82.5-180.0 180.0   5.0 450.0                            LAT/LON1/LON2/DLON/H
   95   85   94   93   92   97   93   93   96   96   97   98   99  100  100  100
   99   98   96   94   92   89   86   83   80   77   74   71   69   68   67   66
   66   66   66   67   68   69   70   72   73   75   76   78   79   81   83   84
   86   87   88   89   90   91   91   92   92   92   92   91   91   90   90   90
   90   89   88   86   91   83   92   97   95                                   
    80.0-180.0 180.0   5.0 450.0                            LAT/LON1/LON2/DLON/H
  107   93   92   89   92   95   96   97  101  101  103  106  107  109  109  109
  108  106  103  100   96   92   87   83   78   74   71   68   65   63   62   61
   61   61   61   62   63   63   64   65   67   68   69   70   72   73   75   76
   78   80   81   83   84   85   86   87   88   89   89   89   89   89   88   89
   88   86   86   84   99   91  102  113  107                                   
    77.5-180.0 180.0   5.0 450.0                            LAT/LON1/LON2/DLON/H
  120  107   99  105  100  103  106  110  114  115  118  121  123  124  125  125
  123  121  118  113  108  103   97   90   85   79   75   71   69   67   65   65
   64   64   65   65   65   65   66   66   66   67   67   68   69   70   71   72
   74   76   78   80   82   84   85   87   89   90   91   92   92   93   93   93
   93   94   94   94  102  104  109  126  120                                   
    75.0-180.0 180.0   5.0 450.0                            LAT/LON1/LON2/DLON/H
  131  116  113  118  111  114  113  116  122  123  126  129  131  132  133  132
  130  128  124  119  114  107  100   94   87   81   76   73   70   68   68   67
   67   67   67   67   66   66   65   64   64   63   62   62   62   62   62   63
   64   66   68   70   72   75   78   81   83   86   88   90   91   92   94   95
   95   97  100   97  105  114  118  132  131                                   
    72.5-180.0 180.0   5.0 450.0                            LAT/LON1/LON2/DLON/H
  133  126  126  126  119  118  118  121  125  126  128  131  133  134  134  133
  131  129  125  121  115  109  102   95   89   83   78   75   72   71   70   70
   70   69   69   68   66   64   61   59   56   54   52   51   49   48   48   48
   49   51   53   55   59   62   66   71   75   79   82   86   89   91   94   97
   97  100  106  107  111  119  128  146  133                                   
    70.0-180.0 180.0   5.0 450.0                            LAT/LON1/LON2/DLON/H
  144  138  138  139  130  129  125  126  130  130  131  133  134  133  132  131
  129  126  123  119  114  109  102   96   89   83   79   75   73   72   71   71
   71   70   69   66   64   61   57   54   51   48   45   43   42   40   40   39
   40   41   43   46   50   54   60   65   71   77   82   87   92   95   99  103
  104  107  114  118  122  130  138  155  144                                   
    67.5-180.0 180.0   5.0 450.0                            LAT/LON1/LON2/DLON/H
  152  149  148  148  137  133  127  127  129  127  128  128  127  126  123  121
  119  117  114  112  108  104   98   92   85   79   74   71   68   67   66   66
   65   63   61   58   55   51   47   44   41   38   36   34   33   31   30   29
   29   30   32   35   39   45   51   58   66   73   81   87   93   98  103  107
  109  112  119  123  130  137  144  162  152                                   
    65.0-180.0 180.0   5.0 450.0                            LAT/LON1/LON2/DLON/H
  158  155  154  154  143  136  128  127  128  125  124  123  121  118  115  113
  110  109  108  107  105  101   96   90   82   76   71   67   64   62   61   60
   58   56   53   49   46   42   39   36   34   32   31   30   29   28   27   25
   25   25   26   28   33   38   46   54   64   73   82   90   97  103  108  113
  115  118  124  128  135  142  150  168  158                                   
    62.5-180.0 180.0   5.0 450.0                            LAT/LON1/LON2/DLON/H
  163  161  160  159  148  140  130  128  127  124  122  120  118  114  110  108
  106  106  107  107  106  103   97   90   82   75   69   64   61   59   58   56
   54   51   47   43   39   36   33   32   31   31   31   31   31   30   29   27
   26   26   26   28   31   37   45   54   65   76   86   96  104  111  117  121
  123  125  131  133  138  146  153  170  163                                   
    60.0-180.0 180.0   5.0 450.0                            LAT/LON1/LON2/DLON/H
  164  164  165  163  152  142  132  128  127  123  120  118  115  111  108  106
  106  107  109  110  109  106   99   91   82   75   68   64   61   59   57   54
   51   48   43   39   36   33   31   31   32   33   34   35   36   35   34   32
   30   29   29   29   32   37   45   55   67   79   91  101  110  117  124  129
  131  133  138  138  141  149  154  170  164                                   
    57.5-180.0 180.0   5.0 450.0                            LAT/LON1/LON2/DLON/H
  167  169  169  168  156  145  135  131  128  123  120  117  114  110  108  107
  108  111  113  114  113  109  102   93   84   76   70   66   63   61   59   56
   53   49   44   40   37   35   35   35   37   39   41   43   43   43   41   39
   37   35   33   33   35   40   48   59   71   84   96  107  116  123  131  137
  139  142  146  145  147  152  156  171  167                                   
    55.0-180.0 180.0   5.0 450.0                            LAT/LON1/LON2/DLON/H
  172  175  175  174  162  151  140  134  131  125  120  117  114  111  110  111
  113  116  118  119  117  112  105   96   87   80   75   71   69   68   66   63
   59   54   50   47   44   43   43   44   46   48   51   52   53   52   50   47
   45   42   40   39   41   45   53   64   76   89  101  111  120  128  136  143
  147  151  156  156  156  159  162  177  172                                   
    52.5-180.0 180.0   5.0 450.0                            LAT/LON1/LON2/DLON/H
  180  184  183  181  170  159  148  141  136  128  123  119  116  114  114  116
  118  121  123  123  120  115  109  101   94   87   83   81   79   78   75   72
   68   63   60   57   56   56   56   57   59   60   62   63   63   61   59   57
   54   51   49   47   48   52   60   71   83   95  106  115  123  131  139  148
  154  160  167  168  169  170  172  186  180                                   
    50.0-180.0 180.0   5.0 450.0                            LAT/LON1/LON2/DLON/H
  191  195  193  191  180  169  158  150  144  135  128  123  120  119  119  121
  124  126  127  126  123  119  114  108  103   99   96   93   92   89   86   82
   77   73   71   70   70   71   71   72   73   73   74   74   73   72   69   67
   64   62   60   58   59   63   71   81   92  104  113  121  127  134  143  153
  161  169  179  182  184  185  186  200  191                                   
    47.5-180.0 180.0   5.0 450.0                            LAT/LON1/LON2/DLON/H
  204  208  204  202  192  182  171  162  155  144  136  130  127  125  126  128
  130  131  131  130  127  124  121  118  115  112  109  106  103   98   93   88
   84   81   80   81   83   85   86   86   86   86   86   85   83   81   79   77
   76   74   73   72   73   76   83   93  104  113  121  127  133  138  147  158
  168  178  190  195  199  201  202  215  204                                   
    45.0-180.0 180.0   5.0 450.0                            LAT/LON1/LON2/DLON/H
  216  219  214  213  204  194  185  176  168  157  148  141  137  135  136  137
  138  137  136  135  134  132  131  130  129  126  122  116  110  102   95   89
   85   83   84   87   92   95   97   98   97   96   95   93   91   89   88   88
   87   87   87   86   87   91   97  106  116  124  131  136  140  145  153  164
  174  186  199  205  212  216  218  231  216                                   
    42.5-180.0 180.0   5.0 450.0                            LAT/LON1/LON2/DLON/H
  225  229  224  223  215  206  198  191  183  172  163  156  151  149  149  149
  148  146  145  144  144  145  146  145  143  138  130  120  109   99   90   83
   80   80   84   90   96  101  105  105  104  103  101  100   98   97   97   97
   98   99   99   99  100  104  110  118  127  135  141  145  150  155  162  172
  182  193  207  214  222  228  232  243  225                                   
    40.0-180.0 180.0   5.0 450.0                            LAT/LON1/LON2/DLON/H
  232  236  231  231  224  217  210  205  199  189  181  174  170  167  166  164
  162  159  157  158  159  161  162  160  154  145  132  118  103   90   80   74
   73   75   81   89   98  105  108  109  108  107  106  105  104  103  104  105
  106  107  108  109  110  114  120  128  136  144  150  155  160  166  174  183
  191  202  214  220  229  237  242  253  232                                   
    37.5-180.0 180.0   5.0 450.0                            LAT/LON1/LON2/DLON/H
  239  243  239  238  232  226  221  218  214  207  200  195  191  189  186  183
  180  176  175  176  178  180  178  172  161  146  129  110   94   80   71   67
   68   73   81   91  100  107  111  112  111  110  110  109  109  109  109  110
  111  112  112  112  114  119  126  134  143  151  158  164  171  179  188  197
  204  212  222  228  235  244  251  262  239                                   
    35.0-180.0 180.0   5.0 450.0                            LAT/LON1/LON2/DLON/H
  249  254  250  248  242  236  231  229  228  223  219  216  214  212  209  205
  200  197  196  197  197  195  189  177  160  141  121  102   86   75   69   69
   72   79   88   98  106  112  115  115  115  114  114  114  113  113  112  112
  111  111  110  111  113  119  127  137  146  155  163  172  182  192  203  212
  219  226  235  239  245  255  263  273  249                                   
    32.5-180.0 180.0   5.0 450.0                            LAT/LON1/LON2/DLON/H
  266  273  268  263  257  250  244  242  242  239  237  236  235  234  231  227
  222  218  216  215  212  204  191  174  153  133  114   98   87   80   79   82
   88   96  105  112  118  121  122  121  120  120  120  119  117  115  113  110
  108  105  104  104  107  114  124  136  146  156  166  177  190  204  218  230
  237  244  252  256  262  273  281  291  266                                   
    30.0-180.0 180.0   5.0 450.0                            LAT/LON1/LON2/DLON/H
  294  302  295  288  281  272  263  259  258  256  255  255  256  255  252  247
  242  236  231  225  216  202  184  163  143  125  112  102   98   98  102  109
  117  125  131  134  134  133  132  130  129  128  127  125  121  117  112  107
  102   97   94   93   97  106  119  132  145  156  167  181  197  215  233  248
  258  266  275  279  287  298  308  318  294                                   
    27.5-180.0 180.0   5.0 450.0                            LAT/LON1/LON2/DLON/H
  331  341  333  324  316  303  290  282  280  276  275  275  275  274  271  265
  257  249  239  226  210  190  169  149  133  123  118  118  123  131  140  150
  158  162  162  158  153  147  144  141  140  138  135  131  125  118  110  102
   95   88   83   82   87   98  113  129  143  156  168  184  203  225  247  267
  280  291  303  309  319  332  344  354  331                                   
    25.0-180.0 180.0   5.0 450.0                            LAT/LON1/LON2/DLON/H
  376  388  380  371  362  345  328  316  309  303  300  298  297  294  289  281
  270  256  238  218  195  172  152  138  131  131  136  147  161  175  188  197
  200  198  190  179  169  160  155  153  151  148  144  137  128  118  108   98
   88   80   74   73   79   91  109  127  143  157  171  187  209  234  260  284
  302  318  333  341  355  371  385  394  376                                   
    22.5-180.0 180.0   5.0 450.0                            LAT/LON1/LON2/DLON/H
  420  436  431  425  415  397  376  360  349  340  333  328  323  317  309  298
  282  260  234  205  178  155  141  136  140  150  166  185  205  222  233  237
  233  222  208  193  179  170  165  162  161  158  152  143  131  119  106   94
   84   75   69   68   74   88  107  127  145  160  175  193  216  243  273  301
  324  343  362  374  392  410  427  436  420                                   
    20.0-180.0 180.0   5.0 450.0                            LAT/LON1/LON2/DLON/H
  459  477  481  480  472  455  433  414  400  387  376  366  357  347  335  318
  296  266  230  195  166  148  143  148  162  182  204  226  246  260  264  260
  248  231  214  198  185  175  171  169  168  165  157  147  133  119  105   92
   81   72   66   65   72   86  106  128  148  166  182  201  225  254  285  316
  342  366  388  403  425  443  463  473  459                                   
    17.5-180.0 180.0   5.0 450.0                            LAT/LON1/LON2/DLON/H
  486  508  522  530  526  513  494  475  460  444  429  415  401  386  369  347
  317  278  236  197  169  157  161  177  199  221  243  261  274  280  276  264
  247  229  212  196  183  175  172  172  172  168  161  149  134  119  105   92
   81   73   67   66   72   86  106  129  151  170  189  209  235  264  297  329
  358  385  409  428  452  470  492  503  486                                   
    15.0-180.0 180.0   5.0 450.0                            LAT/LON1/LON2/DLON/H
  502  526  550  567  569  564  551  537  522  506  490  472  454  434  413  385
  348  303  255  214  190  186  199  221  245  264  276  283  285  280  269  252
  234  217  201  188  177  171  170  172  173  170  162  149  135  120  106   93
   83   74   68   67   72   85  104  127  150  172  193  216  243  274  307  340
  371  399  425  446  471  487  511  523  502                                   
    12.5-180.0 180.0   5.0 450.0                            LAT/LON1/LON2/DLON/H
  508  535  565  589  599  603  599  590  579  565  550  531  511  489  464  432
  391  341  291  252  233  235  254  277  294  300  297  288  277  265  249  231
  215  200  187  177  169  166  168  171  172  169  161  149  135  120  107   94
   83   75   68   67   71   82  100  123  146  169  193  218  248  281  315  349
  380  409  435  458  483  497  522  535  508                                   
    10.0-180.0 180.0   5.0 450.0                            LAT/LON1/LON2/DLON/H
  511  538  571  598  615  627  630  628  622  613  600  584  564  542  516  483
  441  392  344  309  295  301  318  333  335  322  299  276  256  240  225  210
  197  186  177  170  166  166  168  171  171  167  158  146  133  119  106   93
   82   73   66   64   67   77   94  116  139  164  189  217  250  286  322  356
  387  416  443  467  490  502  527  541  511                                   
     7.5-180.0 180.0   5.0 450.0                            LAT/LON1/LON2/DLON/H
  515  542  573  600  620  636  644  647  646  641  634  622  605  585  561  530
  492  448  406  376  366  371  379  377  357  323  285  253  231  217  206  197
