data/edconvlstm_nd/pred1690.15i
     1.0            IONOSPHERE MAPS     GNSS                IONEX VERSION / TYPE
pyspatialgeodesy        IME             05-JAN-18 20:20     PGM / RUN BY / DATE 
Map Name                                                    COMMENT             
Predicted global ionosphere maps (GIM).                     DESCRIPTION         
  2015     6    18     0     0     0                        EPOCH OF FIRST MAP  
  2015     6    19     0     0     0                        EPOCH OF LAST MAP   
  7200                                                      INTERVAL            
    13                                                      # OF MAPS IN FILE   
  NONE                                                      MAPPING FUNCTION    
10.0                                                        ELEVATION CUTOFF    
One-way carrier phase leveled to code                       OBSERVABLES USED    
  6371.0                                                    BASE RADIUS         
 2                                                          MAP DIMENSION       
   450.0 450.0   0.0                                        HGT1 / HGT2 / DHGT  
    87.5 -87.5  -2.5                                        LAT1 / LAT2 / DLAT  
  -180.0 180.0   5.0                                        LON1 / LON2 / DLON  
    -1                                                      EXPONENT            
                                                            END OF HEADER       
[from data line 1287]
     4                                                      START OF TEC MAP    
  2015     6    18     6     0     0                        EPOCH OF CURRENT MAP
    87.5-180.0 180.0   5.0 450.0                            LAT/LON1/LON2/DLON/H
  154  149  147  151  154  152  151  149  151  153  153  154  155  156  156  157
  157  157  157  157  157  156  156  155  155  154  153  153  152  151  150  149
  148  147  146  145  144  143  143  142  142  141  141  141  141  141  141  142
  142  143  143  143  143  144  144  144  144  143  143  143  142  142  141  141
  141  143  141  141  146  144  146  143  154                                   
    85.0-180.0 180.0   5.0 450.0                            LAT/LON1/LON2/DLON/H
  151  152  152  154  158  158  159  159  161  162  163  164  165  166  167  167
  168  168  168  168  167  167  166  166  165  165  164  163  162  161  161  160
  159  158  157  156  155  154  153  152  152  152  152  152  152  152  153  153
  154  155  155  156  156  156  157  157  157  156  156  155  154  153  152  152
  152  153  148  150  144  143  146  144  151                                   
    82.5-180.0 180.0   5.0 450.0                            LAT/LON1/LON2/DLON/H
  150  153  154  152  155  156  157  158  160  162  163  165  166  167  168  168
  169  169  169  168  168  167  166  165  164  163  162  161  160  159  158  157
  156  155  154  153  152  151  150  150  150  150  150  151  152  153  154  156
  157  159  160  161  162  163  164  164  164  164  163  162  161  159  157  156
  154  154  149  150  149  143  140  133  150                                   
    80.0-180.0 180.0   5.0 450.0                            LAT/LON1/LON2/DLON/H
  148  149  145  148  151  152  154  155  158  159  160  162  164  165  166  167
  167  167  167  166  165  164  162  161  159  157  155  154  153  152  151  150
  149  148  147  146  146  145  144  144  144  145  146  148  150  152  155  158
  161  163  166  168  170  172  173  173  173  173  172  170  168  166  163  160
  157  154  149  149  147  143  146  132  148                                   
    77.5-180.0 180.0   5.0 450.0                            LAT/LON1/LON2/DLON/H
  148  148  145  148  149  151  154  154  157  157  158  159  161  162  163  164
  165  165  165  164  162  160  157  155  152  149  147  145  144  143  143  143
  143  143  142  142  141  141  141  141  142  143  146  149  152  157  161  166
  170  174  178  181  184  186  188  189  189  189  187  185  182  179  175  171
  166  162  154  153  150  142  140  135  148                                   
    75.0-180.0 180.0   5.0 450.0                            LAT/LON1/LON2/DLON/H
  145  147  143  147  148  150  152  152  153  154  153  154  155  156  157  158
  159  159  159  158  156  153  149  145  140  137  134  131  130  130  131  132
  133  135  135  136  135  135  136  136  138  140  144  148  154  160  166  172
  178  183  188  192  195  198  200  201  201  200  199  197  194  190  185  181
  175  169  160  153  149  142  141  137  145                                   
    72.5-180.0 180.0   5.0 450.0                            LAT/LON1/LON2/DLON/H
  146  150  147  150  152  153  155  154  154  153  152  152  152  152  153  154
  155  156  156  155  152  148  143  138  132  127  124  122  121  122  124  127
  130  133  135  136  137  137  137  139  141  144  149  156  163  170  178  185
  191  197  201  205  208  210  211  212  212  212  211  209  206  203  198  194
  188  181  172  165  156  148  144  141  146                                   
    70.0-180.0 180.0   5.0 450.0                            LAT/LON1/LON2/DLON/H
  151  152  150  152  153  152  153  151  150  148  146  145  144  144  144  145
  146  147  147  145  143  138  132  126  119  114  110  108  108  111  115  120
  125  129  133  135  136  137  138  139  142  147  154  161  170  179  187  194
  201  205  209  211  213  214  214  214  214  213  212  211  210  207  204  201
  195  188  179  172  163  155  153  148  151                                   
    67.5-180.0 180.0   5.0 450.0                            LAT/LON1/LON2/DLON/H
  155  156  153  153  153  151  150  147  146  143  140  138  137  136  135  135
  136  136  136  135  133  128  122  115  108  102   99   97   99  102  108  115
  121  127  132  135  137  138  140  142  146  152  159  169  178  188  196  203
  208  212  213  214  213  212  211  210  209  208  207  207  207  206  205  203
  198  193  185  177  169  161  158  154  155                                   
    65.0-180.0 180.0   5.0 450.0                            LAT/LON1/LON2/DLON/H
  161  162  157  156  154  150  148  144  142  138  135  133  131  129  128  127
  126  126  126  125  122  118  112  106  100   94   91   91   93   98  105  113
  121  129  135  139  142  144  146  149  154  161  170  180  191  201  209  215
  218  220  219  217  215  212  208  205  203  202  201  201  202  203  203  203
  201  197  190  184  177  171  169  164  161                                   
    62.5-180.0 180.0   5.0 450.0                            LAT/LON1/LON2/DLON/H
  170  171  165  161  157  151  147  142  139  135  132  130  127  124  122  119
  117  116  115  114  112  108  104   98   93   89   87   87   90   96  104  113
  123  132  139  144  148  151  155  159  165  173  183  194  205  215  222  227
  229  228  226  222  218  213  208  203  199  196  195  195  196  198  200  202
  201  200  194  190  184  179  179  175  170                                   
    60.0-180.0 180.0   5.0 450.0                            LAT/LON1/LON2/DLON/H
  180  182  175  169  163  154  148  141  136  132  129  127  124  120  116  112
  108  105  104  102  100   98   95   92   88   85   84   86   89   96  104  114
  124  133  142  149  155  160  165  170  177  186  197  208  219  229  236  240
  241  239  236  231  225  219  213  206  200  195  192  191  191  193  196  199
  200  200  197  194  190  188  189  186  180                                   
    57.5-180.0 180.0   5.0 450.0                            LAT/LON1/LON2/DLON/H
  192  197  190  181  173  162  153  143  137  132  128  125  122  117  112  106
  101   97   95   93   92   90   89   87   85   84   84   86   91   97  105  115
  125  135  145  154  162  170  177  184  192  202  212  224  235  244  251  255
  256  254  250  246  240  234  226  218  210  202  196  192  191  192  194  198
  199  201  199  198  196  196  198  197  192                                   
    55.0-180.0 180.0   5.0 450.0                            LAT/LON1/LON2/DLON/H
  205  212  206  197  188  175  163  151  142  134  129  125  121  115  109  103
   97   92   89   87   86   86   85   85   85   85   86   89   93   99  106  115
  126  137  148  159  170  180  190  199  208  218  228  239  250  260  267  272
  273  272  270  266  261  254  247  237  227  217  208  201  197  195  196  198
  200  202  201  201  201  202  206  206  205                                   
    52.5-180.0 180.0   5.0 450.0                            LAT/LON1/LON2/DLON/H
  219  228  224  216  206  192  179  163  151  141  133  127  121  115  109  102
   97   92   89   87   86   86   86   87   88   89   91   93   97  102  108  116
  126  138  150  164  178  192  204  215  225  235  245  255  266  276  284  290
  293  293  292  289  285  279  271  261  249  237  225  215  208  203  201  202
  203  204  204  204  204  207  211  213  219                                   
    50.0-180.0 180.0   5.0 450.0                            LAT/LON1/LON2/DLON/H
  230  241  239  234  226  212  198  180  166  151  140  132  124  117  110  105
  101   97   94   92   91   91   92   93   95   96   97   99  102  106  111  118
  128  139  154  170  187  204  219  232  243  252  261  271  282  293  302  309
  313  315  314  312  308  302  295  284  272  259  245  233  223  215  211  210
  209  210  208  208  208  210  215  218  230                                   
    47.5-180.0 180.0   5.0 450.0                            LAT/LON1/LON2/DLON/H
  238  249  250  249  244  232  218  199  182  165  151  139  129  120  114  110
  108  106  104  102  101  101  102  102  104  105  106  107  109  111  115  122
  131  143  158  176  196  215  233  248  260  269  278  288  298  310  320  327
  332  334  333  331  327  321  313  304  292  279  265  252  240  230  224  221
  219  218  215  213  212  213  217  220  238                                   
    45.0-180.0 180.0   5.0 450.0                            LAT/LON1/LON2/DLON/H
  240  251  254  256  255  245  234  216  198  180  163  148  136  126  120  118
  117  117  116  115  114  113  113  114  114  115  115  115  116  118  121  127
  136  148  163  182  204  226  247  264  276  286  294  303  314  325  336  344
  348  349  347  343  339  333  326  317  307  296  283  269  257  246  239  235
  232  229  225  221  218  216  219  221  240                                   
    42.5-180.0 180.0   5.0 450.0                            LAT/LON1/LON2/DLON/H
  239  246  250  255  256  250  242  227  211  192  175  159  145  134  128  126
  127  128  129  128  127  126  125  125  125  124  124  124  124  125  129  134
  143  154  170  189  212  235  258  277  291  301  309  318  328  339  349  356
  359  359  356  351  345  339  333  326  319  310  298  286  273  262  255  250
  247  244  238  232  226  222  223  224  239                                   
    40.0-180.0 180.0   5.0 450.0                            LAT/LON1/LON2/DLON/H
  235  237  240  245  249  246  241  230  217  201  185  169  155  143  137  135
  136  138  139  139  138  136  136  135  134  133  132  132  132  133  137  142
  151  162  176  195  218  243  267  288  303  313  321  329  338  349  358  364
  366  364  360  354  349  344  339  335  330  324  314  302  290  278  270  266
  263  260  254  246  238  231  232  231  235                                   
    37.5-180.0 180.0   5.0 450.0                            LAT/LON1/LON2/DLON/H
  235  229  230  231  235  233  232  225  217  205  192  179  165  153  145  143
  144  146  147  147  146  145  145  144  143  141  140  139  139  140  144  149
  158  169  183  201  223  248  273  294  310  321  328  335  344  353  362  367
  369  367  363  359  355  353  351  349  347  342  334  322  308  295  286  282
  279  278  272  264  255  247  246  245  235                                   
    35.0-180.0 180.0   5.0 450.0                            LAT/LON1/LON2/DLON/H
  242  228  225  221  222  219  219  215  211  205  197  186  174  162  154  150
  150  151  152  152  152  153  153  153  151  149  147  146  145  146  149  155
  163  174  187  204  226  250  275  297  313  323  330  336  344  352  360  366
  368  368  368  368  369  371  372  373  373  368  359  345  329  313  303  297
  295  294  291  283  275  268  266  265  242                                   
    32.5-180.0 180.0   5.0 450.0                            LAT/LON1/LON2/DLON/H
  260  239  231  220  216  209  208  205  205  202  199  193  183  172  163  157
  155  154  155  156  159  161  163  163  161  158  155  152  151  150  152  157
  165  176  189  206  226  250  274  294  309  319  325  330  337  346  354  361
  367  372  377  384  392  399  405  408  408  402  391  373  353  334  319  312
  309  309  308  303  298  294  293  293  260                                   
    30.0-180.0 180.0   5.0 450.0                            LAT/LON1/LON2/DLON/H
  290  265  250  234  222  211  206  202  202  202  203  199  192  181  171  163
  159  158  158  161  167  172  176  177  174  169  163  159  155  153  153  156
  164  174  188  204  224  246  268  287  300  308  314  319  326  336  346  356
  367  378  392  407  423  436  445  450  448  441  426  404  380  355  336  325
  320  321  322  321  320  321  322  324  290                                   
    27.5-180.0 180.0   5.0 450.0                            LAT/LON1/LON2/DLON/H
  329  303  283  263  244  227  217  210  208  208  209  208  201  190  179  170
  164  162  163  169  177  187  193  193  189  181  173  165  159  153  151  152
  158  169  182  199  218  239  259  275  286  293  298  305  313  325  338  353
  369  388  410  434  456  474  486  490  487  477  460  435  406  378  354  338
  330  330  333  335  339  346  350  356  329                                   
    25.0-180.0 180.0   5.0 450.0                            LAT/LON1/LON2/DLON/H
  372  348  325  304  279  258  242  231  225  222  221  219  212  201  188  177
  170  168  171  179  191  203  211  211  204  194  182  170  160  152  146  145
  149  159  173  190  209  228  246  260  269  276  282  291  302  316  333  352
  375  400  429  458  484  505  517  521  516  505  487  462  432  400  372  351
  340  338  341  346  353  366  373  382  372                                   
    22.5-180.0 180.0   5.0 450.0                            LAT/LON1/LON2/DLON/H
  410  393  369  349  321  298  278  263  252  244  239  234  225  213  199  187
  179  177  181  191  206  221  229  228  218  204  188  173  160  148  139  135
  137  146  160  177  197  216  232  244  253  260  269  281  295  313  333  356
  383  412  443  474  502  522  533  535  531  520  505  482  454  422  391  367
  351  346  348  354  362  379  389  399  410                                   
    20.0-180.0 180.0   5.0 450.0                            LAT/LON1/LON2/DLON/H
  436  427  405  390  362  340  318  301  284  271  260  251  239  225  211  198
  190  187  192  204  220  236  243  240  227  208  189  171  155  142  131  125
  125  132  145  163  183  203  219  231  240  249  262  277  295  315  338  363
  391  421  452  481  506  523  532  533  530  523  513  496  473  444  413  387
  367  358  357  361  369  386  397  405  436                                   
    17.5-180.0 180.0   5.0 450.0                            LAT/LON1/LON2/DLON/H
  446  445  426  416  393  375  354  337  317  298  282  268  253  238  223  211
  202  199  204  215  231  245  251  245  228  206  184  164  148  134  122  114
  112  117  129  147  169  190  208  221  232  245  262  281  302  324  347  372
  399  427  454  479  498  511  517  519  519  518  514  506  489  465  437  410
  387  374  370  370  374  388  398  403  446                                   
    15.0-180.0 180.0   5.0 450.0                            LAT/LON1/LON2/DLON/H
  441  444  430  422  406  393  378  362  342  320  298  281  265  249  234  222
  214  211  214  223  237  248  250  241  221  196  172  152  137  124  112  104
  100  103  114  132  155  179  199  215  230  247  268  291  313  335  357  381
  406  430  452  471  484  493  498  500  504  509  513  513  504  487  463  437
  413  397  387  382  381  389  396  396  441                                   
    12.5-180.0 180.0   5.0 450.0                            LAT/LON1/LON2/DLON/H
  428  431  420  410  401  393  383  371  352  329  306  287  271  256  242  231
  223  219  220  226  235  241  240  228  205  178  154  135  123  112  102   94
   90   91  101  119  143  169  193  213  232  253  277  302  325  346  367  389
  411  432  449  462  471  477  482  486  494  504  514  521  519  508  489  466
  442  423  410  398  391  392  395  389  428                                   
    10.0-180.0 180.0   5.0 450.0                            LAT/LON1/LON2/DLON/H
  415  416  405  390  384  377  370  361  346  324  302  285  270  257  246  236
  229  224  222  223  226  227  222  206  182  155  132  116  106   99   92   85
   81   82   91  109  134  162  189  213  235  259  285  310  333  353  373  393
  414  433  448  458  465  471  477  484  495  508  522  532  535  528  513  493
  470  451  434  418  405  399  398  388  415                                   
     7.5-180.0 180.0   5.0 450.0                            LAT/LON1/LON2/DLON/H
  408  406  392  371  363  354  347  339  327  308  290  275  263  253  244  237
  230  225  219  215  212  207  197  180  155  129  109   96   90   86   82   78
