data/edconvlstm_nd/pred1520.15i
     1.0            IONOSPHERE MAPS     GNSS                IONEX VERSION / TYPE
pyspatialgeodesy        IME             05-JAN-18 20:20     PGM / RUN BY / DATE 
Map Name                                                    COMMENT             
Predicted global ionosphere maps (GIM).                     DESCRIPTION         
  2015     6     1     0     0     0                        EPOCH OF FIRST MAP  
  2015     6     2     0     0     0                        EPOCH OF LAST MAP   
  7200                                                      INTERVAL            
    13                                                      # OF MAPS IN FILE   
  NONE                                                      MAPPING FUNCTION    
10.0                                                        ELEVATION CUTOFF    
One-way carrier phase leveled to code                       OBSERVABLES USED    
  6371.0                                                    BASE RADIUS         
 2                                                          MAP DIMENSION       
   450.0 450.0   0.0                                        HGT1 / HGT2 / DHGT  
    87.5 -87.5  -2.5                                        LAT1 / LAT2 / DLAT  
  -180.0 180.0   5.0                                        LON1 / LON2 / DLON  
    -1                                                      EXPONENT            
                                                            END OF HEADER       
[from data line 3861]
    10                                                      START OF TEC MAP    
  2015     6     1    18     0     0                        EPOCH OF CURRENT MAP
    87.5-180.0 180.0   5.0 450.0                            LAT/LON1/LON2/DLON/H
  174  167  157  165  167  166  166  165  166  167  167  168  168  168  168  168
  168  168  167  167  166  165  164  163  162  161  160  158  157  156  155  154
  153  152  151  150  149  149  149  148  148  149  149  149  150  151  151  152
  153  154  155  156  157  158  158  159  160  160  161  161  161  161  161  161
  161  161  160  160  170  168  172  171  174                                   
    85.0-180.0 180.0   5.0 450.0                            LAT/LON1/LON2/DLON/H
  167  168  175  170  168  173  173  175  176  177  177  178  179  179  179  179
  179  179  179  178  177  176  175  173  172  170  168  166  164  162  160  159
  157  155  154  152  151  150  150  149  149  149  150  150  151  152  154  155
  157  158  160  162  163  164  166  167  168  169  170  170  170  171  171  171
  171  171  169  168  171  164  166  168  167                                   
    82.5-180.0 180.0   5.0 450.0                            LAT/LON1/LON2/DLON/H
  151  160  163  161  162  168  170  172  172  174  175  177  178  179  180  180
  181  180  180  179  178  177  175  173  171  168  166  163  160  157  154  151
  148  145  143  141  139  138  137  136  136  136  137  138  139  141  143  146
  148  151  153  156  158  161  163  164  166  167  168  168  168  168  168  167
  167  165  163  166  165  169  163  155  151                                   
    80.0-180.0 180.0   5.0 450.0                            LAT/LON1/LON2/DLON/H
  147  155  161  161  160  163  167  172  174  177  178  181  183  184  186  187
  187  187  186  186  184  183  181  178  176  172  169  165  161  157  153  149
  145  141  138  135  132  130  129  128  128  128  129  131  133  135  138  141
  144  148  151  154  157  160  163  165  166  167  168  169  169  168  168  167
  166  165  163  163  159  155  154  152  147                                   
    77.5-180.0 180.0   5.0 450.0                            LAT/LON1/LON2/DLON/H
  152  152  158  157  159  163  165  170  172  176  178  181  183  186  187  188
  189  189  189  189  188  187  185  183  180  177  173  169  164  159  154  150
  145  141  137  133  130  127  126  124  124  124  125  127  129  132  136  139
  143  147  151  155  158  161  164  166  167  168  169  169  169  168  167  165
  164  162  160  159  160  151  152  154  152                                   
    75.0-180.0 180.0   5.0 450.0                            LAT/LON1/LON2/DLON/H
  152  153  155  156  156  161  163  167  171  175  178  181  184  186  188  189
  190  190  190  190  190  189  188  186  184  181  178  174  170  165  160  155
  150  146  142  138  134  131  128  126  125  125  126  127  130  133  136  140
  144  148  151  155  158  160  163  164  166  167  167  168  167  166  166  164
  162  161  159  156  156  148  150  143  152                                   
    72.5-180.0 180.0   5.0 450.0                            LAT/LON1/LON2/DLON/H
  153  154  156  159  157  161  164  167  170  174  176  180  182  184  185  186
  186  186  187  187  187  187  187  186  185  183  180  176  172  168  163  159
  155  150  146  142  138  134  131  129  127  127  127  129  131  134  137  141
  144  148  151  153  155  157  159  160  161  162  163  164  164  163  163  162
  160  158  157  154  153  147  149  149  153                                   
    70.0-180.0 180.0   5.0 450.0                            LAT/LON1/LON2/DLON/H
  159  159  161  162  159  162  163  167  169  173  176  179  181  182  182  182
  181  180  180  181  181  182  183  183  183  181  179  177  174  170  167  164
  160  157  153  149  145  141  137  134  132  131  132  133  135  137  140  142
  145  147  148  150  150  151  152  152  153  154  156  157  158  159  160  160
  159  157  158  155  155  151  154  152  159                                   
    67.5-180.0 180.0   5.0 450.0                            LAT/LON1/LON2/DLON/H
  168  170  172  173  170  171  172  174  176  180  183  186  187  187  185  183
  181  179  178  178  180  181  182  183  183  182  181  179  177  174  172  170
  168  165  162  158  155  151  147  144  142  142  142  143  145  147  149  150
  151  151  151  151  150  149  148  148  149  150  152  155  157  159  162  163
  163  162  163  161  159  157  160  158  168                                   
    65.0-180.0 180.0   5.0 450.0                            LAT/LON1/LON2/DLON/H
  176  179  181  181  177  177  176  178  181  185  188  191  192  190  187  183
  179  175  174  173  175  176  178  179  180  179  178  177  176  175  175  174
  174  172  169  166  162  158  155  153  151  151  152  153  155  156  156  156
  155  153  151  148  145  142  140  139  140  141  144  147  151  155  159  162
  163  164  165  165  166  165  169  167  176                                   
    62.5-180.0 180.0   5.0 450.0                            LAT/LON1/LON2/DLON/H
  182  188  191  190  186  186  185  186  189  194  197  200  200  198  193  187
  181  176  173  172  173  174  176  177  177  177  176  176  176  176  177  178
  178  178  176  173  169  166  163  161  161  162  164  165  167  167  166  164
  160  156  151  146  142  137  134  132  132  134  137  141  146  152  157  161
  163  165  167  168  169  170  175  174  182                                   
    60.0-180.0 180.0   5.0 450.0                            LAT/LON1/LON2/DLON/H
  187  195  199  198  193  193  192  194  198  203  207  210  210  207  201  194
  186  179  175  173  172  174  175  175  175  175  174  175  176  177  180  181
  182  182  181  178  175  172  171  170  171  173  176  178  179  179  176  172
  166  159  152  145  138  133  129  126  125  126  129  134  140  146  152  157
  160  163  166  167  170  173  180  179  187                                   
    57.5-180.0 180.0   5.0 450.0                            LAT/LON1/LON2/DLON/H
  188  199  204  204  201  202  202  204  208  214  218  222  222  218  211  203
  193  185  179  176  175  175  176  175  175  174  174  175  177  180  183  185
  186  186  185  183  181  179  178  180  182  186  189  192  192  190  186  179
  171  162  152  144  137  130  125  122  121  121  124  128  133  139  145  151
  154  158  162  164  168  172  182  181  188                                   
    55.0-180.0 180.0   5.0 450.0                            LAT/LON1/LON2/DLON/H
  188  202  209  210  208  212  213  216  220  226  230  233  233  229  222  213
  203  194  187  183  180  179  178  177  176  175  176  177  180  183  186  189
  190  190  189  187  186  186  187  189  193  198  202  204  204  201  194  185
  175  164  153  144  136  130  125  121  119  119  121  124  128  132  138  143
  146  151  155  158  164  170  181  182  188                                   
    52.5-180.0 180.0   5.0 450.0                            LAT/LON1/LON2/DLON/H
  186  203  212  216  217  223  225  230  234  239  242  244  243  239  233  224
  214  204  196  191  187  184  182  180  178  178  178  180  183  187  190  192
  193  193  192  192  192  193  196  199  204  209  213  215  214  208  200  189
  177  165  154  145  137  131  126  123  121  120  120  121  124  126  130  134
  138  142  148  152  158  166  178  180  186                                   
    50.0-180.0 180.0   5.0 450.0                            LAT/LON1/LON2/DLON/H
  185  205  216  223  226  235  240  245  249  253  254  255  253  249  243  235
  226  216  208  201  196  192  188  185  182  181  182  184  187  190  193  195
  196  196  196  197  199  202  206  211  216  221  224  224  221  215  205  192
  180  167  156  147  140  134  131  128  126  124  123  123  122  123  125  128
  131  135  141  146  153  162  175  178  185                                   
    47.5-180.0 180.0   5.0 450.0                            LAT/LON1/LON2/DLON/H
  184  207  219  229  236  248  255  261  265  267  266  265  262  258  253  246
  237  228  220  212  206  201  195  191  187  186  187  189  191  194  196  197
  199  200  202  205  209  214  219  224  229  233  234  233  228  219  208  196
  182  170  159  151  144  140  137  135  134  132  129  127  125  123  123  124
  126  131  137  141  149  159  172  175  184                                   
    45.0-180.0 180.0   5.0 450.0                            LAT/LON1/LON2/DLON/H
  184  209  223  236  245  260  269  276  279  280  278  275  271  267  263  257
  250  241  233  225  218  211  204  198  194  192  192  194  196  198  200  202
  204  207  212  217  222  228  234  239  243  245  244  241  234  224  213  200
  187  175  164  157  151  148  146  144  143  141  138  134  130  127  125  125
  126  130  135  140  147  157  169  173  184                                   
    42.5-180.0 180.0   5.0 450.0                            LAT/LON1/LON2/DLON/H
  185  211  226  240  252  269  280  287  291  291  288  284  280  277  274  270
  263  255  247  239  232  224  215  208  202  199  199  200  202  204  206  209
  214  219  226  233  240  246  252  256  258  258  256  250  241  231  218  205
  193  181  171  164  159  156  154  154  153  151  147  143  138  133  130  129
  129  132  136  140  147  155  168  171  185                                   
    40.0-180.0 180.0   5.0 450.0                            LAT/LON1/LON2/DLON/H
  185  212  228  242  256  273  285  293  297  298  295  292  289  288  286  283
  277  270  262  255  247  238  228  219  212  209  209  210  211  213  217  222
  229  238  247  255  262  268  272  275  275  273  268  260  250  238  225  213
  200  189  179  172  167  164  163  162  161  159  156  152  146  141  138  135
  134  136  139  142  146  154  166  169  185                                   
    37.5-180.0 180.0   5.0 450.0                            LAT/LON1/LON2/DLON/H
  183  210  227  240  255  272  284  293  298  300  299  298  298  298  298  296
  292  285  278  272  264  254  243  232  225  222  222  223  226  229  234  243
  253  264  274  282  288  291  293  294  292  288  281  271  260  247  234  221
  208  197  187  179  174  171  170  169  168  165  162  158  154  149  146  143
  141  141  142  143  146  153  163  166  183                                   
    35.0-180.0 180.0   5.0 450.0                            LAT/LON1/LON2/DLON/H
  180  206  224  236  251  266  278  287  294  298  301  303  305  308  310  310
  306  301  295  289  282  272  260  248  240  238  239  242  246  252  260  271
  284  297  307  313  315  315  314  312  308  302  293  282  269  255  241  228
  215  203  193  185  179  176  174  173  171  169  166  162  159  156  153  151
  147  147  145  145  145  150  159  162  180                                   
    32.5-180.0 180.0   5.0 450.0                            LAT/LON1/LON2/DLON/H
  176  201  219  230  244  257  269  277  286  294  300  306  312  318  322  323
  321  317  312  308  301  291  278  266  259  258  261  267  273  282  293  307
  322  335  342  344  342  338  332  327  321  313  302  290  276  261  247  233
  219  207  196  187  182  179  177  175  172  169  166  163  161  159  158  157
  153  151  148  145  144  147  154  158  176                                   
    30.0-180.0 180.0   5.0 450.0                            LAT/LON1/LON2/DLON/H
  172  195  213  223  237  248  259  267  277  288  298  308  318  327  334  337
  335  333  330  326  320  310  297  286  280  282  289  298  307  318  332  348
  363  374  378  374  366  356  346  337  329  319  308  294  279  263  248  234
  220  207  195  187  181  178  176  174  171  167  163  161  160  160  160  160
  156  154  150  146  143  145  151  155  172                                   
    27.5-180.0 180.0   5.0 450.0                            LAT/LON1/LON2/DLON/H
  170  191  208  218  231  241  251  259  271  284  297  311  325  337  346  350
  351  349  348  346  340  330  318  308  305  310  321  333  345  358  373  389
  402  409  408  398  384  369  354  342  331  320  307  292  277  261  245  230
  216  203  191  183  178  175  174  171  167  163  159  157  157  157  159  160
  157  156  151  147  144  144  148  154  170                                   
    25.0-180.0 180.0   5.0 450.0                            LAT/LON1/LON2/DLON/H
  170  189  204  215  228  238  247  255  269  284  300  316  332  347  358  365
  367  368  368  366  361  352  341  333  334  342  356  371  384  397  411  424
  434  436  429  414  395  375  357  342  328  315  301  285  269  253  238  223
  209  196  185  176  172  170  168  166  162  157  153  151  151  152  155  157
  156  156  151  148  144  144  147  155  170                                   
    22.5-180.0 180.0   5.0 450.0                            LAT/LON1/LON2/DLON/H
  171  188  203  215  228  239  248  257  271  288  306  324  342  359  372  381
  386  388  390  389  385  376  367  361  365  376  392  407  420  430  440  449
  454  452  440  422  399  377  356  337  321  306  291  275  258  243  228  214
  200  187  176  168  164  162  161  159  155  151  147  145  145  146  149  152
  152  154  150  148  145  144  147  156  171                                   
    20.0-180.0 180.0   5.0 450.0                            LAT/LON1/LON2/DLON/H
  172  188  202  216  230  243  254  263  278  296  314  334  353  371  387  399
  406  411  414  414  410  403  395  392  397  410  425  438  447  453  458  462
  462  456  442  422  399  375  353  333  314  297  280  263  247  232  217  204
  191  179  168  160  156  154  153  152  149  145  142  140  140  140  143  145
  147  150  148  147  145  144  147  157  172                                   
    17.5-180.0 180.0   5.0 450.0                            LAT/LON1/LON2/DLON/H
  171  188  201  217  232  247  260  271  287  305  324  344  364  384  402  417
  427  434  439  440  437  431  424  422  428  439  451  460  464  464  464  464
  460  452  437  418  396  373  351  330  310  291  272  255  238  223  210  197
  185  173  162  154  149  147  146  145  143  140  138  136  135  135  137  139
  141  144  144  143  143  141  144  155  171                                   
    15.0-180.0 180.0   5.0 450.0                            LAT/LON1/LON2/DLON/H
  168  184  197  215  233  250  265  278  295  313  332  352  373  395  415  433
  447  457  463  466  463  458  452  451  455  462  469  472  471  466  462  457
  451  442  429  411  392  371  351  330  310  290  270  252  235  220  207  194
  182  171  160  152  146  143  141  139  138  136  135  133  132  131  131  133
  134  138  138  138  137  136  139  150  168                                   
    12.5-180.0 180.0   5.0 450.0                            LAT/LON1/LON2/DLON/H
  161  177  191  210  229  248  266  281  299  317  336  357  378  401  424  445
  461  474  482  486  485  481  475  473  474  477  479  476  470  462  454  447
  440  431  419  404  388  371  353  334  314  293  273  254  237  222  208  196
  184  172  161  152  145  141  137  135  134  133  131  130  129  127  127  127
  127  131  130  129  129  128  130  141  161                                   
    10.0-180.0 180.0   5.0 450.0                            LAT/LON1/LON2/DLON/H
  151  168  183  203  223  243  262  279  298  317  336  356  378  402  427  449
  468  483  494  499  499  496  491  488  486  485  481  475  466  456  446  437
  428  419  409  397  384  370  355  338  319  300  280  260  242  226  212  199
  187  175  164  154  146  140  135  132  130  129  127  126  125  123  122  122
  121  123  122  120  119  117  118  130  151                                   
     7.5-180.0 180.0   5.0 450.0                            LAT/LON1/LON2/DLON/H
  141  158  175  195  216  236  257  274  294  314  333  353  374  398  422  446
  466  483  494  501  503  500  496  493  489  485  479  471  461  450  439  428
