data/edconvlstm_nd/pred3330.15i
     1.0            IONOSPHERE MAPS     GNSS                IONEX VERSION / TYPE
pyspatialgeodesy        IME             05-JAN-18 20:20     PGM / RUN BY / DATE 
Map Name                                                    COMMENT             
Predicted global ionosphere maps (GIM).                     DESCRIPTION         
  2015    11    29     0     0     0                        EPOCH OF FIRST MAP  
  2015    11    30     0     0     0                        EPOCH OF LAST MAP   
  7200                                                      INTERVAL            
    13                                                      # OF MAPS IN FILE   
  NONE                                                      MAPPING FUNCTION    
10.0                                                        ELEVATION CUTOFF    
One-way carrier phase leveled to code                       OBSERVABLES USED    
  6371.0                                                    BASE RADIUS         
 2                                                          MAP DIMENSION       
   450.0 450.0   0.0                                        HGT1 / HGT2 / DHGT  
    87.5 -87.5  -2.5                                        LAT1 / LAT2 / DLAT  
  -180.0 180.0   5.0                                        LON1 / LON2 / DLON  
    -1                                                      EXPONENT            
                                                            END OF HEADER       
[from data line 4719]
    12                                                      START OF TEC MAP    
  2015    11    29    22     0     0                        EPOCH OF CURRENT MAP
    87.5-180.0 180.0   5.0 450.0                            LAT/LON1/LON2/DLON/H
   91   83   74   77   83   80   80   78   80   83   84   86   87   88   89   89
   90   89   89   88   87   86   84   83   81   79   77   75   73   71   70   68
   66   64   63   61   60   59   58   57   57   56   56   55   55   55   56   56
   56   57   57   58   58   59   59   60   60   61   61   61   62   62   62   62
   62   63   60   58   66   68   89   98   91                                   
    85.0-180.0 180.0   5.0 450.0                            LAT/LON1/LON2/DLON/H
   93   88   94   79   80   85   85   87   90   93   94   97   98  100  101  102
  102  101  101   99   98   96   94   92   89   86   84   81   78   76   73   71
   68   66   64   62   61   60   59   58   57   56   56   56   56   57   57   58
   58   59   60   61   62   63   64   65   65   66   67   67   68   68   69   69
   70   69   66   63   69   74   79   76   93                                   
    82.5-180.0 180.0   5.0 450.0                            LAT/LON1/LON2/DLON/H
   67   71   73   68   72   78   81   83   87   91   96  100  103  105  107  109
  109  108  107  105  103  100   97   94   91   88   84   81   78   75   71   69
   66   63   61   58   56   55   53   52   51   51   51   51   51   52   52   53
   54   56   57   58   60   61   63   64   65   66   66   67   67   67   66   66
   66   64   61   61   68   82   76   77   67                                   
    80.0-180.0 180.0   5.0 450.0                            LAT/LON1/LON2/DLON/H
   48   56   63   59   64   66   75   80   88   94  101  107  112  116  118  119
  119  118  115  112  109  105  101   97   93   89   85   81   78   74   71   68
   65   62   59   56   54   51   50   48   47   47   47   47   47   48   49   51
   52   54   56   58   60   62   64   65   67   68   68   68   68   67   67   65
   64   63   60   60   60   69   64   73   48                                   
    77.5-180.0 180.0   5.0 450.0                            LAT/LON1/LON2/DLON/H
   54   54   57   55   63   67   78   85   94  102  111  120  127  132  134  135
  134  132  128  123  119  114  109  104  100   95   92   88   85   82   80   77
   74   71   67   64   61   58   55   53   52   51   50   51   51   52   54   55
   57   60   62   64   67   70   72   74   76   77   78   77   77   75   74   71
   69   67   65   63   62   66   65   76   54                                   
    75.0-180.0 180.0   5.0 450.0                            LAT/LON1/LON2/DLON/H
   51   52   53   52   59   65   75   84   95  107  117  127  135  139  141  141
  138  134  128  121  115  109  104   99   95   92   90   88   86   85   83   82
   79   77   74   71   67   64   61   59   58   57   56   57   58   59   60   62
   63   66   68   70   73   76   79   81   83   84   84   84   83   81   79   76
   74   73   70   66   62   63   58   62   51                                   
    72.5-180.0 180.0   5.0 450.0                            LAT/LON1/LON2/DLON/H
   60   57   57   60   62   68   79   88   99  110  122  132  139  143  144  141
  136  128  120  112  104   98   93   89   86   84   83   83   83   83   83   82
   81   78   75   72   68   64   60   57   56   55   55   55   56   57   58   59
   61   62   64   66   69   72   75   77   79   80   81   80   79   76   74   71
   69   68   65   61   58   61   59   67   60                                   
    70.0-180.0 180.0   5.0 450.0                            LAT/LON1/LON2/DLON/H
   70   68   68   69   70   76   85   95  108  121  133  142  149  151  149  144
  136  126  116  106   98   91   86   82   80   80   80   81   82   83   84   85
   84   81   78   74   69   64   60   58   56   56   56   57   58   60   60   61
   62   62   63   65   67   70   72   75   77   79   79   79   77   75   73   71
   70   69   69   68   67   70   73   79   70                                   
    67.5-180.0 180.0   5.0 450.0                            LAT/LON1/LON2/DLON/H
   87   86   85   87   89   94  103  113  125  136  148  157  161  162  158  150
  139  127  115  103   94   86   81   78   76   75   76   77   78   80   82   82
   81   78   74   69   63   57   53   50   49   49   51   53   55   56   57   57
   56   56   56   57   59   61   64   67   69   71   72   72   71   70   68   67
   66   67   68   69   70   78   79   86   87                                   
    65.0-180.0 180.0   5.0 450.0                            LAT/LON1/LON2/DLON/H
   99  102  103  105  106  111  119  129  141  152  163  170  173  171  165  156
  144  130  117  105   94   86   80   76   73   71   71   71   72   74   75   75
   74   70   65   59   52   46   42   40   39   41   44   47   49   51   51   50
   49   47   46   46   47   49   52   55   58   61   63   64   63   62   62   62
   63   66   71   76   79   91   96  103   99                                   
    62.5-180.0 180.0   5.0 450.0                            LAT/LON1/LON2/DLON/H
  114  119  121  123  125  130  138  147  158  168  177  183  185  182  176  166
  154  140  126  113  102   92   85   78   73   70   67   66   65   66   66   66
   64   60   54   47   40   35   31   29   30   32   36   40   43   44   44   43
   40   37   35   34   35   36   39   43   46   50   52   54   54   54   55   56
   57   63   69   77   83   98  105  111  114                                   
    60.0-180.0 180.0   5.0 450.0                            LAT/LON1/LON2/DLON/H
  123  132  135  137  139  144  153  162  173  182  190  194  195  192  186  178
  166  154  140  127  114  103   93   84   76   70   64   61   59   58   58   57
   55   51   45   38   32   27   23   22   24   28   32   37   40   41   40   37
   33   30   27   25   24   26   28   32   36   40   43   46   47   48   49   51
   54   61   69   79   88  106  117  123  123                                   
    57.5-180.0 180.0   5.0 450.0                            LAT/LON1/LON2/DLON/H
  131  140  145  148  152  158  167  177  186  194  199  202  202  200  196  190
  181  170  157  143  130  116  104   92   81   72   65   60   56   55   54   53
   50   47   42   36   30   26   24   24   26   30   35   39   42   42   40   36
   32   27   23   21   20   21   23   26   30   35   38   41   43   45   47   50
   54   62   72   82   92  112  125  131  131                                   
    55.0-180.0 180.0   5.0 450.0                            LAT/LON1/LON2/DLON/H
  138  148  154  157  163  170  180  189  198  203  207  207  207  205  203  199
  193  184  172  159  144  129  114  100   88   77   68   62   58   55   54   53
   51   48   44   40   36   33   32   33   35   40   44   48   50   49   45   41
   35   31   26   24   22   22   24   26   30   34   37   40   43   45   49   53
   57   66   76   87   97  118  132  138  138                                   
    52.5-180.0 180.0   5.0 450.0                            LAT/LON1/LON2/DLON/H
  144  154  162  165  172  180  192  201  208  212  212  210  208  206  206  204
  201  193  182  168  153  137  122  108   95   83   74   68   63   61   59   58
   56   55   53   51   49   48   48   49   51   55   59   62   62   60   56   51
   45   40   36   33   31   30   31   32   35   38   40   43   45   48   52   57
   63   73   84   95  106  126  140  146  144                                   
    50.0-180.0 180.0   5.0 450.0                            LAT/LON1/LON2/DLON/H
  152  162  170  174  182  192  204  214  219  220  217  212  208  206  206  206
  204  197  186  173  158  143  129  116  104   93   84   78   74   71   68   67
   65   64   64   65   65   66   67   68   70   73   76   78   77   74   70   65
   60   56   52   49   46   45   44   44   45   46   47   48   50   53   58   64
   72   82   95  106  116  136  150  156  152                                   
    47.5-180.0 180.0   5.0 450.0                            LAT/LON1/LON2/DLON/H
  162  170  179  183  191  203  215  226  230  229  223  216  209  206  205  205
  202  196  185  173  159  146  135  124  114  105   97   91   86   82   78   75
   73   73   75   78   81   83   84   85   87   89   91   92   91   88   84   80
   77   74   71   68   65   62   60   58   57   56   55   55   56   58   64   72
   80   93  106  118  128  148  161  166  162                                   
    45.0-180.0 180.0   5.0 450.0                            LAT/LON1/LON2/DLON/H
  171  179  187  192  201  213  225  236  240  238  231  221  213  207  205  203
  199  192  182  171  160  150  142  134  127  119  111  104   97   91   85   81
   79   79   82   87   92   95   97   98   99  100  102  103  102  100   97   94
   92   91   89   87   84   80   76   73   69   66   63   61   61   64   70   79
   89  103  117  129  140  159  172  177  171                                   
    42.5-180.0 180.0   5.0 450.0                            LAT/LON1/LON2/DLON/H
  179  187  196  200  209  220  233  243  247  246  238  228  219  212  207  203
  197  189  180  171  163  157  152  147  140  132  123  114  105   96   89   83
   80   81   85   91   96  100  102  103  103  105  107  108  109  108  106  105
  104  104  104  102   98   94   89   84   79   74   70   66   65   68   76   86
   97  112  126  139  150  169  182  187  179                                   
    40.0-180.0 180.0   5.0 450.0                            LAT/LON1/LON2/DLON/H
  186  195  203  207  216  225  236  246  249  249  243  234  226  218  212  205
  198  190  182  175  171  167  165  160  153  143  132  120  108   97   88   82
   79   80   85   91   97  101  103  103  103  105  108  110  111  111  110  110
  111  112  112  110  106  101   96   90   84   78   73   69   69   72   81   92
  105  120  135  147  158  177  190  194  186                                   
    37.5-180.0 180.0   5.0 450.0                            LAT/LON1/LON2/DLON/H
  192  203  210  214  221  227  237  244  247  248  244  238  232  225  218  211
  204  196  190  186  183  181  178  172  163  150  136  121  108   96   87   81
   80   82   87   93   98  101  101  101  102  104  107  110  111  111  111  111
  112  113  113  111  107  103   97   91   85   79   73   70   70   76   86   99
  112  127  142  153  163  182  194  200  192                                   
    35.0-180.0 180.0   5.0 450.0                            LAT/LON1/LON2/DLON/H
  199  212  219  222  228  230  237  241  244  244  242  240  236  232  226  219
  212  206  202  200  197  194  189  180  167  151  135  119  106   96   90   87
   87   90   95  100  103  104  103  102  102  104  107  110  111  110  109  109
  109  109  108  107  103   98   93   87   81   76   71   69   71   78   91  105
  119  134  148  159  166  185  196  203  199                                   
    32.5-180.0 180.0   5.0 450.0                            LAT/LON1/LON2/DLON/H
  209  225  233  235  239  238  241  242  242  241  240  239  238  236  231  226
  221  218  215  213  210  204  194  180  164  147  131  117  108  102  100  102
  105  109  113  115  115  113  110  107  107  109  111  113  112  110  107  105
  104  103  102  100   97   92   87   82   77   72   68   68   72   82   96  112
  127  142  155  165  170  188  199  207  209                                   
    30.0-180.0 180.0   5.0 450.0                            LAT/LON1/LON2/DLON/H
  224  244  254  254  257  254  254  251  248  243  242  240  240  239  236  232
  229  227  226  223  216  205  190  174  157  142  129  120  117  117  122  128
  134  138  140  138  133  127  122  118  117  118  119  118  116  111  107  103
  100   98   96   93   91   87   83   78   73   68   66   67   74   85  102  119
  134  150  163  172  176  194  205  214  224                                   
    27.5-180.0 180.0   5.0 450.0                            LAT/LON1/LON2/DLON/H
  246  270  284  282  286  281  279  271  264  256  250  247  245  243  240  237
  235  234  231  225  214  198  180  163  149  139  133  132  135  144  154  165
  172  175  172  165  155  145  137  132  130  130  129  126  121  115  108  103
   99   95   92   90   87   84   80   76   70   66   65   68   76   90  108  126
  142  158  172  182  186  204  216  225  246                                   
    25.0-180.0 180.0   5.0 450.0                            LAT/LON1/LON2/DLON/H
  275  302  320  317  323  320  317  307  295  281  270  262  257  253  248  243
  240  237  232  221  205  186  168  154  146  143  146  153  165  179  195  207
  213  212  204  190  174  160  150  144  143  142  139  135  128  119  112  105
  100   95   91   88   86   84   81   76   71   67   66   69   78   93  112  133
  150  167  182  193  199  218  232  240  275                                   
    22.5-180.0 180.0   5.0 450.0                            LAT/LON1/LON2/DLON/H
  309  338  359  357  368  368  367  355  340  321  304  290  279  270  261  254
  247  240  230  214  195  175  159  152  152  159  170  185  202  220  236  247
  249  242  226  205  184  167  157  152  151  150  147  141  133  124  115  108
  102   97   92   89   87   86   83   78   72   68   67   70   80   95  115  137
  155  175  191  205  215  236  251  259  309                                   
    20.0-180.0 180.0   5.0 450.0                            LAT/LON1/LON2/DLON/H
  344  372  396  397  414  420  423  413  397  374  351  330  313  298  284  271
  260  247  231  212  190  173  163  163  172  187  204  223  242  259  272  277
  272  256  233  206  182  165  156  153  153  153  150  144  136  127  118  111
  104   98   93   89   88   87   85   80   75   70   68   71   80   95  116  139
  160  182  200  217  230  253  271  280  344                                   
    17.5-180.0 180.0   5.0 450.0                            LAT/LON1/LON2/DLON/H
  373  401  427  432  456  469  479  473  460  436  408  381  358  337  318  299
  281  262  242  219  199  186  184  192  208  227  246  263  278  289  293  289
  275  251  223  194  170  155  148  148  150  151  150  144  137  128  119  112
  105   99   93   89   88   88   86   82   76   71   69   71   80   95  116  140
  163  187  207  226  242  268  289  300  373                                   
    15.0-180.0 180.0   5.0 450.0                            LAT/LON1/LON2/DLON/H
  394  421  448  458  488  507  525  526  518  497  469  439  412  386  361  337
  314  289  265  242  225  219  225  239  257  274  288  297  303  303  296  282
  259  231  201  173  153  142  139  142  146  149  148  143  135  127  119  112
  105   97   91   87   86   86   85   82   76   71   69   71   80   96  118  143
  166  192  213  233  252  280  302  316  394                                   
    12.5-180.0 180.0   5.0 450.0                            LAT/LON1/LON2/DLON/H
  404  431  458  470  504  529  554  563  562  548  524  496  468  440  412  385
  357  329  303  282  270  271  282  299  314  323  324  321  312  300  282  260
  233  203  176  153  139  134  135  140  146  148  147  142  134  125  117  109
  102   95   88   83   82   83   83   80   75   71   69   72   82   98  121  147
  172  198  220  239  259  287  311  327  404                                   
    10.0-180.0 180.0   5.0 450.0                            LAT/LON1/LON2/DLON/H
  406  432  459  471  506  533  563  577  585  579  563  542  518  492  465  436
  407  378  353  335  329  335  350  364  370  364  349  329  307  284  259  233
  205  179  158  143  137  138  143  149  153  153  150  144  135  125  116  107
  100   92   85   80   78   79   79   77   73   70   69   74   86  104  128  155
  179  206  227  245  264  292  316  333  406                                   
     7.5-180.0 180.0   5.0 450.0                            LAT/LON1/LON2/DLON/H
  403  429  453  464  496  523  554  571  585  587  581  569  554  534  511  486
  458  432  410  396  395  404  418  424  415  391  359  325  293  264  237  211
