data/edconvlstm_nd/pred2780.15i
     1.0            IONOSPHERE MAPS     GNSS                IONEX VERSION / TYPE
pyspatialgeodesy        IME             05-JAN-18 20:20     PGM / RUN BY / DATE 
Map Name                                                    COMMENT             
Predicted global ionosphere maps (GIM).                     DESCRIPTION         
  2015    10     5     0     0     0                        EPOCH OF FIRST MAP  
  2015    10     6     0     0     0                        EPOCH OF LAST MAP   
  7200                                                      INTERVAL            
    13                                                      # OF MAPS IN FILE   
  NONE                                                      MAPPING FUNCTION    
10.0                                                        ELEVATION CUTOFF    
One-way carrier phase leveled to code                       OBSERVABLES USED    
  6371.0                                                    BASE RADIUS         
 2                                                          MAP DIMENSION       
   450.0 450.0   0.0                                        HGT1 / HGT2 / DHGT  
    87.5 -87.5  -2.5                                        LAT1 / LAT2 / DLAT  
  -180.0 180.0   5.0                                        LON1 / LON2 / DLON  
    -1                                                      EXPONENT            
                                                            END OF HEADER       
[from data line 429]
     2                                                      START OF TEC MAP    
  2015    10     5     2     0     0                        EPOCH OF CURRENT MAP
    87.5-180.0 180.0   5.0 450.0                            LAT/LON1/LON2/DLON/H
   76   80   77   79   78   79   76   75   77   79   80   82   84   85   86   86
   86   86   85   84   82   81   79   77   74   72   70   68   66   65   63   62
   60   59   58   58   57   57   57   56   57   57   57   57   58   58   59   59
   60   61   61   62   62   63   63   64   64   65   65   65   65   65   65   66
   68   68   66   66   67   80   84   76   76                                   
    85.0-180.0 180.0   5.0 450.0                            LAT/LON1/LON2/DLON/H
   72   84   73   79   80   81   80   80   82   84   86   88   89   91   92   92
   92   91   90   89   87   84   81   78   76   73   70   67   65   63   61   60
   59   58   57   57   57   57   58   59   60   60   61   62   64   65   66   67
   68   69   70   71   71   72   73   74   75   75   76   76   77   77   77   77
   79   79   77   79   80   81   89   78   72                                   
    82.5-180.0 180.0   5.0 450.0                            LAT/LON1/LON2/DLON/H
   69   71   86   81   79   82   81   82   87   89   92   95   97   99  101  101
  101  100   98   96   92   89   84   80   75   71   67   63   60   57   54   53
   51   51   50   50   51   52   53   55   56   58   60   62   63   65   67   68
   70   71   73   74   76   77   78   80   81   82   83   84   84   84   84   85
   85   85   81   78   86   76   78   78   69                                   
    80.0-180.0 180.0   5.0 450.0                            LAT/LON1/LON2/DLON/H
   79   78   80   74   73   72   75   77   83   86   89   94   97  100  102  103
  103  101   99   96   91   86   81   75   69   63   58   54   50   46   44   42
   41   41   41   41   42   44   45   47   50   52   54   57   59   61   63   65
   67   69   71   73   75   77   79   81   83   85   87   88   88   89   89   89
   89   86   84   80   92   84   84   85   79                                   
    77.5-180.0 180.0   5.0 450.0                            LAT/LON1/LON2/DLON/H
   84   83   77   74   68   68   72   76   82   85   89   94   98  101  103  104
  104  102  100   96   90   84   78   71   64   57   52   47   42   39   37   35
   35   35   35   36   37   39   41   43   45   48   51   53   55   58   60   62
   64   66   68   71   74   77   80   83   86   89   91   92   93   94   94   94
   93   92   87   86   91   83   82   84   84                                   
    75.0-180.0 180.0   5.0 450.0                            LAT/LON1/LON2/DLON/H
   84   82   80   76   67   67   68   72   77   81   83   88   91   93   95   95
   94   93   90   86   81   75   69   62   55   49   44   40   36   34   33   32
   32   32   33   34   35   36   37   39   41   43   46   48   50   52   54   56
   58   60   62   65   68   72   76   80   85   88   91   94   95   96   96   96
   95   93   91   86   91   89   86   87   84                                   
    72.5-180.0 180.0   5.0 450.0                            LAT/LON1/LON2/DLON/H
   87   88   86   80   72   70   71   74   79   81   83   86   87   88   88   87
   86   84   81   78   74   69   64   58   52   47   43   39   37   36   36   36
   36   37   37   38   38   38   39   40   41   43   44   46   48   50   51   53
   54   57   59   62   66   71   76   81   87   92   96   99  101  102  102  102
  101   99   99   96  100   96   94   95   87                                   
    70.0-180.0 180.0   5.0 450.0                            LAT/LON1/LON2/DLON/H
   97   97   96   90   80   77   77   79   83   83   83   84   82   80   77   75
   72   70   68   66   64   60   56   52   48   44   41   39   38   39   39   40
   41   41   41   40   39   39   38   38   38   39   41   42   44   46   47   49
   51   53   56   60   65   70   77   83   90   96  101  104  107  107  108  108
  106  104  104  103  107  105  104  102   97                                   
    67.5-180.0 180.0   5.0 450.0                            LAT/LON1/LON2/DLON/H
  103  104  102   95   84   80   79   81   83   83   81   80   76   71   66   62
   58   56   55   54   53   51   49   46   43   40   38   37   37   38   40   41
   41   41   40   38   35   33   31   30   30   31   32   34   36   38   40   42
   44   47   50   55   60   67   75   82   90   97  103  107  109  109  109  108
  106  103  104  103  109  109  109  107  103                                   
    65.0-180.0 180.0   5.0 450.0                            LAT/LON1/LON2/DLON/H
  109  110  106   99   88   83   82   84   87   86   84   80   74   67   60   54
   50   48   48   48   48   47   45   43   41   39   37   37   38   39   40   41
   41   40   37   34   30   27   25   24   23   24   26   28   30   33   35   38
   41   44   49   54   61   69   78   87   96  104  110  114  116  116  115  113
  109  106  106  105  111  112  114  114  109                                   
    62.5-180.0 180.0   5.0 450.0                            LAT/LON1/LON2/DLON/H
  113  114  110  103   91   85   85   88   91   91   88   84   77   68   60   53
   49   47   46   47   47   46   45   43   40   38   37   37   38   39   40   40
   39   37   34   30   26   23   21   20   20   22   24   26   29   32   35   38
   42   46   52   58   67   76   86   96  106  114  121  126  128  127  125  123
  118  113  111  108  114  115  118  119  113                                   
    60.0-180.0 180.0   5.0 450.0                            LAT/LON1/LON2/DLON/H
  117  117  113  104   92   86   86   88   93   93   91   87   80   71   63   56
   51   49   48   48   48   46   44   42   39   37   36   36   36   37   37   36
   35   32   28   25   22   20   18   19   20   22   25   27   30   33   36   40
   44   50   56   64   73   84   95  106  116  125  132  137  140  140  138  135
  128  121  118  113  117  118  121  122  117                                   
    57.5-180.0 180.0   5.0 450.0                            LAT/LON1/LON2/DLON/H
  122  121  116  108   95   87   87   90   94   94   93   90   84   76   68   61
   57   54   52   51   49   46   43   40   37   35   34   33   34   34   33   32
   30   27   24   22   21   20   21   22   24   27   30   33   36   38   41   45
   50   56   63   72   83   94  106  117  128  137  145  150  154  154  153  150
  143  135  129  122  124  124  126  127  122                                   
    55.0-180.0 180.0   5.0 450.0                            LAT/LON1/LON2/DLON/H
  131  129  124  115  102   93   92   93   96   95   94   91   86   79   73   67
   62   59   56   52   49   44   40   37   34   33   32   32   31   31   29   28
   26   24   23   23   23   25   27   30   33   37   40   42   44   46   49   52
   57   64   72   81   92  104  117  128  139  148  156  162  166  168  168  166
  159  151  144  136  136  133  134  136  131                                   
    52.5-180.0 180.0   5.0 450.0                            LAT/LON1/LON2/DLON/H
  145  142  136  128  115  106  104  102  102   99   95   92   87   81   76   71
   66   62   57   52   47   42   38   35   33   32   32   32   31   30   28   27
   25   25   26   28   31   34   38   42   46   49   52   54   55   56   58   61
   66   73   82   92  103  115  128  139  149  158  165  171  176  179  181  181
  176  168  161  152  150  146  148  148  145                                   
    50.0-180.0 180.0   5.0 450.0                            LAT/LON1/LON2/DLON/H
  161  159  154  147  135  126  123  118  114  107  100   95   89   84   79   74
   68   62   56   50   44   39   36   35   35   35   36   36   35   33   31   30
   29   30   33   37   42   47   52   56   60   63   65   66   67   68   69   72
   77   84   93  103  115  127  139  151  160  167  173  179  184  188  191  193
  190  185  179  170  168  162  164  164  161                                   
    47.5-180.0 180.0   5.0 450.0                            LAT/LON1/LON2/DLON/H
  178  178  174  169  157  150  146  138  130  119  109  101   93   87   81   75
   69   62   54   48   43   39   38   38   40   41   42   42   41   39   37   36
   36   38   43   49   55   61   66   70   73   76   78   79   79   79   80   83
   88   95  104  115  127  139  152  162  171  176  181  184  189  193  197  201
  200  198  194  187  184  179  182  182  178                                   
    45.0-180.0 180.0   5.0 450.0                            LAT/LON1/LON2/DLON/H
  192  195  191  188  179  174  170  160  148  134  120  109  101   93   86   78
   70   61   54   48   44   43   43   45   48   50   50   50   48   46   45   44
   45   48   54   61   68   74   79   82   85   87   89   90   90   91   92   94
   99  106  115  126  138  151  164  174  182  186  188  190  192  196  200  205
  207  207  206  201  199  194  199  199  192                                   
    42.5-180.0 180.0   5.0 450.0                            LAT/LON1/LON2/DLON/H
  201  205  203  202  195  193  188  178  164  148  132  120  111  102   93   83
   73   64   57   52   51   51   53   55   57   58   58   57   55   53   52   52
   54   58   63   70   77   83   87   90   92   95   98  100  101  102  103  105
  110  116  125  136  148  162  175  186  192  195  196  196  197  199  203  209
  212  215  216  213  211  206  212  213  201                                   
    40.0-180.0 180.0   5.0 450.0                            LAT/LON1/LON2/DLON/H
  204  210  208  207  203  202  199  189  175  158  143  131  122  113  103   91
   80   71   65   62   62   64   65   66   66   65   63   60   58   57   57   58
   61   65   70   76   82   87   91   94   97  101  105  109  111  112  113  115
  119  125  133  144  157  171  185  196  203  205  205  204  204  206  209  215
  219  223  226  224  221  216  222  223  204                                   
    37.5-180.0 180.0   5.0 450.0                            LAT/LON1/LON2/DLON/H
  205  209  207  206  204  204  201  192  180  164  150  141  133  124  114  102
   90   82   77   77   78   78   78   75   72   67   63   60   58   58   60   63
   66   70   74   79   85   89   92   95   99  105  111  116  120  121  121  123
  126  132  139  150  163  178  193  205  213  216  215  215  215  217  221  227
  231  235  238  236  232  226  230  232  205                                   
    35.0-180.0 180.0   5.0 450.0                            LAT/LON1/LON2/DLON/H
  210  211  206  201  199  198  195  189  179  165  154  147  141  134  124  113
  102   94   92   92   92   91   86   80   72   65   60   57   56   59   63   67
   70   74   77   81   85   89   92   95  100  107  115  122  125  127  127  128
  131  136  144  154  168  184  199  212  221  225  226  227  230  233  239  245
  249  253  255  252  246  239  242  243  210                                   
    32.5-180.0 180.0   5.0 450.0                            LAT/LON1/LON2/DLON/H
  224  222  213  203  197  193  189  184  176  164  155  150  146  141  132  121
  111  105  104  103  102   97   88   77   68   60   56   54   56   60   66   72
   76   78   80   83   86   89   92   96  101  109  117  124  128  129  129  130
  132  138  146  157  171  187  203  217  227  232  236  241  247  255  263  271
  275  277  278  273  266  257  259  260  224                                   
    30.0-180.0 180.0   5.0 450.0                            LAT/LON1/LON2/DLON/H
  254  249  234  217  207  198  190  183  175  164  156  152  149  144  136  126
  117  112  109  107  102   93   81   70   62   57   55   56   60   67   74   80
   84   86   86   88   90   92   95   98  103  111  118  124  127  127  127  128
  132  138  147  158  173  189  206  220  231  239  246  255  266  279  292  301
  306  307  306  300  292  283  285  285  254                                   
    27.5-180.0 180.0   5.0 450.0                            LAT/LON1/LON2/DLON/H
  299  294  273  250  236  220  208  197  186  172  163  157  153  146  137  127
  118  112  107  102   93   82   71   63   59   59   62   67   72   79   87   93
   96   97   96   96   96   98  100  103  107  112  118  122  123  122  122  124
  130  138  148  161  175  192  209  225  236  246  256  270  287  306  322  334
  340  341  338  331  323  316  319  319  299                                   
    25.0-180.0 180.0   5.0 450.0                            LAT/LON1/LON2/DLON/H
  357  353  329  302  283  263  245  229  213  194  179  168  159  150  139  127
  117  108  100   90   79   69   62   61   64   72   80   87   93   99  105  110
  113  113  110  108  107  107  107  109  111  113  116  117  116  115  116  120
  128  138  151  165  180  198  216  232  245  256  269  287  309  332  352  366
  372  373  371  363  356  353  359  361  357                                   
    22.5-180.0 180.0   5.0 450.0                            LAT/LON1/LON2/DLON/H
  419  419  394  367  346  324  302  281  259  233  210  191  175  159  144  130
  116  103   90   77   66   61   61   68   81   95  108  116  121  125  129  132
  134  132  128  123  119  117  116  115  115  114  113  111  109  107  109  115
  126  139  154  170  187  206  226  243  258  271  286  306  331  356  378  394
  401  402  401  396  390  392  402  407  419                                   
    20.0-180.0 180.0   5.0 450.0                            LAT/LON1/LON2/DLON/H
  478  480  461  436  416  396  374  350  322  289  257  228  203  180  159  140
  122  104   87   72   64   64   72   88  109  129  144  152  154  154  154  156
  157  154  147  140  133  128  124  121  118  115  111  106  102  100  102  111
  124  140  157  175  194  215  236  256  274  289  306  327  352  377  400  416
  423  426  427  425  423  430  443  452  478                                   
    17.5-180.0 180.0   5.0 450.0                            LAT/LON1/LON2/DLON/H
  526  529  517  500  483  468  448  425  396  359  319  281  247  217  189  164
  140  118   97   82   77   83  100  124  149  171  185  189  186  181  178  178
  177  173  165  155  146  138  133  128  122  116  109  102   96   94   97  106
  121  139  158  178  199  222  246  270  290  309  327  347  371  395  416  431
  440  444  448  452  452  463  480  494  526                                   
    15.0-180.0 180.0   5.0 450.0                            LAT/LON1/LON2/DLON/H
  559  562  558  548  536  528  513  495  468  432  389  347  307  270  237  207
  178  151  128  114  113  126  148  174  199  216  224  222  213  203  196  194
  193  188  179  168  157  148  141  134  127  118  109  100   93   89   92  102
  118  137  156  177  200  226  254  281  305  326  345  366  387  409  428  442
  451  458  465  474  476  490  510  528  559                                   
    12.5-180.0 180.0   5.0 450.0                            LAT/LON1/LON2/DLON/H
  577  579  578  575  569  568  558  547  525  494  454  414  374  337  302  268
  237  208  185  174  177  193  216  237  251  258  256  246  231  217  208  204
  202  197  188  177  166  157  149  141  132  122  111  100   92   87   89   98
  113  132  152  174  198  227  258  288  315  338  359  380  400  421  438  451
  460  468  479  491  495  510  533  554  577                                   
    10.0-180.0 180.0   5.0 450.0                            LAT/LON1/LON2/DLON/H
  584  586  584  582  579  582  577  573  558  534  502  470  437  405  373  342
  311  285  266  260  266  280  295  302  300  292  278  259  240  224  213  209
  206  201  193  183  173  165  158  149  138  127  114  102   92   86   87   95
  110  128  147  169  195  225  257  290  319  344  367  389  410  430  447  459
  468  477  490  504  509  525  550  572  584                                   
     7.5-180.0 180.0   5.0 450.0                            LAT/LON1/LON2/DLON/H
  589  589  583  578  573  576  574  573  564  547  525  503  482  459  435  410
  386  366  355  354  362  369  369  356  335  310  284  260  240  225  216  211
