data/edconvlstm_nd/pred1530.15i
     1.0            IONOSPHERE MAPS     GNSS                IONEX VERSION / TYPE
pyspatialgeodesy        IME             05-JAN-18 20:20     PGM / RUN BY / DATE 
Map Name                                                    COMMENT             
Predicted global ionosphere maps (GIM).                     DESCRIPTION         
  2015     6     2     0     0     0                        EPOCH OF FIRST MAP  
  2015     6     3     0     0     0                        EPOCH OF LAST MAP   
  7200                                                      INTERVAL            
    13                                                      # OF MAPS IN FILE   
  NONE                                                      MAPPING FUNCTION    
10.0                                                        ELEVATION CUTOFF    
One-way carrier phase leveled to code                       OBSERVABLES USED    
  6371.0                                                    BASE RADIUS         
 2                                                          MAP DIMENSION       
   450.0 450.0   0.0                                        HGT1 / HGT2 / DHGT  
    87.5 -87.5  -2.5                                        LAT1 / LAT2 / DLAT  
  -180.0 180.0   5.0                                        LON1 / LON2 / DLON  
    -1                                                      EXPONENT            
                                                            END OF HEADER       
[from data line 858]
     3                                                      START OF TEC MAP    
  2015     6     2     4     0     0                        EPOCH OF CURRENT MAP
    87.5-180.0 180.0   5.0 450.0                            LAT/LON1/LON2/DLON/H
  163  163  163  166  167  164  161  159  160  160  160  161  160  160  160  160
  159  159  158  157  156  155  154  153  152  151  149  148  147  146  145  144
  143  142  141  140  140  140  139  139  139  140  140  141  141  142  143  143
  144  145  146  147  148  149  149  150  150  151  152  152  152  153  153  154
  155  157  156  157  161  160  161  156  163                                   
    85.0-180.0 180.0   5.0 450.0                            LAT/LON1/LON2/DLON/H
  166  173  167  170  173  171  171  170  170  170  170  170  170  169  169  169
  168  168  167  166  165  164  163  162  160  159  157  156  154  153  152  150
  149  148  147  147  146  146  146  146  146  146  147  148  149  150  151  152
  153  154  156  157  158  159  160  161  162  162  163  164  164  165  165  166
  168  170  167  170  165  165  165  160  166                                   
    82.5-180.0 180.0   5.0 450.0                            LAT/LON1/LON2/DLON/H
  172  175  175  171  172  171  171  170  171  170  170  170  169  169  169  168
  168  167  166  166  165  163  162  160  158  156  154  152  150  148  146  145
  143  142  142  141  141  140  141  141  142  142  143  145  146  148  150  151
  153  155  157  158  160  161  162  163  164  165  166  167  168  168  169  170
  171  172  170  172  175  167  165  156  172                                   
    80.0-180.0 180.0   5.0 450.0                            LAT/LON1/LON2/DLON/H
  172  176  168  166  167  167  169  168  168  167  166  166  165  165  164  164
  163  163  162  161  160  159  157  155  152  149  147  144  142  139  137  136
  135  134  133  133  133  134  134  135  136  138  140  142  144  147  149  152
  154  157  159  161  163  164  165  166  167  167  168  169  170  170  171  172
  173  173  170  172  176  171  174  158  172                                   
    77.5-180.0 180.0   5.0 450.0                            LAT/LON1/LON2/DLON/H
  168  170  164  163  162  163  165  165  165  163  161  161  159  158  158  157
  157  156  156  155  154  153  151  148  145  142  139  136  133  131  129  128
  128  128  129  130  130  132  133  134  136  139  141  144  148  151  155  158
  162  165  167  169  170  171  172  172  172  172  172  173  173  173  174  175
  175  176  171  174  176  169  168  160  168                                   
    75.0-180.0 180.0   5.0 450.0                            LAT/LON1/LON2/DLON/H
  162  165  158  159  157  159  160  159  159  157  154  153  151  149  148  147
  146  146  146  145  145  143  141  139  135  132  128  124  122  120  119  119
  120  121  123  125  127  129  131  133  135  138  141  145  150  154  159  164
  168  171  174  175  176  176  176  175  174  174  173  173  173  173  174  175
  175  175  172  169  169  164  163  158  162                                   
    72.5-180.0 180.0   5.0 450.0                            LAT/LON1/LON2/DLON/H
  156  162  156  156  156  157  159  158  158  155  152  150  147  144  141  139
  138  138  138  138  138  137  135  132  128  124  120  117  114  113  114  115
  118  121  124  128  131  134  136  139  142  145  149  154  159  164  170  175
  180  183  186  187  187  186  184  182  180  178  177  176  176  176  176  178
  178  179  176  174  171  163  160  156  156                                   
    70.0-180.0 180.0   5.0 450.0                            LAT/LON1/LON2/DLON/H
  157  159  154  153  152  153  156  155  155  152  148  145  140  136  133  130
  128  127  127  128  128  127  125  122  118  114  110  107  105  105  106  110
  114  119  124  129  133  136  139  142  145  149  153  159  165  171  177  183
  188  191  193  193  192  190  187  183  180  177  175  173  173  173  174  176
  177  177  176  175  172  164  162  158  157                                   
    67.5-180.0 180.0   5.0 450.0                            LAT/LON1/LON2/DLON/H
  156  159  152  151  150  151  153  153  152  149  145  141  136  131  126  122
  120  118  118  118  118  117  116  113  109  105  100   97   96   96   99  104
  110  116  122  128  133  136  139  142  145  149  154  160  167  174  181  187
  191  195  196  196  194  190  186  182  177  174  171  169  168  168  169  172
  173  174  173  173  171  164  162  159  156                                   
    65.0-180.0 180.0   5.0 450.0                            LAT/LON1/LON2/DLON/H
  158  160  154  152  150  150  152  152  152  148  145  141  136  130  124  119
  115  112  111  110  110  110  108  106  102   98   94   92   91   92   95  101
  108  115  122  128  133  137  140  143  147  151  157  163  171  178  185  190
  195  197  198  198  195  192  187  182  178  174  170  168  167  166  167  169
  170  172  172  173  173  167  167  165  158                                   
    62.5-180.0 180.0   5.0 450.0                            LAT/LON1/LON2/DLON/H
  164  166  160  157  154  153  154  153  152  149  146  143  138  131  125  119
  113  109  107  105  105  104  103  101   98   95   92   89   89   91   94  100
  106  113  120  126  131  135  139  142  147  152  159  166  174  181  187  192
  196  199  199  199  197  194  190  186  181  177  174  171  169  168  167  169
  170  172  173  174  176  172  174  173  164                                   
    60.0-180.0 180.0   5.0 450.0                            LAT/LON1/LON2/DLON/H
  172  175  169  165  161  158  158  155  154  150  147  144  140  134  128  121
  114  109  105  102  101  100  100   98   96   94   91   90   90   91   95   99
  105  111  116  122  127  131  136  140  146  153  161  168  176  183  189  193
  196  199  200  200  200  198  195  192  188  185  181  178  175  172  170  170
  171  172  174  177  180  179  182  183  172                                   
    57.5-180.0 180.0   5.0 450.0                            LAT/LON1/LON2/DLON/H
  184  187  182  177  172  168  165  161  157  153  149  147  143  138  132  124
  117  110  105  102  100   99   98   98   97   95   94   93   94   95   97  100
  103  107  111  116  121  126  132  139  146  154  163  172  180  186  191  194
  197  200  202  204  205  205  204  202  200  197  193  189  185  181  177  175
  174  175  177  181  185  186  191  193  184                                   
    55.0-180.0 180.0   5.0 450.0                            LAT/LON1/LON2/DLON/H
  197  201  197  193  187  182  177  169  163  157  152  149  146  141  135  128
  120  113  107  103  100   99   99   99   99   99   99   99   99  100  100  101
  102  103  105  109  115  121  129  137  147  157  167  176  183  189  194  197
  200  203  206  210  213  215  216  215  214  211  208  203  198  192  187  183
  180  181  182  186  191  194  200  203  197                                   
    52.5-180.0 180.0   5.0 450.0                            LAT/LON1/LON2/DLON/H
  210  215  214  212  206  199  192  182  174  165  158  153  149  144  139  132
  124  117  111  106  103  102  102  103  104  105  105  106  106  105  104  102
  100   99  100  103  109  117  126  137  148  160  171  180  188  194  198  201
  205  209  214  219  223  226  228  229  228  226  222  217  211  205  198  194
  190  189  189  193  198  202  208  211  210                                   
    50.0-180.0 180.0   5.0 450.0                            LAT/LON1/LON2/DLON/H
  223  229  230  231  226  219  211  199  188  177  168  161  155  149  143  136
  128  121  116  111  109  108  108  109  110  112  113  113  113  112  109  104
  100   97   96   99  106  115  126  138  151  163  175  186  194  200  205  209
  213  218  224  230  235  239  241  242  241  238  234  230  224  217  211  206
  202  200  200  203  206  210  215  218  223                                   
    47.5-180.0 180.0   5.0 450.0                            LAT/LON1/LON2/DLON/H
  234  240  244  247  245  239  231  219  207  194  182  173  164  156  148  141
  133  127  122  118  116  115  116  117  118  119  120  120  119  117  113  107
  101   97   95   98  106  116  128  141  155  168  180  191  201  208  214  220
  225  231  237  243  247  250  251  251  250  247  243  239  234  229  225  221
  217  216  215  216  217  219  222  225  234                                   
    45.0-180.0 180.0   5.0 450.0                            LAT/LON1/LON2/DLON/H
  243  248  253  259  260  255  249  238  227  213  200  189  177  166  156  147
  139  133  129  126  124  124  124  125  126  126  126  126  124  122  117  111
  105   99   98  101  108  119  132  145  158  172  185  197  208  217  225  233
  240  246  251  255  258  259  259  258  256  253  250  247  244  241  239  238
  236  235  233  233  232  230  231  232  243                                   
    42.5-180.0 180.0   5.0 450.0                            LAT/LON1/LON2/DLON/H
  251  255  259  265  269  267  263  255  246  233  220  207  193  178  165  154
  146  140  136  134  133  132  133  133  133  133  131  130  128  126  122  116
  110  105  103  106  113  124  136  149  162  175  189  202  215  227  238  247
  255  262  266  267  268  267  265  263  261  259  257  255  254  254  255  258
  259  259  257  254  250  246  245  244  251                                   
    40.0-180.0 180.0   5.0 450.0                            LAT/LON1/LON2/DLON/H
  261  261  264  267  272  271  270  266  261  251  239  225  209  191  175  162
  152  146  142  140  140  140  140  140  140  139  137  134  132  130  126  122
  116  112  111  113  120  130  141  153  165  179  193  208  223  238  251  262
  271  277  279  278  276  273  271  270  269  267  266  266  267  270  275  281
  285  287  284  280  274  266  264  261  261                                   
    37.5-180.0 180.0   5.0 450.0                            LAT/LON1/LON2/DLON/H
  277  273  270  269  273  272  272  272  270  264  254  241  223  204  185  170
  158  151  147  145  145  145  146  147  146  145  142  139  136  134  131  127
  124  120  119  121  127  135  145  156  168  182  197  214  231  248  264  276
  285  290  290  287  283  280  279  280  281  282  282  284  287  292  300  308
  314  317  315  309  302  294  289  285  277                                   
    35.0-180.0 180.0   5.0 450.0                            LAT/LON1/LON2/DLON/H
  302  293  285  277  277  273  272  273  275  272  265  253  235  214  193  176
  163  155  151  148  148  149  151  152  153  151  148  144  141  138  136  133
  130  128  127  129  133  139  148  158  170  184  200  219  239  257  274  287
  296  300  299  295  292  290  291  295  299  303  305  308  312  318  327  337
  344  347  346  341  333  326  322  317  302                                   
    32.5-180.0 180.0   5.0 450.0                            LAT/LON1/LON2/DLON/H
  337  324  310  295  288  280  276  276  278  276  270  259  242  221  199  181
  167  157  152  149  149  151  155  158  160  159  156  151  146  143  140  138
  135  134  133  133  136  141  148  157  170  185  203  223  244  264  281  295
  303  307  306  303  301  302  307  315  323  330  334  338  342  348  356  365
  372  376  375  371  366  363  358  355  337                                   
    30.0-180.0 180.0   5.0 450.0                            LAT/LON1/LON2/DLON/H
  381  367  347  326  313  299  290  286  285  281  274  263  246  225  203  184
  169  159  152  150  150  154  159  165  168  168  165  159  153  147  143  140
  138  136  135  135  136  140  146  155  168  184  204  226  247  267  284  297
  306  310  310  309  311  316  326  338  350  359  365  368  372  376  383  390
  396  400  401  399  397  399  396  394  381                                   
    27.5-180.0 180.0   5.0 450.0                            LAT/LON1/LON2/DLON/H
  429  418  394  370  351  332  316  306  299  290  280  266  249  228  207  187
  172  160  153  150  151  157  165  173  178  178  174  167  159  151  145  140
  136  134  133  133  133  136  141  150  163  181  203  226  247  266  283  296
  305  310  313  315  320  330  344  360  374  385  392  395  397  400  405  410
  414  418  421  421  422  431  429  430  429                                   
    25.0-180.0 180.0   5.0 450.0                            LAT/LON1/LON2/DLON/H
  474  470  447  423  400  377  355  338  322  307  290  272  253  232  211  192
  175  162  155  152  154  162  172  181  187  187  182  174  163  152  143  136
  131  128  127  127  127  129  134  142  157  176  199  223  244  263  278  291
  301  309  314  321  329  342  359  376  392  403  410  414  416  417  420  423
  426  430  434  437  441  455  455  458  474                                   
    22.5-180.0 180.0   5.0 450.0                            LAT/LON1/LON2/DLON/H
  508  514  494  476  452  428  401  377  354  330  306  283  261  239  218  198
  181  167  158  155  159  167  179  189  195  194  187  176  163  150  138  128
  122  119  118  118  119  121  125  134  148  169  193  217  238  256  271  285
  297  307  317  326  338  353  370  387  402  413  420  424  426  427  428  430
  433  437  441  446  452  468  471  476  508                                   
    20.0-180.0 180.0   5.0 450.0                            LAT/LON1/LON2/DLON/H
  525  540  528  518  498  475  446  419  389  357  326  298  273  250  229  208
  190  175  165  162  165  174  186  195  199  196  186  173  158  143  129  117
  110  107  108  109  111  112  116  124  139  160  185  210  231  249  264  279
  293  307  320  333  347  362  378  393  406  415  421  426  429  431  432  434
  436  440  445  450  455  470  476  481  525                                   
    17.5-180.0 180.0   5.0 450.0                            LAT/LON1/LON2/DLON/H
  524  545  541  538  525  507  480  452  419  383  347  315  287  263  242  220
  201  186  175  171  174  181  191  197  198  191  178  163  147  132  117  106
   99   96   97  100  102  104  107  114  129  151  176  202  223  241  258  274
  292  309  326  342  357  372  387  398  407  414  420  425  429  431  433  436
  438  443  447  452  454  466  472  477  524                                   
    15.0-180.0 180.0   5.0 450.0                            LAT/LON1/LON2/DLON/H
  510  530  532  533  528  515  494  469  437  401  363  330  301  277  255  235
  215  199  188  183  183  188  193  195  190  179  164  148  133  119  106   96
   89   87   88   91   94   96   98  105  120  141  167  193  215  235  253  272
  293  314  333  352  368  383  396  405  411  416  420  425  430  433  436  439
  442  447  451  453  453  459  464  467  510                                   
    12.5-180.0 180.0   5.0 450.0                            LAT/LON1/LON2/DLON/H
  488  505  508  508  509  500  484  464  438  404  369  337  311  288  267  248
  229  214  202  195  192  192  191  187  177  162  146  131  118  106   96   88
   82   80   81   84   87   88   91   97  111  132  159  185  208  229  249  271
  295  319  341  362  380  395  407  415  419  422  425  430  435  439  442  445
  449  454  457  457  453  454  457  456  488                                   
    10.0-180.0 180.0   5.0 450.0                            LAT/LON1/LON2/DLON/H
  469  480  480  475  476  470  457  442  421  393  363  336  312  292  275  257
  241  227  216  206  199  193  186  176  161  143  127  113  104   96   89   83
   78   75   76   78   80   82   84   90  103  124  150  177  201  224  247  271
  297  323  347  370  390  407  420  428  432  434  436  440  445  448  451  455
  459  464  466  465  458  453  453  450  469                                   
     7.5-180.0 180.0   5.0 450.0                            LAT/LON1/LON2/DLON/H
  458  463  458  446  445  436  424  411  394  372  347  324  305  289  275  261
  248  237  226  215  203  191  178  162  143  125  110  100   94   90   86   81
