data/edconvlstm_nd/pred1500.15i
     1.0            IONOSPHERE MAPS     GNSS                IONEX VERSION / TYPE
pyspatialgeodesy        IME             05-JAN-18 20:20     PGM / RUN BY / DATE 
Map Name                                                    COMMENT             
Predicted global ionosphere maps (GIM).                     DESCRIPTION         
  2015     5    30     0     0     0                        EPOCH OF FIRST MAP  
  2015     5    31     0     0     0                        EPOCH OF LAST MAP   
  7200                                                      INTERVAL            
    13                                                      # OF MAPS IN FILE   
  NONE                                                      MAPPING FUNCTION    
10.0                                                        ELEVATION CUTOFF    
One-way carrier phase leveled to code                       OBSERVABLES USED    
  6371.0                                                    BASE RADIUS         
 2                                                          MAP DIMENSION       
   450.0 450.0   0.0                                        HGT1 / HGT2 / DHGT  
    87.5 -87.5  -2.5                                        LAT1 / LAT2 / DLAT  
  -180.0 180.0   5.0                                        LON1 / LON2 / DLON  
    -1                                                      EXPONENT            
                                                            END OF HEADER       
[from data line 4290]
    11                                                      START OF TEC MAP    
  2015     5    30    20     0     0                        EPOCH OF CURRENT MAP
    87.5-180.0 180.0   5.0 450.0                            LAT/LON1/LON2/DLON/H
  176  166  153  160  161  160  161  160  159  161  160  161  161  161  161  160
  160  160  159  158  158  157  156  155  153  152  151  150  149  148  147  146
  145  144  143  143  142  142  141  141  141  141  141  142  142  142  143  143
  144  144  145  145  146  146  147  147  148  148  148  149  149  149  150  150
  150  151  150  152  163  162  167  168  176                                   
    85.0-180.0 180.0   5.0 450.0                            LAT/LON1/LON2/DLON/H
  169  168  172  166  163  167  168  169  170  171  171  171  172  172  172  172
  172  171  171  170  169  168  167  165  164  162  160  159  157  155  154  153
  151  150  149  148  147  146  146  146  145  145  145  146  146  146  147  147
  148  149  150  150  151  152  152  153  154  154  155  155  156  156  157  157
  158  158  158  157  161  155  157  160  169                                   
    82.5-180.0 180.0   5.0 450.0                            LAT/LON1/LON2/DLON/H
  151  156  157  155  155  160  163  164  164  166  166  168  169  169  170  170
  170  170  170  169  168  166  165  163  160  158  156  153  151  149  146  144
  143  141  140  139  138  137  136  136  135  135  135  136  136  136  137  138
  139  140  141  142  142  143  144  144  145  145  146  146  146  146  147  146
  147  147  146  151  152  157  150  147  151                                   
    80.0-180.0 180.0   5.0 450.0                            LAT/LON1/LON2/DLON/H
  143  148  152  151  151  152  157  161  163  165  167  169  170  171  172  173
  173  174  173  172  171  169  167  164  161  158  154  151  148  145  142  139
  137  135  133  132  131  130  129  128  128  128  128  129  129  130  131  132
  134  135  136  137  138  139  140  141  142  142  142  143  142  142  143  143
  143  143  143  145  143  140  139  141  143                                   
    77.5-180.0 180.0   5.0 450.0                            LAT/LON1/LON2/DLON/H
  143  140  147  146  149  152  155  159  161  164  165  168  170  172  174  175
  176  177  178  177  176  175  172  169  166  161  157  153  149  145  142  139
  137  135  133  132  130  129  129  128  127  127  127  128  128  129  130  131
  133  134  135  136  138  139  139  140  141  141  141  141  141  140  140  140
  139  138  138  140  142  135  138  145  143                                   
    75.0-180.0 180.0   5.0 450.0                            LAT/LON1/LON2/DLON/H
  141  140  144  143  145  150  152  155  159  162  164  167  169  171  174  176
  178  179  181  181  181  180  177  174  170  165  160  155  150  146  142  140
  137  136  134  133  132  131  130  129  128  127  127  127  128  128  129  130
  131  132  133  134  136  137  138  139  139  140  140  140  140  140  140  140
  139  139  140  137  139  133  136  132  141                                   
    72.5-180.0 180.0   5.0 450.0                            LAT/LON1/LON2/DLON/H
  140  141  144  148  147  151  154  157  159  162  163  166  169  171  174  177
  179  182  184  186  186  185  183  179  174  168  162  156  151  146  143  141
  139  138  137  136  135  134  132  131  129  128  128  128  128  128  128  129
  129  130  131  131  133  134  135  136  137  138  139  140  140  141  141  141
  140  140  140  137  138  134  138  140  140                                   
    70.0-180.0 180.0   5.0 450.0                            LAT/LON1/LON2/DLON/H
  146  146  148  149  148  151  153  156  158  162  163  166  168  171  173  176
  179  182  185  187  188  187  185  181  175  169  162  155  150  146  143  142
  141  141  141  140  138  136  134  132  131  129  128  128  127  127  127  126
  126  125  125  126  126  127  128  130  132  134  135  137  139  141  142  143
  143  143  144  143  144  141  146  146  146                                   
    67.5-180.0 180.0   5.0 450.0                            LAT/LON1/LON2/DLON/H
  157  158  160  161  160  161  163  166  168  171  172  175  176  179  181  184
  187  190  193  195  196  195  193  188  181  174  166  159  154  151  149  149
  150  151  151  150  148  146  143  140  138  137  136  135  134  133  132  130
  128  127  126  126  126  126  128  129  132  135  138  141  144  147  150  152
  153  154  155  153  153  151  155  155  157                                   
    65.0-180.0 180.0   5.0 450.0                            LAT/LON1/LON2/DLON/H
  168  169  171  171  168  169  169  172  173  176  178  180  181  183  185  187
  190  193  196  198  199  198  195  190  183  175  167  160  156  154  154  156
  158  159  159  158  156  153  150  147  145  143  142  141  139  137  135  132
  128  125  123  121  121  121  122  124  127  130  134  139  144  148  153  156
  158  160  162  162  163  162  167  167  168                                   
    62.5-180.0 180.0   5.0 450.0                            LAT/LON1/LON2/DLON/H
  181  182  184  183  179  180  179  181  182  185  186  187  189  190  192  194
  196  198  200  202  202  201  198  192  185  177  169  164  161  160  162  166
  168  170  170  169  166  162  159  156  154  152  151  150  148  145  141  136
  131  126  122  120  118  117  118  120  123  127  132  138  145  150  156  161
  163  166  169  169  171  169  175  174  181                                   
    60.0-180.0 180.0   5.0 450.0                            LAT/LON1/LON2/DLON/H
  191  193  194  193  189  189  188  189  189  191  191  193  194  195  196  198
  199  201  202  203  202  201  198  193  186  179  172  168  167  168  172  176
  180  182  181  179  176  172  169  166  165  164  163  161  158  154  148  141
  134  128  123  119  116  115  115  116  119  124  129  136  143  150  157  163
  166  169  171  172  175  174  181  181  191                                   
    57.5-180.0 180.0   5.0 450.0                            LAT/LON1/LON2/DLON/H
  198  201  203  202  199  199  196  196  195  196  195  195  196  197  198  199
  201  201  201  201  201  199  197  193  188  182  177  175  175  178  183  188
  191  192  191  188  185  181  179  177  176  176  175  173  169  163  155  147
  138  130  124  119  116  115  114  115  117  121  127  134  142  149  157  163
  166  169  171  171  175  174  183  184  198                                   
    55.0-180.0 180.0   5.0 450.0                            LAT/LON1/LON2/DLON/H
  202  206  210  210  207  209  206  204  202  200  197  196  195  196  197  199
  200  200  199  198  197  196  195  193  190  186  184  183  185  189  194  199
  201  201  199  196  193  190  189  188  188  187  186  183  178  171  162  152
  142  134  127  122  119  117  116  116  117  120  125  132  140  148  155  161
  164  167  169  169  172  173  182  184  202                                   
    52.5-180.0 180.0   5.0 450.0                            LAT/LON1/LON2/DLON/H
  202  210  215  217  216  219  216  213  209  205  199  195  193  192  194  195
  196  196  194  193  193  193  194  194  193  192  191  192  195  199  204  207
  209  208  205  201  199  198  198  198  198  197  195  191  185  177  167  156
  146  137  131  126  123  121  119  118  119  121  125  131  138  146  153  160
  163  165  167  166  169  170  180  182  202                                   
    50.0-180.0 180.0   5.0 450.0                            LAT/LON1/LON2/DLON/H
  202  213  219  224  225  230  227  225  218  212  203  196  191  190  191  192
  193  192  190  189  189  191  194  197  198  199  200  201  205  209  212  214
  214  212  208  206  204  205  206  207  207  205  201  196  189  180  170  159
  150  142  136  132  130  128  125  124  123  124  127  132  138  145  152  159
  162  165  167  165  168  169  179  182  202                                   
    47.5-180.0 180.0   5.0 450.0                            LAT/LON1/LON2/DLON/H
  203  216  224  231  234  241  240  237  231  222  211  201  194  191  191  192
  192  191  189  187  188  191  196  201  204  207  209  211  214  217  220  220
  218  215  212  210  210  212  214  215  214  211  206  199  191  182  172  162
  153  147  142  140  138  135  133  131  129  129  130  134  139  145  152  159
  163  167  170  168  171  172  181  185  203                                   
    45.0-180.0 180.0   5.0 450.0                            LAT/LON1/LON2/DLON/H
  204  220  228  237  242  251  252  251  245  236  224  212  203  198  196  196
  195  193  191  189  191  195  200  207  212  216  218  221  223  226  227  226
  223  220  217  216  218  221  224  224  221  216  208  200  192  183  174  165
  158  153  150  148  146  144  141  138  136  134  135  137  141  146  153  161
  166  172  176  175  177  178  187  191  204                                   
    42.5-180.0 180.0   5.0 450.0                            LAT/LON1/LON2/DLON/H
  208  225  232  242  249  260  263  265  261  253  241  230  220  213  210  208
  205  202  198  197  198  202  208  214  220  225  228  231  234  235  235  234
  231  228  226  227  230  233  235  234  229  221  212  203  194  186  177  170
  164  159  157  155  154  151  148  145  142  140  140  141  144  148  155  163
  171  178  184  184  187  188  196  199  208                                   
    40.0-180.0 180.0   5.0 450.0                            LAT/LON1/LON2/DLON/H
  213  230  235  245  253  265  271  275  275  271  262  252  243  236  231  226
  221  216  211  209  209  212  218  224  230  235  240  244  246  247  247  246
  243  241  241  242  245  247  248  244  237  227  217  207  198  190  183  176
  170  166  164  162  160  157  154  150  148  146  145  145  147  150  157  166
  174  184  192  194  197  199  207  209  213                                   
    37.5-180.0 180.0   5.0 450.0                            LAT/LON1/LON2/DLON/H
  219  234  238  246  254  266  274  282  287  288  284  278  272  265  258  251
  244  236  230  226  225  226  230  235  241  248  254  259  262  263  263  262
  261  260  260  261  262  263  261  255  246  235  224  214  205  197  189  182
  176  172  169  167  164  161  158  155  152  151  149  149  149  152  158  167
  176  188  198  202  206  209  218  219  219                                   
    35.0-180.0 180.0   5.0 450.0                            LAT/LON1/LON2/DLON/H
  226  238  240  246  253  264  274  285  295  302  305  304  301  296  289  280
  271  261  253  247  244  243  245  249  255  263  272  278  282  284  284  283
  283  282  282  282  281  278  273  265  255  243  232  222  212  204  195  188
  181  176  173  170  167  164  161  158  156  154  153  152  151  153  158  166
  177  190  202  207  213  217  227  227  226                                   
    32.5-180.0 180.0   5.0 450.0                            LAT/LON1/LON2/DLON/H
  233  243  243  246  252  262  272  285  300  313  322  328  330  328  321  311
  300  288  279  272  267  263  263  266  273  283  294  302  307  308  307  307
  306  306  304  301  296  289  281  271  260  249  238  228  219  209  200  191
  184  178  174  170  167  164  162  160  159  157  155  154  152  153  157  165
  175  189  202  210  217  222  234  234  233                                   
    30.0-180.0 180.0   5.0 450.0                            LAT/LON1/LON2/DLON/H
  242  248  248  249  254  262  272  286  304  321  336  348  355  356  352  342
  330  318  307  299  292  287  285  287  296  309  321  331  335  334  332  330
  328  326  321  314  304  293  281  270  260  250  241  231  221  211  201  192
  184  178  173  169  166  164  162  161  160  159  157  154  152  152  155  163
  173  188  201  210  219  226  240  240  242                                   
    27.5-180.0 180.0   5.0 450.0                            LAT/LON1/LON2/DLON/H
  251  256  256  256  260  267  277  290  309  329  348  364  376  381  379  371
  360  348  338  329  321  314  311  314  324  339  353  362  364  360  354  349
  345  340  331  319  304  288  274  262  253  245  237  229  219  208  198  188
  181  174  169  165  162  161  161  161  160  159  156  153  150  149  153  160
  170  186  200  210  220  229  245  246  251                                   
    25.0-180.0 180.0   5.0 450.0                            LAT/LON1/LON2/DLON/H
  260  266  267  267  272  278  287  300  318  339  359  378  393  402  404  398
  389  379  370  361  353  346  342  346  357  372  386  393  391  383  372  363
  355  346  333  315  295  276  260  248  241  235  229  221  211  201  191  182
  174  168  163  160  158  157  158  159  158  156  153  149  146  146  149  157
  168  184  199  210  222  232  250  253  260                                   
    22.5-180.0 180.0   5.0 450.0                            LAT/LON1/LON2/DLON/H
  270  278  280  282  288  295  303  315  332  351  371  391  408  420  425  424
  418  411  403  396  388  380  377  381  392  407  419  422  414  400  384  370
  357  344  327  305  282  260  243  232  226  222  217  210  201  191  181  173
  167  161  157  153  152  152  153  154  154  151  147  143  141  141  145  154
  166  184  200  212  225  238  256  262  270                                   
    20.0-180.0 180.0   5.0 450.0                            LAT/LON1/LON2/DLON/H
  278  290  295  298  306  314  323  333  349  366  385  404  422  437  445  448
  446  443  438  432  424  417  413  417  427  439  446  443  430  410  390  371
  355  338  317  293  267  244  228  218  213  210  206  199  190  181  173  166
  160  155  150  147  145  145  147  148  146  144  139  136  134  135  140  150
  164  183  201  215  229  244  263  271  278                                   
    17.5-180.0 180.0   5.0 450.0                            LAT/LON1/LON2/DLON/H
  285  301  308  313  323  332  342  352  366  382  398  417  435  451  463  470
  474  474  472  468  460  453  448  450  457  463  464  455  437  413  390  370
  351  331  309  283  257  235  220  211  207  203  198  191  183  175  167  162
  156  151  146  141  138  138  139  139  137  134  130  127  126  128  134  145
  160  182  202  218  233  250  270  280  285                                   
    15.0-180.0 180.0   5.0 450.0                            LAT/LON1/LON2/DLON/H
  288  308  318  325  336  345  357  367  380  394  410  427  445  463  478  490
  498  502  503  500  493  484  478  476  478  478  472  457  436  411  388  367
  348  327  304  279  255  235  222  214  209  205  198  190  182  174  167  161
  156  149  143  137  132  130  129  129  127  124  121  119  118  121  127  139
  155  178  201  218  235  254  274  286  288                                   
    12.5-180.0 180.0   5.0 450.0                            LAT/LON1/LON2/DLON/H
  288  311  323  330  343  353  365  375  388  402  416  433  452  471  488  504
  516  524  528  526  518  508  499  493  489  482  469  451  429  406  385  366
  347  328  306  284  263  246  234  226  220  214  205  195  186  178  171  164
  157  149  140  132  126  123  120  119  117  114  112  111  111  113  120  130
  146  171  195  215  232  253  274  288  288                                   
    10.0-180.0 180.0   5.0 450.0                            LAT/LON1/LON2/DLON/H
  284  310  323  331  345  355  367  377  390  403  417  434  453  473  492  510
  525  537  542  541  533  521  509  498  488  476  459  439  419  400  383  367
  350  333  314  295  277  263  253  245  237  228  217  205  195  186  177  169
  159  148  137  128  121  115  112  109  107  106  104  104  104  107  112  121
  136  159  185  206  225  248  271  285  284                                   
     7.5-180.0 180.0   5.0 450.0                            LAT/LON1/LON2/DLON/H
  279  307  322  329  343  352  365  373  386  399  414  431  450  469  488  507
  524  537  544  543  534  521  506  493  479  463  445  426  408  393  380  368
