data/edconvlstm_nd/pred2380.15i
     1.0            IONOSPHERE MAPS     GNSS                IONEX VERSION / TYPE
pyspatialgeodesy        IME             05-JAN-18 20:20     PGM / RUN BY / DATE 
Map Name                                                    COMMENT             
Predicted global ionosphere maps (GIM).                     DESCRIPTION         
  2015     8    26     0     0     0                        EPOCH OF FIRST MAP  
  2015     8    27     0     0     0                        EPOCH OF LAST MAP   
  7200                                                      INTERVAL            
    13                                                      # OF MAPS IN FILE   
  NONE                                                      MAPPING FUNCTION    
10.0                                                        ELEVATION CUTOFF    
One-way carrier phase leveled to code                       OBSERVABLES USED    
  6371.0                                                    BASE RADIUS         
 2                                                          MAP DIMENSION       
   450.0 450.0   0.0                                        HGT1 / HGT2 / DHGT  
    87.5 -87.5  -2.5                                        LAT1 / LAT2 / DLAT  
  -180.0 180.0   5.0                                        LON1 / LON2 / DLON  
    -1                                                      EXPONENT            
                                                            END OF HEADER       
[from data line 4290]
    11                                                      START OF TEC MAP    
  2015     8    26    20     0     0                        EPOCH OF CURRENT MAP
    87.5-180.0 180.0   5.0 450.0                            LAT/LON1/LON2/DLON/H
  126  120  109  116  118  116  116  114  114  117  116  117  117  118  119  119
  119  119  119  119  119  118  118  117  116  115  114  113  112  111  110  109
  108  107  106  105  104  103  102  101  100   99   99   98   98   97   97   97
   97   97   97   97   97   97   98   98   99   99  100  100  101  101  102  102
  103  104  103  103  114  112  125  126  126                                   
    85.0-180.0 180.0   5.0 450.0                            LAT/LON1/LON2/DLON/H
  127  122  128  117  116  120  120  122  123  125  125  126  127  128  128  129
  129  129  129  129  128  128  127  126  125  124  123  122  120  119  117  116
  114  113  111  110  108  107  106  105  104  103  102  101  100  100   99   99
   99   99   99   99   99  100  100  101  101  102  103  104  104  105  106  107
  109  109  108  106  110  109  113  113  127                                   
    82.5-180.0 180.0   5.0 450.0                            LAT/LON1/LON2/DLON/H
  108  110  111  107  109  112  116  117  117  120  121  123  124  125  126  127
  128  128  128  128  127  127  126  124  123  121  120  118  116  114  113  111
  109  107  105  104  102  101   99   98   97   96   95   94   93   92   92   91
   91   91   91   91   91   92   92   93   93   94   95   96   97   98   99  100
  101  101  100  103  106  115  107  106  108                                   
    80.0-180.0 180.0   5.0 450.0                            LAT/LON1/LON2/DLON/H
   95   98  105  102  103  102  109  113  116  119  120  123  125  127  128  129
  130  130  130  130  129  128  126  125  123  121  118  116  114  111  109  107
  105  103  101  100   98   96   95   93   92   91   90   89   88   88   87   87
   87   87   87   87   87   87   88   89   89   90   91   93   94   95   97   98
  100  100  100  101   99  101   98  104   95                                   
    77.5-180.0 180.0   5.0 450.0                            LAT/LON1/LON2/DLON/H
   98   94  100   97  101  103  108  112  115  118  120  124  126  129  130  132
  132  133  133  132  131  130  128  126  123  121  118  115  112  110  107  105
  103  102  101   99   98   97   95   94   93   92   91   90   89   89   89   88
   88   88   88   88   88   88   88   89   89   90   91   92   93   95   97   98
   99  100  100  101  101   98   99  107   98                                   
    75.0-180.0 180.0   5.0 450.0                            LAT/LON1/LON2/DLON/H
   93   92   94   93   98  102  106  110  115  120  122  126  128  131  132  133
  134  134  134  133  132  131  129  126  123  120  117  114  111  108  106  104
  103  102  101  101  100   99   98   97   96   95   94   93   93   93   92   92
   92   92   92   92   91   91   91   91   91   91   92   93   95   96   99  101
  102  103  104  101   99   96   95   92   93                                   
    72.5-180.0 180.0   5.0 450.0                            LAT/LON1/LON2/DLON/H
   90   89   90   95   97  101  107  111  114  119  122  126  128  131  132  133
  133  133  132  131  130  128  125  122  119  115  111  107  103  100   98   96
   95   95   95   95   95   95   94   93   92   90   90   89   89   89   89   89
   89   89   89   89   88   88   87   87   86   86   87   88   89   91   94   96
   98   99   99   95   92   92   92   94   90                                   
    70.0-180.0 180.0   5.0 450.0                            LAT/LON1/LON2/DLON/H
   90   88   89   92   95  100  105  110  115  120  124  127  130  131  132  132
  132  131  130  129  127  125  122  119  115  111  106  101   97   94   92   91
   90   91   92   92   92   92   91   89   88   86   85   84   84   84   84   85
   85   85   85   84   84   83   82   81   80   79   79   80   82   85   88   91
   93   95   96   94   92   91   93   94   90                                   
    67.5-180.0 180.0   5.0 450.0                            LAT/LON1/LON2/DLON/H
   91   90   92   97  101  106  112  118  123  128  132  136  138  139  139  138
  137  136  134  132  130  128  125  121  117  111  106  100   96   92   89   88
   88   89   90   90   90   89   88   85   83   80   79   78   78   78   78   79
   79   79   79   79   78   77   76   74   73   73   73   74   75   78   82   86
   89   91   92   90   87   88   88   90   91                                   
    65.0-180.0 180.0   5.0 450.0                            LAT/LON1/LON2/DLON/H
   91   92   95  101  105  110  116  123  129  134  138  142  144  145  144  143
  141  139  137  135  133  130  127  123  119  114  108  102   97   93   90   89
   88   89   89   90   89   88   85   81   78   74   72   71   70   70   70   71
   71   70   70   69   68   67   66   65   63   63   62   63   65   68   72   77
   81   84   87   87   86   88   90   92   91                                   
    62.5-180.0 180.0   5.0 450.0                            LAT/LON1/LON2/DLON/H
   94   97  100  106  112  117  123  130  136  142  146  150  153  153  152  151
  148  146  144  141  139  136  133  129  124  119  114  108  103   99   95   93
   92   92   92   92   90   88   84   79   74   70   67   65   64   64   63   63
   62   61   60   59   58   57   57   56   55   55   54   55   57   59   64   69
   74   78   82   82   82   85   87   90   94                                   
    60.0-180.0 180.0   5.0 450.0                            LAT/LON1/LON2/DLON/H
   97  102  106  112  117  122  129  135  141  148  153  157  160  160  160  158
  155  153  150  147  144  141  138  135  131  127  123  118  113  109  105  102
  100   99   98   97   95   92   87   81   75   71   67   65   63   62   60   58
   56   54   52   51   50   49   49   49   49   49   48   49   50   53   57   62
   67   73   77   78   80   85   88   90   97                                   
    57.5-180.0 180.0   5.0 450.0                            LAT/LON1/LON2/DLON/H
  101  107  112  118  123  128  134  140  146  152  158  162  165  167  166  165
  162  159  156  153  149  146  143  141  138  136  133  130  126  122  118  114
  111  109  108  106  104  100   94   88   82   77   73   70   67   65   62   59
   55   51   48   46   45   45   46   47   47   48   47   47   48   50   54   59
   64   70   74   76   79   84   88   91  101                                   
    55.0-180.0 180.0   5.0 450.0                            LAT/LON1/LON2/DLON/H
  105  112  118  124  129  133  138  144  149  155  161  166  170  171  171  170
  167  164  160  157  153  150  147  145  144  143  143  142  140  136  132  128
  124  121  119  118  115  111  106  100   93   88   84   80   77   74   69   64
   59   53   49   46   44   45   46   48   49   50   50   50   50   51   55   59
   64   70   75   77   80   86   91   93  105                                   
    52.5-180.0 180.0   5.0 450.0                            LAT/LON1/LON2/DLON/H
  108  117  123  129  133  138  143  148  153  159  163  168  172  174  174  173
  171  167  163  159  154  151  149  147  148  149  151  152  151  149  145  141
  136  134  132  130  129  125  120  114  108  103   98   95   91   87   81   74
   67   60   54   50   48   48   50   52   55   56   56   56   55   56   58   63
   68   73   78   80   84   89   95   96  108                                   
    50.0-180.0 180.0   5.0 450.0                            LAT/LON1/LON2/DLON/H
  112  121  128  133  138  143  148  153  158  163  167  172  175  177  177  176
  173  170  165  160  156  152  150  149  150  153  156  159  160  159  156  152
  148  146  144  144  143  140  136  130  124  119  114  111  107  102   95   87
   78   70   63   58   55   55   56   59   63   65   65   64   63   63   65   69
   74   80   85   87   90   95  101  102  112                                   
    47.5-180.0 180.0   5.0 450.0                            LAT/LON1/LON2/DLON/H
  116  125  132  138  142  149  154  160  165  170  173  177  180  181  181  180
  177  173  168  163  158  154  152  151  153  156  160  164  167  167  165  162
  159  157  157  157  157  155  150  145  139  134  130  126  122  117  110  101
   91   82   74   68   64   63   65   68   71   74   75   74   72   72   73   77
   82   88   94   96   99  104  110  110  116                                   
    45.0-180.0 180.0   5.0 450.0                            LAT/LON1/LON2/DLON/H
  121  130  137  142  148  155  161  168  173  179  182  185  188  189  188  186
  182  177  172  167  162  159  156  155  157  160  164  168  172  173  173  172
  170  170  170  171  171  168  164  158  152  146  143  139  136  130  123  114
  105   95   87   79   75   72   73   76   80   83   84   84   82   81   82   86
   91   98  104  106  109  114  120  120  121                                   
    42.5-180.0 180.0   5.0 450.0                            LAT/LON1/LON2/DLON/H
  127  135  142  148  154  162  168  176  182  188  192  195  198  198  197  194
  190  184  179  174  170  166  163  162  163  165  169  173  177  180  181  182
  183  184  185  186  185  182  176  169  162  157  153  150  146  141  134  125
  116  107   98   90   84   81   81   83   87   90   92   92   90   89   91   95
  100  107  114  117  120  125  131  131  127                                   
    40.0-180.0 180.0   5.0 450.0                            LAT/LON1/LON2/DLON/H
  134  142  149  155  161  168  176  184  190  197  202  206  209  210  209  206
  200  194  188  184  179  176  173  171  171  173  176  180  184  188  192  195
  198  201  202  202  200  194  187  178  171  165  160  157  153  148  141  134
  125  116  107   99   92   88   87   89   92   96   98   98   97   96   97  101
  107  115  123  126  130  135  141  142  134                                   
    37.5-180.0 180.0   5.0 450.0                            LAT/LON1/LON2/DLON/H
  142  151  158  164  170  176  183  191  198  206  211  217  221  223  222  219
  213  206  200  195  191  188  185  183  182  183  186  190  195  200  206  212
  217  221  222  220  215  207  196  186  178  171  166  162  158  152  146  138
  130  122  113  105   98   93   92   93   96   99  101  102  101  101  102  106
  112  120  129  134  138  144  151  152  142                                   
    35.0-180.0 180.0   5.0 450.0                            LAT/LON1/LON2/DLON/H
  153  163  170  175  180  184  190  198  205  213  220  227  233  236  236  232
  226  219  213  208  204  201  198  196  195  197  199  203  209  216  224  232
  239  243  243  239  230  218  205  193  183  176  170  165  160  153  147  139
  132  124  116  108  101   96   94   95   97  100  103  104  104  104  106  109
  115  124  133  139  144  152  160  161  153                                   
    32.5-180.0 180.0   5.0 450.0                            LAT/LON1/LON2/DLON/H
  167  178  184  188  192  193  198  204  211  220  228  237  244  249  250  247
  241  233  227  221  217  214  211  210  210  212  216  221  228  236  245  254
  261  265  263  255  243  227  211  197  187  179  173  166  159  152  144  137
  130  123  115  108  102   98   96   96   98  101  103  105  105  106  108  111
  116  125  135  143  149  159  168  170  167                                   
    30.0-180.0 180.0   5.0 450.0                            LAT/LON1/LON2/DLON/H
  182  194  201  202  205  205  207  212  219  227  237  247  256  262  264  262
  256  249  241  235  230  227  224  224  225  229  235  241  249  258  267  276
  283  285  280  268  252  232  213  199  188  180  173  165  156  147  139  132
  125  118  112  106  101   97   96   96   98  100  103  105  106  107  109  113
  117  127  137  146  154  165  177  178  182                                   
    27.5-180.0 180.0   5.0 450.0                            LAT/LON1/LON2/DLON/H
  197  211  219  219  221  219  219  222  228  237  248  259  270  277  280  278
  273  266  258  251  245  241  239  239  243  249  256  264  272  280  289  297
  301  300  291  276  255  232  212  197  186  179  171  162  151  141  132  124
  118  112  107  102   99   97   96   96   98  100  102  104  106  107  110  114
  118  128  139  149  158  172  186  186  197                                   
    25.0-180.0 180.0   5.0 450.0                            LAT/LON1/LON2/DLON/H
  211  226  235  234  237  236  235  237  242  251  262  274  285  293  297  297
  293  286  278  270  263  259  257  259  264  271  280  288  296  303  309  313
  314  309  296  277  252  228  206  191  182  175  167  156  144  133  124  117
  111  106  102   99   96   95   95   96   97   99  101  103  105  107  110  114
  119  130  141  152  163  177  194  194  211                                   
    22.5-180.0 180.0   5.0 450.0                            LAT/LON1/LON2/DLON/H
  222  237  246  248  252  254  253  255  260  269  279  291  303  311  317  318
  316  309  301  293  286  281  280  283  289  297  306  313  319  323  326  326
  322  312  295  272  245  220  199  184  176  169  161  150  138  126  117  110
  105  101   98   96   95   95   95   95   96   98   99  101  103  105  109  114
  120  132  144  155  168  182  200  201  222                                   
    20.0-180.0 180.0   5.0 450.0                            LAT/LON1/LON2/DLON/H
  227  243  253  257  265  269  271  275  281  289  300  311  322  332  339  342
  341  336  329  321  314  310  309  312  318  326  333  338  341  341  339  335
  325  310  290  264  237  212  192  179  171  166  158  146  133  121  112  106
  102   99   96   95   94   94   95   95   96   96   97   99  100  103  107  113
  120  133  146  158  171  186  204  207  227                                   
    17.5-180.0 180.0   5.0 450.0                            LAT/LON1/LON2/DLON/H
  226  243  254  261  273  281  287  293  301  310  321  332  343  354  362  367
  369  366  359  352  347  344  344  347  352  357  361  363  361  357  351  341
  326  307  283  257  231  207  189  178  171  166  158  147  134  122  113  108
  104  100   98   96   95   95   95   95   95   95   95   96   97   99  104  110
  119  133  146  159  172  187  205  210  226                                   
    15.0-180.0 180.0   5.0 450.0                            LAT/LON1/LON2/DLON/H
  221  239  251  260  276  288  299  307  318  328  339  351  363  374  384  392
  396  395  391  386  382  381  382  384  387  388  388  385  379  371  359  345
  327  304  280  255  231  211  195  185  178  172  164  153  141  129  120  114
  110  105  102  100   99   98   97   96   95   94   93   92   92   94   99  106
  116  130  145  157  171  186  204  212  221                                   
    12.5-180.0 180.0   5.0 450.0                            LAT/LON1/LON2/DLON/H
  215  233  246  257  275  290  305  316  328  340  352  365  379  392  404  414
  420  422  420  417  415  416  418  419  419  417  413  405  394  381  366  349
  328  305  281  259  239  223  210  201  193  186  178  166  154  143  133  126
  119  114  109  105  103  102  100   98   95   93   91   89   88   89   94  101
  111  126  141  153  167  182  200  210  215                                   
    10.0-180.0 180.0   5.0 450.0                            LAT/LON1/LON2/DLON/H
  209  229  243  255  274  289  307  319  332  345  359  374  389  403  417  429
  438  442  442  441  442  444  447  448  446  440  431  419  404  388  371  352
  331  309  287  270  256  244  234  224  215  206  196  184  172  160  150  140
  131  123  116  112  108  106  103   99   96   92   89   86   84   84   88   96
  106  121  136  148  161  177  196  208  209                                   
     7.5-180.0 180.0   5.0 450.0                            LAT/LON1/LON2/DLON/H
  207  229  244  255  274  290  307  319  332  346  360  376  393  409  424  437
  447  452  454  455  458  462  465  466  463  455  442  426  408  390  372  353
