data/edconvlstm_nd/pred1460.15i
     1.0            IONOSPHERE MAPS     GNSS                IONEX VERSION / TYPE
pyspatialgeodesy        IME             05-JAN-18 20:20     PGM / RUN BY / DATE 
Map Name                                                    COMMENT             
Predicted global ionosphere maps (GIM).                     DESCRIPTION         
  2015     5    26     0     0     0                        EPOCH OF FIRST MAP  
  2015     5    27     0     0     0                        EPOCH OF LAST MAP   
  7200                                                      INTERVAL            
    13                                                      # OF MAPS IN FILE   
  NONE                                                      MAPPING FUNCTION    
10.0                                                        ELEVATION CUTOFF    
One-way carrier phase leveled to code                       OBSERVABLES USED    
  6371.0                                                    BASE RADIUS         
 2                                                          MAP DIMENSION       
   450.0 450.0   0.0                                        HGT1 / HGT2 / DHGT  
    87.5 -87.5  -2.5                                        LAT1 / LAT2 / DLAT  
  -180.0 180.0   5.0                                        LON1 / LON2 / DLON  
    -1                                                      EXPONENT            
                                                            END OF HEADER       
[from data line 1287]
     4                                                      START OF TEC MAP    
  2015     5    26     6     0     0                        EPOCH OF CURRENT MAP
    87.5-180.0 180.0   5.0 450.0                            LAT/LON1/LON2/DLON/H
  174  169  166  168  170  167  165  162  163  164  164  164  164  165  165  165
  165  166  166  166  166  166  166  166  166  166  166  165  165  165  165  165
  165  165  165  165  166  166  166  166  166  166  167  167  167  168  168  169
  169  169  170  170  170  170  170  170  170  169  169  169  168  167  167  166
  166  168  166  166  171  169  169  165  174                                   
    85.0-180.0 180.0   5.0 450.0                            LAT/LON1/LON2/DLON/H
  173  173  171  172  174  172  172  171  171  171  171  171  172  172  172  172
  173  173  174  174  174  175  175  175  175  175  175  176  176  176  176  177
  177  177  177  178  178  178  178  179  179  179  180  180  180  181  181  182
  182  183  183  183  184  184  184  184  183  183  183  182  181  180  179  179
  179  180  175  177  172  171  173  171  173                                   
    82.5-180.0 180.0   5.0 450.0                            LAT/LON1/LON2/DLON/H
  175  176  176  170  170  170  169  168  168  168  167  168  167  168  168  168
  168  169  169  169  170  170  170  170  170  170  171  171  172  172  173  173
  174  174  175  176  176  177  177  178  178  179  179  180  181  182  183  184
  185  186  187  188  188  189  189  189  189  189  188  187  186  185  183  182
  181  180  175  177  177  174  173  163  175                                   
    80.0-180.0 180.0   5.0 450.0                            LAT/LON1/LON2/DLON/H
  175  176  171  169  169  168  168  167  167  166  165  165  165  165  165  165
  165  166  166  167  167  167  167  167  166  166  167  167  168  168  169  171
  172  173  174  175  175  176  177  177  178  179  180  181  182  184  186  187
  189  191  192  194  195  196  196  197  196  196  195  194  192  190  188  187
  184  182  177  178  177  176  181  165  175                                   
    77.5-180.0 180.0   5.0 450.0                            LAT/LON1/LON2/DLON/H
  174  173  171  170  169  169  169  167  167  165  163  162  161  160  160  160
  160  161  162  162  162  162  162  161  160  160  160  161  162  163  165  167
  169  171  173  174  175  176  177  177  178  179  181  182  184  187  190  192
  195  198  200  202  204  205  206  207  206  206  204  203  201  198  195  193
  189  187  179  180  180  176  176  171  174                                   
    75.0-180.0 180.0   5.0 450.0                            LAT/LON1/LON2/DLON/H
  170  172  168  169  168  168  168  166  165  162  159  157  155  154  153  153
  154  154  155  156  156  156  155  154  152  151  151  151  153  155  158  162
  165  168  171  173  174  175  175  176  177  178  180  182  185  189  192  196
  200  203  206  208  210  212  212  213  212  212  210  208  206  203  200  197
  193  189  183  178  177  175  176  173  170                                   
    72.5-180.0 180.0   5.0 450.0                            LAT/LON1/LON2/DLON/H
  168  173  170  170  170  170  170  168  166  162  159  156  153  150  149  149
  149  150  152  153  153  152  151  149  146  145  144  145  147  150  155  160
  165  170  173  176  177  178  178  179  179  181  183  187  191  195  199  204
  208  211  214  216  217  218  218  218  217  217  215  214  211  209  205  203
  199  195  189  185  180  177  176  175  168                                   
    70.0-180.0 180.0   5.0 450.0                            LAT/LON1/LON2/DLON/H
  169  171  169  168  168  167  167  165  162  158  154  150  146  143  141  140
  141  142  144  145  145  144  142  139  136  134  133  134  137  142  148  155
  162  168  173  176  177  178  178  178  179  182  185  189  194  199  204  209
  213  215  217  218  218  218  217  216  215  214  213  212  210  208  205  203
  199  196  190  186  182  179  180  179  169                                   
    67.5-180.0 180.0   5.0 450.0                            LAT/LON1/LON2/DLON/H
  168  170  167  166  166  165  164  161  159  154  149  145  140  136  134  132
  132  134  135  136  137  135  133  129  125  122  122  123  127  134  142  151
  159  166  171  175  176  177  177  178  179  182  187  192  198  204  210  214
  217  219  219  218  216  214  212  211  210  209  208  207  206  205  203  201
  198  195  191  187  183  180  180  180  168                                   
    65.0-180.0 180.0   5.0 450.0                            LAT/LON1/LON2/DLON/H
  169  171  166  165  164  162  161  158  155  151  146  141  136  131  128  126
  125  125  126  127  127  126  122  118  114  112  111  114  120  128  137  148
  157  165  171  175  176  177  178  179  182  186  192  199  206  213  218  222
  223  223  221  219  215  212  209  207  205  204  204  204  203  202  201  200
  198  196  191  188  185  184  185  184  169                                   
    62.5-180.0 180.0   5.0 450.0                            LAT/LON1/LON2/DLON/H
  172  174  169  166  164  161  160  156  153  148  143  139  133  128  124  120
  118  117  117  118  117  115  112  108  104  102  102  106  113  123  134  145
  155  163  169  173  176  177  179  181  186  192  199  207  215  222  227  230
  230  228  225  221  216  211  208  205  203  202  202  202  202  201  200  200
  198  197  194  191  189  188  190  190  172                                   
    60.0-180.0 180.0   5.0 450.0                            LAT/LON1/LON2/DLON/H
  179  181  175  171  167  163  160  155  151  146  141  137  131  125  120  115
  111  109  108  107  106  103  100   97   94   93   94   99  108  118  130  141
  152  160  166  170  173  176  179  183  190  197  206  216  224  231  235  237
  237  234  230  225  219  214  210  207  205  204  204  204  203  202  201  200
  199  198  196  195  194  194  197  196  179                                   
    57.5-180.0 180.0   5.0 450.0                            LAT/LON1/LON2/DLON/H
  190  191  186  181  175  170  165  158  153  147  141  136  130  124  117  111
  106  102   99   97   95   93   90   88   86   86   89   96  105  116  127  139
  148  156  163  167  172  176  181  187  195  205  215  225  233  240  244  245
  245  242  238  233  227  222  218  215  213  211  211  210  209  207  205  204
  202  202  201  201  201  202  205  205  190                                   
    55.0-180.0 180.0   5.0 450.0                            LAT/LON1/LON2/DLON/H
  203  205  201  195  189  182  175  166  158  150  143  136  130  122  115  107
  101   96   92   89   87   85   83   82   82   83   88   95  104  115  126  136
  145  153  159  165  171  177  184  193  202  212  223  233  241  248  252  253
  253  251  248  244  239  235  231  227  225  223  221  220  217  215  212  210
  208  208  207  208  209  211  214  215  203                                   
    52.5-180.0 180.0   5.0 450.0                            LAT/LON1/LON2/DLON/H
  218  221  219  213  207  198  191  179  168  156  146  138  130  121  113  105
   98   92   88   85   83   81   81   81   82   85   90   98  107  117  126  135
  143  150  157  164  172  181  190  200  210  220  231  240  249  255  259  261
  262  261  260  257  254  250  246  242  239  236  234  231  227  224  220  218
  216  215  215  216  218  221  224  224  218                                   
    50.0-180.0 180.0   5.0 450.0                            LAT/LON1/LON2/DLON/H
  233  237  235  231  226  218  209  195  181  166  153  142  131  121  112  103
   96   91   87   84   83   82   83   84   87   91   97  104  112  121  128  135
  142  149  157  166  176  187  198  209  219  229  239  248  255  261  266  270
  272  274  274  273  270  267  263  258  254  249  245  241  237  233  229  227
  225  225  225  226  227  230  233  233  233                                   
    47.5-180.0 180.0   5.0 450.0                            LAT/LON1/LON2/DLON/H
  244  248  249  246  244  236  227  212  196  177  161  147  133  122  112  104
   97   93   90   88   86   87   88   91   95  100  106  112  119  126  132  138
  143  150  159  170  182  195  208  219  229  238  247  255  262  268  274  279
  283  286  288  288  286  283  278  272  266  260  255  250  246  242  239  238
  237  237  236  237  238  239  241  240  244                                   
    45.0-180.0 180.0   5.0 450.0                            LAT/LON1/LON2/DLON/H
  252  255  256  255  255  249  241  226  209  189  170  153  137  124  113  106
  101   97   95   93   93   94   96  100  105  110  116  121  127  132  136  141
  146  153  163  176  190  205  218  230  240  248  255  262  269  275  282  289
  295  300  302  303  301  297  291  284  277  270  264  258  254  251  250  250
  251  252  251  251  250  249  249  247  252                                   
    42.5-180.0 180.0   5.0 450.0                            LAT/LON1/LON2/DLON/H
  257  257  257  255  257  253  248  235  219  198  178  159  142  127  117  110
  106  104  102  100  100  101  104  109  114  120  125  129  133  137  141  145
  150  158  168  182  198  214  228  240  250  257  264  270  276  283  291  299
  306  312  316  316  314  310  303  296  288  281  274  269  265  264  264  266
  268  270  269  267  264  260  258  254  257                                   
    40.0-180.0 180.0   5.0 450.0                            LAT/LON1/LON2/DLON/H
  261  257  254  251  253  249  246  236  223  204  185  165  147  132  121  115
  112  110  109  107  106  107  110  115  121  127  131  135  138  142  145  149
  154  161  172  187  203  221  236  249  258  266  272  277  284  292  300  309
  318  324  328  329  327  323  317  311  304  297  291  286  283  282  284  288
  291  293  292  288  282  275  271  265  261                                   
    37.5-180.0 180.0   5.0 450.0                            LAT/LON1/LON2/DLON/H
  268  259  253  245  244  239  237  230  220  205  188  170  153  137  127  121
  118  117  115  112  111  111  114  119  125  131  136  139  142  144  148  151
  156  164  175  189  206  224  241  255  265  272  279  284  291  300  309  319
  328  335  339  341  341  339  336  332  327  322  318  314  311  310  312  316
  319  322  320  313  306  296  289  282  268                                   
    35.0-180.0 180.0   5.0 450.0                            LAT/LON1/LON2/DLON/H
  283  267  257  244  237  229  225  220  213  202  189  174  157  143  132  126
  123  122  119  116  114  114  117  122  129  135  139  142  144  146  149  152
  157  164  175  189  206  225  243  257  269  277  283  290  297  306  316  327
  336  344  350  355  358  360  361  361  360  358  355  352  350  348  349  351
  354  355  352  344  334  324  314  306  283                                   
    32.5-180.0 180.0   5.0 450.0                            LAT/LON1/LON2/DLON/H
  308  287  271  252  237  224  217  211  206  199  189  176  162  148  137  130
  127  125  122  119  117  118  121  127  133  139  142  145  146  147  149  152
  156  163  173  186  203  222  241  257  269  278  286  293  300  310  321  332
  343  353  362  370  378  386  392  397  400  402  402  400  397  394  392  392
  393  393  388  378  367  356  345  338  308                                   
    30.0-180.0 180.0   5.0 450.0                            LAT/LON1/LON2/DLON/H
  344  318  297  273  250  231  219  210  204  198  190  179  166  152  141  133
  129  126  124  122  121  124  129  135  142  146  149  150  149  149  149  151
  154  160  169  182  198  217  236  252  266  276  284  292  301  311  323  336
  348  361  374  388  402  415  427  436  444  450  452  451  448  443  439  435
  433  431  425  414  403  393  380  376  344                                   
    27.5-180.0 180.0   5.0 450.0                            LAT/LON1/LON2/DLON/H
  386  360  335  307  276  252  233  220  211  203  195  184  171  157  144  136
  130  127  126  126  129  135  142  149  155  158  158  157  154  152  150  149
  151  155  163  175  191  210  229  245  260  271  280  289  299  310  323  338
  353  370  387  406  426  444  460  473  484  492  497  497  494  488  481  474
  469  465  458  447  437  430  418  416  386                                   
    25.0-180.0 180.0   5.0 450.0                            LAT/LON1/LON2/DLON/H
  428  405  379  350  315  286  261  242  228  217  206  193  179  163  149  139
  132  129  129  133  140  150  160  167  172  173  171  166  161  155  149  146
  145  148  156  167  183  201  219  236  251  263  274  284  295  308  323  339
  358  378  400  424  447  468  486  501  512  522  528  530  527  521  512  503
  497  491  485  475  467  463  451  453  428                                   
    22.5-180.0 180.0   5.0 450.0                            LAT/LON1/LON2/DLON/H
  464  446  420  395  359  328  299  275  255  238  223  207  190  172  157  145
  137  134  137  144  156  169  181  188  191  189  183  175  166  156  148  141
  139  140  147  159  174  191  209  226  241  255  267  278  291  306  322  341
  362  386  411  437  462  484  501  514  524  533  540  544  543  538  529  521
  513  507  501  493  487  486  476  481  464                                   
    20.0-180.0 180.0   5.0 450.0                            LAT/LON1/LON2/DLON/H
  486  474  452  432  400  371  339  313  288  266  246  226  206  186  169  155
  146  144  148  158  173  189  202  208  208  202  192  181  168  156  144  135
  130  131  138  150  165  181  199  216  232  247  261  274  289  305  323  344
  367  392  419  446  470  489  503  513  521  529  537  542  544  541  535  528
  521  515  509  502  497  498  490  496  486                                   
    17.5-180.0 180.0   5.0 450.0                            LAT/LON1/LON2/DLON/H
  493  486  467  453  428  403  373  347  321  295  271  249  227  205  186  171
  162  159  163  175  192  209  220  224  219  209  195  180  166  151  138  127
  121  121  128  140  155  171  189  206  224  241  257  273  289  307  326  348
  372  398  424  449  470  485  495  501  508  516  524  532  536  537  535  530
  524  518  512  505  499  500  494  500  493                                   
    15.0-180.0 180.0   5.0 450.0                            LAT/LON1/LON2/DLON/H
  487  482  466  455  438  417  392  370  345  319  294  271  249  227  209  193
  182  178  182  193  209  224  232  231  222  207  190  173  158  143  129  118
  111  111  117  129  144  161  180  199  219  238  256  274  291  309  330  352
  376  401  426  448  465  476  482  487  493  501  511  520  527  531  533  531
  527  521  515  506  499  496  492  495  487                                   
    12.5-180.0 180.0   5.0 450.0                            LAT/LON1/LON2/DLON/H
  474  468  454  442  429  413  393  376  355  333  310  289  269  250  233  218
  207  201  203  211  222  232  236  230  215  196  176  159  145  132  119  108
  101  100  106  117  132  151  171  192  215  236  257  275  294  312  333  355
  379  402  425  444  458  466  471  476  483  492  502  512  521  528  533  534
  532  527  520  509  498  492  487  487  474                                   
    10.0-180.0 180.0   5.0 450.0                            LAT/LON1/LON2/DLON/H
  461  453  437  422  411  396  379  366  350  332  314  298  282  268  255  243
  232  225  223  225  231  234  231  219  200  178  157  141  129  118  108   97
   90   89   94  105  121  140  162  186  211  235  256  276  294  313  334  356
  380  402  423  440  452  461  468  475  484  494  505  514  522  529  536  539
  538  534  527  514  500  490  483  478  461                                   
     7.5-180.0 180.0   5.0 450.0                            LAT/LON1/LON2/DLON/H
  453  444  425  405  391  375  359  347  334  320  307  296  286  277  269  261
  252  244  238  235  233  229  219  202  179  156  136  122  112  104   95   87
