data/edconvlstm_nd/pred1090.15i
     1.0            IONOSPHERE MAPS     GNSS                IONEX VERSION / TYPE
pyspatialgeodesy        IME             05-JAN-18 20:20     PGM / RUN BY / DATE 
Map Name                                                    COMMENT             
Predicted global ionosphere maps (GIM).                     DESCRIPTION         
  2015     4    19     0     0     0                        EPOCH OF FIRST MAP  
  2015     4    20     0     0     0                        EPOCH OF LAST MAP   
  7200                                                      INTERVAL            
    13                                                      # OF MAPS IN FILE   
  NONE                                                      MAPPING FUNCTION    
10.0                                                        ELEVATION CUTOFF    
One-way carrier phase leveled to code                       OBSERVABLES USED    
  6371.0                                                    BASE RADIUS         
 2                                                          MAP DIMENSION       
   450.0 450.0   0.0                                        HGT1 / HGT2 / DHGT  
    87.5 -87.5  -2.5                                        LAT1 / LAT2 / DLAT  
  -180.0 180.0   5.0                                        LON1 / LON2 / DLON  
    -1                                                      EXPONENT            
                                                            END OF HEADER       
[from data line 3432]
     9                                                      START OF TEC MAP    
  2015     4    19    16     0     0                        EPOCH OF CURRENT MAP
    87.5-180.0 180.0   5.0 450.0                            LAT/LON1/LON2/DLON/H
  202  203  197  206  208  209  209  210  211  214  214  216  217  218  219  220
  221  221  222  222  222  222  222  222  221  220  219  218  217  216  214  213
  211  210  208  207  205  204  203  202  201  200  199  199  198  198  198  198
  197  197  197  197  197  197  197  197  197  197  197  197  198  198  198  198
  198  198  198  198  205  206  207  200  202                                   
    85.0-180.0 180.0   5.0 450.0                            LAT/LON1/LON2/DLON/H
  196  201  211  207  205  211  213  216  217  219  220  222  223  225  226  227
  228  229  230  231  231  231  231  230  230  229  228  226  225  223  222  220
  218  216  214  212  210  208  207  206  205  204  203  203  203  203  203  203
  203  203  203  203  204  204  204  204  204  204  203  203  203  203  203  203
  204  204  202  201  202  198  199  201  196                                   
    82.5-180.0 180.0   5.0 450.0                            LAT/LON1/LON2/DLON/H
  177  189  192  190  190  196  200  203  204  206  208  211  212  214  216  218
  219  221  222  223  224  225  225  225  225  225  224  223  221  219  217  214
  211  209  206  203  200  198  196  195  194  193  193  193  194  194  195  196
  197  197  198  198  198  199  199  199  198  198  198  197  197  196  195  194
  194  192  190  192  188  193  188  180  177                                   
    80.0-180.0 180.0   5.0 450.0                            LAT/LON1/LON2/DLON/H
  165  173  177  176  176  179  183  189  192  195  198  201  204  207  209  211
  214  216  217  219  220  222  222  223  224  224  223  222  221  219  216  213
  209  206  202  198  195  192  189  188  187  186  187  187  188  190  191  192
  194  195  196  196  197  197  197  197  197  196  196  195  193  192  190  189
  188  186  183  184  177  172  170  165  165                                   
    77.5-180.0 180.0   5.0 450.0                            LAT/LON1/LON2/DLON/H
  158  158  163  163  163  166  170  174  178  181  184  188  191  194  196  199
  201  204  206  208  211  213  215  217  219  220  221  221  221  219  217  214
  210  206  202  198  194  191  189  187  187  187  188  189  191  193  194  196
  198  199  200  200  200  200  200  199  199  197  196  194  192  190  187  185
  182  179  176  176  173  164  163  160  158                                   
    75.0-180.0 180.0   5.0 450.0                            LAT/LON1/LON2/DLON/H
  151  155  156  156  155  159  162  165  170  174  177  180  183  186  188  191
  193  195  198  201  204  208  211  215  218  221  223  224  225  224  222  220
  216  212  208  204  200  197  194  193  193  193  195  197  199  202  204  205
  206  207  207  207  207  206  205  203  202  200  198  195  192  189  186  184
  180  177  175  171  168  162  159  149  151                                   
    72.5-180.0 180.0   5.0 450.0                            LAT/LON1/LON2/DLON/H
  146  152  154  156  153  157  161  164  167  171  173  176  179  181  183  185
  187  189  193  196  201  205  210  215  219  223  226  228  229  229  229  227
  224  220  216  212  209  206  203  202  202  203  205  207  209  211  213  213
  214  213  212  210  208  206  204  202  199  197  194  191  188  184  181  178
  174  171  169  167  163  160  159  155  146                                   
    70.0-180.0 180.0   5.0 450.0                            LAT/LON1/LON2/DLON/H
  144  152  155  156  154  158  161  165  168  172  174  177  179  180  181  182
  184  186  190  194  200  205  211  217  222  226  229  231  233  233  232  231
  229  226  222  219  216  213  211  210  210  211  212  214  216  217  217  216
  214  211  208  205  201  198  194  192  189  186  183  180  176  172  169  166
  162  160  159  158  157  156  160  155  144                                   
    67.5-180.0 180.0   5.0 450.0                            LAT/LON1/LON2/DLON/H
  140  151  156  159  159  165  168  173  176  181  183  186  187  188  189  190
  191  194  198  203  209  216  222  227  232  235  237  238  239  238  238  237
  236  234  231  229  226  224  222  221  221  222  222  223  223  222  220  217
  213  208  202  196  191  186  182  179  176  173  170  167  163  159  155  152
  149  147  147  146  146  149  153  152  140                                   
    65.0-180.0 180.0   5.0 450.0                            LAT/LON1/LON2/DLON/H
  128  143  148  154  156  163  168  174  179  184  187  190  192  193  193  194
  196  199  204  210  217  223  229  234  237  238  238  238  237  237  236  236
  235  235  234  232  230  229  227  226  226  226  226  225  223  220  216  210
  203  195  187  180  173  167  162  159  156  153  150  146  142  138  134  130
  127  125  126  126  128  134  141  141  128                                   
    62.5-180.0 180.0   5.0 450.0                            LAT/LON1/LON2/DLON/H
  111  126  134  142  147  156  164  172  178  185  189  193  195  196  198  200
  203  208  213  220  227  233  238  240  241  240  238  236  234  233  233  233
  234  234  235  234  234  233  232  231  230  230  228  226  222  217  210  202
  193  183  173  164  156  149  144  140  137  134  130  127  122  117  112  108
  104  102  103  102  105  111  119  121  111                                   
    60.0-180.0 180.0   5.0 450.0                            LAT/LON1/LON2/DLON/H
   91  105  114  124  131  143  154  163  172  179  185  190  193  196  200  203
  208  214  221  228  234  239  243  244  242  239  236  232  230  228  229  230
  232  234  235  236  237  237  237  236  236  234  232  229  224  217  208  198
  187  176  164  154  145  137  131  127  123  120  116  112  107  101   95   90
   85   82   82   81   82   88   95   99   91                                   
    57.5-180.0 180.0   5.0 450.0                            LAT/LON1/LON2/DLON/H
   72   84   94  105  116  129  142  153  163  172  178  184  189  194  200  206
  213  220  228  234  240  244  246  245  243  239  235  231  229  228  229  231
  234  237  240  242  243  244  245  245  245  244  242  238  232  224  214  203
  191  178  166  154  144  136  130  125  121  117  113  108  102   95   88   82
   76   73   71   68   69   71   76   80   72                                   
    55.0-180.0 180.0   5.0 450.0                            LAT/LON1/LON2/DLON/H
   62   71   82   92  104  119  134  146  157  165  173  179  186  193  201  210
  218  226  233  239  243  246  247  246  244  241  237  235  233  234  236  239
  242  246  249  251  253  255  256  258  259  259  257  253  247  239  229  218
  205  192  179  167  156  147  140  135  130  125  121  115  108  101   94   87
   81   76   74   69   67   66   68   70   62                                   
    52.5-180.0 180.0   5.0 450.0                            LAT/LON1/LON2/DLON/H
   63   68   79   89  102  118  134  145  156  164  171  177  185  194  204  215
  225  233  239  243  246  248  249  249  248  246  245  244  245  246  249  252
  256  259  262  264  267  269  272  274  276  278  277  274  268  261  251  240
  227  214  200  187  176  166  159  153  148  143  138  132  125  118  111  104
   97   93   89   84   79   75   73   72   63                                   
    50.0-180.0 180.0   5.0 450.0                            LAT/LON1/LON2/DLON/H
   76   79   87   96  109  126  142  153  163  170  176  182  190  200  211  223
  234  241  245  247  249  250  252  254  256  257  259  260  262  264  267  269
  272  275  278  280  282  285  289  292  296  298  298  296  291  285  276  265
  252  239  225  211  199  188  180  173  168  164  159  154  148  142  136  130
  123  119  116  111  103   96   92   87   76                                   
    47.5-180.0 180.0   5.0 450.0                            LAT/LON1/LON2/DLON/H
  100  100  105  112  125  142  156  168  177  184  188  193  200  210  222  235
  244  250  252  252  253  255  258  262  267  272  276  280  282  284  286  288
  289  291  293  295  298  301  305  310  314  316  317  315  311  305  296  285
  273  259  244  229  216  204  195  189  184  180  177  173  170  165  161  157
  151  149  146  142  134  126  121  112  100                                   
    45.0-180.0 180.0   5.0 450.0                            LAT/LON1/LON2/DLON/H
  129  128  127  134  144  160  174  185  195  202  205  209  215  225  236  248
  256  260  260  259  260  262  267  274  281  289  294  298  301  302  302  303
  304  306  308  311  314  318  322  327  330  331  331  328  324  317  308  297
  284  269  253  236  222  209  199  192  188  186  185  184  183  181  180  177
  174  174  172  171  164  157  152  142  129                                   
    42.5-180.0 180.0   5.0 450.0                            LAT/LON1/LON2/DLON/H
  156  153  148  154  162  176  189  202  213  221  224  228  233  241  252  261
  268  270  270  269  270  273  279  287  296  304  310  313  314  314  315  316
  318  321  324  328  332  337  342  345  347  346  343  338  331  322  312  299
  285  268  251  233  217  203  192  186  182  181  182  184  186  187  188  188
  187  188  188  189  186  180  177  167  156                                   
    40.0-180.0 180.0   5.0 450.0                            LAT/LON1/LON2/DLON/H
  174  171  161  166  173  185  198  213  226  237  242  246  251  258  267  275
  280  281  281  280  282  287  294  301  309  315  320  323  323  324  325  328
  333  339  346  352  358  364  369  371  370  365  358  349  338  326  313  298
  282  264  245  226  208  193  181  175  172  172  175  178  182  185  187  189
  189  192  192  194  194  191  189  181  174                                   
    37.5-180.0 180.0   5.0 450.0                            LAT/LON1/LON2/DLON/H
  179  175  164  169  174  184  199  216  234  248  257  263  268  274  281  287
  291  293  293  295  299  304  310  316  321  325  328  330  332  334  339  346
  357  368  378  388  397  404  409  410  405  395  382  367  352  336  319  302
  284  265  245  225  206  190  178  170  168  168  171  175  179  182  185  187
  186  188  188  189  189  189  188  179  179                                   
    35.0-180.0 180.0   5.0 450.0                            LAT/LON1/LON2/DLON/H
  174  169  159  162  168  175  194  214  236  254  267  276  283  289  295  301
  304  306  309  313  319  325  329  332  334  336  339  342  346  352  362  377
  394  411  427  441  453  462  467  465  456  441  422  400  379  359  340  321
  302  282  262  241  221  204  191  183  179  179  181  184  187  189  190  190
  187  186  183  181  179  178  177  168  174                                   
    32.5-180.0 180.0   5.0 450.0                            LAT/LON1/LON2/DLON/H
  162  157  149  151  158  164  186  209  236  258  275  288  297  304  311  316
  320  324  329  337  344  350  353  353  353  355  358  364  372  385  402  424
  449  474  496  514  529  539  543  539  526  505  478  451  425  401  379  359
  339  320  300  281  261  244  230  220  214  212  213  213  213  212  210  206
  199  194  186  178  173  167  164  153  162                                   
    30.0-180.0 180.0   5.0 450.0                            LAT/LON1/LON2/DLON/H
  152  146  139  141  149  155  181  206  236  262  283  300  311  321  328  334
  340  346  355  365  375  381  383  383  382  385  391  402  417  437  463  493
  525  556  583  604  621  631  635  628  610  583  551  518  487  460  437  416
  397  379  361  343  325  308  294  282  275  271  268  266  261  255  248  239
  228  217  202  188  176  165  157  143  152                                   
    27.5-180.0 180.0   5.0 450.0                            LAT/LON1/LON2/DLON/H
  149  144  135  137  145  153  180  207  239  269  293  312  327  339  349  356
  364  374  386  399  410  417  420  421  423  430  442  460  483  512  545  583
  621  656  684  705  719  727  728  718  696  665  629  592  558  529  503  482
  463  447  432  417  402  387  373  362  353  347  343  337  329  317  304  289
  272  255  234  213  194  175  160  143  149                                   
    25.0-180.0 180.0   5.0 450.0                            LAT/LON1/LON2/DLON/H
  157  151  138  141  148  158  186  214  247  278  304  327  345  360  371  381
  391  404  419  435  448  458  464  469  476  490  510  537  569  606  647  689
  729  762  785  798  805  808  804  791  767  734  696  657  621  589  562  539
  521  507  496  485  474  462  450  439  431  425  421  414  404  388  370  349
  326  304  278  251  223  197  176  155  157                                   
    22.5-180.0 180.0   5.0 450.0                            LAT/LON1/LON2/DLON/H
  174  167  151  152  159  170  198  225  257  289  317  342  363  381  395  407
  419  434  452  471  487  501  512  524  540  563  593  630  670  713  757  799
  833  855  864  864  860  855  848  833  808  775  736  696  658  624  594  571
  554  542  535  529  523  515  507  498  492  489  487  482  471  453  432  407
  381  355  324  294  260  227  202  178  174                                   
    20.0-180.0 180.0   5.0 450.0                            LAT/LON1/LON2/DLON/H
  194  186  167  168  174  186  212  238  269  300  328  356  380  400  417  431
  445  462  483  504  525  544  562  584  610  644  684  729  775  819  858  890
  910  914  906  890  876  865  854  839  814  782  743  702  662  625  594  571
  555  547  544  544  543  541  536  532  530  531  532  530  520  503  481  453
  424  397  365  333  296  259  231  206  194                                   
    17.5-180.0 180.0   5.0 450.0                            LAT/LON1/LON2/DLON/H
  213  201  182  181  185  199  224  248  278  308  337  365  392  415  434  451
  468  487  510  535  560  586  614  646  684  727  775  823  866  903  929  944
  944  929  905  879  858  843  832  816  793  762  723  681  639  600  568  544
  531  526  527  531  536  538  539  539  542  547  552  554  547  531  509  480
  450  423  391  360  324  284  256  233  213                                   
    15.0-180.0 180.0   5.0 450.0                            LAT/LON1/LON2/DLON/H
  224  207  188  185  188  202  227  251  280  310  340  370  399  425  447  467
  486  509  535  563  593  626  664  707  754  804  853  895  927  947  955  950
  933  907  875  845  822  807  795  780  759  728  690  647  602  561  529  506
  495  492  496  502  510  516  520  525  531  540  549  553  550  536  515  485
  455  428  397  369  337  298  271  251  224                                   
    12.5-180.0 180.0   5.0 450.0                            LAT/LON1/LON2/DLON/H
  227  204  184  180  181  194  220  244  275  306  337  369  400  429  455  478
  502  527  556  588  623  663  709  761  816  866  907  934  946  946  937  920
  896  867  836  808  786  772  760  746  726  697  659  615  570  528  495  473
  463  462  466  473  480  486  492  498  506  516  526  533  530  518  498  469
  437  411  383  358  332  297  272  254  227                                   
    10.0-180.0 180.0   5.0 450.0                            LAT/LON1/LON2/DLON/H
  220  192  172  167  166  179  205  232  265  298  332  365  399  430  460  487
  515  544  575  609  648  694  747  805  860  903  927  933  926  911  894  875
  854  830  806  783  765  751  740  727  708  681  645  601  555  513  481  461
  452  452  454  457  460  463  466  471  477  486  494  498  495  483  463  434
  403  377  352  331  311  282  260  244  220                                   
     7.5-180.0 180.0   5.0 450.0                            LAT/LON1/LON2/DLON/H
  205  176  155  151  149  160  188  218  254  291  328  363  399  433  466  497
  527  558  591  627  668  717  774  832  881  910  915  903  884  865  850  838
