data/edconvlstm_nd/pred0160.15i
     1.0            IONOSPHERE MAPS     GNSS                IONEX VERSION / TYPE
pyspatialgeodesy        IME             05-JAN-18 20:20     PGM / RUN BY / DATE 
Map Name                                                    COMMENT             
Predicted global ionosphere maps (GIM).                     DESCRIPTION         
  2015     1    16     0     0     0                        EPOCH OF FIRST MAP  
  2015     1    17     0     0     0                        EPOCH OF LAST MAP   
  7200                                                      INTERVAL            
    13                                                      # OF MAPS IN FILE   
  NONE                                                      MAPPING FUNCTION    
10.0                                                        ELEVATION CUTOFF    
One-way carrier phase leveled to code                       OBSERVABLES USED    
  6371.0                                                    BASE RADIUS         
 2                                                          MAP DIMENSION       
   450.0 450.0   0.0                                        HGT1 / HGT2 / DHGT  
    87.5 -87.5  -2.5                                        LAT1 / LAT2 / DLAT  
  -180.0 180.0   5.0                                        LON1 / LON2 / DLON  
    -1                                                      EXPONENT            
                                                            END OF HEADER       
[from data line 3003]
     8                                                      START OF TEC MAP    
  2015     1    16    14     0     0                        EPOCH OF CURRENT MAP
    87.5-180.0 180.0   5.0 450.0                            LAT/LON1/LON2/DLON/H
   82   91   94  100  106  107  108  106  108  111  112  113  114  115  115  115
  116  116  116  115  115  115  115  114  114  113  112  112  111  110  109  108
  107  106  105  103  102  100   99   98   96   95   94   93   92   91   90   90
   89   89   89   89   89   89   89   89   89   89   89   88   88   88   88   88
   89   90   87   84   86   86   98   99   82                                   
    85.0-180.0 180.0   5.0 450.0                            LAT/LON1/LON2/DLON/H
   82   93  108   98  102  108  110  114  116  119  120  122  123  124  124  124
  125  125  125  125  125  125  125  125  125  125  125  124  123  122  121  120
  118  117  115  113  111  109  107  105  103  101   99   98   96   95   94   94
   93   93   93   93   93   93   93   92   92   92   92   91   91   91   90   90
   91   91   87   83   85   88   92   91   82                                   
    82.5-180.0 180.0   5.0 450.0                            LAT/LON1/LON2/DLON/H
   64   78   86   83   87   94   99  103  106  110  112  114  115  116  116  116
  116  116  116  117  117  118  119  120  120  121  121  121  120  119  118  116
  114  112  109  107  104  100   97   94   91   88   85   83   81   79   78   77
   77   77   77   77   78   78   78   78   78   78   78   77   76   75   75   74
   75   74   70   67   70   80   76   78   64                                   
    80.0-180.0 180.0   5.0 450.0                            LAT/LON1/LON2/DLON/H
   51   59   68   66   71   75   82   87   92   96   98  100  101  101  100  100
   99   99  100  101  102  104  107  109  111  113  115  116  116  115  114  113
  110  108  105  101   98   94   90   85   81   77   74   71   68   66   65   65
   65   66   67   68   70   71   72   72   72   71   70   69   67   66   64   62
   62   60   57   55   55   62   60   67   51                                   
    77.5-180.0 180.0   5.0 450.0                            LAT/LON1/LON2/DLON/H
   51   51   54   53   58   63   70   75   81   84   86   87   87   86   85   83
   82   82   83   85   88   93   98  103  107  111  115  117  118  117  117  115
  112  110  106  102   98   93   88   83   77   72   67   63   60   58   57   57
   59   61   63   66   69   71   73   74   74   73   71   69   67   64   62   59
   57   54   51   50   48   47   48   55   51                                   
    75.0-180.0 180.0   5.0 450.0                            LAT/LON1/LON2/DLON/H
   42   43   43   45   49   54   58   63   68   71   71   72   70   68   65   63
   61   61   64   68   74   83   91  100  109  116  121  125  127  127  126  124
  121  118  114  109  104   99   93   86   80   74   68   63   59   56   55   55
   57   60   63   67   70   73   75   76   76   75   73   71   68   65   62   60
   57   54   52   48   48   44   43   40   42                                   
    72.5-180.0 180.0   5.0 450.0                            LAT/LON1/LON2/DLON/H
   44   44   43   46   47   53   57   60   63   64   64   63   60   56   52   49
   47   48   52   59   69   82   96  110  122  132  139  144  145  145  143  140
  136  132  128  122  117  111  104   96   88   80   73   66   61   58   56   56
   57   60   64   68   72   75   77   78   78   77   75   73   71   69   67   65
   63   61   60   56   55   52   51   50   44                                   
    70.0-180.0 180.0   5.0 450.0                            LAT/LON1/LON2/DLON/H
   49   51   50   52   52   56   58   61   63   63   61   59   54   49   44   40
   38   40   46   57   72   90  109  128  144  157  166  171  172  171  168  163
  158  153  147  141  135  128  120  112  103   93   85   77   70   65   62   61
   61   63   66   69   72   74   76   77   76   75   73   71   70   69   69   69
   70   69   70   67   67   64   66   62   49                                   
    67.5-180.0 180.0   5.0 450.0                            LAT/LON1/LON2/DLON/H
   56   60   59   61   61   65   67   69   69   68   65   61   56   50   44   40
   39   42   50   64   83  106  130  153  172  187  196  201  201  199  194  188
  182  175  169  162  155  147  138  129  119  109   99   90   82   76   71   67
   66   65   66   67   69   70   71   71   70   68   67   66   66   67   69   71
   74   76   79   77   76   76   76   70   56                                   
    65.0-180.0 180.0   5.0 450.0                            LAT/LON1/LON2/DLON/H
   59   65   64   67   66   70   71   73   72   71   68   64   58   52   46   43
   42   46   56   73   96  122  150  176  197  213  222  227  227  224  219  212
  205  197  189  181  173  164  155  145  135  125  114  105   95   87   80   74
   69   65   63   62   61   61   60   59   57   56   54   54   55   57   60   65
   69   74   79   79   81   84   83   78   59                                   
    62.5-180.0 180.0   5.0 450.0                            LAT/LON1/LON2/DLON/H
   57   63   62   65   66   71   71   73   72   71   68   65   60   56   51   48
   48   54   65   84  108  137  166  192  214  229  239  244  245  242  237  230
  222  214  205  196  187  177  167  157  147  137  127  117  107   97   87   78
   69   62   57   53   50   48   46   44   42   41   40   40   42   44   48   53
   58   63   70   72   75   78   78   75   57                                   
    60.0-180.0 180.0   5.0 450.0                            LAT/LON1/LON2/DLON/H
   50   55   54   57   59   64   65   67   67   66   64   62   60   57   54   52
   54   61   74   93  118  147  175  200  221  237  247  253  255  253  249  243
  236  227  218  208  198  187  177  167  157  147  138  128  117  106   94   82
   71   61   52   46   41   37   35   33   31   30   30   30   32   33   36   40
   44   49   55   58   62   65   66   66   50                                   
    57.5-180.0 180.0   5.0 450.0                            LAT/LON1/LON2/DLON/H
   40   43   42   47   50   55   57   59   60   59   58   57   57   56   55   56
   60   68   82  102  127  154  180  203  222  237  248  256  260  261  259  254
  248  239  230  220  210  199  188  178  169  161  152  143  132  120  106   92
   78   65   54   46   39   35   32   30   29   28   28   29   30   31   32   34
   35   38   42   45   50   51   53   54   40                                   
    55.0-180.0 180.0   5.0 450.0                            LAT/LON1/LON2/DLON/H
   32   34   32   38   42   47   50   52   52   52   52   52   52   53   55   58
   64   74   90  110  134  159  182  202  219  234  246  255  261  265  265  262
  257  250  241  231  221  211  201  192  184  176  168  159  149  136  121  105
   89   75   63   53   46   41   37   35   35   35   36   37   38   38   37   36
   34   33   36   37   42   41   43   46   32                                   
    52.5-180.0 180.0   5.0 450.0                            LAT/LON1/LON2/DLON/H
   30   30   28   34   38   44   47   49   49   48   47   47   49   51   54   59
   68   81   98  120  143  165  185  202  217  230  243  254  262  268  270  268
  264  258  250  242  233  224  216  208  201  194  187  178  167  154  138  122
  106   91   78   68   60   54   50   48   48   49   51   52   53   53   50   47
   42   39   39   38   43   41   41   44   30                                   
    50.0-180.0 180.0   5.0 450.0                            LAT/LON1/LON2/DLON/H
   37   34   31   37   41   48   50   51   50   49   47   47   48   50   54   61
   72   88  109  132  155  175  192  206  219  231  243  255  264  270  272  271
  267  262  257  251  245  239  232  226  220  213  205  196  185  172  157  141
  125  111   98   87   78   71   67   64   64   66   68   71   72   72   69   64
   58   53   51   49   52   51   50   51   37                                   
    47.5-180.0 180.0   5.0 450.0                            LAT/LON1/LON2/DLON/H
   50   48   43   48   52   58   60   59   58   55   53   52   52   54   58   66
   80   99  122  147  170  189  204  216  227  238  249  260  267  270  271  268
  265  263  260  258  256  253  249  245  239  232  223  212  200  186  172  157
  143  129  117  105   95   87   81   77   76   78   81   85   87   88   86   82
   76   71   68   66   69   69   68   66   50                                   
    45.0-180.0 180.0   5.0 450.0                            LAT/LON1/LON2/DLON/H
   68   66   61   65   67   73   73   72   70   67   64   62   61   61   66   75
   91  113  139  165  189  207  221  231  241  250  260  267  270  269  265  261
  259  259  262  265  267  268  267  263  257  248  237  224  211  197  183  170
  157  144  131  119  107   96   88   82   80   81   84   88   92   95   96   94
   90   86   84   83   87   89   90   85   68                                   
    42.5-180.0 180.0   5.0 450.0                            LAT/LON1/LON2/DLON/H
   84   85   80   84   85   88   88   86   83   80   77   75   73   73   77   87
  105  129  157  185  208  226  238  248  257  266  272  275  272  265  257  252
  252  257  266  275  282  286  286  282  274  262  249  234  219  204  191  178
  166  153  139  125  111   98   87   79   75   75   77   81   86   90   93   95
   94   92   92   92   98  103  105  100   84                                   
    40.0-180.0 180.0   5.0 450.0                            LAT/LON1/LON2/DLON/H
   93   97   94   98   99  101   99   97   94   92   89   88   86   87   91  103
  122  147  175  203  225  242  254  264  273  280  284  281  272  260  250  246
  251  263  278  293  304  309  309  303  293  278  262  244  228  213  199  186
  173  159  144  128  112   97   84   75   69   66   67   69   74   78   82   86
   87   88   89   90   98  105  108  105   93                                   
    37.5-180.0 180.0   5.0 450.0                            LAT/LON1/LON2/DLON/H
   94  100  100  104  105  105  104  102  100   99   99   99   98  100  106  119
  139  165  192  217  238  254  266  277  285  292  292  286  273  259  249  250
  262  282  305  325  338  343  340  331  317  300  281  262  244  228  213  198
  183  168  151  134  118  102   88   77   69   64   62   62   64   67   71   75
   76   77   79   79   86   93   97   97   94                                   
    35.0-180.0 180.0   5.0 450.0                            LAT/LON1/LON2/DLON/H
   87   94   95  100  102  101  101  100  100  101  103  105  107  111  119  134
  155  180  205  227  245  260  272  283  292  298  298  290  277  265  261  270
  292  321  351  374  387  389  382  368  350  331  310  290  272  255  238  221
  203  185  168  152  136  121  107   95   86   78   73   69   67   67   68   69
   69   68   68   66   71   75   80   83   87                                   
    32.5-180.0 180.0   5.0 450.0                            LAT/LON1/LON2/DLON/H
   78   84   85   90   91   90   91   91   93   97  102  106  111  118  130  147
  168  192  214  233  248  262  274  285  294  301  301  295  286  281  286  307
  341  380  415  440  450  446  433  414  393  372  351  331  313  295  276  256
  236  217  200  185  172  160  148  136  125  115  106   98   91   85   81   79
   74   70   66   60   62   60   65   70   78                                   
    30.0-180.0 180.0   5.0 450.0                            LAT/LON1/LON2/DLON/H
   70   74   73   78   79   77   78   79   83   88   95  103  110  121  135  155
  178  200  219  235  249  261  272  283  293  301  305  304  303  308  327  362
  408  455  495  518  522  511  491  467  444  422  402  384  366  347  327  305
  283  264  249  238  230  222  213  201  189  176  164  151  138  126  116  108
   97   87   79   67   65   58   59   62   70                                   
    27.5-180.0 180.0   5.0 450.0                            LAT/LON1/LON2/DLON/H
   70   70   65   69   69   66   68   69   73   79   88   96  106  119  137  159
  183  204  222  236  249  260  271  281  292  302  310  318  328  347  381  429
  486  540  580  598  595  576  549  521  497  476  459  442  426  408  388  364
  342  323  312  307  305  303  296  285  271  256  240  223  206  188  171  156
  139  124  108   92   85   72   68   64   70                                   
    25.0-180.0 180.0   5.0 450.0                            LAT/LON1/LON2/DLON/H
   80   76   65   68   67   63   64   65   69   74   82   91  101  116  136  159
  184  205  223  238  250  261  271  281  292  305  319  337  361  395  442  502
  565  620  656  667  655  628  597  568  545  527  513  500  485  469  449  426
  404  388  382  383  389  391  386  374  357  338  320  301  280  258  236  215
  192  173  151  133  120  101   92   78   80                                   
    22.5-180.0 180.0   5.0 450.0                            LAT/LON1/LON2/DLON/H
  102   93   75   74   71   66   68   67   71   75   82   89   99  114  134  158
  183  205  224  240  254  265  275  283  295  311  334  363  399  446  503  568
  631  681  709  711  692  660  628  601  581  567  556  545  534  519  500  479
  460  447  445  452  462  467  461  446  426  405  385  365  344  321  297  271
  246  225  199  183  165  143  129  106  102                                   
    20.0-180.0 180.0   5.0 450.0                            LAT/LON1/LON2/DLON/H
  132  119   94   87   81   73   76   74   77   81   86   93  102  116  135  159
  184  206  227  245  261  273  281  289  302  323  353  393  440  495  556  618
  674  714  731  725  700  668  638  616  602  591  583  574  564  551  534  515
  499  489  490  499  508  510  502  483  460  438  419  402  384  363  340  315
  290  271  245  232  213  190  174  142  132                                   
    17.5-180.0 180.0   5.0 450.0                            LAT/LON1/LON2/DLON/H
  164  149  119  104   93   83   85   83   85   89   93  100  109  122  141  164
  188  211  233  254  272  284  292  300  314  339  377  425  478  535  593  647
  690  717  722  709  683  655  632  616  607  600  592  584  574  563  548  532
  517  509  509  515  519  516  502  480  455  433  417  406  393  377  358  336
  316  301  279  270  253  232  217  180  164                                   
    15.0-180.0 180.0   5.0 450.0                            LAT/LON1/LON2/DLON/H
  190  177  147  123  109   96   95   91   92   96  101  108  118  132  151  173
  197  222  246  269  288  300  307  314  330  359  403  456  511  565  614  655
  684  696  691  673  650  629  614  606  601  596  589  579  570  559  546  531
  518  508  504  502  498  487  468  443  418  398  387  381  374  365  351  335
  319  310  295  289  276  258  246  209  190                                   
    12.5-180.0 180.0   5.0 450.0                            LAT/LON1/LON2/DLON/H
  203  194  168  142  125  109  106  100   99  102  107  116  128  143  163  187
  211  237  263  288  307  319  324  331  349  382  430  484  537  584  621  648
  661  661  650  632  615  602  595  593  592  587  579  568  557  547  535  521
  506  493  482  472  458  440  416  390  366  350  342  340  339  334  327  315
  305  299  290  286  277  264  255  222  203                                   
    10.0-180.0 180.0   5.0 450.0                            LAT/LON1/LON2/DLON/H
  202  199  179  156  139  122  116  108  105  107  113  123  137  155  177  202
  229  256  283  309  329  339  344  350  370  407  456  508  555  592  618  632
  634  625  612  598  587  582  583  585  586  581  570  558  546  535  523  508
  491  473  455  436  415  392  367  342  321  307  301  301  301  300  295  288
  280  277  270  267  260  252  244  216  202                                   
     7.5-180.0 180.0   5.0 450.0                            LAT/LON1/LON2/DLON/H
  191  192  179  161  148  131  125  115  111  112  117  129  145  167  192  220
  248  277  306  332  351  361  365  372  394  431  479  526  565  593  609  614
