data/edconvlstm_nd/pred0370.15i
     1.0            IONOSPHERE MAPS     GNSS                IONEX VERSION / TYPE
pyspatialgeodesy        IME             05-JAN-18 20:20     PGM / RUN BY / DATE 
Map Name                                                    COMMENT             
Predicted global ionosphere maps (GIM).                     DESCRIPTION         
  2015     2     6     0     0     0                        EPOCH OF FIRST MAP  
  2015     2     7     0     0     0                        EPOCH OF LAST MAP   
  7200                                                      INTERVAL            
    13                                                      # OF MAPS IN FILE   
  NONE                                                      MAPPING FUNCTION    
10.0                                                        ELEVATION CUTOFF    
One-way carrier phase leveled to code                       OBSERVABLES USED    
  6371.0                                                    BASE RADIUS         
 2                                                          MAP DIMENSION       
   450.0 450.0   0.0                                        HGT1 / HGT2 / DHGT  
    87.5 -87.5  -2.5                                        LAT1 / LAT2 / DLAT  
  -180.0 180.0   5.0                                        LON1 / LON2 / DLON  
    -1                                                      EXPONENT            
                                                            END OF HEADER       
[from data line 3003]
     8                                                      START OF TEC MAP    
  2015     2     6    14     0     0                        EPOCH OF CURRENT MAP
    87.5-180.0 180.0   5.0 450.0                            LAT/LON1/LON2/DLON/H
  129  139  139  148  153  154  155  155  158  161  162  164  166  168  169  170
  171  172  172  173  173  173  172  172  171  169  168  166  165  163  161  158
  156  153  151  148  145  143  140  137  135  133  131  130  128  127  127  126
  126  126  126  126  127  127  128  129  130  130  131  132  132  133  133  134
  135  136  135  134  140  139  148  140  129                                   
    85.0-180.0 180.0   5.0 450.0                            LAT/LON1/LON2/DLON/H
  130  140  153  146  147  153  156  160  162  166  167  170  171  173  175  177
  178  179  180  181  181  181  181  180  180  179  177  176  174  171  169  166
  162  159  155  152  148  144  140  137  134  131  129  127  126  125  124  124
  125  125  126  127  129  130  131  133  134  135  135  136  137  137  137  138
  139  139  136  133  134  136  139  139  130                                   
    82.5-180.0 180.0   5.0 450.0                            LAT/LON1/LON2/DLON/H
  113  126  131  127  128  134  139  143  146  150  153  156  158  161  164  166
  168  170  172  173  174  175  176  176  176  176  175  173  172  169  166  163
  159  154  149  144  138  132  127  122  117  113  110  107  105  104  103  104
  105  106  108  110  113  115  117  119  121  123  124  124  125  125  124  124
  124  124  120  119  119  128  123  121  113                                   
    80.0-180.0 180.0   5.0 450.0                            LAT/LON1/LON2/DLON/H
   98  105  111  109  111  113  119  124  129  134  137  142  145  149  152  155
  158  161  164  166  168  169  171  172  172  173  172  172  170  168  165  161
  157  151  144  137  129  121  113  106  100   94   90   87   85   84   84   85
   87   90   94   98  102  106  109  113  115  117  119  119  119  118  117  116
  115  113  110  107  103  107  106  106   98                                   
    77.5-180.0 180.0   5.0 450.0                            LAT/LON1/LON2/DLON/H
   93   93   96   95   95   98  103  108  113  117  120  125  129  134  138  142
  146  149  153  157  160  164  167  170  173  175  176  178  178  177  175  172
  168  161  154  145  136  126  116  107   98   91   85   81   78   76   76   78
   80   84   88   93   99  104  109  113  117  119  121  121  121  119  117  115
  112  109  105  104  100   96   96   95   93                                   
    75.0-180.0 180.0   5.0 450.0                            LAT/LON1/LON2/DLON/H
   85   88   88   88   88   91   93   96  100  104  108  112  116  121  125  129
  134  139  144  149  155  160  166  171  176  181  185  188  191  192  192  190
  186  180  172  163  152  140  129  118  107   99   91   86   82   79   78   79
   81   84   89   94  100  105  111  115  119  122  123  124  123  122  120  117
  114  111  107  103  100   96   93   83   85                                   
    72.5-180.0 180.0   5.0 450.0                            LAT/LON1/LON2/DLON/H
   85   90   89   90   87   90   91   93   95   97  100  104  108  112  116  121
  126  132  139  147  154  162  170  178  185  192  198  203  208  211  214  214
  211  206  199  189  178  166  153  141  130  120  111  104   98   94   91   89
   89   90   93   96  100  105  110  114  117  119  121  122  121  120  119  118
  116  113  111  107  105  102  100   94   85                                   
    70.0-180.0 180.0   5.0 450.0                            LAT/LON1/LON2/DLON/H
   90   96   96   96   93   93   92   93   94   95   97  100  103  106  110  115
  121  128  137  146  156  167  178  187  197  205  213  221  227  233  237  238
  237  233  226  217  205  192  179  167  155  145  135  127  120  113  107  103
   99   97   96   96   97   99  102  104  107  108  110  111  111  112  112  113
  113  112  113  110  110  109  110  104   90                                   
    67.5-180.0 180.0   5.0 450.0                            LAT/LON1/LON2/DLON/H
   92  101  102  103  102  103  101  101  100  100  101  103  106  109  113  118
  124  132  142  153  166  179  191  202  213  222  231  239  246  253  258  262
  262  259  253  243  232  219  207  195  184  174  165  156  147  138  129  120
  112  104   98   94   91   90   90   90   91   92   94   95   96   98  101  104
  107  109  111  110  111  112  113  107   92                                   
    65.0-180.0 180.0   5.0 450.0                            LAT/LON1/LON2/DLON/H
   88  100  101  105  104  105  104  103  101  101  102  104  106  109  113  117
  124  133  144  157  172  186  200  213  224  233  243  251  260  268  275  280
  282  280  274  265  253  241  229  218  209  200  192  183  173  161  148  134
  120  107   95   86   79   74   71   69   69   69   70   72   74   77   81   86
   91   96  100  101  104  108  110  107   88                                   
    62.5-180.0 180.0   5.0 450.0                            LAT/LON1/LON2/DLON/H
   76   90   92   97   98  101  100  100   99   99  100  102  105  108  111  116
  123  132  144  159  175  191  205  218  229  239  248  257  267  277  286  292
  296  295  289  280  269  257  246  236  228  221  213  205  194  180  163  144
  125  107   90   76   65   57   52   49   48   48   49   50   53   56   61   66
   72   77   83   84   88   91   94   93   76                                   
    60.0-180.0 180.0   5.0 450.0                            LAT/LON1/LON2/DLON/H
   61   72   74   81   84   88   88   89   88   89   90   93   97  100  104  109
  116  126  139  155  172  189  204  216  227  237  247  257  269  281  292  301
  306  306  301  292  281  269  259  250  243  237  230  222  210  194  174  152
  129  106   86   69   56   46   40   36   34   34   35   36   38   41   45   50
   54   59   64   65   68   70   73   75   61                                   
    57.5-180.0 180.0   5.0 450.0                            LAT/LON1/LON2/DLON/H
   45   53   56   64   68   71   73   74   74   75   78   81   85   89   93   99
  106  117  132  148  166  183  198  211  222  232  243  255  269  283  297  308
  315  316  312  304  293  282  272  264  258  253  247  238  225  208  186  162
  137  113   91   73   58   47   40   36   35   34   35   36   37   38   41   44
   46   49   53   52   55   52   54   58   45                                   
    55.0-180.0 180.0   5.0 450.0                            LAT/LON1/LON2/DLON/H
   37   40   42   50   54   57   59   59   60   61   64   68   72   76   81   87
   96  108  124  141  159  176  192  205  217  228  241  255  271  287  303  316
  324  327  324  316  306  295  286  279  273  269  263  254  240  222  200  175
  150  126  104   86   72   61   54   50   48   48   48   49   49   49   49   50
   50   51   53   51   52   46   45   48   37                                   
    52.5-180.0 180.0   5.0 450.0                            LAT/LON1/LON2/DLON/H
   37   37   36   44   47   49   50   50   50   52   54   58   62   65   70   78
   88  102  119  137  156  173  189  203  216  230  244  260  277  294  310  324
  333  336  334  328  319  311  303  296  291  286  280  270  256  238  216  192
  168  146  127  110   96   85   78   74   73   73   73   73   72   71   69   67
   65   64   65   62   61   52   48   48   37                                   
    50.0-180.0 180.0   5.0 450.0                            LAT/LON1/LON2/DLON/H
   49   44   42   47   49   50   50   48   48   49   51   54   56   59   65   73
   86  102  121  140  159  176  192  208  223  238  254  271  288  304  319  331
  340  344  343  339  333  326  321  315  311  305  298  287  272  254  233  211
  190  171  153  138  124  113  106  101   99  100  100  101  100   98   95   91
   87   85   85   82   80   72   65   60   49                                   
    47.5-180.0 180.0   5.0 450.0                            LAT/LON1/LON2/DLON/H
   69   62   57   60   60   60   59   55   55   55   56   57   58   60   66   76
   91  110  130  150  169  186  202  219  236  253  270  286  301  314  326  335
  342  346  347  346  343  341  338  334  329  323  314  302  287  268  249  229
  210  193  178  163  149  137  127  121  119  119  120  121  120  119  116  112
  108  106  105  104  104   98   91   82   69                                   
    45.0-180.0 180.0   5.0 450.0                            LAT/LON1/LON2/DLON/H
   91   85   79   79   77   76   73   69   68   68   69   69   68   69   74   86
  104  125  146  166  183  200  216  233  252  270  287  301  313  321  328  333
  338  342  345  348  350  352  352  351  346  338  328  314  297  279  260  242
  225  209  194  178  162  147  135  127  122  122  123  124  125  125  124  122
  119  118  119  120  124  123  118  109   91                                   
    42.5-180.0 180.0   5.0 450.0                            LAT/LON1/LON2/DLON/H
  109  106  100   99   96   93   89   85   84   85   86   85   83   83   89  102
  122  144  166  184  200  215  231  248  266  284  300  312  319  322  324  326
  330  334  341  348  355  362  366  366  361  352  339  323  305  286  267  249
  232  216  199  182  163  145  129  118  111  109  109  111  113  115  116  116
  116  117  119  124  132  137  136  128  109                                   
    40.0-180.0 180.0   5.0 450.0                            LAT/LON1/LON2/DLON/H
  117  118  113  113  111  107  103   99   99  101  103  102  100  100  107  122
  143  165  186  202  216  229  243  259  276  293  307  315  319  319  320  322
  326  333  343  353  365  375  382  383  378  367  351  332  312  292  272  253
  235  217  198  178  157  135  117  103   94   90   89   90   92   95   98  101
  102  104  108  113  123  134  137  132  117                                   
    37.5-180.0 180.0   5.0 450.0                            LAT/LON1/LON2/DLON/H
  114  119  116  118  118  113  110  108  109  112  115  116  115  117  125  141
  163  185  204  218  229  239  251  265  280  295  307  314  318  320  323  329
  338  349  361  375  388  400  407  408  401  387  368  347  324  302  280  259
  240  220  200  178  155  132  112   96   85   79   76   75   76   79   82   86
   88   90   93   96  105  116  123  120  114                                   
    35.0-180.0 180.0   5.0 450.0                            LAT/LON1/LON2/DLON/H
  103  109  110  114  115  111  110  109  111  116  121  124  125  129  140  158
  180  201  218  230  239  248  257  268  281  293  305  314  322  331  343  357
  373  389  404  418  431  441  446  444  434  417  395  371  346  321  298  276
  255  235  214  193  170  148  128  112   99   90   84   80   79   79   82   85
   85   85   85   83   88   94  103  102  103                                   
    32.5-180.0 180.0   5.0 450.0                            LAT/LON1/LON2/DLON/H
   92   97   98  104  107  103  104  104  107  113  119  125  129  137  150  170
  193  213  228  239  248  256  264  273  283  294  308  322  339  359  383  409
  435  458  476  489  498  503  503  495  481  459  434  407  380  354  329  307
  286  267  249  230  212  193  175  159  144  133  123  116  110  107  107  107
  105  101   96   86   84   83   89   86   92                                   
    30.0-180.0 180.0   5.0 450.0                            LAT/LON1/LON2/DLON/H
   85   89   88   95   98   94   96   96   99  105  112  119  127  138  156  178
  201  221  236  248  258  267  274  282  290  303  320  343  371  406  446  487
  526  556  577  586  588  583  574  559  539  513  484  455  427  402  378  356
  338  322  308  295  282  269  255  240  225  210  197  185  175  167  161  157
  151  143  132  114  101   89   88   77   85                                   
    27.5-180.0 180.0   5.0 450.0                            LAT/LON1/LON2/DLON/H
   89   89   84   90   93   89   91   90   91   95  102  110  121  136  157  182
  206  226  243  257  270  281  290  297  306  321  345  378  420  471  528  587
  639  677  697  699  689  672  652  629  604  575  545  515  488  464  442  424
  409  398  391  385  380  374  365  351  335  317  299  283  267  253  242  233
  221  209  191  166  142  117  104   82   89                                   
    25.0-180.0 180.0   5.0 450.0                            LAT/LON1/LON2/DLON/H
  106  101   89   93   95   90   92   89   88   89   94  102  114  132  156  183
  209  231  250  268  285  300  311  320  331  351  382  426  482  550  623  697
  759  800  815  807  783  754  724  696  668  638  608  580  556  535  518  505
  495  490  488  491  494  495  490  477  458  436  414  393  373  353  337  322
  307  291  266  237  200  164  137  103  106                                   
    22.5-180.0 180.0   5.0 450.0                            LAT/LON1/LON2/DLON/H
  136  124  103  103  103   97   99   94   90   88   90   97  110  130  156  185
  212  237  260  282  303  322  336  348  364  389  429  483  552  631  716  797
  862  900  907  887  853  815  780  750  722  694  667  644  624  609  597  588
  582  580  582  588  596  600  596  582  560  534  508  486  464  443  424  406
  388  372  343  312  266  223  185  139  136                                   
    20.0-180.0 180.0   5.0 450.0                            LAT/LON1/LON2/DLON/H
  173  156  126  119  115  109  109  103   97   93   92   97  110  131  158  189
  218  245  272  298  323  345  362  379  401  434  481  543  618  703  790  869
  927  957  955  928  888  848  814  786  762  738  716  698  684  673  665  659
  653  649  648  651  655  657  650  633  608  580  555  534  515  496  478  458
  440  427  400  372  325  281  240  184  173                                   
    17.5-180.0 180.0   5.0 450.0                            LAT/LON1/LON2/DLON/H
  206  186  152  136  127  120  121  114  107  101   97  101  113  135  164  196
  227  257  287  316  344  369  390  412  440  480  533  598  673  754  832  899
  946  964  954  925  889  854  826  804  785  767  751  738  729  722  716  708
  697  685  673  665  659  653  641  621  594  567  545  530  517  502  486  467
  450  441  421  398  361  319  283  227  206                                   
    15.0-180.0 180.0   5.0 450.0                            LAT/LON1/LON2/DLON/H
  228  206  174  151  137  130  130  124  117  109  104  107  119  141  171  205
  239  272  305  336  366  393  417  444  479  524  580  643  710  777  838  887
  918  926  914  891  864  840  821  806  794  782  771  764  758  754  746  733
  713  687  660  635  615  598  580  557  531  508  492  484  478  468  456  438
  422  416  404  389  365  329  300  252  228                                   
    12.5-180.0 180.0   5.0 450.0                            LAT/LON1/LON2/DLON/H
  235  214  186  160  142  134  136  131  125  117  112  114  126  149  180  215
  252  288  323  357  388  416  443  475  514  563  618  673  726  773  813  843
  859  862  853  840  826  814  806  800  793  786  781  776  773  768  758  737
  706  665  619  577  542  515  491  468  446  429  420  419  419  415  406  390
  377  371  364  355  341  315  293  253  235                                   
    10.0-180.0 180.0   5.0 450.0                            LAT/LON1/LON2/DLON/H
  229  209  187  162  144  135  137  134  129  123  118  120  133  156  188  226
  265  304  342  377  408  437  467  502  546  596  646  691  726  753  773  787
  793  794  793  791  790  790  791  791  790  786  782  780  777  770  755  728
  686  631  570  512  466  432  407  386  370  359  356  360  364  364  358  345
  332  325  318  311  304  285  269  235  229                                   
     7.5-180.0 180.0   5.0 450.0                            LAT/LON1/LON2/DLON/H
  215  199  181  161  145  134  136  134  130  125  121  124  138  163  197  237
  279  320  359  395  428  458  490  529  575  624  667  699  718  728  734  738
