data/edconvlstm_nd/pred1130.15i
     1.0            IONOSPHERE MAPS     GNSS                IONEX VERSION / TYPE
pyspatialgeodesy        IME             05-JAN-18 20:20     PGM / RUN BY / DATE 
Map Name                                                    COMMENT             
Predicted global ionosphere maps (GIM).                     DESCRIPTION         
  2015     4    23     0     0     0                        EPOCH OF FIRST MAP  
  2015     4    24     0     0     0                        EPOCH OF LAST MAP   
  7200                                                      INTERVAL            
    13                                                      # OF MAPS IN FILE   
  NONE                                                      MAPPING FUNCTION    
10.0                                                        ELEVATION CUTOFF    
One-way carrier phase leveled to code                       OBSERVABLES USED    
  6371.0                                                    BASE RADIUS         
 2                                                          MAP DIMENSION       
   450.0 450.0   0.0                                        HGT1 / HGT2 / DHGT  
    87.5 -87.5  -2.5                                        LAT1 / LAT2 / DLAT  
  -180.0 180.0   5.0                                        LON1 / LON2 / DLON  
    -1                                                      EXPONENT            
                                                            END OF HEADER       
[from data line 2574]
     7                                                      START OF TEC MAP    
  2015     4    23    12     0     0                        EPOCH OF CURRENT MAP
    87.5-180.0 180.0   5.0 450.0                            LAT/LON1/LON2/DLON/H
  221  213  207  214  218  221  222  223  226  229  230  232  234  235  236  237
  239  239  240  241  242  243  243  244  244  244  244  244  244  244  243  243
  242  241  240  239  238  236  234  232  230  227  224  222  219  216  214  211
  209  206  204  202  200  198  196  195  193  192  192  191  191  191  191  192
  192  194  194  195  200  205  208  215  221                                   
    85.0-180.0 180.0   5.0 450.0                            LAT/LON1/LON2/DLON/H
  198  197  205  206  208  215  218  221  224  227  229  231  233  234  236  237
  238  240  241  242  243  244  245  245  246  247  247  248  248  248  248  248
  248  247  247  246  244  242  240  238  235  232  228  225  222  218  215  211
  208  205  202  199  196  194  192  190  188  187  186  185  185  185  185  185
  186  188  186  188  190  192  198  208  198                                   
    82.5-180.0 180.0   5.0 450.0                            LAT/LON1/LON2/DLON/H
  171  184  188  189  192  200  203  207  211  214  217  219  221  223  225  227
  229  230  231  233  234  235  236  237  238  240  241  242  244  245  247  248
  249  249  249  249  248  246  244  241  237  234  229  225  220  215  210  205
  200  196  192  188  184  181  178  176  174  172  171  170  169  168  167  167
  167  168  165  169  171  180  185  177  171                                   
    80.0-180.0 180.0   5.0 450.0                            LAT/LON1/LON2/DLON/H
  164  175  179  181  185  190  195  200  204  208  210  213  215  217  219  221
  222  224  225  226  226  227  228  228  229  230  232  234  236  239  241  244
  246  248  250  251  251  250  249  246  243  239  235  230  225  220  215  210
  205  200  196  192  188  185  182  179  177  175  173  172  171  169  168  167
  166  165  162  164  164  165  173  162  164                                   
    77.5-180.0 180.0   5.0 450.0                            LAT/LON1/LON2/DLON/H
  164  168  173  175  178  183  186  190  194  197  199  201  203  205  207  209
  210  212  213  214  214  215  216  216  217  219  221  224  227  231  235  239
  244  248  252  255  257  259  259  258  256  253  249  244  240  235  230  225
  220  216  211  207  204  200  197  195  192  190  188  187  185  182  180  178
  175  172  166  166  167  165  166  161  164                                   
    75.0-180.0 180.0   5.0 450.0                            LAT/LON1/LON2/DLON/H
  163  167  167  170  173  177  180  183  186  187  188  190  191  192  194  196
  198  200  202  203  204  204  205  206  207  208  211  214  218  222  227  233
  239  245  251  257  262  265  267  268  268  266  263  260  256  252  248  244
  240  236  233  229  226  222  219  216  214  212  210  207  205  202  199  196
  191  186  179  174  172  169  168  158  163                                   
    72.5-180.0 180.0   5.0 450.0                            LAT/LON1/LON2/DLON/H
  161  165  164  166  168  171  174  175  176  176  175  176  176  177  179  182
  185  188  191  193  195  197  198  199  200  202  204  207  211  216  221  228
  235  242  250  258  265  270  275  278  279  279  278  275  273  270  268  265
  262  259  256  253  249  245  241  237  234  231  229  226  223  220  216  211
  205  199  190  182  177  171  171  163  161                                   
    70.0-180.0 180.0   5.0 450.0                            LAT/LON1/LON2/DLON/H
  158  161  160  162  163  166  168  168  168  166  164  163  163  163  166  169
  173  178  182  186  189  192  194  195  197  198  201  203  207  211  216  223
  230  238  247  256  265  273  280  285  288  289  289  289  287  286  285  283
  282  279  276  272  267  261  256  250  246  242  239  236  233  229  224  219
  212  204  195  186  178  172  172  165  158                                   
    67.5-180.0 180.0   5.0 450.0                            LAT/LON1/LON2/DLON/H
  150  154  154  157  159  162  164  164  163  160  157  155  154  155  158  162
  167  173  180  185  189  193  195  197  199  201  203  205  207  211  215  220
  227  235  245  255  266  276  285  292  298  301  303  303  303  303  303  303
  301  299  295  289  282  274  266  258  252  246  242  238  234  230  224  219
  211  203  193  183  175  168  167  161  150                                   
    65.0-180.0 180.0   5.0 450.0                            LAT/LON1/LON2/DLON/H
  138  143  142  147  149  153  155  155  155  152  149  147  146  147  150  155
  161  169  176  182  188  192  195  198  200  202  204  205  207  210  213  218
  224  232  242  254  266  279  290  300  307  312  315  317  318  318  319  318
  317  313  308  299  290  279  268  258  249  242  237  232  227  222  215  209
  200  192  183  173  165  158  158  152  138                                   
    62.5-180.0 180.0   5.0 450.0                            LAT/LON1/LON2/DLON/H
  124  128  127  131  135  139  143  144  145  143  141  139  139  140  144  150
  157  164  172  179  185  189  193  195  198  200  202  204  205  208  211  215
  221  230  241  254  268  283  297  309  318  325  329  331  332  333  333  333
  330  325  318  307  294  281  267  255  245  237  231  226  220  214  206  198
  189  179  170  160  152  145  144  139  124                                   
    60.0-180.0 180.0   5.0 450.0                            LAT/LON1/LON2/DLON/H
  112  113  110  114  117  122  126  129  131  131  130  130  131  133  137  143
  150  158  166  172  178  182  185  188  191  193  195  198  200  203  207  212
  219  229  241  256  273  290  307  321  332  340  345  347  348  348  348  347
  343  337  327  314  299  284  269  256  245  238  232  227  221  214  204  194
  182  171  161  151  142  134  133  126  112                                   
    57.5-180.0 180.0   5.0 450.0                            LAT/LON1/LON2/DLON/H
  107  103   98   99  101  105  110  113  116  118  119  121  123  126  130  136
  143  151  158  164  168  172  175  178  181  184  187  191  194  199  204  211
  220  231  245  262  281  300  319  336  349  358  363  366  366  366  365  362
  357  349  338  324  308  292  278  265  256  250  245  241  236  227  216  203
  189  176  164  152  143  132  129  121  107                                   
    55.0-180.0 180.0   5.0 450.0                            LAT/LON1/LON2/DLON/H
  113  102   95   92   91   93   97   99  103  105  108  111  114  118  123  129
  136  144  151  156  160  163  165  168  172  176  180  185  191  197  205  214
  225  238  254  272  292  314  335  353  368  379  384  386  386  385  383  379
  373  364  352  338  323  308  295  284  277  273  271  268  263  254  241  226
  209  193  179  166  155  142  137  127  113                                   
    52.5-180.0 180.0   5.0 450.0                            LAT/LON1/LON2/DLON/H
  129  111  103   95   91   91   93   93   95   97  100  103  107  111  116  123
  130  138  146  152  156  159  161  165  169  174  179  185  192  200  210  222
  235  250  266  285  307  329  352  372  389  400  406  408  407  405  401  396
  389  380  368  355  342  329  318  310  305  303  302  301  297  288  274  257
  238  220  204  190  178  164  157  146  129                                   
    50.0-180.0 180.0   5.0 450.0                            LAT/LON1/LON2/DLON/H
  154  132  121  109  102   99   99   96   96   96   98  101  104  108  113  119
  128  138  147  154  159  162  166  170  175  180  186  193  201  210  222  235
  250  265  282  301  323  346  369  391  409  421  427  429  427  424  420  414
  406  396  385  374  363  353  345  338  334  333  332  332  328  320  306  289
  268  249  232  218  206  193  185  174  154                                   
    47.5-180.0 180.0   5.0 450.0                            LAT/LON1/LON2/DLON/H
  182  160  147  132  122  117  113  108  105  103  103  105  107  109  114  121
  131  142  154  163  169  174  178  184  189  195  202  208  216  227  239  253
  268  283  300  319  340  363  387  410  429  441  447  448  446  442  436  430
  421  412  402  393  384  376  368  362  356  353  352  350  347  339  327  310
  290  272  255  241  230  221  213  203  182                                   
    45.0-180.0 180.0   5.0 450.0                            LAT/LON1/LON2/DLON/H
  205  188  174  160  148  141  135  126  121  117  116  116  116  117  120  127
  138  152  166  177  186  192  198  204  211  217  223  229  237  247  259  273
  288  303  319  337  358  381  406  430  449  461  467  467  463  458  452  444
  436  427  418  410  402  395  386  377  368  361  356  352  347  340  329  314
  296  280  264  252  243  239  234  225  205                                   
    42.5-180.0 180.0   5.0 450.0                            LAT/LON1/LON2/DLON/H
  218  210  198  186  175  166  159  149  141  136  133  132  130  130  132  139
  151  166  182  195  205  213  220  227  235  241  247  252  259  268  279  293
  308  323  340  358  379  403  429  453  472  483  487  486  481  475  468  460
  451  442  433  426  419  410  399  386  372  359  348  341  334  326  316  303
  288  274  260  248  242  242  241  232  218                                   
    40.0-180.0 180.0   5.0 450.0                            LAT/LON1/LON2/DLON/H
  219  221  212  203  197  187  180  170  161  156  152  151  148  147  148  154
  166  182  199  214  225  233  241  249  257  264  269  274  279  288  299  313
  328  345  364  384  407  432  459  483  501  511  513  509  502  495  487  479
  470  461  452  444  437  426  412  395  376  357  342  330  319  310  299  288
  274  262  248  236  230  233  236  225  219                                   
    37.5-180.0 180.0   5.0 450.0                            LAT/LON1/LON2/DLON/H
  211  221  215  210  208  200  195  186  178  173  170  169  167  165  165  170
  182  198  215  230  242  251  259  268  276  283  288  292  298  306  318  334
  352  372  394  418  445  472  500  523  540  547  546  540  531  522  514  506
  497  487  479  471  462  451  435  415  392  371  351  335  321  308  296  283
  270  257  241  227  219  221  225  209  211                                   
    35.0-180.0 180.0   5.0 450.0                            LAT/LON1/LON2/DLON/H
  201  217  213  209  211  203  202  194  188  184  184  184  183  182  181  185
  196  211  228  244  256  265  273  282  290  298  304  309  315  325  339  358
  381  407  435  465  496  526  553  575  589  593  589  579  568  559  551  543
  535  526  517  510  502  492  477  457  434  411  390  370  352  334  318  303
  288  273  254  234  222  217  218  196  201                                   
    32.5-180.0 180.0   5.0 450.0                            LAT/LON1/LON2/DLON/H
  199  215  211  207  209  202  202  195  191  190  191  193  194  193  193  197
  206  220  237  253  266  276  284  293  302  311  319  326  335  348  366  390
  419  453  489  525  560  591  618  637  646  646  638  627  616  607  600  594
  587  580  573  567  562  555  544  527  507  485  463  441  418  395  374  355
  337  319  295  267  247  234  226  195  199                                   
    30.0-180.0 180.0   5.0 450.0                            LAT/LON1/LON2/DLON/H
  210  223  214  208  209  202  202  195  191  190  192  196  198  198  199  202
  211  225  243  260  274  285  295  305  315  326  336  346  359  377  401  431
  468  510  554  596  633  664  687  701  705  702  692  681  671  663  659  656
  653  649  646  644  644  642  636  626  610  591  569  545  517  489  463  439
  417  397  367  330  301  276  255  213  210                                   
    27.5-180.0 180.0   5.0 450.0                            LAT/LON1/LON2/DLON/H
  239  243  228  218  217  208  206  197  191  189  189  193  195  196  197  201
  210  225  244  264  281  294  306  319  331  344  358  373  391  414  443  480
  523  572  622  668  704  731  749  758  759  753  744  735  729  725  724  725
  726  728  730  733  738  742  743  738  727  710  689  663  631  598  568  541
  518  497  463  418  378  342  304  252  239                                   
    25.0-180.0 180.0   5.0 450.0                            LAT/LON1/LON2/DLON/H
  286  280  256  238  233  223  216  204  194  189  186  187  188  189  191  196
  206  223  244  266  287  305  320  335  351  367  384  404  428  457  491  531
  579  632  684  728  761  783  796  801  800  795  790  787  785  786  788  792
  798  804  811  820  829  837  841  839  829  813  791  764  731  696  665  637
  614  597  563  514  467  423  371  310  286                                   
    22.5-180.0 180.0   5.0 450.0                            LAT/LON1/LON2/DLON/H
  346  329  300  272  260  246  234  217  202  192  185  182  180  180  183  189
  200  219  243  269  293  315  334  352  371  391  413  438  468  501  539  582
  631  683  731  770  797  815  825  829  829  828  828  831  836  840  844  850
  858  867  878  888  898  905  907  901  887  867  844  817  787  755  728  702
  682  673  645  596  550  502  445  382  346                                   
    20.0-180.0 180.0   5.0 450.0                            LAT/LON1/LON2/DLON/H
  407  382  354  318  297  278  260  237  216  200  187  179  174  173  175  182
  196  216  242  271  298  323  345  367  390  414  441  472  507  545  585  628
  673  718  759  790  812  827  836  842  846  851  858  868  877  884  889  894
  901  911  922  931  937  938  931  914  889  860  833  808  783  758  738  719
  705  704  690  647  609  564  510  454  407                                   
    17.5-180.0 180.0   5.0 450.0                            LAT/LON1/LON2/DLON/H
  457  426  403  366  338  314  291  262  237  214  196  183  174  170  171  178
  193  215  243  273  301  327  351  376  403  432  464  501  540  580  620  659
  698  736  768  793  811  824  835  845  856  867  881  895  907  915  918  921
  927  935  943  948  947  939  918  884  842  800  766  741  723  707  695  684
  679  687  689  658  636  598  552  507  457                                   
    15.0-180.0 180.0   5.0 450.0                            LAT/LON1/LON2/DLON/H
  484  450  432  398  368  341  317  287  259  233  211  193  180  173  172  179
  194  217  244  273  301  326  351  378  408  442  479  519  560  600  639  675
  708  739  766  786  801  815  830  846  863  879  896  913  925  931  933  933
  936  940  944  944  936  917  882  832  772  714  671  645  631  624  620  617
  619  634  650  635  629  602  566  529  484                                   
    12.5-180.0 180.0   5.0 450.0                            LAT/LON1/LON2/DLON/H
  484  453  438  408  377  349  327  300  274  249  226  207  192  182  179  185
  198  220  246  273  298  321  346  374  407  444  483  525  568  608  646  679
  710  737  759  776  792  809  829  851  872  891  908  922  932  936  935  932
  932  933  934  929  915  888  842  779  704  633  581  553  543  541  543  543
  549  568  591  591  599  585  558  524  484                                   
    10.0-180.0 180.0   5.0 450.0                            LAT/LON1/LON2/DLON/H
  469  446  431  401  371  343  322  299  277  255  236  220  205  195  190  194
  205  225  248  272  294  315  339  367  402  440  482  525  568  609  647  680
  710  735  755  771  789  810  835  862  886  905  918  928  933  932  928  924
  922  921  918  911  894  863  812  741  658  580  523  494  486  487  489  488
  492  508  532  541  559  555  536  501  469                                   
     7.5-180.0 180.0   5.0 450.0                            LAT/LON1/LON2/DLON/H
  451  436  418  386  356  330  310  290  272  255  240  228  217  207  202  203
  213  230  251  272  292  311  333  362  397  438  481  525  569  610  648  681
