data/edconvlstm_nd/pred3290.15i
     1.0            IONOSPHERE MAPS     GNSS                IONEX VERSION / TYPE
pyspatialgeodesy        IME             05-JAN-18 20:20     PGM / RUN BY / DATE 
Map Name                                                    COMMENT             
Predicted global ionosphere maps (GIM).                     DESCRIPTION         
  2015    11    25     0     0     0                        EPOCH OF FIRST MAP  
  2015    11    26     0     0     0                        EPOCH OF LAST MAP   
  7200                                                      INTERVAL            
    13                                                      # OF MAPS IN FILE   
  NONE                                                      MAPPING FUNCTION    
10.0                                                        ELEVATION CUTOFF    
One-way carrier phase leveled to code                       OBSERVABLES USED    
  6371.0                                                    BASE RADIUS         
 2                                                          MAP DIMENSION       
   450.0 450.0   0.0                                        HGT1 / HGT2 / DHGT  
    87.5 -87.5  -2.5                                        LAT1 / LAT2 / DLAT  
  -180.0 180.0   5.0                                        LON1 / LON2 / DLON  
    -1                                                      EXPONENT            
                                                            END OF HEADER       
[from data line 3003]
     8                                                      START OF TEC MAP    
  2015    11    25    14     0     0                        EPOCH OF CURRENT MAP
    87.5-180.0 180.0   5.0 450.0                            LAT/LON1/LON2/DLON/H
   46   57   60   63   66   66   66   62   63   65   64   65   65   65   65   65
   65   64   64   64   64   63   63   62   62   62   61   61   61   60   60   60
   59   59   59   58   58   57   57   56   56   56   55   55   55   55   55   55
   56   56   56   56   57   57   57   57   57   57   57   57   57   57   57   57
   58   58   55   52   55   57   71   74   46                                   
    85.0-180.0 180.0   5.0 450.0                            LAT/LON1/LON2/DLON/H
   50   66   81   64   66   69   69   70   70   72   71   72   71   71   71   71
   70   70   70   70   70   70   70   70   69   69   69   69   69   69   68   68
   68   67   67   66   66   65   65   64   64   63   63   63   63   62   62   62
   62   63   63   63   63   63   64   64   64   64   64   64   64   64   64   64
   65   64   60   56   60   63   73   65   50                                   
    82.5-180.0 180.0   5.0 450.0                            LAT/LON1/LON2/DLON/H
   41   54   67   56   60   61   63   64   65   65   65   65   64   64   63   62
   62   61   61   61   60   60   61   61   61   61   62   62   62   62   62   62
   62   61   61   60   60   59   58   57   56   56   55   54   54   53   53   53
   53   53   53   54   54   54   54   54   54   54   54   54   54   54   54   54
   55   54   51   48   55   63   63   58   41                                   
    80.0-180.0 180.0   5.0 450.0                            LAT/LON1/LON2/DLON/H
   31   41   56   48   52   52   54   55   57   57   57   57   56   55   54   53
   52   52   52   52   52   52   53   54   55   56   57   57   58   58   59   59
   59   59   59   58   57   56   55   54   52   51   49   48   47   46   46   45
   46   46   46   47   47   47   47   47   47   47   46   46   45   45   44   44
   44   44   43   43   45   52   51   52   31                                   
    77.5-180.0 180.0   5.0 450.0                            LAT/LON1/LON2/DLON/H
   36   39   42   36   39   39   42   43   45   46   45   46   45   44   43   42
   42   42   42   43   44   46   48   51   53   55   56   58   59   59   60   60
   60   60   60   59   59   57   55   53   50   47   44   41   39   38   37   36
   36   37   38   39   39   40   40   40   40   39   38   36   35   34   32   31
   31   30   30   30   31   32   36   39   36                                   
    75.0-180.0 180.0   5.0 450.0                            LAT/LON1/LON2/DLON/H
   18   26   28   27   30   31   32   34   36   37   37   37   37   36   35   35
   34   35   37   39   42   45   49   53   57   60   63   64   65   66   66   66
   66   66   66   66   65   64   61   58   54   50   46   42   39   36   34   34
   34   34   35   36   37   38   38   37   36   35   33   31   29   28   26   25
   23   23   23   23   26   23   24   22   18                                   
    72.5-180.0 180.0   5.0 450.0                            LAT/LON1/LON2/DLON/H
   20   25   25   25   26   27   30   30   31   32   32   32   31   30   30   29
   29   31   33   37   43   49   55   61   67   71   74   75   75   75   74   74
   74   74   74   74   74   72   70   66   61   55   49   44   39   35   33   31
   31   32   33   34   35   35   35   35   33   32   30   28   25   24   22   21
   20   19   20   20   22   21   22   23   20                                   
    70.0-180.0 180.0   5.0 450.0                            LAT/LON1/LON2/DLON/H
   18   25   27   27   27   27   28   29   31   32   32   32   31   30   29   29
   30   32   36   43   50   59   69   77   84   89   92   93   92   90   88   87
   86   86   87   87   87   85   82   78   72   65   58   51   45   40   37   35
   35   35   36   36   37   37   36   35   33   31   29   28   26   25   24   23
   22   22   24   23   27   25   28   29   18                                   
    67.5-180.0 180.0   5.0 450.0                            LAT/LON1/LON2/DLON/H
   23   29   29   30   30   29   31   32   33   34   33   33   32   31   30   30
   31   34   40   48   58   70   82   93  101  106  109  108  106  103  100   97
   96   95   96   96   96   95   92   87   81   73   65   57   50   45   41   39
   37   37   37   37   37   36   35   34   32   30   29   28   27   27   27   27
   27   27   29   28   30   29   31   30   23                                   
    65.0-180.0 180.0   5.0 450.0                            LAT/LON1/LON2/DLON/H
   26   32   32   33   32   32   32   33   34   35   35   35   33   32   31   31
   32   37   44   54   66   80   94  106  115  121  123  122  119  114  110  107
  105  104  104  104  104  102   99   94   88   80   71   63   55   49   45   42
   40   38   37   36   35   33   32   30   28   27   27   27   27   28   29   30
   31   32   35   34   37   38   38   37   26                                   
    62.5-180.0 180.0   5.0 450.0                            LAT/LON1/LON2/DLON/H
   30   35   34   36   35   35   34   35   36   37   36   36   34   33   32   32
   34   39   47   58   72   87  102  114  124  129  131  130  126  122  118  114
  112  110  109  109  108  106  102   97   91   83   74   66   58   51   46   42
   40   37   35   33   31   29   27   25   24   24   24   25   26   28   30   32
   34   35   38   38   40   40   41   40   30                                   
    60.0-180.0 180.0   5.0 450.0                            LAT/LON1/LON2/DLON/H
   32   36   35   37   35   35   34   35   35   36   35   35   33   32   32   32
   35   40   49   60   74   89  104  116  126  131  133  132  129  126  123  120
  117  116  114  112  110  107  103   97   91   83   75   67   59   52   46   41
   37   34   31   28   26   23   21   20   19   19   20   21   23   25   28   31
   33   35   37   38   40   41   41   41   32                                   
    57.5-180.0 180.0   5.0 450.0                            LAT/LON1/LON2/DLON/H
   34   36   36   38   37   37   36   36   36   36   36   35   34   34   34   35
   39   44   53   64   77   92  105  117  126  131  133  134  133  132  130  129
  127  125  122  119  115  111  106  100   94   87   79   71   64   56   49   43
   39   34   31   28   25   22   21   20   20   20   21   23   25   27   30   32
   34   36   38   38   40   40   40   41   34                                   
    55.0-180.0 180.0   5.0 450.0                            LAT/LON1/LON2/DLON/H
   37   39   40   42   42   41   40   39   38   38   37   36   36   36   37   39
   44   51   59   70   82   95  107  117  125  131  134  136  138  139  140  140
  139  136  132  128  123  117  112  106  100   94   87   79   71   63   55   48
   43   38   34   31   28   26   24   24   24   25   26   27   29   31   33   36
   37   38   40   40   41   41   40   42   37                                   
    52.5-180.0 180.0   5.0 450.0                            LAT/LON1/LON2/DLON/H
   43   45   47   50   49   49   47   45   43   41   39   39   38   39   42   46
   52   60   69   80   90  101  112  121  128  134  138  141  145  149  151  152
  151  149  144  139  133  127  122  116  111  105   99   92   83   74   66   58
   51   46   42   39   37   34   33   33   34   35   36   37   38   40   41   43
   43   44   45   45   46   44   43   45   43                                   
    50.0-180.0 180.0   5.0 450.0                            LAT/LON1/LON2/DLON/H
   53   55   57   61   60   61   57   54   51   48   45   44   43   45   49   55
   63   73   82   92  102  112  121  129  135  141  145  150  155  159  162  164
  163  160  155  150  145  139  134  129  125  120  114  107   98   89   79   71
   64   59   55   51   49   47   46   46   47   48   49   50   51   51   52   53
   53   53   54   53   54   52   51   52   53                                   
    47.5-180.0 180.0   5.0 450.0                            LAT/LON1/LON2/DLON/H
   64   67   69   74   74   75   70   66   61   57   53   51   50   53   58   66
   76   87   97  107  117  126  133  140  146  151  156  161  165  169  171  171
  169  167  163  160  156  152  148  144  140  135  130  123  114  104   94   85
   78   72   68   64   61   59   58   59   60   61   62   63   63   64   64   64
   64   64   65   64   65   64   63   62   64                                   
    45.0-180.0 180.0   5.0 450.0                            LAT/LON1/LON2/DLON/H
   75   79   81   87   86   88   82   78   72   68   63   60   59   62   68   77
   89  101  112  123  132  140  148  154  159  164  168  171  173  174  174  172
  169  168  166  166  166  164  162  159  154  150  144  137  129  118  108   98
   90   84   79   75   71   68   66   66   67   69   71   72   73   73   73   74
   73   74   75   75   76   76   76   73   75                                   
    42.5-180.0 180.0   5.0 450.0                            LAT/LON1/LON2/DLON/H
   81   87   88   95   95   97   92   88   82   78   72   69   68   71   78   88
  101  114  125  136  146  154  161  167  172  176  179  179  178  175  171  167
  165  165  167  171  175  177  176  172  167  162  156  149  140  129  118  108
  100   93   87   81   75   70   67   66   68   70   72   74   76   77   78   79
   79   79   81   81   84   85   86   82   81                                   
    40.0-180.0 180.0   5.0 450.0                            LAT/LON1/LON2/DLON/H
   82   87   88   96   98  100   97   94   89   86   81   78   77   80   87   98
  111  124  136  147  157  165  173  179  183  186  186  184  179  173  166  161
  160  163  171  180  188  192  191  186  180  173  166  158  149  137  126  115
  106   98   91   83   75   67   62   61   62   65   68   70   73   75   77   78
   79   79   81   82   85   88   88   86   82                                   
    37.5-180.0 180.0   5.0 450.0                            LAT/LON1/LON2/DLON/H
   76   81   82   90   93   96   95   95   92   90   86   85   85   88   96  106
  119  132  144  155  165  174  181  187  191  192  191  187  179  171  163  159
  162  170  184  198  208  213  211  204  194  185  176  167  157  145  132  121
  111  103   95   86   75   65   58   55   56   58   61   64   67   70   72   75
   75   76   77   78   81   83   83   82   76                                   
    35.0-180.0 180.0   5.0 450.0                            LAT/LON1/LON2/DLON/H
   66   70   71   78   82   86   88   90   91   90   89   89   90   95  103  114
  126  138  150  161  172  181  188  192  195  196  194  189  181  174  168  169
  177  192  211  228  240  243  238  227  214  202  191  180  168  155  141  130
  120  112  104   94   82   70   62   57   56   58   60   61   64   66   69   72
   72   71   72   72   74   75   73   74   66                                   
    32.5-180.0 180.0   5.0 450.0                            LAT/LON1/LON2/DLON/H
   56   60   60   65   68   72   76   81   85   87   88   91   94  101  109  121
  133  145  157  168  179  187  193  196  197  197  196  193  189  185  186  193
  209  231  255  274  284  283  273  257  241  226  213  200  186  172  157  146
  137  130  123  114  102   90   79   73   70   69   69   69   69   70   72   74
   73   72   71   69   69   67   64   67   56                                   
    30.0-180.0 180.0   5.0 450.0                            LAT/LON1/LON2/DLON/H
   50   54   53   55   57   59   64   69   75   80   84   89   96  105  115  127
  140  152  165  176  186  193  197  199  199  200  201  202  203  207  216  233
  257  286  312  331  337  331  316  295  276  258  243  229  214  198  183  172
  164  160  156  149  139  127  115  107  101   97   93   89   86   85   85   85
   83   80   77   73   71   65   60   63   50                                   
    27.5-180.0 180.0   5.0 450.0                            LAT/LON1/LON2/DLON/H
   50   54   52   51   51   51   55   59   65   71   77   85   95  107  120  133
  147  160  173  185  194  200  202  202  202  204  208  215  224  237  256  283
  316  350  379  395  396  383  362  338  316  298  283  267  251  235  220  209
  204  203  202  199  192  181  169  158  150  142  134  125  118  112  110  107
  103   99   94   86   81   72   65   65   50                                   
    25.0-180.0 180.0   5.0 450.0                            LAT/LON1/LON2/DLON/H
   59   63   57   53   51   49   51   53   58   63   70   79   92  107  122  138
  153  168  182  193  202  207  208  207  207  210  219  233  251  274  303  340
  380  419  446  458  451  432  406  380  359  342  327  312  296  280  265  256
  253  254  257  258  254  245  232  220  208  196  184  171  159  150  144  139
  133  128  120  109  102   89   78   73   59                                   
    22.5-180.0 180.0   5.0 450.0                            LAT/LON1/LON2/DLON/H
   75   78   68   62   56   53   52   52   55   59   64   75   89  105  123  141
  158  174  188  200  208  213  214  213  213  220  233  254  281  313  352  396
  441  479  503  507  494  469  441  416  397  384  372  358  343  328  315  307
  305  308  314  317  315  307  294  279  264  250  234  218  203  190  181  175
  167  161  150  139  129  112   98   88   75                                   
    20.0-180.0 180.0   5.0 450.0                            LAT/LON1/LON2/DLON/H
   96   97   83   73   65   59   57   55   56   58   63   72   87  105  124  143
  161  178  192  204  213  218  219  219  222  231  250  277  311  351  396  442
  486  519  536  534  515  489  462  441  428  419  411  401  388  374  363  356
  354  357  361  364  362  352  338  321  304  288  272  255  238  224  213  205
  197  192  179  169  157  138  121  107   96                                   
    17.5-180.0 180.0   5.0 450.0                            LAT/LON1/LON2/DLON/H
  116  115   97   85   74   66   63   59   59   60   64   74   89  107  127  147
  165  182  196  208  217  222  225  227  233  246  270  302  341  383  428  471
  508  534  543  535  515  491  469  454  447  445  441  434  424  413  403  396
  392  391  391  390  384  371  354  336  319  304  290  274  259  244  233  224
  217  212  200  193  180  160  143  127  116                                   
    15.0-180.0 180.0   5.0 450.0                            LAT/LON1/LON2/DLON/H
  130  128  108   95   80   70   67   62   62   63   68   78   93  113  133  154
  172  189  202  213  221  227  232  237  247  265  292  327  366  407  446  480
  508  524  528  518  500  481  466  459  459  462  462  457  449  440  431  423
  414  407  400  391  379  362  343  324  309  298  288  276  263  250  239  230
  223  220  209  204  192  174  158  142  130                                   
    12.5-180.0 180.0   5.0 450.0                            LAT/LON1/LON2/DLON/H
  135  132  113   99   84   73   69   64   63   66   71   83  100  121  143  164
  184  199  212  221  229  236  242  251  265  287  317  351  387  421  450  475
  492  501  502  493  481  469  463  463  468  474  476  472  465  456  447  435
  421  406  390  373  354  333  312  294  283  277  272  266  256  245  234  226
  219  216  208  203  194  178  164  149  135                                   
    10.0-180.0 180.0   5.0 450.0                            LAT/LON1/LON2/DLON/H
  132  128  112  100   85   73   69   64   64   67   74   88  108  131  155  179
  199  215  227  235  242  249  258  271  289  313  342  373  402  427  447  462
  472  477  476  472  467  464  466  472  480  486  487  482  474  464  453  437
  417  393  369  344  320  296  275  260  253  252  253  252  246  236  226  218
  210  207  200  195  187  174  161  148  132                                   
     7.5-180.0 180.0   5.0 450.0                            LAT/LON1/LON2/DLON/H
  125  121  108   97   84   72   69   65   65   68   77   93  115  141  169  195
  217  234  246  253  260  269  280  296  316  340  366  392  414  431  442  450
