data/edconvlstm_nd/pred0270.15i
     1.0            IONOSPHERE MAPS     GNSS                IONEX VERSION / TYPE
pyspatialgeodesy        IME             05-JAN-18 20:20     PGM / RUN BY / DATE 
Map Name                                                    COMMENT             
Predicted global ionosphere maps (GIM).                     DESCRIPTION         
  2015     1    27     0     0     0                        EPOCH OF FIRST MAP  
  2015     1    28     0     0     0                        EPOCH OF LAST MAP   
  7200                                                      INTERVAL            
    13                                                      # OF MAPS IN FILE   
  NONE                                                      MAPPING FUNCTION    
10.0                                                        ELEVATION CUTOFF    
One-way carrier phase leveled to code                       OBSERVABLES USED    
  6371.0                                                    BASE RADIUS         
 2                                                          MAP DIMENSION       
   450.0 450.0   0.0                                        HGT1 / HGT2 / DHGT  
    87.5 -87.5  -2.5                                        LAT1 / LAT2 / DLAT  
  -180.0 180.0   5.0                                        LON1 / LON2 / DLON  
    -1                                                      EXPONENT            
                                                            END OF HEADER       
[from data line 2145]
     6                                                      START OF TEC MAP    
  2015     1    27    10     0     0                        EPOCH OF CURRENT MAP
    87.5-180.0 180.0   5.0 450.0                            LAT/LON1/LON2/DLON/H
   70   86   89   94   96   98   99   96   97  100  100  101  101  102  102  101
  101  101  100  100   99   99   98   98   98   97   97   97   97   97   98   98
   98   98   98   97   97   96   95   94   93   91   89   87   85   83   81   78
   76   74   72   70   68   67   66   65   65   65   65   65   66   67   68   69
   72   74   73   73   79   84   97   95   70                                   
    85.0-180.0 180.0   5.0 450.0                            LAT/LON1/LON2/DLON/H
   78  101  112  102  104  109  110  112  112  115  115  116  115  115  115  114
  113  112  111  110  109  109  108  108  108  108  108  108  109  109  110  111
  111  112  112  113  113  112  112  111  109  107  105  103  100   97   93   90
   86   83   80   77   75   73   72   71   70   70   70   71   72   74   75   78
   81   83   81   80   83   90  102  102   78                                   
    82.5-180.0 180.0   5.0 450.0                            LAT/LON1/LON2/DLON/H
   85  101  117  106  108  112  115  116  117  118  118  118  116  114  112  109
  107  104  102  100   98   97   96   95   95   95   96   97   98  100  102  104
  107  109  111  114  115  117  117  117  117  115  113  110  106  101   96   91
   86   81   76   72   68   65   63   62   61   62   63   64   66   69   71   74
   78   81   80   80   86   94   97   95   85                                   
    80.0-180.0 180.0   5.0 450.0                            LAT/LON1/LON2/DLON/H
   90   99  115  107  109  109  112  113  115  115  113  112  109  105  101   97
   93   90   86   84   81   80   79   78   78   79   80   82   85   88   92   96
  101  106  111  116  121  125  128  130  130  130  128  124  120  114  108  100
   93   86   79   73   67   63   60   58   57   57   59   61   63   66   69   73
   77   79   82   82   86   94   99   96   90                                   
    77.5-180.0 180.0   5.0 450.0                            LAT/LON1/LON2/DLON/H
   93   98  108  103  102  106  109  110  111  110  107  104   99   95   89   84
   79   74   70   68   65   64   63   63   64   65   67   69   73   78   83   90
   98  106  115  124  132  139  146  151  154  155  154  151  146  140  132  123
  114  104   95   87   79   73   69   66   65   64   65   67   70   72   75   78
   81   84   85   86   87   87   92   90   93                                   
    75.0-180.0 180.0   5.0 450.0                            LAT/LON1/LON2/DLON/H
   81   90   97   94   94   99  101  101  101  100   95   92   86   80   74   68
   62   58   55   52   51   51   51   51   52   54   56   59   63   68   74   82
   92  102  114  126  138  149  159  167  173  177  178  177  173  167  158  149
  138  127  116  106   97   90   84   80   78   76   77   78   79   81   83   86
   87   88   89   86   88   87   89   83   81                                   
    72.5-180.0 180.0   5.0 450.0                            LAT/LON1/LON2/DLON/H
   75   85   90   89   89   96   98   98   97   94   89   84   78   71   64   58
   53   49   46   44   44   44   45   47   49   51   53   56   59   64   70   78
   88  101  115  129  144  159  172  183  192  198  202  202  200  195  188  178
  167  155  143  132  122  113  106  100   96   93   92   92   92   93   94   95
   96   96   96   92   92   89   89   86   75                                   
    70.0-180.0 180.0   5.0 450.0                            LAT/LON1/LON2/DLON/H
   72   81   87   86   86   92   94   94   93   90   85   80   73   66   59   53
   49   45   43   43   44   46   49   52   55   57   58   60   61   64   69   77
   87   99  114  130  147  164  179  193  204  213  219  222  221  218  212  204
  193  182  169  157  145  135  126  118  112  107  104  101  100   99   98   99
   98   98   98   93   92   90   93   90   72                                   
    67.5-180.0 180.0   5.0 450.0                            LAT/LON1/LON2/DLON/H
   66   76   82   84   84   92   94   95   93   89   84   80   73   67   61   56
   52   49   48   48   51   54   59   63   67   69   69   68   68   69   72   78
   88  100  115  132  150  168  185  200  213  223  231  236  238  236  232  224
  215  203  191  178  165  153  142  132  123  116  110  104  100   97   95   94
   94   93   94   89   88   87   88   86   66                                   
    65.0-180.0 180.0   5.0 450.0                            LAT/LON1/LON2/DLON/H
   62   73   78   81   83   91   94   95   94   91   87   83   77   72   67   63
   60   58   57   59   62   67   73   79   82   83   82   79   76   75   77   82
   91  104  119  137  155  173  190  205  219  231  241  247  250  250  247  241
  232  221  208  194  180  166  153  141  129  119  110  101   94   89   85   83
   83   82   84   81   82   83   85   84   62                                   
    62.5-180.0 180.0   5.0 450.0                            LAT/LON1/LON2/DLON/H
   57   67   73   76   79   88   91   93   92   90   86   84   80   77   74   71
   69   67   67   68   72   78   84   90   93   92   89   84   80   78   80   86
   96  109  125  143  160  178  194  210  224  236  246  253  257  258  256  250
  241  230  217  202  187  171  156  142  129  117  105   94   84   76   70   68
   66   67   70   68   71   72   76   77   57                                   
    60.0-180.0 180.0   5.0 450.0                            LAT/LON1/LON2/DLON/H
   53   60   65   68   71   80   83   85   84   83   81   81   79   79   78   76
   74   73   72   74   77   82   87   92   94   92   88   83   78   77   80   88
  100  116  133  150  168  184  200  214  228  239  249  256  261  262  259  254
  245  234  220  204  188  171  155  141  126  113   99   87   75   65   57   52
   50   50   54   54   59   59   64   66   53                                   
    57.5-180.0 180.0   5.0 450.0                            LAT/LON1/LON2/DLON/H
   49   54   58   61   63   70   73   75   75   74   74   75   76   77   78   78
   77   75   74   74   76   79   84   87   88   86   81   76   73   74   81   92
  108  126  145  163  180  196  210  223  235  246  255  262  266  266  264  258
  249  237  223  207  190  174  158  143  129  116  103   89   76   64   53   47
   43   41   45   46   52   51   55   58   49                                   
    55.0-180.0 180.0   5.0 450.0                            LAT/LON1/LON2/DLON/H
   48   50   53   54   56   61   64   65   65   65   65   67   69   72   74   75
   75   73   70   69   70   72   75   77   78   75   71   68   67   71   81   97
  117  139  160  179  196  210  223  234  245  254  262  268  271  272  269  263
  254  242  227  211  195  178  164  150  138  127  114  102   88   74   61   52
   44   41   44   45   50   47   51   54   48                                   
    52.5-180.0 180.0   5.0 450.0                            LAT/LON1/LON2/DLON/H
   51   50   51   52   52   56   57   58   58   58   58   60   62   65   68   70
   69   68   65   63   62   63   66   67   67   66   63   61   63   70   84  104
  128  153  176  196  213  226  237  247  256  264  271  276  279  278  275  269
  259  247  233  218  201  186  173  162  152  143  134  122  109   94   79   67
   56   50   51   50   55   51   53   56   51                                   
    50.0-180.0 180.0   5.0 450.0                            LAT/LON1/LON2/DLON/H
   57   55   55   54   53   55   56   55   55   55   55   57   58   60   62   64
   64   62   60   57   56   57   59   61   62   61   59   59   63   73   90  113
  139  167  191  212  228  240  250  259  267  275  281  286  287  286  282  276
  266  254  241  226  210  196  184  174  167  162  155  146  134  119  102   87
   73   64   62   60   64   60   62   64   57                                   
    47.5-180.0 180.0   5.0 450.0                            LAT/LON1/LON2/DLON/H
   66   64   63   62   59   61   61   59   58   58   58   58   58   59   59   60
   60   59   57   56   55   57   59   62   63   63   62   63   69   80   98  122
  150  178  203  223  239  251  261  269  277  285  291  295  296  294  290  282
  273  262  248  234  219  204  193  184  179  176  171  164  154  139  122  105
   89   78   74   70   74   72   74   75   66                                   
    45.0-180.0 180.0   5.0 450.0                            LAT/LON1/LON2/DLON/H
   75   75   74   74   71   72   71   69   68   68   67   66   64   62   61   61
   60   60   59   59   60   63   66   70   72   72   72   74   79   91  108  131
  157  184  209  229  246  258  268  278  286  294  300  304  304  302  296  288
  279  268  255  241  226  211  199  190  185  182  179  173  163  149  132  114
   98   87   81   78   81   83   86   87   75                                   
    42.5-180.0 180.0   5.0 450.0                            LAT/LON1/LON2/DLON/H
   81   85   86   87   85   87   85   84   83   83   81   79   75   71   68   66
   66   66   67   68   70   74   78   82   85   86   86   88   93  102  118  138
  162  188  211  232  249  263  274  284  294  302  308  311  311  308  301  293
  283  273  261  248  232  217  202  191  184  180  177  171  161  147  130  114
   99   88   83   80   85   89   93   95   81                                   
    40.0-180.0 180.0   5.0 450.0                            LAT/LON1/LON2/DLON/H
   83   90   93   98   98  100   99   98   98   99   98   96   90   84   79   76
   75   76   78   80   83   87   92   96   99  100  101  102  106  115  128  145
  167  190  213  234  252  267  280  292  302  311  317  320  319  315  307  298
  289  279  268  256  240  223  206  192  183  176  170  163  152  137  122  107
   95   85   81   79   83   88   93   96   83                                   
    37.5-180.0 180.0   5.0 450.0                            LAT/LON1/LON2/DLON/H
   81   90   95  102  105  107  108  109  110  112  112  111  106   99   93   89
   88   88   90   92   95   99  103  107  109  111  112  114  118  126  138  154
  173  195  218  239  258  275  289  302  313  322  328  331  330  325  317  307
  298  290  280  269  254  236  217  200  187  178  170  159  146  131  115  103
   93   85   83   79   82   84   90   92   81                                   
    35.0-180.0 180.0   5.0 450.0                            LAT/LON1/LON2/DLON/H
   77   86   91   99  103  107  109  112  115  118  121  121  118  112  106  102
  100  101  102  103  105  107  110  112  114  116  119  122  129  138  150  165
  184  206  228  250  270  288  303  317  329  338  345  348  346  341  333  324
  316  309  302  293  279  261  241  222  207  196  185  172  156  139  123  112
  104   98   96   89   87   83   89   89   77                                   
    32.5-180.0 180.0   5.0 450.0                            LAT/LON1/LON2/DLON/H
   76   81   85   91   96  100  104  108  112  117  122  126  125  122  117  113
  112  111  111  111  111  111  111  112  113  116  121  128  138  149  164  181
  200  223  246  268  289  308  324  338  351  361  368  371  370  366  359  352
  345  341  337  330  319  303  283  264  247  235  222  208  190  170  153  143
  136  131  130  117  109   94   97   93   76                                   
    30.0-180.0 180.0   5.0 450.0                            LAT/LON1/LON2/DLON/H
   80   81   81   83   87   91   95   98  104  110  118  124  127  126  124  121
  119  118  117  115  112  110  109  108  109  113  120  131  145  162  179  199
  221  246  270  293  314  333  350  365  378  389  397  401  402  400  395  390
  386  385  384  381  373  359  341  322  307  294  282  267  248  226  208  198
  191  186  184  164  148  122  120  109   80                                   
    27.5-180.0 180.0   5.0 450.0                            LAT/LON1/LON2/DLON/H
   94   89   83   81   82   85   87   90   95  101  109  118  123  125  125  124
  123  121  118  115  111  107  103  102  103  108  119  134  153  175  197  221
  247  273  299  323  344  363  380  395  409  421  430  437  440  440  439  437
  437  439  441  441  437  426  410  394  380  369  359  344  324  302  282  269
  261  255  250  224  201  165  155  137   94                                   
    25.0-180.0 180.0   5.0 450.0                            LAT/LON1/LON2/DLON/H
  118  108   96   87   85   86   86   86   89   94  102  110  117  121  122  122
  121  119  116  112  107  102   99   97   99  105  118  137  162  189  217  245
  274  302  329  353  374  392  409  426  441  454  465  474  480  484  487  489
  493  497  503  506  504  497  484  471  460  452  443  429  409  385  363  347
  335  326  316  287  259  217  199  175  118                                   
    22.5-180.0 180.0   5.0 450.0                            LAT/LON1/LON2/DLON/H
  152  139  120  105   99   96   94   91   91   94   99  106  111  115  117  117
  117  115  112  108  103   99   96   95   97  105  120  143  172  204  236  268
  298  327  354  378  399  417  435  452  469  484  498  509  519  527  534  541
  548  555  562  567  567  562  552  542  534  528  520  508  487  461  434  413
  397  385  369  341  311  269  244  220  152                                   
    20.0-180.0 180.0   5.0 450.0                            LAT/LON1/LON2/DLON/H
  192  178  155  133  122  115  111  105  102  102  104  106  109  111  112  111
  110  109  107  104  101   98   96   96   99  108  125  151  183  218  253  285
  316  346  373  396  416  435  453  472  491  509  525  539  552  564  575  585
  594  603  609  613  613  608  600  592  586  581  575  562  541  511  480  453
  431  415  395  373  345  309  283  261  192                                   
    17.5-180.0 180.0   5.0 450.0                            LAT/LON1/LON2/DLON/H
  229  218  193  167  151  141  134  126  120  117  114  113  112  110  109  107
  105  104  102  101  100   98   98   99  103  114  132  159  192  228  263  295
  327  356  383  407  427  445  464  484  505  525  544  560  575  589  602  614
  624  631  635  636  633  627  619  611  606  602  596  583  560  528  492  458
  430  411  389  375  352  329  309  292  229                                   
    15.0-180.0 180.0   5.0 450.0                            LAT/LON1/LON2/DLON/H
  255  250  228  200  180  167  159  150  141  135  129  124  118  113  109  105
  102  100   99   99   99   99  100  103  109  121  140  167  198  232  266  299
  330  360  388  411  432  450  469  490  512  535  555  572  587  600  613  624
  632  636  636  632  626  618  610  602  596  592  585  571  546  511  471  432
  398  375  354  346  334  324  314  305  255                                   
    12.5-180.0 180.0   5.0 450.0                            LAT/LON1/LON2/DLON/H
  266  268  253  226  205  190  180  171  161  153  145  136  127  119  112  106
  101   99   98   98   99  101  103  107  115  128  146  171  201  233  266  298
  330  360  388  413  433  451  470  492  515  538  558  575  588  599  610  618
  622  621  616  608  599  591  583  575  569  562  553  537  511  474  431  387
  349  322  302  299  297  299  299  296  266                                   
    10.0-180.0 180.0   5.0 450.0                            LAT/LON1/LON2/DLON/H
  264  271  263  239  222  205  194  185  174  166  157  148  137  127  118  110
  103   99   98   98  100  102  105  111  120  133  151  174  202  233  264  296
  328  359  388  412  433  451  470  490  514  537  556  571  581  589  596  600
  601  596  587  576  567  559  552  546  538  529  517  499  471  432  388  341
  299  270  251  250  254  263  270  271  264                                   
     7.5-180.0 180.0   5.0 450.0                            LAT/LON1/LON2/DLON/H
  255  263  260  239  228  211  199  189  179  172  164  156  146  136  125  115
  107  101   99   99  101  104  108  114  123  136  154  177  204  233  264  296
