data/edconvlstm_nd/pred0320.15i
     1.0            IONOSPHERE MAPS     GNSS                IONEX VERSION / TYPE
pyspatialgeodesy        IME             05-JAN-18 20:20     PGM / RUN BY / DATE 
Map Name                                                    COMMENT             
Predicted global ionosphere maps (GIM).                     DESCRIPTION         
  2015     2     1     0     0     0                        EPOCH OF FIRST MAP  
  2015     2     2     0     0     0                        EPOCH OF LAST MAP   
  7200                                                      INTERVAL            
    13                                                      # OF MAPS IN FILE   
  NONE                                                      MAPPING FUNCTION    
10.0                                                        ELEVATION CUTOFF    
One-way carrier phase leveled to code                       OBSERVABLES USED    
  6371.0                                                    BASE RADIUS         
 2                                                          MAP DIMENSION       
   450.0 450.0   0.0                                        HGT1 / HGT2 / DHGT  
    87.5 -87.5  -2.5                                        LAT1 / LAT2 / DLAT  
  -180.0 180.0   5.0                                        LON1 / LON2 / DLON  
    -1                                                      EXPONENT            
                                                            END OF HEADER       
[from data line 4290]
    11                                                      START OF TEC MAP    
  2015     2     1    20     0     0                        EPOCH OF CURRENT MAP
    87.5-180.0 180.0   5.0 450.0                            LAT/LON1/LON2/DLON/H
  100   95   87   92   98   96   96   95   97  101  102  106  108  112  115  118
  121  124  127  130  132  134  136  137  138  139  140  141  141  141  140  140
  139  138  137  136  135  134  132  131  129  128  126  125  124  122  121  120
  119  118  117  116  115  114  113  112  111  110  108  107  106  104  103  101
  100   98   94   90   96   94  107  110  100                                   
    85.0-180.0 180.0   5.0 450.0                            LAT/LON1/LON2/DLON/H
   97   89   95   81   83   87   87   91   93   98  100  105  109  113  117  122
  126  129  133  136  138  141  143  144  146  147  148  149  149  149  149  149
  148  148  146  145  143  142  140  138  136  134  131  129  127  126  124  123
  121  120  119  118  117  116  115  114  113  112  110  109  107  106  104  102
  100   98   92   86   87   88   89   89   97                                   
    82.5-180.0 180.0   5.0 450.0                            LAT/LON1/LON2/DLON/H
   64   64   64   59   63   66   69   72   75   80   86   92   98  104  111  117
  123  128  132  137  140  143  146  149  151  152  154  155  156  156  157  156
  156  155  153  151  149  146  143  140  137  134  130  127  124  122  119  118
  116  115  113  112  111  111  110  109  107  106  105  103  101   99   96   93
   91   87   81   77   78   86   76   77   64                                   
    80.0-180.0 180.0   5.0 450.0                            LAT/LON1/LON2/DLON/H
   40   43   48   44   46   44   51   56   63   70   77   86   94  103  111  118
  125  130  135  138  141  143  144  145  146  147  148  149  149  150  150  150
  149  148  147  145  142  139  136  132  128  124  120  117  114  111  110  108
  108  107  107  107  107  107  107  107  106  105  104  102  100   98   95   92
   89   85   80   75   68   71   61   70   40                                   
    77.5-180.0 180.0   5.0 450.0                            LAT/LON1/LON2/DLON/H
   48   45   45   40   43   43   50   55   62   69   78   89   99  109  119  127
  134  139  143  145  146  146  146  146  146  146  146  147  147  148  149  150
  150  149  149  147  145  141  138  133  128  124  119  115  112  109  108  107
  108  108  110  111  112  113  114  114  114  113  112  111  109  107  104  101
   97   93   89   84   77   73   67   78   48                                   
    75.0-180.0 180.0   5.0 450.0                            LAT/LON1/LON2/DLON/H
   53   53   51   48   50   52   57   63   71   81   92  104  116  127  137  145
  150  153  154  153  150  147  143  139  137  134  133  133  133  134  135  136
  137  138  138  138  136  134  130  126  122  117  112  109  106  104  104  104
  106  108  111  113  115  117  118  118  118  117  117  116  115  113  112  110
  107  105  102   95   86   79   71   72   53                                   
    72.5-180.0 180.0   5.0 450.0                            LAT/LON1/LON2/DLON/H
   75   73   71   72   70   73   80   85   93  103  115  128  141  153  163  170
  174  174  172  167  161  153  145  138  132  127  124  122  121  121  121  122
  124  125  126  127  126  125  122  119  115  111  107  104  102  101  101  103
  106  110  113  116  118  120  121  121  120  120  119  119  118  118  118  117
  115  114  112  106   97   92   86   90   75                                   
    70.0-180.0 180.0   5.0 450.0                            LAT/LON1/LON2/DLON/H
   93   93   93   95   95   98  103  111  121  133  146  160  173  185  194  200
  202  200  195  186  175  163  151  140  130  122  116  111  108  105  104  104
  105  106  107  108  109  109  108  106  103  100   97   95   95   95   96   99
  103  107  110  113  116  117  117  116  115  114  113  113  113  114  116  117
  116  116  117  114  108  104  102  105   93                                   
    67.5-180.0 180.0   5.0 450.0                            LAT/LON1/LON2/DLON/H
  112  113  116  121  124  129  136  146  155  167  181  195  209  221  230  235
  237  233  226  214  200  185  169  155  141  130  120  111  104   99   94   91
   90   90   91   92   93   94   94   94   93   91   90   90   90   91   93   96
  100  104  107  110  112  112  112  110  109  108  107  107  108  110  112  114
  114  115  116  114  109  109  107  111  112                                   
    65.0-180.0 180.0   5.0 450.0                            LAT/LON1/LON2/DLON/H
  115  120  126  135  141  149  158  170  181  195  209  224  238  250  259  265
  266  263  254  242  226  208  190  173  156  141  128  116  104   94   86   79
   75   73   72   72   74   75   76   76   77   77   77   78   79   80   82   85
   88   91   93   95   96   96   95   94   92   91   90   91   92   94   97   99
  100  102  104  104  102  105  107  115  115                                   
    62.5-180.0 180.0   5.0 450.0                            LAT/LON1/LON2/DLON/H
  113  121  129  142  152  164  177  191  204  220  234  249  263  275  285  292
  294  292  285  273  257  238  218  199  180  163  147  130  115  100   87   76
   68   63   59   58   58   59   60   61   62   64   65   67   68   69   71   72
   74   75   76   78   78   78   77   77   76   75   75   76   78   80   82   84
   84   85   87   87   86   90   94  104  113                                   
    60.0-180.0 180.0   5.0 450.0                            LAT/LON1/LON2/DLON/H
  103  114  126  142  156  171  188  206  222  238  254  268  282  294  304  313
  317  317  311  300  285  266  246  226  207  188  170  152  133  115   98   82
   70   61   55   51   49   48   49   50   51   53   55   57   59   59   60   59
   59   58   58   59   59   60   60   61   61   62   63   64   66   67   69   69
   68   68   68   67   67   73   79   92  103                                   
    57.5-180.0 180.0   5.0 450.0                            LAT/LON1/LON2/DLON/H
   95  108  122  141  159  177  198  219  237  255  271  285  297  309  319  329
  335  337  333  323  308  290  271  252  233  215  197  179  159  138  118   99
   83   70   61   54   50   47   46   46   47   49   52   54   55   54   53   51
   48   46   45   45   46   48   50   52   55   57   59   61   62   62   62   61
   59   57   56   54   53   59   66   80   95                                   
    55.0-180.0 180.0   5.0 450.0                            LAT/LON1/LON2/DLON/H
   95  110  126  146  167  187  211  233  254  272  288  301  312  322  332  341
  348  351  348  339  325  308  290  272  256  240  223  206  187  166  144  123
  104   88   76   67   60   55   52   50   51   52   54   56   56   55   52   48
   44   41   39   39   41   44   48   53   57   61   64   66   67   67   65   62
   58   55   53   50   50   54   60   75   95                                   
    52.5-180.0 180.0   5.0 450.0                            LAT/LON1/LON2/DLON/H
  104  122  140  160  182  203  228  251  272  291  306  316  325  333  341  349
  356  359  356  347  334  318  302  287  273  259  246  231  213  193  171  148
  128  110   96   85   76   69   64   61   60   61   63   64   64   62   58   53
   49   45   43   43   45   50   56   63   69   74   77   79   79   78   75   71
   66   63   60   59   58   61   66   80  104                                   
    50.0-180.0 180.0   5.0 450.0                            LAT/LON1/LON2/DLON/H
  126  144  164  183  205  227  251  273  294  312  325  334  340  345  351  357
  362  363  359  351  338  324  310  297  286  276  265  252  236  216  193  170
  149  130  115  104   94   87   81   76   74   74   75   76   75   73   69   64
   60   56   55   55   58   63   71   79   86   92   95   96   95   93   90   86
   80   78   77   77   76   79   85   96  126                                   
    47.5-180.0 180.0   5.0 450.0                            LAT/LON1/LON2/DLON/H
  154  172  194  211  232  254  276  297  316  333  345  352  356  358  361  365
  367  366  361  352  340  328  317  306  297  288  279  267  250  230  207  183
  161  142  128  118  110  102   96   91   88   86   86   87   87   85   82   78
   75   73   71   72   75   81   89   98  105  110  112  112  110  107  104  101
   97   96   97  100  101  105  111  120  154                                   
    45.0-180.0 180.0   5.0 450.0                            LAT/LON1/LON2/DLON/H
  181  200  222  238  259  279  299  317  336  352  363  369  371  372  373  373
  373  369  363  354  344  334  324  315  307  298  288  274  256  233  207  182
  160  143  131  123  118  113  107  102   98   96   95   95   95   94   92   91
   89   88   88   89   93   98  105  113  119  123  124  123  121  118  116  113
  110  111  115  121  126  131  139  148  181                                   
    42.5-180.0 180.0   5.0 450.0                            LAT/LON1/LON2/DLON/H
  200  220  243  259  280  298  315  332  349  365  376  383  385  385  385  383
  380  374  367  359  350  342  334  325  316  305  291  274  251  224  197  171
  150  136  127  123  120  118  114  110  105  102  100   99   99   98   98   98
   98   99  100  101  104  109  115  121  126  128  128  127  126  124  122  121
  118  121  126  134  143  150  161  172  200                                   
    40.0-180.0 180.0   5.0 450.0                            LAT/LON1/LON2/DLON/H
  207  229  253  271  291  308  324  339  355  372  384  392  396  397  396  393
  389  382  375  368  361  354  346  335  322  307  289  266  240  211  182  158
  139  128  123  122  123  123  120  116  111  106  103  101  100   99   99  100
  101  103  105  106  108  112  117  121  125  126  125  124  124  123  123  122
  120  122  128  137  146  157  170  185  207                                   
    37.5-180.0 180.0   5.0 450.0                            LAT/LON1/LON2/DLON/H
  204  228  253  273  294  310  325  339  355  372  386  397  403  406  406  404
  399  393  386  381  375  368  357  343  326  306  283  257  229  200  174  153
  139  132  130  131  133  133  131  126  119  113  107  104  102  100   99   99
  100  102  104  105  107  110  113  117  118  118  117  117  118  119  120  119
  116  117  121  129  138  151  166  185  204                                   
    35.0-180.0 180.0   5.0 450.0                            LAT/LON1/LON2/DLON/H
  196  223  250  270  292  307  323  336  353  370  386  398  407  411  413  412
  409  404  399  394  389  380  365  347  326  303  279  253  227  202  181  167
  159  156  156  157  157  156  151  144  134  126  119  113  109  106  102  100
  100  101  102  103  105  107  110  112  112  110  109  110  112  115  117  116
  111  109  111  116  124  138  155  175  196                                   
    32.5-180.0 180.0   5.0 450.0                            LAT/LON1/LON2/DLON/H
  191  219  249  268  292  307  324  337  353  370  386  399  408  414  418  418
  416  413  410  405  398  386  368  346  323  301  280  259  239  223  211  207
  207  208  208  206  201  193  183  172  159  148  139  132  126  120  114  109
  106  104  105  106  107  109  111  111  110  107  105  107  110  115  117  116
  109  105  103  105  111  126  145  166  191                                   
    30.0-180.0 180.0   5.0 450.0                            LAT/LON1/LON2/DLON/H
  196  225  256  274  299  314  332  344  360  376  391  403  411  417  420  422
  421  419  416  411  401  385  364  342  322  305  292  280  270  265  266  273
  282  288  286  277  262  245  226  208  192  178  167  160  153  146  137  128
  122  118  117  118  119  121  121  120  116  112  109  110  115  120  123  121
  113  106  101  101  107  123  143  164  196                                   
    27.5-180.0 180.0   5.0 450.0                            LAT/LON1/LON2/DLON/H
  213  242  274  291  318  333  351  363  378  392  404  413  419  422  424  424
  424  421  418  410  397  379  357  338  325  319  316  317  320  329  345  366
  385  392  385  363  333  302  274  249  229  213  203  195  189  180  169  158
  149  144  142  142  143  143  141  137  130  124  120  120  124  129  133  130
  122  115  108  107  114  131  153  173  213                                   
    25.0-180.0 180.0   5.0 450.0                            LAT/LON1/LON2/DLON/H
  241  270  301  319  347  363  382  393  407  419  428  433  434  433  432  430
  427  423  416  406  389  370  351  340  337  343  355  370  388  413  445  478
  501  505  485  446  398  353  316  286  264  248  238  233  228  220  209  196
  185  179  176  176  175  172  167  158  149  140  134  133  136  141  144  142
  134  128  121  122  131  150  174  193  241                                   
    22.5-180.0 180.0   5.0 450.0                            LAT/LON1/LON2/DLON/H
  275  304  334  355  385  402  421  432  446  456  462  463  460  455  449  443
  436  428  418  402  384  365  352  351  362  383  410  439  472  510  551  587
  606  598  561  505  442  387  343  312  290  275  267  264  262  257  247  235
  224  218  215  213  209  202  192  179  166  154  147  145  146  149  152  151
  145  142  137  141  152  176  203  223  275                                   
    20.0-180.0 180.0   5.0 450.0                            LAT/LON1/LON2/DLON/H
  309  339  367  393  427  445  465  477  492  502  507  506  499  490  480  469
  457  444  428  408  388  372  367  378  403  439  480  520  561  602  640  667
  671  647  596  527  456  396  352  322  302  291  285  285  287  285  278  268
  259  253  250  246  238  226  211  194  178  164  155  152  152  154  156  155
  152  153  151  160  174  202  234  256  309                                   
    17.5-180.0 180.0   5.0 450.0                            LAT/LON1/LON2/DLON/H
  334  368  397  429  467  486  509  523  540  552  559  558  551  540  526  510
  493  475  453  430  409  397  401  424  463  511  559  602  639  670  691  699
  686  647  586  511  439  382  343  318  303  295  292  293  297  298  295  288
  282  278  274  269  257  241  221  200  182  168  159  154  153  153  154  154
  153  159  161  174  191  224  262  286  334                                   
    15.0-180.0 180.0   5.0 450.0                            LAT/LON1/LON2/DLON/H
  348  388  419  457  499  521  546  565  586  602  613  616  611  601  587  569
  548  524  499  473  452  445  457  491  540  592  638  671  691  700  699  686
  656  607  540  468  404  356  326  310  300  293  290  291  295  298  298  294
  290  287  284  276  262  241  219  197  179  166  157  152  149  149  149  149
  150  159  165  180  202  239  281  309  348                                   
    12.5-180.0 180.0   5.0 450.0                            LAT/LON1/LON2/DLON/H
  352  398  434  475  522  548  577  599  625  647  664  673  674  668  656  639
  617  592  564  537  518  515  534  573  623  670  702  715  712  697  676  645
  601  544  479  417  367  333  315  305  299  293  288  286  288  290  290  287
  284  281  277  268  252  231  208  187  171  159  151  147  145  143  143  142
  144  155  164  181  206  247  291  320  352                                   
    10.0-180.0 180.0   5.0 450.0                            LAT/LON1/LON2/DLON/H
  350  401  442  486  536  566  600  626  657  686  708  723  731  731  725  712
  692  669  642  617  601  600  621  657  699  731  742  733  709  677  641  596
  542  483  426  378  344  325  317  314  309  302  293  286  283  282  279  275
  270  266  261  251  235  214  193  176  163  153  147  143  141  139  139  138
  139  151  163  180  207  250  293  323  350                                   
     7.5-180.0 180.0   5.0 450.0                            LAT/LON1/LON2/DLON/H
  347  403  448  492  545  579  617  647  683  716  743  763  776  784  784  777
  764  745  723  702  688  687  703  730  757  769  760  733  697  657  611  559
