data/edconvlstm_nd/pred1500.15i
     1.0            IONOSPHERE MAPS     GNSS                IONEX VERSION / TYPE
pyspatialgeodesy        IME             05-JAN-18 20:20     PGM / RUN BY / DATE 
Map Name                                                    COMMENT             
Predicted global ionosphere maps (GIM).                     DESCRIPTION         
  2015     5    30     0     0     0                        EPOCH OF FIRST MAP  
  2015     5    31     0     0     0                        EPOCH OF LAST MAP   
  7200                                                      INTERVAL            
    13                                                      # OF MAPS IN FILE   
  NONE                                                      MAPPING FUNCTION    
10.0                                                        ELEVATION CUTOFF    
One-way carrier phase leveled to code                       OBSERVABLES USED    
  6371.0                                                    BASE RADIUS         
 2                                                          MAP DIMENSION       
   450.0 450.0   0.0                                        HGT1 / HGT2 / DHGT  
    87.5 -87.5  -2.5                                        LAT1 / LAT2 / DLAT  
  -180.0 180.0   5.0                                        LON1 / LON2 / DLON  
    -1                                                      EXPONENT            
                                                            END OF HEADER       
     1                                                      START OF TEC MAP    
  2015     5    30     0     0     0                        EPOCH OF CURRENT MAP
    87.5-180.0 180.0   5.0 450.0                            LAT/LON1/LON2/DLON/H
  153  160  169  161  159  160  158  157  157  157  157  157  157  157  157  156
  155  154  153  151  150  148  146  144  142  140  138  136  135  133  131  130
  129  128  127  126  125  125  125  125  125  126  126  127  128  129  130  131
  132  133  135  136  137  138  139  140  141  142  143  144  144  145  146  147
  148  149  150  150  147  146  152  156  153                                   
    85.0-180.0 180.0   5.0 450.0                            LAT/LON1/LON2/DLON/H
  169  170  159  162  167  168  166  166  167  166  167  167  167  167  166  165
  164  163  161  159  156  154  151  148  145  142  139  137  134  132  130  128
  126  125  124  123  122  122  122  122  122  123  124  124  126  127  128  130
  132  133  135  137  138  140  142  143  145  146  147  149  150  150  152  153
  155  156  158  160  154  159  162  164  169                                   
    82.5-180.0 180.0   5.0 450.0                            LAT/LON1/LON2/DLON/H
  168  166  170  168  171  173  171  172  174  174  175  176  176  176  176  175
  173  171  168  165  162  158  154  150  146  142  138  134  131  128  125  123
  121  119  118  117  117  116  117  117  117  118  119  120  122  123  125  127
  130  132  134  136  138  141  143  145  147  149  151  152  154  155  157  159
  160  161  162  161  161  151  155  155  168                                   
    80.0-180.0 180.0   5.0 450.0                            LAT/LON1/LON2/DLON/H
  169  167  163  162  166  169  173  175  178  179  181  183  184  184  184  183
  181  179  175  171  166  161  156  150  144  139  134  129  125  121  118  116
  114  113  112  112  112  112  112  113  114  115  116  118  120  122  124  127
  130  133  135  138  141  143  146  148  150  152  153  155  156  157  159  161
  161  161  161  159  168  157  163  166  169                                   
    77.5-180.0 180.0   5.0 450.0                            LAT/LON1/LON2/DLON/H
  172  165  159  163  162  164  171  175  179  180  183  186  188  189  189  188
  186  183  179  174  169  162  156  149  142  136  130  125  120  116  114  112
  111  110  110  111  111  112  113  114  115  116  117  119  122  124  127  130
  134  137  140  143  146  149  151  153  154  156  157  158  159  160  161  162
  162  163  161  160  166  163  164  171  172                                   
    75.0-180.0 180.0   5.0 450.0                            LAT/LON1/LON2/DLON/H
  173  160  155  160  158  161  165  170  175  178  181  185  188  189  190  189
  187  183  179  174  167  160  153  145  138  131  124  118  114  111  109  108
  109  110  111  112  114  115  115  116  117  118  119  121  124  127  130  134
  138  141  145  148  150  152  154  155  157  157  158  158  159  159  160  160
  159  160  159  152  157  161  160  168  173                                   
    72.5-180.0 180.0   5.0 450.0                            LAT/LON1/LON2/DLON/H
  161  154  151  153  152  153  158  163  170  173  178  182  185  187  187  186
  184  180  175  170  164  156  149  141  133  125  119  113  109  107  106  107
  109  111  113  115  117  118  118  118  118  118  120  121  124  127  131  135
  139  143  146  149  151  152  153  154  154  155  155  155  155  155  155  156
  155  155  156  151  151  153  157  168  161                                   
    70.0-180.0 180.0   5.0 450.0                            LAT/LON1/LON2/DLON/H
  160  150  148  152  150  151  155  161  168  172  177  182  185  187  187  185
  182  179  174  169  163  156  149  141  133  125  118  113  109  108  108  110
  113  117  120  122  123  123  123  122  121  121  121  123  126  129  134  138
  142  146  149  152  153  154  155  155  155  155  155  155  155  155  156  156
  155  155  157  153  154  156  158  168  160                                   
    67.5-180.0 180.0   5.0 450.0                            LAT/LON1/LON2/DLON/H
  164  154  151  152  150  150  154  159  167  171  177  181  184  185  185  183
  180  176  171  166  161  155  149  142  134  126  120  114  111  111  112  115
  119  122  125  126  126  125  123  121  119  118  118  120  123  127  132  136
  141  145  148  151  152  153  153  153  153  153  153  154  154  154  155  155
  154  155  157  153  156  159  160  171  164                                   
    65.0-180.0 180.0   5.0 450.0                            LAT/LON1/LON2/DLON/H
  170  160  157  156  153  152  155  160  167  171  176  181  184  185  184  181
  178  174  170  166  162  157  152  146  139  132  126  122  119  119  121  124
  127  130  131  131  129  126  122  118  116  114  115  117  120  124  129  134
  139  143  146  149  150  151  152  152  153  154  155  156  156  157  157  157
  156  157  159  156  162  166  168  178  170                                   
    62.5-180.0 180.0   5.0 450.0                            LAT/LON1/LON2/DLON/H
  180  170  167  164  160  157  159  163  169  172  176  180  183  184  183  180
  177  173  170  167  165  162  158  154  148  143  138  134  132  133  134  136
  138  139  138  135  131  125  120  115  112  111  112  114  118  122  127  132
  136  141  144  147  149  151  152  154  155  157  159  161  162  162  162  161
  160  160  163  161  168  174  176  186  180                                   
    60.0-180.0 180.0   5.0 450.0                            LAT/LON1/LON2/DLON/H
  190  182  179  175  169  165  165  166  170  172  175  178  180  181  180  178
  176  173  170  169  168  167  166  163  159  156  152  150  149  149  150  150
  149  147  143  137  130  123  117  112  109  109  110  113  117  121  125  129
  133  137  141  145  148  151  154  157  160  163  166  168  169  168  167  166
  163  163  165  164  173  181  185  194  190                                   
    57.5-180.0 180.0   5.0 450.0                            LAT/LON1/LON2/DLON/H
  199  194  192  186  179  174  173  171  172  171  172  174  175  176  176  175
  174  172  171  171  172  173  173  173  171  169  168  167  166  166  165  162
  158  153  145  137  129  121  115  111  109  109  112  115  118  121  123  126
  130  134  138  143  148  153  158  163  168  172  175  177  177  175  173  170
  166  165  167  167  177  187  192  202  199                                   
    55.0-180.0 180.0   5.0 450.0                            LAT/LON1/LON2/DLON/H
  207  205  205  198  191  186  184  180  177  172  170  169  170  171  171  172
  171  171  172  174  176  178  180  181  182  182  182  182  182  180  177  172
  164  155  146  136  128  120  115  112  111  113  115  118  120  122  123  125
  127  131  137  143  150  158  165  172  178  182  185  185  184  181  177  173
  168  167  169  168  179  190  197  207  207                                   
    52.5-180.0 180.0   5.0 450.0                            LAT/LON1/LON2/DLON/H
  213  215  216  209  203  200  197  191  185  176  169  166  165  165  166  167
  169  171  173  176  180  183  186  188  190  191  193  194  193  190  184  176
  165  154  144  135  127  122  118  117  117  119  121  123  124  124  123  124
  126  130  137  145  154  164  173  181  188  192  194  193  190  186  181  176
  170  168  171  170  181  193  200  212  213                                   
    50.0-180.0 180.0   5.0 450.0                            LAT/LON1/LON2/DLON/H
  218  223  225  219  215  215  213  206  196  183  173  166  163  162  163  165
  168  171  175  180  184  188  192  194  196  198  200  200  199  194  185  174
  162  151  141  134  129  126  124  124  125  127  128  129  128  126  125  125
  127  131  139  148  159  170  181  191  197  201  201  199  195  189  184  179
  174  173  175  174  185  196  204  217  218                                   
    47.5-180.0 180.0   5.0 450.0                            LAT/LON1/LON2/DLON/H
  222  229  231  228  227  229  230  223  212  195  182  171  165  162  162  164
  168  172  178  184  189  194  197  199  200  201  202  202  198  191  181  169
  156  146  139  135  133  133  133  133  134  135  135  134  133  130  128  127
  129  134  142  152  164  176  188  198  205  207  206  203  198  192  188  184
  181  180  183  183  191  201  208  222  222                                   
    45.0-180.0 180.0   5.0 450.0                            LAT/LON1/LON2/DLON/H
  225  234  236  235  238  242  246  240  228  211  195  182  173  168  166  167
  170  176  182  189  195  199  202  203  203  203  202  200  194  185  174  161
  150  142  139  139  140  143  144  144  144  143  142  140  138  135  133  132
  134  139  146  156  168  181  193  203  209  211  210  206  201  196  193  192
  191  193  197  195  202  209  215  229  225                                   
    42.5-180.0 180.0   5.0 450.0                            LAT/LON1/LON2/DLON/H
  230  238  239  240  246  252  258  254  245  228  212  198  187  179  175  174
  176  181  188  196  202  206  208  208  207  205  202  197  189  179  166  155
  146  141  142  145  150  154  156  156  154  152  149  147  144  141  139  139
  140  144  150  158  169  182  194  205  211  213  212  208  205  202  202  204
  206  210  215  213  217  221  225  238  230                                   
    40.0-180.0 180.0   5.0 450.0                            LAT/LON1/LON2/DLON/H
  237  243  242  245  253  260  267  265  259  245  230  217  205  196  189  185
  185  189  196  204  211  215  216  215  213  209  204  196  186  174  162  152
  146  145  149  155  162  167  168  167  164  160  157  154  151  148  147  146
  147  149  153  159  169  181  194  204  211  214  213  212  210  210  214  219
  224  230  236  233  235  236  237  251  237                                   
    37.5-180.0 180.0   5.0 450.0                            LAT/LON1/LON2/DLON/H
  248  251  249  250  259  265  273  274  270  260  249  238  227  216  207  200
  198  200  207  214  221  225  226  225  222  217  209  199  187  174  163  154
  151  153  159  167  174  179  179  177  173  169  165  162  159  157  155  154
  153  153  154  158  166  178  191  203  210  215  216  217  218  221  227  235
  243  251  257  254  254  253  253  266  248                                   
    35.0-180.0 180.0   5.0 450.0                            LAT/LON1/LON2/DLON/H
  263  263  259  259  267  272  278  281  281  275  268  260  251  240  229  220
  214  215  219  227  233  238  239  238  234  228  219  207  194  180  169  162
  161  164  170  178  184  187  187  184  180  176  173  170  167  164  162  160
  157  154  153  155  162  174  188  201  211  216  220  223  227  232  241  251
  261  270  277  273  273  271  270  284  263                                   
    32.5-180.0 180.0   5.0 450.0                            LAT/LON1/LON2/DLON/H
  282  280  274  272  278  282  288  292  295  292  289  284  276  266  254  242
  234  232  235  241  247  252  254  253  249  243  232  219  205  191  180  174
  173  175  180  185  189  191  190  188  185  182  180  177  174  170  166  162
  158  153  149  149  156  169  185  200  211  219  224  229  236  243  253  264
  275  285  292  289  290  288  288  303  282                                   
    30.0-180.0 180.0   5.0 450.0                            LAT/LON1/LON2/DLON/H
  306  303  296  291  296  299  304  309  314  314  314  311  305  295  281  267
  257  252  253  258  263  268  270  269  266  258  247  234  218  204  193  186
  184  184  185  187  188  188  188  186  185  184  183  181  177  172  166  161
  154  147  142  142  150  164  182  199  211  220  227  234  242  251  261  272
  284  295  303  301  304  304  307  323  306                                   
    27.5-180.0 180.0   5.0 450.0                            LAT/LON1/LON2/DLON/H
  333  329  322  318  321  324  330  335  341  343  344  342  337  327  313  297
  283  276  274  277  281  285  287  286  281  273  261  247  231  216  204  195
  190  186  183  181  179  179  179  180  181  182  182  179  175  168  161  154
  146  138  133  133  142  158  178  196  210  220  228  237  246  255  266  277
  289  301  310  311  317  318  324  343  333                                   
    25.0-180.0 180.0   5.0 450.0                            LAT/LON1/LON2/DLON/H
  361  357  351  348  352  358  365  370  377  379  380  378  373  363  347  330
  314  303  299  300  302  304  303  300  294  284  271  256  239  223  209  198
  189  180  173  168  165  165  168  170  173  175  175  173  167  160  152  143
  135  127  122  123  133  150  171  190  205  216  226  236  247  258  269  281
  293  306  317  319  328  332  341  363  361                                   
    22.5-180.0 180.0   5.0 450.0                            LAT/LON1/LON2/DLON/H
  385  382  377  379  385  395  406  412  419  422  422  419  412  401  385  365
  348  335  328  325  325  323  319  312  303  290  275  258  240  223  207  192
  180  168  159  152  150  151  155  159  163  165  165  162  156  148  139  131
  123  115  111  113  123  141  163  183  198  211  222  235  248  261  273  286
  299  312  324  329  339  344  357  381  385                                   
    20.0-180.0 180.0   5.0 450.0                            LAT/LON1/LON2/DLON/H
  402  400  398  406  415  429  444  454  463  466  465  460  453  440  423  403
  383  368  359  353  348  342  333  321  307  290  272  253  233  214  196  180
  166  154  144  139  138  141  146  150  154  155  154  150  144  136  127  119
  111  105  102  104  115  133  154  174  191  205  219  235  251  266  281  295
  309  323  336  342  352  357  373  397  402                                   
    17.5-180.0 180.0   5.0 450.0                            LAT/LON1/LON2/DLON/H
  409  409  410  424  435  454  473  488  500  505  504  498  490  477  459  439
  418  402  390  381  372  361  346  327  307  285  262  240  219  200  182  166
  152  141  134  130  132  136  142  146  147  146  144  140  134  126  118  110
  103   97   95   98  108  125  146  166  185  201  218  237  257  276  293  309
  325  340  353  359  367  370  388  411  409                                   
    15.0-180.0 180.0   5.0 450.0                            LAT/LON1/LON2/DLON/H
  408  408  413  432  445  465  488  507  523  530  531  526  518  506  490  470
  449  432  419  407  393  376  355  330  302  273  246  222  201  183  167  153
  142  135  130  130  133  139  144  146  145  142  137  132  127  120  112  104
   98   92   90   93  102  118  138  160  180  199  219  242  265  288  309  329
  346  362  374  379  383  383  401  424  408                                   
    12.5-180.0 180.0   5.0 450.0                            LAT/LON1/LON2/DLON/H
  402  403  409  430  444  465  488  509  527  537  540  539  533  524  510  492
  473  456  442  428  410  387  359  326  292  257  227  202  183  168  156  146
  140  136  135  137  142  148  153  153  148  142  135  130  124  118  110  102
   95   89   86   89   97  112  131  153  175  198  222  248  276  303  328  351
  370  386  396  399  399  395  413  434  402                                   
    10.0-180.0 180.0   5.0 450.0                            LAT/LON1/LON2/DLON/H
  399  397  404  424  437  455  476  496  514  525  531  533  531  526  515  501
  486  471  456  440  418  390  355  317  277  239  208  185  170  159  152  146
  144  144  146  150  157  163  166  164  156  146  137  131  125  119  111  102
   93   86   82   83   91  104  123  146  171  197  224  254  286  318  347  372
  392  407  416  416  412  405  422  444  399                                   
     7.5-180.0 180.0   5.0 450.0                            LAT/LON1/LON2/DLON/H
  400  396  402  417  428  443  459  475  490  499  506  510  512  511  506  496
  485  472  458  440  415  383  344  302  260  222  193  174  163  157  154  152
