data/edconvlstm_nd/pred0510.15i
     1.0            IONOSPHERE MAPS     GNSS                IONEX VERSION / TYPE
pyspatialgeodesy        IME             05-JAN-18 20:20     PGM / RUN BY / DATE 
Map Name                                                    COMMENT             
Predicted global ionosphere maps (GIM).                     DESCRIPTION         
  2015     2    20     0     0     0                        EPOCH OF FIRST MAP  
  2015     2    21     0     0     0                        EPOCH OF LAST MAP   
  7200                                                      INTERVAL            
    13                                                      # OF MAPS IN FILE   
  NONE                                                      MAPPING FUNCTION    
10.0                                                        ELEVATION CUTOFF    
One-way carrier phase leveled to code                       OBSERVABLES USED    
  6371.0                                                    BASE RADIUS         
 2                                                          MAP DIMENSION       
   450.0 450.0   0.0                                        HGT1 / HGT2 / DHGT  
    87.5 -87.5  -2.5                                        LAT1 / LAT2 / DLAT  
  -180.0 180.0   5.0                                        LON1 / LON2 / DLON  
    -1                                                      EXPONENT            
                                                            END OF HEADER       
[from data line 3003]
     8                                                      START OF TEC MAP    
  2015     2    20    14     0     0                        EPOCH OF CURRENT MAP
    87.5-180.0 180.0   5.0 450.0                            LAT/LON1/LON2/DLON/H
   98  108  108  114  116  117  117  115  116  118  118  119  119  120  120  121
  121  121  122  122  122  122  123  123  123  123  123  123  122  122  121  120
  119  117  116  114  112  110  108  106  104  103  101  100   99   98   98   97
   97   97   98   98   99  100  100  101  102  103  104  104  105  106  106  107
  107  109  107  105  110  107  119  118   98                                   
    85.0-180.0 180.0   5.0 450.0                            LAT/LON1/LON2/DLON/H
   99  107  119  108  109  115  115  118  119  121  120  121  122  122  123  123
  123  124  124  125  125  125  126  126  127  127  127  127  127  126  125  124
  123  121  119  117  114  111  108  106  103  100   98   97   95   94   93   93
   93   93   94   95   96   98   99  101  102  104  105  106  107  108  108  109
  110  111  107  102  102  102  108  109   99                                   
    82.5-180.0 180.0   5.0 450.0                            LAT/LON1/LON2/DLON/H
   82   92   98   91   92   97  101  103  104  106  107  108  108  108  109  109
  109  110  111  111  113  114  115  117  118  120  121  122  123  124  124  123
  122  120  118  115  112  108  104  100   96   93   89   87   84   82   81   81
   81   81   82   83   84   86   88   90   91   93   95   96   97   97   97   97
   98   97   93   90   90   97   92   90   82                                   
    80.0-180.0 180.0   5.0 450.0                            LAT/LON1/LON2/DLON/H
   65   67   76   72   72   73   79   83   87   89   90   92   92   93   93   93
   94   95   96   97  100  102  105  108  111  114  117  120  122  123  124  124
  123  122  119  115  111  106  101   96   91   86   81   78   75   73   71   70
   70   71   72   74   76   78   80   82   85   87   88   89   90   89   89   88
   87   85   81   77   72   74   72   75   65                                   
    77.5-180.0 180.0   5.0 450.0                            LAT/LON1/LON2/DLON/H
   58   53   58   55   56   57   62   67   71   73   74   76   77   78   78   79
   79   81   83   86   89   93   98  103  109  114  120  125  129  132  135  137
  137  137  135  131  127  121  115  108  102   96   90   86   82   79   77   76
   76   76   77   78   79   81   83   86   87   89   90   91   91   89   88   85
   82   78   73   69   65   58   55   60   58                                   
    75.0-180.0 180.0   5.0 450.0                            LAT/LON1/LON2/DLON/H
   48   45   45   45   47   49   52   55   59   62   63   65   65   66   66   67
   68   71   74   78   84   90   97  105  112  119  126  132  138  143  147  150
  151  152  150  148  144  138  132  125  118  112  106  101   97   94   91   90
   88   87   87   87   87   87   88   89   90   91   92   93   93   91   89   87
   82   77   72   65   61   51   45   41   48                                   
    72.5-180.0 180.0   5.0 450.0                            LAT/LON1/LON2/DLON/H
   46   43   42   44   45   47   50   52   55   56   57   59   59   59   60   61
   63   66   71   78   86   94  104  113  122  130  137  144  150  155  159  163
  166  168  168  167  164  160  154  148  142  135  130  125  121  117  114  111
  108  105  102   99   96   94   92   91   91   91   91   92   92   91   90   87
   84   79   74   66   61   53   47   44   46                                   
    70.0-180.0 180.0   5.0 450.0                            LAT/LON1/LON2/DLON/H
   51   48   47   49   49   51   51   53   54   55   55   56   56   55   56   57
   60   65   72   82   92  104  115  126  135  143  150  155  160  164  168  172
  175  178  180  180  179  177  173  168  163  158  153  149  146  142  138  134
  129  122  116  108  101   95   90   86   84   83   83   84   86   87   87   87
   85   81   78   71   67   59   57   52   51                                   
    67.5-180.0 180.0   5.0 450.0                            LAT/LON1/LON2/DLON/H
   56   56   55   57   58   60   60   61   61   61   60   60   59   59   59   61
   66   73   82   94  107  121  133  144  153  159  164  167  169  171  174  177
  181  184  187  189  190  190  188  185  181  178  174  171  169  165  160  154
  146  137  126  114  103   93   84   78   73   72   72   73   76   79   82   84
   85   84   82   76   74   69   67   60   56                                   
    65.0-180.0 180.0   5.0 450.0                            LAT/LON1/LON2/DLON/H
   59   63   61   64   65   67   65   65   64   64   62   62   61   61   62   65
   71   80   91  106  121  136  149  160  167  172  174  174  174  174  175  178
  181  185  189  193  196  197  197  196  194  192  190  188  186  182  176  168
  157  144  128  113   97   83   72   63   57   55   55   57   61   66   71   76
   79   81   82   79   79   79   78   72   59                                   
    62.5-180.0 180.0   5.0 450.0                            LAT/LON1/LON2/DLON/H
   58   64   61   65   66   68   67   66   65   64   63   63   62   63   65   69
   77   87  101  117  133  149  162  172  178  180  180  178  176  175  176  178
  181  186  190  194  198  200  201  201  201  200  199  197  195  190  183  173
  159  142  124  104   86   70   57   48   41   39   39   41   46   51   58   64
   69   73   76   75   77   79   80   76   58                                   
    60.0-180.0 180.0   5.0 450.0                            LAT/LON1/LON2/DLON/H
   54   59   56   60   61   63   62   62   61   60   60   60   61   62   66   71
   80   92  106  123  140  156  168  177  182  183  182  179  177  177  178  181
  184  189  193  198  201  204  205  206  206  206  205  203  200  194  186  173
  157  138  117   96   77   61   48   38   32   29   29   31   35   41   46   53
   58   62   67   67   70   73   75   72   54                                   
    57.5-180.0 180.0   5.0 450.0                            LAT/LON1/LON2/DLON/H
   48   50   47   51   52   54   54   55   55   55   55   56   58   61   66   73
   83   96  111  127  144  159  171  179  183  184  183  182  182  183  186  190
  195  200  204  207  210  212  214  215  215  214  213  211  207  200  190  176
  158  138  116   96   78   62   51   42   36   33   32   33   35   39   43   48
   52   55   59   59   63   65   67   66   48                                   
    55.0-180.0 180.0   5.0 450.0                            LAT/LON1/LON2/DLON/H
   45   43   39   44   45   47   48   49   49   50   51   52   54   59   65   74
   86  100  115  131  147  161  171  179  182  184  185  187  190  195  200  206
  212  216  219  222  224  226  227  228  228  227  225  221  216  208  197  183
  165  145  125  106   89   76   66   58   53   49   47   46   46   48   49   52
   53   55   57   57   59   59   60   60   45                                   
    52.5-180.0 180.0   5.0 450.0                            LAT/LON1/LON2/DLON/H
   47   42   38   42   43   45   46   47   48   48   49   50   53   58   65   76
   90  106  122  137  151  164  173  180  184  187  190  195  202  210  219  226
  232  236  238  240  242  243  245  246  245  244  241  236  230  221  209  195
  178  160  142  125  111  100   92   85   79   75   71   69   67   66   66   65
   64   63   64   62   63   61   60   58   47                                   
    50.0-180.0 180.0   5.0 450.0                            LAT/LON1/LON2/DLON/H
   57   50   46   49   49   51   51   51   52   52   52   52   54   59   68   81
   97  114  131  146  160  171  179  186  191  195  200  207  216  227  237  245
  251  255  257  259  261  263  265  267  266  264  260  254  247  237  226  212
  197  181  165  151  139  129  121  115  109  104   99   95   93   90   88   86
   83   80   79   75   75   72   69   65   57                                   
    47.5-180.0 180.0   5.0 450.0                            LAT/LON1/LON2/DLON/H
   73   67   63   64   64   65   64   62   62   60   59   58   59   64   74   89
  107  126  144  159  172  182  191  197  202  207  213  220  230  241  251  259
  264  268  271  274  278  282  286  289  289  286  281  273  264  254  243  230
  217  203  188  175  164  155  147  140  133  127  122  118  115  113  112  109
  105  102   98   95   93   90   86   79   73                                   
    45.0-180.0 180.0   5.0 450.0                            LAT/LON1/LON2/DLON/H
   93   89   85   85   84   84   81   78   75   73   70   68   68   72   82   99
  119  140  159  174  186  197  205  212  218  222  227  233  241  249  257  263
  268  273  278  284  291  299  306  310  310  306  300  291  280  269  257  245
  232  219  206  193  181  170  161  152  145  138  133  130  128  128  128  127
  124  122  118  114  113  111  108   99   93                                   
    42.5-180.0 180.0   5.0 450.0                            LAT/LON1/LON2/DLON/H
  110  112  108  107  106  103   99   93   89   85   82   79   78   82   93  110
  132  154  173  189  201  212  221  229  235  238  241  244  248  252  256  260
  265  272  280  291  303  315  324  329  329  325  316  306  293  280  268  255
  243  229  216  201  188  175  163  153  144  136  131  129  129  131  133  135
  134  133  131  128  129  128  127  119  110                                   
    40.0-180.0 180.0   5.0 450.0                            LAT/LON1/LON2/DLON/H
  121  128  126  125  122  118  111  104   98   95   92   89   88   92  103  122
  144  167  186  202  215  226  236  245  250  253  254  253  252  252  253  257
  263  272  285  301  318  334  345  351  350  344  334  321  306  292  277  263
  249  234  219  203  187  172  158  146  136  127  122  120  121  123  127  131
  133  134  133  131  134  136  136  129  121                                   
    37.5-180.0 180.0   5.0 450.0                            LAT/LON1/LON2/DLON/H
  123  134  133  133  130  123  116  108  103  100   98   97   97  102  114  133
  155  178  197  212  225  237  248  258  263  266  264  261  257  256  257  262
  271  284  302  322  343  361  373  377  375  367  355  340  324  307  290  273
  256  238  220  202  185  170  155  141  129  120  114  111  111  113  116  120
  123  125  126  125  128  131  134  128  123                                   
    35.0-180.0 180.0   5.0 450.0                            LAT/LON1/LON2/DLON/H
  117  129  129  130  127  118  112  105  101  100  100  102  104  110  123  143
  165  187  206  221  234  247  259  268  274  277  275  272  269  269  273  282
  296  314  336  359  382  400  411  413  408  398  384  368  350  330  310  290
  270  249  229  210  193  177  163  149  136  125  117  112  109  108  109  111
  112  114  115  112  115  117  121  117  117                                   
    32.5-180.0 180.0   5.0 450.0                            LAT/LON1/LON2/DLON/H
  107  117  117  118  115  106  102   96   94   96   99  104  109  118  132  152
  175  196  215  230  244  257  269  278  285  288  288  288  289  295  307  323
  344  367  392  416  438  453  460  458  450  438  423  406  386  366  344  321
  297  274  252  234  219  205  192  177  163  150  139  131  124  118  114  111
  109  107  106  101  102  102  105  102  107                                   
    30.0-180.0 180.0   5.0 450.0                            LAT/LON1/LON2/DLON/H
   98  104  102  104  101   92   90   86   86   89   95  103  112  123  140  160
  184  205  225  241  256  269  281  290  296  301  305  311  321  337  359  385
  413  441  467  490  508  518  519  512  500  486  470  454  435  415  392  368
  343  319  298  282  269  257  244  229  213  198  184  172  160  148  137  128
  120  113  108   99   97   93   94   90   98                                   
    27.5-180.0 180.0   5.0 450.0                            LAT/LON1/LON2/DLON/H
   95   95   89   92   90   82   81   78   79   84   91  101  113  127  146  168
  192  215  236  255  271  285  296  304  310  317  328  343  365  393  428  465
  501  533  559  577  588  589  583  570  554  539  524  510  494  476  455  432
  408  385  365  351  341  331  318  301  282  264  247  232  216  198  181  165
  149  137  125  113  107   97   93   85   95                                   
    25.0-180.0 180.0   5.0 450.0                            LAT/LON1/LON2/DLON/H
  100   95   84   87   86   79   80   77   78   81   88   99  112  129  150  175
  201  226  249  270  289  303  314  320  328  339  357  383  418  461  508  556
  599  633  655  666  666  657  642  624  606  591  579  569  558  545  528  508
  486  465  448  436  427  416  402  382  359  338  320  302  284  263  241  218
  195  177  159  144  133  117  105   90  100                                   
    22.5-180.0 180.0   5.0 450.0                            LAT/LON1/LON2/DLON/H
  116  106   88   90   90   84   86   83   82   83   87   97  111  129  152  179
  208  235  262  287  308  323  333  340  350  366  393  431  479  534  592  647
  694  726  741  740  728  710  689  668  650  637  629  624  619  612  601  586
  568  549  533  520  510  498  479  455  429  406  387  371  353  331  306  279
  251  229  205  189  173  151  131  110  116                                   
    20.0-180.0 180.0   5.0 450.0                            LAT/LON1/LON2/DLON/H
  140  126  103  100   99   94   97   92   89   87   89   96  110  129  154  183
  214  244  274  302  326  343  354  363  376  399  436  484  542  605  669  726
  769  794  799  787  766  742  718  698  682  673  669  669  670  669  664  653
  638  621  604  590  576  558  535  506  478  454  437  423  409  389  365  337
  307  283  255  240  220  193  167  141  140                                   
    17.5-180.0 180.0   5.0 450.0                            LAT/LON1/LON2/DLON/H
  166  152  126  115  110  105  107  102   96   92   92   97  110  129  156  187
  219  253  285  316  342  361  374  386  406  437  481  537  599  664  726  778
  812  826  819  800  776  753  733  717  705  699  699  702  706  709  708  701
  688  671  653  634  613  588  558  526  497  475  461  451  442  427  408  382
  354  330  302  286  263  235  208  177  166                                   
    15.0-180.0 180.0   5.0 450.0                            LAT/LON1/LON2/DLON/H
  189  177  150  132  121  114  115  109  102   97   95   99  111  132  159  192
  227  262  296  329  356  377  393  411  438  476  526  584  645  703  755  794
  816  820  807  787  767  751  739  730  723  719  719  723  728  732  732  726
  714  697  675  649  620  586  551  516  488  469  459  454  449  440  427  407
  383  362  336  320  296  268  243  210  189                                   
    12.5-180.0 180.0   5.0 450.0                            LAT/LON1/LON2/DLON/H
  203  194  169  146  130  120  119  113  106  101   99  103  116  137  166  200
  236  272  307  340  369  392  412  437  470  515  567  621  673  718  754  780
  792  790  779  765  754  748  746  743  740  738  737  738  740  741  740  733
  720  700  672  639  601  560  521  487  463  448  441  438  436  432  423  409
  391  374  353  337  315  287  264  233  203                                   
    10.0-180.0 180.0   5.0 450.0                            LAT/LON1/LON2/DLON/H
  208  201  179  155  136  123  120  114  108  105  104  110  123  145  176  211
  248  285  320  353  382  407  432  462  502  551  601  647  684  713  735  750
  758  757  751  746  747  752  759  763  763  759  754  750  746  742  737  727
  710  685  652  611  566  522  484  455  436  425  420  417  415  410  405  395
  382  370  354  340  319  293  273  243  208                                   
     7.5-180.0 180.0   5.0 450.0                            LAT/LON1/LON2/DLON/H
  208  201  180  157  136  122  119  114  111  110  111  118  133  157  188  225
  263  300  334  367  396  424  453  489  533  581  626  662  686  701  712  722
