data/edconvlstm_nd/pred3380.15i
     1.0            IONOSPHERE MAPS     GNSS                IONEX VERSION / TYPE
pyspatialgeodesy        IME             05-JAN-18 20:20     PGM / RUN BY / DATE 
Map Name                                                    COMMENT             
Predicted global ionosphere maps (GIM).                     DESCRIPTION         
  2015    12     4     0     0     0                        EPOCH OF FIRST MAP  
  2015    12     5     0     0     0                        EPOCH OF LAST MAP   
  7200                                                      INTERVAL            
    13                                                      # OF MAPS IN FILE   
  NONE                                                      MAPPING FUNCTION    
10.0                                                        ELEVATION CUTOFF    
One-way carrier phase leveled to code                       OBSERVABLES USED    
  6371.0                                                    BASE RADIUS         
 2                                                          MAP DIMENSION       
   450.0 450.0   0.0                                        HGT1 / HGT2 / DHGT  
    87.5 -87.5  -2.5                                        LAT1 / LAT2 / DLAT  
  -180.0 180.0   5.0                                        LON1 / LON2 / DLON  
    -1                                                      EXPONENT            
                                                            END OF HEADER       
[from data line 3432]
     9                                                      START OF TEC MAP    
  2015    12     4    16     0     0                        EPOCH OF CURRENT MAP
    87.5-180.0 180.0   5.0 450.0                            LAT/LON1/LON2/DLON/H
   52   57   58   60   64   62   62   58   58   60   59   60   59   59   59   59
   59   59   58   57   57   56   55   54   53   53   52   51   50   50   49   49
   48   48   47   47   47   47   47   47   47   47   47   47   48   48   49   50
   50   51   52   52   53   54   54   55   55   56   56   57   57   57   57   57
   58   58   54   51   54   55   69   73   52                                   
    85.0-180.0 180.0   5.0 450.0                            LAT/LON1/LON2/DLON/H
   55   61   74   57   58   61   60   61   61   63   62   62   62   62   62   62
   62   62   62   61   61   60   60   59   58   58   57   56   55   55   54   53
   53   52   52   51   51   51   51   50   50   50   50   51   51   51   52   52
   53   54   54   55   56   57   57   58   59   59   60   60   60   61   61   61
   61   61   56   53   57   58   65   59   55                                   
    82.5-180.0 180.0   5.0 450.0                            LAT/LON1/LON2/DLON/H
   40   48   56   48   51   52   53   53   53   54   54   55   55   55   55   55
   55   55   55   55   54   54   53   52   52   51   50   49   48   48   47   46
   45   45   44   44   43   43   42   42   42   41   41   41   41   41   42   42
   43   44   45   46   47   48   48   49   50   50   51   51   52   52   52   52
   52   51   48   45   52   60   57   54   40                                   
    80.0-180.0 180.0   5.0 450.0                            LAT/LON1/LON2/DLON/H
   28   36   47   41   45   44   46   46   48   49   49   51   51   51   51   51
   52   52   51   51   51   50   50   49   48   47   46   45   44   43   42   42
   41   40   40   39   38   38   37   36   36   35   35   35   35   35   35   36
   37   38   40   41   42   43   44   45   46   47   47   47   47   47   47   47
   47   46   45   44   45   51   48   51   28                                   
    77.5-180.0 180.0   5.0 450.0                            LAT/LON1/LON2/DLON/H
   36   38   38   33   36   36   39   39   42   42   43   45   46   47   48   49
   50   50   51   51   51   51   50   49   47   46   44   43   42   40   39   38
   38   37   36   35   33   32   31   29   28   27   26   26   26   26   27   28
   30   31   33   35   37   39   40   41   42   42   43   42   42   41   41   40
   39   38   37   36   36   38   40   44   36                                   
    75.0-180.0 180.0   5.0 450.0                            LAT/LON1/LON2/DLON/H
   21   28   28   28   31   31   33   34   37   39   40   42   43   45   47   48
   50   51   53   54   54   54   54   53   51   50   48   46   44   43   42   41
   40   39   38   36   35   33   31   29   28   26   25   24   24   24   25   26
   28   30   32   34   36   37   39   40   41   41   41   41   40   39   38   37
   36   36   35   33   34   32   30   27   21                                   
    72.5-180.0 180.0   5.0 450.0                            LAT/LON1/LON2/DLON/H
   22   26   25   26   26   27   29   29   31   32   33   36   38   40   42   45
   47   50   53   55   57   58   58   57   55   53   50   48   45   44   42   41
   40   39   38   36   34   31   29   26   24   21   20   19   18   18   19   21
   23   24   26   28   30   31   32   33   34   34   34   34   34   33   32   31
   30   29   28   26   27   27   27   27   22                                   
    70.0-180.0 180.0   5.0 450.0                            LAT/LON1/LON2/DLON/H
   17   24   25   26   27   26   26   28   30   32   33   36   38   40   43   46
   50   54   59   63   66   68   69   69   67   65   61   58   55   53   51   50
   48   47   45   43   40   36   33   29   26   23   22   20   20   20   21   23
   24   26   27   28   29   30   30   31   32   33   33   34   34   34   33   32
   31   29   29   28   29   28   31   31   17                                   
    67.5-180.0 180.0   5.0 450.0                            LAT/LON1/LON2/DLON/H
   18   25   25   27   28   27   29   30   31   32   34   36   38   40   43   47
   51   57   63   69   74   78   80   80   78   76   72   68   64   61   59   57
   55   53   50   47   43   39   35   30   27   24   22   21   21   22   22   23
   24   25   26   26   26   26   27   27   28   29   31   32   33   33   33   33
   32   31   30   27   28   28   29   29   18                                   
    65.0-180.0 180.0   5.0 450.0                            LAT/LON1/LON2/DLON/H
   18   26   26   29   29   28   29   30   32   33   34   36   38   40   43   48
   53   60   67   75   82   87   91   92   91   88   84   79   75   71   68   65
   63   59   56   51   46   41   36   32   28   26   24   23   23   24   24   25
   25   25   24   23   23   22   22   23   24   26   28   31   32   34   34   35
   35   34   33   32   32   32   33   34   18                                   
    62.5-180.0 180.0   5.0 450.0                            LAT/LON1/LON2/DLON/H
   22   29   28   31   31   30   30   31   33   34   36   38   40   42   45   49
   55   63   71   80   88   94   99  101  100   97   94   89   85   81   77   73
   70   65   60   54   48   42   37   32   29   27   26   26   26   26   26   26
   25   23   22   20   19   18   18   19   21   24   27   30   32   34   35   36
   37   37   36   34   33   33   34   35   22                                   
    60.0-180.0 180.0   5.0 450.0                            LAT/LON1/LON2/DLON/H
   26   32   31   33   32   30   30   30   32   34   36   38   40   43   46   51
   57   64   73   82   91   98  103  105  105  103  100   97   93   89   85   81
   76   70   64   57   49   42   37   33   30   28   28   28   28   28   27   26
   24   22   20   18   16   15   15   16   19   22   25   29   32   34   35   37
   37   38   38   36   35   35   36   37   26                                   
    57.5-180.0 180.0   5.0 450.0                            LAT/LON1/LON2/DLON/H
   32   35   35   37   34   32   32   32   34   36   38   41   44   47   51   55
   61   69   78   86   94  101  106  108  109  108  106  104  101   98   95   91
   86   79   72   64   55   48   41   37   35   34   34   35   34   33   32   29
   27   24   22   19   17   16   17   18   21   24   28   32   34   37   38   40
   40   41   42   40   39   38   39   40   32                                   
    55.0-180.0 180.0   5.0 450.0                            LAT/LON1/LON2/DLON/H
   41   42   42   43   39   36   35   35   36   39   42   46   50   53   57   63
   69   76   83   91   98  103  107  110  111  112  112  111  110  108  106  102
   97   90   82   73   64   56   50   45   43   43   43   43   42   40   37   35
   32   29   26   24   22   21   22   23   26   30   34   37   40   41   43   44
   44   45   46   45   44   43   42   44   41                                   
    52.5-180.0 180.0   5.0 450.0                            LAT/LON1/LON2/DLON/H
   51   51   50   51   47   43   41   40   42   44   48   52   57   62   67   72
   78   85   91   97  102  106  109  111  113  115  117  118  118  118  116  113
  109  103   95   86   77   68   62   57   55   54   54   53   51   48   45   42
   39   37   35   34   32   31   31   33   36   39   43   46   48   48   49   49
   50   51   53   52   51   49   48   49   51                                   
    50.0-180.0 180.0   5.0 450.0                            LAT/LON1/LON2/DLON/H
   61   61   61   61   57   54   51   49   50   53   56   62   67   72   78   84
   90   96  102  106  109  112  114  116  118  121  123  126  127  127  126  124
  120  114  107   99   91   83   76   71   68   67   66   64   61   57   53   50
   48   47   47   46   46   45   44   45   48   51   54   56   57   57   56   56
   56   58   60   60   59   57   56   56   61                                   
    47.5-180.0 180.0   5.0 450.0                            LAT/LON1/LON2/DLON/H
   70   71   71   72   68   65   62   61   62   64   68   73   79   84   90   97
  103  109  113  117  119  120  122  123  126  129  132  134  135  135  133  130
  127  123  118  112  104   97   90   85   81   79   77   74   70   65   61   58
   57   58   59   59   59   58   57   58   59   61   64   65   65   65   64   63
   63   65   67   68   67   66   66   64   70                                   
    45.0-180.0 180.0   5.0 450.0                            LAT/LON1/LON2/DLON/H
   77   78   78   80   78   77   74   74   75   78   82   87   92   98  104  110
  116  122  126  129  131  132  134  136  138  141  143  144  142  140  136  133
  130  128  125  121  116  110  103   97   92   89   85   81   76   71   67   65
   64   66   68   69   69   68   67   66   67   69   71   72   73   72   71   70
   70   71   73   74   74   74   74   71   77                                   
    42.5-180.0 180.0   5.0 450.0                            LAT/LON1/LON2/DLON/H
   79   81   81   85   85   85   84   86   88   93   97  102  107  112  118  123
  129  134  139  143  145  147  149  151  153  154  154  152  148  142  137  133
  131  130  129  128  126  121  115  107  101   96   91   86   81   75   71   69
   69   71   72   73   73   72   71   70   70   71   74   76   77   77   76   75
   74   75   77   77   78   78   78   76   79                                   
    40.0-180.0 180.0   5.0 450.0                            LAT/LON1/LON2/DLON/H
   76   78   78   85   87   90   91   95  100  106  111  117  122  127  131  136
  141  146  151  156  160  163  165  167  168  167  165  159  151  143  136  132
  131  132  134  136  136  132  125  117  108  101   95   89   83   78   74   72
   71   72   73   73   72   70   68   68   68   69   72   76   78   80   79   78
   77   76   77   76   77   78   78   77   76                                   
    37.5-180.0 180.0   5.0 450.0                            LAT/LON1/LON2/DLON/H
   69   71   71   80   83   89   93  101  108  117  124  131  136  141  145  149
  152  157  162  168  173  177  180  181  180  178  173  165  155  146  139  135
  136  139  144  148  149  146  138  128  117  107   99   93   87   82   77   75
   73   72   70   69   67   65   63   63   63   65   69   73   77   80   80   79
   77   75   74   73   72   73   72   74   69                                   
    35.0-180.0 180.0   5.0 450.0                            LAT/LON1/LON2/DLON/H
   60   61   61   71   76   83   90  101  113  124  134  143  149  154  158  161
  163  167  172  179  185  190  192  191  189  184  178  170  161  153  149  148
  151  156  163  169  170  167  157  143  129  117  107  100   94   89   84   80
   77   73   69   65   62   60   59   58   59   62   66   71   76   79   80   79
   75   72   70   68   66   66   64   69   60                                   
    32.5-180.0 180.0   5.0 450.0                            LAT/LON1/LON2/DLON/H
   52   52   52   61   66   73   83   97  112  127  141  152  160  166  170  173
  174  177  182  188  194  198  199  197  193  188  183  177  172  169  169  173
  179  187  195  200  201  195  182  166  148  133  121  113  106  101   96   91
   86   79   73   67   62   60   59   59   60   62   66   71   76   79   80   78
   74   70   67   65   62   60   57   63   52                                   
    30.0-180.0 180.0   5.0 450.0                            LAT/LON1/LON2/DLON/H
   48   47   45   52   57   63   74   89  108  126  143  157  168  176  181  184
  185  186  190  196  201  203  201  197  193  190  188  188  190  195  202  211
  221  230  238  241  240  231  215  195  174  156  142  132  125  119  114  108
  101   93   84   77   71   68   66   66   66   68   71   76   80   82   82   80
   75   70   67   64   61   57   54   60   48                                   
    27.5-180.0 180.0   5.0 450.0                            LAT/LON1/LON2/DLON/H
   47   46   43   48   50   55   65   81  101  121  141  158  172  183  190  193
  194  195  198  202  205  204  200  195  192  192  196  205  216  231  246  260
  273  283  289  290  284  272  252  229  205  184  168  157  149  143  138  132
  124  115  105   96   89   85   82   80   79   80   82   84   87   88   87   84
   78   73   70   67   64   60   56   60   47                                   
    25.0-180.0 180.0   5.0 450.0                            LAT/LON1/LON2/DLON/H
   52   49   45   48   49   51   60   74   94  116  137  156  173  186  196  201
  203  203  205  206  206  203  198  194  193  198  210  228  250  274  296  316
  331  341  344  341  330  313  290  264  238  216  198  185  176  169  163  158
  150  141  132  123  115  109  105  101   98   96   95   96   97   96   94   91
   85   81   77   74   72   67   62   63   52                                   
    22.5-180.0 180.0   5.0 450.0                            LAT/LON1/LON2/DLON/H
   61   57   51   53   53   53   60   73   91  113  134  153  171  186  198  205
  208  209  209  209  206  202  197  195  199  211  232  259  290  321  350  373
  389  397  396  387  371  349  323  296  269  246  227  213  202  194  188  182
  176  169  161  153  146  138  131  124  117  112  109  108  107  105  102   99
   93   90   86   84   83   77   71   70   61                                   
    20.0-180.0 180.0   5.0 450.0                            LAT/LON1/LON2/DLON/H
   71   66   59   60   59   59   65   77   95  115  134  153  170  186  199  207
  212  213  213  211  207  203  201  203  213  232  261  296  333  369  400  424
  438  441  435  421  400  375  348  320  295  272  253  237  223  213  206  201
  197  192  187  181  174  165  154  143  133  125  119  116  114  111  109  106
  101   99   95   93   93   87   81   77   71                                   
    17.5-180.0 180.0   5.0 450.0                            LAT/LON1/LON2/DLON/H
   80   74   67   67   67   68   75   86  104  123  140  157  173  187  200  210
  215  217  216  214  211  210  212  220  237  263  297  336  376  412  441  460
  469  467  455  436  413  387  361  336  313  292  272  254  238  225  216  210
  208  207  205  202  195  184  170  155  141  131  123  119  116  114  112  110
  106  105  101  100  100   95   88   84   80                                   
    15.0-180.0 180.0   5.0 450.0                            LAT/LON1/LON2/DLON/H
   85   79   73   74   74   76   86   99  117  136  153  167  181  194  206  215
  220  223  222  221  220  224  232  247  270  301  337  376  413  445  467  478
  479  471  456  435  411  387  364  343  324  305  286  265  245  229  217  211
  209  211  212  211  205  192  176  158  142  130  122  117  114  113  112  111
  108  107  103  102  102   97   90   88   85                                   
    12.5-180.0 180.0   5.0 450.0                            LAT/LON1/LON2/DLON/H
   84   79   75   77   79   82   96  112  133  153  169  183  195  206  217  225
  231  233  234  235  238  246  261  283  310  343  378  412  442  464  477  479
  473  461  443  423  402  381  363  347  333  316  296  273  248  228  213  205
  203  206  209  210  204  191  174  155  138  126  118  113  111  110  111  111
  108  107  102   99   99   94   88   87   84                                   
    10.0-180.0 180.0   5.0 450.0                            LAT/LON1/LON2/DLON/H
   79   75   72   76   80   86  104  123  147  169  187  201  213  224  233  241
  247  251  253  256  263  276  297  324  354  385  415  441  460  472  474  469
  458  444  428  410  392  376  363  353  342  327  306  280  251  226  208  197
  194  196  201  203  198  186  170  151  136  123  115  110  109  109  110  111
  108  105   99   95   93   87   81   82   79                                   
     7.5-180.0 180.0   5.0 450.0                            LAT/LON1/LON2/DLON/H
   70   67   67   72   78   88  109  131  158  183  203  219  233  244  254  262
  269  274  278  284  294  312  337  366  397  424  445  461  469  470  465  456
