data/edconvlstm_nd/pred2700.15i
     1.0            IONOSPHERE MAPS     GNSS                IONEX VERSION / TYPE
pyspatialgeodesy        IME             05-JAN-18 20:20     PGM / RUN BY / DATE 
Map Name                                                    COMMENT             
Predicted global ionosphere maps (GIM).                     DESCRIPTION         
  2015     9    27     0     0     0                        EPOCH OF FIRST MAP  
  2015     9    28     0     0     0                        EPOCH OF LAST MAP   
  7200                                                      INTERVAL            
    13                                                      # OF MAPS IN FILE   
  NONE                                                      MAPPING FUNCTION    
10.0                                                        ELEVATION CUTOFF    
One-way carrier phase leveled to code                       OBSERVABLES USED    
  6371.0                                                    BASE RADIUS         
 2                                                          MAP DIMENSION       
   450.0 450.0   0.0                                        HGT1 / HGT2 / DHGT  
    87.5 -87.5  -2.5                                        LAT1 / LAT2 / DLAT  
  -180.0 180.0   5.0                                        LON1 / LON2 / DLON  
    -1                                                      EXPONENT            
                                                            END OF HEADER       
[from data line 4719]
    12                                                      START OF TEC MAP    
  2015     9    27    22     0     0                        EPOCH OF CURRENT MAP
    87.5-180.0 180.0   5.0 450.0                            LAT/LON1/LON2/DLON/H
  127  116  101  107  110  107  107  105  105  108  107  109  110  111  112  112
  113  113  114  113  113  113  112  112  111  110  109  108  107  106  105  104
  103  102  101  100   99   98   98   97   97   97   96   96   96   96   96   96
   96   96   96   97   97   97   97   96   96   96   96   96   96   96   96   95
   95   96   94   94  105  104  119  124  127                                   
    85.0-180.0 180.0   5.0 450.0                            LAT/LON1/LON2/DLON/H
  127  116  119  108  107  110  110  113  114  116  117  118  120  121  122  123
  123  124  124  123  123  122  121  120  119  118  117  115  114  112  111  110
  108  107  106  105  104  103  102  101  101  100  100  100   99   99   99   99
  100  100  100  100  100  100  100  100  100  100  100  100  100  100  100   99
  100  100   98   96  100  101  103  104  127                                   
    82.5-180.0 180.0   5.0 450.0                            LAT/LON1/LON2/DLON/H
  106  103  103   99  102  106  111  111  113  116  118  122  123  126  127  129
  130  130  130  129  129  127  126  124  122  120  118  116  113  111  109  107
  105  103  102  100   98   97   95   94   93   92   91   91   90   90   90   90
   90   91   91   91   91   92   92   92   91   91   91   91   91   90   90   90
   90   90   89   92   96  107   98  100  106                                   
    80.0-180.0 180.0   5.0 450.0                            LAT/LON1/LON2/DLON/H
   91   92   97   95   98   98  107  111  116  120  124  128  131  133  135  137
  137  137  137  136  134  132  129  127  124  120  117  114  111  108  106  103
  101   99   96   94   92   90   88   86   85   83   82   81   81   81   81   81
   82   83   83   84   84   85   85   85   84   84   84   84   83   83   83   83
   84   84   85   87   87   92   87   97   91                                   
    77.5-180.0 180.0   5.0 450.0                            LAT/LON1/LON2/DLON/H
   99   95  101   99  106  109  117  121  127  131  136  141  145  148  150  152
  152  152  151  149  147  144  141  137  133  130  126  122  119  115  113  110
  108  105  103  100   97   95   91   88   85   83   80   79   78   77   77   78
   79   80   81   81   82   82   82   82   81   81   80   80   80   80   80   81
   82   83   85   88   90   92   93  108   99                                   
    75.0-180.0 180.0   5.0 450.0                            LAT/LON1/LON2/DLON/H
  101  101  104  103  110  115  121  127  134  140  145  150  153  156  157  158
  157  156  154  152  149  145  142  138  134  129  125  121  118  115  112  110
  108  106  104  101   98   95   92   88   84   80   77   75   73   73   73   73
   74   75   76   77   77   77   77   77   76   76   76   76   76   77   79   81
   83   86   89   89   90   92   93   97  101                                   
    72.5-180.0 180.0   5.0 450.0                            LAT/LON1/LON2/DLON/H
  110  110  113  118  121  124  131  136  140  146  151  155  158  160  161  160
  159  156  154  151  147  143  139  135  130  125  120  116  112  109  106  104
  103  102  100   98   96   92   88   84   79   75   71   68   66   65   65   65
   66   67   68   69   69   69   68   68   67   67   67   68   69   71   74   78
   81   86   90   90   90   96   99  108  110                                   
    70.0-180.0 180.0   5.0 450.0                            LAT/LON1/LON2/DLON/H
  119  120  122  124  126  129  133  138  144  149  153  157  158  159  157  155
  152  149  145  142  138  135  131  126  121  116  110  105  101   97   95   93
   93   92   91   90   88   85   81   76   72   67   63   60   57   56   56   57
   57   58   58   58   58   58   57   57   57   57   58   60   63   67   71   76
   81   87   94   97   98  105  110  117  119                                   
    67.5-180.0 180.0   5.0 450.0                            LAT/LON1/LON2/DLON/H
  132  133  134  138  139  140  143  147  151  154  158  161  161  160  158  154
  150  147  143  140  137  134  129  124  118  111  105   98   93   89   86   85
   84   84   84   83   82   79   76   71   67   62   58   56   54   53   53   53
   54   54   54   53   53   52   52   51   52   53   55   58   62   67   73   79
   85   92   98  102  103  112  116  123  132                                   
    65.0-180.0 180.0   5.0 450.0                            LAT/LON1/LON2/DLON/H
  139  141  142  145  145  144  146  148  151  154  157  159  159  156  153  149
  144  141  138  136  134  131  127  121  114  106   98   90   84   79   76   74
   73   72   72   72   71   69   66   62   58   55   52   49   48   47   47   47
   47   47   46   45   44   43   43   43   44   46   49   54   59   65   72   79
   86   94  101  106  109  119  125  131  139                                   
    62.5-180.0 180.0   5.0 450.0                            LAT/LON1/LON2/DLON/H
  146  149  150  153  152  151  151  152  153  155  157  158  157  155  151  147
  144  141  140  139  138  135  131  124  116  107   97   88   81   75   70   67
   66   65   64   63   62   61   59   56   53   51   48   47   46   46   45   45
   44   43   42   40   39   38   39   40   42   45   49   54   60   67   75   82
   89   96  103  107  110  120  126  131  146                                   
    60.0-180.0 180.0   5.0 450.0                            LAT/LON1/LON2/DLON/H
  149  153  156  159  158  155  154  153  154  155  156  156  155  153  150  147
  145  144  145  145  145  143  138  131  122  111  101   91   83   77   72   68
   65   62   61   59   58   56   55   53   51   50   49   48   47   47   46   45
   43   41   39   37   36   36   37   39   42   46   51   57   64   71   79   86
   91   98  103  107  109  121  127  133  149                                   
    57.5-180.0 180.0   5.0 450.0                            LAT/LON1/LON2/DLON/H
  152  157  161  165  164  161  159  157  156  156  156  156  155  153  151  149
  149  151  153  154  155  153  148  140  131  120  110  101   93   87   81   76
   72   67   64   61   59   58   56   55   54   54   53   53   53   52   51   48
   46   43   40   38   38   38   40   44   48   52   57   63   70   77   84   90
   95  100  105  107  108  119  125  132  152                                   
    55.0-180.0 180.0   5.0 450.0                            LAT/LON1/LON2/DLON/H
  157  163  169  173  173  170  168  164  162  159  158  157  156  154  154  154
  156  159  162  164  164  162  157  149  140  131  122  115  108  103   97   91
   85   79   74   69   66   65   63   63   62   62   62   62   61   60   58   54
   51   47   44   43   43   44   48   52   56   61   66   71   77   84   90   96
  100  104  108  109  110  119  124  132  157                                   
    52.5-180.0 180.0   5.0 450.0                            LAT/LON1/LON2/DLON/H
  162  170  178  182  183  181  179  174  170  166  163  160  159  158  158  160
  163  166  170  172  171  169  164  157  149  142  136  130  126  121  116  109
  101   94   87   81   78   76   74   74   74   74   74   74   72   70   67   63
   59   55   52   51   52   54   58   63   67   71   75   80   85   91   97  102
  106  110  113  115  115  123  127  134  162                                   
    50.0-180.0 180.0   5.0 450.0                            LAT/LON1/LON2/DLON/H
  171  178  188  193  195  195  192  188  182  176  171  167  165  164  165  167
  171  174  177  178  176  173  168  163  157  152  148  145  142  138  132  125
  116  108  100   94   91   89   87   87   87   87   87   86   85   82   77   73
   68   65   62   62   63   66   70   75   79   82   85   88   93   98  104  109
  113  118  122  124  124  130  134  141  171                                   
    47.5-180.0 180.0   5.0 450.0                            LAT/LON1/LON2/DLON/H
  180  187  197  202  207  209  207  203  196  190  183  178  174  173  175  177
  180  183  184  183  181  177  173  168  164  161  159  156  153  148  142  134
  125  116  109  105  102  100  100   99   99   99   99   99   97   93   88   84
   79   76   74   74   76   79   83   87   90   92   94   96  100  105  111  117
  121  127  133  137  138  142  145  151  180                                   
    45.0-180.0 180.0   5.0 450.0                            LAT/LON1/LON2/DLON/H
  188  194  205  211  217  221  221  218  212  206  198  192  188  187  188  190
  192  193  193  191  187  183  178  175  172  169  166  162  157  150  141  132
  124  117  113  111  110  110  110  109  109  109  110  109  107  103   98   94
   90   87   86   86   87   90   94   97   99  100  101  103  107  113  119  126
  131  138  145  150  152  156  159  163  188                                   
    42.5-180.0 180.0   5.0 450.0                            LAT/LON1/LON2/DLON/H
  196  200  210  218  226  231  233  232  227  222  215  209  205  204  204  206
  207  207  205  202  197  192  188  184  181  177  172  164  154  143  132  123
  116  112  111  113  115  117  117  117  117  117  117  116  114  111  106  102
   99   97   96   96   97   98  101  103  104  105  106  109  114  120  128  135
  141  149  157  163  167  170  174  178  196                                   
    40.0-180.0 180.0   5.0 450.0                            LAT/LON1/LON2/DLON/H
  202  206  216  224  233  239  242  244  241  238  232  227  223  222  223  224
  225  224  222  217  212  207  201  197  192  185  175  162  147  132  119  110
  106  106  109  114  119  123  124  123  122  122  122  121  119  116  112  109
  106  104  103  102  101  102  104  105  106  107  109  113  120  128  137  145
  151  159  168  174  179  182  186  191  202                                   
    37.5-180.0 180.0   5.0 450.0                            LAT/LON1/LON2/DLON/H
  209  213  223  231  240  247  251  254  254  252  247  243  241  241  242  243
  244  243  241  237  231  225  218  211  203  193  179  161  141  123  110  102
  101  105  112  120  127  131  131  130  128  127  126  125  122  119  115  112
  110  108  106  103  102  101  102  103  104  105  109  115  124  135  145  154
  160  169  177  183  188  192  197  203  209                                   
    35.0-180.0 180.0   5.0 450.0                            LAT/LON1/LON2/DLON/H
  220  225  235  242  251  255  260  263  265  264  261  259  257  257  259  261
  263  263  262  258  251  243  234  225  215  201  184  164  142  122  110  105
  107  115  125  134  140  143  142  139  135  132  130  128  125  121  117  114
  112  109  105  102   99   98   98   98   99  101  107  115  127  139  152  162
  169  177  185  191  195  201  206  214  220                                   
    32.5-180.0 180.0   5.0 450.0                            LAT/LON1/LON2/DLON/H
  236  243  254  258  266  267  271  274  276  276  274  272  271  272  274  277
  279  281  280  276  269  259  247  236  224  210  192  172  151  133  123  122
  128  138  148  156  160  160  156  150  144  139  136  132  128  123  119  115
  112  108  103   99   95   93   93   93   94   97  103  114  127  142  156  168
  175  184  192  198  202  210  215  225  236                                   
    30.0-180.0 180.0   5.0 450.0                            LAT/LON1/LON2/DLON/H
  259  269  282  281  288  285  287  287  289  289  288  286  285  286  288  290
  293  295  294  289  280  268  254  241  229  217  203  187  170  157  152  155
  163  174  182  185  184  179  171  162  154  148  143  139  133  127  121  116
  112  106  101   95   92   90   89   88   89   92   99  111  127  143  159  172
  181  191  200  206  210  220  227  238  259                                   
    27.5-180.0 180.0   5.0 450.0                            LAT/LON1/LON2/DLON/H
  289  300  315  310  315  309  308  305  307  306  304  302  301  300  302  303
  305  306  304  297  286  270  255  242  233  225  218  208  199  193  193  200
  210  218  220  215  206  195  183  173  164  158  153  147  140  133  126  119
  113  106  100   94   90   88   87   86   87   89   96  109  125  143  161  175
  185  197  208  216  222  233  242  254  289                                   
    25.0-180.0 180.0   5.0 450.0                            LAT/LON1/LON2/DLON/H
  323  335  351  343  348  338  335  329  330  328  326  323  321  320  320  320
  320  318  313  303  287  269  253  242  236  235  235  235  235  237  243  252
  260  261  252  237  220  204  190  180  172  167  162  156  149  141  132  124
  116  108  100   94   91   89   88   87   86   88   95  107  123  142  161  177
  190  204  217  229  236  250  261  274  323                                   
    22.5-180.0 180.0   5.0 450.0                            LAT/LON1/LON2/DLON/H
  357  369  384  377  381  371  366  359  359  358  355  352  349  347  346  344
  341  336  326  310  289  269  252  244  243  248  256  265  274  283  292  299
  300  291  271  247  223  203  190  181  176  174  171  166  159  150  140  130
  120  111  102   96   93   91   90   88   87   88   94  105  122  141  161  179
  193  211  227  243  254  270  284  298  357                                   
    20.0-180.0 180.0   5.0 450.0                            LAT/LON1/LON2/DLON/H
  386  397  413  407  414  404  400  394  395  394  392  390  387  384  382  378
  373  363  347  325  299  276  260  254  257  268  282  296  309  320  326  327
  319  300  272  241  214  194  183  178  177  177  177  174  168  158  148  137
  125  114  105   98   95   94   92   90   88   89   94  105  121  140  161  181
  197  218  237  257  272  291  308  325  386                                   
    17.5-180.0 180.0   5.0 450.0                            LAT/LON1/LON2/DLON/H
  407  417  433  431  441  435  434  431  434  436  436  435  433  431  428  424
  416  403  381  353  323  297  281  276  282  294  309  324  334  340  339  331
  314  288  256  223  197  179  171  170  174  178  181  180  175  165  154  142
  129  117  107  101   98   96   95   92   90   90   95  105  121  141  162  183
  202  226  248  271  288  312  332  351  407                                   
    15.0-180.0 180.0   5.0 450.0                            LAT/LON1/LON2/DLON/H
  418  429  445  447  462  461  464  466  474  480  484  485  485  484  483  479
  471  455  429  396  361  333  317  312  317  326  336  343  345  340  330  314
  291  263  231  201  178  165  161  163  170  177  182  183  178  169  158  145
  131  118  108  102   99   98   96   94   91   91   95  106  122  142  165  187
  208  234  257  283  302  329  353  373  418                                   
    12.5-180.0 180.0   5.0 450.0                            LAT/LON1/LON2/DLON/H
  423  433  451  457  477  481  490  497  510  521  529  534  537  539  541  539
  532  515  487  451  414  383  366  359  358  359  357  351  342  327  309  287
  263  236  208  183  165  156  155  159  167  175  181  182  178  169  157  144
  130  118  108  102   99   98   96   93   91   91   95  106  122  144  168  192
  214  241  266  292  313  343  371  391  423                                   
    10.0-180.0 180.0   5.0 450.0                            LAT/LON1/LON2/DLON/H
  425  437  455  463  487  496  509  520  538  553  566  575  581  587  592  594
  590  576  549  512  473  441  420  408  398  386  370  352  332  310  287  264
  241  217  195  176  164  158  158  162  168  174  179  179  173  164  152  140
  127  115  106  100   97   95   93   91   88   88   93  104  122  145  171  196
  220  248  274  299  321  354  384  404  425                                   
     7.5-180.0 180.0   5.0 450.0                            LAT/LON1/LON2/DLON/H
  430  443  462  471  496  508  523  536  556  574  590  602  612  621  629  635
  635  625  602  567  528  495  470  450  429  404  376  349  323  298  275  253
