data/edconvlstm_nd/pred0590.15i
     1.0            IONOSPHERE MAPS     GNSS                IONEX VERSION / TYPE
pyspatialgeodesy        IME             05-JAN-18 20:20     PGM / RUN BY / DATE 
Map Name                                                    COMMENT             
Predicted global ionosphere maps (GIM).                     DESCRIPTION         
  2015     2    28     0     0     0                        EPOCH OF FIRST MAP  
  2015     3     1     0     0     0                        EPOCH OF LAST MAP   
  7200                                                      INTERVAL            
    13                                                      # OF MAPS IN FILE   
  NONE                                                      MAPPING FUNCTION    
10.0                                                        ELEVATION CUTOFF    
One-way carrier phase leveled to code                       OBSERVABLES USED    
  6371.0                                                    BASE RADIUS         
 2                                                          MAP DIMENSION       
   450.0 450.0   0.0                                        HGT1 / HGT2 / DHGT  
    87.5 -87.5  -2.5                                        LAT1 / LAT2 / DLAT  
  -180.0 180.0   5.0                                        LON1 / LON2 / DLON  
    -1                                                      EXPONENT            
                                                            END OF HEADER       
[from data line 3861]
    10                                                      START OF TEC MAP    
  2015     2    28    18     0     0                        EPOCH OF CURRENT MAP
    87.5-180.0 180.0   5.0 450.0                            LAT/LON1/LON2/DLON/H
  148  157  156  165  170  171  172  172  173  176  176  178  179  181  182  183
  184  185  186  186  186  185  185  184  183  181  180  178  176  174  172  170
  167  165  163  161  159  158  156  155  154  153  152  151  151  150  150  150
  150  150  150  151  151  151  152  152  152  153  153  153  154  154  155  155
  155  156  155  152  159  156  161  153  148                                   
    85.0-180.0 180.0   5.0 450.0                            LAT/LON1/LON2/DLON/H
  155  159  173  165  168  175  177  181  183  186  188  190  192  194  196  198
  199  200  201  201  201  201  200  198  197  195  192  190  187  184  182  179
  176  173  170  168  165  163  161  160  158  157  156  156  155  155  155  155
  155  156  156  157  157  158  158  159  159  160  160  160  161  161  161  161
  162  162  160  156  156  155  152  151  155                                   
    82.5-180.0 180.0   5.0 450.0                            LAT/LON1/LON2/DLON/H
  132  142  146  146  154  163  169  174  177  182  186  190  193  197  201  203
  206  208  209  210  210  209  208  206  203  200  196  192  188  183  179  175
  170  166  162  159  155  152  149  147  145  143  142  140  140  139  139  139
  140  140  141  141  142  143  143  144  144  144  144  145  144  144  144  143
  144  143  141  140  136  146  133  132  132                                   
    80.0-180.0 180.0   5.0 450.0                            LAT/LON1/LON2/DLON/H
  102  109  116  118  126  132  141  149  156  162  168  174  179  184  189  193
  197  199  201  202  202  201  199  196  192  187  182  177  171  165  159  153
  148  142  137  133  129  125  122  119  117  115  114  113  113  113  113  114
  116  117  119  120  122  123  124  125  125  125  125  125  124  123  122  121
  121  120  118  115  106  109  100  108  102                                   
    77.5-180.0 180.0   5.0 450.0                            LAT/LON1/LON2/DLON/H
   86   87   91   94  103  110  120  129  137  144  152  160  167  174  181  187
  192  196  199  200  200  199  197  193  189  183  177  170  163  156  149  142
  136  129  124  118  114  109  105  102   99   96   94   93   92   92   93   94
   96   98  100  103  104  106  106  107  107  107  106  105  104  102  101   99
   97   95   93   92   86   82   79   89   86                                   
    75.0-180.0 180.0   5.0 450.0                            LAT/LON1/LON2/DLON/H
   67   70   72   77   86   94  103  112  122  131  139  148  157  165  173  180
  187  192  196  198  199  199  196  193  188  182  175  168  160  152  144  137
  129  123  116  111  106  101   97   92   89   86   83   81   81   81   82   84
   86   88   91   93   95   96   96   96   95   94   93   91   89   87   86   84
   81   79   78   74   70   66   62   63   67                                   
    72.5-180.0 180.0   5.0 450.0                            LAT/LON1/LON2/DLON/H
   60   64   66   75   82   91  101  110  119  128  137  147  157  167  176  185
  193  200  205  208  210  210  208  204  199  193  186  178  169  160  151  143
  135  127  120  114  108  103   98   93   88   83   80   77   76   76   77   79
   82   84   87   89   90   91   90   89   87   85   83   81   79   78   76   74
   71   69   68   65   62   59   58   63   60                                   
    70.0-180.0 180.0   5.0 450.0                            LAT/LON1/LON2/DLON/H
   60   65   69   78   85   94  103  113  122  131  140  150  160  171  181  190
  199  207  213  217  219  220  218  215  210  204  197  189  179  170  160  151
  142  134  126  119  113  107  100   94   89   83   79   75   74   73   74   76
   79   82   84   86   87   86   85   82   80   77   75   73   71   70   70   69
   67   65   65   63   62   60   62   64   60                                   
    67.5-180.0 180.0   5.0 450.0                            LAT/LON1/LON2/DLON/H
   65   72   76   87   96  106  115  125  134  143  153  163  174  185  195  206
  215  223  229  233  236  237  236  233  229  223  216  207  197  187  177  166
  156  147  138  130  122  114  107  100   93   87   81   77   74   73   73   75
   78   80   83   84   85   84   81   79   75   73   70   69   68   68   69   69
   68   67   67   64   64   63   64   66   65                                   
    65.0-180.0 180.0   5.0 450.0                            LAT/LON1/LON2/DLON/H
   66   74   79   92  100  111  121  132  141  152  162  173  184  196  207  217
  226  234  240  244  246  247  246  244  240  235  228  219  210  200  189  178
  167  156  145  135  126  117  109  101   93   85   79   74   70   67   67   67
   69   71   73   74   74   73   71   67   64   62   60   59   60   60   62   63
   64   64   65   64   65   66   67   71   66                                   
    62.5-180.0 180.0   5.0 450.0                            LAT/LON1/LON2/DLON/H
   65   73   78   92  102  114  125  138  149  161  172  184  197  208  220  230
  239  246  251  253  255  255  253  251  247  242  236  229  220  211  200  189
  177  165  152  140  129  118  109  100   91   83   76   70   65   61   59   58
   59   60   61   62   63   62   60   57   54   52   51   51   52   54   56   58
   59   60   62   61   61   63   63   69   65                                   
    60.0-180.0 180.0   5.0 450.0                            LAT/LON1/LON2/DLON/H
   61   67   73   87   98  111  125  139  152  166  179  193  206  218  230  240
  248  254  257  258  258  256  254  251  247  243  237  231  225  217  208  198
  185  172  158  144  131  119  108   99   90   82   75   68   62   56   52   50
   49   49   50   51   51   51   50   49   47   46   45   45   47   48   51   53
   54   55   56   56   56   57   58   65   61                                   
    57.5-180.0 180.0   5.0 450.0                            LAT/LON1/LON2/DLON/H
   56   62   67   82   94  109  125  141  156  171  186  200  214  227  238  249
  256  261  262  261  258  254  250  246  243  239  235  231  227  222  215  207
  195  181  166  150  135  122  111  102   94   87   79   72   65   58   52   47
   44   43   44   45   46   47   47   47   47   46   46   47   48   50   52   53
   53   54   55   54   53   53   54   62   56                                   
    55.0-180.0 180.0   5.0 450.0                            LAT/LON1/LON2/DLON/H
   57   61   67   82   95  112  129  147  164  180  195  209  222  235  246  256
  263  266  266  262  256  251  245  241  237  234  231  230  229  227  223  216
  206  192  175  159  143  129  118  110  103   96   90   83   75   66   59   53
   48   46   46   47   48   50   52   54   55   55   56   57   58   59   60   60
   59   59   59   58   56   54   54   62   57                                   
    52.5-180.0 180.0   5.0 450.0                            LAT/LON1/LON2/DLON/H
   63   66   75   89  105  123  142  160  178  193  208  220  232  243  253  263
  269  272  270  264  256  249  242  237  234  231  230  230  232  232  231  226
  217  203  187  169  153  140  130  122  116  111  105   99   91   82   73   66
   61   58   57   57   59   62   64   67   70   72   73   74   75   76   76   75
   72   71   71   69   66   63   62   67   63                                   
    50.0-180.0 180.0   5.0 450.0                            LAT/LON1/LON2/DLON/H
   77   80   90  105  124  144  164  182  199  213  225  235  244  253  262  270
  276  278  275  268  260  251  244  239  236  234  233  235  237  239  239  235
  226  213  197  180  165  152  142  135  131  127  122  117  109  101   92   85
   79   76   74   74   76   78   82   85   88   91   92   94   95   95   94   93
   90   89   88   86   83   78   76   79   77                                   
    47.5-180.0 180.0   5.0 450.0                            LAT/LON1/LON2/DLON/H
   95   98  110  128  149  172  192  209  225  238  247  253  259  264  271  278
  284  285  282  275  266  258  252  247  244  242  242  242  244  246  245  240
  231  218  203  188  174  162  153  147  143  139  136  131  125  118  111  105
   99   96   94   93   93   95   98  101  104  107  108  110  111  111  111  110
  107  107  106  105  102   97   93   95   95                                   
    45.0-180.0 180.0   5.0 450.0                            LAT/LON1/LON2/DLON/H
  114  118  130  151  175  199  220  237  251  263  270  274  276  278  282  287
  292  293  289  283  275  268  263  259  257  255  253  252  251  250  246  240
  230  218  204  191  178  168  160  154  149  145  143  139  135  130  124  119
  115  112  109  107  105  105  107  109  112  114  116  118  119  121  122  122
  120  120  120  121  119  114  110  112  114                                   
    42.5-180.0 180.0   5.0 450.0                            LAT/LON1/LON2/DLON/H
  127  132  146  171  197  221  242  259  273  285  291  294  293  292  294  297
  300  300  297  291  284  279  276  274  272  269  265  261  257  251  244  235
  225  213  202  191  181  172  164  156  150  146  143  140  137  134  130  127
  123  120  117  113  109  107  107  108  111  113  114  116  118  121  123  125
  125  126  127  129  128  124  120  123  127                                   
    40.0-180.0 180.0   5.0 450.0                            LAT/LON1/LON2/DLON/H
  131  137  152  181  209  233  254  272  287  301  308  311  310  308  307  307
  308  307  303  298  292  289  288  287  285  282  276  269  260  251  241  231
  221  212  203  195  187  178  169  160  152  146  142  139  137  134  131  128
  125  122  117  111  105  102  100  101  103  105  106  107  110  113  117  120
  120  122  124  126  126  122  119  125  131                                   
    37.5-180.0 180.0   5.0 450.0                            LAT/LON1/LON2/DLON/H
  126  133  149  180  209  233  255  275  293  310  321  326  326  324  321  320
  318  315  310  304  300  298  297  297  295  291  285  276  265  254  243  235
  228  223  218  212  204  194  182  170  159  151  146  143  140  137  134  131
  127  122  115  107  100   96   94   95   97   98   99   99  101  103  107  110
  111  113  114  115  114  110  108  116  126                                   
    35.0-180.0 180.0   5.0 450.0                            LAT/LON1/LON2/DLON/H
  118  124  141  172  201  224  249  271  292  313  329  338  341  340  337  334
  329  324  317  311  307  305  304  304  302  298  292  284  275  265  258  254
  253  253  252  247  238  224  208  191  177  167  161  157  154  150  146  140
  134  127  119  110  102   98   97   98  101  101  100   99   99  100  103  105
  105  105  104  103  100   94   94  102  118                                   
    32.5-180.0 180.0   5.0 450.0                            LAT/LON1/LON2/DLON/H
  112  115  133  162  189  211  238  263  289  314  335  349  356  357  355  350
  343  334  326  319  314  311  310  309  307  305  302  298  294  290  290  295
  302  308  310  305  291  272  249  227  209  197  190  187  183  178  172  164
  156  146  136  126  118  115  115  118  120  120  117  114  111  109  110  110
  107  105  101   96   91   83   83   90  112                                   
    30.0-180.0 180.0   5.0 450.0                            LAT/LON1/LON2/DLON/H
  111  112  129  155  181  202  231  257  286  315  340  359  370  374  373  367
  358  348  337  329  323  319  316  314  314  316  318  321  325  331  342  357
  374  387  390  382  361  333  302  274  253  240  233  230  227  222  214  205
  194  183  172  161  154  152  153  156  158  157  151  144  138  133  130  127
  122  117  109  100   92   81   80   84  111                                   
    27.5-180.0 180.0   5.0 450.0                            LAT/LON1/LON2/DLON/H
  116  116  131  155  180  201  230  257  288  318  347  368  383  390  390  385
  376  363  351  341  334  328  325  323  326  333  343  356  371  389  412  440
  467  486  488  473  442  402  362  327  302  288  283  282  281  277  269  260
  249  237  225  215  209  207  209  212  212  208  199  189  178  169  162  156
  148  140  128  116  105   91   86   86  116                                   
    25.0-180.0 180.0   5.0 450.0                            LAT/LON1/LON2/DLON/H
  128  125  138  161  187  207  236  263  294  326  355  378  395  404  407  403
  393  381  368  356  347  340  337  337  345  359  378  402  429  460  497  537
  573  594  591  564  520  467  417  375  347  333  330  332  334  332  327  320
  311  301  290  281  276  275  276  277  275  267  254  239  224  211  200  191
  180  170  154  140  126  110   98   97  128                                   
    22.5-180.0 180.0   5.0 450.0                            LAT/LON1/LON2/DLON/H
  144  140  150  172  199  219  248  273  304  335  364  388  406  418  422  420
  412  400  386  374  363  355  352  356  370  393  424  459  497  540  587  635
  674  691  678  639  581  516  456  408  377  364  363  368  374  377  377  374
  369  363  356  348  343  341  339  337  330  318  302  285  267  250  237  225
  212  201  183  169  150  132  115  114  144                                   
    20.0-180.0 180.0   5.0 450.0                            LAT/LON1/LON2/DLON/H
  162  157  163  185  213  232  260  284  314  344  373  397  417  431  438  438
  432  421  407  393  381  373  372  382  404  437  478  523  570  619  669  715
  747  755  732  681  614  540  473  421  388  374  375  383  392  400  406  410
  413  413  409  404  397  390  383  373  361  346  328  309  291  275  261  249
  237  227  210  195  172  152  133  133  162                                   
    17.5-180.0 180.0   5.0 450.0                            LAT/LON1/LON2/DLON/H
  175  172  176  198  226  244  271  293  321  351  380  406  428  445  455  459
  455  445  432  417  403  395  397  414  444  488  538  589  637  682  723  758
  778  775  744  689  617  540  470  415  380  365  365  374  385  397  408  420
  431  439  440  434  424  410  395  379  362  343  325  307  291  276  265  255
  246  239  224  211  187  164  145  148  175                                   
    15.0-180.0 180.0   5.0 450.0                            LAT/LON1/LON2/DLON/H
  180  179  183  207  235  253  280  300  327  356  386  415  440  460  475  482
  482  474  461  445  431  423  429  452  491  542  597  647  687  718  743  762
  769  758  724  668  598  524  455  400  363  345  342  348  358  371  387  405
  424  437  440  434  419  400  378  357  336  316  298  282  269  259  252  244
  238  233  223  211  189  166  147  153  180                                   
    12.5-180.0 180.0   5.0 450.0                            LAT/LON1/LON2/DLON/H
  175  176  183  210  240  260  286  306  333  363  394  425  453  478  497  508
  512  507  495  479  464  459  468  496  540  593  646  687  712  726  734  738
  735  718  684  634  572  506  442  388  349  327  319  319  325  336  353  374
  397  413  417  408  390  367  342  319  297  278  261  247  238  232  227  222
  217  215  207  196  179  158  140  147  175                                   
    10.0-180.0 180.0   5.0 450.0                            LAT/LON1/LON2/DLON/H
  161  164  176  207  240  264  292  314  342  373  406  439  470  498  520  536
  544  543  533  518  505  500  511  540  584  634  678  706  717  716  710  703
  692  673  643  603  553  499  443  392  352  325  310  303  302  308  322  344
  367  383  386  375  355  330  305  283  262  244  229  217  209  205  203  199
  194  192  185  175  162  143  126  135  161                                   
     7.5-180.0 180.0   5.0 450.0                            LAT/LON1/LON2/DLON/H
  145  148  165  200  237  266  299  325  355  389  424  459  491  520  544  564
  576  579  572  559  547  543  553  580  619  661  694  711  711  700  686  671
