data/edconvlstm_nd/pred2840.15i
     1.0            IONOSPHERE MAPS     GNSS                IONEX VERSION / TYPE
pyspatialgeodesy        IME             05-JAN-18 20:20     PGM / RUN BY / DATE 
Map Name                                                    COMMENT             
Predicted global ionosphere maps (GIM).                     DESCRIPTION         
  2015    10    11     0     0     0                        EPOCH OF FIRST MAP  
  2015    10    12     0     0     0                        EPOCH OF LAST MAP   
  7200                                                      INTERVAL            
    13                                                      # OF MAPS IN FILE   
  NONE                                                      MAPPING FUNCTION    
10.0                                                        ELEVATION CUTOFF    
One-way carrier phase leveled to code                       OBSERVABLES USED    
  6371.0                                                    BASE RADIUS         
 2                                                          MAP DIMENSION       
   450.0 450.0   0.0                                        HGT1 / HGT2 / DHGT  
    87.5 -87.5  -2.5                                        LAT1 / LAT2 / DLAT  
  -180.0 180.0   5.0                                        LON1 / LON2 / DLON  
    -1                                                      EXPONENT            
                                                            END OF HEADER       
[from data line 2145]
     6                                                      START OF TEC MAP    
  2015    10    11    10     0     0                        EPOCH OF CURRENT MAP
    87.5-180.0 180.0   5.0 450.0                            LAT/LON1/LON2/DLON/H
   32   41   39   41   43   42   43   38   39   41   42   43   43   43   44   44
   44   44   44   45   45   45   45   44   44   44   44   44   44   44   44   44
   44   44   44   43   43   43   42   42   42   41   41   41   40   40   40   40
   39   39   39   38   38   38   37   37   36   36   35   35   34   34   33   34
   34   34   32   32   37   42   56   58   32                                   
    85.0-180.0 180.0   5.0 450.0                            LAT/LON1/LON2/DLON/H
   26   46   52   44   46   48   48   48   48   50   49   50   50   51   51   51
   52   52   53   53   53   54   54   54   55   55   55   56   56   56   56   56
   56   56   56   55   55   54   54   53   53   52   52   51   51   51   51   50
   50   50   50   49   49   48   48   47   47   46   45   45   44   44   43   43
   44   44   40   39   44   47   58   55   26                                   
    82.5-180.0 180.0   5.0 450.0                            LAT/LON1/LON2/DLON/H
   23   35   48   43   44   45   45   45   45   46   46   47   47   47   47   47
   47   48   48   48   49   49   50   50   51   52   52   53   54   55   55   56
   56   56   56   56   56   55   55   54   54   53   53   53   52   52   52   52
   52   52   52   51   51   50   49   48   47   46   45   44   43   42   41   41
   41   41   38   37   45   47   47   45   23                                   
    80.0-180.0 180.0   5.0 450.0                            LAT/LON1/LON2/DLON/H
   27   33   46   42   45   43   43   42   43   43   43   44   43   43   43   43
   43   44   44   45   45   46   46   47   48   50   51   52   54   55   57   58
   59   59   60   60   60   59   59   58   58   57   57   57   57   58   58   58
   58   58   58   58   57   56   55   53   52   50   48   46   44   42   41   40
   40   39   39   38   43   47   48   48   27                                   
    77.5-180.0 180.0   5.0 450.0                            LAT/LON1/LON2/DLON/H
   40   40   43   39   40   40   40   39   40   40   39   40   40   40   40   40
   41   41   42   42   42   43   44   44   45   47   48   50   52   55   57   59
   60   61   61   61   61   60   60   59   59   59   59   60   61   62   63   64
   65   65   65   65   64   63   61   59   57   54   51   48   46   43   40   38
   37   36   34   35   36   35   41   43   40                                   
    75.0-180.0 180.0   5.0 450.0                            LAT/LON1/LON2/DLON/H
   31   37   38   36   38   39   38   37   37   37   35   36   36   36   36   37
   37   38   38   39   39   40   40   41   42   44   46   48   51   54   57   60
   62   63   63   63   63   62   61   61   61   61   62   64   66   67   69   71
   72   73   73   73   72   71   69   66   64   60   57   53   49   45   41   38
   36   34   33   31   34   33   37   35   31                                   
    72.5-180.0 180.0   5.0 450.0                            LAT/LON1/LON2/DLON/H
   32   35   35   34   35   38   37   35   35   34   33   33   33   33   34   34
   35   36   36   36   36   36   36   37   37   39   41   44   47   51   55   59
   62   63   64   64   63   62   62   62   63   64   66   69   71   74   76   78
   79   80   80   79   78   77   75   72   69   66   62   57   53   48   44   40
   36   34   33   31   33   32   35   36   32                                   
    70.0-180.0 180.0   5.0 450.0                            LAT/LON1/LON2/DLON/H
   29   32   35   34   35   35   34   33   33   33   31   32   31   32   33   34
   34   35   36   36   35   35   34   34   35   36   38   41   45   50   54   59
   62   64   65   65   64   64   64   64   66   68   71   75   78   80   83   84
   85   85   85   84   82   81   78   76   73   69   65   61   56   51   46   42
   38   34   33   31   33   32   37   38   29                                   
    67.5-180.0 180.0   5.0 450.0                            LAT/LON1/LON2/DLON/H
   26   29   32   31   33   33   33   32   32   31   30   31   31   32   33   34
   35   36   36   36   35   34   33   32   32   33   34   37   41   46   52   56
   60   62   63   63   63   63   64   66   68   71   75   79   82   84   86   87
   87   87   85   84   82   79   77   75   72   69   66   63   58   54   48   44
   39   35   33   30   31   30   33   34   26                                   
    65.0-180.0 180.0   5.0 450.0                            LAT/LON1/LON2/DLON/H
   23   27   30   30   31   32   32   31   31   31   30   31   32   33   35   36
   37   38   38   37   36   35   34   32   32   32   34   37   41   46   52   57
   61   63   64   64   65   65   67   69   73   77   81   85   88   90   91   90
   90   88   87   84   82   79   77   74   72   70   67   64   61   56   51   46
   42   37   35   32   33   31   34   35   23                                   
    62.5-180.0 180.0   5.0 450.0                            LAT/LON1/LON2/DLON/H
   22   25   28   28   30   30   30   30   30   31   30   32   32   34   36   37
   38   39   39   38   37   36   34   33   33   33   35   37   41   47   52   57
   61   64   65   65   66   67   70   73   78   83   87   90   93   93   93   93
   91   90   88   85   82   79   76   73   71   69   67   65   62   57   53   48
   43   39   37   33   33   31   34   35   22                                   
    60.0-180.0 180.0   5.0 450.0                            LAT/LON1/LON2/DLON/H
   24   26   28   27   28   28   28   28   28   29   28   30   31   33   35   36
   37   37   37   36   35   34   34   33   33   34   36   38   42   47   53   58
   61   64   65   66   67   69   72   77   82   87   91   93   95   95   94   93
   93   91   90   87   84   80   77   73   70   68   66   64   61   57   52   48
   43   39   37   34   34   32   33   34   24                                   
    57.5-180.0 180.0   5.0 450.0                            LAT/LON1/LON2/DLON/H
   28   29   30   29   29   28   28   27   28   28   27   29   30   32   34   35
   35   35   34   33   33   33   33   34   35   36   38   41   45   50   55   60
   63   66   67   68   70   73   77   82   87   92   95   97   98   98   98   98
   99   99   98   97   94   89   84   80   76   73   70   68   64   60   55   51
   46   42   41   37   38   35   36   36   28                                   
    55.0-180.0 180.0   5.0 450.0                            LAT/LON1/LON2/DLON/H
   35   34   35   32   31   30   30   28   28   27   27   28   29   31   32   33
   33   32   31   30   30   30   32   34   36   39   42   45   49   53   58   62
   66   69   71   72   74   78   82   88   93   97  100  102  102  102  103  105
  108  110  112  111  108  103   97   91   86   81   78   74   70   65   60   55
   50   46   46   43   43   39   40   40   35                                   
    52.5-180.0 180.0   5.0 450.0                            LAT/LON1/LON2/DLON/H
   44   41   41   38   36   34   33   31   30   28   27   28   28   30   31   31
   31   29   28   27   27   29   31   34   38   42   45   49   52   57   61   65
   69   73   75   78   81   85   90   96  101  104  106  107  108  109  111  115
  120  125  128  129  126  121  114  106   99   93   89   84   79   73   67   62
   57   53   54   50   50   46   46   46   44                                   
    50.0-180.0 180.0   5.0 450.0                            LAT/LON1/LON2/DLON/H
   53   48   48   45   42   40   39   36   33   31   29   29   29   30   31   31
   30   28   27   26   26   28   31   35   40   44   48   52   56   59   64   68
   73   77   81   85   89   94  100  106  110  113  115  115  116  117  121  127
  133  140  145  146  144  138  129  120  112  106  101   96   90   84   77   71
   66   63   63   60   59   55   54   54   53                                   
    47.5-180.0 180.0   5.0 450.0                            LAT/LON1/LON2/DLON/H
   61   56   56   53   48   48   45   42   39   36   33   32   31   32   32   32
   31   29   28   27   27   29   32   36   41   46   50   54   58   62   66   71
   76   82   88   93   99  106  112  118  123  125  126  127  127  129  133  139
  146  152  157  158  156  149  140  131  123  116  111  106  101   95   88   82
   77   74   74   70   69   65   64   63   61                                   
    45.0-180.0 180.0   5.0 450.0                            LAT/LON1/LON2/DLON/H
   67   62   61   60   55   55   52   49   45   41   38   36   35   35   36   35
   34   33   31   31   31   32   34   38   42   47   52   56   60   63   68   73
   80   88   95  103  111  119  126  133  138  140  141  141  141  142  146  150
  156  161  164  164  160  154  145  136  129  123  119  115  110  104   98   92
   87   84   83   79   77   73   73   72   67                                   
    42.5-180.0 180.0   5.0 450.0                            LAT/LON1/LON2/DLON/H
   70   66   64   64   60   60   58   55   51   47   44   42   41   41   41   41
   40   39   37   36   36   36   37   40   44   49   54   58   61   65   70   76
   84   94  103  113  123  133  142  150  155  157  158  157  157  157  158  161
  163  165  166  164  159  153  145  137  131  127  124  121  117  112  106  101
   96   92   91   86   83   80   79   78   70                                   
    40.0-180.0 180.0   5.0 450.0                            LAT/LON1/LON2/DLON/H
   68   65   64   65   61   62   60   58   56   53   50   49   48   48   48   48
   48   47   46   45   44   43   42   44   47   51   56   60   64   68   73   80
   90  100  112  124  136  148  158  167  172  175  175  174  173  172  171  171
  170  168  166  163  157  151  143  137  133  130  128  127  123  118  113  108
  103   98   96   90   86   82   81   80   68                                   
    37.5-180.0 180.0   5.0 450.0                            LAT/LON1/LON2/DLON/H
   64   63   61   62   59   60   59   58   58   57   55   55   56   57   57   57
   57   57   56   55   53   50   48   48   50   54   59   63   67   72   78   86
   96  108  122  135  149  162  173  183  189  192  192  191  190  188  185  182
  179  175  171  167  161  155  148  143  139  137  136  134  130  125  119  113
  108  102   99   92   87   82   80   79   64                                   
    35.0-180.0 180.0   5.0 450.0                            LAT/LON1/LON2/DLON/H
   61   61   59   58   56   56   56   57   57   58   59   61   63   65   67   68
   67   67   66   64   62   58   55   53   55   58   63   68   73   79   85   94
  105  118  132  147  162  175  188  197  204  207  208  207  206  205  202  199
  195  191  188  184  179  172  166  160  156  154  151  147  142  135  127  120
  113  106  102   94   88   81   78   76   61                                   
    32.5-180.0 180.0   5.0 450.0                            LAT/LON1/LON2/DLON/H
   59   60   58   55   52   53   53   54   56   58   61   65   69   73   75   77
   76   75   74   72   69   64   60   59   60   64   70   75   81   88   95  104
  116  129  144  160  174  188  200  210  217  220  222  223  224  224  224  222
  221  220  220  218  214  207  200  193  188  183  178  171  162  151  140  130
  121  112  106   97   90   81   78   75   59                                   
    30.0-180.0 180.0   5.0 450.0                            LAT/LON1/LON2/DLON/H
   62   63   59   55   51   52   52   52   54   57   61   67   72   78   81   83
   82   81   79   77   73   68   64   63   65   70   77   83   90   98  106  116
  129  143  158  173  188  201  213  222  229  233  236  239  243  247  251  254
  258  263  267  268  266  259  251  242  234  226  217  205  191  176  161  147
  134  123  115  104   97   85   82   79   62                                   
    27.5-180.0 180.0   5.0 450.0                            LAT/LON1/LON2/DLON/H
   70   70   66   59   54   55   54   53   54   57   61   67   73   79   84   85
   85   83   80   77   73   69   67   67   70   76   83   91   99  108  118  129
  142  157  173  189  203  216  226  235  241  246  251  257  264  273  283  293
  303  315  324  330  329  322  311  300  289  278  264  248  230  210  190  172
  156  141  131  117  109   95   93   88   70                                   
    25.0-180.0 180.0   5.0 450.0                            LAT/LON1/LON2/DLON/H
   85   82   77   68   64   63   61   59   58   59   61   66   72   78   82   84
   83   81   78   74   71   68   67   69   74   81   89   98  107  117  129  142
  157  173  190  206  220  232  241  249  255  261  268  277  289  304  319  336
  354  372  387  396  395  387  374  360  346  332  316  296  274  250  227  205
  185  167  154  137  129  112  110  103   85                                   
    22.5-180.0 180.0   5.0 450.0                            LAT/LON1/LON2/DLON/H
  105  100   93   83   79   78   75   70   66   65   64   66   70   74   77   79
   78   75   72   70   67   66   67   71   77   85   94  103  113  125  139  155
  172  190  208  225  239  250  258  266  272  279  289  301  317  336  358  380
  404  427  447  457  456  445  429  413  397  381  364  343  319  294  268  244
  220  200  183  164  155  136  133  124  105                                   
    20.0-180.0 180.0   5.0 450.0                            LAT/LON1/LON2/DLON/H
  129  121  112  101   98   97   94   86   79   74   70   69   69   70   72   72
   71   69   67   65   64   64   67   72   80   88   96  106  117  132  149  167
  186  206  226  243  258  269  277  284  292  300  312  327  347  370  395  421
  449  475  496  506  503  489  470  452  437  422  405  384  361  335  309  284
  259  237  216  196  185  165  160  150  129                                   
    17.5-180.0 180.0   5.0 450.0                            LAT/LON1/LON2/DLON/H
  155  146  135  123  120  117  113  105   95   87   79   73   69   67   67   66
   65   64   63   62   63   64   68   74   81   90   98  108  121  138  157  178
  199  221  242  261  276  287  296  304  312  323  336  354  376  401  427  454
  482  508  527  535  528  511  491  474  461  449  435  417  396  372  347  321
  296  273  250  229  216  196  188  178  155                                   
    15.0-180.0 180.0   5.0 450.0                            LAT/LON1/LON2/DLON/H
  181  172  159  147  142  138  133  123  111  100   89   80   73   67   64   62
   62   62   63   64   65   67   71   77   84   92  101  112  126  144  165  187
  210  233  255  274  290  303  313  322  332  345  360  379  401  426  451  477
  502  525  540  543  532  513  493  478  470  463  454  440  422  400  377  352
  328  306  282  261  246  226  216  205  181                                   
    12.5-180.0 180.0   5.0 450.0                            LAT/LON1/LON2/DLON/H
  206  197  184  171  164  158  152  141  127  114  101   89   78   70   65   62
   62   64   67   70   72   74   77   83   90   98  107  118  133  152  174  197
  219  242  264  284  300  314  326  337  350  364  380  400  421  444  467  490
  510  527  537  535  521  501  482  470  466  464  461  452  438  419  397  374
  351  331  309  288  272  252  241  228  206                                   
    10.0-180.0 180.0   5.0 450.0                            LAT/LON1/LON2/DLON/H
  228  219  207  193  185  176  168  156  141  126  112   99   87   77   70   67
   67   70   75   80   83   85   87   91   98  106  116  128  143  162  183  205
  227  249  269  288  305  320  333  347  362  378  396  414  434  455  476  494
  511  523  527  521  505  484  466  457  455  458  458  453  442  426  406  385
  365  347  328  308  292  274  262  248  228                                   
     7.5-180.0 180.0   5.0 450.0                            LAT/LON1/LON2/DLON/H
  248  238  227  210  202  191  181  167  151  136  122  109   97   86   78   75
   75   80   86   92   95   96   98  102  109  118  128  140  155  173  193  214
