data/edconvlstm_nd/pred3450.15i
     1.0            IONOSPHERE MAPS     GNSS                IONEX VERSION / TYPE
pyspatialgeodesy        IME             05-JAN-18 20:20     PGM / RUN BY / DATE 
Map Name                                                    COMMENT             
Predicted global ionosphere maps (GIM).                     DESCRIPTION         
  2015    12    11     0     0     0                        EPOCH OF FIRST MAP  
  2015    12    12     0     0     0                        EPOCH OF LAST MAP   
  7200                                                      INTERVAL            
    13                                                      # OF MAPS IN FILE   
  NONE                                                      MAPPING FUNCTION    
10.0                                                        ELEVATION CUTOFF    
One-way carrier phase leveled to code                       OBSERVABLES USED    
  6371.0                                                    BASE RADIUS         
 2                                                          MAP DIMENSION       
   450.0 450.0   0.0                                        HGT1 / HGT2 / DHGT  
    87.5 -87.5  -2.5                                        LAT1 / LAT2 / DLAT  
  -180.0 180.0   5.0                                        LON1 / LON2 / DLON  
    -1                                                      EXPONENT            
                                                            END OF HEADER       
[from data line 3003]
     8                                                      START OF TEC MAP    
  2015    12    11    14     0     0                        EPOCH OF CURRENT MAP
    87.5-180.0 180.0   5.0 450.0                            LAT/LON1/LON2/DLON/H
   48   58   59   61   65   64   64   60   61   63   62   63   63   63   63   62
   62   62   62   61   61   60   60   59   59   58   58   57   57   56   56   55
   54   54   53   53   53   52   52   52   52   52   52   53   53   54   54   55
   55   56   56   56   57   57   57   57   57   57   57   57   56   56   56   56
   57   57   55   52   55   57   72   74   48                                   
    85.0-180.0 180.0   5.0 450.0                            LAT/LON1/LON2/DLON/H
   50   62   75   59   61   64   64   64   64   66   65   66   66   66   66   66
   66   66   66   66   66   66   65   65   65   64   64   63   62   62   61   60
   59   58   58   57   56   56   55   55   55   55   55   56   56   57   57   58
   59   60   60   61   61   61   61   61   61   61   61   61   60   60   60   60
   61   61   57   53   57   58   68   66   50                                   
    82.5-180.0 180.0   5.0 450.0                            LAT/LON1/LON2/DLON/H
   40   50   61   52   54   56   57   57   57   58   58   59   59   59   58   58
   58   58   58   58   58   58   58   58   58   58   58   57   57   56   55   54
   53   52   51   50   49   48   47   47   46   46   47   47   48   49   50   51
   52   53   54   55   55   56   56   56   55   55   54   54   53   53   53   53
   53   53   49   47   54   61   60   58   40                                   
    80.0-180.0 180.0   5.0 450.0                            LAT/LON1/LON2/DLON/H
   35   40   55   47   50   48   51   51   52   53   53   54   53   53   53   53
   53   53   53   54   54   55   55   55   55   55   55   55   54   54   53   52
   50   49   47   46   44   43   41   41   40   40   40   41   42   44   46   48
   50   52   53   55   56   56   56   55   54   53   52   51   50   49   48   48
   48   48   47   46   47   54   54   58   35                                   
    77.5-180.0 180.0   5.0 450.0                            LAT/LON1/LON2/DLON/H
   44   43   47   41   44   43   46   47   49   49   48   49   49   49   49   49
   49   50   51   51   52   53   54   54   54   54   54   54   53   52   51   50
   49   47   45   43   41   39   37   35   34   34   34   35   37   39   42   45
   49   52   54   56   58   58   58   57   55   53   52   50   48   47   46   45
   44   44   42   42   42   43   47   51   44                                   
    75.0-180.0 180.0   5.0 450.0                            LAT/LON1/LON2/DLON/H
   35   38   41   38   41   41   42   43   45   46   46   47   46   47   47   47
   48   49   51   52   54   55   57   58   59   59   59   58   57   57   56   55
   53   52   50   48   45   42   39   36   34   33   33   33   35   38   42   47
   51   55   59   61   62   63   62   60   58   56   54   52   50   48   47   46
   45   45   44   42   43   40   41   38   35                                   
    72.5-180.0 180.0   5.0 450.0                            LAT/LON1/LON2/DLON/H
   37   38   39   37   38   39   41   41   42   43   43   44   44   44   44   45
   46   48   50   52   54   57   59   61   62   62   62   61   61   60   59   59
   58   57   56   53   50   47   43   39   35   32   31   31   33   36   41   45
   50   55   59   61   62   62   61   60   57   55   52   50   48   47   45   45
   44   43   43   41   42   39   41   41   37                                   
    70.0-180.0 180.0   5.0 450.0                            LAT/LON1/LON2/DLON/H
   36   37   40   38   39   39   40   41   43   45   45   46   46   46   47   48
   49   51   54   58   61   65   68   70   71   72   72   71   70   70   69   70
   70   69   69   67   64   59   54   49   43   39   36   35   36   39   43   48
   53   57   61   63   64   64   62   61   58   56   54   52   51   50   49   49
   48   47   47   45   45   42   46   45   36                                   
    67.5-180.0 180.0   5.0 450.0                            LAT/LON1/LON2/DLON/H
   37   38   40   39   41   41   43   45   47   47   48   49   49   50   51   52
   54   56   60   64   68   72   76   79   80   81   80   79   79   78   78   79
   80   81   81   80   77   72   66   59   53   47   42   40   40   42   45   49
   53   56   59   60   61   60   59   57   56   54   53   52   52   51   51   51
   51   50   49   46   45   43   44   42   37                                   
    65.0-180.0 180.0   5.0 450.0                            LAT/LON1/LON2/DLON/H
   36   39   40   41   42   42   44   46   48   49   50   52   52   53   54   56
   58   61   65   70   75   80   84   87   89   90   89   88   88   88   89   90
   92   94   95   94   90   85   78   71   63   56   50   47   45   45   47   49
   51   53   54   54   53   52   52   51   50   50   50   50   51   51   52   52
   52   52   52   49   48   46   46   44   36                                   
    62.5-180.0 180.0   5.0 450.0                            LAT/LON1/LON2/DLON/H
   36   39   40   41   42   43   44   46   47   49   50   52   53   54   56   58
   60   64   68   73   79   84   89   93   95   96   96   95   95   96   97  100
  102  104  105  104  101   95   88   80   71   63   57   53   50   48   48   47
   47   46   45   44   43   42   42   42   42   44   45   46   47   48   49   50
   50   50   50   48   47   44   44   42   36                                   
    60.0-180.0 180.0   5.0 450.0                            LAT/LON1/LON2/DLON/H
   36   40   40   41   41   41   41   42   43   45   46   48   49   51   53   56
   59   63   68   73   79   85   90   94   97   99  100  100  101  103  105  108
  110  112  113  111  107  101   94   86   77   70   63   58   54   51   48   45
   42   39   36   33   31   30   31   32   34   36   38   40   42   43   44   44
   45   45   46   44   44   42   41   40   36                                   
    57.5-180.0 180.0   5.0 450.0                            LAT/LON1/LON2/DLON/H
   37   41   42   43   43   42   41   40   41   41   42   44   46   48   51   54
   58   63   68   73   79   85   90   95   99  102  105  107  110  112  116  119
  121  122  121  119  114  108  101   93   86   79   73   67   62   57   52   47
   41   36   31   27   24   24   25   27   30   33   35   38   39   40   40   41
   41   41   43   42   43   41   40   41   37                                   
    55.0-180.0 180.0   5.0 450.0                            LAT/LON1/LON2/DLON/H
   41   45   47   48   46   45   42   40   39   39   39   41   43   45   48   52
   57   62   67   73   79   85   90   96  101  106  110  115  119  123  127  130
  132  131  129  126  121  115  108  101   95   89   84   79   73   67   59   52
   44   37   30   26   23   22   23   26   29   33   36   38   39   39   39   39
   39   39   42   42   44   42   42   43   41                                   
    52.5-180.0 180.0   5.0 450.0                            LAT/LON1/LON2/DLON/H
   47   52   54   56   53   51   46   42   40   38   38   39   41   43   46   51
   56   62   68   74   80   85   92   98  104  111  118  124  130  135  139  142
  142  140  137  133  128  122  116  111  106  102   98   93   86   79   70   61
   52   43   36   31   27   26   27   30   34   37   40   42   42   42   41   41
   41   42   45   46   49   48   47   48   47                                   
    50.0-180.0 180.0   5.0 450.0                            LAT/LON1/LON2/DLON/H
   55   61   63   65   62   60   54   49   45   42   41   41   42   44   47   52
   58   64   71   77   83   89   95  102  110  118  126  134  141  147  150  152
  151  148  144  139  135  130  126  122  118  115  112  107  100   92   82   72
   63   54   47   41   37   36   36   38   42   45   47   49   49   48   47   46
   46   48   52   54   57   56   56   55   55                                   
    47.5-180.0 180.0   5.0 450.0                            LAT/LON1/LON2/DLON/H
   64   69   72   75   73   71   64   58   53   50   48   48   47   48   51   55
   62   69   76   83   89   95  102  110  118  127  136  144  151  156  159  158
  156  153  149  145  142  139  136  134  131  129  126  121  114  104   94   84
   75   67   60   54   50   47   47   48   51   53   55   56   56   55   55   55
   55   58   62   65   67   67   67   65   64                                   
    45.0-180.0 180.0   5.0 450.0                            LAT/LON1/LON2/DLON/H
   71   76   78   83   82   81   74   69   64   62   59   58   57   56   58   63
   69   77   85   92   99  105  113  121  130  138  147  154  159  162  163  161
  158  154  151  149  148  147  146  145  144  142  138  132  124  114  104   95
   87   79   73   66   61   57   56   56   58   60   61   62   63   63   63   63
   64   67   72   75   77   78   78   74   71                                   
    42.5-180.0 180.0   5.0 450.0                            LAT/LON1/LON2/DLON/H
   75   79   81   87   88   87   82   79   76   75   72   71   69   68   69   73
   80   89   97  105  112  119  126  134  143  150  157  161  164  164  163  160
  157  154  153  153  155  156  157  156  155  152  148  141  132  122  112  103
   96   90   83   76   69   64   61   60   60   62   63   65   66   67   68   70
   71   74   79   81   84   85   84   80   75                                   
    40.0-180.0 180.0   5.0 450.0                            LAT/LON1/LON2/DLON/H
   74   77   78   86   88   90   87   86   85   85   84   83   81   80   81   86
   93  103  112  120  128  135  142  150  156  162  166  168  167  165  161  158
  155  154  156  159  163  166  167  167  165  161  156  148  139  128  119  111
  104   97   90   81   73   66   62   60   60   60   62   64   66   68   71   73
   75   77   81   83   85   86   84   81   74                                   
    37.5-180.0 180.0   5.0 450.0                            LAT/LON1/LON2/DLON/H
   70   71   72   81   83   87   86   88   89   92   92   93   92   92   94  100
  108  118  128  137  145  153  159  165  170  173  174  173  170  166  162  160
  159  160  164  169  174  178  180  178  175  171  164  156  146  136  127  119
  112  104   95   85   74   66   61   59   58   58   59   61   64   67   70   72
   74   75   78   79   80   81   79   78   70                                   
    35.0-180.0 180.0   5.0 450.0                            LAT/LON1/LON2/DLON/H
   63   64   64   72   75   79   81   85   88   92   95   98   99  102  106  113
  122  134  145  155  163  170  175  180  183  184  182  179  175  171  169  170
  172  176  181  187  193  196  196  193  189  183  177  168  159  148  139  131
  123  114  103   91   79   69   63   60   59   59   59   60   63   65   68   70
   71   71   73   73   73   73   71   71   63                                   
    32.5-180.0 180.0   5.0 450.0                            LAT/LON1/LON2/DLON/H
   56   58   58   64   66   70   74   78   83   88   93   98  102  108  115  124
  136  148  160  171  180  186  190  193  193  193  190  187  184  184  186  191
  198  204  211  216  220  221  218  214  208  202  195  187  178  168  159  150
  141  130  117  103   90   79   73   70   68   67   65   65   66   67   69   70
   69   68   68   67   67   66   63   65   56                                   
    30.0-180.0 180.0   5.0 450.0                            LAT/LON1/LON2/DLON/H
   52   55   55   59   60   62   66   70   75   80   87   94  102  111  121  133
  147  161  174  186  195  200  203  203  202  201  199  198  200  204  213  225
  236  246  252  255  255  253  248  241  234  228  222  215  206  197  188  178
  167  155  140  125  111  101   94   90   87   84   81   79   77   76   75   74
   71   68   67   64   65   62   58   62   52                                   
    27.5-180.0 180.0   5.0 450.0                            LAT/LON1/LON2/DLON/H
   52   57   58   58   58   59   61   63   67   72   79   88   98  111  125  140
  155  170  185  197  206  211  212  211  209  208  209  212  220  233  250  268
  285  297  303  302  298  291  283  275  267  261  256  250  243  234  225  214
  202  188  172  156  143  134  127  122  118  113  107  102   97   93   89   85
   79   75   71   67   68   63   59   62   52                                   
    25.0-180.0 180.0   5.0 450.0                            LAT/LON1/LON2/DLON/H
   57   64   64   61   60   60   60   60   62   66   72   81   93  109  126  144
  161  177  192  204  214  218  219  217  214  215  220  229  245  266  292  318
  340  354  358  354  344  333  322  312  305  300  295  291  284  277  267  256
  242  226  210  196  184  175  168  162  156  149  141  133  125  117  110  103
   94   88   82   77   77   71   65   65   57                                   
    22.5-180.0 180.0   5.0 450.0                            LAT/LON1/LON2/DLON/H
   66   74   72   68   66   64   63   60   60   62   67   76   90  107  126  146
  164  181  195  208  217  222  223  221  220  223  233  249  272  302  336  368
  394  409  411  402  389  374  360  350  343  339  336  332  327  320  311  298
  283  266  250  237  227  219  211  203  195  186  177  167  156  145  135  125
  114  106   97   91   90   83   74   72   66                                   
    20.0-180.0 180.0   5.0 450.0                            LAT/LON1/LON2/DLON/H
   77   85   81   75   72   70   68   64   62   63   66   75   88  106  127  148
  166  183  197  209  219  224  226  225  227  234  248  271  300  337  376  413
  440  454  453  441  424  407  393  383  378  375  373  371  367  360  350  337
  321  303  288  275  266  258  249  238  227  217  206  195  184  171  158  146
  134  125  114  108  105   96   86   81   77                                   
    17.5-180.0 180.0   5.0 450.0                            LAT/LON1/LON2/DLON/H
   88   94   88   82   79   76   74   69   67   67   69   77   91  109  131  152
  170  185  198  210  220  227  230  233  238  250  268  295  329  368  409  446
  471  482  478  464  446  429  417  409  405  403  402  401  397  392  382  369
  351  333  316  304  294  283  271  258  245  233  223  213  202  188  175  162
  149  140  128  123  119  108   97   91   88                                   
    15.0-180.0 180.0   5.0 450.0                            LAT/LON1/LON2/DLON/H
   96  101   93   88   83   80   78   73   71   72   75   83   97  116  138  159
  177  191  203  214  224  232  238  245  255  271  293  322  356  394  432  464
  485  492  486  472  455  441  431  425  423  422  422  421  418  413  404  390
  371  351  333  318  305  291  276  259  245  234  226  217  207  195  182  169
  156  148  136  132  128  116  105   99   96                                   
    12.5-180.0 180.0   5.0 450.0                            LAT/LON1/LON2/DLON/H
   99  103   94   91   85   81   80   75   74   76   81   90  105  126  149  171
  188  202  212  222  231  241  251  263  279  299  323  351  381  413  444  470
  485  489  482  470  456  445  438  435  434  434  433  433  430  426  416  401
  381  359  337  319  302  284  266  248  234  224  217  211  203  192  181  169
  157  149  139  135  131  120  110  104   99                                   
    10.0-180.0 180.0   5.0 450.0                            LAT/LON1/LON2/DLON/H
  100  101   94   91   86   80   79   74   75   78   86   98  115  138  163  186
  204  217  227  235  244  256  270  288  309  332  356  379  403  426  448  466
  476  478  473  464  455  447  443  441  441  440  440  439  437  433  423  407
  385  360  335  312  291  271  251  233  220  211  206  201  195  186  176  165
  154  146  138  134  130  121  112  106  100                                   
     7.5-180.0 180.0   5.0 450.0                            LAT/LON1/LON2/DLON/H
   99   99   92   90   84   78   76   72   73   78   88  103  124  149  177  203
  222  236  245  253  263  276  295  318  343  367  388  405  421  435  448  459
