data/edconvlstm_nd/pred3020.15i
     1.0            IONOSPHERE MAPS     GNSS                IONEX VERSION / TYPE
pyspatialgeodesy        IME             05-JAN-18 20:20     PGM / RUN BY / DATE 
Map Name                                                    COMMENT             
Predicted global ionosphere maps (GIM).                     DESCRIPTION         
  2015    10    29     0     0     0                        EPOCH OF FIRST MAP  
  2015    10    30     0     0     0                        EPOCH OF LAST MAP   
  7200                                                      INTERVAL            
    13                                                      # OF MAPS IN FILE   
  NONE                                                      MAPPING FUNCTION    
10.0                                                        ELEVATION CUTOFF    
One-way carrier phase leveled to code                       OBSERVABLES USED    
  6371.0                                                    BASE RADIUS         
 2                                                          MAP DIMENSION       
   450.0 450.0   0.0                                        HGT1 / HGT2 / DHGT  
    87.5 -87.5  -2.5                                        LAT1 / LAT2 / DLAT  
  -180.0 180.0   5.0                                        LON1 / LON2 / DLON  
    -1                                                      EXPONENT            
                                                            END OF HEADER       
[from data line 3861]
    10                                                      START OF TEC MAP    
  2015    10    29    18     0     0                        EPOCH OF CURRENT MAP
    87.5-180.0 180.0   5.0 450.0                            LAT/LON1/LON2/DLON/H
   88   90   87   92   98   96   96   94   95   98   98  100  101  103  104  106
  107  109  110  111  112  112  112  112  112  112  111  111  110  109  108  107
  106  104  103  102  101  100   99   98   98   97   97   96   96   96   97   97
   97   97   97   98   98   98   98   98   98   98   98   97   97   97   96   95
   95   95   91   86   89   87   99  101   88                                   
    85.0-180.0 180.0   5.0 450.0                            LAT/LON1/LON2/DLON/H
   89   88   98   84   87   92   92   95   97  100  101  104  106  109  111  113
  116  118  119  121  122  122  123  123  123  122  121  120  119  118  117  115
  114  112  111  109  108  107  106  104  104  103  102  102  102  102  102  102
  102  103  103  103  103  103  103  103  103  102  102  101  100  100   99   98
   97   96   91   85   85   86   87   86   89                                   
    82.5-180.0 180.0   5.0 450.0                            LAT/LON1/LON2/DLON/H
   63   68   71   66   71   75   78   81   84   88   92   96  100  104  108  112
  116  120  122  125  126  127  128  128  127  126  125  123  121  119  117  115
  113  111  108  106  104  102  100   98   97   96   95   94   94   94   94   95
   95   96   96   96   96   96   96   96   95   95   94   93   91   90   88   87
   86   83   78   74   74   83   73   74   63                                   
    80.0-180.0 180.0   5.0 450.0                            LAT/LON1/LON2/DLON/H
   40   45   52   50   55   55   61   66   72   77   83   90   95  101  107  113
  118  122  125  127  129  129  129  128  126  124  121  118  115  112  109  106
  103  100   97   94   92   89   86   84   83   82   81   81   81   82   83   84
   85   86   87   88   89   89   89   88   88   87   86   85   83   81   79   77
   75   73   69   65   59   64   55   65   40                                   
    77.5-180.0 180.0   5.0 450.0                            LAT/LON1/LON2/DLON/H
   39   41   41   39   44   46   53   58   66   72   79   88   96  105  112  120
  126  131  135  137  138  138  136  133  130  126  122  118  114  110  106  103
   99   95   92   88   84   80   77   74   72   70   69   69   70   71   72   74
   76   77   78   79   80   80   80   79   79   77   76   74   72   70   68   65
   63   61   59   57   52   50   46   58   39                                   
    75.0-180.0 180.0   5.0 450.0                            LAT/LON1/LON2/DLON/H
   28   33   32   35   39   43   48   55   65   73   82   93  102  112  121  129
  136  142  146  148  148  146  143  139  134  128  122  117  112  108  104  100
   96   92   88   84   79   75   70   67   64   62   61   62   63   64   66   68
   70   71   73   73   73   73   73   72   71   69   68   66   64   62   60   57
   55   54   53   50   46   43   39   41   28                                   
    72.5-180.0 180.0   5.0 450.0                            LAT/LON1/LON2/DLON/H
   31   35   33   39   41   46   54   61   70   80   90  101  112  123  133  142
  150  156  160  162  161  158  153  147  139  132  124  118  112  107  103   99
   95   91   86   81   76   70   65   60   57   54   53   54   55   57   59   61
   63   64   64   64   64   63   62   60   59   58   56   55   53   51   49   48
   46   45   45   42   41   40   39   44   31                                   
    70.0-180.0 180.0   5.0 450.0                            LAT/LON1/LON2/DLON/H
   32   37   38   44   48   53   61   71   81   92  103  115  126  137  147  156
  164  171  175  177  176  172  166  159  150  140  132  124  118  113  108  104
  100   96   90   84   78   71   64   59   55   52   50   51   52   54   56   57
   59   59   59   58   56   54   53   51   50   49   48   47   46   45   44   43
   41   41   42   41   41   42   45   49   32                                   
    67.5-180.0 180.0   5.0 450.0                            LAT/LON1/LON2/DLON/H
   39   44   44   53   58   65   75   85   96  107  118  129  140  150  160  169
  177  183  188  190  190  186  179  170  160  149  140  131  124  119  114  110
  106  100   94   87   79   71   64   57   52   49   48   48   49   51   52   54
   54   53   52   50   47   45   43   42   41   41   41   41   41   41   40   40
   39   39   40   39   40   43   45   48   39                                   
    65.0-180.0 180.0   5.0 450.0                            LAT/LON1/LON2/DLON/H
   41   47   48   58   65   74   84   96  107  119  130  140  150  159  168  176
  184  191  197  200  201  197  191  181  171  159  149  140  133  128  123  118
  113  106   98   90   80   71   63   56   51   48   46   46   46   47   48   48
   47   44   42   39   36   33   32   31   31   32   33   35   36   36   36   36
   36   37   39   39   41   45   48   53   41                                   
    62.5-180.0 180.0   5.0 450.0                            LAT/LON1/LON2/DLON/H
   44   49   51   63   71   82   93  106  118  129  140  149  158  165  173  181
  189  196  203  207  208  206  199  190  179  168  158  149  142  137  131  125
  118  110  100   90   79   70   61   54   49   45   44   43   43   43   43   41
   39   36   32   29   26   24   23   24   25   27   29   31   33   34   34   35
   35   36   38   38   40   43   46   51   44                                   
    60.0-180.0 180.0   5.0 450.0                            LAT/LON1/LON2/DLON/H
   45   49   52   65   74   86   99  112  124  136  146  155  162  169  175  183
  190  198  205  210  212  210  204  195  185  175  165  158  151  146  140  133
  124  114  102   90   79   69   60   53   49   45   43   42   41   40   39   36
   33   29   25   22   20   18   18   20   22   24   27   30   32   34   35   35
   35   36   38   38   40   43   45   50   45                                   
    57.5-180.0 180.0   5.0 450.0                            LAT/LON1/LON2/DLON/H
   47   50   55   68   79   91  104  118  131  142  152  160  167  173  179  185
  192  200  206  211  213  211  206  198  188  180  172  166  162  157  151  143
  132  119  106   92   81   71   63   57   53   50   48   46   44   42   39   36
   32   28   25   22   20   20   21   23   26   29   32   36   38   39   40   41
   41   41   43   43   43   44   45   51   47                                   
    55.0-180.0 180.0   5.0 450.0                            LAT/LON1/LON2/DLON/H
   53   56   62   75   86   99  112  126  138  149  158  166  172  178  184  190
  196  202  208  211  212  209  204  197  190  183  178  174  172  168  162  153
  140  125  110   96   85   76   69   64   60   58   55   53   51   48   44   41
   37   34   31   29   28   28   30   33   36   40   43   46   49   50   50   51
   50   51   53   52   50   50   49   55   53                                   
    52.5-180.0 180.0   5.0 450.0                            LAT/LON1/LON2/DLON/H
   62   65   73   85   97  110  123  136  147  157  165  173  179  185  191  197
  202  206  210  211  210  207  202  196  190  186  183  183  182  179  173  162
  148  132  116  103   92   84   78   74   71   69   66   64   61   58   55   51
   48   46   44   43   43   44   47   50   53   57   59   62   63   63   64   64
   64   65   67   66   63   61   58   62   62                                   
    50.0-180.0 180.0   5.0 450.0                            LAT/LON1/LON2/DLON/H
   75   78   87  100  112  126  138  149  159  168  175  182  189  195  201  206
  210  213  213  212  210  206  201  196  192  190  190  191  192  189  182  171
  156  139  123  110  100   94   89   86   84   81   79   76   73   71   68   66
   64   62   61   61   63   65   67   71   74   76   77   78   78   78   78   78
   79   80   82   82   78   75   71   72   75                                   
    47.5-180.0 180.0   5.0 450.0                            LAT/LON1/LON2/DLON/H
   88   93  102  115  128  142  153  164  172  180  187  193  200  206  212  217
  219  220  219  216  212  207  203  199  197  197  199  201  200  197  189  176
  160  144  129  117  108  103  100   98   95   93   90   87   85   83   81   80
   79   79   79   80   81   84   87   90   92   93   93   93   92   91   90   91
   92   94   96   96   93   89   86   84   88                                   
    45.0-180.0 180.0   5.0 450.0                            LAT/LON1/LON2/DLON/H
  100  104  114  128  142  157  167  178  186  194  199  206  212  218  223  227
  229  228  225  221  217  213  209  207  206  207  209  209  207  201  191  177
  161  146  132  122  116  112  109  107  104  100   97   95   93   91   90   90
   90   90   91   92   94   96   99  102  104  105  105  103  102  100  100  100
  101  104  106  107  105  100   97   95  100                                   
    42.5-180.0 180.0   5.0 450.0                            LAT/LON1/LON2/DLON/H
  106  111  120  136  151  167  178  190  198  206  212  218  224  229  234  237
  237  235  232  228  225  222  220  219  219  220  219  217  212  202  190  175
  160  146  135  127  121  118  115  112  108  104  100   98   95   94   93   93
   93   93   94   95   97  100  103  106  109  110  110  109  107  105  105  105
  106  108  111  111  110  105  103  103  106                                   
    40.0-180.0 180.0   5.0 450.0                            LAT/LON1/LON2/DLON/H
  106  110  119  138  155  171  184  198  208  217  223  230  235  240  244  246
  245  242  239  237  235  234  234  234  233  232  229  223  214  201  187  173
  160  148  139  133  128  124  120  116  110  105  100   97   94   92   91   90
   89   89   90   91   92   95   99  103  106  109  109  109  107  106  106  106
  106  108  110  109  107  103  100  104  106                                   
    37.5-180.0 180.0   5.0 450.0                            LAT/LON1/LON2/DLON/H
   99  103  113  133  151  169  185  201  214  226  234  241  246  250  253  253
  251  249  246  246  246  247  248  248  246  244  238  229  216  202  188  175
  165  157  150  144  138  133  127  121  113  107  101   96   92   89   87   85
   83   83   83   83   85   88   92   97  101  104  106  106  105  105  104  104
  103  103  104  102   99   94   91   97   99                                   
    35.0-180.0 180.0   5.0 450.0                            LAT/LON1/LON2/DLON/H
   91   94  104  125  145  162  182  201  217  231  242  250  256  260  262  261
  258  255  254  255  257  259  259  258  256  252  245  235  222  208  197  188
  181  176  170  163  156  148  139  130  121  113  106  100   95   91   87   84
   81   80   80   80   82   84   89   94   98  102  103  103  104  103  103  102
   99   98   97   94   89   83   78   87   91                                   
    32.5-180.0 180.0   5.0 450.0                            LAT/LON1/LON2/DLON/H
   85   87   98  118  137  154  176  197  217  235  249  259  266  270  271  269
  265  262  261  263  265  267  266  264  262  258  252  244  234  225  218  215
  212  209  203  194  183  171  159  147  136  126  118  112  106  101   96   92
   89   87   87   87   89   91   95   99  102  105  105  105  105  105  105  103
   99   96   93   89   81   74   69   79   85                                   
    30.0-180.0 180.0   5.0 450.0                            LAT/LON1/LON2/DLON/H
   84   87   98  115  134  149  171  193  216  236  253  266  275  280  281  278
  273  269  268  269  271  270  268  266  264  263  262  259  256  254  254  257
  259  257  249  235  219  202  186  171  159  148  139  133  127  122  117  112
  109  107  107  108  109  110  112  114  116  116  114  113  112  112  111  108
  103   99   95   89   80   71   65   75   84                                   
    27.5-180.0 180.0   5.0 450.0                            LAT/LON1/LON2/DLON/H
   89   94  105  120  138  151  171  192  215  236  255  271  282  289  290  287
  282  277  274  274  273  270  267  265  266  271  276  282  288  296  305  314
  319  316  304  284  261  238  218  201  186  175  167  161  157  153  149  145
  142  141  141  142  142  141  140  139  137  133  129  126  124  122  121  117
  111  107  101   94   86   76   69   75   89                                   
    25.0-180.0 180.0   5.0 450.0                            LAT/LON1/LON2/DLON/H
  101  107  118  132  149  160  178  196  217  238  257  274  288  296  299  297
  291  285  281  278  274  269  266  267  273  284  298  314  330  348  366  381
  388  382  364  336  305  276  250  230  215  204  197  193  191  190  188  185
  183  182  182  183  181  178  173  168  161  154  146  140  136  134  132  129
  122  118  111  105   97   85   77   81  101                                   
    22.5-180.0 180.0   5.0 450.0                            LAT/LON1/LON2/DLON/H
  117  123  135  149  166  175  191  205  224  242  261  278  293  303  308  307
  301  295  289  283  277  272  270  275  286  305  327  353  380  407  432  451
  457  445  418  382  343  307  277  254  238  227  222  220  221  223  224  223
  222  221  221  220  217  211  202  192  182  171  161  153  148  144  142  138
  132  129  121  116  109   97   87   90  117                                   
    20.0-180.0 180.0   5.0 450.0                            LAT/LON1/LON2/DLON/H
  133  139  150  165  183  193  208  219  235  251  268  285  300  312  318  319
  315  308  301  294  288  284  285  294  311  335  365  398  432  465  494  512
  512  494  459  415  369  328  294  268  250  240  236  236  240  244  247  248
  247  246  245  243  238  229  218  206  193  181  169  160  154  150  148  144
  138  136  127  125  118  106   95  100  133                                   
    17.5-180.0 180.0   5.0 450.0                            LAT/LON1/LON2/DLON/H
  145  150  162  179  198  209  225  235  249  264  280  297  313  325  334  336
  333  328  321  314  309  308  313  326  348  377  410  446  482  515  541  553
  547  521  481  432  382  337  300  271  252  241  237  237  241  246  250  251
  250  249  247  244  237  227  215  203  192  180  170  161  155  151  148  144
  138  136  128  127  121  109   99  108  145                                   
    15.0-180.0 180.0   5.0 450.0                            LAT/LON1/LON2/DLON/H
  150  155  169  188  209  222  240  252  267  282  299  316  332  346  356  360
  360  357  351  346  343  345  355  373  398  428  459  492  522  549  567  571
  558  528  485  435  385  338  299  268  247  234  228  226  228  232  234  235
  234  232  230  226  219  208  197  188  179  171  163  156  152  148  144  139
  133  131  124  122  117  107   98  111  150                                   
    12.5-180.0 180.0   5.0 450.0                            LAT/LON1/LON2/DLON/H
  147  154  170  191  215  232  254  268  287  305  323  342  359  375  386  394
  396  395  392  390  390  396  410  431  456  482  507  530  550  566  574  570
  552  520  478  431  383  337  297  265  241  226  216  211  209  209  209  209
  207  206  203  199  192  182  173  166  161  157  153  149  146  143  139  133
  126  123  115  112  108   99   92  108  147                                   
    10.0-180.0 180.0   5.0 450.0                            LAT/LON1/LON2/DLON/H
  139  149  168  191  217  239  266  285  308  330  352  373  392  410  424  434
  441  443  443  443  446  456  473  494  516  534  547  556  564  569  568  558
  538  507  469  427  383  340  301  268  242  223  210  200  193  189  187  185
  184  183  181  176  169  160  152  148  146  146  144  142  140  138  134  127
  119  114  107  102   98   91   86  103  139                                   
     7.5-180.0 180.0   5.0 450.0                            LAT/LON1/LON2/DLON/H
  131  144  166  191  219  245  277  302  330  356  381  405  428  448  466  479
  489  496  499  501  507  518  535  553  569  576  575  571  568  564  558  546
