data/edconvlstm_nd/pred0200.15i
     1.0            IONOSPHERE MAPS     GNSS                IONEX VERSION / TYPE
pyspatialgeodesy        IME             05-JAN-18 20:20     PGM / RUN BY / DATE 
Map Name                                                    COMMENT             
Predicted global ionosphere maps (GIM).                     DESCRIPTION         
  2015     1    20     0     0     0                        EPOCH OF FIRST MAP  
  2015     1    21     0     0     0                        EPOCH OF LAST MAP   
  7200                                                      INTERVAL            
    13                                                      # OF MAPS IN FILE   
  NONE                                                      MAPPING FUNCTION    
10.0                                                        ELEVATION CUTOFF    
One-way carrier phase leveled to code                       OBSERVABLES USED    
  6371.0                                                    BASE RADIUS         
 2                                                          MAP DIMENSION       
   450.0 450.0   0.0                                        HGT1 / HGT2 / DHGT  
    87.5 -87.5  -2.5                                        LAT1 / LAT2 / DLAT  
  -180.0 180.0   5.0                                        LON1 / LON2 / DLON  
    -1                                                      EXPONENT            
                                                            END OF HEADER       
[from data line 5148]
    13                                                      START OF TEC MAP    
  2015     1    21     0     0     0                        EPOCH OF CURRENT MAP
    87.5-180.0 180.0   5.0 450.0                            LAT/LON1/LON2/DLON/H
   96   95   92   80   79   84   81   79   80   80   80   80   80   80   80   80
   79   79   78   77   77   76   75   74   73   72   70   69   68   67   66   65
   64   63   62   61   61   60   60   60   60   60   60   60   60   61   61   61
   62   62   63   63   64   64   64   64   65   65   65   65   65   66   66   67
   68   68   68   69   64   78   86   91   96                                   
    85.0-180.0 180.0   5.0 450.0                            LAT/LON1/LON2/DLON/H
   95  104   88   89   89   96   94   92   93   93   93   93   93   93   92   92
   91   91   90   89   88   87   86   85   83   82   81   79   77   76   74   73
   72   71   70   69   69   68   68   68   68   69   69   70   70   71   72   73
   73   74   74   75   75   75   75   75   75   75   75   75   75   76   76   76
   77   77   80   85   85   95  106  102   95                                   
    82.5-180.0 180.0   5.0 450.0                            LAT/LON1/LON2/DLON/H
  101   98  108  101  100  108  105  103  106  105  105  106  105  105  104  104
  103  102  100   99   97   95   93   91   89   86   84   81   79   76   74   72
   70   68   67   66   65   65   65   65   66   67   68   69   70   71   72   74
   75   76   76   77   77   77   77   77   77   77   77   77   77   77   78   79
   79   79   82   85   92   88   97  100  101                                   
    80.0-180.0 180.0   5.0 450.0                            LAT/LON1/LON2/DLON/H
  115  111  113  103  104  108  107  106  109  107  107  107  106  105  103  102
  100   98   96   94   92   90   88   86   83   81   78   75   72   69   67   64
   62   60   59   58   57   57   58   58   60   61   62   64   66   68   70   71
   73   74   75   75   76   76   75   75   74   73   73   72   72   72   73   74
   74   75   78   80   96   88  101  116  115                                   
    77.5-180.0 180.0   5.0 450.0                            LAT/LON1/LON2/DLON/H
  128  122  114  113  112  116  114  116  118  116  115  114  112  109  106  103
  100   97   95   92   90   87   85   83   80   78   75   72   69   66   63   61
   58   57   55   54   54   54   55   56   57   59   61   63   65   67   69   71
   73   74   75   76   76   75   75   74   73   72   71   70   70   70   71   72
   73   76   79   85   93   92  102  125  128                                   
    75.0-180.0 180.0   5.0 450.0                            LAT/LON1/LON2/DLON/H
  137  128  128  127  126  130  126  126  128  125  122  119  114  109  103   98
   93   89   85   82   80   78   77   76   75   74   72   70   68   65   63   60
   58   56   55   54   54   55   55   56   58   60   62   64   66   69   71   73
   74   75   76   77   76   76   75   74   72   71   69   68   68   68   69   71
   72   76   82   84   93  104  114  130  137                                   
    72.5-180.0 180.0   5.0 450.0                            LAT/LON1/LON2/DLON/H
  142  143  145  143  144  145  143  144  145  140  136  130  123  114  105   97
   89   83   78   75   73   72   72   73   73   73   72   71   69   66   64   61
   59   57   55   55   54   54   55   56   57   59   60   62   64   66   68   69
   71   72   73   73   73   73   72   71   69   67   66   65   64   65   67   70
   73   78   87   92  103  114  127  142  142                                   
    70.0-180.0 180.0   5.0 450.0                            LAT/LON1/LON2/DLON/H
  157  160  162  163  161  163  160  161  161  155  148  140  129  117  105   94
   84   76   70   66   65   65   67   69   70   71   71   71   69   66   64   61
   58   56   55   54   54   54   55   56   57   58   59   61   62   64   65   66
   68   69   70   71   71   71   71   70   69   67   66   65   64   65   68   72
   76   82   93  101  113  128  137  149  157                                   
    67.5-180.0 180.0   5.0 450.0                            LAT/LON1/LON2/DLON/H
  168  175  177  177  175  175  172  172  172  165  157  146  133  119  104   90
   78   68   61   58   57   58   60   63   65   66   66   64   62   59   56   53
   50   48   47   46   46   46   47   48   49   50   51   52   53   53   54   55
   57   58   59   61   62   63   64   65   64   64   63   62   62   63   67   71
   76   83   97  106  121  136  144  156  168                                   
    65.0-180.0 180.0   5.0 450.0                            LAT/LON1/LON2/DLON/H
  176  184  186  186  184  184  180  181  180  173  165  153  139  123  107   91
   78   68   61   57   56   57   58   60   61   61   60   58   54   51   47   43
   41   38   37   37   37   38   39   40   42   43   44   44   45   45   45   46
   46   48   49   51   53   56   59   61   62   63   64   64   65   67   70   75
   81   89  103  112  128  143  152  166  176                                   
    62.5-180.0 180.0   5.0 450.0                            LAT/LON1/LON2/DLON/H
  183  192  193  193  191  191  186  187  186  180  172  161  147  131  115  100
   86   76   69   64   62   62   62   62   61   59   55   51   47   43   39   35
   32   30   29   29   30   31   33   35   37   39   40   40   40   40   40   39
   39   40   42   44   47   51   56   60   63   66   69   70   73   75   80   86
   91   99  113  122  136  151  160  175  183                                   
    60.0-180.0 180.0   5.0 450.0                            LAT/LON1/LON2/DLON/H
  188  197  198  197  194  193  187  188  188  183  176  166  154  140  126  112
  100   90   82   77   73   70   67   64   60   55   50   45   40   36   32   29
   26   25   24   24   25   27   30   32   35   37   38   39   38   38   36   35
   34   35   36   39   43   48   53   60   66   71   75   79   82   87   93   99
  105  113  126  134  146  159  167  182  188                                   
    57.5-180.0 180.0   5.0 450.0                            LAT/LON1/LON2/DLON/H
  194  203  203  201  197  194  188  188  188  183  177  170  160  149  137  126
  115  106   98   91   85   79   72   66   59   52   45   40   36   32   29   27
   24   23   23   23   25   28   31   34   37   39   41   41   41   39   37   35
   34   34   35   37   42   48   55   63   70   77   83   89   95  101  108  116
  123  131  143  151  161  169  177  192  194                                   
    55.0-180.0 180.0   5.0 450.0                            LAT/LON1/LON2/DLON/H
  203  213  211  206  201  197  190  189  188  183  177  171  163  155  147  139
  130  122  113  103   94   86   77   67   59   50   44   39   35   33   31   29
   27   26   26   28   30   34   37   41   44   46   48   48   48   46   44   41
   39   38   39   42   46   52   60   69   77   85   93  100  107  115  125  135
  142  151  164  171  179  183  189  204  203                                   
    52.5-180.0 180.0   5.0 450.0                            LAT/LON1/LON2/DLON/H
  215  226  221  214  209  204  195  193  190  184  178  172  166  160  154  148
  141  133  123  112  101   91   80   70   61   53   47   42   40   39   38   36
   35   34   35   38   41   45   49   52   55   57   59   60   59   57   55   52
   50   49   49   52   56   63   70   78   86   94  102  110  118  128  139  151
  160  170  183  191  198  200  204  217  215                                   
    50.0-180.0 180.0   5.0 450.0                            LAT/LON1/LON2/DLON/H
  229  241  234  227  222  216  206  202  197  188  180  173  168  163  159  154
  148  139  128  116  105   95   85   75   67   59   54   51   49   49   48   47
   46   46   48   52   56   61   64   67   70   71   73   74   73   72   69   66
   64   64   64   67   72   78   84   91   97  104  111  119  128  139  151  164
  174  185  199  208  216  216  219  231  229                                   
    47.5-180.0 180.0   5.0 450.0                            LAT/LON1/LON2/DLON/H
  241  254  246  241  237  232  222  217  209  198  186  177  171  166  162  157
  150  141  129  118  108  100   92   84   77   71   66   63   62   61   60   59
   58   59   62   67   72   77   80   82   84   85   87   88   88   87   85   83
   82   82   83   86   90   95  100  105  109  114  120  128  137  147  159  172
  183  195  209  218  227  230  232  242  241                                   
    45.0-180.0 180.0   5.0 450.0                            LAT/LON1/LON2/DLON/H
  249  263  256  253  252  249  241  235  226  211  197  185  176  170  165  159
  151  141  130  121  114  108  104   98   92   86   81   77   75   73   70   68
   67   69   73   79   85   89   92   93   94   96   98  100  100  100   99   98
   98   99  102  105  109  112  116  119  122  125  130  136  144  154  164  176
  186  197  211  220  231  236  239  248  249                                   
    42.5-180.0 180.0   5.0 450.0                            LAT/LON1/LON2/DLON/H
  249  264  259  260  263  262  257  253  244  227  210  195  184  176  169  162
  153  144  135  129  126  124  122  118  112  104   97   90   85   80   75   72
   71   74   79   86   92   97   99  100  101  103  106  108  109  108  108  108
  109  112  115  119  123  127  129  131  133  136  140  145  152  159  167  176
  184  193  206  215  226  234  238  248  249                                   
    40.0-180.0 180.0   5.0 450.0                            LAT/LON1/LON2/DLON/H
  245  258  255  260  264  267  266  265  257  241  223  208  195  186  177  169
  160  152  146  145  145  147  146  141  133  121  110   99   89   82   77   73
   73   76   82   89   96  100  102  103  105  107  110  112  113  112  112  112
  115  119  123  128  132  135  138  140  142  145  149  154  160  165  171  176
  181  188  198  206  216  226  232  244  245                                   
    37.5-180.0 180.0   5.0 450.0                            LAT/LON1/LON2/DLON/H
  239  249  246  252  258  263  265  267  263  249  233  218  206  197  188  180
  172  167  166  168  171  173  170  161  148  132  116  102   91   83   77   75
   76   80   86   92   98  101  102  104  106  109  113  114  114  113  112  113
  116  120  125  130  135  138  141  144  148  152  158  163  169  173  178  181
  183  187  195  201  208  218  227  243  239                                   
    35.0-180.0 180.0   5.0 450.0                            LAT/LON1/LON2/DLON/H
  237  244  239  242  248  252  256  261  260  250  237  225  215  207  200  194
  189  187  190  195  198  196  188  172  153  134  116  102   92   86   83   82
   84   89   94   99  102  103  104  105  108  112  116  117  115  113  111  112
  114  118  122  127  131  135  139  144  150  157  165  172  179  185  191  195
  196  198  204  207  213  221  232  251  237                                   
    32.5-180.0 180.0   5.0 450.0                            LAT/LON1/LON2/DLON/H
  246  250  240  237  239  241  244  250  252  244  235  227  220  215  211  207
  205  208  213  218  218  210  194  172  149  129  113  103   97   95   96   99
  103  107  110  111  111  109  108  109  113  117  121  121  118  114  111  110
  111  114  117  120  124  128  133  139  148  159  170  181  192  201  210  217
  220  222  228  230  233  239  252  273  246                                   
    30.0-180.0 180.0   5.0 450.0                            LAT/LON1/LON2/DLON/H
  271  272  255  243  238  235  236  240  242  237  231  226  222  220  218  217
  218  223  229  232  226  210  187  162  139  122  113  110  112  116  122  128
  134  137  136  131  125  119  116  117  121  126  128  127  122  117  112  110
  110  110  112  113  116  119  124  132  143  158  174  189  204  219  234  247
  255  260  267  268  272  277  289  310  271                                   
    27.5-180.0 180.0   5.0 450.0                            LAT/LON1/LON2/DLON/H
  314  313  287  264  252  241  237  237  238  234  229  225  223  222  221  221
  224  229  233  231  218  197  171  146  129  120  121  127  137  149  160  169
  174  174  168  157  144  133  128  129  132  136  137  134  128  121  116  112
  110  109  108  108  108  110  115  124  137  155  175  195  216  238  261  282
  298  309  319  322  328  333  343  362  314                                   
    25.0-180.0 180.0   5.0 450.0                            LAT/LON1/LON2/DLON/H
  372  372  336  304  282  263  251  246  244  239  233  229  227  224  223  222
  224  226  225  216  198  175  151  134  126  129  140  156  174  191  206  216
  219  214  201  182  163  149  142  141  145  147  145  140  133  126  120  116
  112  109  107  104  103  103  106  115  129  149  173  198  225  254  286  318
  343  363  377  384  396  405  412  425  372                                   
    22.5-180.0 180.0   5.0 450.0                            LAT/LON1/LON2/DLON/H
  438  440  401  361  328  301  281  270  264  256  248  242  236  230  226  222
  220  217  209  194  174  154  139  133  138  152  173  196  218  238  252  259
  258  247  227  202  178  161  153  153  155  155  151  144  135  128  122  118
  114  110  105  101   98   96   98  106  122  144  171  200  233  269  310  350
  385  412  432  444  464  479  484  490  438                                   
    20.0-180.0 180.0   5.0 450.0                            LAT/LON1/LON2/DLON/H
  501  507  473  430  388  354  327  309  297  286  276  265  255  244  235  227
  219  209  194  175  157  145  142  150  168  192  218  243  264  279  289  290
  283  265  240  211  185  168  161  160  161  159  153  143  134  127  121  117
  112  107  101   96   91   89   90   99  115  140  170  204  242  284  331  378
  420  452  476  493  520  539  546  547  501                                   
    17.5-180.0 180.0   5.0 450.0                            LAT/LON1/LON2/DLON/H
  553  565  540  500  454  416  383  359  343  329  315  300  285  269  255  242
  228  211  190  171  158  157  168  190  218  246  270  288  300  306  307  300
  286  264  236  207  183  168  163  163  163  159  150  139  129  121  116  112
  107  102   96   90   85   82   85   94  112  139  172  210  252  298  349  400
  445  479  505  525  555  576  588  588  553                                   
    15.0-180.0 180.0   5.0 450.0                            LAT/LON1/LON2/DLON/H
  587  606  593  561  516  477  442  414  396  380  364  346  326  306  288  271
  252  229  205  187  181  192  218  252  284  306  319  322  319  311  300  285
  267  244  218  194  175  165  162  163  162  155  145  133  122  115  110  105
  101   96   91   85   81   80   84   95  114  142  177  217  262  311  363  414
  458  492  518  539  567  587  606  607  587                                   
    12.5-180.0 180.0   5.0 450.0                            LAT/LON1/LON2/DLON/H
  602  628  624  604  565  529  494  467  448  432  416  397  374  352  333  314
  292  267  241  226  229  252  289  327  353  361  354  337  316  294  273  253
  234  214  194  178  167  161  161  162  160  153  141  129  118  109  104  100
   97   93   89   85   83   83   89  101  121  149  184  225  270  320  371  420
  461  492  516  535  560  578  602  607  602                                   
    10.0-180.0 180.0   5.0 450.0                            LAT/LON1/LON2/DLON/H
  602  631  637  628  598  568  536  511  493  480  465  447  426  405  387  369
  348  322  298  287  298  329  370  402  412  397  367  330  294  263  237  217
  201  187  176  168  164  162  163  163  160  152  141  129  118  109  103   99
   97   94   92   90   89   92   99  112  132  159  193  232  276  325  373  418
  454  481  502  520  541  557  584  594  602                                   
     7.5-180.0 180.0   5.0 450.0                            LAT/LON1/LON2/DLON/H
  593  624  638  638  619  595  567  544  529  519  507  492  474  458  444  431
  413  390  370  363  378  410  444  459  446  407  356  305  262  230  207  191
