data/edconvlstm_nd/pred1740.15i
     1.0            IONOSPHERE MAPS     GNSS                IONEX VERSION / TYPE
pyspatialgeodesy        IME             05-JAN-18 20:20     PGM / RUN BY / DATE 
Map Name                                                    COMMENT             
Predicted global ionosphere maps (GIM).                     DESCRIPTION         
  2015     6    23     0     0     0                        EPOCH OF FIRST MAP  
  2015     6    24     0     0     0                        EPOCH OF LAST MAP   
  7200                                                      INTERVAL            
    13                                                      # OF MAPS IN FILE   
  NONE                                                      MAPPING FUNCTION    
10.0                                                        ELEVATION CUTOFF    
One-way carrier phase leveled to code                       OBSERVABLES USED    
  6371.0                                                    BASE RADIUS         
 2                                                          MAP DIMENSION       
   450.0 450.0   0.0                                        HGT1 / HGT2 / DHGT  
    87.5 -87.5  -2.5                                        LAT1 / LAT2 / DLAT  
  -180.0 180.0   5.0                                        LON1 / LON2 / DLON  
    -1                                                      EXPONENT            
                                                            END OF HEADER       
[from data line 3432]
     9                                                      START OF TEC MAP    
  2015     6    23    16     0     0                        EPOCH OF CURRENT MAP
    87.5-180.0 180.0   5.0 450.0                            LAT/LON1/LON2/DLON/H
  172  169  159  164  167  168  166  165  166  166  166  166  166  166  166  167
  167  167  167  167  167  167  167  168  168  168  168  168  168  168  168  169
  169  170  170  170  171  172  172  173  173  174  174  174  175  175  175  175
  174  174  174  173  173  172  171  171  170  169  169  168  168  167  167  166
  165  165  163  162  170  166  168  169  172                                   
    85.0-180.0 180.0   5.0 450.0                            LAT/LON1/LON2/DLON/H
  165  168  175  169  169  174  174  175  175  176  175  175  175  175  176  176
  176  176  176  176  177  177  177  177  177  177  177  177  177  177  177  177
  177  177  177  178  178  179  179  180  181  182  182  183  183  183  183  183
  182  182  181  180  180  179  178  177  176  175  174  174  173  173  172  171
  172  172  169  167  168  158  162  165  165                                   
    82.5-180.0 180.0   5.0 450.0                            LAT/LON1/LON2/DLON/H
  145  160  161  159  162  169  170  171  171  172  172  173  173  173  173  173
  174  174  175  176  177  177  178  178  179  179  179  178  178  178  177  176
  176  176  176  176  177  177  178  179  180  182  183  183  184  184  184  184
  183  182  181  179  178  176  175  173  172  170  169  168  167  166  165  164
  164  162  159  162  160  162  156  143  145                                   
    80.0-180.0 180.0   5.0 450.0                            LAT/LON1/LON2/DLON/H
  134  146  151  152  153  158  159  163  164  165  164  165  165  165  165  165
  166  167  168  170  171  172  173  174  175  175  175  174  173  172  171  170
  169  168  167  167  168  169  170  172  173  175  177  178  179  180  180  179
  178  176  175  173  171  168  166  164  162  160  158  157  155  154  153  152
  152  150  148  148  145  140  139  132  134                                   
    77.5-180.0 180.0   5.0 450.0                            LAT/LON1/LON2/DLON/H
  133  140  145  147  150  155  156  159  160  160  160  160  159  159  160  160
  162  164  166  169  172  175  177  179  180  180  180  179  178  176  174  172
  170  168  167  166  166  167  168  170  172  175  177  178  180  180  180  179
  178  176  173  171  168  165  162  159  156  154  152  150  148  146  145  144
  143  142  139  139  141  132  131  130  133                                   
    75.0-180.0 180.0   5.0 450.0                            LAT/LON1/LON2/DLON/H
  128  137  137  142  145  152  152  155  156  157  155  154  153  153  153  154
  156  159  163  167  171  175  179  182  184  185  185  184  182  180  177  174
  171  168  166  164  163  164  165  167  169  172  174  176  177  178  177  176
  175  172  170  167  163  160  157  154  151  148  146  144  142  141  139  139
  137  136  134  131  133  126  127  118  128                                   
    72.5-180.0 180.0   5.0 450.0                            LAT/LON1/LON2/DLON/H
  123  133  133  141  143  150  151  153  153  153  150  149  147  146  146  147
  150  154  160  166  172  177  182  186  188  190  190  189  187  185  182  178
  174  171  167  165  163  162  163  165  167  170  172  174  175  175  175  174
  172  169  167  164  160  157  154  150  147  145  142  141  139  137  136  136
  134  133  131  127  128  123  124  120  123                                   
    70.0-180.0 180.0   5.0 450.0                            LAT/LON1/LON2/DLON/H
  122  132  132  140  141  148  149  151  151  150  147  144  141  139  139  140
  144  149  156  163  171  178  184  188  192  193  194  193  192  190  187  183
  179  174  170  166  163  162  162  163  165  167  169  170  171  171  170  169
  168  165  163  160  157  154  151  148  146  143  141  140  138  137  136  136
  135  133  131  128  129  124  126  121  122                                   
    67.5-180.0 180.0   5.0 450.0                            LAT/LON1/LON2/DLON/H
  124  135  135  143  144  151  151  153  152  150  146  143  139  137  136  138
  142  148  156  165  173  181  187  192  195  197  198  198  197  195  193  190
  186  181  176  172  169  167  166  167  168  169  170  171  171  171  170  169
  168  166  165  163  161  158  156  153  150  148  146  144  143  141  141  140
  139  138  135  131  130  125  127  123  124                                   
    65.0-180.0 180.0   5.0 450.0                            LAT/LON1/LON2/DLON/H
  126  138  137  145  145  152  151  153  152  151  146  143  139  137  136  138
  142  149  157  166  175  183  190  195  198  200  201  201  201  201  199  197
  194  189  184  179  175  173  171  171  172  172  173  172  171  170  169  168
  167  167  166  165  164  163  161  158  156  153  151  149  147  146  145  145
  143  142  140  136  136  131  133  129  126                                   
    62.5-180.0 180.0   5.0 450.0                            LAT/LON1/LON2/DLON/H
  129  141  140  147  146  153  152  153  153  152  148  145  142  140  140  142
  147  154  162  171  179  187  193  198  201  203  204  204  205  206  206  204
  202  198  193  188  184  181  179  179  179  179  178  176  174  172  170  169
  169  170  170  170  170  169  168  166  163  160  157  155  152  150  149  148
  147  146  144  140  140  135  137  134  129                                   
    60.0-180.0 180.0   5.0 450.0                            LAT/LON1/LON2/DLON/H
  132  143  143  148  147  152  151  153  153  153  151  150  148  147  148  151
  155  162  169  177  184  191  197  201  204  206  207  208  209  211  212  212
  211  207  202  197  193  190  189  189  189  188  185  182  179  176  174  173
  173  174  175  176  177  176  175  173  170  167  163  159  156  153  151  150
  148  147  146  142  143  139  141  139  132                                   
    57.5-180.0 180.0   5.0 450.0                            LAT/LON1/LON2/DLON/H
  134  145  145  150  147  152  151  153  154  155  155  155  156  157  159  162
  167  172  178  184  190  196  201  206  209  211  212  213  214  216  219  220
  219  216  212  207  203  201  200  200  199  198  195  191  186  182  179  178
  178  179  181  182  183  182  181  178  175  171  167  162  158  154  151  149
  147  146  145  142  144  140  143  142  134                                   
    55.0-180.0 180.0   5.0 450.0                            LAT/LON1/LON2/DLON/H
  135  146  147  151  148  153  152  153  155  157  159  162  164  167  171  175
  179  183  187  191  196  201  206  211  215  217  218  219  220  222  225  227
  227  225  220  216  212  210  210  210  210  208  205  200  194  189  186  184
  184  185  187  187  188  187  185  182  178  174  168  163  157  152  148  145
  143  142  141  138  141  139  142  142  135                                   
    52.5-180.0 180.0   5.0 450.0                            LAT/LON1/LON2/DLON/H
  134  146  148  152  150  155  154  155  157  161  164  168  172  176  181  186
  190  193  195  197  200  205  211  217  221  224  225  225  225  227  230  233
  233  232  228  223  220  218  218  219  219  218  214  209  203  198  194  191
  191  191  191  191  190  188  185  182  178  174  168  162  156  150  145  141
  138  136  135  133  136  135  138  140  134                                   
    50.0-180.0 180.0   5.0 450.0                            LAT/LON1/LON2/DLON/H
  132  145  148  153  153  159  158  160  162  166  169  174  179  184  189  194
  198  200  201  202  204  208  215  222  228  231  232  231  231  232  236  239
  240  238  235  231  227  226  226  227  227  226  223  218  212  207  203  200
  198  196  195  193  190  188  184  181  177  173  168  162  155  149  143  138
  134  132  130  128  131  130  133  136  132                                   
    47.5-180.0 180.0   5.0 450.0                            LAT/LON1/LON2/DLON/H
  129  142  147  154  156  163  164  167  169  172  175  180  185  190  195  200
  204  205  205  205  207  212  219  228  235  238  239  237  236  238  241  245
  247  246  243  240  236  235  234  235  235  234  231  227  222  217  213  208
  205  201  198  194  190  186  182  179  176  173  168  163  157  150  144  138
  133  130  128  125  127  126  128  131  129                                   
    45.0-180.0 180.0   5.0 450.0                            LAT/LON1/LON2/DLON/H
  125  138  144  152  157  167  171  174  177  180  183  187  191  195  200  204
  207  208  208  208  210  216  224  234  242  246  246  244  243  244  248  253
  256  257  256  252  249  247  246  245  245  244  241  238  234  229  224  218
  213  207  201  195  190  185  181  178  176  173  171  167  161  155  149  143
  137  132  129  125  125  124  124  126  125                                   
    42.5-180.0 180.0   5.0 450.0                            LAT/LON1/LON2/DLON/H
  121  133  139  149  156  169  175  180  184  188  191  194  198  201  205  208
  211  212  212  212  214  221  230  241  249  253  253  252  251  253  259  265
  270  273  274  271  268  265  262  260  258  256  254  251  247  243  237  230
  222  213  205  198  191  186  181  178  177  176  175  173  169  164  158  151
  144  139  133  129  127  123  122  123  121                                   
    40.0-180.0 180.0   5.0 450.0                            LAT/LON1/LON2/DLON/H
  118  127  131  142  152  166  175  183  190  195  199  203  206  208  211  213
  215  216  217  218  221  228  237  248  256  261  262  262  262  266  273  282
  290  296  299  299  296  291  286  281  277  273  270  267  263  258  251  242
  232  221  211  202  194  188  184  181  180  181  181  181  179  175  170  162
  154  148  141  135  131  126  122  122  118                                   
    37.5-180.0 180.0   5.0 450.0                            LAT/LON1/LON2/DLON/H
  117  120  123  132  143  158  171  182  192  200  207  213  216  218  219  220
  221  223  224  226  230  236  245  255  264  269  272  274  277  283  293  304
  316  325  332  333  331  325  317  309  301  295  290  286  281  274  266  255
  242  229  218  208  200  194  189  186  185  186  188  189  190  187  182  175
  166  158  150  144  138  131  125  123  117                                   
    35.0-180.0 180.0   5.0 450.0                            LAT/LON1/LON2/DLON/H
  117  115  114  122  131  147  162  176  190  203  214  223  228  231  231  230
  230  231  233  236  240  246  254  263  271  278  283  289  295  304  316  331
  346  359  369  373  371  363  352  340  329  320  312  306  299  290  280  267
  252  238  226  215  207  200  195  192  190  191  194  197  199  198  194  186
  176  168  159  153  147  138  129  127  117                                   
    32.5-180.0 180.0   5.0 450.0                            LAT/LON1/LON2/DLON/H
  121  113  108  113  120  135  151  167  186  203  219  232  241  245  245  243
  242  242  244  247  251  256  263  270  278  287  295  305  315  328  342  359
  377  395  408  414  412  402  388  372  358  345  334  325  315  304  292  277
  261  246  233  222  214  207  202  197  195  195  198  202  205  205  202  194
  184  176  167  161  155  145  136  133  121                                   
    30.0-180.0 180.0   5.0 450.0                            LAT/LON1/LON2/DLON/H
  126  114  106  108  111  124  140  158  180  201  222  240  253  259  260  258
  255  254  255  258  261  265  270  277  285  295  308  322  336  351  368  386
  407  427  442  449  446  435  418  399  382  366  352  340  328  315  300  284
  268  252  239  228  219  212  206  200  197  196  199  203  207  208  205  198
  188  180  171  167  161  152  143  140  126                                   
    27.5-180.0 180.0   5.0 450.0                            LAT/LON1/LON2/DLON/H
  132  119  108  108  107  118  133  151  174  199  223  246  263  273  275  272
  268  265  266  268  271  274  277  283  291  303  319  337  355  372  390  409
  431  451  467  473  468  455  436  416  397  380  364  349  334  320  304  287
  270  255  241  230  221  214  206  200  196  194  196  200  204  205  203  197
  188  180  172  168  164  156  149  147  132                                   
    25.0-180.0 180.0   5.0 450.0                            LAT/LON1/LON2/DLON/H
  138  126  114  112  108  117  130  147  171  197  223  249  270  283  288  286
  281  277  276  277  280  282  284  288  297  311  330  351  371  389  406  425
  446  466  479  483  476  460  441  421  402  384  367  351  335  319  303  286
  269  253  239  227  218  210  202  195  190  188  189  192  196  198  197  191
  183  176  169  166  163  157  152  152  138                                   
    22.5-180.0 180.0   5.0 450.0                            LAT/LON1/LON2/DLON/H
  142  133  122  120  114  121  132  148  170  195  222  249  273  290  297  297
  293  289  287  287  289  290  292  295  304  318  339  361  382  400  416  433
  452  469  479  479  469  453  433  414  396  380  364  348  331  315  298  281
  264  248  233  220  209  200  192  185  180  178  179  182  185  187  186  182
  174  169  163  160  158  154  150  152  142                                   
    20.0-180.0 180.0   5.0 450.0                            LAT/LON1/LON2/DLON/H
  140  137  128  128  123  128  137  151  171  194  220  247  272  291  303  306
  304  301  299  299  300  301  301  304  312  326  346  368  388  404  419  435
  451  464  470  466  454  436  417  400  385  370  356  340  324  308  291  274
  257  239  223  209  196  186  178  172  168  167  167  170  172  174  173  170
  164  160  155  151  149  146  145  147  140                                   
    17.5-180.0 180.0   5.0 450.0                            LAT/LON1/LON2/DLON/H
  134  136  130  133  130  134  143  155  173  193  216  242  267  288  304  312
  314  314  313  313  314  314  314  316  322  335  353  373  391  405  419  432
  445  454  456  449  435  417  400  385  372  360  347  333  318  302  285  267
  249  230  212  196  182  171  163  158  156  156  157  159  160  161  160  158
  153  150  145  141  139  136  134  137  134                                   
    15.0-180.0 180.0   5.0 450.0                            LAT/LON1/LON2/DLON/H
  124  130  127  133  132  138  147  158  174  192  212  235  259  282  302  315
  323  327  329  330  330  330  329  331  335  346  360  377  392  405  416  428
  438  444  443  433  418  401  386  374  363  353  342  329  314  298  281  262
  242  222  203  185  169  157  150  146  146  147  149  150  151  150  150  148
  144  141  136  131  128  124  122  124  124                                   
    12.5-180.0 180.0   5.0 450.0                            LAT/LON1/LON2/DLON/H
  111  119  119  127  130  137  147  159  174  191  208  228  251  275  297  316
  330  339  345  348  348  348  347  347  350  358  369  382  394  405  415  425
  433  436  433  422  408  394  382  372  363  354  343  330  316  299  281  261
  239  218  196  177  160  148  141  139  140  143  145  145  145  143  142  141
  137  134  129  122  118  113  109  111  111                                   
    10.0-180.0 180.0   5.0 450.0                            LAT/LON1/LON2/DLON/H
   97  105  107  116  122  130  143  156  173  189  205  224  244  267  292  314
  334  348  358  363  365  365  364  364  366  371  379  389  399  408  418  426
  432  433  428  418  406  395  387  380  372  362  350  337  321  304  284  262
  239  216  193  173  156  144  137  136  138  141  143  143  142  140  139  137
  133  130  124  116  110  103   99  100   97                                   
     7.5-180.0 180.0   5.0 450.0                            LAT/LON1/LON2/DLON/H
   86   92   94  103  110  120  135  150  169  187  204  222  240  262  287  312
  335  353  366  374  377  378  378  379  380  384  390  397  406  415  423  430
