data/edconvlstm_nd/pred0830.15i
     1.0            IONOSPHERE MAPS     GNSS                IONEX VERSION / TYPE
pyspatialgeodesy        IME             05-JAN-18 20:20     PGM / RUN BY / DATE 
Map Name                                                    COMMENT             
Predicted global ionosphere maps (GIM).                     DESCRIPTION         
  2015     3    24     0     0     0                        EPOCH OF FIRST MAP  
  2015     3    25     0     0     0                        EPOCH OF LAST MAP   
  7200                                                      INTERVAL            
    13                                                      # OF MAPS IN FILE   
  NONE                                                      MAPPING FUNCTION    
10.0                                                        ELEVATION CUTOFF    
One-way carrier phase leveled to code                       OBSERVABLES USED    
  6371.0                                                    BASE RADIUS         
 2                                                          MAP DIMENSION       
   450.0 450.0   0.0                                        HGT1 / HGT2 / DHGT  
    87.5 -87.5  -2.5                                        LAT1 / LAT2 / DLAT  
  -180.0 180.0   5.0                                        LON1 / LON2 / DLON  
    -1                                                      EXPONENT            
                                                            END OF HEADER       
[from data line 3432]
     9                                                      START OF TEC MAP    
  2015     3    24    16     0     0                        EPOCH OF CURRENT MAP
    87.5-180.0 180.0   5.0 450.0                            LAT/LON1/LON2/DLON/H
  170  180  178  188  192  192  193  193  194  197  198  199  200  201  202  203
  203  203  203  203  203  202  202  201  199  198  197  195  193  191  190  188
  186  184  182  180  179  177  176  174  173  172  172  171  171  170  170  170
  171  171  171  172  172  172  173  173  174  174  175  175  176  176  176  177
  177  178  177  177  185  183  186  173  170                                   
    85.0-180.0 180.0   5.0 450.0                            LAT/LON1/LON2/DLON/H
  178  182  195  189  189  195  196  200  202  205  205  207  208  210  211  212
  212  213  213  213  212  212  211  210  209  207  205  204  201  199  197  195
  192  190  188  186  184  182  180  179  177  177  176  175  175  175  175  175
  175  176  176  177  177  178  178  179  179  180  180  180  181  181  181  181
  182  183  180  179  180  178  178  178  178                                   
    82.5-180.0 180.0   5.0 450.0                            LAT/LON1/LON2/DLON/H
  165  175  177  175  178  184  188  192  194  197  199  202  204  206  208  210
  211  212  213  213  214  213  213  212  211  209  208  205  203  200  197  193
  190  187  184  181  178  175  173  171  170  169  168  168  167  167  168  168
  169  169  170  171  172  173  173  174  174  174  174  174  173  173  172  172
  172  172  169  171  168  175  166  160  165                                   
    80.0-180.0 180.0   5.0 450.0                            LAT/LON1/LON2/DLON/H
  145  151  154  154  155  157  163  170  174  179  183  187  190  194  197  199
  202  203  205  206  207  207  207  206  205  203  201  198  195  191  187  182
  178  173  169  165  161  158  156  154  153  152  151  151  151  152  153  154
  155  156  158  160  161  162  163  164  164  164  163  162  161  159  158  157
  156  155  153  154  147  148  145  141  145                                   
    77.5-180.0 180.0   5.0 450.0                            LAT/LON1/LON2/DLON/H
  133  132  134  132  134  137  142  148  153  158  163  168  173  177  181  185
  188  191  193  196  198  199  201  201  201  201  199  197  194  190  185  181
  176  171  166  161  157  154  151  149  148  147  146  146  146  147  148  149
  151  152  154  156  158  159  160  161  160  159  158  156  153  151  148  146
  144  142  140  140  135  131  132  129  133                                   
    75.0-180.0 180.0   5.0 450.0                            LAT/LON1/LON2/DLON/H
  115  118  116  115  117  120  124  129  135  141  146  152  157  162  166  171
  175  179  183  187  190  194  197  199  200  201  200  199  196  192  188  183
  177  172  166  161  156  152  149  147  145  144  143  143  142  142  143  144
  145  147  149  151  152  154  155  155  154  153  151  148  145  142  139  136
  133  131  129  126  123  121  122  110  115                                   
    72.5-180.0 180.0   5.0 450.0                            LAT/LON1/LON2/DLON/H
  105  108  107  108  106  109  113  117  121  127  132  138  144  149  153  158
  163  168  174  180  186  191  196  200  203  204  205  204  202  199  195  190
  185  179  173  168  163  158  155  152  150  148  147  145  144  142  142  141
  141  142  143  145  146  148  149  149  148  146  144  140  137  133  130  127
  124  122  121  117  114  114  116  111  105                                   
    70.0-180.0 180.0   5.0 450.0                            LAT/LON1/LON2/DLON/H
  101  104  103  102  100  101  103  107  112  117  122  128  132  137  141  146
  151  158  165  174  182  190  197  202  206  209  210  210  209  207  204  199
  194  188  182  176  171  166  162  158  156  153  150  147  143  140  137  135
  133  132  132  132  133  135  135  135  135  133  130  127  123  120  116  114
  111  109  110  108  107  108  113  108  101                                   
    67.5-180.0 180.0   5.0 450.0                            LAT/LON1/LON2/DLON/H
   99  103  101  102  100  101  103  107  110  115  120  125  129  133  137  141
  147  155  165  176  186  196  205  211  216  219  220  220  220  219  216  213
  209  204  198  191  185  180  175  171  168  164  159  154  148  142  136  131
  127  124  122  121  121  122  123  124  123  122  120  117  113  109  106  104
  101  100  100   99   98  101  105  102   99                                   
    65.0-180.0 180.0   5.0 450.0                            LAT/LON1/LON2/DLON/H
   94   98   96  100   98   99  101  104  108  113  117  122  125  128  131  136
  143  152  164  177  190  201  211  218  222  225  227  228  229  229  228  227
  223  219  213  207  200  194  189  184  179  173  167  160  152  143  134  125
  118  112  108  106  105  105  106  106  106  106  104  101   98   95   91   89
   86   85   86   85   87   91   96   96   94                                   
    62.5-180.0 180.0   5.0 450.0                            LAT/LON1/LON2/DLON/H
   87   90   88   94   94   96   98  102  106  112  116  121  124  127  130  135
  142  153  166  181  195  207  217  223  227  230  232  234  237  239  240  240
  239  235  229  223  216  209  203  196  190  183  176  166  156  145  133  122
  112  104   98   94   92   91   91   92   93   93   91   89   86   83   80   77
   74   72   72   71   72   76   80   82   87                                   
    60.0-180.0 180.0   5.0 450.0                            LAT/LON1/LON2/DLON/H
   75   78   77   84   85   88   91   96  101  107  113  118  122  125  129  134
  142  154  168  184  199  211  220  226  229  231  234  238  243  248  252  254
  254  251  246  239  231  224  216  209  202  194  185  175  163  150  137  124
  113  102   94   89   85   83   83   83   84   84   83   82   79   75   72   68
   64   61   60   57   58   61   64   67   75                                   
    57.5-180.0 180.0   5.0 450.0                            LAT/LON1/LON2/DLON/H
   63   65   65   73   76   79   83   89   95  102  109  116  121  125  130  136
  145  157  172  188  202  213  221  226  229  232  237  243  251  259  265  269
  270  268  263  256  248  240  232  224  216  208  199  188  175  162  148  135
  122  111  101   94   88   85   84   84   84   85   84   83   80   76   72   68
   62   58   55   51   50   50   52   54   63                                   
    55.0-180.0 180.0   5.0 450.0                            LAT/LON1/LON2/DLON/H
   53   55   56   64   67   71   76   81   89   96  105  113  120  126  132  140
  150  162  177  191  204  215  222  226  230  235  241  250  260  271  279  284
  285  283  279  272  264  256  248  240  232  224  215  205  193  180  166  153
  140  128  117  108  101   97   94   93   93   94   93   91   89   85   81   75
   69   63   58   52   50   47   46   48   53                                   
    52.5-180.0 180.0   5.0 450.0                            LAT/LON1/LON2/DLON/H
   49   51   53   59   63   68   72   78   85   93  101  110  119  127  135  145
  156  168  182  195  207  217  224  229  234  240  249  260  272  283  292  297
  298  296  292  286  279  271  264  256  249  242  234  224  214  202  189  176
  164  151  140  129  120  114  110  109  109  109  108  106  104  100   96   91
   84   77   71   64   59   53   50   50   49                                   
    50.0-180.0 180.0   5.0 450.0                            LAT/LON1/LON2/DLON/H
   54   55   57   62   66   71   75   80   87   94  102  111  120  130  140  151
  163  176  189  201  212  222  229  235  242  251  262  274  286  296  303  307
  307  305  302  297  292  286  279  273  267  260  253  245  235  224  212  200
  187  175  162  150  139  131  127  125  125  125  125  123  121  118  114  110
  104   98   92   84   77   70   65   61   54                                   
    47.5-180.0 180.0   5.0 450.0                            LAT/LON1/LON2/DLON/H
   67   67   68   72   75   81   85   90   95  102  109  117  126  135  147  158
  171  184  196  209  220  230  238  247  256  266  278  289  299  307  311  313
  312  311  309  306  303  299  294  289  283  277  271  263  253  242  230  217
  204  190  176  162  150  142  137  135  136  137  137  137  135  134  132  129
  124  119  114  108  100   92   86   81   67                                   
    45.0-180.0 180.0   5.0 450.0                            LAT/LON1/LON2/DLON/H
   86   84   84   87   89   96  101  105  110  116  122  128  135  144  155  167
  179  192  205  218  230  242  252  263  274  285  295  304  311  314  316  316
  316  315  315  315  315  313  310  305  300  293  286  277  266  253  239  225
  210  195  179  164  151  142  138  137  139  141  142  143  143  143  143  142
  139  137  134  130  124  117  110  105   86                                   
    42.5-180.0 180.0   5.0 450.0                            LAT/LON1/LON2/DLON/H
  105  103  101  104  106  113  119  124  129  135  139  143  149  156  165  176
  188  201  215  229  244  257  270  282  293  303  312  317  320  321  321  322
  323  326  328  331  333  333  330  325  317  309  299  287  273  258  241  224
  207  190  173  157  144  135  131  131  134  137  139  141  142  143  145  147
  147  147  146  145  142  136  131  127  105                                   
    40.0-180.0 180.0   5.0 450.0                            LAT/LON1/LON2/DLON/H
  121  118  115  119  121  128  136  143  150  156  160  162  165  170  178  188
  199  212  227  243  260  275  290  302  313  321  327  329  330  331  333  338
  344  350  356  361  363  363  359  351  340  328  314  298  280  260  240  220
  202  184  166  150  137  128  124  124  126  129  132  133  135  138  141  144
  146  148  149  150  149  145  142  140  121                                   
    37.5-180.0 180.0   5.0 450.0                            LAT/LON1/LON2/DLON/H
  129  126  123  129  133  139  149  159  168  176  181  183  185  188  194  202
  212  225  241  260  278  296  310  322  331  337  341  343  345  351  360  372
  386  398  406  411  411  407  399  387  371  354  334  313  290  267  244  223
  204  186  169  153  140  130  125  124  125  126  127  127  128  131  135  139
  140  142  144  146  145  143  142  140  129                                   
    35.0-180.0 180.0   5.0 450.0                            LAT/LON1/LON2/DLON/H
  130  128  125  132  137  142  155  168  182  193  200  204  206  209  213  220
  229  242  259  280  300  317  331  341  348  354  359  364  373  387  408  432
  455  473  482  483  478  469  454  435  413  389  364  337  311  285  262  241
  223  207  191  176  162  151  143  139  136  134  131  129  129  130  133  136
  136  137  138  138  136  134  135  132  130                                   
    32.5-180.0 180.0   5.0 450.0                            LAT/LON1/LON2/DLON/H
  129  126  123  130  135  139  154  171  189  205  217  224  228  231  236  242
  250  263  282  303  324  340  352  361  368  375  384  397  416  444  480  518
  552  574  582  577  563  544  522  495  466  436  405  375  346  320  299  281
  267  254  241  226  211  197  185  175  166  158  151  145  141  140  142  143
  141  139  137  132  129  125  126  121  129                                   
    30.0-180.0 180.0   5.0 450.0                            LAT/LON1/LON2/DLON/H
  127  123  119  125  129  133  149  167  190  212  229  241  249  255  260  266
  275  288  307  328  349  365  376  384  392  404  421  444  478  522  574  627
  670  695  699  685  659  628  596  563  528  492  457  425  397  374  357  346
  338  330  319  305  287  269  250  232  215  199  186  176  169  165  164  162
  157  152  145  136  129  121  121  112  127                                   
    27.5-180.0 180.0   5.0 450.0                            LAT/LON1/LON2/DLON/H
  129  124  117  122  124  126  142  162  189  215  238  255  267  276  284  292
  301  314  333  355  375  391  401  411  424  443  471  508  557  617  684  748
  797  820  816  789  750  708  667  628  590  552  516  484  459  442  434  431
  431  428  419  404  383  358  332  304  278  255  236  221  210  203  199  194
  185  176  164  150  139  127  123  110  129                                   
    25.0-180.0 180.0   5.0 450.0                            LAT/LON1/LON2/DLON/H
  135  129  119  122  122  122  138  158  188  218  245  266  283  296  306  315
  326  340  359  381  402  418  431  445  465  494  534  585  647  720  796  864
  910  926  910  870  819  768  722  682  643  605  571  542  523  514  515  521
  527  528  520  502  477  446  413  379  345  316  292  274  261  250  241  233
  220  208  191  174  158  142  132  116  135                                   
    22.5-180.0 180.0   5.0 450.0                            LAT/LON1/LON2/DLON/H
  146  139  124  126  125  123  138  159  189  222  252  277  297  313  326  336
  348  363  383  406  428  447  464  484  514  555  607  669  740  816  891  952
  988  992  963  913  855  800  755  716  680  645  615  591  577  576  584  596
  606  606  596  575  546  512  475  438  402  371  346  327  311  298  285  272
  256  241  220  203  183  163  149  130  146                                   
    20.0-180.0 180.0   5.0 450.0                            LAT/LON1/LON2/DLON/H
  160  154  135  133  131  128  143  163  195  229  260  287  309  327  342  354
  367  384  406  431  455  478  502  531  571  623  684  750  820  889  951  998
 1017 1006  967  912  853  803  763  730  701  672  645  625  615  617  628  641
  649  646  631  606  575  541  506  470  438  410  387  369  352  336  321  304
  285  269  246  229  207  186  168  148  160                                   
    17.5-180.0 180.0   5.0 450.0                            LAT/LON1/LON2/DLON/H
  173  169  148  143  140  137  152  172  203  238  269  297  320  339  356  370
  384  403  427  455  484  514  546  585  635  693  755  817  874  926  967  992
  994  971  927  874  823  783  755  733  712  689  665  646  636  636  644  651
  652  642  621  594  564  533  503  475  450  429  411  395  378  361  343  323
  302  286  263  247  225  204  186  166  173                                   
    15.0-180.0 180.0   5.0 450.0                            LAT/LON1/LON2/DLON/H
  182  180  159  152  148  146  162  183  214  248  279  306  330  350  368  384
  400  422  449  482  517  554  595  643  698  757  812  859  895  922  938  940
  927  898  858  817  782  758  743  733  720  701  679  657  643  636  634  631
  620  601  576  548  521  497  476  459  444  432  419  405  389  369  349  327
  305  289  269  254  235  215  198  178  182                                   
    12.5-180.0 180.0   5.0 450.0                            LAT/LON1/LON2/DLON/H
  184  183  166  157  153  153  171  193  225  259  289  316  339  361  380  398
  417  441  473  510  551  596  644  698  754  806  847  873  883  883  875  861
  841  816  789  765  748  740  738  737  730  713  689  663  640  622  608  591
  569  542  513  486  465  449  438  432  428  424  416  404  387  367  345  321
  298  282  265  252  235  217  202  183  184                                   
    10.0-180.0 180.0   5.0 450.0                            LAT/LON1/LON2/DLON/H
  179  180  165  157  153  156  177  201  234  269  299  326  350  372  393  413
  435  462  497  539  585  636  689  744  796  837  859  861  848  828  806  786
  769  754  743  737  736  740  746  749  743  725  697  664  632  604  577  548
  516  483  454  431  415  407  406  408  412  412  408  397  380  358  335  309
  287  271  256  244  230  214  200  181  179                                   
     7.5-180.0 180.0   5.0 450.0                            LAT/LON1/LON2/DLON/H
  170  171  159  153  149  154  178  205  240  276  308  336  361  385  408  430
  454  484  521  565  616  669  725  778  821  847  851  836  809  780  756  740
