data/edconvlstm_nd/pred1700.15i
     1.0            IONOSPHERE MAPS     GNSS                IONEX VERSION / TYPE
pyspatialgeodesy        IME             05-JAN-18 20:20     PGM / RUN BY / DATE 
Map Name                                                    COMMENT             
Predicted global ionosphere maps (GIM).                     DESCRIPTION         
  2015     6    19     0     0     0                        EPOCH OF FIRST MAP  
  2015     6    20     0     0     0                        EPOCH OF LAST MAP   
  7200                                                      INTERVAL            
    13                                                      # OF MAPS IN FILE   
  NONE                                                      MAPPING FUNCTION    
10.0                                                        ELEVATION CUTOFF    
One-way carrier phase leveled to code                       OBSERVABLES USED    
  6371.0                                                    BASE RADIUS         
 2                                                          MAP DIMENSION       
   450.0 450.0   0.0                                        HGT1 / HGT2 / DHGT  
    87.5 -87.5  -2.5                                        LAT1 / LAT2 / DLAT  
  -180.0 180.0   5.0                                        LON1 / LON2 / DLON  
    -1                                                      EXPONENT            
                                                            END OF HEADER       
     1                                                      START OF TEC MAP    
  2015     6    19     0     0     0                        EPOCH OF CURRENT MAP
    87.5-180.0 180.0   5.0 450.0                            LAT/LON1/LON2/DLON/H
  157  164  174  166  164  164  162  161  161  160  161  161  161  161  161  160
  160  160  159  158  158  157  156  155  153  152  151  150  149  148  147  146
  146  145  144  144  144  143  143  143  143  143  143  143  144  144  144  144
  145  145  145  146  146  147  147  147  148  148  149  150  150  150  151  153
  153  155  156  156  154  153  157  163  157                                   
    85.0-180.0 180.0   5.0 450.0                            LAT/LON1/LON2/DLON/H
  176  176  165  168  173  173  171  170  170  170  170  170  170  170  169  169
  168  168  167  166  165  164  162  161  159  158  156  155  153  152  151  149
  149  148  147  147  146  146  146  146  146  146  146  146  145  145  146  146
  146  146  146  147  147  148  148  149  150  151  152  153  154  154  156  157
  159  160  163  166  161  165  168  171  176                                   
    82.5-180.0 180.0   5.0 450.0                            LAT/LON1/LON2/DLON/H
  177  173  178  175  178  179  176  176  178  177  176  177  176  176  176  175
  175  174  173  172  170  169  167  165  163  161  158  156  154  152  150  149
  148  147  147  146  146  146  146  146  146  146  146  146  146  145  145  145
  145  145  145  146  146  147  148  149  150  151  152  153  155  156  158  160
  162  164  166  166  167  157  162  161  177                                   
    80.0-180.0 180.0   5.0 450.0                            LAT/LON1/LON2/DLON/H
  179  178  174  173  176  178  179  180  181  180  179  180  179  179  178  177
  177  176  175  174  172  170  168  165  163  159  156  153  150  147  145  144
  143  142  142  142  143  144  144  145  145  145  145  145  145  144  144  144
  144  144  144  144  145  146  146  147  148  149  150  151  153  154  156  158
  160  161  163  163  173  164  171  173  179                                   
    77.5-180.0 180.0   5.0 450.0                            LAT/LON1/LON2/DLON/H
  186  181  175  179  176  177  181  183  184  182  182  182  181  180  179  179
  178  177  176  175  173  171  169  166  162  158  154  150  146  143  140  139
  138  138  139  141  142  144  145  146  147  147  147  146  146  145  145  145
  145  146  146  147  148  148  149  149  150  151  151  152  153  154  155  157
  158  161  161  163  171  171  173  180  186                                   
    75.0-180.0 180.0   5.0 450.0                            LAT/LON1/LON2/DLON/H
  191  181  176  181  178  178  180  182  183  182  181  181  180  178  177  175
  174  173  172  171  170  168  166  163  159  154  149  144  139  136  133  132
  132  133  136  138  141  144  146  147  148  147  147  146  146  146  146  146
  147  148  149  150  151  152  152  152  152  152  152  152  152  153  153  155
  155  158  160  156  163  170  171  179  191                                   
    72.5-180.0 180.0   5.0 450.0                            LAT/LON1/LON2/DLON/H
  182  178  176  177  175  174  177  179  181  180  179  178  177  174  172  170
  168  166  165  164  164  162  160  157  153  148  142  137  132  128  125  125
  126  129  133  137  141  144  147  148  148  147  146  146  145  145  146  147
  149  150  152  153  154  155  155  155  154  154  154  153  152  152  152  153
  153  155  158  156  158  163  168  180  182                                   
    70.0-180.0 180.0   5.0 450.0                            LAT/LON1/LON2/DLON/H
  182  174  173  176  174  174  177  180  183  182  182  181  179  176  173  169
  166  164  163  162  162  162  160  158  154  148  142  136  130  126  124  124
  126  130  135  140  144  147  149  150  149  148  146  145  145  146  147  149
  152  154  156  158  159  159  159  159  158  158  157  157  156  155  155  156
  155  156  159  158  161  165  168  179  182                                   
    67.5-180.0 180.0   5.0 450.0                            LAT/LON1/LON2/DLON/H
  183  176  173  175  172  172  175  178  183  183  184  184  182  179  174  170
  165  162  161  160  160  161  160  158  154  149  143  137  131  128  126  126
  128  132  136  141  145  147  148  148  146  144  142  141  141  142  145  148
  151  154  156  158  159  159  159  159  159  159  159  158  158  157  157  157
  156  157  161  158  162  166  168  180  183                                   
    65.0-180.0 180.0   5.0 450.0                            LAT/LON1/LON2/DLON/H
  186  177  174  174  171  170  173  177  182  185  187  188  187  184  178  173
  167  163  161  160  161  162  162  161  159  154  149  144  139  135  133  133
  134  137  140  144  146  147  147  145  142  139  137  136  136  139  142  146
  150  153  156  158  159  159  159  159  160  160  161  161  162  162  162  162
  160  162  165  162  166  171  173  184  186                                   
    62.5-180.0 180.0   5.0 450.0                            LAT/LON1/LON2/DLON/H
  192  182  178  176  172  169  172  176  182  186  190  193  193  190  184  178
  172  167  164  163  164  166  167  167  166  163  159  155  152  149  146  145
  145  145  146  147  148  147  145  142  138  135  132  132  133  136  140  145
  149  153  155  157  158  159  159  160  161  163  164  166  167  168  169  169
  168  169  171  168  173  179  180  190  192                                   
    60.0-180.0 180.0   5.0 450.0                            LAT/LON1/LON2/DLON/H
  198  190  185  180  175  171  172  176  182  187  191  195  196  194  190  183
  177  171  168  166  168  170  172  174  174  173  172  170  167  165  162  160
  157  154  152  150  148  146  142  138  134  131  129  129  131  135  139  144
  149  152  155  156  157  159  160  162  164  166  169  171  173  175  176  177
  176  177  179  176  181  188  188  196  198                                   
    57.5-180.0 180.0   5.0 450.0                            LAT/LON1/LON2/DLON/H
  206  200  196  188  181  176  177  178  184  187  192  196  198  197  193  188
  182  176  172  171  172  174  177  180  182  183  183  184  183  182  179  174
  169  163  157  153  149  145  141  137  133  130  128  129  131  135  139  144
  149  152  154  156  158  160  163  166  169  171  174  177  179  181  184  185
  185  186  188  185  190  198  197  204  206                                   
    55.0-180.0 180.0   5.0 450.0                            LAT/LON1/LON2/DLON/H
  214  212  209  200  192  186  186  186  189  190  193  196  198  198  196  191
  186  181  177  176  177  180  183  186  188  191  193  195  196  196  192  186
  178  169  161  154  149  145  141  137  134  131  130  131  133  137  141  145
  149  153  156  158  162  165  169  173  176  178  181  183  185  187  190  193
  193  195  197  193  199  207  206  212  214                                   
    52.5-180.0 180.0   5.0 450.0                            LAT/LON1/LON2/DLON/H
  222  225  222  213  205  201  200  198  199  196  196  197  198  198  197  194
  190  185  183  182  183  186  189  191  194  196  200  203  205  205  201  194
  184  174  164  156  151  147  144  140  137  135  134  134  136  139  143  147
  150  154  158  162  167  172  177  181  185  187  188  189  190  192  195  199
  200  202  205  201  206  213  212  218  222                                   
    50.0-180.0 180.0   5.0 450.0                            LAT/LON1/LON2/DLON/H
  228  235  233  225  220  218  219  216  213  207  203  200  199  199  198  196
  194  191  189  189  191  194  196  198  199  201  204  207  210  210  206  198
  188  177  167  160  155  152  150  147  144  141  140  139  140  142  144  147
  151  155  160  166  173  180  187  192  195  196  195  195  195  196  199  203
  206  209  212  208  212  217  217  223  228                                   
    47.5-180.0 180.0   5.0 450.0                            LAT/LON1/LON2/DLON/H
  233  241  241  236  234  235  238  235  230  221  213  207  204  202  201  200
  199  197  197  198  200  203  204  205  205  205  206  209  211  211  207  199
  190  180  172  166  163  161  158  155  152  149  146  145  144  144  145  148
  151  156  163  171  179  188  196  201  204  204  202  200  199  199  202  207
  210  215  218  214  217  220  219  226  233                                   
    45.0-180.0 180.0   5.0 450.0                            LAT/LON1/LON2/DLON/H
  236  244  244  243  246  250  255  254  248  237  226  217  211  208  206  206
  205  205  206  208  211  213  214  213  211  210  210  211  211  210  207  200
  192  185  179  175  173  172  169  166  162  157  153  150  148  146  146  147
  150  156  164  174  184  193  202  208  211  210  208  205  203  203  206  211
  215  220  224  219  220  221  221  229  236                                   
    42.5-180.0 180.0   5.0 450.0                            LAT/LON1/LON2/DLON/H
  238  245  245  248  255  260  268  268  263  252  240  229  221  217  214  213
  213  213  215  218  222  224  224  223  220  217  215  214  214  212  208  203
  198  193  189  187  186  185  182  177  171  166  161  156  152  148  146  147
  150  156  164  174  185  195  203  209  213  214  213  210  208  208  211  216
  221  226  231  225  225  224  222  233  238                                   
    40.0-180.0 180.0   5.0 450.0                            LAT/LON1/LON2/DLON/H
  242  248  247  251  262  267  275  277  274  264  252  242  233  227  224  222
  222  223  225  229  233  235  235  234  231  227  225  222  220  217  213  209
  206  204  202  202  200  198  194  188  181  175  169  163  157  152  149  147
  149  155  163  172  182  192  200  207  212  215  215  215  214  215  218  224
  228  234  238  232  232  229  227  239  242                                   
    37.5-180.0 180.0   5.0 450.0                            LAT/LON1/LON2/DLON/H
  250  255  253  257  268  272  280  282  281  272  263  254  246  239  235  232
  232  233  235  239  243  245  246  245  243  240  238  234  230  226  222  219
  218  217  216  216  214  210  204  198  190  184  178  171  164  158  152  150
  150  154  161  169  177  185  193  201  207  213  217  220  221  223  227  232
  237  243  247  241  241  239  237  249  250                                   
    35.0-180.0 180.0   5.0 450.0                            LAT/LON1/LON2/DLON/H
  266  271  268  269  279  281  286  287  287  281  273  266  258  252  246  243
  241  242  245  248  251  254  255  256  256  256  254  250  245  239  234  231
  230  229  228  227  223  218  212  205  198  192  187  180  173  165  158  153
  152  154  158  164  171  178  185  193  201  210  218  224  228  232  236  241
  246  252  256  251  253  253  251  264  266                                   
    32.5-180.0 180.0   5.0 450.0                            LAT/LON1/LON2/DLON/H
  290  297  294  292  299  298  299  299  298  292  286  279  272  265  259  254
  252  251  253  256  259  262  265  267  270  271  270  266  260  252  246  242
  239  237  235  231  227  221  214  208  202  198  194  188  180  171  163  157
  153  153  154  158  163  169  177  185  196  207  217  227  234  239  244  249
  255  261  265  263  268  270  271  284  290                                   
    30.0-180.0 180.0   5.0 450.0                            LAT/LON1/LON2/DLON/H
  322  333  330  326  329  326  324  320  317  310  304  297  289  281  273  267
  263  261  261  263  266  270  274  279  283  286  285  281  272  263  254  248
  243  238  232  227  221  215  209  205  202  200  197  192  185  175  166  158
  153  150  149  150  154  161  169  179  191  204  217  228  237  244  250  256
  262  269  275  274  283  289  293  308  322                                   
    27.5-180.0 180.0   5.0 450.0                            LAT/LON1/LON2/DLON/H
  359  373  371  368  369  365  361  354  348  339  330  322  312  302  292  283
  277  273  271  272  275  279  285  291  296  298  297  290  279  267  256  246
  237  228  220  212  206  201  197  195  195  195  195  191  183  174  164  155
  149  143  140  140  144  152  162  175  189  203  217  230  240  248  255  262
  269  276  284  286  297  308  317  332  359                                   
    25.0-180.0 180.0   5.0 450.0                            LAT/LON1/LON2/DLON/H
  396  412  413  414  415  413  409  399  390  377  366  354  341  328  315  303
  294  287  283  282  286  291  298  304  308  307  302  292  278  263  248  234
  221  209  198  189  183  180  179  180  182  184  185  182  175  166  156  147
  140  133  129  128  133  144  158  174  190  205  219  232  243  252  260  268
  276  284  293  297  311  325  339  355  396                                   
    22.5-180.0 180.0   5.0 450.0                            LAT/LON1/LON2/DLON/H
  426  442  447  457  460  462  459  449  438  423  408  392  376  360  344  329
  315  305  298  296  299  306  312  317  317  312  302  287  268  250  232  214
  198  182  169  161  157  156  158  161  164  168  169  167  160  152  143  134
  127  120  116  116  123  137  156  176  194  209  223  236  247  257  267  277
  285  294  303  310  323  339  357  375  426                                   
    20.0-180.0 180.0   5.0 450.0                            LAT/LON1/LON2/DLON/H
  442  458  468  488  495  502  504  497  487  470  452  434  416  397  377  358
  340  326  316  312  315  321  327  329  324  312  295  274  252  230  210  190
  171  153  141  134  132  135  138  141  145  149  150  148  143  135  127  119
  112  106  103  105  115  133  157  181  201  217  230  242  254  265  277  288
  298  307  317  323  336  350  371  389  442                                   
    17.5-180.0 180.0   5.0 450.0                            LAT/LON1/LON2/DLON/H
  445  460  475  502  514  526  534  533  526  511  493  474  454  434  412  389
  367  348  335  330  331  336  339  337  326  307  282  256  231  208  186  165
  145  129  118  114  116  120  124  128  130  132  133  131  126  119  111  105
   99   94   91   95  108  130  158  186  209  225  238  250  263  277  291  304
  314  323  333  339  348  360  381  400  445                                   
    15.0-180.0 180.0   5.0 450.0                            LAT/LON1/LON2/DLON/H
  438  451  469  501  516  531  544  550  548  536  521  504  486  467  444  419
  394  371  355  346  345  348  348  340  322  296  265  236  209  185  164  144
  127  113  106  105  109  115  119  121  122  122  121  118  113  107  100   93
   87   83   82   88  103  127  159  189  214  232  246  259  274  290  307  322
  333  343  352  357  363  370  389  407  438                                   
    12.5-180.0 180.0   5.0 450.0                            LAT/LON1/LON2/DLON/H
  430  441  458  487  503  518  532  543  548  542  531  519  506  489  468  443
  417  392  372  361  356  355  349  335  310  278  244  213  187  166  148  132
  119  109  105  107  113  119  122  122  120  118  115  112  107  101   93   86
   80   76   75   81   97  123  156  188  216  236  252  267  285  304  324  341
  353  364  373  377  379  382  398  416  430                                   
    10.0-180.0 180.0   5.0 450.0                            LAT/LON1/LON2/DLON/H
  427  435  450  470  483  493  506  519  527  527  522  516  508  497  480  458
  433  408  387  372  363  355  342  321  290  255  221  191  169  152  140  130
  121  115  114  118  125  130  132  129  125  120  116  112  107  100   91   83
   75   70   69   75   91  116  149  182  211  234  253  272  294  317  340  358
  372  384  393  397  399  397  411  429  427                                   
     7.5-180.0 180.0   5.0 450.0                            LAT/LON1/LON2/DLON/H
  434  441  450  459  464  466  473  485  495  498  498  496  494  489  478  461
  440  417  396  379  363  347  326  297  263  228  196  173  157  148  142  137
