data/edconvlstm_nd/pred3490.15i
     1.0            IONOSPHERE MAPS     GNSS                IONEX VERSION / TYPE
pyspatialgeodesy        IME             05-JAN-18 20:20     PGM / RUN BY / DATE 
Map Name                                                    COMMENT             
Predicted global ionosphere maps (GIM).                     DESCRIPTION         
  2015    12    15     0     0     0                        EPOCH OF FIRST MAP  
  2015    12    16     0     0     0                        EPOCH OF LAST MAP   
  7200                                                      INTERVAL            
    13                                                      # OF MAPS IN FILE   
  NONE                                                      MAPPING FUNCTION    
10.0                                                        ELEVATION CUTOFF    
One-way carrier phase leveled to code                       OBSERVABLES USED    
  6371.0                                                    BASE RADIUS         
 2                                                          MAP DIMENSION       
   450.0 450.0   0.0                                        HGT1 / HGT2 / DHGT  
    87.5 -87.5  -2.5                                        LAT1 / LAT2 / DLAT  
  -180.0 180.0   5.0                                        LON1 / LON2 / DLON  
    -1                                                      EXPONENT            
                                                            END OF HEADER       
[from data line 4719]
    12                                                      START OF TEC MAP    
  2015    12    15    22     0     0                        EPOCH OF CURRENT MAP
    87.5-180.0 180.0   5.0 450.0                            LAT/LON1/LON2/DLON/H
   86   76   68   68   73   69   69   66   67   70   70   71   72   73   73   73
   73   73   72   71   70   69   68   66   65   63   62   60   59   58   56   56
   55   54   54   53   53   54   54   54   54   55   55   56   56   56   57   57
   57   57   57   57   56   56   56   56   55   55   55   55   54   54   54   54
   54   54   50   48   53   56   76   87   86                                   
    85.0-180.0 180.0   5.0 450.0                            LAT/LON1/LON2/DLON/H
   90   77   84   66   66   69   68   71   73   76   77   78   80   81   82   82
   82   81   80   79   77   76   73   71   69   67   64   62   60   58   56   55
   54   53   52   52   52   53   53   54   55   55   56   57   57   58   58   58
   58   58   58   58   58   58   57   57   57   56   56   56   56   56   56   56
   56   55   52   49   55   59   63   61   90                                   
    82.5-180.0 180.0   5.0 450.0                            LAT/LON1/LON2/DLON/H
   72   62   63   58   62   66   69   71   75   77   81   84   86   87   88   88
   88   87   85   83   81   78   75   72   69   66   63   59   56   53   51   49
   48   47   46   46   46   47   48   50   51   52   53   55   56   56   57   57
   58   58   58   57   57   57   57   56   56   55   55   54   54   54   53   53
   53   51   47   47   54   64   57   60   72                                   
    80.0-180.0 180.0   5.0 450.0                            LAT/LON1/LON2/DLON/H
   52   47   53   50   57   58   66   70   77   81   87   91   93   95   95   95
   93   91   89   86   83   79   75   71   67   63   59   54   50   47   43   41
   39   38   38   38   39   41   43   46   48   50   53   55   56   57   58   59
   59   59   59   59   58   58   57   57   56   56   55   54   54   53   53   52
   52   51   49   49   48   55   46   58   52                                   
    77.5-180.0 180.0   5.0 450.0                            LAT/LON1/LON2/DLON/H
   69   54   53   53   61   64   73   79   87   93   99  104  107  108  108  106
  104  100   97   93   90   86   83   79   75   70   65   60   56   51   47   44
   41   40   40   41   42   45   48   51   53   56   59   61   63   65   66   67
   67   67   68   68   67   67   67   66   66   65   65   64   64   63   62   61
   60   60   57   56   53   54   51   64   69                                   
    75.0-180.0 180.0   5.0 450.0                            LAT/LON1/LON2/DLON/H
   64   53   52   51   60   65   74   83   93  102  109  114  117  117  115  111
  106  101   97   93   89   87   84   81   78   75   71   66   61   56   52   49
   46   45   45   46   48   51   55   58   61   64   67   69   71   72   73   74
   74   74   74   74   74   74   74   74   74   74   73   73   73   72   72   72
   71   73   71   68   62   58   51   55   64                                   
    72.5-180.0 180.0   5.0 450.0                            LAT/LON1/LON2/DLON/H
   84   66   62   66   67   72   83   92  101  109  117  122  124  121  116  109
  101   94   87   83   81   79   79   79   78   76   74   70   66   61   57   53
   51   49   49   50   52   55   58   61   64   67   69   71   72   73   74   74
   74   74   75   75   75   76   77   77   78   79   79   80   80   80   80   80
   79   79   77   72   65   63   58   66   84                                   
    70.0-180.0 180.0   5.0 450.0                            LAT/LON1/LON2/DLON/H
   88   74   72   73   75   80   90  101  115  125  134  138  138  133  124  114
  102   92   84   79   77   78   80   82   84   84   83   80   77   73   69   65
   62   60   60   60   62   64   67   69   72   74   75   76   77   77   78   78
   78   78   78   79   80   81   82   84   86   87   89   90   90   90   91   91
   91   91   91   88   82   79   78   84   88                                   
    67.5-180.0 180.0   5.0 450.0                            LAT/LON1/LON2/DLON/H
  105   90   85   88   89   93  105  117  130  140  150  154  152  145  133  118
  102   89   78   73   71   73   76   80   84   86   86   85   82   78   74   71
   68   66   64   64   65   66   68   69   71   72   73   73   74   74   74   74
   75   75   75   76   78   80   82   85   88   90   92   93   94   94   94   94
   94   94   93   91   85   86   82   89  105                                   
    65.0-180.0 180.0   5.0 450.0                            LAT/LON1/LON2/DLON/H
  109   98   95   98   98  103  114  127  142  155  166  170  168  159  145  127
  108   91   79   71   69   70   74   78   82   84   84   83   81   78   74   71
   68   66   64   63   63   63   64   65   66   66   67   67   67   67   66   67
   67   67   67   68   70   73   76   79   83   86   89   90   91   90   90   90
   90   92   92   94   90   95   95  101  109                                   
    62.5-180.0 180.0   5.0 450.0                            LAT/LON1/LON2/DLON/H
  117  110  107  110  111  116  127  141  156  170  182  188  186  177  162  142
  121  102   87   77   72   71   73   76   78   79   78   76   74   71   69   66
   64   61   59   57   56   56   57   57   58   59   59   59   59   58   58   58
   58   58   58   59   60   63   67   71   75   79   82   83   83   82   81   81
   80   81   83   85   84   92   95  101  117                                   
    60.0-180.0 180.0   5.0 450.0                            LAT/LON1/LON2/DLON/H
  120  118  119  122  123  127  138  151  168  183  196  203  204  196  182  162
  141  120  103   90   82   78   76   75   73   71   68   65   62   61   59   57
   55   53   50   49   48   47   48   49   50   50   51   50   50   50   50   49
   49   48   47   47   48   51   54   59   63   68   70   72   71   70   68   67
   66   68   71   75   78   91   97  105  120                                   
    57.5-180.0 180.0   5.0 450.0                            LAT/LON1/LON2/DLON/H
  124  129  134  138  140  144  154  166  181  196  210  218  220  215  204  186
  166  145  126  110   98   90   83   77   71   65   60   55   52   51   50   49
   48   46   44   42   41   42   43   44   45   46   47   47   46   46   46   45
   44   42   40   39   39   41   44   49   54   58   60   61   61   59   58   56
   55   58   61   66   72   89   98  107  124                                   
    55.0-180.0 180.0   5.0 450.0                            LAT/LON1/LON2/DLON/H
  133  145  154  158  161  164  173  183  196  209  222  231  235  232  224  210
  192  172  152  134  118  106   95   84   74   64   55   49   45   44   44   44
   43   42   40   39   39   40   41   43   45   46   47   47   46   46   45   44
   42   40   37   35   34   35   38   42   47   50   52   53   52   51   50   49
   49   52   57   63   71   91  103  112  133                                   
    52.5-180.0 180.0   5.0 450.0                            LAT/LON1/LON2/DLON/H
  146  165  178  183  187  191  198  205  214  224  234  241  245  244  239  230
  215  197  177  157  139  124  110   96   82   69   58   50   46   44   44   45
   44   43   41   41   41   42   45   47   50   51   52   51   51   50   48   47
   45   42   39   36   35   35   38   41   45   47   48   48   48   47   47   48
   50   54   61   69   78  100  114  123  146                                   
    50.0-180.0 180.0   5.0 450.0                            LAT/LON1/LON2/DLON/H
  165  188  205  211  218  222  227  231  236  241  246  250  253  253  250  244
  232  216  197  177  158  142  127  112   97   83   70   60   55   52   51   51
   50   48   47   47   47   50   52   55   57   59   59   59   58   56   55   54
   52   50   47   44   42   41   43   45   47   48   48   47   47   47   50   54
   57   64   73   82   92  114  130  138  165                                   
    47.5-180.0 180.0   5.0 450.0                            LAT/LON1/LON2/DLON/H
  186  211  232  239  247  254  257  259  259  260  259  259  258  258  256  251
  242  228  210  192  174  159  146  132  117  102   88   77   70   66   63   61
   59   56   55   55   56   58   61   63   65   67   68   67   66   65   63   63
   62   61   58   56   54   53   53   54   54   53   51   49   49   51   56   63
   69   79   90  101  112  134  150  157  186                                   
    45.0-180.0 180.0   5.0 450.0                            LAT/LON1/LON2/DLON/H
  205  231  253  262  272  281  284  285  282  279  273  268  264  261  259  254
  246  234  218  201  187  174  164  152  139  124  110   97   88   82   77   73
   68   65   64   64   65   67   69   71   72   74   75   75   74   73   72   72
   73   73   72   71   69   67   66   65   63   60   57   54   53   56   64   73
   83   96  109  121  132  154  170  176  205                                   
    42.5-180.0 180.0   5.0 450.0                            LAT/LON1/LON2/DLON/H
  218  242  265  275  288  299  304  305  300  295  287  278  271  265  261  256
  248  236  222  208  197  188  180  171  159  145  129  116  105   96   89   82
   76   72   71   71   72   73   74   75   77   79   81   82   81   80   80   80
   82   84   85   84   83   81   79   76   72   68   62   59   58   63   72   83
   95  110  124  138  150  170  185  191  218                                   
    40.0-180.0 180.0   5.0 450.0                            LAT/LON1/LON2/DLON/H
  224  244  265  278  293  306  313  316  312  307  298  288  279  271  264  258
  249  239  227  216  207  201  195  187  174  159  143  128  115  105   96   89
   82   78   76   76   77   77   78   78   80   83   86   88   88   87   86   87
   89   92   94   94   93   91   88   84   79   73   67   64   64   69   79   91
  105  120  135  149  160  180  194  201  224                                   
    37.5-180.0 180.0   5.0 450.0                            LAT/LON1/LON2/DLON/H
  222  238  257  271  287  300  311  315  315  313  306  298  288  279  271  263
  254  244  234  225  218  213  206  196  182  165  147  132  120  110  101   93
   87   83   81   82   82   82   81   81   84   88   92   95   95   94   92   92
   94   97   99  100   98   95   92   87   82   76   71   68   69   75   85   98
  111  126  141  155  165  184  196  204  222                                   
    35.0-180.0 180.0   5.0 450.0                            LAT/LON1/LON2/DLON/H
  217  229  243  257  273  286  299  307  311  313  311  306  298  289  280  271
  262  253  244  237  231  224  214  200  183  163  146  131  121  113  107  100
   95   91   90   90   89   88   87   87   91   96  101  105  104  101   98   97
   97   99  100  100   99   96   91   87   82   78   74   73   75   81   91  103
  115  129  144  158  167  185  196  205  217                                   
    32.5-180.0 180.0   5.0 450.0                            LAT/LON1/LON2/DLON/H
  214  220  230  242  256  267  282  293  303  309  313  312  308  300  291  282
  272  264  257  251  244  234  219  200  179  158  142  131  124  120  117  113
  109  106  104  103  101   99   97   98  102  108  114  117  116  111  105  102
  100  100  100   99   97   94   90   86   82   80   79   80   84   91  100  111
  121  134  148  162  169  187  198  207  214                                   
    30.0-180.0 180.0   5.0 450.0                            LAT/LON1/LON2/DLON/H
  216  218  223  232  243  251  265  279  294  305  314  318  317  311  303  293
  283  276  269  263  255  241  222  199  176  156  142  135  134  135  135  134
  131  128  125  122  118  114  112  113  118  125  131  132  129  122  114  108
  104  101  100   98   96   93   89   86   84   84   85   89   95  103  112  122
  131  143  157  170  177  195  207  214  216                                   
    27.5-180.0 180.0   5.0 450.0                            LAT/LON1/LON2/DLON/H
  227  226  228  230  238  243  255  270  288  304  317  324  327  322  314  303
  293  285  279  273  262  245  224  200  178  161  152  150  154  159  163  163
  161  157  151  145  138  132  130  131  136  143  148  148  142  134  124  115
  109  105  102  100   97   95   92   89   88   90   94  101  109  118  128  137
  146  159  173  186  193  211  225  230  227                                   
    25.0-180.0 180.0   5.0 450.0                            LAT/LON1/LON2/DLON/H
  249  246  245  242  247  248  259  273  292  309  324  333  337  333  324  313
  301  292  285  277  265  248  227  206  189  178  174  177  184  193  198  199
  196  189  180  169  159  151  147  148  154  160  163  161  154  144  133  124
  116  110  106  103  102  100   98   96   96   98  103  112  122  133  144  155
  166  181  197  211  218  237  252  254  249                                   
    22.5-180.0 180.0   5.0 450.0                            LAT/LON1/LON2/DLON/H
  280  275  273  266  270  270  279  292  310  326  339  347  350  345  335  321
  307  295  286  276  264  250  234  220  211  207  208  214  223  231  236  237
  231  221  207  191  176  166  161  162  166  171  172  169  161  151  140  131
  122  116  111  109  108  107  106  105  104  106  111  120  132  145  159  174
  187  207  224  240  249  269  286  286  280                                   
    20.0-180.0 180.0   5.0 450.0                            LAT/LON1/LON2/DLON/H
  316  312  310  301  307  307  316  327  343  355  365  369  369  362  349  332
  314  298  285  273  262  253  246  242  243  246  251  256  262  267  270  267
  259  245  227  207  188  175  168  168  171  174  174  170  162  153  144  135
  127  121  116  114  115  116  115  114  112  112  116  125  137  152  170  189
  208  232  253  271  281  302  320  321  316                                   
    17.5-180.0 180.0   5.0 450.0                            LAT/LON1/LON2/DLON/H
  352  350  351  342  352  353  364  375  388  397  401  401  396  385  368  347
  324  303  286  272  264  261  264  272  281  290  294  296  295  294  291  285
  274  258  237  214  193  178  169  167  169  170  169  164  157  150  143  136
  129  124  120  119  120  122  123  121  117  115  116  124  136  154  175  200
  224  253  277  297  309  331  351  354  352                                   
    15.0-180.0 180.0   5.0 450.0                            LAT/LON1/LON2/DLON/H
  381  384  389  382  397  401  415  426  438  444  445  441  432  417  396  370
  342  315  293  278  271  275  288  306  323  333  332  325  315  305  296  287
  275  258  238  215  193  177  167  163  161  160  158  154  148  143  138  134
  128  124  120  120  123  126  127  124  119  114  113  119  132  152  177  206
  235  268  295  317  330  353  375  380  381                                   
    12.5-180.0 180.0   5.0 450.0                            LAT/LON1/LON2/DLON/H
  400  409  418  414  433  442  460  471  484  490  490  484  473  456  432  402
  369  337  310  293  288  298  319  344  363  369  359  340  318  300  287  276
  265  251  234  214  194  178  166  158  154  150  147  142  138  135  132  129
  125  121  119  120  123  127  128  125  118  111  108  113  126  148  177  210
  243  278  307  328  341  365  389  395  400                                   
    10.0-180.0 180.0   5.0 450.0                            LAT/LON1/LON2/DLON/H
  411  425  437  435  457  470  491  505  520  528  529  524  514  497  473  442
  406  370  339  319  316  329  354  381  397  394  372  340  308  284  269  259
  252  244  232  217  201  184  170  159  151  144  139  135  131  129  127  125
  122  119  117  118  121  125  126  123  115  108  104  108  122  146  178  213
  247  283  313  333  345  369  393  401  411                                   
     7.5-180.0 180.0   5.0 450.0                            LAT/LON1/LON2/DLON/H
  414  432  447  447  470  485  508  524  542  553  558  556  548  534  513  483
  447  410  377  356  352  366  391  414  422  407  372  329  292  265  251  246
