data/edconvlstm_nd/pred1190.15i
     1.0            IONOSPHERE MAPS     GNSS                IONEX VERSION / TYPE
pyspatialgeodesy        IME             05-JAN-18 20:20     PGM / RUN BY / DATE 
Map Name                                                    COMMENT             
Predicted global ionosphere maps (GIM).                     DESCRIPTION         
  2015     4    29     0     0     0                        EPOCH OF FIRST MAP  
  2015     4    30     0     0     0                        EPOCH OF LAST MAP   
  7200                                                      INTERVAL            
    13                                                      # OF MAPS IN FILE   
  NONE                                                      MAPPING FUNCTION    
10.0                                                        ELEVATION CUTOFF    
One-way carrier phase leveled to code                       OBSERVABLES USED    
  6371.0                                                    BASE RADIUS         
 2                                                          MAP DIMENSION       
   450.0 450.0   0.0                                        HGT1 / HGT2 / DHGT  
    87.5 -87.5  -2.5                                        LAT1 / LAT2 / DLAT  
  -180.0 180.0   5.0                                        LON1 / LON2 / DLON  
    -1                                                      EXPONENT            
                                                            END OF HEADER       
[from data line 3861]
    10                                                      START OF TEC MAP    
  2015     4    29    18     0     0                        EPOCH OF CURRENT MAP
    87.5-180.0 180.0   5.0 450.0                            LAT/LON1/LON2/DLON/H
  188  179  165  170  173  174  172  172  172  173  173  174  174  175  175  175
  176  176  176  176  176  176  176  175  175  175  175  174  174  174  174  174
  174  174  174  174  175  175  176  176  177  177  178  178  179  179  179  179
  180  180  180  179  179  179  178  178  178  177  177  177  176  176  175  174
  174  173  172  173  183  180  179  179  188                                   
    85.0-180.0 180.0   5.0 450.0                            LAT/LON1/LON2/DLON/H
  180  179  181  174  172  176  175  177  178  179  179  180  181  182  183  184
  185  185  186  186  186  186  186  185  185  184  184  183  182  182  181  181
  180  180  180  180  180  180  181  181  182  182  183  183  184  184  184  184
  184  184  184  184  183  183  182  182  181  181  181  180  180  179  179  178
  178  178  176  176  180  167  168  171  180                                   
    82.5-180.0 180.0   5.0 450.0                            LAT/LON1/LON2/DLON/H
  149  159  152  151  152  159  159  161  162  164  166  168  169  171  173  175
  176  177  179  179  180  181  181  181  181  180  180  179  178  177  176  175
  175  174  173  173  173  173  173  174  174  174  175  175  175  175  175  175
  174  173  173  172  171  170  169  168  168  167  166  166  165  165  164  163
  162  161  159  162  163  163  157  143  149                                   
    80.0-180.0 180.0   5.0 450.0                            LAT/LON1/LON2/DLON/H
  131  134  131  132  129  133  134  139  141  144  146  149  152  154  156  158
  160  162  163  164  165  166  166  166  165  164  163  162  160  159  157  156
  155  154  153  153  154  154  155  156  157  157  158  159  159  160  159  159
  159  158  157  156  155  154  153  152  152  151  151  150  150  149  148  147
  146  144  142  142  140  132  131  125  131                                   
    77.5-180.0 180.0   5.0 450.0                            LAT/LON1/LON2/DLON/H
  129  127  126  127  127  131  132  138  140  144  146  149  152  155  158  161
  164  166  169  171  173  175  176  177  177  176  175  173  172  170  167  166
  164  162  161  160  160  160  160  160  160  161  161  161  160  160  159  158
  157  156  155  153  152  151  150  149  148  148  148  147  147  146  146  145
  143  141  139  138  139  127  129  126  129                                   
    75.0-180.0 180.0   5.0 450.0                            LAT/LON1/LON2/DLON/H
  127  126  122  123  124  129  129  133  137  141  143  146  149  152  155  158
  161  165  168  171  174  177  179  180  180  180  179  177  175  172  170  168
  165  163  162  160  159  159  158  158  157  157  156  156  155  154  153  152
  150  149  147  146  144  143  142  141  141  140  140  141  141  141  140  140
  139  138  136  132  132  124  127  118  127                                   
    72.5-180.0 180.0   5.0 450.0                            LAT/LON1/LON2/DLON/H
  132  132  130  134  133  138  139  143  145  148  150  153  156  158  161  165
  168  173  177  182  186  190  193  195  197  196  195  194  191  189  186  183
  181  178  176  174  171  169  167  166  164  162  160  159  157  155  153  151
  149  147  145  144  142  141  140  139  139  138  139  139  139  139  140  140
  139  139  138  135  136  130  135  131  132                                   
    70.0-180.0 180.0   5.0 450.0                            LAT/LON1/LON2/DLON/H
  141  143  141  145  145  149  149  153  155  157  158  160  162  164  166  169
  173  178  184  190  196  201  205  208  209  209  208  206  204  202  199  196
  194  191  188  185  181  178  174  171  168  164  161  158  155  152  149  147
  145  143  141  140  138  137  135  134  133  133  133  133  133  134  135  136
  136  136  137  135  138  136  144  139  141                                   
    67.5-180.0 180.0   5.0 450.0                            LAT/LON1/LON2/DLON/H
  151  157  156  161  163  167  167  170  171  173  173  174  175  176  177  180
  184  190  196  203  209  215  220  223  224  224  223  222  220  218  216  214
  212  209  206  202  197  192  188  183  178  173  168  163  159  155  151  148
  145  143  142  140  138  137  135  133  132  130  130  129  129  129  131  132
  133  135  137  136  140  141  150  147  151                                   
    65.0-180.0 180.0   5.0 450.0                            LAT/LON1/LON2/DLON/H
  155  165  165  172  175  179  180  182  184  185  185  185  185  185  185  188
  192  197  204  212  219  225  230  233  235  235  234  233  232  232  231  231
  229  227  224  219  213  207  200  194  187  180  174  167  161  155  150  146
  143  140  138  136  134  132  129  127  125  122  121  119  119  119  119  121
  123  126  129  130  138  142  153  151  155                                   
    62.5-180.0 180.0   5.0 450.0                            LAT/LON1/LON2/DLON/H
  155  167  170  178  183  188  189  192  194  196  196  196  195  194  194  196
  200  205  212  220  227  233  237  240  241  242  241  241  242  243  245  246
  246  244  241  235  229  221  214  206  198  190  182  174  166  158  151  145
  140  137  134  131  128  126  123  120  118  115  113  110  109  108  108  109
  111  115  120  122  130  137  148  147  155                                   
    60.0-180.0 180.0   5.0 450.0                            LAT/LON1/LON2/DLON/H
  149  164  169  178  184  190  193  197  200  203  203  203  202  201  201  202
  205  210  217  224  230  236  240  242  244  244  245  247  250  254  258  261
  262  261  258  252  245  236  228  220  211  203  193  183  172  162  153  145
  139  134  129  126  123  120  117  114  112  109  106  103  101   99   98   99
  101  104  109  112  121  129  140  140  149                                   
    57.5-180.0 180.0   5.0 450.0                            LAT/LON1/LON2/DLON/H
  142  158  165  174  182  189  194  198  202  206  208  208  207  206  206  206
  209  213  219  224  230  234  238  241  243  246  249  253  258  265  271  276
  278  278  274  268  260  252  243  235  227  217  207  195  183  170  159  149
  141  134  128  123  119  116  114  112  110  108  105  102   99   96   95   95
   96   99  104  106  115  122  133  133  142                                   
    55.0-180.0 180.0   5.0 450.0                            LAT/LON1/LON2/DLON/H
  138  154  163  172  181  190  195  200  205  209  211  212  211  210  209  209
  211  214  219  223  227  231  235  240  244  249  254  261  269  277  285  291
  294  293  290  283  276  267  259  252  243  234  222  209  195  182  169  157
  147  138  131  124  120  117  115  115  114  114  112  109  106  102  100   99
   99  101  105  107  114  120  130  131  138                                   
    52.5-180.0 180.0   5.0 450.0                            LAT/LON1/LON2/DLON/H
  139  154  165  174  185  195  201  206  211  214  216  216  215  213  212  212
  213  215  217  220  224  229  234  241  248  256  264  273  283  292  301  306
  309  308  303  297  290  282  275  267  259  249  237  224  209  194  181  168
  157  147  138  131  125  122  122  123  125  126  126  124  120  116  113  111
  110  112  115  116  121  125  134  135  139                                   
    50.0-180.0 180.0   5.0 450.0                            LAT/LON1/LON2/DLON/H
  147  161  172  182  194  207  213  218  222  225  225  224  221  219  217  215
  215  216  217  220  224  229  238  247  258  269  280  291  301  310  316  320
  321  319  315  309  303  296  289  282  273  263  250  236  222  208  194  183
  171  161  151  142  136  133  134  137  140  144  145  144  141  137  133  130
  129  130  131  132  135  137  145  146  147                                   
    47.5-180.0 180.0   5.0 450.0                            LAT/LON1/LON2/DLON/H
  161  174  184  196  208  223  229  235  238  239  238  235  231  227  224  222
  221  220  221  223  228  236  247  261  275  289  301  312  320  327  330  332
  330  327  323  318  313  308  301  294  284  273  260  246  232  219  208  197
  187  177  166  157  150  147  148  152  158  163  165  166  163  159  155  152
  150  150  151  151  153  153  160  162  161                                   
    45.0-180.0 180.0   5.0 450.0                            LAT/LON1/LON2/DLON/H
  178  191  200  214  227  242  249  254  257  258  255  251  246  241  237  234
  231  229  229  232  238  249  264  281  298  313  325  334  339  341  341  340
  336  333  329  327  323  319  313  304  293  280  267  253  240  228  219  211
  202  192  182  171  164  161  162  166  172  178  182  183  181  178  174  171
  168  168  168  168  170  169  175  180  178                                   
    42.5-180.0 180.0   5.0 450.0                            LAT/LON1/LON2/DLON/H
  194  208  216  232  246  261  269  274  278  278  275  271  266  261  256  252
  248  245  244  247  256  269  286  305  323  338  348  353  355  354  350  346
  342  339  338  337  336  333  325  315  302  288  273  259  246  236  228  222
  214  205  195  184  176  172  172  176  181  186  190  192  191  189  186  182
  179  179  178  178  180  180  186  192  194                                   
    40.0-180.0 180.0   5.0 450.0                            LAT/LON1/LON2/DLON/H
  206  221  229  247  262  276  286  292  296  298  297  295  291  287  283  278
  272  268  267  271  280  295  313  332  349  361  368  370  369  365  361  356
  353  352  353  355  356  352  344  331  316  300  284  268  255  244  237  230
  224  215  204  193  184  179  178  181  184  188  191  192  193  191  189  186
  182  181  180  180  182  183  190  196  206                                   
    37.5-180.0 180.0   5.0 450.0                            LAT/LON1/LON2/DLON/H
  212  227  238  256  273  286  298  305  312  316  318  320  320  319  316  311
  305  299  298  301  311  325  342  359  373  382  386  386  384  381  378  376
  375  376  380  384  386  381  371  356  338  320  302  284  269  256  246  238
  231  222  211  200  191  185  183  183  185  186  188  189  190  190  189  186
  181  178  176  174  177  179  186  191  212                                   
    35.0-180.0 180.0   5.0 450.0                            LAT/LON1/LON2/DLON/H
  212  229  242  259  278  289  304  313  323  331  337  344  350  354  354  349
  343  337  335  337  345  357  371  384  395  402  404  405  405  405  407  409
  412  417  423  427  428  422  408  390  370  349  329  308  288  271  258  248
  238  228  217  207  198  193  190  188  187  187  188  189  190  191  190  187
  181  177  172  169  170  172  179  183  212                                   
    32.5-180.0 180.0   5.0 450.0                            LAT/LON1/LON2/DLON/H
  213  230  246  261  280  290  308  318  331  343  355  368  380  389  392  390
  384  378  375  377  382  390  399  409  416  422  426  430  435  443  452  461
  469  476  481  484  481  470  453  431  408  386  363  338  314  292  274  260
  248  237  226  217  210  205  202  200  198  197  197  198  200  201  201  197
  190  183  175  170  169  169  175  177  213                                   
    30.0-180.0 180.0   5.0 450.0                            LAT/LON1/LON2/DLON/H
  218  234  250  266  284  295  314  325  341  356  373  391  408  422  430  431
  427  421  418  418  420  424  429  434  441  447  455  466  479  496  515  531
  542  548  549  546  536  520  498  473  448  423  398  370  341  315  292  276
  262  251  241  234  229  226  224  223  221  220  220  221  224  225  225  220
  211  202  190  183  178  175  178  179  218                                   
    27.5-180.0 180.0   5.0 450.0                            LAT/LON1/LON2/DLON/H
  228  243  257  275  294  307  327  340  357  374  393  414  436  454  466  470
  468  464  461  460  459  459  460  463  470  480  495  513  537  564  590  610
  621  621  614  601  584  562  535  507  479  452  425  395  364  335  311  293
  281  271  263  258  257  257  258  258  257  257  258  259  261  262  260  254
  244  233  218  208  198  190  188  189  228                                   
    25.0-180.0 180.0   5.0 450.0                            LAT/LON1/LON2/DLON/H
  244  256  268  290  312  327  348  362  380  398  417  440  463  485  500  507
  508  506  504  502  499  496  494  498  507  523  544  571  602  635  665  683
  687  678  660  638  613  586  555  523  493  464  436  406  375  347  325  310
  300  293  289  288  290  294  298  301  303  304  305  306  306  305  302  295
  283  272  255  242  226  211  206  209  244                                   
    22.5-180.0 180.0   5.0 450.0                            LAT/LON1/LON2/DLON/H
  261  272  280  307  334  352  375  391  409  426  445  467  491  513  531  541
  546  547  546  544  540  535  533  538  551  572  599  631  666  698  724  735
  729  708  680  650  620  589  554  518  484  453  425  396  369  346  330  320
  316  314  314  317  323  329  336  341  345  348  349  348  346  342  339  331
  321  310  294  279  255  235  226  233  261                                   
    20.0-180.0 180.0   5.0 450.0                            LAT/LON1/LON2/DLON/H
  276  284  291  322  352  374  399  418  438  455  473  493  516  539  558  572
  580  585  586  585  581  577  577  584  601  625  654  686  716  742  758  758
  741  711  676  642  609  574  535  495  456  422  393  368  348  333  325  324
  327  330  335  340  348  355  363  369  374  377  377  375  370  365  361  355
  347  339  325  308  279  254  243  256  276                                   
    17.5-180.0 180.0   5.0 450.0                            LAT/LON1/LON2/DLON/H
  283  287  295  326  359  385  413  437  459  478  495  515  536  560  581  599
  611  620  624  625  622  620  623  634  652  675  701  726  747  761  765  755
  731  697  660  624  589  551  508  462  418  380  352  331  318  313  316  324
  334  343  350  357  363  370  376  381  386  388  387  383  376  369  365  361
  356  352  341  324  293  264  251  268  283                                   
    15.0-180.0 180.0   5.0 450.0                            LAT/LON1/LON2/DLON/H
  279  277  287  319  353  383  414  442  468  489  507  527  549  573  598  620
  637  651  659  662  663  664  670  682  699  718  735  749  757  759  752  736
  709  676  640  605  570  531  484  433  383  343  315  298  293  297  310  327
  342  354  361  366  371  374  377  379  381  382  379  373  365  357  353  349
  347  346  337  321  291  261  246  266  279                                   
    12.5-180.0 180.0   5.0 450.0                            LAT/LON1/LON2/DLON/H
  262  255  268  300  336  368  403  434  463  487  508  529  553  579  607  634
  657  675  688  696  700  706  714  725  738  748  754  754  750  742  729  710
  684  654  623  593  561  523  475  420  367  324  297  284  284  295  315  337
  355  366  370  372  371  370  367  365  363  361  357  349  339  331  325  322
  321  321  315  299  273  244  229  249  262                                   
    10.0-180.0 180.0   5.0 450.0                            LAT/LON1/LON2/DLON/H
  238  227  243  276  313  348  385  418  451  478  501  525  550  579  610  641
  669  692  710  722  731  740  750  759  765  764  757  746  732  718  702  684
  663  640  616  593  567  532  486  430  376  333  306  295  297  312  334  356
  372  379  378  373  367  360  352  344  338  332  325  316  305  295  289  284
  282  283  278  265  242  218  202  222  238                                   
     7.5-180.0 180.0   5.0 450.0                            LAT/LON1/LON2/DLON/H
  211  202  220  253  290  326  367  402  438  468  493  518  545  575  608  641
  673  700  722  738  752  764  775  781  778  767  749  729  711  695  681  667
