data/edconvlstm_nd/pred1610.15i
     1.0            IONOSPHERE MAPS     GNSS                IONEX VERSION / TYPE
pyspatialgeodesy        IME             05-JAN-18 20:20     PGM / RUN BY / DATE 
Map Name                                                    COMMENT             
Predicted global ionosphere maps (GIM).                     DESCRIPTION         
  2015     6    10     0     0     0                        EPOCH OF FIRST MAP  
  2015     6    11     0     0     0                        EPOCH OF LAST MAP   
  7200                                                      INTERVAL            
    13                                                      # OF MAPS IN FILE   
  NONE                                                      MAPPING FUNCTION    
10.0                                                        ELEVATION CUTOFF    
One-way carrier phase leveled to code                       OBSERVABLES USED    
  6371.0                                                    BASE RADIUS         
 2                                                          MAP DIMENSION       
   450.0 450.0   0.0                                        HGT1 / HGT2 / DHGT  
    87.5 -87.5  -2.5                                        LAT1 / LAT2 / DLAT  
  -180.0 180.0   5.0                                        LON1 / LON2 / DLON  
    -1                                                      EXPONENT            
                                                            END OF HEADER       
[from data line 1287]
     4                                                      START OF TEC MAP    
  2015     6    10     6     0     0                        EPOCH OF CURRENT MAP
    87.5-180.0 180.0   5.0 450.0                            LAT/LON1/LON2/DLON/H
  164  160  160  164  166  164  163  160  162  163  163  163  164  164  164  164
  163  163  163  163  163  163  162  162  162  161  161  160  160  160  159  158
  158  157  157  156  156  155  155  154  154  154  154  154  154  154  154  154
  154  155  155  155  155  156  156  156  156  156  156  156  156  155  155  155
  155  157  156  155  161  159  160  153  164                                   
    85.0-180.0 180.0   5.0 450.0                            LAT/LON1/LON2/DLON/H
  166  167  167  169  172  172  173  173  174  175  175  175  176  176  175  175
  175  175  174  174  173  173  172  172  171  171  170  170  169  169  168  168
  167  167  166  165  165  164  164  163  163  163  163  163  163  163  164  164
  165  165  166  166  167  168  168  168  169  169  169  169  169  168  168  168
  168  169  165  166  162  161  162  159  166                                   
    82.5-180.0 180.0   5.0 450.0                            LAT/LON1/LON2/DLON/H
  170  171  173  168  171  172  172  173  174  175  175  176  176  176  175  174
  174  173  172  171  170  169  168  167  166  166  165  165  164  164  163  163
  162  162  161  160  160  159  159  159  159  159  159  160  160  161  162  163
  164  166  167  168  169  170  171  172  173  174  174  174  174  173  172  172
  171  171  166  168  168  163  160  149  170                                   
    80.0-180.0 180.0   5.0 450.0                            LAT/LON1/LON2/DLON/H
  170  168  164  164  168  168  170  171  172  173  173  174  174  174  173  172
  171  170  169  167  166  164  163  162  161  160  159  159  159  158  158  158
  158  158  158  157  157  157  157  157  157  158  159  160  162  163  165  167
  169  171  173  174  176  178  179  181  182  182  183  183  182  181  180  179
  177  175  170  170  169  165  168  150  170                                   
    77.5-180.0 180.0   5.0 450.0                            LAT/LON1/LON2/DLON/H
  168  161  159  160  162  163  166  166  168  169  169  170  170  169  169  168
  167  166  164  163  161  159  157  156  154  153  152  151  151  152  152  153
  154  154  155  155  155  155  156  156  158  159  161  164  167  170  173  176
  178  181  183  185  188  190  191  193  194  195  196  196  195  194  191  189
  185  183  175  173  173  164  162  154  168                                   
    75.0-180.0 180.0   5.0 450.0                            LAT/LON1/LON2/DLON/H
  160  155  150  152  155  156  158  158  160  161  161  162  162  162  162  162
  161  160  159  158  156  154  151  148  146  144  142  141  141  142  143  145
  147  148  149  150  151  152  153  154  156  159  163  167  171  176  180  184
  187  190  192  194  196  198  200  202  203  205  206  206  205  204  201  199
  194  189  181  174  171  165  162  154  160                                   
    72.5-180.0 180.0   5.0 450.0                            LAT/LON1/LON2/DLON/H
  158  154  149  149  152  152  154  154  156  156  156  157  158  158  159  160
  160  160  160  159  157  154  151  147  143  140  138  137  137  138  141  143
  146  149  152  153  155  156  158  160  164  168  173  179  185  191  196  200
  203  205  207  208  209  210  211  212  214  215  217  217  218  217  214  212
  207  202  194  186  179  170  166  159  158                                   
    70.0-180.0 180.0   5.0 450.0                            LAT/LON1/LON2/DLON/H
  162  154  149  147  147  146  146  146  146  146  146  148  149  151  153  155
  156  157  158  157  155  152  148  143  138  133  130  128  128  130  134  138
  143  147  150  153  155  156  159  162  166  172  179  187  194  201  206  210
  213  214  214  213  212  211  211  211  213  215  217  219  220  220  219  217
  213  208  201  193  186  178  176  168  162                                   
    67.5-180.0 180.0   5.0 450.0                            LAT/LON1/LON2/DLON/H
  167  160  152  149  148  144  142  139  139  138  138  140  142  144  147  150
  153  154  155  155  153  149  144  138  132  127  123  121  121  124  128  134
  140  146  150  153  156  158  160  164  170  177  185  194  203  210  215  218
  219  219  216  213  210  208  206  206  207  209  212  215  217  219  219  219
  217  213  207  200  194  187  184  178  167                                   
    65.0-180.0 180.0   5.0 450.0                            LAT/LON1/LON2/DLON/H
  176  170  161  155  152  145  141  137  135  132  132  134  136  139  143  146
  149  151  152  151  149  145  139  133  127  121  117  115  116  120  126  133
  141  147  153  156  159  161  164  169  175  183  193  203  212  219  224  226
  225  222  218  213  208  204  202  201  202  204  207  210  214  217  218  220
  219  218  214  208  204  200  199  193  176                                   
    62.5-180.0 180.0   5.0 450.0                            LAT/LON1/LON2/DLON/H
  189  186  176  168  162  152  146  138  133  129  128  129  131  134  137  141
  144  145  145  144  141  136  131  125  119  114  111  110  112  118  125  134
  142  150  156  160  163  166  169  174  181  191  201  211  220  227  230  231
  229  224  219  213  207  203  200  199  199  201  204  208  212  215  218  221
  222  223  221  217  215  213  214  210  189                                   
    60.0-180.0 180.0   5.0 450.0                            LAT/LON1/LON2/DLON/H
  204  203  192  183  175  163  154  143  135  128  125  124  125  127  130  132
  134  135  134  131  127  123  118  113  109  106  104  105  109  116  124  134
  144  153  159  164  167  170  174  179  187  197  207  217  225  231  234  233
  230  225  219  214  209  206  204  203  203  204  207  209  212  215  217  221
  223  226  226  225  225  225  228  225  204                                   
    57.5-180.0 180.0   5.0 450.0                            LAT/LON1/LON2/DLON/H
  218  220  211  201  191  178  166  152  141  131  125  121  120  120  121  122
  123  122  119  116  111  107  103  100   98   98   99  102  108  115  125  135
  146  155  162  167  171  174  179  185  193  203  213  222  229  234  235  234
  231  227  223  220  217  216  215  215  215  216  217  218  219  220  221  224
  226  230  232  232  234  236  240  238  218                                   
    55.0-180.0 180.0   5.0 450.0                            LAT/LON1/LON2/DLON/H
  231  234  228  218  208  194  181  164  150  137  126  119  115  113  112  111
  110  108  104   99   95   91   88   87   88   91   95  100  107  115  125  136
  146  155  163  169  173  178  183  190  198  207  217  225  231  234  235  234
  232  231  229  229  230  231  232  233  234  234  233  232  231  229  228  230
  231  235  237  238  240  244  249  248  231                                   
    52.5-180.0 180.0   5.0 450.0                            LAT/LON1/LON2/DLON/H
  241  245  242  234  224  211  197  179  163  146  131  120  112  107  104  102
  100   96   92   87   82   79   78   79   83   88   94  100  107  116  125  135
  146  155  163  170  175  181  187  194  203  211  219  226  231  233  235  235
  235  236  238  241  245  249  253  255  255  255  253  250  246  242  239  238
  238  241  243  244  246  249  254  253  241                                   
    50.0-180.0 180.0   5.0 450.0                            LAT/LON1/LON2/DLON/H
  248  252  251  245  238  226  214  195  178  157  139  124  112  104   99   96
   93   90   86   81   77   75   75   77   82   89   96  103  110  117  126  135
  145  154  163  170  177  184  191  199  207  214  221  226  230  232  234  236
  239  243  248  255  262  268  273  276  277  276  273  268  263  257  252  249
  248  250  251  251  252  254  258  257  248                                   
    47.5-180.0 180.0   5.0 450.0                            LAT/LON1/LON2/DLON/H
  253  256  257  253  248  238  228  211  192  171  150  132  116  105   99   95
   92   90   86   83   80   79   80   83   89   95  102  108  114  120  127  136
  145  155  164  172  180  187  195  203  210  217  222  226  230  233  236  240
  245  252  260  269  278  285  290  293  294  293  289  284  278  271  265  262
  260  261  261  260  259  259  262  260  253                                   
    45.0-180.0 180.0   5.0 450.0                            LAT/LON1/LON2/DLON/H
  257  258  259  256  254  246  238  223  206  184  162  142  124  111  103   99
   96   95   94   92   91   91   92   96  101  106  112  116  119  124  130  138
  147  157  167  176  184  192  200  208  214  220  224  228  231  235  240  246
  253  262  272  282  291  299  304  307  308  306  303  298  291  284  279  276
  274  275  275  272  268  267  268  266  257                                   
    42.5-180.0 180.0   5.0 450.0                            LAT/LON1/LON2/DLON/H
  262  261  260  256  255  248  243  230  215  195  174  153  135  120  111  107
  105  105  106  107  108  109  111  114  118  122  124  126  127  130  135  142
  152  163  173  182  190  198  206  213  219  224  228  231  235  241  247  255
  264  274  284  294  304  311  316  319  320  319  317  312  306  299  294  291
  291  292  291  287  281  278  277  275  262                                   
    40.0-180.0 180.0   5.0 450.0                            LAT/LON1/LON2/DLON/H
  268  265  262  256  254  247  243  233  221  204  185  165  147  132  123  117
  116  117  120  123  127  130  133  135  138  139  139  138  137  138  142  150
  160  171  181  190  197  205  213  220  226  230  234  237  242  249  258  267
  277  287  298  308  318  325  331  334  337  337  335  331  325  318  313  310
  310  311  311  306  298  294  290  287  268                                   
    37.5-180.0 180.0   5.0 450.0                            LAT/LON1/LON2/DLON/H
  278  273  266  256  252  244  240  232  223  209  194  177  160  146  136  130
  128  130  134  139  145  151  155  157  158  158  156  152  149  149  152  160
  169  180  190  199  206  213  220  227  233  238  241  245  252  260  270  281
  291  302  314  326  337  346  354  360  364  366  365  361  353  345  337  333
  332  334  333  328  319  313  307  303  278                                   
    35.0-180.0 180.0   5.0 450.0                            LAT/LON1/LON2/DLON/H
  292  286  274  261  254  243  238  230  224  214  202  188  174  160  149  142
  140  141  146  153  161  169  175  178  179  177  173  168  163  161  164  170
  180  190  200  207  214  221  228  235  241  246  250  255  263  273  284  296
  308  320  334  349  364  377  388  398  405  409  408  403  393  381  369  361
  358  358  358  352  341  334  327  321  292                                   
    32.5-180.0 180.0   5.0 450.0                            LAT/LON1/LON2/DLON/H
  309  302  288  272  260  247  240  233  228  220  211  200  188  174  163  155
  150  150  155  164  175  185  194  198  199  196  191  184  177  174  175  180
  189  198  206  214  220  227  235  242  249  255  260  265  274  285  298  311
  325  341  358  378  399  418  435  449  460  466  465  457  443  425  407  394
  386  383  382  375  363  355  346  338  309                                   
    30.0-180.0 180.0   5.0 450.0                            LAT/LON1/LON2/DLON/H
  329  322  307  288  274  259  250  242  238  231  224  215  203  190  178  168
  161  159  163  173  186  200  211  217  219  215  208  200  192  187  185  188
  194  201  209  216  223  230  239  247  255  262  268  275  285  298  312  327
  344  363  386  412  440  466  490  509  523  530  529  518  499  475  450  429
  414  407  404  397  383  373  364  354  329                                   
    27.5-180.0 180.0   5.0 450.0                            LAT/LON1/LON2/DLON/H
  349  343  329  309  293  278  269  259  255  248  242  233  221  207  194  181
  172  169  172  182  197  213  227  236  237  233  225  215  205  197  192  191
  193  198  205  212  220  229  239  249  258  266  274  282  294  309  325  343
  362  386  415  447  482  514  543  567  583  591  588  576  553  524  493  464
  442  430  423  414  400  388  379  367  349                                   
    25.0-180.0 180.0   5.0 450.0                            LAT/LON1/LON2/DLON/H
  367  362  351  332  315  301  293  283  279  272  264  255  242  227  212  197
  186  180  182  192  209  227  243  253  254  249  239  226  214  203  194  189
  187  189  195  203  213  224  236  247  258  268  278  289  303  320  338  357
  379  407  440  478  517  553  586  611  628  635  632  619  596  565  530  496
  469  451  439  428  412  399  391  378  367                                   
    22.5-180.0 180.0   5.0 450.0                            LAT/LON1/LON2/DLON/H
  384  377  371  353  337  325  318  309  305  297  289  279  265  249  232  215
  202  195  196  205  222  241  257  266  266  259  247  232  217  203  191  182
  176  176  181  190  203  216  230  243  256  269  281  296  312  330  349  370
  394  424  460  499  539  575  606  631  646  652  650  639  619  592  558  523
  493  470  454  440  423  410  401  388  384                                   
    20.0-180.0 180.0   5.0 450.0                            LAT/LON1/LON2/DLON/H
  398  388  385  368  353  343  338  330  327  319  311  301  287  270  252  235
  220  212  211  219  234  252  267  274  271  261  247  230  212  196  182  170
  162  159  164  176  191  207  222  238  253  269  285  302  321  340  360  382
  407  437  472  509  544  577  604  624  637  642  641  634  622  602  575  544
  513  489  469  453  435  420  412  399  398                                   
    17.5-180.0 180.0   5.0 450.0                            LAT/LON1/LON2/DLON/H
  408  394  391  375  360  349  346  340  338  332  325  317  304  289  271  253
  238  228  226  232  244  259  270  273  267  254  237  218  200  184  168  155
  146  143  148  161  178  197  214  232  251  270  289  309  330  350  370  392
  416  445  476  508  537  562  583  598  607  612  613  612  608  599  582  558
  532  508  487  468  449  434  425  412  408                                   
    15.0-180.0 180.0   5.0 450.0                            LAT/LON1/LON2/DLON/H
  415  397  390  370  354  342  339  334  333  329  326  321  313  300  284  267
  252  242  238  241  249  259  265  263  253  237  218  199  182  167  153  140
  131  128  134  147  166  186  206  226  248  270  293  315  337  358  378  399
  422  449  477  502  523  541  555  565  572  575  578  582  588  589  584  569
  548  527  507  487  467  452  441  428  415                                   
    12.5-180.0 180.0   5.0 450.0                            LAT/LON1/LON2/DLON/H
  421  399  384  359  339  323  318  314  313  311  312  312  310  302  289  274
  261  251  245  244  247  251  251  244  230  212  193  176  161  149  138  127
  118  115  121  135  154  175  197  220  244  270  294  318  341  362  382  403
  426  451  475  495  510  522  531  539  543  545  549  557  569  580  584  578
  565  547  528  508  489  473  461  447  421                                   
    10.0-180.0 180.0   5.0 450.0                            LAT/LON1/LON2/DLON/H
  428  404  379  346  321  300  291  285  283  282  285  291  295  293  285  273
  261  251  245  240  238  235  230  219  203  185  167  152  141  132  124  115
  107  104  110  123  143  164  187  212  239  266  292  317  340  361  382  403
  427  452  475  493  505  514  522  528  531  532  535  545  561  578  588  589
  580  565  548  529  510  495  482  468  428                                   
     7.5-180.0 180.0   5.0 450.0                            LAT/LON1/LON2/DLON/H
  439  414  380  339  309  283  268  258  252  249  254  263  273  276  272  263
  254  245  237  230  223  215  205  191  175  158  144  132  125  118  112  104
