data/edconvlstm_nd/pred3370.15i
     1.0            IONOSPHERE MAPS     GNSS                IONEX VERSION / TYPE
pyspatialgeodesy        IME             05-JAN-18 20:20     PGM / RUN BY / DATE 
Map Name                                                    COMMENT             
Predicted global ionosphere maps (GIM).                     DESCRIPTION         
  2015    12     3     0     0     0                        EPOCH OF FIRST MAP  
  2015    12     4     0     0     0                        EPOCH OF LAST MAP   
  7200                                                      INTERVAL            
    13                                                      # OF MAPS IN FILE   
  NONE                                                      MAPPING FUNCTION    
10.0                                                        ELEVATION CUTOFF    
One-way carrier phase leveled to code                       OBSERVABLES USED    
  6371.0                                                    BASE RADIUS         
 2                                                          MAP DIMENSION       
   450.0 450.0   0.0                                        HGT1 / HGT2 / DHGT  
    87.5 -87.5  -2.5                                        LAT1 / LAT2 / DLAT  
  -180.0 180.0   5.0                                        LON1 / LON2 / DLON  
    -1                                                      EXPONENT            
                                                            END OF HEADER       
[from data line 3861]
    10                                                      START OF TEC MAP    
  2015    12     3    18     0     0                        EPOCH OF CURRENT MAP
    87.5-180.0 180.0   5.0 450.0                            LAT/LON1/LON2/DLON/H
   66   72   72   74   78   76   76   72   73   75   75   75   76   76   76   76
   76   76   75   75   74   73   72   71   69   68   67   66   65   64   63   63
   62   62   62   61   61   61   61   62   62   62   62   63   63   64   64   65
   65   66   66   66   67   67   67   68   68   68   68   68   68   68   68   68
   68   68   64   60   64   64   80   84   66                                   
    85.0-180.0 180.0   5.0 450.0                            LAT/LON1/LON2/DLON/H
   72   75   88   70   72   75   74   75   75   78   77   78   79   79   80   80
   80   80   79   78   78   77   75   74   73   72   70   69   68   67   67   66
   65   65   65   65   65   65   65   65   65   65   65   66   66   66   67   67
   68   68   69   69   69   70   70   70   71   71   71   71   71   71   71   70
   71   69   65   61   65   67   73   67   72                                   
    82.5-180.0 180.0   5.0 450.0                            LAT/LON1/LON2/DLON/H
   54   61   67   58   63   65   67   68   69   71   72   74   75   76   77   77
   77   77   76   75   74   72   70   68   66   64   62   61   59   58   57   56
   56   56   55   55   55   55   55   55   55   56   56   56   56   56   57   57
   58   58   59   60   61   61   62   62   63   63   63   63   63   62   62   61
   61   59   55   53   58   69   64   61   54                                   
    80.0-180.0 180.0   5.0 450.0                            LAT/LON1/LON2/DLON/H
   34   42   54   48   53   52   57   58   61   64   66   69   70   72   73   74
   74   74   73   71   69   66   63   60   57   55   52   50   48   47   46   45
   45   46   46   46   47   47   47   47   47   47   47   48   48   48   49   50
   51   52   53   54   56   57   58   59   59   59   59   59   58   57   56   55
   54   53   50   49   48   56   50   55   34                                   
    77.5-180.0 180.0   5.0 450.0                            LAT/LON1/LON2/DLON/H
   39   41   42   38   43   44   48   50   54   56   59   62   65   67   69   71
   72   72   71   69   67   64   60   56   51   47   43   40   37   36   35   34
   34   35   36   36   37   37   37   37   37   37   36   36   36   37   38   39
   41   43   46   48   50   52   53   54   55   55   55   54   53   51   50   48
   47   45   42   41   39   42   42   48   39                                   
    75.0-180.0 180.0   5.0 450.0                            LAT/LON1/LON2/DLON/H
   24   31   32   32   37   39   42   44   48   52   54   58   61   65   67   70
   72   73   73   72   69   66   61   56   51   46   41   37   34   32   31   31
   32   33   34   35   36   36   36   36   35   35   34   34   34   34   36   37
   39   42   45   47   50   52   53   54   55   55   55   54   53   52   50   48
   46   45   43   40   38   37   34   31   24                                   
    72.5-180.0 180.0   5.0 450.0                            LAT/LON1/LON2/DLON/H
   28   32   31   33   35   36   39   40   43   45   48   52   55   59   63   67
   70   72   73   73   71   67   63   57   51   45   39   34   30   27   26   26
   26   27   29   30   31   31   30   30   29   27   26   25   25   26   28   30
   32   35   38   41   43   45   47   48   49   49   49   49   48   47   45   43
   41   40   37   33   32   32   32   33   28                                   
    70.0-180.0 180.0   5.0 450.0                            LAT/LON1/LON2/DLON/H
   25   31   32   34   36   36   38   40   43   46   49   53   56   61   65   70
   75   79   82   83   82   80   76   70   63   56   49   43   38   34   32   31
   31   32   32   33   33   33   32   30   29   27   26   25   25   26   28   30
   33   36   39   41   43   45   46   47   47   48   48   49   48   48   47   46
   44   42   40   37   36   35   38   39   25                                   
    67.5-180.0 180.0   5.0 450.0                            LAT/LON1/LON2/DLON/H
   30   34   34   37   39   39   42   43   46   47   50   54   57   62   67   73
   79   84   88   91   92   91   88   82   75   67   59   51   45   40   36   34
   33   33   33   32   31   30   29   27   25   23   22   22   22   24   26   28
   31   33   35   37   38   39   40   41   41   42   43   44   45   45   45   45
   44   42   39   35   34   35   35   36   30                                   
    65.0-180.0 180.0   5.0 450.0                            LAT/LON1/LON2/DLON/H
   30   35   35   39   41   41   44   46   49   51   54   58   62   66   72   78
   85   92   98  102  105  105  103   98   92   83   74   65   57   50   45   41
   38   36   35   33   31   29   26   25   23   21   21   21   22   23   25   27
   29   31   32   33   33   34   34   34   35   36   38   39   41   42   43   43
   43   43   41   38   37   38   39   41   30                                   
    62.5-180.0 180.0   5.0 450.0                            LAT/LON1/LON2/DLON/H
   32   36   36   40   43   44   47   50   54   57   60   64   68   73   79   86
   93  100  107  112  116  117  116  112  106   98   88   79   69   61   54   48
   43   39   35   32   28   26   23   22   20   20   20   21   22   23   25   27
   28   28   28   28   28   28   29   29   30   31   33   35   36   38   39   40
   41   41   40   38   36   37   37   39   32                                   
    60.0-180.0 180.0   5.0 450.0                            LAT/LON1/LON2/DLON/H
   33   35   35   40   42   44   49   53   59   63   67   72   77   82   88   94
  101  108  115  120  125  127  126  123  118  110  101   91   81   72   63   55
   48   42   36   31   27   24   22   20   20   20   21   22   24   25   26   26
   26   25   24   24   24   24   24   25   26   28   29   31   32   34   36   37
   38   38   38   36   36   37   37   39   33                                   
    57.5-180.0 180.0   5.0 450.0                            LAT/LON1/LON2/DLON/H
   34   35   36   41   44   47   53   59   66   72   78   84   89   94   99  106
  112  118  123  128  131  133  133  131  127  121  113  104   94   84   75   65
   57   49   41   35   31   27   25   24   24   25   27   29   30   31   31   30
   28   26   25   24   23   24   25   26   28   29   31   32   33   34   35   37
   38   39   39   38   37   37   37   40   34                                   
    55.0-180.0 180.0   5.0 450.0                            LAT/LON1/LON2/DLON/H
   38   38   39   44   47   52   59   67   76   84   90   96  102  107  112  118
  123  127  131  134  136  137  137  136  133  129  123  116  107   97   87   76
   66   57   49   43   37   34   32   32   33   35   37   38   39   39   37   35
   33   30   28   27   27   27   29   31   33   35   37   37   37   37   38   39
   40   41   43   41   40   40   38   43   38                                   
    52.5-180.0 180.0   5.0 450.0                            LAT/LON1/LON2/DLON/H
   44   44   45   50   54   60   69   78   88   97  104  110  115  121  126  130
  134  137  138  139  139  139  139  138  137  135  131  126  118  109   98   87
   77   67   59   53   48   45   44   44   45   47   49   50   50   48   46   43
   40   38   36   35   35   36   39   41   44   46   47   47   45   44   44   44
   45   47   49   49   47   46   44   48   44                                   
    50.0-180.0 180.0   5.0 450.0                            LAT/LON1/LON2/DLON/H
   54   53   55   61   65   72   82   92  102  112  118  124  129  134  138  143
  145  146  146  144  142  141  140  141  141  141  139  135  128  119  108   97
   86   77   69   64   60   58   57   58   59   61   62   62   61   58   56   53
   50   49   47   47   48   50   52   56   58   60   60   58   55   53   51   52
   52   55   58   58   56   55   52   56   54                                   
    47.5-180.0 180.0   5.0 450.0                            LAT/LON1/LON2/DLON/H
   65   64   68   74   79   87   97  109  118  128  133  138  142  146  151  154
  156  156  154  151  147  145  144  145  146  147  146  143  136  126  114  102
   91   83   77   73   71   70   70   71   72   73   73   72   70   67   64   62
   61   61   61   61   63   65   67   70   72   73   71   68   64   61   59   59
   60   63   67   68   66   65   62   65   65                                   
    45.0-180.0 180.0   5.0 450.0                            LAT/LON1/LON2/DLON/H
   75   75   79   87   93  103  113  125  135  143  148  152  155  158  163  166
  168  166  163  159  155  153  152  152  153  154  153  149  140  128  115  102
   92   85   81   79   79   79   80   81   82   82   81   79   77   74   72   71
   71   72   73   75   76   78   80   82   83   82   79   76   72   68   66   66
   67   70   74   75   74   73   71   73   75                                   
    42.5-180.0 180.0   5.0 450.0                            LAT/LON1/LON2/DLON/H
   82   82   87   98  106  116  127  140  149  158  162  165  167  171  174  178
  179  177  174  170  166  164  162  162  162  162  159  152  141  127  112  100
   90   84   82   83   84   86   88   88   88   87   85   83   80   78   76   76
   78   80   82   84   85   86   87   88   87   86   83   79   75   72   70   70
   71   74   77   79   78   77   76   79   82                                   
    40.0-180.0 180.0   5.0 450.0                            LAT/LON1/LON2/DLON/H
   83   84   90  104  114  126  137  151  160  169  173  177  179  183  187  189
  190  188  185  182  179  177  175  173  172  169  164  154  140  124  109   97
   89   85   84   87   90   93   94   94   93   91   89   86   83   80   79   79
   81   83   86   87   88   88   88   87   86   84   81   78   75   73   71   71
   72   74   77   78   76   76   75   80   83                                   
    37.5-180.0 180.0   5.0 450.0                            LAT/LON1/LON2/DLON/H
   79   80   88  105  117  130  143  158  168  178  184  188  191  195  199  201
  201  199  196  194  192  190  188  184  180  175  167  155  139  123  109   99
   94   92   93   95   99  101  103  102   99   96   93   89   86   83   81   80
   81   83   84   84   84   84   83   82   80   78   76   74   72   71   70   70
   70   71   73   73   70   70   68   75   79                                   
    35.0-180.0 180.0   5.0 450.0                            LAT/LON1/LON2/DLON/H
   71   73   82  101  116  130  145  161  174  185  192  198  202  207  211  212
  211  209  206  205  204  202  199  193  187  179  169  156  142  129  119  113
  111  111  112  113  115  116  116  114  110  106  101   96   92   87   84   81
   80   79   79   78   78   77   77   76   75   73   72   71   70   69   69   68
   67   66   67   67   63   61   59   68   71                                   
    32.5-180.0 180.0   5.0 450.0                            LAT/LON1/LON2/DLON/H
   63   66   75   96  113  128  146  163  178  191  200  208  213  218  222  222
  220  217  215  214  213  211  206  198  190  182  173  162  152  145  143  144
  146  147  146  144  141  139  135  131  126  120  114  108  102   95   89   83
   79   75   73   71   71   72   72   73   72   72   71   71   70   70   69   67
   65   63   63   62   57   54   51   62   63                                   
    30.0-180.0 180.0   5.0 450.0                            LAT/LON1/LON2/DLON/H
   57   62   72   93  111  127  146  164  182  197  209  217  224  229  231  230
  227  223  220  220  219  216  209  201  192  186  180  175  173  175  182  192
  199  200  195  186  176  168  160  153  146  139  132  124  116  107   98   89
   81   74   70   67   67   69   72   74   75   75   75   75   74   74   72   70
   66   64   63   61   55   51   47   58   57                                   
    27.5-180.0 180.0   5.0 450.0                            LAT/LON1/LON2/DLON/H
   56   63   74   94  113  129  148  167  186  203  216  226  233  237  239  236
  231  226  223  222  221  216  209  201  195  192  193  196  204  218  236  254
  265  265  253  234  216  200  188  178  169  160  152  143  132  121  109   98
   87   78   72   69   70   73   77   81   83   84   84   83   82   81   79   76
   71   68   66   65   59   54   50   58   56                                   
    25.0-180.0 180.0   5.0 450.0                            LAT/LON1/LON2/DLON/H
   61   69   82  101  121  137  156  174  194  210  224  234  241  244  244  240
  234  228  224  222  219  214  208  202  201  204  213  226  245  269  297  322
  336  333  313  284  255  231  213  200  189  179  170  160  149  136  123  110
   97   87   80   77   78   82   88   93   95   96   95   94   92   90   87   84
   79   76   74   72   67   62   58   63   61                                   
    22.5-180.0 180.0   5.0 450.0                            LAT/LON1/LON2/DLON/H
   72   80   94  113  135  152  170  187  205  221  233  242  248  249  247  242
  235  228  223  220  217  212  208  207  212  223  240  262  290  324  359  389
  403  395  366  326  287  255  232  215  203  193  183  173  161  148  135  122
  110  100   93   91   92   96  102  106  109  108  107  104  101   98   95   92
   87   84   82   81   78   73   69   70   72                                   
    20.0-180.0 180.0   5.0 450.0                            LAT/LON1/LON2/DLON/H
   87   94  109  128  153  171  189  206  222  236  246  252  255  254  250  244
  236  228  222  218  215  213  213  218  230  248  273  303  338  376  415  445
  455  440  403  354  306  268  240  222  209  199  189  178  167  155  144  133
  124  115  110  107  108  112  116  119  120  118  114  110  107  103  100   97
   92   91   88   89   87   83   80   80   87                                   
    17.5-180.0 180.0   5.0 450.0                            LAT/LON1/LON2/DLON/H
  101  109  123  145  171  191  212  228  243  255  263  266  266  262  256  248
  239  231  224  220  218  219  225  236  254  280  310  344  381  420  455  480
  484  463  419  365  312  269  240  220  207  196  186  176  165  156  148  141
  135  130  126  124  124  126  127  128  126  122  118  113  109  105  102   99
   95   93   91   92   92   89   87   89  101                                   
    15.0-180.0 180.0   5.0 450.0                            LAT/LON1/LON2/DLON/H
  113  120  136  160  189  211  234  251  267  278  284  285  282  275  266  256
  246  238  231  227  228  233  244  262  286  315  348  383  417  449  475  491
  487  462  416  360  306  263  233  213  199  189  178  168  159  152  147  145
  144  142  140  139  137  136  134  132  128  123  117  112  108  105  102   99
   94   92   89   90   91   90   90   94  113                                   
    12.5-180.0 180.0   5.0 450.0                            LAT/LON1/LON2/DLON/H
  119  128  146  172  203  227  253  272  290  302  308  308  303  294  283  271
  261  252  245  242  245  255  271  294  322  353  386  415  440  461  476  481
  471  443  399  346  296  255  226  206  193  181  170  159  150  146  145  148
  150  152  152  149  146  142  137  133  127  122  116  111  107  104  101   98
   92   89   85   84   86   87   87   95  119                                   
    10.0-180.0 180.0   5.0 450.0                            LAT/LON1/LON2/DLON/H
  119  132  152  180  212  238  268  290  309  324  332  333  329  320  307  294
  283  274  267  265  270  284  305  332  361  391  418  438  452  460  463  459
  445  418  379  334  290  253  226  207  192  179  166  154  146  143  145  151
  157  160  160  157  151  145  138  132  126  121  115  111  108  105  102   97
   90   86   80   77   79   81   81   92  119                                   
     7.5-180.0 180.0   5.0 450.0                            LAT/LON1/LON2/DLON/H
  116  133  156  185  218  246  278  302  324  342  353  359  357  349  337  324
  313  303  297  296  303  320  344  372  400  424  442  452  454  451  445  435
