data/edconvlstm_nd/pred1630.15i
     1.0            IONOSPHERE MAPS     GNSS                IONEX VERSION / TYPE
pyspatialgeodesy        IME             05-JAN-18 20:20     PGM / RUN BY / DATE 
Map Name                                                    COMMENT             
Predicted global ionosphere maps (GIM).                     DESCRIPTION         
  2015     6    12     0     0     0                        EPOCH OF FIRST MAP  
  2015     6    13     0     0     0                        EPOCH OF LAST MAP   
  7200                                                      INTERVAL            
    13                                                      # OF MAPS IN FILE   
  NONE                                                      MAPPING FUNCTION    
10.0                                                        ELEVATION CUTOFF    
One-way carrier phase leveled to code                       OBSERVABLES USED    
  6371.0                                                    BASE RADIUS         
 2                                                          MAP DIMENSION       
   450.0 450.0   0.0                                        HGT1 / HGT2 / DHGT  
    87.5 -87.5  -2.5                                        LAT1 / LAT2 / DLAT  
  -180.0 180.0   5.0                                        LON1 / LON2 / DLON  
    -1                                                      EXPONENT            
                                                            END OF HEADER       
[from data line 858]
     3                                                      START OF TEC MAP    
  2015     6    12     4     0     0                        EPOCH OF CURRENT MAP
    87.5-180.0 180.0   5.0 450.0                            LAT/LON1/LON2/DLON/H
  185  185  185  188  190  188  187  186  187  188  189  190  191  191  191  192
  192  192  192  191  190  190  189  187  186  185  183  182  180  179  177  176
  175  173  172  171  171  170  169  169  169  168  168  168  169  169  169  169
  170  170  170  171  171  171  172  172  172  172  173  173  173  173  173  173
  174  177  176  176  179  178  176  171  185                                   
    85.0-180.0 180.0   5.0 450.0                            LAT/LON1/LON2/DLON/H
  192  197  191  196  200  199  200  200  201  202  203  204  205  205  206  206
  206  206  206  205  204  203  201  199  197  195  193  191  189  187  186  184
  182  181  180  179  178  178  177  177  177  177  177  177  177  178  178  179
  179  180  181  181  182  183  183  184  184  185  185  186  186  186  186  187
  189  191  188  191  185  184  183  178  192                                   
    82.5-180.0 180.0   5.0 450.0                            LAT/LON1/LON2/DLON/H
  203  204  204  201  202  202  203  203  205  205  206  207  208  208  209  209
  209  209  209  207  206  204  201  198  195  192  189  186  183  180  178  176
  175  173  172  172  172  171  171  172  172  172  173  174  175  176  177  178
  179  180  181  183  184  185  186  188  189  190  191  191  192  192  193  194
  194  195  193  196  197  189  185  176  203                                   
    80.0-180.0 180.0   5.0 450.0                            LAT/LON1/LON2/DLON/H
  206  209  201  200  202  202  204  205  206  206  206  207  208  208  209  210
  211  211  210  209  206  203  200  196  191  187  182  178  175  172  169  167
  166  165  165  165  165  166  167  168  169  170  171  173  175  176  178  180
  182  184  186  188  190  192  193  195  197  198  199  200  201  201  201  202
  202  201  198  201  203  197  199  181  206                                   
    77.5-180.0 180.0   5.0 450.0                            LAT/LON1/LON2/DLON/H
  209  210  205  204  202  203  205  205  205  203  202  203  203  204  205  206
  207  207  207  206  203  200  195  190  185  179  174  169  165  162  159  158
  158  158  159  161  162  164  166  168  170  172  174  176  178  181  184  187
  190  193  195  198  200  202  204  206  208  209  211  212  212  212  212  213
  212  211  206  208  211  203  199  189  209                                   
    75.0-180.0 180.0   5.0 450.0                            LAT/LON1/LON2/DLON/H
  209  211  204  205  203  203  204  202  201  198  196  195  194  194  195  196
  197  198  199  198  195  192  187  181  174  167  161  156  152  149  147  147
  149  150  153  156  159  162  165  167  170  172  175  178  181  185  189  193
  197  200  203  206  209  211  213  215  217  219  220  221  222  222  222  222
  220  218  213  209  209  205  201  195  209                                   
    72.5-180.0 180.0   5.0 450.0                            LAT/LON1/LON2/DLON/H
  207  212  207  205  204  203  204  201  198  194  191  188  186  185  185  186
  187  188  189  189  187  183  178  172  165  158  152  147  143  141  141  143
  146  150  154  158  162  166  169  172  175  178  181  185  189  193  198  203
  207  211  215  217  219  221  223  225  226  228  229  230  231  231  231  230
  228  226  221  217  214  206  202  198  207                                   
    70.0-180.0 180.0   5.0 450.0                            LAT/LON1/LON2/DLON/H
  209  210  206  204  203  202  201  198  195  189  184  180  177  174  172  172
  173  175  176  176  175  172  167  161  154  147  141  137  134  134  135  138
  143  148  154  159  164  168  172  175  178  181  184  188  193  199  204  210
  215  219  221  223  225  226  227  228  229  230  231  232  233  234  234  234
  231  228  224  220  216  209  207  203  209                                   
    67.5-180.0 180.0   5.0 450.0                            LAT/LON1/LON2/DLON/H
  206  207  203  201  201  199  198  194  191  185  179  174  168  164  161  160
  160  161  162  163  162  159  155  149  143  137  132  129  128  129  132  136
  141  147  153  159  164  169  172  175  178  181  185  190  195  202  208  214
  219  223  225  227  227  227  227  227  227  228  229  230  231  232  232  232
  230  227  223  218  215  208  206  204  206                                   
    65.0-180.0 180.0   5.0 450.0                            LAT/LON1/LON2/DLON/H
  204  204  199  197  197  195  194  191  188  182  176  170  164  158  154  151
  149  149  150  150  149  147  143  139  133  129  126  124  125  127  131  136
  142  148  154  160  165  169  173  176  179  182  186  192  198  205  212  218
  223  227  228  228  227  226  225  224  224  225  226  227  228  228  229  229
  227  225  221  217  214  208  208  206  204                                   
    62.5-180.0 180.0   5.0 450.0                            LAT/LON1/LON2/DLON/H
  202  203  198  195  194  192  191  188  186  180  175  169  163  156  150  145
  142  141  140  140  139  137  133  130  126  124  122  123  125  128  132  137
  142  147  153  158  164  169  173  177  180  184  188  194  200  208  215  221
  226  229  230  230  228  226  224  223  222  222  223  224  224  225  225  226
  225  224  220  216  214  209  209  209  202                                   
    60.0-180.0 180.0   5.0 450.0                            LAT/LON1/LON2/DLON/H
  203  204  198  194  192  189  188  185  183  179  174  169  163  156  149  143
  138  135  133  131  129  127  125  122  120  120  120  122  125  129  133  136
  140  144  149  154  160  166  171  176  181  185  190  196  203  210  217  223
  228  231  232  231  229  227  225  223  222  222  222  222  223  223  223  224
  224  223  220  218  215  211  212  212  203                                   
    57.5-180.0 180.0   5.0 450.0                            LAT/LON1/LON2/DLON/H
  209  209  202  198  194  190  187  184  182  178  174  170  164  158  151  144
  137  132  129  126  123  121  119  117  117  118  120  123  127  130  132  134
  136  139  142  148  154  162  170  176  182  188  193  199  205  213  220  226
  230  233  234  234  232  231  229  227  226  226  225  225  224  224  224  226
  226  226  224  222  221  217  219  218  209                                   
    55.0-180.0 180.0   5.0 450.0                            LAT/LON1/LON2/DLON/H
  219  218  211  205  200  194  190  186  182  178  174  171  166  160  153  145
  138  132  127  123  120  118  117  116  117  119  122  125  128  131  131  131
  131  132  135  141  149  158  168  177  185  191  197  202  208  215  222  228
  233  237  239  239  239  238  237  235  234  233  231  230  229  228  228  230
  231  232  231  230  229  227  228  227  219                                   
    52.5-180.0 180.0   5.0 450.0                            LAT/LON1/LON2/DLON/H
  233  232  226  218  212  204  198  192  187  180  176  172  167  162  155  148
  141  135  129  125  122  120  119  119  121  123  126  129  131  132  131  129
  127  126  129  135  144  156  168  179  189  195  201  206  212  219  226  232
  238  242  246  248  248  248  248  246  245  243  241  238  236  234  234  236
  238  241  241  241  241  239  240  239  233                                   
    50.0-180.0 180.0   5.0 450.0                            LAT/LON1/LON2/DLON/H
  251  250  244  236  228  219  212  203  195  187  180  175  169  164  158  151
  145  139  134  131  129  127  127  128  129  131  134  136  136  135  132  129
  125  124  126  132  142  156  170  183  193  200  206  211  216  223  231  238
  245  250  255  259  261  262  261  260  258  255  251  248  244  242  242  245
  248  252  254  255  255  254  254  252  251                                   
    47.5-180.0 180.0   5.0 450.0                            LAT/LON1/LON2/DLON/H
  271  269  263  255  247  237  229  218  208  197  187  180  173  167  160  154
  149  144  141  139  138  138  139  140  142  143  145  145  143  140  136  132
  128  126  128  134  144  159  174  188  198  206  211  216  222  229  237  246
  254  261  267  272  276  277  276  274  272  268  264  258  254  250  250  254
  258  264  267  269  270  269  269  266  271                                   
    45.0-180.0 180.0   5.0 450.0                            LAT/LON1/LON2/DLON/H
  289  287  281  273  266  256  247  235  223  209  198  188  179  171  164  158
  153  150  148  148  149  151  153  155  157  158  158  156  153  149  144  140
  136  134  135  140  150  164  179  193  204  211  217  222  228  236  246  256
  265  274  282  288  292  293  292  290  287  282  277  271  265  261  260  264
  270  276  281  283  285  285  284  281  289                                   
    42.5-180.0 180.0   5.0 450.0                            LAT/LON1/LON2/DLON/H
  306  303  297  289  283  272  264  251  239  224  210  198  187  178  170  163
  158  155  155  157  160  163  167  170  173  174  173  169  165  160  156  152
  149  147  148  152  160  172  186  200  210  218  223  229  236  246  257  268
  279  289  298  305  309  311  309  307  303  299  294  287  280  275  273  276
  282  290  295  298  300  300  299  295  306                                   
    40.0-180.0 180.0   5.0 450.0                            LAT/LON1/LON2/DLON/H
  322  317  308  299  294  285  276  265  253  238  224  210  198  187  177  169
  163  161  161  164  169  174  180  185  189  191  189  184  179  173  170  167
  165  164  164  166  172  182  194  207  217  225  231  237  246  257  269  282
  294  305  315  323  328  330  329  327  324  320  315  307  300  293  290  292
  297  305  310  313  315  317  315  311  322                                   
    37.5-180.0 180.0   5.0 450.0                            LAT/LON1/LON2/DLON/H
  336  329  318  307  301  292  284  275  265  251  238  224  211  198  186  176
  169  165  166  170  176  184  192  200  206  207  205  200  193  188  185  183
  183  182  182  182  185  192  202  214  224  232  239  247  257  269  282  296
  309  320  332  341  348  351  352  350  348  345  340  333  325  317  312  312
  316  322  327  330  332  336  333  330  336                                   
    35.0-180.0 180.0   5.0 450.0                            LAT/LON1/LON2/DLON/H
  353  342  328  315  307  297  289  281  273  263  251  239  226  211  197  184
  175  170  170  174  182  193  204  215  222  225  222  216  208  203  200  199
  200  200  198  197  197  201  209  220  231  240  248  257  267  280  295  309
  322  335  347  359  368  374  376  376  376  374  371  364  355  346  339  337
  338  342  346  349  351  356  354  352  353                                   
    32.5-180.0 180.0   5.0 450.0                            LAT/LON1/LON2/DLON/H
  372  359  342  327  315  304  294  287  281  274  265  255  242  227  210  194
  182  175  174  179  189  202  217  230  239  242  239  231  222  216  212  212
  213  213  211  207  205  207  213  223  235  246  256  266  277  291  305  320
  334  347  361  375  388  397  402  405  405  405  403  398  390  380  371  366
  364  365  367  369  372  380  378  377  372                                   
    30.0-180.0 180.0   5.0 450.0                            LAT/LON1/LON2/DLON/H
  397  382  364  347  332  318  307  299  293  287  281  273  260  244  225  207
  192  182  180  185  197  214  232  248  257  260  255  245  234  226  221  220
  220  219  215  209  205  206  212  222  235  248  260  272  284  298  313  328
  343  357  373  390  407  420  428  432  435  436  435  432  425  415  406  397
  392  389  390  391  394  404  404  405  397                                   
    27.5-180.0 180.0   5.0 450.0                            LAT/LON1/LON2/DLON/H
  425  411  392  377  359  344  330  320  313  307  301  294  281  263  243  222
  204  192  189  194  209  229  250  267  276  277  269  257  243  232  225  221
  218  214  208  201  196  197  204  215  230  246  260  274  288  303  318  334
  350  365  383  403  423  440  450  456  459  462  462  461  456  449  439  429
  420  415  413  414  416  428  429  432  425                                   
    25.0-180.0 180.0   5.0 450.0                            LAT/LON1/LON2/DLON/H
  454  442  427  414  396  381  365  353  343  335  328  319  305  286  264  241
  221  206  201  208  224  248  271  288  295  291  280  264  248  233  222  214
  207  199  191  185  181  183  190  202  218  237  255  272  288  303  320  337
  354  372  391  413  435  454  467  474  477  479  481  482  480  476  468  458
  448  439  435  435  437  449  452  457  454                                   
    22.5-180.0 180.0   5.0 450.0                            LAT/LON1/LON2/DLON/H
  480  473  462  455  438  426  409  396  382  371  360  349  333  313  289  264
  241  225  218  225  243  268  292  307  310  302  286  267  247  229  214  200
  189  179  171  165  163  165  172  184  202  223  245  265  283  301  319  338
  357  377  397  420  443  463  476  483  486  488  490  494  496  495  491  483
  473  463  458  457  457  468  472  477  480                                   
    20.0-180.0 180.0   5.0 450.0                            LAT/LON1/LON2/DLON/H
  499  499  493  491  480  471  455  442  426  411  396  382  363  341  316  290
  265  247  239  245  263  288  311  322  320  305  285  262  240  219  200  183
  169  158  151  146  145  147  153  165  182  205  231  255  276  295  316  337
  359  380  401  424  447  468  481  487  489  491  494  499  505  509  509  504
  495  486  480  477  475  484  488  491  499                                   
    17.5-180.0 180.0   5.0 450.0                            LAT/LON1/LON2/DLON/H
  513  518  515  518  512  507  494  481  463  445  428  410  391  368  343  316
  292  272  263  267  284  307  325  330  320  300  275  250  226  204  184  166
  151  141  134  131  130  131  136  146  163  188  216  243  267  289  311  335
  359  383  405  428  451  471  485  491  492  493  497  504  513  521  525  523
  517  509  503  499  494  499  502  502  513                                   
    15.0-180.0 180.0   5.0 450.0                            LAT/LON1/LON2/DLON/H
  523  531  529  532  531  528  518  505  486  466  446  428  408  387  364  340
  316  297  286  289  302  320  331  327  310  283  255  229  207  186  168  151
  137  127  122  119  117  118  120  129  146  171  202  232  258  281  305  331
  358  384  408  432  455  476  490  497  499  501  505  514  524  534  540  541
  538  533  528  523  515  516  517  512  523                                   
    12.5-180.0 180.0   5.0 450.0                            LAT/LON1/LON2/DLON/H
  534  542  537  535  535  533  522  509  489  467  446  428  410  393  375  356
  336  318  308  307  316  325  327  314  288  257  227  203  184  167  152  139
  127  118  113  109  107  106  108  115  131  157  189  221  249  273  298  326
  356  384  411  436  460  483  500  509  513  515  520  530  541  551  558  560
  559  557  554  549  539  535  534  526  534                                   
    10.0-180.0 180.0   5.0 450.0                            LAT/LON1/LON2/DLON/H
  550  556  546  536  533  527  512  495  472  448  426  410  396  383  372  360
  346  333  323  320  322  323  314  291  258  223  194  173  160  149  139  129
  120  113  107  103  100   98   99  105  120  145  177  210  239  264  289  319
  350  382  411  439  466  492  513  526  532  537  543  552  562  571  576  579
  581  581  580  576  566  559  555  544  550                                   
     7.5-180.0 180.0   5.0 450.0                            LAT/LON1/LON2/DLON/H
  574  578  561  543  532  519  497  473  444  417  394  378  368  360  356  351
  346  338  330  325  321  312  292  260  222  186  160  145  137  133  128  122
