data/edconvlstm_nd/pred0380.15i
     1.0            IONOSPHERE MAPS     GNSS                IONEX VERSION / TYPE
pyspatialgeodesy        IME             05-JAN-18 20:20     PGM / RUN BY / DATE 
Map Name                                                    COMMENT             
Predicted global ionosphere maps (GIM).                     DESCRIPTION         
  2015     2     7     0     0     0                        EPOCH OF FIRST MAP  
  2015     2     8     0     0     0                        EPOCH OF LAST MAP   
  7200                                                      INTERVAL            
    13                                                      # OF MAPS IN FILE   
  NONE                                                      MAPPING FUNCTION    
10.0                                                        ELEVATION CUTOFF    
One-way carrier phase leveled to code                       OBSERVABLES USED    
  6371.0                                                    BASE RADIUS         
 2                                                          MAP DIMENSION       
   450.0 450.0   0.0                                        HGT1 / HGT2 / DHGT  
    87.5 -87.5  -2.5                                        LAT1 / LAT2 / DLAT  
  -180.0 180.0   5.0                                        LON1 / LON2 / DLON  
    -1                                                      EXPONENT            
                                                            END OF HEADER       
[from data line 4290]
    11                                                      START OF TEC MAP    
  2015     2     7    20     0     0                        EPOCH OF CURRENT MAP
    87.5-180.0 180.0   5.0 450.0                            LAT/LON1/LON2/DLON/H
  164  161  150  158  161  159  159  157  157  159  158  159  159  159  160  160
  159  159  158  157  156  154  152  150  148  146  144  141  139  137  136  134
  133  132  131  130  130  130  130  131  131  132  133  135  136  138  140  142
  144  146  148  150  152  153  155  156  158  158  159  160  160  160  160  159
  159  159  157  155  162  158  163  157  164                                   
    85.0-180.0 180.0   5.0 450.0                            LAT/LON1/LON2/DLON/H
  167  158  166  158  158  162  162  165  166  168  168  170  171  172  173  173
  173  173  172  171  169  167  164  161  158  155  152  149  146  144  141  139
  137  136  135  134  134  134  135  135  137  138  140  141  144  146  148  151
  153  156  158  161  163  165  167  168  170  171  171  171  171  171  170  169
  169  167  164  159  159  153  150  151  167                                   
    82.5-180.0 180.0   5.0 450.0                            LAT/LON1/LON2/DLON/H
  148  142  142  143  148  153  159  162  165  169  172  176  179  182  184  186
  186  186  185  183  180  176  172  168  163  157  152  147  142  138  134  130
  127  125  124  123  122  122  123  124  125  126  128  130  133  136  138  142
  145  149  152  156  159  162  165  167  168  169  170  169  168  167  165  163
  161  158  154  153  147  150  133  134  148                                   
    80.0-180.0 180.0   5.0 450.0                            LAT/LON1/LON2/DLON/H
  122  115  120  123  129  131  140  149  156  162  168  175  180  184  187  189
  190  190  188  184  180  174  168  161  153  146  138  131  124  118  112  108
  104  102  100   99   98   99  100  101  103  105  107  110  113  116  120  124
  129  134  138  143  148  152  155  158  159  160  160  160  158  155  153  149
  146  142  138  135  123  116  103  112  122                                   
    77.5-180.0 180.0   5.0 450.0                            LAT/LON1/LON2/DLON/H
  112  100  107  109  119  125  136  147  156  165  174  183  191  197  202  205
  206  205  203  198  192  184  176  166  156  146  136  127  118  111  104   98
   94   91   89   88   88   88   89   90   91   92   94   96   98  101  104  108
  113  118  123  129  134  139  143  146  147  148  148  146  144  141  137  133
  128  124  120  118  109   98   91  103  112                                   
    75.0-180.0 180.0   5.0 450.0                            LAT/LON1/LON2/DLON/H
   98   94  100  105  117  125  136  147  160  172  182  192  201  208  214  217
  218  217  214  208  201  192  182  171  159  147  135  124  114  106   98   92
   87   83   81   80   80   80   80   81   82   83   84   85   86   88   90   94
   98  103  108  113  119  123  127  130  131  132  131  129  127  124  121  117
  112  109  106  102   95   87   83   83   98                                   
    72.5-180.0 180.0   5.0 450.0                            LAT/LON1/LON2/DLON/H
   99  100  109  119  130  140  153  165  177  189  201  212  222  230  235  239
  240  239  235  229  221  211  199  186  173  158  144  131  119  109  100   92
   87   82   80   78   77   77   78   78   78   78   78   78   77   78   79   81
   84   89   93   99  104  108  111  113  114  114  113  112  109  107  104  102
   98   96   95   93   90   87   88   94   99                                   
    70.0-180.0 180.0   5.0 450.0                            LAT/LON1/LON2/DLON/H
  106  114  125  135  147  159  170  183  195  208  220  230  239  246  251  254
  255  254  251  245  237  228  216  202  187  171  155  140  126  114  103   94
   87   81   77   74   73   72   72   73   73   73   72   71   70   69   69   70
   73   77   81   85   90   93   95   97   97   96   95   93   92   90   89   88
   86   86   88   88   90   92   99  104  106                                   
    67.5-180.0 180.0   5.0 450.0                            LAT/LON1/LON2/DLON/H
  121  134  149  160  175  187  200  213  224  236  247  257  265  272  276  278
  279  278  275  270  263  253  241  226  209  191  173  156  140  125  112  101
   91   83   76   72   69   67   67   68   68   68   67   66   64   63   63   64
   66   69   73   77   81   84   86   87   87   85   84   82   81   80   79   79
   79   80   83   85   89   97  106  115  121                                   
    65.0-180.0 180.0   5.0 450.0                            LAT/LON1/LON2/DLON/H
  129  148  165  178  195  209  223  236  247  259  269  278  286  291  295  297
  298  298  296  292  286  277  265  250  232  213  193  173  155  138  123  109
   96   84   75   67   62   59   58   59   59   60   60   59   57   56   55   56
   57   60   64   68   71   74   75   75   75   74   72   70   69   68   68   68
   69   71   75   79   86   97  111  124  129                                   
    62.5-180.0 180.0   5.0 450.0                            LAT/LON1/LON2/DLON/H
  134  155  175  191  210  227  244  258  270  282  292  300  307  312  316  318
  320  320  319  317  312  303  291  275  256  235  213  192  172  154  136  119
  103   88   75   64   56   51   49   49   50   52   52   52   51   49   49   49
   50   53   56   60   63   66   67   68   68   66   65   64   62   62   61   61
   60   62   66   69   76   88  103  119  134                                   
    60.0-180.0 180.0   5.0 450.0                            LAT/LON1/LON2/DLON/H
  131  154  177  196  218  237  257  273  287  299  309  318  324  330  334  337
  340  341  341  339  335  326  314  297  277  255  233  211  191  172  154  135
  116   97   79   65   54   47   44   44   45   47   48   48   47   46   45   45
   46   48   51   54   58   60   62   63   63   63   62   61   60   59   58   57
   55   55   57   59   64   76   91  110  131                                   
    57.5-180.0 180.0   5.0 450.0                            LAT/LON1/LON2/DLON/H
  125  150  175  197  223  244  267  285  300  313  324  333  339  345  350  354
  358  360  360  358  352  343  330  313  292  270  249  229  210  192  173  153
  132  110   89   72   59   50   46   45   46   48   49   49   48   47   46   45
   46   47   49   52   55   58   61   63   64   64   64   63   63   62   60   58
   54   52   52   52   55   65   78   99  125                                   
    55.0-180.0 180.0   5.0 450.0                            LAT/LON1/LON2/DLON/H
  123  150  177  201  230  253  278  298  314  328  338  347  353  359  365  370
  374  375  375  371  364  353  339  322  302  282  262  244  228  211  194  173
  151  127  104   85   70   60   55   54   54   55   56   56   55   54   52   51
   50   51   52   54   57   60   63   66   67   69   70   70   71   70   69   65
   60   57   55   53   54   61   72   92  123                                   
    52.5-180.0 180.0   5.0 450.0                            LAT/LON1/LON2/DLON/H
  128  157  186  211  242  267  294  313  330  343  353  360  366  371  377  382
  385  386  383  376  367  356  342  326  308  290  273  257  243  228  211  190
  167  143  119  100   85   76   70   68   68   68   69   69   68   66   64   62
   61   60   60   61   63   66   69   72   74   76   78   79   81   81   80   77
   72   68   65   63   63   69   77   94  128                                   
    50.0-180.0 180.0   5.0 450.0                            LAT/LON1/LON2/DLON/H
  143  174  206  230  262  289  315  335  351  363  371  376  380  384  388  393
  394  392  386  378  367  356  343  329  314  299  284  269  255  240  221  200
  176  152  130  113  101   93   88   85   84   84   84   84   83   82   80   78
   76   75   73   73   74   75   78   80   82   84   86   88   91   93   93   92
   87   84   82   81   81   86   93  107  143                                   
    47.5-180.0 180.0   5.0 450.0                            LAT/LON1/LON2/DLON/H
  167  198  232  255  287  315  341  360  375  385  391  393  395  397  400  402
  401  396  388  377  366  356  345  334  322  308  294  279  262  243  222  198
  173  151  132  119  111  106  102  100   99   98   98   99   99   98   97   96
   94   92   90   88   87   87   88   89   90   91   93   95   99  102  105  105
  102  101  101  103  105  111  119  131  167                                   
    45.0-180.0 180.0   5.0 450.0                            LAT/LON1/LON2/DLON/H
  194  225  259  281  312  341  366  385  399  409  413  413  412  411  412  411
  408  401  390  378  368  359  351  343  332  319  303  284  262  238  211  184
  159  139  125  117  114  113  112  111  110  109  110  111  112  112  112  111
  111  109  106  103  101   99   98   98   97   96   97   99  103  108  112  114
  112  114  116  122  129  138  149  162  194                                   
    42.5-180.0 180.0   5.0 450.0                            LAT/LON1/LON2/DLON/H
  217  248  281  302  333  361  386  404  419  430  433  432  429  427  425  423
  417  408  396  384  375  369  363  355  344  329  309  285  256  225  193  164
  140  123  114  112  114  117  118  118  117  117  118  119  121  122  123  123
  123  121  119  115  112  110  107  105  102  100   99  100  104  109  113  116
  116  118  123  133  144  157  172  190  217                                   
    40.0-180.0 180.0   5.0 450.0                            LAT/LON1/LON2/DLON/H
  231  262  295  316  346  372  397  415  432  443  448  448  445  442  439  436
  429  419  408  398  390  384  378  370  356  337  312  282  248  213  178  149
  128  116  111  114  119  124  126  125  124  123  125  126  128  128  129  129
  129  129  126  123  120  117  114  110  105  101   99   99  102  106  110  111
  110  113  119  130  144  162  181  204  231                                   
    37.5-180.0 180.0   5.0 450.0                            LAT/LON1/LON2/DLON/H
  235  266  299  320  349  374  398  417  435  449  457  460  459  457  454  450
  444  435  425  417  411  404  396  383  365  342  314  282  246  211  179  154
  137  129  129  133  139  142  142  139  136  134  134  134  134  133  133  132
  132  132  130  128  125  122  119  114  108  103   99   98  100  102  104  103
  100  101  106  117  131  153  174  202  235                                   
    35.0-180.0 180.0   5.0 450.0                            LAT/LON1/LON2/DLON/H
  232  262  296  316  345  368  392  412  432  449  461  467  469  469  468  466
  461  454  447  440  433  424  410  392  371  346  319  290  259  229  205  188
  178  174  174  177  179  178  172  165  158  153  150  148  145  141  138  136
  135  134  132  130  129  127  125  120  113  107  103  100  100  101  100   96
   90   88   91  100  114  137  160  189  232                                   
    32.5-180.0 180.0   5.0 450.0                            LAT/LON1/LON2/DLON/H
  228  259  292  312  341  361  385  405  427  446  461  471  477  480  481  480
  477  473  467  461  452  438  419  396  373  352  332  311  292  275  262  256
  253  253  251  248  241  231  217  202  190  181  174  168  162  155  150  145
  142  139  137  135  135  135  133  128  122  116  111  109  107  106  103   96
   87   83   83   89  102  124  148  178  228                                   
    30.0-180.0 180.0   5.0 450.0                            LAT/LON1/LON2/DLON/H
  231  262  296  315  343  361  385  403  426  447  464  476  483  488  491  492
  491  488  483  476  463  444  420  396  377  364  356  351  348  349  353  360
  366  366  358  343  322  298  273  250  231  217  206  197  187  178  170  164
  158  153  148  146  146  147  146  142  136  130  126  123  122  119  115  107
   96   90   85   89  101  124  147  176  231                                   
    27.5-180.0 180.0   5.0 450.0                            LAT/LON1/LON2/DLON/H
  245  276  309  329  357  373  396  413  435  455  472  485  493  498  501  503
  501  498  492  482  465  441  416  395  384  385  395  410  428  450  474  495
  507  503  483  449  410  369  332  300  275  256  242  230  219  209  201  193
  185  177  169  165  165  166  165  161  155  149  145  143  141  138  133  124
  113  107  100  102  115  137  161  186  245                                   
    25.0-180.0 180.0   5.0 450.0                            LAT/LON1/LON2/DLON/H
  269  301  333  356  385  401  423  438  459  477  492  502  509  513  514  513
  510  505  496  481  460  435  412  398  401  420  451  488  528  569  609  640
  652  638  600  545  485  428  380  341  312  292  276  264  254  246  239  232
  223  211  200  193  191  191  189  183  175  168  163  161  158  155  150  142
  132  128  122  124  139  161  188  211  269                                   
    22.5-180.0 180.0   5.0 450.0                            LAT/LON1/LON2/DLON/H
  303  335  365  392  424  441  463  478  497  512  524  532  535  536  534  529
  522  513  499  480  456  432  414  412  431  470  522  578  633  685  730  760
  764  736  679  604  527  459  405  364  334  314  300  290  284  281  279  275
  265  250  236  226  221  219  215  207  196  186  179  175  171  166  161  155
  148  149  146  151  167  192  224  247  303                                   
    20.0-180.0 180.0   5.0 450.0                            LAT/LON1/LON2/DLON/H
  339  373  401  434  471  490  513  528  546  560  570  575  575  571  565  556
  544  528  509  486  461  439  430  442  478  535  603  669  726  774  810  829
  819  775  701  613  527  455  400  361  335  318  308  304  305  309  314  314
  305  289  272  259  252  248  241  229  215  202  192  185  180  174  169  164
  160  165  167  176  195  224  262  289  339                                   
    17.5-180.0 180.0   5.0 450.0                            LAT/LON1/LON2/DLON/H
  369  406  435  473  516  538  563  580  600  615  625  629  627  620  610  597
  579  558  533  506  481  464  465  490  542  612  685  746  790  820  838  837
  810  750  665  571  485  417  368  336  316  306  303  306  315  327  338  343
  337  321  302  287  278  272  263  249  231  214  201  191  183  176  171  167
  166  176  182  195  217  251  294  325  369                                   
    15.0-180.0 180.0   5.0 450.0                            LAT/LON1/LON2/DLON/H
  387  428  462  503  550  577  606  628  652  670  682  687  686  680  669  653
  632  606  577  547  523  511  521  558  618  689  753  796  816  821  814  791
  745  674  585  495  418  361  323  300  289  286  290  300  316  334  350  359
  355  341  322  307  298  290  280  264  243  223  206  193  183  174  169  166
  167  178  188  203  230  269  314  349  387                                   
    12.5-180.0 180.0   5.0 450.0                            LAT/LON1/LON2/DLON/H
  393  436  475  519  571  603  637  664  693  716  733  742  746  744  736  721
  700  673  642  611  588  581  597  638  696  755  798  814  806  784  753  711
  652  576  493  415  353  311  285  272  268  271  281  296  314  333  351  360
  359  347  331  318  309  301  291  274  252  229  209  193  181  172  166  162
  163  175  185  202  232  276  320  358  393                                   
    10.0-180.0 180.0   5.0 450.0                            LAT/LON1/LON2/DLON/H
  389  435  479  523  578  615  654  687  722  750  772  788  797  802  800  791
  774  751  722  692  671  665  682  718  763  802  817  806  773  730  681  626
  562  490  419  358  313  286  271  265  266  273  285  299  315  332  345  353
  351  342  330  319  311  305  295  279  258  235  212  194  181  170  164  158
  157  167  178  194  227  274  317  356  389                                   
     7.5-180.0 180.0   5.0 450.0                            LAT/LON1/LON2/DLON/H
  381  430  479  522  578  619  662  698  738  771  797  818  834  846  852  852
  843  826  803  777  757  751  762  786  812  826  816  783  733  678  621  563
