data/edconvlstm_nd/pred1960.15i
     1.0            IONOSPHERE MAPS     GNSS                IONEX VERSION / TYPE
pyspatialgeodesy        IME             05-JAN-18 20:20     PGM / RUN BY / DATE 
Map Name                                                    COMMENT             
Predicted global ionosphere maps (GIM).                     DESCRIPTION         
  2015     7    15     0     0     0                        EPOCH OF FIRST MAP  
  2015     7    16     0     0     0                        EPOCH OF LAST MAP   
  7200                                                      INTERVAL            
    13                                                      # OF MAPS IN FILE   
  NONE                                                      MAPPING FUNCTION    
10.0                                                        ELEVATION CUTOFF    
One-way carrier phase leveled to code                       OBSERVABLES USED    
  6371.0                                                    BASE RADIUS         
 2                                                          MAP DIMENSION       
   450.0 450.0   0.0                                        HGT1 / HGT2 / DHGT  
    87.5 -87.5  -2.5                                        LAT1 / LAT2 / DLAT  
  -180.0 180.0   5.0                                        LON1 / LON2 / DLON  
    -1                                                      EXPONENT            
                                                            END OF HEADER       
[from data line 3003]
     8                                                      START OF TEC MAP    
  2015     7    15    14     0     0                        EPOCH OF CURRENT MAP
    87.5-180.0 180.0   5.0 450.0                            LAT/LON1/LON2/DLON/H
  138  140  136  141  143  143  141  139  139  140  140  140  139  139  139  139
  139  140  140  140  140  140  141  141  141  141  141  141  141  141  141  141
  141  140  140  140  140  140  140  140  140  140  140  140  141  141  141  141
  142  142  142  142  142  142  142  142  142  142  142  142  142  142  141  141
  141  141  140  138  146  142  149  144  138                                   
    85.0-180.0 180.0   5.0 450.0                            LAT/LON1/LON2/DLON/H
  138  140  150  143  143  146  145  146  146  147  146  146  146  146  146  146
  146  146  146  147  147  147  147  147  148  148  147  147  147  147  146  146
  146  145  145  144  144  143  143  143  143  143  143  143  144  144  144  145
  145  145  146  146  146  146  146  146  146  146  146  146  146  146  145  145
  146  147  143  141  141  138  143  143  138                                   
    82.5-180.0 180.0   5.0 450.0                            LAT/LON1/LON2/DLON/H
  126  138  140  136  136  140  142  142  142  143  142  143  142  142  142  143
  143  144  144  145  146  146  147  148  148  148  148  148  148  147  147  146
  145  144  143  142  142  141  140  140  140  140  140  140  141  141  142  142
  142  143  143  143  143  143  143  143  142  142  141  141  140  140  139  139
  139  138  135  136  135  141  137  129  126                                   
    80.0-180.0 180.0   5.0 450.0                            LAT/LON1/LON2/DLON/H
  121  127  133  132  131  132  133  136  136  137  136  136  135  135  135  136
  136  137  138  140  141  142  143  143  144  144  144  144  143  142  141  140
  139  137  136  135  134  133  133  132  132  133  133  134  135  135  136  137
  137  138  138  138  138  138  138  137  137  136  135  134  133  132  131  131
  130  130  128  128  125  128  131  125  121                                   
    77.5-180.0 180.0   5.0 450.0                            LAT/LON1/LON2/DLON/H
  124  126  130  131  131  133  134  136  136  135  134  134  133  133  133  133
  134  136  137  139  141  143  145  146  146  146  146  146  145  144  142  141
  140  138  137  136  135  134  134  133  134  134  135  136  137  138  140  141
  141  142  142  142  142  142  141  140  139  138  136  135  133  131  129  128
  126  125  123  124  125  123  126  126  124                                   
    75.0-180.0 180.0   5.0 450.0                            LAT/LON1/LON2/DLON/H
  119  123  124  127  128  131  131  133  133  132  130  129  128  127  127  128
  129  131  133  136  139  141  143  144  145  144  144  143  142  141  139  138
  137  136  135  134  134  133  133  133  134  135  136  137  139  140  141  142
  143  144  144  144  144  144  143  142  140  139  137  135  132  130  127  126
  123  122  120  117  119  119  123  115  119                                   
    72.5-180.0 180.0   5.0 450.0                            LAT/LON1/LON2/DLON/H
  115  120  120  126  127  131  133  134  133  132  130  128  127  125  125  125
  127  129  132  136  139  142  144  145  145  144  143  142  140  139  138  137
  137  137  136  136  136  136  136  137  138  139  140  142  144  145  146  147
  148  149  149  149  149  149  148  147  145  144  141  139  136  133  130  128
  124  122  120  117  117  117  120  118  115                                   
    70.0-180.0 180.0   5.0 450.0                            LAT/LON1/LON2/DLON/H
  113  115  116  121  122  126  128  130  129  129  127  125  123  121  121  121
  123  126  129  133  136  139  141  142  141  140  138  136  134  133  132  132
  133  133  134  135  135  136  136  137  138  140  142  143  145  146  147  148
  149  149  150  150  150  150  150  149  148  146  144  142  139  136  133  130
  126  122  120  116  115  116  120  117  113                                   
    67.5-180.0 180.0   5.0 450.0                            LAT/LON1/LON2/DLON/H
  110  113  113  118  120  124  126  129  129  129  128  126  124  123  122  123
  124  127  130  134  137  140  141  141  139  137  134  131  129  128  128  129
  131  133  134  135  136  137  138  139  141  143  145  147  149  150  151  151
  152  153  154  155  155  156  156  156  155  154  153  151  149  146  142  139
  134  130  126  121  118  117  120  116  110                                   
    65.0-180.0 180.0   5.0 450.0                            LAT/LON1/LON2/DLON/H
  106  108  107  111  112  116  119  123  124  126  126  125  124  123  123  123
  125  127  130  134  137  139  139  139  136  133  130  127  125  124  125  126
  129  131  134  135  136  138  139  141  143  145  147  150  151  152  152  153
  154  155  156  158  159  161  161  162  161  161  160  159  157  154  151  147
  142  137  132  127  123  121  123  119  106                                   
    62.5-180.0 180.0   5.0 450.0                            LAT/LON1/LON2/DLON/H
  102  103  100  103  103  108  111  116  119  122  123  124  124  125  125  126
  128  130  132  135  137  138  139  137  135  132  128  125  123  122  124  126
  129  132  134  136  137  138  140  142  144  147  150  152  154  154  154  155
  156  158  160  163  165  167  168  169  169  168  167  166  165  163  159  156
  150  144  138  132  126  122  124  120  102                                   
    60.0-180.0 180.0   5.0 450.0                            LAT/LON1/LON2/DLON/H
   98   96   92   94   93   97  101  106  111  115  118  121  123  124  126  128
  129  131  133  134  136  137  137  136  134  131  128  125  124  124  125  128
  131  134  136  137  138  139  141  144  147  150  154  156  157  157  157  157
  158  161  164  168  172  175  176  176  175  174  173  172  171  168  165  161
  155  147  141  134  127  122  124  119   98                                   
    57.5-180.0 180.0   5.0 450.0                            LAT/LON1/LON2/DLON/H
   95   90   84   85   84   88   93   98  103  108  112  116  120  123  126  128
  130  132  133  134  135  135  136  136  135  133  131  130  129  130  131  134
  137  139  140  141  142  143  145  149  152  157  160  162  163  163  162  162
  164  167  172  177  181  184  185  185  183  181  179  177  175  173  169  164
  157  149  141  133  126  120  122  117   95                                   
    55.0-180.0 180.0   5.0 450.0                            LAT/LON1/LON2/DLON/H
   93   86   79   80   78   82   86   91   96  101  106  111  116  120  124  127
  130  131  131  132  133  134  135  136  137  137  137  136  136  137  139  141
  143  145  146  147  148  149  152  156  160  165  168  170  171  170  169  169
  171  175  180  186  191  193  194  192  189  186  183  180  177  174  170  164
  156  147  139  130  123  116  118  114   93                                   
    52.5-180.0 180.0   5.0 450.0                            LAT/LON1/LON2/DLON/H
   93   84   77   77   75   79   83   88   92   96  100  106  111  116  121  125
  128  129  129  130  131  132  135  138  140  142  143  144  144  146  147  149
  151  152  153  154  156  158  161  165  170  175  179  181  181  179  178  178
  180  184  189  195  200  202  202  199  195  190  185  181  178  174  169  162
  154  144  135  126  118  111  113  109   93                                   
    50.0-180.0 180.0   5.0 450.0                            LAT/LON1/LON2/DLON/H
   94   85   78   79   77   81   85   88   91   95   98  102  107  112  117  122
  125  127  128  129  130  133  136  141  145  148  150  151  152  153  154  156
  157  159  160  162  165  168  172  177  182  187  190  192  191  190  189  188
  190  193  198  203  207  209  208  205  199  193  187  182  178  173  168  161
  152  141  132  123  115  108  110  106   94                                   
    47.5-180.0 180.0   5.0 450.0                            LAT/LON1/LON2/DLON/H
   96   89   81   83   82   86   89   91   94   96   98  102  106  110  115  120
  124  127  128  130  132  135  140  146  151  154  156  157  158  159  160  161
  163  165  168  171  175  180  185  190  195  199  202  203  203  201  200  199
  200  203  206  210  213  213  212  208  202  196  189  183  178  173  168  161
  151  141  131  122  114  108  109  105   96                                   
    45.0-180.0 180.0   5.0 450.0                            LAT/LON1/LON2/DLON/H
  100   94   87   90   89   92   94   96   98  100  102  105  108  112  116  121
  125  129  131  133  136  140  146  152  157  161  163  163  163  163  164  165
  168  171  176  181  188  194  200  204  208  212  214  214  213  212  211  210
  210  212  213  215  216  216  214  211  205  198  191  185  180  175  170  163
  154  143  134  124  116  110  111  106  100                                   
    42.5-180.0 180.0   5.0 450.0                            LAT/LON1/LON2/DLON/H
  104  101   92   96   96   98   99  101  103  105  107  110  113  116  120  125
  130  134  137  140  144  148  154  160  165  169  170  169  169  169  169  171
  174  179  186  194  203  210  216  220  223  225  226  225  224  223  222  221
  221  221  221  220  220  219  217  213  208  202  195  189  184  179  174  168
  160  149  140  130  121  115  116  110  104                                   
    40.0-180.0 180.0   5.0 450.0                            LAT/LON1/LON2/DLON/H
  109  107   98  100  100  101  102  103  105  109  113  117  120  124  128  132
  138  142  147  150  154  158  164  169  174  177  178  177  176  176  178  180
  185  192  201  211  221  229  234  238  239  239  239  238  236  235  234  233
  232  231  229  228  225  223  221  217  213  207  201  195  189  185  180  175
  167  158  148  139  129  123  124  116  109                                   
    37.5-180.0 180.0   5.0 450.0                            LAT/LON1/LON2/DLON/H
  114  113  102  103  102  101  101  102  106  111  117  123  128  132  137  142
  148  154  158  162  165  169  174  179  183  186  187  187  187  188  191  195
  202  210  221  232  243  251  256  258  258  257  255  253  250  249  247  246
  245  244  241  238  235  231  228  224  220  214  207  201  196  191  187  183
  176  167  158  148  139  133  134  124  114                                   
    35.0-180.0 180.0   5.0 450.0                            LAT/LON1/LON2/DLON/H
  119  118  106  104  101   99   97   98  103  110  119  127  135  141  147  153
  160  166  171  174  177  180  184  189  193  196  198  200  202  205  210  217
  225  235  247  259  270  278  282  283  282  279  275  272  268  266  264  263
  262  260  258  254  250  245  239  234  228  222  215  208  202  198  194  190
  184  176  167  158  148  142  144  132  119                                   
    32.5-180.0 180.0   5.0 450.0                            LAT/LON1/LON2/DLON/H
  126  123  110  106  100   96   94   94   99  107  118  129  139  148  156  163
  171  178  183  186  188  190  193  197  201  205  209  214  220  227  235  244
  254  266  279  291  302  309  313  313  310  306  301  296  291  287  284  283
  283  282  280  276  270  263  255  246  238  229  221  214  208  203  199  195
  189  182  174  165  156  150  152  140  126                                   
    30.0-180.0 180.0   5.0 450.0                            LAT/LON1/LON2/DLON/H
  132  129  115  109  101   96   92   91   96  104  116  129  142  153  163  172
  181  188  193  196  197  198  201  204  209  214  221  230  240  251  263  275
  288  301  314  327  337  344  347  346  343  338  332  325  318  312  308  307
  308  308  307  303  295  285  272  260  247  236  226  217  211  206  202  197
  192  185  177  169  161  156  159  147  132                                   
    27.5-180.0 180.0   5.0 450.0                            LAT/LON1/LON2/DLON/H
  138  134  121  114  105  100   94   91   95  102  114  128  142  155  168  179
  188  196  201  204  205  205  207  210  215  222  232  245  260  276  292  307
  322  337  351  363  373  379  381  380  377  371  364  356  347  340  335  334
  336  338  338  333  323  307  289  271  255  240  227  218  211  206  202  197
  191  184  177  169  163  159  163  151  138                                   
    25.0-180.0 180.0   5.0 450.0                            LAT/LON1/LON2/DLON/H
  142  139  128  120  112  106  101   96   97  102  113  126  141  156  170  183
  193  202  207  210  211  211  213  215  221  230  243  260  279  299  319  338
  355  371  385  397  406  411  413  412  408  402  394  385  375  367  362  361
  364  367  368  362  348  327  303  279  258  240  226  215  208  203  199  195
  188  182  174  167  161  159  164  154  142                                   
    22.5-180.0 180.0   5.0 450.0                            LAT/LON1/LON2/DLON/H
  145  144  134  128  121  115  110  103  102  105  113  126  141  156  172  185
  197  206  212  216  217  217  218  221  227  238  253  274  297  321  344  365
  383  399  413  424  432  437  438  437  432  426  418  408  399  391  386  386
  390  393  393  385  366  340  310  281  257  237  221  210  203  198  194  190
  184  177  170  162  158  157  163  153  145                                   
    20.0-180.0 180.0   5.0 450.0                            LAT/LON1/LON2/DLON/H
  145  148  140  135  130  124  119  112  109  110  116  126  141  157  172  186
  199  209  216  221  223  224  226  229  235  247  264  287  314  340  365  387
  406  421  434  444  451  455  456  454  449  442  434  425  416  409  406  407
  411  414  412  400  377  345  310  279  253  232  217  205  198  193  190  185
  179  172  165  158  154  154  159  151  145                                   
    17.5-180.0 180.0   5.0 450.0                            LAT/LON1/LON2/DLON/H
  143  149  142  138  135  131  127  120  116  115  119  129  142  157  173  188
  201  212  221  227  231  233  235  239  246  259  278  302  330  358  383  405
  422  436  447  456  462  466  466  464  459  452  444  436  429  424  423  425
  428  430  424  408  379  343  307  275  250  230  214  203  195  190  186  181
  174  168  161  154  150  150  154  147  143                                   
    15.0-180.0 180.0   5.0 450.0                            LAT/LON1/LON2/DLON/H
  138  146  140  137  136  132  130  124  121  120  123  131  144  159  174  189
  203  216  226  234  240  244  247  252  260  274  293  318  347  374  399  419
  434  446  456  464  469  472  472  470  466  459  451  444  438  436  436  439
  441  440  431  409  377  339  302  272  249  231  215  203  194  188  183  178
  171  165  158  151  147  147  149  141  138                                   
    12.5-180.0 180.0   5.0 450.0                            LAT/LON1/LON2/DLON/H
  132  140  134  131  130  127  127  122  121  121  124  133  145  160  176  192
  207  221  233  243  250  255  261  268  277  292  311  336  363  390  413  430
  444  454  463  470  474  477  477  476  472  466  458  452  447  446  448  450
  450  445  431  406  371  332  297  271  251  235  220  206  195  187  181  175
  168  163  157  150  146  144  145  136  132                                   
    10.0-180.0 180.0   5.0 450.0                            LAT/LON1/LON2/DLON/H
  125  133  125  122  120  116  118  115  115  117  122  132  145  161  178  196
  212  228  242  253  261  268  275  284  295  310  330  354  379  404  425  441
  453  462  469  474  478  480  481  480  478  473  466  459  455  455  456  456
  453  444  426  398  363  326  294  271  255  241  225  210  197  187  179  172
  166  161  156  151  146  142  141  132  125                                   
     7.5-180.0 180.0   5.0 450.0                            LAT/LON1/LON2/DLON/H
  121  126  116  112  109  104  106  104  106  109  116  127  142  160  179  198
  217  235  250  263  272  280  289  299  313  329  348  370  394  416  435  450
