data/edconvlstm_nd/pred0650.15i
     1.0            IONOSPHERE MAPS     GNSS                IONEX VERSION / TYPE
pyspatialgeodesy        IME             05-JAN-18 20:20     PGM / RUN BY / DATE 
Map Name                                                    COMMENT             
Predicted global ionosphere maps (GIM).                     DESCRIPTION         
  2015     3     6     0     0     0                        EPOCH OF FIRST MAP  
  2015     3     7     0     0     0                        EPOCH OF LAST MAP   
  7200                                                      INTERVAL            
    13                                                      # OF MAPS IN FILE   
  NONE                                                      MAPPING FUNCTION    
10.0                                                        ELEVATION CUTOFF    
One-way carrier phase leveled to code                       OBSERVABLES USED    
  6371.0                                                    BASE RADIUS         
 2                                                          MAP DIMENSION       
   450.0 450.0   0.0                                        HGT1 / HGT2 / DHGT  
    87.5 -87.5  -2.5                                        LAT1 / LAT2 / DLAT  
  -180.0 180.0   5.0                                        LON1 / LON2 / DLON  
    -1                                                      EXPONENT            
                                                            END OF HEADER       
[from data line 3432]
     9                                                      START OF TEC MAP    
  2015     3     6    16     0     0                        EPOCH OF CURRENT MAP
    87.5-180.0 180.0   5.0 450.0                            LAT/LON1/LON2/DLON/H
  164  169  167  176  181  182  184  184  186  189  190  191  192  194  195  196
  196  197  197  197  196  195  194  192  190  188  186  184  181  178  176  173
  170  167  164  162  159  157  154  152  150  148  147  146  145  145  144  144
  145  145  146  146  147  148  149  150  151  153  154  155  156  157  158  159
  160  162  162  161  170  168  173  164  164                                   
    85.0-180.0 180.0   5.0 450.0                            LAT/LON1/LON2/DLON/H
  165  171  185  178  180  186  189  192  194  197  199  201  202  204  205  207
  208  208  208  208  207  206  205  202  200  197  194  191  188  184  181  177
  174  170  166  163  159  156  154  151  149  147  145  144  144  143  144  144
  145  146  147  148  150  151  153  154  156  157  159  160  161  162  163  164
  166  168  166  165  166  164  165  165  165                                   
    82.5-180.0 180.0   5.0 450.0                            LAT/LON1/LON2/DLON/H
  146  159  163  162  166  173  178  182  185  189  192  195  198  201  203  206
  208  209  210  210  209  208  207  204  202  198  195  191  187  182  178  173
  168  163  158  153  149  145  141  137  134  131  129  127  126  125  126  126
  127  129  131  133  135  138  140  142  144  146  147  149  150  150  151  151
  152  153  151  153  150  158  150  144  146                                   
    80.0-180.0 180.0   5.0 450.0                            LAT/LON1/LON2/DLON/H
  126  134  140  141  144  148  155  162  168  173  177  182  186  191  195  199
  202  204  206  207  207  207  205  203  200  196  192  187  182  177  171  165
  159  153  147  141  135  129  124  119  115  112  109  107  106  106  107  108
  110  113  116  119  123  126  130  133  135  137  139  140  140  140  139  139
  138  137  136  136  129  130  126  125  126                                   
    77.5-180.0 180.0   5.0 450.0                            LAT/LON1/LON2/DLON/H
  114  113  117  118  122  127  133  140  146  152  157  164  170  176  182  187
  193  197  201  204  205  206  206  205  202  200  196  192  187  182  177  171
  165  158  151  145  138  131  125  118  113  108  104  101   99   99   99  100
  103  106  110  114  118  122  126  130  133  135  136  136  135  133  131  129
  126  124  121  121  117  111  110  111  114                                   
    75.0-180.0 180.0   5.0 450.0                            LAT/LON1/LON2/DLON/H
   99  100  100  102  106  110  115  121  128  135  141  148  155  162  169  176
  184  190  197  202  206  209  210  210  210  208  205  201  197  193  188  182
  176  170  163  156  148  141  134  127  120  114  110  106  103  102  102  102
  104  107  111  115  119  123  127  131  133  135  136  135  133  131  127  124
  120  116  113  109  106  101  101   91   99                                   
    72.5-180.0 180.0   5.0 450.0                            LAT/LON1/LON2/DLON/H
   91   92   92   96   97  101  106  111  117  123  130  137  144  152  160  169
  179  188  197  205  212  217  221  223  224  223  222  219  216  212  207  202
  196  190  184  177  169  161  153  145  138  131  125  119  115  112  111  110
  111  112  114  117  121  124  128  131  133  135  135  134  131  128  124  120
  115  111  108  103  101   98   99   94   91                                   
    70.0-180.0 180.0   5.0 450.0                            LAT/LON1/LON2/DLON/H
   90   91   90   93   94   97  100  105  111  117  123  130  137  145  154  163
  174  186  198  209  219  227  233  237  239  239  239  237  234  230  226  221
  216  210  203  196  188  180  172  164  156  148  141  134  129  124  121  118
  116  115  115  116  117  120  122  124  126  127  127  126  123  120  116  113
  108  105  103  100   99   98  101   96   90                                   
    67.5-180.0 180.0   5.0 450.0                            LAT/LON1/LON2/DLON/H
   88   91   91   95   97  100  103  108  113  120  126  133  140  148  157  167
  179  192  206  220  232  242  250  256  259  260  260  259  256  252  248  243
  237  230  224  216  208  200  191  183  174  165  157  150  143  137  131  125
  120  116  113  112  111  112  113  115  116  117  117  116  113  110  107  105
  102  100   99   96   97   98  101   97   88                                   
    65.0-180.0 180.0   5.0 450.0                            LAT/LON1/LON2/DLON/H
   83   88   87   92   94   97  100  106  112  119  126  134  141  149  158  169
  181  196  212  227  241  252  261  267  271  273  274  273  271  267  263  257
  251  244  237  229  221  212  203  194  186  177  168  160  152  143  134  126
  117  110  103   99   96   95   95   96   97   98   98   97   95   93   91   89
   88   88   89   88   91   95   98   96   83                                   
    62.5-180.0 180.0   5.0 450.0                            LAT/LON1/LON2/DLON/H
   73   78   77   83   86   90   94  101  109  118  126  135  144  153  162  173
  187  202  218  234  248  260  268  274  278  280  281  281  280  277  273  268
  261  253  245  236  227  218  209  200  191  182  173  164  154  144  133  121
  110   99   90   84   79   77   76   77   78   79   80   79   77   75   74   73
   72   74   76   76   79   83   86   86   73                                   
    60.0-180.0 180.0   5.0 450.0                            LAT/LON1/LON2/DLON/H
   60   64   63   69   71   76   82   90  100  112  123  134  144  154  165  177
  191  207  223  239  252  261  269  273  277  279  282  283  284  283  280  275
  268  260  250  241  231  221  211  202  193  185  176  167  156  144  131  117
  103   91   80   72   67   64   63   63   64   65   66   65   64   62   60   59
   59   60   63   63   66   69   71   73   60                                   
    57.5-180.0 180.0   5.0 450.0                            LAT/LON1/LON2/DLON/H
   48   50   49   54   57   61   68   78   90  104  118  132  144  156  168  182
  197  214  229  243  253  261  265  268  271  275  279  283  286  288  287  283
  276  267  257  246  236  225  215  206  198  190  182  172  160  147  133  118
  103   90   79   71   65   62   60   61   61   62   62   61   59   57   55   54
   54   54   57   56   57   57   58   62   48                                   
    55.0-180.0 180.0   5.0 450.0                            LAT/LON1/LON2/DLON/H
   41   41   40   45   47   51   59   69   83   98  115  130  145  159  173  189
  205  222  237  248  256  260  261  263  265  270  276  284  290  295  296  293
  287  278  267  256  244  233  223  214  206  199  191  181  169  155  141  126
  112   99   89   81   76   73   71   70   70   70   70   68   66   64   62   60
   58   58   59   57   56   53   51   55   41                                   
    52.5-180.0 180.0   5.0 450.0                            LAT/LON1/LON2/DLON/H
   43   42   41   44   46   50   57   67   81   98  115  132  148  163  180  197
  216  233  246  256  260  262  261  262  264  270  278  288  297  304  307  305
  299  291  280  268  257  246  236  227  219  211  203  193  181  168  154  140
  128  118  109  103   98   95   92   91   90   89   88   86   84   81   79   76
   73   71   71   68   65   59   55   55   43                                   
    50.0-180.0 180.0   5.0 450.0                            LAT/LON1/LON2/DLON/H
   55   53   51   53   55   60   66   74   88  105  122  140  156  172  190  209
  228  245  258  266  269  269  268  268  271  278  288  298  308  316  319  318
  312  304  294  284  273  262  252  242  234  226  217  207  195  182  169  158
  148  141  135  130  125  122  119  117  115  113  111  109  107  105  102   99
   94   92   89   86   83   75   70   66   55                                   
    47.5-180.0 180.0   5.0 450.0                            LAT/LON1/LON2/DLON/H
   74   72   70   72   74   79   84   91  104  120  137  153  169  186  204  223
  242  259  271  278  281  281  281  283  287  294  303  313  321  327  328  326
  321  315  307  298  288  278  268  258  248  238  228  216  204  192  181  172
  166  161  157  153  148  144  141  138  136  134  132  131  129  127  125  121
  116  113  110  107  105   98   92   86   74                                   
    45.0-180.0 180.0   5.0 450.0                            LAT/LON1/LON2/DLON/H
   97   96   93   95   97  102  106  113  125  140  156  171  186  202  220  238
  256  272  283  290  294  297  299  303  309  315  322  328  332  333  332  329
  324  319  314  309  302  294  283  272  260  247  234  220  207  196  187  180
  176  173  169  165  159  154  150  147  145  144  143  143  142  141  140  137
  132  128  125  124  125  120  117  110   97                                   
    42.5-180.0 180.0   5.0 450.0                            LAT/LON1/LON2/DLON/H
  116  117  114  117  120  123  127  134  146  161  176  191  206  221  237  254
  269  283  293  300  306  312  318  325  331  336  339  340  338  334  330  327
  324  322  321  319  315  309  299  286  270  253  236  220  206  194  186  181
  177  174  169  163  156  150  145  143  142  142  142  143  143  144  143  141
  136  133  131  132  136  136  134  129  116                                   
    40.0-180.0 180.0   5.0 450.0                            LAT/LON1/LON2/DLON/H
  126  129  127  131  135  137  142  149  162  178  194  210  224  239  253  268
  281  291  299  307  316  325  335  343  349  352  350  346  340  334  329  327
  327  329  332  335  334  330  320  304  285  264  243  223  206  193  185  180
  176  171  164  154  145  137  132  130  131  132  133  134  135  136  136  134
  130  128  126  128  134  138  140  137  126                                   
    37.5-180.0 180.0   5.0 450.0                            LAT/LON1/LON2/DLON/H
  124  128  127  132  137  138  146  155  170  189  207  224  240  255  269  281
  291  298  305  313  324  335  346  354  359  359  355  348  342  337  335  338
  343  350  357  363  365  362  352  335  312  286  260  236  216  202  193  187
  182  174  163  150  137  128  123  121  123  124  125  125  125  125  125  124
  119  116  115  116  122  129  132  131  124                                   
    35.0-180.0 180.0   5.0 450.0                            LAT/LON1/LON2/DLON/H
  113  116  116  122  127  127  137  150  169  192  214  235  253  269  283  294
  301  306  311  320  331  343  352  359  361  360  357  352  349  350  356  365
  377  390  400  409  413  411  401  382  356  326  295  267  245  229  219  212
  204  193  178  161  145  134  128  126  127  127  126  124  121  119  118  117
  113  109  106  104  108  113  117  117  113                                   
    32.5-180.0 180.0   5.0 450.0                            LAT/LON1/LON2/DLON/H
   99  100   99  104  108  107  121  137  161  189  216  240  262  281  296  307
  313  316  322  330  341  350  357  360  361  360  360  362  367  378  394  413
  433  450  463  473  478  477  467  448  420  387  352  320  295  279  268  261
  252  237  219  198  179  165  156  152  151  149  145  139  133  128  125  123
  118  113  106  100  101  101  103  101   99                                   
    30.0-180.0 180.0   5.0 450.0                            LAT/LON1/LON2/DLON/H
   88   87   82   87   89   88  103  122  150  182  213  241  267  289  307  319
  326  331  337  346  354  360  362  362  361  364  370  382  399  423  451  481
  508  528  542  551  555  555  547  530  502  467  430  396  369  352  342  335
  325  309  288  264  242  224  212  204  197  191  183  173  163  155  151  148
  142  135  124  112  106   99   96   90   88                                   
    27.5-180.0 180.0   5.0 450.0                            LAT/LON1/LON2/DLON/H
   85   82   73   77   77   75   92  111  142  176  209  240  269  295  316  331
  342  349  357  366  373  375  372  368  368  376  392  416  447  484  525  565
  597  619  631  636  637  636  630  615  590  556  519  485  458  441  433  429
  420  405  383  358  333  311  293  279  266  255  242  228  214  202  195  191
  184  176  159  142  127  111   99   86   85                                   
    25.0-180.0 180.0   5.0 450.0                            LAT/LON1/LON2/DLON/H
   93   88   74   77   75   73   89  108  139  173  207  240  270  298  323  343
  357  369  381  390  395  394  387  382  385  401  428  466  511  561  611  658
  693  713  719  716  711  707  701  689  668  639  605  572  547  533  528  527
  522  510  491  466  439  414  390  369  350  333  316  299  281  266  256  249
  240  230  207  185  161  134  114   93   93                                   
    22.5-180.0 180.0   5.0 450.0                            LAT/LON1/LON2/DLON/H
  109  104   85   85   82   80   95  113  142  176  209  241  271  301  329  353
  373  389  404  415  420  416  408  405  414  440  480  531  587  645  702  751
  785  798  794  780  766  756  749  739  722  698  668  640  617  605  603  605
  606  599  585  563  537  509  481  455  431  411  392  373  354  337  323  312
  301  289  262  235  200  164  139  111  109                                   
    20.0-180.0 180.0   5.0 450.0                            LAT/LON1/LON2/DLON/H
  132  125  102   99   95   93  106  123  150  182  213  244  275  306  336  364
  388  409  428  440  444  440  434  437  456  493  544  604  666  728  785  830
  856  859  841  816  793  778  768  759  745  725  700  674  652  640  638  642
  647  646  637  621  598  570  540  511  486  466  448  431  412  393  378  364
  351  338  309  280  238  196  167  137  132                                   
    17.5-180.0 180.0   5.0 450.0                            LAT/LON1/LON2/DLON/H
  153  144  120  113  107  106  118  134  160  190  220  251  282  315  347  378
  406  430  451  464  469  467  466  477  506  553  613  677  740  798  846  880
  893  882  854  821  792  773  762  752  740  723  700  674  651  635  628  630
  635  638  635  625  607  582  553  525  502  485  471  457  441  422  406  389
  375  362  335  307  266  220  191  162  153                                   
    15.0-180.0 180.0   5.0 450.0                            LAT/LON1/LON2/DLON/H
  166  153  131  123  115  115  128  144  169  199  230  262  294  328  363  396
  427  453  475  489  494  495  501  522  560  616  680  743  797  839  870  887
  886  867  834  800  771  752  741  731  719  702  679  652  623  598  583  577
  579  583  584  580  568  548  525  502  483  472  463  454  441  423  405  386
  370  357  335  311  275  232  204  177  166                                   
    12.5-180.0 180.0   5.0 450.0                            LAT/LON1/LON2/DLON/H
  170  152  132  124  116  117  131  149  176  208  241  276  311  348  384  420
  452  480  501  514  520  525  538  567  615  676  740  791  824  843  854  855
  846  825  796  767  745  730  719  709  696  678  653  621  584  549  521  506
  501  503  507  508  503  491  475  459  447  441  437  432  420  402  383  362
  344  331  313  293  266  229  203  180  170                                   
    10.0-180.0 180.0   5.0 450.0                            LAT/LON1/LON2/DLON/H
  165  143  124  118  111  112  129  149  180  216  254  293  333  372  411  447
  480  508  528  540  547  556  575  611  666  728  781  812  822  820  814  807
  796  779  760  742  728  719  711  701  685  664  636  598  552  505  465  439
  428  427  431  436  438  434  427  420  415  412  410  405  392  373  351  328
  308  295  279  264  246  218  194  176  165                                   
     7.5-180.0 180.0   5.0 450.0                            LAT/LON1/LON2/DLON/H
  157  133  113  109  103  105  124  148  183  225  268  312  356  398  438  475
  508  535  554  565  573  585  609  651  707  761  798  810  802  787  774  766
