data/edconvlstm_nd/pred0250.15i
     1.0            IONOSPHERE MAPS     GNSS                IONEX VERSION / TYPE
pyspatialgeodesy        IME             05-JAN-18 20:20     PGM / RUN BY / DATE 
Map Name                                                    COMMENT             
Predicted global ionosphere maps (GIM).                     DESCRIPTION         
  2015     1    25     0     0     0                        EPOCH OF FIRST MAP  
  2015     1    26     0     0     0                        EPOCH OF LAST MAP   
  7200                                                      INTERVAL            
    13                                                      # OF MAPS IN FILE   
  NONE                                                      MAPPING FUNCTION    
10.0                                                        ELEVATION CUTOFF    
One-way carrier phase leveled to code                       OBSERVABLES USED    
  6371.0                                                    BASE RADIUS         
 2                                                          MAP DIMENSION       
   450.0 450.0   0.0                                        HGT1 / HGT2 / DHGT  
    87.5 -87.5  -2.5                                        LAT1 / LAT2 / DLAT  
  -180.0 180.0   5.0                                        LON1 / LON2 / DLON  
    -1                                                      EXPONENT            
                                                            END OF HEADER       
[from data line 1716]
     5                                                      START OF TEC MAP    
  2015     1    25     8     0     0                        EPOCH OF CURRENT MAP
    87.5-180.0 180.0   5.0 450.0                            LAT/LON1/LON2/DLON/H
   31   41   39   43   44   45   46   42   42   44   44   45   45   45   44   44
   44   43   42   42   42   41   41   41   41   40   40   40   40   40   40   40
   40   40   40   39   39   39   39   39   38   38   38   38   37   37   37   37
   37   36   36   35   35   34   34   33   33   32   31   31   30   30   29   30
   31   31   29   29   35   45   58   58   31                                   
    85.0-180.0 180.0   5.0 450.0                            LAT/LON1/LON2/DLON/H
   25   53   58   52   55   57   58   57   57   59   58   58   57   57   56   55
   54   54   53   52   52   52   52   51   51   51   52   52   52   52   52   52
   52   52   51   51   51   51   51   51   51   51   51   51   51   51   51   51
   50   50   50   49   49   48   47   46   46   45   44   44   43   43   43   43
   44   44   41   41   47   53   67   59   25                                   
    82.5-180.0 180.0   5.0 450.0                            LAT/LON1/LON2/DLON/H
   28   45   62   57   59   61   62   62   63   63   62   62   60   58   56   54
   52   51   49   48   47   46   46   46   46   46   46   46   47   47   47   47
   47   47   47   47   48   48   48   48   49   49   50   50   50   51   51   51
   51   51   51   50   49   49   48   47   46   45   44   43   42   42   41   41
   42   42   40   39   49   50   55   52   28                                   
    80.0-180.0 180.0   5.0 450.0                            LAT/LON1/LON2/DLON/H
   40   49   64   60   66   64   66   65   66   66   64   62   59   56   53   50
   47   45   42   41   40   39   39   39   39   40   40   41   42   43   43   44
   44   45   45   46   46   47   48   49   50   51   52   53   55   56   57   57
   58   58   58   58   57   57   55   54   53   51   49   48   46   45   44   43
   43   43   43   43   49   52   55   52   40                                   
    77.5-180.0 180.0   5.0 450.0                            LAT/LON1/LON2/DLON/H
   49   53   59   55   58   59   61   61   63   62   59   57   54   50   46   42
   39   36   34   32   31   31   31   32   33   34   35   36   38   39   40   41
   42   43   44   45   46   47   49   51   53   55   57   60   62   64   66   68
   70   71   72   72   72   71   69   68   65   63   60   57   54   51   48   46
   44   43   40   40   41   36   41   40   49                                   
    75.0-180.0 180.0   5.0 450.0                            LAT/LON1/LON2/DLON/H
   39   44   48   47   49   52   54   54   55   54   51   49   46   42   38   35
   32   29   27   26   26   26   27   29   30   32   34   36   37   39   40   41
   41   42   43   44   45   47   50   53   56   60   64   67   71   75   79   82
   85   87   89   90   90   89   87   84   81   78   73   69   65   60   55   52
   47   45   42   37   39   34   38   35   39                                   
    72.5-180.0 180.0   5.0 450.0                            LAT/LON1/LON2/DLON/H
   38   40   42   42   45   50   52   53   53   52   50   48   45   42   38   35
   32   30   29   28   28   28   29   31   33   35   37   39   40   42   43   43
   43   44   45   46   48   51   54   59   64   69   74   80   86   91   96  101
  106  109  112  114  114  113  111  109  105  101   96   90   85   79   73   68
   62   57   53   46   44   38   38   39   38                                   
    70.0-180.0 180.0   5.0 450.0                            LAT/LON1/LON2/DLON/H
   38   37   40   41   42   45   48   49   49   49   48   47   45   42   40   37
   35   33   32   32   32   33   35   36   38   41   43   44   46   46   46   45
   45   44   45   46   49   52   57   63   70   77   84   91   98  105  112  119
  125  129  133  135  136  135  133  130  125  121  115  109  103   96   89   82
   75   68   63   55   51   44   47   47   38                                   
    67.5-180.0 180.0   5.0 450.0                            LAT/LON1/LON2/DLON/H
   37   35   36   38   39   42   44   45   46   46   46   46   44   43   42   40
   39   38   37   37   38   39   40   42   44   46   47   48   48   47   46   45
   43   42   42   44   47   52   59   66   74   83   92  100  109  117  125  133
  139  145  149  151  151  150  147  144  139  134  128  122  116  108  100   93
   85   76   70   60   54   47   48   50   37                                   
    65.0-180.0 180.0   5.0 450.0                            LAT/LON1/LON2/DLON/H
   39   35   34   37   37   40   43   44   45   46   46   47   46   46   45   45
   44   44   44   44   45   45   47   48   49   50   50   50   49   47   45   42
   40   39   40   42   47   53   62   71   81   91  101  110  120  128  137  145
  153  158  162  164  164  162  158  154  149  143  138  131  124  116  108   99
   90   81   74   63   58   52   52   55   39                                   
    62.5-180.0 180.0   5.0 450.0                            LAT/LON1/LON2/DLON/H
   40   35   34   37   37   40   42   43   45   46   46   48   48   49   49   49
   49   49   49   49   49   50   50   51   51   50   49   48   46   43   41   38
   37   36   38   42   48   56   66   77   89  100  110  120  129  138  147  155
  163  169  172  173  172  169  164  159  153  148  142  136  129  120  111  101
   91   81   74   63   58   51   52   56   40                                   
    60.0-180.0 180.0   5.0 450.0                            LAT/LON1/LON2/DLON/H
   42   35   33   36   36   39   40   42   43   44   45   47   48   49   50   51
   51   51   51   50   50   49   49   48   47   45   43   41   39   37   35   33
   32   33   37   42   50   61   72   85   97  109  119  128  137  146  154  162
  169  175  178  178  176  172  166  160  154  148  143  136  129  119  109   98
   87   75   68   58   54   46   47   51   42                                   
    57.5-180.0 180.0   5.0 450.0                            LAT/LON1/LON2/DLON/H
   43   36   34   37   37   39   40   41   42   43   44   47   48   49   51   51
   51   51   50   49   48   47   46   44   42   39   37   35   33   31   30   30
   31   34   39   47   57   69   82   96  109  120  130  139  147  155  163  171
  178  183  186  185  182  177  171  164  158  152  146  140  132  121  109   97
   84   72   65   56   52   43   44   47   43                                   
    55.0-180.0 180.0   5.0 450.0                            LAT/LON1/LON2/DLON/H
   46   38   35   38   39   40   41   41   41   42   43   45   47   48   50   50
   51   50   49   47   46   44   42   39   37   34   31   29   28   27   27   28
   32   37   45   55   68   81   95  109  122  134  143  152  159  167  174  181
  188  192  195  194  190  185  178  171  165  159  154  147  138  127  113  100
   85   72   65   56   53   43   43   46   46                                   
    52.5-180.0 180.0   5.0 450.0                            LAT/LON1/LON2/DLON/H
   50   42   39   41   42   44   44   42   42   42   43   45   46   48   49   50
   50   49   48   46   44   43   40   38   35   32   30   28   26   26   27   30
   36   44   54   67   81   96  110  124  137  148  158  166  174  181  188  194
  200  204  206  205  201  195  188  181  176  170  164  157  148  136  121  107
   91   78   70   61   58   48   47   49   50                                   
    50.0-180.0 180.0   5.0 450.0                            LAT/LON1/LON2/DLON/H
   56   48   45   47   48   50   49   46   45   44   44   46   47   48   50   50
   50   50   49   47   46   45   43   41   38   35   32   30   28   28   30   34
   42   52   66   81   96  111  126  139  151  163  173  182  190  197  204  209
  213  217  218  216  212  206  199  193  187  182  176  168  159  146  131  117
  101   88   80   71   68   59   58   59   56                                   
    47.5-180.0 180.0   5.0 450.0                            LAT/LON1/LON2/DLON/H
   64   57   53   55   56   58   56   53   50   49   48   49   50   51   52   52
   53   52   52   52   53   53   52   50   47   43   40   36   34   33   35   40
   49   62   78   95  111  126  139  152  165  177  188  198  207  214  220  224
  227  229  229  227  222  216  209  202  196  190  184  177  166  154  140  126
  111   99   91   83   80   72   71   72   64                                   
    45.0-180.0 180.0   5.0 450.0                            LAT/LON1/LON2/DLON/H
   72   67   63   66   66   68   66   61   58   56   56   56   56   56   57   57
   57   58   59   61   63   65   66   64   61   56   51   46   42   40   40   45
   55   70   88  107  124  138  151  164  176  189  202  213  223  230  235  238
  239  240  239  235  230  222  214  207  200  194  187  179  169  156  143  130
  117  107   99   92   90   85   85   85   72                                   
    42.5-180.0 180.0   5.0 450.0                            LAT/LON1/LON2/DLON/H
   79   75   72   76   77   79   76   72   69   67   66   67   66   65   64   63
   64   65   68   72   76   80   82   81   77   71   64   57   51   47   46   50
   60   76   96  116  134  148  161  173  186  199  213  226  236  243  247  249
  249  249  246  242  235  226  217  208  200  193  186  176  165  153  140  129
  118  108  101   95   94   91   91   92   79                                   
    40.0-180.0 180.0   5.0 450.0                            LAT/LON1/LON2/DLON/H
   81   79   77   83   85   87   85   81   79   78   78   79   78   76   74   72
   72   74   78   84   90   95   98   97   92   85   76   68   59   53   50   53
   63   80  101  123  141  156  168  180  193  208  223  236  247  254  258  259
  259  257  255  250  242  231  219  208  199  191  183  173  161  148  135  124
  113  103   96   90   89   87   88   90   81                                   
    37.5-180.0 180.0   5.0 450.0                            LAT/LON1/LON2/DLON/H
   80   78   77   84   88   90   89   88   87   87   89   90   90   87   84   82
   81   83   88   95  102  108  111  110  104   96   86   76   66   58   54   56
   66   84  106  128  147  162  174  187  201  216  231  244  255  263  268  269
  270  270  268  263  253  241  227  214  204  195  186  175  162  148  134  122
  109   95   87   79   78   73   77   80   80                                   
    35.0-180.0 180.0   5.0 450.0                            LAT/LON1/LON2/DLON/H
   75   72   73   80   84   87   88   88   89   92   95   98   98   96   93   91
   90   92   98  105  112  118  121  118  112  102   92   81   71   63   58   60
   69   88  111  134  154  169  182  194  208  224  239  253  264  273  280  284
  287  289  289  285  276  261  245  231  221  212  203  192  177  162  145  130
  112   94   81   68   65   56   64   68   75                                   
    32.5-180.0 180.0   5.0 450.0                            LAT/LON1/LON2/DLON/H
   69   65   65   72   77   80   81   83   86   90   96  101  103  102  100   98
   98  100  105  112  119  124  125  121  114  104   94   84   75   68   63   64
   74   92  116  140  161  177  190  204  218  233  249  263  276  287  296  304
  312  318  322  320  311  296  279  264  254  246  238  227  212  194  175  155
  131  106   87   67   61   45   54   60   69                                   
    30.0-180.0 180.0   5.0 450.0                            LAT/LON1/LON2/DLON/H
   68   61   60   64   68   71   73   74   78   84   90   97  102  104  103  103
  103  106  111  117  122  125  124  120  112  103   94   86   78   72   68   69
   78   97  122  147  169  186  201  215  230  246  261  277  292  306  320  333
  345  357  365  367  359  344  326  311  302  296  290  280  265  246  224  199
  169  138  112   82   71   48   55   61   68                                   
    27.5-180.0 180.0   5.0 450.0                            LAT/LON1/LON2/DLON/H
   75   65   60   61   64   65   65   66   70   75   82   90   96  101  103  104
  106  110  114  118  121  121  120  115  109  101   93   86   81   76   72   73
   83  102  128  155  178  197  213  229  245  261  278  294  312  331  349  368
  386  403  416  421  415  400  383  369  361  357  353  345  331  311  287  258
  224  187  155  117   99   68   71   75   75                                   
    25.0-180.0 180.0   5.0 450.0                            LAT/LON1/LON2/DLON/H
   93   80   70   66   66   65   64   62   64   67   73   81   88   95   99  103
  106  110  114  116  117  116  114  110  105   98   92   87   82   79   76   78
   88  107  134  163  188  209  227  245  262  280  297  316  337  360  383  407
  430  453  470  478  474  460  443  429  423  421  420  413  400  381  356  326
  289  250  211  168  144  107  104  104   93                                   
    22.5-180.0 180.0   5.0 450.0                            LAT/LON1/LON2/DLON/H
  123  108   91   82   78   74   70   66   65   66   69   75   81   88   94   99
  103  108  111  112  111  110  108  106  102   97   91   87   83   81   80   82
   92  112  140  170  198  221  242  262  281  300  319  341  364  390  417  445
  472  498  518  528  526  513  497  485  480  479  479  475  464  447  423  394
  358  319  277  232  202  160  151  148  123                                   
    20.0-180.0 180.0   5.0 450.0                            LAT/LON1/LON2/DLON/H
  162  147  125  110  101   93   87   81   76   73   72   75   79   85   90   95
  100  103  106  107  106  105  104  103  101   97   91   87   84   82   82   85
   96  116  145  177  207  233  257  279  300  320  341  365  391  419  448  477
  505  531  552  563  561  550  536  526  522  522  523  521  513  498  478  452
  419  384  342  300  266  222  207  201  162                                   
    17.5-180.0 180.0   5.0 450.0                            LAT/LON1/LON2/DLON/H
  206  191  167  147  133  123  115  106   98   91   86   84   84   87   90   94
   97   99  101  102  101  101  101  102  101   98   92   87   84   82   82   86
   98  119  150  183  215  244  270  294  316  339  361  385  413  441  470  498
  524  547  565  574  573  564  553  546  544  545  547  546  541  530  514  491
  464  435  397  359  323  281  263  254  206                                   
    15.0-180.0 180.0   5.0 450.0                            LAT/LON1/LON2/DLON/H
  246  234  211  188  171  159  150  141  131  121  111  103   99   96   96   96
   96   97   98   98   98   98   99  101  102  100   94   88   83   80   81   86
  100  124  155  190  223  253  281  306  330  354  377  401  428  456  482  506
  527  544  558  564  563  558  552  548  547  549  551  551  548  540  527  508
  486  463  432  400  366  326  307  297  246                                   
    12.5-180.0 180.0   5.0 450.0                            LAT/LON1/LON2/DLON/H
  278  268  249  226  209  196  188  180  170  157  143  131  121  113  107  103
  100   98   98   97   97   97  100  103  106  104   98   90   83   79   80   88
  104  130  162  197  231  261  290  316  341  365  388  412  437  461  484  502
  517  528  536  541  541  539  537  537  538  540  541  541  539  533  522  506
  488  470  446  418  387  351  332  322  278                                   
    10.0-180.0 180.0   5.0 450.0                            LAT/LON1/LON2/DLON/H
  297  288  274  253  238  226  221  216  207  194  179  164  149  136  125  115
  108  104  101  100   99  100  103  108  111  109  103   93   85   81   83   93
  111  138  170  204  236  267  295  322  348  371  394  416  438  459  478  491
  500  507  511  515  517  519  521  524  525  526  526  525  523  518  508  495
  479  464  444  419  391  357  337  327  297                                   
     7.5-180.0 180.0   5.0 450.0                            LAT/LON1/LON2/DLON/H
  303  291  283  264  255  245  242  241  234  224  211  196  179  162  146  131
  120  113  109  106  105  106  110  114  117  116  109   98   89   85   88  100
