data/edconvlstm_nd/pred2020.15i
     1.0            IONOSPHERE MAPS     GNSS                IONEX VERSION / TYPE
pyspatialgeodesy        IME             05-JAN-18 20:20     PGM / RUN BY / DATE 
Map Name                                                    COMMENT             
Predicted global ionosphere maps (GIM).                     DESCRIPTION         
  2015     7    21     0     0     0                        EPOCH OF FIRST MAP  
  2015     7    22     0     0     0                        EPOCH OF LAST MAP   
  7200                                                      INTERVAL            
    13                                                      # OF MAPS IN FILE   
  NONE                                                      MAPPING FUNCTION    
10.0                                                        ELEVATION CUTOFF    
One-way carrier phase leveled to code                       OBSERVABLES USED    
  6371.0                                                    BASE RADIUS         
 2                                                          MAP DIMENSION       
   450.0 450.0   0.0                                        HGT1 / HGT2 / DHGT  
    87.5 -87.5  -2.5                                        LAT1 / LAT2 / DLAT  
  -180.0 180.0   5.0                                        LON1 / LON2 / DLON  
    -1                                                      EXPONENT            
                                                            END OF HEADER       
     1                                                      START OF TEC MAP    
  2015     7    21     0     0     0                        EPOCH OF CURRENT MAP
    87.5-180.0 180.0   5.0 450.0                            LAT/LON1/LON2/DLON/H
  142  147  155  145  142  142  139  138  138  136  136  136  136  136  135  135
  135  134  134  134  134  133  133  132  132  131  131  130  130  129  129  128
  128  127  127  127  127  127  127  128  128  128  128  128  129  129  129  129
  129  129  129  129  129  129  129  129  129  129  129  130  130  130  131  132
  133  134  135  136  134  134  141  150  142                                   
    85.0-180.0 180.0   5.0 450.0                            LAT/LON1/LON2/DLON/H
  155  155  143  145  148  148  145  143  143  142  141  141  141  140  140  140
  140  139  139  139  138  138  137  137  136  135  134  133  132  132  131  130
  130  129  129  129  129  130  130  130  131  131  132  132  133  133  133  133
  133  133  133  133  133  132  132  132  133  133  133  134  134  135  136  137
  138  140  142  145  139  146  151  156  155                                   
    82.5-180.0 180.0   5.0 450.0                            LAT/LON1/LON2/DLON/H
  156  151  156  152  153  153  150  149  150  148  147  147  147  147  146  146
  146  146  146  146  145  144  143  142  141  140  138  137  135  134  133  132
  131  130  130  130  130  131  132  132  133  134  135  136  136  137  137  137
  137  137  137  136  136  136  136  136  136  137  137  138  139  140  141  143
  144  146  147  147  147  138  145  147  156                                   
    80.0-180.0 180.0   5.0 450.0                            LAT/LON1/LON2/DLON/H
  159  155  151  149  150  151  152  152  152  150  149  149  149  149  149  149
  149  149  150  149  149  148  147  145  144  142  139  137  135  133  131  129
  128  127  127  127  128  129  130  132  133  135  136  138  139  140  140  141
  141  140  140  139  138  138  137  137  137  137  138  139  139  141  142  144
  145  146  146  146  155  145  153  159  159                                   
    77.5-180.0 180.0   5.0 450.0                            LAT/LON1/LON2/DLON/H
  164  155  149  153  149  149  151  152  152  150  149  149  149  149  150  151
  151  152  153  153  153  152  151  149  147  144  142  139  136  133  131  129
  127  127  127  127  128  129  131  133  135  137  139  141  143  144  145  145
  145  145  144  143  142  141  140  139  138  138  138  139  140  141  142  144
  145  147  146  146  153  151  153  164  164                                   
    75.0-180.0 180.0   5.0 450.0                            LAT/LON1/LON2/DLON/H
  166  152  149  153  149  148  148  149  150  147  147  147  147  148  149  150
  151  152  153  154  154  153  152  150  148  145  141  138  134  131  129  127
  126  126  126  127  128  129  131  133  135  138  140  142  144  146  147  148
  148  148  147  145  144  142  140  139  137  137  136  137  138  139  140  142
  142  144  144  139  144  149  150  160  166                                   
    72.5-180.0 180.0   5.0 450.0                            LAT/LON1/LON2/DLON/H
  154  148  146  148  144  143  144  145  146  144  144  145  145  146  147  149
  150  152  153  154  154  153  151  149  146  142  138  134  131  128  126  124
  123  123  124  124  126  127  129  130  132  134  137  139  141  143  145  147
  147  147  146  145  143  140  138  136  134  133  133  133  134  135  137  139
  139  140  142  138  139  141  146  159  154                                   
    70.0-180.0 180.0   5.0 450.0                            LAT/LON1/LON2/DLON/H
  151  143  142  146  143  142  143  143  145  144  144  145  146  147  149  150
  152  154  155  155  155  154  152  149  145  141  137  133  130  127  125  124
  124  124  125  126  126  127  128  128  129  131  132  135  137  140  142  144
  146  146  146  144  142  140  137  135  133  132  131  132  133  134  136  138
  138  139  141  138  139  141  143  155  151                                   
    67.5-180.0 180.0   5.0 450.0                            LAT/LON1/LON2/DLON/H
  150  143  142  144  141  140  141  141  143  142  143  145  146  148  150  152
  153  155  155  155  154  152  149  146  142  138  134  130  127  125  123  123
  123  123  123  124  123  123  122  122  122  122  123  125  127  130  133  136
  138  140  140  140  138  136  133  131  129  128  128  129  130  131  133  135
  135  136  138  134  136  138  141  154  150                                   
    65.0-180.0 180.0   5.0 450.0                            LAT/LON1/LON2/DLON/H
  150  143  143  146  142  141  141  141  143  142  143  145  148  150  152  154
  155  156  155  154  152  149  146  143  139  135  132  128  126  125  124  124
  124  124  123  123  121  119  117  115  114  113  113  115  117  120  123  127
  130  132  134  134  133  132  130  129  128  127  127  128  129  131  133  134
  135  136  137  134  137  140  143  157  150                                   
    62.5-180.0 180.0   5.0 450.0                            LAT/LON1/LON2/DLON/H
  155  149  150  151  147  145  144  144  145  144  145  147  150  153  155  157
  158  157  156  153  150  147  144  141  138  135  132  130  129  128  128  127
  127  126  125  123  120  117  113  110  108  106  106  106  108  111  114  118
  122  125  127  129  129  129  129  128  128  128  129  130  132  133  135  137
  137  138  139  136  140  145  149  163  155                                   
    60.0-180.0 180.0   5.0 450.0                            LAT/LON1/LON2/DLON/H
  162  157  159  160  155  151  150  148  148  146  147  149  151  154  157  158
  158  157  154  151  148  145  142  140  138  136  135  134  133  133  133  132
  131  129  126  122  118  114  110  106  103  101  100  100  101  103  106  110
  114  117  121  123  125  127  128  129  130  132  133  135  136  138  139  141
  140  141  143  141  146  152  156  170  162                                   
    57.5-180.0 180.0   5.0 450.0                            LAT/LON1/LON2/DLON/H
  172  169  172  173  166  161  158  155  153  149  148  149  152  154  156  158
  157  155  152  148  145  142  141  140  140  140  140  140  140  140  139  138
  135  131  127  122  117  112  108  105  102  100   98   97   97   99  101  104
  107  111  115  119  122  125  128  131  134  137  139  142  143  144  145  146
  146  147  149  148  153  160  165  178  172                                   
    55.0-180.0 180.0   5.0 450.0                            LAT/LON1/LON2/DLON/H
  183  183  186  186  179  173  170  164  160  154  151  150  151  153  155  155
  154  152  149  145  143  142  142  143  144  145  146  147  148  147  146  143
  138  133  127  121  116  112  108  106  103  102  100   99   98   98   99  101
  104  107  112  116  121  126  130  135  140  144  147  150  151  152  152  153
  153  154  156  156  161  169  175  187  183                                   
    52.5-180.0 180.0   5.0 450.0                            LAT/LON1/LON2/DLON/H
  194  196  200  200  193  187  182  176  169  161  155  152  151  151  152  152
  151  149  146  144  143  143  145  148  150  153  154  155  156  154  152  147
  141  134  127  120  116  112  110  108  107  106  104  102  101   99   99  100
  102  105  110  115  120  126  133  140  146  152  156  159  160  160  161  162
  161  162  165  165  169  177  184  195  194                                   
    50.0-180.0 180.0   5.0 450.0                            LAT/LON1/LON2/DLON/H
  203  208  211  212  206  200  196  188  180  170  162  156  153  152  151  151
  149  148  145  144  145  147  150  154  158  161  162  163  162  160  155  149
  141  133  126  120  116  114  113  113  112  111  110  108  105  103  102  102
  104  106  110  115  121  128  136  144  152  159  164  168  169  169  170  171
  171  173  176  175  179  185  192  203  203                                   
    47.5-180.0 180.0   5.0 450.0                            LAT/LON1/LON2/DLON/H
  211  215  219  221  216  211  208  201  192  180  171  163  158  154  152  151
  150  148  147  147  149  153  158  162  166  168  169  168  166  162  156  148
  140  132  125  120  117  116  116  117  117  117  116  114  111  109  107  106
  107  108  111  116  122  130  139  149  158  166  172  176  177  178  180  182
  182  184  188  187  189  193  199  210  211                                   
    45.0-180.0 180.0   5.0 450.0                            LAT/LON1/LON2/DLON/H
  215  219  221  225  222  219  217  211  204  192  182  173  166  161  157  155
  153  152  152  153  156  161  166  170  173  174  173  171  168  162  155  146
  138  130  124  121  119  119  120  121  122  122  121  119  117  115  113  112
  112  112  114  118  124  132  142  152  162  171  178  182  185  186  189  192
  194  198  201  200  200  201  206  217  215                                   
    42.5-180.0 180.0   5.0 450.0                            LAT/LON1/LON2/DLON/H
  216  218  220  225  223  222  222  219  214  204  194  185  177  170  166  162
  160  159  159  161  165  170  174  178  179  178  176  172  167  160  152  143
  135  129  124  122  122  122  123  125  126  126  125  124  122  121  120  118
  118  117  118  121  126  135  144  155  165  175  182  187  191  194  198  203
  207  212  216  214  211  209  214  225  216                                   
    40.0-180.0 180.0   5.0 450.0                            LAT/LON1/LON2/DLON/H
  217  215  217  222  222  222  223  223  221  214  207  199  191  183  177  173
  170  168  169  171  174  179  182  183  183  180  177  172  166  158  150  141
  134  129  126  125  125  125  126  128  129  130  130  129  128  127  126  125
  123  122  121  123  128  136  146  157  167  177  185  192  197  201  207  214
  220  228  233  229  225  219  223  233  217                                   
    37.5-180.0 180.0   5.0 450.0                            LAT/LON1/LON2/DLON/H
  218  214  216  219  220  221  223  224  226  223  219  213  206  198  192  186
  182  180  180  181  184  186  188  187  185  181  177  172  166  158  149  140
  134  130  128  128  128  129  130  132  134  135  135  135  134  133  132  131
  128  125  123  124  129  137  147  158  169  179  189  196  202  208  215  225
  234  243  249  245  239  232  234  245  218                                   
    35.0-180.0 180.0   5.0 450.0                            LAT/LON1/LON2/DLON/H
  222  216  218  220  220  221  224  227  231  231  231  228  222  215  208  202
  197  193  191  191  192  193  193  190  187  183  179  174  167  159  150  142
  136  133  132  132  132  132  134  136  139  141  141  141  140  138  137  135
  131  126  123  123  127  135  146  158  169  181  191  200  208  215  224  235
  246  257  265  261  254  246  248  258  222                                   
    32.5-180.0 180.0   5.0 450.0                            LAT/LON1/LON2/DLON/H
  231  225  227  227  227  228  230  234  240  243  244  244  240  233  226  219
  212  207  204  201  201  199  197  193  189  185  182  178  171  163  153  145
  139  136  135  135  135  135  137  141  145  147  148  147  145  142  140  136
  130  124  119  118  122  131  143  155  168  180  192  204  213  222  231  243
  256  269  279  276  270  262  264  274  231                                   
    30.0-180.0 180.0   5.0 450.0                            LAT/LON1/LON2/DLON/H
  245  239  242  241  240  241  244  247  254  258  261  262  259  253  246  238
  231  223  217  212  209  206  201  196  192  189  186  183  177  168  158  149
  142  139  138  137  136  137  140  144  149  153  153  151  147  143  139  133
  126  118  112  110  115  124  137  150  164  178  192  206  217  227  237  250
  264  279  291  290  285  279  281  292  245                                   
    27.5-180.0 180.0   5.0 450.0                            LAT/LON1/LON2/DLON/H
  262  259  261  261  261  263  266  269  275  279  283  284  282  276  269  261
  252  242  233  225  219  213  207  201  196  193  191  188  182  172  161  151
  144  140  137  135  134  135  139  145  151  154  155  151  146  140  134  126
  118  109  102  100  105  115  129  143  158  174  190  206  220  232  243  256
  271  287  300  301  299  295  298  310  262                                   
    25.0-180.0 180.0   5.0 450.0                            LAT/LON1/LON2/DLON/H
  281  281  284  286  287  290  294  298  303  307  310  311  309  304  297  288
  277  265  252  241  231  222  214  206  200  197  195  191  184  173  161  150
  142  137  133  130  129  130  134  141  147  151  150  146  139  132  124  115
  106   97   91   89   94  104  119  134  151  168  187  206  223  236  248  262
  277  294  308  312  312  309  315  328  281                                   
    22.5-180.0 180.0   5.0 450.0                            LAT/LON1/LON2/DLON/H
  299  303  306  310  314  320  326  330  336  340  342  342  340  335  328  319
  307  292  276  260  246  233  221  211  204  199  195  190  181  170  157  145
  136  130  125  121  119  121  125  132  137  140  139  135  128  120  111  102
   93   85   79   78   82   93  108  125  143  162  184  206  225  241  254  268
  283  300  316  321  323  322  329  343  299                                   
    20.0-180.0 180.0   5.0 450.0                            LAT/LON1/LON2/DLON/H
  314  322  326  333  338  346  355  361  369  373  375  375  373  369  363  354
  340  323  302  281  262  245  229  216  205  198  191  184  173  160  147  136
  127  120  114  110  108  110  113  118  123  125  124  119  113  105   97   89
   81   74   69   68   72   82   97  115  134  156  180  204  227  245  260  275
  290  307  323  330  334  333  342  356  314                                   
    17.5-180.0 180.0   5.0 450.0                            LAT/LON1/LON2/DLON/H
  326  338  342  350  356  366  377  385  395  400  404  405  404  401  396  387
  374  354  330  304  279  257  236  218  204  193  183  172  159  146  134  124
  115  109  103   99   98   99  102  105  107  108  106  102   97   91   84   77
   71   65   61   60   64   74   88  107  127  150  176  202  228  248  266  281
  297  315  331  339  343  342  352  366  326                                   
    15.0-180.0 180.0   5.0 450.0                            LAT/LON1/LON2/DLON/H
  335  349  353  361  368  376  387  398  409  417  423  426  427  426  423  416
  403  382  355  325  294  266  241  218  200  184  170  157  143  130  120  111
  105  100   95   91   90   90   91   92   93   92   91   88   85   81   75   69
   64   59   56   56   59   68   82  101  122  146  172  200  226  249  269  287
  304  322  339  348  351  350  360  373  335                                   
    12.5-180.0 180.0   5.0 450.0                            LAT/LON1/LON2/DLON/H
  342  357  361  367  373  378  388  398  411  421  429  435  439  440  439  434
  422  401  373  339  305  271  241  215  192  173  156  140  126  115  107  102
   97   93   88   85   84   84   84   83   82   80   79   78   77   74   70   65
   60   57   54   53   56   64   78   97  119  143  168  196  223  248  271  291
  310  328  345  355  358  357  367  378  342                                   
    10.0-180.0 180.0   5.0 450.0                            LAT/LON1/LON2/DLON/H
  348  365  367  370  374  376  382  390  402  412  422  430  436  439  440  437
  427  408  380  345  308  271  238  208  182  160  141  125  112  103   98   95
   92   89   85   83   82   82   81   78   76   74   73   74   73   71   67   63
   58   55   52   52   54   61   76   95  117  140  165  191  219  245  269  292
  312  332  349  359  363  362  372  382  348                                   
     7.5-180.0 180.0   5.0 450.0                            LAT/LON1/LON2/DLON/H
  355  372  373  373  375  373  374  379  387  396  405  414  420  425  427  425
  417  400  374  341  303  265  230  199  171  148  129  113  102   96   94   92
