data/edconvlstm_nd/pred2840.15i
     1.0            IONOSPHERE MAPS     GNSS                IONEX VERSION / TYPE
pyspatialgeodesy        IME             05-JAN-18 20:20     PGM / RUN BY / DATE 
Map Name                                                    COMMENT             
Predicted global ionosphere maps (GIM).                     DESCRIPTION         
  2015    10    11     0     0     0                        EPOCH OF FIRST MAP  
  2015    10    12     0     0     0                        EPOCH OF LAST MAP   
  7200                                                      INTERVAL            
    13                                                      # OF MAPS IN FILE   
  NONE                                                      MAPPING FUNCTION    
10.0                                                        ELEVATION CUTOFF    
One-way carrier phase leveled to code                       OBSERVABLES USED    
  6371.0                                                    BASE RADIUS         
 2                                                          MAP DIMENSION       
   450.0 450.0   0.0                                        HGT1 / HGT2 / DHGT  
    87.5 -87.5  -2.5                                        LAT1 / LAT2 / DLAT  
  -180.0 180.0   5.0                                        LON1 / LON2 / DLON  
    -1                                                      EXPONENT            
                                                            END OF HEADER       
[from data line 3861]
    10                                                      START OF TEC MAP    
  2015    10    11    18     0     0                        EPOCH OF CURRENT MAP
    87.5-180.0 180.0   5.0 450.0                            LAT/LON1/LON2/DLON/H
   70   74   73   76   81   79   79   76   77   80   80   81   82   83   84   85
   86   86   86   86   86   85   84   83   82   81   80   79   78   77   76   75
   74   74   73   73   73   73   72   72   72   72   72   72   72   72   72   72
   72   72   72   72   72   72   72   72   72   72   72   72   71   71   71   70
   71   70   66   62   66   66   81   85   70                                   
    85.0-180.0 180.0   5.0 450.0                            LAT/LON1/LON2/DLON/H
   74   75   87   70   73   76   75   77   78   81   81   83   84   85   87   88
   88   89   89   90   89   89   88   87   86   85   84   82   81   80   79   78
   77   76   76   75   75   75   75   74   74   74   74   74   74   74   74   74
   74   74   73   73   73   73   73   72   72   72   71   71   70   70   70   70
   70   69   64   60   64   66   72   68   74                                   
    82.5-180.0 180.0   5.0 450.0                            LAT/LON1/LON2/DLON/H
   56   61   66   59   64   67   69   70   72   74   76   79   81   83   85   87
   88   89   90   90   89   89   88   86   85   83   81   79   77   75   73   72
   71   70   70   70   69   69   69   69   69   69   69   69   69   68   68   68
   68   67   67   67   67   66   66   66   65   65   65   64   63   63   62   61
   61   59   56   53   58   68   63   62   56                                   
    80.0-180.0 180.0   5.0 450.0                            LAT/LON1/LON2/DLON/H
   38   45   55   50   55   55   60   62   66   69   72   76   78   81   83   86
   87   88   89   89   89   87   86   83   81   78   75   72   69   66   64   62
   61   61   61   61   61   61   62   62   62   62   62   61   61   61   60   60
   60   60   60   59   59   59   59   59   58   58   57   57   56   55   55   54
   53   53   51   50   49   56   51   57   38                                   
    77.5-180.0 180.0   5.0 450.0                            LAT/LON1/LON2/DLON/H
   46   47   48   44   49   51   56   59   63   66   70   74   78   82   85   88
   90   92   93   93   93   91   89   86   82   78   74   69   65   62   59   57
   55   55   55   55   56   56   57   57   57   56   55   54   53   53   52   51
   51   51   51   51   51   51   51   51   51   51   50   50   49   48   48   47
   46   46   45   45   44   46   46   53   46                                   
    75.0-180.0 180.0   5.0 450.0                            LAT/LON1/LON2/DLON/H
   36   41   41   41   46   49   52   56   61   65   69   73   77   81   84   87
   90   92   93   94   93   92   90   87   84   79   74   69   64   60   56   54
   52   52   52   53   55   56   56   56   56   55   53   52   50   49   48   47
   47   47   48   48   48   49   49   49   48   48   48   47   46   46   45   45
   44   45   45   44   44   43   41   39   36                                   
    72.5-180.0 180.0   5.0 450.0                            LAT/LON1/LON2/DLON/H
   41   44   43   45   46   49   53   56   59   62   66   70   74   78   81   84
   86   89   90   92   92   91   90   87   83   78   72   66   60   55   50   47
   46   46   46   48   50   51   51   51   50   48   46   43   41   40   39   38
   38   39   40   40   41   41   41   41   41   41   40   40   40   39   39   39
   39   39   39   37   37   39   40   42   41                                   
    70.0-180.0 180.0   5.0 450.0                            LAT/LON1/LON2/DLON/H
   39   44   45   47   49   51   54   57   62   66   69   73   76   79   81   83
   86   88   90   92   94   95   94   92   89   84   78   71   65   58   53   50
   48   47   48   50   51   53   53   52   50   47   44   41   39   37   36   36
   37   38   39   40   40   41   41   40   40   40   39   39   39   38   38   38
   38   38   39   38   39   41   45   47   39                                   
    67.5-180.0 180.0   5.0 450.0                            LAT/LON1/LON2/DLON/H
   42   47   47   50   53   55   59   63   67   70   73   77   79   81   82   84
   86   88   91   93   96   97   97   96   93   89   82   75   67   60   54   49
   46   45   46   47   49   50   50   49   46   43   39   36   33   31   31   32
   33   34   36   37   37   38   38   38   37   37   37   36   36   36   35   35
   35   34   34   33   34   38   40   41   42                                   
    65.0-180.0 180.0   5.0 450.0                            LAT/LON1/LON2/DLON/H
   39   45   45   49   52   56   60   65   71   75   78   81   83   84   85   86
   87   90   93   96   99  102  104  103  101   97   91   83   75   66   58   52
   49   47   47   48   49   50   49   47   43   39   35   32   29   28   28   29
   31   32   34   35   36   36   36   35   35   35   34   34   33   33   33   32
   31   31   31   31   33   38   40   42   39                                   
    62.5-180.0 180.0   5.0 450.0                            LAT/LON1/LON2/DLON/H
   36   42   43   48   52   56   62   67   74   79   84   87   89   90   91   91
   93   96   99  103  106  109  111  111  109  105   98   90   81   71   62   55
   50   47   46   47   47   47   46   43   39   35   31   28   26   25   25   26
   28   30   31   32   32   33   33   32   32   32   31   31   31   30   30   29
   28   27   26   26   28   32   34   36   36                                   
    60.0-180.0 180.0   5.0 450.0                            LAT/LON1/LON2/DLON/H
   32   39   40   45   49   53   60   67   76   82   88   93   96   97   98   99
  101  104  107  111  115  117  118  118  116  112  105   97   88   78   68   60
   54   50   48   48   47   47   45   41   37   33   29   26   24   23   23   24
   25   26   27   28   28   28   29   29   28   28   28   28   27   27   26   26
   24   23   22   22   24   28   29   32   32                                   
    57.5-180.0 180.0   5.0 450.0                            LAT/LON1/LON2/DLON/H
   29   36   38   44   49   52   61   68   78   86   94  100  104  106  107  109
  112  115  119  122  125  126  126  125  122  118  112  105   96   86   77   69
   62   58   55   53   52   50   47   44   39   35   31   28   26   25   25   25
   25   25   25   25   26   26   27   27   27   27   27   26   26   26   26   25
   24   22   22   21   23   26   27   30   29                                   
    55.0-180.0 180.0   5.0 450.0                            LAT/LON1/LON2/DLON/H
   29   38   41   47   51   54   63   71   82   90   99  106  111  115  117  120
  124  127  131  133  134  133  132  129  126  122  117  111  104   96   88   80
   74   69   65   62   60   57   54   49   45   40   36   33   31   30   29   28
   26   25   24   24   24   25   26   27   27   27   27   26   26   26   26   26
   25   24   23   23   24   27   27   31   29                                   
    52.5-180.0 180.0   5.0 450.0                            LAT/LON1/LON2/DLON/H
   33   42   46   52   56   60   69   76   87   96  105  112  118  122  126  130
  134  138  141  142  141  138  134  130  127  124  120  116  111  106   99   93
   88   83   79   75   72   68   64   59   54   49   45   42   40   38   36   33
   30   28   26   25   26   27   28   30   30   30   29   29   28   28   29   30
   30   30   30   29   30   31   31   36   33                                   
    50.0-180.0 180.0   5.0 450.0                            LAT/LON1/LON2/DLON/H
   41   51   56   63   67   72   79   86   94  103  111  119  124  129  133  137
  142  146  148  148  146  141  135  130  127  124  122  121  118  115  111  107
  103   99   94   90   86   81   76   70   65   60   56   53   50   48   44   41
   37   34   32   31   31   33   35   37   37   36   35   34   33   33   35   37
   38   39   40   39   38   39   39   43   41                                   
    47.5-180.0 180.0   5.0 450.0                            LAT/LON1/LON2/DLON/H
   52   62   69   76   81   87   93   99  105  112  119  125  131  135  139  144
  148  152  154  153  149  143  136  131  127  125  125  125  125  124  122  120
  117  114  110  105  100   94   88   81   76   71   67   64   61   58   54   50
   46   43   41   40   41   43   45   47   47   45   43   41   40   41   43   45
   48   50   52   51   50   50   49   52   52                                   
    45.0-180.0 180.0   5.0 450.0                            LAT/LON1/LON2/DLON/H
   63   73   81   91   97  104  109  114  118  124  128  133  138  141  145  150
  154  158  159  158  153  146  139  133  130  129  129  130  131  132  131  130
  129  126  123  118  112  106   98   91   85   80   76   73   70   67   63   60
   56   54   53   53   54   56   58   58   58   56   53   50   49   49   52   55
   58   62   64   64   62   61   60   61   63                                   
    42.5-180.0 180.0   5.0 450.0                            LAT/LON1/LON2/DLON/H
   72   82   91  104  112  120  125  130  132  136  140  143  146  149  153  157
  161  164  165  163  158  152  145  139  136  136  136  137  138  138  138  138
  138  136  134  129  123  115  106   98   91   86   82   79   77   74   71   68
   66   65   65   66   67   69   70   69   68   65   62   59   58   58   60   64
   67   71   74   74   71   70   68   69   72                                   
    40.0-180.0 180.0   5.0 450.0                            LAT/LON1/LON2/DLON/H
   79   88   98  113  123  133  138  143  146  149  151  154  156  159  162  166
  169  172  173  171  167  161  154  150  147  146  146  146  145  145  145  146
  146  146  144  139  132  123  113  103   94   88   85   82   80   78   76   75
   74   74   75   76   78   79   78   77   75   72   69   67   65   66   68   71
   75   78   81   80   77   75   73   74   79                                   
    37.5-180.0 180.0   5.0 450.0                            LAT/LON1/LON2/DLON/H
   82   90  101  118  131  142  148  154  157  161  163  165  167  170  173  176
  180  182  183  181  177  172  167  163  160  159  158  156  154  153  153  155
  157  158  157  152  144  132  119  107   97   90   86   83   81   80   79   78
   78   79   81   82   83   83   83   81   79   76   74   72   71   72   74   77
   79   82   84   83   80   77   74   76   82                                   
    35.0-180.0 180.0   5.0 450.0                            LAT/LON1/LON2/DLON/H
   82   90  101  120  134  146  154  161  165  170  173  176  179  182  185  188
  191  192  193  191  188  184  179  176  174  173  171  169  166  165  166  169
  173  175  175  170  160  145  128  113  101   92   88   85   83   81   79   79
   79   80   81   83   83   83   82   80   78   77   76   75   75   76   77   80
   82   84   86   85   80   77   73   77   82                                   
    32.5-180.0 180.0   5.0 450.0                            LAT/LON1/LON2/DLON/H
   82   90  102  120  135  147  156  164  171  177  182  186  190  194  198  201
  203  203  202  200  197  193  190  188  187  187  186  184  182  182  185  190
  197  201  201  194  181  162  141  122  107   97   92   88   85   83   80   79
   78   78   78   79   80   80   79   78   76   76   76   76   77   78   80   82
   84   86   87   85   80   77   73   79   82                                   
    30.0-180.0 180.0   5.0 450.0                            LAT/LON1/LON2/DLON/H
   84   93  105  121  136  147  158  167  175  182  188  194  200  205  210  213
  214  213  210  207  203  200  197  197  199  201  202  203  203  206  212  220
  229  235  234  225  207  183  157  134  117  106   99   95   91   87   83   79
   76   74   73   74   75   77   78   77   76   76   77   78   79   80   82   85
   86   88   89   88   82   79   76   82   84                                   
    27.5-180.0 180.0   5.0 450.0                            LAT/LON1/LON2/DLON/H
   89   99  112  125  140  150  160  170  179  187  195  202  209  216  222  225
  225  222  218  212  207  203  202  205  210  215  221  225  229  236  245  257
  268  274  272  259  236  206  175  149  130  118  110  105  101   95   89   83
   77   73   71   71   74   78   80   81   80   80   80   81   82   83   86   89
   90   93   93   92   87   83   81   87   89                                   
    25.0-180.0 180.0   5.0 450.0                            LAT/LON1/LON2/DLON/H
   98  109  122  132  147  156  166  175  185  194  202  210  220  229  236  239
  238  233  226  219  212  208  208  214  223  233  243  252  260  270  283  297
  309  315  310  292  263  228  193  164  144  131  124  119  113  107   99   91
   83   77   74   74   79   85   90   92   91   90   89   89   89   89   91   95
   97   99  100   98   93   89   88   93   98                                   
    22.5-180.0 180.0   5.0 450.0                            LAT/LON1/LON2/DLON/H
  110  120  133  142  156  165  175  184  194  203  212  222  233  244  252  256
  254  248  239  229  221  217  219  228  241  256  270  283  295  308  322  337
  349  352  343  319  285  245  208  178  158  145  138  133  128  121  113  104
   95   87   84   85   91  100  107  110  109  106  103  100   98   97   99  102
  104  108  107  105  101   96   95   99  110                                   
    20.0-180.0 180.0   5.0 450.0                            LAT/LON1/LON2/DLON/H
  121  131  143  151  166  175  187  196  206  217  227  239  252  264  274  278
  277  270  260  249  239  236  240  252  269  287  303  318  331  344  359  372
  381  380  366  338  299  257  219  190  170  158  151  147  142  137  130  121
  112  105  101  103  112  122  131  134  132  126  120  115  110  107  107  110
  112  115  114  112  108  102  101  104  121                                   
    17.5-180.0 180.0   5.0 450.0                            LAT/LON1/LON2/DLON/H
  130  140  150  161  176  187  200  210  222  234  247  262  277  291  302  308
  308  303  293  281  271  268  274  288  306  325  341  355  367  378  389  398
  402  396  378  346  306  265  228  200  182  170  163  158  155  152  147  141
  134  127  124  127  136  149  158  161  157  148  139  130  122  116  115  116
  118  121  118  116  112  105  104  108  130                                   
    15.0-180.0 180.0   5.0 450.0                            LAT/LON1/LON2/DLON/H
  136  146  156  169  186  199  215  226  240  255  271  289  307  324  337  346
  348  345  336  325  316  314  320  334  352  369  382  392  400  407  412  415
  413  402  381  349  310  271  238  212  194  182  173  168  166  165  164  161
  156  151  149  152  161  173  182  184  178  167  155  143  132  124  120  120
  120  122  118  116  112  105  103  109  136                                   
    12.5-180.0 180.0   5.0 450.0                            LAT/LON1/LON2/DLON/H
  137  148  160  176  195  211  229  243  259  278  297  319  341  360  376  388
  394  395  389  380  372  370  376  388  402  415  423  427  429  429  428  425
  417  403  381  351  316  282  253  229  210  195  184  178  176  177  179  179
  176  173  171  173  181  191  199  199  191  179  165  151  139  128  122  120
  118  119  115  112  108  102  100  108  137                                   
    10.0-180.0 180.0   5.0 450.0                            LAT/LON1/LON2/DLON/H
  135  149  162  181  202  222  243  259  279  300  324  349  374  396  415  430
  441  446  445  439  432  430  434  443  452  459  460  457  453  447  440  432
  420  405  384  358  329  301  275  252  232  213  198  189  186  188  191  192
  191  188  185  186  191  198  203  202  194  181  167  153  140  129  121  117
  114  113  109  105  102   97   96  106  135                                   
     7.5-180.0 180.0   5.0 450.0                            LAT/LON1/LON2/DLON/H
  132  148  165  185  209  232  256  274  296  320  347  375  403  427  449  468
  483  492  495  492  487  485  487  492  496  496  490  481  471  461  451  440
