data/edconvlstm_nd/pred2050.15i
     1.0            IONOSPHERE MAPS     GNSS                IONEX VERSION / TYPE
pyspatialgeodesy        IME             05-JAN-18 20:20     PGM / RUN BY / DATE 
Map Name                                                    COMMENT             
Predicted global ionosphere maps (GIM).                     DESCRIPTION         
  2015     7    24     0     0     0                        EPOCH OF FIRST MAP  
  2015     7    25     0     0     0                        EPOCH OF LAST MAP   
  7200                                                      INTERVAL            
    13                                                      # OF MAPS IN FILE   
  NONE                                                      MAPPING FUNCTION    
10.0                                                        ELEVATION CUTOFF    
One-way carrier phase leveled to code                       OBSERVABLES USED    
  6371.0                                                    BASE RADIUS         
 2                                                          MAP DIMENSION       
   450.0 450.0   0.0                                        HGT1 / HGT2 / DHGT  
    87.5 -87.5  -2.5                                        LAT1 / LAT2 / DLAT  
  -180.0 180.0   5.0                                        LON1 / LON2 / DLON  
    -1                                                      EXPONENT            
                                                            END OF HEADER       
[from data line 4719]
    12                                                      START OF TEC MAP    
  2015     7    24    22     0     0                        EPOCH OF CURRENT MAP
    87.5-180.0 180.0   5.0 450.0                            LAT/LON1/LON2/DLON/H
  139  127  112  119  121  119  119  118  117  119  118  119  119  119  119  119
  119  118  118  117  116  115  114  113  112  111  110  108  107  106  105  104
  103  102  101  100   99   99   98   98   98   98   98   98   98   98   98   98
   98   99   99   99   99  100  100  100  100  100  101  101  101  102  102  102
  103  103  103  104  117  115  128  133  139                                   
    85.0-180.0 180.0   5.0 450.0                            LAT/LON1/LON2/DLON/H
  137  133  137  128  127  131  130  132  133  134  134  134  134  134  134  134
  133  133  132  131  130  128  127  125  124  122  120  118  117  115  113  112
  110  109  108  107  106  106  105  105  105  105  105  105  105  105  105  106
  106  106  106  107  107  107  107  108  108  108  109  109  109  110  111  111
  112  113  112  112  118  116  119  119  137                                   
    82.5-180.0 180.0   5.0 450.0                            LAT/LON1/LON2/DLON/H
  115  119  121  118  119  124  127  127  127  129  129  130  130  130  130  129
  129  128  127  125  124  122  121  119  116  114  112  109  107  104  102  100
   98   97   95   95   94   94   93   93   93   93   93   94   94   94   95   95
   96   96   97   97   97   97   98   98   98   98   98   98   98   99   99   99
  100  100  100  106  112  122  115  115  115                                   
    80.0-180.0 180.0   5.0 450.0                            LAT/LON1/LON2/DLON/H
  104  111  117  115  116  118  123  127  129  131  131  133  133  133  132  131
  130  129  128  126  124  122  120  117  114  111  108  104  101   98   95   92
   90   88   87   86   86   86   86   86   87   87   88   88   89   90   90   91
   92   92   93   93   93   94   94   94   93   93   93   93   93   93   94   94
   95   96   96   99  102  105  104  111  104                                   
    77.5-180.0 180.0   5.0 450.0                            LAT/LON1/LON2/DLON/H
  108  108  116  113  118  121  125  128  130  131  132  133  133  133  132  131
  129  128  126  125  123  121  118  116  112  109  105  101   97   93   90   87
   85   84   83   83   83   83   84   85   85   86   87   87   88   89   91   92
   93   94   94   95   95   95   95   94   94   93   92   92   91   91   91   91
   92   92   93   96  102  102  106  119  108                                   
    75.0-180.0 180.0   5.0 450.0                            LAT/LON1/LON2/DLON/H
  106  108  112  110  115  120  123  126  129  132  132  133  133  132  131  129
  127  126  124  122  120  119  117  114  111  108  104  100   96   92   88   85
   84   83   83   83   84   85   86   87   87   88   88   89   90   91   92   93
   95   96   97   97   98   98   97   97   96   95   94   93   93   92   92   93
   93   94   95   94   98   97  102  103  106                                   
    72.5-180.0 180.0   5.0 450.0                            LAT/LON1/LON2/DLON/H
  106  106  111  114  115  119  124  126  128  130  130  131  130  129  127  124
  122  120  118  116  115  113  112  110  107  103   99   94   90   85   82   79
   78   78   79   80   82   83   84   85   85   85   85   86   86   87   89   91
   93   94   96   97   97   97   97   96   95   94   93   93   92   92   92   92
   91   92   93   91   93   95  100  108  106                                   
    70.0-180.0 180.0   5.0 450.0                            LAT/LON1/LON2/DLON/H
  108  107  109  110  112  115  119  122  125  127  128  128  127  125  123  120
  117  114  112  110  110  109  108  107  104  101   97   93   88   83   80   77
   77   77   79   81   83   85   86   86   85   84   83   83   83   84   85   87
   89   91   93   94   95   95   95   95   95   94   94   94   94   94   94   95
   95   95   96   95   98   98  104  110  108                                   
    67.5-180.0 180.0   5.0 450.0                            LAT/LON1/LON2/DLON/H
  114  111  113  115  116  118  122  125  127  129  130  131  130  128  125  121
  118  115  112  111  110  110  109  109  107  104  100   95   90   85   81   79
   78   79   81   83   86   87   88   87   85   83   81   80   80   80   82   84
   86   89   91   92   94   94   95   96   96   97   98   98   99   99  100  101
  101  101  101   99  100  101  104  111  114                                   
    65.0-180.0 180.0   5.0 450.0                            LAT/LON1/LON2/DLON/H
  117  114  115  116  115  116  119  122  124  127  128  130  129  127  124  120
  117  113  111  110  109  109  110  109  108  106  102   98   93   88   84   82
   81   82   84   86   89   90   89   87   84   81   78   76   75   75   76   78
   80   82   84   86   87   89   91   92   94   96   98  100  102  103  105  106
  106  107  108  107  108  108  112  118  117                                   
    62.5-180.0 180.0   5.0 450.0                            LAT/LON1/LON2/DLON/H
  124  120  120  119  118  118  120  122  124  127  129  130  131  129  127  123
  120  116  114  113  112  112  113  113  112  111  108  104   99   95   90   87
   86   86   88   90   91   92   90   88   84   79   75   73   71   71   72   73
   74   76   77   79   81   83   86   89   92   96   99  103  105  107  110  111
  111  112  113  111  112  112  116  121  124                                   
    60.0-180.0 180.0   5.0 450.0                            LAT/LON1/LON2/DLON/H
  130  125  125  124  121  120  120  121  123  126  128  131  132  131  130  127
  123  120  118  116  116  116  116  117  117  116  115  112  108  104   99   96
   93   93   93   95   96   95   94   90   85   81   76   73   72   71   70   70
   71   71   72   73   75   77   81   85   90   95  100  104  108  111  113  115
  115  116  117  115  118  118  123  128  130                                   
    57.5-180.0 180.0   5.0 450.0                            LAT/LON1/LON2/DLON/H
  135  131  132  130  127  125  124  124  124  126  128  131  133  133  132  130
  127  124  122  120  120  120  120  120  121  122  122  121  118  114  110  106
  102  100  100  100  101  100   97   94   89   84   80   77   75   74   72   71
   69   68   68   68   70   73   77   82   88   94  100  105  109  112  115  116
  117  118  119  118  121  121  128  132  135                                   
    55.0-180.0 180.0   5.0 450.0                            LAT/LON1/LON2/DLON/H
  142  138  140  138  135  133  131  129  128  129  130  132  134  135  134  132
  130  128  126  124  123  123  123  123  125  126  128  129  128  125  121  116
  112  109  107  106  106  105  103   99   95   91   88   85   83   81   78   75
   72   69   67   66   68   71   75   81   87   93   99  105  109  112  115  117
  118  119  121  120  124  125  132  137  142                                   
    52.5-180.0 180.0   5.0 450.0                            LAT/LON1/LON2/DLON/H
  147  145  148  147  144  143  140  137  134  133  133  134  135  135  135  133
  131  130  128  127  126  125  125  125  127  129  133  135  136  134  130  125
  120  116  113  112  111  110  108  105  102  100   97   95   93   90   86   81
   76   72   69   68   68   71   75   80   86   92   98  103  107  111  115  117
  118  120  122  121  126  128  136  142  147                                   
    50.0-180.0 180.0   5.0 450.0                            LAT/LON1/LON2/DLON/H
  153  152  156  157  155  155  152  148  144  141  138  138  137  137  135  134
  132  131  130  129  129  128  127  127  128  132  136  140  142  141  138  132
  127  122  118  117  116  115  114  112  110  109  107  106  104  100   95   89
   83   78   74   72   72   74   77   81   86   91   97  102  106  110  114  118
  120  123  125  124  129  131  139  146  153                                   
    47.5-180.0 180.0   5.0 450.0                            LAT/LON1/LON2/DLON/H
  158  159  164  166  166  168  165  161  155  151  147  144  142  140  137  135
  133  131  131  131  131  131  130  130  131  135  139  144  146  146  143  138
  132  127  123  121  120  120  120  119  118  117  116  116  114  110  104   98
   91   85   81   79   78   79   80   83   86   91   96  101  106  110  116  120
  123  127  130  129  133  135  143  150  158                                   
    45.0-180.0 180.0   5.0 450.0                            LAT/LON1/LON2/DLON/H
  163  164  170  174  176  179  177  174  168  163  157  153  149  145  141  137
  135  133  133  134  135  135  135  135  136  139  143  147  150  149  146  141
  136  131  128  126  126  126  125  125  124  124  124  123  121  118  112  106
   99   94   90   87   86   85   85   85   88   91   95  101  106  112  119  125
  129  134  137  135  139  141  147  155  163                                   
    42.5-180.0 180.0   5.0 450.0                            LAT/LON1/LON2/DLON/H
  167  168  174  179  183  187  187  185  180  176  169  164  159  153  148  143
  139  137  138  139  141  142  142  142  144  146  150  152  153  152  149  145
  140  136  133  132  132  132  132  131  130  130  129  129  127  123  118  112
  106  101   98   95   93   91   89   88   89   92   96  102  109  116  124  131
  137  142  145  144  146  147  152  160  167                                   
    40.0-180.0 180.0   5.0 450.0                            LAT/LON1/LON2/DLON/H
  171  171  177  182  187  192  194  194  191  188  182  177  171  165  158  152
  147  144  144  146  148  150  152  153  155  157  158  159  158  156  152  149
  145  142  140  139  139  139  139  138  136  135  134  132  130  127  122  117
  112  108  105  102   99   96   93   91   91   93   98  105  113  121  130  139
  145  150  154  152  154  155  159  167  171                                   
    37.5-180.0 180.0   5.0 450.0                            LAT/LON1/LON2/DLON/H
  175  174  179  183  189  195  199  201  201  200  196  192  186  180  172  165
  159  155  153  154  157  160  163  165  168  169  169  168  165  161  157  154
  151  149  148  148  148  148  147  145  142  140  137  136  133  130  126  121
  116  112  109  107  103   99   95   92   92   95  101  109  118  127  137  146
  152  158  162  161  162  163  166  175  175                                   
    35.0-180.0 180.0   5.0 450.0                            LAT/LON1/LON2/DLON/H
  181  178  182  185  192  197  203  208  211  213  212  210  205  198  191  183
  175  169  166  165  168  171  175  179  182  183  182  178  173  167  163  160
  158  157  157  157  157  156  154  151  148  144  141  139  136  132  128  123
  118  114  111  108  104  100   95   92   92   95  102  112  122  132  142  151
  157  164  168  168  170  171  175  184  181                                   
    32.5-180.0 180.0   5.0 450.0                            LAT/LON1/LON2/DLON/H
  189  185  187  190  196  202  209  216  223  229  231  230  227  221  213  204
  195  187  181  178  179  183  187  192  195  197  194  189  182  175  170  167
  165  165  164  164  164  163  161  157  153  148  144  141  138  134  129  123
  118  113  109  105  102   97   93   90   91   95  103  113  124  134  144  153
  160  167  173  173  177  179  184  194  189                                   
    30.0-180.0 180.0   5.0 450.0                            LAT/LON1/LON2/DLON/H
  199  194  197  198  205  212  219  229  239  247  252  254  252  247  240  230
  219  208  199  194  193  195  199  204  208  209  206  199  191  183  177  173
  171  170  169  168  168  166  163  159  154  150  145  141  137  133  128  121
  115  108  104  100   96   92   89   87   88   92  101  112  123  134  144  153
  160  169  176  178  183  187  195  206  199                                   
    27.5-180.0 180.0   5.0 450.0                            LAT/LON1/LON2/DLON/H
  213  207  210  211  219  227  235  246  259  270  277  281  281  277  270  260
  247  233  221  213  208  208  211  215  218  219  215  208  198  189  182  178
  174  172  169  167  165  163  160  156  151  147  142  138  133  129  123  116
  108  101   95   91   88   85   83   82   83   88   97  108  120  131  141  151
  160  170  178  183  190  196  206  219  213                                   
    25.0-180.0 180.0   5.0 450.0                            LAT/LON1/LON2/DLON/H
  227  221  225  228  237  247  256  269  283  296  305  311  312  309  303  292
  278  262  247  234  227  223  223  225  226  226  222  214  204  194  186  179
  173  168  163  159  156  153  150  146  142  138  134  129  125  120  114  107
   98   91   85   81   79   78   77   76   78   82   90  101  114  125  137  148
  158  171  181  188  197  205  218  231  227                                   
    22.5-180.0 180.0   5.0 450.0                            LAT/LON1/LON2/DLON/H
  242  237  241  246  257  269  280  294  308  323  333  340  343  341  336  326
  311  293  275  260  248  240  236  234  234  232  226  218  207  197  187  178
  168  160  152  146  142  138  135  131  128  124  120  116  112  107  101   95
   87   80   75   72   71   70   70   70   72   76   83   94  107  120  133  146
  158  173  186  195  205  215  229  243  242                                   
    20.0-180.0 180.0   5.0 450.0                            LAT/LON1/LON2/DLON/H
  254  252  256  263  276  290  303  317  332  347  358  367  371  371  367  358
  344  326  306  288  272  260  251  245  241  236  230  220  209  197  185  173
  160  148  138  130  124  120  116  112  109  107  103  100   96   91   87   81
   75   69   65   64   63   64   65   65   66   69   76   87  100  115  130  146
  160  178  193  203  214  225  239  254  254                                   
    17.5-180.0 180.0   5.0 450.0                            LAT/LON1/LON2/DLON/H
  264  264  268  277  290  305  320  334  350  365  377  387  393  395  393  386
  374  357  338  318  298  281  267  256  248  241  232  222  209  196  182  167
  152  137  125  115  108  102   97   93   91   89   86   83   79   76   72   68
   64   61   58   57   58   59   60   60   61   64   70   81   96  112  130  147
  164  183  200  211  222  234  248  263  264                                   
    15.0-180.0 180.0   5.0 450.0                            LAT/LON1/LON2/DLON/H
  271  272  277  285  298  313  329  343  359  375  387  398  406  410  411  407
  398  385  367  347  325  303  284  268  256  246  236  223  209  194  178  161
  144  129  115  104   95   88   82   77   75   74   72   69   66   63   60   58
   56   55   54   54   55   56   57   57   58   60   66   78   93  111  131  151
  169  190  208  219  229  241  255  270  271                                   
    12.5-180.0 180.0   5.0 450.0                            LAT/LON1/LON2/DLON/H
  275  278  283  289  301  314  329  343  359  374  387  399  408  415  419  419
  414  405  390  371  348  323  300  280  265  252  239  225  209  192  175  158
  141  125  111  100   89   80   72   68   66   65   64   61   58   55   53   52
   51   51   52   52   53   54   54   55   55   58   64   76   93  112  133  154
  174  195  214  225  235  247  260  274  275                                   
    10.0-180.0 180.0   5.0 450.0                            LAT/LON1/LON2/DLON/H
  278  283  288  290  301  311  325  337  351  365  378  391  402  411  417  421
  420  416  405  388  365  339  313  290  272  257  242  226  208  191  174  157
  141  126  113  102   90   79   71   65   63   63   63   60   56   53   51   50
   50   51   51   51   52   52   52   53   54   57   64   76   94  114  136  158
  178  199  217  229  238  250  264  277  278                                   
     7.5-180.0 180.0   5.0 450.0                            LAT/LON1/LON2/DLON/H
  283  288  293  292  300  307  318  328  341  353  365  377  389  398  407  413
  417  417  410  396  374  348  321  298  278  262  245  227  208  190  173  159
