data/edconvlstm_nd/pred2360.15i
     1.0            IONOSPHERE MAPS     GNSS                IONEX VERSION / TYPE
pyspatialgeodesy        IME             05-JAN-18 20:20     PGM / RUN BY / DATE 
Map Name                                                    COMMENT             
Predicted global ionosphere maps (GIM).                     DESCRIPTION         
  2015     8    24     0     0     0                        EPOCH OF FIRST MAP  
  2015     8    25     0     0     0                        EPOCH OF LAST MAP   
  7200                                                      INTERVAL            
    13                                                      # OF MAPS IN FILE   
  NONE                                                      MAPPING FUNCTION    
10.0                                                        ELEVATION CUTOFF    
One-way carrier phase leveled to code                       OBSERVABLES USED    
  6371.0                                                    BASE RADIUS         
 2                                                          MAP DIMENSION       
   450.0 450.0   0.0                                        HGT1 / HGT2 / DHGT  
    87.5 -87.5  -2.5                                        LAT1 / LAT2 / DLAT  
  -180.0 180.0   5.0                                        LON1 / LON2 / DLON  
    -1                                                      EXPONENT            
                                                            END OF HEADER       
[from data line 858]
     3                                                      START OF TEC MAP    
  2015     8    24     4     0     0                        EPOCH OF CURRENT MAP
    87.5-180.0 180.0   5.0 450.0                            LAT/LON1/LON2/DLON/H
   97  101  100  103  103  102  101   99  100  101  102  104  104  105  106  106
  106  106  106  106  105  105  104  103  102  101  100   99   98   97   97   96
   95   95   95   94   94   94   94   93   93   93   93   93   92   92   92   92
   91   91   91   90   90   90   90   89   89   89   88   88   88   88   87   88
   89   91   90   90   95  101  107  102   97                                   
    85.0-180.0 180.0   5.0 450.0                            LAT/LON1/LON2/DLON/H
   95  111  103  107  110  110  111  110  111  113  113  115  116  116  117  117
  118  118  117  117  116  115  113  112  111  109  108  107  106  105  104  103
  103  103  103  103  103  103  103  103  103  103  103  103  103  102  102  102
  102  102  102  101  101  101  101  101  101  100  100  100  100   99   99   99
  101  102   99  102  100  103  109  101   95                                   
    82.5-180.0 180.0   5.0 450.0                            LAT/LON1/LON2/DLON/H
  102  109  114  110  110  113  113  114  115  117  117  119  120  121  122  122
  122  122  121  120  118  117  114  112  110  108  106  104  102  101  100  100
   99  100  100  101  101  102  102  103  104  104  104  105  105  105  105  105
  105  105  105  105  105  106  106  106  106  106  106  106  105  104  104  104
  104  105  102  103  109  101   98   94  102                                   
    80.0-180.0 180.0   5.0 450.0                            LAT/LON1/LON2/DLON/H
  109  111  107  105  106  108  110  111  112  113  113  115  116  117  118  118
  118  118  117  115  113  110  107  104  101   97   95   92   90   89   88   88
   89   89   90   92   93   95   96   97   98   99  100  101  101  101  102  102
  102  103  104  104  105  106  107  108  108  108  108  108  107  106  105  105
  104  102  101  102  109  105  105   96  109                                   
    77.5-180.0 180.0   5.0 450.0                            LAT/LON1/LON2/DLON/H
  111  112  107  106  103  106  109  110  111  111  110  111  112  113  113  114
  114  113  112  111  108  105  101   96   92   88   84   82   79   78   78   78
   79   81   83   85   87   89   92   94   95   97   98   99  100  101  102  103
  104  105  106  108  110  111  113  114  115  116  116  115  114  113  111  110
  108  107  104  106  109  102  101   99  111                                   
    75.0-180.0 180.0   5.0 450.0                            LAT/LON1/LON2/DLON/H
  108  112  106  106  101  105  106  105  105  103  102  102  102  102  102  103
  103  103  102  100   98   94   90   85   80   75   71   68   66   65   65   65
   67   69   71   74   77   79   82   84   86   88   90   92   93   95   96   98
  100  102  104  106  109  112  115  117  119  120  120  120  118  116  114  113
  110  109  106  104  107  104  103  101  108                                   
    72.5-180.0 180.0   5.0 450.0                            LAT/LON1/LON2/DLON/H
  108  116  111  109  106  108  109  107  104  102   98   97   96   95   95   96
   96   96   96   95   93   89   85   80   75   70   65   62   60   59   60   61
   62   65   67   70   73   75   78   81   83   86   88   91   94   96   99  101
  104  107  110  113  117  121  124  127  130  131  131  131  129  127  124  123
  120  118  116  115  115  110  107  106  108                                   
    70.0-180.0 180.0   5.0 450.0                            LAT/LON1/LON2/DLON/H
  115  120  117  113  109  109  108  105  101   97   92   90   87   85   84   84
   85   85   86   86   84   81   78   73   68   63   59   56   54   54   54   56
   57   59   61   64   66   68   71   74   77   80   84   88   92   95   99  103
  106  110  113  117  121  125  129  133  136  138  138  137  135  133  130  128
  125  122  121  121  121  117  116  112  115                                   
    67.5-180.0 180.0   5.0 450.0                            LAT/LON1/LON2/DLON/H
  115  122  118  114  110  109  106  102   97   91   85   81   77   74   73   72
   73   74   75   75   75   73   70   65   61   57   53   51   50   49   50   50
   51   53   54   55   56   58   60   63   67   71   76   81   87   92   97  102
  106  109  113  117  121  125  130  134  137  138  139  138  136  133  130  128
  126  123  123  122  123  120  119  116  115                                   
    65.0-180.0 180.0   5.0 450.0                            LAT/LON1/LON2/DLON/H
  117  124  119  115  111  109  106  101   96   89   82   77   72   68   66   65
   65   66   67   68   68   66   64   61   57   54   51   50   49   48   49   49
   49   49   49   49   50   51   53   56   60   66   72   79   87   94  100  105
  109  113  116  119  122  126  131  135  138  140  141  140  138  135  132  130
  128  126  126  125  127  124  124  121  117                                   
    62.5-180.0 180.0   5.0 450.0                            LAT/LON1/LON2/DLON/H
  118  125  121  117  112  110  107  102   96   89   81   76   70   66   62   60
   60   60   61   61   62   61   59   57   54   52   51   50   49   49   49   48
   47   46   45   45   45   46   48   51   57   63   71   80   89   97  105  110
  114  117  119  121  124  128  132  136  139  141  142  141  139  137  134  133
  131  129  130  129  130  127  127  125  118                                   
    60.0-180.0 180.0   5.0 450.0                            LAT/LON1/LON2/DLON/H
  120  125  121  117  112  111  108  102   96   88   80   75   69   64   60   58
   56   55   55   55   55   54   53   51   50   49   49   49   49   48   48   46
   45   43   42   41   40   42   44   48   54   62   71   81   91  101  109  115
  118  120  121  123  125  128  131  136  139  142  143  142  141  139  137  136
  134  133  133  132  133  130  130  129  120                                   
    57.5-180.0 180.0   5.0 450.0                            LAT/LON1/LON2/DLON/H
  123  128  124  120  115  113  110  104   97   88   81   75   70   65   61   57
   55   53   52   51   50   49   47   46   46   46   47   48   48   48   46   45
   42   40   39   38   39   41   44   49   56   64   74   84   95  106  114  120
  123  125  125  126  127  130  134  138  142  145  146  146  146  144  143  142
  141  140  140  139  139  136  136  135  123                                   
    55.0-180.0 180.0   5.0 450.0                            LAT/LON1/LON2/DLON/H
  129  133  129  126  121  119  115  107   99   90   81   76   70   66   62   58
   55   52   50   48   46   44   43   42   43   44   45   46   47   46   45   43
   40   38   38   38   39   42   46   52   59   67   77   88   99  110  119  125
  129  130  130  130  131  134  138  142  147  150  152  153  153  153  152  152
  151  149  149  147  147  143  143  143  129                                   
    52.5-180.0 180.0   5.0 450.0                            LAT/LON1/LON2/DLON/H
  139  141  138  136  130  128  123  114  104   92   83   77   72   67   63   60
   56   53   51   48   45   43   41   41   42   44   46   47   47   46   44   42
   40   39   39   40   43   47   52   57   64   72   82   93  104  114  124  130
  134  136  136  137  138  141  145  150  154  158  161  162  163  163  163  163
  162  160  160  158  157  153  152  153  139                                   
    50.0-180.0 180.0   5.0 450.0                            LAT/LON1/LON2/DLON/H
  151  153  150  148  143  140  135  123  111   98   87   80   74   70   66   62
   59   56   54   51   48   46   44   44   45   47   49   50   50   48   46   44
   42   42   43   45   49   53   58   64   71   79   87   98  108  119  129  137
  142  144  145  146  148  152  156  160  165  168  171  173  175  175  175  175
  174  172  171  169  168  163  163  164  151                                   
    47.5-180.0 180.0   5.0 450.0                            LAT/LON1/LON2/DLON/H
  163  165  162  161  156  154  147  135  120  105   93   85   79   74   70   67
   64   61   59   57   55   52   51   51   53   55   56   56   55   53   50   48
   47   47   49   52   55   60   65   71   77   85   93  103  114  125  135  144
  150  154  156  158  161  164  168  173  176  179  182  184  185  186  186  186
  185  183  182  180  178  174  174  175  163                                   
    45.0-180.0 180.0   5.0 450.0                            LAT/LON1/LON2/DLON/H
  173  176  173  171  168  165  158  145  130  114  101   92   85   80   76   72
   70   68   67   66   64   62   61   62   64   65   66   65   63   60   57   55
   54   54   56   59   62   66   71   77   83   91   99  109  120  131  142  152
  160  165  169  172  175  178  182  185  188  190  192  193  194  194  194  195
  194  192  192  189  188  183  183  184  173                                   
    42.5-180.0 180.0   5.0 450.0                            LAT/LON1/LON2/DLON/H
  182  184  180  178  175  173  166  154  139  124  111  102   95   89   84   80
   77   76   76   75   74   74   73   74   76   77   77   75   72   68   65   63
   63   63   63   65   68   71   75   81   88   96  105  116  127  139  150  161
  170  177  181  185  189  193  196  198  199  200  201  202  202  202  202  202
  202  202  201  199  198  193  192  192  182                                   
    40.0-180.0 180.0   5.0 450.0                            LAT/LON1/LON2/DLON/H
  189  189  184  181  178  175  169  158  146  132  121  114  107  101   95   89
   86   84   84   85   85   84   85   86   88   88   87   84   80   76   74   72
   71   70   70   70   71   73   77   83   91  101  112  123  135  147  159  170
  180  188  193  198  202  206  208  210  210  211  211  211  210  209  210  211
  212  213  213  211  209  203  202  201  189                                   
    37.5-180.0 180.0   5.0 450.0                            LAT/LON1/LON2/DLON/H
  197  195  187  182  178  174  168  160  150  139  131  126  121  114  106   99
   94   92   92   92   92   93   94   95   97   96   94   91   87   83   81   79
   78   76   74   73   73   74   78   84   94  105  118  131  143  155  167  179
  189  197  203  209  213  217  220  221  222  222  222  222  221  220  221  224
  226  229  229  227  224  217  215  212  197                                   
    35.0-180.0 180.0   5.0 450.0                            LAT/LON1/LON2/DLON/H
  211  205  195  186  178  172  167  160  153  145  140  137  133  126  118  109
  102   98   97   97   97   98  100  101  102  102   99   95   91   88   86   84
   82   80   77   75   73   74   77   84   96  109  124  138  151  162  174  185
  196  204  211  217  223  228  231  233  234  235  236  237  236  236  238  242
  247  252  253  249  245  237  233  229  211                                   
    32.5-180.0 180.0   5.0 450.0                            LAT/LON1/LON2/DLON/H
  232  222  210  196  185  176  169  163  158  152  149  148  144  137  127  116
  107  102  100   99   99  100  102  104  105  104  100   96   92   90   88   86
   84   81   78   75   73   74   77   85   97  112  129  143  156  167  178  189
  200  209  217  224  232  238  243  247  249  252  254  256  258  259  262  269
  276  282  284  279  273  264  257  252  232                                   
    30.0-180.0 180.0   5.0 450.0                            LAT/LON1/LON2/DLON/H
  263  251  236  219  203  190  180  173  167  161  159  157  153  146  134  122
  111  104  100   98   98  100  102  105  105  104  100   96   93   90   89   87
   84   81   78   75   74   74   78   86   98  114  131  146  159  169  180  191
  201  211  221  230  240  249  256  262  267  272  277  281  284  287  292  301
  311  319  321  315  307  297  288  282  263                                   
    27.5-180.0 180.0   5.0 450.0                            LAT/LON1/LON2/DLON/H
  302  290  275  254  235  218  205  193  185  176  171  167  161  151  139  125
  112  103   98   96   96   98  102  104  105  103  100   96   93   91   89   86
   84   80   78   76   75   76   80   87   99  114  131  146  158  168  179  190
  201  213  224  236  248  260  270  279  286  294  302  309  314  320  327  338
  350  359  360  354  345  334  323  318  302                                   
    25.0-180.0 180.0   5.0 450.0                            LAT/LON1/LON2/DLON/H
  346  337  321  300  280  260  242  226  212  198  188  179  168  156  141  126
  112  103   97   95   95   98  102  105  106  104  101   97   94   92   89   86
   83   80   78   77   77   78   81   87   97  112  128  142  154  165  176  188
  201  215  229  243  258  273  286  297  307  318  328  338  346  353  362  374
  387  397  398  391  381  370  359  355  346                                   
    22.5-180.0 180.0   5.0 450.0                            LAT/LON1/LON2/DLON/H
  389  384  371  352  333  312  290  269  248  227  209  193  177  160  143  127
  113  103   97   95   96  100  104  108  108  106  103  100   97   94   90   87
   83   81   80   79   79   80   82   86   95  108  123  137  150  161  173  187
  202  218  234  252  270  287  303  316  329  342  355  366  376  385  395  407
  420  428  430  423  412  402  390  389  389                                   
    20.0-180.0 180.0   5.0 450.0                            LAT/LON1/LON2/DLON/H
  426  425  415  401  386  366  341  316  289  261  234  209  187  166  146  129
  116  106  100   99  100  104  109  112  112  110  106  103   99   96   92   88
   84   82   81   81   81   80   81   84   91  102  117  131  145  157  170  186
  204  223  242  262  283  303  321  336  351  365  380  392  403  413  422  433
  444  451  452  446  436  427  416  418  426                                   
    17.5-180.0 180.0   5.0 450.0                            LAT/LON1/LON2/DLON/H
  451  454  449  440  429  412  386  360  329  295  260  228  199  174  153  135
  122  113  108  107  108  112  115  117  116  113  109  105  101   97   93   89
   85   84   83   82   80   79   78   80   86   97  112  127  141  155  170  188
  208  229  252  274  297  319  339  356  372  388  402  416  427  436  445  453
  461  466  466  460  451  444  435  439  451                                   
    15.0-180.0 180.0   5.0 450.0                            LAT/LON1/LON2/DLON/H
  466  471  469  464  457  442  417  391  360  323  284  247  214  186  163  146
  133  125  120  119  120  121  123  122  120  115  110  105  101   97   93   89
   87   85   83   81   79   76   75   77   83   94  109  124  139  154  171  190
  213  237  262  287  311  334  356  375  392  408  423  437  448  457  463  469
  472  473  472  467  458  454  447  453  466                                   
    12.5-180.0 180.0   5.0 450.0                            LAT/LON1/LON2/DLON/H
  471  477  477  472  468  454  431  406  376  340  301  263  229  201  178  161
  149  141  137  134  133  132  130  126  121  114  109  104  100   96   92   90
   88   86   83   80   76   73   72   74   81   92  108  124  140  156  173  194
  218  244  271  297  323  348  371  391  410  426  441  454  465  473  479  481
  480  478  476  471  463  459  455  462  471                                   
    10.0-180.0 180.0   5.0 450.0                            LAT/LON1/LON2/DLON/H
  472  477  476  469  464  451  427  405  377  345  309  274  243  216  196  180
  169  161  156  152  147  141  135  127  120  112  105  100   97   93   91   89
   88   86   83   78   73   70   70   73   80   93  109  126  142  158  176  198
  223  251  278  306  333  359  383  405  424  441  455  468  479  487  491  490
  486  482  478  474  465  462  460  467  472                                   
     7.5-180.0 180.0   5.0 450.0                            LAT/LON1/LON2/DLON/H
  473  477  474  463  454  438  414  392  367  339  308  279  252  230  213  200
  189  182  175  168  159  148  137  127  117  108  102   97   93   90   89   89
