data/edconvlstm_nd/pred3500.15i
     1.0            IONOSPHERE MAPS     GNSS                IONEX VERSION / TYPE
pyspatialgeodesy        IME             05-JAN-18 20:20     PGM / RUN BY / DATE 
Map Name                                                    COMMENT             
Predicted global ionosphere maps (GIM).                     DESCRIPTION         
  2015    12    16     0     0     0                        EPOCH OF FIRST MAP  
  2015    12    17     0     0     0                        EPOCH OF LAST MAP   
  7200                                                      INTERVAL            
    13                                                      # OF MAPS IN FILE   
  NONE                                                      MAPPING FUNCTION    
10.0                                                        ELEVATION CUTOFF    
One-way carrier phase leveled to code                       OBSERVABLES USED    
  6371.0                                                    BASE RADIUS         
 2                                                          MAP DIMENSION       
   450.0 450.0   0.0                                        HGT1 / HGT2 / DHGT  
    87.5 -87.5  -2.5                                        LAT1 / LAT2 / DLAT  
  -180.0 180.0   5.0                                        LON1 / LON2 / DLON  
    -1                                                      EXPONENT            
                                                            END OF HEADER       
[from data line 858]
     3                                                      START OF TEC MAP    
  2015    12    16     4     0     0                        EPOCH OF CURRENT MAP
    87.5-180.0 180.0   5.0 450.0                            LAT/LON1/LON2/DLON/H
   43   54   48   49   47   48   46   42   41   41   41   41   40   40   40   39
   39   38   38   37   37   36   36   35   35   35   34   34   34   34   34   34
   34   34   35   35   36   36   37   38   39   39   40   41   41   42   42   43
   43   44   44   44   44   44   44   44   44   44   44   44   44   44   44   45
   46   46   45   45   50   64   71   63   43                                   
    85.0-180.0 180.0   5.0 450.0                            LAT/LON1/LON2/DLON/H
   36   60   51   52   52   54   52   50   50   49   48   48   48   47   46   45
   44   43   43   42   41   40   39   38   38   37   37   36   36   36   36   37
   37   38   39   40   41   42   44   45   46   48   49   50   50   51   51   52
   52   52   52   52   52   52   51   51   51   51   51   52   52   52   52   53
   54   55   53   56   62   63   76   64   36                                   
    82.5-180.0 180.0   5.0 450.0                            LAT/LON1/LON2/DLON/H
   45   53   65   55   52   55   53   51   51   51   50   50   49   49   48   47
   45   44   43   41   40   38   37   36   34   33   33   32   32   32   32   32
   33   35   36   38   40   42   44   46   48   50   51   53   54   54   55   55
   55   54   54   54   53   53   53   52   52   52   52   53   53   53   54   55
   56   57   56   57   69   59   62   58   45                                   
    80.0-180.0 180.0   5.0 450.0                            LAT/LON1/LON2/DLON/H
   59   61   66   52   53   51   53   51   51   51   50   50   50   49   48   46
   45   43   41   39   37   35   33   32   31   29   29   28   28   28   29   30
   31   33   35   37   40   42   45   48   51   53   55   56   57   58   58   57
   57   56   55   54   53   52   51   51   51   51   52   53   54   55   55   57
   58   58   60   60   72   63   63   60   59                                   
    77.5-180.0 180.0   5.0 450.0                            LAT/LON1/LON2/DLON/H
   64   63   61   50   46   47   48   48   49   49   48   49   49   48   47   45
   43   41   39   36   34   32   29   28   26   25   24   23   23   24   25   26
   28   30   32   35   38   42   45   48   52   54   56   58   59   59   59   58
   56   55   53   52   51   50   49   49   49   50   51   52   54   55   57   58
   59   59   59   62   65   52   53   55   64                                   
    75.0-180.0 180.0   5.0 450.0                            LAT/LON1/LON2/DLON/H
   58   60   59   49   43   46   47   47   48   48   48   49   50   49   48   47
   44   42   40   37   34   32   30   28   27   26   26   25   26   26   27   29
   30   32   35   38   41   44   48   51   55   57   59   61   61   61   60   59
   57   55   53   51   50   49   49   50   51   52   54   56   58   60   62   63
   64   64   65   63   67   55   54   54   58                                   
    72.5-180.0 180.0   5.0 450.0                            LAT/LON1/LON2/DLON/H
   61   60   59   48   43   46   49   49   50   51   51   53   53   53   52   50
   48   46   43   41   38   36   35   34   33   32   32   32   33   33   34   36
   37   39   41   44   46   49   53   56   59   62   64   65   65   65   63   61
   59   57   56   55   54   54   55   57   58   61   63   66   68   71   73   75
   75   75   77   76   78   63   60   59   61                                   
    70.0-180.0 180.0   5.0 450.0                            LAT/LON1/LON2/DLON/H
   69   64   63   51   46   47   49   50   51   53   53   55   55   55   54   52
   50   47   45   43   41   40   39   39   39   39   39   40   40   41   42   43
   44   45   46   48   50   52   55   58   60   63   64   65   65   64   63   61
   59   58   57   57   58   60   62   64   67   70   73   76   79   81   83   85
   85   85   87   86   86   72   70   65   69                                   
    67.5-180.0 180.0   5.0 450.0                            LAT/LON1/LON2/DLON/H
   72   67   63   52   45   46   47   48   50   51   51   53   53   52   51   49
   46   44   42   40   39   39   39   39   39   40   41   41   42   42   43   43
   43   44   44   45   46   47   49   51   53   55   57   57   57   56   55   54
   53   53   54   57   60   63   67   71   75   78   81   84   87   88   90   91
   91   90   92   91   90   78   74   69   72                                   
    65.0-180.0 180.0   5.0 450.0                            LAT/LON1/LON2/DLON/H
   79   72   66   55   47   47   47   48   49   50   51   52   52   51   49   47
   44   42   40   39   38   38   38   39   40   41   41   42   42   42   42   42
   42   41   41   41   41   42   43   45   47   49   50   50   50   49   48   48
   49   51   55   60   66   72   77   83   87   91   94   96   98   99  100  100
  100   98   99   97   97   85   81   77   79                                   
    62.5-180.0 180.0   5.0 450.0                            LAT/LON1/LON2/DLON/H
   88   79   72   61   51   50   49   49   50   51   51   52   52   50   48   46
   44   41   39   38   38   38   38   39   40   40   41   41   41   41   41   40
   40   39   38   38   38   38   39   40   42   43   44   44   44   44   44   45
   48   53   60   68   77   85   93   99  104  107  110  111  112  113  113  113
  112  109  110  107  106   95   90   87   88                                   
    60.0-180.0 180.0   5.0 450.0                            LAT/LON1/LON2/DLON/H
   98   87   78   65   54   51   49   48   48   48   48   50   49   48   46   44
   42   39   37   36   35   35   35   35   36   36   36   37   37   37   36   36
   36   35   34   34   33   33   34   35   37   38   38   38   38   38   40   43
   48   56   66   77   89  100  109  116  120  123  125  126  126  126  126  125
  123  120  121  117  116  104  100   95   98                                   
    57.5-180.0 180.0   5.0 450.0                            LAT/LON1/LON2/DLON/H
  110   97   86   71   58   53   49   47   46   46   45   46   46   45   44   42
   40   38   36   33   32   31   31   31   31   31   31   31   31   32   32   32
   32   32   32   31   31   31   32   33   34   35   36   36   36   37   39   44
   52   63   76   90  104  116  126  133  137  139  140  140  140  141  140  140
  138  134  135  131  130  118  112  107  110                                   
    55.0-180.0 180.0   5.0 450.0                            LAT/LON1/LON2/DLON/H
  124  109   96   79   64   55   50   46   44   42   41   41   41   41   41   41
   39   37   34   31   28   27   26   25   25   25   26   26   27   28   29   30
   30   31   31   31   31   31   32   33   34   35   35   36   36   38   43   50
   60   73   89  105  120  132  142  148  151  153  153  153  154  154  155  155
  153  150  150  147  146  133  128  122  124                                   
    52.5-180.0 180.0   5.0 450.0                            LAT/LON1/LON2/DLON/H
  140  123  108   89   71   61   53   46   42   39   37   37   38   38   39   40
   39   36   32   29   25   23   22   22   22   22   23   24   25   27   28   30
   31   32   33   34   35   35   35   36   37   38   39   39   41   45   51   60
   72   87  104  121  136  148  157  162  164  165  165  165  166  168  169  170
  169  166  167  164  163  149  144  138  140                                   
    50.0-180.0 180.0   5.0 450.0                            LAT/LON1/LON2/DLON/H
  155  138  122  101   82   70   60   51   44   39   36   35   36   37   39   40
   39   37   32   28   24   22   21   22   22   23   24   26   28   29   31   32
   34   36   38   40   41   41   41   42   43   44   45   46   49   55   63   74
   88  104  121  137  152  163  170  174  175  175  175  176  177  179  181  183
  182  180  182  179  179  164  160  153  155                                   
    47.5-180.0 180.0   5.0 450.0                            LAT/LON1/LON2/DLON/H
  168  151  134  115   95   82   70   59   50   42   37   36   36   37   40   41
   40   38   34   29   26   25   25   26   28   29   31   32   34   35   36   37
   39   42   44   47   48   48   48   49   49   51   53   56   60   68   78   91
  106  122  138  154  167  176  182  185  186  185  185  185  185  187  188  191
  191  190  192  190  190  176  172  167  168                                   
    45.0-180.0 180.0   5.0 450.0                            LAT/LON1/LON2/DLON/H
  176  160  144  128  109   96   83   70   59   49   43   40   39   40   42   43
   43   40   37   34   32   33   35   37   39   40   41   42   43   43   42   43
   44   47   50   53   54   54   54   55   56   58   61   66   72   82   95  109
  124  140  155  168  180  189  194  196  196  195  193  192  191  191  192  194
  195  195  196  195  195  182  179  175  176                                   
    42.5-180.0 180.0   5.0 450.0                            LAT/LON1/LON2/DLON/H
  177  162  149  136  119  107   94   82   70   59   51   48   46   46   46   47
   46   44   42   41   43   45   49   52   54   55   54   53   52   50   48   47
   47   49   53   56   58   58   58   59   61   64   68   75   84   96  110  126
  141  156  169  181  192  200  205  207  207  205  202  199  197  195  194  195
  195  195  196  195  195  183  179  178  177                                   
    40.0-180.0 180.0   5.0 450.0                            LAT/LON1/LON2/DLON/H
  172  158  147  138  124  114  102   91   80   69   61   58   55   54   53   52
   51   50   50   52   57   62   67   70   71   69   67   64   60   56   52   49
   48   50   54   57   59   59   59   60   63   68   75   83   94  108  124  140
  155  168  180  191  202  210  216  219  218  216  212  208  203  199  197  196
  196  195  196  195  194  181  177  176  172                                   
    37.5-180.0 180.0   5.0 450.0                            LAT/LON1/LON2/DLON/H
  165  150  140  133  122  113  103   95   86   77   70   67   65   63   60   58
   56   57   60   65   73   80   85   87   85   81   77   72   67   61   55   51
   49   50   54   57   58   59   59   61   65   71   80   90  103  118  135  150
  164  177  188  200  211  221  228  231  232  229  225  219  213  208  204  203
  203  201  201  199  196  182  176  175  165                                   
    35.0-180.0 180.0   5.0 450.0                            LAT/LON1/LON2/DLON/H
  162  143  133  123  114  107   98   93   87   80   75   75   73   71   67   64
   63   65   70   78   88   96  100   99   95   89   83   77   72   66   59   54
   51   52   55   57   58   58   59   62   67   74   84   96  110  126  143  158
  172  184  195  208  220  232  241  246  247  245  240  234  228  223  221  221
  220  218  218  215  211  194  186  180  162                                   
    32.5-180.0 180.0   5.0 450.0                            LAT/LON1/LON2/DLON/H
  166  143  129  116  106   97   90   86   83   78   76   77   78   76   73   70
   69   73   80   90  100  106  108  106  100   93   86   82   77   72   65   59
   55   55   57   59   60   59   60   63   69   78   88  101  117  134  150  165
  178  190  203  217  232  245  256  263  265  263  258  253  248  246  247  249
  251  249  250  246  241  222  212  199  166                                   
    30.0-180.0 180.0   5.0 450.0                            LAT/LON1/LON2/DLON/H
  183  155  136  116  102   91   83   78   76   73   73   76   78   77   75   73
   74   79   88   98  106  110  110  106   99   93   89   86   83   79   73   66
   62   62   63   63   63   62   62   66   72   82   93  107  124  142  158  173
  186  199  213  229  246  262  274  282  285  283  279  275  273  276  281  288
  293  294  296  292  287  267  254  233  183                                   
    27.5-180.0 180.0   5.0 450.0                            LAT/LON1/LON2/DLON/H
  215  181  154  127  109   93   81   75   71   68   68   72   75   76   75   74
   77   83   92  100  106  108  106  101   96   92   91   90   90   87   82   76
   72   71   71   70   68   66   67   70   77   87   99  114  132  151  168  183
  197  211  227  245  264  282  296  305  308  307  304  302  304  312  324  336
  344  349  353  349  345  325  310  283  215                                   
    25.0-180.0 180.0   5.0 450.0                            LAT/LON1/LON2/DLON/H
  260  222  185  150  127  106   90   79   71   66   65   68   71   72   73   74
   77   83   91   97  100  100   98   95   93   93   94   96   98   97   93   88
   84   82   80   77   74   71   72   75   82   92  106  123  143  163  181  197
  212  228  246  266  287  306  322  333  338  337  334  334  341  354  372  389
  402  409  415  411  410  391  373  342  260                                   
    22.5-180.0 180.0   5.0 450.0                            LAT/LON1/LON2/DLON/H
  317  274  227  187  157  131  109   92   80   71   67   68   69   70   70   72
   76   81   86   90   91   91   91   93   95   98  101  105  108  108  106  102
   97   93   88   83   78   76   76   80   87   97  112  132  154  176  196  214
  231  250  271  293  315  335  353  366  371  371  369  371  380  397  420  442
  458  468  476  473  474  458  438  406  317                                   
    20.0-180.0 180.0   5.0 450.0                            LAT/LON1/LON2/DLON/H
  380  334  279  234  198  166  138  116   99   86   78   74   72   71   71   72
   75   78   81   82   83   86   90   96  102  108  114  118  121  121  118  113
  107  100   93   86   80   77   78   82   89  101  118  141  166  191  213  233
  254  276  299  323  345  366  385  398  406  406  404  406  417  437  462  486
  504  516  525  526  528  518  497  467  380                                   
    17.5-180.0 180.0   5.0 450.0                            LAT/LON1/LON2/DLON/H
  439  394  335  288  245  209  175  149  128  112   99   91   85   80   78   77
   77   78   78   79   81   87   96  107  118  126  132  135  135  133  128  121
  112  102   93   85   79   77   78   82   90  103  123  148  177  205  230  253
  277  301  327  351  373  393  412  426  433  434  432  434  445  466  492  516
  533  546  555  560  563  562  543  517  439                                   
    15.0-180.0 180.0   5.0 450.0                            LAT/LON1/LON2/DLON/H
  484  444  390  342  296  255  217  188  165  146  131  119  108   99   93   89
   86   84   83   84   89   99  113  129  143  152  155  154  149  141  133  123
  112  101   91   82   77   75   77   81   90  104  126  155  187  218  245  271
  296  323  348  371  392  410  428  442  450  452  450  452  463  482  506  527
  542  552  563  570  576  581  568  548  484                                   
    12.5-180.0 180.0   5.0 450.0                            LAT/LON1/LON2/DLON/H
  511  478  432  388  342  299  259  230  207  189  172  157  142  128  118  110
  104  100   97   99  107  122  141  161  175  182  179  170  158  146  134  122
  110   98   88   80   75   74   76   80   89  105  129  161  195  228  256  283
  309  336  360  381  399  416  432  446  454  456  456  458  468  486  506  522
  532  540  550  560  568  579  572  558  511                                   
    10.0-180.0 180.0   5.0 450.0                            LAT/LON1/LON2/DLON/H
  520  496  459  419  378  336  297  270  250  234  218  202  184  167  153  141
  133  126  123  127  138  157  179  199  211  211  200  183  165  148  133  120
  108   97   87   80   75   74   75   80   90  107  134  167  202  234  263  289
  315  339  361  380  395  410  425  438  447  449  450  454  464  479  495  507
  513  518  527  538  548  562  560  552  520                                   
     7.5-180.0 180.0   5.0 450.0                            LAT/LON1/LON2/DLON/H
  517  499  471  436  401  363  327  305  288  276  264  249  230  211  194  180
  169  162  160  165  179  200  222  237  241  232  214  191  169  150  134  120
