data/edconvlstm_nd/pred2460.15i
     1.0            IONOSPHERE MAPS     GNSS                IONEX VERSION / TYPE
pyspatialgeodesy        IME             05-JAN-18 20:20     PGM / RUN BY / DATE 
Map Name                                                    COMMENT             
Predicted global ionosphere maps (GIM).                     DESCRIPTION         
  2015     9     3     0     0     0                        EPOCH OF FIRST MAP  
  2015     9     4     0     0     0                        EPOCH OF LAST MAP   
  7200                                                      INTERVAL            
    13                                                      # OF MAPS IN FILE   
  NONE                                                      MAPPING FUNCTION    
10.0                                                        ELEVATION CUTOFF    
One-way carrier phase leveled to code                       OBSERVABLES USED    
  6371.0                                                    BASE RADIUS         
 2                                                          MAP DIMENSION       
   450.0 450.0   0.0                                        HGT1 / HGT2 / DHGT  
    87.5 -87.5  -2.5                                        LAT1 / LAT2 / DLAT  
  -180.0 180.0   5.0                                        LON1 / LON2 / DLON  
    -1                                                      EXPONENT            
                                                            END OF HEADER       
[from data line 2145]
     6                                                      START OF TEC MAP    
  2015     9     3    10     0     0                        EPOCH OF CURRENT MAP
    87.5-180.0 180.0   5.0 450.0                            LAT/LON1/LON2/DLON/H
  107  111  109  115  118  119  117  115  117  119  119  120  121  121  122  122
  122  122  122  122  122  121  121  121  120  120  120  120  119  119  119  118
  118  118  117  117  116  116  116  116  115  115  115  115  115  115  115  116
  116  116  116  116  115  115  115  115  114  114  114  113  113  112  111  111
  111  113  111  108  112  109  118  116  107                                   
    85.0-180.0 180.0   5.0 450.0                            LAT/LON1/LON2/DLON/H
  106  111  118  114  115  118  118  119  121  123  123  124  125  125  126  126
  126  127  127  127  126  126  126  126  126  126  126  126  125  125  125  125
  125  124  124  123  123  122  122  122  122  121  121  121  122  122  122  122
  122  123  123  123  122  122  122  121  121  120  120  119  118  118  117  117
  117  118  113  110  107  108  114  116  106                                   
    82.5-180.0 180.0   5.0 450.0                            LAT/LON1/LON2/DLON/H
  101  109  113  108  108  111  112  113  114  116  116  118  118  118  119  119
  119  119  119  119  119  119  119  119  119  120  120  121  121  122  122  123
  123  123  123  122  122  122  121  121  121  121  122  122  123  124  125  126
  126  127  127  127  127  127  126  126  125  124  123  122  121  120  118  118
  117  117  111  109  107  109  104  102  101                                   
    80.0-180.0 180.0   5.0 450.0                            LAT/LON1/LON2/DLON/H
   97   98  101  100   99   98   99  101  103  105  105  107  107  108  108  109
  109  109  109  109  110  110  110  111  112  113  114  115  117  118  120  121
  121  121  121  121  120  120  119  119  119  120  121  122  124  125  127  128
  130  131  131  131  131  131  130  129  127  126  124  122  121  119  117  116
  115  112  109  107  102  104  105   99   97                                   
    77.5-180.0 180.0   5.0 450.0                            LAT/LON1/LON2/DLON/H
   96   92   92   92   89   90   90   92   93   95   94   96   97   98   99  100
  101  101  102  102  102  103  104  105  107  109  111  114  117  119  122  124
  125  125  125  125  124  124  123  123  123  124  126  128  131  134  136  139
  141  142  143  144  143  143  141  140  138  135  133  131  128  125  123  120
  118  115  110  108  104   99   98   97   96                                   
    75.0-180.0 180.0   5.0 450.0                            LAT/LON1/LON2/DLON/H
   86   84   79   80   77   79   78   78   80   82   82   84   85   86   88   89
   90   91   92   93   94   95   96   98  100  103  106  110  114  118  122  125
  127  128  128  127  126  125  125  125  126  127  130  133  137  141  144  147
  150  151  152  152  152  150  148  146  144  141  138  136  133  130  127  125
  121  117  112  105  102   97   96   91   86                                   
    72.5-180.0 180.0   5.0 450.0                            LAT/LON1/LON2/DLON/H
   82   78   73   73   69   71   70   71   71   72   73   75   76   78   80   82
   84   86   87   88   89   90   92   94   96  100  104  108  113  118  123  127
  130  131  132  131  130  129  128  129  130  133  136  140  145  150  154  157
  160  161  162  161  160  158  155  153  150  147  145  143  140  138  135  133
  130  126  120  113  106  101   96   94   82                                   
    70.0-180.0 180.0   5.0 450.0                            LAT/LON1/LON2/DLON/H
   83   75   70   68   63   62   61   60   61   62   62   64   66   68   71   73
   76   78   79   81   82   83   85   87   90   94   98  104  109  115  121  126
  129  131  132  131  130  129  128  129  131  134  139  144  149  154  158  161
  163  164  163  162  159  156  153  150  148  145  143  142  141  140  139  138
  135  131  126  119  111  105  102  100   83                                   
    67.5-180.0 180.0   5.0 450.0                            LAT/LON1/LON2/DLON/H
   84   76   70   67   61   59   57   55   55   55   55   58   60   62   65   68
   70   73   75   76   78   79   81   83   86   90   94  100  106  112  118  123
  127  130  131  130  129  128  127  128  131  135  140  146  151  155  159  161
  162  161  160  157  154  150  147  144  141  140  139  138  139  139  139  140
  139  136  132  125  117  111  105  102   84                                   
    65.0-180.0 180.0   5.0 450.0                            LAT/LON1/LON2/DLON/H
   89   80   73   70   62   59   55   53   52   51   51   53   55   57   59   62
   65   67   69   70   72   74   76   79   82   86   90   96  102  108  115  121
  126  129  130  130  129  128  128  130  133  138  143  149  154  157  160  160
  160  158  155  152  148  144  140  137  134  133  133  134  135  136  138  140
  141  140  137  131  124  118  113  109   89                                   
    62.5-180.0 180.0   5.0 450.0                            LAT/LON1/LON2/DLON/H
   94   85   78   74   66   62   57   53   51   49   49   50   51   53   54   56
   58   60   61   63   65   67   70   74   77   82   86   92   98  104  111  118
  123  127  130  130  130  129  130  132  136  141  146  151  155  158  159  158
  156  153  150  146  142  138  134  131  129  128  128  128  130  132  134  137
  139  139  139  134  128  122  117  113   94                                   
    60.0-180.0 180.0   5.0 450.0                            LAT/LON1/LON2/DLON/H
   99   90   83   79   70   65   59   54   50   47   46   46   47   48   49   50
   51   51   52   53   55   58   62   67   72   77   82   87   93  100  107  114
  121  126  130  131  132  132  132  135  139  144  150  154  157  158  157  156
  153  151  147  144  140  136  132  129  127  125  125  125  126  127  129  131
  134  135  135  133  128  124  119  114   99                                   
    57.5-180.0 180.0   5.0 450.0                            LAT/LON1/LON2/DLON/H
  103   95   89   84   76   70   62   56   51   47   45   44   44   44   44   44
   44   43   44   45   47   50   55   61   68   74   80   85   91   98  105  114
  122  129  133  136  137  137  139  141  146  151  156  159  161  161  160  158
  156  153  151  149  146  142  139  135  132  130  129  128  127  126  126  128
  130  131  132  131  127  124  119  115  103                                   
    55.0-180.0 180.0   5.0 450.0                            LAT/LON1/LON2/DLON/H
  106   99   93   89   81   74   67   59   53   48   45   43   42   41   40   39
   38   37   37   37   39   43   49   57   65   72   79   85   90   97  105  115
  125  133  139  143  145  145  147  149  153  158  162  165  166  166  164  163
  162  161  160  158  156  153  150  146  143  140  137  135  132  129  127  127
  128  128  130  128  126  123  119  115  106                                   
    52.5-180.0 180.0   5.0 450.0                            LAT/LON1/LON2/DLON/H
  108  102   98   94   86   80   72   64   57   51   46   44   41   39   38   36
   34   33   32   33   35   39   46   55   64   73   80   86   92   99  108  118
  130  140  147  152  154  155  156  159  163  167  171  173  173  173  172  171
  171  172  172  171  169  166  163  159  156  153  149  146  142  137  133  131
  130  130  130  128  126  123  119  115  108                                   
    50.0-180.0 180.0   5.0 450.0                            LAT/LON1/LON2/DLON/H
  110  104  100   98   91   85   77   70   62   56   51   47   43   40   38   35
   34   32   31   32   34   39   47   57   67   76   84   89   95  102  111  123
  135  147  155  160  163  164  166  168  172  177  180  182  182  181  181  182
  183  184  184  183  181  177  174  170  167  164  161  158  153  148  143  140
  138  136  135  132  128  125  121  117  110                                   
    47.5-180.0 180.0   5.0 450.0                            LAT/LON1/LON2/DLON/H
  110  105  102  101   95   90   84   77   70   64   59   54   49   44   41   38
   36   35   34   35   38   43   51   61   72   81   88   93   98  105  115  127
  140  153  162  168  171  173  175  179  183  187  190  192  192  192  192  193
  194  195  194  192  188  183  179  175  173  172  170  168  165  160  155  152
  149  145  143  138  133  129  124  120  110                                   
    45.0-180.0 180.0   5.0 450.0                            LAT/LON1/LON2/DLON/H
  109  104  101  102   97   94   90   85   80   75   69   63   57   51   47   44
   42   41   41   42   45   51   59   69   79   87   93   97  102  108  118  131
  144  157  166  173  177  181  185  190  195  200  203  204  204  204  204  205
  206  204  201  196  189  183  178  175  174  174  175  175  174  171  168  165
  162  157  153  146  138  133  128  123  109                                   
    42.5-180.0 180.0   5.0 450.0                            LAT/LON1/LON2/DLON/H
  106  102   99  101   97   97   94   92   89   85   80   74   67   60   55   52
   50   50   51   52   56   61   68   77   85   92   97  100  105  111  121  133
  146  159  169  177  183  188  195  202  209  214  217  218  218  218  219  219
  217  213  206  197  188  180  174  172  172  174  177  179  181  181  179  178
  175  169  162  153  143  136  130  125  106                                   
    40.0-180.0 180.0   5.0 450.0                            LAT/LON1/LON2/DLON/H
  103   98   95   97   95   96   96   97   97   95   91   86   78   71   65   61
   60   60   61   63   66   71   77   84   90   95   99  103  107  114  124  135
  148  160  170  179  188  196  206  216  225  231  235  236  236  236  236  235
  232  225  215  203  191  182  175  172  173  176  180  184  188  189  190  189
  186  180  170  159  145  136  129  125  103                                   
    37.5-180.0 180.0   5.0 450.0                            LAT/LON1/LON2/DLON/H
   98   92   89   91   89   92   95   98  101  101   99   95   89   81   75   71
   69   69   71   73   75   79   83   88   93   97  101  105  110  117  127  138
  149  161  172  183  194  206  219  231  242  250  254  255  256  256  257  256
  252  244  232  219  206  196  189  185  185  187  191  195  198  200  201  200
  196  188  177  162  146  133  126  121   98                                   
    35.0-180.0 180.0   5.0 450.0                            LAT/LON1/LON2/DLON/H
   95   87   83   83   82   85   90   95  100  103  103  101   96   90   84   79
   77   77   77   79   81   83   86   90   94   98  103  108  114  122  131  142
  153  164  175  187  201  217  232  248  260  269  273  276  277  280  282  283
  281  273  262  250  238  228  221  216  213  213  214  216  217  217  216  213
  207  196  182  164  145  129  121  116   95                                   
    32.5-180.0 180.0   5.0 450.0                            LAT/LON1/LON2/DLON/H
   94   84   79   77   75   77   82   88   95  100  103  103  101   96   91   86
   83   81   81   82   83   85   88   90   94   98  104  111  119  128  138  148
  158  168  181  195  211  229  247  263  277  286  292  296  300  305  311  315
  316  313  306  297  288  279  272  265  259  254  251  248  245  241  236  230
  220  206  188  168  146  126  117  112   94                                   
    30.0-180.0 180.0   5.0 450.0                            LAT/LON1/LON2/DLON/H
   97   84   79   73   70   71   76   81   87   93   98  101  102   99   96   92
   88   85   83   83   84   86   88   90   94   99  106  115  124  135  145  155
  165  175  188  204  222  241  260  277  291  301  308  315  322  331  341  350
  356  359  358  355  351  345  337  328  318  309  300  292  284  274  264  252
  238  220  199  175  151  128  117  112   97                                   
    27.5-180.0 180.0   5.0 450.0                            LAT/LON1/LON2/DLON/H
  105   90   84   75   70   70   73   75   81   86   92   97  100  101   99   96
   91   87   85   84   85   86   88   91   95  101  109  119  130  142  153  163
  173  184  198  215  233  253  271  287  301  312  321  330  341  354  369  384
  397  406  413  418  419  416  408  397  383  369  355  343  329  314  298  280
  261  239  215  188  162  136  123  117  105                                   
    25.0-180.0 180.0   5.0 450.0                            LAT/LON1/LON2/DLON/H
  119  102   95   84   77   75   75   75   78   81   87   93   97  100  100   98
   94   90   87   86   87   88   90   93   97  103  112  123  135  148  160  171
  182  194  209  227  245  263  280  295  307  318  330  342  357  375  395  415
  433  449  463  474  479  479  472  458  441  423  407  392  375  356  335  313
  289  264  238  208  181  151  135  130  119                                   
    22.5-180.0 180.0   5.0 450.0                            LAT/LON1/LON2/DLON/H
  137  119  111   99   90   86   85   81   81   82   85   90   95   99  100   99
   95   92   89   88   89   91   93   95   99  106  114  126  138  152  165  178
  191  205  221  239  257  273  288  300  312  323  336  352  371  392  415  438
  460  481  499  513  521  521  513  498  480  463  447  432  415  394  371  346
  319  293  265  234  205  172  154  149  137                                   
    20.0-180.0 180.0   5.0 450.0                            LAT/LON1/LON2/DLON/H
  156  139  131  119  108  103  100   94   90   88   88   91   94   98   99   98
   96   93   91   90   92   93   95   98  102  107  116  126  140  154  169  185
  200  216  234  252  269  283  295  306  317  329  343  361  383  406  430  454
  476  497  514  528  535  534  525  511  495  480  468  457  443  424  400  374
  347  321  293  262  233  197  176  171  156                                   
    17.5-180.0 180.0   5.0 450.0                            LAT/LON1/LON2/DLON/H
  174  158  151  139  128  122  119  112  105   99   96   95   95   97   97   96
   95   93   92   92   93   95   97   99  103  108  115  126  140  156  173  190
  209  227  246  265  281  294  305  315  326  338  353  372  394  417  441  462
  481  497  510  520  523  519  509  497  485  477  472  467  458  442  420  396
  369  345  318  288  259  222  199  193  174                                   
    15.0-180.0 180.0   5.0 450.0                            LAT/LON1/LON2/DLON/H
  189  174  168  157  147  141  137  131  123  114  106  101   98   96   95   93
   92   91   91   92   94   95   97   99  102  107  115  125  140  157  176  197
  217  238  259  278  294  307  318  328  339  352  367  385  406  427  447  463
  476  486  492  494  492  485  476  466  461  460  462  463  459  448  429  406
  382  360  335  308  279  242  219  212  189                                   
    12.5-180.0 180.0   5.0 450.0                            LAT/LON1/LON2/DLON/H
  202  188  182  171  161  155  153  147  139  129  118  109  102   96   93   90
   88   88   89   90   92   93   95   97  101  106  114  126  141  160  181  204
  227  250  271  291  308  321  333  345  356  369  384  400  418  436  451  462
  467  469  468  464  457  448  439  434  434  439  447  453  452  443  427  407
  384  364  343  318  292  255  233  226  202                                   
    10.0-180.0 180.0   5.0 450.0                            LAT/LON1/LON2/DLON/H
  212  199  194  181  171  165  163  159  151  141  128  117  106   98   91   87
   85   85   86   87   88   89   91   94   99  106  115  128  145  165  187  212
  236  260  282  302  320  335  349  363  376  388  401  415  430  444  455  460
  460  457  450  441  431  421  414  412  417  425  435  442  441  433  417  397
  376  358  340  319  295  261  241  234  212                                   
     7.5-180.0 180.0   5.0 450.0                            LAT/LON1/LON2/DLON/H
  222  210  203  188  178  170  168  165  158  148  136  124  111  100   91   85
   82   81   82   83   84   85   87   91   97  106  118  133  150  171  194  219
