data/edconvlstm_nd/pred0410.15i
     1.0            IONOSPHERE MAPS     GNSS                IONEX VERSION / TYPE
pyspatialgeodesy        IME             05-JAN-18 20:20     PGM / RUN BY / DATE 
Map Name                                                    COMMENT             
Predicted global ionosphere maps (GIM).                     DESCRIPTION         
  2015     2    10     0     0     0                        EPOCH OF FIRST MAP  
  2015     2    11     0     0     0                        EPOCH OF LAST MAP   
  7200                                                      INTERVAL            
    13                                                      # OF MAPS IN FILE   
  NONE                                                      MAPPING FUNCTION    
10.0                                                        ELEVATION CUTOFF    
One-way carrier phase leveled to code                       OBSERVABLES USED    
  6371.0                                                    BASE RADIUS         
 2                                                          MAP DIMENSION       
   450.0 450.0   0.0                                        HGT1 / HGT2 / DHGT  
    87.5 -87.5  -2.5                                        LAT1 / LAT2 / DLAT  
  -180.0 180.0   5.0                                        LON1 / LON2 / DLON  
    -1                                                      EXPONENT            
                                                            END OF HEADER       
[from data line 3432]
     9                                                      START OF TEC MAP    
  2015     2    10    16     0     0                        EPOCH OF CURRENT MAP
    87.5-180.0 180.0   5.0 450.0                            LAT/LON1/LON2/DLON/H
  139  147  147  158  166  167  169  170  173  176  178  180  181  182  183  184
  184  184  184  183  182  181  179  177  174  172  169  166  163  160  157  154
  151  149  146  143  141  139  137  136  134  133  132  131  131  131  130  131
  131  131  132  132  133  133  134  134  135  135  136  136  136  137  137  138
  138  140  139  138  144  142  148  145  139                                   
    85.0-180.0 180.0   5.0 450.0                            LAT/LON1/LON2/DLON/H
  141  153  169  165  170  177  180  185  188  192  194  196  198  200  201  202
  202  202  202  201  200  198  196  193  190  187  183  179  175  171  167  163
  159  155  152  149  146  143  141  140  138  137  137  136  136  137  137  138
  139  140  141  142  142  143  144  145  145  146  146  146  146  146  147  147
  148  150  148  145  146  147  145  144  141                                   
    82.5-180.0 180.0   5.0 450.0                            LAT/LON1/LON2/DLON/H
  121  144  151  152  161  171  177  183  187  192  196  200  202  205  207  208
  209  210  210  209  208  206  204  200  196  192  187  181  176  170  164  158
  152  147  142  137  133  130  127  125  123  122  121  121  121  122  123  124
  126  128  130  132  134  135  136  137  138  138  138  137  136  136  135  134
  134  135  132  132  131  142  133  130  121                                   
    80.0-180.0 180.0   5.0 450.0                            LAT/LON1/LON2/DLON/H
  101  121  131  135  144  152  159  168  174  180  185  189  193  196  199  201
  203  205  206  206  205  204  202  199  195  189  183  177  169  162  154  146
  138  131  125  119  114  110  107  104  102  101  100  100  101  103  105  108
  111  115  118  122  125  128  130  131  132  132  131  130  128  126  124  122
  121  119  117  115  109  115  111  114  101                                   
    77.5-180.0 180.0   5.0 450.0                            LAT/LON1/LON2/DLON/H
   93  106  113  116  125  134  141  149  156  161  166  171  175  180  183  187
  191  194  197  200  202  203  203  201  198  193  187  180  172  163  153  144
  135  126  119  112  106  101   97   93   91   89   88   88   88   90   92   96
  100  105  110  116  120  125  128  130  132  132  131  129  126  122  118  114
  111  108  104  102   96   96   96  101   93                                   
    75.0-180.0 180.0   5.0 450.0                            LAT/LON1/LON2/DLON/H
   79   93   96  101  108  116  121  127  133  139  143  148  152  157  161  167
  173  179  186  192  198  203  206  208  207  204  199  191  182  172  162  151
  140  130  121  114  107  101   96   92   88   86   84   82   82   83   85   88
   92   97  103  109  115  120  124  127  129  129  129  127  124  120  116  111
  106  101   97   92   88   86   86   80   79                                   
    72.5-180.0 180.0   5.0 450.0                            LAT/LON1/LON2/DLON/H
   76   88   91   95   99  106  110  114  118  121  125  129  134  138  144  151
  160  170  181  192  203  213  221  226  227  226  222  215  206  195  183  171
  159  148  138  129  122  115  109  104   99   94   90   87   84   83   83   85
   88   93   98  104  110  116  120  124  127  128  129  128  126  123  119  114
  108  103   98   92   88   86   86   84   76                                   
    70.0-180.0 180.0   5.0 450.0                            LAT/LON1/LON2/DLON/H
   78   88   91   93   95   99  100  102  104  107  109  113  117  121  128  136
  148  161  177  194  211  226  238  247  251  252  249  242  233  222  210  197
  184  172  162  152  143  136  129  122  116  109  103   96   91   86   83   82
   83   85   89   94   99  104  109  112  116  118  120  121  121  119  117  114
  110  104  101   94   91   89   91   87   78                                   
    67.5-180.0 180.0   5.0 450.0                            LAT/LON1/LON2/DLON/H
   83   92   94   96   97   99   99   99  100  101  103  107  110  116  123  133
  146  164  184  206  227  247  263  274  281  283  280  274  265  254  241  228
  215  202  191  180  170  161  153  144  136  127  118  108   99   91   85   80
   78   78   79   82   86   90   94   97  101  104  107  110  112  114  115  114
  111  107  104   97   94   91   92   89   83                                   
    65.0-180.0 180.0   5.0 450.0                            LAT/LON1/LON2/DLON/H
   83   91   92   95   95   95   93   93   93   95   97  101  105  111  119  130
  146  167  191  217  242  265  283  297  305  307  305  299  291  280  269  256
  243  230  218  206  194  184  174  164  153  142  131  118  106   94   83   75
   69   65   64   65   66   68   71   74   77   80   84   89   93   97  100  102
  102  100   98   94   91   90   91   90   83                                   
    62.5-180.0 180.0   5.0 450.0                            LAT/LON1/LON2/DLON/H
   78   85   86   90   90   90   88   88   89   92   96  102  108  115  124  137
  154  177  203  231  258  282  301  315  322  325  323  318  310  302  292  280
  268  254  241  227  214  201  189  178  166  153  139  125  109   94   81   69
   60   54   50   49   49   49   51   53   55   58   62   66   72   77   82   86
   87   88   87   83   82   80   81   82   78                                   
    60.0-180.0 180.0   5.0 450.0                            LAT/LON1/LON2/DLON/H
   68   74   75   80   80   80   79   79   82   87   95  103  112  121  132  147
  166  190  217  245  271  294  311  323  330  332  331  328  323  317  309  300
  288  275  260  245  230  215  202  189  176  162  147  131  114   97   81   67
   56   48   43   40   38   38   38   39   40   42   45   49   54   59   65   69
   71   72   73   70   68   67   68   71   68                                   
    57.5-180.0 180.0   5.0 450.0                            LAT/LON1/LON2/DLON/H
   57   61   63   68   69   68   68   69   74   83   94  106  118  130  144  161
  182  206  232  258  281  301  315  325  331  333  334  333  332  329  325  317
  307  293  278  261  244  229  214  200  186  172  156  139  122  104   87   73
   61   52   46   43   40   39   39   38   38   38   40   42   46   50   54   58
   60   61   62   59   58   55   56   61   57                                   
    55.0-180.0 180.0   5.0 450.0                            LAT/LON1/LON2/DLON/H
   49   52   53   59   60   57   58   61   68   79   94  110  126  142  159  178
  200  224  248  270  289  304  314  322  327  331  334  336  339  339  337  332
  322  308  292  275  258  242  227  212  198  184  168  152  134  116  100   85
   74   66   60   56   54   53   51   50   49   48   47   48   49   51   54   56
   57   58   59   56   55   51   50   55   49                                   
    52.5-180.0 180.0   5.0 450.0                            LAT/LON1/LON2/DLON/H
   49   49   51   55   55   53   53   56   65   79   97  116  136  155  175  196
  220  243  264  282  296  306  313  318  323  329  334  340  345  347  346  342
  332  319  303  287  270  255  241  227  213  199  183  167  150  133  117  103
   93   86   81   78   76   74   73   72   70   68   66   64   63   63   64   64
   64   65   65   63   62   57   54   57   49                                   
    50.0-180.0 180.0   5.0 450.0                            LAT/LON1/LON2/DLON/H
   57   55   56   59   59   55   56   58   68   84  105  127  149  170  192  216
  240  263  282  295  304  310  314  319  325  332  339  346  351  353  351  345
  335  322  308  294  280  267  255  242  229  214  199  183  166  150  134  122
  114  108  104  101   98   96   95   94   94   92   90   87   85   83   81   80
   79   79   80   79   79   72   68   67   57                                   
    47.5-180.0 180.0   5.0 450.0                            LAT/LON1/LON2/DLON/H
   72   68   67   70   69   66   66   68   79   97  119  142  165  188  211  236
  261  283  299  309  315  318  321  325  332  340  348  353  355  353  347  339
  329  317  306  296  287  277  267  256  242  228  212  196  179  163  148  137
  129  124  120  116  113  110  109  109  110  110  109  108  105  103  101   99
   96   97   97   99  100   94   88   84   72                                   
    45.0-180.0 180.0   5.0 450.0                            LAT/LON1/LON2/DLON/H
   91   86   83   85   84   81   81   83   95  115  138  162  185  208  232  257
  281  302  316  324  327  329  332  338  346  354  359  360  355  347  336  325
  315  306  300  295  290  285  277  266  252  237  221  204  186  170  155  143
  136  130  126  120  114  109  107  108  112  115  117  118  118  117  115  113
  111  111  112  116  120  116  110  105   91                                   
    42.5-180.0 180.0   5.0 450.0                            LAT/LON1/LON2/DLON/H
  108  102   98  101  101   97   98  101  114  135  160  185  208  230  253  277
  300  319  332  338  341  343  348  355  362  368  369  363  352  338  323  310
  301  296  295  295  295  293  286  274  259  242  224  206  188  170  155  143
  134  128  122  114  105   97   94   95  100  106  112  117  120  121  121  120
  117  118  119  124  131  130  125  121  108                                   
    40.0-180.0 180.0   5.0 450.0                            LAT/LON1/LON2/DLON/H
  117  113  109  113  114  111  113  117  132  155  181  207  229  251  273  295
  317  334  345  351  354  358  364  371  377  379  375  364  348  330  315  304
  298  298  301  306  308  306  298  283  265  245  226  207  187  169  153  140
  132  125  117  106   94   83   77   77   82   90   99  106  111  115  118  117
  115  114  115  120  128  130  128  126  117                                   
    37.5-180.0 180.0   5.0 450.0                            LAT/LON1/LON2/DLON/H
  117  114  112  118  121  118  122  128  145  170  198  225  248  269  291  312
  331  346  356  361  366  371  378  385  388  387  379  366  350  334  323  317
  317  322  328  334  335  330  317  298  276  253  232  211  192  173  157  144
  136  129  121  109   94   79   70   67   70   78   86   94  101  106  109  109
  106  104  103  106  113  117  116  118  117                                   
    35.0-180.0 180.0   5.0 450.0                            LAT/LON1/LON2/DLON/H
  110  108  109  116  121  118  124  132  151  178  208  237  262  285  306  326
  343  356  365  371  377  383  389  394  395  391  384  375  365  357  355  358
  365  374  381  383  379  367  348  323  297  271  248  227  207  189  174  163
  157  152  144  132  114   97   83   75   75   79   85   90   96  100  103  103
   99   94   91   90   95   97   98  103  110                                   
    32.5-180.0 180.0   5.0 450.0                            LAT/LON1/LON2/DLON/H
  100   99  103  110  115  112  119  129  150  179  211  242  270  295  318  337
  353  365  373  380  387  393  398  400  400  398  397  396  399  405  416  430
  445  457  460  455  441  419  391  361  330  302  278  258  239  223  211  203
  201  199  194  182  163  142  123  110  104  102  103  104  105  106  107  106
  100   93   87   81   83   82   83   89  100                                   
    30.0-180.0 180.0   5.0 450.0                            LAT/LON1/LON2/DLON/H
   94   94   98  103  106  103  112  122  145  174  208  242  273  301  326  347
  363  374  382  390  397  403  405  406  407  411  420  435  454  479  506  533
  555  566  562  545  517  483  447  412  379  351  327  307  291  278  270  267
  268  271  269  259  241  217  193  174  160  151  145  139  133  129  126  123
  115  107   96   86   84   79   76   79   94                                   
    27.5-180.0 180.0   5.0 450.0                            LAT/LON1/LON2/DLON/H
   95   95   96  100  100   97  106  116  138  168  202  238  272  304  332  355
  372  383  392  400  408  412  414  416  422  435  459  492  532  575  619  658
  683  690  675  642  599  555  513  475  442  414  391  374  360  351  347  349
  354  361  362  355  337  311  283  258  237  221  207  194  182  171  163  156
  146  136  121  107  101   91   82   78   95                                   
    25.0-180.0 180.0   5.0 450.0                            LAT/LON1/LON2/DLON/H
  105  104  100  101   99   95  104  115  136  165  199  235  271  306  337  362
  381  394  404  413  420  424  427  432  446  473  513  565  624  684  740  784
  808  806  778  731  678  626  582  545  514  488  466  450  438  432  431  436
  443  451  453  447  431  407  377  348  323  302  283  264  245  227  213  201
  188  177  159  143  132  116  100   88  105                                   
    22.5-180.0 180.0   5.0 450.0                            LAT/LON1/LON2/DLON/H
  124  121  109  108  104  100  109  120  140  168  200  236  273  309  342  370
  390  405  417  426  433  438  444  457  482  524  581  649  721  790  848  889
  906  894  855  800  741  689  647  614  586  562  541  524  513  507  505  508
  512  516  516  510  497  475  449  421  396  374  354  334  312  289  269  252
  236  223  202  187  171  149  130  110  124                                   
    20.0-180.0 180.0   5.0 450.0                            LAT/LON1/LON2/DLON/H
  147  142  124  118  112  109  120  131  152  179  210  244  280  316  350  380
  403  420  433  443  451  457  468  490  529  585  655  731  807  873  925  956
  962  941  896  839  782  735  699  672  649  626  605  585  571  560  553  548
  543  539  533  525  513  497  476  454  434  417  403  386  365  341  318  297
  278  265  243  229  210  185  165  141  147                                   
    17.5-180.0 180.0   5.0 450.0                            LAT/LON1/LON2/DLON/H
  167  162  141  130  122  121  133  147  169  196  226  258  293  328  364  395
  420  440  454  465  473  483  500  532  583  649  725  801  869  923  959  976
  970  942  897  845  796  759  734  716  698  676  652  627  605  585  568  550
  533  516  501  489  479  468  454  440  428  421  416  408  393  372  349  326
  306  293  272  259  241  215  197  174  167                                   
    15.0-180.0 180.0   5.0 450.0                            LAT/LON1/LON2/DLON/H
  180  176  155  141  130  132  146  164  189  218  248  279  311  346  382  415
  443  465  481  493  502  515  539  580  639  710  784  850  901  933  947  946
  930  901  863  823  789  767  755  745  732  710  681  648  615  583  551  520
  488  459  436  420  410  402  396  391  389  392  398  400  394  379  360  337
  317  303  284  272  257  234  220  199  180                                   
    12.5-180.0 180.0   5.0 450.0                            LAT/LON1/LON2/DLON/H
  184  182  163  146  135  138  156  177  208  240  271  303  334  369  405  440
  471  495  514  528  539  556  585  631  693  762  825  874  899  904  896  879
  859  835  810  788  774  768  767  765  753  728  693  650  605  560  514  470
  428  390  361  342  332  329  328  331  337  350  364  375  377  369  354  334
  313  299  280  269  258  240  228  210  184                                   
    10.0-180.0 180.0   5.0 450.0                            LAT/LON1/LON2/DLON/H
  182  180  163  147  135  139  160  186  222  260  295  327  360  394  431  468
  502  530  552  568  582  601  634  682  742  802  849  873  870  849  824  801
  784  772  765  763  766  773  779  778  764  734  691  640  584  527  472  419
  371  330  300  281  273  273  278  286  298  315  333  347  353  350  339  321
  300  285  266  255  247  235  224  210  182                                   
     7.5-180.0 180.0   5.0 450.0                            LAT/LON1/LON2/DLON/H
  177  176  160  144  133  136  160  190  232  276  315  350  385  421  459  498
  533  564  589  609  626  649  683  730  783  829  855  851  825  790  759  741
