data/edconvlstm_nd/pred3280.15i
     1.0            IONOSPHERE MAPS     GNSS                IONEX VERSION / TYPE
pyspatialgeodesy        IME             05-JAN-18 20:20     PGM / RUN BY / DATE 
Map Name                                                    COMMENT             
Predicted global ionosphere maps (GIM).                     DESCRIPTION         
  2015    11    24     0     0     0                        EPOCH OF FIRST MAP  
  2015    11    25     0     0     0                        EPOCH OF LAST MAP   
  7200                                                      INTERVAL            
    13                                                      # OF MAPS IN FILE   
  NONE                                                      MAPPING FUNCTION    
10.0                                                        ELEVATION CUTOFF    
One-way carrier phase leveled to code                       OBSERVABLES USED    
  6371.0                                                    BASE RADIUS         
 2                                                          MAP DIMENSION       
   450.0 450.0   0.0                                        HGT1 / HGT2 / DHGT  
    87.5 -87.5  -2.5                                        LAT1 / LAT2 / DLAT  
  -180.0 180.0   5.0                                        LON1 / LON2 / DLON  
    -1                                                      EXPONENT            
                                                            END OF HEADER       
[from data line 1716]
     5                                                      START OF TEC MAP    
  2015    11    24     8     0     0                        EPOCH OF CURRENT MAP
    87.5-180.0 180.0   5.0 450.0                            LAT/LON1/LON2/DLON/H
   30   39   36   39   39   39   39   34   35   36   36   36   36   37   37   37
   37   37   37   37   37   37   38   38   38   38   38   38   38   38   38   37
   37   37   36   36   36   35   35   34   34   34   33   33   33   33   33   33
   33   33   32   32   32   32   32   31   31   31   30   30   30   29   29   29
   30   31   29   29   35   44   56   56   30                                   
    85.0-180.0 180.0   5.0 450.0                            LAT/LON1/LON2/DLON/H
   23   49   52   45   47   49   49   48   48   49   48   49   48   48   48   48
   48   48   48   49   49   50   50   51   51   51   52   52   52   52   51   51
   51   51   50   50   49   49   49   49   48   48   48   48   48   47   47   47
   47   47   46   46   46   45   45   45   44   44   44   44   43   43   43   43
   44   44   41   42   46   50   63   55   23                                   
    82.5-180.0 180.0   5.0 450.0                            LAT/LON1/LON2/DLON/H
   26   39   54   48   49   50   50   49   49   49   48   48   48   47   46   46
   45   45   45   46   46   47   47   48   49   49   50   50   50   50   49   49
   49   48   48   48   47   47   47   47   47   47   47   47   47   47   47   47
   47   47   47   47   46   46   45   45   44   43   43   42   42   41   41   41
   42   42   40   39   49   48   50   46   26                                   
    80.0-180.0 180.0   5.0 450.0                            LAT/LON1/LON2/DLON/H
   36   41   55   49   54   51   51   50   50   50   48   48   47   45   44   43
   42   42   42   42   43   44   45   46   47   48   49   50   50   50   50   50
   49   49   48   48   48   48   48   48   48   49   50   50   51   51   52   52
   53   53   53   53   53   52   51   50   49   48   46   45   44   43   42   41
   42   42   42   42   47   48   49   46   36                                   
    77.5-180.0 180.0   5.0 450.0                            LAT/LON1/LON2/DLON/H
   45   44   50   44   45   45   46   45   46   45   43   42   40   39   37   36
   35   35   35   36   37   39   41   43   45   46   48   49   50   50   50   49
   49   48   47   46   46   46   47   47   48   50   51   53   54   56   58   59
   61   62   63   64   64   63   63   61   59   57   54   51   48   45   43   41
   40   39   37   38   38   33   36   36   45                                   
    75.0-180.0 180.0   5.0 450.0                            LAT/LON1/LON2/DLON/H
   33   37   41   38   39   40   40   40   40   40   38   37   35   33   32   31
   30   30   31   32   35   37   40   42   45   47   49   50   51   51   50   49
   48   47   46   45   45   46   47   49   51   54   57   60   63   67   70   73
   75   78   80   81   82   81   80   78   75   71   66   62   57   53   48   45
   42   39   38   34   36   30   32   29   33                                   
    72.5-180.0 180.0   5.0 450.0                            LAT/LON1/LON2/DLON/H
   31   33   35   33   35   38   40   39   39   39   37   37   35   34   32   31
   31   31   32   34   36   39   41   44   47   50   52   53   53   53   51   50
   48   46   45   44   45   46   49   53   57   62   67   72   78   83   87   92
   96   99  102  104  105  105  103  100   95   90   84   77   71   65   59   54
   49   45   43   39   39   31   32   31   31                                   
    70.0-180.0 180.0   5.0 450.0                            LAT/LON1/LON2/DLON/H
   30   30   34   34   34   36   37   37   38   38   37   37   36   35   34   33
   33   33   35   36   39   42   45   48   51   53   54   55   54   53   51   48
   45   43   42   42   43   46   51   57   64   71   79   86   93  100  106  111
  116  120  124  126  127  127  124  120  115  108  100   92   84   77   70   64
   58   53   50   44   43   35   38   36   30                                   
    67.5-180.0 180.0   5.0 450.0                            LAT/LON1/LON2/DLON/H
   28   29   32   32   32   34   36   36   36   37   36   37   36   36   35   35
   35   36   37   39   41   43   46   49   51   53   53   53   51   49   46   43
   40   37   37   37   40   45   51   60   69   79   89   98  106  114  121  127
  132  136  140  142  143  142  139  134  127  119  110  101   93   85   77   71
   65   59   56   49   46   39   40   39   28                                   
    65.0-180.0 180.0   5.0 450.0                            LAT/LON1/LON2/DLON/H
   30   31   32   33   33   35   36   36   37   37   37   38   38   38   38   38
   39   39   40   41   43   45   47   49   50   51   51   49   47   44   41   37
   35   33   33   35   39   46   55   65   77   89  101  111  121  129  135  141
  146  150  154  155  156  154  150  144  137  128  119  109  101   92   84   78
   71   65   62   54   52   45   46   46   30                                   
    62.5-180.0 180.0   5.0 450.0                            LAT/LON1/LON2/DLON/H
   34   33   33   35   35   37   37   37   37   38   38   40   40   41   41   41
   41   42   42   43   44   45   46   47   47   47   46   44   42   39   36   33
   31   31   32   36   42   50   61   73   87  100  113  124  133  141  147  152
  156  160  163  164  164  161  157  150  142  133  124  114  105   97   89   82
   75   68   65   57   54   48   49   50   34                                   
    60.0-180.0 180.0   5.0 450.0                            LAT/LON1/LON2/DLON/H
   39   37   36   37   36   37   37   36   36   37   37   39   40   41   41   42
   42   41   41   41   41   41   41   41   41   41   39   37   35   33   31   30
   29   31   34   39   47   57   68   82   95  109  121  132  141  148  153  158
  162  165  167  168  167  164  159  152  144  135  125  116  107   98   89   82
   74   67   63   56   54   48   49   50   39                                   
    57.5-180.0 180.0   5.0 450.0                            LAT/LON1/LON2/DLON/H
   44   41   40   40   39   39   38   37   37   37   37   39   40   41   42   42
   42   41   40   39   38   37   37   37   36   36   35   33   32   30   29   30
   32   36   41   48   57   68   80   93  106  119  130  140  148  155  160  164
  168  171  173  173  172  168  163  156  148  140  131  122  112  103   93   84
   75   67   62   56   54   48   48   50   44                                   
    55.0-180.0 180.0   5.0 450.0                            LAT/LON1/LON2/DLON/H
   50   46   44   43   41   41   40   38   37   36   36   38   39   40   41   42
   41   40   38   37   35   34   34   34   34   33   33   32   31   30   31   33
   38   44   52   61   71   82   94  106  117  129  139  147  155  161  167  172
  176  179  181  181  179  174  169  162  155  147  139  130  121  110   99   88
   78   68   63   57   55   48   49   51   50                                   
    52.5-180.0 180.0   5.0 450.0                            LAT/LON1/LON2/DLON/H
   57   52   49   48   45   45   43   40   38   37   36   38   39   40   41   42
   42   40   38   36   34   33   33   34   35   36   36   35   34   34   36   40
   47   56   67   78   89   99  110  120  130  139  147  155  162  169  175  181
  186  190  191  191  188  183  177  171  164  158  151  142  132  121  108   96
   83   73   67   60   59   52   52   53   57                                   
    50.0-180.0 180.0   5.0 450.0                            LAT/LON1/LON2/DLON/H
   63   59   55   53   51   50   47   43   41   39   38   38   39   41   42   43
   43   42   40   38   37   37   38   40   42   43   43   42   41   41   43   49
   58   70   83   96  107  117  127  135  143  150  157  164  171  178  185  191
  197  201  202  201  197  192  186  180  175  169  163  155  145  133  119  106
   92   80   74   67   65   58   59   59   63                                   
    47.5-180.0 180.0   5.0 450.0                            LAT/LON1/LON2/DLON/H
   69   66   62   60   57   57   54   49   46   43   41   40   41   42   44   46
   46   45   44   43   43   45   47   51   54   55   55   53   50   49   51   58
   69   83   98  112  125  135  144  151  157  163  169  175  181  188  195  202
  208  211  211  209  204  199  192  187  182  178  172  165  156  143  129  115
  101   89   83   76   73   68   68   68   69                                   
    45.0-180.0 180.0   5.0 450.0                            LAT/LON1/LON2/DLON/H
   73   71   66   66   64   65   62   57   53   49   46   44   44   45   47   49
   50   51   51   52   53   56   61   65   69   70   69   65   60   57   58   65
   77   93  110  126  139  151  159  167  173  178  183  187  193  199  205  211
  216  218  217  213  207  201  195  190  186  182  177  170  161  149  135  121
  108   97   91   84   82   77   78   78   73                                   
    42.5-180.0 180.0   5.0 450.0                            LAT/LON1/LON2/DLON/H
   74   73   69   71   69   71   69   65   61   57   53   51   49   50   52   54
   56   57   59   62   66   71   76   80   83   84   81   75   69   64   63   70
   82   99  118  135  151  163  174  182  189  194  198  202  206  210  215  219
  221  221  218  213  207  200  193  188  184  181  176  170  161  149  136  124
  112  102   96   90   88   83   84   84   74                                   
    40.0-180.0 180.0   5.0 450.0                            LAT/LON1/LON2/DLON/H
   72   71   67   70   70   74   73   71   68   65   60   58   57   57   58   60
   62   65   69   73   79   84   89   93   95   94   90   83   74   68   66   72
   85  103  123  142  159  174  186  197  205  211  215  217  220  222  224  225
  224  222  218  212  205  198  192  187  183  179  174  167  158  147  135  124
  113  104   98   92   90   85   85   85   72                                   
    37.5-180.0 180.0   5.0 450.0                            LAT/LON1/LON2/DLON/H
   67   65   62   66   67   71   73   73   72   70   67   66   64   65   66   67
   69   73   78   84   90   95   99  101  101   99   94   87   78   71   69   75
   89  107  127  147  166  183  198  211  221  228  232  234  235  235  234  233
  230  226  221  215  209  203  197  192  187  183  177  169  159  148  136  125
  114  104   98   92   88   80   80   80   67                                   
    35.0-180.0 180.0   5.0 450.0                            LAT/LON1/LON2/DLON/H
   63   59   55   59   60   64   67   70   72   72   71   72   72   72   73   74
   77   81   86   93   98  102  104  104  102  100   95   88   80   74   74   81
   94  113  133  154  173  191  209  224  236  245  250  252  251  250  248  245
  241  236  233  229  224  220  215  210  204  198  191  182  171  159  146  133
  120  108  100   91   85   74   72   72   63                                   
    32.5-180.0 180.0   5.0 450.0                            LAT/LON1/LON2/DLON/H
   60   54   49   51   52   56   59   64   67   70   72   75   76   78   79   80
   83   87   93   99  104  105  104  101   99   97   93   88   83   80   81   88
  102  121  141  162  182  201  220  238  252  262  268  270  271  269  267  264
  261  259  257  256  255  252  248  243  237  230  221  210  199  185  170  154
  138  121  109   97   87   71   69   67   60                                   
    30.0-180.0 180.0   5.0 450.0                            LAT/LON1/LON2/DLON/H
   63   53   47   46   46   47   50   54   59   64   68   74   78   81   83   85
   88   93   99  104  106  105  101   97   94   93   91   89   87   86   89   98
  112  131  151  172  192  213  233  252  268  279  287  291  293  294  293  292
  292  293  295  298  300  300  297  293  286  277  267  255  242  227  210  191
  169  148  131  113   99   78   75   70   63                                   
    27.5-180.0 180.0   5.0 450.0                            LAT/LON1/LON2/DLON/H
   75   62   51   47   44   43   43   46   50   55   62   69   75   80   83   86
   90   96  101  105  105  101   96   92   90   90   91   91   91   92   98  108
  124  143  164  185  205  227  248  267  284  297  307  314  319  323  326  329
  332  338  346  354  360  363  362  358  351  341  329  316  301  284  264  241
  214  187  166  141  125   99   96   86   75                                   
    25.0-180.0 180.0   5.0 450.0                            LAT/LON1/LON2/DLON/H
   98   82   67   57   50   46   42   41   44   48   54   62   69   75   80   84
   89   95  101  103  101   96   91   88   87   89   91   93   94   98  106  119
  137  157  178  199  220  242  264  284  302  316  328  338  348  356  364  372
  382  393  406  419  429  435  437  434  427  416  402  387  371  352  329  301
  269  238  212  182  164  135  131  117   98                                   
    22.5-180.0 180.0   5.0 450.0                            LAT/LON1/LON2/DLON/H
  133  117   97   81   69   59   51   46   44   45   49   56   62   69   74   79
   85   92   96   98   96   92   88   87   87   90   93   95   98  104  115  130
  150  171  192  214  237  259  281  302  320  336  351  365  379  393  406  419
  434  451  469  486  499  507  510  508  502  490  476  459  442  422  396  364
  328  294  264  231  212  182  177  160  133                                   
    20.0-180.0 180.0   5.0 450.0                            LAT/LON1/LON2/DLON/H
  178  164  142  118  101   86   73   61   54   51   51   54   58   63   68   73
   80   86   90   91   90   88   87   87   90   93   96   98  102  109  122  139
  160  182  205  229  252  276  299  321  340  357  374  391  410  429  447  465
  484  504  523  539  550  556  558  557  552  542  529  514  498  479  453  421
  384  349  317  283  262  234  226  211  178                                   
    17.5-180.0 180.0   5.0 450.0                            LAT/LON1/LON2/DLON/H
  225  215  193  166  144  123  105   88   75   66   61   60   61   63   65   70
   75   80   84   86   86   85   86   90   94   98  100  101  104  112  126  145
  167  191  216  241  266  292  316  339  359  378  396  416  438  460  481  501
  521  539  554  564  569  571  572  572  569  562  552  541  529  513  490  460
  425  391  360  328  305  280  272  258  225                                   
    15.0-180.0 180.0   5.0 450.0                            LAT/LON1/LON2/DLON/H
  264  259  239  212  187  164  144  124  106   91   81   74   71   69   69   71
   74   78   81   82   83   84   88   94  101  104  105  104  106  113  127  147
  172  198  224  251  278  305  331  355  376  396  416  438  461  484  505  524
  540  552  560  563  561  560  560  561  560  557  551  545  536  524  505  478
  447  417  389  360  337  313  306  294  264                                   
    12.5-180.0 180.0   5.0 450.0                            LAT/LON1/LON2/DLON/H
  286  283  269  244  221  200  181  162  141  122  107   96   88   83   80   79
   80   81   82   82   83   87   93  101  108  111  109  106  106  113  128  150
  176  203  230  258  286  315  342  368  391  412  433  455  478  499  518  533
  543  549  550  546  541  539  539  541  543  542  539  535  529  519  504  481
  453  427  401  376  353  329  322  311  286                                   
    10.0-180.0 180.0   5.0 450.0                            LAT/LON1/LON2/DLON/H
  292  286  276  254  238  221  208  193  173  154  137  123  112  104   98   94
   92   90   88   87   89   94  102  111  116  116  112  108  108  115  131  153
  180  208  235  262  290  320  349  376  401  424  446  467  489  508  523  533
  538  539  535  529  523  520  521  524  526  526  524  521  516  507  494  474
  450  427  403  378  356  329  322  311  292                                   
     7.5-180.0 180.0   5.0 450.0                            LAT/LON1/LON2/DLON/H
  285  271  263  244  236  225  219  210  196  180  164  151  139  129  121  115
  109  105  101   99  100  106  114  121  123  120  116  112  112  120  136  159
