data/edconvlstm_nd/pred2200.15i
     1.0            IONOSPHERE MAPS     GNSS                IONEX VERSION / TYPE
pyspatialgeodesy        IME             05-JAN-18 20:20     PGM / RUN BY / DATE 
Map Name                                                    COMMENT             
Predicted global ionosphere maps (GIM).                     DESCRIPTION         
  2015     8     8     0     0     0                        EPOCH OF FIRST MAP  
  2015     8     9     0     0     0                        EPOCH OF LAST MAP   
  7200                                                      INTERVAL            
    13                                                      # OF MAPS IN FILE   
  NONE                                                      MAPPING FUNCTION    
10.0                                                        ELEVATION CUTOFF    
One-way carrier phase leveled to code                       OBSERVABLES USED    
  6371.0                                                    BASE RADIUS         
 2                                                          MAP DIMENSION       
   450.0 450.0   0.0                                        HGT1 / HGT2 / DHGT  
    87.5 -87.5  -2.5                                        LAT1 / LAT2 / DLAT  
  -180.0 180.0   5.0                                        LON1 / LON2 / DLON  
    -1                                                      EXPONENT            
                                                            END OF HEADER       
[from data line 858]
     3                                                      START OF TEC MAP    
  2015     8     8     4     0     0                        EPOCH OF CURRENT MAP
    87.5-180.0 180.0   5.0 450.0                            LAT/LON1/LON2/DLON/H
  125  126  126  130  131  127  125  123  123  124  124  124  124  123  123  123
  122  121  121  120  119  118  117  116  115  115  114  113  112  112  111  111
  111  111  110  111  111  111  112  112  113  114  114  115  116  117  118  119
  120  121  121  122  122  123  123  123  123  124  124  124  123  123  123  123
  124  125  124  123  127  127  129  122  125                                   
    85.0-180.0 180.0   5.0 450.0                            LAT/LON1/LON2/DLON/H
  127  138  133  136  140  137  137  136  136  136  135  135  135  134  134  133
  132  131  130  129  128  126  125  124  123  121  120  119  118  118  117  117
  116  116  116  117  117  118  118  119  120  122  123  124  126  127  128  130
  131  132  133  134  135  136  137  137  137  138  138  138  138  138  137  138
  139  141  137  139  134  132  134  125  127                                   
    82.5-180.0 180.0   5.0 450.0                            LAT/LON1/LON2/DLON/H
  135  142  145  142  143  142  142  141  141  141  140  139  139  138  137  136
  135  134  132  131  129  127  125  123  122  120  118  117  115  114  113  113
  112  112  113  113  114  115  116  117  119  121  123  125  127  129  131  133
  135  137  139  140  141  142  143  144  145  145  146  146  146  146  145  146
  146  147  144  144  147  136  131  123  135                                   
    80.0-180.0 180.0   5.0 450.0                            LAT/LON1/LON2/DLON/H
  141  144  138  138  140  139  140  140  140  139  137  137  136  135  134  133
  132  130  129  127  125  123  121  118  116  113  111  109  108  106  105  104
  104  104  104  105  106  107  109  111  113  115  118  121  124  127  130  132
  135  138  140  142  143  145  146  147  148  148  149  149  149  149  148  149
  148  147  145  145  149  143  143  127  141                                   
    77.5-180.0 180.0   5.0 450.0                            LAT/LON1/LON2/DLON/H
  143  145  138  139  138  138  141  140  139  137  135  134  133  132  131  130
  129  128  127  126  124  122  119  116  113  110  107  105  103  101  100  100
   99  100  101  102  103  105  107  109  112  115  118  122  125  129  133  136
  139  142  145  147  149  150  151  152  153  153  153  153  153  153  153  153
  152  152  147  149  150  142  140  132  143                                   
    75.0-180.0 180.0   5.0 450.0                            LAT/LON1/LON2/DLON/H
  140  143  133  136  134  135  135  133  132  129  126  125  123  122  121  120
  120  120  120  119  117  115  113  109  106  102   99   96   94   92   91   91
   91   92   93   94   96   98  100  103  106  109  113  117  121  125  129  133
  137  140  143  145  147  148  149  150  151  151  151  151  151  151  151  151
  150  149  146  142  144  139  138  133  140                                   
    72.5-180.0 180.0   5.0 450.0                            LAT/LON1/LON2/DLON/H
  137  143  136  137  137  136  137  134  131  127  123  121  118  116  115  115
  115  116  117  117  116  115  112  108  104  100   97   93   91   90   89   89
   90   91   93   94   96   98  101  104  107  111  115  120  125  130  135  139
  143  147  149  151  153  154  154  154  154  155  155  155  155  155  155  156
  155  154  152  149  147  141  139  135  137                                   
    70.0-180.0 180.0   5.0 450.0                            LAT/LON1/LON2/DLON/H
  142  145  139  138  138  136  135  131  127  122  117  113  109  106  105  104
  105  106  108  109  109  108  106  102   98   93   89   86   83   82   83   83
   85   86   88   90   92   94   96  100  103  108  113  118  124  130  135  140
  144  147  150  151  152  153  153  153  153  153  153  154  154  155  155  157
  156  155  154  152  151  145  146  140  142                                   
    67.5-180.0 180.0   5.0 450.0                            LAT/LON1/LON2/DLON/H
  143  148  141  140  138  136  134  128  123  117  110  105  100   96   94   93
   93   95   97   99  100   99   97   93   88   83   79   76   74   73   74   75
   77   78   80   82   84   86   89   92   97  102  108  114  121  127  133  137
  141  144  146  148  148  148  148  148  148  148  149  150  151  152  153  155
  155  155  154  152  151  147  147  144  143                                   
    65.0-180.0 180.0   5.0 450.0                            LAT/LON1/LON2/DLON/H
  146  151  144  142  140  136  134  128  122  115  107  101   94   89   86   84
   84   85   87   89   90   90   87   83   78   74   69   67   66   66   67   69
   71   72   74   75   77   79   83   87   92   99  106  113  121  127  133  137
  141  143  144  145  145  145  145  145  145  146  147  149  151  152  154  156
  156  156  155  154  154  151  152  149  146                                   
    62.5-180.0 180.0   5.0 450.0                            LAT/LON1/LON2/DLON/H
  148  154  148  145  142  138  135  129  123  114  106   99   92   86   81   78
   77   77   79   80   81   81   78   74   69   65   61   59   59   60   62   64
   66   67   68   69   71   74   78   83   90   98  106  115  122  129  134  138
  141  142  143  143  143  143  143  144  144  146  147  150  152  154  155  157
  158  158  158  156  155  153  156  155  148                                   
    60.0-180.0 180.0   5.0 450.0                            LAT/LON1/LON2/DLON/H
  150  156  150  147  144  139  136  129  123  115  106   99   91   84   78   74
   71   70   71   72   72   71   68   64   60   56   54   53   54   56   58   60
   61   62   63   64   66   69   74   81   89   98  108  117  125  132  137  139
  141  141  141  141  141  141  142  143  145  146  148  151  153  155  157  159
  159  159  159  157  157  155  158  158  150                                   
    57.5-180.0 180.0   5.0 450.0                            LAT/LON1/LON2/DLON/H
  153  158  153  150  146  141  138  131  125  116  108  100   92   84   78   72
   68   66   65   64   64   62   60   57   53   51   50   51   52   55   57   59
   59   60   60   61   63   67   73   81   90  101  111  121  130  137  141  143
  143  142  142  141  142  143  144  145  147  149  152  154  157  158  160  161
  161  161  160  159  158  157  160  161  153                                   
    55.0-180.0 180.0   5.0 450.0                            LAT/LON1/LON2/DLON/H
  155  160  154  152  148  143  141  134  128  119  110  102   94   86   78   72
   67   63   61   59   58   56   54   52   50   49   50   52   54   57   59   60
   60   60   59   60   63   67   74   83   93  104  116  127  136  143  147  148
  147  146  145  144  144  146  147  149  152  154  156  158  160  162  162  164
  163  163  162  160  160  159  162  164  155                                   
    52.5-180.0 180.0   5.0 450.0                            LAT/LON1/LON2/DLON/H
  158  162  157  155  152  147  145  138  132  123  113  105   97   88   80   73
   67   62   59   57   55   54   52   51   51   52   54   57   60   63   64   65
   64   63   62   63   66   71   77   86   97  109  122  133  143  151  155  155
  154  152  150  149  150  151  153  154  156  158  160  162  164  164  165  166
  166  165  165  163  163  161  165  166  158                                   
    50.0-180.0 180.0   5.0 450.0                            LAT/LON1/LON2/DLON/H
  162  165  161  159  157  153  151  145  138  128  119  110  101   92   84   76
   70   65   61   58   57   56   55   55   57   59   62   65   69   71   72   72
   71   69   68   69   71   76   83   92  102  114  127  140  151  159  164  165
  164  161  159  158  157  158  159  160  162  163  165  166  166  167  167  169
  168  169  169  167  167  166  169  170  162                                   
    47.5-180.0 180.0   5.0 450.0                            LAT/LON1/LON2/DLON/H
  166  169  165  165  163  160  159  154  147  136  126  116  106   97   89   81
   74   69   66   63   62   61   62   63   66   69   73   76   79   81   81   81
   79   78   77   77   79   83   89   97  107  119  133  146  159  168  174  176
  175  173  170  168  167  166  166  166  167  167  168  168  169  169  169  171
  171  173  173  172  173  171  175  175  166                                   
    45.0-180.0 180.0   5.0 450.0                            LAT/LON1/LON2/DLON/H
  171  175  171  171  170  168  168  163  156  146  135  124  114  104   96   88
   81   76   73   71   70   70   71   73   77   81   85   88   90   91   91   90
   89   87   86   86   88   91   96  103  112  124  138  152  166  177  185  188
  188  186  183  179  177  175  173  172  171  172  172  172  171  171  172  174
  175  178  179  179  179  177  181  181  171                                   
    42.5-180.0 180.0   5.0 450.0                            LAT/LON1/LON2/DLON/H
  178  182  178  177  178  176  177  172  166  156  145  134  124  114  104   96
   89   85   82   80   79   79   81   85   89   93   97   99  100   99   99   99
   98   97   97   96   96   98  102  108  117  128  142  158  172  185  195  199
  200  199  195  191  188  184  181  178  177  177  177  177  176  176  177  179
  181  184  187  187  187  185  188  188  178                                   
    40.0-180.0 180.0   5.0 450.0                            LAT/LON1/LON2/DLON/H
  186  191  186  185  186  184  184  180  175  165  155  145  135  124  115  106
   99   94   91   89   88   89   91   95  100  104  107  108  107  106  106  106
  107  107  106  105  104  105  107  113  121  133  147  163  178  192  203  209
  211  210  207  203  199  195  191  187  186  186  186  185  185  184  185  187
  190  193  196  196  196  193  197  197  186                                   
    37.5-180.0 180.0   5.0 450.0                            LAT/LON1/LON2/DLON/H
  198  202  198  196  195  192  192  188  183  174  165  156  146  136  125  116
  108  103  100   97   96   97   99  104  109  114  115  115  113  112  112  113
  114  115  114  112  110  110  112  117  126  138  152  167  183  198  209  217
  220  220  218  215  211  207  203  200  199  199  199  199  198  197  198  200
  202  205  208  208  208  204  208  208  198                                   
    35.0-180.0 180.0   5.0 450.0                            LAT/LON1/LON2/DLON/H
  214  218  213  210  207  201  199  195  190  182  173  165  156  146  135  125
  116  110  106  103  102  102  106  111  117  121  122  121  118  117  117  118
  120  121  120  117  114  113  115  121  130  142  156  171  187  201  213  221
  226  227  227  226  224  222  219  217  216  217  218  218  217  216  216  217
  218  221  224  223  222  218  222  222  214                                   
    32.5-180.0 180.0   5.0 450.0                            LAT/LON1/LON2/DLON/H
  235  240  235  229  224  214  210  203  197  189  182  174  166  155  144  132
  123  115  110  107  105  107  111  117  123  128  128  126  123  121  121  123
  124  125  123  120  116  115  117  123  133  146  160  174  189  203  215  223
  229  232  235  237  238  238  238  237  237  239  241  242  241  240  239  239
  239  241  242  241  239  236  240  239  235                                   
    30.0-180.0 180.0   5.0 450.0                            LAT/LON1/LON2/DLON/H
  262  266  262  255  246  233  225  215  208  198  190  183  174  163  151  138
  127  118  112  108  107  109  115  122  129  134  134  132  128  125  125  126
  127  126  123  119  115  114  117  124  135  148  161  175  189  202  214  223
  231  236  242  248  253  257  259  260  262  264  266  268  268  267  265  264
  262  262  264  262  260  257  261  261  262                                   
    27.5-180.0 180.0   5.0 450.0                            LAT/LON1/LON2/DLON/H
  292  297  295  286  275  259  246  233  222  210  200  192  182  170  157  142
  129  119  112  108  108  112  119  128  136  140  140  137  133  130  128  128
  127  125  121  116  112  111  115  123  134  147  161  174  187  200  212  222
  232  240  250  260  269  277  282  285  287  290  292  295  296  295  293  291
  287  286  287  285  283  282  286  287  292                                   
    25.0-180.0 180.0   5.0 450.0                            LAT/LON1/LON2/DLON/H
  324  331  330  321  309  290  274  256  242  226  213  202  191  178  162  146
  132  120  113  109  111  116  125  134  142  146  146  142  137  133  130  127
  124  120  115  110  107  107  110  118  130  143  156  170  183  196  210  222
  234  245  259  273  286  297  304  308  311  313  316  319  321  321  319  316
  312  311  311  309  308  309  314  315  324                                   
    22.5-180.0 180.0   5.0 450.0                            LAT/LON1/LON2/DLON/H
  355  363  365  357  344  326  307  286  267  248  231  216  202  186  170  152
  136  124  116  113  116  122  132  141  148  151  150  146  140  134  128  123
  117  111  106  102  100  100  103  110  121  135  149  163  178  193  208  223
  238  253  269  287  302  315  323  327  329  331  334  339  342  344  343  341
  336  335  336  335  335  336  342  343  355                                   
    20.0-180.0 180.0   5.0 450.0                            LAT/LON1/LON2/DLON/H
  383  392  395  389  378  361  341  318  296  273  251  232  215  197  179  161
  144  132  124  122  125  132  141  149  154  154  151  146  139  132  124  116
  108  102   97   94   92   92   94  101  111  124  140  156  173  190  208  226
  244  262  280  299  316  328  336  340  343  345  350  355  361  365  366  364
  360  359  361  361  361  363  368  371  383                                   
    17.5-180.0 180.0   5.0 450.0                            LAT/LON1/LON2/DLON/H
  406  415  419  415  406  391  371  348  325  299  274  251  230  210  191  173
  158  146  138  136  139  145  151  156  158  155  150  143  135  127  118  108
   99   92   88   86   85   85   86   90  100  113  130  148  167  188  209  230
  250  270  290  309  325  337  345  350  354  358  365  372  380  385  387  385
  383  383  384  384  384  387  392  394  406                                   
    15.0-180.0 180.0   5.0 450.0                            LAT/LON1/LON2/DLON/H
  422  431  435  432  425  412  395  373  349  322  294  269  246  225  206  190
  176  165  159  156  158  161  163  163  160  153  145  137  129  120  110  100
   91   85   82   81   80   79   79   82   90  103  121  141  163  186  209  232
  255  276  296  314  330  342  352  359  365  373  381  391  399  405  407  406
  404  404  405  405  404  407  410  413  422                                   
    12.5-180.0 180.0   5.0 450.0                            LAT/LON1/LON2/DLON/H
  434  440  443  439  435  424  408  389  366  339  310  284  260  239  222  208
  197  189  184  181  179  178  175  168  159  149  138  129  121  113  104   95
   87   81   79   78   78   77   76   78   84   96  114  135  158  182  207  232
  255  277  297  315  331  344  356  367  378  389  400  410  419  425  426  425
  422  422  423  422  420  421  424  426  434                                   
    10.0-180.0 180.0   5.0 450.0                            LAT/LON1/LON2/DLON/H
  441  446  448  441  437  428  413  395  373  347  319  293  270  251  236  226
  219  214  210  205  200  193  184  171  157  142  130  121  114  107  100   92
   85   81   79   79   79   78   77   77   82   93  109  130  153  178  203  227
  251  273  293  311  328  344  360  376  391  405  418  429  437  441  442  440
  438  437  437  434  430  430  433  436  441                                   
     7.5-180.0 180.0   5.0 450.0                            LAT/LON1/LON2/DLON/H
  448  450  450  441  437  427  411  394  372  347  320  295  274  257  246  240
  237  235  232  226  218  205  189  171  152  135  123  115  109  104   98   92
