data/edconvlstm_nd/pred1110.15i
     1.0            IONOSPHERE MAPS     GNSS                IONEX VERSION / TYPE
pyspatialgeodesy        IME             05-JAN-18 20:20     PGM / RUN BY / DATE 
Map Name                                                    COMMENT             
Predicted global ionosphere maps (GIM).                     DESCRIPTION         
  2015     4    21     0     0     0                        EPOCH OF FIRST MAP  
  2015     4    22     0     0     0                        EPOCH OF LAST MAP   
  7200                                                      INTERVAL            
    13                                                      # OF MAPS IN FILE   
  NONE                                                      MAPPING FUNCTION    
10.0                                                        ELEVATION CUTOFF    
One-way carrier phase leveled to code                       OBSERVABLES USED    
  6371.0                                                    BASE RADIUS         
 2                                                          MAP DIMENSION       
   450.0 450.0   0.0                                        HGT1 / HGT2 / DHGT  
    87.5 -87.5  -2.5                                        LAT1 / LAT2 / DLAT  
  -180.0 180.0   5.0                                        LON1 / LON2 / DLON  
    -1                                                      EXPONENT            
                                                            END OF HEADER       
[from data line 1287]
     4                                                      START OF TEC MAP    
  2015     4    21     6     0     0                        EPOCH OF CURRENT MAP
    87.5-180.0 180.0   5.0 450.0                            LAT/LON1/LON2/DLON/H
  214  204  197  199  200  199  197  196  198  200  201  203  204  206  207  208
  209  209  210  210  210  210  210  210  209  209  209  208  208  208  209  209
  210  210  211  212  213  213  214  215  216  216  217  217  217  217  217  217
  217  216  216  215  215  214  213  212  211  210  209  208  207  205  204  203
  202  203  201  202  204  203  201  204  214                                   
    85.0-180.0 180.0   5.0 450.0                            LAT/LON1/LON2/DLON/H
  205  196  193  195  196  196  197  197  200  201  203  205  207  209  211  212
  213  214  215  215  215  215  214  213  212  212  211  211  210  210  211  211
  212  213  215  216  217  218  220  221  222  223  224  225  225  226  226  226
  226  226  226  225  225  224  223  222  221  220  219  217  216  214  212  211
  210  210  205  207  202  201  202  205  205                                   
    82.5-180.0 180.0   5.0 450.0                            LAT/LON1/LON2/DLON/H
  199  195  189  186  186  186  186  187  190  192  195  198  201  205  207  210
  211  212  213  212  211  210  208  205  203  201  199  198  197  197  198  199
  200  202  204  206  209  211  213  215  217  219  220  222  223  224  225  226
  226  227  227  228  228  228  228  227  227  226  225  223  222  220  217  216
  213  211  206  207  205  201  201  190  199                                   
    80.0-180.0 180.0   5.0 450.0                            LAT/LON1/LON2/DLON/H
  194  189  179  176  174  172  173  175  179  182  186  191  196  201  205  209
  211  212  212  211  209  205  201  197  193  189  186  184  183  183  184  186
  189  192  196  200  203  207  210  214  217  220  222  225  227  229  231  233
  235  237  238  239  241  241  242  242  242  242  241  240  238  235  233  230
  227  222  214  213  210  203  205  187  194                                   
    77.5-180.0 180.0   5.0 450.0                            LAT/LON1/LON2/DLON/H
  197  186  178  173  167  164  164  165  169  172  177  184  190  196  202  207
  210  212  212  210  206  201  195  188  182  177  172  169  168  168  170  173
  178  183  189  194  200  205  209  214  218  222  225  229  233  236  240  243
  246  250  252  255  257  260  261  263  263  264  264  263  261  259  256  253
  248  243  233  229  227  217  211  197  197                                   
    75.0-180.0 180.0   5.0 450.0                            LAT/LON1/LON2/DLON/H
  202  192  179  173  165  160  159  158  161  164  169  176  183  190  197  203
  207  210  210  208  203  197  189  180  172  164  158  154  152  153  156  161
  167  174  181  188  195  201  207  212  218  223  228  233  238  243  249  254
  259  264  269  273  276  280  282  285  286  287  288  287  286  284  281  278
  273  268  258  249  242  234  227  213  202                                   
    72.5-180.0 180.0   5.0 450.0                            LAT/LON1/LON2/DLON/H
  210  200  188  177  168  160  157  154  155  157  161  168  175  182  189  196
  201  204  205  204  199  193  184  174  164  155  148  144  142  143  147  153
  160  168  177  185  193  199  206  211  217  223  229  236  243  251  258  265
  272  279  285  290  294  298  301  303  305  306  306  306  305  302  300  297
  292  287  279  270  261  252  244  233  210                                   
    70.0-180.0 180.0   5.0 450.0                            LAT/LON1/LON2/DLON/H
  222  209  197  184  172  162  156  152  151  151  153  159  164  171  178  184
  190  194  196  196  193  187  178  168  157  148  140  135  133  134  138  145
  153  162  171  180  187  194  201  207  214  221  229  238  247  257  266  276
  285  293  299  305  309  312  315  316  317  318  317  316  314  312  309  306
  301  297  290  283  275  268  262  253  222                                   
    67.5-180.0 180.0   5.0 450.0                            LAT/LON1/LON2/DLON/H
  227  216  205  190  178  166  158  152  149  148  148  151  155  160  166  171
  177  181  185  186  184  180  172  163  152  142  134  129  127  128  133  140
  148  157  165  174  181  188  194  201  209  218  228  239  251  263  275  286
  296  305  312  317  321  323  324  324  324  323  321  319  316  312  307  303
  299  295  290  284  279  274  269  264  227                                   
    65.0-180.0 180.0   5.0 450.0                            LAT/LON1/LON2/DLON/H
  230  221  209  194  181  168  159  152  148  145  143  145  146  149  153  157
  161  166  170  172  172  168  162  154  144  135  128  123  121  122  127  133
  141  149  158  165  173  180  187  195  205  216  228  242  256  270  284  297
  308  317  324  329  331  331  330  329  327  325  323  319  315  309  302  296
  290  286  282  278  276  275  272  269  230                                   
    62.5-180.0 180.0   5.0 450.0                            LAT/LON1/LON2/DLON/H
  231  223  213  196  183  169  159  151  146  141  139  138  138  139  140  143
  146  149  153  155  155  153  148  141  133  125  119  115  114  115  119  125
  132  140  148  156  163  171  179  190  202  215  231  247  263  279  295  309
  321  330  336  339  340  339  337  334  332  330  327  323  317  309  299  291
  283  277  272  270  269  270  268  267  231                                   
    60.0-180.0 180.0   5.0 450.0                            LAT/LON1/LON2/DLON/H
  233  225  215  197  184  168  157  147  141  135  132  131  129  128  128  129
  130  132  134  136  135  133  129  124  118  112  108  105  104  106  110  115
  122  130  138  146  154  163  174  186  201  218  236  255  273  290  307  321
  333  343  349  352  352  350  347  345  343  341  339  335  328  318  306  295
  283  274  268  265  265  267  266  262  233                                   
    57.5-180.0 180.0   5.0 450.0                            LAT/LON1/LON2/DLON/H
  241  233  223  203  189  172  159  146  137  129  125  122  121  119  118  117
  116  116  117  117  116  113  110  106  102   99   97   96   96   98  101  106
  113  121  130  139  149  159  172  187  205  224  245  265  285  303  320  335
  347  357  364  367  368  366  365  363  363  363  362  359  352  341  327  312
  297  284  276  270  270  271  269  263  241                                   
    55.0-180.0 180.0   5.0 450.0                            LAT/LON1/LON2/DLON/H
  257  248  239  217  204  185  169  152  138  127  119  116  113  112  110  108
  106  105  103  101   99   96   94   92   90   90   90   90   91   93   95  100
  107  116  126  136  147  160  174  191  211  233  256  278  299  318  335  350
  363  373  381  386  388  388  389  389  391  393  395  393  387  376  360  342
  324  308  296  287  285  284  280  272  257                                   
    52.5-180.0 180.0   5.0 450.0                            LAT/LON1/LON2/DLON/H
  283  273  263  241  228  208  189  167  147  130  119  113  110  108  106  104
  102   99   95   92   89   86   85   85   86   88   90   91   92   93   95   99
  106  115  126  138  151  164  180  198  220  244  268  291  313  332  349  365
  379  391  401  408  412  415  417  420  424  429  432  432  427  416  400  380
  359  341  326  313  308  304  298  288  283                                   
    50.0-180.0 180.0   5.0 450.0                            LAT/LON1/LON2/DLON/H
  312  301  292  272  260  240  218  191  165  143  126  117  112  109  107  106
  103   99   95   91   87   85   85   87   91   94   98  100  100  100  101  104
  110  120  132  144  158  172  188  207  230  255  280  304  327  347  365  381
  397  410  422  431  438  443  447  451  457  462  466  467  463  453  438  418
  397  377  360  344  334  328  321  311  312                                   
    47.5-180.0 180.0   5.0 450.0                            LAT/LON1/LON2/DLON/H
  340  329  319  304  294  275  251  221  190  162  141  127  119  115  114  112
  110  106  102   98   95   95   96  100  105  110  113  115  115  113  113  114
  120  129  141  154  167  181  196  216  239  265  291  317  340  361  380  398
  415  430  443  453  461  467  472  476  481  486  490  491  488  479  466  448
  428  409  390  372  360  351  341  333  340                                   
    45.0-180.0 180.0   5.0 450.0                            LAT/LON1/LON2/DLON/H
  361  348  340  331  322  306  282  251  217  185  160  143  132  127  124  123
  121  118  115  113  112  113  116  121  126  131  134  134  132  129  126  126
  130  139  150  163  176  189  204  223  247  273  301  328  352  375  395  415
  432  448  462  473  481  487  490  493  496  499  502  503  501  494  482  467
  449  431  413  394  379  368  357  349  361                                   
    42.5-180.0 180.0   5.0 450.0                            LAT/LON1/LON2/DLON/H
  370  356  349  345  337  326  304  275  241  209  182  162  149  142  138  137
  136  135  134  134  135  138  142  147  151  154  154  152  148  143  139  138
  141  148  158  170  183  196  211  230  254  281  310  338  364  388  411  431
  450  467  481  492  499  504  506  507  508  510  511  512  510  504  494  479
  463  446  427  409  392  377  365  358  370                                   
    40.0-180.0 180.0   5.0 450.0                            LAT/LON1/LON2/DLON/H
  369  352  345  343  336  327  309  286  257  227  201  181  167  159  155  153
  153  154  156  159  162  166  170  173  175  174  171  166  160  154  150  147
  149  154  164  175  188  201  217  237  261  289  319  348  375  401  426  449
  469  486  501  513  521  526  528  529  529  529  530  530  528  522  513  498
  481  463  442  423  403  384  371  361  369                                   
    37.5-180.0 180.0   5.0 450.0                            LAT/LON1/LON2/DLON/H
  365  342  331  325  316  308  296  280  258  236  214  197  185  176  171  170
  171  174  179  185  190  194  196  197  195  190  184  176  169  163  158  155
  155  159  167  178  191  206  224  245  270  298  328  358  386  415  441  467
  489  509  526  541  552  560  565  567  568  569  570  571  569  564  553  537
  517  494  470  447  423  399  382  367  365                                   
    35.0-180.0 180.0   5.0 450.0                            LAT/LON1/LON2/DLON/H
  369  340  320  302  287  275  265  257  245  232  219  208  198  191  187  186
  189  194  202  209  215  219  219  216  211  202  193  184  177  171  166  162
  160  162  169  180  195  212  231  254  280  308  338  368  398  428  458  486
  512  536  558  578  595  609  619  626  631  635  638  640  640  635  624  605
  581  552  522  493  465  435  411  389  369                                   
    32.5-180.0 180.0   5.0 450.0                            LAT/LON1/LON2/DLON/H
  395  357  324  289  264  244  232  228  224  220  216  212  207  203  200  201
  205  213  222  231  238  239  237  232  224  213  203  193  185  180  175  170
  166  165  171  183  199  219  241  265  291  319  349  379  410  442  474  506
  537  566  594  622  648  672  690  705  717  727  734  740  741  738  726  706
  677  643  607  569  537  498  464  435  395                                   
    30.0-180.0 180.0   5.0 450.0                            LAT/LON1/LON2/DLON/H
  449  406  355  302  263  232  212  207  206  209  212  214  214  213  212  214
  219  228  239  249  255  256  252  246  237  226  215  205  197  191  185  178
  172  170  175  187  205  227  252  277  303  331  360  389  421  455  490  526
  562  597  634  670  706  740  769  794  815  833  848  858  863  862  851  830
  799  761  721  676  640  591  543  509  449                                   
    27.5-180.0 180.0   5.0 450.0                            LAT/LON1/LON2/DLON/H
  532  489  421  350  296  254  222  210  207  211  216  221  223  223  223  225
  231  240  252  261  267  268  266  261  253  243  232  221  213  206  198  189
  181  177  180  193  213  237  263  288  315  342  370  400  433  468  506  546
  586  628  671  716  761  803  842  877  909  937  959  975  984  986  978  957
  927  890  851  802  764  704  644  608  532                                   
    25.0-180.0 180.0   5.0 450.0                            LAT/LON1/LON2/DLON/H
  640  599  520  435  369  316  270  247  237  235  236  238  239  238  237  238
  242  250  260  270  276  280  280  278  272  263  252  241  231  223  213  201
  190  184  187  199  220  245  272  298  325  352  381  412  445  482  522  564
  608  655  704  755  805  854  899  941  981 1017 1046 1068 1081 1086 1080 1063
 1037 1006  973  925  886  821  757  724  640                                   
    22.5-180.0 180.0   5.0 450.0                            LAT/LON1/LON2/DLON/H
  756  718  638  549  474  413  355  319  296  283  275  270  265  260  256  253
  253  258  267  276  284  291  295  296  293  285  273  261  250  240  228  213
  199  190  191  203  224  250  277  304  332  362  393  426  461  498  539  583
  629  678  730  783  835  884  932  977 1021 1061 1094 1118 1135 1143 1142 1131
 1110 1088 1064 1022  985  921  864  838  756                                   
    20.0-180.0 180.0   5.0 450.0                            LAT/LON1/LON2/DLON/H
  860  820  748  668  592  529  464  416  380  353  332  316  303  291  281  273
  268  269  274  283  293  302  309  313  312  304  292  279  267  253  237  219
  201  190  189  200  221  248  277  306  337  371  406  441  478  517  558  602
  648  697  747  798  847  894  938  982 1024 1063 1095 1119 1137 1150 1155 1150
 1138 1125 1113 1080 1047  988  946  929  860                                   
    17.5-180.0 180.0   5.0 450.0                            LAT/LON1/LON2/DLON/H
  931  887  829  763  697  640  576  521  475  436  403  375  352  332  314  299
  288  284  285  292  303  314  324  329  328  320  306  291  274  256  236  214
  194  181  179  190  212  240  271  304  339  378  417  457  496  535  576  619
  664  709  756  801  843  882  920  958  994 1026 1054 1075 1093 1108 1119 1123
 1120 1117 1116 1093 1068 1015  991  981  931                                   
    15.0-180.0 180.0   5.0 450.0                            LAT/LON1/LON2/DLON/H
  958  908  862  812  761  716  661  608  560  515  474  438  407  380  355  333
  316  305  302  306  316  328  338  344  341  330  311  289  266  243  220  197
  177  164  163  175  198  228  263  300  340  383  427  469  510  550  590  630
  672  714  754  791  823  853  883  913  941  966  986 1004 1020 1038 1053 1064
 1070 1075 1083 1068 1051 1006  994  990  958                                   
    12.5-180.0 180.0   5.0 450.0                            LAT/LON1/LON2/DLON/H
  943  884  845  809  772  740  698  653  611  569  529  492  459  428  400  373
  350  333  325  326  334  345  354  357  349  330  302  273  245  220  197  175
  157  146  147  161  186  218  255  295  339  385  431  476  518  558  596  635
  674  712  746  774  798  819  841  864  886  904  917  930  945  964  983  999
 1011 1021 1033 1023 1011  974  967  967  943                                   
    10.0-180.0 180.0   5.0 450.0                            LAT/LON1/LON2/DLON/H
  903  833  794  767  740  719  690  657  626  593  560  527  497  469  442  415
  389  368  356  353  357  365  370  365  346  316  281  248  220  198  177  158
  142  134  136  151  177  210  249  291  336  384  431  476  518  557  595  632
  670  705  736  759  777  794  813  833  852  864  871  879  892  911  931  948
  962  975  986  978  969  938  930  931  903                                   
     7.5-180.0 180.0   5.0 450.0                            LAT/LON1/LON2/DLON/H
  857  776  733  707  686  673  655  635  617  596  571  545  519  496  473  450
  426  404  389  382  382  382  376  359  330  294  257  226  201  181  164  147
