data/edconvlstm_nd/pred1420.15i
     1.0            IONOSPHERE MAPS     GNSS                IONEX VERSION / TYPE
pyspatialgeodesy        IME             05-JAN-18 20:20     PGM / RUN BY / DATE 
Map Name                                                    COMMENT             
Predicted global ionosphere maps (GIM).                     DESCRIPTION         
  2015     5    22     0     0     0                        EPOCH OF FIRST MAP  
  2015     5    23     0     0     0                        EPOCH OF LAST MAP   
  7200                                                      INTERVAL            
    13                                                      # OF MAPS IN FILE   
  NONE                                                      MAPPING FUNCTION    
10.0                                                        ELEVATION CUTOFF    
One-way carrier phase leveled to code                       OBSERVABLES USED    
  6371.0                                                    BASE RADIUS         
 2                                                          MAP DIMENSION       
   450.0 450.0   0.0                                        HGT1 / HGT2 / DHGT  
    87.5 -87.5  -2.5                                        LAT1 / LAT2 / DLAT  
  -180.0 180.0   5.0                                        LON1 / LON2 / DLON  
    -1                                                      EXPONENT            
                                                            END OF HEADER       
[from data line 858]
     3                                                      START OF TEC MAP    
  2015     5    22     4     0     0                        EPOCH OF CURRENT MAP
    87.5-180.0 180.0   5.0 450.0                            LAT/LON1/LON2/DLON/H
  175  175  174  176  176  174  171  169  170  170  170  170  170  169  169  168
  168  167  166  165  164  163  162  161  160  158  157  156  155  154  154  153
  152  152  151  151  151  151  151  151  151  151  152  152  152  153  153  154
  154  154  155  155  155  155  156  156  156  156  156  157  157  157  157  158
  160  162  162  163  167  168  168  168  175                                   
    85.0-180.0 180.0   5.0 450.0                            LAT/LON1/LON2/DLON/H
  176  182  175  180  183  181  181  180  180  180  180  180  179  179  178  177
  177  176  175  174  173  171  170  169  167  166  165  163  162  161  160  159
  159  158  158  157  157  157  157  157  157  158  158  158  159  159  160  160
  161  161  162  162  162  162  163  163  163  163  164  164  164  165  165  166
  169  171  169  173  169  170  171  170  176                                   
    82.5-180.0 180.0   5.0 450.0                            LAT/LON1/LON2/DLON/H
  181  183  182  180  180  180  180  180  181  180  179  179  178  177  177  176
  175  174  173  172  171  169  167  166  164  162  160  159  157  156  155  154
  153  152  152  152  152  152  153  153  154  154  155  156  157  158  159  160
  160  161  161  162  162  162  162  162  162  162  162  163  163  163  164  165
  167  168  167  170  173  169  169  162  181                                   
    80.0-180.0 180.0   5.0 450.0                            LAT/LON1/LON2/DLON/H
  179  184  178  177  179  180  182  182  182  180  179  178  177  175  174  173
  172  171  170  169  167  166  164  162  160  157  155  153  151  149  148  147
  147  147  147  148  148  149  150  151  152  154  155  157  158  160  162  163
  165  166  166  167  167  166  166  165  165  165  164  164  165  165  166  167
  168  168  167  170  175  173  177  164  179                                   
    77.5-180.0 180.0   5.0 450.0                            LAT/LON1/LON2/DLON/H
  177  180  177  178  178  180  182  182  181  179  176  175  173  170  169  167
  166  165  164  164  163  162  160  158  155  153  150  147  145  144  143  142
  143  144  145  147  149  151  152  154  156  158  160  163  165  168  171  173
  175  176  177  177  177  176  175  174  172  171  170  170  170  170  170  172
  172  173  169  173  177  173  173  167  177                                   
    75.0-180.0 180.0   5.0 450.0                            LAT/LON1/LON2/DLON/H
  174  178  174  177  177  180  182  181  180  177  173  170  166  163  160  158
  157  156  156  156  156  156  154  152  150  146  143  140  137  136  135  136
  138  140  143  146  149  152  154  157  159  162  164  167  171  175  178  182
  185  186  187  187  186  185  182  180  178  176  175  174  174  174  175  177
  177  177  174  172  175  173  173  169  174                                   
    72.5-180.0 180.0   5.0 450.0                            LAT/LON1/LON2/DLON/H
  171  177  174  176  178  180  182  182  181  177  172  168  162  157  153  151
  149  149  150  151  152  153  152  150  147  144  140  136  134  132  133  134
  138  142  147  152  156  160  163  166  168  171  174  178  182  187  191  195
  199  201  201  201  199  196  192  189  186  183  182  181  181  181  182  184
  184  185  183  181  179  175  174  171  171                                   
    70.0-180.0 180.0   5.0 450.0                            LAT/LON1/LON2/DLON/H
  173  174  172  174  176  177  180  180  179  175  170  164  158  151  146  142
  140  140  141  143  146  147  147  145  142  138  133  129  126  125  126  130
  134  141  147  154  160  164  168  171  173  175  179  183  188  193  199  204
  207  209  209  207  204  199  195  190  186  183  182  181  182  183  185  187
  188  188  187  185  184  179  179  176  173                                   
    67.5-180.0 180.0   5.0 450.0                            LAT/LON1/LON2/DLON/H
  172  172  169  171  173  174  177  178  177  174  168  163  155  147  141  135
  132  132  134  137  140  142  142  141  137  132  127  122  119  119  121  125
  131  139  147  155  162  167  171  174  176  178  181  185  191  197  203  208
  212  213  212  209  204  199  193  187  183  180  178  178  179  181  183  186
  187  188  188  186  185  181  181  180  172                                   
    65.0-180.0 180.0   5.0 450.0                            LAT/LON1/LON2/DLON/H
  173  171  167  168  170  171  174  175  175  172  168  163  155  147  139  132
  128  126  128  130  134  136  137  135  131  126  121  117  114  114  117  122
  129  138  147  156  163  169  174  176  178  181  184  188  194  200  206  211
  214  215  213  209  203  197  190  185  180  178  176  176  177  178  181  184
  186  188  188  187  187  184  185  184  173                                   
    62.5-180.0 180.0   5.0 450.0                            LAT/LON1/LON2/DLON/H
  177  174  170  168  169  169  171  172  173  171  168  164  158  149  140  132
  127  123  123  125  128  130  130  129  125  120  116  112  111  112  115  120
  127  136  146  155  163  170  175  178  181  183  187  191  197  204  209  214
  216  215  213  208  202  196  190  185  181  178  177  176  176  177  178  181
  183  186  187  187  189  187  190  190  177                                   
    60.0-180.0 180.0   5.0 450.0                            LAT/LON1/LON2/DLON/H
  184  181  176  171  170  168  168  168  169  168  167  164  159  152  143  134
  126  122  120  120  121  122  122  121  117  114  111  109  110  111  115  120
  126  134  143  152  161  169  175  180  184  187  191  196  201  207  212  216
  217  216  213  209  203  198  193  189  186  183  182  180  179  178  177  179
  180  183  185  188  191  191  195  195  184                                   
    57.5-180.0 180.0   5.0 450.0                            LAT/LON1/LON2/DLON/H
  195  194  187  180  177  172  169  167  166  165  164  163  160  154  145  136
  128  121  118  116  116  116  115  113  111  110  109  110  112  115  118  122
  127  133  140  149  158  168  176  183  188  193  198  203  208  213  218  220
  221  220  217  214  210  207  204  201  198  196  193  190  186  182  179  179
  179  181  185  189  194  196  202  202  195                                   
    55.0-180.0 180.0   5.0 450.0                            LAT/LON1/LON2/DLON/H
  210  211  202  194  189  180  175  169  166  162  161  161  159  154  147  139
  130  123  118  115  113  112  111  109  108  108  110  113  117  121  125  127
  129  133  138  146  156  167  177  187  195  201  207  212  217  222  226  228
  229  228  227  225  224  222  221  219  217  214  210  204  198  190  184  181
  180  182  187  193  200  203  209  211  210                                   
    52.5-180.0 180.0   5.0 450.0                            LAT/LON1/LON2/DLON/H
  226  229  221  213  206  195  186  176  169  163  160  159  157  154  148  141
  133  126  121  117  115  113  111  110  110  111  115  121  127  131  134  134
  134  135  138  145  155  168  181  193  203  211  218  224  229  233  237  239
  240  241  242  242  243  243  244  243  241  237  231  222  212  202  192  187
  183  185  191  198  206  211  218  221  226                                   
    50.0-180.0 180.0   5.0 450.0                            LAT/LON1/LON2/DLON/H
  241  247  240  235  227  214  204  189  179  168  162  159  156  153  149  143
  136  130  126  123  121  119  117  116  117  120  125  132  139  144  145  144
  141  139  141  147  157  171  186  200  213  223  231  237  242  246  250  253
  256  259  261  264  267  268  269  268  266  260  252  242  229  215  203  195
  190  192  198  205  214  220  228  231  241                                   
    47.5-180.0 180.0   5.0 450.0                            LAT/LON1/LON2/DLON/H
  253  261  255  254  247  235  224  208  193  179  168  162  158  154  149  144
  139  135  133  132  131  130  129  128  129  133  139  146  152  156  157  154
  150  146  146  151  161  175  192  208  223  234  242  249  254  260  265  270
  274  279  283  288  291  293  294  292  288  282  273  260  246  230  216  207
  201  201  207  214  223  229  237  242  253                                   
    45.0-180.0 180.0   5.0 450.0                            LAT/LON1/LON2/DLON/H
  262  269  267  269  264  254  245  229  212  194  180  170  163  157  151  147
  143  141  140  141  142  143  143  144  145  149  154  160  166  169  168  164
  159  155  154  158  168  182  199  216  231  243  252  259  266  272  279  286
  293  299  305  310  313  315  315  312  308  301  291  278  263  247  232  222
  214  214  219  225  233  239  247  252  262                                   
    42.5-180.0 180.0   5.0 450.0                            LAT/LON1/LON2/DLON/H
  268  273  273  277  276  269  263  249  232  212  195  182  171  162  156  150
  147  146  147  150  153  156  158  160  163  166  170  175  178  179  177  174
  169  166  164  167  176  189  205  222  238  250  260  267  275  283  292  301
  309  317  323  328  331  332  331  329  325  319  311  299  284  268  253  241
  232  231  233  238  244  249  257  262  268                                   
    40.0-180.0 180.0   5.0 450.0                            LAT/LON1/LON2/DLON/H
  273  275  275  280  281  277  275  265  250  231  212  197  183  171  162  155
  151  151  153  158  163  168  173  177  180  183  186  188  189  188  186  183
  179  177  176  178  184  195  210  227  242  255  264  273  282  292  303  313
  323  330  336  341  344  346  346  345  344  341  335  325  312  296  280  267
  256  252  252  253  257  261  269  273  273                                   
    37.5-180.0 180.0   5.0 450.0                            LAT/LON1/LON2/DLON/H
  281  279  279  281  283  281  281  275  264  247  229  213  197  183  171  161
  156  155  158  164  171  178  186  192  197  201  202  201  199  197  194  192
  190  188  187  188  192  200  213  229  244  256  266  275  285  297  310  322
  332  339  345  350  355  358  361  365  368  370  368  361  349  332  315  300
  286  279  276  274  275  278  285  288  281                                   
    35.0-180.0 180.0   5.0 450.0                            LAT/LON1/LON2/DLON/H
  297  291  289  286  287  284  285  281  274  260  244  228  212  196  181  169
  162  160  162  168  177  187  197  207  214  218  219  216  212  207  204  201
  200  199  197  196  197  203  214  228  242  255  265  275  286  299  313  326
  336  343  349  356  363  370  379  389  399  406  410  406  396  379  360  342
  324  313  306  300  299  301  308  309  297                                   
    32.5-180.0 180.0   5.0 450.0                            LAT/LON1/LON2/DLON/H
  326  317  310  301  299  293  291  287  282  270  257  242  226  209  193  179
  169  165  166  172  182  195  209  222  232  238  238  233  226  219  214  211
  209  207  204  201  200  203  212  224  238  250  261  271  282  296  311  324
  334  341  348  356  368  382  398  416  434  449  458  459  451  435  414  391
  370  354  344  334  330  331  338  337  326                                   
    30.0-180.0 180.0   5.0 450.0                            LAT/LON1/LON2/DLON/H
  367  358  346  330  323  312  306  299  292  281  269  255  240  223  206  190
  178  171  171  176  187  203  221  239  252  258  258  252  243  233  226  220
  217  213  208  202  199  200  207  218  231  243  254  264  276  290  305  317
  326  333  341  353  371  393  418  444  470  492  508  514  509  493  471  446
  421  402  389  376  369  370  375  372  367                                   
    27.5-180.0 180.0   5.0 450.0                            LAT/LON1/LON2/DLON/H
  421  414  398  376  362  346  332  319  308  295  282  269  254  237  219  202
  188  180  177  182  194  213  235  256  271  279  278  270  259  247  236  228
  221  215  207  200  195  195  200  210  222  233  244  254  267  281  295  307
  315  322  332  349  373  403  436  470  503  531  552  563  561  548  527  501
  474  453  439  423  413  414  418  413  421                                   
    25.0-180.0 180.0   5.0 450.0                            LAT/LON1/LON2/DLON/H
  481  480  460  435  415  393  371  350  333  315  299  284  269  252  234  216
  201  190  186  190  203  225  250  273  290  297  295  286  273  258  244  232
  222  212  203  195  189  187  191  199  210  221  232  243  256  270  284  295
  303  311  324  346  376  413  452  491  527  559  584  598  600  591  572  548
  523  503  488  472  460  459  462  457  481                                   
    22.5-180.0 180.0   5.0 450.0                            LAT/LON1/LON2/DLON/H
  538  545  524  498  473  448  418  389  364  340  319  302  285  267  250  232
  216  203  197  200  215  238  265  289  305  311  307  296  280  263  246  231
  217  205  194  186  180  179  182  188  197  208  219  232  246  260  274  285
  294  304  320  346  381  421  462  502  539  572  598  615  621  616  603  583
  562  545  532  515  501  500  502  497  538                                   
    20.0-180.0 180.0   5.0 450.0                            LAT/LON1/LON2/DLON/H
  582  596  576  555  527  499  463  428  396  367  341  320  302  284  266  249
  233  219  212  214  227  251  277  300  314  316  309  294  277  258  239  221
  205  192  182  175  171  170  172  176  184  195  207  221  237  252  267  279
  290  302  322  351  388  428  466  503  538  569  595  614  624  625  618  605
  590  576  565  550  534  531  536  530  582                                   
    17.5-180.0 180.0   5.0 450.0                            LAT/LON1/LON2/DLON/H
  607  623  608  593  566  538  499  460  423  390  361  338  318  300  283  267
  251  236  228  228  240  261  285  304  312  309  297  279  260  241  221  203
  187  175  167  163  161  161  162  165  171  182  196  212  229  247  263  277
  291  307  331  361  398  434  468  499  528  556  580  600  613  620  620  615
  606  596  588  574  557  552  559  555  607                                   
    15.0-180.0 180.0   5.0 450.0                            LAT/LON1/LON2/DLON/H
  613  627  616  608  584  558  519  478  440  405  375  351  331  314  298  283
  269  255  245  243  252  269  286  298  298  288  270  250  231  214  197  180
  167  158  153  152  152  153  153  154  159  170  185  204  223  242  260  277
  295  316  342  374  409  441  469  495  518  540  562  581  597  609  616  617
  613  608  602  589  571  563  573  571  613                                   
    12.5-180.0 180.0   5.0 450.0                            LAT/LON1/LON2/DLON/H
  607  616  608  604  585  560  522  483  445  410  381  358  339  323  310  297
  285  272  262  258  262  272  281  283  274  256  234  213  196  183  170  158
  149  144  142  143  145  146  145  145  149  160  176  197  217  238  258  278
  300  325  354  387  419  449  474  495  513  530  547  565  583  598  610  616
  617  614  610  598  580  570  582  582  607                                   
    10.0-180.0 180.0   5.0 450.0                            LAT/LON1/LON2/DLON/H
  599  602  594  590  575  551  515  476  440  407  380  358  340  326  315  306
  296  286  277  271  270  271  270  261  243  218  194  175  162  154  147  141
  136  134  135  137  139  139  138  136  140  151  169  190  212  233  254  277
  303  331  362  395  427  456  481  501  517  530  544  560  577  593  607  616
  619  618  615  605  587  576  589  591  599                                   
     7.5-180.0 180.0   5.0 450.0                            LAT/LON1/LON2/DLON/H
  596  594  584  577  562  539  503  466  431  399  374  353  336  323  315  308
  302  296  288  281  274  266  254  235  209  181  157  142  135  132  130  129
