data/edconvlstm_nd/pred3650.15i
     1.0            IONOSPHERE MAPS     GNSS                IONEX VERSION / TYPE
pyspatialgeodesy        IME             05-JAN-18 20:20     PGM / RUN BY / DATE 
Map Name                                                    COMMENT             
Predicted global ionosphere maps (GIM).                     DESCRIPTION         
  2015    12    31     0     0     0                        EPOCH OF FIRST MAP  
  2015    12    31    22     0     0                        EPOCH OF LAST MAP   
  7200                                                      INTERVAL            
    12                                                      # OF MAPS IN FILE   
  NONE                                                      MAPPING FUNCTION    
10.0                                                        ELEVATION CUTOFF    
One-way carrier phase leveled to code                       OBSERVABLES USED    
  6371.0                                                    BASE RADIUS         
 2                                                          MAP DIMENSION       
   450.0 450.0   0.0                                        HGT1 / HGT2 / DHGT  
    87.5 -87.5  -2.5                                        LAT1 / LAT2 / DLAT  
  -180.0 180.0   5.0                                        LON1 / LON2 / DLON  
    -1                                                      EXPONENT            
                                                            END OF HEADER       
[from data line 2574]
     7                                                      START OF TEC MAP    
  2015    12    31    12     0     0                        EPOCH OF CURRENT MAP
    87.5-180.0 180.0   5.0 450.0                            LAT/LON1/LON2/DLON/H
   36   46   47   50   51   50   50   46   46   48   48   48   48   47   47   47
   46   45   45   44   43   42   41   40   39   38   37   36   35   34   33   33
   32   32   31   31   31   31   31   31   31   31   32   32   33   33   34   34
   35   35   35   36   36   37   37   38   38   38   39   39   39   40   40   41
   42   42   40   39   43   48   62   65   36                                   
    85.0-180.0 180.0   5.0 450.0                            LAT/LON1/LON2/DLON/H
   34   54   65   52   54   57   56   56   56   58   57   57   57   57   57   57
   57   56   56   55   54   54   53   52   51   50   49   49   48   47   46   46
   45   44   44   44   43   43   43   43   43   43   44   44   44   44   45   45
   46   46   47   47   47   48   48   49   49   50   50   51   51   51   52   52
   54   54   50   49   53   56   66   61   34                                   
    82.5-180.0 180.0   5.0 450.0                            LAT/LON1/LON2/DLON/H
   27   41   54   47   48   49   49   49   49   50   50   51   51   51   51   51
   50   50   50   49   49   48   48   47   46   46   45   44   43   42   42   41
   41   40   40   39   39   39   39   39   39   39   39   39   39   39   39   39
   39   40   40   40   40   40   41   41   41   42   42   43   43   44   44   45
   46   47   44   42   51   57   59   56   27                                   
    80.0-180.0 180.0   5.0 450.0                            LAT/LON1/LON2/DLON/H
   25   34   48   42   46   45   46   45   46   47   47   48   48   48   48   48
   48   47   47   47   47   46   46   45   45   44   43   42   42   41   40   40
   39   39   39   39   39   39   38   38   38   38   38   37   37   37   37   37
   37   37   37   37   37   37   37   37   37   37   38   38   39   39   40   40
   42   42   42   41   45   52   52   56   25                                   
    77.5-180.0 180.0   5.0 450.0                            LAT/LON1/LON2/DLON/H
   35   37   40   35   37   37   38   38   40   40   40   41   41   41   41   42
   42   42   43   43   43   43   42   42   41   40   39   38   37   36   36   35
   35   35   35   35   36   36   36   35   35   34   34   33   33   33   32   32
   32   32   32   32   32   31   31   31   31   31   31   31   31   32   32   33
   34   34   33   33   34   36   42   46   35                                   
    75.0-180.0 180.0   5.0 450.0                            LAT/LON1/LON2/DLON/H
   21   28   30   29   33   33   34   34   36   37   36   37   37   37   38   38
   39   40   40   41   42   42   42   41   41   40   39   38   37   36   36   36
   36   37   38   39   39   40   40   40   40   39   38   36   35   35   34   34
   33   33   33   32   32   31   30   30   29   29   28   29   29   29   29   30
   30   31   30   29   31   30   33   31   21                                   
    72.5-180.0 180.0   5.0 450.0                            LAT/LON1/LON2/DLON/H
   21   27   27   25   28   30   32   31   32   33   32   32   32   32   32   33
   33   34   35   36   37   38   39   39   39   38   37   37   36   35   35   36
   37   39   41   43   45   46   47   47   46   44   42   40   38   37   36   35
   34   34   33   32   30   29   28   26   25   24   24   24   24   24   25   25
   25   26   26   26   28   27   31   32   21                                   
    70.0-180.0 180.0   5.0 450.0                            LAT/LON1/LON2/DLON/H
   17   24   27   26   29   29   30   30   32   33   32   33   32   31   31   31
   32   33   35   36   38   39   40   41   41   41   41   40   40   40   40   41
   43   46   49   52   55   58   59   59   58   55   53   50   48   45   43   42
   40   39   37   36   33   31   29   28   26   25   25   24   25   25   25   26
   26   27   27   27   29   28   34   33   17                                   
    67.5-180.0 180.0   5.0 450.0                            LAT/LON1/LON2/DLON/H
   16   24   26   25   28   29   30   31   33   33   33   33   31   31   30   30
   30   31   33   34   36   38   40   41   43   43   44   44   44   44   45   47
   49   53   57   62   66   69   71   71   69   67   63   60   57   54   51   48
   46   44   41   39   36   33   30   28   27   26   25   25   25   26   26   27
   27   27   28   27   28   27   31   30   16                                   
    65.0-180.0 180.0   5.0 450.0                            LAT/LON1/LON2/DLON/H
   16   24   25   25   27   28   29   31   33   33   33   33   31   31   30   29
   29   30   31   33   35   37   39   42   44   46   48   49   50   50   52   54
   57   61   66   71   76   80   82   82   80   78   74   70   66   62   58   55
   51   48   44   41   37   34   31   29   28   27   27   27   27   28   28   29
   29   29   30   29   31   30   34   32   16                                   
    62.5-180.0 180.0   5.0 450.0                            LAT/LON1/LON2/DLON/H
   17   24   25   25   26   27   29   30   32   32   32   32   31   30   29   28
   28   28   29   30   32   34   37   40   44   47   51   53   55   57   59   62
   65   69   74   80   84   88   90   90   89   86   83   79   74   69   65   60
   55   50   45   41   37   33   31   29   29   28   28   29   29   29   30   30
   30   30   32   31   33   31   34   33   17                                   
    60.0-180.0 180.0   5.0 450.0                            LAT/LON1/LON2/DLON/H
   19   25   25   24   25   25   26   26   28   29   29   29   28   27   26   26
   26   25   25   26   27   29   32   36   41   46   51   56   60   63   65   68
   71   75   79   84   88   92   94   94   93   91   88   84   79   74   69   63
   56   50   44   39   34   31   29   28   28   28   29   29   30   30   30   30
   30   29   31   30   33   32   34   33   19                                   
    57.5-180.0 180.0   5.0 450.0                            LAT/LON1/LON2/DLON/H
   21   26   26   25   25   25   25   25   27   27   27   27   27   26   26   25
   25   24   23   23   24   26   29   34   40   46   53   60   65   70   73   76
   79   82   85   89   93   96   98   99   99   98   96   93   88   83   76   69
   61   53   46   40   35   32   31   30   31   32   32   33   33   33   32   32
   31   30   31   31   34   33   35   34   21                                   
    55.0-180.0 180.0   5.0 450.0                            LAT/LON1/LON2/DLON/H
   26   30   30   28   27   26   26   26   26   27   27   27   27   26   26   25
   25   24   23   22   22   24   27   32   39   47   55   64   71   77   81   85
   87   89   91   94   96   99  101  103  105  105  105  103   99   94   87   78
   68   59   51   44   39   37   35   36   37   38   38   39   38   37   36   34
   33   32   33   32   36   35   37   36   26                                   
    52.5-180.0 180.0   5.0 450.0                            LAT/LON1/LON2/DLON/H
   32   36   36   34   32   31   30   29   29   29   29   29   28   28   28   27
   27   26   25   24   23   24   28   33   40   49   58   68   77   84   89   92
   94   95   97   98  100  103  106  109  112  114  116  116  113  108  100   90
   80   69   59   52   47   45   44   45   46   47   47   47   46   44   42   40
   38   36   36   36   39   39   41   40   32                                   
    50.0-180.0 180.0   5.0 450.0                            LAT/LON1/LON2/DLON/H
   40   44   44   43   41   40   37   35   34   34   33   33   32   32   31   31
   31   30   29   28   27   28   31   36   43   52   62   72   81   89   94   98
  100  101  102  103  105  108  112  116  121  125  129  130  129  124  116  105
   93   82   71   63   58   56   55   56   57   57   57   57   55   53   51   48
   45   42   42   41   44   45   47   46   40                                   
    47.5-180.0 180.0   5.0 450.0                            LAT/LON1/LON2/DLON/H
   48   53   54   54   51   51   47   44   41   40   39   39   39   38   37   37
   37   36   36   35   34   35   37   42   49   58   67   77   85   92   97  101
  103  105  107  109  112  115  120  125  131  136  141  144  143  139  131  120
  107   95   84   75   70   67   66   67   67   67   66   66   64   62   60   57
   54   50   49   47   50   52   54   53   48                                   
    45.0-180.0 180.0   5.0 450.0                            LAT/LON1/LON2/DLON/H
   55   62   62   64   62   63   57   53   50   49   48   48   47   47   45   45
   45   45   45   44   44   45   47   52   58   66   74   81   88   93   97  101
  104  107  111  115  119  124  130  135  141  147  152  155  154  150  143  132
  120  107   95   86   80   76   75   74   74   74   73   71   70   69   68   65
   62   58   57   54   56   58   61   60   55                                   
    42.5-180.0 180.0   5.0 450.0                            LAT/LON1/LON2/DLON/H
   59   67   68   72   71   72   67   62   59   58   57   58   58   57   56   55
   55   55   56   56   57   58   61   65   70   76   82   86   90   93   96   99
  103  109  115  121  128  134  140  146  151  156  160  162  161  158  151  141
  129  117  105   94   87   82   79   78   77   76   74   73   73   72   72   71
   68   64   62   58   60   62   65   65   59                                   
    40.0-180.0 180.0   5.0 450.0                            LAT/LON1/LON2/DLON/H
   60   67   69   75   76   77   72   68   65   65   66   69   69   69   67   66
   66   67   68   70   71   73   75   79   83   87   91   93   93   94   95   98
  103  111  120  129  139  146  152  157  161  164  166  167  166  162  156  147
  137  124  112  100   91   84   80   78   76   74   72   71   71   71   72   72
   70   67   64   60   61   63   65   66   60                                   
    37.5-180.0 180.0   5.0 450.0                            LAT/LON1/LON2/DLON/H
   57   64   67   73   75   77   73   70   68   69   72   77   79   79   78   77
   77   78   80   82   84   87   90   93   97  100  101  100   98   96   96   99
  105  116  128  141  152  160  166  169  171  173  173  172  170  166  161  154
  145  133  120  107   95   86   80   77   74   72   70   68   67   68   69   70
   69   65   63   58   59   60   61   62   57                                   
    35.0-180.0 180.0   5.0 450.0                            LAT/LON1/LON2/DLON/H
   53   60   62   68   70   73   70   68   68   70   75   82   86   87   87   86
   86   88   90   93   96   99  102  106  109  112  112  110  106  103  101  104
  113  126  142  156  169  177  182  184  185  184  183  181  179  175  171  166
  158  147  134  119  104   93   85   80   76   73   70   67   66   66   66   67
   66   63   60   56   56   55   56   57   53                                   
    32.5-180.0 180.0   5.0 450.0                            LAT/LON1/LON2/DLON/H
   50   55   57   62   64   67   65   64   65   68   75   83   89   92   92   92
   93   95   98  101  105  109  113  117  121  123  124  122  118  114  112  117
  127  143  161  177  190  198  202  203  203  202  200  198  195  192  189  186
  180  171  157  140  123  109   98   91   86   82   78   73   70   68   67   67
   65   61   59   54   54   51   51   53   50                                   
    30.0-180.0 180.0   5.0 450.0                            LAT/LON1/LON2/DLON/H
   49   53   55   58   60   62   62   61   62   66   72   81   88   92   94   95
   97   99  103  107  112  117  122  127  131  134  135  134  131  128  129  135
  148  165  185  202  215  222  226  226  226  226  225  223  221  219  217  216
  213  204  190  173  154  137  124  114  108  103   97   90   84   78   75   73
   70   65   62   56   55   51   50   52   49                                   
    27.5-180.0 180.0   5.0 450.0                            LAT/LON1/LON2/DLON/H
   51   56   57   58   59   62   62   60   61   63   69   77   84   89   92   94
   97  100  105  110  116  122  128  133  138  142  144  145  145  146  149  158
  173  193  213  231  243  250  253  254  255  257  257  257  255  255  255  255
  254  247  234  216  196  177  161  150  142  136  128  119  109  100   93   89
   83   76   71   63   61   55   54   55   51                                   
    25.0-180.0 180.0   5.0 450.0                            LAT/LON1/LON2/DLON/H
   58   63   63   62   63   66   65   63   62   63   66   72   78   83   87   90
   94   99  104  111  118  126  133  138  143  147  151  155  159  163  171  183
  201  223  244  261  272  279  282  284  287  291  294  296  296  296  297  299
  300  294  283  266  245  225  208  195  185  177  168  156  143  131  121  113
  105   96   88   76   74   65   63   63   58                                   
    22.5-180.0 180.0   5.0 450.0                            LAT/LON1/LON2/DLON/H
   70   74   72   71   71   74   72   69   66   64   65   68   72   76   80   84
   89   94  101  110  119  127  135  141  145  149  154  161  170  180  192  209
  230  252  274  290  301  307  310  314  320  326  332  335  336  337  339  342
  344  340  330  314  295  274  256  241  230  220  210  197  182  166  154  143
  132  122  110   96   91   80   76   74   70                                   
    20.0-180.0 180.0   5.0 450.0                            LAT/LON1/LON2/DLON/H
   84   88   84   82   81   83   81   76   72   67   65   65   67   70   73   78
   83   90   98  107  118  128  137  142  146  150  156  166  179  194  212  232
  255  278  299  314  325  331  335  341  348  357  365  369  371  372  374  377
  379  377  368  354  336  316  296  280  268  258  247  233  216  200  186  174
  161  149  134  117  110   97   91   88   84                                   
    17.5-180.0 180.0   5.0 450.0                            LAT/LON1/LON2/DLON/H
   97  101   95   93   92   92   90   84   78   72   67   64   64   65   68   73
   79   86   95  105  117  129  138  144  147  150  157  169  186  206  228  251
  275  297  316  331  341  347  353  360  370  380  389  394  396  396  397  400
  401  398  391  379  362  343  323  306  293  282  271  257  241  224  210  198
  185  172  155  137  126  112  105  101   97                                   
    15.0-180.0 180.0   5.0 450.0                            LAT/LON1/LON2/DLON/H
  106  110  104  102  100   99   97   91   85   79   72   67   65   65   67   71
   77   85   94  105  118  131  141  147  149  153  160  174  194  217  241  265
  288  308  326  339  348  356  363  372  383  395  404  409  410  408  408  408
  407  404  397  386  371  353  334  317  304  293  282  268  253  237  224  213
  200  187  169  151  138  123  114  111  106                                   
    12.5-180.0 180.0   5.0 450.0                            LAT/LON1/LON2/DLON/H
  110  113  107  106  104  103  101   97   91   85   78   73   69   68   70   74
   80   87   97  108  122  135  145  152  155  158  166  182  203  227  252  275
  295  313  328  340  350  358  367  378  390  402  411  415  414  411  408  405
  402  398  391  381  368  352  335  318  305  294  282  269  254  239  227  217
  206  194  177  159  145  128  119  115  110                                   
    10.0-180.0 180.0   5.0 450.0                            LAT/LON1/LON2/DLON/H
  110  111  106  106  105  103  103   99   95   91   85   80   77   76   77   80
   86   93  103  114  128  141  152  159  163  168  177  193  215  238  261  281
  299  314  327  337  347  356  367  379  393  405  414  417  415  410  404  399
  394  389  382  373  362  348  331  315  302  290  278  265  249  235  224  215
  205  194  179  162  148  131  122  117  110                                   
     7.5-180.0 180.0   5.0 450.0                            LAT/LON1/LON2/DLON/H
  109  107  102  102  102  100  101  100   98   96   92   89   86   85   86   89
   94  101  111  123  136  150  161  169  175  181  192  208  228  250  270  287
