data/edconvlstm_nd/pred0590.15i
     1.0            IONOSPHERE MAPS     GNSS                IONEX VERSION / TYPE
pyspatialgeodesy        IME             05-JAN-18 20:20     PGM / RUN BY / DATE 
Map Name                                                    COMMENT             
Predicted global ionosphere maps (GIM).                     DESCRIPTION         
  2015     2    28     0     0     0                        EPOCH OF FIRST MAP  
  2015     3     1     0     0     0                        EPOCH OF LAST MAP   
  7200                                                      INTERVAL            
    13                                                      # OF MAPS IN FILE   
  NONE                                                      MAPPING FUNCTION    
10.0                                                        ELEVATION CUTOFF    
One-way carrier phase leveled to code                       OBSERVABLES USED    
  6371.0                                                    BASE RADIUS         
 2                                                          MAP DIMENSION       
   450.0 450.0   0.0                                        HGT1 / HGT2 / DHGT  
    87.5 -87.5  -2.5                                        LAT1 / LAT2 / DLAT  
  -180.0 180.0   5.0                                        LON1 / LON2 / DLON  
    -1                                                      EXPONENT            
                                                            END OF HEADER       
[from data line 5148]
    13                                                      START OF TEC MAP    
  2015     3     1     0     0     0                        EPOCH OF CURRENT MAP
    87.5-180.0 180.0   5.0 450.0                            LAT/LON1/LON2/DLON/H
  157  172  183  171  169  171  170  169  170  170  170  171  171  170  170  169
  168  167  165  164  163  161  159  158  156  154  152  150  148  146  143  141
  139  136  134  132  130  129  128  127  126  126  126  126  127  127  128  130
  131  132  134  135  136  138  139  141  142  143  145  146  147  148  149  151
  152  154  154  156  154  153  162  161  157                                   
    85.0-180.0 180.0   5.0 450.0                            LAT/LON1/LON2/DLON/H
  178  185  168  171  175  179  178  177  178  177  177  177  177  175  174  173
  171  169  167  165  163  160  158  156  153  150  147  143  140  136  132  129
  125  122  119  117  115  114  113  113  113  114  115  116  118  120  122  125
  127  129  132  134  137  139  142  144  146  148  151  153  154  156  158  160
  162  163  166  169  166  172  178  181  178                                   
    82.5-180.0 180.0   5.0 450.0                            LAT/LON1/LON2/DLON/H
  184  184  189  184  186  188  185  185  187  186  186  185  184  182  180  178
  175  173  170  168  165  162  160  156  153  149  145  140  135  130  125  120
  116  112  109  106  105  104  104  104  105  107  109  112  114  117  120  123
  127  130  133  136  140  143  147  150  154  157  161  164  166  169  172  174
  176  177  178  180  181  172  180  177  184                                   
    80.0-180.0 180.0   5.0 450.0                            LAT/LON1/LON2/DLON/H
  193  191  184  180  184  185  186  187  190  189  188  188  186  184  181  177
  174  170  166  163  160  157  154  150  146  142  137  132  126  121  115  110
  106  102   99   97   95   95   95   96   97   99  102  104  108  111  114  118
  121  125  129  133  137  141  145  150  154  158  162  166  170  173  177  180
  181  180  182  183  193  183  196  196  193                                   
    77.5-180.0 180.0   5.0 450.0                            LAT/LON1/LON2/DLON/H
  201  193  185  188  184  186  188  192  195  194  194  193  191  187  182  177
  171  166  161  157  154  151  148  146  143  139  135  130  125  120  115  111
  107  103  101  100   99   99  100  101  102  104  107  109  111  114  116  119
  122  125  128  132  136  140  144  149  153  158  163  168  172  176  180  184
  186  187  188  191  198  197  202  214  201                                   
    75.0-180.0 180.0   5.0 450.0                            LAT/LON1/LON2/DLON/H
  210  200  193  195  190  191  192  195  199  199  198  196  192  185  177  169
  160  152  146  142  139  137  136  136  135  134  132  128  125  121  117  114
  111  109  108  107  107  108  109  110  112  113  114  116  117  118  119  120
  121  123  126  129  132  136  140  144  148  153  157  162  167  172  177  182
  184  188  191  190  198  207  211  223  210                                   
    72.5-180.0 180.0   5.0 450.0                            LAT/LON1/LON2/DLON/H
  212  213  207  205  199  200  201  205  210  210  209  206  199  188  176  163
  150  139  131  125  123  122  123  125  127  128  128  127  125  122  119  117
  115  114  113  114  114  116  117  118  119  120  120  120  120  120  120  120
  121  122  124  126  129  132  135  138  142  147  151  156  162  167  174  180
  184  189  195  196  205  213  220  236  212                                   
    70.0-180.0 180.0   5.0 450.0                            LAT/LON1/LON2/DLON/H
  227  228  220  220  212  213  213  218  224  225  224  220  210  195  178  159
  141  127  116  110  107  108  111  114  118  120  121  121  119  118  116  114
  113  112  113  114  115  117  118  120  121  121  120  119  118  117  116  116
  116  118  120  122  125  127  130  133  137  141  146  152  158  165  172  180
  185  191  200  204  215  227  233  248  227                                   
    67.5-180.0 180.0   5.0 450.0                            LAT/LON1/LON2/DLON/H
  239  242  234  233  225  224  224  230  238  241  242  238  227  209  186  162
  139  121  108  101   98  100  103  107  110  112  112  111  109  107  105  103
  102  101  101  102  103  105  107  108  109  109  108  107  106  104  104  104
  105  106  109  112  115  117  120  123  127  132  138  145  153  161  170  178
  185  192  202  208  221  234  243  260  239                                   
    65.0-180.0 180.0   5.0 450.0                            LAT/LON1/LON2/DLON/H
  249  252  244  243  236  234  233  240  250  257  262  260  249  229  202  174
  148  127  112  104  102  103  105  108  109  109  107  103  100   96   93   91
   89   87   86   86   87   88   89   91   92   92   92   90   89   88   88   89
   91   93   97  100  103  106  109  113  117  122  130  138  148  158  168  177
  184  192  202  209  222  237  250  268  249                                   
    62.5-180.0 180.0   5.0 450.0                            LAT/LON1/LON2/DLON/H
  256  260  254  251  245  241  240  248  261  272  280  282  273  254  227  197
  168  146  131  122  119  118  119  118  115  110  104   98   92   87   83   80
   77   74   72   71   71   71   73   74   76   76   76   76   75   74   74   75
   78   82   87   91   95   98  102  105  110  117  125  136  147  159  170  179
  186  193  203  211  222  236  250  271  256                                   
    60.0-180.0 180.0   5.0 450.0                            LAT/LON1/LON2/DLON/H
  259  267  263  258  253  249  246  254  268  281  293  299  295  279  254  226
  199  178  163  154  148  145  140  133  124  114  104   95   87   81   76   72
   68   65   62   60   59   60   61   63   65   66   67   66   65   65   65   66
   69   74   79   85   90   94   98  102  108  116  126  138  151  164  176  185
  191  197  207  213  221  232  247  270  259                                   
    57.5-180.0 180.0   5.0 450.0                            LAT/LON1/LON2/DLON/H
  264  275  273  269  266  261  257  263  276  289  302  310  310  299  281  258
  236  217  203  193  185  176  165  151  136  120  106   95   86   79   74   69
   65   61   58   56   55   56   58   60   62   64   65   64   63   62   61   62
   65   70   76   82   88   93   98  104  111  120  132  146  160  174  186  196
  201  206  215  220  226  231  245  270  264                                   
    55.0-180.0 180.0   5.0 450.0                            LAT/LON1/LON2/DLON/H
  271  286  287  285  285  282  277  281  290  299  309  317  318  313  301  286
  270  256  244  233  221  206  188  168  148  129  113  100   91   84   78   74
   69   65   62   61   61   62   64   66   69   71   71   70   69   67   66   66
   68   73   79   85   92   98  104  110  118  128  141  156  171  185  198  208
  214  218  226  230  234  236  247  273  271                                   
    52.5-180.0 180.0   5.0 450.0                            LAT/LON1/LON2/DLON/H
  284  302  304  306  313  312  309  309  312  314  318  321  323  320  314  306
  296  287  276  264  248  229  207  183  160  140  124  112  103   96   90   84
   80   76   74   73   74   76   78   81   83   84   84   83   81   79   77   76
   78   81   87   93  101  107  113  119  127  137  150  165  180  195  208  219
  226  231  239  242  246  247  255  282  284                                   
    50.0-180.0 180.0   5.0 450.0                            LAT/LON1/LON2/DLON/H
  301  322  326  334  348  352  350  347  343  337  332  329  326  324  321  317
  312  304  294  280  262  242  219  197  175  157  142  130  121  113  106  100
   95   91   90   90   92   95   98  100  101  101  101   99   97   95   92   91
   92   95  101  107  114  120  125  131  138  147  159  173  187  201  215  227
  235  243  252  255  261  263  271  296  301                                   
    47.5-180.0 180.0   5.0 450.0                            LAT/LON1/LON2/DLON/H
  320  343  351  367  386  396  398  393  383  367  352  341  333  328  325  322
  317  309  297  282  265  247  229  211  194  178  165  154  144  134  124  116
  109  106  105  107  110  113  115  117  117  117  116  115  114  111  109  109
  110  113  118  123  129  134  138  143  149  157  167  179  192  205  218  231
  241  252  262  267  276  282  292  315  320                                   
    45.0-180.0 180.0   5.0 450.0                            LAT/LON1/LON2/DLON/H
  335  361  374  397  420  436  443  438  424  401  378  359  345  336  330  325
  317  306  292  278  264  252  240  228  216  203  191  179  166  152  139  127
  119  116  116  119  123  125  127  127  127  128  128  128  128  127  127  127
  128  130  134  138  142  147  151  156  161  168  177  186  197  209  221  234
  247  260  273  280  291  302  314  333  335                                   
    42.5-180.0 180.0   5.0 450.0                            LAT/LON1/LON2/DLON/H
  346  374  390  416  440  461  473  472  458  432  405  380  362  349  339  330
  317  303  288  276  267  261  256  249  240  228  214  198  181  163  146  132
  123  120  122  125  129  131  132  132  132  133  135  137  139  140  140  141
  142  144  146  149  153  157  162  167  173  180  187  196  205  216  228  241
  254  269  284  294  307  321  335  350  346                                   
    40.0-180.0 180.0   5.0 450.0                            LAT/LON1/LON2/DLON/H
  355  384  397  420  443  464  479  483  473  450  424  400  381  366  354  340
  324  307  293  284  281  280  278  272  261  246  228  207  186  165  147  133
  126  125  127  131  134  134  133  133  134  137  141  144  147  148  150  151
  152  152  154  155  159  164  170  177  184  191  199  206  215  226  238  252
  265  279  296  309  323  339  353  363  355                                   
    37.5-180.0 180.0   5.0 450.0                            LAT/LON1/LON2/DLON/H
  368  395  401  413  432  450  463  471  467  451  431  412  397  384  371  356
  338  321  309  305  306  307  303  292  274  252  228  205  183  164  149  140
  136  138  141  143  143  141  138  136  138  142  147  151  154  155  156  157
  157  157  157  158  161  167  175  183  192  200  207  215  225  237  251  266
  279  292  310  324  340  357  371  377  368                                   
    35.0-180.0 180.0   5.0 450.0                            LAT/LON1/LON2/DLON/H
  386  412  409  405  416  427  435  443  444  435  424  414  405  398  388  375
  359  345  337  336  337  335  323  302  274  245  220  199  183  171  164  161
  162  166  168  167  162  155  150  147  149  153  158  161  163  162  162  161
  160  158  157  156  159  165  174  183  193  202  211  221  233  248  265  282
  295  309  326  341  359  378  392  395  386                                   
    32.5-180.0 180.0   5.0 450.0                            LAT/LON1/LON2/DLON/H
  417  444  433  412  411  412  411  414  417  413  409  407  406  405  401  392
  381  373  369  369  367  356  332  299  264  233  212  200  195  195  198  203
  209  213  212  205  193  181  172  167  168  171  174  176  174  171  168  164
  161  157  153  151  152  158  167  178  189  199  209  222  239  258  280  301
  316  329  346  362  383  406  419  421  417                                   
    30.0-180.0 180.0   5.0 450.0                            LAT/LON1/LON2/DLON/H
  463  496  479  445  434  424  411  406  404  400  398  400  404  408  409  406
  401  398  398  396  385  362  326  286  250  226  215  217  226  239  253  265
  273  275  268  253  234  215  202  195  193  194  195  193  188  181  174  167
  161  154  147  143  143  149  159  170  182  194  208  225  247  272  299  323
  342  357  373  388  416  442  454  457  463                                   
    27.5-180.0 180.0   5.0 450.0                            LAT/LON1/LON2/DLON/H
  527  569  549  508  491  472  449  433  421  411  405  404  407  412  415  416
  416  417  416  408  387  353  311  271  244  232  236  253  276  301  322  337
  344  340  326  303  277  253  236  226  221  219  216  210  202  191  180  169
  159  149  140  135  135  141  151  164  178  193  210  232  259  289  320  347
  370  388  404  419  455  489  501  507  527                                   
    25.0-180.0 180.0   5.0 450.0                            LAT/LON1/LON2/DLON/H
  604  655  639  600  578  554  521  493  471  452  438  429  425  424  424  425
  427  427  421  404  374  335  295  266  253  258  277  307  340  369  392  404
  405  395  374  345  314  287  267  253  244  237  230  222  211  198  184  169
  156  144  135  129  130  137  149  164  180  198  220  246  276  309  341  370
  395  415  431  451  495  540  561  571  604                                   
    22.5-180.0 180.0   5.0 450.0                            LAT/LON1/LON2/DLON/H
  687  743  740  710  686  658  618  580  547  519  494  474  460  449  443  439
  436  431  419  394  359  322  293  279  284  305  337  373  406  432  447  451
  446  430  404  371  337  307  285  268  254  243  233  224  213  200  184  168
  153  141  132  127  128  136  150  167  186  208  233  262  296  331  365  395
  421  442  461  485  534  588  625  643  687                                   
    20.0-180.0 180.0   5.0 450.0                            LAT/LON1/LON2/DLON/H
  765  819  826  813  791  765  725  681  641  603  568  537  510  488  472  461
  451  439  419  390  356  326  310  313  334  368  405  438  461  473  476  471
  459  439  410  375  340  309  285  266  250  236  225  216  208  197  182  166
  152  140  132  128  129  137  151  169  191  215  244  277  314  353  389  421
  449  473  494  523  570  626  677  705  765                                   
    17.5-180.0 180.0   5.0 450.0                            LAT/LON1/LON2/DLON/H
  818  864  877  883  870  852  819  778  736  694  652  609  570  537  511  491
  474  456  432  403  373  353  350  368  402  440  471  487  491  486  476  463
  446  422  390  354  320  291  270  252  235  221  211  204  200  192  180  165
  152  141  134  130  132  139  153  172  195  221  252  289  330  372  411  444
  474  501  527  558  601  649  708  742  818                                   
    15.0-180.0 180.0   5.0 450.0                            LAT/LON1/LON2/DLON/H
  823  859  884  906  905  898  876  845  810  772  728  682  635  593  559  531
  508  486  461  435  413  403  412  439  475  504  517  511  492  470  448  427
  405  378  345  312  283  262  247  232  217  204  195  192  191  187  177  165
  153  144  139  137  138  145  158  177  200  228  261  301  345  389  429  463
  494  522  553  585  621  659  715  749  823                                   
    12.5-180.0 180.0   5.0 450.0                            LAT/LON1/LON2/DLON/H
  787  817  853  887  894  895  885  867  845  818  783  740  693  648  609  577
  551  527  505  486  472  471  487  513  538  547  534  503  464  426  395  369
  344  317  290  266  248  236  227  217  205  194  186  184  184  182  175  164
  155  149  146  145  147  154  167  186  210  238  273  315  360  405  445  479
  509  538  571  603  631  659  704  732  787                                   
    10.0-180.0 180.0   5.0 450.0                            LAT/LON1/LON2/DLON/H
  733  760  801  837  846  851  848  842  836  825  804  773  735  694  657  625
  599  578  561  549  544  549  561  576  579  561  520  466  410  363  328  303
  283  265  249  237  229  225  222  216  205  194  186  182  182  179  173  164
  157  153  152  154  156  163  176  196  222  251  287  328  373  418  458  492
  522  551  582  612  634  652  683  705  733                                   
     7.5-180.0 180.0   5.0 450.0                            LAT/LON1/LON2/DLON/H
  682  704  740  770  777  782  783  786  793  797  794  779  754  725  695  668
  646  630  621  617  618  621  623  616  591  544  479  407  344  298  270  255
