data/edconvlstm_nd/pred3140.15i
     1.0            IONOSPHERE MAPS     GNSS                IONEX VERSION / TYPE
pyspatialgeodesy        IME             05-JAN-18 20:20     PGM / RUN BY / DATE 
Map Name                                                    COMMENT             
Predicted global ionosphere maps (GIM).                     DESCRIPTION         
  2015    11    10     0     0     0                        EPOCH OF FIRST MAP  
  2015    11    11     0     0     0                        EPOCH OF LAST MAP   
  7200                                                      INTERVAL            
    13                                                      # OF MAPS IN FILE   
  NONE                                                      MAPPING FUNCTION    
10.0                                                        ELEVATION CUTOFF    
One-way carrier phase leveled to code                       OBSERVABLES USED    
  6371.0                                                    BASE RADIUS         
 2                                                          MAP DIMENSION       
   450.0 450.0   0.0                                        HGT1 / HGT2 / DHGT  
    87.5 -87.5  -2.5                                        LAT1 / LAT2 / DLAT  
  -180.0 180.0   5.0                                        LON1 / LON2 / DLON  
    -1                                                      EXPONENT            
                                                            END OF HEADER       
[from data line 2145]
     6                                                      START OF TEC MAP    
  2015    11    10    10     0     0                        EPOCH OF CURRENT MAP
    87.5-180.0 180.0   5.0 450.0                            LAT/LON1/LON2/DLON/H
   35   47   47   51   52   53   53   49   50   52   52   53   53   53   53   53
   53   53   53   53   52   52   52   52   52   52   52   53   53   53   53   53
   53   53   52   52   51   51   50   49   48   47   47   46   45   44   44   43
   43   42   42   42   42   42   41   41   41   41   41   42   42   42   41   42
   43   43   41   41   46   52   65   67   35                                   
    85.0-180.0 180.0   5.0 450.0                            LAT/LON1/LON2/DLON/H
   31   57   66   57   59   62   62   63   63   65   64   65   65   65   65   64
   64   64   64   63   63   63   63   63   64   64   64   65   65   65   66   66
   66   66   65   65   64   63   62   61   60   59   58   57   55   54   54   53
   52   52   52   51   51   51   52   52   52   53   53   53   54   54   54   55
   56   56   52   51   56   60   72   67   31                                   
    82.5-180.0 180.0   5.0 450.0                            LAT/LON1/LON2/DLON/H
   30   47   62   55   57   59   60   60   61   62   62   63   62   62   61   60
   59   58   58   57   57   56   56   57   57   58   58   59   60   61   62   63
   64   65   65   65   65   64   63   62   60   58   57   55   53   52   50   49
   48   48   47   47   47   47   47   48   48   49   49   50   51   51   51   52
   53   53   50   48   56   61   62   59   30                                   
    80.0-180.0 180.0   5.0 450.0                            LAT/LON1/LON2/DLON/H
   31   42   57   51   56   55   57   56   59   60   59   60   58   57   56   54
   53   51   50   49   49   48   48   49   49   51   52   54   55   58   60   62
   64   66   67   67   68   67   66   65   63   61   59   57   54   52   51   49
   48   47   46   46   46   46   47   47   48   49   50   51   51   52   52   52
   52   52   51   49   53   59   61   59   31                                   
    77.5-180.0 180.0   5.0 450.0                            LAT/LON1/LON2/DLON/H
   41   45   49   43   46   47   48   49   51   52   51   51   50   48   46   44
   42   41   39   38   37   37   37   37   38   40   42   44   47   50   54   57
   61   63   66   67   68   68   67   66   64   62   60   57   55   53   51   50
   49   48   47   47   47   48   49   50   51   52   53   54   54   54   53   52
   51   49   46   45   45   44   49   49   41                                   
    75.0-180.0 180.0   5.0 450.0                            LAT/LON1/LON2/DLON/H
   30   38   39   37   40   41   42   42   44   45   44   44   42   41   39   37
   35   34   32   31   31   31   31   32   33   35   37   40   43   47   51   55
   59   63   66   68   69   70   69   69   67   66   64   63   61   59   58   56
   55   54   54   53   54   54   55   56   57   58   59   59   59   59   57   56
   53   51   48   43   44   41   44   39   30                                   
    72.5-180.0 180.0   5.0 450.0                            LAT/LON1/LON2/DLON/H
   33   38   38   36   38   41   43   42   42   43   41   41   39   37   35   33
   32   30   29   28   27   27   28   29   30   32   34   37   40   44   49   54
   58   63   67   70   72   73   74   74   74   74   73   73   72   71   70   69
   68   67   66   65   65   65   65   65   66   67   67   68   67   66   64   62
   59   55   53   47   47   43   44   43   33                                   
    70.0-180.0 180.0   5.0 450.0                            LAT/LON1/LON2/DLON/H
   34   38   40   39   41   42   42   42   42   42   41   40   38   37   35   33
   32   31   30   29   29   30   30   31   32   34   36   38   41   45   49   54
   60   65   69   73   76   78   80   82   83   84   85   85   86   85   84   83
   82   80   79   77   76   75   74   73   73   73   73   72   72   70   68   65
   62   58   56   50   50   47   50   49   34                                   
    67.5-180.0 180.0   5.0 450.0                            LAT/LON1/LON2/DLON/H
   36   41   42   42   43   45   45   45   44   44   42   41   40   38   37   35
   34   33   33   33   33   33   34   35   35   36   37   38   40   44   48   54
   60   65   71   76   80   83   87   90   92   95   97   98   99   99   98   96
   94   92   89   87   84   81   79   77   75   73   72   71   70   68   65   63
   61   57   56   50   49   48   50   49   36                                   
    65.0-180.0 180.0   5.0 450.0                            LAT/LON1/LON2/DLON/H
   37   44   44   45   46   48   48   48   47   47   45   45   43   42   41   40
   39   39   38   39   39   40   40   41   41   41   40   41   42   45   49   55
   62   69   76   82   87   92   97  101  106  110  113  114  115  114  113  110
  107  104  100   96   91   87   82   78   75   72   69   66   64   62   59   57
   55   53   52   48   50   50   53   53   37                                   
    62.5-180.0 180.0   5.0 450.0                            LAT/LON1/LON2/DLON/H
   37   44   44   45   46   49   49   49   49   49   48   48   47   46   46   45
   45   44   44   44   44   45   46   46   45   44   42   41   42   45   51   58
   66   75   84   91   98  104  110  115  121  126  129  131  131  129  126  122
  117  113  108  103   97   91   85   79   74   69   64   61   57   54   51   49
   47   45   46   43   46   46   51   52   37                                   
    60.0-180.0 180.0   5.0 450.0                            LAT/LON1/LON2/DLON/H
   35   41   41   41   42   44   45   46   46   47   46   47   47   48   48   47
   47   46   46   45   45   46   46   46   45   43   41   40   41   44   51   61
   72   83   93  102  110  117  123  130  136  141  144  145  143  139  135  129
  124  119  114  109  103   96   88   80   73   67   61   56   51   46   42   40
   38   37   38   37   40   40   45   46   35                                   
    57.5-180.0 180.0   5.0 450.0                            LAT/LON1/LON2/DLON/H
   33   37   37   37   38   39   40   41   42   43   44   46   47   48   49   49
   48   47   46   46   45   46   46   45   44   42   39   39   40   46   55   67
   81   94  106  117  125  133  140  147  153  158  161  160  157  151  145  139
  134  129  125  120  114  106   98   90   82   74   67   61   54   48   42   39
   36   34   36   35   38   37   40   42   33                                   
    55.0-180.0 180.0   5.0 450.0                            LAT/LON1/LON2/DLON/H
   32   35   34   34   33   34   34   35   37   38   40   42   44   46   47   48
   47   46   45   44   43   43   43   43   41   39   38   38   41   49   60   75
   92  108  122  133  141  149  156  163  169  174  176  174  169  162  155  149
  144  141  138  134  129  122  114  105   97   89   81   74   66   58   50   45
   40   37   39   37   41   37   39   41   32                                   
    52.5-180.0 180.0   5.0 450.0                            LAT/LON1/LON2/DLON/H
   36   37   34   34   32   32   31   31   32   33   35   37   40   42   44   45
   45   44   43   41   40   40   40   40   39   38   37   39   44   54   68   86
  105  122  137  148  156  163  170  177  183  187  189  186  181  174  167  161
  157  155  154  151  147  141  133  124  116  108  101   94   86   76   67   59
   53   48   49   46   48   43   44   45   36                                   
    50.0-180.0 180.0   5.0 450.0                            LAT/LON1/LON2/DLON/H
   45   42   39   38   35   34   33   31   31   31   32   34   36   38   40   42
   42   42   40   39   38   38   38   38   38   38   39   42   50   62   78   97
  117  135  150  160  168  174  180  187  193  198  199  197  192  185  179  174
  172  171  171  169  166  160  152  143  135  128  121  115  107   98   88   79
   71   65   64   59   60   55   55   55   45                                   
    47.5-180.0 180.0   5.0 450.0                            LAT/LON1/LON2/DLON/H
   57   53   49   48   44   43   40   36   34   33   33   33   34   36   38   39
   40   40   39   38   37   36   36   36   37   39   42   47   57   71   88  107
  127  145  159  168  175  181  187  194  201  205  207  205  201  196  191  187
  186  186  186  184  180  174  165  156  148  142  136  131  124  117  107   98
   89   83   80   74   74   70   70   70   57                                   
    45.0-180.0 180.0   5.0 450.0                            LAT/LON1/LON2/DLON/H
   71   67   64   62   58   57   52   47   42   40   37   36   36   37   38   39
   40   40   39   37   36   35   35   36   38   41   46   54   65   79   96  115
  133  149  163  172  180  186  193  200  206  211  213  212  209  205  202  200
  199  198  197  194  189  181  171  161  153  146  141  137  133  126  119  111
  102   96   92   86   86   85   86   86   71                                   
    42.5-180.0 180.0   5.0 450.0                            LAT/LON1/LON2/DLON/H
   82   81   79   78   74   74   69   61   55   51   47   44   42   41   41   42
   42   41   40   39   37   35   35   35   38   43   51   61   73   87  102  118
  135  150  163  174  183  191  198  206  213  217  219  218  216  213  211  210
  209  207  204  199  192  182  171  160  150  143  138  134  131  127  121  114
  107  101   97   91   92   94   97   98   82                                   
    40.0-180.0 180.0   5.0 450.0                            LAT/LON1/LON2/DLON/H
   86   89   89   90   88   89   84   77   70   65   60   57   53   51   49   48
   47   46   44   42   39   36   35   36   39   46   56   68   80   93  106  120
  134  149  163  176  187  198  208  216  222  225  225  224  222  221  220  219
  217  213  208  201  192  181  169  156  145  136  130  126  123  120  116  111
  105   98   93   87   89   93   99  102   86                                   
    37.5-180.0 180.0   5.0 450.0                            LAT/LON1/LON2/DLON/H
   81   88   91   92   93   97   94   89   83   79   75   72   68   65   62   59
   56   53   50   47   43   39   36   37   41   50   62   75   88  100  110  122
  134  149  165  181  197  211  223  231  236  237  236  234  232  231  231  230
  226  221  215  207  197  186  173  159  147  136  128  123  119  115  111  106
  100   92   86   79   81   84   92   97   81                                   
    35.0-180.0 180.0   5.0 450.0                            LAT/LON1/LON2/DLON/H
   68   78   82   84   88   93   94   92   90   88   87   86   84   81   77   72
   68   63   59   54   48   43   39   40   45   56   70   85   98  108  117  127
  139  155  174  194  214  231  244  253  256  255  252  249  247  246  246  245
  242  237  230  223  214  204  192  178  165  152  141  133  126  120  115  109
  100   90   81   71   71   72   80   87   68                                   
    32.5-180.0 180.0   5.0 450.0                            LAT/LON1/LON2/DLON/H
   54   63   66   69   73   79   84   86   88   90   93   96   97   95   91   86
   80   74   68   62   56   49   45   46   53   65   81   97  111  121  129  138
  151  169  191  216  239  259  272  280  282  279  275  271  269  269  270  270
  268  264  259  254  248  241  231  218  204  189  175  163  153  144  136  127
  115  100   87   72   67   63   70   78   54                                   
    30.0-180.0 180.0   5.0 450.0                            LAT/LON1/LON2/DLON/H
   44   49   50   52   55   61   68   73   78   85   92   98  103  104  102   96
   90   83   77   71   64   58   54   56   64   78   96  113  127  137  146  156
  170  191  217  245  270  291  305  312  313  309  305  301  299  301  303  305
  306  305  303  302  300  296  288  277  262  246  229  214  200  188  177  165
  148  128  110   88   77   66   69   75   44                                   
    27.5-180.0 180.0   5.0 450.0                            LAT/LON1/LON2/DLON/H
   43   43   40   39   41   45   52   58   66   75   84   94  101  105  105  102
   96   90   85   79   74   68   66   69   78   93  112  130  144  156  166  179
  196  220  249  279  305  326  339  346  346  344  340  337  338  341  345  350
  354  358  361  364  365  363  358  348  334  316  298  280  264  249  235  220
  199  175  150  123  104   85   81   82   43                                   
    25.0-180.0 180.0   5.0 450.0                            LAT/LON1/LON2/DLON/H
   54   47   40   35   34   36   42   48   55   64   74   84   94  100  102  101
   97   93   90   86   83   80   79   83   94  109  127  145  161  175  188  205
  227  255  285  316  342  361  373  379  381  380  379  380  382  388  395  403
  412  420  427  433  436  436  432  423  408  391  371  352  334  318  302  284
  260  235  205  174  148  122  109  101   54                                   
    22.5-180.0 180.0   5.0 450.0                            LAT/LON1/LON2/DLON/H
   80   66   53   41   37   35   39   43   50   58   66   75   83   90   94   94
   93   91   91   90   89   89   90   96  107  123  140  158  175  192  211  233
  260  291  323  353  377  394  405  411  415  417  420  424  430  438  448  459
  471  483  493  500  503  503  498  488  474  456  436  416  398  382  366  347
  322  297  264  235  204  172  151  134   80                                   
    20.0-180.0 180.0   5.0 450.0                            LAT/LON1/LON2/DLON/H
  119  101   80   59   49   44   45   47   51   56   61   67   74   80   84   85
   86   86   88   91   92   94   98  105  117  132  149  167  186  207  232  260
  292  325  358  386  407  422  432  439  445  452  459  468  477  488  499  512
  525  537  547  552  553  551  544  532  517  499  480  461  445  429  414  396
  373  350  318  293  262  228  201  177  119                                   
    17.5-180.0 180.0   5.0 450.0                            LAT/LON1/LON2/DLON/H
  166  146  121   91   72   62   59   59   59   61   62   65   68   72   75   76
   78   80   84   88   92   95  101  109  121  136  153  172  194  219  249  283
  319  355  387  413  432  445  455  463  472  483  494  507  519  530  542  553
  565  574  580  582  579  572  562  549  534  516  498  481  466  452  439  424
  404  385  357  339  310  281  251  226  166                                   
    15.0-180.0 180.0   5.0 450.0                            LAT/LON1/LON2/DLON/H
  211  193  169  132  104   88   81   77   74   72   70   68   68   69   70   70
   72   74   79   83   88   93   99  109  122  137  155  175  200  230  265  303
  342  378  408  432  450  462  472  483  495  509  524  538  551  561  571  579
  586  591  592  588  580  570  557  542  526  509  492  476  461  449  438  426
  411  397  377  365  343  319  291  269  211                                   
    12.5-180.0 180.0   5.0 450.0                            LAT/LON1/LON2/DLON/H
  248  234  215  174  140  118  107  100   94   88   82   77   74   72   70   69
   69   71   75   79   84   89   96  106  120  137  156  179  206  240  278  318
  358  393  422  444  461  474  486  498  514  531  548  562  573  581  586  590
  592  591  586  578  566  552  537  521  504  488  471  455  440  427  416  405
  394  385  372  367  353  337  313  297  248                                   
    10.0-180.0 180.0   5.0 450.0                            LAT/LON1/LON2/DLON/H
  271  261  250  211  173  147  132  123  115  107   97   89   83   79   75   72
   71   71   74   77   80   85   92  104  119  138  160  185  215  250  289  329
  367  401  429  450  467  481  496  512  530  549  566  579  587  591  592  591
  588  582  572  559  545  529  513  498  482  465  447  430  413  397  383  371
  361  355  348  349  341  333  314  304  271                                   
     7.5-180.0 180.0   5.0 450.0                            LAT/LON1/LON2/DLON/H
  276  270  266  232  198  170  153  144  134  124  114  104   96   90   84   79
   76   75   76   78   80   84   92  104  122  143  168  195  227  261  299  337
