data/edconvlstm_nd/pred2560.15i
     1.0            IONOSPHERE MAPS     GNSS                IONEX VERSION / TYPE
pyspatialgeodesy        IME             05-JAN-18 20:20     PGM / RUN BY / DATE 
Map Name                                                    COMMENT             
Predicted global ionosphere maps (GIM).                     DESCRIPTION         
  2015     9    13     0     0     0                        EPOCH OF FIRST MAP  
  2015     9    14     0     0     0                        EPOCH OF LAST MAP   
  7200                                                      INTERVAL            
    13                                                      # OF MAPS IN FILE   
  NONE                                                      MAPPING FUNCTION    
10.0                                                        ELEVATION CUTOFF    
One-way carrier phase leveled to code                       OBSERVABLES USED    
  6371.0                                                    BASE RADIUS         
 2                                                          MAP DIMENSION       
   450.0 450.0   0.0                                        HGT1 / HGT2 / DHGT  
    87.5 -87.5  -2.5                                        LAT1 / LAT2 / DLAT  
  -180.0 180.0   5.0                                        LON1 / LON2 / DLON  
    -1                                                      EXPONENT            
                                                            END OF HEADER       
[from data line 5148]
    13                                                      START OF TEC MAP    
  2015     9    14     0     0     0                        EPOCH OF CURRENT MAP
    87.5-180.0 180.0   5.0 450.0                            LAT/LON1/LON2/DLON/H
   97   92   89   82   81   85   83   82   83   83   84   85   86   87   87   87
   88   87   87   87   86   85   84   83   81   80   79   78   76   75   74   73
   72   71   70   69   69   68   68   68   67   67   68   68   68   68   69   69
   70   70   71   71   72   72   73   73   73   74   74   74   74   74   74   75
   75   75   74   75   70   80   88   85   97                                   
    85.0-180.0 180.0   5.0 450.0                            LAT/LON1/LON2/DLON/H
   93   94   75   80   83   89   86   85   86   86   87   88   89   89   90   90
   89   89   88   87   86   85   83   81   80   78   76   75   73   72   71   70
   69   68   68   67   67   67   67   67   67   67   68   68   69   70   71   71
   72   73   74   75   75   76   77   77   78   78   79   79   79   80   80   80
   81   81   81   84   84   92  100   94   93                                   
    82.5-180.0 180.0   5.0 450.0                            LAT/LON1/LON2/DLON/H
   86   77   87   84   85   92   89   88   91   92   94   95   97   97   98   98
   97   96   94   92   90   87   85   82   79   76   74   71   69   67   66   64
   63   62   62   61   61   61   61   62   62   63   64   65   66   67   68   70
   71   72   73   75   76   77   78   79   80   81   82   83   83   84   84   85
   85   84   83   81   86   79   87   90   86                                   
    80.0-180.0 180.0   5.0 450.0                            LAT/LON1/LON2/DLON/H
   95   83   84   79   83   86   87   89   93   94   97  100  102  104  104  104
  103  102   99   96   92   89   84   80   76   72   69   66   64   62   60   58
   57   56   55   54   54   54   53   54   54   55   56   57   58   59   61   62
   64   65   67   68   70   71   73   74   76   78   79   80   81   82   82   83
   82   80   79   77   93   85   95  104   95                                   
    77.5-180.0 180.0   5.0 450.0                            LAT/LON1/LON2/DLON/H
  103   91   82   88   85   89   91   96  101  103  108  112  115  116  117  117
  115  113  109  105  100   95   90   84   79   75   71   67   65   62   60   59
   58   56   55   54   54   53   53   53   53   53   54   55   56   58   59   60
   62   63   65   66   68   70   72   74   77   79   81   82   84   85   85   86
   85   86   84   83   90   92   94  109  103                                   
    75.0-180.0 180.0   5.0 450.0                            LAT/LON1/LON2/DLON/H
  106   87   84   91   87   93   92   97  104  107  112  116  119  121  121  120
  118  115  110  105   99   93   87   81   76   71   67   63   61   59   58   57
   56   55   54   53   52   51   50   49   49   50   50   51   52   53   54   55
   56   58   59   60   62   65   67   70   73   76   79   81   83   84   85   85
   84   84   84   77   84   94   93  105  106                                   
    72.5-180.0 180.0   5.0 450.0                            LAT/LON1/LON2/DLON/H
   97   82   81   85   83   85   86   92  100  103  109  114  117  119  120  119
  116  112  108  102   96   89   83   76   70   65   61   58   56   55   54   54
   53   52   50   49   46   45   43   42   41   41   42   43   43   44   45   45
   46   47   48   49   51   53   56   60   63   67   70   73   76   78   79   80
   78   78   81   76   79   88   92  108   97                                   
    70.0-180.0 180.0   5.0 450.0                            LAT/LON1/LON2/DLON/H
   98   81   81   87   84   87   86   91  100  104  109  114  117  119  118  117
  114  110  105  100   93   86   79   72   66   61   57   54   53   53   53   53
   52   51   49   47   44   42   40   39   38   38   39   40   41   41   42   42
   42   43   43   45   47   49   53   57   62   66   71   74   77   79   81   82
   80   79   82   80   81   90   93  106   98                                   
    67.5-180.0 180.0   5.0 450.0                            LAT/LON1/LON2/DLON/H
   99   84   82   86   81   82   81   85   93   97  102  107  110  111  111  109
  107  103   99   93   87   80   72   65   58   53   49   47   46   46   46   46
   46   45   43   40   36   34   31   30   30   31   32   33   34   35   35   34
   34   34   35   36   38   41   46   51   56   62   67   71   74   77   78   79
   78   77   80   78   81   89   92  106   99                                   
    65.0-180.0 180.0   5.0 450.0                            LAT/LON1/LON2/DLON/H
  102   87   85   87   81   80   77   81   88   91   95  100  102  104  104  103
  101   99   95   90   84   76   69   61   54   49   45   42   41   41   42   42
   41   39   37   33   30   27   25   24   25   26   28   30   31   31   31   30
   29   29   29   30   33   37   42   47   54   60   66   71   75   77   79   80
   79   78   82   80   84   92   96  111  102                                   
    62.5-180.0 180.0   5.0 450.0                            LAT/LON1/LON2/DLON/H
  108   93   91   91   83   80   76   78   84   86   90   94   97   98   99  100
   99   97   95   90   84   77   69   61   54   48   44   41   40   40   40   39
   38   36   33   29   26   23   22   22   23   26   28   30   31   31   31   29
   28   27   27   28   31   35   41   48   55   62   69   75   79   81   83   84
   82   82   86   85   88   97  101  116  108                                   
    60.0-180.0 180.0   5.0 450.0                            LAT/LON1/LON2/DLON/H
  113  101  100   97   87   82   76   77   81   81   84   88   91   94   96   98
   98   98   96   93   87   80   72   65   57   51   46   43   41   40   40   39
   37   34   30   27   24   22   21   22   24   27   30   32   33   33   31   29
   28   26   26   27   30   35   41   48   56   64   71   77   82   85   87   88
   87   86   90   90   94  103  107  121  113                                   
    57.5-180.0 180.0   5.0 450.0                            LAT/LON1/LON2/DLON/H
  120  110  109  106   94   87   80   79   81   79   81   84   87   91   94   98
  100  100   99   96   92   85   78   70   63   57   52   48   46   44   42   40
   37   34   31   28   25   24   24   26   29   32   35   37   37   36   33   31
   29   27   27   28   31   36   42   50   58   66   74   81   85   89   92   93
   92   92   97   97  101  110  113  127  120                                   
    55.0-180.0 180.0   5.0 450.0                            LAT/LON1/LON2/DLON/H
  127  120  120  117  105   96   88   85   84   80   80   83   86   90   94   99
  102  103  103  100   96   90   84   77   71   65   60   56   52   49   46   43
   40   36   34   31   30   30   31   33   36   39   42   43   42   40   37   34
   32   30   30   31   33   38   44   52   61   69   77   83   89   93   96   99
   99   99  104  105  109  117  120  133  127                                   
    52.5-180.0 180.0   5.0 450.0                            LAT/LON1/LON2/DLON/H
  134  129  129  128  117  108   99   94   91   85   83   84   86   91   96  100
  104  105  105  103  100   95   90   85   80   74   69   65   61   56   52   48
   44   41   39   38   38   38   40   43   45   48   49   49   47   44   41   38
   36   35   35   36   38   42   48   56   64   72   80   86   91   96  101  104
  105  107  112  113  118  125  127  139  134                                   
    50.0-180.0 180.0   5.0 450.0                            LAT/LON1/LON2/DLON/H
  141  137  137  138  129  121  112  107  102   93   89   88   90   94   99  103
  106  107  107  106  104  101   97   94   89   85   80   75   70   64   59   54
   50   47   46   46   47   49   51   53   55   57   57   56   53   50   47   45
   43   42   42   43   45   49   55   62   70   78   84   90   95  100  105  110
  112  115  121  121  126  133  133  144  141                                   
    47.5-180.0 180.0   5.0 450.0                            LAT/LON1/LON2/DLON/H
  146  142  142  146  139  133  125  120  114  104   98   96   96   99  103  106
  108  109  109  108  107  106  104  102   99   95   91   85   78   71   65   59
   55   53   53   54   56   59   61   63   64   65   65   63   60   57   54   53
   52   52   52   53   55   59   65   72   79   85   91   96  101  105  110  116
  119  123  129  130  134  139  138  149  146                                   
    45.0-180.0 180.0   5.0 450.0                            LAT/LON1/LON2/DLON/H
  149  145  145  150  147  142  136  132  126  116  109  105  105  106  109  111
  112  112  112  112  112  112  111  110  107  104   99   92   85   77   69   63
   59   58   59   61   64   67   69   70   72   72   71   69   66   64   63   63
   63   63   63   64   66   70   76   83   89   95  100  104  107  111  116  122
  126  131  138  138  141  145  143  153  149                                   
    42.5-180.0 180.0   5.0 450.0                            LAT/LON1/LON2/DLON/H
  151  147  146  152  150  147  143  140  136  126  120  116  115  115  116  117
  117  116  116  117  118  119  119  118  115  110  104   96   88   79   71   65
   62   61   63   66   69   72   74   75   76   76   76   74   72   71   71   72
   73   73   73   74   77   82   88   94  100  105  108  112  115  118  123  129
  133  139  146  145  148  151  148  157  151                                   
    40.0-180.0 180.0   5.0 450.0                            LAT/LON1/LON2/DLON/H
  153  148  148  153  152  149  147  145  142  135  130  127  125  125  125  124
  124  124  124  126  127  128  127  124  120  114  106   97   88   78   70   65
   62   63   65   68   71   74   76   78   79   80   80   79   78   78   79   80
   81   81   81   82   85   90   97  103  109  113  116  119  122  126  130  136
  140  146  154  153  155  157  154  164  153                                   
    37.5-180.0 180.0   5.0 450.0                            LAT/LON1/LON2/DLON/H
  157  153  152  155  153  150  148  147  147  142  139  137  136  135  134  134
  133  134  135  137  137  137  134  129  123  115  106   95   85   76   68   64
   62   63   66   69   73   75   77   79   81   82   83   84   83   83   84   85
   85   85   84   84   88   94  102  109  115  119  122  126  130  133  138  143
  147  153  161  161  163  165  163  174  157                                   
    35.0-180.0 180.0   5.0 450.0                            LAT/LON1/LON2/DLON/H
  168  163  162  162  157  153  150  150  151  148  147  147  146  145  145  144
  145  146  147  148  148  145  139  132  123  114  104   93   82   73   67   63
   63   64   67   71   74   77   79   81   83   85   87   87   87   86   86   85
   84   82   81   82   86   94  104  112  118  123  127  132  137  142  147  152
  156  162  170  171  173  176  176  188  168                                   
    32.5-180.0 180.0   5.0 450.0                            LAT/LON1/LON2/DLON/H
  186  182  180  177  169  162  157  156  157  156  156  157  156  155  155  155
  157  159  160  159  156  150  142  132  122  112  101   90   80   72   67   65
   65   68   71   74   77   80   82   84   86   89   91   91   89   87   84   82
   79   76   74   76   82   92  103  113  120  126  131  137  144  151  157  163
  167  172  181  182  186  191  195  208  186                                   
    30.0-180.0 180.0   5.0 450.0                            LAT/LON1/LON2/DLON/H
  212  210  207  200  190  180  173  170  170  168  168  169  168  166  166  167
  169  170  170  167  160  152  142  131  121  110  100   90   81   73   69   69
   71   74   77   80   83   86   88   89   91   93   94   93   90   86   82   77
   73   69   67   69   76   87  100  112  120  126  133  141  151  161  170  177
  181  187  196  197  203  211  219  234  212                                   
    27.5-180.0 180.0   5.0 450.0                            LAT/LON1/LON2/DLON/H
  246  245  240  233  221  209  200  194  192  188  187  185  182  179  178  179
  181  181  177  171  161  150  139  129  119  110  101   92   84   78   75   77
   79   82   85   88   91   94   96   96   97   98   98   96   91   85   79   73
   67   63   61   63   70   83   97  110  119  127  135  145  158  172  184  193
  199  206  215  217  225  236  248  264  246                                   
    25.0-180.0 180.0   5.0 450.0                            LAT/LON1/LON2/DLON/H
  284  283  278  271  259  247  236  227  223  217  212  207  202  197  194  194
  194  191  183  172  160  148  137  128  120  112  104   97   90   85   85   87
   91   93   95   98  101  103  104  104  103  102  101   98   92   85   77   70
   64   59   57   59   67   81   96  110  120  128  138  150  166  184  199  213
  221  230  239  241  251  263  280  296  284                                   
    22.5-180.0 180.0   5.0 450.0                            LAT/LON1/LON2/DLON/H
  321  320  315  310  300  289  278  269  262  253  246  238  229  221  216  214
  210  202  189  174  159  147  138  130  123  116  110  104   98   95   96   99
  102  104  105  107  110  112  112  110  107  105  103   99   93   85   76   69
   62   57   55   57   66   80   96  111  123  133  144  158  177  197  217  234
  246  257  267  270  280  293  312  329  321                                   
    20.0-180.0 180.0   5.0 450.0                            LAT/LON1/LON2/DLON/H
  354  352  349  346  339  331  323  313  306  296  286  275  264  254  247  241
  232  219  200  180  164  152  144  136  130  124  118  113  109  107  108  111
  113  114  114  115  116  118  116  113  109  106  104  100   94   85   77   69
   62   56   54   56   64   77   94  111  125  138  152  169  189  212  235  255
  271  285  297  301  310  322  343  360  354                                   
    17.5-180.0 180.0   5.0 450.0                            LAT/LON1/LON2/DLON/H
  379  378  378  378  373  369  364  357  351  341  330  319  307  296  286  276
  263  243  218  196  178  166  158  150  141  134  128  123  120  119  120  122
  122  122  120  120  121  120  118  113  109  106  104  101   95   87   77   69
   61   56   53   54   61   74   90  109  126  143  160  179  202  227  252  276
  296  313  327  333  341  350  371  388  379                                   
    15.0-180.0 180.0   5.0 450.0                            LAT/LON1/LON2/DLON/H
  399  399  401  402  401  400  399  396  392  384  375  366  356  345  334  320
  301  276  247  221  203  191  180  169  157  147  139  134  131  130  130  131
  131  129  126  124  123  122  118  113  109  107  105  103   97   88   78   68
   60   54   51   51   56   68   85  104  124  145  165  188  213  240  268  294
  317  338  355  362  369  375  396  413  399                                   
    12.5-180.0 180.0   5.0 450.0                            LAT/LON1/LON2/DLON/H
  414  418  420  421  421  424  425  427  426  421  416  411  405  396  385  369
  346  316  285  257  238  223  209  192  174  160  150  145  142  140  140  140
  138  136  132  129  126  124  120  115  111  109  108  106   99   89   77   67
   58   51   47   47   51   61   77   97  120  143  168  194  222  251  281  309
  335  358  377  387  393  397  417  434  414                                   
    10.0-180.0 180.0   5.0 450.0                            LAT/LON1/LON2/DLON/H
  428  436  438  436  436  439  444  448  450  449  448  449  448  443  433  415
  390  359  327  300  279  260  240  216  192  173  161  156  153  151  150  149
  147  144  139  135  131  128  123  119  115  114  113  109  101   89   76   63
   53   46   42   41   44   53   68   89  113  139  167  196  227  259  290  320
  347  373  393  405  412  415  434  453  428                                   
     7.5-180.0 180.0   5.0 450.0                            LAT/LON1/LON2/DLON/H
  444  457  456  451  449  451  455  461  465  467  470  475  480  479  470  453
  428  398  367  340  317  294  266  235  206  184  172  166  163  161  159  157
