data/edconvlstm_nd/pred0400.15i
     1.0            IONOSPHERE MAPS     GNSS                IONEX VERSION / TYPE
pyspatialgeodesy        IME             05-JAN-18 20:20     PGM / RUN BY / DATE 
Map Name                                                    COMMENT             
Predicted global ionosphere maps (GIM).                     DESCRIPTION         
  2015     2     9     0     0     0                        EPOCH OF FIRST MAP  
  2015     2    10     0     0     0                        EPOCH OF LAST MAP   
  7200                                                      INTERVAL            
    13                                                      # OF MAPS IN FILE   
  NONE                                                      MAPPING FUNCTION    
10.0                                                        ELEVATION CUTOFF    
One-way carrier phase leveled to code                       OBSERVABLES USED    
  6371.0                                                    BASE RADIUS         
 2                                                          MAP DIMENSION       
   450.0 450.0   0.0                                        HGT1 / HGT2 / DHGT  
    87.5 -87.5  -2.5                                        LAT1 / LAT2 / DLAT  
  -180.0 180.0   5.0                                        LON1 / LON2 / DLON  
    -1                                                      EXPONENT            
                                                            END OF HEADER       
[from data line 1287]
     4                                                      START OF TEC MAP    
  2015     2     9     6     0     0                        EPOCH OF CURRENT MAP
    87.5-180.0 180.0   5.0 450.0                            LAT/LON1/LON2/DLON/H
  116  110  104  110  112  112  111  110  113  116  118  120  121  123  124  124
  124  125  124  124  123  123  122  121  120  119  118  117  116  115  114  114
  113  112  112  111  111  111  110  110  110  110  110  110  110  111  111  111
  111  111  111  111  110  109  109  108  107  105  104  103  102  100   99   98
   98   99   98   97  100  102  109  111  116                                   
    85.0-180.0 180.0   5.0 450.0                            LAT/LON1/LON2/DLON/H
   99  101   93  100  103  106  108  110  114  117  120  123  125  127  129  130
  131  131  131  131  130  129  128  127  125  124  122  121  120  119  118  117
  117  116  115  115  115  115  115  115  116  116  117  117  118  119  120  120
  121  121  122  122  121  121  120  119  117  116  114  112  110  107  105  103
  103  102   97   97   93   95   98  102   99                                   
    82.5-180.0 180.0   5.0 450.0                            LAT/LON1/LON2/DLON/H
   93   85   85   84   86   89   93   96  101  106  110  115  118  121  123  125
  126  126  126  125  123  121  119  117  115  113  111  109  108  107  106  105
  105  105  105  105  106  107  108  109  111  113  115  117  119  121  124  126
  128  130  132  133  134  134  134  133  132  130  128  125  121  117  113  110
  106  102   95   92   92   85   82   84   93                                   
    80.0-180.0 180.0   5.0 450.0                            LAT/LON1/LON2/DLON/H
   88   76   70   71   74   77   82   87   93   99  104  110  114  118  121  123
  124  124  123  121  119  116  112  109  106  103  100   98   97   96   96   96
   96   97   98   99  100  102  104  107  109  112  116  119  123  128  132  137
  141  145  149  153  156  158  159  160  159  158  155  152  148  142  136  130
  123  114  104   98   95   85   85   80   88                                   
    77.5-180.0 180.0   5.0 450.0                            LAT/LON1/LON2/DLON/H
   90   72   67   68   67   71   77   82   89   94  100  106  111  116  119  121
  122  121  119  117  113  110  105  101   97   94   91   90   88   88   89   90
   91   93   95   97  100  103  106  109  113  118  122  128  134  140  148  155
  162  170  177  184  190  195  198  201  202  202  200  197  192  185  177  168
  157  145  130  121  112   93   87   85   90                                   
    75.0-180.0 180.0   5.0 450.0                            LAT/LON1/LON2/DLON/H
   93   78   68   69   68   71   76   79   85   90   94  100  104  108  110  112
  112  111  109  106  103   99   95   91   87   85   82   81   81   81   82   84
   86   88   91   94   97  100  104  108  113  118  124  132  140  148  158  169
  179  190  201  211  220  227  234  238  241  242  241  239  234  227  217  207
  194  179  162  145  131  109  101   95   93                                   
    72.5-180.0 180.0   5.0 450.0                            LAT/LON1/LON2/DLON/H
  102   87   78   76   74   76   79   81   85   88   91   95   97   99  101  101
  101  100   99   96   94   91   88   85   82   80   79   78   79   80   81   83
   85   88   90   93   96  100  104  109  114  121  129  138  148  159  172  186
  200  214  228  240  252  261  269  275  278  280  280  277  272  265  255  244
  230  214  196  177  157  131  119  114  102                                   
    70.0-180.0 180.0   5.0 450.0                            LAT/LON1/LON2/DLON/H
  118   99   89   86   82   81   83   84   87   87   88   89   89   89   88   88
   87   87   86   85   84   83   82   81   80   79   79   79   79   80   82   83
   84   86   87   89   92   95   99  104  111  119  128  139  152  166  182  199
  216  233  250  265  278  289  297  303  306  307  306  303  298  290  280  269
  255  238  221  200  179  151  141  134  118                                   
    67.5-180.0 180.0   5.0 450.0                            LAT/LON1/LON2/DLON/H
  127  108   97   93   88   86   86   86   88   87   86   85   83   81   79   77
   77   77   77   78   79   80   80   80   81   81   81   82   82   83   83   82
   82   82   81   81   82   84   88   93  101  111  122  136  151  168  187  207
  227  247  266  283  297  307  314  318  320  319  317  312  306  298  288  278
  264  248  231  211  190  163  152  147  127                                   
    65.0-180.0 180.0   5.0 450.0                            LAT/LON1/LON2/DLON/H
  137  115  103   99   92   89   88   89   90   89   87   84   80   76   73   72
   71   72   74   76   78   80   82   84   85   87   88   88   88   87   85   83
   81   78   75   74   73   74   78   84   93  105  120  136  155  175  197  219
  242  264  284  301  315  323  328  329  328  325  320  314  307  299  290  280
  268  253  238  218  200  173  163  158  137                                   
    62.5-180.0 180.0   5.0 450.0                            LAT/LON1/LON2/DLON/H
  143  118  106   99   91   87   86   87   88   88   86   84   80   75   72   70
   70   71   74   76   79   82   85   87   89   90   91   91   90   88   85   81
   77   72   68   65   63   64   67   75   86  101  119  139  161  184  209  233
  258  281  302  318  330  336  338  336  331  325  318  312  305  297  289  280
  269  255  242  223  206  179  170  165  143                                   
    60.0-180.0 180.0   5.0 450.0                            LAT/LON1/LON2/DLON/H
  149  119  104   94   85   79   78   79   82   83   82   81   78   75   72   71
   72   73   76   78   81   83   85   87   88   89   89   89   87   84   80   75
   70   64   59   56   54   55   60   69   82  100  122  146  171  197  224  250
  276  300  320  335  345  348  346  341  333  326  318  311  305  298  291  284
  274  262  250  231  216  188  179  171  149                                   
    57.5-180.0 180.0   5.0 450.0                            LAT/LON1/LON2/DLON/H
  156  121  104   90   79   71   69   70   73   75   76   77   76   74   74   74
   75   77   80   82   83   84   84   84   84   84   83   82   80   77   73   68
   63   58   54   51   50   52   58   69   86  107  132  159  187  215  244  271
  297  321  340  353  360  361  356  348  339  331  323  317  312  307  301  295
  287  276  265  246  233  203  192  181  156                                   
    55.0-180.0 180.0   5.0 450.0                            LAT/LON1/LON2/DLON/H
  167  128  108   89   76   65   61   62   64   66   67   70   71   72   74   76
   79   82   83   84   84   82   80   78   76   75   74   73   71   68   64   61
   57   54   52   51   52   56   64   77   95  119  147  177  207  237  266  294
  320  342  360  372  376  374  368  358  349  341  334  329  325  321  317  312
  305  295  285  266  254  222  209  195  167                                   
    52.5-180.0 180.0   5.0 450.0                            LAT/LON1/LON2/DLON/H
  183  143  121   96   81   67   60   58   58   58   60   62   65   68   73   77
   82   85   86   86   84   81   77   73   70   68   66   65   63   61   59   56
   55   54   55   57   60   66   76   90  111  137  166  198  230  261  290  317
  342  363  379  389  392  388  380  370  360  353  348  344  341  338  333  329
  322  314  305  286  275  243  229  212  183                                   
    50.0-180.0 180.0   5.0 450.0                            LAT/LON1/LON2/DLON/H
  202  163  141  114   98   81   70   63   59   57   56   58   61   65   71   78
   83   87   88   87   84   80   75   71   67   64   62   61   60   58   57   56
   57   59   62   67   73   81   93  109  130  157  188  221  253  284  313  339
  363  383  397  405  405  400  391  380  372  365  361  358  354  349  344  339
  333  326  317  300  290  260  246  231  202                                   
    47.5-180.0 180.0   5.0 450.0                            LAT/LON1/LON2/DLON/H
  220  185  165  140  124  105   90   79   70   63   59   59   61   65   71   78
   84   88   89   89   86   82   77   73   69   66   65   63   62   61   59   59
   61   66   72   79   88   99  112  129  152  179  210  242  274  305  333  358
  380  398  411  416  415  408  397  387  378  371  367  362  357  350  343  337
  330  324  316  301  293  267  254  244  220                                   
    45.0-180.0 180.0   5.0 450.0                            LAT/LON1/LON2/DLON/H
  231  202  187  167  154  135  119  103   89   78   70   66   66   69   74   80
   86   89   92   92   90   88   84   80   77   74   73   71   69   66   64   64
   67   73   81   91  102  115  130  149  172  199  229  260  292  321  348  372
  393  409  419  423  420  411  399  387  377  369  363  356  348  338  328  320
  313  307  300  289  282  260  251  246  231                                   
    42.5-180.0 180.0   5.0 450.0                            LAT/LON1/LON2/DLON/H
  232  209  201  189  180  164  149  132  115   99   87   80   77   78   81   86
   90   94   96   98   99   98   95   92   89   86   84   82   78   74   71   71
   73   80   89  100  113  128  145  166  189  216  244  275  305  333  359  381
  400  415  424  427  422  412  399  385  374  364  355  345  334  321  309  299
  291  285  277  267  261  241  234  233  232                                   
    40.0-180.0 180.0   5.0 450.0                            LAT/LON1/LON2/DLON/H
  222  203  202  195  193  182  170  157  141  123  108   99   93   92   93   95
   98  102  105  108  111  111  109  106  103  100   97   94   89   84   80   78
   80   86   94  105  119  136  156  179  203  230  257  286  315  342  366  387
  405  419  429  432  429  420  406  392  378  365  354  342  329  315  301  290
  280  271  261  249  240  218  212  212  222                                   
    37.5-180.0 180.0   5.0 450.0                            LAT/LON1/LON2/DLON/H
  207  187  188  184  187  181  176  169  157  142  128  118  111  108  107  108
  110  113  118  122  126  126  124  120  116  113  109  106  100   94   88   84
   85   88   95  106  121  140  164  189  216  243  270  297  324  349  373  393
  412  427  439  447  448  441  429  414  398  383  370  358  346  334  322  310
  298  285  270  251  236  206  197  192  207                                   
    35.0-180.0 180.0   5.0 450.0                            LAT/LON1/LON2/DLON/H
  194  169  166  161  166  164  164  164  159  150  140  132  127  123  122  122
  124  128  133  138  141  141  137  131  126  122  119  115  109  101   93   87
   85   87   93  104  120  142  169  199  228  256  283  309  334  359  382  404
  424  443  461  475  482  481  471  456  439  423  410  400  392  385  376  366
  352  335  315  287  264  222  205  190  194                                   
    32.5-180.0 180.0   5.0 450.0                            LAT/LON1/LON2/DLON/H
  194  158  148  136  139  137  141  146  147  144  140  137  135  133  132  133
  136  141  147  153  155  153  146  139  133  129  126  121  114  104   94   86
   83   84   89  100  118  143  175  209  241  271  298  323  348  373  397  420
  445  471  496  519  535  539  533  519  502  486  475  470  469  468  465  457
  442  420  394  357  326  272  243  216  194                                   
    30.0-180.0 180.0   5.0 450.0                            LAT/LON1/LON2/DLON/H
  213  166  144  123  119  113  116  122  128  130  131  132  134  134  136  138
  143  150  158  163  164  160  152  144  138  134  131  126  117  106   94   85
   81   81   87   99  118  145  180  218  255  286  314  340  366  392  418  446
  476  509  544  577  602  615  614  603  587  572  565  567  576  585  589  583
  565  538  504  457  418  351  308  272  213                                   
    27.5-180.0 180.0   5.0 450.0                            LAT/LON1/LON2/DLON/H
  258  200  163  132  117  104  101  105  110  113  117  122  126  129  132  136
  143  152  160  166  166  161  155  148  143  139  136  131  122  111   99   90
   85   85   90  101  120  148  186  227  266  301  331  359  386  415  446  479
  515  557  601  643  678  699  705  698  686  676  674  684  703  723  735  731
  711  679  637  580  532  450  393  355  258                                   
    25.0-180.0 180.0   5.0 450.0                            LAT/LON1/LON2/DLON/H
  332  262  209  169  143  121  108  106  105  106  108  113  117  121  124  129
  137  146  155  160  161  158  155  151  148  145  143  138  131  121  110  102
   96   95   98  106  124  152  190  233  275  313  345  376  408  441  477  516
  560  609  660  710  751  779  792  792  786  781  785  801  828  856  873  871
  850  817  770  708  652  562  494  458  332                                   
    22.5-180.0 180.0   5.0 450.0                            LAT/LON1/LON2/DLON/H
  429  349  283  235  197  168  144  132  124  118  115  115  116  118  119  122
  129  137  144  149  151  153  155  156  156  154  153  150  145  137  127  118
  112  108  108  113  128  154  192  236  280  320  356  391  428  467  509  554
  603  656  711  764  808  840  859  866  865  865  872  892  921  952  970  969
  950  920  876  817  757  671  606  575  429                                   
    20.0-180.0 180.0   5.0 450.0                            LAT/LON1/LON2/DLON/H
  538  452  380  330  280  245  211  188  170  155  144  137  132  128  125  123
  125  130  134  138  142  148  155  162  166  166  165  163  159  151  142  133
  125  119  116  118  130  155  192  236  280  322  362  402  444  489  536  586
  638  691  745  794  837  869  891  903  909  913  921  940  968  996 1013 1010
  993  969  935  887  831  759  711  688  538                                   
    17.5-180.0 180.0   5.0 450.0                            LAT/LON1/LON2/DLON/H
  638  556  489  443  385  346  303  272  244  220  200  184  171  159  148  139
  134  132  132  133  137  146  159  172  179  180  177  173  167  159  149  140
  132  125  119  119  130  154  190  233  277  321  364  408  455  505  556  608
  659  709  755  797  833  863  886  902  912  919  928  944  967  988  999  994
  978  960  941  908  863  810  782  774  638                                   
    15.0-180.0 180.0   5.0 450.0                            LAT/LON1/LON2/DLON/H
  712  641  590  553  494  456  411  374  341  310  281  257  236  214  193  174
  160  149  142  138  140  151  168  185  193  193  186  177  167  157  148  140
  132  125  119  119  129  153  187  229  272  317  362  410  460  513  566  617
  665  708  745  777  804  829  851  870  884  893  901  913  928  940  942  932
  916  903  897  881  853  818  809  815  712                                   
    12.5-180.0 180.0   5.0 450.0                            LAT/LON1/LON2/DLON/H
  754  697  664  637  587  553  511  475  442  411  380  352  324  293  262  233
  207  186  169  157  155  165  183  200  208  202  188  173  159  149  142  137
  131  124  119  120  130  153  186  226  268  312  358  408  460  514  567  616
  659  694  722  743  762  782  803  824  841  852  858  864  870  873  868  853
  837  826  829  826  817  798  798  813  754                                   
    10.0-180.0 180.0   5.0 450.0                            LAT/LON1/LON2/DLON/H
  766  721  703  684  645  617  581  552  526  501  476  451  422  388  351  312
  276  243  214  192  183  187  202  216  218  206  185  164  150  142  138  135
  131  126  122  124  135  157  188  225  264  307  353  403  456  510  561  606
  644  673  693  709  723  741  763  787  806  816  821  821  821  818  807  790
  775  765  770  773  774  766  768  784  766                                   
     7.5-180.0 180.0   5.0 450.0                            LAT/LON1/LON2/DLON/H
  757  723  712  697  667  643  612  589  573  558  544  528  506  477  440  400
  358  317  277  243  222  216  222  228  223  204  179  157  144  138  136  135
