data/edconvlstm_nd/pred1050.15i
     1.0            IONOSPHERE MAPS     GNSS                IONEX VERSION / TYPE
pyspatialgeodesy        IME             05-JAN-18 20:20     PGM / RUN BY / DATE 
Map Name                                                    COMMENT             
Predicted global ionosphere maps (GIM).                     DESCRIPTION         
  2015     4    15     0     0     0                        EPOCH OF FIRST MAP  
  2015     4    16     0     0     0                        EPOCH OF LAST MAP   
  7200                                                      INTERVAL            
    13                                                      # OF MAPS IN FILE   
  NONE                                                      MAPPING FUNCTION    
10.0                                                        ELEVATION CUTOFF    
One-way carrier phase leveled to code                       OBSERVABLES USED    
  6371.0                                                    BASE RADIUS         
 2                                                          MAP DIMENSION       
   450.0 450.0   0.0                                        HGT1 / HGT2 / DHGT  
    87.5 -87.5  -2.5                                        LAT1 / LAT2 / DLAT  
  -180.0 180.0   5.0                                        LON1 / LON2 / DLON  
    -1                                                      EXPONENT            
                                                            END OF HEADER       
[from data line 1287]
     4                                                      START OF TEC MAP    
  2015     4    15     6     0     0                        EPOCH OF CURRENT MAP
    87.5-180.0 180.0   5.0 450.0                            LAT/LON1/LON2/DLON/H
  181  175  170  175  177  177  176  176  178  181  182  184  186  187  188  189
  189  190  190  190  190  190  189  189  188  188  187  187  187  186  186  186
  185  185  185  184  184  184  183  182  181  180  179  177  176  174  172  171
  169  167  165  163  162  160  159  158  157  156  155  155  155  154  154  154
  155  158  158  160  163  164  167  172  181                                   
    85.0-180.0 180.0   5.0 450.0                            LAT/LON1/LON2/DLON/H
  171  172  168  173  175  178  179  181  183  185  187  189  190  191  192  193
  193  194  194  194  194  193  193  193  192  192  191  191  191  191  191  191
  191  192  192  192  192  193  192  192  191  190  189  187  185  183  181  179
  176  174  172  170  168  166  164  163  162  161  160  159  159  159  158  159
  160  162  160  163  160  164  165  169  171                                   
    82.5-180.0 180.0   5.0 450.0                            LAT/LON1/LON2/DLON/H
  169  171  168  167  168  171  172  174  177  179  181  183  184  185  185  185
  185  185  185  185  184  184  183  183  182  182  181  181  181  182  182  183
  184  186  187  189  190  191  192  192  192  191  190  188  186  184  181  179
  176  174  171  169  167  165  163  162  161  160  159  158  157  156  156  156
  156  157  154  158  160  161  161  157  169                                   
    80.0-180.0 180.0   5.0 450.0                            LAT/LON1/LON2/DLON/H
  168  172  167  166  167  169  171  173  176  177  178  180  180  180  179  178
  178  177  176  176  175  174  173  173  172  171  171  171  172  173  174  177
  180  183  187  190  193  196  199  200  202  202  202  201  199  197  195  192
  190  188  185  183  181  180  178  177  176  175  173  172  171  170  169  169
  168  166  163  165  167  166  171  158  168                                   
    77.5-180.0 180.0   5.0 450.0                            LAT/LON1/LON2/DLON/H
  174  174  171  171  168  170  172  172  174  174  172  172  171  169  166  164
  163  161  160  159  159  159  158  158  158  157  157  158  159  161  164  168
  172  178  184  190  196  201  206  210  212  214  215  215  214  213  212  210
  209  207  205  204  203  202  201  200  199  198  197  196  194  193  191  190
  187  185  179  180  182  178  177  168  174                                   
    75.0-180.0 180.0   5.0 450.0                            LAT/LON1/LON2/DLON/H
  179  181  175  173  169  170  171  169  169  168  165  162  158  153  149  145
  142  140  139  139  139  140  140  141  141  141  141  141  142  145  148  154
  161  168  177  186  194  202  209  214  219  223  225  227  228  228  228  228
  227  227  227  226  226  225  225  224  223  222  221  220  218  216  214  212
  209  206  200  196  196  193  191  180  179                                   
    72.5-180.0 180.0   5.0 450.0                            LAT/LON1/LON2/DLON/H
  184  187  181  177  172  171  170  168  166  163  158  152  145  137  130  124
  120  117  117  118  120  123  125  127  128  128  128  128  129  131  135  141
  149  158  169  179  190  200  209  216  222  228  232  236  239  241  243  245
  246  247  248  248  248  247  246  245  244  242  241  239  237  235  232  230
  227  224  219  215  212  208  204  197  184                                   
    70.0-180.0 180.0   5.0 450.0                            LAT/LON1/LON2/DLON/H
  193  191  185  179  172  170  168  165  163  158  152  144  134  123  113  105
   99   97   97  100  104  109  114  117  118  118  117  116  116  118  121  127
  136  146  157  169  181  193  203  212  220  227  234  239  245  249  254  257
  260  262  263  264  263  261  259  257  255  252  250  247  245  242  240  238
  235  232  228  225  223  220  218  213  193                                   
    67.5-180.0 180.0   5.0 450.0                            LAT/LON1/LON2/DLON/H
  196  193  187  180  173  170  167  164  161  156  149  141  129  116  103   93
   86   83   85   89   96  103  109  113  115  115  113  110  109  109  111  117
  124  134  146  159  171  183  195  205  215  223  232  240  248  256  262  268
  272  274  275  275  273  269  266  262  258  254  250  247  244  241  238  236
  233  231  229  226  225  224  222  221  196                                   
    65.0-180.0 180.0   5.0 450.0                            LAT/LON1/LON2/DLON/H
  199  195  188  180  173  168  165  162  160  156  149  141  128  114  100   88
   80   77   79   84   93  101  109  114  115  114  111  107  104  103  104  108
  115  125  137  149  162  175  187  198  209  220  231  242  252  262  271  278
  283  285  285  284  280  275  269  263  257  252  248  244  240  236  232  229
  226  224  222  221  223  224  224  224  199                                   
    62.5-180.0 180.0   5.0 450.0                            LAT/LON1/LON2/DLON/H
  201  197  190  180  172  166  161  158  157  153  148  142  131  117  103   90
   82   78   79   85   93  102  110  115  115  113  109  104   99   97   98  101
  108  117  129  141  154  167  180  193  206  219  232  245  257  269  279  287
  292  294  294  291  286  279  272  264  257  251  246  242  237  232  227  222
  218  215  214  214  216  219  221  221  201                                   
    60.0-180.0 180.0   5.0 450.0                            LAT/LON1/LON2/DLON/H
  204  200  193  181  172  163  158  153  151  148  145  140  132  120  108   96
   87   82   82   87   95  103  109  112  112  109  103   98   93   91   92   95
  102  111  122  135  149  163  177  190  205  219  234  249  263  276  287  296
  301  303  302  299  293  286  278  270  263  256  251  247  241  235  228  221
  214  210  207  208  211  215  217  217  204                                   
    57.5-180.0 180.0   5.0 450.0                            LAT/LON1/LON2/DLON/H
  213  209  203  188  177  166  158  150  145  141  137  135  129  121  112  101
   93   88   88   91   97  102  107  108  106  102   96   91   87   86   87   91
   98  107  119  133  147  162  177  192  208  223  240  256  271  285  296  304
  309  312  311  309  304  298  290  283  276  270  266  261  256  248  239  230
  220  213  209  208  211  215  217  216  213                                   
    55.0-180.0 180.0   5.0 450.0                            LAT/LON1/LON2/DLON/H
  226  224  218  201  190  176  164  151  142  134  129  126  122  118  112  105
   99   94   93   95   98  101  103  102   98   94   89   85   83   82   84   88
   96  106  119  134  150  166  181  197  213  230  247  264  280  293  304  313
  318  321  323  322  319  315  309  303  297  292  288  284  278  270  260  249
  236  226  219  216  218  222  224  222  226                                   
    52.5-180.0 180.0   5.0 450.0                            LAT/LON1/LON2/DLON/H
  244  243  238  222  210  194  179  161  145  131  122  117  114  112  109  106
  102  100   99   99  100  101  100   97   93   89   85   82   81   82   84   89
   97  108  122  138  155  172  189  205  222  239  256  273  288  302  313  321
  327  332  335  337  337  335  332  327  323  319  315  311  306  297  285  273
  258  246  236  231  231  233  235  233  244                                   
    50.0-180.0 180.0   5.0 450.0                            LAT/LON1/LON2/DLON/H
  263  264  260  246  236  220  202  179  157  136  121  112  107  106  105  105
  104  104  104  104  104  102  100   96   92   89   86   85   85   86   88   93
  101  112  127  144  162  180  197  214  231  248  265  282  297  310  320  328
  335  342  347  353  356  357  355  352  349  345  342  337  331  322  310  296
  281  267  256  248  246  246  249  247  263                                   
    47.5-180.0 180.0   5.0 450.0                            LAT/LON1/LON2/DLON/H
  278  281  278  269  261  247  229  204  176  149  127  113  105  102  103  104
  106  107  109  109  109  107  104  100   97   95   94   94   95   95   96   99
  106  117  132  150  169  187  205  222  240  257  275  291  305  317  327  335
  343  350  358  366  372  375  375  373  370  366  362  356  349  338  326  313
  298  285  273  264  259  258  261  260  278                                   
    45.0-180.0 180.0   5.0 450.0                            LAT/LON1/LON2/DLON/H
  286  290  289  284  280  269  254  229  199  168  141  121  110  104  104  106
  108  112  114  116  116  114  112  109  108  107  108  108  108  107  106  107
  112  122  137  155  174  193  211  230  248  266  283  299  313  324  333  341
  349  358  367  377  384  389  389  387  384  380  374  367  357  345  332  320
  308  297  286  276  270  266  268  267  286                                   
    42.5-180.0 180.0   5.0 450.0                            LAT/LON1/LON2/DLON/H
  287  290  290  287  286  279  268  247  219  187  158  136  121  113  111  111
  114  117  121  123  125  125  124  123  123  124  125  125  123  119  116  114
  117  126  140  158  177  197  216  235  255  274  292  307  320  330  339  347
  355  365  376  386  395  400  401  399  396  391  385  375  361  347  333  322
  312  304  295  285  277  271  272  268  287                                   
    40.0-180.0 180.0   5.0 450.0                            LAT/LON1/LON2/DLON/H
  285  283  282  276  276  272  266  251  229  201  174  153  137  127  123  121
  123  126  129  133  135  136  137  138  139  141  142  140  136  130  125  121
  122  129  142  159  178  198  219  240  261  281  300  315  326  336  344  353
  362  374  386  399  409  415  417  417  415  411  404  391  374  355  338  326
  318  312  305  295  287  276  275  266  285                                   
    37.5-180.0 180.0   5.0 450.0                            LAT/LON1/LON2/DLON/H
  286  276  270  256  253  248  245  238  223  203  182  165  152  143  138  135
  134  136  139  143  146  149  151  153  155  157  156  153  147  139  132  127
  126  131  142  159  178  199  221  244  267  289  307  322  333  342  350  360
  372  386  402  418  431  441  446  450  452  451  444  429  408  383  361  347
  338  333  325  315  305  291  285  269  286                                   
    35.0-180.0 180.0   5.0 450.0                            LAT/LON1/LON2/DLON/H
  298  280  265  238  227  216  213  209  202  191  179  170  162  156  152  148
  146  147  149  153  157  161  164  167  169  170  168  162  155  146  137  131
  128  132  142  158  177  200  223  248  273  296  314  328  338  347  356  369
  384  403  424  446  465  481  494  504  513  517  512  496  471  440  413  393
  381  374  366  353  343  323  313  290  298                                   
    32.5-180.0 180.0   5.0 450.0                            LAT/LON1/LON2/DLON/H
  330  305  279  236  212  191  181  177  172  168  165  164  163  162  161  158
  156  156  158  162  167  172  177  180  182  181  176  169  160  150  141  134
  131  133  141  156  176  200  225  251  277  300  319  332  342  351  363  379
  399  425  453  482  510  535  557  578  596  607  607  593  565  529  496  470
  454  443  432  416  405  380  363  336  330                                   
    30.0-180.0 180.0   5.0 450.0                            LAT/LON1/LON2/DLON/H
  390  360  322  263  223  190  167  155  148  145  146  151  156  161  163  163
  162  162  165  170  176  184  190  194  195  192  185  176  165  155  146  138
  134  134  140  155  175  199  225  252  279  302  321  334  345  356  371  391
  418  450  487  525  561  596  630  662  692  714  721  710  682  644  605  574
  552  537  523  504  491  462  435  408  390                                   
    27.5-180.0 180.0   5.0 450.0                            LAT/LON1/LON2/DLON/H
  475  445  395  325  271  226  188  162  145  135  134  140  147  154  159  162
  163  165  168  175  184  194  203  209  210  205  197  185  173  162  153  145
  138  135  139  152  172  197  224  251  277  301  320  334  347  361  380  406
  440  480  524  570  616  660  704  747  788  820  836  831  807  769  728  692
  666  647  631  609  596  561  524  501  475                                   
    25.0-180.0 180.0   5.0 450.0                            LAT/LON1/LON2/DLON/H
  576  552  493  421  358  305  250  209  176  154  143  141  145  150  155  159
  161  164  169  178  190  205  218  226  228  223  212  199  186  175  164  153
  142  135  136  147  168  194  221  248  273  296  317  334  350  368  392  424
  464  510  561  614  665  716  766  817  865  905  928  931  913  881  842  806
  777  756  739  718  704  668  623  606  576                                   
    22.5-180.0 180.0   5.0 450.0                            LAT/LON1/LON2/DLON/H
  675  659  602  538  473  419  352  296  245  206  180  165  159  157  158  159
  162  165  171  181  196  215  232  244  248  243  232  217  203  190  176  160
  143  131  129  141  163  190  217  243  267  291  314  335  355  379  408  444
  488  539  594  649  702  753  804  856  906  949  978  987  979  956  925  892
  865  844  831  812  798  763  718  712  675                                   
    20.0-180.0 180.0   5.0 450.0                            LAT/LON1/LON2/DLON/H
  753  745  700  654  596  546  477  411  347  292  248  216  195  181  173  170
  170  171  177  187  204  226  247  263  268  264  252  236  219  202  183  161
  139  124  122  133  156  184  212  237  262  287  312  338  364  393  426  466
  512  565  620  673  723  769  814  859  905  947  977  993  994  984  965  940
  917  899  890  875  861  831  796  800  753                                   
    17.5-180.0 180.0   5.0 450.0                            LAT/LON1/LON2/DLON/H
  800  797  767  742  696  658  596  532  464  399  341  293  254  225  205  193
  188  186  189  197  214  236  260  277  284  280  266  248  228  206  182  156
  132  116  113  125  149  178  206  231  257  284  314  344  376  408  445  487
  535  586  639  688  730  767  800  834  870  904  932  953  965  969  963  950
  933  920  916  903  889  865  844  853  800                                   
    15.0-180.0 180.0   5.0 450.0                            LAT/LON1/LON2/DLON/H
  816  814  794  783  751  727  681  629  569  506  443  385  331  286  251  229
  216  208  206  210  224  245  268  285  291  285  270  250  227  202  175  148
  123  108  106  118  143  172  200  226  253  284  317  352  388  424  463  506
  553  603  651  694  728  754  775  795  816  840  864  887  908  925  933  931
  922  913  913  901  887  866  859  864  816                                   
    12.5-180.0 180.0   5.0 450.0                            LAT/LON1/LON2/DLON/H
  803  797  777  770  747  736  709  676  634  586  532  474  413  356  308  274
  251  236  226  224  233  250  270  285  288  280  262  241  217  191  164  138
  116  102  101  114  138  167  195  222  252  285  322  360  398  436  476  519
  566  614  658  696  723  741  751  759  768  781  797  819  846  873  892  900
  898  893  894  881  866  845  844  839  803                                   
    10.0-180.0 180.0   5.0 450.0                            LAT/LON1/LON2/DLON/H
  772  755  725  709  691  686  675  662  643  618  584  539  484  423  367  322
  290  265  247  237  239  251  266  276  275  263  244  223  201  178  154  130
  111   99  100  113  136  163  191  219  251  286  324  363  401  440  480  524
  570  617  659  694  718  732  738  740  741  744  752  770  798  830  857  871
  874  871  871  857  841  818  813  795  772                                   
     7.5-180.0 180.0   5.0 450.0                            LAT/LON1/LON2/DLON/H
  739  705  659  627  603  597  593  596  599  598  588  565  525  472  416  366
  326  293  266  248  242  246  255  259  253  238  221  202  184  164  144  124
