data/edconvlstm_nd/pred2460.15i
     1.0            IONOSPHERE MAPS     GNSS                IONEX VERSION / TYPE
pyspatialgeodesy        IME             05-JAN-18 20:20     PGM / RUN BY / DATE 
Map Name                                                    COMMENT             
Predicted global ionosphere maps (GIM).                     DESCRIPTION         
  2015     9     3     0     0     0                        EPOCH OF FIRST MAP  
  2015     9     4     0     0     0                        EPOCH OF LAST MAP   
  7200                                                      INTERVAL            
    13                                                      # OF MAPS IN FILE   
  NONE                                                      MAPPING FUNCTION    
10.0                                                        ELEVATION CUTOFF    
One-way carrier phase leveled to code                       OBSERVABLES USED    
  6371.0                                                    BASE RADIUS         
 2                                                          MAP DIMENSION       
   450.0 450.0   0.0                                        HGT1 / HGT2 / DHGT  
    87.5 -87.5  -2.5                                        LAT1 / LAT2 / DLAT  
  -180.0 180.0   5.0                                        LON1 / LON2 / DLON  
    -1                                                      EXPONENT            
                                                            END OF HEADER       
[from data line 3003]
     8                                                      START OF TEC MAP    
  2015     9     3    14     0     0                        EPOCH OF CURRENT MAP
    87.5-180.0 180.0   5.0 450.0                            LAT/LON1/LON2/DLON/H
  116  121  119  126  130  130  131  130  132  135  136  137  138  139  140  140
  141  141  141  141  141  141  140  140  139  139  138  138  137  136  136  135
  134  133  132  131  131  130  129  128  128  127  127  126  126  126  125  125
  125  125  125  125  124  124  124  124  123  123  122  122  121  121  120  120
  119  120  118  116  122  118  129  125  116                                   
    85.0-180.0 180.0   5.0 450.0                            LAT/LON1/LON2/DLON/H
  114  118  129  122  124  129  131  134  136  139  140  142  143  145  145  146
  147  147  147  147  146  146  145  145  144  144  143  142  142  141  140  139
  138  137  136  135  133  132  131  130  129  129  128  127  127  127  127  127
  126  126  126  126  126  126  126  125  125  124  123  123  122  121  120  119
  120  120  115  112  112  111  118  120  114                                   
    82.5-180.0 180.0   5.0 450.0                            LAT/LON1/LON2/DLON/H
   97  109  113  111  113  120  124  129  131  135  137  140  141  143  144  145
  145  145  145  144  144  143  142  142  141  141  140  140  139  138  138  137
  135  134  132  131  129  128  126  125  123  122  122  121  121  121  121  121
  122  122  122  123  123  122  122  121  120  119  118  117  115  114  112  111
  110  109  104  103  102  109  105  101   97                                   
    80.0-180.0 180.0   5.0 450.0                            LAT/LON1/LON2/DLON/H
   82   90   98   99  101  106  112  119  124  129  132  136  138  140  142  143
  143  143  142  141  140  140  139  138  138  138  137  137  136  136  135  134
  132  130  128  126  123  121  119  117  115  114  113  112  112  113  113  114
  115  116  116  117  117  116  116  115  113  112  110  108  105  103  101   99
   97   95   92   91   87   91   93   92   82                                   
    77.5-180.0 180.0   5.0 450.0                            LAT/LON1/LON2/DLON/H
   77   81   86   88   91   98  105  113  119  124  128  133  136  139  140  141
  142  141  141  140  139  138  138  138  138  138  138  139  139  138  138  137
  135  133  130  127  123  120  117  114  112  110  109  109  109  109  111  112
  113  115  116  117  117  117  116  114  112  110  107  105  102   99   96   93
   90   87   83   82   81   79   82   84   77                                   
    75.0-180.0 180.0   5.0 450.0                            LAT/LON1/LON2/DLON/H
   64   70   72   76   81   89   96  104  111  118  123  128  132  135  137  139
  139  139  138  137  137  137  137  137  138  139  140  141  141  142  141  140
  138  136  132  128  124  120  117  114  111  109  108  107  108  109  110  112
  113  115  116  117  117  116  115  113  111  108  105  102   99   95   92   90
   86   83   79   74   73   72   74   69   64                                   
    72.5-180.0 180.0   5.0 450.0                            LAT/LON1/LON2/DLON/H
   57   61   63   69   72   81   89   96  103  111  116  123  127  131  134  135
  136  136  136  135  135  135  136  137  138  139  141  142  144  144  144  143
  141  138  134  130  125  121  116  113  110  108  107  107  107  108  110  111
  113  115  116  116  116  114  113  110  107  105  102   99   96   94   91   88
   85   82   78   72   70   68   69   68   57                                   
    70.0-180.0 180.0   5.0 450.0                            LAT/LON1/LON2/DLON/H
   54   55   56   61   63   70   77   85   92  100  107  114  119  124  127  129
  131  131  132  132  132  133  134  136  137  139  141  143  144  145  145  144
  141  138  134  129  124  119  115  112  109  107  106  106  107  107  109  110
  111  112  112  112  110  108  106  103  100   97   95   93   91   90   88   87
   85   81   78   73   69   66   68   68   54                                   
    67.5-180.0 180.0   5.0 450.0                            LAT/LON1/LON2/DLON/H
   52   52   52   56   57   63   69   76   84   91   98  106  113  119  123  126
  128  130  131  132  133  134  136  138  139  141  143  144  145  146  145  144
  142  138  134  128  123  118  114  111  109  108  108  108  108  109  110  110
  111  110  110  108  106  103  100   96   93   91   89   88   88   88   88   88
   87   84   81   75   70   66   66   65   52                                   
    65.0-180.0 180.0   5.0 450.0                            LAT/LON1/LON2/DLON/H
   52   50   48   52   51   55   60   66   73   80   88   96  104  110  116  121
  124  126  128  129  131  133  136  138  140  141  142  143  144  145  145  144
  141  138  133  127  122  117  114  112  110  110  111  111  111  111  111  110
  109  108  106  103  100   96   92   88   85   83   82   82   83   84   85   87
   86   85   83   77   73   69   69   68   52                                   
    62.5-180.0 180.0   5.0 450.0                            LAT/LON1/LON2/DLON/H
   52   48   46   48   46   49   52   57   63   70   77   86   94  103  109  115
  119  122  124  126  129  132  134  137  139  140  141  141  142  143  143  142
  140  137  132  126  121  116  113  112  112  113  114  114  114  113  112  110
  108  106  103   99   95   90   85   82   79   77   77   77   79   81   83   84
   85   84   82   78   73   69   68   67   52                                   
    60.0-180.0 180.0   5.0 450.0                            LAT/LON1/LON2/DLON/H
   53   48   45   47   43   44   46   49   53   59   67   76   85   93  101  107
  112  116  118  121  124  127  131  133  136  137  138  138  140  141  142  143
  141  138  133  127  122  117  115  114  115  116  118  118  118  116  114  111
  108  104  100   96   91   86   81   78   75   74   73   74   76   77   79   80
   81   80   79   75   71   68   67   66   53                                   
    57.5-180.0 180.0   5.0 450.0                            LAT/LON1/LON2/DLON/H
   55   49   47   48   43   43   43   45   48   53   59   68   77   86   94  101
  106  109  112  115  118  122  127  130  133  135  136  137  139  142  145  147
  146  144  139  132  127  122  120  120  121  123  125  125  124  121  118  115
  111  107  102   98   93   88   83   80   77   76   76   76   77   78   78   78
   78   77   76   73   70   67   67   66   55                                   
    55.0-180.0 180.0   5.0 450.0                            LAT/LON1/LON2/DLON/H
   58   54   51   52   47   46   45   45   46   49   55   63   71   80   88   95
  100  103  106  109  113  118  123  127  131  133  135  137  141  145  150  153
  154  152  147  141  135  130  128  128  130  132  133  132  131  128  124  120
  116  112  107  103   98   93   89   86   84   83   82   82   82   81   79   78
   77   75   74   71   69   67   68   68   58                                   
    52.5-180.0 180.0   5.0 450.0                            LAT/LON1/LON2/DLON/H
   64   61   60   60   55   53   51   49   49   51   54   61   68   77   84   91
   96   99  102  105  109  114  120  126  130  134  136  139  144  150  156  160
  162  161  156  150  145  141  139  139  140  141  142  141  138  134  131  127
  123  119  115  111  107  103   99   96   95   93   93   92   90   87   84   81
   78   76   75   72   71   70   72   71   64                                   
    50.0-180.0 180.0   5.0 450.0                            LAT/LON1/LON2/DLON/H
   72   71   71   72   66   64   61   58   57   57   59   64   70   77   83   89
   94   98  101  104  108  114  121  127  133  137  140  143  148  154  161  167
  170  169  165  160  155  152  151  151  152  152  151  149  145  142  138  135
  131  128  125  122  118  114  111  108  107  106  105  103  100   96   92   88
   84   80   79   77   76   77   79   78   72                                   
    47.5-180.0 180.0   5.0 450.0                            LAT/LON1/LON2/DLON/H
   80   82   83   85   80   78   74   71   68   67   67   70   75   80   86   91
   96  100  103  107  112  118  125  132  137  142  145  148  152  158  165  171
  174  175  172  169  166  165  165  165  165  163  160  157  153  149  146  143
  140  138  135  132  128  125  122  119  118  117  116  115  111  107  102   97
   92   88   87   85   84   85   88   86   80                                   
    45.0-180.0 180.0   5.0 450.0                            LAT/LON1/LON2/DLON/H
   88   92   93   96   92   91   88   84   80   79   78   80   83   87   92   97
  102  107  111  115  120  125  132  139  144  148  150  153  156  161  167  172
  176  178  178  177  177  179  180  181  179  176  171  165  160  156  153  151
  149  146  144  140  136  133  130  128  127  126  126  124  121  117  112  107
  102   98   97   94   93   95   98   95   88                                   
    42.5-180.0 180.0   5.0 450.0                            LAT/LON1/LON2/DLON/H
   93   98  100  104  102  102   99   96   92   91   90   91   93   97  101  106
  112  117  122  126  130  135  141  147  152  155  156  157  159  162  167  173
  178  181  184  187  191  196  199  200  197  191  183  175  169  165  162  160
  157  154  151  146  142  138  135  133  132  132  132  131  129  125  121  117
  112  108  106  103  101  103  105  102   93                                   
    40.0-180.0 180.0   5.0 450.0                            LAT/LON1/LON2/DLON/H
   94  100  102  107  106  107  105  103  100  100  100  102  104  108  112  118
  124  129  134  139  142  146  150  155  158  161  162  162  162  165  170  176
  183  189  195  202  210  218  223  223  218  209  198  188  180  176  173  170
  167  162  157  152  147  142  138  136  135  135  136  135  133  130  127  124
  120  116  113  110  107  108  110  105   94                                   
    37.5-180.0 180.0   5.0 450.0                            LAT/LON1/LON2/DLON/H
   92   98  100  104  105  106  106  105  104  105  107  111  115  119  124  129
  135  142  147  151  154  156  159  161  164  166  167  167  168  171  177  186
  195  205  215  226  237  247  252  252  244  232  218  205  196  191  187  183
  179  173  166  159  152  147  142  139  138  138  138  137  136  133  130  128
  124  120  117  112  108  109  110  105   92                                   
    35.0-180.0 180.0   5.0 450.0                            LAT/LON1/LON2/DLON/H
   88   93   94   98   99  100  101  101  102  105  110  116  123  129  134  140
  146  152  158  162  164  165  165  166  169  171  173  175  178  184  194  206
  220  233  247  260  272  282  287  285  274  259  242  228  217  211  206  201
  195  187  179  170  162  155  149  145  143  142  141  140  138  135  132  130
  126  122  117  112  107  107  107  102   88                                   
    32.5-180.0 180.0   5.0 450.0                            LAT/LON1/LON2/DLON/H
   84   89   89   91   91   92   93   94   96  101  109  118  127  136  142  148
  154  160  166  170  171  171  170  170  172  176  181  187  194  205  220  237
  256  273  288  302  314  322  325  320  307  289  271  256  244  237  231  225
  217  208  198  188  178  170  162  156  152  150  148  145  141  137  134  131
  127  122  117  111  105  104  104   99   84                                   
    30.0-180.0 180.0   5.0 450.0                            LAT/LON1/LON2/DLON/H
   84   87   87   86   85   85   85   86   89   94  104  116  128  138  146  152
  158  164  169  174  175  175  173  173  176  183  192  203  216  233  254  278
  300  320  336  348  357  362  361  353  339  321  302  287  276  269  262  255
  246  235  224  212  201  191  181  173  167  162  158  153  147  142  137  134
  129  123  118  111  105  104  103   97   84                                   
    27.5-180.0 180.0   5.0 450.0                            LAT/LON1/LON2/DLON/H
   87   91   89   86   83   82   81   80   82   88   98  111  125  137  146  152
  157  163  170  175  178  177  176  177  182  192  205  222  242  266  293  322
  348  369  383  392  396  396  392  382  367  350  334  320  310  303  297  289
  279  268  255  243  230  217  205  194  185  178  171  164  156  149  143  139
  133  127  121  114  108  107  105   99   87                                   
    25.0-180.0 180.0   5.0 450.0                            LAT/LON1/LON2/DLON/H
   96   99   96   90   86   83   81   78   79   83   92  105  120  133  142  148
  153  159  167  174  178  180  180  182  189  203  221  244  270  300  332  364
  392  412  423  427  425  420  412  401  388  375  362  352  344  338  332  324
  314  302  288  274  260  245  231  217  206  195  186  176  167  158  152  147
  141  135  128  121  116  114  111  105   96                                   
    22.5-180.0 180.0   5.0 450.0                            LAT/LON1/LON2/DLON/H
  107  111  107   99   93   89   86   81   80   82   88  100  114  126  135  141
  147  153  162  171  178  182  184  189  199  216  239  267  297  330  365  398
  426  443  449  447  439  430  420  411  401  393  385  379  374  369  363  355
  345  332  318  303  286  269  253  237  223  211  200  189  178  169  162  157
  151  145  139  131  127  124  121  115  107                                   
    20.0-180.0 180.0   5.0 450.0                            LAT/LON1/LON2/DLON/H
  119  124  118  109  102   97   93   88   85   84   87   96  108  119  128  134
  139  147  157  168  178  184  190  198  211  232  258  288  321  355  389  421
  445  458  459  451  439  427  418  411  407  404  402  400  398  394  388  380
  369  355  340  323  304  285  267  251  236  224  212  200  189  179  173  168
  162  158  151  144  139  135  131  125  119                                   
    17.5-180.0 180.0   5.0 450.0                            LAT/LON1/LON2/DLON/H
  128  133  127  118  110  105  101   95   91   88   88   94  103  113  121  127
  133  142  153  166  178  187  196  207  224  247  276  307  339  372  403  430
  449  456  452  441  427  416  409  408  409  411  414  415  414  410  404  395
  383  368  351  332  312  292  273  257  243  231  220  208  198  189  183  178
  173  170  163  157  151  146  140  134  128                                   
    15.0-180.0 180.0   5.0 450.0                            LAT/LON1/LON2/DLON/H
  133  137  131  123  114  109  106  101   96   92   91   93  100  109  117  123
  130  140  152  165  178  190  202  217  237  263  292  323  353  382  408  429
  442  444  437  424  411  403  401  404  410  417  422  424  423  418  410  400
  386  370  351  330  309  289  271  257  245  234  224  214  204  196  191  187
  182  179  174  168  161  153  145  139  133                                   
    12.5-180.0 180.0   5.0 450.0                            LAT/LON1/LON2/DLON/H
  132  135  129  122  112  108  106  102   98   95   92   94  100  108  116  124
  132  142  154  167  180  193  208  227  250  277  307  337  364  388  408  422
  429  428  419  408  399  395  398  405  414  422  427  428  424  417  408  395
  380  362  342  320  299  280  264  251  242  233  224  215  207  200  195  192
  188  186  181  176  168  157  148  141  132                                   
    10.0-180.0 180.0   5.0 450.0                            LAT/LON1/LON2/DLON/H
  128  128  122  115  106  101  100   97   95   93   92   94  100  109  119  128
  138  149  160  172  184  198  215  237  262  291  321  349  373  392  407  416
  419  416  408  401  396  397  403  412  421  428  430  427  420  410  397  382
  366  346  326  304  284  267  253  244  236  229  221  212  205  199  196  193
  189  188  185  180  172  158  147  140  128                                   
     7.5-180.0 180.0   5.0 450.0                            LAT/LON1/LON2/DLON/H
  123  120  113  105   96   90   89   87   87   88   89   93  102  113  124  136
  148  159  169  179  189  203  223  247  275  304  334  360  382  398  409  414
