data/edconvlstm_nd/pred2140.15i
     1.0            IONOSPHERE MAPS     GNSS                IONEX VERSION / TYPE
pyspatialgeodesy        IME             05-JAN-18 20:20     PGM / RUN BY / DATE 
Map Name                                                    COMMENT             
Predicted global ionosphere maps (GIM).                     DESCRIPTION         
  2015     8     2     0     0     0                        EPOCH OF FIRST MAP  
  2015     8     3     0     0     0                        EPOCH OF LAST MAP   
  7200                                                      INTERVAL            
    13                                                      # OF MAPS IN FILE   
  NONE                                                      MAPPING FUNCTION    
10.0                                                        ELEVATION CUTOFF    
One-way carrier phase leveled to code                       OBSERVABLES USED    
  6371.0                                                    BASE RADIUS         
 2                                                          MAP DIMENSION       
   450.0 450.0   0.0                                        HGT1 / HGT2 / DHGT  
    87.5 -87.5  -2.5                                        LAT1 / LAT2 / DLAT  
  -180.0 180.0   5.0                                        LON1 / LON2 / DLON  
    -1                                                      EXPONENT            
                                                            END OF HEADER       
[from data line 5148]
    13                                                      START OF TEC MAP    
  2015     8     3     0     0     0                        EPOCH OF CURRENT MAP
    87.5-180.0 180.0   5.0 450.0                            LAT/LON1/LON2/DLON/H
  124  127  132  123  120  122  119  117  118  117  117  117  117  117  116  116
  115  114  113  112  110  109  108  107  105  104  103  102  101  100  100   99
   98   98   98   98   98   98   98   99   99  100  101  101  102  103  104  105
  106  107  108  108  109  109  110  110  111  111  111  111  112  112  112  113
  114  114  114  114  110  113  122  125  124                                   
    85.0-180.0 180.0   5.0 450.0                            LAT/LON1/LON2/DLON/H
  132  133  118  123  126  128  125  123  124  123  123  123  122  122  121  120
  119  118  116  115  113  111  109  107  105  103  102  100   98   97   96   95
   94   94   94   93   94   94   94   95   96   97   98   99  100  102  103  104
  106  107  108  109  110  110  111  112  112  113  114  114  115  115  116  117
  118  118  119  121  116  124  130  132  132                                   
    82.5-180.0 180.0   5.0 450.0                            LAT/LON1/LON2/DLON/H
  132  127  135  132  132  135  132  132  134  133  133  133  133  132  131  130
  128  127  125  122  120  117  114  111  108  105  103  101   99   97   95   94
   93   92   92   92   92   92   93   94   95   96   98   99  101  103  105  107
  108  110  111  112  114  115  116  116  117  118  119  119  120  121  122  123
  123  124  124  122  124  114  122  127  132                                   
    80.0-180.0 180.0   5.0 450.0                            LAT/LON1/LON2/DLON/H
  142  137  135  133  136  140  142  144  146  145  145  146  146  145  144  142
  140  138  135  132  129  125  121  117  113  109  105  102  100   98   96   95
   94   94   93   93   93   93   94   95   96   98  100  103  105  108  110  113
  115  117  119  121  122  123  124  125  125  126  126  127  127  128  128  129
  129  128  128  127  139  129  137  146  142                                   
    77.5-180.0 180.0   5.0 450.0                            LAT/LON1/LON2/DLON/H
  153  146  143  148  143  147  153  156  159  158  159  160  160  159  158  156
  154  151  148  144  140  135  130  125  120  116  112  109  106  104  103  102
  102  102  102  101  101  101  102  102  104  105  108  111  114  117  120  123
  126  129  131  132  133  134  135  135  136  136  136  137  137  137  137  137
  136  137  135  136  143  144  146  157  153                                   
    75.0-180.0 180.0   5.0 450.0                            LAT/LON1/LON2/DLON/H
  159  148  148  155  150  155  158  162  165  165  166  167  167  166  165  163
  161  158  154  150  145  140  134  128  123  117  113  110  108  107  107  107
  108  108  108  107  107  106  105  105  106  107  110  113  116  120  124  128
  131  134  135  137  138  139  139  139  140  140  140  140  140  140  140  140
  138  139  138  133  140  146  148  159  159                                   
    72.5-180.0 180.0   5.0 450.0                            LAT/LON1/LON2/DLON/H
  151  147  149  153  149  152  157  161  165  166  167  168  168  168  166  164
  162  159  156  151  146  140  134  127  121  115  111  108  107  107  107  109
  110  111  111  109  107  105  103  102  101  102  105  108  112  116  121  125
  128  131  133  134  135  135  136  137  137  138  139  139  140  139  140  139
  137  137  138  133  135  140  146  161  151                                   
    70.0-180.0 180.0   5.0 450.0                            LAT/LON1/LON2/DLON/H
  151  144  147  154  151  154  158  162  167  167  169  170  170  169  167  166
  163  160  157  153  148  141  134  127  120  114  109  106  105  106  108  111
  113  114  113  111  107  104  100   97   96   96   98  102  106  111  116  121
  124  127  128  129  130  131  132  133  135  137  139  140  141  141  141  141
  139  138  139  136  137  141  146  160  151                                   
    67.5-180.0 180.0   5.0 450.0                            LAT/LON1/LON2/DLON/H
  152  147  149  154  150  153  156  159  164  165  166  167  167  166  165  163
  161  158  155  151  146  140  132  124  116  109  104  101  100  102  105  108
  110  111  109  106  101   96   90   87   85   85   87   91   96  101  106  110
  114  116  117  118  119  120  122  125  129  132  136  138  140  141  141  141
  139  138  139  135  137  141  146  161  152                                   
    65.0-180.0 180.0   5.0 450.0                            LAT/LON1/LON2/DLON/H
  156  149  152  156  151  152  154  157  161  161  163  164  164  164  162  161
  159  157  154  151  146  140  132  123  114  106  100   97   97   99  102  105
  107  107  105  100   94   87   81   77   74   75   77   82   87   92   97  101
  103  105  106  106  108  110  113  117  123  128  133  138  141  142  143  143
  141  140  141  138  141  145  151  166  156                                   
    62.5-180.0 180.0   5.0 450.0                            LAT/LON1/LON2/DLON/H
  162  156  159  161  155  153  154  155  158  158  159  160  161  161  161  160
  158  157  155  152  148  142  134  125  115  107  101   98   97   99  102  104
  105  104  100   94   87   80   74   69   68   69   72   77   82   87   90   93
   94   95   95   96   97  100  105  111  118  126  133  139  143  145  146  146
  145  145  147  144  147  153  159  173  162                                   
    60.0-180.0 180.0   5.0 450.0                            LAT/LON1/LON2/DLON/H
  169  164  167  168  160  156  154  153  154  153  154  156  157  157  158  157
  157  156  155  153  150  145  137  128  119  111  104  101  100  102  104  105
  104  101   96   89   82   75   69   66   66   68   71   76   81   84   87   88
   87   87   87   87   89   93   99  107  116  126  134  141  146  149  150  151
  150  151  154  152  155  162  168  181  169                                   
    57.5-180.0 180.0   5.0 450.0                            LAT/LON1/LON2/DLON/H
  178  175  177  176  166  160  156  153  152  149  149  151  152  153  154  154
  155  155  155  154  152  148  141  134  125  117  112  108  107  108  108  108
  106  101   94   87   80   74   70   69   69   72   76   81   84   86   86   85
   84   82   81   82   85   90   97  106  117  128  137  145  150  153  155  157
  157  159  163  162  166  172  178  189  178                                   
    55.0-180.0 180.0   5.0 450.0                            LAT/LON1/LON2/DLON/H
  186  185  187  185  175  167  160  154  151  147  146  146  147  149  150  151
  151  152  153  154  153  151  146  140  133  127  122  119  118  117  116  114
  110  103   96   89   83   79   77   77   78   82   85   89   91   91   89   86
   83   81   81   82   86   91  100  110  121  132  142  150  155  158  161  164
  166  169  174  174  177  182  187  198  186                                   
    52.5-180.0 180.0   5.0 450.0                            LAT/LON1/LON2/DLON/H
  194  194  196  194  184  175  167  159  154  147  144  144  144  145  146  147
  148  149  151  153  154  154  151  147  142  137  133  131  129  128  126  122
  116  109  101   95   91   88   88   89   91   94   97   99   99   97   93   89
   86   84   84   86   91   97  106  116  127  138  148  155  160  164  168  172
  176  181  187  187  189  191  196  205  194                                   
    50.0-180.0 180.0   5.0 450.0                            LAT/LON1/LON2/DLON/H
  200  201  203  202  193  184  176  167  160  152  147  145  144  144  144  144
  145  147  150  153  155  156  156  154  150  147  144  143  141  140  136  131
  123  116  109  104  102  101  102  104  105  107  108  108  107  103   99   94
   91   89   90   94   99  106  114  124  135  145  154  161  167  171  176  183
  189  195  202  201  201  200  203  212  200                                   
    47.5-180.0 180.0   5.0 450.0                            LAT/LON1/LON2/DLON/H
  204  206  209  208  201  193  186  177  169  160  154  150  148  146  145  145
  145  147  150  153  156  158  159  159  157  155  154  152  151  149  144  138
  130  123  117  114  114  115  117  118  118  118  118  116  113  109  104  100
   97   97   99  103  109  116  124  133  142  152  160  168  174  180  187  196
  204  212  218  216  213  208  209  219  204                                   
    45.0-180.0 180.0   5.0 450.0                            LAT/LON1/LON2/DLON/H
  207  209  212  212  207  202  196  188  180  171  164  159  155  152  150  148
  149  150  152  155  158  161  162  162  162  161  160  159  157  154  149  143
  136  129  125  124  125  128  129  130  129  127  125  122  119  114  110  107
  105  105  108  112  118  125  132  140  149  158  167  176  183  192  201  212
  221  230  236  231  224  216  216  227  207                                   
    42.5-180.0 180.0   5.0 450.0                            LAT/LON1/LON2/DLON/H
  210  210  214  215  212  208  205  199  193  184  177  172  167  162  159  157
  156  157  158  160  162  164  165  165  165  164  163  162  160  156  151  145
  139  134  132  132  135  138  139  139  136  133  130  127  124  121  117  115
  113  114  116  120  125  132  139  147  155  165  175  185  195  206  218  230
  241  249  253  246  237  226  225  237  210                                   
    40.0-180.0 180.0   5.0 450.0                            LAT/LON1/LON2/DLON/H
  215  213  217  218  216  214  213  209  205  198  192  187  181  176  172  169
  167  167  168  168  168  168  168  168  168  167  166  164  160  156  150  145
  140  137  136  138  141  144  146  145  142  139  136  134  131  129  126  124
  122  121  122  125  129  136  143  151  161  171  183  195  208  221  235  249
  260  268  270  261  249  237  238  251  215                                   
    37.5-180.0 180.0   5.0 450.0                            LAT/LON1/LON2/DLON/H
  225  220  223  223  221  220  220  219  218  212  208  203  198  192  187  184
  182  181  180  178  177  175  174  173  172  172  169  166  161  155  149  144
  140  139  139  142  146  149  151  151  148  146  144  142  140  138  136  133
  129  126  125  126  130  137  146  155  166  178  191  206  222  238  253  268
  278  284  285  275  263  250  254  270  225                                   
    35.0-180.0 180.0   5.0 450.0                            LAT/LON1/LON2/DLON/H
  239  231  233  232  228  227  229  229  230  227  224  220  215  210  205  201
  198  196  193  190  187  184  182  181  180  178  175  170  163  155  148  144
  141  141  142  145  149  153  155  156  156  154  153  152  151  149  146  141
  135  130  126  125  129  137  147  159  171  184  200  217  235  253  269  283
  293  298  297  288  277  266  275  294  239                                   
    32.5-180.0 180.0   5.0 450.0                            LAT/LON1/LON2/DLON/H
  259  249  248  246  240  239  240  241  243  242  240  237  233  228  223  219
  215  211  207  202  198  194  192  191  190  189  185  178  168  158  150  145
  144  144  146  149  153  157  160  163  164  165  164  163  162  159  154  147
  139  130  124  123  127  137  149  163  177  191  208  228  248  267  283  297
  305  309  309  300  292  283  298  322  259                                   
    30.0-180.0 180.0   5.0 450.0                            LAT/LON1/LON2/DLON/H
  284  271  269  266  258  256  256  258  261  261  259  257  253  248  242  237
  232  226  220  214  210  207  205  204  203  201  196  188  176  164  155  150
  149  150  152  154  157  161  165  169  172  174  174  172  170  165  158  150
  139  128  121  119  125  136  152  167  183  199  217  238  259  279  295  308
  316  319  319  314  309  303  323  353  284                                   
    27.5-180.0 180.0   5.0 450.0                            LAT/LON1/LON2/DLON/H
  312  297  294  291  282  279  279  280  284  284  284  281  277  271  265  257
  250  241  233  227  223  221  220  219  218  215  209  199  186  172  161  156
  155  157  158  159  161  164  169  174  178  180  179  176  171  165  157  146
  135  124  116  115  122  136  154  172  189  206  225  247  269  290  306  318
  326  330  331  329  327  324  349  383  312                                   
    25.0-180.0 180.0   5.0 450.0                            LAT/LON1/LON2/DLON/H
  338  322  321  320  310  308  308  310  314  315  314  312  307  300  292  282
  271  259  249  242  239  238  237  235  232  227  220  209  195  180  168  162
  161  162  163  162  163  165  169  174  177  178  176  171  164  156  147  137
  126  117  111  111  120  136  155  175  194  212  232  254  278  299  316  328
  337  342  346  346  347  345  373  411  338                                   
    22.5-180.0 180.0   5.0 450.0                            LAT/LON1/LON2/DLON/H
  359  345  346  349  340  339  341  344  349  352  352  350  345  336  326  313
  298  283  270  262  259  257  255  250  244  237  228  216  201  185  173  166
  163  163  163  161  160  162  165  168  170  169  164  158  149  141  132  123
  115  108  104  107  117  133  154  175  196  216  237  261  285  307  325  339
  349  357  362  365  368  364  394  434  359                                   
    20.0-180.0 180.0   5.0 450.0                            LAT/LON1/LON2/DLON/H
  374  362  368  374  368  370  375  380  388  393  396  395  390  381  368  352
  333  314  299  289  284  280  274  264  253  241  230  217  202  185  172  164
  160  159  157  156  154  155  156  158  157  153  146  138  129  121  114  108
  103   99   98  102  113  129  150  172  195  217  240  265  291  314  334  351
  364  373  381  386  387  381  410  450  374                                   
    17.5-180.0 180.0   5.0 450.0                            LAT/LON1/LON2/DLON/H
  382  374  383  394  391  396  404  413  425  433  439  442  439  430  416  398
  376  354  336  324  315  307  295  278  259  242  227  212  196  180  166  157
  152  150  149  148  147  146  146  145  142  135  127  119  111  104   99   96
   93   93   93   98  107  122  142  166  191  216  242  269  297  322  344  363
  379  391  400  405  404  395  422  459  382                                   
    15.0-180.0 180.0   5.0 450.0                            LAT/LON1/LON2/DLON/H
  386  381  393  406  407  415  425  438  453  466  476  483  484  478  466  447
  424  401  381  365  352  336  315  289  262  238  219  202  187  171  157  147
  143  141  141  140  139  138  137  134  128  120  112  104   98   92   89   87
   87   88   89   92  100  113  133  157  184  213  242  272  302  329  354  375
  393  407  417  420  417  406  429  463  386                                   
    12.5-180.0 180.0   5.0 450.0                            LAT/LON1/LON2/DLON/H
  388  387  400  413  418  427  438  451  468  484  499  511  518  516  507  491
  471  448  427  408  389  365  334  298  262  232  208  190  174  159  146  138
  134  133  133  133  133  132  129  125  118  111  103   96   91   88   85   84
   83   84   84   86   91  102  121  146  176  208  240  273  305  334  361  385
  405  419  429  431  426  414  434  464  388                                   
    10.0-180.0 180.0   5.0 450.0                            LAT/LON1/LON2/DLON/H
  393  394  406  419  424  433  443  455  470  486  504  520  531  535  532  521
  506  487  466  445  419  387  348  303  259  223  196  176  161  148  137  131
  128  127  127  128  128  127  125  120  114  107  101   96   92   89   85   83
   81   80   79   78   80   90  107  134  166  200  236  271  305  337  366  391
  412  427  436  438  432  422  440  467  393                                   
     7.5-180.0 180.0   5.0 450.0                            LAT/LON1/LON2/DLON/H
  402  406  415  426  431  438  444  451  462  475  491  508  522  531  533  529
  521  507  489  466  436  397  351  300  252  212  184  165  151  140  132  126
