data/edconvlstm_nd/pred3230.15i
     1.0            IONOSPHERE MAPS     GNSS                IONEX VERSION / TYPE
pyspatialgeodesy        IME             05-JAN-18 20:20     PGM / RUN BY / DATE 
Map Name                                                    COMMENT             
Predicted global ionosphere maps (GIM).                     DESCRIPTION         
  2015    11    19     0     0     0                        EPOCH OF FIRST MAP  
  2015    11    20     0     0     0                        EPOCH OF LAST MAP   
  7200                                                      INTERVAL            
    13                                                      # OF MAPS IN FILE   
  NONE                                                      MAPPING FUNCTION    
10.0                                                        ELEVATION CUTOFF    
One-way carrier phase leveled to code                       OBSERVABLES USED    
  6371.0                                                    BASE RADIUS         
 2                                                          MAP DIMENSION       
   450.0 450.0   0.0                                        HGT1 / HGT2 / DHGT  
    87.5 -87.5  -2.5                                        LAT1 / LAT2 / DLAT  
  -180.0 180.0   5.0                                        LON1 / LON2 / DLON  
    -1                                                      EXPONENT            
                                                            END OF HEADER       
[from data line 3861]
    10                                                      START OF TEC MAP    
  2015    11    19    18     0     0                        EPOCH OF CURRENT MAP
    87.5-180.0 180.0   5.0 450.0                            LAT/LON1/LON2/DLON/H
   89   91   87   91   96   95   95   92   93   96   96   98   99  100  101  102
  104  104  105  105  106  106  105  105  105  104  104  103  103  102  102  101
  101  100  100   99   98   98   97   96   95   95   94   93   93   92   92   92
   91   91   91   91   90   90   90   90   90   90   89   89   89   89   89   88
   88   88   84   81   86   85  100  101   89                                   
    85.0-180.0 180.0   5.0 450.0                            LAT/LON1/LON2/DLON/H
   92   88   99   84   85   90   90   92   93   97   97   99  101  103  104  106
  107  108  109  109  110  110  110  109  109  109  108  108  107  106  106  105
  105  104  103  102  102  101  100   99   98   97   96   95   94   93   92   91
   91   90   90   90   90   89   89   89   89   89   89   88   88   88   88   88
   88   87   82   77   80   81   87   86   92                                   
    82.5-180.0 180.0   5.0 450.0                            LAT/LON1/LON2/DLON/H
   71   72   76   70   74   78   81   83   85   88   90   93   95   98  100  102
  104  105  106  107  107  107  107  106  105  104  103  103  102  101  100  100
   99   99   98   97   96   95   94   92   91   89   87   86   84   83   82   81
   81   80   80   80   80   80   80   80   80   80   80   80   80   80   80   79
   80   78   74   71   74   84   78   77   71                                   
    80.0-180.0 180.0   5.0 450.0                            LAT/LON1/LON2/DLON/H
   51   53   60   56   59   59   65   68   73   77   81   85   88   92   95   97
   99  101  101  102  101  101   99   98   96   94   93   91   90   89   88   88
   88   87   87   87   86   85   83   82   80   77   75   73   72   71   70   69
   69   69   69   70   70   70   71   71   71   71   71   71   71   71   70   70
   70   69   66   65   62   68   63   70   51                                   
    77.5-180.0 180.0   5.0 450.0                            LAT/LON1/LON2/DLON/H
   55   50   50   47   51   52   58   62   67   71   76   81   86   90   94   97
  100  102  103  103  102  100   98   95   92   89   86   83   81   80   79   79
   80   80   81   81   80   79   78   75   72   70   67   64   62   61   61   61
   61   62   63   64   65   66   67   67   68   68   68   68   68   67   67   66
   65   64   63   62   59   60   58   65   55                                   
    75.0-180.0 180.0   5.0 450.0                            LAT/LON1/LON2/DLON/H
   47   46   44   42   45   47   52   57   63   69   75   81   86   91   95   99
  102  104  106  106  105  103  100   96   92   87   82   78   74   72   71   71
   72   73   74   75   75   74   72   70   66   63   60   57   56   55   55   56
   58   59   61   63   64   65   66   67   67   67   67   67   66   66   65   65
   64   65   64   62   59   57   53   52   47                                   
    72.5-180.0 180.0   5.0 450.0                            LAT/LON1/LON2/DLON/H
   53   49   46   46   46   48   54   58   64   70   76   82   88   93   98  102
  106  109  111  113  113  111  107  102   95   88   81   74   69   65   63   62
   63   65   66   68   68   68   66   63   59   55   52   49   48   48   49   51
   53   56   59   61   62   64   64   65   65   65   64   64   64   63   63   62
   62   62   63   60   57   57   55   58   53                                   
    70.0-180.0 180.0   5.0 450.0                            LAT/LON1/LON2/DLON/H
   55   53   49   49   49   51   55   61   68   75   82   88   94   98  103  107
  112  117  121  125  127  126  123  118  110  101   91   82   74   67   63   61
   61   61   63   64   65   64   62   58   54   50   47   45   44   45   47   50
   54   57   60   62   64   64   64   64   64   64   63   63   63   62   62   62
   62   62   64   63   62   61   63   65   55                                   
    67.5-180.0 180.0   5.0 450.0                            LAT/LON1/LON2/DLON/H
   60   57   53   55   54   57   63   69   76   84   90   97  101  106  109  114
  120  127  133  140  144  146  144  138  130  119  106   94   83   73   66   62
   60   59   60   60   60   59   56   53   49   45   42   41   41   43   46   50
   54   57   60   62   63   63   62   62   61   61   61   61   61   60   60   60
   60   61   62   61   60   62   62   64   60                                   
    65.0-180.0 180.0   5.0 450.0                            LAT/LON1/LON2/DLON/H
   57   56   53   56   55   60   66   75   84   92  100  106  110  113  116  121
  128  136  146  155  163  167  167  162  153  141  127  112   98   85   74   67
   61   58   57   56   55   53   50   46   42   38   36   35   37   39   43   47
   51   54   56   57   57   56   55   54   54   54   55   55   56   55   55   55
   55   57   59   60   60   63   64   66   57                                   
    62.5-180.0 180.0   5.0 450.0                            LAT/LON1/LON2/DLON/H
   53   52   50   55   56   62   70   81   92  102  110  116  120  122  125  130
  138  148  160  172  181  187  188  185  176  164  149  133  117  101   87   76
   67   61   56   53   50   47   44   40   36   33   32   32   33   36   40   44
   47   48   49   49   48   47   46   46   46   47   49   50   51   51   51   50
   50   51   54   54   54   57   58   61   53                                   
    60.0-180.0 180.0   5.0 450.0                            LAT/LON1/LON2/DLON/H
   47   47   46   52   55   61   72   85   99  111  121  128  131  133  135  140
  149  160  173  186  197  203  205  202  195  184  170  154  137  120  104   89
   76   66   58   52   48   44   39   35   32   30   29   30   31   34   37   39
   41   41   40   39   37   36   36   36   37   40   42   44   45   46   46   45
   45   45   47   48   49   52   53   57   47                                   
    57.5-180.0 180.0   5.0 450.0                            LAT/LON1/LON2/DLON/H
   43   43   43   51   55   63   76   92  108  122  134  142  146  148  150  155
  163  175  188  201  210  216  217  215  208  199  188  174  159  142  125  107
   91   78   67   58   51   46   41   37   34   33   32   33   35   36   38   38
   37   36   34   32   31   30   30   31   33   36   39   42   44   44   44   44
   44   44   46   46   46   48   48   53   43                                   
    55.0-180.0 180.0   5.0 450.0                            LAT/LON1/LON2/DLON/H
   44   45   46   55   61   70   84  101  119  135  148  157  162  165  168  173
  181  191  203  213  220  224  224  221  216  210  202  191  179  164  147  128
  110   93   79   68   60   54   49   44   42   40   40   41   42   42   41   40
   37   35   32   30   29   29   30   32   34   37   41   43   45   46   47   47
   46   47   49   49   47   48   47   52   44                                   
    52.5-180.0 180.0   5.0 450.0                            LAT/LON1/LON2/DLON/H
   52   53   55   65   72   82   97  114  132  149  164  174  180  183  187  192
  199  208  216  223  226  227  226  224  220  217  212  205  196  183  167  148
  128  110   94   82   73   66   60   56   54   52   53   53   53   52   49   46
   42   39   36   35   34   35   36   39   41   44   46   48   50   51   52   53
   54   55   57   57   55   54   52   56   52                                   
    50.0-180.0 180.0   5.0 450.0                            LAT/LON1/LON2/DLON/H
   65   67   71   81   91  102  116  133  150  166  180  190  198  202  207  212
  218  224  229  231  231  230  227  225  224  223  221  217  209  198  182  164
  144  125  109   96   87   80   74   70   68   67   67   67   67   65   61   57
   52   49   47   46   46   47   49   51   53   54   55   56   57   58   60   62
   64   67   70   70   67   65   63   64   65                                   
    47.5-180.0 180.0   5.0 450.0                            LAT/LON1/LON2/DLON/H
   82   84   90  102  113  126  138  154  169  184  197  208  215  221  226  231
  235  239  240  239  237  233  231  230  230  230  230  226  219  207  191  173
  153  134  119  107   98   92   87   83   80   80   80   80   80   77   74   69
   65   63   61   61   62   63   65   66   66   65   64   64   64   65   68   71
   74   78   82   84   82   79   76   76   82                                   
    45.0-180.0 180.0   5.0 450.0                            LAT/LON1/LON2/DLON/H
   98  100  108  121  134  148  160  174  187  202  214  224  232  238  243  248
  251  252  251  247  243  239  238  238  240  241  239  233  223  210  193  174
  154  137  123  113  106  100   96   92   90   89   89   90   90   88   85   82
   79   77   76   77   78   79   79   79   78   75   73   71   70   71   74   78
   82   87   92   94   94   91   89   88   98                                   
    42.5-180.0 180.0   5.0 450.0                            LAT/LON1/LON2/DLON/H
  108  110  120  136  150  165  177  191  203  217  228  239  247  254  259  263
  265  264  261  256  252  249  249  251  253  253  248  238  223  206  187  168
  150  134  122  114  109  105  102   99   96   95   95   96   96   95   93   91
   89   88   88   88   88   89   89   88   85   82   78   75   74   75   78   82
   86   92   96   99  100   97   96   97  108                                   
    40.0-180.0 180.0   5.0 450.0                            LAT/LON1/LON2/DLON/H
  109  112  123  142  159  175  187  202  214  228  239  251  260  267  273  277
  278  276  271  267  263  262  264  266  268  265  255  240  221  201  181  162
  145  132  122  115  112  110  107  104  101   99   99   99   99   99   98   96
   95   94   93   92   91   91   90   89   87   83   80   77   76   77   80   84
   87   91   95   97   98   97   96  100  109                                   
    37.5-180.0 180.0   5.0 450.0                            LAT/LON1/LON2/DLON/H
  102  106  117  140  159  176  192  208  221  236  248  260  271  280  286  290
  290  287  283  279  277  277  279  281  281  275  262  243  221  199  180  164
  150  138  129  124  121  119  116  112  108  105  104  103  102  101  100   99
   97   95   92   89   87   86   85   85   83   81   78   77   77   78   81   84
   85   87   90   91   90   88   87   94  102                                   
    35.0-180.0 180.0   5.0 450.0                            LAT/LON1/LON2/DLON/H
   91   94  107  132  153  172  191  210  226  242  256  269  281  291  298  302
  302  299  296  293  291  291  292  292  290  282  268  249  229  210  194  181
  170  160  151  145  141  137  132  127  121  117  113  111  109  106  104  101
   97   93   88   83   80   78   78   78   78   78   77   77   78   80   82   83
   83   83   83   83   79   76   74   84   91                                   
    32.5-180.0 180.0   5.0 450.0                            LAT/LON1/LON2/DLON/H
   81   84   97  122  145  165  188  210  229  247  263  277  290  301  309  313
  314  312  309  306  304  302  301  298  294  288  277  263  248  236  227  219
  211  202  192  183  174  167  159  151  143  136  130  125  121  116  111  106
  100   93   85   79   74   73   73   75   76   77   78   79   81   83   85   85
   83   81   80   77   72   67   64   75   81                                   
    30.0-180.0 180.0   5.0 450.0                            LAT/LON1/LON2/DLON/H
   77   81   93  117  141  161  187  211  233  252  270  285  299  311  320  325
  325  324  321  318  315  310  304  299  296  293  290  286  283  280  280  278
  274  265  251  236  221  207  194  182  172  163  155  147  140  133  126  118
  108   98   88   81   76   75   76   79   81   83   84   86   88   89   91   91
   88   85   81   77   71   64   60   70   77                                   
    27.5-180.0 180.0   5.0 450.0                            LAT/LON1/LON2/DLON/H
   82   86   98  121  145  166  193  217  240  260  278  293  307  320  329  334
  335  334  332  328  321  312  303  297  297  303  311  321  331  341  350  356
  354  343  323  299  275  252  233  217  204  194  184  175  166  157  147  137
  125  113  102   93   89   89   90   92   94   95   97   97   98   99  101  100
   97   94   89   85   78   70   65   72   82                                   
    25.0-180.0 180.0   5.0 450.0                            LAT/LON1/LON2/DLON/H
   96   99  112  135  160  182  208  231  253  271  287  301  315  327  336  342
  343  342  339  334  325  313  301  297  303  319  341  366  390  413  432  443
  443  428  399  363  327  295  269  249  235  223  214  204  195  185  175  164
  151  137  125  117  114  114  115  115  115  115  114  113  112  112  113  112
  109  107  102   98   92   83   78   79   96                                   
    22.5-180.0 180.0   5.0 450.0                            LAT/LON1/LON2/DLON/H
  115  118  132  155  183  207  232  253  273  288  300  311  323  333  342  348
  350  349  345  338  327  314  304  304  318  345  380  418  456  489  515  529
  526  503  464  416  369  327  295  272  257  247  238  230  222  214  206  195
  183  169  158  151  148  148  148  146  142  138  134  130  127  125  125  125
  123  123  117  115  111  100   95   93  115                                   
    20.0-180.0 180.0   5.0 450.0                            LAT/LON1/LON2/DLON/H
  136  138  152  179  210  234  261  280  297  309  318  325  333  342  350  355
  356  355  350  342  332  321  315  322  344  381  426  474  520  558  584  595
  585  554  506  449  393  345  309  284  269  260  254  248  244  239  234  226
  216  205  195  189  187  186  184  178  171  163  154  147  141  137  136  136
  135  136  131  131  127  118  113  113  136                                   
    17.5-180.0 180.0   5.0 450.0                            LAT/LON1/LON2/DLON/H
  155  157  172  200  234  260  288  307  323  333  339  344  349  355  362  366
  367  364  359  351  343  337  338  352  382  425  477  529  575  609  629  631
  612  574  520  459  400  349  311  286  271  264  259  257  256  257  257  254
  248  240  232  227  224  222  217  208  196  184  172  161  153  147  144  144
  142  144  139  140  138  130  127  132  155                                   
    15.0-180.0 180.0   5.0 450.0                            LAT/LON1/LON2/DLON/H
  166  171  187  218  254  280  310  330  347  357  363  367  370  376  381  385
  385  381  374  368  363  364  373  394  429  476  527  576  613  637  644  634
  607  565  511  452  394  344  307  282  268  261  258  259  262  267  273  276
  274  269  262  257  254  249  242  230  215  200  184  171  160  153  149  147
  144  145  140  141  139  135  135  145  166                                   
    12.5-180.0 180.0   5.0 450.0                            LAT/LON1/LON2/DLON/H
  168  177  198  229  266  294  327  348  367  379  387  392  397  403  409  412
  411  406  399  394  393  400  417  445  483  528  573  610  633  640  633  612
  580  538  489  436  384  339  303  280  266  258  256  257  263  273  283  291
  294  291  286  279  273  266  257  243  226  208  191  175  163  154  150  146
  141  140  134  133  132  131  135  148  168                                   
    10.0-180.0 180.0   5.0 450.0                            LAT/LON1/LON2/DLON/H
  162  177  202  233  271  301  337  360  382  398  410  419  427  435  443  447
  446  441  433  429  432  445  468  499  536  576  610  630  636  627  608  581
  548  509  467  423  379  340  309  286  271  262  258  259  266  278  291  303
  309  308  302  293  284  273  261  247  229  211  192  176  163  154  148  143
  136  131  124  121  120  122  127  142  162                                   
     7.5-180.0 180.0   5.0 450.0                            LAT/LON1/LON2/DLON/H
  153  174  202  232  271  302  341  368  393  414  430  445  458  470  481  488
  489  484  477  474  479  496  521  553  586  615  634  637  628  608  584  555
