data/edconvlstm_nd/pred1600.15i
     1.0            IONOSPHERE MAPS     GNSS                IONEX VERSION / TYPE
pyspatialgeodesy        IME             05-JAN-18 20:20     PGM / RUN BY / DATE 
Map Name                                                    COMMENT             
Predicted global ionosphere maps (GIM).                     DESCRIPTION         
  2015     6     9     0     0     0                        EPOCH OF FIRST MAP  
  2015     6    10     0     0     0                        EPOCH OF LAST MAP   
  7200                                                      INTERVAL            
    13                                                      # OF MAPS IN FILE   
  NONE                                                      MAPPING FUNCTION    
10.0                                                        ELEVATION CUTOFF    
One-way carrier phase leveled to code                       OBSERVABLES USED    
  6371.0                                                    BASE RADIUS         
 2                                                          MAP DIMENSION       
   450.0 450.0   0.0                                        HGT1 / HGT2 / DHGT  
    87.5 -87.5  -2.5                                        LAT1 / LAT2 / DLAT  
  -180.0 180.0   5.0                                        LON1 / LON2 / DLON  
    -1                                                      EXPONENT            
                                                            END OF HEADER       
[from data line 429]
     2                                                      START OF TEC MAP    
  2015     6     9     2     0     0                        EPOCH OF CURRENT MAP
    87.5-180.0 180.0   5.0 450.0                            LAT/LON1/LON2/DLON/H
  162  157  159  159  162  158  155  155  155  155  155  156  156  156  156  155
  155  155  154  154  153  152  151  149  148  146  145  143  142  140  139  138
  136  135  135  134  133  133  133  133  133  133  133  134  134  135  135  136
  136  137  137  138  138  139  140  140  141  142  142  143  144  144  144  146
  147  149  150  149  151  150  150  160  162                                   
    85.0-180.0 180.0   5.0 450.0                            LAT/LON1/LON2/DLON/H
  165  165  159  163  169  164  163  162  163  163  163  163  163  163  163  163
  163  163  162  162  161  159  158  156  154  152  150  148  146  144  142  140
  139  138  137  136  136  136  136  136  136  137  138  138  139  140  141  142
  143  144  145  145  146  147  148  149  150  151  152  153  154  154  155  156
  158  160  159  162  154  152  156  158  165                                   
    82.5-180.0 180.0   5.0 450.0                            LAT/LON1/LON2/DLON/H
  166  168  168  169  171  169  167  167  168  168  168  168  168  169  169  169
  169  168  168  167  165  164  161  159  156  153  149  146  143  140  137  135
  133  132  131  131  131  131  131  132  133  134  135  137  138  140  141  143
  144  145  147  148  149  151  152  154  155  156  158  159  161  161  162  164
  165  167  166  167  168  156  159  157  166                                   
    80.0-180.0 180.0   5.0 450.0                            LAT/LON1/LON2/DLON/H
  166  172  165  167  167  165  167  167  168  167  167  167  167  168  168  168
  169  169  168  167  166  163  160  157  153  148  144  139  135  132  129  126
  125  124  123  123  124  124  126  127  129  131  133  135  137  139  141  143
  145  147  148  150  151  153  154  156  158  159  161  163  164  165  166  168
  169  170  167  167  170  163  169  162  166                                   
    77.5-180.0 180.0   5.0 450.0                            LAT/LON1/LON2/DLON/H
  167  171  165  166  164  162  165  165  165  164  164  165  165  166  166  167
  167  167  167  166  165  162  158  154  148  143  137  132  127  123  120  118
  117  117  118  119  120  122  124  127  129  132  135  138  141  143  146  148
  151  153  154  156  157  158  160  161  163  164  166  167  168  169  170  172
  172  173  169  169  171  165  168  166  167                                   
    75.0-180.0 180.0   5.0 450.0                            LAT/LON1/LON2/DLON/H
  164  169  162  165  162  160  161  161  162  161  161  161  161  161  162  162
  163  163  163  162  161  158  154  148  142  135  129  123  118  114  112  111
  111  112  114  117  119  122  125  128  131  134  137  141  145  148  151  154
  157  158  160  161  162  163  164  165  166  167  168  170  171  171  172  174
  173  173  170  165  166  162  166  168  164                                   
    72.5-180.0 180.0   5.0 450.0                            LAT/LON1/LON2/DLON/H
  158  168  163  165  163  160  162  162  163  162  161  161  161  160  160  160
  161  161  161  161  159  156  152  146  139  132  124  118  113  111  109  110
  112  115  118  121  125  128  131  134  137  140  144  148  153  157  161  164
  167  169  170  170  170  171  171  171  172  173  174  175  176  176  177  178
  177  176  173  169  166  160  163  167  158                                   
    70.0-180.0 180.0   5.0 450.0                            LAT/LON1/LON2/DLON/H
  157  165  162  164  162  159  160  161  162  161  160  160  159  158  157  156
  156  156  156  156  154  151  147  140  133  125  118  112  108  107  107  110
  113  117  121  125  129  131  134  137  140  143  147  152  157  162  167  170
  173  175  176  176  175  174  174  174  175  176  177  178  178  178  178  179
  177  176  173  170  168  162  165  169  157                                   
    67.5-180.0 180.0   5.0 450.0                            LAT/LON1/LON2/DLON/H
  159  168  163  164  162  159  160  160  162  162  161  160  159  157  155  153
  152  151  151  151  149  146  141  135  127  120  113  108  106  106  107  111
  115  120  124  128  131  133  134  136  139  142  146  152  158  164  169  174
  177  179  179  179  177  176  175  175  176  177  178  180  180  180  180  180
  178  176  173  170  168  163  166  173  159                                   
    65.0-180.0 180.0   5.0 450.0                            LAT/LON1/LON2/DLON/H
  163  171  166  166  163  160  161  161  163  163  163  163  161  159  156  153
  151  149  148  147  146  142  138  131  125  118  112  109  108  109  112  116
  120  125  128  131  132  133  134  135  137  140  145  151  158  165  172  177
  180  182  182  181  179  177  177  177  178  180  182  183  184  183  183  182
  180  178  174  171  170  166  170  180  163                                   
    62.5-180.0 180.0   5.0 450.0                            LAT/LON1/LON2/DLON/H
  169  177  172  171  167  163  163  163  165  165  166  167  166  163  160  157
  154  151  149  148  145  142  138  132  126  121  117  115  115  117  120  124
  128  131  133  134  134  133  133  134  136  139  145  152  160  168  175  180
  184  185  185  183  181  180  180  180  182  185  188  190  191  190  189  188
  185  183  179  176  176  173  177  190  169                                   
    60.0-180.0 180.0   5.0 450.0                            LAT/LON1/LON2/DLON/H
  177  186  181  179  173  168  167  166  168  167  169  170  170  169  166  163
  159  156  153  151  148  145  141  136  131  127  126  125  127  129  132  134
  136  137  137  136  135  133  132  133  135  140  146  154  162  171  178  184
  188  189  188  187  185  184  184  186  189  192  196  198  199  199  198  196
  193  190  185  183  183  180  186  201  177                                   
    57.5-180.0 180.0   5.0 450.0                            LAT/LON1/LON2/DLON/H
  188  196  191  189  182  176  173  170  170  169  170  173  174  174  173  170
  166  163  160  157  155  151  147  143  140  139  139  140  142  144  146  146
  145  143  141  138  136  134  133  134  137  142  148  157  166  175  183  189
  193  194  194  192  191  191  192  195  198  202  206  209  210  209  208  206
  202  199  194  192  191  189  196  214  188                                   
    55.0-180.0 180.0   5.0 450.0                            LAT/LON1/LON2/DLON/H
  199  208  204  202  194  186  181  176  174  171  171  173  176  177  178  176
  174  172  169  167  164  161  157  154  153  154  156  159  161  161  160  157
  153  149  145  141  139  137  137  138  141  146  152  161  170  179  188  194
  198  200  200  200  199  200  202  206  210  214  218  220  221  220  218  216
  213  210  205  202  201  199  206  225  199                                   
    52.5-180.0 180.0   5.0 450.0                            LAT/LON1/LON2/DLON/H
  212  221  217  217  209  200  193  185  180  175  173  174  176  179  181  181
  181  180  179  177  175  172  169  168  168  171  174  178  179  178  174  168
  162  155  150  146  143  142  142  143  146  151  157  165  174  184  193  200
  205  208  209  210  211  212  215  219  223  227  230  231  231  230  228  226
  223  221  216  214  212  209  216  236  212                                   
    50.0-180.0 180.0   5.0 450.0                            LAT/LON1/LON2/DLON/H
  225  235  232  233  226  217  208  198  190  182  177  176  177  179  182  185
  187  188  189  188  187  184  182  182  184  188  192  196  197  193  187  178
  170  162  156  153  150  149  150  150  153  156  162  169  179  189  199  208
  214  218  220  222  224  227  231  235  238  241  242  243  241  239  237  236
  234  232  228  226  223  220  227  246  225                                   
    47.5-180.0 180.0   5.0 450.0                            LAT/LON1/LON2/DLON/H
  239  248  246  249  244  235  226  215  204  193  184  180  179  180  183  187
  191  194  197  198  198  196  195  195  198  203  208  211  211  205  197  187
  178  171  165  162  160  159  158  158  159  161  165  173  183  194  206  216
  224  229  232  235  239  243  247  251  254  256  256  254  252  249  247  246
  245  244  241  239  236  232  238  257  239                                   
    45.0-180.0 180.0   5.0 450.0                            LAT/LON1/LON2/DLON/H
  255  262  261  265  262  254  245  233  221  207  196  189  185  184  186  189
  194  199  203  206  206  206  205  206  210  216  221  223  221  215  206  196
  188  181  177  174  172  170  168  166  165  165  169  176  187  200  213  225
  234  240  245  249  254  259  264  269  271  271  270  267  263  260  257  257
  257  257  255  253  250  246  252  270  255                                   
    42.5-180.0 180.0   5.0 450.0                            LAT/LON1/LON2/DLON/H
  272  278  276  280  278  271  263  252  240  225  211  201  194  191  190  193
  197  202  208  211  213  213  213  215  219  226  231  233  230  223  214  206
  199  195  191  188  185  181  177  173  170  170  173  181  193  207  222  236
  245  252  257  262  268  275  282  286  289  289  286  282  278  273  271  270
  271  272  272  270  268  264  270  288  272                                   
    40.0-180.0 180.0   5.0 450.0                            LAT/LON1/LON2/DLON/H
  292  296  293  295  293  285  278  269  258  243  229  217  208  202  198  198
  201  206  211  215  217  217  218  222  228  235  240  241  238  232  224  218
  214  210  207  204  199  192  186  180  176  176  180  188  201  217  233  246
  256  263  268  274  281  290  298  304  308  308  305  301  296  291  288  287
  288  290  291  290  289  287  293  311  292                                   
    37.5-180.0 180.0   5.0 450.0                            LAT/LON1/LON2/DLON/H
  317  319  313  311  307  299  291  283  274  260  247  235  225  216  210  207
  208  211  215  218  220  221  223  229  236  244  250  252  248  243  237  233
  231  228  225  219  211  203  194  188  184  184  189  199  212  228  244  257
  266  272  277  284  293  303  314  322  326  328  326  323  318  313  310  308
  309  312  314  314  315  314  321  339  317                                   
    35.0-180.0 180.0   5.0 450.0                            LAT/LON1/LON2/DLON/H
  347  347  337  331  323  313  304  296  288  277  265  254  243  233  225  219
  216  217  219  221  223  225  230  237  247  257  264  265  263  258  253  251
  249  246  241  233  222  212  202  196  194  196  202  212  225  240  254  264
  272  277  282  290  301  314  327  337  344  347  347  345  342  338  334  332
  333  335  338  339  343  345  353  372  347                                   
    32.5-180.0 180.0   5.0 450.0                            LAT/LON1/LON2/DLON/H
  381  379  366  355  342  330  319  310  303  293  283  273  263  252  241  232
  227  225  225  226  228  232  239  250  263  275  282  284  281  276  272  270
  267  262  254  242  230  218  209  205  205  209  216  226  237  249  259  267
  273  277  284  293  306  322  336  349  357  363  365  366  365  362  359  357
  357  360  363  365  372  377  387  406  381                                   
    30.0-180.0 180.0   5.0 450.0                            LAT/LON1/LON2/DLON/H
  417  413  398  385  367  352  338  328  320  311  302  293  283  271  259  248
  239  235  233  233  235  241  252  267  282  296  304  305  302  296  291  287
  281  273  260  246  231  221  214  213  215  220  228  236  244  252  258  263
  267  273  281  293  308  325  342  355  365  372  377  381  383  382  381  379
  380  382  386  391  399  407  420  440  417                                   
    27.5-180.0 180.0   5.0 450.0                            LAT/LON1/LON2/DLON/H
  452  446  432  418  397  381  363  351  342  332  323  315  305  292  278  264
  253  246  243  242  245  254  269  287  305  319  327  328  323  315  307  298
  287  273  257  240  227  218  216  217  221  228  234  239  243  245  248  251
  255  263  274  289  307  325  342  356  366  375  382  389  394  396  397  398
  399  402  406  413  423  432  448  469  452                                   
    25.0-180.0 180.0   5.0 450.0                            LAT/LON1/LON2/DLON/H
  482  474  462  452  431  414  395  380  368  357  348  339  328  314  298  282
  268  259  254  254  258  270  287  308  328  341  348  346  338  327  313  298
  281  262  243  226  216  211  212  216  221  227  231  232  231  230  229  231
  238  249  264  283  303  321  338  351  362  372  381  390  398  404  409  411
  414  418  423  432  442  452  470  490  482                                   
    22.5-180.0 180.0   5.0 450.0                            LAT/LON1/LON2/DLON/H
  503  494  487  482  463  448  429  413  399  386  375  364  352  336  318  300
  284  274  268  267  273  286  306  328  346  358  360  355  342  325  306  285
  263  240  220  206  200  200  204  209  213  216  217  215  211  206  204  208
  218  234  254  275  296  314  330  342  354  364  375  387  398  408  415  421
  426  431  438  447  456  466  485  503  503                                   
    20.0-180.0 180.0   5.0 450.0                            LAT/LON1/LON2/DLON/H
  512  503  502  504  490  479  462  446  431  417  403  391  377  359  338  318
  301  289  282  281  287  302  322  342  358  364  360  348  330  308  285  260
  235  212  195  185  183  186  192  196  198  198  196  191  185  179  178  184
  198  219  243  267  288  306  320  333  345  357  370  384  398  410  421  429
  436  443  451  461  467  476  494  510  512                                   
    17.5-180.0 180.0   5.0 450.0                            LAT/LON1/LON2/DLON/H
  512  502  506  514  507  501  488  474  460  445  430  416  400  380  358  336
  317  304  296  294  300  313  332  349  358  356  344  326  302  278  252  228
  205  185  171  166  168  173  177  179  179  176  172  166  159  154  155  163
  181  205  233  258  280  297  311  325  339  353  368  384  400  415  428  439
  448  456  464  474  478  485  500  512  512                                   
    15.0-180.0 180.0   5.0 450.0                            LAT/LON1/LON2/DLON/H
  505  494  502  513  512  510  502  493  480  467  452  437  420  398  375  351
  332  318  309  306  310  320  334  344  345  333  313  288  263  239  217  196
  178  163  155  153  156  161  164  163  159  154  149  143  138  134  137  148
  168  194  223  249  271  289  305  321  338  355  371  389  406  423  439  451
  462  472  480  489  490  495  506  514  505                                   
    12.5-180.0 180.0   5.0 450.0                            LAT/LON1/LON2/DLON/H
  497  486  494  503  507  508  504  499  490  479  466  452  434  412  387  364
  344  330  321  315  315  321  328  329  319  298  271  243  220  201  185  171
  159  150  145  145  149  152  151  147  142  136  131  127  122  121  125  137
  158  184  213  240  262  281  301  320  341  360  379  398  418  436  453  467
  479  489  497  505  504  506  514  519  497                                   
    10.0-180.0 180.0   5.0 450.0                            LAT/LON1/LON2/DLON/H
  494  483  486  490  496  498  496  495  490  482  471  458  440  419  394  371
  352  338  327  319  314  313  311  303  284  255  225  200  182  170  162  156
  150  145  143  143  145  144  140  134  128  123  119  116  114  113  118  130
  150  176  204  230  253  276  299  323  346  369  390  411  433  453  471  485
  498  508  516  522  520  520  524  528  494                                   
     7.5-180.0 180.0   5.0 450.0                            LAT/LON1/LON2/DLON/H
  499  487  484  482  485  486  484  485  483  477  468  456  440  419  395  371
  353  339  327  316  305  297  287  270  244  213  185  165  155  151  150  149
