data/edconvlstm_nd/pred3390.15i
     1.0            IONOSPHERE MAPS     GNSS                IONEX VERSION / TYPE
pyspatialgeodesy        IME             05-JAN-18 20:20     PGM / RUN BY / DATE 
Map Name                                                    COMMENT             
Predicted global ionosphere maps (GIM).                     DESCRIPTION         
  2015    12     5     0     0     0                        EPOCH OF FIRST MAP  
  2015    12     6     0     0     0                        EPOCH OF LAST MAP   
  7200                                                      INTERVAL            
    13                                                      # OF MAPS IN FILE   
  NONE                                                      MAPPING FUNCTION    
10.0                                                        ELEVATION CUTOFF    
One-way carrier phase leveled to code                       OBSERVABLES USED    
  6371.0                                                    BASE RADIUS         
 2                                                          MAP DIMENSION       
   450.0 450.0   0.0                                        HGT1 / HGT2 / DHGT  
    87.5 -87.5  -2.5                                        LAT1 / LAT2 / DLAT  
  -180.0 180.0   5.0                                        LON1 / LON2 / DLON  
    -1                                                      EXPONENT            
                                                            END OF HEADER       
[from data line 1716]
     5                                                      START OF TEC MAP    
  2015    12     5     8     0     0                        EPOCH OF CURRENT MAP
    87.5-180.0 180.0   5.0 450.0                            LAT/LON1/LON2/DLON/H
   22   33   31   33   33   34   33   29   29   30   30   30   30   30   30   29
   29   29   28   28   27   27   26   26   26   25   25   25   25   24   24   24
   24   23   23   23   22   22   22   22   21   21   21   21   21   21   21   21
   21   21   21   21   22   22   22   22   22   22   22   22   22   22   22   22
   23   24   22   23   30   39   51   51   22                                   
    85.0-180.0 180.0   5.0 450.0                            LAT/LON1/LON2/DLON/H
   13   42   45   40   43   46   45   45   45   46   45   46   45   45   45   44
   44   43   43   42   42   42   41   41   41   40   40   40   40   40   39   39
   39   38   38   37   37   36   36   35   35   35   34   34   34   34   34   34
   34   34   34   34   34   34   34   34   34   34   34   34   34   35   35   35
   36   37   34   36   42   44   57   49   13                                   
    82.5-180.0 180.0   5.0 450.0                            LAT/LON1/LON2/DLON/H
   14   29   46   42   43   45   45   44   45   45   45   46   45   45   44   44
   43   42   42   41   40   40   39   39   39   39   39   39   39   39   39   39
   39   38   38   37   37   36   35   35   34   34   34   33   33   33   33   33
   33   33   33   33   33   33   33   33   33   33   32   32   32   32   32   32
   33   34   32   32   43   41   44   40   14                                   
    80.0-180.0 180.0   5.0 450.0                            LAT/LON1/LON2/DLON/H
   20   30   46   41   46   45   46   45   47   47   47   47   47   46   45   44
   43   42   41   40   39   39   38   38   38   38   39   39   40   40   40   41
   41   41   40   39   39   38   37   36   35   35   35   34   34   34   35   35
   35   35   36   36   35   35   35   34   34   33   32   32   31   31   30   30
   31   31   32   32   39   39   40   39   20                                   
    77.5-180.0 180.0   5.0 450.0                            LAT/LON1/LON2/DLON/H
   31   34   41   36   39   39   41   41   43   43   43   43   43   42   41   40
   38   37   36   35   34   33   32   32   32   32   33   33   34   35   36   36
   36   36   35   34   33   32   31   30   29   29   29   30   30   31   32   33
   34   35   36   37   37   37   37   36   35   33   32   30   29   28   27   26
   26   25   25   25   27   22   28   30   31                                   
    75.0-180.0 180.0   5.0 450.0                            LAT/LON1/LON2/DLON/H
   21   29   34   32   34   37   38   38   40   41   40   41   40   39   38   37
   36   34   33   32   31   30   30   30   30   30   31   32   33   34   35   35
   35   35   34   33   32   31   30   29   29   29   30   31   33   35   37   39
   41   44   45   47   47   47   46   45   43   41   38   36   33   31   29   28
   26   25   25   23   25   18   23   22   21                                   
    72.5-180.0 180.0   5.0 450.0                            LAT/LON1/LON2/DLON/H
   21   25   29   26   30   34   36   36   37   38   37   38   37   36   36   35
   34   33   32   31   29   29   28   28   28   28   29   30   31   32   33   34
   34   33   33   32   31   30   29   29   30   31   33   36   39   42   46   49
   53   56   59   60   61   61   59   57   54   51   47   43   40   36   34   31
   29   27   27   26   26   20   23   23   21                                   
    70.0-180.0 180.0   5.0 450.0                            LAT/LON1/LON2/DLON/H
   20   22   29   27   30   31   33   33   35   36   35   36   36   36   36   35
   35   34   33   32   31   30   29   29   28   29   29   30   31   32   33   33
   33   33   32   31   30   30   30   31   33   36   39   43   47   52   57   62
   67   71   75   77   77   76   74   71   67   62   57   53   48   44   40   37
   34   32   32   29   29   23   28   26   20                                   
    67.5-180.0 180.0   5.0 450.0                            LAT/LON1/LON2/DLON/H
   18   21   26   25   27   29   31   31   33   33   33   35   35   35   35   36
   35   35   34   33   32   31   30   29   28   28   28   28   29   29   30   30
   30   30   29   29   28   29   30   32   36   40   45   51   57   63   69   75
   80   85   88   90   90   89   85   81   76   70   64   59   53   48   44   41
   38   35   35   32   32   25   28   26   18                                   
    65.0-180.0 180.0   5.0 450.0                            LAT/LON1/LON2/DLON/H
   19   22   26   26   27   28   30   30   32   32   32   34   35   36   37   37
   37   37   37   36   35   33   32   30   29   28   27   27   27   27   28   28
   28   28   28   28   28   29   32   36   41   47   54   61   69   75   82   88
   94   98  102  103  103  100   96   90   84   77   71   65   59   54   49   45
   42   39   39   36   36   31   33   31   19                                   
    62.5-180.0 180.0   5.0 450.0                            LAT/LON1/LON2/DLON/H
   22   25   28   27   28   30   30   31   32   32   32   34   35   37   38   39
   40   40   39   38   37   35   33   32   30   29   27   27   26   26   26   27
   27   28   28   29   30   33   37   43   50   58   66   75   82   89   95  101
  106  110  114  115  114  110  105   98   91   84   77   70   64   59   53   49
   45   42   42   39   39   34   36   35   22                                   
    60.0-180.0 180.0   5.0 450.0                            LAT/LON1/LON2/DLON/H
   27   29   30   29   29   30   30   30   30   31   31   33   34   36   37   39
   39   39   38   37   35   34   32   31   29   28   26   25   24   23   24   25
   26   27   29   30   33   37   43   50   59   68   77   86   93   99  104  109
  113  118  121  122  121  117  111  104   97   90   83   76   69   62   56   50
   45   42   42   39   40   36   37   36   27                                   
    57.5-180.0 180.0   5.0 450.0                            LAT/LON1/LON2/DLON/H
   32   34   34   32   32   32   32   31   30   30   30   32   33   35   37   38
   38   38   36   35   33   32   31   30   29   27   26   24   23   23   23   25
   27   29   32   35   39   44   51   60   70   80   90   98  104  109  113  117
  121  126  129  130  129  126  120  113  106  100   93   86   79   70   62   55
   48   44   43   41   42   38   39   38   32                                   
    55.0-180.0 180.0   5.0 450.0                            LAT/LON1/LON2/DLON/H
   40   40   39   37   35   35   34   32   31   30   30   31   32   34   35   37
   37   36   34   32   30   29   29   29   29   28   27   25   23   23   24   26
   29   33   38   42   48   54   61   70   81   92  101  109  114  118  121  124
  128  133  137  139  138  135  130  124  119  113  107  100   92   82   72   62
   54   47   45   43   44   40   41   41   40                                   
    52.5-180.0 180.0   5.0 450.0                            LAT/LON1/LON2/DLON/H
   49   48   45   42   40   40   38   35   33   32   31   31   32   33   35   36
   36   34   32   29   28   28   29   30   31   31   29   27   26   25   26   29
   34   40   46   52   58   65   73   82   93  103  112  119  124  127  129  132
  136  141  146  148  148  146  142  137  133  129  124  117  109   97   85   73
   62   54   51   47   48   44   45   45   49                                   
    50.0-180.0 180.0   5.0 450.0                            LAT/LON1/LON2/DLON/H
   58   56   53   50   47   47   44   40   38   35   33   33   33   34   35   36
   36   34   31   29   28   28   30   33   36   36   35   33   30   29   30   34
   40   48   56   64   71   78   85   94  103  113  122  129  133  136  138  141
  145  150  154  157  158  156  153  149  146  143  139  133  125  113   99   85
   73   63   58   53   53   49   52   51   58                                   
    47.5-180.0 180.0   5.0 450.0                            LAT/LON1/LON2/DLON/H
   67   64   60   58   54   55   51   47   44   41   38   37   36   37   38   39
   38   36   33   31   30   32   35   40   43   45   43   40   36   34   35   39
   46   56   66   76   84   90   97  105  114  123  131  137  142  145  147  150
  153  157  161  164  165  164  161  158  155  153  150  145  136  124  110   96
   83   72   66   60   59   56   59   59   67                                   
    45.0-180.0 180.0   5.0 450.0                            LAT/LON1/LON2/DLON/H
   73   71   66   66   62   64   60   56   53   49   46   44   42   42   43   43
   43   41   39   37   37   39   44   50   54   55   53   49   44   40   40   44
   53   64   76   87   96  103  109  116  124  132  139  146  150  153  156  158
  160  163  166  168  168  167  164  161  158  156  154  149  141  130  116  103
   90   80   73   66   65   62   65   66   73                                   
    42.5-180.0 180.0   5.0 450.0                            LAT/LON1/LON2/DLON/H
   74   74   70   72   69   71   68   65   62   59   56   54   52   51   51   51
   50   49   47   46   47   51   56   62   66   66   63   57   51   46   45   49
   58   70   84   96  106  114  121  128  134  141  148  153  158  161  163  165
  166  167  168  169  168  166  162  159  156  154  151  146  139  129  117  105
   94   84   77   69   67   65   68   69   74                                   
    40.0-180.0 180.0   5.0 450.0                            LAT/LON1/LON2/DLON/H
   71   72   69   72   72   75   74   73   71   69   67   66   64   63   62   61
   60   59   59   59   61   64   69   74   76   74   70   63   56   51   50   54
   63   76   90  104  116  125  133  139  145  151  156  160  165  168  170  171
  170  170  169  168  167  164  160  156  152  149  146  141  134  125  114  104
   94   85   78   70   67   63   65   67   71                                   
    37.5-180.0 180.0   5.0 450.0                            LAT/LON1/LON2/DLON/H
   64   66   64   68   70   74   75   76   77   77   77   78   77   75   73   72
   71   71   72   73   75   78   81   83   82   79   74   67   60   55   54   58
   67   81   96  111  125  135  144  151  157  161  164  167  171  174  177  177
  176  174  172  171  169  166  162  158  153  149  144  139  132  123  113  104
   94   84   77   68   63   57   58   61   64                                   
    35.0-180.0 180.0   5.0 450.0                            LAT/LON1/LON2/DLON/H
   55   57   56   60   63   67   70   73   77   80   84   87   88   87   84   82
   81   82   84   86   88   90   90   89   86   81   75   69   63   60   59   63
   73   86  102  118  132  144  155  163  168  171  173  175  178  182  185  186
  185  183  181  181  180  178  175  171  166  161  155  148  139  130  119  109
   98   86   78   67   60   49   49   52   55                                   
    32.5-180.0 180.0   5.0 450.0                            LAT/LON1/LON2/DLON/H
   47   48   47   50   53   57   62   66   72   78   85   92   95   95   93   90
   89   90   93   96   98   98   95   91   85   80   74   70   66   64   65   70
   79   93  109  125  140  154  166  175  180  182  183  184  187  191  196  199
  199  199  199  200  201  202  200  198  194  188  181  173  163  151  138  125
  111   96   84   70   59   43   42   46   47                                   
    30.0-180.0 180.0   5.0 450.0                            LAT/LON1/LON2/DLON/H
   42   40   39   41   43   47   52   57   63   71   81   91   97   99   98   95
   94   96   99  102  103  101   96   90   83   77   73   70   69   69   71   77
   87  100  116  132  148  163  177  188  194  195  195  195  199  205  212  217
  221  223  227  230  234  238  239  239  236  231  224  215  204  189  173  156
  137  117  101   81   66   43   42   46   42                                   
    27.5-180.0 180.0   5.0 450.0                            LAT/LON1/LON2/DLON/H
   44   38   35   35   35   39   43   47   53   62   73   85   93   97   97   96
   95   97  101  104  104  100   93   86   79   74   72   70   71   73   77   85
   95  109  125  141  157  174  190  202  209  211  211  211  216  224  234  243
  250  256  263  271  278  284  289  291  291  287  280  270  257  241  222  200
  175  150  130  103   85   53   51   54   44                                   
    25.0-180.0 180.0   5.0 450.0                            LAT/LON1/LON2/DLON/H
   53   42   36   34   33   36   38   39   44   52   63   75   85   91   92   92
   92   95   98  100   99   95   88   82   76   73   71   71   72   76   82   92
  104  119  135  152  169  187  204  218  227  230  230  232  238  249  262  274
  285  296  308  319  330  339  346  350  352  349  342  332  318  300  277  252
  222  192  167  135  114   75   70   73   53                                   
    22.5-180.0 180.0   5.0 450.0                            LAT/LON1/LON2/DLON/H
   72   55   46   40   37   38   38   37   39   45   54   64   74   80   83   84
   86   88   91   92   91   87   82   78   74   72   71   71   73   78   87   98
  113  130  147  164  182  201  220  236  246  251  253  257  266  279  294  310
  325  340  355  370  382  393  402  409  411  409  403  392  377  358  333  304
  271  238  208  173  151  108  100  101   72                                   
    20.0-180.0 180.0   5.0 450.0                            LAT/LON1/LON2/DLON/H
   97   76   63   53   48   46   44   41   40   43   48   56   63   69   73   75
   77   80   82   83   82   80   77   75   74   72   71   71   73   80   90  104
  122  140  159  177  197  217  237  255  267  274  279  286  296  311  329  346
  364  381  398  413  426  437  446  453  457  457  451  440  425  405  379  349
  314  280  247  212  190  146  135  136   97                                   
    17.5-180.0 180.0   5.0 450.0                            LAT/LON1/LON2/DLON/H
  125  102   87   74   65   60   56   51   48   47   48   52   56   61   64   67
   69   71   73   74   74   74   74   74   75   74   73   72   74   80   92  109
  129  149  169  190  211  232  254  273  287  297  304  314  327  343  361  378
  395  412  427  440  451  459  467  475  480  481  476  467  454  435  410  380
  346  313  281  248  227  184  172  172  125                                   
    15.0-180.0 180.0   5.0 450.0                            LAT/LON1/LON2/DLON/H
  152  129  113   98   86   78   72   67   61   56   53   53   54   56   59   61
   62   64   66   67   68   69   72   75   77   77   75   73   74   81   94  112
  134  156  178  200  223  246  269  289  304  317  328  340  354  370  386  402
  416  430  442  450  456  461  467  474  480  482  479  472  461  445  422  395
  364  335  306  277  257  218  205  204  152                                   
    12.5-180.0 180.0   5.0 450.0                            LAT/LON1/LON2/DLON/H
  176  153  137  122  109   98   91   85   78   71   64   59   57   57   58   59
   60   61   62   63   65   68   72   77   80   81   78   74   75   81   95  115
  138  162  185  209  233  257  280  301  318  333  346  361  376  391  405  417
  428  437  445  449  450  451  455  460  465  468  466  461  452  439  420  397
  370  346  321  296  279  245  231  228  176                                   
    10.0-180.0 180.0   5.0 450.0                            LAT/LON1/LON2/DLON/H
  196  173  158  142  130  116  110  105   98   88   78   70   65   63   62   61
   61   62   63   64   66   70   76   82   85   85   81   77   77   83   98  118
  142  166  190  214  239  264  288  309  327  343  359  375  391  405  416  425
  432  438  442  442  440  438  438  442  446  448  447  443  436  426  410  391
  369  349  329  308  293  263  249  241  196                                   
     7.5-180.0 180.0   5.0 450.0                            LAT/LON1/LON2/DLON/H
  213  188  174  158  147  132  126  123  117  107   95   85   77   72   70   68
   67   66   67   68   72   76   83   88   91   90   85   80   80   87  102  122
