data/edconvlstm_nd/pred2950.15i
     1.0            IONOSPHERE MAPS     GNSS                IONEX VERSION / TYPE
pyspatialgeodesy        IME             05-JAN-18 20:20     PGM / RUN BY / DATE 
Map Name                                                    COMMENT             
Predicted global ionosphere maps (GIM).                     DESCRIPTION         
  2015    10    22     0     0     0                        EPOCH OF FIRST MAP  
  2015    10    23     0     0     0                        EPOCH OF LAST MAP   
  7200                                                      INTERVAL            
    13                                                      # OF MAPS IN FILE   
  NONE                                                      MAPPING FUNCTION    
10.0                                                        ELEVATION CUTOFF    
One-way carrier phase leveled to code                       OBSERVABLES USED    
  6371.0                                                    BASE RADIUS         
 2                                                          MAP DIMENSION       
   450.0 450.0   0.0                                        HGT1 / HGT2 / DHGT  
    87.5 -87.5  -2.5                                        LAT1 / LAT2 / DLAT  
  -180.0 180.0   5.0                                        LON1 / LON2 / DLON  
    -1                                                      EXPONENT            
                                                            END OF HEADER       
[from data line 3432]
     9                                                      START OF TEC MAP    
  2015    10    22    16     0     0                        EPOCH OF CURRENT MAP
    87.5-180.0 180.0   5.0 450.0                            LAT/LON1/LON2/DLON/H
  120  129  128  135  141  142  142  141  142  146  146  148  149  151  152  153
  155  156  157  157  158  158  158  158  158  157  156  155  154  152  150  149
  147  145  143  140  138  136  135  133  131  130  129  128  128  127  127  127
  127  127  128  128  128  129  129  129  130  130  130  130  130  130  130  130
  131  132  129  126  130  126  135  129  120                                   
    85.0-180.0 180.0   5.0 450.0                            LAT/LON1/LON2/DLON/H
  125  125  137  128  130  136  137  141  143  147  148  150  152  154  156  158
  160  161  163  164  165  166  166  166  166  165  164  163  161  159  157  155
  152  149  147  144  141  139  136  134  132  131  129  128  128  128  127  128
  128  128  129  129  130  131  131  131  132  132  132  132  131  131  131  130
  131  131  126  121  120  119  121  121  125                                   
    82.5-180.0 180.0   5.0 450.0                            LAT/LON1/LON2/DLON/H
  106  109  111  108  112  118  123  127  131  135  137  141  144  148  151  154
  157  160  163  165  167  168  169  169  169  168  167  165  163  160  157  154
  150  146  142  138  134  130  126  123  120  118  116  115  114  114  114  115
  115  116  117  119  120  120  121  121  122  121  121  120  120  119  117  116
  116  115  111  107  105  112  102  101  106                                   
    80.0-180.0 180.0   5.0 450.0                            LAT/LON1/LON2/DLON/H
   84   82   87   86   89   91   98  104  110  115  118  124  128  132  136  140
  144  148  152  155  157  158  159  159  159  157  155  153  150  146  142  138
  133  128  123  118  112  107  103   99   96   93   91   90   90   91   92   94
   97   99  102  104  106  108  109  110  111  111  110  109  108  106  104  102
  101   98   95   91   84   85   78   85   84                                   
    77.5-180.0 180.0   5.0 450.0                            LAT/LON1/LON2/DLON/H
   79   71   71   70   74   78   84   90   96  101  106  112  117  123  129  134
  139  144  149  153  156  159  160  160  159  158  155  152  148  144  140  134
  129  123  116  110  103   97   91   86   81   78   76   75   75   76   78   81
   85   89   93   97  100  103  105  106  106  106  105  104  102  100   98   95
   93   90   87   84   77   71   67   73   79                                   
    75.0-180.0 180.0   5.0 450.0                            LAT/LON1/LON2/DLON/H
   70   65   61   62   66   70   74   80   87   93   98  104  110  116  122  129
  135  142  148  153  158  161  163  164  163  161  159  155  151  146  141  136
  130  123  116  109  101   93   87   80   75   72   69   68   69   71   74   78
   82   87   92   96  100  103  105  106  106  106  105  103  101   99   97   95
   92   89   87   81   75   66   60   56   70                                   
    72.5-180.0 180.0   5.0 450.0                            LAT/LON1/LON2/DLON/H
   70   64   60   63   64   69   74   79   84   90   95  102  108  115  123  130
  139  147  155  162  169  173  176  177  176  174  171  167  163  158  153  147
  141  134  126  117  108   99   91   83   77   72   69   67   67   69   72   75
   80   84   89   93   97  100  101  102  102  101  100   99   97   95   94   92
   90   88   86   82   76   69   63   62   70                                   
    70.0-180.0 180.0   5.0 450.0                            LAT/LON1/LON2/DLON/H
   72   67   64   66   67   71   75   80   86   92   98  104  110  117  124  133
  142  153  163  173  181  187  191  193  192  190  187  183  178  174  169  164
  157  150  142  132  122  112  102   93   86   80   76   73   72   73   75   77
   80   84   87   90   93   94   95   96   95   94   93   92   91   90   90   89
   88   87   87   84   80   72   70   67   72                                   
    67.5-180.0 180.0   5.0 450.0                            LAT/LON1/LON2/DLON/H
   73   69   66   70   72   77   81   88   93  100  105  112  118  124  132  142
  152  164  177  189  199  207  212  214  213  211  207  203  199  194  190  185
  179  171  162  152  140  129  118  107   99   91   86   82   80   78   78   79
   80   81   83   84   85   85   85   85   84   83   83   82   82   82   83   84
   84   84   85   82   78   74   71   67   73                                   
    65.0-180.0 180.0   5.0 450.0                            LAT/LON1/LON2/DLON/H
   68   66   63   68   70   76   82   89   97  104  111  117  123  130  138  147
  159  173  187  201  214  223  229  232  231  229  225  221  218  214  211  207
  201  193  184  173  160  148  135  124  114  105   99   93   89   85   82   80
   78   76   74   73   72   71   70   69   68   68   67   67   68   69   70   73
   74   76   77   76   74   71   69   67   68                                   
    62.5-180.0 180.0   5.0 450.0                            LAT/LON1/LON2/DLON/H
   57   56   54   60   63   70   77   87   96  105  114  121  128  135  143  152
  165  180  196  211  225  235  242  245  244  242  238  235  233  231  228  225
  220  213  203  191  177  164  150  138  127  117  109  102   95   89   84   78
   73   68   63   59   56   54   53   52   52   52   52   52   53   55   57   59
   61   63   65   63   62   60   58   59   57                                   
    60.0-180.0 180.0   5.0 450.0                            LAT/LON1/LON2/DLON/H
   44   43   41   49   52   58   67   78   90  102  113  122  130  137  145  155
  168  183  200  216  230  241  247  250  250  248  245  243  243  242  242  240
  236  229  219  207  193  178  164  151  139  129  119  111  102   94   86   77
   69   61   54   48   44   41   39   39   39   40   41   41   42   43   45   47
   49   50   52   50   49   47   45   47   44                                   
    57.5-180.0 180.0   5.0 450.0                            LAT/LON1/LON2/DLON/H
   32   32   31   39   41   47   56   68   82   97  110  121  130  138  146  156
  169  185  202  217  231  241  247  250  250  249  248  248  250  252  254  254
  251  244  235  222  209  194  179  166  154  143  132  122  112  102   91   81
   70   60   51   44   39   36   35   35   36   37   38   40   40   41   42   43
   44   44   45   42   41   38   35   39   32                                   
    55.0-180.0 180.0   5.0 450.0                            LAT/LON1/LON2/DLON/H
   26   27   27   34   35   39   48   61   77   93  108  121  131  139  148  159
  172  187  203  217  229  238  244  247  248  248  249  251  255  260  264  266
  264  259  250  238  225  211  196  183  170  158  147  136  125  113  101   89
   77   66   56   49   43   40   39   40   42   44   46   48   48   48   48   48
   48   46   46   43   40   36   32   36   26                                   
    52.5-180.0 180.0   5.0 450.0                            LAT/LON1/LON2/DLON/H
   30   31   31   35   36   39   47   59   75   92  108  122  133  142  152  163
  176  190  205  217  227  235  240  243  245  247  250  255  261  268  273  277
  276  272  265  254  242  229  215  201  188  176  164  152  139  127  114  102
   90   79   69   62   56   53   53   54   57   60   62   64   64   64   63   62
   60   58   57   53   49   43   39   40   30                                   
    50.0-180.0 180.0   5.0 450.0                            LAT/LON1/LON2/DLON/H
   43   44   43   46   45   49   55   66   81   97  113  127  138  148  158  170
  183  197  210  220  228  235  239  243  246  250  255  261  269  276  283  287
  287  285  279  271  261  249  236  222  208  195  181  168  155  142  129  117
  106   96   87   80   75   72   72   73   76   80   82   84   85   84   83   82
   79   77   75   72   67   60   55   53   43                                   
    47.5-180.0 180.0   5.0 450.0                            LAT/LON1/LON2/DLON/H
   63   64   63   63   62   66   70   80   93  109  124  136  147  157  167  180
  194  207  219  227  233  238  243  247  252  257  263  270  278  285  291  295
  296  295  292  286  278  268  256  242  227  212  198  183  169  155  143  132
  122  113  105   98   93   90   90   92   95   98  100  102  103  103  102  101
   98   97   96   94   89   84   79   72   63                                   
    45.0-180.0 180.0   5.0 450.0                            LAT/LON1/LON2/DLON/H
   86   86   85   84   83   87   90   99  111  125  138  150  160  169  180  194
  208  220  230  237  242  246  251  256  262  268  274  280  286  292  296  299
  301  302  301  299  294  286  274  260  244  227  210  194  179  164  152  141
  132  124  117  110  105  103  102  103  106  109  111  113  114  115  115  115
  114  114  114  114  112  107  104   95   86                                   
    42.5-180.0 180.0   5.0 450.0                            LAT/LON1/LON2/DLON/H
  105  105  103  104  102  106  110  118  130  143  155  166  175  185  196  209
  223  234  243  249  253  257  263  269  275  281  286  290  293  296  299  301
  304  306  309  310  308  302  291  276  258  239  220  201  184  169  155  145
  135  127  120  114  109  106  105  106  108  111  113  115  117  118  120  122
  121  123  124  127  128  125  123  115  105                                   
    40.0-180.0 180.0   5.0 450.0                            LAT/LON1/LON2/DLON/H
  114  115  113  116  116  120  125  135  147  161  173  184  193  203  214  226
  239  249  256  261  265  270  276  282  288  293  296  297  298  299  301  303
  307  312  318  323  324  319  308  292  272  250  227  206  186  170  155  144
  134  125  117  111  105  102  101  102  104  106  108  110  112  115  118  120
  121  124  126  130  133  133  131  126  114                                   
    37.5-180.0 180.0   5.0 450.0                            LAT/LON1/LON2/DLON/H
  112  113  111  117  120  125  133  145  159  175  189  201  212  222  232  244
  254  263  269  273  277  282  287  293  298  301  302  302  302  303  305  309
  316  325  335  343  346  341  329  310  287  262  236  212  190  172  157  144
  133  123  115  107  101   98   97   99  101  103  104  105  107  110  113  116
  117  119  122  125  129  130  129  126  112                                   
    35.0-180.0 180.0   5.0 450.0                            LAT/LON1/LON2/DLON/H
  103  103  101  110  115  120  133  148  166  185  202  217  230  241  251  261
  270  276  281  284  288  292  297  302  305  307  308  308  310  312  318  326
  337  350  364  375  378  372  357  335  308  280  251  224  200  181  165  152
  140  129  119  111  104  101  101  103  105  107  108  108  109  111  114  116
  116  116  117  118  119  119  118  116  103                                   
    32.5-180.0 180.0   5.0 450.0                            LAT/LON1/LON2/DLON/H
   92   91   89   99  104  110  126  145  168  191  212  231  246  259  270  278
  284  289  292  295  298  301  304  307  310  312  314  318  323  331  341  355
  372  391  408  420  422  413  394  368  338  306  274  245  220  201  185  172
  160  148  137  127  120  117  117  119  123  125  125  124  124  125  126  127
  124  122  120  116  113  109  107  105   92                                   
    30.0-180.0 180.0   5.0 450.0                            LAT/LON1/LON2/DLON/H
   87   84   80   90   94  100  118  140  167  194  218  240  258  274  285  293
  298  301  303  305  307  309  310  312  315  320  326  335  346  361  378  399
  423  447  468  479  478  464  440  409  376  341  307  277  252  233  218  206
  195  183  172  161  153  149  149  152  156  159  159  157  155  154  153  151
  146  141  134  125  116  106  102   97   87                                   
    27.5-180.0 180.0   5.0 450.0                            LAT/LON1/LON2/DLON/H
   91   85   80   87   91   95  113  136  165  194  221  245  266  284  297  305
  310  313  315  317  318  318  318  320  324  333  345  362  381  404  430  459
  490  519  540  548  540  520  489  455  419  384  349  319  294  276  264  254
  244  233  221  210  201  196  196  199  204  208  207  205  200  196  193  189
  182  173  161  146  130  113  105   95   91                                   
    25.0-180.0 180.0   5.0 450.0                            LAT/LON1/LON2/DLON/H
  104   95   88   93   95   98  115  138  166  195  222  247  269  288  303  313
  319  323  327  329  329  328  328  331  339  353  374  400  429  461  496  532
  567  597  615  616  600  572  537  500  464  429  395  365  342  325  315  307
  300  290  279  268  258  251  250  254  259  263  263  259  253  246  241  235
  225  213  196  177  154  130  117  100  104                                   
    22.5-180.0 180.0   5.0 450.0                            LAT/LON1/LON2/DLON/H
  122  110  101  104  106  109  125  145  171  197  222  246  268  288  305  317
  326  333  339  342  342  341  341  347  361  384  414  450  489  529  570  610
  645  670  680  671  647  613  576  540  505  472  440  411  388  372  363  357
  352  345  336  324  313  305  302  304  309  314  314  309  302  293  287  280
  269  255  234  212  182  152  132  111  122                                   
    20.0-180.0 180.0   5.0 450.0                            LAT/LON1/LON2/DLON/H
  141  126  116  116  119  124  139  156  179  201  223  244  265  286  304  319
  332  343  351  356  357  357  360  370  392  424  465  510  556  601  642  678
  706  722  721  704  675  638  602  569  538  509  478  449  424  407  398  393
  391  387  379  368  355  344  339  339  344  349  350  346  338  329  321  314
  303  290  267  243  208  173  147  126  141                                   
    17.5-180.0 180.0   5.0 450.0                            LAT/LON1/LON2/DLON/H
  154  139  126  125  131  137  152  168  188  207  226  245  265  285  305  323
  340  354  365  372  375  377  384  402  433  474  524  575  623  664  697  722
  738  742  734  713  682  648  616  587  562  536  506  475  447  427  414  409
  408  407  403  393  379  365  356  353  357  362  364  361  354  345  338  332
  322  310  286  262  225  188  158  138  154                                   
    15.0-180.0 180.0   5.0 450.0                            LAT/LON1/LON2/DLON/H
  158  144  131  129  137  145  163  178  197  215  232  249  269  290  311  331
  351  369  384  393  398  404  417  443  482  532  585  636  677  706  726  736
  740  736  723  702  675  647  621  600  579  555  525  491  457  431  414  406
  406  408  406  398  384  368  355  350  351  356  359  356  349  341  335  329
  321  311  289  265  227  191  162  145  158                                   
    12.5-180.0 180.0   5.0 450.0                            LAT/LON1/LON2/DLON/H
  151  141  128  126  138  148  169  186  206  224  242  261  281  302  324  347
  369  390  406  418  426  437  457  490  536  589  640  682  710  724  729  727
  723  714  701  684  663  643  626  610  593  570  538  499  459  425  403  393
  392  395  397  391  377  360  345  337  336  340  341  338  331  323  316  311
  304  296  275  252  217  184  157  142  151                                   
    10.0-180.0 180.0   5.0 450.0                            LAT/LON1/LON2/DLON/H
  138  130  118  119  133  147  172  192  215  237  258  279  301  324  347  370
  394  416  434  448  460  475  501  540  588  638  681  709  723  724  717  708
  698  688  679  668  656  645  635  625  610  586  550  505  459  419  392  378
  377  381  385  381  369  352  336  326  323  323  322  317  308  298  291  284
  278  271  252  230  199  169  146  132  138                                   
     7.5-180.0 180.0   5.0 450.0                            LAT/LON1/LON2/DLON/H
  122  117  105  108  124  141  171  196  224  252  279  305  330  353  377  400
  424  446  465  481  496  517  547  587  632  674  705  721  723  715  701  688
