data/edconvlstm_nd/pred0470.15i
     1.0            IONOSPHERE MAPS     GNSS                IONEX VERSION / TYPE
pyspatialgeodesy        IME             05-JAN-18 20:20     PGM / RUN BY / DATE 
Map Name                                                    COMMENT             
Predicted global ionosphere maps (GIM).                     DESCRIPTION         
  2015     2    16     0     0     0                        EPOCH OF FIRST MAP  
  2015     2    17     0     0     0                        EPOCH OF LAST MAP   
  7200                                                      INTERVAL            
    13                                                      # OF MAPS IN FILE   
  NONE                                                      MAPPING FUNCTION    
10.0                                                        ELEVATION CUTOFF    
One-way carrier phase leveled to code                       OBSERVABLES USED    
  6371.0                                                    BASE RADIUS         
 2                                                          MAP DIMENSION       
   450.0 450.0   0.0                                        HGT1 / HGT2 / DHGT  
    87.5 -87.5  -2.5                                        LAT1 / LAT2 / DLAT  
  -180.0 180.0   5.0                                        LON1 / LON2 / DLON  
    -1                                                      EXPONENT            
                                                            END OF HEADER       
[from data line 429]
     2                                                      START OF TEC MAP    
  2015     2    16     2     0     0                        EPOCH OF CURRENT MAP
    87.5-180.0 180.0   5.0 450.0                            LAT/LON1/LON2/DLON/H
  125  134  137  134  129  125  120  117  116  113  111  110  108  106  104  102
  101   99   98   97   96   96   95   95   96   96   97   98   99  100  102  104
  106  108  110  112  114  116  117  119  121  122  124  125  127  128  129  130
  130  131  132  132  132  132  132  132  132  131  131  130  130  129  129  130
  131  132  132  132  132  135  140  145  125                                   
    85.0-180.0 180.0   5.0 450.0                            LAT/LON1/LON2/DLON/H
  128  143  132  136  134  131  127  122  120  117  114  112  109  107  104  102
   99   97   95   93   92   90   89   89   89   89   89   90   91   93   95   97
   99  102  105  108  111  115  118  121  124  126  129  131  133  135  137  138
  139  140  141  142  142  143  143  143  143  143  143  143  142  142  142  143
  145  146  145  147  141  144  146  148  128                                   
    82.5-180.0 180.0   5.0 450.0                            LAT/LON1/LON2/DLON/H
  137  143  149  144  137  133  128  124  122  118  115  112  109  106  103   99
   96   93   90   87   85   83   81   79   78   77   77   78   79   81   83   86
   89   93   97  101  106  110  114  118  122  126  129  132  134  137  139  140
  142  143  145  146  147  148  149  150  150  151  152  152  153  153  154  156
  156  157  157  156  159  152  153  151  137                                   
    80.0-180.0 180.0   5.0 450.0                            LAT/LON1/LON2/DLON/H
  155  160  157  151  145  140  137  133  129  124  119  116  112  107  103   98
   94   89   84   80   76   73   70   67   65   64   63   63   64   66   69   72
   76   81   86   91   97  102  107  111  115  119  122  125  127  129  131  132
  134  135  137  139  141  143  145  147  149  152  154  156  158  160  163  166
  168  168  169  169  176  173  178  170  155                                   
    77.5-180.0 180.0   5.0 450.0                            LAT/LON1/LON2/DLON/H
  176  176  174  171  160  155  152  148  143  137  132  127  122  116  110  104
   98   91   85   79   74   69   65   61   59   57   56   56   58   60   63   67
   71   76   82   88   93   99  103  107  111  114  116  117  118  118  119  119
  120  121  123  126  129  132  136  140  144  149  153  158  162  167  172  178
  181  184  185  188  195  194  197  195  176                                   
    75.0-180.0 180.0   5.0 450.0                            LAT/LON1/LON2/DLON/H
  201  203  198  194  183  178  172  166  161  154  148  142  135  127  119  110
  102   94   86   79   73   68   64   61   58   56   55   54   55   57   59   63
   67   72   77   82   87   91   95   98  100  101  102  101  100   99   98   97
   97   98  101  104  109  114  120  127  134  141  148  155  163  170  179  187
  194  200  205  206  214  219  222  221  201                                   
    72.5-180.0 180.0   5.0 450.0                            LAT/LON1/LON2/DLON/H
  225  231  226  217  207  201  195  189  183  175  167  160  151  140  129  118
  107   97   89   82   76   71   68   65   62   61   59   59   59   61   63   66
   70   73   78   81   85   88   90   92   92   92   91   89   86   83   81   79
   79   80   84   89   95  103  111  120  129  139  148  158  168  178  188  200
  209  218  227  231  239  241  245  244  225                                   
    70.0-180.0 180.0   5.0 450.0                            LAT/LON1/LON2/DLON/H
  255  257  249  237  228  221  212  205  199  190  181  172  160  147  133  119
  106   95   86   80   75   72   70   69   67   66   65   64   64   64   66   67
   70   72   75   77   79   80   81   81   81   79   77   74   71   67   64   62
   62   64   69   76   85   95  107  118  130  142  153  165  176  187  199  212
  223  232  243  249  260  262  267  265  255                                   
    67.5-180.0 180.0   5.0 450.0                            LAT/LON1/LON2/DLON/H
  270  272  263  249  241  233  223  216  210  201  191  180  167  150  133  117
  102   91   82   78   75   74   74   73   72   71   69   68   66   66   66   66
   66   67   67   67   67   67   67   66   65   64   61   58   54   50   47   46
   46   50   56   66   78   91  105  120  134  148  161  173  184  195  207  219
  229  239  250  256  268  270  277  278  270                                   
    65.0-180.0 180.0   5.0 450.0                            LAT/LON1/LON2/DLON/H
  277  278  268  254  245  238  227  221  215  207  198  186  171  153  134  116
  101   90   83   80   80   81   82   82   82   80   77   74   71   69   67   65
   64   62   61   59   57   56   55   54   53   52   51   48   44   41   38   37
   38   43   51   63   78   94  111  128  145  160  173  186  197  207  217  227
  235  242  252  256  267  270  280  283  277                                   
    62.5-180.0 180.0   5.0 450.0                            LAT/LON1/LON2/DLON/H
  274  275  268  253  244  236  225  219  215  208  200  189  174  156  136  118
  104   94   89   88   89   92   94   94   92   89   85   81   76   73   69   66
   63   60   56   53   50   48   47   47   47   48   47   45   42   38   35   35
   37   43   53   67   83  102  121  140  157  173  187  199  209  218  227  234
  240  244  251  253  261  264  276  281  274                                   
    60.0-180.0 180.0   5.0 450.0                            LAT/LON1/LON2/DLON/H
  269  270  264  248  240  229  218  212  208  203  196  187  173  156  139  122
  109  101   98   98  100  103  104  103  100   95   90   85   80   76   71   67
   63   59   55   51   48   45   45   45   47   48   49   48   45   42   39   38
   41   48   59   74   92  111  131  151  169  185  198  210  220  228  235  241
  244  246  250  250  255  256  269  276  269                                   
    57.5-180.0 180.0   5.0 450.0                            LAT/LON1/LON2/DLON/H
  268  269  264  248  239  226  213  206  201  195  189  182  171  157  142  128
  118  112  109  109  111  111  111  108  104   98   93   88   83   79   75   70
   66   62   58   54   51   49   49   50   53   55   57   57   55   51   48   47
   50   57   68   84  102  121  141  160  178  193  207  218  228  236  243  249
  252  252  255  253  256  255  266  274  268                                   
    55.0-180.0 180.0   5.0 450.0                            LAT/LON1/LON2/DLON/H
  276  278  272  256  247  232  216  205  197  189  182  175  166  156  145  134
  127  122  119  118  118  116  113  109  104   99   95   91   87   83   80   76
   72   69   65   62   60   58   58   60   63   67   70   70   68   64   60   59
   62   69   80   95  112  131  149  167  183  198  212  224  234  244  252  259
  262  263  266  263  265  262  271  277  276                                   
    52.5-180.0 180.0   5.0 450.0                            LAT/LON1/LON2/DLON/H
  295  298  289  274  267  250  232  215  201  189  179  171  164  156  148  140
  135  130  126  124  121  118  114  109  105  101   98   96   93   91   87   84
   81   79   77   75   74   73   72   74   77   81   84   85   82   79   75   73
   76   83   93  107  123  140  156  172  187  200  213  225  237  248  259  269
  275  279  283  281  282  277  284  287  295                                   
    50.0-180.0 180.0   5.0 450.0                            LAT/LON1/LON2/DLON/H
  322  326  315  303  297  280  259  238  217  198  183  173  165  158  152  146
  140  135  130  125  121  117  114  111  109  107  106  104  103  100   96   93
   91   90   90   90   90   89   88   89   91   95   98   99   97   94   90   89
   91   98  108  121  135  149  163  176  189  201  212  224  237  250  264  277
  287  295  302  301  304  300  304  305  322                                   
    47.5-180.0 180.0   5.0 450.0                            LAT/LON1/LON2/DLON/H
  350  355  345  338  334  318  296  270  243  217  196  182  171  164  158  151
  144  137  130  124  120  118  117  117  117  117  116  115  113  109  104  100
   98   98  100  103  104  104  103  103  104  107  110  111  110  107  105  104
  107  114  124  136  148  160  172  182  192  202  211  222  235  249  265  281
  295  308  318  320  326  324  326  324  350                                   
    45.0-180.0 180.0   5.0 450.0                            LAT/LON1/LON2/DLON/H
  371  379  372  370  369  356  337  308  277  244  217  198  184  174  166  158
  148  138  129  124  122  123  125  128  130  130  129  126  121  114  107  101
   99  101  105  110  114  114  114  113  114  116  119  121  121  119  117  118
  122  129  139  150  162  172  182  191  198  205  213  222  233  247  264  282
  298  314  327  333  341  341  344  340  371                                   
    42.5-180.0 180.0   5.0 450.0                            LAT/LON1/LON2/DLON/H
  379  388  386  389  392  384  369  343  310  274  243  220  203  190  179  167
  154  141  132  128  129  134  140  144  146  144  140  133  124  113  104   98
   96   99  106  113  119  121  121  120  121  123  126  129  129  128  127  129
  133  141  152  163  175  185  194  202  208  213  219  226  235  248  263  281
  298  315  329  338  347  350  353  349  379                                   
    40.0-180.0 180.0   5.0 450.0                            LAT/LON1/LON2/DLON/H
  374  383  383  389  396  394  384  364  334  300  268  243  225  209  195  179
  163  149  141  140  145  153  160  164  162  156  147  135  122  110  100   94
   94   98  106  115  122  125  126  126  127  129  132  135  136  135  134  135
  140  148  160  172  185  197  207  215  221  226  230  235  243  254  267  283
  298  313  327  337  347  351  355  351  374                                   
    37.5-180.0 180.0   5.0 450.0                            LAT/LON1/LON2/DLON/H
  364  369  369  372  382  384  378  365  343  313  285  263  245  229  213  195
  178  164  157  159  167  176  182  181  174  162  148  133  119  108  100   97
   98  104  112  120  127  130  132  132  133  135  138  140  140  139  137  137
  140  149  161  176  192  206  219  228  235  240  244  249  256  266  278  291
  303  314  327  336  346  351  356  351  364                                   
    35.0-180.0 180.0   5.0 450.0                            LAT/LON1/LON2/DLON/H
  360  360  355  351  360  362  358  351  336  314  292  274  260  246  230  212
  195  182  178  182  191  198  199  192  178  162  145  131  121  114  111  111
  114  119  125  131  135  138  139  140  141  142  144  145  143  140  136  133
  136  143  157  174  193  212  227  240  249  255  260  266  274  284  296  308
  318  326  336  343  353  360  367  359  360                                   
    32.5-180.0 180.0   5.0 450.0                            LAT/LON1/LON2/DLON/H
  373  371  359  341  344  340  334  328  319  303  288  276  266  255  242  226
  211  201  199  203  209  211  205  191  174  158  144  135  131  132  134  138
  142  145  147  149  150  150  149  149  149  149  149  148  144  138  131  127
  127  134  148  169  191  214  233  248  260  270  277  285  296  309  324  337
  345  352  360  365  375  386  392  382  373                                   
    30.0-180.0 180.0   5.0 450.0                            LAT/LON1/LON2/DLON/H
  412  411  390  359  350  338  324  315  305  291  279  271  264  257  246  233
  222  215  214  215  215  209  197  181  166  155  149  149  154  162  172  180
  184  184  181  175  170  165  161  159  157  155  152  148  142  134  125  118
  117  124  140  162  188  214  237  256  271  284  295  308  324  342  362  378
  389  396  403  405  417  430  434  422  412                                   
    27.5-180.0 180.0   5.0 450.0                            LAT/LON1/LON2/DLON/H
  481  484  453  410  390  369  346  328  311  293  279  268  261  254  244  234
  225  219  216  213  206  193  179  166  159  159  165  176  191  208  225  238
  241  236  224  209  194  181  172  166  161  157  152  146  138  128  118  111
  109  117  134  160  188  216  242  264  283  301  317  335  357  382  408  430
  446  456  464  464  479  495  495  482  481                                   
    25.0-180.0 180.0   5.0 450.0                            LAT/LON1/LON2/DLON/H
  576  590  550  498  467  437  402  372  344  319  296  279  266  254  242  231
  222  214  207  197  184  170  159  157  162  176  194  217  243  270  294  308
  308  293  269  241  215  194  180  170  162  155  149  141  133  124  114  107
  107  116  136  163  194  224  252  278  301  323  344  367  394  425  457  486
  507  521  531  533  552  575  576  562  576                                   
    22.5-180.0 180.0   5.0 450.0                            LAT/LON1/LON2/DLON/H
  686  718  679  622  578  538  489  443  403  366  334  307  285  266  248  233
  219  206  193  177  162  152  151  161  182  209  241  274  307  339  363  372
  363  336  299  260  225  199  180  167  158  150  143  136  129  121  113  108
  110  122  144  173  206  239  270  298  326  352  378  405  436  470  506  538
  563  581  593  601  623  657  667  654  686                                   
    20.0-180.0 180.0   5.0 450.0                            LAT/LON1/LON2/DLON/H
  793  845  816  763  708  661  600  540  484  434  389  352  320  292  267  245
  226  206  187  168  156  153  164  188  223  262  302  339  371  398  413  411
  390  353  308  263  225  195  175  161  151  143  136  131  125  120  115  112
  117  132  158  190  225  260  293  325  356  386  415  444  476  512  549  581
  607  628  643  658  682  726  752  742  793                                   
    17.5-180.0 180.0   5.0 450.0                            LAT/LON1/LON2/DLON/H
  880  944  930  888  832  783  717  648  581  518  461  412  370  334  301  273
  247  223  199  181  174  181  205  242  288  332  369  397  417  428  429  415
  385  344  297  252  214  186  166  153  144  137  131  127  124  121  118  119
  127  145  175  211  248  285  320  354  387  419  449  478  510  546  582  613
  638  658  676  697  722  770  810  803  880                                   
    15.0-180.0 180.0   5.0 450.0                            LAT/LON1/LON2/DLON/H
  921  988  993  970  924  882  820  749  677  607  542  485  434  390  351  317
  287  259  235  221  222  241  277  324  371  406  427  434  433  426  412  388
  354  313  269  230  198  174  158  148  141  134  129  126  124  122  121  124
  135  158  191  230  270  308  343  378  412  444  475  504  534  568  602  631
  654  672  691  716  740  783  828  827  921                                   
    12.5-180.0 180.0   5.0 450.0                            LAT/LON1/LON2/DLON/H
  912  974  996  994  965  937  886  824  757  688  621  561  506  457  413  375
  342  314  293  287  299  331  376  422  456  470  464  444  420  395  370  341
  306  269  234  205  182  166  155  149  144  138  133  129  126  124  124  128
  141  166  203  244  285  323  359  393  426  458  488  517  546  578  609  636
  657  673  692  718  739  774  812  818  912                                   
    10.0-180.0 180.0   5.0 450.0                            LAT/LON1/LON2/DLON/H
  874  927  957  969  957  941  906  859  804  745  686  630  577  527  482  442
  409  383  368  371  396  437  482  516  526  509  472  426  382  346  317  288
  258  229  205  186  173  164  159  157  154  149  143  136  131  127  125  129
  143  170  208  251  292  331  366  400  433  464  492  519  547  578  608  633
  652  666  684  709  726  752  779  790  874                                   
     7.5-180.0 180.0   5.0 450.0                            LAT/LON1/LON2/DLON/H
  827  868  898  913  913  909  887  856  817  773  728  683  638  593  549  511
  479  456  449  461  494  538  574  586  566  517  451  385  333  297  270  247
