data/edconvlstm_nd/pred3010.15i
     1.0            IONOSPHERE MAPS     GNSS                IONEX VERSION / TYPE
pyspatialgeodesy        IME             05-JAN-18 20:20     PGM / RUN BY / DATE 
Map Name                                                    COMMENT             
Predicted global ionosphere maps (GIM).                     DESCRIPTION         
  2015    10    28     0     0     0                        EPOCH OF FIRST MAP  
  2015    10    29     0     0     0                        EPOCH OF LAST MAP   
  7200                                                      INTERVAL            
    13                                                      # OF MAPS IN FILE   
  NONE                                                      MAPPING FUNCTION    
10.0                                                        ELEVATION CUTOFF    
One-way carrier phase leveled to code                       OBSERVABLES USED    
  6371.0                                                    BASE RADIUS         
 2                                                          MAP DIMENSION       
   450.0 450.0   0.0                                        HGT1 / HGT2 / DHGT  
    87.5 -87.5  -2.5                                        LAT1 / LAT2 / DLAT  
  -180.0 180.0   5.0                                        LON1 / LON2 / DLON  
    -1                                                      EXPONENT            
                                                            END OF HEADER       
[from data line 3003]
     8                                                      START OF TEC MAP    
  2015    10    28    14     0     0                        EPOCH OF CURRENT MAP
    87.5-180.0 180.0   5.0 450.0                            LAT/LON1/LON2/DLON/H
   91  104  109  116  121  121  122  120  121  124  124  125  125  125  125  125
  125  124  124  123  122  121  119  118  116  115  113  111  108  106  104  101
   98   96   93   90   88   85   83   81   79   77   76   75   74   74   74   74
   75   75   76   77   78   80   81   83   84   86   87   89   90   92   94   95
   98  100   99   97  103  104  115  110   91                                   
    85.0-180.0 180.0   5.0 450.0                            LAT/LON1/LON2/DLON/H
   99  115  131  120  121  127  128  130  131  133  133  134  134  134  134  134
  134  133  133  132  131  130  129  128  127  125  123  121  119  116  113  110
  107  103  100   96   93   90   86   84   81   79   77   76   75   75   75   75
   76   77   78   79   81   82   84   86   88   90   92   94   96   98  100  102
  105  107  104  102  105  110  115  113   99                                   
    82.5-180.0 180.0   5.0 450.0                            LAT/LON1/LON2/DLON/H
   89  109  118  112  114  119  122  124  125  127  128  129  129  129  129  129
  129  128  128  128  127  127  126  126  125  124  122  120  118  115  112  108
  104  100   95   91   86   82   77   73   70   67   64   63   62   61   61   61
   62   64   65   67   69   71   74   76   78   81   83   85   87   89   91   93
   96   97   96   94   98  112  108  105   89                                   
    80.0-180.0 180.0   5.0 450.0                            LAT/LON1/LON2/DLON/H
   78   93  102   98  100  103  106  108  111  112  113  114  114  115  115  115
  115  115  115  116  116  117  117  118  118  118  118  117  115  112  109  105
  101   96   90   85   79   74   68   63   59   55   51   49   48   47   47   47
   49   50   53   55   58   61   63   66   69   72   74   76   77   79   80   82
   83   85   85   84   85   97   98   98   78                                   
    77.5-180.0 180.0   5.0 450.0                            LAT/LON1/LON2/DLON/H
   76   86   87   84   85   89   92   94   96   97   98   99  100  100  100  101
  101  102  104  105  107  110  112  115  117  119  120  120  120  118  116  112
  107  102   96   90   83   76   69   63   57   52   47   44   41   40   40   40
   42   44   46   49   52   55   59   62   64   67   68   70   71   71   72   72
   73   73   73   74   75   80   83   86   76                                   
    75.0-180.0 180.0   5.0 450.0                            LAT/LON1/LON2/DLON/H
   59   70   70   70   71   75   75   77   79   81   82   83   83   84   85   86
   87   89   92   95   99  104  109  114  119  123  126  128  130  129  128  125
  121  116  110  104   96   89   81   74   67   61   55   51   48   46   44   44
   45   46   48   50   52   55   57   60   62   64   65   66   66   65   65   64
   63   63   64   62   65   67   70   65   59                                   
    72.5-180.0 180.0   5.0 450.0                            LAT/LON1/LON2/DLON/H
   53   63   61   62   61   65   66   67   69   70   71   72   73   74   75   77
   79   82   86   91   98  105  112  120  127  133  138  142  145  146  145  143
  140  136  130  124  117  109  101   92   84   77   71   65   61   58   56   55
   54   54   54   54   54   55   57   58   60   61   62   63   62   62   60   59
   57   56   57   55   58   60   63   63   53                                   
    70.0-180.0 180.0   5.0 450.0                            LAT/LON1/LON2/DLON/H
   47   56   56   56   55   56   56   58   60   62   63   65   66   67   69   71
   74   78   84   92  100  110  120  130  140  148  155  160  163  165  165  164
  162  158  153  147  140  133  124  115  107   99   91   85   80   75   72   68
   65   62   60   57   55   54   54   54   55   56   57   58   58   57   56   55
   53   51   52   50   53   55   61   61   47                                   
    67.5-180.0 180.0   5.0 450.0                            LAT/LON1/LON2/DLON/H
   46   54   53   53   52   53   53   55   57   59   61   63   64   66   68   70
   74   80   87   97  108  119  132  143  154  163  171  176  179  181  181  180
  178  175  171  165  159  152  143  134  125  117  109  102   96   90   85   79
   74   68   63   57   53   50   48   48   48   50   51   53   54   54   53   53
   51   49   50   47   50   52   56   55   46                                   
    65.0-180.0 180.0   5.0 450.0                            LAT/LON1/LON2/DLON/H
   42   50   47   49   47   47   47   49   51   54   57   59   61   63   65   69
   74   80   89  101  113  127  141  154  166  175  183  188  192  193  194  193
  191  189  185  180  175  168  160  151  142  133  125  117  109  102   94   87
   78   70   61   53   46   42   39   38   38   40   42   45   47   48   48   48
   47   46   47   45   49   51   55   55   42                                   
    62.5-180.0 180.0   5.0 450.0                            LAT/LON1/LON2/DLON/H
   40   46   42   44   42   42   42   44   47   50   53   56   59   61   64   68
   74   82   92  104  118  132  147  160  172  182  189  194  198  199  200  199
  198  195  192  188  183  177  170  161  152  143  134  125  116  108   99   89
   78   67   56   46   38   32   29   28   29   32   35   38   40   42   43   44
   43   42   43   42   45   47   50   50   40                                   
    60.0-180.0 180.0   5.0 450.0                            LAT/LON1/LON2/DLON/H
   37   41   37   40   37   36   36   38   41   44   47   50   53   57   61   66
   72   81   91  104  118  133  147  161  172  182  189  195  198  201  202  202
  201  199  196  192  188  182  176  168  159  150  140  130  120  110   99   88
   75   63   51   40   32   26   23   23   24   27   29   33   35   38   39   40
   40   39   40   39   42   44   45   46   37                                   
    57.5-180.0 180.0   5.0 450.0                            LAT/LON1/LON2/DLON/H
   36   38   34   37   34   33   33   35   37   40   43   46   49   53   58   65
   72   81   92  104  118  132  146  158  170  179  187  193  197  201  203  204
  204  203  201  198  194  189  183  176  168  159  149  138  127  116  104   91
   78   65   53   42   35   30   27   27   28   30   32   34   37   38   40   41
   40   39   40   39   42   42   42   44   36                                   
    55.0-180.0 180.0   5.0 450.0                            LAT/LON1/LON2/DLON/H
   40   40   36   38   35   34   33   35   37   39   40   43   46   51   57   65
   74   84   95  106  119  131  144  155  165  175  183  190  196  201  205  208
  209  209  207  205  202  198  193  188  180  171  161  149  137  124  111   98
   85   72   61   52   46   42   40   40   40   41   42   43   44   44   45   45
   45   44   44   43   46   45   44   45   40                                   
    52.5-180.0 180.0   5.0 450.0                            LAT/LON1/LON2/DLON/H
   48   47   43   44   42   41   39   39   40   41   41   43   46   52   60   69
   79   90  100  111  122  133  143  153  162  171  180  188  196  203  209  214
  216  216  216  214  212  210  207  202  196  187  176  164  151  137  123  110
   97   86   76   69   64   62   61   61   60   60   59   58   57   56   56   55
   54   53   54   53   55   54   53   51   48                                   
    50.0-180.0 180.0   5.0 450.0                            LAT/LON1/LON2/DLON/H
   61   59   55   56   54   53   51   50   49   47   46   47   50   57   66   77
   89  100  110  120  130  139  147  155  163  171  180  189  198  207  215  220
  224  225  225  225  224  223  222  219  214  206  195  181  167  152  138  124
  112  102   94   89   85   84   83   83   83   81   79   76   74   72   71   70
   68   68   68   68   70   69   68   63   61                                   
    47.5-180.0 180.0   5.0 450.0                            LAT/LON1/LON2/DLON/H
   76   75   71   72   70   70   66   64   61   58   55   55   58   65   76   89
  102  113  124  133  142  149  156  161  168  175  183  192  202  211  219  226
  230  233  234  235  236  237  238  236  232  224  212  197  182  166  151  137
  126  117  110  105  102  101  100  100  100   98   95   92   89   87   86   85
   83   83   83   84   87   87   86   79   76                                   
    45.0-180.0 180.0   5.0 450.0                            LAT/LON1/LON2/DLON/H
   90   90   86   88   86   86   82   79   75   72   68   66   69   77   89  103
  117  129  139  148  156  162  167  171  176  181  189  197  206  214  222  228
  233  237  241  244  247  250  251  251  247  238  226  210  193  176  160  145
  134  124  117  112  109  107  107  107  107  106  104  102  100   98   97   97
   96   96   97   97  102  103  103   95   90                                   
    42.5-180.0 180.0   5.0 450.0                            LAT/LON1/LON2/DLON/H
   97  100   97   99   98   98   94   92   88   84   80   79   82   91  103  118
  131  143  154  163  170  176  180  182  185  190  195  202  208  214  220  226
  232  239  245  250  256  261  263  263  259  250  236  219  200  181  163  147
  134  124  116  110  106  102  101  102  103  103  104  103  103  103  103  103
  103  103  104  105  111  113  113  106   97                                   
    40.0-180.0 180.0   5.0 450.0                            LAT/LON1/LON2/DLON/H
   97  102   99  103  103  104  101   99   96   94   90   90   94  103  116  131
  144  156  166  175  183  188  191  193  195  197  201  205  209  212  217  223
  230  239  249  258  266  272  276  275  269  259  243  225  205  184  164  146
  132  120  111  104   97   92   90   91   93   96   98   99  100  102  102  103
  103  103  105  106  111  114  114  108   97                                   
    37.5-180.0 180.0   5.0 450.0                            LAT/LON1/LON2/DLON/H
   89   95   93   99  100  101   99   99   98   98   97   98  104  114  127  141
  153  165  175  184  193  198  201  202  202  203  205  207  208  210  214  221
  231  244  257  270  281  288  291  290  282  270  253  233  212  189  168  149
  132  120  110  101   93   87   83   84   87   90   94   96   97   98   99  100
   99   98   99   99  103  105  105  101   89                                   
    35.0-180.0 180.0   5.0 450.0                            LAT/LON1/LON2/DLON/H
   78   83   83   88   90   91   91   92   94   96   98  103  110  122  135  149
  161  171  182  192  200  206  208  208  208  208  209  210  210  211  216  225
  239  257  275  291  304  312  314  311  302  288  270  249  227  204  181  161
  145  132  122  113  105   97   92   91   93   97   99  100  100   99   98   97
   95   93   92   91   92   92   91   89   78                                   
    32.5-180.0 180.0   5.0 450.0                            LAT/LON1/LON2/DLON/H
   67   72   72   76   78   77   79   82   86   91   96  103  114  127  142  155
  167  178  188  199  208  213  214  213  212  212  214  215  216  219  226  240
  259  281  304  323  338  346  347  342  331  316  297  277  254  232  210  190
  174  163  155  147  138  129  122  120  120  121  121  118  114  109  105  102
   97   93   90   85   84   81   79   79   67                                   
    30.0-180.0 180.0   5.0 450.0                            LAT/LON1/LON2/DLON/H
   62   65   64   66   67   65   67   70   76   83   91  101  115  130  147  161
  174  185  196  207  216  220  220  218  217  218  220  224  228  235  248  266
  291  319  345  367  381  389  389  383  371  356  337  317  296  275  254  236
  222  213  208  202  195  186  178  172  169  166  161  152  142  132  125  118
  110  104   97   88   85   78   75   74   62                                   
    27.5-180.0 180.0   5.0 450.0                            LAT/LON1/LON2/DLON/H
   63   66   62   62   61   58   59   61   68   75   85   97  114  132  151  167
  181  194  206  217  225  228  226  224  223  226  231  239  249  262  280  305
  335  367  396  418  432  438  437  430  419  404  387  368  349  330  312  296
  284  279  277  275  270  262  253  244  237  228  217  202  185  169  157  147
  136  127  117  105   98   87   82   77   63                                   
    25.0-180.0 180.0   5.0 450.0                            LAT/LON1/LON2/DLON/H
   73   74   66   63   61   56   57   58   62   70   79   93  112  132  153  172
  189  204  217  228  235  237  235  232  232  237  247  260  277  297  323  354
  388  421  450  470  482  486  485  479  469  456  441  425  409  392  376  362
  353  350  352  354  351  344  333  322  311  297  280  259  236  215  199  186
  174  164  150  135  124  107  100   89   73                                   
    22.5-180.0 180.0   5.0 450.0                            LAT/LON1/LON2/DLON/H
   90   87   74   69   65   60   60   59   62   67   76   90  109  132  155  177
  196  214  228  240  246  247  245  243  246  254  268  287  310  338  371  406
  442  474  499  515  523  525  524  519  513  503  492  479  465  451  437  424
  416  414  417  420  419  411  399  386  372  356  336  311  286  262  244  230
  218  208  190  175  158  137  126  110   90                                   
    20.0-180.0 180.0   5.0 450.0                            LAT/LON1/LON2/DLON/H
  109  103   84   77   70   65   65   63   64   68   76   89  108  131  157  181
  203  222  238  250  256  257  256  257  263  275  294  318  348  381  418  455
  489  515  534  545  549  549  549  547  545  540  532  522  511  498  485  472
  462  457  457  457  453  444  430  417  403  388  370  347  323  301  283  270
  259  251  233  217  196  170  156  135  109                                   
    17.5-180.0 180.0   5.0 450.0                            LAT/LON1/LON2/DLON/H
  127  118   93   83   74   69   70   67   68   71   77   89  108  131  158  184
  208  230  247  259  265  268  269  274  284  301  324  352  385  422  459  493
  521  541  552  556  557  557  559  561  563  562  558  550  539  527  513  497
  483  471  463  456  446  434  419  406  396  386  374  359  341  323  309  298
  290  285  267  252  227  199  184  159  127                                   
    15.0-180.0 180.0   5.0 450.0                            LAT/LON1/LON2/DLON/H
  139  128  100   87   76   71   73   70   70   73   79   91  109  133  159  187
  213  236  254  267  274  279  284  294  309  330  356  386  420  456  489  518
  538  549  552  552  552  553  558  564  570  572  569  562  551  538  521  501
  479  458  440  423  407  390  376  365  360  357  354  348  338  327  317  310
  304  301  287  273  247  218  202  175  139                                   
    12.5-180.0 180.0   5.0 450.0                            LAT/LON1/LON2/DLON/H
  144  132  102   88   76   71   73   70   71   74   81   93  111  135  162  191
  218  242  261  274  283  291  301  317  337  362  390  420  451  482  509  529
  540  544  543  542  542  546  554  563  571  574  572  563  551  536  516  491
  461  430  401  375  352  333  318  310  310  315  320  323  321  316  310  305
  301  300  289  275  251  223  207  180  144                                   
    10.0-180.0 180.0   5.0 450.0                            LAT/LON1/LON2/DLON/H
  144  130  101   88   76   69   71   69   70   74   82   96  115  139  167  196
  224  249  269  283  294  305  321  342  367  395  423  451  477  500  519  531
  536  535  533  533  536  543  554  566  574  577  572  562  548  530  507  477
  440  400  362  329  302  280  266  261  265  276  288  297  301  299  295  291
  287  286  277  264  243  216  200  175  144                                   
     7.5-180.0 180.0   5.0 450.0                            LAT/LON1/LON2/DLON/H
  142  128  101   89   78   69   70   68   69   74   83   98  119  144  173  203
  232  257  278  294  307  323  343  369  398  427  454  478  498  513  524  530
