data/edconvlstm_nd/pred0550.15i
     1.0            IONOSPHERE MAPS     GNSS                IONEX VERSION / TYPE
pyspatialgeodesy        IME             05-JAN-18 20:20     PGM / RUN BY / DATE 
Map Name                                                    COMMENT             
Predicted global ionosphere maps (GIM).                     DESCRIPTION         
  2015     2    24     0     0     0                        EPOCH OF FIRST MAP  
  2015     2    25     0     0     0                        EPOCH OF LAST MAP   
  7200                                                      INTERVAL            
    13                                                      # OF MAPS IN FILE   
  NONE                                                      MAPPING FUNCTION    
10.0                                                        ELEVATION CUTOFF    
One-way carrier phase leveled to code                       OBSERVABLES USED    
  6371.0                                                    BASE RADIUS         
 2                                                          MAP DIMENSION       
   450.0 450.0   0.0                                        HGT1 / HGT2 / DHGT  
    87.5 -87.5  -2.5                                        LAT1 / LAT2 / DLAT  
  -180.0 180.0   5.0                                        LON1 / LON2 / DLON  
    -1                                                      EXPONENT            
                                                            END OF HEADER       
[from data line 3432]
     9                                                      START OF TEC MAP    
  2015     2    24    16     0     0                        EPOCH OF CURRENT MAP
    87.5-180.0 180.0   5.0 450.0                            LAT/LON1/LON2/DLON/H
  138  144  140  149  153  153  154  153  155  157  157  159  160  161  162  164
  165  165  166  166  167  167  166  166  165  164  163  162  160  158  156  154
  152  150  148  146  144  142  140  138  136  135  133  132  131  131  130  130
  130  130  130  131  131  132  132  133  133  134  135  135  136  137  137  138
  139  140  139  138  145  143  151  144  138                                   
    85.0-180.0 180.0   5.0 450.0                            LAT/LON1/LON2/DLON/H
  133  137  148  141  142  148  150  153  155  158  158  160  162  163  165  167
  168  170  171  171  172  172  172  171  171  169  168  166  164  162  160  158
  155  152  150  147  144  141  139  136  134  132  130  129  128  127  127  126
  126  126  127  127  128  129  129  130  131  131  132  132  133  133  133  134
  135  136  134  131  132  131  134  136  133                                   
    82.5-180.0 180.0   5.0 450.0                            LAT/LON1/LON2/DLON/H
  108  115  119  117  120  125  130  133  135  138  140  143  146  148  151  154
  157  159  161  163  165  166  166  166  165  164  162  161  158  156  153  150
  146  143  139  136  132  129  125  122  119  116  114  112  110  109  109  108
  109  109  110  111  111  112  113  113  114  114  114  113  113  113  112  112
  112  113  110  111  110  117  110  110  108                                   
    80.0-180.0 180.0   5.0 450.0                            LAT/LON1/LON2/DLON/H
   85   87   95   95   97   98  105  111  115  118  121  125  129  133  137  142
  146  150  153  156  158  159  159  159  158  156  153  150  147  143  139  135
  131  126  122  117  113  108  104  100   96   93   90   88   87   86   86   87
   88   90   92   94   96   97   98   99   99   99   98   97   96   94   93   92
   91   91   89   90   86   87   84   88   85                                   
    77.5-180.0 180.0   5.0 450.0                            LAT/LON1/LON2/DLON/H
   74   71   76   77   79   81   86   91   94   97  101  106  110  116  121  127
  134  139  145  149  152  155  156  156  154  152  149  146  142  138  134  129
  125  120  116  111  106  101   95   90   86   81   78   76   74   74   74   76
   78   81   84   87   90   92   93   94   94   92   91   88   85   82   80   77
   75   73   72   74   73   69   68   74   74                                   
    75.0-180.0 180.0   5.0 450.0                            LAT/LON1/LON2/DLON/H
   66   66   68   70   72   75   77   80   84   88   91   96  101  108  116  124
  132  140  147  153  158  161  162  162  160  157  153  148  143  138  133  129
  124  120  115  110  105   99   93   88   83   78   74   72   71   71   72   74
   78   82   86   89   93   95   97   97   97   95   92   89   85   81   77   74
   70   68   67   66   66   62   60   56   66                                   
    72.5-180.0 180.0   5.0 450.0                            LAT/LON1/LON2/DLON/H
   69   69   69   74   74   77   79   80   82   85   88   93   99  108  117  127
  137  148  157  165  172  176  178  177  175  170  165  158  152  146  141  136
  132  128  123  119  114  108  102   96   90   85   80   77   75   75   76   79
   82   87   91   95   98  101  102  102  101   98   95   91   87   82   78   74
   70   68   67   65   66   63   63   63   69                                   
    70.0-180.0 180.0   5.0 450.0                            LAT/LON1/LON2/DLON/H
   80   80   81   84   85   87   86   87   88   90   93   98  105  114  125  137
  150  162  174  184  192  197  200  199  196  191  184  176  168  160  154  149
  144  141  137  132  127  121  115  108  101   95   90   86   83   82   83   85
   88   91   95   98  101  102  103  102  101   98   95   91   87   83   80   76
   73   71   71   70   72   70   73   71   80                                   
    67.5-180.0 180.0   5.0 450.0                            LAT/LON1/LON2/DLON/H
   91   93   95  100  101  104  103  103  103  104  107  113  120  131  143  157
  171  185  198  210  219  225  228  227  223  217  208  199  190  181  174  168
  164  160  156  151  146  140  133  125  118  111  104   99   95   92   91   91
   92   94   95   97   98   99   99   99   97   96   94   91   88   86   83   81
   79   78   78   77   79   80   81   79   91                                   
    65.0-180.0 180.0   5.0 450.0                            LAT/LON1/LON2/DLON/H
   97  100  102  108  110  114  113  113  113  115  119  125  133  145  158  172
  187  202  216  229  239  245  249  249  245  239  230  221  211  202  195  189
  185  181  176  171  165  158  150  142  134  126  118  111  105   99   95   92
   90   88   87   86   86   85   85   85   84   84   83   82   81   80   79   78
   77   78   80   80   83   86   87   87   97                                   
    62.5-180.0 180.0   5.0 450.0                            LAT/LON1/LON2/DLON/H
   94   99  100  107  111  116  116  118  119  123  127  135  145  157  170  185
  200  215  229  241  251  258  261  262  259  254  246  238  230  222  216  211
  207  202  196  190  182  174  165  157  148  139  130  121  112  103   95   88
   82   77   73   70   68   67   67   67   68   69   70   71   72   72   72   72
   72   73   76   76   80   82   84   85   94                                   
    60.0-180.0 180.0   5.0 450.0                            LAT/LON1/LON2/DLON/H
   84   88   89   97  100  105  108  112  116  122  129  139  150  163  177  192
  206  220  232  243  252  258  263  264  263  260  256  250  245  241  237  234
  229  224  217  209  199  189  180  170  161  151  141  130  118  106   95   84
   74   66   60   55   52   51   51   52   55   58   60   62   64   64   65   65
   65   66   68   69   72   74   75   78   84                                   
    57.5-180.0 180.0   5.0 450.0                            LAT/LON1/LON2/DLON/H
   71   74   74   81   84   89   93   99  106  115  126  137  150  164  179  193
  207  220  231  239  246  252  256  259  260  260  260  259  259  259  259  257
  254  248  239  229  217  206  195  185  175  165  154  141  127  112   97   83
   71   61   53   48   44   43   44   47   50   54   58   61   62   63   63   62
   61   62   63   63   66   65   65   69   71                                   
    55.0-180.0 180.0   5.0 450.0                            LAT/LON1/LON2/DLON/H
   61   63   61   67   68   72   77   85   94  106  119  133  147  162  177  192
  206  218  228  234  239  243  247  250  254  258  262  267  272  276  280  281
  278  272  261  249  235  223  211  201  191  181  169  155  139  122  105   89
   76   65   57   51   48   48   49   53   57   61   65   68   69   69   68   67
   64   64   64   63   64   61   60   63   61                                   
    52.5-180.0 180.0   5.0 450.0                            LAT/LON1/LON2/DLON/H
   58   58   55   58   58   61   66   74   85   99  114  129  144  160  176  192
  207  219  228  233  236  238  241  245  250  257  266  275  284  293  300  303
  301  293  282  268  253  240  228  218  208  198  186  171  154  136  119  102
   89   78   71   67   65   65   67   70   74   78   81   84   85   84   82   79
   75   74   73   71   71   66   62   63   58                                   
    50.0-180.0 180.0   5.0 450.0                            LAT/LON1/LON2/DLON/H
   65   63   58   59   57   59   63   71   83   99  114  130  145  161  178  196
  212  226  235  239  241  241  242  246  253  263  274  286  299  309  317  321
  318  311  299  284  270  256  245  235  225  215  203  188  171  153  136  121
  109  100   95   91   90   90   92   94   97  100  103  104  105  103  101   97
   93   90   89   87   86   80   74   71   65                                   
    47.5-180.0 180.0   5.0 450.0                            LAT/LON1/LON2/DLON/H
   80   76   70   69   66   66   69   77   90  106  122  137  151  167  185  204
  224  240  250  254  255  253  254  257  265  275  288  301  313  323  330  332
  329  321  309  296  283  271  260  250  240  229  217  202  186  170  154  141
  131  124  120  118  117  116  116  117  118  120  122  123  123  122  120  117
  112  110  108  107  106   99   93   87   80                                   
    45.0-180.0 180.0   5.0 450.0                            LAT/LON1/LON2/DLON/H
  100   95   88   85   81   80   83   90  104  120  136  150  164  179  197  219
  240  258  270  276  276  274  274  277  284  294  306  317  327  333  336  335
  331  323  314  303  293  283  273  263  252  240  227  213  198  183  169  158
  150  144  141  138  136  133  132  130  130  130  132  133  134  135  134  133
  129  128  126  126  126  120  114  107  100                                   
    42.5-180.0 180.0   5.0 450.0                            LAT/LON1/LON2/DLON/H
  116  111  104  103   99   97  100  108  122  139  154  168  181  196  214  237
  260  279  293  299  300  299  299  301  308  317  326  333  338  339  337  333
  329  323  317  311  304  296  286  275  262  248  234  219  205  191  178  168
  160  155  151  146  142  137  133  130  128  128  129  132  135  138  140  140
  138  138  137  138  139  135  130  124  116                                   
    40.0-180.0 180.0   5.0 450.0                            LAT/LON1/LON2/DLON/H
  124  119  114  115  112  111  114  123  138  156  173  188  201  215  234  256
  279  300  314  321  323  323  323  326  331  338  344  347  346  342  337  332
  329  327  326  324  321  315  305  291  275  258  241  225  210  196  183  173
  164  157  151  144  137  129  123  119  116  116  118  121  126  131  135  138
  138  139  140  140  141  138  135  131  124                                   
    37.5-180.0 180.0   5.0 450.0                            LAT/LON1/LON2/DLON/H
  119  115  113  116  116  116  121  132  148  169  188  205  220  235  254  275
  297  316  330  338  341  342  343  346  350  355  358  357  353  348  343  341
  342  345  349  352  351  344  332  314  294  273  253  235  218  203  189  176
  166  157  148  139  129  120  112  106  104  103  105  109  114  120  126  130
  131  133  134  133  132  130  127  126  119                                   
    35.0-180.0 180.0   5.0 450.0                            LAT/LON1/LON2/DLON/H
  106  103  102  108  111  111  119  131  151  174  197  217  236  253  272  291
  311  328  341  349  353  355  357  360  363  367  369  368  365  362  362  366
  374  384  393  398  397  388  371  349  323  297  274  253  234  217  200  185
  173  163  153  142  130  119  109  103  100   99  101  104  108  114  119  123
  124  125  126  123  120  116  113  113  106                                   
    32.5-180.0 180.0   5.0 450.0                            LAT/LON1/LON2/DLON/H
   91   88   87   95   98   99  110  124  145  172  199  225  247  268  286  304
  321  336  347  355  360  363  366  369  372  376  379  381  383  387  396  410
  427  445  458  464  461  447  424  395  364  334  307  283  261  241  222  206
  193  183  173  161  149  136  126  118  115  113  113  114  117  119  123  126
  125  126  124  118  112  103  100   99   91                                   
    30.0-180.0 180.0   5.0 450.0                            LAT/LON1/LON2/DLON/H
   81   78   76   83   87   87   99  113  137  166  198  229  255  278  298  314
  328  341  351  359  365  369  372  375  379  384  390  399  410  425  447  473
  502  527  544  548  538  516  486  451  415  381  351  324  299  276  257  241
  230  222  215  205  192  179  167  158  152  149  146  145  143  142  142  142
  140  139  134  124  114  101   93   91   81                                   
    27.5-180.0 180.0   5.0 450.0                            LAT/LON1/LON2/DLON/H
   83   79   73   79   82   81   93  107  131  162  196  230  261  286  306  321
  334  345  355  364  372  377  379  382  385  392  404  421  444  474  511  552
  592  625  641  639  619  588  550  510  471  435  403  374  347  322  303  290
  284  282  280  274  264  250  235  223  213  206  200  193  187  181  177  173
  168  166  158  145  130  111   97   89   83                                   
    25.0-180.0 180.0   5.0 450.0                            LAT/LON1/LON2/DLON/H
   98   92   83   88   88   86   96  108  132  162  197  233  265  291  311  326
  339  350  361  372  381  386  388  389  393  403  420  447  484  529  582  638
  688  723  734  721  690  649  605  563  525  491  458  428  399  374  356  348
  350  357  364  365  357  343  325  307  292  278  266  254  242  230  221  212
  205  201  190  176  157  131  111   96   98                                   
    22.5-180.0 180.0   5.0 450.0                            LAT/LON1/LON2/DLON/H
  124  117  103  108  106  103  112  121  142  171  204  239  270  295  315  331
  344  357  370  383  393  398  399  399  403  416  440  478  528  588  653  718
  771  801  801  775  733  686  641  603  570  539  510  479  450  425  409  407
  417  434  451  460  456  440  417  392  368  348  330  313  297  280  266  253
  243  238  224  212  189  157  133  112  124                                   
    20.0-180.0 180.0   5.0 450.0                            LAT/LON1/LON2/DLON/H
  155  146  131  135  133  130  137  145  163  189  218  249  277  301  321  337
  352  367  383  397  408  413  413  412  417  434  466  513  572  641  712  777
  823  842  829  791  743  695  655  625  600  577  551  522  491  466  452  454
  471  496  521  535  533  514  486  453  422  395  373  355  337  319  303  288
  275  269  254  243  218  182  158  134  155                                   
    17.5-180.0 180.0   5.0 450.0                            LAT/LON1/LON2/DLON/H
  181  171  157  162  161  159  166  174  190  213  238  264  289  311  330  347
  363  381  399  415  425  429  428  427  435  457  495  548  613  682  748  803
  836  840  816  772  724  681  651  632  618  603  581  552  520  493  478  482
  501  529  557  572  569  548  516  478  443  412  388  369  353  337  323  307
  294  288  273  263  237  201  177  154  181                                   
    15.0-180.0 180.0   5.0 450.0                            LAT/LON1/LON2/DLON/H
  193  183  172  179  181  182  191  201  218  239  261  284  304  324  343  361
  380  400  419  434  443  445  444  445  457  484  527  582  644  705  758  797
  814  806  776  733  690  658  639  631  627  619  601  572  537  506  488  488
  503  529  552  565  561  540  508  471  435  403  379  361  348  335  323  308
  296  290  276  266  242  209  185  164  193                                   
    12.5-180.0 180.0   5.0 450.0                            LAT/LON1/LON2/DLON/H
  189  179  173  180  185  190  204  218  239  262  284  304  323  342  361  381
  402  422  441  454  461  462  461  466  482  513  558  611  665  711  747  769
  773  758  728  692  660  639  631  632  634  630  613  583  544  508  485  477
  485  501  518  526  521  504  477  444  411  382  358  341  330  319  308  295
  282  275  262  252  232  204  179  163  189                                   
    10.0-180.0 180.0   5.0 450.0                            LAT/LON1/LON2/DLON/H
  172  163  160  167  172  181  200  221  249  277  301  322  341  361  382  404
  426  447  464  475  480  480  481  489  509  544  588  635  676  707  727  735
  731  715  691  664  644  634  635  641  646  641  623  590  547  506  475  458
  455  461  470  474  470  458  439  415  388  361  338  321  309  299  288  273
  259  250  239  228  212  189  164  151  172                                   
     7.5-180.0 180.0   5.0 450.0                            LAT/LON1/LON2/DLON/H
  150  143  140  145  150  160  183  211  246  281  311  336  358  380  403  427
  450  470  485  495  498  498  502  514  539  575  616  654  682  699  707  708
