data/edconvlstm_nd/pred0610.15i
     1.0            IONOSPHERE MAPS     GNSS                IONEX VERSION / TYPE
pyspatialgeodesy        IME             05-JAN-18 20:20     PGM / RUN BY / DATE 
Map Name                                                    COMMENT             
Predicted global ionosphere maps (GIM).                     DESCRIPTION         
  2015     3     2     0     0     0                        EPOCH OF FIRST MAP  
  2015     3     3     0     0     0                        EPOCH OF LAST MAP   
  7200                                                      INTERVAL            
    13                                                      # OF MAPS IN FILE   
  NONE                                                      MAPPING FUNCTION    
10.0                                                        ELEVATION CUTOFF    
One-way carrier phase leveled to code                       OBSERVABLES USED    
  6371.0                                                    BASE RADIUS         
 2                                                          MAP DIMENSION       
   450.0 450.0   0.0                                        HGT1 / HGT2 / DHGT  
    87.5 -87.5  -2.5                                        LAT1 / LAT2 / DLAT  
  -180.0 180.0   5.0                                        LON1 / LON2 / DLON  
    -1                                                      EXPONENT            
                                                            END OF HEADER       
[from data line 4719]
    12                                                      START OF TEC MAP    
  2015     3     2    22     0     0                        EPOCH OF CURRENT MAP
    87.5-180.0 180.0   5.0 450.0                            LAT/LON1/LON2/DLON/H
  159  146  129  137  140  139  139  139  139  142  142  144  145  147  148  149
  149  150  150  149  149  148  146  145  143  141  138  136  133  131  128  125
  123  120  118  116  114  113  112  111  110  110  110  111  111  112  113  115
  116  118  120  121  123  125  126  128  129  130  131  132  133  133  133  133
  132  133  132  133  144  141  147  154  159                                   
    85.0-180.0 180.0   5.0 450.0                            LAT/LON1/LON2/DLON/H
  153  143  145  139  139  143  144  148  149  152  154  156  158  160  162  163
  164  164  165  164  163  162  160  158  156  153  150  146  143  139  135  132
  128  125  122  119  117  115  113  112  112  112  112  113  114  116  118  120
  122  124  127  129  132  134  136  138  139  141  142  143  143  143  143  143
  143  143  142  139  143  137  135  140  153                                   
    82.5-180.0 180.0   5.0 450.0                            LAT/LON1/LON2/DLON/H
  128  125  123  121  125  131  138  141  144  149  153  158  162  166  169  172
  173  174  175  174  173  172  170  167  164  160  155  150  145  140  134  129
  124  119  114  110  106  103  100   99   98   97   98   99  101  103  105  108
  112  115  119  122  125  128  131  133  135  137  138  138  138  138  137  136
  135  133  131  134  134  141  127  129  128                                   
    80.0-180.0 180.0   5.0 450.0                            LAT/LON1/LON2/DLON/H
  114  114  116  114  118  120  130  138  146  153  160  167  173  178  181  184
  185  186  185  184  183  181  178  174  170  166  160  154  148  141  134  127
  120  113  107  101   97   93   90   88   86   86   87   89   91   94   98  102
  106  111  116  120  124  128  132  134  137  138  139  140  140  139  138  136
  134  132  130  129  123  121  112  125  114                                   
    77.5-180.0 180.0   5.0 450.0                            LAT/LON1/LON2/DLON/H
  117  110  116  112  120  124  135  144  154  164  173  183  190  195  199  201
  201  200  198  196  194  192  190  187  183  179  173  167  160  153  145  137
  129  122  115  109  103   99   95   92   90   90   90   91   94   97  101  106
  111  116  121  125  129  133  136  139  141  142  142  142  141  139  138  135
  132  130  127  126  123  118  117  133  117                                   
    75.0-180.0 180.0   5.0 450.0                            LAT/LON1/LON2/DLON/H
  120  118  120  117  125  132  141  153  166  179  190  201  208  213  214  214
  211  207  203  199  196  194  192  190  187  184  180  174  167  160  153  145
  138  131  124  118  113  108  104  101   99   98   98   98  100  103  107  111
  115  119  123  127  130  133  135  137  138  138  138  137  136  135  134  133
  130  129  128  125  121  118  118  123  120                                   
    72.5-180.0 180.0   5.0 450.0                            LAT/LON1/LON2/DLON/H
  128  129  133  134  139  146  158  170  183  198  212  223  231  234  233  228
  221  213  206  199  195  192  191  190  188  186  181  176  169  162  155  148
  142  136  130  125  120  116  112  109  106  104  104  104  105  107  110  113
  116  119  122  124  126  128  129  130  130  129  129  128  127  126  126  125
  124  124  125  124  123  125  130  138  128                                   
    70.0-180.0 180.0   5.0 450.0                            LAT/LON1/LON2/DLON/H
  143  147  150  150  154  161  171  185  201  218  233  246  253  254  249  239
  227  213  202  192  187  184  183  182  181  179  175  169  162  155  148  142
  137  133  129  125  122  118  115  112  110  108  106  106  106  107  109  110
  112  114  115  116  116  117  117  116  115  115  114  113  113  113  114  116
  117  120  124  126  130  136  145  150  143                                   
    67.5-180.0 180.0   5.0 450.0                            LAT/LON1/LON2/DLON/H
  161  166  171  171  176  183  192  207  223  242  259  273  280  279  271  257
  239  220  203  191  183  179  178  177  176  172  166  158  150  142  136  130
  126  123  121  119  116  114  112  109  107  105  103  102  101  101  102  103
  104  104  105  105  105  105  105  104  104  103  102  102  102  103  106  110
  113  119  125  129  135  146  158  165  161                                   
    65.0-180.0 180.0   5.0 450.0                            LAT/LON1/LON2/DLON/H
  172  180  185  185  188  194  203  217  236  257  276  292  300  299  288  270
  247  224  203  188  178  173  171  169  166  160  151  141  131  122  116  111
  108  107  105  104  103  102  100   98   96   94   92   90   89   88   88   87
   87   87   87   87   88   88   88   87   87   86   86   86   88   90   95  100
  106  114  123  130  140  155  170  178  172                                   
    62.5-180.0 180.0   5.0 450.0                            LAT/LON1/LON2/DLON/H
  181  189  194  194  197  201  210  224  243  265  287  306  316  316  305  286
  260  234  211  193  182  175  171  166  159  150  138  125  113  103   96   92
   89   88   87   86   85   84   82   81   79   78   76   74   72   70   69   68
   68   68   68   69   70   72   73   74   74   74   74   75   78   82   88   95
  103  112  123  130  140  157  173  183  181                                   
    60.0-180.0 180.0   5.0 450.0                            LAT/LON1/LON2/DLON/H
  185  194  200  199  201  203  211  224  244  268  292  313  326  329  320  301
  276  249  224  205  192  183  175  167  157  144  128  113  100   90   83   79
   76   75   73   71   70   68   67   66   66   65   63   61   59   56   54   53
   52   52   53   55   57   60   63   65   67   67   68   70   73   78   86   95
  104  115  126  133  142  159  176  188  185                                   
    57.5-180.0 180.0   5.0 450.0                            LAT/LON1/LON2/DLON/H
  190  200  207  205  208  208  215  226  244  267  292  315  331  337  331  316
  293  267  243  223  208  196  185  174  160  144  127  110   97   87   80   76
   73   70   67   63   60   58   58   58   58   58   56   54   51   48   46   44
   43   43   44   47   50   55   60   63   66   67   68   70   74   81   91  102
  113  125  136  142  148  163  178  191  190                                   
    55.0-180.0 180.0   5.0 450.0                            LAT/LON1/LON2/DLON/H
  202  213  221  219  222  222  227  234  250  271  294  317  334  343  341  330
  311  288  265  244  227  213  199  185  169  151  134  118  105   96   89   85
   80   75   70   64   60   58   57   58   59   60   59   56   53   49   46   44
   42   42   44   47   52   58   64   69   72   73   74   76   81   90  103  117
  130  144  155  160  163  174  188  201  202                                   
    52.5-180.0 180.0   5.0 450.0                            LAT/LON1/LON2/DLON/H
  222  234  244  242  247  246  249  253  264  280  300  320  337  346  348  340
  326  306  285  264  246  230  214  198  182  165  148  134  123  114  107  101
   95   88   80   73   67   65   64   66   68   69   69   66   63   59   55   53
   51   50   52   55   61   67   74   79   82   82   83   85   91  103  119  137
  153  169  181  185  186  195  207  218  222                                   
    50.0-180.0 180.0   5.0 450.0                            LAT/LON1/LON2/DLON/H
  253  265  277  275  282  283  284  284  290  301  314  329  343  352  355  350
  338  321  302  282  263  246  229  214  198  183  169  156  146  137  129  120
  111  102   93   85   80   77   77   79   82   83   83   82   78   75   72   69
   67   66   67   70   75   81   88   92   94   93   92   94  102  116  135  157
  177  197  210  217  217  225  235  244  253                                   
    47.5-180.0 180.0   5.0 450.0                            LAT/LON1/LON2/DLON/H
  289  301  314  314  323  326  326  324  325  330  336  345  353  359  361  358
  348  333  314  295  276  260  244  230  217  204  191  179  167  156  145  133
  122  111  102   96   91   90   90   93   95   97   98   97   95   93   91   90
   89   87   87   88   92   97  102  105  104  102  100  102  110  125  148  174
  197  221  237  247  250  258  268  277  289                                   
    45.0-180.0 180.0   5.0 450.0                            LAT/LON1/LON2/DLON/H
  325  337  351  352  364  369  370  367  364  363  363  365  368  370  369  365
  355  340  323  305  287  272  259  247  235  223  210  196  181  165  149  134
  122  112  105  102  100  100  101  103  104  106  107  108  108  109  110  110
  110  109  107  107  109  112  115  115  113  108  105  106  114  131  156  184
  211  237  257  271  278  288  301  312  325                                   
    42.5-180.0 180.0   5.0 450.0                            LAT/LON1/LON2/DLON/H
  354  366  382  383  397  405  407  403  399  395  390  387  384  382  379  372
  361  346  329  313  298  285  273  263  251  238  222  204  183  162  142  125
  113  106  103  104  106  108  109  109  109  110  111  113  116  119  123  126
  127  126  124  123  123  124  125  123  118  112  107  107  116  133  159  188
  216  244  266  285  296  311  327  343  354                                   
    40.0-180.0 180.0   5.0 450.0                            LAT/LON1/LON2/DLON/H
  371  385  400  403  418  426  429  427  423  418  411  406  400  395  389  381
  368  353  336  321  309  298  288  277  264  247  226  202  177  152  131  114
  104  101  103  109  114  117  116  114  112  111  113  115  119  124  130  135
  138  138  136  134  133  133  132  128  121  113  107  107  115  132  157  186
  213  242  266  287  301  323  342  364  371                                   
    37.5-180.0 180.0   5.0 450.0                            LAT/LON1/LON2/DLON/H
  378  392  407  410  425  433  437  435  433  430  425  419  414  408  401  390
  377  361  345  332  322  312  302  289  272  251  225  198  170  145  126  113
  107  108  115  124  131  132  129  123  118  115  116  119  123  128  134  140
  144  144  142  140  139  138  137  131  123  114  107  106  113  130  154  181
  207  235  259  280  297  323  345  371  378                                   
    35.0-180.0 180.0   5.0 450.0                            LAT/LON1/LON2/DLON/H
  379  393  408  409  424  430  435  434  435  434  431  428  424  419  412  401
  387  372  357  346  336  327  315  299  278  253  225  198  173  153  140  133
  133  138  147  156  161  159  151  140  132  128  128  129  131  135  140  144
  146  146  144  142  142  142  140  135  126  116  108  107  114  129  151  177
  201  228  251  272  288  316  342  369  379                                   
    32.5-180.0 180.0   5.0 450.0                            LAT/LON1/LON2/DLON/H
  381  395  411  409  423  426  432  431  434  436  436  435  434  430  424  414
  400  385  372  361  351  341  326  306  283  258  233  212  195  186  183  185
  190  196  203  207  206  198  184  170  159  153  151  150  149  148  149  150
  150  147  144  142  143  144  144  139  131  121  113  112  118  132  154  179
  202  227  249  268  282  312  339  366  381                                   
    30.0-180.0 180.0   5.0 450.0                            LAT/LON1/LON2/DLON/H
  392  406  422  418  432  432  437  436  440  443  444  445  444  442  437  428
  415  401  388  377  366  353  336  315  293  272  255  245  243  248  259  271
  279  283  282  276  265  248  228  210  197  190  186  182  176  171  166  162
  158  151  145  143  144  146  147  144  137  128  121  120  126  140  162  188
  211  236  256  274  287  315  343  368  392                                   
    27.5-180.0 180.0   5.0 450.0                            LAT/LON1/LON2/DLON/H
  415  429  445  442  456  455  458  456  460  462  462  462  460  457  452  443
  431  417  404  392  380  364  346  327  310  298  294  300  315  339  364  384
  393  389  373  352  326  300  274  254  242  235  231  224  213  202  192  182
  172  160  150  145  145  148  150  148  141  134  129  128  135  151  175  202
  227  255  274  293  304  331  360  382  415                                   
    25.0-180.0 180.0   5.0 450.0                            LAT/LON1/LON2/DLON/H
  449  463  481  481  498  497  499  496  498  497  494  489  483  477  469  460
  447  434  420  407  393  377  360  346  339  340  351  373  407  446  484  509
  512  492  457  415  375  340  312  293  284  280  276  268  254  238  223  209
  193  175  160  150  148  149  150  148  143  137  133  134  142  160  187  219
  248  279  301  320  331  358  388  408  449                                   
    22.5-180.0 180.0   5.0 450.0                            LAT/LON1/LON2/DLON/H
  491  507  526  532  555  555  558  555  554  549  541  529  516  504  492  480
  466  451  436  421  406  392  381  376  380  395  421  458  504  552  594  614
  603  564  508  449  398  358  332  317  313  314  313  305  290  273  256  238
  217  194  173  158  151  150  150  147  142  137  134  136  146  166  196  232
  266  304  329  352  364  392  424  442  491                                   
    20.0-180.0 180.0   5.0 450.0                            LAT/LON1/LON2/DLON/H
  534  553  575  588  617  621  626  624  624  616  602  582  561  540  523  506
  488  470  453  437  424  414  410  416  433  460  496  539  587  632  664  669
  641  583  512  443  388  350  328  321  323  329  332  327  315  300  284  266
  242  214  188  168  156  152  149  145  140  135  133  136  147  169  202  241
  281  324  354  380  396  426  461  481  534                                   
    17.5-180.0 180.0   5.0 450.0                            LAT/LON1/LON2/DLON/H
  571  593  619  637  673  682  691  694  695  687  670  645  615  587  562  539
  517  495  474  458  447  444  450  466  493  528  565  603  637  664  674  660
  615  546  470  402  351  321  307  307  314  324  330  329  322  312  301  285
  262  233  202  178  162  154  148  142  136  131  129  133  146  170  205  247
  290  338  373  403  422  457  495  517  571                                   
    15.0-180.0 180.0   5.0 450.0                            LAT/LON1/LON2/DLON/H
  597  622  651  672  713  727  741  749  755  750  734  707  673  640  609  580
  552  525  502  486  479  483  498  523  556  589  618  636  643  640  623  588
  534  465  396  340  304  285  280  284  293  304  311  313  311  308  303  294
  274  245  214  187  168  156  148  140  132  126  124  129  144  169  207  251
  296  347  386  418  441  480  521  544  597                                   
    12.5-180.0 180.0   5.0 450.0                            LAT/LON1/LON2/DLON/H
  611  637  670  691  734  753  771  784  796  796  785  762  729  694  659  626
  592  562  537  522  520  530  552  582  613  637  645  633  605  568  526  478
  423  367  318  284  266  261  263  267  273  280  285  287  289  291  294  290
  276  250  221  194  174  160  149  138  128  121  118  124  140  168  207  253
  300  352  393  427  452  495  537  561  611                                   
    10.0-180.0 180.0   5.0 450.0                            LAT/LON1/LON2/DLON/H
  615  645  678  699  743  765  786  802  818  824  820  803  775  743  708  673
  636  602  577  564  566  581  607  636  659  666  646  600  538  473  414  363
  321  287  264  255  256  261  265  266  264  263  261  261  263  269  275  277
  268  248  223  200  181  166  152  140  127  118  114  119  136  166  207  254
  302  355  397  431  457  504  546  570  615                                   
     7.5-180.0 180.0   5.0 450.0                            LAT/LON1/LON2/DLON/H
  617  650  684  703  748  772  794  811  830  840  840  830  810  783  752  716
  678  643  618  608  613  631  656  679  689  673  625  550  464  386  324  282
