data/edconvlstm_nd/pred1470.15i
     1.0            IONOSPHERE MAPS     GNSS                IONEX VERSION / TYPE
pyspatialgeodesy        IME             05-JAN-18 20:20     PGM / RUN BY / DATE 
Map Name                                                    COMMENT             
Predicted global ionosphere maps (GIM).                     DESCRIPTION         
  2015     5    27     0     0     0                        EPOCH OF FIRST MAP  
  2015     5    28     0     0     0                        EPOCH OF LAST MAP   
  7200                                                      INTERVAL            
    13                                                      # OF MAPS IN FILE   
  NONE                                                      MAPPING FUNCTION    
10.0                                                        ELEVATION CUTOFF    
One-way carrier phase leveled to code                       OBSERVABLES USED    
  6371.0                                                    BASE RADIUS         
 2                                                          MAP DIMENSION       
   450.0 450.0   0.0                                        HGT1 / HGT2 / DHGT  
    87.5 -87.5  -2.5                                        LAT1 / LAT2 / DLAT  
  -180.0 180.0   5.0                                        LON1 / LON2 / DLON  
    -1                                                      EXPONENT            
                                                            END OF HEADER       
[from data line 5148]
    13                                                      START OF TEC MAP    
  2015     5    28     0     0     0                        EPOCH OF CURRENT MAP
    87.5-180.0 180.0   5.0 450.0                            LAT/LON1/LON2/DLON/H
  147  148  157  149  150  149  147  146  147  146  147  147  147  147  147  147
  147  147  146  146  145  145  144  143  143  142  141  140  139  138  138  137
  136  135  134  134  133  132  132  131  131  130  130  130  129  129  129  129
  129  129  128  129  129  129  129  129  130  130  131  131  132  132  133  135
  136  137  139  139  138  137  144  159  147                                   
    85.0-180.0 180.0   5.0 450.0                            LAT/LON1/LON2/DLON/H
  160  158  150  152  158  157  155  154  154  154  154  154  153  153  153  152
  152  151  151  150  149  148  148  146  145  144  143  142  141  140  139  137
  137  136  135  134  133  133  132  132  131  131  131  131  130  130  130  130
  130  130  130  130  131  131  132  132  133  134  135  136  137  138  139  141
  143  145  147  150  144  149  155  163  160                                   
    82.5-180.0 180.0   5.0 450.0                            LAT/LON1/LON2/DLON/H
  162  159  164  162  166  167  164  163  164  162  161  161  160  159  159  158
  157  156  155  153  152  151  149  148  146  145  143  141  140  138  137  135
  134  133  132  132  131  131  130  130  130  130  129  129  129  129  129  129
  129  130  130  131  131  132  133  134  136  137  138  140  141  143  145  148
  149  152  155  155  155  146  152  156  162                                   
    80.0-180.0 180.0   5.0 450.0                            LAT/LON1/LON2/DLON/H
  168  169  165  164  167  168  169  169  168  167  166  165  164  163  161  160
  158  157  155  154  152  150  149  147  145  143  141  139  137  135  133  132
  131  130  130  130  130  130  130  131  131  131  132  132  132  132  132  133
  133  134  135  135  136  137  138  139  140  141  143  144  146  147  150  152
  154  156  158  158  166  157  164  171  168                                   
    77.5-180.0 180.0   5.0 450.0                            LAT/LON1/LON2/DLON/H
  177  173  167  169  168  168  170  170  170  168  167  167  165  164  162  160
  158  156  154  152  151  149  147  145  142  140  138  135  133  131  129  128
  127  127  128  129  130  131  133  134  135  136  136  137  137  137  138  139
  140  141  142  142  143  144  145  145  146  146  147  147  148  150  152  154
  155  159  159  160  167  167  168  178  177                                   
    75.0-180.0 180.0   5.0 450.0                            LAT/LON1/LON2/DLON/H
  182  172  166  168  167  166  167  167  168  166  166  165  164  163  161  159
  156  154  151  149  147  145  143  140  138  135  133  130  127  125  124  123
  123  124  126  128  130  133  135  137  138  139  140  141  141  142  143  144
  145  147  148  149  150  150  150  150  149  149  149  149  149  149  151  153
  153  156  158  153  160  166  167  178  182                                   
    72.5-180.0 180.0   5.0 450.0                            LAT/LON1/LON2/DLON/H
  171  167  163  163  161  160  161  162  164  163  164  164  164  163  161  158
  155  152  149  146  143  141  138  136  133  130  127  123  120  118  117  116
  117  119  121  125  128  131  134  137  139  140  141  141  142  143  144  146
  148  150  152  153  154  154  153  152  151  150  149  148  147  147  148  150
  150  152  155  152  155  158  164  179  171                                   
    70.0-180.0 180.0   5.0 450.0                            LAT/LON1/LON2/DLON/H
  167  160  158  158  156  155  157  159  162  163  165  167  168  167  165  163
  159  155  151  148  145  142  139  136  133  129  125  121  118  115  114  114
  115  117  120  123  127  131  134  136  138  139  139  140  141  142  144  147
  149  152  154  156  157  156  155  154  153  151  150  149  148  148  148  149
  149  151  154  151  155  159  162  177  167                                   
    67.5-180.0 180.0   5.0 450.0                            LAT/LON1/LON2/DLON/H
  166  160  156  154  152  150  152  155  160  162  166  170  173  173  172  169
  165  160  156  151  148  144  141  138  134  129  125  120  117  114  112  112
  112  114  116  119  123  126  129  131  132  133  133  133  134  136  138  142
  146  149  152  154  155  154  153  152  151  150  149  148  148  148  148  149
  149  150  152  149  154  157  161  177  166                                   
    65.0-180.0 180.0   5.0 450.0                            LAT/LON1/LON2/DLON/H
  167  160  157  154  151  148  150  153  158  162  168  174  178  180  180  178
  174  169  164  159  155  151  147  144  139  135  130  125  121  118  116  115
  114  115  116  117  119  122  123  124  125  125  125  125  126  128  131  135
  140  144  147  150  150  150  149  149  148  148  149  150  151  151  152  153
  152  153  154  151  156  160  164  181  167                                   
    62.5-180.0 180.0   5.0 450.0                            LAT/LON1/LON2/DLON/H
  173  166  164  159  154  151  152  154  160  164  171  178  184  188  189  188
  184  179  174  169  165  161  157  153  149  145  140  136  131  128  125  123
  121  119  118  118  118  118  119  119  119  118  118  118  119  121  125  129
  134  139  142  144  145  145  145  145  147  149  152  154  157  158  160  160
  159  159  161  157  162  167  171  188  173                                   
    60.0-180.0 180.0   5.0 450.0                            LAT/LON1/LON2/DLON/H
  182  177  175  169  162  157  157  158  162  166  173  180  187  192  195  195
  193  188  184  179  174  171  167  164  161  157  153  149  145  142  138  134
  130  126  122  119  117  116  116  115  115  114  113  113  114  116  119  124
  129  133  137  138  139  140  141  142  146  150  156  161  165  168  170  170
  169  168  169  165  170  175  180  196  182                                   
    57.5-180.0 180.0   5.0 450.0                            LAT/LON1/LON2/DLON/H
  193  191  191  183  175  169  167  166  168  169  174  181  187  192  196  198
  197  194  190  186  183  180  177  175  173  171  168  164  161  157  153  147
  141  134  128  122  119  117  115  115  114  113  112  111  112  113  117  121
  126  130  132  134  134  135  137  141  146  153  161  168  174  177  180  181
  179  178  178  174  179  185  190  206  193                                   
    55.0-180.0 180.0   5.0 450.0                            LAT/LON1/LON2/DLON/H
  206  207  208  200  191  185  182  178  177  175  177  180  185  189  193  196
  197  196  193  191  188  187  186  185  184  183  181  179  176  171  166  159
  151  142  133  126  122  119  118  118  117  116  115  113  113  114  117  120
  124  128  130  131  131  133  135  141  148  157  166  175  181  186  188  189
  188  186  186  182  188  194  200  214  206                                   
    52.5-180.0 180.0   5.0 450.0                            LAT/LON1/LON2/DLON/H
  218  222  224  218  209  203  200  194  190  184  181  181  182  185  188  191
  193  194  194  193  192  192  192  193  194  193  192  190  187  182  176  168
  158  147  138  130  126  123  123  123  122  121  119  117  116  117  119  122
  125  127  129  129  130  131  135  141  150  160  170  180  187  191  193  194
  193  192  193  189  195  202  208  222  218                                   
    50.0-180.0 180.0   5.0 450.0                            LAT/LON1/LON2/DLON/H
  229  235  238  233  227  223  221  214  207  198  190  185  183  183  184  187
  190  192  193  194  196  197  199  201  202  202  200  198  194  188  181  172
  162  151  141  134  130  129  129  130  129  128  125  123  121  121  122  124
  126  128  129  129  129  131  135  142  152  163  174  183  189  193  195  196
  196  196  198  195  201  207  215  229  229                                   
    47.5-180.0 180.0   5.0 450.0                            LAT/LON1/LON2/DLON/H
  237  243  248  246  243  243  242  236  228  215  204  195  188  184  184  186
  189  192  195  198  201  204  206  208  209  208  206  202  197  190  183  173
  163  152  144  138  135  135  136  137  136  133  130  127  125  124  125  126
  128  129  129  129  129  131  136  144  154  166  176  185  190  193  195  197
  197  199  202  200  206  212  220  236  237                                   
    45.0-180.0 180.0   5.0 450.0                            LAT/LON1/LON2/DLON/H
  243  249  254  255  256  259  261  257  249  236  222  210  199  192  189  189
  192  195  200  205  209  213  215  216  216  213  209  204  197  190  181  172
  163  154  146  142  141  142  143  143  141  138  135  131  129  128  128  128
  130  130  130  130  131  133  138  147  158  169  180  187  192  194  196  198
  199  203  207  206  212  217  226  243  243                                   
    42.5-180.0 180.0   5.0 450.0                            LAT/LON1/LON2/DLON/H
  249  253  258  262  267  272  277  275  269  256  243  229  217  207  201  199
  200  204  210  216  222  226  227  227  224  219  212  205  197  189  180  172
  164  156  150  147  147  147  148  147  145  142  139  136  133  131  131  131
  131  132  132  132  133  135  141  151  162  175  185  193  197  199  201  203
  205  210  216  215  221  225  234  253  249                                   
    40.0-180.0 180.0   5.0 450.0                            LAT/LON1/LON2/DLON/H
  258  260  265  270  278  284  289  289  286  276  264  251  238  226  218  214
  214  218  224  232  238  242  242  239  233  225  217  208  198  190  182  174
  167  161  156  154  153  153  153  151  149  146  143  140  138  135  134  133
  133  133  134  134  136  139  146  157  169  183  194  202  207  209  211  214
  216  221  228  227  233  237  246  266  258                                   
    37.5-180.0 180.0   5.0 450.0                            LAT/LON1/LON2/DLON/H
  271  272  276  281  289  295  301  302  301  294  285  273  261  249  240  233
  232  235  242  251  258  261  259  252  244  234  223  213  203  194  186  180
  173  168  164  161  159  158  157  155  153  151  149  146  144  141  138  136
  135  135  136  137  140  144  153  164  179  194  207  216  222  225  228  230
  232  237  243  243  250  254  263  284  271                                   
    35.0-180.0 180.0   5.0 450.0                            LAT/LON1/LON2/DLON/H
  292  293  296  299  306  310  314  316  316  312  305  297  286  274  264  256
  253  255  262  271  279  280  276  267  255  243  232  221  211  202  194  188
  182  177  172  168  165  162  160  158  157  156  156  154  151  147  143  139
  138  137  138  140  144  150  159  173  189  206  221  233  241  245  247  250
  252  256  261  260  269  275  284  305  292                                   
    32.5-180.0 180.0   5.0 450.0                            LAT/LON1/LON2/DLON/H
  319  321  323  325  330  332  334  334  335  332  328  321  312  301  289  280
  275  276  283  292  299  300  293  282  268  255  242  231  221  212  204  197
  191  185  179  173  168  164  162  160  161  162  163  162  158  153  147  142
  139  139  140  142  147  154  165  180  198  218  236  250  259  265  268  270
  271  275  279  279  290  298  308  330  319                                   
    30.0-180.0 180.0   5.0 450.0                            LAT/LON1/LON2/DLON/H
  351  353  357  359  361  362  362  361  361  359  355  349  341  330  317  306
  299  297  303  311  318  317  309  296  280  266  253  242  231  221  212  204
  196  189  181  174  168  163  161  161  164  167  169  168  164  157  149  143
  139  138  139  142  147  156  168  185  206  227  247  264  275  282  286  288
  290  292  296  296  310  320  333  355  351                                   
    27.5-180.0 180.0   5.0 450.0                            LAT/LON1/LON2/DLON/H
  384  387  393  397  399  400  399  397  396  393  389  383  374  362  348  334
  324  320  323  330  335  333  324  308  291  276  263  251  239  227  215  205
  196  187  178  170  163  159  158  160  164  169  172  171  166  158  149  141
  136  135  135  138  145  155  170  189  211  233  255  272  286  294  300  302
  304  307  310  311  328  339  356  379  384                                   
    25.0-180.0 180.0   5.0 450.0                            LAT/LON1/LON2/DLON/H
  414  415  425  434  436  441  442  440  438  435  430  422  413  399  384  367
  353  345  344  348  351  348  336  319  301  284  270  256  241  226  212  199
  188  177  168  160  155  152  152  156  162  168  171  170  163  154  144  136
  131  128  129  132  140  152  169  190  213  236  257  275  289  299  306  310
  313  317  321  324  342  353  375  400  414                                   
    22.5-180.0 180.0   5.0 450.0                            LAT/LON1/LON2/DLON/H
  435  435  448  463  468  478  484  484  484  481  475  467  456  441  423  404
  385  373  368  368  367  361  347  327  307  289  272  255  237  219  202  187
  174  163  154  148  144  143  145  150  156  162  165  162  155  145  135  128
  123  120  120  124  133  148  167  189  212  235  255  272  286  297  306  312
  317  323  329  334  352  363  388  414  435                                   
    20.0-180.0 180.0   5.0 450.0                            LAT/LON1/LON2/DLON/H
  444  444  459  480  489  504  516  522  527  526  522  513  502  486  466  444
  422  404  393  388  383  372  354  332  309  288  268  247  226  206  186  170
  157  146  139  135  133  133  137  142  148  153  154  150  143  133  125  118
  113  111  112  116  127  143  164  187  210  230  248  264  278  291  301  311
  319  327  335  342  359  369  396  422  444                                   
    17.5-180.0 180.0   5.0 450.0                            LAT/LON1/LON2/DLON/H
  442  442  459  484  496  515  533  546  557  561  560  554  544  529  509  485
  460  437  420  408  397  380  358  332  306  281  257  233  210  189  169  153
  141  132  128  126  126  127  131  135  139  142  141  136  129  121  114  108
  105  103  104  109  120  139  161  185  206  225  241  255  269  283  296  309
  320  332  342  351  365  373  400  425  442                                   
    15.0-180.0 180.0   5.0 450.0                            LAT/LON1/LON2/DLON/H
  433  433  451  477  490  512  533  552  569  579  584  583  576  564  545  521
  494  468  446  427  408  385  358  327  297  268  241  215  192  172  154  141
  131  125  123  123  123  125  128  131  132  132  129  124  118  111  105  101
   98   96   97  102  115  134  157  181  202  219  233  248  263  279  294  310
  324  338  350  360  372  377  403  425  433                                   
    12.5-180.0 180.0   5.0 450.0                            LAT/LON1/LON2/DLON/H
  424  426  442  465  478  498  519  541  561  577  588  593  592  584  569  548
  521  492  465  440  414  385  351  316  282  250  220  195  174  158  145  136
  130  127  126  126  127  129  130  130  129  126  122  116  110  105  100   96
   93   90   91   96  109  129  153  177  197  214  229  244  262  280  298  315
  331  346  360  370  380  384  407  427  424                                   
    10.0-180.0 180.0   5.0 450.0                            LAT/LON1/LON2/DLON/H
  420  425  438  455  466  481  499  519  539  557  571  582  588  585  575  558
  533  505  475  445  413  377  338  299  261  227  197  174  159  149  143  140
  137  136  136  136  136  136  135  133  130  125  119  113  108  102   98   93
   89   86   85   91  103  123  147  171  192  210  227  245  265  286  307  325
  342  357  372  381  389  392  413  431  420                                   
     7.5-180.0 180.0   5.0 450.0                            LAT/LON1/LON2/DLON/H
  426  433  443  453  460  469  481  495  511  526  542  555  564  567  561  548
  528  502  471  438  402  361  318  276  237  202  175  157  148  147  149  150
