data/edconvlstm_nd/pred0260.15i
     1.0            IONOSPHERE MAPS     GNSS                IONEX VERSION / TYPE
pyspatialgeodesy        IME             05-JAN-18 20:20     PGM / RUN BY / DATE 
Map Name                                                    COMMENT             
Predicted global ionosphere maps (GIM).                     DESCRIPTION         
  2015     1    26     0     0     0                        EPOCH OF FIRST MAP  
  2015     1    27     0     0     0                        EPOCH OF LAST MAP   
  7200                                                      INTERVAL            
    13                                                      # OF MAPS IN FILE   
  NONE                                                      MAPPING FUNCTION    
10.0                                                        ELEVATION CUTOFF    
One-way carrier phase leveled to code                       OBSERVABLES USED    
  6371.0                                                    BASE RADIUS         
 2                                                          MAP DIMENSION       
   450.0 450.0   0.0                                        HGT1 / HGT2 / DHGT  
    87.5 -87.5  -2.5                                        LAT1 / LAT2 / DLAT  
  -180.0 180.0   5.0                                        LON1 / LON2 / DLON  
    -1                                                      EXPONENT            
                                                            END OF HEADER       
[from data line 858]
     3                                                      START OF TEC MAP    
  2015     1    26     4     0     0                        EPOCH OF CURRENT MAP
    87.5-180.0 180.0   5.0 450.0                            LAT/LON1/LON2/DLON/H
   54   61   55   58   56   57   56   53   53   54   54   55   55   55   55   54
   54   53   52   52   51   51   51   50   50   50   50   49   49   49   49   49
   49   49   50   50   50   50   50   49   49   49   49   48   48   47   47   46
   46   46   45   45   45   44   44   44   44   45   45   45   45   46   46   47
   48   49   47   48   52   67   72   61   54                                   
    85.0-180.0 180.0   5.0 450.0                            LAT/LON1/LON2/DLON/H
   47   64   56   59   62   63   62   62   62   63   62   63   63   63   62   61
   60   58   57   55   54   53   52   51   50   49   49   48   48   48   48   48
   49   49   50   51   51   52   52   53   53   53   53   52   52   51   50   49
   49   48   48   47   47   47   47   48   48   49   50   51   52   53   54   55
   57   58   56   59   65   67   79   66   47                                   
    82.5-180.0 180.0   5.0 450.0                            LAT/LON1/LON2/DLON/H
   53   57   72   65   64   66   66   65   67   67   67   68   68   68   67   65
   63   60   58   55   53   51   49   47   45   44   43   42   42   41   42   42
   43   44   45   47   49   50   52   53   53   54   53   53   52   51   49   48
   46   45   45   44   44   45   46   47   48   50   51   53   55   57   59   62
   64   65   63   63   75   67   71   68   53                                   
    80.0-180.0 180.0   5.0 450.0                            LAT/LON1/LON2/DLON/H
   75   73   78   68   72   69   71   70   72   73   72   73   73   73   71   69
   66   62   58   55   51   48   45   42   40   38   37   36   35   36   36   38
   40   42   45   48   51   54   57   59   60   61   61   60   58   56   53   51
   49   48   47   47   47   48   50   52   55   58   61   65   68   71   74   77
   81   81   82   83   93   85   83   78   75                                   
    77.5-180.0 180.0   5.0 450.0                            LAT/LON1/LON2/DLON/H
   90   85   81   72   69   69   72   72   74   74   74   75   76   75   74   71
   68   64   59   55   50   46   42   39   36   34   32   31   31   32   33   35
   38   42   47   51   56   61   65   68   70   71   70   68   66   62   59   56
   53   52   51   51   53   55   58   62   66   70   74   79   83   87   91   95
   97   99   98  100  102   89   86   80   90                                   
    75.0-180.0 180.0   5.0 450.0                            LAT/LON1/LON2/DLON/H
   93   87   82   73   66   67   68   67   68   69   69   70   71   71   69   67
   64   60   56   52   48   44   40   37   35   33   32   32   32   33   35   37
   41   45   50   55   60   65   70   73   75   75   74   72   68   64   60   57
   54   53   53   55   57   61   66   71   76   81   86   91   96  100  104  108
  110  112  112  109  111  101   97   91   93                                   
    72.5-180.0 180.0   5.0 450.0                            LAT/LON1/LON2/DLON/H
   99   90   84   74   68   68   69   68   68   68   67   69   69   68   67   65
   62   58   55   51   47   45   42   41   40   39   39   39   39   40   41   43
   46   49   54   58   63   68   72   75   77   77   75   72   68   64   60   57
   55   56   58   62   67   73   80   86   93   98  103  108  112  116  120  123
  125  127  129  126  126  113  107  102   99                                   
    70.0-180.0 180.0   5.0 450.0                            LAT/LON1/LON2/DLON/H
  109   96   90   80   72   69   68   67   67   66   65   65   65   63   61   59
   56   54   51   48   46   45   44   45   46   46   47   48   48   48   49   49
   50   52   54   57   60   64   67   69   71   70   69   66   62   58   55   54
   54   57   62   69   77   86   95  103  109  115  120  123  126  129  131  134
  135  136  138  136  135  124  120  114  109                                   
    67.5-180.0 180.0   5.0 450.0                            LAT/LON1/LON2/DLON/H
  112  100   91   81   73   69   67   65   63   61   59   59   57   55   53   50
   47   45   43   41   41   41   43   45   48   50   52   53   53   52   51   49
   48   48   48   49   50   52   54   55   56   56   54   52   49   46   45   45
   49   54   63   73   85   96  107  115  122  127  130  132  133  134  135  137
  137  137  139  137  136  127  123  119  112                                   
    65.0-180.0 180.0   5.0 450.0                            LAT/LON1/LON2/DLON/H
  118  105   95   85   76   71   68   65   63   60   57   56   53   51   48   45
   42   40   39   38   38   40   43   47   51   54   57   58   57   55   53   50
   47   44   42   41   41   41   42   43   43   43   42   40   38   37   38   40
   46   56   68   82   96  110  121  130  136  140  141  142  142  141  140  141
  140  139  141  139  139  131  128  125  118                                   
    62.5-180.0 180.0   5.0 450.0                            LAT/LON1/LON2/DLON/H
  124  112  101   91   81   75   71   68   65   61   57   55   52   49   46   43
   40   38   37   37   37   40   43   47   52   56   58   59   58   56   52   49
   45   41   38   36   35   34   33   33   34   34   33   33   32   32   34   39
   48   60   75   92  109  124  136  144  149  152  152  152  151  150  148  148
  146  144  146  143  144  136  134  130  124                                   
    60.0-180.0 180.0   5.0 450.0                            LAT/LON1/LON2/DLON/H
  132  119  108   96   85   78   72   67   63   59   55   52   49   46   44   42
   40   38   37   36   36   38   40   44   48   51   53   54   53   51   48   44
   41   37   35   32   30   29   28   28   28   29   29   29   29   30   34   41
   51   65   82  101  119  134  146  153  158  160  160  160  160  159  158  157
  154  151  152  150  150  143  140  135  132                                   
    57.5-180.0 180.0   5.0 450.0                            LAT/LON1/LON2/DLON/H
  142  129  117  102   90   81   73   66   62   57   52   50   48   45   44   43
   42   40   39   37   36   36   37   39   41   44   46   46   45   43   41   39
   37   35   34   33   31   31   30   30   30   31   31   32   33   35   39   47
   59   74   92  111  129  144  155  162  166  168  170  171  172  173  172  172
  168  164  165  162  162  153  150  143  142                                   
    55.0-180.0 180.0   5.0 450.0                            LAT/LON1/LON2/DLON/H
  155  141  128  110   97   84   74   65   59   53   48   46   45   44   44   44
   44   43   41   39   36   34   33   34   35   36   37   38   37   36   35   34
   35   35   36   37   37   37   38   38   38   39   40   41   42   45   50   58
   70   85  103  122  139  152  162  169  173  176  179  183  186  189  189  189
  185  180  180  176  177  166  162  154  155                                   
    52.5-180.0 180.0   5.0 450.0                            LAT/LON1/LON2/DLON/H
  169  155  141  120  106   91   78   66   57   50   45   43   42   43   44   46
   46   46   44   41   37   34   31   31   31   32   33   33   33   32   32   33
   36   39   42   45   48   49   50   51   52   53   54   55   57   59   64   72
   84   99  116  133  149  161  170  176  180  184  189  195  200  204  206  205
  201  196  195  190  190  178  175  165  169                                   
    50.0-180.0 180.0   5.0 450.0                            LAT/LON1/LON2/DLON/H
  183  168  153  133  118  102   86   71   60   50   44   42   41   42   45   47
   48   48   46   42   38   35   33   32   33   34   35   35   35   35   35   37
   40   45   51   56   60   64   66   68   69   70   71   72   73   76   81   89
  100  114  129  145  159  171  178  184  188  193  199  206  213  217  218  217
  213  207  205  199  200  187  184  175  183                                   
    47.5-180.0 180.0   5.0 450.0                            LAT/LON1/LON2/DLON/H
  192  177  163  147  133  117  100   82   68   55   47   44   43   44   46   49
   50   49   47   44   41   39   39   40   42   43   45   45   44   43   42   44
   47   53   60   67   72   77   80   83   85   86   87   88   90   93   98  105
  116  129  143  157  170  181  188  193  197  202  208  215  221  224  224  222
  216  210  207  201  201  189  186  181  192                                   
    45.0-180.0 180.0   5.0 450.0                            LAT/LON1/LON2/DLON/H
  193  179  168  158  148  134  117   98   81   66   56   52   49   49   50   51
   52   51   49   48   47   48   50   53   57   59   60   60   58   55   53   53
   55   60   67   74   80   86   90   94   97   99  101  102  104  107  113  121
  131  143  156  169  181  191  198  202  206  210  215  220  224  224  222  218
  212  206  202  196  196  184  182  180  193                                   
    42.5-180.0 180.0   5.0 450.0                            LAT/LON1/LON2/DLON/H
  186  173  166  163  157  147  132  115   98   82   70   65   61   59   58   57
   56   54   53   54   56   60   65   71   76   79   79   77   73   68   63   61
   61   64   70   77   84   90   95  100  104  108  110  112  114  118  125  134
  144  155  167  180  192  201  208  212  215  218  221  224  225  222  217  212
  206  200  196  189  187  175  173  173  186                                   
    40.0-180.0 180.0   5.0 450.0                            LAT/LON1/LON2/DLON/H
  174  161  156  158  156  151  141  128  112   98   87   81   76   73   70   67
   63   61   61   63   68   75   83   90   95   97   96   92   86   79   72   67
   65   67   72   78   84   90   96  102  108  113  116  119  122  128  135  145
  155  166  177  189  201  211  218  222  225  227  229  230  228  223  217  212
  206  200  196  188  183  169  166  166  174                                   
    37.5-180.0 180.0   5.0 450.0                            LAT/LON1/LON2/DLON/H
  163  147  141  145  146  145  139  131  120  108  100   95   92   88   84   79
   75   72   72   76   83   92  101  108  111  111  108  102   94   86   78   72
   69   70   73   78   83   89   95  102  109  115  120  123  128  135  143  154
  164  175  186  197  209  219  228  233  237  240  242  242  240  235  229  226
  222  217  214  204  196  177  171  168  163                                   
    35.0-180.0 180.0   5.0 450.0                            LAT/LON1/LON2/DLON/H
  158  138  128  128  129  129  127  123  117  110  106  105  104  101   98   93
   88   86   86   91  100  109  117  121  121  117  112  106   98   90   82   77
   74   74   76   80   83   88   94  101  109  116  122  127  133  141  150  161
  172  183  193  205  217  229  239  247  253  258  262  264  263  261  259  259
  259  256  255  243  233  208  199  189  158                                   
    32.5-180.0 180.0   5.0 450.0                            LAT/LON1/LON2/DLON/H
  169  141  124  115  112  110  109  108  106  103  103  107  109  109  108  104
  101   99  101  106  114  122  127  128  124  118  112  105   99   92   87   83
   82   82   83   84   86   89   93  100  108  116  123  130  137  146  157  168
  180  190  201  213  227  241  253  264  274  282  289  295  299  301  305  310
  314  316  317  305  293  263  250  231  169                                   
    30.0-180.0 180.0   5.0 450.0                            LAT/LON1/LON2/DLON/H
  200  165  137  114  103   95   92   90   90   90   94  101  107  110  112  111
  110  109  112  117  124  129  130  127  121  114  109  104   99   96   93   92
   92   92   93   92   91   92   94   99  107  115  123  131  139  150  162  175
  187  199  210  223  238  254  270  284  298  311  322  333  342  350  360  371
  381  387  391  378  369  336  318  293  200                                   
    27.5-180.0 180.0   5.0 450.0                            LAT/LON1/LON2/DLON/H
  253  212  172  133  111   93   82   77   75   76   82   90   99  105  109  111
  112  113  116  120  124  127  126  121  116  110  106  104  102  102  102  104
  106  107  106  103   99   96   96   99  105  112  121  130  140  152  167  181
  195  208  221  235  252  270  289  307  325  342  359  374  389  403  419  436
  451  461  468  456  448  416  393  365  253                                   
    25.0-180.0 180.0   5.0 450.0                            LAT/LON1/LON2/DLON/H
  324  280  227  174  138  109   88   75   69   68   72   79   88   96  102  106
  108  110  112  114  116  117  115  113  110  108  108  109  110  113  117  122
  125  126  122  115  107  101   97   97  101  108  116  126  139  153  170  186
  202  217  233  249  268  289  311  333  354  376  396  416  435  455  476  498
  517  531  538  529  524  496  469  443  324                                   
    22.5-180.0 180.0   5.0 450.0                            LAT/LON1/LON2/DLON/H
  405  362  297  233  186  146  113   92   78   71   70   74   80   87   93   98
  100  101  102  103  103  104  105  106  108  111  115  120  125  131  138  144
  146  144  136  125  112  103   96   94   95  100  109  121  135  152  171  191
  210  228  246  266  287  310  335  360  384  409  432  455  477  500  525  549
  569  585  593  588  585  566  539  518  405                                   
    20.0-180.0 180.0   5.0 450.0                            LAT/LON1/LON2/DLON/H
  483  445  374  305  249  200  157  128  106   91   83   81   82   86   90   93
   94   94   92   92   92   94   98  104  112  120  129  137  146  154  160  164
  163  155  143  127  112  100   92   88   87   91  100  113  130  151  172  195
  217  238  260  283  307  333  359  386  413  438  463  486  509  532  557  580
  598  613  621  620  619  613  594  580  483                                   
    17.5-180.0 180.0   5.0 450.0                            LAT/LON1/LON2/DLON/H
  542  516  449  383  321  268  217  181  152  130  114  104   99   98   98   98
   96   94   91   90   90   94  101  111  123  136  149  159  168  175  178  178
  171  158  141  123  106   94   86   81   79   82   91  106  126  148  173  198
  223  249  274  300  326  353  380  407  434  459  483  504  525  546  566  585
  599  610  617  620  619  628  622  616  542                                   
    15.0-180.0 180.0   5.0 450.0                            LAT/LON1/LON2/DLON/H
  576  564  511  456  395  339  284  244  211  184  162  146  135  128  123  119
  114  109  105  103  103  108  116  129  144  159  172  181  187  189  187  181
  170  153  133  114   99   88   81   76   73   76   85  100  122  147  174  201
  229  257  285  313  340  367  395  422  447  470  490  508  525  541  556  567
  575  581  586  591  591  609  617  620  576                                   
    12.5-180.0 180.0   5.0 450.0                            LAT/LON1/LON2/DLON/H
  585  587  554  512  459  406  351  310  274  245  220  201  187  176  167  159
  152  145  139  135  135  138  146  159  173  186  195  198  197  193  186  175
  161  142  123  106   93   85   79   74   72   73   81   98  120  147  175  204
  233  263  292  321  349  376  402  428  451  470  487  500  513  524  533  538
  539  540  542  547  550  571  586  596  585                                   
    10.0-180.0 180.0   5.0 450.0                            LAT/LON1/LON2/DLON/H
  576  588  575  546  506  460  409  369  333  303  279  262  248  237  227  217
  208  200  193  189  186  187  192  200  208  212  211  205  197  187  176  164
  149  132  115  101   92   86   82   77   74   74   82   98  122  149  178  207
  236  266  297  326  353  379  404  428  449  466  479  489  498  506  511  512
  509  505  505  509  512  531  547  558  576                                   
     7.5-180.0 180.0   5.0 450.0                            LAT/LON1/LON2/DLON/H
  559  577  576  558  532  495  449  412  378  351  329  315  306  299  292  284
  276  269  264  259  254  250  247  244  240  231  218  203  188  175  163  151
