data/edconvlstm_nd/pred2440.15i
     1.0            IONOSPHERE MAPS     GNSS                IONEX VERSION / TYPE
pyspatialgeodesy        IME             05-JAN-18 20:20     PGM / RUN BY / DATE 
Map Name                                                    COMMENT             
Predicted global ionosphere maps (GIM).                     DESCRIPTION         
  2015     9     1     0     0     0                        EPOCH OF FIRST MAP  
  2015     9     2     0     0     0                        EPOCH OF LAST MAP   
  7200                                                      INTERVAL            
    13                                                      # OF MAPS IN FILE   
  NONE                                                      MAPPING FUNCTION    
10.0                                                        ELEVATION CUTOFF    
One-way carrier phase leveled to code                       OBSERVABLES USED    
  6371.0                                                    BASE RADIUS         
 2                                                          MAP DIMENSION       
   450.0 450.0   0.0                                        HGT1 / HGT2 / DHGT  
    87.5 -87.5  -2.5                                        LAT1 / LAT2 / DLAT  
  -180.0 180.0   5.0                                        LON1 / LON2 / DLON  
    -1                                                      EXPONENT            
                                                            END OF HEADER       
[from data line 2145]
     6                                                      START OF TEC MAP    
  2015     9     1    10     0     0                        EPOCH OF CURRENT MAP
    87.5-180.0 180.0   5.0 450.0                            LAT/LON1/LON2/DLON/H
   96  106  105  110  111  111  110  106  107  108  108  108  107  107  106  106
  105  105  105  105  105  105  105  105  105  106  106  107  108  108  109  110
  111  111  112  112  113  113  113  113  113  113  113  113  113  112  112  112
  111  110  110  109  109  108  108  107  107  106  106  106  105  105  105  105
  105  106  104  102  107  105  116  113   96                                   
    85.0-180.0 180.0   5.0 450.0                            LAT/LON1/LON2/DLON/H
  100  112  120  113  112  116  115  115  115  116  115  115  113  113  112  111
  110  109  109  109  109  109  109  110  111  112  113  114  116  117  118  119
  120  121  122  123  123  124  124  124  124  124  123  123  122  122  121  120
  119  119  118  117  116  115  114  114  113  112  112  111  111  111  110  110
  112  112  108  105  103  106  114  117  100                                   
    82.5-180.0 180.0   5.0 450.0                            LAT/LON1/LON2/DLON/H
  100  111  119  112  110  113  114  114  113  114  112  111  109  107  105  104
  102  101  100   99   99  100  101  102  103  105  107  110  112  114  117  119
  121  123  124  126  127  128  128  129  129  129  129  128  127  127  126  125
  123  122  121  119  118  117  115  114  113  112  111  110  109  109  108  108
  108  108  104  102  102  107  106  104  100                                   
    80.0-180.0 180.0   5.0 450.0                            LAT/LON1/LON2/DLON/H
   99  104  111  107  106  107  107  108  108  108  105  104  101   98   95   92
   90   88   86   86   86   87   88   90   93   96   99  102  106  109  112  116
  118  121  123  125  127  128  130  130  131  131  131  131  130  130  129  127
  126  124  123  121  119  117  116  114  112  111  109  108  107  106  105  104
  104  103  101  100   99  103  107  103   99                                   
    77.5-180.0 180.0   5.0 450.0                            LAT/LON1/LON2/DLON/H
   99   99  104  103  100  103  104  105  105  103  100   98   94   90   87   83
   80   78   76   76   76   77   80   83   86   90   94   98  103  107  112  116
  120  123  126  129  131  133  135  137  138  139  139  139  139  139  138  137
  136  134  132  130  128  126  124  122  120  117  115  114  112  110  109  107
  106  104  101  101   99   97   98   99   99                                   
    75.0-180.0 180.0   5.0 450.0                            LAT/LON1/LON2/DLON/H
   88   90   90   92   90   95   95   96   95   95   91   89   84   80   76   72
   68   66   65   65   66   68   71   75   79   84   89   94   99  103  108  112
  117  120  124  127  130  133  135  137  140  141  143  144  144  144  144  144
  142  141  140  138  136  134  131  129  126  124  121  119  117  115  113  111
  109  106  102   97   96   93   94   90   88                                   
    72.5-180.0 180.0   5.0 450.0                            LAT/LON1/LON2/DLON/H
   82   82   81   82   81   86   87   88   88   87   84   82   78   74   69   65
   62   60   60   60   62   65   69   73   78   83   88   93   98  103  107  112
  116  120  124  127  131  134  137  140  143  146  148  150  151  152  152  151
  150  149  148  146  145  142  140  138  135  133  130  128  126  124  121  119
  116  112  108  103   98   94   91   91   82                                   
    70.0-180.0 180.0   5.0 450.0                            LAT/LON1/LON2/DLON/H
   79   75   73   73   70   73   73   75   75   76   74   72   69   65   62   59
   56   55   55   57   60   64   68   74   79   84   88   93   97  101  105  109
  113  116  120  123  127  131  135  139  143  146  149  151  152  153  153  153
  152  152  150  149  148  146  143  141  138  136  133  131  129  127  125  124
  121  116  112  106  100   95   93   93   79                                   
    67.5-180.0 180.0   5.0 450.0                            LAT/LON1/LON2/DLON/H
   76   69   67   65   61   63   63   64   65   66   65   65   63   61   58   56
   55   55   56   58   62   67   72   77   81   86   90   93   96  100  103  106
  109  112  115  119  123  128  132  137  142  146  149  151  153  153  153  152
  151  151  150  149  148  146  144  142  139  137  135  133  131  130  128  127
  125  121  117  110  103   97   93   92   76                                   
    65.0-180.0 180.0   5.0 450.0                            LAT/LON1/LON2/DLON/H
   77   69   64   61   55   54   54   55   56   57   57   58   58   57   56   55
   55   56   58   61   65   70   75   80   85   88   92   94   97   99  101  104
  107  110  113  117  122  127  132  138  143  148  151  154  154  154  153  152
  151  150  150  149  149  148  146  144  141  138  136  134  133  132  131  130
  129  126  123  117  110  105   99   97   77                                   
    62.5-180.0 180.0   5.0 450.0                            LAT/LON1/LON2/DLON/H
   80   71   65   60   52   50   47   47   48   49   50   52   53   53   53   54
   54   55   58   61   66   71   76   81   85   88   91   93   95   97   99  102
  105  108  111  116  121  126  133  139  146  151  154  156  156  155  153  151
  149  149  149  149  150  149  148  146  142  139  136  134  133  132  132  132
  131  129  126  121  115  110  105  102   80                                   
    60.0-180.0 180.0   5.0 450.0                            LAT/LON1/LON2/DLON/H
   85   76   68   62   52   47   44   42   42   43   44   46   47   49   49   50
   51   52   54   58   62   67   72   77   82   85   87   89   91   93   96   99
  102  106  110  115  121  127  135  142  149  154  158  159  158  156  153  150
  149  149  149  151  152  152  151  149  145  141  137  135  133  132  131  131
  131  129  128  124  118  114  109  105   85                                   
    57.5-180.0 180.0   5.0 450.0                            LAT/LON1/LON2/DLON/H
   91   82   75   67   56   50   44   41   40   40   40   42   44   45   46   46
   46   47   49   52   56   61   67   72   77   80   83   85   88   91   94   98
  102  107  111  117  124  132  140  148  156  162  165  166  165  162  158  156
  154  154  156  158  160  161  159  156  152  147  143  140  137  136  135  134
  134  132  131  127  122  118  113  108   91                                   
    55.0-180.0 180.0   5.0 450.0                            LAT/LON1/LON2/DLON/H
   97   89   82   75   63   56   49   44   40   39   38   40   40   41   42   42
   41   42   43   45   49   54   60   66   71   75   79   81   84   88   92   97
  103  108  115  121  129  138  147  156  165  171  174  175  174  171  167  164
  163  163  165  168  170  171  170  166  161  156  151  147  144  142  140  139
  138  135  134  129  124  120  115  110   97                                   
    52.5-180.0 180.0   5.0 450.0                            LAT/LON1/LON2/DLON/H
  101   94   89   82   72   65   57   50   45   42   39   40   39   39   39   38
   37   37   38   39   43   47   54   60   67   72   76   79   83   87   92   98
  105  112  119  127  136  146  156  166  175  181  186  187  186  183  179  176
  175  175  177  179  181  182  180  176  170  164  159  156  153  151  149  147
  145  141  138  133  127  121  116  110  101                                   
    50.0-180.0 180.0   5.0 450.0                            LAT/LON1/LON2/DLON/H
  104   98   93   89   81   74   67   59   52   47   43   42   40   39   38   36
   35   34   34   36   39   44   50   58   65   71   76   79   83   87   93  100
  108  116  125  134  144  155  166  177  186  193  197  199  198  196  193  190
  188  187  188  189  190  190  187  183  177  172  167  164  163  161  160  158
  155  149  145  137  130  122  116  111  104                                   
    47.5-180.0 180.0   5.0 450.0                            LAT/LON1/LON2/DLON/H
  104   99   96   94   87   83   76   69   61   55   50   47   44   41   39   37
   35   34   34   35   38   44   51   60   68   74   78   82   85   89   95  102
  111  120  130  141  153  165  176  187  196  203  208  210  210  209  206  202
  199  197  197  196  195  194  190  185  180  175  172  170  170  171  170  169
  165  159  153  143  133  123  116  111  104                                   
    45.0-180.0 180.0   5.0 450.0                            LAT/LON1/LON2/DLON/H
  102   97   95   96   91   89   83   77   70   64   58   54   49   45   42   39
   38   37   37   38   41   47   55   64   73   79   83   86   88   91   97  105
  114  125  136  149  161  174  186  196  205  212  217  220  221  219  217  213
  209  205  202  199  196  193  188  183  178  174  173  174  176  178  179  179
  175  169  160  148  136  124  116  111  102                                   
    42.5-180.0 180.0   5.0 450.0                            LAT/LON1/LON2/DLON/H
   99   94   92   94   91   90   86   82   76   71   66   62   57   52   48   45
   43   42   42   44   47   53   61   70   78   85   88   90   92   95  100  108
  118  129  142  156  170  183  194  205  213  220  226  229  230  229  227  223
  218  212  207  201  196  191  185  180  176  173  173  175  179  183  186  186
  184  177  167  153  139  125  116  111   99                                   
    40.0-180.0 180.0   5.0 450.0                            LAT/LON1/LON2/DLON/H
   95   89   88   89   86   87   85   83   80   76   73   69   65   60   56   53
   51   50   50   52   55   60   67   75   83   89   92   94   95   98  104  112
  122  134  148  163  178  191  203  213  221  228  233  237  239  239  237  234
  229  222  215  207  200  194  188  182  178  176  177  180  184  188  191  193
  190  183  172  157  141  125  116  110   95                                   
    37.5-180.0 180.0   5.0 450.0                            LAT/LON1/LON2/DLON/H
   92   86   84   84   80   81   81   80   80   79   78   76   72   68   64   61
   59   59   59   59   61   65   71   78   85   91   95   97   99  102  108  116
  127  140  155  171  186  200  211  221  229  236  242  247  250  252  252  250
  246  240  232  223  215  208  201  195  191  189  189  191  195  198  200  200
  196  187  175  159  142  124  114  109   92                                   
    35.0-180.0 180.0   5.0 450.0                            LAT/LON1/LON2/DLON/H
   91   83   81   78   73   73   74   76   78   79   81   81   79   76   72   69
   68   67   66   66   67   69   73   79   85   91   95   99  102  106  113  122
  133  147  162  179  194  208  220  229  238  246  254  260  266  270  273  275
  273  269  262  254  246  238  231  224  219  216  214  215  215  215  214  211
  204  193  178  160  141  122  112  107   91                                   
    32.5-180.0 180.0   5.0 450.0                            LAT/LON1/LON2/DLON/H
   91   83   80   74   68   67   69   71   74   78   82   84   84   82   79   76
   74   73   72   71   70   71   74   78   83   89   95  100  105  112  119  129
  140  154  170  187  203  217  229  239  249  259  269  278  287  295  302  308
  311  310  306  300  292  285  277  269  263  258  254  251  248  243  236  228
  216  201  183  161  141  119  111  106   91                                   
    30.0-180.0 180.0   5.0 450.0                            LAT/LON1/LON2/DLON/H
   95   85   82   73   65   64   65   67   72   77   82   87   88   87   85   82
   80   78   76   75   73   73   74   77   82   88   95  102  110  118  126  137
  148  162  179  196  213  228  240  251  263  275  288  300  312  324  336  347
  356  360  359  356  351  343  335  327  318  311  305  299  291  280  268  253
  235  214  191  165  144  119  110  107   95                                   
    27.5-180.0 180.0   5.0 450.0                            LAT/LON1/LON2/DLON/H
  102   91   86   76   66   64   65   67   71   77   83   88   90   91   89   86
   83   81   79   78   76   75   75   77   81   88   96  105  114  124  134  145
  157  171  188  206  224  239  253  265  279  294  309  325  340  356  373  389
  403  412  416  416  413  407  398  389  379  370  362  353  341  326  306  285
  259  232  204  173  149  121  112  110  102                                   
    25.0-180.0 180.0   5.0 450.0                            LAT/LON1/LON2/DLON/H
  111   99   93   82   72   69   69   70   74   79   84   89   92   93   91   89
   86   84   82   81   80   79   79   80   83   90   98  108  119  131  142  154
  166  181  198  217  236  253  268  282  297  314  331  349  368  387  408  428
  446  459  467  471  470  465  456  446  435  425  416  406  391  372  347  320
  288  254  221  186  159  127  117  117  111                                   
    22.5-180.0 180.0   5.0 450.0                            LAT/LON1/LON2/DLON/H
  122  109  103   92   81   77   77   77   79   82   85   89   92   94   93   90
   87   85   84   84   84   84   83   84   87   93  102  113  125  137  150  162
  175  190  209  229  249  268  284  300  316  335  353  372  392  413  436  458
  478  494  506  512  512  508  498  487  476  466  458  447  433  412  384  352
  316  278  240  202  173  138  126  126  122                                   
    20.0-180.0 180.0   5.0 450.0                            LAT/LON1/LON2/DLON/H
  135  121  114  104   93   88   87   86   86   87   88   91   93   94   93   91
   88   87   86   87   88   88   88   89   92   97  106  116  129  143  157  170
  185  201  220  242  264  284  302  319  337  355  374  393  412  432  454  476
  496  513  525  532  532  527  518  506  495  487  480  472  458  438  410  377
  339  299  260  220  189  153  139  139  135                                   
    17.5-180.0 180.0   5.0 450.0                            LAT/LON1/LON2/DLON/H
  149  135  127  117  107  100   98   95   94   92   92   93   94   95   94   92
   89   88   88   88   90   90   91   93   95  100  109  120  133  148  163  179
  194  212  232  255  278  300  319  338  356  374  392  409  426  445  464  482
  499  513  523  529  529  523  514  503  493  487  482  476  466  448  423  391
  354  316  277  238  207  171  155  155  149                                   
    15.0-180.0 180.0   5.0 450.0                            LAT/LON1/LON2/DLON/H
  163  150  140  130  120  111  108  104  101   98   96   95   96   97   96   93
   91   89   88   88   89   90   91   93   97  102  110  122  136  152  169  187
  204  223  245  268  292  315  336  355  374  392  408  422  436  450  464  477
  489  499  506  510  509  503  494  484  476  472  469  466  458  443  420  392
  359  325  290  254  225  190  174  172  163                                   
    12.5-180.0 180.0   5.0 450.0                            LAT/LON1/LON2/DLON/H
  179  165  155  143  131  121  116  111  107  103  100   99  100  100   98   96
   93   90   88   87   86   87   88   91   95  102  111  124  139  157  176  195
  214  234  256  279  303  327  349  369  388  405  420  431  441  450  459  467
  473  479  484  486  485  479  470  462  455  452  450  447  440  427  407  383
  354  326  296  267  241  209  194  189  179                                   
    10.0-180.0 180.0   5.0 450.0                            LAT/LON1/LON2/DLON/H
  195  181  170  154  142  128  122  116  111  107  104  104  104  104  102   99
   95   92   88   84   82   81   82   86   92  101  112  125  142  161  182  203
  223  244  265  288  311  334  356  378  397  414  426  436  443  449  454  457
  460  462  465  467  466  461  454  446  440  436  433  428  419  405  387  365
  342  319  297  273  253  225  212  204  195                                   
     7.5-180.0 180.0   5.0 450.0                            LAT/LON1/LON2/DLON/H
  210  197  185  165  151  135  128  121  116  111  108  108  108  108  105  102
   98   93   88   82   77   75   76   80   88   99  112  128  146  166  188  210
