data/edconvlstm_nd/pred1010.15i
     1.0            IONOSPHERE MAPS     GNSS                IONEX VERSION / TYPE
pyspatialgeodesy        IME             05-JAN-18 20:20     PGM / RUN BY / DATE 
Map Name                                                    COMMENT             
Predicted global ionosphere maps (GIM).                     DESCRIPTION         
  2015     4    11     0     0     0                        EPOCH OF FIRST MAP  
  2015     4    12     0     0     0                        EPOCH OF LAST MAP   
  7200                                                      INTERVAL            
    13                                                      # OF MAPS IN FILE   
  NONE                                                      MAPPING FUNCTION    
10.0                                                        ELEVATION CUTOFF    
One-way carrier phase leveled to code                       OBSERVABLES USED    
  6371.0                                                    BASE RADIUS         
 2                                                          MAP DIMENSION       
   450.0 450.0   0.0                                        HGT1 / HGT2 / DHGT  
    87.5 -87.5  -2.5                                        LAT1 / LAT2 / DLAT  
  -180.0 180.0   5.0                                        LON1 / LON2 / DLON  
    -1                                                      EXPONENT            
                                                            END OF HEADER       
[from data line 858]
     3                                                      START OF TEC MAP    
  2015     4    11     4     0     0                        EPOCH OF CURRENT MAP
    87.5-180.0 180.0   5.0 450.0                            LAT/LON1/LON2/DLON/H
  104   93   89   91   94   91   89   87   89   90   91   92   93   94   94   94
   94   94   93   93   92   91   89   88   87   85   84   83   82   81   80   79
   78   78   78   77   77   77   78   78   78   78   79   79   79   80   80   81
   81   81   82   82   82   82   83   83   83   83   83   83   83   83   82   83
   83   85   84   83   86   90   94  100  104                                   
    85.0-180.0 180.0   5.0 450.0                            LAT/LON1/LON2/DLON/H
   90   94   85   90   95   93   94   94   96   98  100  102  103  104  105  105
  105  105  104  102  101   99   97   95   93   91   89   87   86   84   83   82
   81   81   80   80   80   80   80   80   81   81   81   82   82   83   83   84
   84   85   85   86   87   87   88   88   89   89   90   90   90   90   89   90
   91   93   89   92   86   86   90   86   90                                   
    82.5-180.0 180.0   5.0 450.0                            LAT/LON1/LON2/DLON/H
   84   88   86   87   90   91   93   94   98  101  103  107  109  111  112  113
  113  112  110  107  105  101   98   94   91   88   85   82   80   78   77   76
   75   75   75   75   76   76   77   78   79   79   80   81   82   83   84   85
   85   86   87   88   90   91   92   93   94   96   97   98   98   98   98   99
   99  100   96   96   97   86   82   80   84                                   
    80.0-180.0 180.0   5.0 450.0                            LAT/LON1/LON2/DLON/H
   92   91   81   84   86   86   90   93   97  100  104  109  112  114  116  116
  115  113  109  105  100   95   89   84   79   75   71   68   65   64   63   63
   63   64   66   67   69   70   72   74   76   77   79   80   82   83   84   86
   87   89   90   92   94   96   99  101  104  106  109  111  112  114  114  116
  116  115  112  109  110  101  100   90   92                                   
    77.5-180.0 180.0   5.0 450.0                            LAT/LON1/LON2/DLON/H
  108  106   93   92   91   90   94   97  101  105  110  115  119  122  123  122
  120  116  111  104   98   90   83   76   70   65   61   58   56   55   56   58
   60   63   66   70   73   76   79   82   85   87   89   91   93   95   97   99
  101  103  105  108  111  114  118  122  126  130  134  138  141  143  145  148
  148  148  143  142  139  127  124  113  108                                   
    75.0-180.0 180.0   5.0 450.0                            LAT/LON1/LON2/DLON/H
  128  126  109  105  100   97   98   99  102  106  110  115  119  121  121  119
  115  109  102   94   86   78   70   62   56   51   47   45   44   45   48   51
   56   61   66   71   75   80   84   87   90   93   96   98  100  102  105  107
  109  111  114  118  122  127  132  138  143  149  155  160  165  169  173  177
  178  180  177  172  168  158  155  142  128                                   
    72.5-180.0 180.0   5.0 450.0                            LAT/LON1/LON2/DLON/H
  149  148  132  123  115  109  108  107  109  111  114  118  120  121  119  116
  110  103   95   86   77   69   61   54   49   44   42   41   42   45   49   55
   61   68   75   81   86   91   95   99  102  105  108  111  114  116  119  121
  124  127  131  135  140  146  152  158  165  172  179  185  191  196  201  206
  209  212  212  208  201  191  186  174  149                                   
    70.0-180.0 180.0   5.0 450.0                            LAT/LON1/LON2/DLON/H
  174  170  154  140  129  119  116  112  112  113  114  116  116  115  111  106
   99   92   83   75   67   60   54   48   44   41   39   40   42   46   52   59
   66   74   81   88   94   98  102  105  108  111  114  118  121  125  128  131
  135  138  142  147  152  159  165  173  180  187  194  201  207  212  217  224
  228  232  234  233  228  219  215  205  174                                   
    67.5-180.0 180.0   5.0 450.0                            LAT/LON1/LON2/DLON/H
  191  187  170  155  141  129  123  117  116  114  113  113  111  108  103   97
   90   83   76   69   62   57   52   48   45   43   43   44   47   51   57   64
   72   79   86   91   96   99  102  104  107  110  114  119  124  129  134  138
  142  146  151  155  161  167  173  180  187  194  200  206  211  216  221  227
  232  237  241  241  239  233  230  224  191                                   
    65.0-180.0 180.0   5.0 450.0                            LAT/LON1/LON2/DLON/H
  203  199  182  166  152  138  130  123  119  115  113  110  107  102   97   91
   85   79   73   68   64   60   57   55   53   52   51   53   55   59   64   70
   77   83   88   92   95   97   98  100  103  107  113  120  127  135  141  147
  153  157  162  167  172  177  183  189  195  201  206  210  213  216  219  223
  227  233  238  240  241  237  237  234  203                                   
    62.5-180.0 180.0   5.0 450.0                            LAT/LON1/LON2/DLON/H
  209  207  192  175  162  148  137  129  123  118  113  109  104   99   94   89
   84   79   76   73   70   68   66   65   63   62   62   62   64   66   70   74
   78   83   86   88   89   90   91   93   97  103  111  121  131  141  151  159
  165  171  176  181  185  190  195  199  204  209  212  214  216  216  216  218
  220  224  229  232  235  233  236  235  209                                   
    60.0-180.0 180.0   5.0 450.0                            LAT/LON1/LON2/DLON/H
  213  212  199  184  172  158  146  136  128  120  113  108  102   97   92   88
   85   83   81   80   78   77   76   75   73   72   71   70   70   71   72   74
   76   78   80   81   81   82   83   86   91   99  110  123  137  150  163  173
  181  188  194  199  203  207  211  214  218  221  223  224  223  221  218  217
  216  217  221  223  227  226  230  230  213                                   
    57.5-180.0 180.0   5.0 450.0                            LAT/LON1/LON2/DLON/H
  220  220  209  196  187  172  160  147  137  126  116  108  102   96   92   89
   88   87   87   87   86   85   83   82   80   78   76   75   74   73   72   72
   72   73   73   73   74   75   77   81   88   99  113  129  147  164  179  192
  202  211  218  223  228  231  234  236  238  240  241  241  239  235  230  226
  222  220  221  221  223  222  227  228  220                                   
    55.0-180.0 180.0   5.0 450.0                            LAT/LON1/LON2/DLON/H
  231  232  223  213  207  193  180  165  151  136  123  112  104   97   93   91
   91   91   91   91   90   89   87   85   83   81   79   77   75   73   71   70
   69   68   68   69   70   72   75   81   91  104  120  140  160  180  199  214
  228  239  247  254  259  261  263  264  265  266  266  266  264  259  253  247
  239  234  231  227  227  224  229  231  231                                   
    52.5-180.0 180.0   5.0 450.0                            LAT/LON1/LON2/DLON/H
  248  249  243  236  232  219  207  190  173  154  136  122  110  102   97   95
   94   94   94   93   92   89   87   84   82   81   79   78   76   74   72   70
   68   67   68   69   71   75   80   88   99  114  132  154  178  201  222  240
  256  270  281  289  294  297  298  297  297  297  297  296  294  289  283  276
  267  259  253  244  239  233  238  241  248                                   
    50.0-180.0 180.0   5.0 450.0                            LAT/LON1/LON2/DLON/H
  269  270  266  262  259  249  238  220  201  178  157  139  123  111  104   99
   97   96   95   94   91   88   85   83   81   80   80   80   79   77   75   73
   72   71   72   75   79   84   91  100  112  128  149  173  198  223  247  268
  287  303  316  326  332  335  335  334  332  331  329  328  326  322  316  310
  300  292  283  270  261  251  254  259  269                                   
    47.5-180.0 180.0   5.0 450.0                            LAT/LON1/LON2/DLON/H
  291  291  289  287  285  278  269  251  231  207  184  162  142  126  115  107
  102   99   97   95   92   88   84   82   80   81   82   83   83   82   81   79
   79   80   82   86   91   97  105  116  129  146  168  193  220  247  272  295
  316  334  349  361  369  373  373  370  367  364  361  359  356  353  348  343
  335  326  315  300  286  273  274  281  291                                   
    45.0-180.0 180.0   5.0 450.0                            LAT/LON1/LON2/DLON/H
  310  308  306  306  304  300  293  279  260  237  212  188  166  146  130  119
  111  106  103  100   96   92   88   84   83   83   85   87   88   88   88   88
   89   91   95  100  106  113  122  133  147  165  188  214  241  269  295  319
  342  361  378  391  401  405  406  404  400  396  391  387  383  380  376  372
  365  357  346  329  312  296  295  303  310                                   
    42.5-180.0 180.0   5.0 450.0                            LAT/LON1/LON2/DLON/H
  322  316  313  313  311  309  306  296  281  261  238  215  191  169  149  135
  125  118  114  111  107  102   97   92   89   89   90   92   94   95   96   97
  100  104  109  114  120  128  136  148  163  182  205  232  259  287  313  339
  362  383  400  415  426  432  434  433  429  424  419  413  408  403  399  396
  391  384  372  355  336  318  316  324  322                                   
    40.0-180.0 180.0   5.0 450.0                            LAT/LON1/LON2/DLON/H
  330  318  311  308  304  303  302  298  289  274  256  236  214  191  171  154
  143  136  132  129  125  119  112  105  100   97   97   99  101  102  104  107
  111  116  122  127  132  139  147  159  175  195  219  245  272  300  326  352
  376  398  416  432  445  453  458  459  457  452  446  440  434  428  424  420
  415  408  396  378  358  341  337  343  330                                   
    37.5-180.0 180.0   5.0 450.0                            LAT/LON1/LON2/DLON/H
  338  318  304  295  290  287  286  286  282  273  262  247  229  210  191  176
  165  159  156  153  149  142  132  122  113  108  107  107  109  110  112  116
  122  128  133  137  141  146  153  165  182  203  228  254  281  307  334  360
  385  408  428  445  460  472  480  485  486  484  480  474  468  462  456  451
  445  435  422  404  384  368  363  366  338                                   
    35.0-180.0 180.0   5.0 450.0                            LAT/LON1/LON2/DLON/H
  353  328  306  287  277  269  265  265  264  260  254  246  235  221  206  195
  187  183  181  180  175  167  155  142  130  122  119  119  119  120  122  126
  132  138  143  145  146  149  155  166  184  207  233  259  284  310  336  363
  390  414  436  456  473  488  502  513  520  523  524  522  518  513  506  498
  488  475  460  439  419  406  399  397  353                                   
    32.5-180.0 180.0   5.0 450.0                            LAT/LON1/LON2/DLON/H
  386  358  325  294  278  263  251  247  243  240  238  235  230  223  215  208
  205  204  204  203  199  190  177  161  148  139  135  134  134  133  135  138
  144  149  152  152  151  150  154  165  183  206  233  259  284  309  335  363
  392  419  443  465  485  505  525  543  558  570  580  586  588  585  578  568
  554  535  515  490  469  458  447  442  386                                   
    30.0-180.0 180.0   5.0 450.0                            LAT/LON1/LON2/DLON/H
  442  413  369  328  304  280  257  243  233  226  222  221  220  218  216  215
  216  217  218  218  215  207  195  181  168  159  156  155  153  152  152  154
  158  162  163  161  156  152  153  162  179  203  230  257  281  305  331  360
  391  422  449  473  497  521  547  572  596  619  640  657  668  673  670  660
  642  619  594  562  538  528  510  503  442                                   
    27.5-180.0 180.0   5.0 450.0                            LAT/LON1/LON2/DLON/H
  520  497  440  390  359  327  292  265  243  227  217  213  212  213  214  216
  219  221  223  223  222  218  210  200  191  185  182  181  180  177  175  175
  177  178  177  171  163  156  153  159  175  199  226  252  276  299  325  356
  390  424  455  482  509  537  567  598  630  663  694  722  745  759  764  757
  740  716  688  651  624  615  589  580  520                                   
    25.0-180.0 180.0   5.0 450.0                            LAT/LON1/LON2/DLON/H
  618  604  538  483  444  404  356  316  281  253  233  222  217  215  215  217
  218  219  219  220  222  224  223  221  217  215  214  214  212  207  203  200
  198  197  192  183  172  160  154  157  170  193  221  247  270  293  320  352
  389  427  461  492  522  552  584  619  656  695  733  770  802  827  840  839
  827  807  780  745  714  707  683  668  618                                   
    22.5-180.0 180.0   5.0 450.0                            LAT/LON1/LON2/DLON/H
  723  722  655  598  551  506  446  393  345  306  276  255  242  233  228  224
  220  217  215  215  221  230  238  244  247  248  250  249  245  238  230  223
  219  214  206  194  179  165  154  153  164  187  215  242  266  289  316  350
  389  430  468  502  534  565  598  633  672  712  753  795  833  865  885  891
  887  873  855  826  797  791  777  757  723                                   
    20.0-180.0 180.0   5.0 450.0                            LAT/LON1/LON2/DLON/H
  823  831  769  716  662  614  548  486  429  382  342  313  290  272  257  244
  233  224  218  218  227  241  258  271  279  283  284  281  274  262  250  240
  232  225  215  202  184  166  152  148  158  180  208  237  262  287  314  348
  389  432  473  510  543  575  607  640  676  715  755  797  837  872  897  909
  911  906  899  882  857  852  853  829  823                                   
    17.5-180.0 180.0   5.0 450.0                            LAT/LON1/LON2/DLON/H
  899  912  860  814  757  710  643  580  521  470  425  388  356  328  303  280
  261  247  237  236  246  264  285  303  314  316  313  303  289  272  257  245
  237  229  218  203  184  165  149  142  150  172  201  232  259  285  312  347
  388  432  476  514  549  580  611  642  674  708  744  783  821  855  881  896
  904  906  910  906  889  882  896  871  899                                   
    15.0-180.0 180.0   5.0 450.0                            LAT/LON1/LON2/DLON/H
  935  949  912  874  819  776  715  657  603  553  508  468  430  395  362  332
  307  288  276  274  282  300  322  339  347  343  329  310  288  268  252  241
  234  227  215  199  180  160  144  136  143  163  194  226  255  282  311  344
  385  430  474  514  549  580  610  639  668  697  728  761  794  825  850  867
  878  885  896  902  894  885  904  881  935                                   
    12.5-180.0 180.0   5.0 450.0                            LAT/LON1/LON2/DLON/H
  930  943  920  892  842  803  751  702  658  615  573  535  497  460  424  392
  365  346  334  330  335  349  365  376  373  357  331  302  275  254  240  233
  227  219  207  191  173  154  138  131  136  155  185  219  250  278  307  340
  379  423  468  508  544  575  605  633  661  687  713  739  766  793  815  832
  846  856  870  881  880  870  887  867  930                                   
    10.0-180.0 180.0   5.0 450.0                            LAT/LON1/LON2/DLON/H
  899  908  894  872  829  795  751  713  678  642  606  573  542  510  478  450
  429  414  406  401  400  403  408  404  387  358  322  288  260  241  230  225
  220  211  198  182  165  148  133  126  130  148  177  210  243  272  300  333
  371  414  458  499  535  568  600  630  658  682  704  724  745  767  787  804
  819  829  844  855  858  847  859  844  899                                   
     7.5-180.0 180.0   5.0 450.0                            LAT/LON1/LON2/DLON/H
  856  859  850  831  793  763  725  695  665  632  601  575  553  532  511  494
  484  480  477  472  463  452  438  418  387  349  310  275  250  234  226  221
