data/edconvlstm_nd/pred3200.15i
     1.0            IONOSPHERE MAPS     GNSS                IONEX VERSION / TYPE
pyspatialgeodesy        IME             05-JAN-18 20:20     PGM / RUN BY / DATE 
Map Name                                                    COMMENT             
Predicted global ionosphere maps (GIM).                     DESCRIPTION         
  2015    11    16     0     0     0                        EPOCH OF FIRST MAP  
  2015    11    17     0     0     0                        EPOCH OF LAST MAP   
  7200                                                      INTERVAL            
    13                                                      # OF MAPS IN FILE   
  NONE                                                      MAPPING FUNCTION    
10.0                                                        ELEVATION CUTOFF    
One-way carrier phase leveled to code                       OBSERVABLES USED    
  6371.0                                                    BASE RADIUS         
 2                                                          MAP DIMENSION       
   450.0 450.0   0.0                                        HGT1 / HGT2 / DHGT  
    87.5 -87.5  -2.5                                        LAT1 / LAT2 / DLAT  
  -180.0 180.0   5.0                                        LON1 / LON2 / DLON  
    -1                                                      EXPONENT            
                                                            END OF HEADER       
[from data line 4290]
    11                                                      START OF TEC MAP    
  2015    11    16    20     0     0                        EPOCH OF CURRENT MAP
    87.5-180.0 180.0   5.0 450.0                            LAT/LON1/LON2/DLON/H
  101   98   92   96  102   99   98   96   96   99   98  100  100  101  101  101
  101  101  100   99   98   97   96   94   93   91   90   89   87   86   85   85
   84   83   83   83   83   83   83   83   84   84   85   85   86   87   87   88
   89   90   90   91   92   92   93   93   93   94   94   94   94   94   93   93
   93   92   89   85   91   90  104  107  101                                   
    85.0-180.0 180.0   5.0 450.0                            LAT/LON1/LON2/DLON/H
  103   97  106   92   93   98   98  100  102  104  105  106  107  108  109  109
  109  109  108  106  105  103  101   99   97   95   94   92   90   89   88   87
   86   86   85   85   85   85   85   86   86   86   87   87   88   88   89   90
   91   91   92   93   94   94   95   95   96   96   96   96   96   96   96   95
   95   94   89   84   87   90   92   90  103                                   
    82.5-180.0 180.0   5.0 450.0                            LAT/LON1/LON2/DLON/H
   78   78   81   78   83   88   91   93   96   99  102  105  107  109  110  110
  110  108  107  104  101   98   95   92   89   86   84   81   80   78   77   76
   75   75   75   75   75   75   75   75   75   76   76   76   77   78   78   79
   80   82   83   84   85   86   87   88   89   89   89   90   89   89   88   87
   86   84   80   77   79   90   81   82   78                                   
    80.0-180.0 180.0   5.0 450.0                            LAT/LON1/LON2/DLON/H
   53   56   63   61   67   68   77   82   88   93   98  103  106  109  110  110
  109  107  103   99   94   89   84   79   75   71   68   65   63   62   61   61
   61   61   62   62   62   63   63   63   64   64   64   65   66   67   68   69
   70   72   74   75   77   78   80   81   81   82   82   82   81   80   79   77
   75   73   70   67   63   69   61   70   53                                   
    77.5-180.0 180.0   5.0 450.0                            LAT/LON1/LON2/DLON/H
   51   49   52   51   59   63   73   80   88   94  101  108  113  117  118  118
  117  113  108  102   95   87   80   73   68   63   59   56   55   54   54   54
   55   56   56   57   57   58   57   57   57   57   56   57   57   58   59   61
   63   65   67   69   71   73   75   76   77   78   78   77   77   75   73   71
   69   67   64   61   56   57   53   65   51                                   
    75.0-180.0 180.0   5.0 450.0                            LAT/LON1/LON2/DLON/H
   39   41   43   45   54   60   69   77   88   98  106  114  120  125  126  126
  123  118  112  104   95   85   77   69   62   56   52   50   49   49   49   50
   52   53   54   55   55   55   54   54   53   53   52   52   52   53   54   56
   58   60   62   64   66   68   69   70   71   72   72   71   71   70   68   66
   64   63   60   56   50   48   43   46   39                                   
    72.5-180.0 180.0   5.0 450.0                            LAT/LON1/LON2/DLON/H
   42   44   46   53   57   65   76   85   95  104  114  123  130  134  136  136
  132  126  118  108   97   86   75   66   58   52   47   45   44   44   46   47
   49   50   52   52   52   51   50   49   48   47   46   46   46   46   48   49
   51   53   55   57   58   60   61   62   63   63   63   63   62   61   60   59
   57   56   54   49   45   44   42   49   42                                   
    70.0-180.0 180.0   5.0 450.0                            LAT/LON1/LON2/DLON/H
   46   51   54   61   67   76   85   96  108  118  128  137  144  148  149  148
  144  137  129  118  107   95   83   73   64   57   52   50   49   49   50   51
   52   53   53   53   52   51   50   48   47   46   45   45   45   46   47   49
   50   52   53   54   55   56   56   57   57   57   57   57   57   57   56   56
   54   54   53   51   48   48   50   56   46                                   
    67.5-180.0 180.0   5.0 450.0                            LAT/LON1/LON2/DLON/H
   58   64   68   78   85   95  106  117  127  137  146  154  160  163  164  162
  158  152  143  133  121  108   96   84   74   66   60   57   55   54   54   54
   54   54   53   51   49   48   46   44   43   43   42   43   43   45   46   47
   49   50   50   51   51   51   51   52   52   52   52   52   52   52   52   52
   52   52   51   49   47   51   52   58   58                                   
    65.0-180.0 180.0   5.0 450.0                            LAT/LON1/LON2/DLON/H
   65   75   80   93  101  112  122  134  144  154  163  170  175  177  177  175
  171  166  159  149  138  126  113  100   89   80   73   67   64   61   59   57
   55   52   49   46   43   41   39   38   37   37   38   39   40   41   43   44
   45   45   45   45   44   44   44   44   44   44   44   44   45   45   46   47
   47   48   49   49   49   55   58   65   65                                   
    62.5-180.0 180.0   5.0 450.0                            LAT/LON1/LON2/DLON/H
   73   85   92  106  116  129  140  151  162  171  179  185  189  190  190  188
  185  181  175  167  157  145  132  118  106   95   85   78   72   68   63   59
   54   49   44   40   36   33   32   31   31   32   33   35   37   38   39   40
   40   39   39   38   38   37   37   38   38   38   38   38   39   39   40   41
   41   43   44   44   45   52   56   65   73                                   
    60.0-180.0 180.0   5.0 450.0                            LAT/LON1/LON2/DLON/H
   77   91  100  116  127  140  152  164  175  185  193  198  201  201  201  200
  198  195  191  184  175  163  150  136  122  109   99   90   82   75   68   61
   54   47   40   35   31   28   27   26   27   29   31   32   34   35   35   35
   35   34   33   32   31   31   32   32   33   33   33   33   34   34   35   36
   36   37   38   39   40   49   54   64   77                                   
    57.5-180.0 180.0   5.0 450.0                            LAT/LON1/LON2/DLON/H
   81   96  107  124  137  150  163  176  188  197  205  210  212  212  211  211
  210  208  204  199  190  179  165  151  137  124  112  102   93   84   75   66
   57   49   41   35   31   28   27   28   29   31   33   35   35   35   35   34
   33   31   30   29   28   29   30   31   32   33   33   33   33   33   33   34
   35   35   36   36   37   46   51   63   81                                   
    55.0-180.0 180.0   5.0 450.0                            LAT/LON1/LON2/DLON/H
   87  104  117  133  147  159  174  187  200  209  217  221  223  223  222  221
  219  218  214  209  201  190  177  163  150  137  125  114  104   94   83   73
   63   54   47   40   36   34   34   35   36   38   40   40   40   39   38   36
   34   32   31   30   30   31   32   34   36   36   36   36   35   35   36   37
   37   37   38   37   38   45   51   63   87                                   
    52.5-180.0 180.0   5.0 450.0                            LAT/LON1/LON2/DLON/H
   96  115  129  145  158  171  185  199  211  221  228  231  233  232  231  229
  227  224  220  214  206  196  184  172  160  149  138  127  116  105   93   83
   72   63   56   50   47   45   45   46   48   49   50   50   49   47   45   42
   40   39   38   37   37   38   40   42   44   44   44   43   41   41   42   43
   43   45   45   44   44   50   55   67   96                                   
    50.0-180.0 180.0   5.0 450.0                            LAT/LON1/LON2/DLON/H
  110  129  145  159  173  186  199  213  224  233  239  242  243  242  240  237
  234  230  224  217  209  199  190  180  170  161  151  140  128  116  103   92
   82   73   67   62   60   59   60   61   62   63   63   62   60   57   55   53
   51   50   50   49   50   51   52   54   55   55   54   52   50   49   50   52
   53   55   57   57   55   61   66   76  110                                   
    47.5-180.0 180.0   5.0 450.0                            LAT/LON1/LON2/DLON/H
  126  145  163  176  189  202  214  228  238  247  251  254  254  252  250  246
  241  234  227  219  211  203  196  189  182  174  164  152  139  124  110   98
   88   80   75   72   72   72   73   74   76   76   75   74   71   68   66   65
   65   65   65   65   65   66   67   68   68   67   65   61   59   57   59   61
   64   67   70   71   70   76   81   90  126                                   
    45.0-180.0 180.0   5.0 450.0                            LAT/LON1/LON2/DLON/H
  142  160  179  190  203  216  229  242  251  259  263  265  265  263  261  256
  249  240  231  223  216  210  205  200  195  187  177  163  146  128  112   99
   89   82   79   78   79   81   83   85   85   85   84   83   80   78   77   77
   78   80   81   81   81   81   81   81   80   78   75   71   67   66   67   70
   72   77   81   84   85   91   98  106  142                                   
    42.5-180.0 180.0   5.0 450.0                            LAT/LON1/LON2/DLON/H
  154  172  189  202  214  228  240  253  262  269  273  275  275  275  272  267
  259  249  240  232  226  221  218  214  209  200  186  168  147  126  108   94
   85   80   78   80   83   87   89   91   91   91   89   88   86   84   84   85
   88   90   92   93   92   92   91   91   89   87   83   78   75   72   73   75
   78   83   87   92   95  103  112  122  154                                   
    40.0-180.0 180.0   5.0 450.0                            LAT/LON1/LON2/DLON/H
  159  177  194  208  221  234  247  260  268  276  279  282  284  285  284  279
  271  261  252  246  241  237  234  229  222  210  192  170  145  121  102   88
   80   77   78   81   86   91   94   95   95   93   92   90   88   87   87   89
   92   95   97   98   98   97   96   96   94   91   88   84   80   77   77   78
   79   83   88   94   99  109  120  133  159                                   
    37.5-180.0 180.0   5.0 450.0                            LAT/LON1/LON2/DLON/H
  158  178  194  209  224  237  250  263  271  279  283  287  291  294  294  291
  284  276  269  264  260  256  250  242  231  215  194  169  142  118  100   88
   82   80   83   89   95  100  103  102  100   97   95   92   90   88   88   90
   92   94   96   97   97   97   97   96   95   93   90   87   83   80   78   78
   78   80   85   90   96  108  121  138  158                                   
    35.0-180.0 180.0   5.0 450.0                            LAT/LON1/LON2/DLON/H
  155  176  193  209  224  237  252  264  273  280  285  290  295  300  303  301
  297  291  287  283  279  273  264  252  237  218  195  169  144  123  108  100
   97   98  102  108  114  118  118  116  111  106  101   97   94   91   89   89
   89   90   91   92   92   94   95   95   95   93   91   89   86   83   79   77
   75   76   80   85   91  104  119  138  155                                   
    32.5-180.0 180.0   5.0 450.0                            LAT/LON1/LON2/DLON/H
  154  177  195  211  227  239  254  265  275  283  288  294  300  305  309  309
  306  304  302  300  295  286  273  257  240  220  199  177  157  143  134  132
  132  134  137  142  146  147  144  137  129  121  113  107  102   98   94   91
   88   87   86   87   89   91   94   96   95   94   93   92   89   86   82   77
   73   73   77   83   87  102  118  139  154                                   
    30.0-180.0 180.0   5.0 450.0                            LAT/LON1/LON2/DLON/H
  158  185  205  220  236  246  260  271  281  288  295  300  305  310  314  314
  313  312  312  310  305  293  277  259  242  226  211  196  186  181  181  184
  187  189  190  190  189  185  176  165  153  142  132  124  117  110  104   98
   93   89   86   86   89   93   97   99   99   98   97   96   94   91   86   81
   75   75   79   85   90  107  124  145  158                                   
    27.5-180.0 180.0   5.0 450.0                            LAT/LON1/LON2/DLON/H
  171  202  225  237  254  261  274  283  292  299  305  310  314  318  319  319
  317  317  317  314  307  294  277  262  249  240  234  231  232  238  247  255
  259  258  254  247  238  226  211  195  180  166  155  145  137  128  120  111
  103   97   93   92   95  100  104  106  106  104  103  103  101   98   93   88
   82   83   88   95  102  120  138  158  171                                   
    25.0-180.0 180.0   5.0 450.0                            LAT/LON1/LON2/DLON/H
  194  228  254  264  281  287  298  304  311  317  322  325  328  328  327  324
  321  319  317  313  304  291  278  268  264  266  272  281  295  311  328  338
  340  332  318  300  281  259  239  219  203  189  177  167  158  149  140  130
  120  112  106  105  108  113  117  118  116  113  111  110  109  106  102   97
   92   95  101  112  121  140  159  176  194                                   
    22.5-180.0 180.0   5.0 450.0                            LAT/LON1/LON2/DLON/H
  224  259  287  298  317  322  332  335  340  343  346  347  347  345  341  335
  328  323  317  310  301  291  284  284  292  305  323  344  368  393  412  421
  414  394  367  336  306  277  252  232  217  205  195  186  177  169  160  150
  140  131  125  123  125  129  132  132  127  122  118  117  115  113  109  105
  103  109  117  132  144  164  185  200  224                                   
    20.0-180.0 180.0   5.0 450.0                            LAT/LON1/LON2/DLON/H
  257  291  320  333  356  363  373  375  378  379  379  377  374  369  362  353
  342  332  322  312  303  299  301  313  332  357  385  415  445  471  486  484
  464  429  387  345  306  274  248  231  219  211  204  197  191  184  177  169
  160  151  144  142  142  145  146  144  137  129  124  121  119  117  114  111
  110  120  131  151  166  188  211  225  257                                   
    17.5-180.0 180.0   5.0 450.0                            LAT/LON1/LON2/DLON/H
  287  319  348  366  394  405  418  420  423  423  420  415  410  403  393  381
  366  351  336  324  318  320  332  355  385  418  452  484  512  531  534  516
  479  429  376  327  285  253  231  218  212  209  206  201  197  192  187  182
  175  168  162  158  157  158  158  153  144  135  128  123  121  118  115  113
  114  126  139  163  181  205  232  250  287                                   
    15.0-180.0 180.0   5.0 450.0                            LAT/LON1/LON2/DLON/H
  308  339  369  392  426  441  459  464  469  469  466  461  454  446  436  421
  403  383  365  352  348  356  378  409  446  482  516  543  561  566  551  516
  463  402  344  293  253  224  208  201  201  203  203  200  197  194  192  189
  185  180  174  170  168  167  165  159  149  139  130  124  121  117  114  111
  113  126  141  166  188  215  245  267  308                                   
    12.5-180.0 180.0   5.0 450.0                            LAT/LON1/LON2/DLON/H
  318  350  382  409  448  469  493  502  510  513  511  508  503  497  487  472
  453  430  409  395  393  407  434  470  509  543  568  583  586  573  541  490
  427  362  304  258  223  202  192  191  196  200  201  198  195  193  192  192
  190  186  181  176  173  171  168  162  152  141  131  124  120  115  112  109
  110  123  138  162  187  218  251  276  318                                   
    10.0-180.0 180.0   5.0 450.0                            LAT/LON1/LON2/DLON/H
  320  354  389  418  460  487  516  530  542  549  551  551  549  547  541  529
  510  486  464  450  450  467  496  532  566  592  604  604  590  562  516  456
  390  327  275  236  211  197  193  197  203  207  206  201  196  194  194  194
  193  190  185  180  176  173  169  163  153  142  132  125  119  114  110  107
  107  119  134  157  182  215  250  276  320                                   
     7.5-180.0 180.0   5.0 450.0                            LAT/LON1/LON2/DLON/H
  317  355  392  421  465  496  529  547  564  574  580  585  588  591  590  582
  567  546  525  512  513  530  557  588  612  624  622  607  581  542  490  428
