data/edconvlstm_nd/pred0450.15i
     1.0            IONOSPHERE MAPS     GNSS                IONEX VERSION / TYPE
pyspatialgeodesy        IME             05-JAN-18 20:20     PGM / RUN BY / DATE 
Map Name                                                    COMMENT             
Predicted global ionosphere maps (GIM).                     DESCRIPTION         
  2015     2    14     0     0     0                        EPOCH OF FIRST MAP  
  2015     2    15     0     0     0                        EPOCH OF LAST MAP   
  7200                                                      INTERVAL            
    13                                                      # OF MAPS IN FILE   
  NONE                                                      MAPPING FUNCTION    
10.0                                                        ELEVATION CUTOFF    
One-way carrier phase leveled to code                       OBSERVABLES USED    
  6371.0                                                    BASE RADIUS         
 2                                                          MAP DIMENSION       
   450.0 450.0   0.0                                        HGT1 / HGT2 / DHGT  
    87.5 -87.5  -2.5                                        LAT1 / LAT2 / DLAT  
  -180.0 180.0   5.0                                        LON1 / LON2 / DLON  
    -1                                                      EXPONENT            
                                                            END OF HEADER       
[from data line 2145]
     6                                                      START OF TEC MAP    
  2015     2    14    10     0     0                        EPOCH OF CURRENT MAP
    87.5-180.0 180.0   5.0 450.0                            LAT/LON1/LON2/DLON/H
   76   72   68   79   84   85   86   87   92   96   99  102  105  107  109  111
  112  113  113  113  113  113  112  112  111  111  110  110  109  109  108  108
  108  108  107  107  106  105  104  103  101  100   98   96   94   92   89   87
   84   82   79   76   73   70   68   65   63   61   59   57   56   55   54   54
   55   57   56   56   62   64   78   86   76                                   
    85.0-180.0 180.0   5.0 450.0                            LAT/LON1/LON2/DLON/H
   53   64   68   72   77   82   86   90   95  100  103  108  111  114  116  118
  120  121  122  123  123  123  122  122  121  121  121  120  120  120  120  120
  120  120  120  120  119  118  117  116  114  112  110  108  105  102   98   95
   91   87   83   79   75   71   67   63   60   57   54   53   51   50   50   50
   51   53   51   52   55   60   66   72   53                                   
    82.5-180.0 180.0   5.0 450.0                            LAT/LON1/LON2/DLON/H
   32   46   53   58   61   66   71   77   83   89   94   99  103  107  110  113
  115  116  117  117  117  116  116  115  114  114  113  113  114  114  116  117
  118  120  122  123  124  124  124  124  123  121  119  117  114  111  107  103
   98   93   88   83   77   72   66   61   56   51   47   44   41   38   36   36
   36   37   35   37   44   49   48   54   32                                   
    80.0-180.0 180.0   5.0 450.0                            LAT/LON1/LON2/DLON/H
   27   36   44   50   54   57   64   70   77   84   90   96  101  105  108  110
  112  112  112  111  110  109  107  106  105  104  103  104  105  106  109  112
  116  119  123  127  130  132  134  136  136  136  135  133  131  128  125  122
  117  112  107  101   95   89   82   75   68   62   55   49   44   40   36   33
   32   30   29   30   35   40   44   48   27                                   
    77.5-180.0 180.0   5.0 450.0                            LAT/LON1/LON2/DLON/H
   34   39   42   46   49   54   60   66   74   80   86   93   97  101  104  105
  106  106  105  103  101   99   96   94   92   91   90   91   92   95  100  105
  112  118  125  132  138  144  148  152  154  156  156  157  157  156  155  153
  151  147  143  139  133  127  120  112  104   95   87   78   70   62   55   50
   44   40   35   35   37   35   41   47   34                                   
    75.0-180.0 180.0   5.0 450.0                            LAT/LON1/LON2/DLON/H
   35   42   42   46   48   53   58   62   69   74   79   84   88   91   92   93
   93   93   91   90   88   85   83   81   79   77   77   78   80   84   90   98
  106  116  126  136  145  153  160  165  170  173  177  179  182  184  185  186
  187  186  184  181  176  170  163  156  147  138  128  117  107   97   87   78
   69   61   54   48   48   43   47   44   35                                   
    72.5-180.0 180.0   5.0 450.0                            LAT/LON1/LON2/DLON/H
   42   47   45   48   49   54   58   61   66   70   74   78   80   82   82   83
   82   81   80   79   78   76   74   72   71   69   69   70   73   78   85   94
  105  117  129  142  153  163  172  179  185  190  195  200  205  210  215  219
  222  224  224  223  220  215  209  201  192  182  171  159  147  134  121  110
   98   88   79   70   64   58   58   57   42                                   
    70.0-180.0 180.0   5.0 450.0                            LAT/LON1/LON2/DLON/H
   50   52   50   52   52   56   58   60   64   67   69   71   72   72   72   71
   70   70   69   69   69   69   69   68   67   67   67   68   70   75   83   93
  105  119  133  147  160  172  181  189  196  202  208  215  222  229  237  244
  249  253  255  254  251  246  239  230  220  209  197  183  169  155  141  128
  115  103   94   83   76   68   70   68   50                                   
    67.5-180.0 180.0   5.0 450.0                            LAT/LON1/LON2/DLON/H
   52   54   52   53   54   58   60   62   65   67   68   69   68   67   66   65
   64   63   64   65   66   67   68   69   69   69   69   70   72   77   84   95
  107  122  137  152  166  178  187  195  202  208  214  222  230  239  248  257
  263  268  269  268  264  257  249  239  227  215  201  186  171  155  140  127
  115  103   95   85   78   72   72   71   52                                   
    65.0-180.0 180.0   5.0 450.0                            LAT/LON1/LON2/DLON/H
   51   54   51   53   54   58   60   62   64   66   66   66   65   63   61   59
   58   58   59   61   64   67   69   71   73   73   74   75   77   82   90  101
  114  129  145  160  174  186  195  203  209  214  221  228  237  247  257  266
  273  276  276  272  266  257  246  233  220  206  191  175  158  142  125  112
  100   90   84   76   73   68   70   72   51                                   
    62.5-180.0 180.0   5.0 450.0                            LAT/LON1/LON2/DLON/H
   47   48   45   48   50   54   57   60   62   64   65   65   63   61   59   56
   55   55   56   58   62   65   69   72   74   75   76   78   81   87   95  106
  120  136  152  168  182  193  202  209  215  220  226  233  242  252  262  270
  275  276  274  267  258  246  232  218  204  189  173  156  138  120  103   89
   77   68   64   58   59   57   62   67   47                                   
    60.0-180.0 180.0   5.0 450.0                            LAT/LON1/LON2/DLON/H
   43   43   39   43   43   48   51   54   57   59   61   61   60   58   56   54
   52   51   52   54   58   62   65   68   71   73   75   77   82   89   99  111
  126  143  160  176  190  201  210  216  222  227  232  239  248  257  266  272
  276  275  270  261  249  235  220  205  190  175  160  143  124  105   87   71
   58   49   46   43   47   47   53   60   43                                   
    57.5-180.0 180.0   5.0 450.0                            LAT/LON1/LON2/DLON/H
   44   41   37   40   40   43   46   49   52   55   57   58   57   56   54   52
   50   50   50   52   54   57   60   63   65   68   71   75   81   90  102  117
  134  151  169  186  200  211  220  227  233  238  243  250  258  266  274  279
  281  279  272  261  247  232  218  204  190  177  163  146  128  108   87   69
   54   44   41   39   44   44   51   58   44                                   
    55.0-180.0 180.0   5.0 450.0                            LAT/LON1/LON2/DLON/H
   53   47   43   42   41   43   45   47   49   51   53   55   55   55   53   52
   50   49   49   50   52   54   56   58   60   62   66   71   80   91  106  123
  142  161  180  196  211  223  232  240  246  251  257  264  271  279  285  289
  290  286  278  267  254  240  227  214  203  193  181  166  148  128  106   86
   68   56   52   49   54   53   59   65   53                                   
    52.5-180.0 180.0   5.0 450.0                            LAT/LON1/LON2/DLON/H
   70   64   57   53   51   51   51   49   50   50   52   54   55   55   54   53
   52   51   51   52   53   54   55   56   57   59   63   70   80   94  111  130
  151  171  191  208  223  235  245  253  260  267  274  280  287  294  299  301
  301  297  290  280  268  255  244  234  225  217  207  195  179  160  138  117
   97   83   76   71   75   74   78   80   70                                   
    50.0-180.0 180.0   5.0 450.0                            LAT/LON1/LON2/DLON/H
   94   88   81   74   70   68   65   60   57   55   55   57   58   59   58   57
   57   56   56   57   58   59   59   58   58   60   64   72   84   99  118  138
  160  182  202  219  234  247  258  267  276  283  290  297  303  308  312  314
  313  309  302  293  283  272  262  254  247  240  232  223  209  192  172  151
  131  115  106   99  102  100  102  100   94                                   
    47.5-180.0 180.0   5.0 450.0                            LAT/LON1/LON2/DLON/H
  118  115  109  101   97   93   86   77   71   66   65   65   66   66   66   65
   64   64   65   67   68   69   68   67   66   67   71   79   91  107  125  146
  169  191  211  229  244  257  269  280  290  298  305  311  316  320  322  323
  321  318  312  304  294  284  274  265  258  252  245  237  225  210  193  174
  155  140  129  122  124  123  123  119  118                                   
    45.0-180.0 180.0   5.0 450.0                            LAT/LON1/LON2/DLON/H
  134  135  133  127  125  120  112  100   90   83   80   79   79   78   77   76
   75   75   76   79   81   82   81   80   78   79   82   89  100  115  133  153
  175  197  217  236  252  266  279  291  302  310  317  321  324  326  327  326
  324  321  315  308  298  287  275  264  255  247  240  232  221  208  194  178
  162  148  136  129  131  131  132  130  134                                   
    42.5-180.0 180.0   5.0 450.0                            LAT/LON1/LON2/DLON/H
  136  143  144  144  146  142  134  122  110  102   97   96   95   93   91   88
   87   87   89   92   95   97   96   94   92   92   94  100  110  122  138  157
  178  199  221  240  258  274  288  301  311  319  324  327  328  328  328  326
  324  320  314  306  295  282  267  253  240  230  221  211  200  188  175  162
  148  136  124  117  120  121  124  125  136                                   
    40.0-180.0 180.0   5.0 450.0                            LAT/LON1/LON2/DLON/H
  122  133  140  145  153  152  147  137  127  118  113  112  111  108  105  101
  100  100  102  105  108  110  109  106  104  103  105  110  118  129  142  159
  179  201  223  245  264  282  298  311  321  328  332  333  333  332  330  328
  326  322  316  308  296  280  262  245  229  216  204  191  178  163  150  138
  125  113  101   93   94   95  100  106  122                                   
    37.5-180.0 180.0   5.0 450.0                            LAT/LON1/LON2/DLON/H
   98  111  121  130  142  146  146  141  134  128  125  125  124  122  118  114
  112  112  114  116  118  119  117  114  112  111  113  118  125  135  146  161
  180  202  227  251  274  294  311  325  335  341  344  344  343  342  341  340
  338  335  330  322  310  293  274  256  239  225  210  193  175  156  139  124
  109   95   81   70   68   66   72   81   98                                   
    35.0-180.0 180.0   5.0 450.0                            LAT/LON1/LON2/DLON/H
   74   85   95  105  119  126  131  131  130  128  129  131  132  131  128  125
  123  123  124  125  125  124  121  118  115  115  118  124  132  141  151  164
  183  206  234  262  288  311  330  344  355  361  363  364  364  365  365  365
  365  364  362  356  346  331  313  297  282  268  253  233  209  183  160  140
  120  101   83   64   56   48   53   62   74                                   
    32.5-180.0 180.0   5.0 450.0                            LAT/LON1/LON2/DLON/H
   60   66   72   81   92   99  108  112  116  119  124  130  134  135  134  132
  132  132  132  132  130  126  122  119  116  117  122  129  138  147  157  170
  189  215  245  277  308  334  355  372  383  389  392  395  398  401  405  408
  410  413  413  411  405  394  381  369  359  349  334  313  285  254  224  197
  171  145  120   92   75   57   56   60   60                                   
    30.0-180.0 180.0   5.0 450.0                            LAT/LON1/LON2/DLON/H
   64   62   61   65   71   76   85   91   97  104  112  122  129  133  135  136
  138  140  139  137  133  128  123  119  117  119  124  133  143  154  165  180
  200  227  261  297  332  363  387  405  418  426  432  437  444  451  458  464
  471  477  483  487  487  482  476  470  466  461  450  429  399  364  329  295
  262  230  197  160  132  100   90   82   64                                   
    27.5-180.0 180.0   5.0 450.0                            LAT/LON1/LON2/DLON/H
   93   81   70   64   62   62   70   75   81   89   99  110  120  127  132  136
  141  144  144  141  135  129  124  120  119  120  127  137  151  165  178  194
  216  245  282  322  360  394  421  442  457  468  477  487  498  509  521  532
  543  555  567  579  586  589  591  594  596  596  588  569  539  501  462  423
  383  346  306  262  224  179  156  130   93                                   
    25.0-180.0 180.0   5.0 450.0                            LAT/LON1/LON2/DLON/H
  147  127  103   83   73   66   69   71   75   81   90  100  110  118  125  132
  139  145  146  143  137  132  127  124  122  124  131  144  161  179  195  213
  236  267  306  349  389  424  453  476  494  508  521  535  551  567  584  600
  616  635  655  674  689  700  710  720  730  734  728  711  681  643  601  556
  511  470  424  378  334  279  244  204  147                                   
    22.5-180.0 180.0   5.0 450.0                            LAT/LON1/LON2/DLON/H
  222  196  159  125  105   89   86   83   82   84   89   96  104  111  118  126
  135  142  145  143  139  135  131  129  127  129  138  153  174  195  215  235
  260  292  332  376  416  451  480  503  522  539  555  573  593  615  636  656
  678  703  729  753  774  791  807  823  837  844  840  824  795  756  713  665
  618  577  529  486  440  386  343  293  222                                   
    20.0-180.0 180.0   5.0 450.0                            LAT/LON1/LON2/DLON/H
  304  272  230  186  154  132  121  112  103   99   98  100  104  108  113  120
  130  137  141  141  139  136  135  133  133  136  146  164  187  212  235  258
  285  319  358  400  438  471  498  522  542  560  579  599  622  646  670  694
  719  746  774  800  822  840  858  875  890  898  895  879  852  815  772  725
  679  643  601  565  523  477  436  383  304                                   
    17.5-180.0 180.0   5.0 450.0                            LAT/LON1/LON2/DLON/H
  376  341  299  253  213  187  169  154  138  125  116  112  110  109  111  116
  124  132  136  137  136  135  136  136  137  142  154  174  199  227  253  280
  310  343  381  419  454  484  511  535  556  576  595  616  640  664  688  711
  735  761  786  808  825  839  853  867  878  883  879  864  839  804  764  720
  679  651  621  596  564  531  498  453  376                                   
    15.0-180.0 180.0   5.0 450.0                            LAT/LON1/LON2/DLON/H
  423  389  355  315  270  244  221  202  180  160  144  132  123  116  113  115
  121  127  130  131  131  132  134  137  140  147  160  181  209  239  269  299
  330  363  397  431  463  492  520  545  569  589  609  629  650  671  692  712
  731  750  768  782  791  797  802  807  810  809  801  786  761  728  690  649
  615  595  580  568  552  534  512  483  423                                   
    12.5-180.0 180.0   5.0 450.0                            LAT/LON1/LON2/DLON/H
  436  411  389  360  317  291  269  249  224  199  176  157  141  128  119  116
  119  123  126  126  127  129  132  136  141  149  164  187  216  248  281  313
  346  377  409  439  468  497  525  553  578  600  619  637  655  671  686  700
  713  724  733  737  736  731  726  721  715  706  693  675  649  616  578  540
  511  496  493  494  494  490  480  467  436                                   
    10.0-180.0 180.0   5.0 450.0                            LAT/LON1/LON2/DLON/H
  421  408  399  382  347  322  303  285  261  234  208  185  163  144  129  121
  120  122  123  124  125  128  131  134  139  149  167  193  223  257  292  326
  359  389  418  446  473  501  530  560  588  611  629  644  657  669  678  686
  692  696  696  692  683  671  658  645  631  616  598  577  549  515  477  439
  411  398  398  407  418  423  420  420  421                                   
     7.5-180.0 180.0   5.0 450.0                            LAT/LON1/LON2/DLON/H
  391  389  390  382  356  335  321  306  284  259  233  209  184  161  142  130
  125  124  125  125  126  128  129  131  137  150  171  200  233  269  305  340
