data/edconvlstm_nd/pred1110.15i
     1.0            IONOSPHERE MAPS     GNSS                IONEX VERSION / TYPE
pyspatialgeodesy        IME             05-JAN-18 20:20     PGM / RUN BY / DATE 
Map Name                                                    COMMENT             
Predicted global ionosphere maps (GIM).                     DESCRIPTION         
  2015     4    21     0     0     0                        EPOCH OF FIRST MAP  
  2015     4    22     0     0     0                        EPOCH OF LAST MAP   
  7200                                                      INTERVAL            
    13                                                      # OF MAPS IN FILE   
  NONE                                                      MAPPING FUNCTION    
10.0                                                        ELEVATION CUTOFF    
One-way carrier phase leveled to code                       OBSERVABLES USED    
  6371.0                                                    BASE RADIUS         
 2                                                          MAP DIMENSION       
   450.0 450.0   0.0                                        HGT1 / HGT2 / DHGT  
    87.5 -87.5  -2.5                                        LAT1 / LAT2 / DLAT  
  -180.0 180.0   5.0                                        LON1 / LON2 / DLON  
    -1                                                      EXPONENT            
                                                            END OF HEADER       
[from data line 2145]
     6                                                      START OF TEC MAP    
  2015     4    21    10     0     0                        EPOCH OF CURRENT MAP
    87.5-180.0 180.0   5.0 450.0                            LAT/LON1/LON2/DLON/H
  194  184  177  184  188  190  190  192  195  198  201  203  205  207  209  210
  212  213  214  216  217  218  218  219  220  221  222  222  223  223  224  224
  225  225  225  225  224  224  223  222  221  219  217  215  213  211  209  206
  204  201  199  196  194  192  190  188  186  184  182  181  179  178  177  176
  175  176  174  175  178  180  185  193  194                                   
    85.0-180.0 180.0   5.0 450.0                            LAT/LON1/LON2/DLON/H
  171  168  174  177  180  185  189  192  196  200  202  205  208  210  212  213
  215  216  217  219  220  221  222  223  224  225  226  227  228  229  230  231
  232  232  232  232  232  231  230  228  227  225  223  220  217  214  211  208
  205  202  199  196  193  190  188  186  183  181  179  178  176  175  173  172
  172  172  168  169  168  170  176  186  171                                   
    82.5-180.0 180.0   5.0 450.0                            LAT/LON1/LON2/DLON/H
  149  159  161  163  166  173  178  183  189  194  197  201  204  206  208  210
  211  212  213  213  214  215  216  217  218  220  222  224  226  228  230  232
  233  235  235  236  235  235  234  232  230  227  225  222  218  215  211  208
  204  200  197  193  190  187  184  182  179  177  175  172  170  168  166  164
  161  160  155  157  156  163  167  160  149                                   
    80.0-180.0 180.0   5.0 450.0                            LAT/LON1/LON2/DLON/H
  142  149  151  155  157  162  169  177  184  190  194  199  202  204  205  206
  206  206  205  205  204  204  205  206  207  209  211  214  218  221  225  228
  231  234  236  238  239  240  240  239  238  237  235  233  230  228  225  222
  219  216  213  210  208  205  203  201  198  196  194  191  188  185  181  178
  174  169  162  160  156  156  164  152  142                                   
    77.5-180.0 180.0   5.0 450.0                            LAT/LON1/LON2/DLON/H
  146  146  148  150  151  157  164  171  179  185  190  195  197  199  199  198
  197  195  194  192  190  189  189  190  191  194  197  201  206  211  216  222
  227  232  236  240  243  245  247  248  248  248  248  248  247  247  246  245
  243  242  240  239  237  236  235  233  232  230  228  226  223  219  214  209
  202  194  183  177  172  166  166  158  146                                   
    75.0-180.0 180.0   5.0 450.0                            LAT/LON1/LON2/DLON/H
  148  146  143  144  145  151  158  165  173  180  184  188  190  190  190  188
  185  183  180  177  175  174  173  174  175  178  182  187  192  199  206  213
  220  227  234  239  244  248  251  254  257  260  262  265  267  269  271  272
  273  273  273  273  273  273  273  272  272  271  270  267  264  260  255  248
  239  228  215  201  191  181  177  164  148                                   
    72.5-180.0 180.0   5.0 450.0                            LAT/LON1/LON2/DLON/H
  149  145  140  139  138  143  150  157  165  171  175  178  179  179  177  175
  172  169  166  164  162  161  161  162  164  167  171  176  183  190  198  206
  215  223  231  238  244  250  255  260  264  269  274  279  284  289  294  297
  300  302  303  304  304  304  304  304  304  303  302  301  298  294  288  281
  271  259  244  228  211  197  190  178  149                                   
    70.0-180.0 180.0   5.0 450.0                            LAT/LON1/LON2/DLON/H
  152  142  136  133  131  134  140  147  154  159  163  165  166  165  163  160
  157  155  154  153  152  153  154  156  158  161  165  171  177  184  193  201
  211  220  229  237  244  251  257  263  270  276  284  291  299  306  312  318
  322  324  325  326  325  324  323  322  321  320  319  317  315  311  307  300
  291  279  263  246  227  211  202  191  152                                   
    67.5-180.0 180.0   5.0 450.0                            LAT/LON1/LON2/DLON/H
  150  139  132  127  124  126  131  136  143  148  151  153  153  152  150  148
  146  146  146  147  149  152  154  157  160  164  168  173  178  185  193  202
  211  220  230  238  246  254  261  268  276  284  293  302  312  320  327  333
  336  338  338  336  334  331  328  325  322  320  318  316  314  311  308  303
  295  285  271  254  235  218  207  198  150                                   
    65.0-180.0 180.0   5.0 450.0                            LAT/LON1/LON2/DLON/H
  149  136  127  120  115  115  119  123  128  133  136  138  139  137  136  134
  134  135  138  141  146  150  155  159  163  167  171  175  180  186  194  202
  212  221  231  241  250  258  266  274  283  292  302  312  322  330  337  341
  343  342  339  335  330  324  319  314  310  306  303  300  298  295  293  290
  284  277  266  252  235  220  209  201  149                                   
    62.5-180.0 180.0   5.0 450.0                            LAT/LON1/LON2/DLON/H
  148  134  123  114  106  103  105  107  112  117  120  123  124  123  123  122
  123  125  129  134  141  147  153  159  163  168  171  175  180  186  193  202
  212  223  233  244  254  264  273  282  292  302  312  322  331  338  343  345
  345  341  336  329  321  313  306  299  293  288  284  280  277  275  273  270
  267  262  254  243  229  216  206  198  148                                   
    60.0-180.0 180.0   5.0 450.0                            LAT/LON1/LON2/DLON/H
  151  135  122  110   99   93   91   92   96  100  104  108  109  110  109  109
  110  113  118  124  131  139  146  153  158  163  167  171  175  182  189  199
  210  222  235  247  259  271  282  293  304  314  324  333  341  346  349  349
  346  340  333  324  315  306  298  290  284  278  272  268  264  261  258  256
  253  248  243  234  224  213  203  194  151                                   
    57.5-180.0 180.0   5.0 450.0                            LAT/LON1/LON2/DLON/H
  162  144  129  113   99   88   83   81   82   85   90   94   97   98   98   98
   99  102  106  112  119  126  134  142  148  154  158  163  168  175  184  195
  208  222  237  252  266  280  293  306  319  330  340  348  354  358  359  357
  352  345  337  328  319  311  303  295  289  283  277  272  267  263  258  255
  250  246  241  233  224  214  205  194  162                                   
    55.0-180.0 180.0   5.0 450.0                            LAT/LON1/LON2/DLON/H
  181  161  146  124  107   92   83   77   75   77   81   85   88   89   90   90
   90   91   94   99  105  112  120  129  137  143  149  154  160  168  178  191
  206  223  240  256  273  290  306  322  336  349  360  367  371  373  373  370
  365  359  351  343  335  328  321  315  310  304  299  294  288  281  275  269
  262  256  249  241  233  223  214  201  181                                   
    52.5-180.0 180.0   5.0 450.0                            LAT/LON1/LON2/DLON/H
  206  185  170  146  127  108   94   83   78   76   78   82   85   86   86   85
   85   85   86   88   93  100  109  119  128  136  143  149  155  164  175  190
  207  225  244  262  281  300  319  338  356  370  381  388  392  392  391  388
  384  379  373  367  361  355  350  346  342  338  333  327  320  312  303  294
  284  275  266  256  247  238  228  213  206                                   
    50.0-180.0 180.0   5.0 450.0                            LAT/LON1/LON2/DLON/H
  231  211  197  172  152  132  115   99   90   85   85   86   88   88   87   86
   84   83   83   84   87   94  104  115  126  136  143  150  157  166  178  193
  211  230  249  269  290  311  333  355  376  392  404  411  414  414  413  411
  408  405  401  396  391  387  383  380  377  373  368  362  355  346  335  323
  310  298  285  273  262  254  243  228  231                                   
    47.5-180.0 180.0   5.0 450.0                            LAT/LON1/LON2/DLON/H
  250  232  220  198  180  159  141  122  109  102   98   97   96   95   93   91
   89   87   85   85   88   95  106  119  132  143  152  158  165  174  186  202
  219  238  257  278  299  322  347  372  395  414  427  434  437  436  435  434
  433  431  428  423  418  413  409  405  401  397  392  387  379  370  358  345
  329  315  299  284  272  264  253  239  250                                   
    45.0-180.0 180.0   5.0 450.0                            LAT/LON1/LON2/DLON/H
  257  244  234  217  202  185  167  148  132  122  116  112  110  107  104  102
   99   96   94   93   95  102  115  130  145  157  166  172  178  187  198  213
  230  248  267  287  309  333  360  388  413  435  449  457  459  459  458  458
  457  455  451  445  437  429  421  415  409  403  398  392  385  377  367  353
  337  322  303  287  272  264  253  242  257                                   
    42.5-180.0 180.0   5.0 450.0                            LAT/LON1/LON2/DLON/H
  250  242  237  227  216  203  188  170  154  143  135  130  125  121  118  115
  112  109  106  105  107  115  128  145  161  174  182  188  193  201  212  226
  241  258  277  297  319  345  374  405  433  456  472  480  483  483  483  484
  483  480  474  463  451  438  425  414  405  396  389  383  377  370  361  349
  334  318  297  280  263  254  243  233  250                                   
    40.0-180.0 180.0   5.0 450.0                            LAT/LON1/LON2/DLON/H
  231  229  227  223  218  211  201  187  172  161  153  147  141  136  132  129
  127  125  121  119  120  128  141  158  175  188  196  201  206  213  224  237
  252  269  288  309  333  360  392  425  456  481  499  508  512  514  515  516
  515  511  501  487  469  451  433  417  403  391  381  373  367  360  352  340
  326  310  288  269  249  238  226  215  231                                   
    37.5-180.0 180.0   5.0 450.0                            LAT/LON1/LON2/DLON/H
  208  209  210  209  209  207  204  195  184  175  168  162  157  151  147  144
  142  140  136  133  133  139  151  168  184  196  204  210  216  223  233  246
  262  280  301  324  350  381  415  451  484  512  532  544  551  555  559  561
  561  556  544  527  505  482  460  439  421  404  391  380  372  364  356  343
  328  310  286  264  241  225  209  195  208                                   
    35.0-180.0 180.0   5.0 450.0                            LAT/LON1/LON2/DLON/H
  192  193  192  191  194  195  198  195  189  183  179  175  170  165  161  158
  157  154  150  145  142  146  156  171  186  199  208  215  221  230  241  255
  272  293  317  344  374  408  445  483  519  550  573  589  601  610  619  625
  627  622  610  591  567  542  517  494  471  450  432  418  407  397  386  370
  352  331  303  277  249  225  203  183  192                                   
    32.5-180.0 180.0   5.0 450.0                            LAT/LON1/LON2/DLON/H
  192  189  184  179  181  183  189  190  189  188  186  185  182  178  174  171
  169  166  161  154  149  149  157  169  184  197  208  217  225  236  248  264
  284  310  339  371  405  442  481  521  559  592  620  642  662  680  695  707
  713  712  701  683  660  635  610  585  560  535  513  496  482  468  452  431
  407  380  347  316  282  249  218  189  192                                   
    30.0-180.0 180.0   5.0 450.0                            LAT/LON1/LON2/DLON/H
  213  205  191  180  180  180  186  189  190  192  193  194  192  189  185  181
  179  175  169  161  153  150  155  165  179  194  207  219  231  243  258  276
  300  331  366  403  442  481  521  561  600  635  668  699  728  756  781  801
  814  817  811  796  776  754  732  709  684  658  634  614  596  578  556  527
  495  461  421  381  342  299  258  219  213                                   
    27.5-180.0 180.0   5.0 450.0                            LAT/LON1/LON2/DLON/H
  258  242  219  200  195  192  195  197  198  200  202  204  202  198  193  189
  185  181  174  165  155  150  153  162  176  192  208  224  240  255  272  293
  321  357  398  440  482  522  561  600  637  675  712  751  791  830  865  894
  913  922  921  911  897  881  864  846  824  801  777  756  736  712  683  646
  605  565  519  470  426  373  322  276  258                                   
    25.0-180.0 180.0   5.0 450.0                            LAT/LON1/LON2/DLON/H
  322  299  268  240  229  221  219  217  215  215  215  215  212  206  200  193
  189  184  177  167  157  151  153  162  177  195  214  233  252  271  291  315
  347  388  434  480  523  562  598  633  669  706  747  793  841  889  933  968
  992 1006 1010 1006  997  988  978  966  950  932  912  892  870  842  808  763
  716  673  624  568  522  462  403  356  322                                   
    22.5-180.0 180.0   5.0 450.0                            LAT/LON1/LON2/DLON/H
  398  366  332  296  277  264  255  247  239  235  231  227  221  213  204  196
  189  184  177  168  159  153  155  164  180  199  221  245  268  291  315  343
  380  424  472  519  561  597  630  661  693  730  773  822  876  928  975 1012
 1038 1054 1061 1061 1058 1054 1050 1044 1034 1022 1007  990  968  938  898  849
  799  758  712  654  609  550  488  446  398                                   
    20.0-180.0 180.0   5.0 450.0                            LAT/LON1/LON2/DLON/H
  472  432  400  361  334  314  297  282  268  258  249  241  230  219  207  197
  189  182  176  168  160  155  157  167  183  205  230  257  286  315  345  378
  416  461  509  554  593  625  653  681  711  746  789  838  892  944  989 1023
 1046 1060 1068 1071 1072 1072 1072 1070 1065 1058 1047 1032 1010  978  935  883
  832  796  760  707  669  616  559  529  472                                   
    17.5-180.0 180.0   5.0 450.0                            LAT/LON1/LON2/DLON/H
  530  487  459  423  389  365  341  318  298  281  267  254  239  225  210  198
  188  180  173  167  160  156  158  168  185  209  238  271  306  341  376  413
  452  495  539  580  615  644  669  694  722  755  795  842  891  937  974 1000
 1017 1026 1033 1037 1040 1043 1046 1048 1046 1042 1034 1021  998  962  915  861
  811  781  757  715  689  648  604  586  530                                   
    15.0-180.0 180.0   5.0 450.0                            LAT/LON1/LON2/DLON/H
  562  521  501  470  433  405  377  349  324  303  283  266  248  231  215  200
  188  179  171  164  158  154  155  165  184  211  244  282  323  364  403  442
  480  520  560  596  627  654  678  702  729  759  794  834  875  910  936  950
  957  960  963  967  972  978  985  990  992  991  986  974  950  910  859  802
  753  727  713  684  672  646  616  609  562                                   
    12.5-180.0 180.0   5.0 450.0                            LAT/LON1/LON2/DLON/H
  569  536  524  497  460  429  398  367  341  317  296  276  257  239  222  206
  191  180  170  161  154  149  150  160  181  210  247  289  334  379  422  462
  499  536  572  605  634  660  684  708  733  760  789  821  851  874  886  887
  883  879  879  883  890  901  911  921  927  930  928  917  892  848  793  734
  685  660  651  633  633  622  606  604  569                                   
    10.0-180.0 180.0   5.0 450.0                            LAT/LON1/LON2/DLON/H
  564  542  535  511  475  440  407  375  348  324  303  283  265  247  230  213
  197  183  170  159  149  143  143  153  175  207  247  293  341  389  434  475
  512  547  580  610  638  664  690  715  740  763  787  810  830  841  840  831
  818  810  808  814  825  840  855  869  878  883  882  872  845  799  741  680
  629  603  595  583  591  593  585  585  564                                   
     7.5-180.0 180.0   5.0 450.0                            LAT/LON1/LON2/DLON/H
  559  550  544  519  482  446  411  377  350  327  307  288  271  255  238  221
  204  188  172  158  146  137  135  144  167  202  247  297  348  397  442  484
