data/edconvlstm_nd/pred2500.15i
     1.0            IONOSPHERE MAPS     GNSS                IONEX VERSION / TYPE
pyspatialgeodesy        IME             05-JAN-18 20:20     PGM / RUN BY / DATE 
Map Name                                                    COMMENT             
Predicted global ionosphere maps (GIM).                     DESCRIPTION         
  2015     9     7     0     0     0                        EPOCH OF FIRST MAP  
  2015     9     8     0     0     0                        EPOCH OF LAST MAP   
  7200                                                      INTERVAL            
    13                                                      # OF MAPS IN FILE   
  NONE                                                      MAPPING FUNCTION    
10.0                                                        ELEVATION CUTOFF    
One-way carrier phase leveled to code                       OBSERVABLES USED    
  6371.0                                                    BASE RADIUS         
 2                                                          MAP DIMENSION       
   450.0 450.0   0.0                                        HGT1 / HGT2 / DHGT  
    87.5 -87.5  -2.5                                        LAT1 / LAT2 / DLAT  
  -180.0 180.0   5.0                                        LON1 / LON2 / DLON  
    -1                                                      EXPONENT            
                                                            END OF HEADER       
[from data line 858]
     3                                                      START OF TEC MAP    
  2015     9     7     4     0     0                        EPOCH OF CURRENT MAP
    87.5-180.0 180.0   5.0 450.0                            LAT/LON1/LON2/DLON/H
   89   95   94   98   97   96   94   91   92   93   93   93   93   93   92   92
   91   90   89   88   87   86   84   83   81   80   78   77   75   74   73   72
   71   70   69   69   68   68   68   69   69   70   71   72   73   74   75   76
   77   79   80   81   82   83   83   84   85   85   86   86   86   86   86   87
   88   90   88   88   93  100  105   96   89                                   
    85.0-180.0 180.0   5.0 450.0                            LAT/LON1/LON2/DLON/H
   86  104   96  100  103  103  102  101  101  102  102  102  102  102  102  101
  100   99   98   96   94   92   90   88   86   84   82   80   79   77   76   75
   74   73   72   72   72   72   73   73   74   76   77   78   80   82   84   86
   87   89   91   92   94   95   96   97   97   98   98   98   99   98   98   99
  100  101   98  100   99  102  108   99   86                                   
    82.5-180.0 180.0   5.0 450.0                            LAT/LON1/LON2/DLON/H
   94  101  110  103  102  105  105  104  105  106  105  106  106  106  106  105
  104  102  100   98   96   93   90   88   85   82   79   77   74   72   70   69
   68   67   67   67   67   67   68   70   71   74   76   79   81   84   87   90
   93   96   98  100  102  104  105  106  107  107  108  108  107  107  106  107
  106  106  103  103  110  102   99   94   94                                   
    80.0-180.0 180.0   5.0 450.0                            LAT/LON1/LON2/DLON/H
  102  103  101   95   97   98  100  100  101  102  101  102  103  103  103  102
  101  100   98   95   92   89   85   82   78   74   71   68   66   64   62   60
   59   59   59   59   59   60   61   63   66   69   72   76   80   84   88   92
   96   99  102  105  107  109  110  111  111  112  111  111  110  109  108  108
  107  104  103  103  110  106  106   95  102                                   
    77.5-180.0 180.0   5.0 450.0                            LAT/LON1/LON2/DLON/H
  100  100   95   91   89   92   95   96   97   97   96   98   98   99   99   99
   98   97   95   93   90   86   82   78   74   70   66   63   60   58   57   56
   55   54   54   55   55   56   58   60   63   66   70   75   80   86   91   97
  102  106  110  113  115  117  118  118  118  118  117  116  114  113  111  110
  108  107  103  104  106   98   97   94  100                                   
    75.0-180.0 180.0   5.0 450.0                            LAT/LON1/LON2/DLON/H
   92   95   89   86   83   86   87   87   87   87   86   87   87   87   88   88
   88   88   86   84   82   78   74   70   65   61   58   55   52   51   50   50
   49   50   50   50   50   51   52   54   56   60   64   70   76   82   89   95
  100  105  108  111  114  115  116  116  116  116  115  114  112  111  109  108
  106  104  102   98  100   95   93   91   92                                   
    72.5-180.0 180.0   5.0 450.0                            LAT/LON1/LON2/DLON/H
   89   94   89   84   83   85   87   87   86   85   82   83   82   82   82   82
   82   83   82   81   79   76   72   67   63   59   55   53   51   50   50   51
   51   52   52   52   52   52   53   54   57   60   65   71   78   85   92   99
  105  109  113  116  118  119  120  120  120  120  119  118  117  115  114  114
  112  110  109  107  106   99   95   92   89                                   
    70.0-180.0 180.0   5.0 450.0                            LAT/LON1/LON2/DLON/H
   95   97   92   87   84   85   85   84   83   80   77   76   74   73   72   72
   73   74   74   73   72   70   66   62   58   54   51   49   48   48   49   50
   52   53   53   53   52   52   51   52   54   58   63   70   77   85   93  100
  105  109  112  115  116  117  118  119  119  119  119  118  118  116  116  116
  115  113  113  112  111  105  102   96   95                                   
    67.5-180.0 180.0   5.0 450.0                            LAT/LON1/LON2/DLON/H
   96   98   93   87   84   84   84   82   80   76   72   69   66   64   63   62
   63   64   64   64   63   62   59   55   51   48   45   44   43   44   45   46
   48   49   49   48   47   46   45   45   47   51   57   64   72   80   88   94
   99  103  105  107  108  110  111  112  114  115  115  115  114  114  113  114
  113  113  114  113  114  109  105  100   96                                   
    65.0-180.0 180.0   5.0 450.0                            LAT/LON1/LON2/DLON/H
  100  101   94   89   85   84   84   82   79   75   70   66   62   59   57   56
   56   57   58   58   57   55   53   50   46   43   41   40   40   40   42   43
   45   45   45   44   42   41   40   41   43   47   54   62   71   79   87   93
   97   99  101  102  104  105  108  110  112  114  115  116  116  115  114  114
  114  114  116  115  117  114  111  106  100                                   
    62.5-180.0 180.0   5.0 450.0                            LAT/LON1/LON2/DLON/H
  104  104   98   92   87   86   85   82   80   75   69   66   61   58   55   54
   53   53   53   53   52   51   48   45   43   40   38   37   37   38   39   40
   41   41   41   40   38   37   37   38   41   46   54   63   72   81   88   93
   97   98  100  101  102  105  108  111  115  117  119  120  120  119  118  117
  116  116  118  118  120  118  117  113  104                                   
    60.0-180.0 180.0   5.0 450.0                            LAT/LON1/LON2/DLON/H
  108  108  101   93   89   86   85   81   78   73   68   64   60   57   54   52
   51   50   49   48   47   45   43   40   38   36   35   34   35   35   36   36
   36   36   36   35   34   33   34   36   40   47   55   65   75   84   91   95
   98  100  101  103  105  108  112  116  119  122  124  125  125  123  121  120
  118  117  118  119  122  120  121  117  108                                   
    57.5-180.0 180.0   5.0 450.0                            LAT/LON1/LON2/DLON/H
  114  113  106   97   92   88   85   81   77   71   66   63   60   56   54   52
   50   48   46   44   42   40   38   36   35   34   33   33   33   34   34   34
   33   33   32   32   32   32   34   38   43   51   61   71   81   90   97  102
  105  107  109  111  114  117  121  125  128  131  132  133  132  130  127  125
  122  120  121  121  124  123  125  122  114                                   
    55.0-180.0 180.0   5.0 450.0                            LAT/LON1/LON2/DLON/H
  120  119  112  103   98   93   88   82   77   70   64   61   58   56   54   52
   50   47   44   41   39   37   35   33   33   32   32   33   34   34   34   33
   32   31   31   31   33   34   38   42   49   58   68   79   89   98  105  111
  115  118  121  125  128  132  135  138  140  141  141  141  139  137  133  130
  126  123  124  123  126  126  128  125  120                                   
    52.5-180.0 180.0   5.0 450.0                            LAT/LON1/LON2/DLON/H
  127  128  121  112  107  101   95   87   80   71   64   61   57   55   54   52
   50   47   43   40   38   35   34   33   33   33   34   35   36   36   36   35
   34   34   34   35   37   40   44   50   57   66   77   88   99  108  116  123
  128  134  139  143  147  150  152  152  152  151  149  148  146  143  140  136
  132  129  128  127  130  129  131  129  127                                   
    50.0-180.0 180.0   5.0 450.0                            LAT/LON1/LON2/DLON/H
  135  137  130  124  119  113  107   97   87   77   68   62   59   56   55   53
   51   48   45   42   39   38   36   36   36   37   38   39   40   41   41   40
   40   40   41   43   46   49   54   60   67   76   87   98  109  119  128  136
  144  152  159  165  169  171  170  167  163  160  156  154  152  149  146  143
  139  135  134  133  135  134  136  134  135                                   
    47.5-180.0 180.0   5.0 450.0                            LAT/LON1/LON2/DLON/H
  142  146  140  137  132  127  121  110   99   86   75   68   62   59   57   55
   53   51   48   46   45   44   43   42   42   43   44   45   46   47   48   48
   48   49   51   53   56   60   65   70   77   86   96  107  118  129  140  151
  161  170  179  185  189  190  187  181  174  167  162  158  156  154  151  149
  146  143  142  140  141  140  141  139  142                                   
    45.0-180.0 180.0   5.0 450.0                            LAT/LON1/LON2/DLON/H
  147  153  147  148  143  139  134  124  112   98   86   77   69   64   61   59
   57   55   54   54   53   53   53   52   51   51   51   52   53   54   55   56
   57   59   61   64   67   71   75   80   87   95  106  117  128  140  152  164
  176  187  197  204  207  206  200  192  182  173  166  162  160  158  156  155
  153  151  150  148  149  146  146  145  147                                   
    42.5-180.0 180.0   5.0 450.0                            LAT/LON1/LON2/DLON/H
  152  157  152  153  149  146  143  135  124  111   98   88   79   72   67   64
   62   62   62   63   65   66   65   64   62   60   58   58   58   59   61   63
   65   68   71   74   77   80   84   88   95  103  114  125  137  150  163  177
  190  201  211  217  220  218  211  201  190  180  172  167  165  163  162  162
  160  159  159  157  157  154  153  151  152                                   
    40.0-180.0 180.0   5.0 450.0                            LAT/LON1/LON2/DLON/H
  155  159  153  154  150  148  146  140  131  120  108   98   89   81   75   71
   69   70   72   74   77   79   78   76   72   68   65   63   63   64   65   68
   71   74   78   81   84   87   90   94  101  110  121  133  146  160  173  187
  199  210  219  225  228  226  219  210  199  189  181  176  173  171  169  169
  168  168  168  167  167  163  162  159  155                                   
    37.5-180.0 180.0   5.0 450.0                            LAT/LON1/LON2/DLON/H
  162  162  155  153  147  144  143  138  132  124  115  107   98   90   83   79
   77   78   81   85   89   91   90   86   81   76   71   68   66   67   69   71
   75   79   83   86   89   91   94   98  105  115  128  141  155  168  181  193
  205  215  223  229  232  232  227  220  210  202  195  190  186  183  181  180
  178  178  178  178  179  175  174  170  162                                   
    35.0-180.0 180.0   5.0 450.0                            LAT/LON1/LON2/DLON/H
  174  170  161  153  146  140  136  132  128  123  117  111  104   97   90   86
   85   86   90   94   98  100   99   95   89   83   77   73   70   70   71   74
   78   82   86   89   92   94   96  101  109  120  134  148  162  175  187  197
  207  216  224  230  235  237  236  232  226  219  213  208  204  200  196  194
  192  191  192  192  194  191  191  184  174                                   
    32.5-180.0 180.0   5.0 450.0                            LAT/LON1/LON2/DLON/H
  195  189  177  161  151  139  131  125  122  117  114  111  106  101   95   92
   91   93   97  101  105  107  106  102   96   90   84   79   75   74   75   77
   81   85   88   91   94   95   98  102  111  123  138  154  168  179  189  198
  206  214  223  231  239  245  248  248  246  241  237  232  227  222  217  214
  210  208  208  209  213  212  213  203  195                                   
    30.0-180.0 180.0   5.0 450.0                            LAT/LON1/LON2/DLON/H
  225  219  205  181  168  149  134  123  117  112  109  108  105  101   98   95
   95   96  100  105  109  111  111  108  103   97   92   87   83   80   80   81
   84   88   91   93   95   96   98  103  112  125  141  157  170  180  188  196
  203  212  222  234  246  256  264  268  269  267  263  259  254  249  243  238
  233  230  229  229  235  238  240  229  225                                   
    27.5-180.0 180.0   5.0 450.0                            LAT/LON1/LON2/DLON/H
  262  260  244  216  199  174  150  131  119  111  107  105  103  100   97   96
   95   97  100  105  109  113  114  113  110  106  101   97   92   88   87   87
   89   91   93   95   96   97   98  102  111  124  140  156  169  178  185  192
  200  211  224  240  256  271  283  290  294  294  291  288  283  278  273  268
  261  257  254  253  259  265  270  259  262                                   
    25.0-180.0 180.0   5.0 450.0                            LAT/LON1/LON2/DLON/H
  302  306  289  262  245  215  183  155  135  119  110  106  102   99   96   94
   94   95   97  102  107  112  116  118  117  115  112  107  102   97   95   94
   94   95   96   97   97   96   97  100  108  120  136  151  164  173  180  187
  198  212  230  251  271  289  304  314  319  320  318  316  313  310  306  302
  295  288  285  281  286  294  300  292  302                                   
    22.5-180.0 180.0   5.0 450.0                            LAT/LON1/LON2/DLON/H
  341  351  336  315  298  266  230  195  165  141  125  114  107  101   96   93
   91   91   93   98  104  112  119  123  125  125  122  117  111  106  102  100
   99   99   99   98   96   95   94   96  102  114  129  144  156  165  174  184
  199  218  241  265  289  309  325  335  341  344  343  342  342  342  342  340
  333  326  321  313  314  321  327  322  341                                   
    20.0-180.0 180.0   5.0 450.0                            LAT/LON1/LON2/DLON/H
  370  389  379  367  352  322  285  245  208  176  151  133  119  109  101   95
   91   89   90   95  103  113  122  129  133  133  130  125  118  112  107  104
  103  102  100   97   95   92   89   90   96  107  121  135  148  158  169  183
  202  227  255  282  308  328  344  354  361  363  364  365  368  373  377  379
  375  367  360  347  342  345  350  348  370                                   
    17.5-180.0 180.0   5.0 450.0                            LAT/LON1/LON2/DLON/H
  387  412  410  409  396  371  337  296  257  219  187  161  141  124  111  101
   95   91   91   95  104  116  127  135  139  139  135  129  121  114  109  106
  104  102   99   95   91   87   84   84   89  100  113  127  140  152  166  185
  209  239  270  300  325  345  359  369  376  379  382  386  392  400  409  415
  413  406  398  381  368  364  368  367  387                                   
    15.0-180.0 180.0   5.0 450.0                            LAT/LON1/LON2/DLON/H
  392  416  423  430  421  403  376  340  302  263  227  196  169  147  128  114
  105   99   97  101  110  122  134  142  145  143  137  130  121  114  109  106
  103  100   96   91   86   82   79   79   84   94  108  122  135  149  166  189
  218  251  284  314  339  357  370  381  388  393  398  404  412  424  436  445
  445  438  429  409  390  378  381  380  392                                   
    12.5-180.0 180.0   5.0 450.0                            LAT/LON1/LON2/DLON/H
  387  404  416  427  423  413  394  366  335  299  264  232  202  175  153  135
  122  114  111  114  122  132  142  148  149  145  137  128  119  112  107  104
  101   97   92   86   81   77   74   75   81   91  104  118  132  148  168  194
  226  262  296  325  348  366  379  390  399  406  413  420  431  444  458  467
  467  461  450  430  407  389  392  391  387                                   
    10.0-180.0 180.0   5.0 450.0                            LAT/LON1/LON2/DLON/H
  379  385  395  405  405  400  390  372  349  320  291  262  233  206  181  161
  145  136  132  132  137  145  151  154  152  145  136  125  116  110  105  102
   98   93   87   82   77   73   71   72   79   89  102  116  131  147  170  198
  233  269  304  332  354  372  386  399  410  419  427  436  447  460  473  480
  480  474  464  445  422  401  402  402  379                                   
     7.5-180.0 180.0   5.0 450.0                            LAT/LON1/LON2/DLON/H
  376  371  375  378  378  375  370  360  346  325  303  281  257  233  210  189
  174  163  157  155  156  158  160  158  153  145  135  124  116  109  105  100
