data/edconvlstm_nd/pred1460.15i
     1.0            IONOSPHERE MAPS     GNSS                IONEX VERSION / TYPE
pyspatialgeodesy        IME             05-JAN-18 20:20     PGM / RUN BY / DATE 
Map Name                                                    COMMENT             
Predicted global ionosphere maps (GIM).                     DESCRIPTION         
  2015     5    26     0     0     0                        EPOCH OF FIRST MAP  
  2015     5    27     0     0     0                        EPOCH OF LAST MAP   
  7200                                                      INTERVAL            
    13                                                      # OF MAPS IN FILE   
  NONE                                                      MAPPING FUNCTION    
10.0                                                        ELEVATION CUTOFF    
One-way carrier phase leveled to code                       OBSERVABLES USED    
  6371.0                                                    BASE RADIUS         
 2                                                          MAP DIMENSION       
   450.0 450.0   0.0                                        HGT1 / HGT2 / DHGT  
    87.5 -87.5  -2.5                                        LAT1 / LAT2 / DLAT  
  -180.0 180.0   5.0                                        LON1 / LON2 / DLON  
    -1                                                      EXPONENT            
                                                            END OF HEADER       
[from data line 5148]
    13                                                      START OF TEC MAP    
  2015     5    27     0     0     0                        EPOCH OF CURRENT MAP
    87.5-180.0 180.0   5.0 450.0                            LAT/LON1/LON2/DLON/H
  162  170  180  170  169  169  167  167  167  166  166  166  166  165  165  164
  163  162  162  161  159  158  157  156  155  154  153  152  151  150  149  148
  148  148  147  147  147  147  147  147  148  148  149  149  149  150  150  151
  151  152  152  152  152  153  153  153  153  153  154  154  154  154  154  155
  156  157  159  159  158  157  162  178  162                                   
    85.0-180.0 180.0   5.0 450.0                            LAT/LON1/LON2/DLON/H
  179  178  172  172  178  178  177  176  177  176  176  176  175  175  174  173
  172  171  170  168  167  165  163  162  160  158  157  155  154  152  151  150
  149  149  149  149  149  149  149  150  151  151  152  153  153  154  154  155
  156  156  156  157  157  157  157  157  158  158  158  158  158  159  159  160
  161  163  165  168  162  167  173  184  179                                   
    82.5-180.0 180.0   5.0 450.0                            LAT/LON1/LON2/DLON/H
  178  177  182  179  183  184  182  183  184  183  183  183  182  181  181  179
  178  177  175  173  171  169  167  165  162  159  157  154  152  150  148  147
  146  145  145  145  146  146  147  148  150  151  152  153  154  155  155  156
  157  157  158  158  158  159  159  159  159  159  159  160  160  160  161  162
  163  165  167  168  167  158  167  171  178                                   
    80.0-180.0 180.0   5.0 450.0                            LAT/LON1/LON2/DLON/H
  178  182  179  177  180  183  185  186  187  185  185  185  184  183  182  181
  180  178  176  174  172  169  167  163  160  156  153  149  146  143  141  140
  139  138  139  140  141  143  145  147  149  151  153  154  156  157  158  160
  161  162  162  163  163  163  163  163  163  162  162  162  161  161  161  162
  162  163  165  165  172  165  174  181  178                                   
    77.5-180.0 180.0   5.0 450.0                            LAT/LON1/LON2/DLON/H
  183  180  177  179  177  179  183  184  184  183  182  182  181  180  179  178
  176  175  173  171  169  166  163  159  156  151  147  143  139  136  134  132
  132  132  134  136  139  142  145  148  151  153  155  157  159  161  162  164
  165  167  168  169  169  169  169  168  167  166  165  163  162  161  161  161
  160  162  162  162  169  170  174  186  183                                   
    75.0-180.0 180.0   5.0 450.0                            LAT/LON1/LON2/DLON/H
  186  178  176  178  175  176  178  179  179  177  176  176  175  173  172  171
  169  168  167  165  163  161  158  155  151  146  141  137  132  129  127  126
  126  128  131  135  139  143  147  150  153  155  157  159  160  162  164  166
  168  170  172  173  174  174  173  172  171  169  167  165  163  161  160  160
  159  160  161  156  162  168  171  185  186                                   
    72.5-180.0 180.0   5.0 450.0                            LAT/LON1/LON2/DLON/H
  177  175  174  174  171  170  171  172  172  170  170  170  169  168  166  165
  163  162  160  159  158  156  153  150  146  141  136  131  127  123  121  121
  122  125  129  134  139  143  147  151  153  154  155  156  157  158  161  164
  167  170  172  174  175  175  174  173  171  169  167  164  162  160  159  158
  157  158  159  156  158  162  169  186  177                                   
    70.0-180.0 180.0   5.0 450.0                            LAT/LON1/LON2/DLON/H
  177  171  172  172  168  166  167  167  169  167  167  168  167  166  165  163
  161  160  158  157  156  155  153  150  146  141  136  132  127  124  123  123
  125  128  132  137  142  146  149  151  152  152  151  151  151  153  155  159
  163  168  171  174  175  175  175  173  171  169  167  165  163  161  160  159
  158  158  160  157  161  165  170  185  177                                   
    67.5-180.0 180.0   5.0 450.0                            LAT/LON1/LON2/DLON/H
  180  175  173  171  167  164  164  163  165  165  166  168  168  168  167  165
  163  160  159  157  156  155  154  151  148  144  140  135  131  129  127  127
  129  132  135  139  143  146  147  147  146  144  141  140  140  142  145  150
  155  161  165  169  170  171  170  169  168  166  165  164  162  161  160  160
  158  159  161  158  163  167  172  187  180                                   
    65.0-180.0 180.0   5.0 450.0                            LAT/LON1/LON2/DLON/H
  185  179  177  173  167  162  161  161  163  164  167  170  172  173  172  170
  167  164  162  160  159  158  157  156  153  150  147  144  141  139  137  137
  137  138  140  141  143  143  143  141  137  133  130  128  127  129  134  140
  146  153  158  162  164  164  164  163  163  163  163  163  163  162  162  162
  161  162  165  162  168  174  179  193  185                                   
    62.5-180.0 180.0   5.0 450.0                            LAT/LON1/LON2/DLON/H
  193  187  184  178  170  164  162  161  163  165  169  173  177  179  178  176
  173  170  167  165  164  163  163  162  161  160  158  156  155  154  152  151
  149  147  145  144  142  140  137  133  128  123  119  117  117  119  125  132
  139  146  152  155  158  158  159  159  160  161  163  164  165  166  167  167
  167  168  171  169  176  183  188  201  193                                   
    60.0-180.0 180.0   5.0 450.0                            LAT/LON1/LON2/DLON/H
  201  197  194  186  176  169  165  163  165  166  170  176  180  183  184  182
  179  175  171  169  168  168  168  169  169  170  170  171  171  171  169  166
  161  156  150  145  140  135  131  126  120  115  111  109  110  113  119  127
  134  141  147  150  152  154  155  156  159  162  165  168  170  172  173  174
  174  175  178  177  185  194  199  210  201                                   
    57.5-180.0 180.0   5.0 450.0                            LAT/LON1/LON2/DLON/H
  211  209  207  197  186  177  172  168  168  168  171  176  181  184  186  184
  181  177  173  171  170  171  173  174  176  179  182  184  186  187  185  180
  172  163  153  144  137  131  125  120  115  111  107  106  107  111  118  125
  132  139  144  147  150  152  154  157  161  166  170  174  177  179  180  181
  182  184  188  187  196  205  209  220  211                                   
    55.0-180.0 180.0   5.0 450.0                            LAT/LON1/LON2/DLON/H
  220  221  220  210  198  189  184  178  176  173  173  176  180  182  184  183
  181  177  174  172  173  174  177  180  183  187  191  195  199  200  197  191
  180  168  155  144  135  128  123  119  115  111  108  108  110  114  120  127
  133  139  143  146  149  153  157  162  167  173  178  182  185  187  188  190
  190  193  198  198  206  215  219  229  220                                   
    52.5-180.0 180.0   5.0 450.0                            LAT/LON1/LON2/DLON/H
  228  233  232  223  213  206  201  194  188  181  178  177  178  179  180  180
  178  176  174  173  175  178  181  185  188  193  197  202  206  207  204  196
  184  170  156  144  135  129  125  121  118  116  114  114  116  120  125  131
  136  140  144  147  151  156  162  168  176  182  188  192  194  195  196  198
  199  203  209  209  215  223  227  237  228                                   
    50.0-180.0 180.0   5.0 450.0                            LAT/LON1/LON2/DLON/H
  235  242  243  237  230  226  222  214  206  195  187  182  179  178  178  177
  176  175  175  176  179  183  187  191  194  197  202  206  209  210  206  197
  185  171  158  147  139  134  131  129  126  123  122  121  123  126  131  135
  139  142  145  149  154  160  168  177  185  192  198  201  202  202  203  206
  209  214  220  219  224  230  233  244  235                                   
    47.5-180.0 180.0   5.0 450.0                            LAT/LON1/LON2/DLON/H
  242  250  253  250  247  247  246  239  229  215  202  192  185  181  179  178
  177  177  178  182  186  191  195  198  200  202  205  207  209  208  203  195
  184  172  160  152  146  143  140  138  136  133  130  129  130  133  136  138
  141  143  146  151  157  165  174  184  193  201  206  208  209  208  210  214
  218  224  231  230  233  236  239  251  242                                   
    45.0-180.0 180.0   5.0 450.0                            LAT/LON1/LON2/DLON/H
  249  256  260  262  264  266  269  264  255  239  223  209  198  190  186  183
  182  183  186  191  197  202  206  207  207  207  207  207  207  204  198  191
  182  173  165  160  156  154  152  149  146  142  138  137  137  138  140  141
  143  144  147  152  159  168  179  190  200  208  213  215  214  214  216  221
  227  235  243  241  241  242  246  259  249                                   
    42.5-180.0 180.0   5.0 450.0                            LAT/LON1/LON2/DLON/H
  257  263  267  272  278  283  288  287  280  264  248  231  217  206  199  195
  193  194  198  204  211  216  218  218  216  214  211  209  205  200  194  188
  182  176  172  170  168  166  164  160  155  150  145  143  142  143  144  144
  145  146  148  154  161  171  182  193  204  213  218  221  221  221  224  230
  238  247  254  251  251  250  254  268  257                                   
    40.0-180.0 180.0   5.0 450.0                            LAT/LON1/LON2/DLON/H
  268  273  276  281  289  296  303  304  301  289  274  257  241  227  218  211
  209  209  213  219  226  231  232  230  226  222  218  213  207  200  193  187
  184  182  181  181  180  178  174  169  163  157  152  149  148  148  148  148
  147  147  150  155  162  172  183  195  206  217  224  228  229  230  234  241
  249  259  266  262  262  260  266  281  268                                   
    37.5-180.0 180.0   5.0 450.0                            LAT/LON1/LON2/DLON/H
  284  286  288  292  300  306  314  317  318  311  299  283  267  252  239  231
  227  226  230  236  241  245  245  241  237  232  227  221  212  203  195  190
  188  188  189  190  190  187  182  176  169  163  158  156  155  155  154  153
  151  150  152  156  163  172  183  196  209  222  231  237  240  242  246  254
  262  271  278  273  274  274  281  298  284                                   
    35.0-180.0 180.0   5.0 450.0                            LAT/LON1/LON2/DLON/H
  305  306  306  307  313  316  322  328  332  329  322  309  293  277  262  252
  245  244  246  251  255  257  256  253  248  244  239  232  222  211  201  195
  193  194  196  197  195  192  186  180  173  168  165  164  164  163  162  159
  156  154  154  157  163  172  183  196  212  227  240  248  253  256  260  267
  275  283  289  285  289  291  300  319  305                                   
    32.5-180.0 180.0   5.0 450.0                            LAT/LON1/LON2/DLON/H
  331  330  328  327  329  331  334  339  345  347  343  333  319  301  285  272
  263  260  261  264  267  268  267  263  260  257  252  245  233  220  209  201
  198  198  198  198  196  192  186  181  177  174  173  173  173  172  169  165
  160  156  154  156  161  170  182  197  214  232  248  259  266  269  273  279
  286  293  299  296  304  310  320  342  331                                   
    30.0-180.0 180.0   5.0 450.0                            LAT/LON1/LON2/DLON/H
  359  357  355  354  353  352  354  357  363  366  365  358  344  326  307  292
  282  276  275  277  279  279  277  275  272  269  265  257  244  229  215  205
  199  197  196  194  191  188  184  180  178  178  179  180  180  179  175  169
  163  157  153  153  158  167  180  196  216  236  255  268  276  280  283  288
  294  301  306  304  317  326  339  365  359                                   
    27.5-180.0 180.0   5.0 450.0                            LAT/LON1/LON2/DLON/H
  386  383  383  385  383  382  382  383  388  391  390  384  370  352  332  315
  302  295  292  291  292  292  290  287  284  281  275  266  251  234  217  205
  196  190  187  184  182  180  179  178  178  180  182  184  184  181  176  168
  161  153  149  148  152  162  177  196  217  240  260  275  284  289  291  294
  299  305  310  311  327  340  356  386  386                                   
    25.0-180.0 180.0   5.0 450.0                            LAT/LON1/LON2/DLON/H
  407  403  407  417  417  419  419  418  420  422  421  414  401  381  361  342
  327  318  313  310  309  307  304  300  295  289  281  268  251  232  213  198
  186  178  174  171  171  172  173  174  176  178  181  183  182  177  170  162
  154  146  141  140  146  157  175  196  220  244  265  281  291  295  297  299
  303  308  314  316  334  349  369  404  407                                   
    22.5-180.0 180.0   5.0 450.0                            LAT/LON1/LON2/DLON/H
  419  416  425  444  448  456  458  458  458  457  455  449  435  416  395  376
  360  348  340  334  330  326  320  313  304  294  281  264  244  223  203  186
  172  163  158  158  161  165  168  170  172  173  175  175  172  167  159  150
  142  135  131  131  139  153  173  198  223  248  269  285  295  300  303  305
  308  313  319  322  341  356  379  417  419                                   
    20.0-180.0 180.0   5.0 450.0                            LAT/LON1/LON2/DLON/H
  421  420  434  462  472  486  493  495  495  493  490  484  473  455  435  416
  399  385  373  364  355  347  337  325  310  293  273  251  229  207  187  170
  156  147  144  146  153  160  164  166  165  164  163  162  158  151  143  135
  128  123  120  123  133  150  174  201  228  252  273  288  299  305  309  313
  316  321  327  331  348  361  386  425  421                                   
    17.5-180.0 180.0   5.0 450.0                            LAT/LON1/LON2/DLON/H
  415  418  433  467  484  503  515  520  521  521  520  516  508  494  476  459
  442  426  410  395  381  368  352  333  311  285  258  232  208  187  169  153
  141  134  133  139  148  157  162  162  158  153  150  146  141  134  127  120
  115  112  111  116  128  149  175  204  232  256  276  291  302  310  317  322
  327  333  340  343  356  365  390  428  415                                   
    15.0-180.0 180.0   5.0 450.0                            LAT/LON1/LON2/DLON/H
  408  412  427  460  481  503  518  527  531  533  536  537  534  526  513  498
  482  464  445  425  405  385  362  335  304  270  237  208  185  166  151  139
  130  125  128  137  148  158  162  158  151  143  136  131  126  119  113  107
  104  102  104  110  124  147  176  206  234  258  276  291  304  315  325  334
  341  348  355  358  365  370  394  428  408                                   
    12.5-180.0 180.0   5.0 450.0                            LAT/LON1/LON2/DLON/H
  404  408  418  446  467  488  504  514  521  527  535  542  546  545  538  527
  513  495  472  448  422  394  363  328  289  249  212  183  162  148  138  130
  125  124  129  139  151  160  162  156  145  134  126  120  115  109  104   99
   97   96   98  106  120  143  173  204  232  255  273  289  305  320  334  347
  357  365  371  373  376  377  398  430  404                                   
    10.0-180.0 180.0   5.0 450.0                            LAT/LON1/LON2/DLON/H
  406  409  412  431  449  465  478  488  497  506  518  531  542  546  545  539
  528  510  486  458  427  392  354  311  266  222  185  158  142  135  131  128
  126  127  134  144  155  163  162  154  141  129  120  114  110  105  100   96
   93   92   94  101  115  138  166  197  225  248  267  286  306  325  344  359
  372  381  387  387  387  385  406  434  406                                   
     7.5-180.0 180.0   5.0 450.0                            LAT/LON1/LON2/DLON/H
  414  416  413  422  433  441  449  456  465  475  490  507  522  531  535  532
  523  507  484  454  418  378  333  285  236  192  158  138  129  128  130  131
