data/edconvlstm_nd/pred2310.15i
     1.0            IONOSPHERE MAPS     GNSS                IONEX VERSION / TYPE
pyspatialgeodesy        IME             05-JAN-18 20:20     PGM / RUN BY / DATE 
Map Name                                                    COMMENT             
Predicted global ionosphere maps (GIM).                     DESCRIPTION         
  2015     8    19     0     0     0                        EPOCH OF FIRST MAP  
  2015     8    20     0     0     0                        EPOCH OF LAST MAP   
  7200                                                      INTERVAL            
    13                                                      # OF MAPS IN FILE   
  NONE                                                      MAPPING FUNCTION    
10.0                                                        ELEVATION CUTOFF    
One-way carrier phase leveled to code                       OBSERVABLES USED    
  6371.0                                                    BASE RADIUS         
 2                                                          MAP DIMENSION       
   450.0 450.0   0.0                                        HGT1 / HGT2 / DHGT  
    87.5 -87.5  -2.5                                        LAT1 / LAT2 / DLAT  
  -180.0 180.0   5.0                                        LON1 / LON2 / DLON  
    -1                                                      EXPONENT            
                                                            END OF HEADER       
[from data line 4290]
    11                                                      START OF TEC MAP    
  2015     8    19    20     0     0                        EPOCH OF CURRENT MAP
    87.5-180.0 180.0   5.0 450.0                            LAT/LON1/LON2/DLON/H
  127  123  113  118  121  118  117  115  115  116  115  115  115  115  115  115
  115  115  114  114  113  112  111  110  109  108  107  106  105  105  104  103
  103  102  102  102  102  102  103  103  103  104  104  105  106  106  107  108
  108  109  110  110  110  111  111  111  112  112  112  112  113  113  113  113
  113  113  111  110  120  117  130  128  127                                   
    85.0-180.0 180.0   5.0 450.0                            LAT/LON1/LON2/DLON/H
  131  124  131  118  116  119  119  120  120  122  121  121  121  122  122  122
  122  122  121  121  120  119  117  116  115  113  112  110  109  108  107  106
  105  104  104  104  103  104  104  104  105  106  106  107  108  109  110  111
  112  113  113  114  115  115  115  116  116  116  117  117  117  117  117  117
  118  118  115  112  115  113  116  116  131                                   
    82.5-180.0 180.0   5.0 450.0                            LAT/LON1/LON2/DLON/H
  113  111  111  107  107  110  113  112  112  113  114  115  116  117  117  118
  118  118  118  117  116  114  113  111  109  106  104  102  100   98   97   95
   94   94   93   93   93   93   93   94   95   96   97   98  100  101  102  104
  105  106  107  108  108  109  109  109  110  110  110  110  110  110  110  110
  110  110  107  109  110  118  108  107  113                                   
    80.0-180.0 180.0   5.0 450.0                            LAT/LON1/LON2/DLON/H
   99   97  103   99   99   97  103  105  107  109  111  113  115  116  118  119
  120  120  120  119  117  115  113  110  107  104  100   97   94   92   90   88
   86   85   84   83   83   83   84   84   85   86   88   89   91   93   95   96
   98   99  100  100  101  101  101  101  101  101  101  102  102  102  103  103
  104  104  103  103  100  100   96  101   99                                   
    77.5-180.0 180.0   5.0 450.0                            LAT/LON1/LON2/DLON/H
  100   93   97   94   97   97  102  104  106  108  110  113  116  119  121  123
  125  126  126  126  124  122  119  115  111  107  103   99   95   92   89   87
   85   84   82   81   81   80   80   80   81   82   83   84   86   88   90   92
   93   95   95   96   96   95   95   94   94   94   94   94   94   95   96   97
   98   98   98  100   99   95   95  102  100                                   
    75.0-180.0 180.0   5.0 450.0                            LAT/LON1/LON2/DLON/H
   95   91   91   90   93   96   99  101  105  109  111  115  118  121  124  127
  130  131  132  132  131  129  125  122  117  112  108  104  100   96   93   91
   89   88   86   84   83   82   81   80   79   80   80   81   83   84   86   88
   89   90   90   90   90   89   88   87   86   86   86   86   88   89   91   93
   94   96   97   95   94   90   87   85   95                                   
    72.5-180.0 180.0   5.0 450.0                            LAT/LON1/LON2/DLON/H
   93   87   87   92   92   94   99  101  103  106  108  112  116  120  124  127
  130  132  133  134  133  131  128  123  118  113  108  103   99   96   94   92
   90   89   87   85   82   80   78   75   74   73   72   72   73   74   76   77
   78   79   79   79   78   76   75   73   72   71   72   73   75   77   80   83
   85   87   88   86   84   83   82   86   93                                   
    70.0-180.0 180.0   5.0 450.0                            LAT/LON1/LON2/DLON/H
   92   87   86   89   91   93   96   99  101  105  108  111  115  119  122  125
  128  131  132  133  132  130  127  123  118  113  108  104  100   98   97   96
   95   94   92   89   86   82   78   75   71   69   67   66   66   67   68   68
   69   69   69   68   67   65   63   61   60   59   60   61   64   67   72   76
   79   81   83   83   82   81   82   84   92                                   
    67.5-180.0 180.0   5.0 450.0                            LAT/LON1/LON2/DLON/H
   94   89   89   94   97   99  102  105  107  109  112  115  119  122  125  128
  130  133  134  135  134  133  129  125  119  114  109  104  102  100  100  100
  100  100   98   95   91   86   81   76   71   68   65   63   62   62   62   62
   62   62   61   60   58   56   54   52   51   50   51   53   57   61   66   71
   74   77   79   78   76   78   77   80   94                                   
    65.0-180.0 180.0   5.0 450.0                            LAT/LON1/LON2/DLON/H
   94   91   91   97   99  102  105  107  109  112  114  117  120  123  125  127
  129  131  132  133  132  131  127  123  117  112  107  104  102  102  103  104
  105  105  103  100   95   90   84   78   72   68   64   61   59   57   56   56
   55   54   53   51   49   47   44   42   41   41   42   45   49   53   59   64
   69   73   76   75   75   78   79   81   94                                   
    62.5-180.0 180.0   5.0 450.0                            LAT/LON1/LON2/DLON/H
   94   94   95  101  105  107  110  111  113  115  117  120  123  126  128  129
  130  131  132  133  132  130  127  122  116  111  106  103  103  104  106  108
  109  109  108  104   99   93   87   81   75   70   66   62   59   56   54   52
   50   49   47   45   42   40   38   36   35   35   36   39   43   48   54   60
   64   69   72   72   72   75   77   78   94                                   
    60.0-180.0 180.0   5.0 450.0                            LAT/LON1/LON2/DLON/H
   93   96   98  104  108  110  112  113  115  117  119  123  126  128  130  131
  131  132  132  132  131  129  126  121  116  111  107  105  105  107  110  113
  114  114  112  108  103   98   92   86   80   75   70   66   62   58   54   51
   48   45   43   40   37   35   33   31   31   31   32   35   39   44   49   55
   60   65   68   69   70   75   78   80   93                                   
    57.5-180.0 180.0   5.0 450.0                            LAT/LON1/LON2/DLON/H
   92   97  101  108  112  114  115  115  117  118  121  125  128  131  133  134
  134  133  133  132  131  129  126  122  117  113  110  109  110  113  116  119
  120  119  117  113  108  103   98   93   88   83   78   73   68   63   58   53
   49   45   42   39   36   33   32   30   30   31   32   35   38   42   47   53
   58   63   67   68   70   76   80   81   92                                   
    55.0-180.0 180.0   5.0 450.0                            LAT/LON1/LON2/DLON/H
   91  100  105  111  115  117  118  117  118  119  122  126  130  134  136  136
  136  135  133  132  131  129  126  123  120  117  116  116  118  121  124  126
  127  125  122  119  114  110  106  102   97   93   88   82   76   70   64   58
   52   47   43   39   36   34   33   32   32   33   35   37   40   43   47   52
   57   63   67   69   71   78   84   84   91                                   
    52.5-180.0 180.0   5.0 450.0                            LAT/LON1/LON2/DLON/H
   92  102  108  115  119  121  121  120  120  120  123  127  132  135  138  138
  138  136  133  131  130  128  127  125  124  123  123  125  127  131  133  135
  134  132  129  125  121  118  114  111  107  103   97   91   84   77   70   63
   57   51   46   42   39   37   36   36   37   39   41   42   44   46   50   54
   59   65   70   72   75   82   88   89   92                                   
    50.0-180.0 180.0   5.0 450.0                            LAT/LON1/LON2/DLON/H
   94  105  112  119  123  125  126  125  124  124  126  130  134  138  140  141
  139  137  134  131  129  128  128  129  129  130  132  135  138  141  143  143
  142  140  136  133  130  127  124  121  117  112  106   99   92   84   76   69
   62   56   51   47   44   42   42   43   45   47   49   50   51   52   54   58
   63   69   74   77   80   87   94   94   94                                   
    47.5-180.0 180.0   5.0 450.0                            LAT/LON1/LON2/DLON/H
   99  109  116  123  128  131  133  133  131  131  132  135  138  141  143  143
  142  138  135  132  130  130  131  133  135  138  141  144  148  150  152  151
  150  147  145  142  140  137  135  131  126  120  114  106   98   90   82   75
   69   63   58   53   50   49   49   51   53   56   59   60   60   60   61   64
   69   75   81   84   87   94  100  100   99                                   
    45.0-180.0 180.0   5.0 450.0                            LAT/LON1/LON2/DLON/H
  106  115  121  129  134  139  142  143  141  141  141  143  145  147  149  148
  145  142  137  134  132  133  135  138  142  146  150  153  156  158  159  158
  157  155  153  152  150  148  145  141  135  127  120  111  103   95   88   82
   76   71   65   61   58   57   57   60   63   67   69   70   69   68   69   72
   76   83   89   92   95  100  106  107  106                                   
    42.5-180.0 180.0   5.0 450.0                            LAT/LON1/LON2/DLON/H
  114  122  127  136  142  148  152  154  154  154  153  154  155  156  156  155
  152  147  143  140  138  139  142  146  150  154  158  161  163  164  165  164
  163  163  163  162  161  159  155  149  141  133  125  116  108  100   94   88
   83   78   73   69   66   65   66   68   72   76   79   79   78   77   77   79
   84   90   97  100  102  107  112  113  114                                   
    40.0-180.0 180.0   5.0 450.0                            LAT/LON1/LON2/DLON/H
  123  130  135  144  151  157  162  166  166  167  167  167  167  167  166  164
  160  156  152  149  148  149  151  155  159  163  166  169  170  170  170  170
  170  171  172  172  171  168  162  155  147  138  129  120  112  105   99   95
   90   86   81   77   74   73   74   76   80   84   86   87   86   84   84   86
   90   97  104  107  109  114  119  119  123                                   
    37.5-180.0 180.0   5.0 450.0                            LAT/LON1/LON2/DLON/H
  132  140  144  153  160  166  172  176  178  180  180  180  180  179  178  175
  172  168  164  162  161  162  164  167  170  173  176  177  178  177  177  177
  178  179  181  181  179  174  167  159  150  141  132  124  116  110  104  100
   96   92   87   84   81   80   80   83   86   89   91   92   91   90   90   92
   96  102  109  113  115  121  126  126  132                                   
    35.0-180.0 180.0   5.0 450.0                            LAT/LON1/LON2/DLON/H
  141  151  156  164  170  175  180  185  188  190  192  193  193  192  190  188
  185  181  179  177  177  177  179  180  182  184  187  188  189  188  188  188
  188  189  189  188  184  178  169  160  151  142  134  127  119  113  108  104
  100   96   92   88   86   85   85   87   89   91   93   94   93   93   93   96
   99  106  113  117  120  128  134  135  141                                   
    32.5-180.0 180.0   5.0 450.0                            LAT/LON1/LON2/DLON/H
  150  163  170  175  180  184  188  192  196  199  202  204  205  204  203  201
  199  196  194  194  194  195  195  195  196  198  201  204  205  205  204  202
  201  200  198  193  186  177  167  157  149  141  135  128  121  114  109  105
  101   97   94   91   89   88   89   90   91   92   93   94   94   94   95   98
  101  108  115  121  125  135  143  144  150                                   
    30.0-180.0 180.0   5.0 450.0                            LAT/LON1/LON2/DLON/H
  158  175  185  187  191  194  196  199  203  208  212  215  217  217  216  215
  213  211  210  211  212  212  212  211  212  215  219  224  226  226  225  222
  218  212  205  197  186  175  163  153  145  138  133  126  119  113  107  103
  100   96   93   91   90   90   90   91   91   91   92   93   93   94   95   98
  101  109  117  124  129  142  153  154  158                                   
    27.5-180.0 180.0   5.0 450.0                            LAT/LON1/LON2/DLON/H
  166  186  199  199  204  206  207  208  212  217  222  227  229  230  230  229
  228  227  226  227  229  230  229  228  230  234  241  248  252  253  250  244
  236  225  212  199  184  170  158  147  140  134  129  122  115  108  103   99
   96   93   91   89   89   89   90   90   89   89   90   91   92   93   94   97
  101  109  118  126  134  148  162  165  166                                   
    25.0-180.0 180.0   5.0 450.0                            LAT/LON1/LON2/DLON/H
  174  196  211  211  216  219  220  221  224  229  235  240  243  245  246  245
  244  243  243  244  246  247  247  247  249  255  265  275  281  281  276  267
  253  237  219  200  183  167  153  143  135  130  124  117  109  102   96   93
   90   88   87   86   86   87   88   87   87   87   87   89   90   91   93   96
   99  108  119  129  139  154  170  175  174                                   
    22.5-180.0 180.0   5.0 450.0                            LAT/LON1/LON2/DLON/H
  181  204  219  222  229  234  235  236  240  245  251  256  260  262  264  264
  263  261  260  261  263  265  265  266  270  278  290  301  308  308  301  288
  269  248  224  202  183  166  153  142  134  127  121  113  104   96   91   87
   85   84   82   82   83   84   84   83   83   83   85   87   88   90   91   94
   98  107  119  131  143  158  174  183  181                                   
    20.0-180.0 180.0   5.0 450.0                            LAT/LON1/LON2/DLON/H
  187  210  225  230  240  247  251  253  258  265  270  276  279  282  284  285
  284  281  279  279  281  283  285  287  292  301  314  326  332  330  321  304
  282  256  230  206  186  171  158  147  137  129  120  111  101   93   87   84
   82   80   79   79   79   80   80   79   78   79   81   84   86   87   89   91
   96  106  118  131  145  160  176  188  187                                   
    17.5-180.0 180.0   5.0 450.0                            LAT/LON1/LON2/DLON/H
  192  214  228  238  250  260  267  272  278  285  291  297  301  304  306  308
  306  303  299  298  300  303  306  309  315  325  337  346  350  346  334  315
  291  263  236  213  195  181  169  157  146  136  125  114  104   95   88   84
   81   79   77   76   76   76   75   74   74   75   77   80   82   84   86   89
   93  104  117  130  144  159  175  189  192                                   
    15.0-180.0 180.0   5.0 450.0                            LAT/LON1/LON2/DLON/H
  195  216  230  244  259  271  282  289  298  306  312  318  322  326  329  331
  330  326  321  319  321  325  329  333  339  347  356  362  363  355  341  321
  296  269  243  222  208  196  186  174  161  148  135  123  111  101   94   88
   84   80   77   75   75   74   72   70   70   71   73   76   78   80   82   85
   91  102  115  128  142  156  173  188  195                                   
    12.5-180.0 180.0   5.0 450.0                            LAT/LON1/LON2/DLON/H
  196  219  233  248  265  280  294  304  315  324  332  338  342  346  351  353
  352  348  343  340  342  346  352  356  362  367  373  374  370  359  343  323
  299  274  251  234  223  215  205  193  178  163  149  136  123  112  102   95
   88   82   77   75   74   73   71   68   66   67   68   71   73   75   78   82
   88   99  112  125  139  153  170  185  196                                   
    10.0-180.0 180.0   5.0 450.0                            LAT/LON1/LON2/DLON/H
  199  223  237  253  271  287  303  315  328  339  347  354  359  364  369  372
  372  367  362  359  361  367  373  378  382  385  386  382  373  360  343  323
  301  278  259  246  239  233  224  210  194  178  163  149  136  123  112  101
   91   84   79   76   75   73   70   66   63   63   64   66   67   70   73   78
   85   96  108  120  135  151  169  184  199                                   
     7.5-180.0 180.0   5.0 450.0                            LAT/LON1/LON2/DLON/H
  203  230  245  259  277  293  310  323  337  348  358  365  371  377  382  385
  385  382  377  375  377  383  390  396  399  400  396  388  376  360  342  323
