data/edconvlstm_nd/pred0800.15i
     1.0            IONOSPHERE MAPS     GNSS                IONEX VERSION / TYPE
pyspatialgeodesy        IME             05-JAN-18 20:20     PGM / RUN BY / DATE 
Map Name                                                    COMMENT             
Predicted global ionosphere maps (GIM).                     DESCRIPTION         
  2015     3    21     0     0     0                        EPOCH OF FIRST MAP  
  2015     3    22     0     0     0                        EPOCH OF LAST MAP   
  7200                                                      INTERVAL            
    13                                                      # OF MAPS IN FILE   
  NONE                                                      MAPPING FUNCTION    
10.0                                                        ELEVATION CUTOFF    
One-way carrier phase leveled to code                       OBSERVABLES USED    
  6371.0                                                    BASE RADIUS         
 2                                                          MAP DIMENSION       
   450.0 450.0   0.0                                        HGT1 / HGT2 / DHGT  
    87.5 -87.5  -2.5                                        LAT1 / LAT2 / DLAT  
  -180.0 180.0   5.0                                        LON1 / LON2 / DLON  
    -1                                                      EXPONENT            
                                                            END OF HEADER       
     1                                                      START OF TEC MAP    
  2015     3    21     0     0     0                        EPOCH OF CURRENT MAP
    87.5-180.0 180.0   5.0 450.0                            LAT/LON1/LON2/DLON/H
  111  112  112  105  103  107  105  105  107  108  109  111  113  114  115  116
  116  116  116  116  115  114  112  111  109  107  105  103  101   99   97   95
   94   92   91   90   90   89   89   88   88   89   89   89   90   91   91   92
   93   94   94   95   96   96   97   97   97   98   98   98   98   98   98   98
   98   98   97   97   91   98  105  101  111                                   
    85.0-180.0 180.0   5.0 450.0                            LAT/LON1/LON2/DLON/H
  112  114   94  100  103  108  105  105  107  108  110  112  113  115  116  117
  118  118  117  116  115  113  111  108  106  103   99   96   93   90   88   85
   83   82   81   80   79   79   79   80   81   82   83   84   86   87   89   91
   93   94   96   97   98   99  101  101  102  103  104  104  104  104  105  105
  105  105  104  106  103  109  115  110  112                                   
    82.5-180.0 180.0   5.0 450.0                            LAT/LON1/LON2/DLON/H
  106   99  106  103  103  108  106  106  110  112  114  118  120  123  124  126
  126  126  126  124  122  120  116  112  108  103   99   94   89   85   81   77
   74   72   71   70   70   70   71   72   74   76   78   80   83   86   89   91
   94   96   99  101  102  104  106  107  108  110  111  112  112  112  113  113
  113  112  110  106  107   98  104  106  106                                   
    80.0-180.0 180.0   5.0 450.0                            LAT/LON1/LON2/DLON/H
  115  101   99   95   98   99  101  103  109  111  115  120  124  128  131  132
  134  134  133  131  128  125  120  115  109  102   96   89   83   77   73   69
   66   64   63   63   63   63   64   66   68   71   73   76   80   83   86   90
   93   95   98  100  103  104  106  108  110  111  113  114  115  116  117  117
  117  114  112  109  120  109  115  124  115                                   
    77.5-180.0 180.0   5.0 450.0                            LAT/LON1/LON2/DLON/H
  126  112  103  104   99  100  103  108  114  118  124  130  136  140  143  145
  146  146  144  142  138  134  129  122  115  107  100   92   85   79   74   71
   68   67   66   66   66   67   69   71   74   76   79   83   86   90   93   96
   99  101  103  105  106  108  109  110  112  114  116  118  120  121  123  124
  123  123  120  119  125  125  124  138  126                                   
    75.0-180.0 180.0   5.0 450.0                            LAT/LON1/LON2/DLON/H
  139  122  118  117  109  110  110  115  122  126  133  139  145  148  151  151
  150  149  146  142  138  134  128  122  115  107  100   93   86   81   77   74
   73   72   72   72   73   74   76   78   80   83   86   89   92   95   98  100
  101  102  103  103  103  104  105  106  107  110  112  115  118  121  124  126
  126  128  129  124  132  141  137  149  139                                   
    72.5-180.0 180.0   5.0 450.0                            LAT/LON1/LON2/DLON/H
  144  137  134  129  120  118  119  123  130  134  140  146  150  151  151  148
  145  140  136  132  128  124  119  115  109  104   98   93   88   85   82   80
   79   79   79   79   79   80   81   83   84   87   89   91   94   96   97   98
   98   98   97   97   96   96   96   97   99  102  106  110  114  118  122  126
  127  130  135  134  141  150  151  166  144                                   
    70.0-180.0 180.0   5.0 450.0                            LAT/LON1/LON2/DLON/H
  160  155  151  148  138  135  134  137  143  147  153  157  158  156  151  145
  138  131  125  121  117  114  111  108  105  101   98   94   91   89   87   86
   85   85   85   85   85   85   85   86   88   89   91   93   95   96   97   97
   97   95   94   92   91   91   91   93   96  100  104  109  114  119  124  129
  131  135  142  144  153  165  166  179  160                                   
    67.5-180.0 180.0   5.0 450.0                            LAT/LON1/LON2/DLON/H
  171  170  164  163  152  147  144  146  152  155  160  162  161  155  147  136
  126  117  111  106  104  103  102  100   98   95   92   89   87   85   84   83
   82   81   80   79   78   78   78   79   80   81   83   85   87   88   88   88
   87   86   84   83   82   82   83   86   90   95  101  107  112  117  123  128
  130  134  142  146  158  172  173  188  171                                   
    65.0-180.0 180.0   5.0 450.0                            LAT/LON1/LON2/DLON/H
  176  175  169  170  161  154  150  152  158  161  165  166  162  154  143  130
  118  109  102   99   98   98   98   96   94   90   86   82   79   76   75   73
   72   70   69   67   66   65   65   66   68   70   72   74   75   76   76   76
   76   75   74   74   74   75   78   82   87   94  101  108  114  120  124  128
  130  133  141  144  156  171  175  191  176                                   
    62.5-180.0 180.0   5.0 450.0                            LAT/LON1/LON2/DLON/H
  175  174  169  172  165  157  152  155  160  163  167  168  164  154  142  129
  117  108  103  101  101  101  100   97   92   86   79   73   69   66   63   61
   59   57   55   53   52   51   52   54   56   59   61   63   64   65   65   65
   65   65   65   66   68   71   76   82   89   97  105  113  120  126  131  133
  133  134  140  141  149  164  169  187  175                                   
    60.0-180.0 180.0   5.0 450.0                            LAT/LON1/LON2/DLON/H
  170  167  165  169  162  155  149  152  157  160  164  165  161  153  143  131
  121  114  111  110  110  109  105   99   90   81   71   64   58   55   52   50
   47   45   42   41   39   39   41   43   46   50   53   55   55   55   55   54
   54   55   57   60   64   69   75   83   91  101  111  120  129  135  140  142
  140  138  141  139  142  153  159  179  170                                   
    57.5-180.0 180.0   5.0 450.0                            LAT/LON1/LON2/DLON/H
  167  163  163  166  161  153  148  150  155  156  159  159  157  151  144  136
  130  126  124  123  122  118  112  101   89   76   64   56   51   47   45   43
   40   38   35   33   33   33   35   38   42   46   49   50   50   49   48   47
   47   48   50   54   60   67   76   85   95  106  117  128  138  146  152  154
  152  148  148  143  141  147  153  176  167                                   
    55.0-180.0 180.0   5.0 450.0                            LAT/LON1/LON2/DLON/H
  170  165  166  170  165  158  153  153  155  154  154  153  151  148  145  143
  141  139  138  136  133  126  116  103   88   73   62   54   49   47   45   44
   41   38   35   33   33   34   36   39   43   47   50   50   49   47   45   43
   42   43   46   51   58   67   77   88   99  110  122  135  146  157  165  170
  168  164  164  157  152  151  155  180  170                                   
    52.5-180.0 180.0   5.0 450.0                            LAT/LON1/LON2/DLON/H
  183  178  180  183  179  173  167  165  163  158  153  150  147  146  147  149
  150  151  149  145  139  130  118  104   88   75   65   59   56   55   54   52
   49   45   42   40   40   40   42   45   48   52   54   54   52   49   46   43
   42   43   46   51   59   69   80   92  104  116  128  141  154  167  178  186
  187  186  186  179  173  167  169  195  183                                   
    50.0-180.0 180.0   5.0 450.0                            LAT/LON1/LON2/DLON/H
  207  203  204  209  207  201  193  187  180  170  160  152  147  146  149  153
  157  157  153  147  139  129  118  106   93   83   75   71   70   70   69   66
   62   57   54   52   51   51   52   54   57   60   61   61   59   55   51   47
   45   45   48   54   62   72   85   98  111  123  135  149  163  178  192  203
  209  212  215  209  203  195  195  220  207                                   
    47.5-180.0 180.0   5.0 450.0                            LAT/LON1/LON2/DLON/H
  237  238  238  245  245  239  229  218  206  190  174  162  154  151  154  158
  160  157  151  142  134  126  119  111  102   95   91   89   89   89   86   81
   75   69   65   63   62   62   63   64   66   68   69   69   67   63   58   54
   52   51   53   58   67   77   91  106  119  132  145  159  173  189  206  220
  230  237  244  241  238  230  230  253  237                                   
    45.0-180.0 180.0   5.0 450.0                            LAT/LON1/LON2/DLON/H
  271  277  278  287  287  280  268  253  237  215  195  177  166  161  161  163
  162  156  146  137  131  127  124  120  115  111  108  107  106  104   98   90
   81   74   71   70   70   72   72   73   73   75   76   77   76   72   68   64
   60   58   59   63   71   82   97  113  128  143  156  170  185  201  218  234
  247  258  269  271  272  266  269  288  271                                   
    42.5-180.0 180.0   5.0 450.0                            LAT/LON1/LON2/DLON/H
  302  315  317  325  325  317  304  287  268  243  219  197  182  175  172  170
  166  157  146  138  135  135  135  135  132  128  124  121  117  109   99   88
   78   72   70   71   75   77   78   78   79   80   82   84   84   82   78   73
   69   65   64   67   74   85  101  119  136  152  166  181  196  211  227  244
  258  272  286  294  299  298  304  320  302                                   
    40.0-180.0 180.0   5.0 450.0                            LAT/LON1/LON2/DLON/H
  328  347  348  352  351  341  327  311  292  267  242  219  202  191  186  181
  173  163  154  148  148  152  154  153  148  141  133  125  115  103   90   77
   69   65   66   71   77   81   82   82   83   84   87   90   92   91   87   82
   76   71   68   69   74   86  102  121  141  159  175  191  206  221  236  251
  265  280  298  311  319  323  333  346  328                                   
    37.5-180.0 180.0   5.0 450.0                            LAT/LON1/LON2/DLON/H
  351  372  369  367  364  351  336  322  306  284  261  239  222  210  202  194
  186  177  170  169  172  176  177  172  161  147  134  120  106   92   78   68
   62   62   67   74   81   86   87   87   88   90   93   97   99   98   94   88
   81   75   70   68   73   84  101  121  144  165  184  202  218  233  247  261
  274  289  309  325  337  347  360  371  351                                   
    35.0-180.0 180.0   5.0 450.0                            LAT/LON1/LON2/DLON/H
  372  393  386  376  369  353  336  322  309  292  274  256  241  229  219  211
  203  197  195  198  202  204  199  186  168  147  129  113   99   87   76   70
   68   71   78   85   92   95   96   96   96   98  101  105  106  104  100   92
   84   75   69   65   68   79   96  120  145  171  194  215  234  250  265  278
  290  306  327  344  358  372  390  399  372                                   
    32.5-180.0 180.0   5.0 450.0                            LAT/LON1/LON2/DLON/H
  398  416  403  387  375  355  336  322  312  298  283  270  257  246  237  229
  224  223  226  232  235  230  217  195  170  147  129  116  105   98   93   91
   93   97  103  107  110  111  110  108  108  109  112  114  113  110  103   94
   85   75   66   61   63   73   91  116  146  176  205  230  252  271  288  303
  316  331  352  369  385  403  424  436  398                                   
    30.0-180.0 180.0   5.0 450.0                            LAT/LON1/LON2/DLON/H
  437  447  429  408  391  369  348  333  322  309  296  284  273  263  255  249
  247  250  257  263  261  248  227  200  175  156  143  137  134  134  135  137
  139  142  142  140  136  132  128  125  124  125  125  125  122  115  107   96
   85   74   64   59   60   68   87  114  146  181  214  243  269  292  312  330
  346  363  384  400  420  439  463  480  437                                   
    27.5-180.0 180.0   5.0 450.0                            LAT/LON1/LON2/DLON/H
  493  490  467  446  423  400  380  363  350  335  320  307  295  283  274  268
  268  274  281  283  274  255  231  208  191  183  183  188  195  202  206  208
  207  201  191  179  165  154  147  144  143  142  141  138  132  123  111   99
   87   75   66   60   61   70   87  115  149  187  223  255  283  309  333  356
  376  396  418  434  460  482  509  532  493                                   
    25.0-180.0 180.0   5.0 450.0                            LAT/LON1/LON2/DLON/H
  561  541  523  504  477  455  435  419  402  382  361  343  326  311  297  288
  287  291  294  290  275  255  237  226  226  235  251  269  284  294  295  289
  277  259  237  213  192  177  168  164  162  161  158  153  144  133  119  105
   92   81   72   67   68   76   93  120  155  195  233  267  297  325  353  380
  404  429  452  469  503  530  564  592  561                                   
    22.5-180.0 180.0   5.0 450.0                            LAT/LON1/LON2/DLON/H
  633  600  593  582  554  536  517  500  478  451  423  397  373  350  330  314
  306  303  299  288  271  256  252  261  283  312  341  366  383  387  380  362
  337  306  274  242  215  197  188  184  182  180  177  170  159  146  132  117
  104   92   84   80   80   87  103  130  164  205  244  280  311  342  373  404
  433  460  485  506  546  579  622  656  633                                   
    20.0-180.0 180.0   5.0 450.0                            LAT/LON1/LON2/DLON/H
  697  660  672  673  649  637  622  604  577  542  505  471  438  407  376  351
  332  318  305  288  274  270  284  317  360  403  438  461  469  463  444  415
  379  340  300  263  235  217  208  205  203  201  196  188  177  163  148  133
  120  109  101   97   96  103  118  145  180  220  260  295  328  360  394  427
  459  488  513  539  584  622  672  713  697                                   
    17.5-180.0 180.0   5.0 450.0                            LAT/LON1/LON2/DLON/H
  748  717  743  759  747  744  736  718  687  647  603  562  521  481  440  402
  371  346  324  304  295  305  340  392  449  497  526  535  528  508  478  441
  399  355  312  276  250  236  230  227  225  222  217  208  197  183  167  151
  138  127  119  115  115  122  138  164  199  240  278  313  346  379  414  449
  481  510  535  565  612  650  704  753  748                                   
    15.0-180.0 180.0   5.0 450.0                            LAT/LON1/LON2/DLON/H
  777  758  792  821  823  834  836  822  792  750  705  660  615  568  519  471
  429  394  365  345  344  368  418  483  542  580  590  577  550  515  475  432
  388  346  309  280  263  256  254  252  249  243  236  227  215  201  184  167
  153  141  133  129  130  138  155  182  219  257  294  328  360  395  431  466
  498  524  549  580  627  661  714  770  777                                   
    12.5-180.0 180.0   5.0 450.0                            LAT/LON1/LON2/DLON/H
  783  780  813  849  864  887  899  893  869  832  791  749  705  658  606  553
  504  463  432  415  421  456  514  579  626  639  619  578  529  480  434  391
  352  320  296  284  280  281  282  279  272  262  252  241  228  213  196  178
  162  149  141  137  139  148  167  195  230  266  300  333  367  404  441  477
  509  533  557  587  630  659  708  767  783                                   
    10.0-180.0 180.0   5.0 450.0                            LAT/LON1/LON2/DLON/H
  775  782  808  843  867  897  917  919  905  878  846  813  777  737  689  638
  590  549  520  509  521  560  616  665  684  662  607  537  470  415  371  336
  310  295  291  297  307  315  315  307  293  277  262  248  234  218  200  181
  164  152  144  141  143  152  170  197  229  261  293  325  362  404  446  484
  516  540  565  593  629  654  697  753  775                                   
     7.5-180.0 180.0   5.0 450.0                            LAT/LON1/LON2/DLON/H
  767  776  793  821  845  875  897  905  899  884  864  843  820  792  756  715
  674  640  618  614  630  664  703  722  702  640  552  463  392  344  314  295
