data/edconvlstm_nd/pred0330.15i
     1.0            IONOSPHERE MAPS     GNSS                IONEX VERSION / TYPE
pyspatialgeodesy        IME             05-JAN-18 20:20     PGM / RUN BY / DATE 
Map Name                                                    COMMENT             
Predicted global ionosphere maps (GIM).                     DESCRIPTION         
  2015     2     2     0     0     0                        EPOCH OF FIRST MAP  
  2015     2     3     0     0     0                        EPOCH OF LAST MAP   
  7200                                                      INTERVAL            
    13                                                      # OF MAPS IN FILE   
  NONE                                                      MAPPING FUNCTION    
10.0                                                        ELEVATION CUTOFF    
One-way carrier phase leveled to code                       OBSERVABLES USED    
  6371.0                                                    BASE RADIUS         
 2                                                          MAP DIMENSION       
   450.0 450.0   0.0                                        HGT1 / HGT2 / DHGT  
    87.5 -87.5  -2.5                                        LAT1 / LAT2 / DLAT  
  -180.0 180.0   5.0                                        LON1 / LON2 / DLON  
    -1                                                      EXPONENT            
                                                            END OF HEADER       
[from data line 1287]
     4                                                      START OF TEC MAP    
  2015     2     2     6     0     0                        EPOCH OF CURRENT MAP
    87.5-180.0 180.0   5.0 450.0                            LAT/LON1/LON2/DLON/H
   69   73   70   73   73   73   72   68   70   71   72   73   73   73   74   73
   73   73   72   72   71   71   70   70   70   70   70   70   70   71   71   71
   71   72   72   72   72   72   72   72   73   73   73   73   73   73   74   74
   74   75   75   75   75   76   76   75   75   75   75   74   74   73   72   72
   72   73   71   71   77   83   90   84   69                                   
    85.0-180.0 180.0   5.0 450.0                            LAT/LON1/LON2/DLON/H
   65   78   72   72   74   76   76   75   76   78   78   79   80   80   80   80
   79   79   78   77   77   77   76   76   76   76   76   77   77   78   79   79
   80   81   82   83   83   84   85   85   86   86   87   88   88   89   90   91
   91   92   93   93   93   94   94   93   93   93   92   91   90   89   87   87
   87   86   82   81   80   82   88   85   65                                   
    82.5-180.0 180.0   5.0 450.0                            LAT/LON1/LON2/DLON/H
   74   69   80   72   71   72   72   72   74   76   77   79   79   79   79   78
   77   76   75   73   72   71   70   69   69   69   69   69   70   70   72   73
   75   76   78   80   81   83   84   86   88   89   91   93   95   97   99  101
  103  105  107  108  109  110  111  111  111  111  111  110  108  107  104  103
  100   98   93   90   92   82   75   73   74                                   
    80.0-180.0 180.0   5.0 450.0                            LAT/LON1/LON2/DLON/H
   84   69   71   64   64   61   64   65   68   70   71   74   75   75   75   74
   72   70   68   66   64   62   61   60   59   59   59   60   61   63   65   68
   71   74   77   80   82   85   87   89   92   94   97  100  103  106  110  114
  117  121  124  127  129  131  133  134  134  134  134  132  131  128  125  122
  118  111  106  101   99   88   82   76   84                                   
    77.5-180.0 180.0   5.0 450.0                            LAT/LON1/LON2/DLON/H
   89   68   66   62   56   56   60   63   67   69   71   75   77   78   77   76
   74   72   69   66   64   61   59   58   57   57   58   59   61   64   68   72
   76   80   84   88   91   94   97   99  102  104  107  111  116  121  126  132
  138  144  149  153  157  161  163  165  166  166  166  164  162  159  155  151
  144  136  127  121  113   91   83   82   89                                   
    75.0-180.0 180.0   5.0 450.0                            LAT/LON1/LON2/DLON/H
   91   72   65   61   54   56   60   62   66   69   72   76   77   78   77   76
   73   70   67   64   62   60   58   57   57   58   59   61   64   68   72   77
   81   86   90   93   97   99  101  103  105  108  111  116  121  128  136  144
  153  161  168  175  180  185  188  190  192  193  192  191  189  186  182  177
  168  159  149  136  127  105   96   93   91                                   
    72.5-180.0 180.0   5.0 450.0                            LAT/LON1/LON2/DLON/H
   98   79   70   64   58   60   65   68   72   75   78   81   82   82   81   79
   76   73   70   67   65   64   63   63   63   65   67   70   73   76   80   85
   89   93   97  100  102  104  106  107  109  111  115  121  128  137  148  159
  171  182  192  200  207  212  215  218  219  220  219  218  216  213  209  203
  195  186  176  163  150  125  113  110   98                                   
    70.0-180.0 180.0   5.0 450.0                            LAT/LON1/LON2/DLON/H
  113   89   80   72   63   64   68   71   75   78   81   83   83   82   79   76
   73   70   68   66   65   65   66   68   70   73   75   78   81   84   87   90
   92   95   98  100  102  103  104  105  106  109  113  120  130  141  155  170
  185  198  210  220  228  233  237  239  239  239  239  237  235  231  226  220
  212  202  193  180  167  142  134  129  113                                   
    67.5-180.0 180.0   5.0 450.0                            LAT/LON1/LON2/DLON/H
  120   95   84   76   66   66   68   71   75   78   80   81   80   77   74   71
   68   66   64   64   65   67   70   73   77   80   83   85   87   89   90   91
   91   92   93   94   95   95   96   96   98  101  107  115  127  142  159  176
  194  210  224  235  243  248  251  253  252  251  249  247  243  238  232  225
  217  206  198  185  173  150  142  139  120                                   
    65.0-180.0 180.0   5.0 450.0                            LAT/LON1/LON2/DLON/H
  128  102   89   80   69   67   68   72   75   78   80   80   78   75   71   67
   65   63   63   64   67   71   75   80   85   88   91   93   94   93   92   90
   89   88   87   86   86   86   86   87   90   94  102  113  127  145  165  186
  206  224  239  251  259  264  266  266  265  263  259  255  250  243  235  227
  218  207  198  186  176  156  149  147  128                                   
    62.5-180.0 180.0   5.0 450.0                            LAT/LON1/LON2/DLON/H
  133  107   93   82   71   67   66   70   74   77   78   78   75   72   68   65
   63   63   63   66   69   74   79   85   89   93   96   96   96   94   91   87
   83   80   77   76   75   75   76   78   82   89   98  112  129  150  172  195
  217  236  252  264  272  276  278  277  275  272  268  262  256  248  238  228
  217  205  196  184  176  158  153  150  133                                   
    60.0-180.0 180.0   5.0 450.0                            LAT/LON1/LON2/DLON/H
  139  111   96   81   69   62   61   64   68   71   73   73   71   68   65   64
   62   63   64   67   70   75   80   84   88   91   93   94   92   89   85   80
   75   70   67   65   64   65   67   70   76   85   97  113  133  156  180  204
  227  246  262  274  281  285  287  286  283  280  275  270  263  254  243  232
  219  205  196  184  178  161  155  150  139                                   
    57.5-180.0 180.0   5.0 450.0                            LAT/LON1/LON2/DLON/H
  147  117  100   82   69   59   56   58   62   65   66   67   67   65   64   64
   64   65   66   68   71   74   77   80   83   85   86   86   84   82   77   72
   67   62   58   57   57   58   62   68   76   87  102  121  142  167  192  216
  238  257  273  284  291  295  296  295  293  290  286  281  274  265  254  242
  228  214  204  191  187  169  162  155  147                                   
    55.0-180.0 180.0   5.0 450.0                            LAT/LON1/LON2/DLON/H
  158  127  109   87   73   60   54   54   56   57   59   61   61   62   63   65
   66   68   69   70   70   71   73   74   75   75   76   75   74   72   69   65
   60   56   54   53   54   57   62   70   80   94  111  131  155  180  206  230
  251  269  283  294  301  304  306  305  303  301  297  293  287  279  269  258
  244  229  219  206  201  182  175  164  158                                   
    52.5-180.0 180.0   5.0 450.0                            LAT/LON1/LON2/DLON/H
  174  144  125  100   83   68   58   54   53   53   54   55   57   59   63   67
   70   71   71   71   70   69   69   68   68   67   66   66   66   65   63   61
   58   56   55   55   57   62   68   77   89  105  124  146  170  196  221  245
  265  282  295  305  311  314  315  314  313  310  308  304  299  293  284  275
  262  248  237  224  219  200  191  178  174                                   
    50.0-180.0 180.0   5.0 450.0                            LAT/LON1/LON2/DLON/H
  192  164  145  120  103   84   71   62   57   53   52   53   55   59   64   69
   73   74   73   72   70   69   68   66   65   63   62   61   61   61   61   60
   59   59   60   62   66   71   78   89  102  119  139  162  187  213  238  261
  281  296  308  317  322  324  325  323  321  318  315  311  308  303  296  288
  278  266  255  241  236  216  207  195  192                                   
    47.5-180.0 180.0   5.0 450.0                            LAT/LON1/LON2/DLON/H
  209  184  168  146  128  108   91   77   67   60   56   55   56   60   65   71
   75   76   75   74   73   72   72   71   68   66   63   62   62   62   63   63
   64   65   68   71   76   83   91  103  117  135  155  178  203  229  255  278
  297  311  322  329  333  334  333  330  327  322  318  314  310  306  301  295
  287  278  267  253  247  228  219  209  209                                   
    45.0-180.0 180.0   5.0 450.0                            LAT/LON1/LON2/DLON/H
  219  198  187  171  155  135  116   99   84   72   64   61   61   63   68   73
   76   77   77   77   78   81   83   83   81   77   73   70   68   67   67   67
   68   71   75   80   87   95  105  118  133  151  171  194  218  244  269  292
  311  325  334  340  343  343  341  337  331  325  319  313  308  303  299  295
  288  280  270  256  249  230  223  216  219                                   
    42.5-180.0 180.0   5.0 450.0                            LAT/LON1/LON2/DLON/H
  219  202  197  186  175  158  140  121  104   89   78   72   69   70   74   77
   78   79   80   83   88   95  100  102   99   94   88   82   77   74   72   71
   72   75   81   88   96  106  118  132  149  167  186  207  230  255  280  303
  321  335  344  349  351  351  348  343  336  328  320  312  305  299  293  289
  284  276  266  253  243  223  216  213  219                                   
    40.0-180.0 180.0   5.0 450.0                            LAT/LON1/LON2/DLON/H
  208  192  191  185  180  167  153  138  121  105   93   85   81   80   81   82
   82   83   86   93  102  113  120  123  120  113  104   96   88   83   78   75
   75   78   84   92  102  114  129  145  164  182  200  219  240  264  288  310
  328  341  350  356  359  359  358  353  346  337  328  317  308  299  292  288
  282  274  263  248  236  212  204  200  208                                   
    37.5-180.0 180.0   5.0 450.0                            LAT/LON1/LON2/DLON/H
  193  174  173  167  167  159  151  141  129  116  106   99   94   92   90   89
   89   91   96  106  118  131  139  142  138  130  119  109  100   92   85   80
   78   80   86   94  106  120  137  157  177  196  214  231  249  271  294  315
  333  346  355  362  368  371  372  370  365  357  347  336  324  313  305  299
  293  284  272  254  239  209  197  188  193                                   
    35.0-180.0 180.0   5.0 450.0                            LAT/LON1/LON2/DLON/H
  182  154  148  140  141  137  134  130  125  118  112  108  105  103  100   98
   98  101  109  121  134  146  153  154  149  140  130  119  110  101   92   85
   80   80   85   94  107  124  145  168  191  211  228  243  260  279  300  320
  337  351  361  371  381  389  395  397  396  391  382  371  358  346  337  331
  323  314  301  280  263  227  208  189  182                                   
    32.5-180.0 180.0   5.0 450.0                            LAT/LON1/LON2/DLON/H
  183  146  130  114  113  109  109  110  111  110  110  111  112  111  109  108
  109  114  123  135  146  154  157  156  150  143  134  126  118  109   99   89
   83   81   84   93  107  127  151  178  204  226  244  258  274  291  310  329
  345  359  372  385  400  413  424  432  436  436  430  421  409  398  389  383
  376  367  355  331  313  272  245  214  183                                   
    30.0-180.0 180.0   5.0 450.0                            LAT/LON1/LON2/DLON/H
  206  159  131  103   95   86   85   88   92   97  102  108  112  114  114  115
  118  126  136  146  153  155  153  149  144  140  135  130  124  116  106   96
   87   84   86   94  109  130  158  188  217  242  262  277  292  309  327  344
  360  374  389  406  425  444  461  475  485  490  490  484  475  467  460  456
  450  443  432  406  389  344  307  268  206                                   
    27.5-180.0 180.0   5.0 450.0                            LAT/LON1/LON2/DLON/H
  258  201  160  118   98   80   73   73   78   84   92  100  107  112  115  119
  125  135  145  151  152  147  141  137  135  134  133  132  130  125  116  106
   96   91   91   98  113  135  164  197  230  258  281  299  316  333  351  367
  383  398  415  436  460  484  506  525  541  552  557  557  553  548  546  545
  544  540  530  504  487  438  390  349  258                                   
    25.0-180.0 180.0   5.0 450.0                            LAT/LON1/LON2/DLON/H
  340  277  222  166  131  101   83   76   75   79   86   94  101  108  113  120
  128  139  147  149  143  134  128  126  128  131  135  137  138  136  130  121
  111  103  100  105  118  140  170  205  241  274  301  323  343  363  382  400
  415  432  453  478  505  533  559  582  603  619  629  633  635  636  640  644
  648  649  642  618  600  545  487  448  340                                   
    22.5-180.0 180.0   5.0 450.0                            LAT/LON1/LON2/DLON/H
  446  381  313  249  198  158  123  104   93   90   91   95  100  105  111  119
  128  137  142  140  132  122  118  121  128  136  142  146  149  150  146  138
  127  116  111  113  123  144  175  212  251  287  320  348  374  398  420  439
  457  477  501  529  559  589  616  642  665  684  698  707  713  721  730  740
  749  755  751  732  709  655  595  558  446                                   
    20.0-180.0 180.0   5.0 450.0                            LAT/LON1/LON2/DLON/H
  562  499  425  362  296  248  197  162  138  124  115  111  110  111  115  121
  128  134  136  131  123  116  117  126  139  150  157  162  164  165  162  153
  141  128  120  119  128  148  178  216  258  299  337  371  403  433  459  481
  502  526  553  584  615  643  670  695  718  739  754  765  774  786  800  813
  825  835  837  824  797  748  698  665  562                                   
    17.5-180.0 180.0   5.0 450.0                            LAT/LON1/LON2/DLON/H
  663  608  539  487  412  360  296  247  209  181  160  145  135  130  129  131
  134  135  133  127  121  119  127  143  161  174  180  181  180  178  173  163
  150  136  127  124  131  149  180  219  263  307  350  391  429  463  492  518
  543  570  600  632  662  688  712  734  756  775  788  798  808  821  835  849
  860  872  879  873  847  806  774  748  663                                   
    15.0-180.0 180.0   5.0 450.0                            LAT/LON1/LON2/DLON/H
  728  686  630  594  521  471  402  345  295  256  223  197  177  164  156  151
  148  144  138  132  128  133  147  170  191  205  207  202  194  186  177  166
  153  140  130  126  132  150  181  220  266  314  360  405  447  484  516  545
  572  602  634  666  695  719  738  757  776  791  801  807  814  824  836  846
  854  864  875  874  854  822  805  790  728                                   
    12.5-180.0 180.0   5.0 450.0                            LAT/LON1/LON2/DLON/H
  749  717  680  658  599  556  491  434  381  336  297  262  234  212  196  184
  172  161  152  145  145  154  175  202  225  237  234  220  204  189  177  166
  154  142  132  128  133  152  182  222  269  317  366  412  455  494  527  558
  587  619  652  684  711  733  750  766  781  792  798  800  803  808  814  818
  821  826  836  838  825  803  793  788  749                                   
    10.0-180.0 180.0   5.0 450.0                            LAT/LON1/LON2/DLON/H
  733  707  684  672  631  598  544  493  446  405  366  330  297  270  247  226
  206  188  174  167  168  181  205  234  257  265  254  232  209  191  178  166
  155  144  135  131  136  155  185  225  271  319  367  413  456  494  527  558
  589  621  655  687  713  733  750  765  778  786  789  788  787  788  787  784
  780  779  785  786  779  764  755  755  733                                   
     7.5-180.0 180.0   5.0 450.0                            LAT/LON1/LON2/DLON/H
  699  675  656  648  622  598  554  514  478  448  418  388  357  328  301  273
  246  222  204  195  197  211  235  262  282  282  263  236  212  194  181  170
