data/edconvlstm_nd/pred0540.15i
     1.0            IONOSPHERE MAPS     GNSS                IONEX VERSION / TYPE
pyspatialgeodesy        IME             05-JAN-18 20:20     PGM / RUN BY / DATE 
Map Name                                                    COMMENT             
Predicted global ionosphere maps (GIM).                     DESCRIPTION         
  2015     2    23     0     0     0                        EPOCH OF FIRST MAP  
  2015     2    24     0     0     0                        EPOCH OF LAST MAP   
  7200                                                      INTERVAL            
    13                                                      # OF MAPS IN FILE   
  NONE                                                      MAPPING FUNCTION    
10.0                                                        ELEVATION CUTOFF    
One-way carrier phase leveled to code                       OBSERVABLES USED    
  6371.0                                                    BASE RADIUS         
 2                                                          MAP DIMENSION       
   450.0 450.0   0.0                                        HGT1 / HGT2 / DHGT  
    87.5 -87.5  -2.5                                        LAT1 / LAT2 / DLAT  
  -180.0 180.0   5.0                                        LON1 / LON2 / DLON  
    -1                                                      EXPONENT            
                                                            END OF HEADER       
[from data line 4719]
    12                                                      START OF TEC MAP    
  2015     2    23    22     0     0                        EPOCH OF CURRENT MAP
    87.5-180.0 180.0   5.0 450.0                            LAT/LON1/LON2/DLON/H
  137  127  112  120  123  122  122  121  122  125  126  128  130  131  132  133
  134  134  133  133  132  131  129  128  126  124  122  120  117  115  113  111
  109  107  106  104  103  101  100   99   99   98   98   98   98   99   99  100
  101  102  102  103  104  105  105  106  106  106  107  107  107  107  107  106
  106  107  105  104  115  113  126  130  137                                   
    85.0-180.0 180.0   5.0 450.0                            LAT/LON1/LON2/DLON/H
  134  126  130  121  120  126  127  131  134  137  139  142  144  146  147  148
  149  148  147  146  144  142  140  137  134  131  127  124  121  118  115  112
  109  106  104  102  100   98   97   96   95   95   95   95   96   97   98   99
  101  102  104  105  107  108  109  110  110  111  111  111  111  111  111  111
  111  111  109  106  110  110  111  114  134                                   
    82.5-180.0 180.0   5.0 450.0                            LAT/LON1/LON2/DLON/H
  112  110  112  111  115  121  128  131  134  139  144  148  151  154  156  157
  157  157  155  152  149  146  142  137  133  128  124  119  115  111  107  103
   99   96   93   90   87   85   83   81   80   79   79   80   81   82   84   86
   88   91   93   95   97   99  101  102  103  103  104  104  103  103  102  101
  101  100   99  101  105  114  104  108  112                                   
    80.0-180.0 180.0   5.0 450.0                            LAT/LON1/LON2/DLON/H
   97   99  108  107  113  116  127  135  142  149  156  162  167  171  173  174
  173  171  168  164  159  153  147  141  135  129  123  117  111  106  101   97
   93   89   85   81   77   74   71   69   67   66   66   66   68   70   73   76
   80   83   87   90   93   95   97   98   99  100  100   99   99   98   97   96
   96   95   94   96   94   98   91  103   97                                   
    77.5-180.0 180.0   5.0 450.0                            LAT/LON1/LON2/DLON/H
  107  105  115  114  124  130  141  150  159  167  175  182  188  192  194  194
  192  189  183  177  170  162  155  147  140  134  128  122  117  112  108  104
  100   96   92   88   84   79   74   70   67   65   63   63   65   67   70   74
   78   82   86   90   93   96   97   98   99   99   98   97   97   95   95   94
   93   94   95   98   99  101  101  118  107                                   
    75.0-180.0 180.0   5.0 450.0                            LAT/LON1/LON2/DLON/H
  113  117  125  125  135  143  153  163  173  184  193  201  207  210  211  210
  206  199  192  183  174  164  156  148  140  133  127  122  117  114  110  108
  105  102   98   94   89   84   79   73   69   65   63   63   64   66   69   73
   77   81   85   88   91   92   93   94   93   93   92   91   91   90   90   91
   91   94   97   98  100  104  105  111  113                                   
    72.5-180.0 180.0   5.0 450.0                            LAT/LON1/LON2/DLON/H
  131  137  145  151  157  165  176  185  193  204  213  221  227  230  229  225
  218  209  198  187  175  164  154  145  138  131  125  119  115  112  110  109
  108  106  104  100   95   89   83   76   70   66   62   61   62   64   67   71
   75   79   82   84   86   86   86   85   84   83   83   82   82   82   84   86
   88   93   98  102  106  114  121  132  131                                   
    70.0-180.0 180.0   5.0 450.0                            LAT/LON1/LON2/DLON/H
  150  158  167  169  176  183  190  200  209  220  229  237  242  243  241  234
  224  212  198  184  171  159  149  140  132  125  118  113  109  106  104  103
  103  102  101   98   94   88   81   74   68   63   60   58   59   60   63   67
   70   73   74   75   75   74   72   71   69   68   68   68   68   70   74   78
   83   91  100  108  116  128  141  150  150                                   
    67.5-180.0 180.0   5.0 450.0                            LAT/LON1/LON2/DLON/H
  173  183  191  195  201  208  214  223  231  241  251  259  264  264  260  251
  238  223  207  191  176  163  152  143  134  126  119  112  106  102   99   98
   98   98   97   95   91   85   79   72   66   61   58   57   57   59   62   64
   67   68   69   68   67   65   63   61   59   58   58   59   61   64   69   76
   83   93  105  115  125  142  157  168  173                                   
    65.0-180.0 180.0   5.0 450.0                            LAT/LON1/LON2/DLON/H
  184  196  204  208  214  219  225  233  242  253  263  271  276  276  271  260
  246  228  210  193  178  165  154  145  135  126  117  107   99   93   89   86
   85   85   84   82   79   74   69   63   58   54   52   52   52   54   56   57
   58   58   57   56   54   51   49   47   45   45   45   47   50   54   61   69
   79   92  107  120  133  154  173  184  184                                   
    62.5-180.0 180.0   5.0 450.0                            LAT/LON1/LON2/DLON/H
  192  204  211  215  222  228  234  242  251  263  274  283  288  289  283  273
  258  240  221  204  188  176  164  154  144  132  120  109   97   88   81   77
   74   72   71   68   65   61   57   53   50   48   47   47   48   50   51   51
   51   49   48   46   43   41   39   38   37   38   39   41   45   50   58   67
   78   92  108  122  136  159  178  188  192                                   
    60.0-180.0 180.0   5.0 450.0                            LAT/LON1/LON2/DLON/H
  194  206  213  217  225  229  237  245  256  268  280  290  296  298  293  284
  269  252  233  216  201  188  177  166  155  142  128  114  101   89   79   72
   67   63   60   57   54   51   48   46   45   45   46   47   48   49   48   47
   45   43   41   38   37   35   35   34   35   36   37   40   44   50   58   68
   79   95  112  125  139  162  181  192  194                                   
    57.5-180.0 180.0   5.0 450.0                            LAT/LON1/LON2/DLON/H
  196  207  214  219  228  232  240  249  259  271  283  293  301  303  301  293
  280  265  248  231  217  204  192  180  168  155  140  125  110   97   85   76
   68   62   57   53   49   46   45   45   46   48   50   52   53   52   50   47
   44   41   39   37   36   37   37   38   39   41   42   45   49   55   63   73
   86  102  119  132  143  165  182  192  196                                   
    55.0-180.0 180.0   5.0 450.0                            LAT/LON1/LON2/DLON/H
  205  215  222  227  237  241  250  257  267  277  288  297  304  308  307  301
  291  277  262  246  232  218  206  194  182  169  155  141  126  113  100   89
   78   70   62   56   52   49   49   50   53   56   60   62   62   61   57   53
   49   46   43   43   44   46   48   50   51   53   54   56   60   65   73   84
   97  114  131  144  154  172  187  196  205                                   
    52.5-180.0 180.0   5.0 450.0                            LAT/LON1/LON2/DLON/H
  221  230  239  243  254  259  267  273  280  287  295  301  306  309  309  305
  298  287  273  259  244  230  218  206  194  183  171  158  146  133  120  107
   95   84   74   67   62   59   59   61   65   69   73   76   76   74   70   65
   60   57   55   55   58   61   64   67   68   68   69   69   72   78   86   98
  112  130  147  161  169  186  198  205  221                                   
    50.0-180.0 180.0   5.0 450.0                            LAT/LON1/LON2/DLON/H
  244  253  265  267  280  286  292  297  301  304  307  309  310  311  311  309
  303  294  282  269  254  241  228  216  206  196  186  176  165  154  141  127
  113  101   90   81   75   72   72   74   79   84   88   91   92   90   86   81
   76   73   72   73   77   81   84   86   87   85   83   83   85   90  100  113
  127  146  165  180  189  204  216  221  244                                   
    47.5-180.0 180.0   5.0 450.0                            LAT/LON1/LON2/DLON/H
  271  280  294  296  309  317  323  325  327  326  324  321  318  315  314  311
  307  299  289  276  263  249  237  226  216  208  199  190  180  168  155  141
  126  113  102   93   88   85   85   87   91   96  101  105  106  105  102   99
   95   93   92   94   97  101  104  105  103  100   96   93   95  100  110  125
  140  161  180  198  209  223  237  241  271                                   
    45.0-180.0 180.0   5.0 450.0                            LAT/LON1/LON2/DLON/H
  295  305  321  323  337  346  352  354  354  351  344  337  329  324  319  316
  311  304  294  283  271  259  247  236  227  217  208  197  186  172  157  142
  128  116  106  100   96   94   94   96   99  104  109  114  116  117  116  115
  113  112  111  113  115  118  120  120  116  110  105  101  102  107  118  133
  150  170  190  209  225  240  257  264  295                                   
    42.5-180.0 180.0   5.0 450.0                            LAT/LON1/LON2/DLON/H
  312  324  341  344  358  368  374  377  376  373  365  355  344  336  329  323
  317  310  301  291  280  269  258  247  236  225  212  197  181  164  147  132
  119  109  102   99   99   99   99  101  103  107  112  117  121  123  125  126
  126  126  126  126  128  130  132  130  124  117  110  105  106  112  124  139
  155  175  195  214  232  251  271  284  312                                   
    40.0-180.0 180.0   5.0 450.0                            LAT/LON1/LON2/DLON/H
  320  336  354  357  371  380  387  391  392  390  382  372  361  351  342  334
  326  318  309  300  291  282  271  259  245  229  210  190  168  148  131  116
  105   98   96   97   99  102  103  104  106  109  114  118  122  126  128  130
  132  133  133  133  135  136  137  134  128  119  111  107  108  115  127  142
  157  176  194  212  231  253  275  294  320                                   
    37.5-180.0 180.0   5.0 450.0                            LAT/LON1/LON2/DLON/H
  321  342  360  363  377  384  393  396  399  399  394  387  377  367  357  348
  338  329  320  312  304  295  284  270  253  231  207  181  156  134  117  105
   97   94   94   98  104  108  111  111  112  113  117  120  123  126  128  130
  131  132  132  133  135  137  138  135  128  119  110  106  108  116  129  144
  158  175  191  206  223  248  272  294  321                                   
    35.0-180.0 180.0   5.0 450.0                            LAT/LON1/LON2/DLON/H
  322  345  364  366  380  385  395  398  402  404  402  398  390  382  372  362
  351  341  332  325  317  309  297  280  259  234  206  178  152  132  118  109
  105  104  106  112  118  123  126  125  124  124  125  126  127  126  126  126
  126  127  127  128  132  135  137  135  128  119  110  106  109  117  131  147
  161  177  191  203  216  241  266  289  322                                   
    32.5-180.0 180.0   5.0 450.0                            LAT/LON1/LON2/DLON/H
  329  355  374  375  388  392  401  402  407  410  410  407  402  395  386  376
  364  353  344  336  329  320  306  288  266  240  212  186  165  150  141  137
  135  135  136  140  145  149  150  149  146  143  141  139  136  131  127  123
  121  120  120  123  128  134  137  136  129  120  112  109  112  122  138  155
  169  185  197  207  218  242  267  288  329                                   
    30.0-180.0 180.0   5.0 450.0                            LAT/LON1/LON2/DLON/H
  349  376  397  397  410  412  419  418  421  421  421  418  413  407  399  388
  375  363  354  346  338  327  312  294  274  252  230  211  198  192  191  192
  192  189  185  184  184  185  183  179  174  169  165  159  151  142  132  124
  119  116  116  120  126  134  139  138  133  124  117  114  119  130  148  168
  184  201  213  223  231  255  280  298  349                                   
    27.5-180.0 180.0   5.0 450.0                            LAT/LON1/LON2/DLON/H
  384  413  435  435  450  451  456  451  450  446  442  436  429  420  410  398
  385  372  361  352  343  331  316  301  286  272  261  253  252  258  266  272
  270  261  249  237  230  225  219  213  205  198  192  183  172  158  144  132
  123  118  118  121  128  136  142  142  137  130  124  122  128  141  161  184
  204  224  237  249  258  282  307  321  384                                   
    25.0-180.0 180.0   5.0 450.0                            LAT/LON1/LON2/DLON/H
  431  462  487  489  508  510  514  505  499  489  478  465  452  439  425  410
  394  380  367  356  345  333  321  311  305  302  304  311  323  341  358  366
  360  340  314  290  272  260  251  242  233  224  217  208  195  179  162  146
  135  128  126  128  134  140  144  144  139  133  128  129  136  151  174  202
  225  249  266  283  294  320  346  358  431                                   
    22.5-180.0 180.0   5.0 450.0                            LAT/LON1/LON2/DLON/H
  485  518  546  553  578  584  588  576  566  549  530  509  487  466  446  426
  407  389  374  361  348  336  329  327  331  342  358  378  402  428  449  454
  439  406  365  328  300  282  269  258  249  241  234  227  216  202  184  168
  154  144  140  139  142  145  146  143  138  133  130  131  140  158  184  215
  243  273  295  317  333  361  390  403  485                                   
    20.0-180.0 180.0   5.0 450.0                            LAT/LON1/LON2/DLON/H
  536  573  603  617  650  660  667  655  643  622  596  566  535  505  477  451
  426  404  385  369  355  346  344  351  368  390  417  445  474  499  514  509
  482  437  385  340  307  285  270  259  250  244  240  238  232  222  208  193
  178  167  159  155  152  150  146  141  135  130  128  131  142  161  190  224
  257  292  319  346  366  398  433  449  536                                   
    17.5-180.0 180.0   5.0 450.0                            LAT/LON1/LON2/DLON/H
  574  615  648  669  709  724  735  727  718  697  668  632  593  554  518  485
  455  428  404  385  371  365  370  386  413  444  474  500  520  532  531  513
  475  424  370  324  291  270  257  248  240  236  236  239  240  238  229  217
  204  192  181  172  164  155  147  138  132  127  126  130  142  163  194  231
  266  305  336  365  389  427  467  487  574                                   
    15.0-180.0 180.0   5.0 450.0                            LAT/LON1/LON2/DLON/H
  593  637  675  699  745  765  780  779  775  759  732  696  653  609  567  528
  493  460  433  411  397  395  406  430  462  494  518  529  528  517  496  464
  422  374  328  290  264  249  239  232  226  223  226  234  242  246  244  237
  227  215  202  188  174  159  146  136  129  125  124  129  142  164  197  234
  271  312  345  375  401  444  488  511  593                                   
    12.5-180.0 180.0   5.0 450.0                            LAT/LON1/LON2/DLON/H
  595  638  679  705  753  777  796  802  806  798  778  746  705  661  618  576
  537  502  471  447  434  435  451  478  510  534  541  528  499  462  423  384
  345  309  279  255  241  233  228  222  217  215  219  228  239  247  250  247
  240  229  215  198  180  162  147  135  128  124  124  129  142  166  199  237
  274  315  348  377  405  450  495  520  595                                   
    10.0-180.0 180.0   5.0 450.0                            LAT/LON1/LON2/DLON/H
  584  625  666  689  736  761  782  793  805  807  797  774  740  702  662  623
  584  547  515  491  478  481  498  525  550  560  544  504  448  390  340  301
  273  255  243  237  235  234  233  229  224  219  220  226  236  244  248  247
  241  232  219  202  183  165  149  138  131  127  126  131  144  167  201  239
  276  316  349  377  405  451  495  520  584                                   
     7.5-180.0 180.0   5.0 450.0                            LAT/LON1/LON2/DLON/H
  571  608  645  662  703  725  745  759  778  788  788  776  754  726  694  661
  626  591  560  537  525  528  544  565  580  572  535  471  396  327  275  244
