data/edconvlstm_nd/pred2820.15i
     1.0            IONOSPHERE MAPS     GNSS                IONEX VERSION / TYPE
pyspatialgeodesy        IME             05-JAN-18 20:20     PGM / RUN BY / DATE 
Map Name                                                    COMMENT             
Predicted global ionosphere maps (GIM).                     DESCRIPTION         
  2015    10     9     0     0     0                        EPOCH OF FIRST MAP  
  2015    10    10     0     0     0                        EPOCH OF LAST MAP   
  7200                                                      INTERVAL            
    13                                                      # OF MAPS IN FILE   
  NONE                                                      MAPPING FUNCTION    
10.0                                                        ELEVATION CUTOFF    
One-way carrier phase leveled to code                       OBSERVABLES USED    
  6371.0                                                    BASE RADIUS         
 2                                                          MAP DIMENSION       
   450.0 450.0   0.0                                        HGT1 / HGT2 / DHGT  
    87.5 -87.5  -2.5                                        LAT1 / LAT2 / DLAT  
  -180.0 180.0   5.0                                        LON1 / LON2 / DLON  
    -1                                                      EXPONENT            
                                                            END OF HEADER       
[from data line 5148]
    13                                                      START OF TEC MAP    
  2015    10    10     0     0     0                        EPOCH OF CURRENT MAP
    87.5-180.0 180.0   5.0 450.0                            LAT/LON1/LON2/DLON/H
   83   77   63   54   52   60   55   53   54   54   55   56   56   57   57   57
   57   57   57   56   56   55   54   53   52   51   50   49   48   47   46   45
   45   44   44   43   43   43   43   43   43   44   44   45   45   46   47   47
   48   49   49   50   50   51   51   52   52   52   53   53   53   53   53   53
   53   53   52   53   44   63   65   62   83                                   
    85.0-180.0 180.0   5.0 450.0                            LAT/LON1/LON2/DLON/H
   73   78   58   58   59   69   64   62   63   63   64   65   65   66   66   66
   65   65   64   62   61   59   58   56   54   52   50   48   47   45   44   43
   42   42   41   41   42   42   43   43   44   45   46   48   49   50   51   52
   53   55   56   57   57   58   59   60   61   62   62   63   63   63   63   63
   64   63   63   68   70   76   85   73   73                                   
    82.5-180.0 180.0   5.0 450.0                            LAT/LON1/LON2/DLON/H
   63   54   61   56   56   67   62   60   63   63   65   67   68   69   69   69
   68   66   64   61   59   55   52   48   45   42   39   36   34   32   30   28
   27   27   27   27   28   29   30   31   33   35   36   38   40   41   43   45
   47   48   50   51   53   54   56   58   59   60   61   62   62   63   63   63
   63   62   61   60   66   62   71   73   63                                   
    80.0-180.0 180.0   5.0 450.0                            LAT/LON1/LON2/DLON/H
   75   65   67   58   62   66   64   63   68   69   72   76   78   79   79   79
   77   75   71   68   63   59   54   50   45   41   38   34   31   29   27   26
   25   24   24   25   25   27   28   29   31   33   35   37   38   40   42   43
   45   46   48   50   52   53   55   57   59   61   62   64   64   65   66   66
   66   64   63   62   77   70   80   92   75                                   
    77.5-180.0 180.0   5.0 450.0                            LAT/LON1/LON2/DLON/H
   86   78   67   66   66   69   67   70   76   78   83   87   91   93   93   93
   91   87   83   77   72   66   60   54   49   44   39   35   32   29   27   26
   25   25   25   26   27   28   29   31   32   34   36   37   39   40   42   43
   44   45   47   48   50   52   54   56   59   61   63   65   66   67   68   68
   68   69   68   68   75   77   80   95   86                                   
    75.0-180.0 180.0   5.0 450.0                            LAT/LON1/LON2/DLON/H
   92   77   76   75   72   77   73   75   83   86   91   96   99  101  101   99
   96   91   85   78   71   64   58   52   46   41   37   34   31   29   28   27
   27   27   28   29   30   31   32   33   35   36   37   39   40   41   41   42
   42   43   44   45   47   49   51   54   57   59   62   64   65   66   67   68
   67   68   69   66   73   84   84   94   92                                   
    72.5-180.0 180.0   5.0 450.0                            LAT/LON1/LON2/DLON/H
   89   78   78   76   75   75   74   78   85   89   95  100  103  104  103  100
   95   89   82   75   68   61   55   50   45   41   38   35   34   33   32   32
   32   32   33   33   33   33   34   34   35   35   36   37   37   37   37   37
   37   36   36   36   37   39   41   44   48   51   53   56   57   59   60   61
   61   62   67   66   71   82   87   99   89                                   
    70.0-180.0 180.0   5.0 450.0                            LAT/LON1/LON2/DLON/H
   92   82   83   84   81   83   81   84   92   96  101  105  107  106  104   98
   92   84   76   68   61   55   50   45   42   39   37   36   36   36   37   37
   38   38   38   38   37   37   36   36   36   36   37   37   38   38   38   37
   36   35   34   34   35   36   39   42   46   49   52   55   57   58   60   61
   61   62   67   67   72   84   87   96   92                                   
    67.5-180.0 180.0   5.0 450.0                            LAT/LON1/LON2/DLON/H
   92   84   85   86   83   84   81   84   92   95  100  103  104  101   96   90
   81   73   64   56   50   45   41   38   36   35   35   35   36   37   38   39
   39   39   38   37   35   33   32   31   31   31   32   32   33   33   33   32
   30   29   28   27   27   29   31   35   39   43   47   50   52   53   55   57
   56   57   62   63   68   81   84   93   92                                   
    65.0-180.0 180.0   5.0 450.0                            LAT/LON1/LON2/DLON/H
   90   82   83   84   82   83   79   83   90   93   98  101  100   97   91   83
   74   64   56   48   42   38   35   33   32   32   33   34   36   38   39   39
   39   37   36   33   31   29   27   26   26   26   27   28   29   30   30   29
   27   26   24   23   24   25   28   32   36   41   45   49   51   53   54   56
   55   56   61   60   66   78   82   92   90                                   
    62.5-180.0 180.0   5.0 450.0                            LAT/LON1/LON2/DLON/H
   87   81   82   82   80   81   76   80   87   91   95   99   98   95   88   80
   71   62   53   46   40   36   33   31   31   32   33   35   37   38   39   38
   37   35   32   30   27   25   23   22   22   23   24   26   27   28   28   28
   26   25   23   22   23   24   27   32   37   42   47   52   54   57   58   59
   59   59   63   61   65   77   81   90   87                                   
    60.0-180.0 180.0   5.0 450.0                            LAT/LON1/LON2/DLON/H
   85   78   79   79   77   76   71   74   82   85   90   94   95   93   87   81
   72   64   56   49   42   37   33   31   31   32   33   35   36   37   37   35
   33   31   28   25   22   20   19   19   19   20   22   24   25   26   27   27
   25   24   22   21   22   23   27   32   38   44   50   54   58   61   63   64
   63   63   66   64   66   77   79   89   85                                   
    57.5-180.0 180.0   5.0 450.0                            LAT/LON1/LON2/DLON/H
   85   78   80   78   75   73   67   69   76   79   85   90   92   92   89   84
   78   71   63   55   47   41   36   33   32   32   33   34   35   34   33   31
   29   26   23   21   19   18   18   18   19   20   22   23   25   26   26   26
   25   23   22   21   21   23   27   32   39   46   52   58   62   66   69   71
   70   70   73   69   71   79   81   91   85                                   
    55.0-180.0 180.0   5.0 450.0                            LAT/LON1/LON2/DLON/H
   91   83   84   82   78   74   66   66   72   75   80   85   89   91   91   90
   86   80   72   63   54   45   39   34   32   32   32   33   33   32   30   27
   25   23   21   20   19   20   20   21   22   23   24   25   26   27   27   26
   25   24   22   21   22   24   29   34   42   49   55   61   66   70   75   78
   78   78   82   78   80   85   87   97   91                                   
    52.5-180.0 180.0   5.0 450.0                            LAT/LON1/LON2/DLON/H
  102   93   94   92   87   80   71   69   72   73   77   81   86   90   93   95
   93   88   80   70   59   49   41   36   33   32   32   32   31   30   27   25
   23   21   21   22   23   24   26   27   27   28   29   29   30   30   29   28
   27   25   24   23   24   27   32   38   45   53   59   64   69   74   79   84
   86   87   91   88   91   95   96  106  102                                   
    50.0-180.0 180.0   5.0 450.0                            LAT/LON1/LON2/DLON/H
  117  109  110  108  102   93   83   79   80   77   78   81   85   89   94   98
   98   94   85   74   62   52   43   37   34   33   33   32   31   29   27   25
   24   23   24   27   29   32   34   35   35   35   35   35   35   35   34   33
   31   30   29   28   30   33   38   45   52   59   64   68   72   77   83   89
   92   95  100   99  103  108  109  119  117                                   
    47.5-180.0 180.0   5.0 450.0                            LAT/LON1/LON2/DLON/H
  135  129  129  128  121  111  102   97   93   88   86   86   87   91   96  100
  100   96   88   77   65   54   46   41   38   36   35   34   33   31   29   27
   27   28   30   34   38   41   43   44   44   43   43   43   43   42   41   39
   38   37   36   36   38   42   47   55   62   67   71   74   77   81   87   94
   98  103  109  110  116  122  124  134  135                                   
    45.0-180.0 180.0   5.0 450.0                            LAT/LON1/LON2/DLON/H
  151  148  148  149  141  132  125  118  113  104   99   95   94   95   99  101
  102   98   89   79   68   59   51   46   43   42   40   38   36   34   32   32
   32   34   37   41   46   49   51   51   51   51   51   51   51   51   50   49
   48   47   47   47   50   54   61   68   74   79   81   83   85   88   93  100
  105  111  118  120  129  137  139  148  151                                   
    42.5-180.0 180.0   5.0 450.0                            LAT/LON1/LON2/DLON/H
  165  164  164  165  159  152  146  140  134  124  115  109  105  104  104  105
  104   99   92   83   74   66   59   55   52   49   47   44   41   39   37   37
   38   40   44   48   53   55   57   57   56   57   57   59   60   60   59   59
   58   58   59   60   64   69   75   82   88   92   93   94   95   98  103  109
  113  120  128  131  140  150  152  160  165                                   
    40.0-180.0 180.0   5.0 450.0                            LAT/LON1/LON2/DLON/H
  174  175  173  176  172  166  162  158  153  143  133  125  118  115  113  111
  109  104   97   90   83   76   71   66   62   58   54   50   46   44   42   42
   43   46   49   53   57   59   60   59   59   60   63   65   67   69   69   69
   68   68   69   72   75   81   88   95  101  105  106  108  109  112  116  122
  126  132  141  144  152  161  163  170  174                                   
    37.5-180.0 180.0   5.0 450.0                            LAT/LON1/LON2/DLON/H
  180  181  179  182  179  175  171  169  166  157  148  140  133  127  123  120
  116  112  106  101   95   89   84   78   72   67   61   56   51   48   47   47
   48   50   53   56   58   60   60   60   61   63   66   70   73   75   75   75
   74   74   75   78   82   89   97  105  111  116  119  122  125  129  134  139
  143  149  157  160  165  172  173  180  180                                   
    35.0-180.0 180.0   5.0 450.0                            LAT/LON1/LON2/DLON/H
  188  189  185  186  184  179  174  172  171  164  157  151  145  139  135  130
  126  121  118  114  109  103   96   88   80   73   66   60   55   52   51   51
   52   53   55   57   59   60   61   61   63   65   69   74   77   78   78   76
   75   74   75   78   83   91  100  110  118  125  130  135  141  147  153  160
  164  170  179  181  183  186  187  194  188                                   
    32.5-180.0 180.0   5.0 450.0                            LAT/LON1/LON2/DLON/H
  203  204  199  195  192  184  176  173  172  166  161  157  153  149  144  139
  135  131  127  124  119  112  103   94   85   77   70   63   59   56   55   55
   56   56   58   59   61   62   63   64   65   68   72   75   77   78   76   74
   72   70   70   73   79   88  100  112  123  132  140  147  156  165  174  182
  188  195  204  207  207  206  207  214  203                                   
    30.0-180.0 180.0   5.0 450.0                            LAT/LON1/LON2/DLON/H
  229  232  226  216  210  198  185  179  175  169  164  161  158  155  151  146
  141  136  132  127  121  112  103   93   85   77   71   66   62   60   59   60
   61   61   62   63   65   67   68   69   71   73   76   77   77   76   73   69
   66   63   63   65   73   84   98  112  126  138  148  159  170  182  194  205
  214  223  233  236  235  232  236  244  229                                   
    27.5-180.0 180.0   5.0 450.0                            LAT/LON1/LON2/DLON/H
  268  276  266  251  243  227  210  198  189  179  172  168  164  161  156  150
  143  136  129  122  113  104   94   86   80   76   72   69   66   65   65   66
   67   67   68   70   73   75   77   78   79   81   81   80   77   74   70   65
   60   57   55   58   66   79   96  113  130  145  158  171  184  199  214  228
  240  252  264  268  268  266  273  283  268                                   
    25.0-180.0 180.0   5.0 450.0                            LAT/LON1/LON2/DLON/H
  319  334  320  302  292  273  253  235  220  203  191  182  176  170  162  153
  143  132  121  110  100   90   83   78   77   77   76   75   74   73   73   74
   75   76   78   80   84   87   89   91   91   91   89   85   79   74   68   63
   57   52   51   54   63   77   96  117  136  154  169  184  200  216  233  250
  266  281  295  301  305  307  317  329  319                                   
    22.5-180.0 180.0   5.0 450.0                            LAT/LON1/LON2/DLON/H
  378  399  384  365  356  336  314  289  267  244  225  209  197  185  173  158
  143  127  111   98   87   79   75   75   78   83   85   86   84   83   84   85
   86   87   89   93   97  101  104  106  106  104  100   93   85   77   70   64
   57   52   49   53   62   78   99  122  145  165  183  199  216  234  253  273
  292  311  328  336  345  351  366  378  378                                   
    20.0-180.0 180.0   5.0 450.0                            LAT/LON1/LON2/DLON/H
  435  464  455  438  430  412  389  361  332  302  275  252  232  212  192  171
  148  127  107   91   80   75   75   81   89   97  101  101   99   97   96   97
   98  100  103  108  113  118  122  124  123  120  113  104   94   84   76   68
   60   54   51   53   63   79  102  128  153  176  196  215  234  253  274  296
  318  340  360  373  386  396  414  426  435                                   
    17.5-180.0 180.0   5.0 450.0                            LAT/LON1/LON2/DLON/H
  483  519  518  508  503  490  472  445  413  377  343  311  282  253  224  193
  164  136  113   95   85   83   89   99  111  119  122  120  116  113  112  112
  113  115  119  124  131  137  140  142  141  136  128  117  105   94   84   74
   65   57   53   54   63   80  104  132  160  186  209  230  251  273  295  319
  344  369  392  408  424  435  457  468  483                                   
    15.0-180.0 180.0   5.0 450.0                            LAT/LON1/LON2/DLON/H
  513  552  561  561  560  554  546  526  498  462  424  386  348  310  270  230
  192  159  132  113  105  107  117  130  141  147  146  141  135  131  130  130
  131  133  136  142  149  155  159  160  158  152  142  130  116  103   91   80
   68   59   54   54   62   79  103  133  163  192  218  243  267  291  316  341
  367  394  418  437  453  465  488  499  513                                   
    12.5-180.0 180.0   5.0 450.0                            LAT/LON1/LON2/DLON/H
  522  560  576  587  591  595  598  589  570  540  505  466  424  378  330  281
  236  197  168  149  143  147  159  171  178  178  172  164  157  152  151  152
  152  152  155  161  168  174  176  176  172  164  154  140  125  111   97   82
   69   58   52   52   59   76  100  130  162  194  223  251  279  307  334  360
  386  413  437  456  471  481  506  518  522                                   
    10.0-180.0 180.0   5.0 450.0                            LAT/LON1/LON2/DLON/H
  514  549  569  588  596  609  620  623  616  596  569  535  495  449  397  344
  295  254  224  205  200  204  213  218  217  209  198  187  179  175  175  175
  174  173  175  179  185  189  191  188  181  172  159  145  129  113   97   81
   67   55   49   48   55   70   94  125  158  190  222  253  285  316  345  372
  398  424  448  466  479  487  511  525  514                                   
     7.5-180.0 180.0   5.0 450.0                            LAT/LON1/LON2/DLON/H
  500  529  550  573  584  600  616  627  629  620  603  579  547  506  459  409
  363  324  296  278  271  271  270  264  252  236  221  209  202  199  199  198
