data/edconvlstm_nd/pred1610.15i
     1.0            IONOSPHERE MAPS     GNSS                IONEX VERSION / TYPE
pyspatialgeodesy        IME             05-JAN-18 20:20     PGM / RUN BY / DATE 
Map Name                                                    COMMENT             
Predicted global ionosphere maps (GIM).                     DESCRIPTION         
  2015     6    10     0     0     0                        EPOCH OF FIRST MAP  
  2015     6    11     0     0     0                        EPOCH OF LAST MAP   
  7200                                                      INTERVAL            
    13                                                      # OF MAPS IN FILE   
  NONE                                                      MAPPING FUNCTION    
10.0                                                        ELEVATION CUTOFF    
One-way carrier phase leveled to code                       OBSERVABLES USED    
  6371.0                                                    BASE RADIUS         
 2                                                          MAP DIMENSION       
   450.0 450.0   0.0                                        HGT1 / HGT2 / DHGT  
    87.5 -87.5  -2.5                                        LAT1 / LAT2 / DLAT  
  -180.0 180.0   5.0                                        LON1 / LON2 / DLON  
    -1                                                      EXPONENT            
                                                            END OF HEADER       
[from data line 1716]
     5                                                      START OF TEC MAP    
  2015     6    10     8     0     0                        EPOCH OF CURRENT MAP
    87.5-180.0 180.0   5.0 450.0                            LAT/LON1/LON2/DLON/H
  154  151  149  153  156  155  155  153  155  157  158  158  159  160  160  161
  161  162  162  163  163  164  164  165  165  165  165  165  165  165  165  164
  164  164  163  163  162  162  161  161  160  160  159  159  158  157  156  156
  155  154  153  152  151  151  150  149  148  147  146  145  144  143  142  142
  142  143  142  141  147  146  150  147  154                                   
    85.0-180.0 180.0   5.0 450.0                            LAT/LON1/LON2/DLON/H
  151  152  157  156  160  162  163  164  166  168  168  169  170  171  171  172
  172  173  173  174  174  175  176  176  177  177  177  177  177  177  177  176
  176  176  175  175  174  174  173  173  172  172  171  170  169  168  167  166
  165  164  163  162  161  160  158  157  156  155  153  152  151  150  148  148
  148  149  144  145  142  142  147  148  151                                   
    82.5-180.0 180.0   5.0 450.0                            LAT/LON1/LON2/DLON/H
  148  154  158  155  158  161  163  164  166  168  168  169  169  169  169  169
  169  169  170  170  171  172  173  174  174  175  175  175  175  175  175  175
  174  174  174  174  174  174  173  173  173  173  172  171  171  170  169  167
  166  165  164  162  161  160  158  157  156  154  152  150  149  147  145  143
  142  142  137  140  140  141  141  133  148                                   
    80.0-180.0 180.0   5.0 450.0                            LAT/LON1/LON2/DLON/H
  149  151  154  155  160  162  165  167  169  170  169  169  168  167  167  166
  165  165  166  167  168  169  170  171  171  172  172  172  172  172  172  172
  172  172  172  173  173  174  175  176  176  176  177  176  176  175  174  173
  172  171  170  169  168  167  166  165  163  162  160  157  155  152  149  147
  144  142  138  139  138  140  146  132  149                                   
    77.5-180.0 180.0   5.0 450.0                            LAT/LON1/LON2/DLON/H
  151  150  154  158  161  165  168  169  171  170  169  167  165  163  161  159
  158  158  159  160  162  164  165  166  167  168  168  167  167  167  167  167
  167  168  170  171  173  175  178  180  181  183  184  185  185  185  185  184
  184  183  182  182  182  181  181  180  179  178  176  173  170  166  161  157
  152  149  142  141  143  140  142  138  151                                   
    75.0-180.0 180.0   5.0 450.0                            LAT/LON1/LON2/DLON/H
  146  149  149  154  159  163  166  167  168  167  164  161  158  154  152  150
  149  149  150  152  154  157  159  160  160  160  159  159  158  157  157  157
  158  160  163  165  169  173  176  180  184  187  189  191  192  192  193  193
  192  192  193  193  193  194  194  194  194  194  192  190  187  182  177  172
  165  159  151  144  144  143  145  139  146                                   
    72.5-180.0 180.0   5.0 450.0                            LAT/LON1/LON2/DLON/H
  146  149  149  153  158  161  164  165  165  163  160  156  152  148  145  143
  142  143  145  148  151  154  156  157  157  156  155  153  151  151  151  152
  154  157  160  165  170  175  181  186  191  195  199  202  204  205  206  206
  206  206  206  206  207  208  209  210  211  211  211  210  207  203  197  191
  183  176  166  158  153  150  150  145  146                                   
    70.0-180.0 180.0   5.0 450.0                            LAT/LON1/LON2/DLON/H
  150  148  147  148  151  153  155  155  155  153  149  146  141  137  134  133
  133  134  138  141  145  149  151  151  151  149  146  143  141  141  141  143
  146  150  155  161  167  174  180  187  193  199  204  207  210  211  212  212
  211  211  211  211  211  212  213  214  216  217  218  218  217  214  210  204
  196  188  178  168  162  158  160  154  150                                   
    67.5-180.0 180.0   5.0 450.0                            LAT/LON1/LON2/DLON/H
  153  150  146  145  146  145  146  145  144  142  139  136  133  130  127  126
  127  129  133  137  141  144  146  146  145  142  139  136  134  134  136  138
  143  148  154  161  168  175  183  190  197  204  209  213  216  218  218  217
  216  215  214  213  212  212  212  214  215  218  220  222  222  221  218  215
  208  201  191  180  173  169  168  163  153                                   
    65.0-180.0 180.0   5.0 450.0                            LAT/LON1/LON2/DLON/H
  160  155  148  144  141  138  136  134  133  131  129  128  126  124  122  122
  123  125  129  133  136  139  141  140  138  136  133  130  130  131  134  139
  144  151  157  164  172  179  187  195  203  210  216  221  223  225  225  224
  222  219  217  215  213  211  211  211  213  215  218  221  223  224  223  222
  217  212  203  194  188  184  184  178  160                                   
    62.5-180.0 180.0   5.0 450.0                            LAT/LON1/LON2/DLON/H
  171  165  155  147  140  133  129  124  123  121  120  120  119  118  118  118
  119  121  124  127  129  131  132  132  130  128  127  126  127  131  136  142
  149  157  164  171  177  185  192  201  209  216  223  228  231  232  232  230
  228  225  221  218  215  213  211  210  211  213  216  219  222  224  225  225
  223  221  215  208  202  200  200  195  171                                   
    60.0-180.0 180.0   5.0 450.0                            LAT/LON1/LON2/DLON/H
  185  178  165  154  143  132  124  117  113  111  110  111  111  112  112  113
  114  115  116  117  118  119  120  120  120  120  120  122  126  131  139  147
  155  163  170  177  183  190  197  205  214  221  228  233  236  238  237  236
  234  231  228  224  221  218  215  213  213  213  215  218  220  223  225  226
  227  227  224  220  217  216  217  212  185                                   
    57.5-180.0 180.0   5.0 450.0                            LAT/LON1/LON2/DLON/H
  201  194  181  166  151  136  125  114  109  104  103  103  104  105  106  107
  107  107  107  106  105  105  106  107  109  112  115  120  126  134  143  153
  162  170  177  183  189  195  202  211  219  227  233  238  242  243  244  243
  242  240  238  235  233  230  226  224  222  221  221  222  223  225  226  229
  230  233  233  231  231  232  234  229  201                                   
    55.0-180.0 180.0   5.0 450.0                            LAT/LON1/LON2/DLON/H
  216  210  197  181  163  145  131  117  108  101   98   97   97   98   99  100
  100   99   97   94   92   91   92   95   99  105  112  119  127  137  147  157
  166  174  181  187  193  199  207  215  223  231  237  242  245  248  249  250
  250  250  250  249  248  246  243  240  237  235  233  232  231  230  230  232
  234  238  240  241  242  245  247  242  216                                   
    52.5-180.0 180.0   5.0 450.0                            LAT/LON1/LON2/DLON/H
  228  223  212  195  176  157  141  124  112  102   96   92   91   91   92   93
   93   92   89   85   82   80   81   86   93  101  111  120  130  139  149  159
  169  177  183  189  195  202  210  218  226  234  240  244  248  251  253  256
  258  260  262  264  264  263  262  259  256  253  249  246  242  239  237  238
  240  244  247  248  250  254  256  250  228                                   
    50.0-180.0 180.0   5.0 450.0                            LAT/LON1/LON2/DLON/H
  236  232  223  207  189  170  154  136  121  108   99   92   88   87   87   88
   89   88   85   81   77   75   76   82   91  102  113  123  133  142  151  161
  169  177  184  191  198  205  214  222  230  237  242  246  250  254  257  261
  266  270  274  278  280  280  280  278  275  271  267  261  256  251  247  246
  247  251  254  255  257  260  261  255  236                                   
    47.5-180.0 180.0   5.0 450.0                            LAT/LON1/LON2/DLON/H
  239  236  228  213  198  181  166  148  133  118  105   96   90   87   86   87
   88   88   85   82   78   76   77   84   94  106  119  129  138  146  154  162
  171  179  186  193  201  209  218  227  235  241  245  249  253  257  262  268
  274  280  285  289  293  294  294  293  291  287  282  276  270  263  258  257
  257  260  262  261  262  264  264  257  239                                   
    45.0-180.0 180.0   5.0 450.0                            LAT/LON1/LON2/DLON/H
  239  235  228  215  203  188  176  160  145  129  115  104   95   91   89   90
   91   92   91   88   85   83   85   91  102  115  127  137  144  150  157  165
  174  182  190  198  206  215  225  234  241  247  250  254  258  263  269  276
  283  289  295  300  303  305  305  304  302  299  295  289  282  276  271  269
  268  271  271  269  266  266  265  258  239                                   
    42.5-180.0 180.0   5.0 450.0                            LAT/LON1/LON2/DLON/H
  238  232  225  212  203  190  181  168  155  140  126  114  105   99   97   97
   99  100  100   99   97   95   97  103  113  125  137  145  152  157  163  171
  180  189  197  205  214  223  233  243  250  255  258  262  266  272  279  287
  294  302  308  312  315  316  316  315  313  311  306  301  295  289  285  283
  282  284  282  277  272  270  266  259  238                                   
    40.0-180.0 180.0   5.0 450.0                            LAT/LON1/LON2/DLON/H
  238  229  220  208  199  188  182  172  162  149  137  127  118  111  108  107
  108  110  112  112  111  111  112  117  127  137  147  155  160  165  172  181
  190  200  208  216  224  233  244  253  260  266  269  273  279  285  294  302
  310  318  325  330  332  333  333  331  329  327  323  317  312  306  301  299
  298  299  295  288  280  275  270  263  238                                   
    37.5-180.0 180.0   5.0 450.0                            LAT/LON1/LON2/DLON/H
  242  231  219  205  196  185  180  172  165  156  147  139  131  125  121  119
  119  121  124  126  127  127  129  133  141  149  158  164  169  175  182  192
  203  213  221  228  236  245  255  265  273  279  283  288  294  302  312  322
  331  341  349  355  359  361  361  360  358  354  349  343  336  329  323  320
  317  316  311  302  290  283  277  269  242                                   
    35.0-180.0 180.0   5.0 450.0                            LAT/LON1/LON2/DLON/H
  251  238  223  207  197  184  179  172  167  161  155  150  144  139  135  131
  130  131  134  138  141  143  145  149  154  161  167  173  178  184  194  205
  217  227  235  242  249  257  267  278  286  293  298  304  312  322  333  345
  357  369  381  391  398  402  404  404  402  398  391  381  371  361  351  344
  339  336  329  318  304  294  287  279  251                                   
    32.5-180.0 180.0   5.0 450.0                            LAT/LON1/LON2/DLON/H
  264  252  235  217  204  190  183  175  171  166  163  160  157  152  148  143
  140  140  143  148  154  158  161  164  168  172  176  181  186  194  205  218
  230  241  248  254  261  269  279  290  300  308  314  322  331  343  356  370
  386  404  421  436  449  458  463  465  463  458  448  434  418  401  386  373
  363  356  348  335  318  307  299  290  264                                   
    30.0-180.0 180.0   5.0 450.0                            LAT/LON1/LON2/DLON/H
  281  269  252  233  218  203  194  185  180  175  172  170  168  165  159  153
  148  147  150  157  165  172  176  179  182  183  185  188  193  202  214  227
  240  250  258  264  271  279  290  302  312  321  330  339  350  364  379  397
  417  440  464  487  507  522  532  537  537  529  516  496  473  449  426  405
  388  377  366  351  333  320  312  301  281                                   
    27.5-180.0 180.0   5.0 450.0                            LAT/LON1/LON2/DLON/H
  298  288  273  253  238  223  214  203  196  189  185  183  181  177  170  163
  156  154  157  165  175  185  191  195  195  195  194  195  199  208  219  232
  245  255  263  270  278  288  300  312  323  333  343  354  367  382  400  421
  446  475  507  537  564  586  601  609  610  601  584  560  530  498  466  437
  414  397  382  366  346  332  323  310  298                                   
    25.0-180.0 180.0   5.0 450.0                            LAT/LON1/LON2/DLON/H
  311  302  292  274  260  247  239  227  219  209  203  198  195  189  182  173
  165  162  165  173  185  197  205  209  208  205  202  201  203  210  221  233
  245  255  264  273  283  295  308  321  333  344  355  367  382  399  419  442
  471  505  542  578  610  635  654  665  666  657  638  611  578  541  503  468
  438  416  397  378  357  341  331  317  311                                   
    22.5-180.0 180.0   5.0 450.0                            LAT/LON1/LON2/DLON/H
  319  310  305  289  278  268  263  254  245  234  224  217  211  204  195  185
  176  172  174  182  195  207  217  220  218  213  207  203  204  209  218  229
  240  251  262  273  286  300  315  328  341  353  365  379  395  414  435  460
  490  525  564  601  633  659  678  689  690  682  665  640  608  571  532  494
  460  434  412  390  366  347  335  321  319                                   
    20.0-180.0 180.0   5.0 450.0                            LAT/LON1/LON2/DLON/H
  320  309  309  295  287  282  282  276  270  258  247  237  228  219  209  198
  189  184  184  191  203  214  223  225  222  215  207  201  200  204  212  222
  233  245  259  274  290  306  321  335  349  362  375  390  407  427  448  473
  503  537  572  605  633  654  669  677  679  674  661  642  617  585  550  513
  479  452  427  402  375  351  338  322  320                                   
    17.5-180.0 180.0   5.0 450.0                            LAT/LON1/LON2/DLON/H
  316  301  303  290  285  284  289  288  286  276  265  254  243  233  222  211
  202  196  195  199  207  217  223  223  218  210  201  194  191  194  202  213
  226  241  258  276  294  311  327  342  356  370  384  400  419  439  461  485
  511  541  570  595  613  626  634  639  640  638  632  622  606  584  557  526
  496  469  443  415  385  356  340  324  316                                   
    15.0-180.0 180.0   5.0 450.0                            LAT/LON1/LON2/DLON/H
  310  290  291  276  271  272  283  287  289  283  274  264  254  243  232  222
  213  206  203  204  208  213  216  214  207  198  188  180  178  182  191  205
  220  238  258  279  298  316  332  347  362  377  392  409  429  450  472  495
  518  542  562  577  585  588  588  588  588  588  589  589  585  574  557  534
  509  486  459  429  397  363  344  327  310                                   
    12.5-180.0 180.0   5.0 450.0                            LAT/LON1/LON2/DLON/H
  306  282  277  258  251  251  264  272  279  277  272  264  256  247  238  228
  220  213  209  206  204  204  202  198  190  180  170  163  162  168  180  197
  216  237  259  280  300  317  332  348  364  380  397  415  436  459  481  503
  524  542  556  562  561  554  547  542  540  542  548  556  561  561  554  540
  521  501  476  445  410  373  351  334  306                                   
    10.0-180.0 180.0   5.0 450.0                            LAT/LON1/LON2/DLON/H
  309  282  269  244  233  229  240  250  258  259  258  255  250  244  236  228
  221  215  208  202  196  191  185  177  169  159  150  145  146  154  169  190
  213  236  259  279  297  313  328  344  361  378  396  416  438  462  486  509
  529  546  556  557  550  538  525  515  510  512  520  533  546  553  553  544
  531  514  490  459  424  385  363  346  309                                   
     7.5-180.0 180.0   5.0 450.0                            LAT/LON1/LON2/DLON/H
  320  294  272  241  222  212  219  227  233  236  237  237  236  233  227  221
  215  209  202  194  184  175  165  156  147  138  131  127  129  140  158  182
