data/edconvlstm_nd/pred2730.15i
     1.0            IONOSPHERE MAPS     GNSS                IONEX VERSION / TYPE
pyspatialgeodesy        IME             05-JAN-18 20:20     PGM / RUN BY / DATE 
Map Name                                                    COMMENT             
Predicted global ionosphere maps (GIM).                     DESCRIPTION         
  2015     9    30     0     0     0                        EPOCH OF FIRST MAP  
  2015    10     1     0     0     0                        EPOCH OF LAST MAP   
  7200                                                      INTERVAL            
    13                                                      # OF MAPS IN FILE   
  NONE                                                      MAPPING FUNCTION    
10.0                                                        ELEVATION CUTOFF    
One-way carrier phase leveled to code                       OBSERVABLES USED    
  6371.0                                                    BASE RADIUS         
 2                                                          MAP DIMENSION       
   450.0 450.0   0.0                                        HGT1 / HGT2 / DHGT  
    87.5 -87.5  -2.5                                        LAT1 / LAT2 / DLAT  
  -180.0 180.0   5.0                                        LON1 / LON2 / DLON  
    -1                                                      EXPONENT            
                                                            END OF HEADER       
[from data line 5148]
    13                                                      START OF TEC MAP    
  2015    10     1     0     0     0                        EPOCH OF CURRENT MAP
    87.5-180.0 180.0   5.0 450.0                            LAT/LON1/LON2/DLON/H
  116  116  121  116  115  118  117  117  118  118  119  121  121  121  121  121
  121  120  119  117  116  114  112  110  108  106  103  101   99   97   95   93
   92   90   89   88   87   86   86   85   85   85   85   86   86   87   87   88
   89   89   90   91   91   92   93   93   94   94   95   95   96   96   97   98
   99  100  100  101   97  103  113  111  116                                   
    85.0-180.0 180.0   5.0 450.0                            LAT/LON1/LON2/DLON/H
  122  124  107  115  120  125  123  123  124  125  126  126  126  126  126  125
  124  123  121  119  116  114  110  107  104  101   97   94   91   88   86   83
   81   80   78   77   77   77   77   77   77   78   79   80   81   83   84   85
   87   88   89   90   92   93   94   95   96   97   98   99  100  100  101  103
  105  105  107  110  110  118  124  123  122                                   
    82.5-180.0 180.0   5.0 450.0                            LAT/LON1/LON2/DLON/H
  122  117  127  127  129  136  133  134  137  137  139  140  140  140  140  139
  137  135  133  129  126  121  117  112  107  101   96   91   86   82   78   75
   72   70   69   68   68   68   69   69   70   72   73   75   76   78   80   82
   84   86   87   89   91   93   95   97   99  101  102  104  106  107  109  111
  112  113  114  113  118  111  117  121  122                                   
    80.0-180.0 180.0   5.0 450.0                            LAT/LON1/LON2/DLON/H
  137  129  129  127  132  136  138  141  144  145  147  149  150  151  150  149
  148  145  142  137  132  126  120  113  106   98   91   84   78   73   68   65
   62   60   59   59   59   59   59   60   61   62   63   65   66   68   70   72
   74   76   78   80   83   86   88   91   94   97   99  102  104  106  109  112
  113  113  115  115  131  123  135  141  137                                   
    77.5-180.0 180.0   5.0 450.0                            LAT/LON1/LON2/DLON/H
  152  145  138  144  141  144  147  151  155  156  158  161  162  163  163  162
  160  157  153  148  142  135  127  119  110  101   92   84   77   71   67   64
   61   60   59   59   59   60   60   61   61   62   62   63   64   65   67   68
   70   72   75   77   80   83   87   91   95   98  102  106  110  113  117  120
  122  125  127  130  138  140  146  161  152                                   
    75.0-180.0 180.0   5.0 450.0                            LAT/LON1/LON2/DLON/H
  165  154  150  154  149  151  149  152  156  156  158  160  162  162  162  161
  159  156  152  147  141  133  125  116  107   97   88   80   73   68   64   62
   60   60   60   60   61   61   61   61   60   60   60   60   60   60   60   61
   63   64   66   69   72   76   80   85   90   95  101  106  111  115  120  124
  126  131  136  134  143  153  156  172  165                                   
    72.5-180.0 180.0   5.0 450.0                            LAT/LON1/LON2/DLON/H
  164  161  161  160  155  152  150  151  154  153  154  155  155  155  153  151
  149  146  143  138  133  127  120  111  103   94   85   78   72   68   65   63
   62   62   62   63   63   63   62   60   59   57   55   53   52   51   51   51
   52   53   55   57   61   65   70   76   83   90   97  104  110  116  122  127
  130  135  143  144  150  158  165  185  164                                   
    70.0-180.0 180.0   5.0 450.0                            LAT/LON1/LON2/DLON/H
  172  170  169  170  162  158  153  153  155  152  151  150  149  146  143  140
  137  134  131  128  124  119  113  106   99   91   84   78   73   69   67   66
   66   66   67   67   67   66   64   62   59   56   53   51   49   48   47   46
   47   48   49   51   55   60   66   73   81   90   99  107  114  121  128  133
  137  141  149  153  160  169  174  193  172                                   
    67.5-180.0 180.0   5.0 450.0                            LAT/LON1/LON2/DLON/H
  177  177  175  175  167  161  154  152  151  147  145  142  139  135  130  126
  122  119  116  114  112  108  104   98   92   86   80   75   71   68   66   65
   65   65   65   64   63   61   59   56   53   49   47   44   43   41   41   40
   40   40   41   43   47   52   59   67   77   88   98  108  116  123  130  136
  139  143  151  155  164  173  177  197  177                                   
    65.0-180.0 180.0   5.0 450.0                            LAT/LON1/LON2/DLON/H
  180  179  177  177  169  162  154  152  150  145  142  138  133  127  121  116
  111  108  106  105  103  101   98   93   88   83   78   74   71   68   66   64
   63   61   60   59   57   55   53   50   47   44   42   41   40   40   40   39
   39   39   39   40   43   48   55   65   76   88  100  111  120  127  134  139
  141  145  153  156  165  175  179  199  180                                   
    62.5-180.0 180.0   5.0 450.0                            LAT/LON1/LON2/DLON/H
  183  181  179  179  172  164  155  153  151  146  142  138  132  126  118  112
  107  105  103  102  101   99   96   91   87   82   78   75   72   68   65   62
   60   57   55   53   51   49   47   45   43   42   42   42   43   43   44   44
   43   42   42   42   44   48   56   66   78   91  104  116  126  134  140  144
  146  148  155  157  164  174  178  198  183                                   
    60.0-180.0 180.0   5.0 450.0                            LAT/LON1/LON2/DLON/H
  184  183  181  181  174  166  157  155  153  148  144  140  134  127  120  114
  109  107  105  104  103  100   96   91   86   82   79   75   72   69   65   60
   56   52   49   46   44   43   42   42   42   43   45   47   49   51   52   52
   51   50   48   47   48   52   59   69   82   96  110  123  133  141  146  150
  151  153  158  160  164  171  176  196  184                                   
    57.5-180.0 180.0   5.0 450.0                            LAT/LON1/LON2/DLON/H
  187  187  185  185  180  171  162  159  157  152  148  144  138  132  125  119
  115  113  112  110  107  102   96   91   86   82   79   77   74   70   65   59
   53   48   45   42   41   41   41   42   45   48   52   56   60   63   64   64
   62   60   57   55   55   59   66   76   89  103  117  130  140  148  154  158
  159  160  165  165  168  172  177  197  187                                   
    55.0-180.0 180.0   5.0 450.0                            LAT/LON1/LON2/DLON/H
  194  194  193  193  188  180  171  166  163  156  152  147  142  137  131  127
  123  121  119  116  111  104   97   91   86   83   81   80   77   73   67   60
   54   48   44   42   42   43   45   48   51   56   62   67   72   76   78   78
   76   72   69   66   66   70   77   87   99  113  126  138  147  155  162  167
  168  170  175  175  176  178  183  201  194                                   
    52.5-180.0 180.0   5.0 450.0                            LAT/LON1/LON2/DLON/H
  204  205  204  205  201  192  183  176  171  162  156  152  147  142  137  134
  131  128  126  121  114  107   99   93   89   87   86   85   83   79   72   65
   58   52   49   48   48   50   53   56   61   66   73   80   85   90   92   92
   90   86   82   80   80   84   91  100  112  123  134  144  153  161  169  175
  178  181  187  186  187  188  192  210  204                                   
    50.0-180.0 180.0   5.0 450.0                            LAT/LON1/LON2/DLON/H
  216  219  217  220  217  209  199  190  182  171  163  157  152  147  143  140
  137  134  130  125  118  110  102   97   94   93   94   93   91   86   80   72
   65   60   57   57   58   60   63   66   71   77   84   91   98  102  105  105
  103  100   97   95   96  100  107  116  125  135  143  151  159  166  175  183
  188  193  199  199  200  202  205  222  216                                   
    47.5-180.0 180.0   5.0 450.0                            LAT/LON1/LON2/DLON/H
  227  232  232  237  234  227  218  207  196  183  172  165  158  153  149  146
  142  139  134  128  121  114  107  104  103  103  104  103  100   94   87   79
   73   69   67   68   70   72   74   76   80   86   93  100  107  111  114  114
  113  111  110  109  111  116  123  131  139  146  152  157  163  171  180  189
  196  203  210  210  213  215  219  234  227                                   
    45.0-180.0 180.0   5.0 450.0                            LAT/LON1/LON2/DLON/H
  237  244  246  252  251  245  237  226  213  197  184  175  168  162  157  152
  148  143  138  133  126  121  116  114  114  115  115  112  107  100   91   84
   79   76   76   78   80   82   83   84   87   92   98  106  112  116  119  120
  120  120  120  121  124  129  137  144  151  155  159  163  168  175  184  194
  202  209  217  217  222  226  230  243  237                                   
    42.5-180.0 180.0   5.0 450.0                            LAT/LON1/LON2/DLON/H
  244  252  255  263  263  259  253  242  229  212  199  188  180  174  167  161
  155  150  145  140  135  131  128  127  127  126  124  118  110  101   92   85
   81   80   82   85   88   89   89   89   91   95  102  109  115  119  122  124
  125  125  126  127  131  137  145  153  159  163  166  168  173  180  189  198
  206  214  222  222  227  233  238  249  244                                   
    40.0-180.0 180.0   5.0 450.0                            LAT/LON1/LON2/DLON/H
  249  257  261  269  271  268  263  254  242  226  213  203  195  188  181  174
  167  160  155  151  147  144  141  140  138  134  128  119  108   98   89   84
   81   82   85   90   93   94   93   93   94   98  104  110  116  120  123  125
  127  128  128  130  133  140  149  158  165  169  172  175  179  186  194  203
  210  217  225  226  230  237  242  252  249                                   
    37.5-180.0 180.0   5.0 450.0                            LAT/LON1/LON2/DLON/H
  255  263  265  271  275  273  269  261  252  238  227  218  211  205  197  189
  181  174  169  165  161  157  153  148  144  137  128  116  104   93   86   82
   82   85   89   94   98   99   98   97   97  101  107  113  117  120  123  125
  127  127  127  128  131  138  149  160  168  174  178  182  188  195  203  211
  216  222  230  231  234  242  248  258  255                                   
    35.0-180.0 180.0   5.0 450.0                            LAT/LON1/LON2/DLON/H
  265  271  271  275  279  277  272  266  259  248  239  232  227  221  214  206
  198  191  185  180  174  167  159  151  144  135  124  113  101   92   87   85
   87   91   96  101  105  106  105  103  104  108  113  117  120  121  123  124
  125  125  123  122  124  132  145  158  170  178  184  191  198  207  215  223
  227  232  240  241  244  251  260  271  265                                   
    32.5-180.0 180.0   5.0 450.0                            LAT/LON1/LON2/DLON/H
  283  288  285  285  288  284  278  272  267  257  250  245  241  236  229  222
  213  206  199  192  182  171  159  148  139  131  122  113  104   99   97   98
  101  106  110  114  116  117  116  114  115  118  122  124  124  123  123  123
  122  120  116  113  115  123  137  154  169  181  190  199  209  220  231  239
  244  249  257  258  262  270  281  295  283                                   
    30.0-180.0 180.0   5.0 450.0                            LAT/LON1/LON2/DLON/H
  312  316  309  305  306  300  292  284  278  269  262  257  253  249  243  235
  227  218  209  198  184  168  153  142  134  129  124  120  117  116  118  121
  126  129  132  134  134  133  131  130  130  131  133  133  130  126  123  121
  119  114  109  104  104  113  129  148  166  181  193  205  219  233  247  259
  266  273  282  284  289  298  312  330  312                                   
    27.5-180.0 180.0   5.0 450.0                            LAT/LON1/LON2/DLON/H
  352  353  343  336  336  328  316  306  297  286  277  271  266  260  254  245
  236  225  213  197  179  160  146  136  133  133  134  137  141  145  151  156
  160  162  161  159  156  153  150  148  146  146  145  142  136  129  123  119
  115  109  101   95   95  104  121  143  163  180  194  208  224  242  260  276
  289  300  312  316  325  335  351  374  352                                   
    25.0-180.0 180.0   5.0 450.0                            LAT/LON1/LON2/DLON/H
  399  398  385  379  377  367  353  339  326  313  301  291  282  273  264  254
  241  227  210  191  170  152  141  137  140  146  155  166  176  185  194  199
  201  199  193  186  179  173  168  164  161  158  155  149  141  131  123  117
  111  104   95   89   89   98  117  140  163  181  195  210  227  248  270  291
  310  327  344  350  364  377  394  423  399                                   
    22.5-180.0 180.0   5.0 450.0                            LAT/LON1/LON2/DLON/H
  445  442  432  429  427  417  401  384  368  350  334  318  304  291  277  263
  246  227  206  183  163  149  144  148  158  171  187  203  218  230  238  241
  239  231  219  206  195  186  179  174  170  166  160  152  143  132  122  114
  107   99   91   85   86   96  116  141  164  183  198  212  230  252  277  303
  328  351  373  384  403  418  438  470  445                                   
    20.0-180.0 180.0   5.0 450.0                            LAT/LON1/LON2/DLON/H
  484  481  477  482  480  473  458  439  420  399  377  356  336  316  296  276
  254  230  205  181  164  157  161  172  189  208  227  245  259  269  272  270
  261  248  231  214  200  189  181  176  171  166  159  151  141  130  119  111
  104   96   89   84   85   97  117  142  166  185  200  215  233  256  284  313
  343  371  397  413  437  454  477  510  484                                   
    17.5-180.0 180.0   5.0 450.0                            LAT/LON1/LON2/DLON/H
  510  508  513  527  529  526  514  497  477  454  429  402  376  350  324  297
  269  240  212  190  178  179  192  212  233  252  268  281  289  291  286  276
  262  244  225  207  191  181  173  168  164  159  153  145  136  126  116  108
  101   94   88   84   87   99  119  144  168  187  202  216  235  260  290  322
  355  387  415  436  462  480  506  538  510                                   
    15.0-180.0 180.0   5.0 450.0                            LAT/LON1/LON2/DLON/H
  522  524  537  559  567  569  562  549  531  509  482  454  423  392  360  327
  294  262  234  214  208  217  238  263  283  296  302  302  297  288  275  259
  241  223  204  187  173  164  159  155  152  148  143  137  130  122  113  106
  100   94   90   87   90  101  120  144  167  186  201  217  237  264  295  329
  363  397  427  451  478  495  523  551  522                                   
    12.5-180.0 180.0   5.0 450.0                            LAT/LON1/LON2/DLON/H
  524  531  550  577  590  597  595  587  574  554  531  503  472  438  403  366
  330  297  269  254  254  269  294  318  331  331  319  303  284  264  245  226
  208  191  175  162  152  145  142  141  139  136  133  129  124  118  112  105
  100   96   92   89   92  102  120  142  164  182  198  216  239  268  301  336
  371  404  435  461  487  503  530  554  524                                   
    10.0-180.0 180.0   5.0 450.0                            LAT/LON1/LON2/DLON/H
  524  536  556  584  600  610  612  608  599  585  566  543  516  483  448  411
  375  342  318  306  310  328  352  367  366  346  316  283  253  227  206  188
  173  161  150  140  133  129  129  129  128  126  124  122  119  115  110  105
  100   96   92   90   92  101  117  138  159  177  195  215  241  273  309  344
  378  411  441  467  492  507  532  552  524                                   
     7.5-180.0 180.0   5.0 450.0                            LAT/LON1/LON2/DLON/H
  527  543  562  587  602  613  615  613  607  597  585  569  548  521  489  455
  422  393  373  364  369  384  398  398  378  339  292  248  214  190  172  158
