data/edconvlstm_nd/pred3320.15i
     1.0            IONOSPHERE MAPS     GNSS                IONEX VERSION / TYPE
pyspatialgeodesy        IME             05-JAN-18 20:20     PGM / RUN BY / DATE 
Map Name                                                    COMMENT             
Predicted global ionosphere maps (GIM).                     DESCRIPTION         
  2015    11    28     0     0     0                        EPOCH OF FIRST MAP  
  2015    11    29     0     0     0                        EPOCH OF LAST MAP   
  7200                                                      INTERVAL            
    13                                                      # OF MAPS IN FILE   
  NONE                                                      MAPPING FUNCTION    
10.0                                                        ELEVATION CUTOFF    
One-way carrier phase leveled to code                       OBSERVABLES USED    
  6371.0                                                    BASE RADIUS         
 2                                                          MAP DIMENSION       
   450.0 450.0   0.0                                        HGT1 / HGT2 / DHGT  
    87.5 -87.5  -2.5                                        LAT1 / LAT2 / DLAT  
  -180.0 180.0   5.0                                        LON1 / LON2 / DLON  
    -1                                                      EXPONENT            
                                                            END OF HEADER       
     1                                                      START OF TEC MAP    
  2015    11    28     0     0     0                        EPOCH OF CURRENT MAP
    87.5-180.0 180.0   5.0 450.0                            LAT/LON1/LON2/DLON/H
   79   75   63   52   47   54   51   48   49   48   48   48   49   49   49   49
   50   50   50   50   50   50   50   50   50   50   50   50   50   49   49   49
   49   49   49   48   48   48   48   48   48   49   49   49   49   50   50   51
   51   52   52   52   52   53   53   53   53   53   52   52   52   51   51   51
   50   50   49   49   42   60   68   71   79                                   
    85.0-180.0 180.0   5.0 450.0                            LAT/LON1/LON2/DLON/H
   69   76   57   58   56   65   61   58   58   58   57   57   58   58   58   58
   58   58   57   57   57   57   56   56   55   55   54   53   53   52   51   51
   51   50   50   50   50   50   50   50   51   51   52   52   53   54   55   56
   57   58   59   59   60   60   61   61   61   61   61   61   60   60   60   59
   59   59   60   64   66   75   88   80   69                                   
    82.5-180.0 180.0   5.0 450.0                            LAT/LON1/LON2/DLON/H
   63   57   67   60   55   64   59   55   57   55   55   55   55   55   54   54
   53   52   51   50   49   48   47   46   44   43   42   40   39   39   38   37
   37   37   37   37   37   37   38   38   39   40   41   42   44   45   47   49
   50   52   53   54   55   56   56   57   57   57   57   57   56   56   56   56
   56   55   56   57   64   61   73   74   63                                   
    80.0-180.0 180.0   5.0 450.0                            LAT/LON1/LON2/DLON/H
   70   65   70   58   57   59   56   53   55   53   53   53   52   51   50   49
   48   47   46   45   44   43   42   40   39   38   37   36   35   35   34   34
   34   33   33   33   33   33   33   33   34   35   36   38   40   42   44   46
   48   49   51   52   53   54   54   55   55   54   54   53   53   52   52   52
   51   50   51   51   66   59   73   88   70                                   
    77.5-180.0 180.0   5.0 450.0                            LAT/LON1/LON2/DLON/H
   79   73   67   64   60   61   58   58   60   57   57   57   56   55   53   52
   51   49   48   47   45   43   42   40   38   37   35   35   34   34   34   34
   33   33   33   32   32   31   31   31   31   32   33   35   37   39   42   44
   46   49   50   52   53   53   53   53   53   52   51   50   50   49   49   48
   48   49   50   53   58   60   68   90   79                                   
    75.0-180.0 180.0   5.0 450.0                            LAT/LON1/LON2/DLON/H
   87   76   80   77   70   73   69   68   70   67   66   64   61   58   55   52
   50   48   46   44   42   40   38   37   36   35   34   34   35   36   36   37
   37   36   35   34   33   32   31   30   31   31   33   35   37   40   42   45
   47   49   51   52   53   53   53   53   52   51   50   49   48   47   47   47
   47   49   53   53   59   69   77   92   87                                   
    72.5-180.0 180.0   5.0 450.0                            LAT/LON1/LON2/DLON/H
   95   89   95   90   86   86   84   85   87   83   81   78   74   69   64   59
   55   52   49   47   45   43   41   40   39   38   38   38   39   40   41   42
   41   41   39   37   35   33   31   30   30   30   32   34   36   39   42   45
   47   49   50   51   51   51   51   50   49   48   47   46   45   45   46   47
   48   50   59   62   69   78   89  105   95                                   
    70.0-180.0 180.0   5.0 450.0                            LAT/LON1/LON2/DLON/H
  111  107  113  111  105  106  104  104  106  101   98   93   86   78   70   63
   57   53   50   48   46   44   43   41   40   40   40   41   43   45   46   46
   45   44   41   38   35   32   30   29   30   31   32   35   38   41   43   46
   48   49   50   50   50   49   49   48   46   46   45   45   45   46   48   50
   52   56   66   71   80   91  100  113  111                                   
    67.5-180.0 180.0   5.0 450.0                            LAT/LON1/LON2/DLON/H
  127  126  130  128  122  123  120  120  121  116  111  104   95   85   75   66
   58   53   50   47   45   44   42   41   39   39   39   40   42   43   44   44
   42   40   36   32   29   26   24   24   25   27   29   32   35   38   40   42
   43   44   44   44   43   42   41   40   40   40   40   41   43   45   48   52
   55   60   72   79   91  102  111  124  127                                   
    65.0-180.0 180.0   5.0 450.0                            LAT/LON1/LON2/DLON/H
  140  139  142  141  136  136  132  133  134  129  124  116  105   92   80   70
   61   55   51   49   46   44   42   39   37   36   36   37   38   40   40   39
   37   34   29   25   22   19   19   19   22   24   28   31   34   37   38   39
   40   39   39   38   37   36   35   35   35   37   39   42   45   49   53   58
   62   68   80   88  102  113  124  138  140                                   
    62.5-180.0 180.0   5.0 450.0                            LAT/LON1/LON2/DLON/H
  152  152  154  153  148  148  143  144  145  141  135  126  115  101   88   76
   67   60   56   52   49   46   42   38   35   33   33   34   36   37   37   36
   33   29   24   20   17   16   17   19   22   26   31   35   37   39   40   39
   38   37   35   34   33   32   32   33   35   38   42   47   53   58   64   70
   74   80   91   99  112  124  135  149  152                                   
    60.0-180.0 180.0   5.0 450.0                            LAT/LON1/LON2/DLON/H
  159  160  162  161  156  155  149  150  152  148  142  134  122  109   95   83
   74   67   61   57   52   46   40   35   31   30   30   31   33   35   35   33
   30   25   21   18   16   16   18   21   26   31   36   40   42   43   42   40
   38   35   33   31   30   30   30   33   36   42   48   55   62   69   76   83
   87   92  102  108  119  131  141  155  159                                   
    57.5-180.0 180.0   5.0 450.0                            LAT/LON1/LON2/DLON/H
  164  167  169  168  163  161  154  155  156  152  147  139  128  115  103   92
   83   75   68   61   54   47   39   33   29   28   29   31   34   36   36   33
   30   26   22   20   20   21   24   29   34   40   45   48   50   49   46   43
   39   36   34   32   31   31   33   36   41   48   56   65   74   82   89   96
   99  104  112  116  124  134  144  159  164                                   
    55.0-180.0 180.0   5.0 450.0                            LAT/LON1/LON2/DLON/H
  171  174  176  176  172  167  160  159  159  154  149  141  132  121  110  100
   92   84   76   67   57   48   39   33   30   29   31   35   38   40   40   38
   34   31   29   28   29   32   36   41   47   52   57   60   60   58   53   49
   44   41   38   37   37   37   40   44   50   57   66   76   85   93  101  107
  110  113  120  123  129  137  146  161  171                                   
    52.5-180.0 180.0   5.0 450.0                            LAT/LON1/LON2/DLON/H
  179  184  186  187  183  177  169  166  163  157  150  143  134  124  116  108
  100   92   82   71   61   50   42   36   34   35   38   42   46   48   48   45
   42   40   40   42   45   48   53   57   62   67   71   72   72   68   63   57
   53   49   47   47   48   49   51   55   60   67   75   84   93  101  109  115
  117  121  127  129  134  140  148  163  179                                   
    50.0-180.0 180.0   5.0 450.0                            LAT/LON1/LON2/DLON/H
  189  196  197  201  198  191  182  177  171  162  153  144  135  127  120  114
  107   98   87   75   64   54   47   43   43   45   50   54   58   59   58   55
   53   53   55   59   64   68   72   76   79   82   85   85   84   81   75   70
   65   63   62   62   63   64   66   68   72   77   84   92   99  106  113  119
  122  125  132  135  140  145  152  167  189                                   
    47.5-180.0 180.0   5.0 450.0                            LAT/LON1/LON2/DLON/H
  199  208  209  214  213  207  198  191  183  170  159  148  138  130  124  118
  111  101   89   78   67   60   56   55   56   60   65   69   71   71   68   65
   64   66   70   76   83   88   91   92   93   95   97   98   97   94   89   84
   81   79   79   80   81   82   82   82   84   87   92   97  103  109  114  120
  124  128  136  140  146  152  158  173  199                                   
    45.0-180.0 180.0   5.0 450.0                            LAT/LON1/LON2/DLON/H
  207  217  216  224  224  219  212  206  197  182  168  154  143  134  128  121
  113  102   90   80   72   69   68   70   74   78   81   83   82   79   75   72
   72   75   82   90   97  102  103  104  103  104  105  106  106  105  102   99
   96   96   96   97   98   98   97   96   95   96   99  102  106  110  115  120
  124  130  140  145  153  159  166  180  207                                   
    42.5-180.0 180.0   5.0 450.0                            LAT/LON1/LON2/DLON/H
  209  219  217  226  227  224  219  215  208  194  179  164  150  140  132  124
  114  102   92   84   80   81   85   89   93   96   96   93   88   82   77   74
   75   80   88   96  104  108  109  109  107  107  109  111  113  113  112  111
  109  109  109  110  110  109  107  105  104  104  105  107  109  112  116  122
  126  133  143  150  159  167  173  186  209                                   
    40.0-180.0 180.0   5.0 450.0                            LAT/LON1/LON2/DLON/H
  206  214  210  217  219  218  216  217  214  203  189  173  159  147  138  127
  116  104   95   91   92   97  104  109  110  108  104   97   88   80   75   72
   74   80   88   97  104  108  109  108  107  107  110  114  117  118  119  118
  117  117  116  116  115  114  112  111  110  110  110  111  113  116  121  126
  131  138  149  157  165  173  180  191  206                                   
    37.5-180.0 180.0   5.0 450.0                            LAT/LON1/LON2/DLON/H
  201  205  200  203  203  204  204  209  212  206  195  182  168  155  144  132
  120  109  102  102  106  114  121  123  120  113  103   93   83   76   71   70
   73   79   87   95  101  105  105  104  104  106  110  114  118  120  121  121
  119  117  115  113  112  111  111  111  112  113  115  117  120  123  129  135
  140  147  157  164  172  179  186  197  201                                   
    35.0-180.0 180.0   5.0 450.0                            LAT/LON1/LON2/DLON/H
  198  200  192  190  187  187  188  197  205  203  197  187  175  163  151  139
  127  117  113  115  121  128  131  128  120  109   97   86   78   73   71   72
   76   82   88   95   99  102  102  102  103  106  111  115  119  120  120  118
  116  112  108  105  104  104  106  109  112  116  119  123  127  133  141  148
  154  160  169  175  181  187  194  206  198                                   
    32.5-180.0 180.0   5.0 450.0                            LAT/LON1/LON2/DLON/H
  204  205  196  187  180  179  179  188  199  200  196  189  179  169  157  146
  135  128  126  128  133  135  132  124  112   99   88   81   77   76   78   81
   86   91   96   99  101  102  102  102  104  108  113  116  118  118  116  113
  109  104   99   95   94   96  100  105  111  117  123  129  136  145  155  165
  171  176  184  188  194  200  208  221  204                                   
    30.0-180.0 180.0   5.0 450.0                            LAT/LON1/LON2/DLON/H
  225  228  218  203  194  189  186  192  200  200  197  191  183  173  163  153
  144  139  138  139  138  134  124  112  100   90   84   82   83   88   94  100
  106  109  111  111  109  108  107  107  109  112  116  118  118  116  112  107
  101   95   89   86   85   89   95  103  111  120  129  137  147  159  173  186
  193  197  204  206  212  219  229  243  225                                   
    27.5-180.0 180.0   5.0 450.0                            LAT/LON1/LON2/DLON/H
  264  273  261  244  235  226  218  217  216  211  203  195  186  177  167  159
  152  149  147  143  136  124  110   97   89   85   87   92  101  111  121  129
  135  135  132  128  123  118  116  115  116  119  121  121  119  114  108  102
   96   89   84   81   82   86   94  104  114  125  136  147  160  176  193  209
  217  222  228  228  235  245  258  274  264                                   
    25.0-180.0 180.0   5.0 450.0                            LAT/LON1/LON2/DLON/H
  321  338  326  310  306  295  279  266  252  235  219  205  192  180  171  163
  158  154  150  141  126  109   94   86   85   91  102  115  130  144  156  164
  167  164  156  147  138  131  126  124  124  126  127  126  122  115  108  101
   95   89   84   82   85   91  100  110  122  134  146  160  176  195  216  234
  245  250  255  253  263  277  292  311  321                                   
    22.5-180.0 180.0   5.0 450.0                            LAT/LON1/LON2/DLON/H
  388  416  407  397  402  392  368  340  309  275  245  221  201  186  174  166
  160  156  147  132  113   95   84   84   93  109  129  149  167  182  193  198
  196  188  176  162  150  142  136  133  132  132  133  131  126  119  111  104
   98   93   89   89   93  101  110  121  132  145  159  174  193  214  238  260
  274  281  286  282  294  313  329  352  388                                   
    20.0-180.0 180.0   5.0 450.0                            LAT/LON1/LON2/DLON/H
  455  494  495  496  510  504  475  432  382  330  283  246  217  195  179  169
  161  154  141  123  102   88   85   95  116  142  168  191  207  217  222  221
  214  201  185  169  157  149  143  140  138  138  138  137  132  124  116  109
  103   99   97   98  103  112  121  132  143  156  171  189  209  233  260  285
  301  311  316  313  327  349  368  393  455                                   
    17.5-180.0 180.0   5.0 450.0                            LAT/LON1/LON2/DLON/H
  506  555  571  585  609  610  580  528  464  395  331  279  239  210  189  174
  163  152  137  118  100   93  100  122  154  187  215  233  241  242  238  229
  216  200  182  167  157  152  149  146  144  144  144  142  138  131  123  115
  109  105  103  105  111  119  130  140  151  164  181  201  224  251  280  307
  326  339  345  343  358  382  403  430  506                                   
    15.0-180.0 180.0   5.0 450.0                            LAT/LON1/LON2/DLON/H
  533  589  617  643  675  684  660  608  538  459  383  319  269  232  204  184
  169  156  139  122  110  112  131  164  204  238  260  267  262  251  237  222
  205  187  171  160  155  154  154  153  151  150  150  149  145  137  129  120
  113  108  106  107  114  123  134  145  156  171  189  211  237  266  297  326
  348  363  371  371  384  407  431  458  533                                   
    12.5-180.0 180.0   5.0 450.0                            LAT/LON1/LON2/DLON/H
  535  590  623  657  694  711  696  653  588  509  431  362  306  261  227  202
  183  167  151  138  134  146  177  219  259  287  295  286  266  243  221  201
  184  168  158  153  154  157  161  161  159  158  157  156  152  144  134  125
  117  110  107  108  114  124  136  147  159  175  195  219  247  278  311  342
  366  383  393  395  406  424  449  475  535                                   
    10.0-180.0 180.0   5.0 450.0                            LAT/LON1/LON2/DLON/H
  519  565  597  630  668  689  685  655  603  536  466  401  344  297  259  229
  206  189  175  168  173  196  234  277  310  323  313  286  253  222  196  177
  163  154  150  151  158  166  172  173  171  168  167  165  160  151  141  131
  121  113  108  107  113  123  136  148  161  177  198  224  254  287  321  352
  378  397  408  412  421  434  457  482  519                                   
     7.5-180.0 180.0   5.0 450.0                            LAT/LON1/LON2/DLON/H
  495  528  551  578  611  632  635  619  585  536  482  429  381  336  298  265
  240  222  211  211  224  254  293  329  346  339  310  269  227  195  172  160
