data/edconvlstm_nd/pred0160.15i
     1.0            IONOSPHERE MAPS     GNSS                IONEX VERSION / TYPE
pyspatialgeodesy        IME             05-JAN-18 20:20     PGM / RUN BY / DATE 
Map Name                                                    COMMENT             
Predicted global ionosphere maps (GIM).                     DESCRIPTION         
  2015     1    16     0     0     0                        EPOCH OF FIRST MAP  
  2015     1    17     0     0     0                        EPOCH OF LAST MAP   
  7200                                                      INTERVAL            
    13                                                      # OF MAPS IN FILE   
  NONE                                                      MAPPING FUNCTION    
10.0                                                        ELEVATION CUTOFF    
One-way carrier phase leveled to code                       OBSERVABLES USED    
  6371.0                                                    BASE RADIUS         
 2                                                          MAP DIMENSION       
   450.0 450.0   0.0                                        HGT1 / HGT2 / DHGT  
    87.5 -87.5  -2.5                                        LAT1 / LAT2 / DLAT  
  -180.0 180.0   5.0                                        LON1 / LON2 / DLON  
    -1                                                      EXPONENT            
                                                            END OF HEADER       
[from data line 4290]
    11                                                      START OF TEC MAP    
  2015     1    16    20     0     0                        EPOCH OF CURRENT MAP
    87.5-180.0 180.0   5.0 450.0                            LAT/LON1/LON2/DLON/H
  124  121  113  118  123  121  119  116  116  118  117  118  118  118  118  118
  118  117  117  116  115  115  114  113  112  111  110  110  109  109  109  109
  109  109  110  110  111  111  112  112  113  113  114  114  115  115  116  116
  117  117  117  118  118  118  119  119  119  119  119  119  119  118  118  117
  117  117  114  110  115  112  124  123  124                                   
    85.0-180.0 180.0   5.0 450.0                            LAT/LON1/LON2/DLON/H
  127  118  125  114  114  118  118  119  120  121  121  121  122  122  122  122
  121  121  120  119  118  117  116  115  113  112  111  111  110  110  110  110
  110  111  112  112  113  114  115  115  116  116  117  117  117  118  118  118
  119  119  120  120  120  121  121  121  122  122  122  122  121  121  120  120
  120  119  115  109  111  111  110  109  127                                   
    82.5-180.0 180.0   5.0 450.0                            LAT/LON1/LON2/DLON/H
  106  102  102  100  104  108  112  112  113  115  116  118  118  119  119  119
  118  117  116  114  112  109  107  105  102  100   99   97   96   95   95   95
   96   97   98   99  101  102  103  103  104  104  104  104  104  104  104  105
  105  106  107  107  108  110  111  111  112  113  113  113  113  112  111  110
  110  108  105  102  102  110   98   99  106                                   
    80.0-180.0 180.0   5.0 450.0                            LAT/LON1/LON2/DLON/H
   82   80   83   82   87   88   95   99  103  106  109  112  113  114  114  114
  113  111  109  106  103   99   96   92   88   84   81   79   77   76   76   76
   78   79   81   83   85   87   88   89   90   90   89   89   88   88   88   88
   89   90   91   92   94   95   97   98   99  100  100  100  100   99   98   96
   95   93   90   88   82   85   75   84   82                                   
    77.5-180.0 180.0   5.0 450.0                            LAT/LON1/LON2/DLON/H
   78   72   74   74   81   86   94  100  106  110  114  118  121  123  124  124
  123  121  118  115  110  105   99   93   87   81   76   72   68   66   65   65
   66   67   70   72   74   76   77   78   78   77   76   75   73   72   72   72
   72   74   76   78   81   84   86   89   90   92   92   92   92   90   89   87
   85   83   81   80   75   72   67   79   78                                   
    75.0-180.0 180.0   5.0 450.0                            LAT/LON1/LON2/DLON/H
   66   65   65   67   76   83   91   99  108  115  121  127  131  134  136  137
  137  136  133  129  124  118  111  103   94   86   78   72   66   62   60   59
   59   61   63   65   67   69   70   71   70   68   66   63   61   59   58   58
   58   60   62   65   68   71   74   77   79   80   81   81   80   80   78   77
   75   74   72   69   65   62   57   59   66                                   
    72.5-180.0 180.0   5.0 450.0                            LAT/LON1/LON2/DLON/H
   67   65   68   75   81   91  102  111  120  129  137  144  150  155  159  162
  163  163  161  158  152  145  136  125  114  102   91   80   72   64   59   56
   55   55   56   58   60   61   62   62   60   58   55   51   47   45   43   43
   44   46   48   52   55   59   62   65   68   69   70   71   71   70   70   69
   67   66   66   63   60   58   57   63   67                                   
    70.0-180.0 180.0   5.0 450.0                            LAT/LON1/LON2/DLON/H
   69   70   74   82   90  101  112  124  135  146  156  165  172  178  184  188
  191  193  193  191  187  179  169  156  142  127  112   98   85   75   66   60
   56   54   53   54   55   56   57   56   55   52   48   44   40   37   35   35
   36   38   41   45   48   52   55   57   59   61   61   62   62   62   63   63
   62   62   63   62   62   61   64   69   69                                   
    67.5-180.0 180.0   5.0 450.0                            LAT/LON1/LON2/DLON/H
   78   80   86   97  107  120  133  147  159  171  182  192  201  208  215  221
  226  230  232  231  227  219  208  193  176  158  139  121  104   90   77   67
   60   55   52   50   51   51   51   51   50   47   44   40   36   33   32   31
   33   35   38   42   45   48   51   53   55   56   56   57   58   58   59   60
   60   61   63   62   62   65   66   73   78                                   
    65.0-180.0 180.0   5.0 450.0                            LAT/LON1/LON2/DLON/H
   82   87   94  108  119  133  147  163  177  191  203  215  225  233  241  249
  256  261  265  266  263  255  243  227  208  187  165  144  124  106   90   76
   64   55   49   45   44   44   44   44   44   42   40   37   34   31   30   30
   31   33   36   39   42   44   46   47   48   48   49   49   50   50   52   53
   54   57   60   62   64   69   72   81   82                                   
    62.5-180.0 180.0   5.0 450.0                            LAT/LON1/LON2/DLON/H
   85   91  100  116  130  147  163  180  195  210  223  235  246  256  266  274
  283  290  294  295  292  284  270  253  232  210  186  164  142  121  102   84
   69   56   47   40   37   36   37   38   38   38   37   35   33   31   30   31
   32   34   36   38   40   42   42   43   43   42   42   43   43   44   45   47
   48   51   55   57   59   65   69   79   85                                   
    60.0-180.0 180.0   5.0 450.0                            LAT/LON1/LON2/DLON/H
   84   92  104  121  138  156  174  192  208  224  238  251  263  274  284  294
  303  311  316  316  311  302  287  268  247  224  201  179  157  135  114   94
   75   59   47   38   33   32   32   34   36   38   38   38   36   35   34   34
   35   36   37   39   39   40   40   39   39   38   38   38   38   38   40   41
   42   45   48   50   53   60   65   77   84                                   
    57.5-180.0 180.0   5.0 450.0                            LAT/LON1/LON2/DLON/H
   83   94  107  126  147  166  185  204  220  236  250  263  275  286  297  307
  317  324  328  326  320  308  292  272  252  231  210  190  170  149  127  106
   85   66   52   41   35   33   34   36   39   42   44   44   44   43   42   41
   40   40   41   41   41   40   40   39   38   37   37   37   37   37   38   38
   39   41   44   45   47   54   59   73   83                                   
    55.0-180.0 180.0   5.0 450.0                            LAT/LON1/LON2/DLON/H
   85   99  116  136  160  180  200  218  234  248  261  272  283  293  304  315
  324  330  332  328  318  305  288  269  250  232  215  198  181  162  141  119
   96   76   60   49   42   40   40   43   47   51   53   54   54   53   52   50
   48   47   46   45   44   43   42   41   41   40   40   40   40   40   40   41
   40   41   43   44   45   51   56   71   85                                   
    52.5-180.0 180.0   5.0 450.0                            LAT/LON1/LON2/DLON/H
   92  109  129  151  177  199  219  235  249  261  271  280  288  297  307  317
  325  329  328  322  310  295  278  261  246  232  219  205  191  174  153  131
  108   88   72   60   54   51   52   55   59   63   66   68   68   67   65   62
   59   56   54   51   50   49   48   47   47   47   46   46   47   47   47   47
   47   47   48   48   48   53   58   72   92                                   
    50.0-180.0 180.0   5.0 450.0                            LAT/LON1/LON2/DLON/H
  105  126  149  172  200  222  242  257  268  277  283  289  294  300  308  317
  323  326  322  313  300  285  270  256  244  234  224  214  201  184  163  140
  118   98   83   73   67   65   66   69   73   76   80   82   83   82   79   76
   72   68   64   61   59   57   57   56   56   55   54   54   55   56   57   57
   56   57   58   58   58   62   67   80  105                                   
    47.5-180.0 180.0   5.0 450.0                            LAT/LON1/LON2/DLON/H
  123  146  172  195  224  248  266  280  289  295  297  299  300  304  309  316
  321  321  316  306  293  279  267  256  248  241  233  223  209  190  167  143
  121  104   91   83   80   79   80   82   85   88   92   94   96   95   94   90
   86   81   77   73   70   69   67   66   65   63   62   62   63   64   66   67
   67   68   70   71   72   76   81   93  123                                   
    45.0-180.0 180.0   5.0 450.0                            LAT/LON1/LON2/DLON/H
  142  165  192  216  245  269  287  301  308  313  312  310  308  308  311  316
  320  319  313  304  292  281  271  264  258  251  243  230  212  189  164  139
  118  103   94   90   89   89   90   92   94   97  100  103  105  106  106  103
   99   94   90   86   83   80   79   76   74   71   69   68   69   71   73   75
   75   77   79   82   85   90   98  110  142                                   
    42.5-180.0 180.0   5.0 450.0                            LAT/LON1/LON2/DLON/H
  156  179  206  230  257  282  300  314  322  327  326  322  317  315  316  319
  321  320  315  307  298  289  282  276  270  263  251  233  210  183  155  130
  111  100   95   94   95   97   98   99  100  102  105  108  111  114  114  113
  110  106  101   97   94   91   89   85   80   75   72   71   71   73   76   78
   78   81   84   88   94  101  112  126  156                                   
    40.0-180.0 180.0   5.0 450.0                            LAT/LON1/LON2/DLON/H
  163  186  212  235  261  284  303  318  328  335  335  332  327  323  322  324
  326  326  322  316  309  303  297  291  283  271  254  231  203  172  144  122
  107  100   98  100  103  105  106  105  105  105  108  111  115  118  119  119
  117  114  110  107  104  101   97   91   84   77   72   70   70   72   74   76
   76   78   81   87   94  106  118  136  163                                   
    37.5-180.0 180.0   5.0 450.0                            LAT/LON1/LON2/DLON/H
  164  187  211  232  256  278  298  314  326  336  340  339  335  331  330  331
  333  334  332  329  324  319  312  303  291  273  251  225  195  166  140  123
  113  111  112  116  119  119  118  115  113  111  112  115  118  121  123  123
  122  120  117  115  112  109  104   96   87   78   71   68   67   68   70   70
   69   70   73   80   87  102  117  138  164                                   
    35.0-180.0 180.0   5.0 450.0                            LAT/LON1/LON2/DLON/H
  162  185  208  226  249  267  288  305  320  334  342  345  343  340  339  340
  342  343  343  342  338  333  323  310  292  272  248  221  194  170  152  142
  139  141  144  146  147  144  139  133  127  123  121  122  123  125  126  126
  125  124  122  121  119  116  110  101   90   79   71   66   65   65   66   65
   63   63   65   70   78   95  113  136  162                                   
    32.5-180.0 180.0   5.0 450.0                            LAT/LON1/LON2/DLON/H
  163  187  209  225  245  260  281  298  315  331  344  350  351  350  348  349
  351  352  353  352  348  340  328  311  291  270  249  228  208  193  185  184
  188  193  196  194  189  181  171  159  149  141  136  133  132  131  131  130
  129  128  127  127  126  123  117  107   95   82   73   68   66   65   65   64
   61   60   60   65   73   91  110  135  163                                   
    30.0-180.0 180.0   5.0 450.0                            LAT/LON1/LON2/DLON/H
  171  198  220  234  253  265  284  299  317  334  349  358  362  361  360  359
  359  360  360  359  353  343  328  310  293  276  262  250  241  237  241  251
  261  267  266  257  243  227  209  192  176  164  154  148  144  141  139  137
  135  133  133  133  133  131  125  114  101   88   78   73   70   69   70   69
   65   64   63   67   76   95  115  139  171                                   
    27.5-180.0 180.0   5.0 450.0                            LAT/LON1/LON2/DLON/H
  190  221  245  257  277  287  304  316  332  347  362  373  377  377  374  371
  369  368  366  362  355  343  329  314  303  296  292  292  295  304  319  337
  351  355  346  326  301  274  249  225  204  187  174  165  158  153  149  146
  143  141  140  140  141  139  133  123  109   96   86   80   78   77   78   78
   75   75   74   78   88  108  129  151  190                                   
    25.0-180.0 180.0   5.0 450.0                            LAT/LON1/LON2/DLON/H
  219  254  281  295  317  328  345  353  364  376  388  396  400  398  393  387
  382  378  373  367  359  347  336  329  328  333  342  355  370  390  413  434
  446  442  421  389  351  314  280  251  226  206  190  179  170  164  160  157
  154  151  149  148  148  147  141  130  117  104   94   88   86   86   88   90
   90   93   92   98  109  129  153  172  219                                   
    22.5-180.0 180.0   5.0 450.0                            LAT/LON1/LON2/DLON/H
  256  293  323  342  371  385  402  407  414  420  428  432  433  428  419  410
  401  393  386  378  368  360  355  358  370  389  412  436  460  484  508  524
  527  510  475  430  381  336  297  264  237  215  198  186  178  173  170  168
  165  162  158  156  155  152  146  135  123  110  100   94   92   92   96  101
  104  111  112  122  134  156  183  201  256                                   
    20.0-180.0 180.0   5.0 450.0                            LAT/LON1/LON2/DLON/H
  295  332  366  391  428  448  468  471  475  477  480  480  476  467  454  441
  428  417  407  397  389  385  389  404  430  463  498  528  553  572  585  588
  575  543  495  439  384  335  294  260  233  212  196  184  178  176  176  177
  175  172  167  163  160  155  148  137  125  114  105   98   96   97  102  109
  116  128  132  146  161  183  216  234  295                                   
    17.5-180.0 180.0   5.0 450.0                            LAT/LON1/LON2/DLON/H
  329  367  403  435  480  506  530  535  539  539  538  535  527  514  498  481
  466  452  440  431  424  426  439  466  505  549  588  616  631  636  631  614
  582  535  477  416  360  312  273  242  218  199  185  176  172  174  178  182
  183  180  174  168  162  155  147  137  126  116  108  102  100  101  106  115
  125  140  149  165  184  209  246  268  329                                   
    15.0-180.0 180.0   5.0 450.0                            LAT/LON1/LON2/DLON/H
  353  393  432  469  520  551  580  589  595  596  595  590  581  567  550  531
  514  499  488  479  476  483  504  541  588  634  668  683  680  664  638  602
  553  494  431  371  318  276  242  217  196  181  170  164  164  169  177  185
  188  186  180  171  162  153  144  134  125  117  111  106  104  105  111  120
  132  149  161  179  201  230  271  295  353                                   
    12.5-180.0 180.0   5.0 450.0                            LAT/LON1/LON2/DLON/H
  366  408  449  488  544  580  612  625  635  639  640  638  630  618  602  585
  570  557  547  541  541  553  579  619  664  703  722  717  693  656  612  560
  500  435  373  318  273  239  213  194  179  168  160  156  158  165  176  186
  192  190  183  173  161  151  141  132  125  119  114  111  110  111  117  125
  135  152  167  186  212  245  286  314  366                                   
    10.0-180.0 180.0   5.0 450.0                            LAT/LON1/LON2/DLON/H
  369  412  455  494  551  589  624  641  656  664  669  670  666  659  648  637
  626  618  612  610  614  627  653  687  720  741  739  714  672  622  567  506
  442  378  320  274  239  215  197  185  175  167  161  157  159  167  179  190
  196  194  186  175  162  150  140  132  126  122  119  117  116  118  122  128
  136  151  167  188  216  253  295  324  369                                   
     7.5-180.0 180.0   5.0 450.0                            LAT/LON1/LON2/DLON/H
  366  409  453  490  544  583  618  638  656  668  677  682  685  684  682  678
  674  673  673  676  682  693  712  732  746  745  722  681  631  576  518  458
