data/edconvlstm_nd/pred3530.15i
     1.0            IONOSPHERE MAPS     GNSS                IONEX VERSION / TYPE
pyspatialgeodesy        IME             05-JAN-18 20:20     PGM / RUN BY / DATE 
Map Name                                                    COMMENT             
Predicted global ionosphere maps (GIM).                     DESCRIPTION         
  2015    12    19     0     0     0                        EPOCH OF FIRST MAP  
  2015    12    20     0     0     0                        EPOCH OF LAST MAP   
  7200                                                      INTERVAL            
    13                                                      # OF MAPS IN FILE   
  NONE                                                      MAPPING FUNCTION    
10.0                                                        ELEVATION CUTOFF    
One-way carrier phase leveled to code                       OBSERVABLES USED    
  6371.0                                                    BASE RADIUS         
 2                                                          MAP DIMENSION       
   450.0 450.0   0.0                                        HGT1 / HGT2 / DHGT  
    87.5 -87.5  -2.5                                        LAT1 / LAT2 / DLAT  
  -180.0 180.0   5.0                                        LON1 / LON2 / DLON  
    -1                                                      EXPONENT            
                                                            END OF HEADER       
[from data line 3003]
     8                                                      START OF TEC MAP    
  2015    12    19    14     0     0                        EPOCH OF CURRENT MAP
    87.5-180.0 180.0   5.0 450.0                            LAT/LON1/LON2/DLON/H
   33   44   46   49   51   51   51   47   47   49   49   50   50   50   50   50
   51   51   51   51   51   52   52   52   52   52   52   52   52   52   52   52
   51   51   51   50   50   49   49   48   48   48   48   48   48   48   48   48
   49   49   49   50   50   50   50   50   50   50   50   50   50   50   49   49
   50   49   46   42   45   47   62   67   33                                   
    85.0-180.0 180.0   5.0 450.0                            LAT/LON1/LON2/DLON/H
   35   52   67   50   52   55   54   54   54   56   55   56   55   56   56   56
   56   57   57   57   58   58   59   59   59   60   60   60   60   60   60   59
   59   58   58   57   56   56   55   54   54   54   53   53   54   54   55   55
   56   57   57   58   58   59   59   60   60   60   60   60   60   60   60   59
   60   59   54   50   54   55   65   58   35                                   
    82.5-180.0 180.0   5.0 450.0                            LAT/LON1/LON2/DLON/H
   26   40   54   44   47   48   49   48   49   49   49   50   49   50   49   49
   50   50   50   50   50   51   51   52   52   53   53   54   54   54   54   54
   53   53   52   51   50   48   47   46   46   45   45   45   45   45   46   47
   48   49   50   51   51   52   53   53   54   54   54   54   54   54   53   53
   53   52   48   45   52   58   59   54   26                                   
    80.0-180.0 180.0   5.0 450.0                            LAT/LON1/LON2/DLON/H
   20   30   47   39   43   41   43   43   44   45   45   46   46   46   45   45
   45   46   46   46   46   47   48   48   49   50   51   52   52   53   53   53
   53   52   51   49   47   45   43   41   40   39   39   39   39   40   41   42
   43   44   46   47   48   49   49   50   50   50   50   50   50   50   49   49
   49   48   46   44   46   52   51   53   20                                   
    77.5-180.0 180.0   5.0 450.0                            LAT/LON1/LON2/DLON/H
   32   34   37   29   32   32   34   34   36   37   37   39   39   40   40   40
   41   41   41   42   43   43   44   46   47   48   49   51   52   53   54   54
   53   52   50   48   45   42   39   36   33   31   30   30   30   31   33   34
   36   38   39   41   42   43   43   44   44   44   44   43   43   42   41   40
   40   39   36   35   35   36   41   43   32                                   
    75.0-180.0 180.0   5.0 450.0                            LAT/LON1/LON2/DLON/H
   17   24   26   23   27   27   28   30   32   34   35   37   38   39   39   40
   41   41   42   43   44   45   46   48   49   51   53   54   56   58   59   59
   59   58   56   52   49   44   40   36   33   30   29   29   29   30   32   33
   35   37   38   39   40   40   40   40   40   40   40   39   38   38   37   36
   35   35   33   32   33   30   32   28   17                                   
    72.5-180.0 180.0   5.0 450.0                            LAT/LON1/LON2/DLON/H
   21   25   24   22   23   25   27   28   29   32   33   35   37   38   39   40
   40   41   42   44   45   47   49   51   52   54   55   57   59   60   62   63
   63   62   60   56   51   46   41   36   32   29   27   26   27   28   29   31
   32   33   34   34   34   34   33   33   33   32   32   32   32   31   31   30
   29   29   29   27   28   27   29   29   21                                   
    70.0-180.0 180.0   5.0 450.0                            LAT/LON1/LON2/DLON/H
   17   23   24   23   25   25   26   28   31   34   36   39   41   42   43   45
   46   48   49   52   54   57   59   61   63   64   65   66   67   69   71   72
   72   72   69   66   61   55   49   43   39   35   33   32   32   33   34   35
   36   36   35   34   33   32   31   30   30   30   30   30   30   30   30   30
   30   30   30   29   31   29   34   33   17                                   
    67.5-180.0 180.0   5.0 450.0                            LAT/LON1/LON2/DLON/H
   19   25   25   25   26   26   29   31   34   37   39   42   44   46   47   49
   51   53   56   59   62   66   69   71   72   72   73   73   74   75   77   78
   79   79   77   73   68   61   55   49   45   41   39   38   38   38   38   38
   37   36   34   31   29   27   26   25   25   26   26   27   28   29   30   30
   30   30   31   29   31   30   32   31   19                                   
    65.0-180.0 180.0   5.0 450.0                            LAT/LON1/LON2/DLON/H
   19   26   26   27   27   28   30   32   35   38   41   44   46   48   50   52
   55   58   61   66   70   75   79   81   82   82   81   80   80   81   83   85
   86   86   84   80   75   68   62   56   52   48   46   45   44   43   42   40
   38   35   31   28   25   23   21   21   21   22   24   25   27   28   29   30
   31   31   33   33   35   35   37   35   19                                   
    62.5-180.0 180.0   5.0 450.0                            LAT/LON1/LON2/DLON/H
   21   27   27   29   29   30   31   33   35   38   40   43   46   48   51   53
   56   60   64   70   75   81   86   89   90   89   88   87   86   87   89   91
   93   93   90   86   80   73   67   61   57   55   52   51   49   47   44   41
   37   32   28   23   20   18   17   17   18   19   21   24   26   27   28   29
   30   31   33   33   36   36   38   37   21                                   
    60.0-180.0 180.0   5.0 450.0                            LAT/LON1/LON2/DLON/H
   24   29   29   31   30   29   30   31   32   34   36   39   42   45   47   50
   54   58   63   69   76   83   88   92   94   94   93   92   91   92   94   97
   98   98   95   90   83   76   70   65   62   59   57   54   51   48   43   39
   33   28   23   19   16   14   13   13   15   17   19   22   24   25   26   27
   27   28   31   32   36   37   38   37   24                                   
    57.5-180.0 180.0   5.0 450.0                            LAT/LON1/LON2/DLON/H
   27   32   32   33   32   31   31   31   31   32   34   36   39   42   45   48
   51   56   62   68   76   84   91   96   99  100   99   99   99  101  103  106
  107  106  103   96   89   82   76   72   69   67   64   61   56   51   45   39
   33   28   22   18   16   14   14   14   16   19   22   24   26   27   27   27
   27   28   31   33   37   38   40   40   27                                   
    55.0-180.0 180.0   5.0 450.0                            LAT/LON1/LON2/DLON/H
   34   37   38   39   37   36   34   32   32   32   32   34   36   39   42   45
   49   54   60   68   76   84   92   98  103  106  107  107  108  111  114  116
  118  116  111  104   96   89   83   80   78   76   73   69   63   56   49   42
   36   30   26   22   19   18   18   19   21   24   27   30   31   31   31   29
   29   29   32   35   39   41   42   43   34                                   
    52.5-180.0 180.0   5.0 450.0                            LAT/LON1/LON2/DLON/H
   42   45   46   47   44   43   40   37   35   33   33   34   36   38   40   44
   49   54   61   69   77   85   94  101  107  112  114  116  118  121  125  127
  128  125  120  112  104   98   94   91   90   88   85   79   72   63   55   48
   42   37   33   30   28   26   26   28   30   33   36   39   40   39   37   35
   33   34   37   40   45   46   48   48   42                                   
    50.0-180.0 180.0   5.0 450.0                            LAT/LON1/LON2/DLON/H
   51   55   56   57   55   54   49   45   41   38   37   37   38   39   42   45
   51   57   65   72   80   89   97  106  113  118  122  125  128  131  134  135
  135  133  127  121  114  108  105  104  103  102   98   92   83   73   64   56
   51   47   44   41   39   38   38   40   42   45   48   49   50   48   46   43
   41   41   45   48   53   55   56   55   51                                   
    47.5-180.0 180.0   5.0 450.0                            LAT/LON1/LON2/DLON/H
   61   66   67   69   67   66   60   55   50   47   45   44   43   44   46   50
   56   63   71   79   87   95  103  111  119  126  130  133  136  137  139  140
  139  137  132  127  123  119  118  117  117  116  112  105   95   84   75   67
   61   57   55   53   51   50   50   51   53   56   58   59   59   58   55   53
   51   51   55   57   62   65   66   64   61                                   
    45.0-180.0 180.0   5.0 450.0                            LAT/LON1/LON2/DLON/H
   69   75   76   80   78   78   71   66   61   58   55   54   52   51   53   57
   64   72   81   90   97  104  112  119  126  133  137  139  140  140  139  138
  137  136  134  132  130  130  130  130  130  129  125  117  107   96   85   77
   71   67   64   62   59   58   58   59   61   63   65   66   66   65   63   61
   60   60   64   66   71   75   76   72   69                                   
    42.5-180.0 180.0   5.0 450.0                            LAT/LON1/LON2/DLON/H
   73   80   82   87   86   86   80   75   71   69   67   66   63   62   63   67
   74   84   94  103  110  116  122  128  134  139  142  143  141  138  135  133
  132  133  134  136  138  139  141  142  142  140  136  128  118  107   96   87
   80   75   71   67   64   61   61   61   63   66   67   68   68   68   67   67
   66   67   70   72   77   81   82   79   73                                   
    40.0-180.0 180.0   5.0 450.0                            LAT/LON1/LON2/DLON/H
   73   80   82   88   88   89   84   81   78   78   77   77   75   74   74   78
   86   97  108  117  124  129  133  137  141  145  146  144  139  134  129  127
  128  131  136  142  147  150  153  153  153  151  146  138  128  117  105   95
   88   82   76   70   65   61   60   60   62   65   66   67   67   68   68   69
   69   70   72   74   78   82   83   80   73                                   
    37.5-180.0 180.0   5.0 450.0                            LAT/LON1/LON2/DLON/H
   69   76   78   85   86   87   83   81   81   83   84   86   85   85   86   91
   99  110  122  131  138  142  145  147  149  150  149  145  139  132  127  126
  129  136  144  153  160  165  167  166  164  161  156  149  139  128  116  106
   97   90   83   75   68   62   59   59   61   63   65   65   65   66   67   68
   69   69   71   71   74   77   78   77   69                                   
    35.0-180.0 180.0   5.0 450.0                            LAT/LON1/LON2/DLON/H
   64   69   71   78   79   81   79   79   80   84   87   91   93   95   97  103
  112  124  135  145  152  155  156  156  156  155  153  149  143  137  134  136
  142  152  164  175  182  186  186  183  179  175  170  163  153  141  130  120
  112  104   96   87   77   69   64   63   64   66   66   66   66   66   66   68
   68   67   68   67   68   69   69   70   64                                   
    32.5-180.0 180.0   5.0 450.0                            LAT/LON1/LON2/DLON/H
   59   63   64   71   72   73   73   74   76   81   87   93   98  103  108  115
  125  136  148  157  164  166  166  164  163  162  160  158  154  152  153  159
  170  184  197  208  214  214  211  206  200  195  189  181  172  161  150  141
  135  128  120  110   97   86   79   75   75   76   75   74   71   70   70   70
   69   67   67   63   63   61   61   64   59                                   
    30.0-180.0 180.0   5.0 450.0                            LAT/LON1/LON2/DLON/H
   58   60   60   65   66   67   67   68   72   77   84   92  100  108  116  125
  135  147  158  168  174  176  175  172  171  170  171  172  173  177  185  197
  213  230  244  252  254  251  244  235  227  220  214  207  198  188  179  172
  167  163  156  145  131  117  106  100   97   96   93   90   86   82   80   79
   76   73   71   65   63   58   58   61   58                                   
    27.5-180.0 180.0   5.0 450.0                            LAT/LON1/LON2/DLON/H
   61   61   60   63   63   63   63   64   68   73   80   89   99  110  121  132
  144  155  167  176  182  184  182  180  179  181  185  191  199  210  226  246
  267  287  300  305  302  293  282  270  260  253  246  239  230  222  215  211
  209  207  202  191  175  158  144  134  129  125  121  115  109  103   98   95
   91   86   83   74   71   64   64   64   61                                   
    25.0-180.0 180.0   5.0 450.0                            LAT/LON1/LON2/DLON/H
   69   68   65   66   65   65   63   63   65   69   76   85   96  109  123  137
  150  162  173  182  188  189  188  186  187  192  201  213  229  250  274  302
  329  350  361  361  352  338  322  308  297  289  282  275  268  261  256  255
  255  255  250  240  223  204  187  175  167  161  155  147  139  131  124  119
  112  106  101   91   87   78   76   72   69                                   
    22.5-180.0 180.0   5.0 450.0                            LAT/LON1/LON2/DLON/H
   80   79   74   73   71   70   68   65   66   68   73   81   92  107  124  139
  153  166  177  186  191  193  192  192  196  205  219  238  262  291  324  359
  389  409  416  411  397  378  360  345  334  326  320  314  308  303  300  300
  301  300  295  283  266  246  227  213  203  196  189  180  171  161  152  145
  137  131  124  113  108   98   94   87   80                                   
    20.0-180.0 180.0   5.0 450.0                            LAT/LON1/LON2/DLON/H
   93   92   85   82   80   78   75   71   70   70   72   79   90  105  123  140
  155  169  180  189  195  197  197  199  207  220  239  264  295  331  369  406
  436  453  456  446  428  407  389  375  366  360  355  350  346  342  340  340
  339  335  327  313  295  275  257  242  231  223  215  207  197  187  177  169
  160  154  146  136  130  120  114  104   93                                   
    17.5-180.0 180.0   5.0 450.0                            LAT/LON1/LON2/DLON/H
  105  104   96   92   89   85   82   78   76   75   75   80   89  104  123  141
  158  173  186  195  201  203  205  210  221  238  262  291  325  364  402  437
  463  475  474  462  443  423  408  397  390  387  384  381  378  376  374  371
  365  356  342  324  305  287  270  256  245  237  230  222  214  204  194  184
  175  169  161  153  148  138  130  120  105                                   
    15.0-180.0 180.0   5.0 450.0                            LAT/LON1/LON2/DLON/H
  113  113  103  100   95   91   88   84   82   81   81   84   93  107  126  146
  165  181  195  205  211  214  218  225  239  260  287  317  351  387  421  450
  469  477  474  462  445  429  417  410  407  406  405  404  403  400  397  389
  377  359  338  317  297  281  267  255  245  237  231  225  218  209  199  190
  180  175  166  162  157  149  141  131  113                                   
    12.5-180.0 180.0   5.0 450.0                            LAT/LON1/LON2/DLON/H
  115  115  106  103   98   93   91   87   87   87   88   92  100  115  134  155
  176  194  209  221  227  232  237  247  264  287  313  342  371  400  426  448
  462  466  463  453  441  430  423  419  418  419  420  420  419  416  410  398
  378  351  323  298  278  264  253  244  235  228  223  219  214  206  197  187
  177  172  164  160  157  150  143  134  115                                   
    10.0-180.0 180.0   5.0 450.0                            LAT/LON1/LON2/DLON/H
  111  112  104  102   97   92   91   88   89   92   95  101  111  127  147  170
  192  213  230  242  250  255  263  276  295  317  341  364  386  406  424  438
  448  451  449  443  436  431  427  426  427  429  430  430  429  425  417  399
  373  339  305  277  257  246  237  230  223  217  213  210  206  200  191  181
  170  165  157  154  151  145  139  131  111                                   
     7.5-180.0 180.0   5.0 450.0                            LAT/LON1/LON2/DLON/H
  104  106   99   98   94   89   89   87   90   95  101  111  123  141  164  188
  213  235  254  268  277  285  295  310  329  350  368  384  397  409  420  429
