data/edconvlstm_nd/pred2540.15i
     1.0            IONOSPHERE MAPS     GNSS                IONEX VERSION / TYPE
pyspatialgeodesy        IME             05-JAN-18 20:20     PGM / RUN BY / DATE 
Map Name                                                    COMMENT             
Predicted global ionosphere maps (GIM).                     DESCRIPTION         
  2015     9    11     0     0     0                        EPOCH OF FIRST MAP  
  2015     9    12     0     0     0                        EPOCH OF LAST MAP   
  7200                                                      INTERVAL            
    13                                                      # OF MAPS IN FILE   
  NONE                                                      MAPPING FUNCTION    
10.0                                                        ELEVATION CUTOFF    
One-way carrier phase leveled to code                       OBSERVABLES USED    
  6371.0                                                    BASE RADIUS         
 2                                                          MAP DIMENSION       
   450.0 450.0   0.0                                        HGT1 / HGT2 / DHGT  
    87.5 -87.5  -2.5                                        LAT1 / LAT2 / DLAT  
  -180.0 180.0   5.0                                        LON1 / LON2 / DLON  
    -1                                                      EXPONENT            
                                                            END OF HEADER       
[from data line 1287]
     4                                                      START OF TEC MAP    
  2015     9    11     6     0     0                        EPOCH OF CURRENT MAP
    87.5-180.0 180.0   5.0 450.0                            LAT/LON1/LON2/DLON/H
   73   79   76   81   81   80   78   74   74   75   74   74   74   74   74   74
   74   74   74   74   74   74   74   74   74   74   74   74   74   75   75   75
   75   75   75   76   76   76   76   77   77   77   77   78   78   78   78   78
   79   79   79   79   78   78   78   78   77   77   77   77   76   76   75   76
   77   77   75   75   80   85   92   84   73                                   
    85.0-180.0 180.0   5.0 450.0                            LAT/LON1/LON2/DLON/H
   71   88   85   85   87   88   87   86   85   85   84   84   84   83   83   83
   82   82   82   82   82   82   82   82   82   83   83   83   84   84   85   85
   86   86   87   87   88   88   89   89   90   90   91   91   91   92   92   92
   92   92   92   92   91   91   91   90   90   89   89   88   87   87   86   87
   88   88   84   84   85   89   97   90   71                                   
    82.5-180.0 180.0   5.0 450.0                            LAT/LON1/LON2/DLON/H
   80   85   95   89   89   91   90   88   88   87   86   86   84   83   83   82
   81   80   80   79   79   79   79   79   79   79   80   80   81   82   83   84
   85   86   87   88   90   91   92   93   94   95   96   97   98   98   99   99
  100  100  100  100   99   99   98   98   97   96   95   94   93   92   91   91
   91   91   87   86   92   89   88   85   80                                   
    80.0-180.0 180.0   5.0 450.0                            LAT/LON1/LON2/DLON/H
   88   87   90   86   89   87   87   85   84   83   80   79   78   76   75   73
   72   71   70   70   69   69   69   69   70   70   71   72   73   74   76   77
   79   81   83   85   87   88   90   92   93   95   96   98   99  100  101  102
  102  103  103  103  102  102  101  100   98   97   95   94   92   91   90   89
   89   87   87   87   93   93   95   88   88                                   
    77.5-180.0 180.0   5.0 450.0                            LAT/LON1/LON2/DLON/H
   92   90   87   85   84   86   85   83   81   78   74   73   70   68   66   65
   64   63   62   61   61   61   61   61   62   62   63   64   65   67   69   71
   73   76   78   81   83   85   88   90   92   94   96   98  100  102  104  105
  106  107  107  107  106  106  104  103  101   99   97   95   93   91   89   89
   88   87   85   88   90   85   87   86   92                                   
    75.0-180.0 180.0   5.0 450.0                            LAT/LON1/LON2/DLON/H
   85   87   81   80   78   81   78   75   71   68   63   60   57   55   53   51
   50   49   49   48   48   48   48   48   49   49   50   51   53   54   57   59
   62   64   67   70   72   75   78   80   83   85   88   91   93   96   98  100
  101  102  103  103  102  102  100   99   97   95   92   90   88   86   85   84
   83   83   82   80   84   82   84   83   85                                   
    72.5-180.0 180.0   5.0 450.0                            LAT/LON1/LON2/DLON/H
   85   89   83   79   79   81   79   74   69   65   59   56   52   49   48   46
   46   46   46   46   46   46   46   46   45   46   46   47   48   50   52   55
   58   61   64   67   69   72   75   78   82   85   89   92   96   99  102  104
  106  107  107  107  107  106  105  103  101   99   97   95   92   90   89   89
   88   88   89   88   88   86   86   86   85                                   
    70.0-180.0 180.0   5.0 450.0                            LAT/LON1/LON2/DLON/H
   90   92   87   82   80   79   76   70   66   60   54   51   47   44   43   42
   43   43   44   45   45   45   45   44   44   43   43   44   45   46   48   51
   54   57   60   63   66   69   72   76   80   84   89   94   98  102  105  107
  109  109  110  110  109  108  107  106  104  102  100   98   96   94   93   93
   93   92   94   93   93   91   93   91   90                                   
    67.5-180.0 180.0   5.0 450.0                            LAT/LON1/LON2/DLON/H
   89   92   86   80   78   75   71   65   60   54   49   45   42   40   39   39
   40   42   44   45   46   46   46   44   43   42   41   41   41   42   43   45
   48   50   53   56   60   63   67   71   76   82   87   93   98  102  105  107
  108  109  109  108  108  107  106  105  103  101   99   97   96   94   93   94
   94   94   96   95   95   93   94   91   89                                   
    65.0-180.0 180.0   5.0 450.0                            LAT/LON1/LON2/DLON/H
   90   92   85   79   75   71   66   61   56   51   46   43   40   39   38   39
   41   43   46   48   49   50   49   47   45   43   42   41   40   40   41   42
   44   47   50   53   57   61   66   71   77   83   90   96  102  107  110  112
  113  112  112  111  110  110  109  108  107  105  103  101  100   98   97   98
   98   98  100  100  100   98   98   96   90                                   
    62.5-180.0 180.0   5.0 450.0                            LAT/LON1/LON2/DLON/H
   90   92   84   77   73   68   62   57   53   48   44   42   40   39   39   40
   42   45   48   51   53   53   52   50   48   45   43   41   40   39   39   40
   41   44   47   51   56   61   66   73   79   87   94  102  108  113  117  118
  119  118  117  117  116  115  115  114  113  111  109  107  106  104  103  103
  103  103  105  104  103  101  101   99   90                                   
    60.0-180.0 180.0   5.0 450.0                            LAT/LON1/LON2/DLON/H
   91   92   82   75   70   64   58   52   48   44   40   39   38   37   38   39
   41   44   48   50   52   53   52   50   48   45   43   41   39   37   37   37
   38   41   45   49   55   61   68   75   82   90   99  107  114  120  123  125
  125  125  124  123  123  122  122  121  119  117  115  113  111  110  108  108
  107  106  108  106  105  103  103  100   91                                   
    57.5-180.0 180.0   5.0 450.0                            LAT/LON1/LON2/DLON/H
   93   93   82   75   70   62   56   50   46   41   38   37   36   36   37   38
   40   43   46   48   50   51   50   48   46   44   42   40   38   36   35   34
   36   39   44   50   56   63   71   79   87   96  105  114  122  127  131  134
  135  135  135  134  134  133  132  131  129  126  124  122  119  117  116  115
  113  111  112  109  108  106  106  103   93                                   
    55.0-180.0 180.0   5.0 450.0                            LAT/LON1/LON2/DLON/H
   96   96   85   78   72   64   56   49   44   39   36   35   34   34   35   36
   38   40   42   44   45   46   46   45   43   42   40   38   36   34   33   32
   34   38   43   51   58   66   75   83   92  102  111  120  128  135  140  143
  145  146  146  146  145  144  143  141  138  135  132  130  128  126  123  122
  120  117  117  113  112  109  109  107   96                                   
    52.5-180.0 180.0   5.0 450.0                            LAT/LON1/LON2/DLON/H
  101  102   91   85   79   69   61   52   45   39   34   33   32   32   33   34
   35   36   38   39   41   41   41   41   40   39   38   37   35   33   32   32
   34   38   45   53   62   70   79   88   98  107  117  127  135  142  148  153
  156  158  158  158  157  155  152  149  146  142  139  137  135  134  132  130
  128  124  123  118  116  114  114  111  101                                   
    50.0-180.0 180.0   5.0 450.0                            LAT/LON1/LON2/DLON/H
  107  109   98   94   89   79   69   58   49   41   36   33   32   31   32   32
   33   33   34   35   37   38   38   38   38   38   38   37   35   34   33   33
   35   40   47   56   65   75   84   93  103  113  123  133  142  149  156  162
  166  168  169  168  166  163  159  155  151  147  144  143  142  141  140  139
  136  133  130  125  122  119  119  116  107                                   
    47.5-180.0 180.0   5.0 450.0                            LAT/LON1/LON2/DLON/H
  113  116  107  104  100   90   81   68   57   46   39   35   33   32   32   32
   32   32   32   33   34   36   37   38   38   39   39   38   37   36   35   35
   38   43   50   59   69   78   88   98  108  119  129  139  148  156  163  170
  174  177  178  176  172  168  162  158  153  150  147  147  147  147  147  147
  145  141  139  133  129  125  124  121  113                                   
    45.0-180.0 180.0   5.0 450.0                            LAT/LON1/LON2/DLON/H
  117  121  112  112  109  101   92   78   66   54   45   40   37   35   34   34
   33   32   32   33   34   36   38   40   41   42   42   42   41   39   38   39
   41   46   53   62   72   81   91  101  112  124  134  144  153  161  169  176
  181  183  183  180  175  170  164  159  154  151  150  149  150  151  152  153
  152  149  147  140  135  130  128  124  117                                   
    42.5-180.0 180.0   5.0 450.0                            LAT/LON1/LON2/DLON/H
  118  122  113  115  114  107  100   87   75   62   52   46   42   40   38   37
   36   35   34   34   36   38   41   43   45   47   47   46   45   44   43   43
   45   50   56   65   74   83   93  104  116  128  140  149  158  166  173  180
  185  187  186  183  177  171  166  161  157  154  153  153  154  156  157  159
  158  156  153  146  140  133  129  124  118                                   
    40.0-180.0 180.0   5.0 450.0                            LAT/LON1/LON2/DLON/H
  116  118  109  111  112  107  102   91   81   69   59   53   49   46   44   42
   40   39   38   37   39   41   45   48   51   53   53   52   50   48   47   47
   49   53   59   66   75   84   95  107  120  133  145  154  162  170  177  184
  189  191  190  187  183  178  173  168  165  163  161  160  161  161  162  163
  163  161  158  151  144  134  129  123  116                                   
    37.5-180.0 180.0   5.0 450.0                            LAT/LON1/LON2/DLON/H
  113  111  100  102  104   99   96   88   81   72   65   60   56   52   50   48
   45   43   42   41   42   45   49   54   57   59   59   57   55   53   52   51
   52   56   61   68   76   86   97  110  124  138  150  159  167  175  182  189
  195  198  199  198  195  192  189  186  183  179  177  174  172  170  169  169
  168  165  161  155  147  135  129  121  113                                   
    35.0-180.0 180.0   5.0 450.0                            LAT/LON1/LON2/DLON/H
  111  104   91   91   92   87   85   80   77   72   68   65   62   59   56   54
   51   49   47   45   46   49   53   59   63   64   64   62   59   57   56   55
   55   58   62   69   77   87  100  113  128  142  155  165  173  181  190  198
  205  211  215  217  219  219  218  215  212  207  202  196  191  185  181  178
  174  170  166  159  151  138  131  121  111                                   
    32.5-180.0 180.0   5.0 450.0                            LAT/LON1/LON2/DLON/H
  114  102   86   82   80   74   72   69   69   68   68   69   67   65   62   60
   57   54   52   50   50   52   57   63   67   69   68   66   63   61   59   58
   58   60   64   70   79   90  103  118  133  147  160  171  180  190  200  211
  221  231  239  247  254  258  259  257  251  244  236  227  217  208  199  193
  186  180  174  167  158  145  139  128  114                                   
    30.0-180.0 180.0   5.0 450.0                            LAT/LON1/LON2/DLON/H
  125  111   91   82   76   67   63   60   61   63   66   69   70   69   67   65
   63   60   57   54   54   56   61   67   72   73   72   69   66   64   63   61
   61   62   66   73   82   94  108  122  138  153  166  178  189  201  214  228
  243  258  272  286  298  306  309  306  298  288  276  263  250  237  225  214
  204  196  189  180  172  159  154  143  125                                   
    27.5-180.0 180.0   5.0 450.0                            LAT/LON1/LON2/DLON/H
  146  131  110   95   84   70   63   57   57   59   64   69   71   71   70   69
   67   65   62   59   58   61   66   72   77   78   76   73   70   68   66   64
   63   64   67   75   86   98  113  128  143  159  173  187  200  215  231  250
  270  290  311  330  347  359  364  360  350  336  320  304  289  273  257  244
  231  221  212  202  194  182  179  168  146                                   
    25.0-180.0 180.0   5.0 450.0                            LAT/LON1/LON2/DLON/H
  178  165  142  123  106   87   75   64   60   60   64   69   71   72   72   71
   71   69   67   64   64   67   73   79   83   84   81   78   75   72   70   68
   66   66   69   77   89  103  118  134  150  166  182  198  214  232  252  275
  300  326  351  376  397  412  417  412  400  383  365  347  330  313  296  281
  266  254  244  233  225  214  213  202  178                                   
    22.5-180.0 180.0   5.0 450.0                            LAT/LON1/LON2/DLON/H
  218  208  187  165  143  119  102   83   73   68   68   71   72   73   72   72
   73   73   71   70   70   75   81   88   91   91   88   83   80   77   74   71
   68   67   70   78   91  107  123  140  157  175  193  211  230  251  275  302
  331  361  391  418  442  458  463  457  443  424  406  388  371  355  339  323
  308  295  284  272  263  254  253  243  218                                   
    20.0-180.0 180.0   5.0 450.0                            LAT/LON1/LON2/DLON/H
  263  257  240  217  191  163  141  115   97   84   78   77   76   74   73   74
   75   75   75   75   77   83   91   98  101  100   95   90   85   81   77   73
   69   67   70   79   93  110  128  147  166  186  206  227  249  272  298  328
  359  392  423  452  475  490  494  488  474  457  440  425  411  397  383  368
  353  340  330  317  307  298  296  287  263                                   
    17.5-180.0 180.0   5.0 450.0                            LAT/LON1/LON2/DLON/H
  308  307  294  273  244  214  188  156  130  108   95   88   83   79   76   76
   77   78   79   81   85   93  103  109  112  109  103   96   90   85   80   75
   70   67   69   78   93  113  133  154  175  198  221  245  269  294  321  351
  384  416  447  473  494  506  509  504  493  480  468  457  446  436  424  412
  398  386  377  363  351  342  340  330  308                                   
    15.0-180.0 180.0   5.0 450.0                            LAT/LON1/LON2/DLON/H
  348  352  344  324  296  265  237  200  168  138  117  104   94   87   82   80
   81   83   84   87   94  103  114  121  122  117  109  101   94   88   82   76
   70   66   68   77   94  115  139  162  186  211  237  262  288  313  340  369
  401  432  460  482  499  509  512  509  503  496  488  482  476  469  460  450
  439  429  420  405  393  383  379  368  348                                   
    12.5-180.0 180.0   5.0 450.0                            LAT/LON1/LON2/DLON/H
  381  386  381  362  338  309  281  242  205  170  143  124  110   99   91   88
   88   89   91   95  102  113  124  130  130  124  115  106   98   90   84   76
   69   65   67   77   95  119  144  170  196  222  250  277  303  328  354  382
  411  440  463  481  494  502  506  508  507  505  503  500  497  493  487  479
  470  463  456  441  428  416  410  398  381                                   
    10.0-180.0 180.0   5.0 450.0                            LAT/LON1/LON2/DLON/H
  405  408  402  384  364  340  314  276  237  199  168  146  128  114  104   98
   97   97   99  102  110  120  131  137  136  128  118  108   99   91   84   76
   69   65   68   78   97  123  150  177  204  231  259  287  313  337  362  388
  415  440  460  474  484  491  498  504  508  510  511  510  509  507  502  496
  490  485  480  466  453  440  433  419  405                                   
     7.5-180.0 180.0   5.0 450.0                            LAT/LON1/LON2/DLON/H
  420  420  411  393  377  356  332  297  259  222  191  167  148  131  119  111
  108  107  107  109  115  125  134  139  137  129  119  108   99   91   83   76
