data/edconvlstm_nd/pred2930.15i
     1.0            IONOSPHERE MAPS     GNSS                IONEX VERSION / TYPE
pyspatialgeodesy        IME             05-JAN-18 20:20     PGM / RUN BY / DATE 
Map Name                                                    COMMENT             
Predicted global ionosphere maps (GIM).                     DESCRIPTION         
  2015    10    20     0     0     0                        EPOCH OF FIRST MAP  
  2015    10    21     0     0     0                        EPOCH OF LAST MAP   
  7200                                                      INTERVAL            
    13                                                      # OF MAPS IN FILE   
  NONE                                                      MAPPING FUNCTION    
10.0                                                        ELEVATION CUTOFF    
One-way carrier phase leveled to code                       OBSERVABLES USED    
  6371.0                                                    BASE RADIUS         
 2                                                          MAP DIMENSION       
   450.0 450.0   0.0                                        HGT1 / HGT2 / DHGT  
    87.5 -87.5  -2.5                                        LAT1 / LAT2 / DLAT  
  -180.0 180.0   5.0                                        LON1 / LON2 / DLON  
    -1                                                      EXPONENT            
                                                            END OF HEADER       
[from data line 4290]
    11                                                      START OF TEC MAP    
  2015    10    20    20     0     0                        EPOCH OF CURRENT MAP
    87.5-180.0 180.0   5.0 450.0                            LAT/LON1/LON2/DLON/H
  111  107  100  105  110  108  107  104  105  108  109  111  112  113  114  115
  116  116  116  115  114  113  111  109  107  105  103  100   98   96   94   92
   90   89   87   86   85   85   84   84   84   84   85   85   86   87   88   89
   90   91   92   93   94   95   96   97   98   99   99  100  100  100  100   99
   99   99   96   94  100   98  112  112  111                                   
    85.0-180.0 180.0   5.0 450.0                            LAT/LON1/LON2/DLON/H
  115  105  114  101  100  105  105  107  109  112  113  115  117  119  121  122
  123  123  123  122  121  119  117  114  111  108  105  102   99   96   94   91
   89   87   85   84   83   82   81   81   81   81   82   83   84   85   86   87
   89   90   92   93   95   96   98   99  100  101  101  102  102  102  102  101
  101  100   96   93   95   97   98   97  115                                   
    82.5-180.0 180.0   5.0 450.0                            LAT/LON1/LON2/DLON/H
   93   91   91   89   92   97  101  102  105  109  113  117  120  124  127  129
  131  131  131  129  127  124  120  116  111  106  101   97   92   88   84   81
   78   75   73   71   69   68   67   67   67   67   68   68   69   71   72   74
   76   78   80   82   85   87   89   90   92   93   94   94   95   95   94   93
   94   92   89   87   89   99   90   89   93                                   
    80.0-180.0 180.0   5.0 450.0                            LAT/LON1/LON2/DLON/H
   71   72   76   75   78   80   88   93   99  105  111  118  123  129  133  137
  139  140  139  136  132  127  121  115  108  101   94   87   81   76   71   66
   63   60   57   54   53   51   50   50   50   50   51   52   53   55   57   60
   62   65   68   71   74   77   79   81   83   85   85   86   86   86   85   84
   83   82   80   79   75   81   74   82   71                                   
    77.5-180.0 180.0   5.0 450.0                            LAT/LON1/LON2/DLON/H
   73   71   72   72   78   81   90   96  104  110  119  128  136  144  150  155
  158  159  158  154  149  142  134  124  115  106   97   89   81   75   70   65
   61   57   54   51   49   47   45   44   43   43   43   44   45   47   49   52
   55   58   61   64   67   70   73   75   77   79   80   80   80   80   79   78
   77   76   75   75   71   73   71   81   73                                   
    75.0-180.0 180.0   5.0 450.0                            LAT/LON1/LON2/DLON/H
   65   69   69   70   77   83   91   98  108  117  127  137  146  155  162  167
  170  171  170  166  159  151  141  131  120  110  100   92   85   79   74   69
   65   62   58   55   51   48   46   44   42   41   41   41   42   43   45   47
   50   52   55   58   60   63   65   67   69   70   71   71   71   71   70   70
   69   69   69   68   65   66   65   66   65                                   
    72.5-180.0 180.0   5.0 450.0                            LAT/LON1/LON2/DLON/H
   70   74   76   82   86   92  102  108  117  126  136  147  157  166  173  179
  183  183  182  177  170  160  149  136  124  112  102   93   86   80   76   72
   68   65   61   57   53   49   45   42   40   39   39   39   39   40   41   42
   44   46   48   50   52   54   56   57   59   60   60   61   60   60   60   59
   59   60   61   60   59   63   65   71   70                                   
    70.0-180.0 180.0   5.0 450.0                            LAT/LON1/LON2/DLON/H
   73   81   84   91   95  102  110  118  128  137  146  156  164  172  178  183
  186  187  185  180  173  163  152  140  127  116  105   97   91   86   82   79
   76   72   67   62   57   52   47   44   41   40   39   39   39   40   40   41
   41   42   42   43   44   46   47   48   49   49   50   50   49   49   49   50
   50   51   54   56   58   64   71   76   73                                   
    67.5-180.0 180.0   5.0 450.0                            LAT/LON1/LON2/DLON/H
   82   91   95  103  110  117  126  134  142  150  159  167  174  180  186  190
  192  193  192  188  181  171  160  147  134  122  112  103   97   92   88   85
   81   77   71   65   58   52   47   43   41   40   40   40   40   41   41   41
   40   40   39   39   39   40   41   42   42   43   43   43   43   43   43   43
   43   45   48   50   53   62   69   74   82                                   
    65.0-180.0 180.0   5.0 450.0                            LAT/LON1/LON2/DLON/H
   83   95  100  110  117  126  134  143  151  159  166  172  178  182  185  188
  190  192  192  189  184  176  166  154  141  129  118  110  103   99   95   91
   86   81   74   66   58   50   44   40   38   38   38   39   40   40   40   39
   37   35   34   33   32   32   33   34   35   35   36   36   36   36   36   36
   37   39   43   46   52   63   73   78   83                                   
    62.5-180.0 180.0   5.0 450.0                            LAT/LON1/LON2/DLON/H
   85   98  103  114  123  133  142  151  159  166  173  177  181  183  185  188
  190  193  194  193  190  183  174  163  150  138  126  117  110  104   99   94
   88   81   72   63   54   46   40   36   35   35   37   39   40   40   39   37
   34   31   29   28   27   27   28   29   30   32   33   34   35   35   35   35
   35   37   40   42   48   60   69   75   85                                   
    60.0-180.0 180.0   5.0 450.0                            LAT/LON1/LON2/DLON/H
   84   97  102  115  123  133  144  153  162  169  175  179  181  182  184  186
  189  192  195  196  195  190  182  172  160  147  136  126  117  110  104   98
   91   82   72   62   52   43   37   34   34   36   38   40   41   40   39   36
   32   29   26   24   23   24   25   27   29   31   34   35   37   37   37   37
   37   37   39   41   47   59   69   76   84                                   
    57.5-180.0 180.0   5.0 450.0                            LAT/LON1/LON2/DLON/H
   83   96  103  115  124  134  145  155  165  172  178  181  182  183  184  186
  190  194  198  200  199  196  189  180  169  157  146  136  127  119  112  105
   96   86   76   64   54   46   41   38   39   41   43   45   45   44   41   38
   34   30   27   25   24   24   26   29   32   36   39   41   43   44   45   45
   44   44   45   46   50   61   70   77   83                                   
    55.0-180.0 180.0   5.0 450.0                            LAT/LON1/LON2/DLON/H
   87  101  109  119  128  137  149  158  168  175  181  184  185  185  186  188
  192  196  200  202  202  200  194  187  178  167  157  147  139  130  123  114
  105   95   83   72   62   55   50   48   49   51   53   54   53   51   47   43
   39   35   32   30   29   30   32   35   39   43   47   51   54   55   56   56
   55   55   56   56   58   69   76   84   87                                   
    52.5-180.0 180.0   5.0 450.0                            LAT/LON1/LON2/DLON/H
   97  111  120  129  137  146  156  165  174  180  185  188  188  189  189  192
  195  198  201  203  202  200  196  191  184  177  169  160  152  144  135  126
  116  106   95   84   76   69   65   64   65   66   67   66   64   61   56   52
   48   45   42   40   39   39   42   45   49   54   59   63   66   68   70   70
   69   69   70   71   72   81   88   95   97                                   
    50.0-180.0 180.0   5.0 450.0                            LAT/LON1/LON2/DLON/H
  112  126  137  145  153  161  170  178  184  189  193  195  195  195  196  197
  199  201  202  202  201  199  197  194  191  187  181  175  167  158  149  139
  129  118  108   99   92   87   84   83   83   83   82   80   77   73   69   65
   62   59   56   54   53   53   55   58   62   66   71   75   79   81   83   84
   83   84   86   88   89   98  104  110  112                                   
    47.5-180.0 180.0   5.0 450.0                            LAT/LON1/LON2/DLON/H
  131  145  157  164  172  180  188  194  198  202  204  204  204  204  204  205
  205  205  203  201  199  198  197  198  198  197  194  188  180  171  160  149
  138  127  118  111  106  103  101  101  100   99   96   93   90   86   82   79
   77   75   72   70   68   68   69   71   75   78   82   86   89   92   95   96
   96   98  101  105  107  116  124  127  131                                   
    45.0-180.0 180.0   5.0 450.0                            LAT/LON1/LON2/DLON/H
  150  164  176  184  193  201  207  212  215  217  217  217  216  215  215  214
  213  210  207  203  201  200  201  204  206  207  205  200  191  179  166  153
  141  130  122  117  115  114  114  114  112  110  107  103  100   97   94   93
   92   90   88   85   83   82   82   84   86   89   92   95   98  101  103  105
  105  108  112  119  124  133  142  145  150                                   
    42.5-180.0 180.0   5.0 450.0                            LAT/LON1/LON2/DLON/H
  166  180  192  201  211  219  225  229  231  232  231  230  229  228  227  226
  223  219  214  210  207  207  210  213  216  217  214  207  195  180  165  150
  137  127  121  118  119  120  121  121  119  116  113  110  107  105  104  103
  103  102  100   97   94   93   93   94   96   98  100  102  105  107  110  111
  111  115  120  128  136  146  157  161  166                                   
    40.0-180.0 180.0   5.0 450.0                            LAT/LON1/LON2/DLON/H
  177  191  202  214  225  233  239  243  244  246  245  244  243  242  242  240
  236  231  226  223  221  221  223  226  227  226  220  209  194  177  160  144
  132  123  119  118  120  123  125  125  122  119  116  113  111  109  109  109
  109  107  105  103  100   99  100  101  102  104  105  108  110  112  114  115
  115  119  124  133  144  155  168  174  177                                   
    37.5-180.0 180.0   5.0 450.0                            LAT/LON1/LON2/DLON/H
  183  197  209  222  235  243  249  253  255  257  256  256  256  257  257  256
  252  247  243  241  240  241  241  240  238  233  223  209  191  172  155  141
  130  124  122  123  126  129  130  129  126  122  118  115  113  112  111  110
  109  107  105  103  102  102  103  105  106  108  109  111  113  115  117  118
  118  121  128  136  148  161  174  184  183                                   
    35.0-180.0 180.0   5.0 450.0                            LAT/LON1/LON2/DLON/H
  187  201  215  228  241  249  256  261  264  267  267  268  269  270  272  271
  269  265  263  263  263  262  259  254  247  238  226  209  191  173  158  147
  141  138  138  139  141  143  141  138  133  128  123  120  117  114  112  110
  107  104  102  100  101  103  106  108  110  111  112  113  116  118  120  121
  121  125  132  140  151  165  179  191  187                                   
    32.5-180.0 180.0   5.0 450.0                            LAT/LON1/LON2/DLON/H
  193  209  224  235  249  255  263  268  273  276  278  279  281  283  285  286
  284  283  283  285  285  282  275  266  255  244  231  215  199  185  175  170
  169  170  171  171  170  167  161  154  146  138  132  127  123  119  114  109
  105  101   99   99  101  105  110  113  114  114  115  116  118  120  123  125
  126  131  138  147  156  171  186  199  193                                   
    30.0-180.0 180.0   5.0 450.0                            LAT/LON1/LON2/DLON/H
  205  223  240  248  262  265  273  277  283  287  289  291  293  295  297  298
  297  297  299  302  303  298  287  275  263  253  243  232  221  213  210  213
  218  222  223  219  211  201  188  176  164  154  146  139  133  126  119  112
  106  102  100  101  105  111  116  120  120  119  118  118  119  122  125  129
  132  139  148  158  166  182  197  211  205                                   
    27.5-180.0 180.0   5.0 450.0                            LAT/LON1/LON2/DLON/H
  224  245  264  269  282  284  291  293  298  302  304  304  305  306  307  307
  306  307  311  314  314  308  296  284  275  270  266  262  259  260  266  276
  287  292  289  277  259  239  219  200  184  172  162  154  146  137  128  120
  113  109  108  111  116  122  127  130  129  126  123  121  121  123  128  133
  138  149  160  172  180  197  213  227  224                                   
    25.0-180.0 180.0   5.0 450.0                            LAT/LON1/LON2/DLON/H
  251  273  295  299  313  313  318  318  321  323  323  321  320  319  317  315
  314  314  318  321  321  315  305  298  295  298  304  309  315  325  339  355
  368  370  358  334  304  273  244  221  203  189  179  170  161  151  142  134
  128  125  125  128  133  138  142  142  138  133  128  124  123  125  129  137
  145  159  174  189  198  215  232  247  251                                   
    22.5-180.0 180.0   5.0 450.0                            LAT/LON1/LON2/DLON/H
  281  304  328  334  349  350  354  352  353  352  348  344  339  334  330  325
  322  322  325  328  328  325  320  320  327  340  356  371  386  402  420  438
  447  439  415  377  334  293  258  232  214  201  191  183  176  167  160  153
  149  147  148  150  153  156  157  154  148  141  133  127  124  125  130  139
  149  168  185  204  215  233  251  267  281                                   
    20.0-180.0 180.0   5.0 450.0                            LAT/LON1/LON2/DLON/H
  309  333  358  369  389  392  396  393  392  388  382  374  365  357  348  341
  337  336  338  341  343  344  347  356  373  396  421  443  462  480  496  506
  504  483  445  396  343  295  258  232  216  206  199  194  189  183  178  174
  173  173  173  174  174  173  170  165  157  147  138  130  126  125  129  138
  151  173  192  216  228  247  267  286  309                                   
    17.5-180.0 180.0   5.0 450.0                            LAT/LON1/LON2/DLON/H
  330  355  382  400  427  434  440  437  435  431  423  412  400  388  377  368
  362  361  363  366  371  377  389  407  434  465  494  517  533  544  549  545
  528  494  444  387  329  279  243  222  211  206  204  202  200  198  196  195
  196  197  197  195  191  186  180  173  164  153  143  133  127  124  128  136
  149  173  194  220  235  255  277  300  330                                   
    15.0-180.0 180.0   5.0 450.0                            LAT/LON1/LON2/DLON/H
  342  369  398  424  458  471  481  481  480  476  468  458  444  430  417  408
  403  402  404  409  417  429  448  475  506  539  565  581  587  583  573  552
  519  473  416  355  298  253  223  209  205  206  208  211  212  213  214  214
  216  217  216  211  203  194  185  177  168  158  147  136  128  124  126  133
  146  170  192  219  235  257  281  307  342                                   
    12.5-180.0 180.0   5.0 450.0                            LAT/LON1/LON2/DLON/H
  347  374  407  440  481  500  516  520  523  522  516  507  495  481  469  461
  458  459  463  470  480  497  521  551  583  610  625  627  616  597  569  533
  487  433  374  316  265  229  209  203  206  212  218  223  227  229  230  230
  230  230  226  219  208  196  186  178  170  160  149  138  129  124  125  131
  142  165  186  213  231  256  282  310  347                                   
    10.0-180.0 180.0   5.0 450.0                            LAT/LON1/LON2/DLON/H
  347  375  412  449  496  522  543  553  560  563  562  557  548  538  529  525
  525  530  535  544  556  575  601  629  653  667  666  650  624  590  550  502
  448  390  334  284  245  220  211  213  221  230  238  243  246  247  246  243
  240  236  229  219  205  193  183  176  169  161  150  139  130  125  125  129
  139  160  181  206  227  254  282  312  347                                   
     7.5-180.0 180.0   5.0 450.0                            LAT/LON1/LON2/DLON/H
  346  376  415  455  506  537  563  577  589  597  602  603  599  593  589  590
  596  603  611  621  633  652  673  693  704  701  683  653  616  575  528  475
