data/edconvlstm_nd/pred0820.15i
     1.0            IONOSPHERE MAPS     GNSS                IONEX VERSION / TYPE
pyspatialgeodesy        IME             05-JAN-18 20:20     PGM / RUN BY / DATE 
Map Name                                                    COMMENT             
Predicted global ionosphere maps (GIM).                     DESCRIPTION         
  2015     3    23     0     0     0                        EPOCH OF FIRST MAP  
  2015     3    24     0     0     0                        EPOCH OF LAST MAP   
  7200                                                      INTERVAL            
    13                                                      # OF MAPS IN FILE   
  NONE                                                      MAPPING FUNCTION    
10.0                                                        ELEVATION CUTOFF    
One-way carrier phase leveled to code                       OBSERVABLES USED    
  6371.0                                                    BASE RADIUS         
 2                                                          MAP DIMENSION       
   450.0 450.0   0.0                                        HGT1 / HGT2 / DHGT  
    87.5 -87.5  -2.5                                        LAT1 / LAT2 / DLAT  
  -180.0 180.0   5.0                                        LON1 / LON2 / DLON  
    -1                                                      EXPONENT            
                                                            END OF HEADER       
[from data line 4290]
    11                                                      START OF TEC MAP    
  2015     3    23    20     0     0                        EPOCH OF CURRENT MAP
    87.5-180.0 180.0   5.0 450.0                            LAT/LON1/LON2/DLON/H
  149  143  131  138  140  138  137  136  136  139  139  140  141  143  144  145
  146  146  146  146  146  145  144  143  142  140  139  137  135  134  132  131
  129  128  127  126  125  125  124  124  124  124  124  125  125  126  127  127
  128  129  130  131  132  133  133  134  135  136  136  137  137  137  137  137
  136  137  135  135  145  143  152  152  149                                   
    85.0-180.0 180.0   5.0 450.0                            LAT/LON1/LON2/DLON/H
  142  141  145  136  134  138  138  140  141  143  144  146  148  150  152  153
  154  155  155  155  154  153  151  149  147  144  142  139  136  134  131  129
  127  125  123  122  120  120  119  119  119  119  119  120  121  122  123  125
  126  128  130  131  133  135  136  138  139  140  141  142  143  143  143  143
  144  143  141  139  141  137  139  140  142                                   
    82.5-180.0 180.0   5.0 450.0                            LAT/LON1/LON2/DLON/H
  115  121  121  116  116  121  125  125  127  130  133  138  141  145  148  151
  153  155  155  155  154  152  149  146  143  139  135  130  126  122  118  115
  111  108  106  104  102  101  100   99   99   99   99  100  101  102  104  105
  108  110  112  114  117  119  121  123  125  126  128  129  130  130  130  130
  130  129  127  129  130  138  129  126  115                                   
    80.0-180.0 180.0   5.0 450.0                            LAT/LON1/LON2/DLON/H
   97  104  107  103  102  103  110  114  119  125  130  137  143  149  155  159
  163  165  166  166  164  161  157  153  147  141  135  129  123  117  112  107
  102   98   95   92   90   88   87   86   85   85   85   86   87   89   91   93
   95   98  101  104  107  110  112  115  117  119  121  122  123  124  124  124
  124  123  121  121  118  119  114  119   97                                   
    77.5-180.0 180.0   5.0 450.0                            LAT/LON1/LON2/DLON/H
   94   95   99   94   96   98  104  109  115  122  130  139  148  156  164  171
  176  179  180  180  178  174  169  163  157  149  142  134  127  120  113  108
  103   98   94   91   88   86   84   82   81   80   79   79   79   80   82   84
   86   88   91   94   96   99  101  103  105  107  109  110  111  112  113  113
  113  113  113  113  113  112  112  120   94                                   
    75.0-180.0 180.0   5.0 450.0                            LAT/LON1/LON2/DLON/H
   92   96   96   92   94   98  103  109  117  127  135  146  156  166  175  182
  188  191  192  192  189  185  179  173  165  158  149  141  134  126  120  114
  109  105  101   97   94   91   88   86   83   81   80   79   79   79   80   81
   83   84   86   88   90   92   93   95   96   98   99  101  102  103  105  106
  106  108  109  106  106  106  105  104   92                                   
    72.5-180.0 180.0   5.0 450.0                            LAT/LON1/LON2/DLON/H
   93   97   98   99   99  103  109  115  122  132  141  153  164  175  184  191
  197  200  201  199  196  192  186  179  171  163  154  146  138  131  124  118
  113  109  106  102   98   95   92   88   85   82   80   78   77   77   77   77
   78   79   79   80   80   81   81   82   82   83   84   85   87   88   90   92
   93   96   98   98   99  102  104  109   93                                   
    70.0-180.0 180.0   5.0 450.0                            LAT/LON1/LON2/DLON/H
  100  104  105  105  106  111  116  123  131  141  151  162  172  182  190  196
  200  202  202  200  197  192  187  180  173  165  157  149  142  135  129  124
  119  116  112  108  104  100   96   92   88   85   82   80   79   78   77   77
   76   76   75   74   74   73   72   72   72   72   72   73   75   76   79   81
   83   87   91   93   97  101  107  110  100                                   
    67.5-180.0 180.0   5.0 450.0                            LAT/LON1/LON2/DLON/H
  106  111  113  117  119  125  131  138  145  155  164  174  184  192  198  203
  206  206  206  204  200  196  192  186  179  172  164  157  149  142  136  131
  127  123  119  114  110  105  100   96   92   89   87   85   83   82   81   80
   79   77   76   74   72   70   69   67   66   66   66   67   68   70   73   75
   78   82   87   90   94  100  106  111  106                                   
    65.0-180.0 180.0   5.0 450.0                            LAT/LON1/LON2/DLON/H
  106  112  115  120  124  131  137  145  153  163  171  180  188  194  198  201
  202  202  200  198  196  193  189  185  180  174  167  161  154  148  142  137
  133  128  123  117  112  106  101   96   92   90   88   86   84   83   81   79
   77   75   73   70   67   65   62   60   59   58   58   59   60   62   64   67
   70   75   80   84   90   98  106  112  106                                   
    62.5-180.0 180.0   5.0 450.0                            LAT/LON1/LON2/DLON/H
  103  109  112  119  125  133  141  150  158  168  175  183  190  195  198  199
  199  199  197  195  193  191  189  186  182  177  171  165  160  154  149  144
  138  132  126  118  111  104   99   94   91   89   88   87   85   83   81   78
   76   73   70   67   64   61   58   56   54   53   53   54   55   56   58   61
   64   69   74   78   84   92   99  106  103                                   
    60.0-180.0 180.0   5.0 450.0                            LAT/LON1/LON2/DLON/H
   97  102  106  114  120  128  138  148  157  167  175  183  189  193  195  196
  196  194  193  191  190  188  187  185  183  179  175  171  167  163  158  153
  147  140  132  122  113  105   99   94   91   90   90   89   87   85   81   78
   74   70   67   64   61   58   55   53   52   51   50   51   52   53   54   57
   59   64   70   74   78   87   93  100   97                                   
    57.5-180.0 180.0   5.0 450.0                            LAT/LON1/LON2/DLON/H
   92   98  102  110  116  124  134  144  154  165  174  182  188  192  195  196
  195  194  191  190  188  187  187  186  184  182  180  179  177  175  172  167
  161  152  142  130  119  110  102   97   95   95   95   94   92   88   83   78
   74   70   66   64   61   59   56   54   52   51   51   51   52   52   54   56
   58   63   68   73   77   84   89   97   92                                   
    55.0-180.0 180.0   5.0 450.0                            LAT/LON1/LON2/DLON/H
   94  101  106  112  118  124  133  143  153  164  173  182  189  195  198  200
  199  197  193  190  188  187  186  186  186  186  186  187  189  190  189  185
  178  168  156  143  130  119  110  105  103  103  103  102   99   94   88   81
   76   72   69   67   65   63   61   59   57   56   56   55   55   55   56   58
   61   66   72   77   81   88   93  101   94                                   
    52.5-180.0 180.0   5.0 450.0                            LAT/LON1/LON2/DLON/H
  104  113  120  124  129  134  140  148  157  167  177  186  195  201  206  208
  207  203  198  193  189  186  186  186  188  190  193  197  202  205  207  204
  197  186  172  157  143  131  122  117  114  113  113  112  108  102   95   88
   82   78   75   73   72   70   69   67   66   65   63   63   62   61   62   64
   66   72   80   86   92   99  105  111  104                                   
    50.0-180.0 180.0   5.0 450.0                            LAT/LON1/LON2/DLON/H
  125  136  145  147  151  155  158  163  170  178  187  197  206  214  220  222
  220  213  205  196  190  187  187  188  191  195  201  208  215  221  223  220
  212  201  186  171  157  144  135  129  125  124  124  122  118  112  105   98
   92   87   84   83   81   80   79   78   76   75   73   72   71   70   70   72
   74   82   91  100  107  117  125  130  125                                   
    47.5-180.0 180.0   5.0 450.0                            LAT/LON1/LON2/DLON/H
  152  167  177  179  182  184  184  186  190  197  205  214  224  233  239  241
  236  226  214  202  194  190  190  192  197  203  210  218  227  233  234  231
  222  209  194  180  166  155  145  139  135  133  132  131  127  122  115  109
  103   99   96   93   91   90   89   88   87   86   84   82   80   78   78   80
   83   91  102  114  125  137  150  155  152                                   
    45.0-180.0 180.0   5.0 450.0                            LAT/LON1/LON2/DLON/H
  180  199  211  214  216  218  215  215  217  222  229  238  247  257  263  263
  256  243  226  212  202  197  198  201  207  214  221  229  235  239  239  232
  222  208  194  182  171  161  152  145  140  138  137  136  134  130  125  120
  115  111  106  102   99   97   96   95   95   94   93   91   88   86   86   87
   89   98  110  125  140  156  173  181  180                                   
    42.5-180.0 180.0   5.0 450.0                            LAT/LON1/LON2/DLON/H
  204  226  240  245  248  249  245  244  244  249  255  264  273  282  288  288
  278  262  243  226  215  211  212  216  221  227  233  238  241  241  236  227
  214  201  189  179  171  164  157  150  145  142  141  141  140  137  134  130
  125  120  114  108  103   99   98   98   99   99   98   97   94   92   91   91
   92  100  113  130  148  169  190  202  204                                   
    40.0-180.0 180.0   5.0 450.0                            LAT/LON1/LON2/DLON/H
  218  243  259  266  271  272  269  268  269  274  280  289  298  308  314  313
  303  285  264  246  235  230  231  235  240  243  245  246  244  240  231  219
  206  193  184  177  173  169  164  158  152  148  147  146  145  143  141  137
  132  125  117  109  102   98   96   97   99  100  100   99   97   95   93   91
   91   98  111  128  148  173  197  213  218                                   
    37.5-180.0 180.0   5.0 450.0                            LAT/LON1/LON2/DLON/H
  222  249  266  275  283  284  285  286  289  295  302  311  321  331  337  337
  327  310  290  273  261  256  256  258  260  260  259  255  249  241  230  218
  206  195  188  185  183  182  179  173  167  161  158  156  154  151  147  143
  137  128  118  108  100   95   93   95   98  100  101  100   97   95   92   89
   87   93  105  122  142  169  195  214  222                                   
    35.0-180.0 180.0   5.0 450.0                            LAT/LON1/LON2/DLON/H
  220  246  266  275  284  286  292  296  303  312  320  330  340  350  358  359
  352  337  319  303  290  284  281  280  279  277  273  267  260  251  241  231
  222  214  209  207  208  208  205  200  192  185  179  173  167  161  155  149
  141  131  119  108   99   94   93   96   99  101  102  100   98   94   91   87
   84   88   99  115  135  163  190  210  220                                   
    32.5-180.0 180.0   5.0 450.0                            LAT/LON1/LON2/DLON/H
  219  243  263  271  281  284  294  302  314  326  336  346  357  367  376  379
  375  363  348  333  320  311  304  300  298  295  291  286  280  274  269  264
  259  255  251  249  249  249  246  239  230  220  209  198  187  176  166  156
  146  135  124  113  105  101  100  102  105  107  107  104  101   97   93   89
   84   88   97  113  132  160  187  207  219                                   
    30.0-180.0 180.0   5.0 450.0                            LAT/LON1/LON2/DLON/H
  223  245  265  271  282  286  299  311  327  341  353  363  374  384  393  397
  395  387  375  360  346  333  323  317  314  313  313  312  311  312  315  319
  321  320  316  311  307  303  297  289  277  262  246  229  212  195  180  168
  156  145  135  127  120  116  115  116  117  117  116  112  108  104  101   97
   92   95  103  119  138  165  193  211  223                                   
    27.5-180.0 180.0   5.0 450.0                            LAT/LON1/LON2/DLON/H
  236  255  273  279  292  297  313  327  345  361  374  385  395  404  412  416
  415  409  398  384  367  351  338  331  330  333  339  346  354  366  380  394
  404  406  398  385  372  361  351  339  324  306  284  262  239  218  199  184
  172  163  155  150  145  141  138  136  133  131  127  123  118  115  112  110
  106  110  118  134  154  179  207  223  236                                   
    25.0-180.0 180.0   5.0 450.0                            LAT/LON1/LON2/DLON/H
  258  275  291  298  314  320  338  354  374  391  404  414  423  430  435  438
  437  431  420  404  385  366  352  346  348  357  371  388  407  431  457  483
  498  498  481  455  429  408  392  378  360  339  315  289  264  240  221  205
  194  187  183  180  176  172  165  158  152  145  139  133  128  125  125  125
  123  130  138  157  176  201  230  244  258                                   
    22.5-180.0 180.0   5.0 450.0                            LAT/LON1/LON2/DLON/H
  287  303  317  328  346  355  376  393  414  431  443  453  459  464  466  465
  462  455  443  425  404  383  369  364  371  387  409  436  466  500  536  567
  582  573  541  499  459  428  408  391  374  353  329  305  282  262  244  231
  222  216  214  213  210  203  193  181  169  159  150  142  137  135  136  138
  140  151  160  181  201  225  256  272  287                                   
    20.0-180.0 180.0   5.0 450.0                            LAT/LON1/LON2/DLON/H
  318  335  348  365  387  398  421  440  462  478  490  499  505  507  505  501
  495  486  472  452  429  408  394  392  402  423  452  485  522  562  600  628
  634  610  561  502  451  414  391  375  359  342  323  306  291  278  267  258
  251  248  246  245  240  230  216  199  183  170  159  150  145  143  146  150
  154  168  179  201  222  247  281  299  318                                   
    17.5-180.0 180.0   5.0 450.0                            LAT/LON1/LON2/DLON/H
  343  364  380  402  429  443  468  489  511  527  540  550  555  556  552  545
  537  526  511  491  468  447  434  434  445  468  498  532  570  606  638  653
  642  601  536  467  409  370  348  335  323  311  301  295  292  291  288  284
  280  276  273  269  261  247  228  208  190  176  165  157  152  151  154  159
  164  179  192  214  236  263  298  320  343                                   
    15.0-180.0 180.0   5.0 450.0                            LAT/LON1/LON2/DLON/H
  359  383  405  431  464  482  510  532  555  573  587  599  606  608  604  597
  588  578  563  543  521  502  491  490  500  519  545  574  603  628  644  641
  612  555  482  409  351  315  296  286  278  272  272  278  289  300  306  307
  303  297  290  281  267  250  228  207  189  176  166  160  157  157  160  164
  170  185  198  219  241  269  306  331  359                                   
    12.5-180.0 180.0   5.0 450.0                            LAT/LON1/LON2/DLON/H
  364  391  420  450  487  511  541  565  590  610  626  641  652  657  656  652
  646  638  626  609  590  573  562  558  563  574  590  607  622  631  628  607
  563  497  420  350  299  269  255  247  242  241  248  265  288  310  323  326
  320  309  296  281  262  241  219  198  182  171  164  159  158  159  163  166
  170  184  198  218  239  269  304  331  364                                   
    10.0-180.0 180.0   5.0 450.0                            LAT/LON1/LON2/DLON/H
  361  393  427  459  500  529  562  589  616  638  656  674  689  700  704  705
  704  702  695  682  667  652  640  632  628  628  631  634  634  627  608  572
  516  446  373  311  270  248  238  232  228  230  242  266  297  324  339  341
  330  313  294  272  249  226  204  187  174  165  159  157  157  159  162  164
  167  180  195  213  235  265  297  327  361                                   
     7.5-180.0 180.0   5.0 450.0                            LAT/LON1/LON2/DLON/H
  356  392  430  465  508  541  577  606  635  658  678  698  717  732  743  751
  757  761  760  753  741  727  714  701  688  677  668  658  646  627  596  551
