data/edconvlstm_nd/pred2490.15i
     1.0            IONOSPHERE MAPS     GNSS                IONEX VERSION / TYPE
pyspatialgeodesy        IME             05-JAN-18 20:20     PGM / RUN BY / DATE 
Map Name                                                    COMMENT             
Predicted global ionosphere maps (GIM).                     DESCRIPTION         
  2015     9     6     0     0     0                        EPOCH OF FIRST MAP  
  2015     9     7     0     0     0                        EPOCH OF LAST MAP   
  7200                                                      INTERVAL            
    13                                                      # OF MAPS IN FILE   
  NONE                                                      MAPPING FUNCTION    
10.0                                                        ELEVATION CUTOFF    
One-way carrier phase leveled to code                       OBSERVABLES USED    
  6371.0                                                    BASE RADIUS         
 2                                                          MAP DIMENSION       
   450.0 450.0   0.0                                        HGT1 / HGT2 / DHGT  
    87.5 -87.5  -2.5                                        LAT1 / LAT2 / DLAT  
  -180.0 180.0   5.0                                        LON1 / LON2 / DLON  
    -1                                                      EXPONENT            
                                                            END OF HEADER       
[from data line 2574]
     7                                                      START OF TEC MAP    
  2015     9     6    12     0     0                        EPOCH OF CURRENT MAP
    87.5-180.0 180.0   5.0 450.0                            LAT/LON1/LON2/DLON/H
   85   93   94   99  103  104  104  102  104  107  107  109  110  111  112  113
  114  115  115  116  116  116  116  116  116  116  116  115  114  114  113  112
  111  110  109  108  107  105  104  103  102  100   99   98   97   95   94   93
   91   90   89   88   87   86   85   84   83   83   82   82   82   82   83   83
   85   86   85   84   90   89  102  101   85                                   
    85.0-180.0 180.0   5.0 450.0                            LAT/LON1/LON2/DLON/H
   85   94  106   97   98  104  105  107  109  112  112  114  115  117  118  119
  120  121  121  122  122  123  123  123  123  123  123  122  122  121  120  119
  118  117  115  114  113  111  110  108  107  105  104  102  100   99   97   95
   94   92   90   89   88   86   85   84   83   83   83   83   83   83   83   84
   86   88   84   82   84   88   96   99   85                                   
    82.5-180.0 180.0   5.0 450.0                            LAT/LON1/LON2/DLON/H
   73   87   95   90   91   96   98  101  103  106  107  110  111  112  114  115
  116  117  118  119  120  120  121  121  121  122  122  122  121  121  120  119
  118  117  116  114  113  112  110  109  107  105  104  102  100   98   96   94
   92   90   88   86   84   82   80   78   77   76   75   75   74   74   74   75
   77   78   76   75   79   88   86   85   73                                   
    80.0-180.0 180.0   5.0 450.0                            LAT/LON1/LON2/DLON/H
   66   74   83   82   82   84   87   90   93   96   98  100  102  104  105  106
  107  109  110  111  112  113  113  114  115  115  116  116  116  116  116  115
  115  114  113  111  110  109  107  106  105  103  102  100   98   96   94   92
   90   87   85   82   80   78   75   73   71   69   68   67   66   66   66   66
   68   68   68   68   70   80   84   83   66                                   
    77.5-180.0 180.0   5.0 450.0                            LAT/LON1/LON2/DLON/H
   67   71   74   74   73   77   79   82   85   87   88   90   92   94   95   97
   98  100  101  103  104  106  107  108  109  111  112  113  114  115  115  116
  116  115  115  114  113  113  112  111  110  109  108  107  106  104  102  100
   97   95   92   90   87   84   81   78   75   72   69   67   65   64   63   63
   63   63   63   64   67   71   76   80   67                                   
    75.0-180.0 180.0   5.0 450.0                            LAT/LON1/LON2/DLON/H
   59   64   63   65   65   69   70   72   74   76   77   79   80   82   83   85
   86   88   90   92   94   96   98  100  102  104  106  108  110  112  114  115
  116  116  116  116  116  116  116  116  116  116  115  114  113  112  110  108
  106  104  101   99   96   92   89   85   81   77   74   70   68   65   63   63
   62   62   61   60   64   67   71   68   59                                   
    72.5-180.0 180.0   5.0 450.0                            LAT/LON1/LON2/DLON/H
   57   60   57   59   59   63   64   65   66   68   68   69   70   72   73   75
   76   79   81   84   86   89   92   94   97   99  102  105  108  112  114  116
  118  119  120  120  121  121  122  123  124  125  126  126  125  124  122  120
  118  116  113  110  107  103   99   95   90   86   81   77   73   69   67   65
   64   62   62   60   62   65   67   68   57                                   
    70.0-180.0 180.0   5.0 450.0                            LAT/LON1/LON2/DLON/H
   56   55   54   55   54   55   56   57   58   60   60   61   61   62   63   65
   67   70   73   76   79   82   86   89   92   95   98  102  106  110  114  117
  119  120  121  122  123  125  126  129  131  133  134  135  134  133  131  129
  126  124  121  118  114  110  106  102   97   92   86   82   77   73   70   67
   65   63   62   60   60   61   66   66   56                                   
    67.5-180.0 180.0   5.0 450.0                            LAT/LON1/LON2/DLON/H
   53   52   51   51   52   52   53   54   55   56   56   57   58   58   59   61
   63   66   69   73   77   81   84   87   90   93   97  101  106  110  114  117
  119  120  121  122  124  126  129  133  136  140  142  142  142  140  138  135
  132  129  126  122  119  115  111  106  102   97   92   87   82   78   74   71
   68   65   63   59   58   58   60   59   53                                   
    65.0-180.0 180.0   5.0 450.0                            LAT/LON1/LON2/DLON/H
   51   50   47   49   49   49   50   51   52   53   54   55   56   57   57   59
   61   64   68   72   76   80   83   86   89   93   96  101  105  110  113  116
  118  119  120  121  123  127  131  136  141  146  148  149  149  146  143  140
  136  132  129  125  121  118  114  110  106  101   97   92   88   83   79   76
   72   68   66   61   59   58   59   59   51                                   
    62.5-180.0 180.0   5.0 450.0                            LAT/LON1/LON2/DLON/H
   49   47   45   47   47   47   47   48   50   51   52   54   55   56   57   58
   60   63   67   71   75   79   82   85   88   91   95   99  104  108  111  114
  115  116  116  118  120  125  131  137  144  149  153  154  152  150  146  141
  137  133  129  125  122  118  115  111  108  105  101   98   94   89   85   81
   77   72   68   62   59   56   57   56   49                                   
    60.0-180.0 180.0   5.0 450.0                            LAT/LON1/LON2/DLON/H
   49   46   43   45   44   44   44   44   45   46   48   50   52   53   55   56
   58   61   65   69   73   76   79   82   85   88   92   96  100  104  107  109
  110  110  111  113  116  122  129  137  145  151  155  156  154  150  146  142
  137  133  129  126  122  119  116  113  111  109  106  104  100   96   91   86
   81   75   70   64   59   56   56   55   49                                   
    57.5-180.0 180.0   5.0 450.0                            LAT/LON1/LON2/DLON/H
   51   47   44   45   44   43   41   41   41   42   43   46   48   51   52   54
   56   59   62   66   70   73   76   79   82   86   90   94   98  101  104  105
  106  107  108  110  115  121  130  140  148  155  159  159  157  154  149  145
  141  138  134  131  127  124  122  120  118  117  115  113  110  106  101   96
   89   82   76   68   63   59   59   57   51                                   
    55.0-180.0 180.0   5.0 450.0                            LAT/LON1/LON2/DLON/H
   56   51   47   48   45   44   41   38   37   37   38   41   44   46   49   51
   53   56   59   63   67   70   73   76   79   83   87   92   95   99  101  103
  104  105  107  110  116  124  133  144  153  160  163  163  161  158  155  152
  149  146  143  140  137  133  131  129  128  128  127  125  122  118  112  106
   99   90   84   75   69   65   64   62   56                                   
    52.5-180.0 180.0   5.0 450.0                            LAT/LON1/LON2/DLON/H
   65   58   54   54   50   48   44   39   36   34   34   37   39   42   44   47
   50   53   57   60   64   67   70   74   78   82   87   91   95   98  100  102
  105  107  110  115  121  130  140  151  160  166  169  169  167  164  162  161
  160  159  156  153  149  146  143  141  140  140  139  138  135  131  124  117
  109  100   92   84   78   73   72   70   65                                   
    50.0-180.0 180.0   5.0 450.0                            LAT/LON1/LON2/DLON/H
   75   67   64   64   59   56   50   44   38   35   33   34   36   39   41   44
   47   51   55   60   64   67   70   74   79   84   89   93   97  100  102  105
  108  112  117  123  131  140  150  160  169  174  177  176  175  173  173  173
  174  173  171  168  163  159  155  153  152  151  150  149  146  141  135  127
  118  109  101   92   87   82   82   79   75                                   
    47.5-180.0 180.0   5.0 450.0                            LAT/LON1/LON2/DLON/H
   84   77   74   75   70   66   60   53   45   40   37   36   36   38   40   42
   46   51   56   61   66   69   73   77   82   88   93   97  101  103  107  111
  116  122  129  136  145  154  163  172  179  184  186  185  184  183  184  186
  188  188  185  181  175  169  165  162  161  160  158  156  153  148  141  133
  124  115  107   99   94   91   91   89   84                                   
    45.0-180.0 180.0   5.0 450.0                            LAT/LON1/LON2/DLON/H
   90   85   83   85   81   78   72   65   57   50   45   43   41   40   41   44
   48   53   60   66   71   75   79   83   88   94   99  103  106  109  113  118
  126  134  143  152  161  169  178  185  192  195  197  196  195  195  197  199
  201  200  196  190  182  175  170  167  165  164  162  159  156  150  143  136
  126  117  109  102   98   97   97   95   90                                   
    42.5-180.0 180.0   5.0 450.0                            LAT/LON1/LON2/DLON/H
   92   89   87   91   90   88   84   78   71   64   58   53   50   47   47   48
   53   59   66   73   79   83   87   91   96  102  107  110  113  116  121  128
  137  148  159  169  178  186  193  199  205  208  209  209  208  208  209  211
  211  208  202  194  184  176  170  167  166  165  163  160  156  150  142  135
  125  116  108  101   98   98   99   97   92                                   
    40.0-180.0 180.0   5.0 450.0                            LAT/LON1/LON2/DLON/H
   89   88   86   93   94   94   93   90   84   78   72   66   61   57   55   56
   60   67   75   82   88   92   96   99  104  109  113  117  119  123  129  138
  150  163  175  186  195  203  209  215  219  223  224  224  223  222  222  222
  220  214  206  194  183  174  168  166  166  166  164  161  155  149  141  133
  123  113  105   98   95   95   97   95   89                                   
    37.5-180.0 180.0   5.0 450.0                            LAT/LON1/LON2/DLON/H
   84   84   82   89   93   95   96   96   94   90   84   79   73   68   65   65
   69   75   84   92   98  102  104  107  111  116  120  123  126  130  138  149
  163  178  192  204  213  220  226  231  236  240  242  242  240  239  236  234
  229  220  209  196  183  174  169  168  169  170  169  165  159  151  142  133
  122  111  102   95   91   91   93   91   84                                   
    35.0-180.0 180.0   5.0 450.0                            LAT/LON1/LON2/DLON/H
   79   81   77   84   88   90   93   96   97   96   93   89   83   79   75   74
   77   83   91   99  106  110  112  114  117  121  125  129  132  138  147  161
  177  194  209  222  231  238  244  249  254  259  261  262  260  257  253  248
  240  230  217  203  190  181  177  177  180  182  181  177  170  160  149  139
  127  114  103   95   89   89   90   87   79                                   
    32.5-180.0 180.0   5.0 450.0                            LAT/LON1/LON2/DLON/H
   79   80   74   78   81   84   87   91   94   95   95   93   90   86   83   82
   83   89   96  105  112  116  118  120  123  127  131  135  140  147  158  174
  192  210  227  240  250  258  263  269  274  280  283  284  282  278  273  266
  257  246  233  219  207  199  195  197  200  203  202  197  188  177  164  152
  138  124  111  100   93   90   91   87   79                                   
    30.0-180.0 180.0   5.0 450.0                            LAT/LON1/LON2/DLON/H
   86   85   78   78   78   78   80   83   87   89   91   92   91   89   87   86
   87   91   99  107  115  120  123  125  129  133  138  143  149  158  171  188
  208  228  245  260  271  279  285  291  296  302  306  307  306  302  296  290
  281  271  260  248  237  229  226  227  231  233  232  225  214  201  186  171
  156  140  126  113  103   99   99   92   86                                   
    27.5-180.0 180.0   5.0 450.0                            LAT/LON1/LON2/DLON/H
  100   96   88   84   80   78   77   77   79   81   84   87   88   89   88   87
   87   91   98  107  117  123  128  131  135  141  146  153  160  171  186  205
  225  246  265  281  293  302  308  313  319  324  328  330  330  327  323  318
  312  305  297  287  278  271  267  268  270  270  267  258  245  229  212  195
  178  162  147  132  121  114  113  105  100                                   
    25.0-180.0 180.0   5.0 450.0                            LAT/LON1/LON2/DLON/H
  120  113  106   97   90   84   80   76   75   75   77   80   83   85   86   85
   85   88   95  105  116  126  132  137  143  150  157  164  173  186  202  222
  244  266  286  303  316  325  331  335  340  345  349  352  353  353  352  350
  348  344  340  333  326  319  315  313  311  308  302  290  275  257  238  219
  201  185  170  155  144  135  133  124  120                                   
    22.5-180.0 180.0   5.0 450.0                            LAT/LON1/LON2/DLON/H
  142  133  128  116  105   97   90   82   77   73   73   75   78   81   81   81
   80   83   91  102  116  127  137  144  152  160  168  177  187  201  219  240
  263  285  306  323  337  346  351  355  359  363  367  371  375  378  380  382
  384  385  384  381  375  368  361  356  350  342  331  317  299  279  259  239
  220  205  192  178  168  158  155  147  142                                   
    20.0-180.0 180.0   5.0 450.0                            LAT/LON1/LON2/DLON/H
  161  153  150  137  124  115  106   94   84   77   74   73   75   77   77   76
   75   78   86   99  114  129  141  151  160  170  179  189  202  217  236  258
  280  303  324  342  356  364  369  372  375  379  384  389  395  401  407  413
  418  422  424  422  417  409  400  390  380  367  351  333  314  293  272  251
  233  219  208  197  188  180  175  169  161                                   
    17.5-180.0 180.0   5.0 450.0                            LAT/LON1/LON2/DLON/H
  175  171  169  158  144  135  125  110   97   86   78   75   74   74   74   72
   71   75   83   97  114  130  144  157  168  179  190  202  215  232  252  274
  296  318  339  357  371  379  383  386  389  393  399  406  413  422  430  438
  446  451  454  453  447  437  426  413  398  381  361  340  320  298  276  255
  237  224  216  208  202  196  191  188  175                                   
    15.0-180.0 180.0   5.0 450.0                            LAT/LON1/LON2/DLON/H
  181  182  182  173  161  152  143  127  112   97   86   79   76   74   71   69
   69   73   82   97  114  131  147  162  175  187  199  212  228  246  266  288
  310  331  352  369  382  390  394  397  401  406  412  420  429  439  448  457
  465  470  471  468  460  449  437  423  406  386  363  340  318  297  275  254
  234  223  217  213  209  204  202  199  181                                   
    12.5-180.0 180.0   5.0 450.0                            LAT/LON1/LON2/DLON/H
  181  187  187  179  171  164  157  142  125  109   95   86   79   74   71   68
   68   73   83   98  116  133  150  166  181  194  208  222  239  258  278  300
  322  343  362  379  391  398  403  407  412  417  424  433  442  451  460  468
  474  476  475  469  459  448  436  423  407  386  361  337  314  293  271  249
  229  218  214  212  210  207  206  203  181                                   
    10.0-180.0 180.0   5.0 450.0                            LAT/LON1/LON2/DLON/H
  177  186  185  178  172  168  164  150  134  118  103   92   83   76   71   68
   69   75   86  101  119  137  154  171  186  201  215  231  249  269  290  311
  332  352  371  386  397  404  409  414  420  427  433  441  449  458  465  470
  473  472  466  458  447  438  429  419  404  384  358  333  310  289  268  246
  225  213  209  209  207  206  206  202  177                                   
     7.5-180.0 180.0   5.0 450.0                            LAT/LON1/LON2/DLON/H
  174  183  180  172  167  164  162  151  137  122  108   96   86   78   71   68
   70   78   90  106  124  142  160  177  193  208  224  240  259  280  301  322
