data/edconvlstm_nd/pred0920.15i
     1.0            IONOSPHERE MAPS     GNSS                IONEX VERSION / TYPE
pyspatialgeodesy        IME             05-JAN-18 20:20     PGM / RUN BY / DATE 
Map Name                                                    COMMENT             
Predicted global ionosphere maps (GIM).                     DESCRIPTION         
  2015     4     2     0     0     0                        EPOCH OF FIRST MAP  
  2015     4     3     0     0     0                        EPOCH OF LAST MAP   
  7200                                                      INTERVAL            
    13                                                      # OF MAPS IN FILE   
  NONE                                                      MAPPING FUNCTION    
10.0                                                        ELEVATION CUTOFF    
One-way carrier phase leveled to code                       OBSERVABLES USED    
  6371.0                                                    BASE RADIUS         
 2                                                          MAP DIMENSION       
   450.0 450.0   0.0                                        HGT1 / HGT2 / DHGT  
    87.5 -87.5  -2.5                                        LAT1 / LAT2 / DLAT  
  -180.0 180.0   5.0                                        LON1 / LON2 / DLON  
    -1                                                      EXPONENT            
                                                            END OF HEADER       
[from data line 1716]
     5                                                      START OF TEC MAP    
  2015     4     2     8     0     0                        EPOCH OF CURRENT MAP
    87.5-180.0 180.0   5.0 450.0                            LAT/LON1/LON2/DLON/H
  165  161  157  161  163  163  162  161  164  166  167  169  171  172  174  175
  175  176  176  177  177  176  176  175  175  174  174  174  174  174  174  175
  176  177  179  180  182  183  185  186  188  189  190  191  191  191  192  192
  191  190  189  188  187  185  183  181  179  177  175  173  171  168  166  165
  163  164  161  160  163  160  163  160  165                                   
    85.0-180.0 180.0   5.0 450.0                            LAT/LON1/LON2/DLON/H
  160  160  161  160  161  162  164  165  168  170  172  174  176  178  179  180
  182  182  183  183  183  183  182  182  181  181  180  180  181  182  183  184
  186  189  191  194  196  199  202  204  206  208  210  211  212  213  213  213
  212  211  210  208  206  204  202  199  196  193  190  187  184  180  177  175
  173  173  166  165  159  158  160  160  160                                   
    82.5-180.0 180.0   5.0 450.0                            LAT/LON1/LON2/DLON/H
  156  159  157  150  149  150  151  153  156  158  159  162  164  165  167  168
  169  170  170  170  169  168  167  167  166  165  165  166  167  169  172  175
  179  184  189  194  199  204  208  212  216  219  222  224  226  227  228  228
  227  227  225  224  221  219  216  212  209  205  201  196  192  188  183  180
  176  173  166  165  160  157  153  144  156                                   
    80.0-180.0 180.0   5.0 450.0                            LAT/LON1/LON2/DLON/H
  157  154  150  145  144  142  143  145  148  150  151  154  155  157  158  159
  160  160  160  160  158  157  155  154  152  152  152  153  155  158  163  169
  175  183  190  198  206  213  220  226  231  236  240  243  246  248  249  250
  250  250  249  248  246  244  241  238  234  229  225  220  215  209  204  199
  194  188  179  175  167  159  160  142  157                                   
    77.5-180.0 180.0   5.0 450.0                            LAT/LON1/LON2/DLON/H
  160  152  149  143  139  136  136  137  139  140  141  143  143  144  145  145
  145  145  145  144  143  141  139  137  135  134  134  136  140  145  152  161
  170  181  193  204  215  225  234  241  248  254  259  263  266  269  271  273
  274  275  275  275  274  272  270  267  264  260  255  251  245  240  234  228
  221  214  202  195  187  170  164  154  160                                   
    75.0-180.0 180.0   5.0 450.0                            LAT/LON1/LON2/DLON/H
  161  155  146  140  134  131  130  128  130  130  130  130  130  129  128  128
  127  127  127  126  125  124  122  119  118  117  117  119  124  131  140  151
  164  178  192  206  219  231  242  251  259  265  271  275  279  283  286  289
  292  294  296  297  297  297  295  294  291  288  284  280  276  271  265  259
  252  243  231  217  205  188  179  167  161                                   
    72.5-180.0 180.0   5.0 450.0                            LAT/LON1/LON2/DLON/H
  164  159  148  140  133  128  126  124  124  123  122  120  118  115  113  111
  110  110  111  112  112  112  110  109  107  107  107  110  115  123  134  147
  162  178  194  209  224  237  248  258  265  271  277  281  285  289  293  298
  301  305  308  310  312  312  312  311  309  307  304  301  298  294  290  285
  278  270  258  243  227  208  197  187  164                                   
    70.0-180.0 180.0   5.0 450.0                            LAT/LON1/LON2/DLON/H
  171  161  150  138  129  122  119  116  116  114  111  108  104   99   95   92
   90   91   93   95   97   98   99   98   98   97   99  102  108  117  128  142
  158  175  192  208  222  235  246  255  262  267  272  276  281  285  290  295
  301  305  310  313  314  315  315  314  313  311  309  308  306  303  300  296
  291  283  273  259  243  224  214  205  171                                   
    67.5-180.0 180.0   5.0 450.0                            LAT/LON1/LON2/DLON/H
  171  160  149  136  125  117  113  110  110  107  104  100   94   87   81   77
   75   76   79   83   87   90   92   93   93   94   95   99  105  114  126  141
  156  173  189  204  218  230  240  248  255  260  264  268  272  276  281  286
  292  297  301  304  305  306  305  304  302  301  300  299  298  296  294  291
  287  282  274  261  248  230  220  214  171                                   
    65.0-180.0 180.0   5.0 450.0                            LAT/LON1/LON2/DLON/H
  172  160  146  133  120  112  107  104  104  102   98   94   87   79   71   66
   63   64   68   73   79   84   87   89   90   92   94   98  104  114  126  140
  156  172  187  202  215  226  236  243  250  255  258  262  265  268  272  277
  281  285  288  290  291  290  289  287  286  285  284  283  282  281  279  276
  273  269  264  254  245  231  222  216  172                                   
    62.5-180.0 180.0   5.0 450.0                            LAT/LON1/LON2/DLON/H
  171  158  144  129  116  105  100   97   97   95   93   89   82   74   66   60
   57   58   62   68   74   79   83   86   87   89   92   96  103  113  125  139
  154  170  185  199  212  223  233  242  249  255  259  262  264  266  267  270
  272  274  276  276  276  275  274  272  270  269  268  267  266  263  260  257
  253  250  246  239  233  222  217  211  171                                   
    60.0-180.0 180.0   5.0 450.0                            LAT/LON1/LON2/DLON/H
  172  158  144  126  112  100   93   88   87   86   85   83   78   71   64   58
   55   55   58   63   69   73   77   79   81   84   87   92   99  109  122  136
  151  167  183  198  211  224  236  246  255  263  268  271  272  271  270  270
  269  269  270  270  269  269  267  266  264  263  262  261  258  253  248  242
  236  232  228  223  221  213  210  203  172                                   
    57.5-180.0 180.0   5.0 450.0                            LAT/LON1/LON2/DLON/H
  179  164  150  129  113   99   89   82   79   77   77   76   73   68   63   58
   56   56   58   61   65   68   70   72   75   78   82   87   95  105  118  132
  149  166  184  200  216  230  244  257  269  278  285  289  289  287  284  281
  278  276  276  276  276  276  275  274  273  272  271  268  264  258  249  240
  231  225  220  216  215  209  207  200  179                                   
    55.0-180.0 180.0   5.0 450.0                            LAT/LON1/LON2/DLON/H
  192  177  164  141  123  105   92   80   74   70   70   70   69   67   63   60
   59   59   60   62   63   64   65   67   69   72   77   82   90  100  113  129
  148  167  187  206  223  240  256  271  286  298  308  313  314  312  307  302
  297  295  294  294  295  295  295  294  294  293  291  289  284  276  265  253
  241  231  225  220  220  215  213  203  192                                   
    52.5-180.0 180.0   5.0 450.0                            LAT/LON1/LON2/DLON/H
  210  197  185  161  143  122  104   87   76   68   66   66   66   66   65   64
   63   64   64   65   64   64   64   65   67   70   75   81   88   98  111  128
  148  170  192  214  234  252  270  287  304  319  331  339  342  340  335  329
  324  321  321  321  323  324  324  323  321  320  319  316  311  302  290  276
  262  251  243  236  235  230  227  215  210                                   
    50.0-180.0 180.0   5.0 450.0                            LAT/LON1/LON2/DLON/H
  230  219  209  187  170  148  126  103   86   74   68   67   67   68   68   69
   70   70   71   70   69   68   67   68   71   75   79   84   90   99  111  128
  150  174  199  222  244  264  282  301  319  336  352  363  368  368  365  360
  356  353  353  354  355  356  355  352  349  347  344  342  337  329  317  304
  289  278  268  261  257  251  247  233  230                                   
    47.5-180.0 180.0   5.0 450.0                            LAT/LON1/LON2/DLON/H
  246  237  229  211  198  176  153  127  104   88   78   74   73   73   74   76
   77   79   80   79   78   76   76   77   81   85   89   92   97  104  115  132
  153  178  204  229  252  272  291  309  328  348  366  380  389  393  392  389
  386  385  384  385  385  384  380  374  368  363  359  357  353  346  337  326
  314  305  295  286  280  273  266  251  246                                   
    45.0-180.0 180.0   5.0 450.0                            LAT/LON1/LON2/DLON/H
  253  245  239  228  219  202  180  154  128  107   94   86   83   83   84   85
   87   89   90   91   90   89   89   91   95   99  103  105  107  112  121  136
  157  182  208  233  256  276  294  312  332  352  373  391  404  411  414  414
  413  412  411  410  408  403  395  385  374  365  360  357  355  351  345  337
  329  323  315  307  299  289  279  264  253                                   
    42.5-180.0 180.0   5.0 450.0                            LAT/LON1/LON2/DLON/H
  249  239  236  230  228  216  199  177  152  130  114  104   99   96   96   97
   98  100  102  104  104  104  105  108  112  116  118  118  119  122  129  142
  161  184  209  234  256  276  294  312  331  353  375  396  413  424  431  435
  436  436  435  431  426  416  403  387  372  359  351  348  346  345  342  337
  333  331  325  319  309  296  283  267  249                                   
    40.0-180.0 180.0   5.0 450.0                            LAT/LON1/LON2/DLON/H
  237  221  219  216  220  214  206  190  170  150  134  123  117  113  111  111
  112  114  116  119  120  120  121  123  127  130  131  131  130  132  138  149
  166  186  209  233  255  275  293  311  331  353  377  400  420  435  446  454
  458  459  458  453  445  432  414  394  374  358  346  341  338  336  334  332
  331  331  327  323  311  294  277  259  237                                   
    37.5-180.0 180.0   5.0 450.0                            LAT/LON1/LON2/DLON/H
  224  200  195  191  197  197  196  191  178  164  150  141  134  130  128  126
  126  128  131  133  135  135  135  137  139  141  141  140  139  141  147  157
  171  188  209  232  254  276  295  314  335  358  383  408  430  448  464  475
  483  488  488  484  475  461  441  419  397  377  363  353  347  341  336  332
  331  332  328  324  310  289  269  248  224                                   
    35.0-180.0 180.0   5.0 450.0                            LAT/LON1/LON2/DLON/H
  220  186  176  165  168  170  176  179  175  168  160  154  149  146  144  142
  141  143  145  147  148  147  147  147  148  148  148  146  147  150  156  165
  176  191  210  232  256  280  302  323  346  370  396  422  446  468  487  503
  516  525  530  530  524  512  494  472  449  428  411  396  384  372  360  351
  345  344  339  333  318  293  269  243  220                                   
    32.5-180.0 180.0   5.0 450.0                            LAT/LON1/LON2/DLON/H
  234  191  172  150  146  145  153  161  165  164  162  160  159  158  157  156
  155  156  158  159  159  158  156  154  154  153  151  151  152  157  165  173
  183  196  213  236  263  290  315  339  363  389  417  444  470  494  517  538
  558  574  586  593  593  587  574  556  536  515  495  476  456  435  414  395
  383  377  369  360  343  315  287  256  234                                   
    30.0-180.0 180.0   5.0 450.0                            LAT/LON1/LON2/DLON/H
  271  223  193  158  142  134  139  148  154  159  161  163  165  167  168  167
  166  166  167  168  167  165  163  161  159  157  155  154  157  164  173  182
  191  203  221  245  274  305  333  360  387  414  442  470  498  525  553  581
  608  633  654  670  680  684  680  669  654  634  613  590  563  532  500  470
  449  436  424  410  392  361  329  295  271                                   
    27.5-180.0 180.0   5.0 450.0                            LAT/LON1/LON2/DLON/H
  334  285  244  194  164  147  143  148  153  158  161  165  169  173  175  175
  173  172  172  172  171  170  169  167  166  163  160  160  163  171  181  191
  201  213  232  258  290  324  355  384  412  440  469  498  527  557  590  625
  661  696  728  755  776  790  797  796  788  773  752  726  693  653  611  571
  541  521  504  484  464  430  395  359  334                                   
    25.0-180.0 180.0   5.0 450.0                            LAT/LON1/LON2/DLON/H
  418  373  321  259  216  189  173  170  169  169  170  173  176  179  180  179
  176  173  171  171  172  173  174  175  175  172  168  166  169  177  189  200
  211  225  246  275  310  345  378  408  437  465  494  524  554  588  625  667
  711  755  796  832  863  887  903  912  911  902  885  859  823  778  729  682
  645  621  599  573  550  514  477  442  418                                   
    22.5-180.0 180.0   5.0 450.0                            LAT/LON1/LON2/DLON/H
  511  471  415  346  294  261  232  218  206  199  193  191  189  188  187  183
  177  172  168  167  169  174  180  184  186  183  177  174  175  183  194  206
  220  237  262  294  330  366  399  429  458  486  516  546  577  613  654  701
  750  800  847  890  926  955  976  990  997  994  982  959  926  881  832  783
  744  717  694  661  636  599  562  534  511                                   
    20.0-180.0 180.0   5.0 450.0                            LAT/LON1/LON2/DLON/H
  594  560  509  444  391  354  316  291  268  250  235  223  213  205  198  189
  179  170  164  163  167  175  185  194  197  194  186  181  180  186  197  210
  227  249  277  311  347  382  414  443  473  502  532  563  596  633  676  724
  776  827  876  920  957  985 1007 1022 1031 1033 1027 1011  984  946  902  857
  819  794  771  734  704  667  633  615  594                                   
    17.5-180.0 180.0   5.0 450.0                            LAT/LON1/LON2/DLON/H
  654  623  583  533  486  453  412  379  348  320  295  273  252  234  217  201
  186  173  164  161  165  176  189  201  206  203  195  188  185  188  197  211
  231  256  287  322  357  391  421  451  481  513  545  577  611  648  691  738
  787  836  881  921  953  978  996 1009 1019 1024 1024 1015  996  968  934  896
  863  841  819  777  744  705  676  671  654                                   
    15.0-180.0 180.0   5.0 450.0                            LAT/LON1/LON2/DLON/H
  683  652  626  595  562  536  500  466  431  398  366  335  304  274  247  223
  200  182  169  164  167  178  193  207  213  211  204  194  187  186  193  209
  231  260  293  328  362  393  423  453  485  519  553  587  622  658  699  742
  786  828  865  897  922  940  954  965  975  983  987  985  975  957  933  904
  876  856  834  789  752  709  684  692  683                                   
    12.5-180.0 180.0   5.0 450.0                            LAT/LON1/LON2/DLON/H
  683  648  635  622  605  592  565  533  500  467  434  400  362  324  287  254
  224  199  181  172  173  183  197  212  220  220  210  197  186  183  189  206
  230  261  295  329  362  392  422  453  487  523  559  594  629  664  702  741
  777  810  836  857  874  888  899  909  919  928  936  940  938  930  914  893
  870  851  826  778  737  690  664  682  683                                   
    10.0-180.0 180.0   5.0 450.0                            LAT/LON1/LON2/DLON/H
  664  623  617  620  618  618  601  575  544  514  483  450  412  372  331  292
  256  224  200  186  183  190  203  217  225  223  211  196  185  182  189  206
  231  262  296  329  361  391  421  453  488  525  562  598  633  668  703  737
  768  791  809  821  832  843  854  865  875  885  893  900  903  901  892  876
  856  837  809  759  713  661  632  655  664                                   
     7.5-180.0 180.0   5.0 450.0                            LAT/LON1/LON2/DLON/H
  641  592  589  601  613  623  614  591  563  534  506  477  443  405  366  327
  289  254  226  207  199  202  210  220  224  219  208  195  187  186  193  210
