data/edconvlstm_nd/pred2640.15i
     1.0            IONOSPHERE MAPS     GNSS                IONEX VERSION / TYPE
pyspatialgeodesy        IME             05-JAN-18 20:20     PGM / RUN BY / DATE 
Map Name                                                    COMMENT             
Predicted global ionosphere maps (GIM).                     DESCRIPTION         
  2015     9    21     0     0     0                        EPOCH OF FIRST MAP  
  2015     9    22     0     0     0                        EPOCH OF LAST MAP   
  7200                                                      INTERVAL            
    13                                                      # OF MAPS IN FILE   
  NONE                                                      MAPPING FUNCTION    
10.0                                                        ELEVATION CUTOFF    
One-way carrier phase leveled to code                       OBSERVABLES USED    
  6371.0                                                    BASE RADIUS         
 2                                                          MAP DIMENSION       
   450.0 450.0   0.0                                        HGT1 / HGT2 / DHGT  
    87.5 -87.5  -2.5                                        LAT1 / LAT2 / DLAT  
  -180.0 180.0   5.0                                        LON1 / LON2 / DLON  
    -1                                                      EXPONENT            
                                                            END OF HEADER       
[from data line 4290]
    11                                                      START OF TEC MAP    
  2015     9    21    20     0     0                        EPOCH OF CURRENT MAP
    87.5-180.0 180.0   5.0 450.0                            LAT/LON1/LON2/DLON/H
  102   98   89   94   99   96   95   93   93   96   95   97   97   98   98   99
   99  100  100   99   99   99   98   97   96   96   95   94   93   92   91   90
   90   89   88   88   87   87   87   86   86   86   85   85   85   84   84   84
   83   83   83   82   82   82   81   81   81   81   81   81   81   81   81   81
   82   82   81   80   89   88  105  109  102                                   
    85.0-180.0 180.0   5.0 450.0                            LAT/LON1/LON2/DLON/H
  105  100  107   93   93   98   97   99   99  102  101  103  104  104  105  106
  106  106  106  106  106  105  104  103  102  101  100   98   97   96   95   94
   93   92   91   90   90   89   89   89   88   88   88   87   87   86   86   85
   85   84   84   83   83   82   82   82   81   81   81   82   82   82   83   83
   85   85   82   80   85   87   93   92  105                                   
    82.5-180.0 180.0   5.0 450.0                            LAT/LON1/LON2/DLON/H
   84   87   90   85   87   92   95   95   96   99  100  102  103  105  106  107
  108  108  108  108  107  107  105  104  102  101   99   97   95   93   91   90
   89   88   87   86   86   86   85   85   85   85   84   83   83   82   81   80
   79   78   77   77   76   75   74   73   73   73   73   73   73   74   75   75
   77   77   76   78   83   94   89   88   84                                   
    80.0-180.0 180.0   5.0 450.0                            LAT/LON1/LON2/DLON/H
   70   74   82   78   80   80   87   90   93   96   99  102  104  106  107  108
  109  109  109  109  108  106  104  102  100   97   94   91   89   86   84   82
   80   79   79   78   78   78   79   79   79   79   79   78   77   77   76   74
   73   72   70   69   68   66   65   64   64   63   63   63   64   65   66   67
   69   71   71   74   74   81   79   86   70                                   
    77.5-180.0 180.0   5.0 450.0                            LAT/LON1/LON2/DLON/H
   75   75   79   75   80   81   87   91   94   98  101  105  108  110  112  114
  114  115  114  114  112  111  109  106  103   99   96   92   88   85   82   80
   78   77   77   77   78   78   79   79   79   79   79   78   77   76   74   73
   71   70   68   66   64   62   60   59   58   57   56   57   57   58   60   62
   64   66   69   72   75   77   79   89   75                                   
    75.0-180.0 180.0   5.0 450.0                            LAT/LON1/LON2/DLON/H
   72   73   74   72   76   80   85   89   95  100  104  109  112  115  116  117
  117  117  116  115  114  112  109  106  103   99   94   90   86   82   79   77
   75   75   75   75   76   78   79   79   79   79   79   78   77   76   74   73
   71   69   68   66   63   61   59   57   55   54   54   54   54   55   58   60
   63   67   70   70   73   74   74   74   72                                   
    72.5-180.0 180.0   5.0 450.0                            LAT/LON1/LON2/DLON/H
   74   73   73   76   77   80   87   90   95  101  105  111  114  117  118  118
  118  117  115  114  112  110  107  103   99   94   89   84   79   75   71   69
   68   67   68   69   70   72   73   73   73   73   72   71   70   69   67   66
   65   64   62   60   58   56   54   51   49   48   47   47   47   49   51   54
   57   61   64   65   66   70   72   77   74                                   
    70.0-180.0 180.0   5.0 450.0                            LAT/LON1/LON2/DLON/H
   75   74   74   75   76   79   85   90   97  104  109  114  117  119  119  118
  116  115  113  111  109  107  104  101   96   91   85   80   74   70   66   64
   63   63   64   65   66   67   67   67   67   66   65   64   63   62   61   61
   60   59   58   57   55   53   51   48   46   44   43   43   44   45   48   51
   54   57   62   64   67   70   75   78   75                                   
    67.5-180.0 180.0   5.0 450.0                            LAT/LON1/LON2/DLON/H
   77   77   77   79   81   84   91   97  103  109  115  120  123  124  123  121
  118  116  114  112  110  107  104  100   96   90   84   77   71   67   63   61
   60   60   60   61   61   61   61   60   59   57   56   55   54   54   54   54
   54   54   54   53   52   50   48   46   44   42   41   41   42   43   46   49
   51   55   58   60   63   68   70   75   77                                   
    65.0-180.0 180.0   5.0 450.0                            LAT/LON1/LON2/DLON/H
   76   78   78   81   82   86   93   99  106  113  118  123  125  125  124  121
  118  116  113  111  110  107  104  100   95   89   83   76   71   66   63   61
   60   59   59   58   57   56   54   51   49   47   46   45   44   44   45   45
   46   47   47   47   47   45   43   41   40   38   38   38   39   40   42   45
   47   51   55   58   61   68   71   76   76                                   
    62.5-180.0 180.0   5.0 450.0                            LAT/LON1/LON2/DLON/H
   75   79   81   84   86   91   97  102  109  115  120  125  127  127  125  123
  121  118  117  115  113  111  107  103   97   91   84   78   73   69   66   64
   63   62   60   58   55   52   48   44   41   39   38   37   37   38   38   39
   40   41   42   42   42   41   40   38   37   36   35   36   37   38   40   42
   44   47   50   53   57   64   68   73   75                                   
    60.0-180.0 180.0   5.0 450.0                            LAT/LON1/LON2/DLON/H
   75   81   84   87   89   93   99  104  109  115  120  123  125  126  125  124
  122  121  120  119  117  115  111  106  100   94   88   83   80   77   75   73
   72   70   66   62   57   52   46   42   38   36   35   34   34   35   35   35
   36   37   37   38   38   37   36   35   34   33   33   34   35   37   38   40
   40   43   46   49   53   61   67   72   75                                   
    57.5-180.0 180.0   5.0 450.0                            LAT/LON1/LON2/DLON/H
   75   84   88   92   94   97  102  105  110  114  117  120  122  123  124  125
  125  125  125  124  123  120  115  110  105   99   95   92   91   90   89   88
   86   83   78   73   66   59   52   46   42   39   38   38   38   38   37   37
   36   36   36   36   36   36   35   34   34   33   34   35   36   37   38   39
   40   41   44   46   51   60   65   71   75                                   
    55.0-180.0 180.0   5.0 450.0                            LAT/LON1/LON2/DLON/H
   78   89   94   98  101  103  106  108  110  112  114  116  118  120  122  125
  127  128  129  128  126  123  118  113  109  105  104  103  105  106  107  106
  104  100   94   87   79   71   63   57   52   50   49   48   48   46   44   42
   40   39   38   38   38   38   37   36   36   36   36   37   38   39   40   40
   40   42   44   46   51   59   66   72   78                                   
    52.5-180.0 180.0   5.0 450.0                            LAT/LON1/LON2/DLON/H
   82   94  101  106  108  110  112  113  113  113  113  114  115  118  121  125
  128  130  131  130  127  123  119  115  113  112  113  116  120  124  126  126
  124  119  113  106   97   89   81   74   69   66   65   64   62   59   55   51
   47   45   43   43   43   43   43   42   42   41   41   42   42   43   44   44
   44   45   47   49   54   62   68   73   82                                   
    50.0-180.0 180.0   5.0 450.0                            LAT/LON1/LON2/DLON/H
   87  100  109  114  118  120  121  121  119  118  116  116  116  118  122  126
  129  131  131  130  127  123  120  117  117  118  123  129  136  141  145  145
  142  137  131  124  117  109  101   95   90   87   85   83   80   75   69   62
   57   53   52   52   52   52   52   52   51   50   50   50   50   50   50   50
   50   51   53   55   60   67   73   77   87                                   
    47.5-180.0 180.0   5.0 450.0                            LAT/LON1/LON2/DLON/H
   93  106  116  122  127  131  132  132  130  128  125  123  122  123  126  129
  132  133  132  129  126  123  121  120  122  126  133  141  149  156  159  159
  156  152  147  141  135  129  122  116  111  107  104  101   97   90   82   74
   68   64   63   63   64   64   65   64   64   63   61   60   59   58   58   58
   58   60   62   64   68   74   79   82   93                                   
    45.0-180.0 180.0   5.0 450.0                            LAT/LON1/LON2/DLON/H
   99  111  121  128  134  141  143  146  145  143  140  137  134  134  134  136
  137  137  134  131  128  126  125  126  130  135  143  151  160  166  169  168
  165  161  158  154  151  146  141  135  129  124  120  116  110  103   94   85
   79   75   74   75   76   78   79   79   78   77   75   73   70   69   68   68
   68   70   71   73   78   82   86   88   99                                   
    42.5-180.0 180.0   5.0 450.0                            LAT/LON1/LON2/DLON/H
  103  114  124  132  140  149  153  159  160  161  158  155  151  149  147  147
  146  144  141  138  135  134  134  136  140  146  153  160  167  172  174  173
  170  167  165  163  162  159  154  148  142  136  131  126  119  111  102   94
   88   85   85   86   88   90   92   92   92   90   88   85   82   80   79   79
   78   80   81   82   86   90   93   96  103                                   
    40.0-180.0 180.0   5.0 450.0                            LAT/LON1/LON2/DLON/H
  105  116  124  134  143  154  161  169  174  178  177  174  170  166  163  161
  159  157  153  150  148  147  148  151  154  158  163  168  172  176  177  176
  174  172  170  170  169  167  163  157  150  143  137  131  124  116  108  100
   95   93   93   95   98  100  102  103  103  102   99   96   93   90   89   89
   88   89   90   91   94   97   99  104  105                                   
    37.5-180.0 180.0   5.0 450.0                            LAT/LON1/LON2/DLON/H
  107  117  124  134  145  156  166  177  185  191  192  191  187  183  179  177
  175  173  170  168  166  166  167  169  170  172  173  175  177  180  181  181
  180  178  177  177  176  173  168  161  153  146  139  133  126  118  111  104
  100   99  100  101  104  106  107  109  109  108  107  104  101   98   97   97
   96   96   97   97  100  103  105  111  107                                   
    35.0-180.0 180.0   5.0 450.0                            LAT/LON1/LON2/DLON/H
  110  119  126  135  146  157  169  182  192  201  204  204  201  197  194  192
  192  191  190  188  187  187  187  188  188  186  185  184  185  188  190  192
  192  191  188  186  183  179  172  164  155  147  140  133  127  119  113  107
  104  103  103  104  105  107  108  109  110  110  108  106  104  102  102  102
  101  102  103  102  105  108  110  117  110                                   
    32.5-180.0 180.0   5.0 450.0                            LAT/LON1/LON2/DLON/H
  117  125  132  139  150  160  173  185  197  207  212  214  212  209  207  207
  208  210  211  210  209  208  208  208  206  202  199  197  198  202  206  210
  212  210  206  200  194  186  177  166  157  148  141  135  128  122  115  110
  107  105  104  104  104  104  105  106  106  106  105  104  103  102  103  104
  103  105  107  107  110  114  118  126  117                                   
    30.0-180.0 180.0   5.0 450.0                            LAT/LON1/LON2/DLON/H
  128  138  145  150  160  168  179  191  203  212  219  221  221  220  219  221
  225  228  231  231  230  229  228  227  225  221  217  215  217  223  231  237
  240  237  230  220  208  196  183  171  160  152  145  139  132  125  119  113
  109  106  104  102  101  100  100  100  100   99   98   98   98   98  100  102
  103  106  110  112  116  123  129  136  128                                   
    27.5-180.0 180.0   5.0 450.0                            LAT/LON1/LON2/DLON/H
  144  156  164  168  178  184  193  203  212  221  227  231  232  232  233  236
  242  246  249  250  249  248  248  248  246  243  240  239  243  252  263  271
  274  269  258  242  225  207  191  177  165  157  151  145  138  131  124  117
  112  108  104  100   98   97   96   94   93   91   90   90   90   92   95   99
  101  107  113  118  125  134  143  151  144                                   
    25.0-180.0 180.0   5.0 450.0                            LAT/LON1/LON2/DLON/H
  166  179  190  193  204  210  217  223  230  237  242  246  248  249  251  255
  261  266  269  269  268  268  270  272  272  270  269  270  276  287  300  309
  311  304  287  265  242  220  200  184  173  165  159  153  145  137  129  122
  116  110  104  100   97   95   93   91   88   85   83   82   82   84   88   93
   98  107  116  125  135  148  160  168  166                                   
    22.5-180.0 180.0   5.0 450.0                            LAT/LON1/LON2/DLON/H
  190  205  219  224  237  243  250  253  258  263  267  271  273  275  277  280
  285  289  291  291  292  294  298  303  305  305  304  306  313  325  338  346
  345  333  311  284  256  231  209  192  181  173  167  160  152  143  134  126
  119  112  106  101   97   95   93   90   85   81   78   76   76   77   81   87
   94  107  119  132  146  162  178  187  190                                   
    20.0-180.0 180.0   5.0 450.0                            LAT/LON1/LON2/DLON/H
  213  231  249  257  274  282  289  291  294  298  302  306  308  309  311  313
  317  320  321  322  324  329  337  344  347  346  345  345  351  361  372  376
  370  353  326  296  267  241  219  201  189  181  175  168  158  148  138  130
  122  115  108  102   99   97   94   91   86   80   76   73   72   72   75   81
   90  105  121  139  156  177  196  206  213                                   
    17.5-180.0 180.0   5.0 450.0                            LAT/LON1/LON2/DLON/H
  232  255  276  288  308  320  329  332  336  340  344  349  351  353  354  355
  358  360  362  364  369  378  387  395  397  393  388  385  387  392  397  395
  384  362  333  303  275  250  228  211  198  189  182  174  163  151  140  131
  124  117  110  104  101   99   97   93   87   81   76   72   70   69   71   77
   86  104  123  144  164  189  211  224  232                                   
    15.0-180.0 180.0   5.0 450.0                            LAT/LON1/LON2/DLON/H
  246  274  298  314  337  352  364  371  377  384  390  396  399  401  403  405
  408  411  413  418  427  438  449  455  452  443  431  421  416  415  413  405
  388  363  335  307  282  259  238  220  206  196  188  178  165  152  140  131
  124  117  111  106  102  101   99   95   90   83   77   73   70   68   69   73
   83  103  124  147  169  198  223  238  246                                   
    12.5-180.0 180.0   5.0 450.0                            LAT/LON1/LON2/DLON/H
  255  287  314  331  357  375  392  402  413  423  432  441  446  450  454  458
  463  468  474  482  493  506  516  517  508  490  469  451  439  430  421  407
  387  362  335  311  288  267  247  229  213  202  192  180  166  151  139  129
  122  116  110  105  102  101   99   96   91   84   79   75   71   68   68   72
   81  102  124  148  172  204  232  248  255                                   
    10.0-180.0 180.0   5.0 450.0                            LAT/LON1/LON2/DLON/H
  259  296  325  341  368  387  408  422  438  452  466  477  486  493  500  509
  517  526  536  548  561  574  580  574  556  529  500  475  456  441  427  409
  387  362  338  315  296  276  256  236  219  206  194  181  165  149  135  125
  119  113  107  102   99   98   97   95   90   84   79   75   72   69   69   72
   81  102  125  149  174  207  237  254  259                                   
     7.5-180.0 180.0   5.0 450.0                            LAT/LON1/LON2/DLON/H
  263  303  332  347  372  392  415  431  451  469  487  501  514  525  536  550
  564  577  591  605  620  630  630  616  589  554  520  491  468  450  432  413
