data/edconvlstm_nd/pred0350.15i
     1.0            IONOSPHERE MAPS     GNSS                IONEX VERSION / TYPE
pyspatialgeodesy        IME             05-JAN-18 20:20     PGM / RUN BY / DATE 
Map Name                                                    COMMENT             
Predicted global ionosphere maps (GIM).                     DESCRIPTION         
  2015     2     4     0     0     0                        EPOCH OF FIRST MAP  
  2015     2     5     0     0     0                        EPOCH OF LAST MAP   
  7200                                                      INTERVAL            
    13                                                      # OF MAPS IN FILE   
  NONE                                                      MAPPING FUNCTION    
10.0                                                        ELEVATION CUTOFF    
One-way carrier phase leveled to code                       OBSERVABLES USED    
  6371.0                                                    BASE RADIUS         
 2                                                          MAP DIMENSION       
   450.0 450.0   0.0                                        HGT1 / HGT2 / DHGT  
    87.5 -87.5  -2.5                                        LAT1 / LAT2 / DLAT  
  -180.0 180.0   5.0                                        LON1 / LON2 / DLON  
    -1                                                      EXPONENT            
                                                            END OF HEADER       
[from data line 1716]
     5                                                      START OF TEC MAP    
  2015     2     4     8     0     0                        EPOCH OF CURRENT MAP
    87.5-180.0 180.0   5.0 450.0                            LAT/LON1/LON2/DLON/H
   66   69   68   74   78   80   81   80   83   86   88   90   91   92   93   93
   93   94   93   93   93   92   92   91   91   90   90   89   89   88   88   88
   87   87   86   86   85   85   84   83   82   82   81   80   78   77   76   74
   72   71   69   67   64   62   60   58   56   54   52   51   50   49   48   48
   49   50   49   50   57   61   73   73   66                                   
    85.0-180.0 180.0   5.0 450.0                            LAT/LON1/LON2/DLON/H
   59   73   75   74   79   83   86   88   91   94   96   98   99  100  100  101
  100  100  100  100   99   99   98   98   98   97   97   97   97   97   97   98
   98   98   98   98   99   99   98   98   98   97   97   95   94   92   91   88
   86   83   80   77   74   70   67   63   60   56   54   51   49   48   47   47
   48   49   46   48   52   57   68   68   59                                   
    82.5-180.0 180.0   5.0 450.0                            LAT/LON1/LON2/DLON/H
   58   65   77   75   79   83   87   90   94   96   98  100  101  101  100   99
   98   97   96   94   93   92   91   90   90   90   90   90   90   91   92   93
   95   96   98  100  101  103  104  106  107  107  108  107  107  106  104  102
  100   97   93   89   85   80   75   70   64   59   55   51   47   44   42   42
   42   42   40   42   51   51   51   51   58                                   
    80.0-180.0 180.0   5.0 450.0                            LAT/LON1/LON2/DLON/H
   64   65   74   74   80   82   86   89   94   96   96   98   97   96   95   93
   90   88   85   83   80   79   77   76   76   76   76   77   78   80   82   85
   88   91   95   99  103  107  110  114  117  120  122  124  125  125  125  125
  123  121  118  114  109  103   97   89   82   74   67   60   53   48   44   42
   40   39   39   41   48   51   54   51   64                                   
    77.5-180.0 180.0   5.0 450.0                            LAT/LON1/LON2/DLON/H
   73   71   75   77   79   83   88   91   94   95   95   96   94   92   90   86
   83   79   75   72   69   67   65   64   64   64   65   66   68   71   74   78
   83   89   95  101  108  114  120  126  132  137  142  146  149  152  155  157
  158  158  157  154  151  145  138  129  120  109   98   88   78   69   62   56
   52   49   46   49   52   47   52   53   73                                   
    75.0-180.0 180.0   5.0 450.0                            LAT/LON1/LON2/DLON/H
   72   75   74   77   79   84   86   87   88   88   87   86   83   80   77   72
   68   64   61   57   55   53   52   51   51   52   53   55   57   60   64   68
   74   80   88   95  104  112  121  129  137  145  152  159  166  172  178  184
  189  193  195  195  193  189  182  172  161  149  135  121  108   96   85   77
   69   64   60   56   59   56   60   57   72                                   
    72.5-180.0 180.0   5.0 450.0                            LAT/LON1/LON2/DLON/H
   79   80   78   81   82   87   88   88   87   85   83   81   78   74   70   66
   62   58   55   52   51   50   49   50   50   51   53   54   56   59   62   67
   73   80   88   97  106  117  127  137  147  157  167  176  186  195  205  214
  222  230  235  238  239  236  230  221  209  194  179  162  146  130  116  104
   94   86   81   75   73   68   70   71   79                                   
    70.0-180.0 180.0   5.0 450.0                            LAT/LON1/LON2/DLON/H
   85   83   82   84   83   85   85   83   82   79   75   72   68   64   60   57
   53   51   49   48   48   48   50   52   54   55   57   58   59   61   63   67
   72   78   86   95  105  116  128  139  151  163  175  187  199  211  224  237
  249  259  268  274  276  274  268  259  246  230  212  193  174  156  139  125
  112  101   94   87   82   76   81   84   85                                   
    67.5-180.0 180.0   5.0 450.0                            LAT/LON1/LON2/DLON/H
   84   80   79   81   80   82   82   80   78   74   70   67   62   58   55   52
   50   48   48   48   50   53   57   61   64   66   68   68   68   68   68   70
   73   78   85   93  103  115  127  140  153  166  179  193  207  221  236  251
  265  278  288  295  298  297  291  281  267  250  231  211  191  171  152  135
  121  108   99   88   82   74   78   84   84                                   
    65.0-180.0 180.0   5.0 450.0                            LAT/LON1/LON2/DLON/H
   80   74   72   75   75   77   78   77   75   72   68   64   60   56   52   50
   48   48   49   51   55   60   66   72   76   79   80   80   78   76   74   73
   75   78   84   93  103  115  128  142  157  171  186  201  216  232  248  264
  279  293  304  311  314  312  305  294  280  263  244  223  203  182  161  143
  126  110   99   86   78   69   73   81   80                                   
    62.5-180.0 180.0   5.0 450.0                            LAT/LON1/LON2/DLON/H
   74   65   62   66   67   70   72   73   73   70   67   63   59   56   52   50
   49   49   51   54   60   67   74   80   86   89   89   87   84   80   76   74
   75   78   83   92  102  116  130  146  162  179  195  210  226  241  257  273
  287  300  310  317  319  316  309  298  284  268  250  231  211  190  169  149
  129  110   97   81   71   58   62   72   74                                   
    60.0-180.0 180.0   5.0 450.0                            LAT/LON1/LON2/DLON/H
   69   56   51   56   57   59   64   66   68   67   65   62   59   56   53   51
   50   50   51   55   61   68   75   82   87   89   89   86   82   77   72   70
   70   74   80   90  102  117  134  152  170  188  205  221  236  251  265  279
  292  303  312  317  318  315  308  298  285  271  256  240  222  202  181  160
  137  115   99   80   69   51   52   62   69                                   
    57.5-180.0 180.0   5.0 450.0                            LAT/LON1/LON2/DLON/H
   68   50   44   48   49   51   56   60   63   63   63   62   59   57   54   52
   51   51   52   54   59   65   71   76   81   82   81   78   73   68   65   63
   65   70   78   90  105  122  142  162  183  203  221  237  251  264  276  288
  299  309  316  320  321  318  311  302  292  280  269  255  240  223  202  181
  156  132  114   91   78   54   52   60   68                                   
    55.0-180.0 180.0   5.0 450.0                            LAT/LON1/LON2/DLON/H
   73   52   43   44   45   45   50   53   57   58   59   60   59   58   56   54
   53   52   51   52   55   58   62   66   69   70   68   65   60   56   54   55
   59   67   78   92  109  130  152  175  198  220  239  255  268  280  290  300
  309  317  324  327  327  324  318  311  303  294  286  276  264  248  229  207
  182  157  137  112   96   68   64   68   73                                   
    52.5-180.0 180.0   5.0 450.0                            LAT/LON1/LON2/DLON/H
   86   62   51   48   46   45   48   50   53   55   56   58   58   58   58   57
   55   53   52   51   51   52   54   56   57   57   55   51   48   45   44   47
   54   65   79   97  117  139  164  190  215  238  258  274  287  298  307  315
  323  330  336  339  339  335  330  324  317  311  305  298  288  274  256  234
  209  184  164  138  122   92   85   86   86                                   
    50.0-180.0 180.0   5.0 450.0                            LAT/LON1/LON2/DLON/H
  104   79   66   59   55   51   51   50   52   53   55   57   59   60   61   60
   59   57   54   51   50   49   49   49   49   47   45   42   38   37   38   43
   53   67   84  104  126  151  178  206  233  258  278  295  308  318  326  334
  341  347  352  354  353  350  344  337  331  326  321  314  305  292  275  254
  230  206  186  161  146  119  112  110  104                                   
    47.5-180.0 180.0   5.0 450.0                            LAT/LON1/LON2/DLON/H
  122  100   87   77   70   63   60   56   55   55   57   59   61   63   65   65
   64   62   59   56   53   51   50   48   47   45   42   38   35   33   35   42
   54   71   91  113  137  164  193  222  251  277  298  315  327  338  346  353
  360  365  369  370  368  362  355  347  339  332  326  318  308  295  277  258
  235  214  195  173  161  139  134  133  122                                   
    45.0-180.0 180.0   5.0 450.0                            LAT/LON1/LON2/DLON/H
  135  118  108   98   90   81   74   67   63   61   62   64   66   68   71   72
   71   69   66   63   61   59   57   55   52   49   46   41   38   36   37   45
   58   77   99  123  149  177  207  238  268  294  316  332  345  355  364  371
  377  381  383  382  377  370  360  349  339  329  319  308  296  280  263  244
  223  204  186  168  160  144  143  145  135                                   
    42.5-180.0 180.0   5.0 450.0                            LAT/LON1/LON2/DLON/H
  138  126  121  115  109   99   91   82   75   72   71   72   74   76   78   79
   79   78   76   74   73   71   69   67   64   60   56   50   45   42   42   49
   63   83  107  134  161  191  222  254  284  310  331  348  360  371  379  385
  389  391  391  389  383  373  361  348  334  321  308  293  277  259  239  220
  200  181  164  148  143  131  134  140  138                                   
    40.0-180.0 180.0   5.0 450.0                            LAT/LON1/LON2/DLON/H
  131  123  123  121  120  113  106   97   90   85   83   83   85   86   88   88
   88   88   88   88   88   87   85   83   79   74   68   62   55   50   49   55
   69   90  116  144  173  204  236  268  299  325  345  361  374  384  392  397
  399  400  399  395  389  379  366  351  336  319  302  284  265  244  223  202
  181  160  142  124  117  105  111  120  131                                   
    37.5-180.0 180.0   5.0 450.0                            LAT/LON1/LON2/DLON/H
  117  110  113  116  120  116  113  108  102   97   95   95   96   97   97   97
   97   98   99  101  102  102  101   97   93   87   81   73   65   58   56   61
   75   98  125  155  186  218  250  283  314  339  359  375  387  398  405  409
  411  411  410  408  403  395  383  368  352  334  315  296  275  253  231  209
  184  159  136  112   98   79   85   95  117                                   
    35.0-180.0 180.0   5.0 450.0                            LAT/LON1/LON2/DLON/H
  105   94   96  101  108  109  110  109  107  105  104  105  105  105  105  105
  105  107  110  113  115  115  113  108  103   97   90   82   73   65   62   67
   82  105  135  167  200  233  266  300  330  355  374  390  403  414  421  426
  427  428  430  431  430  426  417  404  388  372  354  336  317  296  274  251
  223  193  163  127  104   72   72   78  105                                   
    32.5-180.0 180.0   5.0 450.0                            LAT/LON1/LON2/DLON/H
  103   85   81   85   92   95   99  102  104  105  107  109  110  111  111  110
  111  114  118  122  124  123  119  114  108  102   95   87   78   71   67   72
   87  113  145  180  215  250  285  318  347  372  391  407  422  434  444  449
  452  456  461  467  472  473  469  460  448  435  422  408  393  375  355  331
  301  266  229  181  147   98   87   84  103                                   
    30.0-180.0 180.0   5.0 450.0                            LAT/LON1/LON2/DLON/H
  120   90   76   76   79   81   86   90   95   99  103  107  110  111  112  113
  115  119  124  128  129  126  121  114  108  102   96   89   81   74   71   77
   94  122  157  195  233  270  305  338  367  391  411  429  446  461  473  482
  488  495  506  519  531  539  542  538  531  523  516  508  499  487  469  446
  413  373  330  270  227  162  136  120  120                                   
    27.5-180.0 180.0   5.0 450.0                            LAT/LON1/LON2/DLON/H
  160  118   92   82   78   74   77   81   85   90   95  100  105  108  110  112
  115  121  126  130  128  123  117  110  105  100   94   88   82   77   76   84
  103  134  172  213  253  292  328  360  389  412  433  454  475  495  511  524
  534  547  565  586  606  622  631  634  633  631  630  629  627  620  605  581
  547  504  453  385  335  256  215  190  160                                   
    25.0-180.0 180.0   5.0 450.0                            LAT/LON1/LON2/DLON/H
  229  173  133  109   95   84   80   80   82   85   89   94   98  102  105  108
  113  120  125  127  124  118  111  105  100   96   92   88   84   82   84   94
  116  148  189  233  275  315  351  383  411  436  459  483  509  535  556  573
  590  609  634  663  691  714  729  737  741  745  749  755  759  756  744  720
  685  642  585  514  457  372  314  287  229                                   
    22.5-180.0 180.0   5.0 450.0                            LAT/LON1/LON2/DLON/H
  325  257  204  163  135  115  102   96   92   90   90   92   94   97  100  104
  110  116  121  121  117  111  105  101   97   95   92   91   90   90   95  107
  131  165  208  253  297  337  374  406  435  461  487  516  547  578  604  627
  648  673  704  738  771  798  816  827  835  842  851  861  869  870  860  837
  803  764  707  640  577  495  429  400  325                                   
    20.0-180.0 180.0   5.0 450.0                            LAT/LON1/LON2/DLON/H
  434  358  297  243  199  170  147  132  119  111  104   99   97   97   99  102
  106  111  115  114  111  106  102  100   98   97   96   96   97  100  107  122
  147  183  226  272  316  357  395  428  458  487  517  550  586  621  651  677
  702  731  764  799  831  856  874  885  893  901  912  925  935  938  929  907
  876  844  795  737  675  604  543  515  434                                   
    17.5-180.0 180.0   5.0 450.0                            LAT/LON1/LON2/DLON/H
  530  458  398  341  283  247  214  189  167  149  132  119  110  105  103  103
  104  107  109  109  106  104  103  103  104  104  104  104  105  110  118  135
  162  199  243  289  333  375  413  448  480  512  545  582  621  659  691  718
  744  773  804  835  861  881  895  904  910  917  927  939  949  950  940  918
  890  864  829  782  728  673  628  609  530                                   
    15.0-180.0 180.0   5.0 450.0                            LAT/LON1/LON2/DLON/H
  591  533  486  438  376  337  299  266  234  205  177  154  136  123  114  109
  107  107  107  106  105  106  108  112  115  116  114  112  112  117  127  146
  175  213  257  303  347  390  429  466  500  534  571  610  651  688  719  745
  770  795  820  843  861  874  882  887  891  896  903  912  918  916  902  877
  849  826  804  768  730  692  664  661  591                                   
    12.5-180.0 180.0   5.0 450.0                            LAT/LON1/LON2/DLON/H
  611  571  543  508  456  423  386  351  312  274  237  203  173  150  133  122
  115  110  108  108  109  113  119  126  130  129  124  120  119  124  135  156
  187  227  270  315  358  401  441  479  516  552  590  630  669  705  733  756
  777  796  814  828  838  843  847  850  853  856  860  865  866  859  840  811
  781  757  740  716  693  671  657  667  611                                   
    10.0-180.0 180.0   5.0 450.0                            LAT/LON1/LON2/DLON/H
  601  576  564  541  507  485  456  424  387  346  303  260  220  187  161  142
  129  120  116  116  119  126  135  143  146  142  135  129  127  132  145  167
  200  240  282  325  366  408  449  488  525  562  600  638  676  707  733  752
  769  784  796  802  806  808  810  813  817  820  823  825  822  810  786  752
  718  690  672  652  640  629  624  640  601                                   
     7.5-180.0 180.0   5.0 450.0                            LAT/LON1/LON2/DLON/H
  573  561  558  543  526  515  495  472  441  405  362  316  270  229  195  169
  149  137  131  130  135  144  155  162  162  157  149  142  139  143  155  179
