data/edconvlstm_nd/pred1050.15i
     1.0            IONOSPHERE MAPS     GNSS                IONEX VERSION / TYPE
pyspatialgeodesy        IME             05-JAN-18 20:20     PGM / RUN BY / DATE 
Map Name                                                    COMMENT             
Predicted global ionosphere maps (GIM).                     DESCRIPTION         
  2015     4    15     0     0     0                        EPOCH OF FIRST MAP  
  2015     4    16     0     0     0                        EPOCH OF LAST MAP   
  7200                                                      INTERVAL            
    13                                                      # OF MAPS IN FILE   
  NONE                                                      MAPPING FUNCTION    
10.0                                                        ELEVATION CUTOFF    
One-way carrier phase leveled to code                       OBSERVABLES USED    
  6371.0                                                    BASE RADIUS         
 2                                                          MAP DIMENSION       
   450.0 450.0   0.0                                        HGT1 / HGT2 / DHGT  
    87.5 -87.5  -2.5                                        LAT1 / LAT2 / DLAT  
  -180.0 180.0   5.0                                        LON1 / LON2 / DLON  
    -1                                                      EXPONENT            
                                                            END OF HEADER       
[from data line 1716]
     5                                                      START OF TEC MAP    
  2015     4    15     8     0     0                        EPOCH OF CURRENT MAP
    87.5-180.0 180.0   5.0 450.0                            LAT/LON1/LON2/DLON/H
  180  175  170  177  179  180  180  180  183  186  188  190  192  194  195  196
  197  198  199  199  199  199  199  199  198  198  198  197  196  196  195  195
  194  193  193  192  191  190  189  188  186  185  184  182  181  179  177  175
  173  172  170  168  167  165  164  163  162  161  161  160  160  160  160  160
  160  163  162  163  166  167  172  176  180                                   
    85.0-180.0 180.0   5.0 450.0                            LAT/LON1/LON2/DLON/H
  168  169  171  174  176  180  182  184  187  190  192  195  197  198  200  201
  203  204  204  205  205  205  205  205  205  204  204  204  203  203  202  202
  201  201  200  200  199  198  198  197  195  194  193  191  189  187  185  183
  181  179  177  175  173  172  170  169  168  167  167  166  166  165  165  165
  166  168  164  166  164  167  170  176  168                                   
    82.5-180.0 180.0   5.0 450.0                            LAT/LON1/LON2/DLON/H
  161  168  166  164  165  169  171  174  177  180  182  185  187  189  191  192
  193  195  196  196  197  197  198  197  197  197  197  197  196  196  196  196
  197  197  197  197  197  197  197  196  195  194  193  192  190  188  186  183
  181  179  177  174  173  171  169  168  167  166  165  164  164  163  162  162
  161  161  157  159  159  164  165  161  161                                   
    80.0-180.0 180.0   5.0 450.0                            LAT/LON1/LON2/DLON/H
  159  164  160  160  159  161  163  166  170  172  174  176  178  179  181  182
  183  184  185  186  187  188  188  188  188  188  188  188  189  189  190  192
  193  195  197  198  200  202  203  204  204  205  205  204  203  202  200  198
  196  194  191  189  188  186  185  184  182  181  180  179  178  176  175  174
  172  170  165  165  164  165  170  158  159                                   
    77.5-180.0 180.0   5.0 450.0                            LAT/LON1/LON2/DLON/H
  163  162  159  158  154  156  157  158  161  162  162  163  162  162  163  163
  164  166  167  169  170  172  172  173  173  174  174  175  176  178  181  184
  188  192  196  200  204  208  211  214  217  219  220  221  222  221  221  219
  218  216  214  212  211  210  209  208  207  206  205  204  202  200  198  195
  192  188  181  179  178  174  172  164  163                                   
    75.0-180.0 180.0   5.0 450.0                            LAT/LON1/LON2/DLON/H
  164  163  156  154  149  150  150  150  151  151  149  148  145  143  142  141
  142  143  145  148  150  152  154  155  156  156  157  158  160  164  168  173
  180  186  193  200  206  213  219  224  229  234  237  240  243  244  244  243
  242  241  239  237  236  235  234  233  233  232  231  230  228  226  223  220
  216  211  203  196  192  187  184  172  164                                   
    72.5-180.0 180.0   5.0 450.0                            LAT/LON1/LON2/DLON/H
  166  163  155  151  145  144  144  144  144  142  138  135  130  125  121  119
  119  121  124  128  131  135  137  139  140  140  141  143  145  150  156  163
  171  180  189  199  207  216  224  232  240  246  252  258  262  264  266  266
  265  264  261  259  256  255  253  252  252  251  251  250  248  246  243  240
  235  230  223  215  208  202  197  187  166                                   
    70.0-180.0 180.0   5.0 450.0                            LAT/LON1/LON2/DLON/H
  170  162  154  147  140  138  138  138  138  135  131  125  118  110  104  101
  100  101  105  110  116  120  124  126  126  126  127  128  132  137  145  154
  164  174  185  196  206  216  227  236  246  255  263  271  277  281  284  284
  283  280  276  272  268  264  261  260  259  258  258  257  255  253  251  249
  245  240  234  227  220  214  210  202  170                                   
    67.5-180.0 180.0   5.0 450.0                            LAT/LON1/LON2/DLON/H
  168  160  151  144  136  134  133  134  135  133  128  122  113  104   96   91
   89   90   95  101  107  113  116  118  118  117  117  118  122  128  137  147
  158  170  182  193  204  216  227  238  250  261  271  280  288  294  297  298
  296  291  285  278  271  265  260  257  255  254  253  253  251  250  247  246
  243  240  236  231  225  220  215  209  168                                   
    65.0-180.0 180.0   5.0 450.0                            LAT/LON1/LON2/DLON/H
  168  159  148  140  131  127  127  129  131  131  127  122  113  102   93   87
   84   85   89   96  103  108  112  113  112  110  109  111  115  122  132  144
  156  168  180  192  203  215  227  239  252  265  277  287  297  303  307  308
  305  299  290  280  270  261  254  249  246  244  243  242  240  238  236  235
  233  232  230  228  225  223  219  214  168                                   
    62.5-180.0 180.0   5.0 450.0                            LAT/LON1/LON2/DLON/H
  169  159  147  136  125  120  119  121  124  126  125  121  114  104   95   88
   84   84   88   94  100  105  107  107  105  102  101  103  108  117  128  141
  154  167  179  191  202  214  227  240  253  267  280  292  302  310  314  314
  310  303  293  281  269  258  248  241  237  234  232  230  228  225  222  220
  219  219  219  219  220  220  217  213  169                                   
    60.0-180.0 180.0   5.0 450.0                            LAT/LON1/LON2/DLON/H
  174  164  151  136  123  114  110  110  113  116  117  117  112  105   97   90
   86   85   88   92   97  100  101   99   96   93   93   95  101  112  124  139
  153  166  179  191  203  215  228  242  256  270  283  295  306  314  318  319
  316  308  298  285  272  260  249  241  235  231  228  226  222  218  213  210
  208  208  209  211  214  216  214  209  174                                   
    57.5-180.0 180.0   5.0 450.0                            LAT/LON1/LON2/DLON/H
  186  177  165  145  128  114  106  102  102  103  106  108  107  103   98   92
   88   87   87   90   93   94   94   91   88   85   85   88   96  107  122  138
  153  168  181  194  206  219  233  247  261  275  288  300  310  318  323  325
  323  317  308  297  285  273  261  252  245  241  237  234  229  223  216  211
  206  205  205  208  212  216  214  208  186                                   
    55.0-180.0 180.0   5.0 450.0                            LAT/LON1/LON2/DLON/H
  206  200  188  164  144  125  110   99   94   92   93   96   98   98   96   92
   89   87   87   88   89   89   87   84   81   78   79   83   92  105  121  138
  156  172  186  200  213  227  240  254  268  281  293  305  315  323  329  333
  333  331  325  316  306  295  284  274  267  262  258  254  248  241  232  224
  217  213  211  212  216  220  219  213  206                                   
    52.5-180.0 180.0   5.0 450.0                            LAT/LON1/LON2/DLON/H
  232  229  218  194  172  147  126  106   93   85   83   85   88   90   91   91
   89   88   87   87   86   86   84   81   78   76   76   81   91  105  122  141
  160  177  194  209  223  237  251  265  278  290  301  311  321  330  337  343
  346  347  345  340  333  324  313  304  296  290  285  281  275  267  257  247
  237  230  225  223  225  229  228  222  232                                   
    50.0-180.0 180.0   5.0 450.0                            LAT/LON1/LON2/DLON/H
  257  257  249  227  206  179  152  124  103   88   80   79   80   84   87   89
   89   89   88   87   87   86   84   82   79   78   79   84   93  107  125  145
  165  185  202  218  233  248  262  276  288  300  310  319  329  338  347  354
  360  365  366  365  361  353  344  334  325  318  313  308  302  293  283  272
  261  251  243  238  237  239  239  233  257                                   
    47.5-180.0 180.0   5.0 450.0                            LAT/LON1/LON2/DLON/H
  273  277  272  255  239  213  184  151  123  100   86   80   79   81   85   88
   90   91   91   90   90   90   89   87   86   85   86   90   99  112  130  150
  171  192  211  228  243  258  273  286  299  310  320  329  339  348  357  366
  374  381  385  387  385  378  369  358  347  339  332  327  320  312  302  292
  281  271  260  251  247  246  245  240  273                                   
    45.0-180.0 180.0   5.0 450.0                            LAT/LON1/LON2/DLON/H
  274  280  279  270  260  240  214  181  149  121  101   90   85   85   87   90
   92   94   95   96   97   97   97   97   95   95   95   99  106  118  134  155
  176  197  217  234  250  266  281  295  308  320  331  340  350  360  369  379
  387  395  401  403  402  395  385  373  361  350  342  334  326  318  310  302
  293  284  272  260  252  248  246  241  274                                   
    42.5-180.0 180.0   5.0 450.0                            LAT/LON1/LON2/DLON/H
  258  264  266  263  261  249  231  204  174  145  122  107   98   94   94   96
   98  100  102  103  105  107  108  107  106  105  105  107  112  123  138  158
  179  201  221  238  255  270  286  302  317  330  342  353  363  373  383  392
  401  409  415  418  416  408  397  384  370  358  346  335  324  314  307  301
  296  290  279  265  254  245  241  233  258                                   
    40.0-180.0 180.0   5.0 450.0                            LAT/LON1/LON2/DLON/H
  232  231  233  233  237  234  227  210  189  164  143  127  116  109  106  105
  106  108  110  113  115  117  118  118  116  114  112  112  117  126  141  160
  181  202  222  240  257  274  291  309  326  342  355  367  378  388  399  409
  419  428  434  437  436  429  417  404  389  375  359  342  326  311  302  298
  296  294  285  271  256  241  234  221  232                                   
    37.5-180.0 180.0   5.0 450.0                            LAT/LON1/LON2/DLON/H
  204  191  189  185  192  195  200  196  187  172  157  144  134  126  121  118
  117  118  120  123  125  127  127  126  123  119  116  116  120  128  142  161
  182  203  223  241  259  277  296  317  337  355  370  384  395  406  418  431
  443  455  465  471  471  467  458  447  433  417  396  372  347  325  310  305
  305  306  299  285  268  247  234  214  204                                   
    35.0-180.0 180.0   5.0 450.0                            LAT/LON1/LON2/DLON/H
  188  161  148  135  139  145  157  164  167  164  159  154  148  141  136  131
  129  129  131  133  135  136  135  132  127  122  119  118  121  130  144  162
  183  204  224  243  263  283  305  328  350  370  388  402  414  427  442  459
  477  494  510  522  529  530  527  521  510  493  468  436  400  367  345  335
  334  336  332  317  299  271  252  223  188                                   
    32.5-180.0 180.0   5.0 450.0                            LAT/LON1/LON2/DLON/H
  196  153  127  101   96   98  112  125  136  144  149  153  153  151  147  143
  140  139  140  142  144  144  142  137  131  125  120  119  122  131  145  164
  185  207  228  249  270  292  316  341  366  388  406  421  435  450  470  493
  519  546  570  591  607  618  624  626  620  605  576  536  489  445  413  397
  392  393  389  374  356  322  295  257  196                                   
    30.0-180.0 180.0   5.0 450.0                            LAT/LON1/LON2/DLON/H
  235  181  139   97   79   73   81   93  106  118  131  143  151  154  153  151
  148  147  148  150  151  151  149  143  136  129  123  121  124  133  148  167
  189  211  234  257  280  305  331  357  383  405  424  440  456  475  501  532
  569  606  642  674  701  723  741  753  756  744  714  667  610  556  514  490
  480  478  473  457  439  401  364  319  235                                   
    27.5-180.0 180.0   5.0 450.0                            LAT/LON1/LON2/DLON/H
  304  245  189  133  100   83   79   83   89  100  115  131  144  152  154  154
  153  152  153  155  157  158  156  151  144  136  129  125  128  137  153  172
  195  218  242  267  293  319  346  373  398  421  441  458  477  501  534  575
  622  671  718  761  799  833  862  884  896  889  860  811  749  688  639  607
  591  584  576  558  540  498  451  404  304                                   
    25.0-180.0 180.0   5.0 450.0                            LAT/LON1/LON2/DLON/H
  397  339  273  207  162  134  115  104   98  100  110  125  139  148  153  154
  154  153  154  156  160  163  164  161  155  146  137  133  134  143  158  178
  200  224  250  278  306  334  361  387  411  434  455  475  498  527  566  615
  671  729  785  836  882  923  960  991 1009 1008  984  939  880  818  767  730
  708  697  684  664  644  599  544  499  397                                   
    22.5-180.0 180.0   5.0 450.0                            LAT/LON1/LON2/DLON/H
  493  444  375  311  260  225  190  162  137  124  123  131  141  149  153  154
  154  153  153  156  161  167  172  172  167  158  148  141  141  148  162  181
  203  229  258  288  319  348  374  398  421  444  467  490  517  551  595  649
  709  770  828  882  929  972 1011 1045 1069 1075 1059 1023  973  921  874  836
  810  794  778  753  731  684  628  592  493                                   
    20.0-180.0 180.0   5.0 450.0                            LAT/LON1/LON2/DLON/H
  573  535  474  426  378  342  294  250  206  174  157  153  155  158  159  158
  156  154  153  155  161  170  178  181  178  169  157  148  145  150  163  181
  205  233  264  297  329  358  383  405  427  451  476  504  535  573  620  673
  731  789  843  890  932  969 1005 1038 1063 1075 1070 1048 1015  976  939  906
  878  858  839  808  781  733  684  663  573                                   
    17.5-180.0 180.0   5.0 450.0                            LAT/LON1/LON2/DLON/H
  621  593  549  525  490  460  410  355  295  246  211  192  182  175  170  166
  161  157  154  156  162  172  182  187  185  176  162  150  144  147  159  178
  204  235  268  303  335  362  386  407  429  455  484  516  552  593  638  688
  739  787  829  864  893  920  947  974  999 1016 1022 1017 1002  982  958  931
  905  883  860  821  787  738  701  697  621                                   
    15.0-180.0 180.0   5.0 450.0                            LAT/LON1/LON2/DLON/H
  633  611  587  587  570  553  509  454  388  327  277  243  218  201  188  177
  169  163  158  157  162  172  182  188  186  176  161  146  138  139  151  173
  201  234  269  303  334  361  384  405  429  457  490  526  566  608  652  695
  735  769  796  816  830  843  859  878  900  920  936  946  950  948  937  919
  895  871  846  799  756  704  678  686  633                                   
    12.5-180.0 180.0   5.0 450.0                            LAT/LON1/LON2/DLON/H
  614  590  580  599  601  600  570  522  460  398  342  297  260  232  209  192
  180  170  162  160  163  171  180  185  182  170  153  138  129  131  144  167
  198  232  266  300  330  356  379  401  427  457  493  533  576  619  661  697
  726  748  760  765  765  765  771  783  801  822  843  864  882  893  893  881
  860  836  807  753  703  646  626  638  614                                   
    10.0-180.0 180.0   5.0 450.0                            LAT/LON1/LON2/DLON/H
  574  544  540  566  584  596  582  547  497  441  388  340  298  262  231  208
  191  178  168  163  164  170  177  178  173  160  144  129  122  125  139  164
  195  228  262  293  322  347  370  394  422  454  492  534  579  624  663  695
  718  730  733  727  717  709  708  715  729  749  772  797  822  839  844  834
  815  791  759  702  648  587  565  574  574                                   
     7.5-180.0 180.0   5.0 450.0                            LAT/LON1/LON2/DLON/H
  535  494  491  513  537  555  551  531  494  450  406  364  323  284  250  223
  202  185  173  166  165  168  171  169  161  148  134  123  118  122  137  162
