data/edconvlstm_nd/pred1380.15i
     1.0            IONOSPHERE MAPS     GNSS                IONEX VERSION / TYPE
pyspatialgeodesy        IME             05-JAN-18 20:20     PGM / RUN BY / DATE 
Map Name                                                    COMMENT             
Predicted global ionosphere maps (GIM).                     DESCRIPTION         
  2015     5    18     0     0     0                        EPOCH OF FIRST MAP  
  2015     5    19     0     0     0                        EPOCH OF LAST MAP   
  7200                                                      INTERVAL            
    13                                                      # OF MAPS IN FILE   
  NONE                                                      MAPPING FUNCTION    
10.0                                                        ELEVATION CUTOFF    
One-way carrier phase leveled to code                       OBSERVABLES USED    
  6371.0                                                    BASE RADIUS         
 2                                                          MAP DIMENSION       
   450.0 450.0   0.0                                        HGT1 / HGT2 / DHGT  
    87.5 -87.5  -2.5                                        LAT1 / LAT2 / DLAT  
  -180.0 180.0   5.0                                        LON1 / LON2 / DLON  
    -1                                                      EXPONENT            
                                                            END OF HEADER       
[from data line 2145]
     6                                                      START OF TEC MAP    
  2015     5    18    10     0     0                        EPOCH OF CURRENT MAP
    87.5-180.0 180.0   5.0 450.0                            LAT/LON1/LON2/DLON/H
  206  196  189  193  197  199  200  201  204  206  208  210  211  213  214  215
  215  215  216  216  216  216  216  215  215  215  215  215  215  215  215  215
  214  214  214  214  213  212  212  211  210  209  208  207  205  204  203  202
  201  199  198  197  196  194  193  192  191  190  188  187  186  185  184  184
  183  184  182  182  185  187  190  198  206                                   
    85.0-180.0 180.0   5.0 450.0                            LAT/LON1/LON2/DLON/H
  187  182  189  190  192  197  201  204  208  211  213  215  217  219  220  220
  221  221  221  221  221  221  220  220  220  220  220  220  220  220  220  220
  220  220  219  219  218  217  216  215  214  212  211  209  208  206  205  203
  202  200  199  198  196  195  194  192  191  189  188  187  185  184  183  181
  182  182  178  179  177  178  184  194  187                                   
    82.5-180.0 180.0   5.0 450.0                            LAT/LON1/LON2/DLON/H
  169  177  181  180  183  190  195  200  205  209  213  216  218  220  221  222
  223  223  222  222  221  221  220  220  219  219  219  219  219  220  220  220
  220  220  220  220  219  218  216  214  213  211  209  207  205  203  202  200
  199  198  197  196  194  193  192  190  189  187  185  183  181  179  176  174
  173  172  167  169  168  174  178  171  169                                   
    80.0-180.0 180.0   5.0 450.0                            LAT/LON1/LON2/DLON/H
  168  173  177  178  181  186  192  199  205  210  215  218  221  223  224  224
  224  223  222  220  219  217  216  214  213  213  213  213  214  215  216  218
  219  220  221  221  221  220  219  218  216  215  213  212  211  210  210  209
  209  209  209  208  208  207  207  206  204  202  200  197  195  191  188  185
  182  179  172  173  170  170  177  167  168                                   
    77.5-180.0 180.0   5.0 450.0                            LAT/LON1/LON2/DLON/H
  175  174  179  179  180  185  191  197  204  209  214  217  220  221  222  221
  220  219  217  215  212  210  208  206  205  204  204  205  207  210  213  216
  219  222  225  226  227  227  227  226  224  223  222  221  221  222  222  223
  224  225  227  228  229  229  229  229  228  227  225  222  219  215  211  206
  201  196  188  186  185  181  181  177  175                                   
    75.0-180.0 180.0   5.0 450.0                            LAT/LON1/LON2/DLON/H
  181  181  180  179  179  184  189  194  201  206  210  213  215  216  215  214
  212  210  208  205  202  200  197  195  193  192  193  195  198  203  208  214
  219  224  229  232  234  235  234  234  233  232  232  232  233  234  236  239
  241  244  246  248  250  252  253  254  254  253  252  250  247  243  239  234
  228  222  213  205  201  198  196  189  181                                   
    72.5-180.0 180.0   5.0 450.0                            LAT/LON1/LON2/DLON/H
  188  186  183  180  177  180  184  188  194  199  202  204  205  205  204  203
  201  199  197  194  192  189  186  184  182  182  183  186  190  197  205  213
  221  228  234  238  241  242  242  242  241  241  241  242  243  246  249  252
  255  258  260  262  264  266  268  269  270  271  271  270  268  265  261  257
  251  244  235  227  219  215  212  207  188                                   
    70.0-180.0 180.0   5.0 450.0                            LAT/LON1/LON2/DLON/H
  197  189  184  179  173  173  176  179  184  188  191  193  193  192  191  189
  187  186  185  183  182  180  178  175  174  173  175  179  185  194  203  214
  224  233  240  245  248  249  249  249  248  248  248  250  252  255  259  261
  264  266  267  268  269  271  272  273  274  276  277  277  277  275  273  270
  265  259  251  243  234  231  229  225  197                                   
    67.5-180.0 180.0   5.0 450.0                            LAT/LON1/LON2/DLON/H
  201  193  186  178  169  166  167  169  174  177  180  182  183  182  180  178
  177  177  177  178  178  177  175  173  172  172  174  179  186  196  207  219
  230  240  248  253  257  258  258  257  256  256  258  260  263  266  268  270
  271  271  270  269  268  267  267  268  269  271  273  274  275  275  275  274
  270  267  260  253  245  243  240  238  201                                   
    65.0-180.0 180.0   5.0 450.0                            LAT/LON1/LON2/DLON/H
  206  196  186  176  163  157  156  156  161  165  168  171  171  170  169  167
  167  168  171  173  174  175  174  172  171  172  175  181  190  201  213  225
  237  248  256  261  265  266  266  265  265  266  268  271  274  276  278  277
  275  272  268  265  261  259  257  257  258  259  261  263  265  266  267  268
  267  266  261  257  252  252  251  248  206                                   
    62.5-180.0 180.0   5.0 450.0                            LAT/LON1/LON2/DLON/H
  210  200  188  174  158  149  144  143  147  151  156  159  160  159  158  157
  158  161  164  168  171  173  173  172  172  174  178  186  196  207  220  233
  244  254  262  268  272  273  274  275  275  277  280  284  286  288  287  285
  280  274  267  261  256  252  249  247  247  248  249  251  253  255  257  259
  259  260  258  256  254  257  256  253  210                                   
    60.0-180.0 180.0   5.0 450.0                            LAT/LON1/LON2/DLON/H
  215  204  191  174  155  141  134  131  133  137  142  146  148  148  147  146
  148  152  157  162  166  169  170  170  172  175  181  190  201  214  227  239
  250  260  268  274  278  281  283  285  287  290  294  298  300  301  298  293
  286  278  269  262  256  251  248  245  244  244  244  245  247  249  250  252
  253  255  254  254  254  259  260  254  215                                   
    57.5-180.0 180.0   5.0 450.0                            LAT/LON1/LON2/DLON/H
  224  213  199  177  156  139  127  121  121  124  129  133  135  135  135  135
  137  141  148  154  159  163  165  167  170  175  183  195  207  221  234  245
  256  265  273  280  285  290  293  297  301  305  310  314  316  315  311  304
  296  287  278  271  265  261  257  255  253  251  251  250  251  251  252  254
  254  256  255  256  257  263  263  256  224                                   
    55.0-180.0 180.0   5.0 450.0                            LAT/LON1/LON2/DLON/H
  235  225  209  186  163  142  127  116  113  113  117  121  123  123  123  123
  126  131  138  145  151  156  159  162  167  175  186  200  214  228  241  252
  263  272  280  288  295  301  307  312  317  323  328  332  333  331  326  318
  309  300  293  287  283  279  277  274  272  269  267  266  265  264  264  265
  264  265  263  263  264  269  268  259  235                                   
    52.5-180.0 180.0   5.0 450.0                            LAT/LON1/LON2/DLON/H
  249  238  223  199  177  152  133  119  111  108  108  111  112  113  112  113
  116  121  129  137  144  149  154  160  167  178  192  207  223  238  250  262
  271  281  290  299  308  316  323  330  337  343  348  352  352  349  342  334
  325  317  312  308  305  303  301  299  296  293  290  287  285  284  283  282
  281  280  278  276  274  277  274  263  249                                   
    50.0-180.0 180.0   5.0 450.0                            LAT/LON1/LON2/DLON/H
  260  251  236  214  193  168  147  128  116  108  105  105  105  105  105  106
  109  115  123  131  139  147  154  162  172  185  201  218  234  249  262  273
  283  294  304  315  325  335  344  351  359  365  370  373  372  367  360  351
  343  336  332  329  328  326  324  321  318  314  311  308  306  304  303  303
  301  299  295  290  285  285  279  267  260                                   
    47.5-180.0 180.0   5.0 450.0                            LAT/LON1/LON2/DLON/H
  266  258  246  227  209  186  164  142  127  115  108  105  104  103  103  104
  107  113  121  130  139  149  159  170  183  198  215  232  248  263  275  286
  297  309  321  333  345  356  366  375  382  389  393  395  393  387  378  369
  361  354  350  347  345  342  339  334  330  327  324  321  320  319  319  319
  318  316  310  302  293  290  282  268  266                                   
    45.0-180.0 180.0   5.0 450.0                            LAT/LON1/LON2/DLON/H
  263  256  247  232  219  199  180  158  141  126  116  111  108  107  106  108
  111  116  123  133  144  156  169  183  198  214  231  248  262  276  288  299
  311  325  339  353  366  378  389  399  407  413  417  418  414  407  398  387
  378  371  365  360  356  350  344  338  333  329  327  326  326  326  328  329
  328  326  319  309  296  290  279  265  263                                   
    42.5-180.0 180.0   5.0 450.0                            LAT/LON1/LON2/DLON/H
  251  246  239  228  219  205  190  171  154  138  127  120  117  115  115  116
  119  123  130  139  151  165  181  198  216  232  248  262  275  287  298  310
  324  339  354  370  385  399  411  421  431  438  442  442  437  429  419  407
  397  388  380  373  364  355  346  337  331  327  325  325  326  328  330  332
  332  330  321  309  293  284  272  257  251                                   
    40.0-180.0 180.0   5.0 450.0                            LAT/LON1/LON2/DLON/H
  234  229  224  215  210  201  192  177  163  149  138  132  128  128  128  129
  130  133  138  146  159  175  194  214  232  249  263  274  284  293  304  317
  332  349  366  384  400  416  429  442  453  461  465  466  462  454  443  431
  420  410  401  391  381  368  356  345  337  332  330  330  331  332  334  335
  334  331  320  305  288  275  263  246  234                                   
    37.5-180.0 180.0   5.0 450.0                            LAT/LON1/LON2/DLON/H
  219  213  207  198  194  189  186  176  167  156  148  143  141  141  143  143
  143  144  146  153  166  183  204  226  245  261  273  281  288  295  305  318
  335  353  373  392  411  428  444  459  472  482  488  490  487  480  471  461
  451  443  435  426  414  401  386  373  363  357  353  351  349  348  347  346
  343  337  323  305  285  270  256  238  219                                   
    35.0-180.0 180.0   5.0 450.0                            LAT/LON1/LON2/DLON/H
  211  205  196  184  179  176  175  170  165  159  155  153  153  155  157  157
  156  154  153  158  170  188  210  233  253  268  277  283  287  293  303  316
  334  354  375  397  417  437  456  473  489  501  509  513  513  510  505  499
  494  490  486  481  472  460  445  430  418  409  402  396  390  384  378  372
  364  353  335  314  291  273  257  237  211                                   
    32.5-180.0 180.0   5.0 450.0                            LAT/LON1/LON2/DLON/H
  218  209  195  180  172  167  167  164  162  161  160  161  163  166  169  169
  166  161  158  161  171  189  212  235  255  269  277  281  284  289  299  313
  331  353  376  399  422  444  465  485  502  517  528  535  539  542  543  545
  548  552  557  559  557  549  536  520  505  493  481  469  457  443  431  417
  403  386  362  335  310  288  268  248  218                                   
    30.0-180.0 180.0   5.0 450.0                            LAT/LON1/LON2/DLON/H
  239  227  208  190  177  169  167  163  162  163  165  168  171  174  177  176
  173  166  162  162  171  188  211  233  253  266  274  278  281  287  297  311
  331  354  378  402  427  451  474  495  514  531  544  555  566  575  585  596
  610  625  642  656  664  663  653  638  621  604  586  568  547  525  503  480
  457  434  404  371  341  315  291  271  239                                   
    27.5-180.0 180.0   5.0 450.0                            LAT/LON1/LON2/DLON/H
  276  260  235  214  196  185  178  173  170  171  173  175  178  180  182  181
  176  169  163  163  171  187  207  229  248  261  270  276  281  288  299  315
  336  359  384  410  435  460  484  506  526  543  559  575  591  609  628  649
  674  702  731  757  776  783  778  764  745  724  702  677  649  618  587  554
  523  493  457  417  382  351  324  304  276                                   
    25.0-180.0 180.0   5.0 450.0                            LAT/LON1/LON2/DLON/H
  322  304  274  252  230  215  204  195  188  186  185  186  185  185  184  182
  177  170  164  164  171  185  204  224  242  256  267  275  284  294  308  325
  347  371  397  423  449  474  497  519  538  557  574  594  616  640  667  697
  731  768  807  842  869  881  880  867  848  825  800  772  740  704  666  625
  586  552  513  466  425  391  362  345  322                                   
    22.5-180.0 180.0   5.0 450.0                            LAT/LON1/LON2/DLON/H
  369  351  321  299  273  257  240  227  216  209  204  200  195  190  186  182
  176  170  165  165  172  185  201  219  236  251  264  276  289  303  320  340
  363  388  415  442  467  491  514  534  553  572  591  613  638  667  698  733
  771  812  855  893  921  935  935  923  904  882  857  829  797  760  719  674
  631  595  556  507  462  425  400  385  369                                   
    20.0-180.0 180.0   5.0 450.0                            LAT/LON1/LON2/DLON/H
  408  392  366  348  320  303  283  266  250  238  227  217  207  197  189  182
  176  170  166  167  173  185  199  214  230  245  261  277  294  313  334  357
  382  410  438  464  489  512  533  553  571  590  609  632  658  688  719  753
  789  828  868  903  928  939  936  924  906  886  864  839  809  774  734  688
  644  609  574  527  484  447  429  417  408                                   
    17.5-180.0 180.0   5.0 450.0                            LAT/LON1/LON2/DLON/H
  430  417  399  386  360  345  325  305  285  267  251  235  220  205  193  183
  176  170  167  168  174  183  196  209  224  239  257  276  298  322  347  374
  403  432  461  488  513  535  555  574  593  611  630  652  677  703  730  758
  788  819  850  877  894  899  893  881  865  848  830  809  783  751  713  668
  625  592  563  523  489  456  445  434  430                                   
    15.0-180.0 180.0   5.0 450.0                            LAT/LON1/LON2/DLON/H
  435  424  413  405  385  373  355  336  313  292  271  252  232  214  198  185
  176  170  166  167  172  180  190  202  216  232  251  274  301  329  359  389
  421  452  483  510  535  557  579  599  617  635  653  672  693  713  733  752
  772  792  812  827  835  833  825  813  800  788  774  758  737  708  672  629
  587  556  533  503  480  452  448  437  435                                   
    12.5-180.0 180.0   5.0 450.0                            LAT/LON1/LON2/DLON/H
  426  417  412  405  390  382  368  351  329  306  284  263  241  220  202  188
  177  169  165  164  167  173  182  193  206  223  245  272  302  335  368  401
  435  468  500  528  554  578  601  623  642  660  675  690  705  719  731  740
  749  758  766  771  770  764  754  744  736  729  721  709  690  663  629  587
  546  518  500  479  466  445  444  432  426                                   
    10.0-180.0 180.0   5.0 450.0                            LAT/LON1/LON2/DLON/H
  414  407  403  393  382  374  364  349  329  307  286  265  244  224  205  190
  177  168  162  159  159  163  170  181  195  214  239  270  303  338  373  408
  443  478  510  539  567  593  618  642  663  679  691  702  711  719  725  727
  728  729  728  726  720  713  705  699  696  693  688  677  659  633  599  557
  517  490  474  461  455  440  440  424  414                                   
     7.5-180.0 180.0   5.0 450.0                            LAT/LON1/LON2/DLON/H
  407  403  394  378  367  358  348  335  317  297  277  259  240  221  204  189
  176  166  157  151  149  150  156  167  183  206  236  269  304  340  375  411
