data/edconvlstm_nd/pred0910.15i
     1.0            IONOSPHERE MAPS     GNSS                IONEX VERSION / TYPE
pyspatialgeodesy        IME             05-JAN-18 20:20     PGM / RUN BY / DATE 
Map Name                                                    COMMENT             
Predicted global ionosphere maps (GIM).                     DESCRIPTION         
  2015     4     1     0     0     0                        EPOCH OF FIRST MAP  
  2015     4     2     0     0     0                        EPOCH OF LAST MAP   
  7200                                                      INTERVAL            
    13                                                      # OF MAPS IN FILE   
  NONE                                                      MAPPING FUNCTION    
10.0                                                        ELEVATION CUTOFF    
One-way carrier phase leveled to code                       OBSERVABLES USED    
  6371.0                                                    BASE RADIUS         
 2                                                          MAP DIMENSION       
   450.0 450.0   0.0                                        HGT1 / HGT2 / DHGT  
    87.5 -87.5  -2.5                                        LAT1 / LAT2 / DLAT  
  -180.0 180.0   5.0                                        LON1 / LON2 / DLON  
    -1                                                      EXPONENT            
                                                            END OF HEADER       
[from data line 2145]
     6                                                      START OF TEC MAP    
  2015     4     1    10     0     0                        EPOCH OF CURRENT MAP
    87.5-180.0 180.0   5.0 450.0                            LAT/LON1/LON2/DLON/H
  137  134  129  137  138  139  138  136  138  140  139  139  138  138  137  136
  135  134  133  133  132  132  132  132  133  133  134  135  137  138  140  141
  143  145  146  148  149  150  150  151  150  150  149  148  147  145  143  141
  138  136  134  131  129  127  124  122  121  119  118  117  116  115  115  115
  116  118  118  118  124  124  133  139  137                                   
    85.0-180.0 180.0   5.0 450.0                            LAT/LON1/LON2/DLON/H
  126  129  136  137  137  142  145  146  148  149  148  148  146  145  143  142
  140  138  137  136  135  135  135  135  136  137  138  140  142  145  148  151
  154  156  159  162  164  165  166  167  167  166  165  164  162  159  156  153
  150  146  142  139  135  132  128  125  122  120  117  116  114  113  112  112
  113  115  112  113  113  115  122  129  126                                   
    82.5-180.0 180.0   5.0 450.0                            LAT/LON1/LON2/DLON/H
  119  127  132  132  132  139  144  147  150  151  150  149  147  144  141  138
  135  132  129  127  125  124  124  125  126  128  130  134  138  143  148  154
  159  165  170  175  179  183  185  187  187  187  185  183  180  176  172  167
  163  157  152  147  142  137  132  127  122  118  115  111  108  105  103  101
  100  100   98  101  102  107  108  106  119                                   
    80.0-180.0 180.0   5.0 450.0                            LAT/LON1/LON2/DLON/H
  120  127  133  136  138  144  151  156  159  160  159  157  152  147  142  136
  131  126  121  118  115  114  113  114  116  119  124  129  136  143  151  160
  169  178  186  194  201  207  211  214  216  216  215  213  210  206  202  197
  192  186  180  175  169  163  157  152  147  142  137  132  127  122  118  114
  110  107  103  103  102  102  109  103  120                                   
    77.5-180.0 180.0   5.0 450.0                            LAT/LON1/LON2/DLON/H
  126  127  136  139  142  151  159  164  168  169  166  163  157  150  143  134
  127  120  114  109  106  105  105  107  110  114  121  128  137  148  159  171
  184  196  208  219  229  237  244  248  251  253  252  251  248  245  240  235
  230  225  219  213  208  202  196  191  186  180  175  169  163  156  149  142
  134  127  118  115  114  105  109  109  126                                   
    75.0-180.0 180.0   5.0 450.0                            LAT/LON1/LON2/DLON/H
  125  128  133  138  143  154  162  168  173  173  171  166  159  151  141  131
  122  114  108  103  100   99  100  103  107  113  120  130  140  152  166  180
  195  210  225  238  250  261  269  276  280  283  284  283  282  280  276  273
  268  264  259  254  250  245  240  236  232  227  222  216  209  202  193  183
  171  159  147  134  128  116  116  112  125                                   
    72.5-180.0 180.0   5.0 450.0                            LAT/LON1/LON2/DLON/H
  122  125  129  134  140  152  161  168  172  173  171  166  159  150  140  130
  121  113  107  103  102  102  104  108  113  119  127  137  148  161  175  190
  206  222  237  252  265  276  286  294  299  303  305  306  306  305  304  301
  298  295  291  287  283  279  276  272  269  266  262  257  250  243  233  222
  208  193  177  158  145  128  124  122  122                                   
    70.0-180.0 180.0   5.0 450.0                            LAT/LON1/LON2/DLON/H
  121  118  121  125  131  142  151  159  164  166  164  160  153  144  135  126
  118  112  108  106  106  108  112  117  123  130  138  147  158  170  183  198
  213  228  243  258  271  283  293  301  308  313  317  319  321  322  321  320
  318  315  312  308  304  300  297  294  291  288  285  281  276  269  260  250
  235  218  200  178  159  138  132  130  121                                   
    67.5-180.0 180.0   5.0 450.0                            LAT/LON1/LON2/DLON/H
  116  110  112  115  121  131  140  148  154  156  156  153  148  141  133  126
  120  116  114  114  116  120  125  130  137  144  152  161  170  181  192  205
  219  232  246  260  272  283  293  302  309  315  321  325  328  330  331  330
  328  325  321  317  312  307  303  300  296  294  291  288  284  278  271  261
  249  233  214  191  169  145  136  135  116                                   
    65.0-180.0 180.0   5.0 450.0                            LAT/LON1/LON2/DLON/H
  113  104  102  104  108  115  124  131  138  142  144  143  140  135  130  125
  122  120  120  122  125  130  135  142  148  156  163  171  180  189  199  210
  222  234  246  258  269  280  289  298  306  313  320  326  331  335  336  336
  333  329  324  318  311  305  299  294  290  286  283  280  277  272  267  259
  249  236  219  198  177  153  142  140  113                                   
    62.5-180.0 180.0   5.0 450.0                            LAT/LON1/LON2/DLON/H
  110   99   95   94   95   99  105  112  119  124  128  131  130  128  125  123
  121  121  122  125  129  133  139  145  152  160  167  176  184  193  202  212
  222  233  244  255  265  274  283  291  300  309  317  325  332  336  338  337
  333  328  321  313  305  297  290  283  277  272  268  265  261  257  253  247
  240  229  217  199  180  157  145  142  110                                   
    60.0-180.0 180.0   5.0 450.0                            LAT/LON1/LON2/DLON/H
  112   98   92   86   84   84   87   92   98  104  110  115  117  118  117  116
  116  117  118  121  124  128  133  139  146  155  163  172  181  191  200  211
  221  232  243  253  262  270  278  287  296  305  316  325  333  339  341  339
  335  329  321  312  303  294  285  277  269  263  257  252  248  243  238  234
  228  221  211  197  182  162  150  143  112                                   
    57.5-180.0 180.0   5.0 450.0                            LAT/LON1/LON2/DLON/H
  120  105   95   84   78   73   73   75   80   86   93   99  103  105  106  107
  108  109  110  111  113  116  120  126  134  144  154  165  176  186  197  209
  221  233  245  255  264  273  280  288  297  308  319  331  340  347  349  348
  343  336  328  319  309  300  290  281  273  265  258  252  245  239  233  229
  223  218  211  200  188  170  159  148  120                                   
    55.0-180.0 180.0   5.0 450.0                            LAT/LON1/LON2/DLON/H
  133  118  105   90   81   71   66   65   67   72   79   85   89   92   94   95
   96   98   98   99   99  101  104  111  120  131  143  156  168  181  194  208
  222  237  250  263  273  281  289  296  306  316  329  341  352  360  363  362
  357  350  342  334  325  316  307  298  289  281  273  265  257  249  242  236
  229  224  218  209  200  184  172  158  133                                   
    52.5-180.0 180.0   5.0 450.0                            LAT/LON1/LON2/DLON/H
  152  137  123  104   92   77   69   63   63   66   70   75   79   81   82   84
   85   87   88   88   87   88   92   99  109  121  135  149  163  177  192  209
  226  243  260  274  286  295  303  311  320  331  343  357  368  376  380  380
  376  370  363  356  348  340  332  323  314  305  298  290  281  272  263  254
  246  240  233  224  215  201  190  172  152                                   
    50.0-180.0 180.0   5.0 450.0                            LAT/LON1/LON2/DLON/H
  172  160  145  124  110   93   81   72   68   67   69   72   73   74   75   76
   78   80   81   81   81   82   86   93  105  119  133  148  162  177  193  211
  231  251  271  288  302  313  322  330  338  349  362  375  386  395  399  399
  396  392  386  381  375  367  359  350  341  333  325  318  310  301  290  280
  269  261  251  241  232  219  207  189  172                                   
    47.5-180.0 180.0   5.0 450.0                            LAT/LON1/LON2/DLON/H
  189  180  167  147  133  115  101   88   81   77   76   75   74   73   73   74
   76   79   81   81   82   83   88   97  109  123  138  153  166  181  197  216
  237  260  282  302  318  331  341  350  359  369  381  393  404  412  416  417
  415  412  408  404  398  391  381  371  361  352  346  340  334  325  315  303
  290  280  267  255  245  233  220  204  189                                   
    45.0-180.0 180.0   5.0 450.0                            LAT/LON1/LON2/DLON/H
  200  195  185  168  156  139  125  111  100   93   88   84   81   78   77   78
   81   84   87   88   89   92   97  107  120  135  149  162  175  188  203  222
  244  267  291  313  332  347  360  370  380  390  401  411  421  428  431  433
  432  429  426  421  415  406  394  380  367  358  351  347  343  336  327  315
  301  289  274  260  248  237  225  212  200                                   
    42.5-180.0 180.0   5.0 450.0                            LAT/LON1/LON2/DLON/H
  202  201  196  183  174  161  148  134  122  112  104   98   93   89   87   88
   91   95   99  100  102  105  111  121  134  149  162  174  185  197  212  230
  251  274  298  322  343  361  376  389  400  411  421  430  438  443  447  448
  448  446  442  436  428  415  399  381  364  350  342  338  336  331  323  312
  299  285  268  252  239  229  219  210  202                                   
    40.0-180.0 180.0   5.0 450.0                            LAT/LON1/LON2/DLON/H
  196  198  198  189  185  176  166  153  141  130  121  113  107  103  101  102
  106  110  113  114  116  119  125  135  148  161  174  185  196  208  222  239
  258  280  304  329  352  373  392  408  422  435  445  453  459  463  466  468
  468  467  463  456  445  429  409  385  362  343  331  325  321  317  310  300
  286  271  252  235  221  210  204  197  196                                   
    37.5-180.0 180.0   5.0 450.0                            LAT/LON1/LON2/DLON/H
  185  188  191  186  187  181  176  166  155  144  135  127  121  117  116  117
  120  124  126  127  127  130  136  145  157  170  183  195  207  220  234  250
  268  289  312  337  363  387  410  430  448  464  475  483  488  491  495  498
  500  500  497  490  479  461  437  409  379  353  334  322  314  308  300  289
  274  258  236  217  201  189  184  178  185                                   
    35.0-180.0 180.0   5.0 450.0                            LAT/LON1/LON2/DLON/H
  175  178  181  177  181  179  178  171  162  152  144  137  132  130  130  131
  133  135  136  136  135  137  141  150  161  174  187  201  217  232  249  265
  282  302  324  350  377  405  431  457  480  500  514  523  528  532  538  544
  549  551  551  546  537  520  495  462  426  392  364  344  330  318  306  293
  276  256  233  209  191  176  170  162  175                                   
    32.5-180.0 180.0   5.0 450.0                            LAT/LON1/LON2/DLON/H
  173  172  172  168  173  171  174  170  163  156  148  143  140  139  139  140
  141  142  142  141  140  140  143  150  161  173  189  206  225  245  265  283
  301  320  343  369  398  428  459  489  517  542  560  572  580  587  596  605
  615  622  627  627  622  609  585  550  507  464  427  398  376  357  340  322
  302  279  252  223  201  180  171  159  173                                   
    30.0-180.0 180.0   5.0 450.0                            LAT/LON1/LON2/DLON/H
  183  176  170  163  166  165  169  167  162  156  150  146  144  144  145  146
  146  145  144  143  142  141  144  149  159  172  189  210  234  259  283  304
  324  344  368  396  426  459  493  526  559  589  612  630  642  653  666  681
  697  710  721  729  731  724  704  668  621  569  523  485  456  430  407  383
  358  331  300  265  239  209  194  175  183                                   
    27.5-180.0 180.0   5.0 450.0                            LAT/LON1/LON2/DLON/H
  207  194  180  167  168  165  168  168  164  159  153  149  147  148  148  148
  147  146  145  145  144  144  145  149  158  171  190  215  243  273  301  326
  349  372  399  429  462  496  531  566  603  636  665  688  707  724  743  764
  785  805  824  839  849  850  835  802  753  696  643  598  562  530  501  472
  442  412  377  335  302  263  238  210  207                                   
    25.0-180.0 180.0   5.0 450.0                            LAT/LON1/LON2/DLON/H
  247  227  205  185  181  176  177  176  172  166  160  155  151  151  151  150
  148  147  147  147  148  148  149  153  161  175  195  221  253  285  317  346
  373  401  432  465  500  534  569  604  641  677  711  740  765  789  813  839
  866  891  915  937  954  961  953  925  878  821  765  717  677  640  605  571
  539  508  470  423  383  337  300  263  247                                   
    22.5-180.0 180.0   5.0 450.0                            LAT/LON1/LON2/DLON/H
  298  274  245  218  208  199  196  194  188  181  172  164  158  156  154  153
  151  150  150  152  154  154  155  159  167  181  202  229  262  296  330  363
  395  428  464  500  535  568  601  635  671  707  743  776  807  836  865  895
  924  951  977 1001 1020 1030 1027 1005  965  913  861  813  770  731  693  656
  623  595  558  510  467  418  372  326  298                                   
    20.0-180.0 180.0   5.0 450.0                            LAT/LON1/LON2/DLON/H
  356  329  298  264  245  233  226  221  213  203  191  179  169  164  161  159
  157  156  157  159  161  162  163  167  175  190  210  237  269  303  339  375
  413  451  490  528  562  594  623  655  688  724  760  795  828  860  891  921
  949  975  998 1018 1035 1045 1043 1027  995  952  906  862  821  781  743  705
  673  651  621  577  538  491  443  391  356                                   
    17.5-180.0 180.0   5.0 450.0                            LAT/LON1/LON2/DLON/H
  414  384  355  316  290  274  263  255  244  231  215  199  185  176  171  168
  166  165  165  167  168  168  168  172  181  196  217  244  274  309  346  386
  427  468  509  546  579  609  636  665  696  730  764  798  830  861  891  919
  943  964  980  993 1003 1009 1008  996  973  939  902  864  827  789  752  714
  684  667  646  611  582  544  501  449  414                                   
    15.0-180.0 180.0   5.0 450.0                            LAT/LON1/LON2/DLON/H
  461  432  408  368  336  316  301  289  276  261  243  223  206  193  186  182
  179  176  174  173  171  169  169  173  183  200  223  250  281  315  353  394
  437  479  520  556  587  615  641  668  698  729  761  791  820  848  874  897
  915  928  935  939  941  941  939  931  916  894  867  838  805  769  731  692
  661  646  634  610  596  570  537  493  461                                   
    12.5-180.0 180.0   5.0 450.0                            LAT/LON1/LON2/DLON/H
  496  470  452  412  377  353  334  318  304  288  269  248  228  214  205  199
  194  188  183  177  171  165  163  167  180  202  229  258  288  322  361  402
  445  487  526  561  590  617  643  671  700  730  758  784  808  831  852  868
  879  883  882  878  872  867  863  859  853  842  826  805  777  741  700  657
  622  604  596  582  583  573  550  520  496                                   
    10.0-180.0 180.0   5.0 450.0                            LAT/LON1/LON2/DLON/H
  518  499  486  447  410  382  359  339  323  307  289  269  249  234  224  216
  209  200  189  178  166  156  152  158  175  202  234  266  299  333  371  412
  454  494  531  563  592  618  646  675  706  735  760  782  801  819  834  845
  849  848  841  832  821  813  808  808  808  805  798  783  757  719  674  625
  583  560  550  543  556  560  549  532  518                                   
     7.5-180.0 180.0   5.0 450.0                            LAT/LON1/LON2/DLON/H
  531  521  511  473  435  403  375  351  332  316  299  282  264  249  239  231
  222  209  193  176  160  146  141  148  169  201  239  277  312  348  384  423
