data/edconvlstm_nd/pred1100.15i
     1.0            IONOSPHERE MAPS     GNSS                IONEX VERSION / TYPE
pyspatialgeodesy        IME             05-JAN-18 20:20     PGM / RUN BY / DATE 
Map Name                                                    COMMENT             
Predicted global ionosphere maps (GIM).                     DESCRIPTION         
  2015     4    20     0     0     0                        EPOCH OF FIRST MAP  
  2015     4    21     0     0     0                        EPOCH OF LAST MAP   
  7200                                                      INTERVAL            
    13                                                      # OF MAPS IN FILE   
  NONE                                                      MAPPING FUNCTION    
10.0                                                        ELEVATION CUTOFF    
One-way carrier phase leveled to code                       OBSERVABLES USED    
  6371.0                                                    BASE RADIUS         
 2                                                          MAP DIMENSION       
   450.0 450.0   0.0                                        HGT1 / HGT2 / DHGT  
    87.5 -87.5  -2.5                                        LAT1 / LAT2 / DLAT  
  -180.0 180.0   5.0                                        LON1 / LON2 / DLON  
    -1                                                      EXPONENT            
                                                            END OF HEADER       
[from data line 4290]
    11                                                      START OF TEC MAP    
  2015     4    20    20     0     0                        EPOCH OF CURRENT MAP
    87.5-180.0 180.0   5.0 450.0                            LAT/LON1/LON2/DLON/H
  225  213  198  206  207  209  210  210  211  214  215  217  218  220  221  222
  222  223  223  223  222  221  220  219  217  216  214  212  210  209  207  205
  203  202  200  199  198  197  196  195  195  194  194  194  194  194  194  195
  195  196  196  197  197  198  199  199  200  200  200  201  201  201  201  201
  200  201  200  202  209  212  208  214  225                                   
    85.0-180.0 180.0   5.0 450.0                            LAT/LON1/LON2/DLON/H
  205  204  207  205  202  208  210  213  215  218  220  222  225  227  229  231
  232  233  233  233  233  232  230  228  226  224  221  219  216  214  211  208
  206  204  202  200  198  197  196  195  194  194  194  194  194  194  195  195
  196  197  197  198  199  200  200  201  202  202  203  203  204  204  204  203
  204  203  203  203  205  197  197  207  205                                   
    82.5-180.0 180.0   5.0 450.0                            LAT/LON1/LON2/DLON/H
  182  186  187  188  188  195  200  204  207  212  216  221  226  231  235  238
  241  243  244  244  243  241  239  236  233  229  225  221  217  213  209  205
  201  198  195  192  190  188  186  185  184  183  183  183  183  183  184  185
  185  186  188  189  190  191  192  193  195  195  196  197  197  197  197  196
  195  193  192  196  194  194  187  184  182                                   
    80.0-180.0 180.0   5.0 450.0                            LAT/LON1/LON2/DLON/H
  171  174  177  178  177  182  189  197  203  210  216  224  231  237  243  247
  251  253  253  253  251  249  245  241  236  231  226  221  216  211  206  201
  196  192  189  186  183  181  180  179  178  178  178  178  178  179  180  181
  182  184  185  187  188  190  191  193  194  196  196  197  197  196  196  195
  194  191  189  191  186  174  169  173  171                                   
    77.5-180.0 180.0   5.0 450.0                            LAT/LON1/LON2/DLON/H
  169  160  167  167  169  174  181  189  197  205  214  224  233  241  249  255
  259  261  262  261  259  255  251  246  240  235  229  223  217  212  206  202
  197  193  189  186  184  182  181  180  179  178  178  178  178  178  179  179
  180  181  182  184  185  187  189  190  192  193  194  194  194  193  193  191
  188  186  184  184  182  168  164  173  169                                   
    75.0-180.0 180.0   5.0 450.0                            LAT/LON1/LON2/DLON/H
  169  163  165  165  166  172  178  186  195  206  215  226  236  245  253  259
  262  264  264  262  259  254  249  244  238  232  226  221  215  210  205  201
  197  193  190  188  186  184  183  182  181  181  181  180  180  179  179  179
  179  180  180  181  182  183  185  186  187  188  189  189  189  189  188  188
  185  184  183  181  179  166  163  164  169                                   
    72.5-180.0 180.0   5.0 450.0                            LAT/LON1/LON2/DLON/H
  173  168  170  174  172  177  183  190  199  209  219  231  241  251  258  264
  267  268  266  263  259  254  248  242  236  230  224  219  214  209  205  201
  198  195  192  190  188  186  185  185  184  183  182  181  179  178  177  176
  175  175  174  175  175  176  176  177  177  178  178  178  179  179  179  179
  177  177  177  176  175  167  167  173  173                                   
    70.0-180.0 180.0   5.0 450.0                            LAT/LON1/LON2/DLON/H
  184  180  182  183  182  186  190  197  205  216  225  236  246  254  261  265
  267  266  264  260  255  249  243  237  230  224  219  214  209  205  202  198
  195  193  190  188  186  185  183  183  182  181  179  177  175  172  170  168
  166  165  164  164  164  163  163  162  162  162  162  163  163  164  165  167
  167  168  171  173  175  172  176  180  184                                   
    67.5-180.0 180.0   5.0 450.0                            LAT/LON1/LON2/DLON/H
  196  195  198  201  201  204  207  214  221  231  240  251  259  267  272  275
  276  274  271  267  262  255  248  241  234  228  222  216  212  208  205  201
  199  196  193  190  187  185  184  183  182  180  178  175  171  167  164  161
  159  158  156  156  155  153  152  151  150  150  150  150  151  153  155  158
  160  163  167  171  175  176  182  188  196                                   
    65.0-180.0 180.0   5.0 450.0                            LAT/LON1/LON2/DLON/H
  202  204  208  211  212  215  218  224  231  241  249  259  267  273  277  280
  280  279  276  272  267  260  253  245  237  229  222  216  212  208  205  202
  198  195  190  186  183  180  177  176  174  172  168  164  159  154  149  146
  143  141  140  139  138  136  134  132  131  130  130  132  133  136  140  144
  147  152  159  164  172  178  185  192  202                                   
    62.5-180.0 180.0   5.0 450.0                            LAT/LON1/LON2/DLON/H
  203  208  212  217  220  223  227  233  240  250  258  267  275  281  285  288
  289  289  288  285  280  273  265  255  246  236  228  221  216  213  210  206
  202  197  192  186  180  175  172  169  167  164  160  154  148  141  135  130
  127  125  124  123  122  120  118  115  114  113  114  116  119  123  128  133
  137  144  151  157  165  173  181  189  203                                   
    60.0-180.0 180.0   5.0 450.0                            LAT/LON1/LON2/DLON/H
  198  204  210  216  220  224  229  235  244  253  262  271  279  286  291  295
  298  300  301  299  295  288  279  268  257  246  237  230  225  222  219  216
  211  205  197  189  182  175  170  167  163  159  154  147  139  130  123  117
  113  111  110  109  108  106  104  101  100  100  101  104  108  113  120  126
  132  139  147  151  158  167  175  183  198                                   
    57.5-180.0 180.0   5.0 450.0                            LAT/LON1/LON2/DLON/H
  192  199  205  212  218  222  228  235  244  254  264  273  282  289  296  302
  308  312  315  315  311  304  294  282  270  258  249  243  239  237  235  232
  227  219  210  200  190  181  175  170  166  161  154  146  136  126  117  110
  105  102  101  100   99   98   96   94   92   92   94   98  103  110  118  126
  133  141  149  152  157  164  171  177  192                                   
    55.0-180.0 180.0   5.0 450.0                            LAT/LON1/LON2/DLON/H
  190  198  204  211  218  223  229  235  245  255  265  274  284  293  302  311
  319  325  329  329  325  318  308  296  284  273  265  261  259  258  257  254
  248  240  229  216  205  194  186  180  175  169  162  152  141  129  119  111
  105  102  100   99   98   97   95   93   92   93   95   99  106  114  124  134
  142  152  160  162  165  169  175  179  190                                   
    52.5-180.0 180.0   5.0 450.0                            LAT/LON1/LON2/DLON/H
  197  205  212  217  224  230  235  241  249  258  268  277  288  298  309  320
  329  336  340  340  336  329  319  308  298  290  285  283  283  283  283  279
  273  263  250  236  223  211  202  195  188  182  173  163  152  140  129  120
  113  109  106  105  104  103  101  100   99   99  102  106  113  123  134  147
  158  170  180  182  182  185  190  192  197                                   
    50.0-180.0 180.0   5.0 450.0                            LAT/LON1/LON2/DLON/H
  213  222  230  234  241  247  251  255  261  269  276  285  296  308  320  332
  342  348  350  349  344  337  329  321  314  309  307  307  309  310  308  304
  295  284  271  256  242  229  218  209  202  195  186  177  165  154  144  135
  128  123  119  117  115  114  113  112  112  112  114  118  125  135  148  163
  177  193  204  209  209  211  216  216  213                                   
    47.5-180.0 180.0   5.0 450.0                            LAT/LON1/LON2/DLON/H
  239  249  257  260  267  273  275  277  282  286  292  300  310  322  335  347
  356  359  359  356  351  346  340  335  332  330  331  333  334  333  330  322
  312  299  285  271  257  243  231  220  212  204  196  187  178  169  160  152
  145  139  134  131  129  128  128  128  128  128  129  132  138  148  162  179
  196  215  230  239  239  243  250  250  239                                   
    45.0-180.0 180.0   5.0 450.0                            LAT/LON1/LON2/DLON/H
  269  281  289  293  299  305  305  306  308  311  314  321  330  343  356  366
  372  373  369  364  359  356  353  352  351  352  354  355  354  350  342  332
  319  306  293  280  267  253  239  227  216  208  200  193  186  179  173  167
  161  155  149  144  142  141  142  143  143  143  143  144  149  158  173  191
  211  234  252  265  268  275  284  288  269                                   
    42.5-180.0 180.0   5.0 450.0                            LAT/LON1/LON2/DLON/H
  301  315  323  327  334  338  338  337  337  339  340  346  356  369  381  390
  392  389  382  376  371  370  370  370  371  372  372  370  366  358  346  333
  320  308  297  287  275  261  246  230  217  207  200  194  189  185  182  178
  173  167  160  155  152  151  153  154  155  155  154  154  157  165  179  198
  219  246  267  285  290  302  315  322  301                                   
    40.0-180.0 180.0   5.0 450.0                            LAT/LON1/LON2/DLON/H
  328  344  354  358  365  368  369  367  367  367  368  375  385  398  410  416
  415  408  399  392  389  389  390  390  389  387  384  379  371  359  346  332
  320  311  304  297  288  274  256  237  221  208  199  193  190  187  186  184
  180  175  168  163  160  159  161  163  164  163  161  160  162  168  180  199
  220  249  273  294  302  319  335  347  328                                   
    37.5-180.0 180.0   5.0 450.0                            LAT/LON1/LON2/DLON/H
  350  368  379  382  392  393  395  394  394  395  397  404  415  429  441  446
  442  432  422  416  414  414  414  411  406  399  392  384  374  363  350  338
  329  324  322  318  311  296  276  253  232  216  205  197  192  190  189  188
  186  182  176  171  168  168  169  171  171  169  166  164  163  167  178  194
  215  243  269  291  302  324  345  359  350                                   
    35.0-180.0 180.0   5.0 450.0                            LAT/LON1/LON2/DLON/H
  367  386  399  401  412  413  417  417  420  422  426  434  447  462  473  477
  471  461  450  445  443  442  439  431  421  411  402  393  385  376  367  360
  356  356  357  357  350  334  311  283  258  237  221  209  201  197  195  194
  194  191  188  184  182  182  183  183  181  178  173  169  166  167  175  188
  207  234  259  282  295  320  346  361  367                                   
    32.5-180.0 180.0   5.0 450.0                            LAT/LON1/LON2/DLON/H
  382  402  416  418  430  431  437  439  445  450  456  467  481  496  507  510
  503  492  482  477  475  472  464  452  439  427  418  412  408  406  403  403
  405  409  413  415  408  390  362  329  298  272  251  234  221  212  208  207
  207  207  206  205  205  205  204  202  198  193  186  179  174  172  176  186
  201  225  248  271  287  313  342  357  382                                   
    30.0-180.0 180.0   5.0 450.0                            LAT/LON1/LON2/DLON/H
  399  418  433  436  450  452  460  464  474  482  491  503  518  533  543  545
  538  526  516  510  506  500  490  476  462  452  447  448  451  456  463  470
  477  484  490  489  479  456  423  385  349  318  292  270  252  238  230  228
  229  232  235  237  237  237  234  228  221  213  204  195  186  181  182  189
  200  222  242  264  281  309  340  355  399                                   
    27.5-180.0 180.0   5.0 450.0                            LAT/LON1/LON2/DLON/H
  417  436  452  460  476  480  490  497  509  521  533  546  561  574  583  583
  576  563  552  543  536  528  517  505  495  491  494  503  515  530  545  558
  568  573  574  566  548  518  479  437  397  364  335  310  288  271  260  257
  260  265  272  276  278  276  269  260  248  236  224  212  201  193  190  194
  203  223  241  262  282  309  342  357  417                                   
    25.0-180.0 180.0   5.0 450.0                            LAT/LON1/LON2/DLON/H
  436  456  472  487  509  516  529  538  555  569  583  597  611  623  629  628
  619  605  591  579  568  559  549  542  541  547  560  579  600  621  640  653
  659  656  644  623  593  554  510  466  428  396  369  344  322  304  293  291
  296  305  314  321  322  317  307  292  275  259  244  229  216  204  199  200
  208  226  244  265  287  315  349  366  436                                   
    22.5-180.0 180.0   5.0 450.0                            LAT/LON1/LON2/DLON/H
  452  476  493  516  544  555  572  586  606  624  640  655  668  678  682  680
  670  655  638  621  606  596  591  593  602  620  644  670  695  716  731  735
  728  707  675  637  594  549  503  462  428  402  382  363  345  332  325  326
  334  346  357  364  363  355  340  320  298  277  259  242  226  213  205  204
  211  229  249  270  293  323  358  378  452                                   
    20.0-180.0 180.0   5.0 450.0                            LAT/LON1/LON2/DLON/H
  461  492  510  542  576  591  612  631  656  677  697  714  727  737  741  740
  732  717  696  674  656  646  647  658  679  707  736  762  782  794  795  782
  753  708  655  600  548  500  457  422  397  381  370  362  354  350  351  358
  369  382  393  398  395  382  362  337  311  287  265  246  229  215  206  204
  211  230  250  273  297  329  365  390  461                                   
    17.5-180.0 180.0   5.0 450.0                            LAT/LON1/LON2/DLON/H
  461  499  522  559  599  619  644  667  696  721  745  765  782  795  803  806
  802  789  768  744  723  714  718  737  764  794  820  837  843  838  819  783
  729  662  591  524  467  419  383  357  344  340  342  346  352  359  369  382
  396  408  417  418  411  394  370  342  313  287  263  242  224  209  200  198
  205  225  248  271  297  330  367  396  461                                   
    15.0-180.0 180.0   5.0 450.0                            LAT/LON1/LON2/DLON/H
  452  496  526  567  611  635  664  690  722  751  779  805  827  846  861  872
  876  870  852  827  805  795  801  820  845  868  881  882  869  843  802  744
  670  586  504  432  374  332  304  290  289  297  311  328  345  362  380  397
  411  421  425  421  409  389  363  334  304  277  252  231  213  199  191  189
  196  216  240  264  292  326  362  393  452                                   
    12.5-180.0 180.0   5.0 450.0                            LAT/LON1/LON2/DLON/H
  437  484  521  566  613  642  675  703  737  768  799  830  859  886  910  931
  945  948  936  915  893  882  885  898  912  919  913  894  861  816  758  685
  599  508  423  353  301  267  249  246  255  273  294  317  340  363  384  402
  414  419  417  408  391  368  341  313  285  259  234  214  197  186  179  178
  185  204  228  253  282  317  352  383  437                                   
    10.0-180.0 180.0   5.0 450.0                            LAT/LON1/LON2/DLON/H
  419  469  512  560  611  645  681  710  744  775  808  842  877  911  944  975
 1000 1013 1009  993  973  961  958  959  957  944  918  879  831  773  705  626
  539  451  372  310  268  243  234  239  255  276  299  321  343  364  384  398
  407  407  399  383  362  337  310  284  259  235  213  194  181  172  168  167
  173  192  216  240  271  307  341  371  419                                   
     7.5-180.0 180.0   5.0 450.0                            LAT/LON1/LON2/DLON/H
  403  458  505  556  610  648  687  716  749  779  811  846  884  923  962 1001
 1034 1055 1060 1050 1034 1020 1009  996  975  943  899  847  789  727  659  585
