data/edconvlstm_nd/pred1760.15i
     1.0            IONOSPHERE MAPS     GNSS                IONEX VERSION / TYPE
pyspatialgeodesy        IME             05-JAN-18 20:20     PGM / RUN BY / DATE 
Map Name                                                    COMMENT             
Predicted global ionosphere maps (GIM).                     DESCRIPTION         
  2015     6    25     0     0     0                        EPOCH OF FIRST MAP  
  2015     6    26     0     0     0                        EPOCH OF LAST MAP   
  7200                                                      INTERVAL            
    13                                                      # OF MAPS IN FILE   
  NONE                                                      MAPPING FUNCTION    
10.0                                                        ELEVATION CUTOFF    
One-way carrier phase leveled to code                       OBSERVABLES USED    
  6371.0                                                    BASE RADIUS         
 2                                                          MAP DIMENSION       
   450.0 450.0   0.0                                        HGT1 / HGT2 / DHGT  
    87.5 -87.5  -2.5                                        LAT1 / LAT2 / DLAT  
  -180.0 180.0   5.0                                        LON1 / LON2 / DLON  
    -1                                                      EXPONENT            
                                                            END OF HEADER       
[from data line 4719]
    12                                                      START OF TEC MAP    
  2015     6    25    22     0     0                        EPOCH OF CURRENT MAP
    87.5-180.0 180.0   5.0 450.0                            LAT/LON1/LON2/DLON/H
  149  136  121  127  129  126  125  123  122  123  122  122  122  122  122  121
  121  121  120  119  119  118  117  116  115  114  113  113  112  111  110  110
  109  108  108  108  107  107  107  107  107  107  107  107  107  108  108  108
  109  109  109  110  110  111  111  112  112  113  113  114  114  115  115  116
  116  117  117  117  130  129  139  143  149                                   
    85.0-180.0 180.0   5.0 450.0                            LAT/LON1/LON2/DLON/H
  149  144  147  137  134  136  136  136  136  137  136  136  136  135  135  135
  135  134  134  133  132  131  130  128  127  126  124  123  122  121  120  119
  118  117  116  116  115  115  115  114  114  114  115  115  115  116  116  117
  117  118  118  119  119  120  121  121  122  123  123  124  125  126  126  127
  129  129  129  128  133  129  131  132  149                                   
    82.5-180.0 180.0   5.0 450.0                            LAT/LON1/LON2/DLON/H
  132  133  133  129  129  131  133  132  130  131  131  131  131  131  131  131
  130  130  129  128  127  125  124  122  120  118  116  114  113  111  110  108
  107  107  106  105  105  105  104  104  104  105  105  105  106  106  107  108
  109  109  110  111  112  112  113  113  114  115  115  116  117  118  119  119
  121  121  121  126  130  139  131  131  132                                   
    80.0-180.0 180.0   5.0 450.0                            LAT/LON1/LON2/DLON/H
  126  129  133  128  127  125  129  131  130  131  131  132  132  133  133  133
  133  132  131  130  128  126  124  121  118  116  113  110  108  106  104  102
  101  100   99   99   98   98   98   98   98   99   99  100  101  102  103  104
  105  107  108  109  109  110  110  111  112  112  113  113  114  115  117  118
  120  121  122  125  126  127  126  132  126                                   
    77.5-180.0 180.0   5.0 450.0                            LAT/LON1/LON2/DLON/H
  134  128  134  130  131  130  132  133  133  133  133  134  135  135  136  136
  136  136  135  134  132  130  127  124  121  117  113  110  107  104  102  101
  100   99   99   99   99   99   99  100  100  101  101  102  103  105  106  108
  109  111  112  113  114  114  115  115  115  115  115  116  116  117  118  119
  121  123  125  128  133  129  133  145  134                                   
    75.0-180.0 180.0   5.0 450.0                            LAT/LON1/LON2/DLON/H
  135  130  132  127  127  128  129  130  131  133  133  135  136  137  138  138
  139  139  139  138  136  133  130  126  122  118  113  109  106  103  101  100
   99   99   99  100  100  100  100  100  100  101  101  102  103  105  107  109
  110  112  114  115  115  116  116  116  115  115  115  115  115  116  117  119
  121  123  126  126  130  126  129  130  135                                   
    72.5-180.0 180.0   5.0 450.0                            LAT/LON1/LON2/DLON/H
  136  130  132  133  129  129  132  132  132  133  134  136  137  139  140  141
  141  142  142  141  139  137  133  129  124  118  113  108  104  101   99   98
   98   99  100  101  101  102  102  102  101  101  101  102  103  105  107  109
  111  113  115  116  117  117  117  117  117  116  115  115  115  115  117  118
  119  122  126  125  128  126  130  139  136                                   
    70.0-180.0 180.0   5.0 450.0                            LAT/LON1/LON2/DLON/H
  138  130  130  128  124  124  125  127  129  131  133  135  137  139  140  141
  142  143  143  143  142  139  135  131  125  118  112  107  103  100   98   98
   99  100  101  102  103  103  102  101  100   99   98   98   99  100  102  104
  107  109  111  112  113  113  113  113  113  112  112  111  111  112  114  115
  117  120  124  125  129  128  133  140  138                                   
    67.5-180.0 180.0   5.0 450.0                            LAT/LON1/LON2/DLON/H
  144  135  134  133  129  129  131  133  134  137  139  142  144  146  147  149
  150  151  151  151  150  148  144  138  132  125  118  112  108  106  105  105
  107  108  110  110  110  110  108  106  104  102  101  100  100  101  103  105
  107  109  111  112  113  114  114  114  114  114  114  115  115  116  117  119
  121  124  128  129  131  130  134  141  144                                   
    65.0-180.0 180.0   5.0 450.0                            LAT/LON1/LON2/DLON/H
  146  136  134  133  128  127  129  131  134  137  140  143  145  148  149  151
  152  153  154  155  154  152  148  143  136  129  122  117  113  112  112  113
  114  116  116  116  115  113  111  108  104  101   98   97   96   96   97   99
  100  102  103  104  105  105  106  107  108  109  110  111  113  114  116  118
  120  123  128  130  134  134  139  145  146                                   
    62.5-180.0 180.0   5.0 450.0                            LAT/LON1/LON2/DLON/H
  151  140  139  137  133  131  132  134  137  140  143  146  149  151  153  155
  156  158  159  160  160  158  154  149  142  136  130  125  123  122  123  124
  125  125  125  124  122  119  115  111  106  102   99   96   94   94   94   94
   95   96   96   97   97   97   98  100  102  105  108  111  113  115  117  120
  121  125  129  131  135  134  140  145  151                                   
    60.0-180.0 180.0   5.0 450.0                            LAT/LON1/LON2/DLON/H
  155  144  143  141  137  135  135  137  139  142  145  148  151  153  155  157
  159  161  162  163  164  163  159  154  149  143  138  135  134  134  135  136
  136  136  134  131  127  123  119  114  109  105  100   97   94   92   91   90
   90   89   88   88   87   88   89   92   96  100  105  109  113  116  118  121
  122  125  129  131  136  137  144  149  155                                   
    57.5-180.0 180.0   5.0 450.0                            LAT/LON1/LON2/DLON/H
  159  149  148  146  144  141  141  142  143  145  146  149  152  154  156  158
  160  162  164  166  167  166  163  159  154  149  146  144  145  147  148  148
  147  144  140  136  131  127  122  118  113  108  103   99   95   92   90   88
   86   84   81   80   79   79   81   84   89   96  102  108  113  117  120  122
  123  126  129  131  136  138  145  150  159                                   
    55.0-180.0 180.0   5.0 450.0                            LAT/LON1/LON2/DLON/H
  163  154  155  154  152  150  149  149  148  149  149  151  153  155  157  159
  160  162  164  167  168  169  167  163  159  155  153  154  156  158  159  158
  155  150  145  139  134  130  125  121  117  112  107  103   99   95   91   87
   84   80   77   74   72   72   74   79   85   93  101  108  114  119  122  124
  125  127  129  130  135  139  147  152  163                                   
    52.5-180.0 180.0   5.0 450.0                            LAT/LON1/LON2/DLON/H
  165  159  161  161  161  160  159  158  156  154  153  153  153  155  156  158
  159  161  163  166  169  169  168  165  162  160  159  161  164  167  167  165
  160  154  147  140  135  131  128  125  121  117  112  107  103   98   93   89
   84   79   74   70   68   68   70   75   83   92  101  109  116  121  124  126
  127  128  130  130  134  139  148  154  165                                   
    50.0-180.0 180.0   5.0 450.0                            LAT/LON1/LON2/DLON/H
  167  163  167  168  171  171  170  169  166  163  159  157  156  157  157  158
  158  160  162  166  169  170  170  168  165  164  165  167  171  173  172  169
  163  155  148  142  137  134  132  129  125  122  117  112  108  103   97   92
   86   80   75   70   67   67   70   75   83   93  102  111  118  124  127  130
  130  131  132  131  135  139  148  155  167                                   
    47.5-180.0 180.0   5.0 450.0                            LAT/LON1/LON2/DLON/H
  169  167  171  174  179  181  182  181  178  173  168  164  161  160  159  158
  158  159  161  165  169  171  172  170  168  168  169  172  176  177  176  171
  164  156  150  145  141  139  137  134  131  127  122  118  113  108  103   97
   90   84   78   72   69   69   72   78   87   96  106  115  122  127  132  134
  134  135  136  134  136  141  149  156  169                                   
    45.0-180.0 180.0   5.0 450.0                            LAT/LON1/LON2/DLON/H
  171  169  174  178  185  189  191  192  189  185  179  173  169  166  163  160
  159  159  161  166  170  174  175  174  173  173  175  178  181  181  179  174
  167  160  155  151  149  147  144  141  137  133  129  124  120  115  109  103
   96   89   83   77   74   74   77   83   92  102  111  120  127  133  137  140
  140  141  141  138  140  143  151  157  171                                   
    42.5-180.0 180.0   5.0 450.0                            LAT/LON1/LON2/DLON/H
  172  171  175  179  188  194  198  201  200  197  191  185  179  174  169  164
  161  161  163  168  173  177  179  179  179  179  182  185  187  187  183  178
  173  168  164  162  160  158  155  150  145  141  136  132  128  123  117  111
  104   96   89   83   80   80   83   90   99  108  118  126  133  139  144  147
  148  149  148  145  145  147  154  160  172                                   
    40.0-180.0 180.0   5.0 450.0                            LAT/LON1/LON2/DLON/H
  174  172  175  179  189  196  202  207  209  207  203  197  190  184  177  171
  166  165  167  172  178  183  186  187  187  188  191  194  195  194  191  186
  182  179  177  176  175  172  167  161  155  150  145  141  137  133  127  119
  112  104   96   90   86   86   89   96  105  115  124  133  140  146  152  155
  156  157  157  153  152  152  158  163  174                                   
    37.5-180.0 180.0   5.0 450.0                            LAT/LON1/LON2/DLON/H
  177  174  175  179  189  196  204  211  216  217  215  210  203  196  187  180
  174  172  174  179  186  191  195  196  197  199  202  205  206  204  200  196
  193  193  193  192  190  186  180  172  166  160  156  152  148  143  136  128
  120  111  103   96   92   91   94  100  109  119  129  139  147  154  160  165
  166  167  166  161  159  158  164  168  177                                   
    35.0-180.0 180.0   5.0 450.0                            LAT/LON1/LON2/DLON/H
  180  176  178  180  190  197  206  216  223  227  227  224  218  210  201  192
  185  182  184  188  195  201  204  207  208  211  214  217  217  215  211  208
  206  207  207  207  204  198  190  182  175  170  166  163  158  153  145  136
  127  118  109  101   96   95   97  102  111  121  132  143  153  162  170  175
  176  176  174  168  166  164  170  173  180                                   
    32.5-180.0 180.0   5.0 450.0                            LAT/LON1/LON2/DLON/H
  185  181  184  185  195  203  212  222  232  238  241  240  235  227  217  208
  200  196  196  200  206  211  215  218  220  223  226  229  229  226  221  218
  217  218  218  217  212  205  197  189  183  178  175  172  167  160  152  142
  132  122  113  105   99   96   96  101  109  120  132  145  157  169  178  184
  185  185  181  175  172  169  176  180  185                                   
    30.0-180.0 180.0   5.0 450.0                            LAT/LON1/LON2/DLON/H
  191  188  193  194  205  213  224  235  245  254  259  259  255  248  238  227
  219  213  212  214  218  223  226  229  231  234  237  239  238  234  229  225
  224  223  222  219  213  205  197  190  186  183  181  177  172  164  155  144
  134  124  115  106   99   94   93   96  104  115  128  144  159  173  185  193
  194  193  188  180  177  174  182  187  191                                   
    27.5-180.0 180.0   5.0 450.0                            LAT/LON1/LON2/DLON/H
  198  197  205  207  220  230  242  253  265  275  281  283  280  273  263  252
  242  234  230  230  232  235  238  240  241  243  245  245  243  238  232  227
  223  220  216  211  204  197  190  186  184  183  182  178  172  163  153  143
  133  123  114  104   96   90   88   89   95  106  121  139  158  175  190  199
  201  200  194  185  182  179  186  194  198                                   
    25.0-180.0 180.0   5.0 450.0                            LAT/LON1/LON2/DLON/H
  206  207  218  223  238  252  265  277  289  300  307  311  309  302  292  280
  269  259  252  248  247  248  249  250  250  249  249  247  243  237  229  221
  214  208  202  195  187  181  177  176  177  178  177  174  167  157  147  137
  128  119  110  100   92   85   81   80   85   96  112  131  153  174  192  204
  207  206  200  190  186  183  191  202  206                                   
    22.5-180.0 180.0   5.0 450.0                            LAT/LON1/LON2/DLON/H
  215  219  231  239  258  275  290  303  316  328  336  341  340  334  324  311
  298  286  275  268  264  262  261  259  256  253  249  244  238  229  219  209
  199  190  181  173  167  163  162  164  167  170  170  166  158  148  137  128
  119  111  103   95   86   78   73   71   75   84  100  121  145  169  190  205
  211  212  205  195  191  187  195  210  215                                   
    20.0-180.0 180.0   5.0 450.0                            LAT/LON1/LON2/DLON/H
  225  229  243  255  275  295  312  327  341  354  363  370  370  366  356  343
  329  314  300  290  282  277  273  268  261  254  246  237  228  217  205  193
  181  169  159  151  146  145  147  152  157  160  160  156  147  137  127  118
  110  103   95   87   79   72   66   63   65   74   89  110  135  161  186  204
  213  216  211  202  197  193  200  217  225                                   
    17.5-180.0 180.0   5.0 450.0                            LAT/LON1/LON2/DLON/H
  235  240  253  267  288  310  329  344  360  374  384  393  396  393  385  372
  357  341  326  312  301  292  284  275  265  252  240  227  216  204  191  177
  164  151  141  134  131  133  138  144  150  153  152  147  138  127  117  108
  101   94   87   80   73   66   60   56   57   64   78   99  125  152  179  201
  213  220  217  209  205  200  207  226  235                                   
    15.0-180.0 180.0   5.0 450.0                            LAT/LON1/LON2/DLON/H
  247  251  262  276  296  318  337  353  369  384  396  407  413  413  407  396
  382  366  349  333  319  307  295  282  267  250  233  218  204  192  179  165
  152  139  130  126  126  130  137  143  148  150  147  141  131  120  109  100
   93   86   79   73   67   61   56   52   52   58   70   90  115  143  171  195
  212  222  224  218  214  210  217  235  247                                   
    12.5-180.0 180.0   5.0 450.0                            LAT/LON1/LON2/DLON/H
  261  264  273  283  301  320  338  353  369  384  397  410  419  423  420  411
  399  384  368  351  335  320  304  288  269  249  229  211  197  184  172  160
  147  137  130  129  132  138  145  150  152  152  147  140  129  117  105   95
   87   80   73   67   63   58   54   50   49   54   65   83  107  134  163  189
  209  224  229  227  225  223  230  246  261                                   
    10.0-180.0 180.0   5.0 450.0                            LAT/LON1/LON2/DLON/H
  279  282  288  294  307  320  335  347  362  375  389  402  414  421  421  416
  407  395  380  364  346  329  311  292  271  249  227  208  194  182  171  161
  151  144  140  142  147  154  160  162  162  158  151  142  130  117  104   93
   83   75   69   64   60   57   53   50   49   52   62   79  101  128  156  184
  206  224  235  237  238  239  248  261  279                                   
     7.5-180.0 180.0   5.0 450.0                            LAT/LON1/LON2/DLON/H
  301  305  309  309  318  324  334  342  353  364  375  388  400  409  413  411
  405  396  384  369  352  333  313  294  273  251  229  210  195  184  176  168
