data/edconvlstm_nd/pred1010.15i
     1.0            IONOSPHERE MAPS     GNSS                IONEX VERSION / TYPE
pyspatialgeodesy        IME             05-JAN-18 20:20     PGM / RUN BY / DATE 
Map Name                                                    COMMENT             
Predicted global ionosphere maps (GIM).                     DESCRIPTION         
  2015     4    11     0     0     0                        EPOCH OF FIRST MAP  
  2015     4    12     0     0     0                        EPOCH OF LAST MAP   
  7200                                                      INTERVAL            
    13                                                      # OF MAPS IN FILE   
  NONE                                                      MAPPING FUNCTION    
10.0                                                        ELEVATION CUTOFF    
One-way carrier phase leveled to code                       OBSERVABLES USED    
  6371.0                                                    BASE RADIUS         
 2                                                          MAP DIMENSION       
   450.0 450.0   0.0                                        HGT1 / HGT2 / DHGT  
    87.5 -87.5  -2.5                                        LAT1 / LAT2 / DLAT  
  -180.0 180.0   5.0                                        LON1 / LON2 / DLON  
    -1                                                      EXPONENT            
                                                            END OF HEADER       
[from data line 3432]
     9                                                      START OF TEC MAP    
  2015     4    11    16     0     0                        EPOCH OF CURRENT MAP
    87.5-180.0 180.0   5.0 450.0                            LAT/LON1/LON2/DLON/H
  132  132  126  132  137  136  134  132  132  133  132  133  132  132  132  132
  132  132  132  132  131  131  131  130  130  129  128  127  127  126  125  124
  123  122  122  121  121  121  120  120  121  121  121  122  122  123  124  125
  125  126  127  127  128  129  129  130  130  131  131  131  132  132  132  132
  133  133  132  130  137  130  135  135  132                                   
    85.0-180.0 180.0   5.0 450.0                            LAT/LON1/LON2/DLON/H
  134  133  144  136  138  142  141  142  142  143  142  142  142  143  143  143
  143  143  143  143  143  143  142  142  141  141  140  139  137  136  135  133
  132  130  129  128  127  126  126  126  126  126  127  127  128  129  130  131
  132  133  134  135  136  137  137  138  138  138  139  139  139  139  139  140
  141  141  138  135  136  130  130  129  134                                   
    82.5-180.0 180.0   5.0 450.0                            LAT/LON1/LON2/DLON/H
  115  128  128  126  130  136  137  138  138  140  140  141  141  142  143  143
  144  144  145  145  145  146  146  146  145  145  144  143  141  140  138  136
  133  131  129  127  125  124  123  122  122  122  123  123  124  126  127  128
  129  130  131  132  133  133  134  134  134  134  134  134  133  133  133  133
  133  133  130  130  128  133  123  115  115                                   
    80.0-180.0 180.0   5.0 450.0                            LAT/LON1/LON2/DLON/H
  101  109  111  112  113  115  117  121  122  124  125  126  127  128  129  130
  131  131  132  132  133  134  134  135  135  135  135  134  133  131  129  126
  124  121  118  115  113  111  109  109  108  109  109  111  112  114  115  117
  118  120  121  122  122  123  123  123  122  122  121  120  120  119  118  118
  118  117  115  114  109  110  107  105  101                                   
    77.5-180.0 180.0   5.0 450.0                            LAT/LON1/LON2/DLON/H
  100  102  102  101  104  107  109  113  116  118  120  123  125  126  128  130
  131  132  133  134  135  136  137  139  140  141  142  142  141  140  138  135
  132  129  126  122  119  117  115  114  113  113  114  115  116  118  119  121
  122  122  123  123  123  122  122  121  119  118  116  115  113  111  110  109
  108  107  105  104  103   99   99  100  100                                   
    75.0-180.0 180.0   5.0 450.0                            LAT/LON1/LON2/DLON/H
   89   93   89   90   93   97   98  102  106  110  112  116  118  121  123  125
  127  128  129  130  131  133  135  137  140  142  144  145  146  145  144  142
  139  136  132  128  125  122  119  118  116  116  116  117  118  119  120  120
  120  120  119  118  117  116  114  112  110  108  106  104  102  100   98   97
   96   95   93   90   91   89   92   83   89                                   
    72.5-180.0 180.0   5.0 450.0                            LAT/LON1/LON2/DLON/H
   82   86   84   87   90   95   98  102  106  110  114  118  122  126  128  131
  133  134  135  137  138  140  142  145  148  151  154  156  157  157  157  155
  153  150  147  143  140  136  133  131  129  129  128  128  128  128  128  127
  126  124  122  119  116  114  111  109  106  104  101   99   96   94   92   91
   89   88   87   84   85   85   89   84   82                                   
    70.0-180.0 180.0   5.0 450.0                            LAT/LON1/LON2/DLON/H
   77   82   81   84   88   93   97  101  107  112  117  122  127  131  134  137
  139  141  142  143  144  146  149  152  155  158  162  164  166  167  167  166
  165  163  160  157  154  150  147  144  142  140  139  138  137  136  134  132
  128  124  120  116  111  108  104  101   99   96   93   91   88   86   84   83
   82   81   81   78   81   82   87   82   77                                   
    67.5-180.0 180.0   5.0 450.0                            LAT/LON1/LON2/DLON/H
   73   79   80   85   90   97  101  107  113  119  125  131  136  141  145  148
  151  152  154  155  156  157  159  161  163  166  168  170  172  173  173  172
  171  170  168  166  163  159  156  153  151  149  148  146  145  143  139  135
  130  124  117  111  106  101   98   95   93   90   88   86   84   81   80   79
   78   77   77   74   76   79   83   78   73                                   
    65.0-180.0 180.0   5.0 450.0                            LAT/LON1/LON2/DLON/H
   68   76   76   82   89   96  102  109  117  125  132  139  145  151  156  160
  163  165  166  167  168  168  169  170  171  173  174  175  176  176  177  177
  177  176  175  174  171  168  165  163  160  158  156  155  153  150  145  139
  132  123  115  107  100   95   91   89   87   85   83   81   79   76   74   73
   72   72   72   70   73   76   80   77   68                                   
    62.5-180.0 180.0   5.0 450.0                            LAT/LON1/LON2/DLON/H
   62   70   71   78   86   95  102  112  121  130  138  146  153  160  166  171
  176  179  181  182  182  181  181  180  179  179  178  178  177  177  177  178
  179  179  179  178  176  174  171  169  166  165  163  162  159  156  150  143
  134  123  113  103   96   90   87   85   84   83   81   79   76   73   70   68
   67   67   67   65   69   71   74   73   62                                   
    60.0-180.0 180.0   5.0 450.0                            LAT/LON1/LON2/DLON/H
   58   65   65   73   81   91  100  111  122  132  141  150  158  166  173  181
  187  192  195  196  196  194  192  189  186  184  182  180  179  179  179  180
  182  183  184  184  183  181  179  177  175  174  173  172  169  165  159  151
  140  128  116  105   97   91   88   87   86   86   84   81   78   73   70   67
   65   64   63   62   65   66   69   69   58                                   
    57.5-180.0 180.0   5.0 450.0                            LAT/LON1/LON2/DLON/H
   57   62   62   69   77   88   98  110  121  132  141  150  159  168  177  187
  195  202  207  209  208  206  202  197  193  189  186  184  183  183  184  186
  189  192  193  194  194  193  191  190  189  188  187  186  184  179  173  163
  151  138  125  113  104   99   96   95   95   95   93   90   85   80   75   71
   68   66   65   62   65   64   66   66   57                                   
    55.0-180.0 180.0   5.0 450.0                            LAT/LON1/LON2/DLON/H
   61   64   63   69   76   88   98  110  122  132  140  148  157  166  177  189
  201  210  217  220  219  216  211  205  200  195  192  190  189  190  193  197
  201  205  207  209  209  209  208  207  207  207  206  205  202  197  190  180
  168  154  140  127  118  112  110  109  109  109  107  103   98   92   87   82
   77   74   73   69   71   68   70   69   61                                   
    52.5-180.0 180.0   5.0 450.0                            LAT/LON1/LON2/DLON/H
   70   71   70   74   80   92  102  113  123  132  139  146  153  163  175  189
  203  215  224  229  229  226  220  213  207  203  199  198  199  201  205  210
  216  221  225  228  229  229  229  229  229  229  228  226  222  217  209  199
  186  172  158  145  136  130  127  127  127  126  124  120  115  109  103   98
   93   90   87   83   83   79   80   77   70                                   
    50.0-180.0 180.0   5.0 450.0                            LAT/LON1/LON2/DLON/H
   85   85   83   85   89  101  109  119  128  135  140  144  150  160  173  189
  205  220  230  237  238  235  229  223  216  212  209  208  210  214  219  226
  233  240  245  248  250  251  251  252  253  252  251  248  242  235  227  216
  204  191  177  164  154  148  145  144  144  143  140  137  132  127  122  118
  113  109  105  101  101   97   96   92   85                                   
    47.5-180.0 180.0   5.0 450.0                            LAT/LON1/LON2/DLON/H
  102  102  100  100  103  113  120  128  136  141  143  146  151  160  173  190
  208  224  237  245  247  245  240  233  227  222  220  220  221  226  232  240
  248  257  263  268  270  271  273  274  275  274  272  266  259  251  241  230
  219  206  192  180  170  164  160  159  157  156  153  150  147  144  140  137
  133  129  125  121  121  117  115  110  102                                   
    45.0-180.0 180.0   5.0 450.0                            LAT/LON1/LON2/DLON/H
  120  121  117  117  119  127  132  139  145  149  150  151  156  165  179  196
  214  231  245  254  258  257  253  246  240  235  232  231  232  236  242  251
  261  271  279  284  288  290  291  293  294  293  289  282  272  262  251  240
  228  216  203  191  181  174  169  167  165  163  160  158  157  156  155  153
  150  147  143  139  139  136  132  128  120                                   
    42.5-180.0 180.0   5.0 450.0                            LAT/LON1/LON2/DLON/H
  133  135  132  133  134  140  144  149  154  157  158  160  165  175  189  207
  225  241  255  265  271  272  268  261  255  249  245  242  242  244  250  260
  271  283  292  299  303  306  308  311  312  310  305  295  283  270  258  246
  235  222  209  197  186  178  173  169  166  164  161  160  160  162  163  164
  162  160  156  152  152  149  143  141  133                                   
    40.0-180.0 180.0   5.0 450.0                            LAT/LON1/LON2/DLON/H
  141  143  140  143  144  148  152  156  161  165  167  171  178  189  205  222
  239  254  268  280  287  289  286  280  273  266  260  255  253  254  260  270
  283  297  309  317  322  325  328  330  331  329  322  310  295  280  266  253
  240  227  213  200  189  180  174  169  165  162  159  159  160  163  166  168
  167  166  162  158  158  154  147  146  141                                   
    37.5-180.0 180.0   5.0 450.0                            LAT/LON1/LON2/DLON/H
  142  143  140  145  148  151  156  160  167  172  177  183  192  206  223  239
  255  270  284  297  306  309  307  301  293  285  278  272  268  269  276  288
  304  320  333  343  349  352  355  357  357  353  345  330  313  295  279  264
  250  235  220  206  194  184  177  172  167  163  160  159  160  163  167  169
  168  166  162  159  157  151  144  142  142                                   
    35.0-180.0 180.0   5.0 450.0                            LAT/LON1/LON2/DLON/H
  138  138  134  141  144  147  154  160  170  178  185  194  207  223  241  257
  272  286  301  315  326  331  330  324  316  308  301  295  291  294  303  319
  338  357  373  384  390  392  393  394  392  386  375  359  339  319  300  284
  268  251  234  219  205  195  188  182  177  172  169  167  168  169  172  172
  170  167  162  157  154  145  137  134  138                                   
    32.5-180.0 180.0   5.0 450.0                            LAT/LON1/LON2/DLON/H
  134  130  125  132  136  139  149  158  170  182  192  205  220  239  258  274
  289  303  319  334  347  354  353  347  340  334  329  325  326  332  346  366
  390  413  431  443  447  447  445  442  437  429  416  398  376  354  333  314
  296  277  258  241  227  216  209  203  198  194  191  188  187  186  185  182
  177  172  164  158  153  142  132  127  134                                   
    30.0-180.0 180.0   5.0 450.0                            LAT/LON1/LON2/DLON/H
  133  126  118  124  128  131  144  155  171  185  198  214  232  252  271  288
  303  319  336  354  368  375  375  370  366  363  363  366  372  385  406  434
  463  489  508  518  519  514  507  499  490  479  464  444  421  397  374  353
  333  312  292  274  260  249  242  237  232  229  226  223  219  214  209  202
  192  185  174  166  160  145  134  125  133                                   
    27.5-180.0 180.0   5.0 450.0                            LAT/LON1/LON2/DLON/H
  138  128  116  122  125  129  144  157  175  191  206  222  241  262  282  300
  316  334  354  373  388  396  396  394  394  398  405  416  432  454  484  517
  551  577  594  599  593  582  569  555  542  529  513  493  469  444  419  396
  374  352  332  314  300  291  284  280  278  276  274  270  263  253  242  229
  215  205  191  182  174  157  144  131  138                                   
    25.0-180.0 180.0   5.0 450.0                            LAT/LON1/LON2/DLON/H
  148  137  119  126  129  134  150  166  184  201  216  232  250  270  290  309
  328  349  372  393  408  415  417  418  424  437  454  475  501  533  570  608
  641  664  673  669  656  638  619  602  587  572  556  536  512  486  460  435
  412  390  370  353  341  333  328  326  326  326  326  322  312  298  281  261
  242  229  212  202  193  176  161  145  148                                   
    22.5-180.0 180.0   5.0 450.0                            LAT/LON1/LON2/DLON/H
  162  150  129  134  138  145  163  180  199  216  230  244  260  279  299  320
  342  367  392  414  428  435  439  445  458  480  507  539  574  612  652  689
  717  731  730  717  696  674  652  634  618  603  587  566  542  515  487  462
  438  417  399  384  374  367  364  364  366  368  370  367  356  339  317  292
  269  254  235  223  212  196  182  164  162                                   
    20.0-180.0 180.0   5.0 450.0                            LAT/LON1/LON2/DLON/H
  176  165  140  144  148  157  176  196  217  234  247  259  273  290  311  334
  359  387  415  436  450  456  462  474  495  526  561  600  640  680  717  748
  766  771  760  740  715  691  670  652  637  622  605  584  558  528  499  473
  451  432  416  404  396  391  389  390  393  397  400  397  386  367  343  314
  290  273  253  241  228  213  201  184  176                                   
    17.5-180.0 180.0   5.0 450.0                            LAT/LON1/LON2/DLON/H
  186  176  152  152  156  166  187  209  232  250  264  275  289  306  327  353
  382  413  441  462  474  480  487  505  533  570  611  652  690  726  756  778
  788  784  767  743  718  696  677  662  648  633  615  592  563  531  500  474
  454  438  425  416  409  404  402  403  407  411  414  411  400  380  354  324
  299  281  263  250  236  223  213  197  186                                   
    15.0-180.0 180.0   5.0 450.0                            LAT/LON1/LON2/DLON/H
  190  180  159  157  160  171  193  217  242  263  278  292  306  324  347  376
  409  442  470  490  499  505  515  537  570  611  652  689  721  748  770  783
  786  777  759  736  714  697  683  671  658  642  623  597  565  530  498  473
  455  443  433  425  418  413  410  410  412  414  415  411  398  378  353  323
  298  280  263  249  236  224  215  201  190                                   
    12.5-180.0 180.0   5.0 450.0                            LAT/LON1/LON2/DLON/H
  186  179  162  158  161  172  194  219  246  270  289  307  324  345  371  402
  437  471  499  517  525  531  544  570  606  646  682  711  734  752  765  771
  771  761  746  728  713  703  695  686  673  656  635  607  572  536  503  479
  464  454  446  437  429  422  417  414  413  411  408  400  385  364  340  312
  288  270  255  241  229  219  207  197  186                                   
    10.0-180.0 180.0   5.0 450.0                            LAT/LON1/LON2/DLON/H
  177  172  161  157  159  169  192  217  246  273  297  319  341  365  394  427
  464  498  525  542  549  557  573  602  639  675  704  723  736  745  751  755
  754  748  739  730  724  720  717  709  696  678  655  625  589  552  521  499
  486  477  468  457  446  436  427  420  414  406  396  383  365  343  319  293
  271  255  241  228  218  209  195  186  177                                   
     7.5-180.0 180.0   5.0 450.0                            LAT/LON1/LON2/DLON/H
  167  165  158  155  156  166  188  213  243  274  303  330  356  383  415  449
  486  519  545  561  571  582  602  633  669  700  720  730  735  738  741  744
