data/edconvlstm_nd/pred1250.15i
     1.0            IONOSPHERE MAPS     GNSS                IONEX VERSION / TYPE
pyspatialgeodesy        IME             05-JAN-18 20:20     PGM / RUN BY / DATE 
Map Name                                                    COMMENT             
Predicted global ionosphere maps (GIM).                     DESCRIPTION         
  2015     5     5     0     0     0                        EPOCH OF FIRST MAP  
  2015     5     6     0     0     0                        EPOCH OF LAST MAP   
  7200                                                      INTERVAL            
    13                                                      # OF MAPS IN FILE   
  NONE                                                      MAPPING FUNCTION    
10.0                                                        ELEVATION CUTOFF    
One-way carrier phase leveled to code                       OBSERVABLES USED    
  6371.0                                                    BASE RADIUS         
 2                                                          MAP DIMENSION       
   450.0 450.0   0.0                                        HGT1 / HGT2 / DHGT  
    87.5 -87.5  -2.5                                        LAT1 / LAT2 / DLAT  
  -180.0 180.0   5.0                                        LON1 / LON2 / DLON  
    -1                                                      EXPONENT            
                                                            END OF HEADER       
[from data line 5148]
    13                                                      START OF TEC MAP    
  2015     5     6     0     0     0                        EPOCH OF CURRENT MAP
    87.5-180.0 180.0   5.0 450.0                            LAT/LON1/LON2/DLON/H
  164  171  179  168  167  168  165  165  166  165  165  166  166  165  165  164
  164  163  162  161  160  159  158  156  155  154  152  151  150  149  148  147
  146  146  145  145  145  145  145  146  146  147  148  148  149  150  150  151
  152  152  152  153  153  153  153  153  153  153  153  153  153  153  153  153
  153  155  156  157  157  155  159  173  164                                   
    85.0-180.0 180.0   5.0 450.0                            LAT/LON1/LON2/DLON/H
  180  178  167  167  173  173  171  171  172  172  172  172  172  172  171  171
  170  168  167  165  163  161  159  157  154  152  150  148  146  144  143  142
  140  140  139  139  140  140  141  142  143  145  146  148  149  151  152  154
  155  156  157  157  158  159  159  159  159  160  160  160  160  160  160  160
  161  161  163  166  160  165  169  177  180                                   
    82.5-180.0 180.0   5.0 450.0                            LAT/LON1/LON2/DLON/H
  179  174  174  174  178  179  177  178  180  180  181  181  182  181  180  179
  177  175  173  170  167  164  160  157  153  150  147  143  140  138  136  134
  132  131  131  131  131  132  134  135  138  140  142  145  147  150  152  155
  157  159  161  163  164  165  166  167  168  169  169  169  170  170  170  170
  170  171  171  170  168  159  164  167  179                                   
    80.0-180.0 180.0   5.0 450.0                            LAT/LON1/LON2/DLON/H
  176  173  169  170  175  178  181  184  188  188  190  192  193  192  192  191
  189  186  183  179  175  170  165  160  155  150  146  141  137  134  131  128
  126  125  125  125  126  127  129  131  134  137  140  143  147  150  154  157
  160  163  166  169  171  173  174  176  176  177  178  178  178  178  178  178
  177  176  174  171  175  165  170  176  176                                   
    77.5-180.0 180.0   5.0 450.0                            LAT/LON1/LON2/DLON/H
  178  169  165  170  172  176  182  188  192  194  197  200  201  202  202  200
  198  195  191  187  182  177  171  165  159  153  147  142  137  133  130  127
  126  125  124  124  125  127  129  131  133  136  139  143  146  150  154  158
  163  166  170  173  176  178  179  181  181  182  182  183  183  182  182  182
  181  180  176  173  175  171  172  182  178                                   
    75.0-180.0 180.0   5.0 450.0                            LAT/LON1/LON2/DLON/H
  180  168  166  171  172  176  182  189  195  198  202  205  207  207  207  206
  204  201  197  192  187  182  175  169  162  155  149  143  139  135  132  130
  128  128  128  128  129  130  131  133  135  137  139  142  146  150  154  159
  163  168  172  175  178  180  181  182  183  184  184  185  185  185  185  186
  184  183  181  173  174  175  175  184  180                                   
    72.5-180.0 180.0   5.0 450.0                            LAT/LON1/LON2/DLON/H
  174  170  170  171  171  175  182  189  196  199  203  207  209  209  208  207
  204  202  198  194  189  183  177  170  162  155  149  143  138  135  133  131
  131  130  131  131  131  132  132  133  134  135  137  140  143  147  151  156
  161  165  170  173  176  178  179  180  181  181  182  183  184  184  186  187
  186  186  185  179  178  176  178  190  174                                   
    70.0-180.0 180.0   5.0 450.0                            LAT/LON1/LON2/DLON/H
  178  172  173  175  173  176  183  190  198  201  205  208  210  210  209  207
  205  202  199  196  192  186  180  173  165  157  150  144  140  137  135  135
  135  135  134  134  133  133  132  132  132  132  133  135  138  142  146  151
  156  161  165  169  172  174  175  176  177  178  179  180  182  184  186  188
  188  188  190  186  186  184  185  195  178                                   
    67.5-180.0 180.0   5.0 450.0                            LAT/LON1/LON2/DLON/H
  186  180  179  179  176  178  183  189  196  200  204  207  209  209  208  206
  204  203  200  198  195  190  183  176  167  158  150  144  140  138  137  136
  136  135  134  132  130  128  127  125  125  125  126  127  130  133  137  142
  147  152  157  161  164  167  168  170  171  172  174  176  178  180  183  186
  187  189  191  188  190  190  191  202  186                                   
    65.0-180.0 180.0   5.0 450.0                            LAT/LON1/LON2/DLON/H
  194  188  186  185  180  180  184  188  195  198  202  206  208  208  208  207
  206  204  203  202  199  195  188  180  170  161  152  146  142  140  140  139
  138  136  133  129  125  122  120  118  118  118  119  120  122  125  128  133
  138  143  149  153  157  161  163  165  167  169  171  174  176  179  181  184
  185  188  191  190  194  196  200  210  194                                   
    62.5-180.0 180.0   5.0 450.0                            LAT/LON1/LON2/DLON/H
  204  198  195  192  187  184  185  188  193  196  200  204  207  209  210  210
  209  209  208  207  205  201  195  186  176  166  157  151  148  146  146  145
  142  137  132  126  120  116  114  114  114  115  116  117  118  120  123  126
  131  137  142  148  153  157  161  164  167  170  173  176  178  180  182  183
  184  186  190  190  196  201  206  216  204                                   
    60.0-180.0 180.0   5.0 450.0                            LAT/LON1/LON2/DLON/H
  212  208  205  200  194  188  187  188  191  193  197  201  206  209  211  213
  213  213  213  212  211  207  201  192  182  172  164  159  156  156  155  153
  148  141  132  124  117  113  112  112  113  115  117  117  118  118  120  123
  127  132  138  145  151  157  163  167  172  175  179  182  184  185  185  185
  185  186  190  190  196  203  211  221  212                                   
    57.5-180.0 180.0   5.0 450.0                            LAT/LON1/LON2/DLON/H
  220  219  217  210  204  197  193  191  192  191  194  198  203  208  212  215
  216  216  215  215  214  211  206  199  190  181  174  170  168  169  168  164
  157  147  135  125  118  114  113  115  117  120  121  122  121  120  120  122
  125  130  137  145  153  160  168  174  180  185  189  192  194  194  193  191
  189  188  191  191  198  207  215  225  220                                   
    55.0-180.0 180.0   5.0 450.0                            LAT/LON1/LON2/DLON/H
  229  233  232  224  218  210  205  200  198  194  194  196  201  206  211  214
  216  215  215  214  214  213  211  206  199  192  186  184  184  185  183  178
  168  155  142  130  123  119  119  122  126  128  130  129  126  124  123  123
  126  131  139  147  157  167  176  185  192  199  203  207  208  207  205  202
  197  195  197  195  202  211  220  232  229                                   
    52.5-180.0 180.0   5.0 450.0                            LAT/LON1/LON2/DLON/H
  241  248  249  241  236  230  225  217  211  203  199  198  200  205  209  212
  213  212  211  211  213  214  215  213  209  204  201  200  201  202  199  192
  179  165  150  138  131  128  129  133  136  138  138  136  133  129  127  126
  129  134  143  153  164  176  188  198  206  213  218  222  223  222  219  216
  210  207  207  204  210  219  228  242  241                                   
    50.0-180.0 180.0   5.0 450.0                            LAT/LON1/LON2/DLON/H
  255  266  268  262  259  257  253  244  233  220  211  205  204  205  208  209
  209  207  206  208  211  216  220  222  221  219  217  217  218  218  213  203
  189  173  159  148  142  140  141  144  147  148  146  143  138  134  131  131
  134  140  149  160  173  186  199  210  219  226  231  235  236  236  234  231
  226  223  223  218  222  230  239  255  255                                   
    47.5-180.0 180.0   5.0 450.0                            LAT/LON1/LON2/DLON/H
  272  284  288  286  285  287  287  277  264  246  230  219  212  209  208  207
  205  203  203  206  212  220  227  232  234  234  233  232  232  229  221  209
  194  178  165  157  153  152  153  155  156  155  152  148  143  139  136  137
  140  146  156  168  181  195  208  220  228  235  240  244  246  247  247  247
  244  243  242  236  239  246  255  272  272                                   
    45.0-180.0 180.0   5.0 450.0                            LAT/LON1/LON2/DLON/H
  290  302  307  310  312  318  321  313  299  277  257  240  228  219  213  209
  205  203  204  208  217  227  238  245  249  249  247  244  240  234  223  209
  194  180  169  164  163  163  164  164  163  161  157  153  148  144  142  143
  147  154  163  175  188  202  214  225  233  239  244  248  251  254  258  261
  262  263  265  259  261  265  274  292  290                                   
    42.5-180.0 180.0   5.0 450.0                            LAT/LON1/LON2/DLON/H
  308  320  325  332  337  345  351  346  333  311  288  267  249  235  225  216
  211  209  211  217  227  240  251  259  263  261  257  251  243  233  220  205
  190  178  172  170  172  173  174  172  170  167  163  159  154  151  150  152
  155  162  170  181  193  205  217  226  234  240  244  249  254  259  265  272
  277  283  287  283  284  286  296  312  308                                   
    40.0-180.0 180.0   5.0 450.0                            LAT/LON1/LON2/DLON/H
  329  338  342  351  357  366  373  371  361  341  319  297  276  258  243  231
  224  221  224  232  243  255  266  273  275  271  263  254  243  230  216  200
  187  178  176  177  181  183  184  182  178  175  172  168  164  162  161  162
  165  170  176  185  195  206  216  225  233  239  244  250  256  263  272  282
  291  301  308  307  309  309  319  333  329                                   
    37.5-180.0 180.0   5.0 450.0                            LAT/LON1/LON2/DLON/H
  351  358  361  368  375  382  388  387  381  365  346  326  306  285  267  252
  243  241  244  252  261  272  280  285  284  278  268  257  244  230  215  201
  190  184  183  187  192  195  195  193  190  187  185  182  179  176  174  174
  175  177  181  186  194  203  213  223  231  238  245  253  261  269  280  292
  305  318  329  331  334  335  345  356  351                                   
    35.0-180.0 180.0   5.0 450.0                            LAT/LON1/LON2/DLON/H
  379  384  386  388  395  398  400  400  395  384  370  354  336  316  296  279
  269  265  268  273  280  287  291  293  290  283  273  261  249  236  223  210
  201  196  197  200  205  208  208  206  205  204  203  201  197  193  190  187
  185  183  183  185  191  199  209  219  229  238  247  258  268  279  291  306
  322  338  351  356  361  363  373  381  379                                   
    32.5-180.0 180.0   5.0 450.0                            LAT/LON1/LON2/DLON/H
  413  420  422  419  423  422  420  416  411  402  392  381  366  348  328  310
  298  292  292  294  296  298  300  299  296  289  279  269  259  249  239  228
  220  215  214  215  218  220  221  221  222  223  224  222  218  212  205  199
  193  187  183  182  185  193  204  215  227  239  251  264  277  290  305  322
  340  360  376  383  391  395  404  411  413                                   
    30.0-180.0 180.0   5.0 450.0                            LAT/LON1/LON2/DLON/H
  456  467  469  465  467  464  456  447  438  428  419  410  399  382  362  343
  328  320  315  312  309  307  306  305  302  296  288  281  274  268  260  251
  242  235  230  228  229  230  232  235  239  243  244  242  236  228  218  207
  197  188  180  177  179  187  199  213  227  241  256  272  288  304  321  339
  361  383  402  410  422  428  437  445  456                                   
    27.5-180.0 180.0   5.0 450.0                            LAT/LON1/LON2/DLON/H
  506  521  527  527  531  528  517  501  485  470  457  447  436  419  399  378
  360  346  336  328  320  315  313  311  309  305  299  294  290  286  281  272
  262  251  242  236  234  235  239  245  252  257  260  257  249  238  225  211
  198  186  176  170  172  181  195  212  229  246  264  283  302  320  338  359
  382  407  427  435  452  461  471  483  506                                   
    25.0-180.0 180.0   5.0 450.0                            LAT/LON1/LON2/DLON/H
  558  575  588  599  608  611  600  579  555  531  511  495  480  462  440  416
  393  374  357  343  331  324  321  320  318  314  308  304  302  300  295  286
  273  258  245  236  233  235  240  248  257  264  266  263  254  240  225  210
  194  180  169  163  165  176  193  212  232  253  273  295  317  338  358  379
  404  430  451  461  482  493  506  524  558                                   
    22.5-180.0 180.0   5.0 450.0                            LAT/LON1/LON2/DLON/H
  605  623  644  670  687  700  695  674  644  610  580  554  533  511  485  457
  429  403  379  360  345  336  333  331  327  321  314  308  305  303  297  286
  270  253  239  230  227  230  236  245  254  260  262  258  248  235  219  203
  187  173  161  156  159  171  191  214  237  260  283  307  332  355  378  401
  427  455  476  487  511  524  543  566  605                                   
    20.0-180.0 180.0   5.0 450.0                            LAT/LON1/LON2/DLON/H
  639  657  687  728  755  779  784  768  738  698  658  622  592  564  534  501
  467  434  405  380  362  352  347  342  335  324  313  304  297  292  283  270
  254  238  227  220  219  222  228  236  244  249  250  245  236  223  208  192
  177  164  154  149  154  168  191  217  243  267  292  318  344  370  396  421
  450  478  501  514  539  552  577  604  639                                   
    17.5-180.0 180.0   5.0 450.0                            LAT/LON1/LON2/DLON/H
  653  674  712  765  799  833  851  845  820  780  734  691  652  618  584  547
  507  469  434  405  383  370  361  351  338  321  303  289  278  269  258  246
  232  221  214  211  212  215  221  227  232  234  233  228  219  208  194  180
  167  155  146  144  151  168  194  223  251  277  301  327  354  382  409  437
  468  498  523  539  564  576  604  633  653                                   
    15.0-180.0 180.0   5.0 450.0                            LAT/LON1/LON2/DLON/H
  651  674  717  774  813  854  881  888  873  840  795  748  705  667  630  590
  547  504  465  431  406  388  372  355  333  309  285  266  252  241  231  221
  212  206  204  205  208  212  217  221  223  221  217  211  203  193  181  168
  156  146  140  140  149  169  198  230  260  285  309  333  360  388  417  447
  480  512  539  559  584  593  622  649  651                                   
    12.5-180.0 180.0   5.0 450.0                            LAT/LON1/LON2/DLON/H
  643  667  708  760  795  836  869  887  885  864  826  783  741  703  665  626
  582  537  495  458  428  402  378  351  321  290  262  241  226  217  209  202
  199  198  201  206  212  217  221  222  219  213  206  198  190  180  168  156
  146  138  134  136  147  169  200  234  265  289  311  334  360  388  417  449
  483  517  547  572  597  604  631  652  643                                   
    10.0-180.0 180.0   5.0 450.0                            LAT/LON1/LON2/DLON/H
  638  660  693  729  752  786  817  842  854  847  823  789  753  719  685  649
  608  564  521  480  443  409  374  338  301  267  239  220  209  202  198  196
  197  200  208  217  226  232  233  230  221  210  199  189  179  169  158  146
  135  129  126  130  142  165  197  231  262  286  306  328  354  383  412  444
  479  514  547  575  602  609  634  649  638                                   
     7.5-180.0 180.0   5.0 450.0                            LAT/LON1/LON2/DLON/H
  641  660  681  693  697  714  737  764  787  795  785  764  739  714  687  657
  621  580  537  493  449  406  362  318  278  245  221  208  203  202  203  204
