data/edconvlstm_nd/pred1200.15i
     1.0            IONOSPHERE MAPS     GNSS                IONEX VERSION / TYPE
pyspatialgeodesy        IME             05-JAN-18 20:20     PGM / RUN BY / DATE 
Map Name                                                    COMMENT             
Predicted global ionosphere maps (GIM).                     DESCRIPTION         
  2015     4    30     0     0     0                        EPOCH OF FIRST MAP  
  2015     5     1     0     0     0                        EPOCH OF LAST MAP   
  7200                                                      INTERVAL            
    13                                                      # OF MAPS IN FILE   
  NONE                                                      MAPPING FUNCTION    
10.0                                                        ELEVATION CUTOFF    
One-way carrier phase leveled to code                       OBSERVABLES USED    
  6371.0                                                    BASE RADIUS         
 2                                                          MAP DIMENSION       
   450.0 450.0   0.0                                        HGT1 / HGT2 / DHGT  
    87.5 -87.5  -2.5                                        LAT1 / LAT2 / DLAT  
  -180.0 180.0   5.0                                        LON1 / LON2 / DLON  
    -1                                                      EXPONENT            
                                                            END OF HEADER       
[from data line 2574]
     7                                                      START OF TEC MAP    
  2015     4    30    12     0     0                        EPOCH OF CURRENT MAP
    87.5-180.0 180.0   5.0 450.0                            LAT/LON1/LON2/DLON/H
  154  156  154  160  163  165  165  164  166  168  168  170  171  171  172  173
  174  175  176  177  178  179  180  181  182  183  183  184  184  185  185  185
  184  184  183  182  180  179  177  175  173  171  169  167  164  162  160  158
  156  154  153  151  150  148  147  146  146  145  145  145  145  145  145  145
  146  148  147  145  151  149  157  158  154                                   
    85.0-180.0 180.0   5.0 450.0                            LAT/LON1/LON2/DLON/H
  148  156  167  165  166  171  172  174  175  177  177  178  179  180  180  181
  182  182  183  184  186  187  188  190  191  192  193  194  195  196  196  196
  196  195  194  193  191  190  188  185  183  180  178  175  172  169  167  164
  162  160  158  156  154  153  151  150  150  149  149  149  149  149  149  150
  152  154  150  149  149  147  153  158  148                                   
    82.5-180.0 180.0   5.0 450.0                            LAT/LON1/LON2/DLON/H
  135  153  160  158  160  166  169  170  171  173  173  173  173  173  173  173
  173  173  174  176  177  179  181  184  186  189  191  193  195  197  198  199
  199  199  198  197  195  193  190  187  184  181  177  174  170  167  163  160
  157  155  152  150  148  147  146  145  144  143  143  143  143  143  143  144
  145  145  142  144  143  149  150  142  135                                   
    80.0-180.0 180.0   5.0 450.0                            LAT/LON1/LON2/DLON/H
  136  148  156  155  157  160  162  165  167  167  167  166  165  164  163  163
  162  162  163  164  166  169  171  174  178  181  185  188  191  194  196  197
  198  198  198  196  195  192  189  186  183  179  176  172  169  165  162  159
  157  155  153  151  150  149  148  148  147  147  146  146  145  145  145  145
  145  145  142  143  140  143  148  139  136                                   
    77.5-180.0 180.0   5.0 450.0                            LAT/LON1/LON2/DLON/H
  145  149  155  155  155  158  159  161  161  161  159  157  155  152  150  149
  148  147  148  150  152  155  159  163  167  172  177  181  186  190  193  195
  197  198  198  197  196  194  191  188  185  182  179  175  173  170  168  166
  165  164  163  163  163  163  163  162  162  162  161  160  159  158  157  155
  154  152  148  148  149  145  148  145  145                                   
    75.0-180.0 180.0   5.0 450.0                            LAT/LON1/LON2/DLON/H
  146  149  151  152  152  155  156  156  156  154  151  148  145  142  139  136
  135  134  135  137  140  143  148  153  158  164  170  175  180  185  189  193
  195  197  197  197  196  194  192  190  187  185  183  181  179  178  177  177
  177  178  179  180  181  182  183  183  183  182  181  179  178  175  173  170
  166  163  158  153  152  150  152  143  146                                   
    72.5-180.0 180.0   5.0 450.0                            LAT/LON1/LON2/DLON/H
  146  149  150  152  151  155  155  155  153  150  146  143  139  135  132  129
  128  128  129  132  136  140  146  152  158  165  171  177  183  188  193  197
  199  201  202  202  201  199  197  196  194  193  191  191  190  190  191  192
  194  196  198  200  202  203  204  204  203  202  200  197  195  191  188  184
  179  174  167  161  157  154  154  150  146                                   
    70.0-180.0 180.0   5.0 450.0                            LAT/LON1/LON2/DLON/H
  144  144  146  147  147  149  150  149  147  145  141  137  133  129  126  124
  124  125  127  130  135  141  148  154  161  168  175  181  187  193  198  202
  205  206  207  206  205  203  201  200  198  198  198  198  199  200  202  204
  206  209  212  214  215  216  216  214  212  209  206  203  200  196  192  188
  183  177  169  163  157  154  155  152  144                                   
    67.5-180.0 180.0   5.0 450.0                            LAT/LON1/LON2/DLON/H
  137  137  139  142  142  145  145  145  143  141  137  134  131  129  127  126
  126  128  131  136  142  150  157  165  172  179  186  192  198  204  208  212
  215  216  215  213  211  208  206  204  204  204  204  205  207  208  210  212
  215  217  220  221  222  221  219  216  212  207  203  199  195  192  189  185
  180  175  167  160  153  149  149  147  137                                   
    65.0-180.0 180.0   5.0 450.0                            LAT/LON1/LON2/DLON/H
  127  127  128  132  132  134  135  135  134  133  131  129  128  127  126  127
  128  131  135  142  149  157  166  174  182  189  196  202  208  214  219  223
  226  226  225  221  217  213  210  208  208  208  210  211  213  214  215  217
  218  220  221  221  220  217  213  207  201  195  190  186  182  180  177  175
  171  166  160  153  148  144  144  141  127                                   
    62.5-180.0 180.0   5.0 450.0                            LAT/LON1/LON2/DLON/H
  119  117  117  120  119  120  121  121  121  122  122  122  123  123  125  126
  129  133  138  145  153  162  172  181  189  196  203  209  215  222  228  233
  236  236  234  229  224  218  214  211  211  212  214  215  217  217  218  218
  218  218  218  216  213  209  202  195  188  181  176  172  169  167  165  164
  161  158  152  146  141  137  136  133  119                                   
    60.0-180.0 180.0   5.0 450.0                            LAT/LON1/LON2/DLON/H
  116  110  107  107  104  103  104  104  105  107  109  111  114  116  119  122
  125  130  136  143  152  162  172  181  189  197  204  210  217  225  233  240
  244  245  243  237  230  223  217  214  214  215  217  219  220  220  220  219
  218  217  215  212  208  202  195  187  180  173  168  165  162  161  160  159
  156  153  149  144  139  134  132  127  116                                   
    57.5-180.0 180.0   5.0 450.0                            LAT/LON1/LON2/DLON/H
  119  109  103   99   93   90   89   88   89   91   95   99  103  106  110  114
  119  125  131  139  148  157  167  177  186  194  201  208  216  225  235  244
  251  254  252  246  238  229  223  219  218  220  222  225  226  226  225  224
  222  220  218  215  210  204  197  190  183  178  174  172  170  169  167  166
  162  159  154  150  145  139  136  129  119                                   
    55.0-180.0 180.0   5.0 450.0                            LAT/LON1/LON2/DLON/H
  131  116  107   98   89   83   79   77   77   78   82   86   91   95  100  105
  111  118  125  134  142  152  162  171  181  189  196  203  212  223  235  247
  257  262  262  257  248  238  231  226  225  227  229  232  233  234  234  233
  231  230  228  224  220  215  209  204  199  195  193  192  191  190  187  183
  178  173  168  164  159  152  148  139  131                                   
    52.5-180.0 180.0   5.0 450.0                            LAT/LON1/LON2/DLON/H
  150  131  119  107   96   86   80   75   73   72   74   78   82   86   91   97
  105  113  122  131  140  149  159  169  178  186  194  201  210  222  236  250
  263  271  273  269  261  251  243  237  235  236  238  241  243  245  246  246
  246  245  243  240  237  232  228  225  222  221  221  221  221  218  214  207
  199  192  186  181  176  169  165  156  150                                   
    50.0-180.0 180.0   5.0 450.0                            LAT/LON1/LON2/DLON/H
  169  150  138  124  111  100   91   83   78   76   75   76   78   81   86   93
  102  113  123  133  142  151  161  171  180  189  196  204  212  224  238  255
  270  280  285  283  277  267  259  252  249  249  251  253  256  258  260  262
  263  262  261  259  255  252  249  247  247  247  249  249  249  245  238  229
  219  210  202  196  191  187  184  175  169                                   
    47.5-180.0 180.0   5.0 450.0                            LAT/LON1/LON2/DLON/H
  184  169  158  146  134  123  112  101   94   88   85   83   82   83   86   94
  104  117  129  140  150  159  169  178  188  197  205  211  219  229  244  261
  277  290  298  299  295  287  279  272  267  265  265  267  269  272  275  278
  279  280  278  275  271  268  266  264  264  265  266  266  265  260  252  241
  228  218  209  203  199  197  196  189  184                                   
    45.0-180.0 180.0   5.0 450.0                            LAT/LON1/LON2/DLON/H
  189  182  174  167  158  148  137  125  116  109  102   97   93   91   93  100
  111  125  139  151  161  170  179  189  200  209  216  221  228  237  250  267
  284  300  310  315  314  310  303  296  290  286  284  284  285  287  290  293
  295  295  292  288  283  278  274  271  269  268  267  266  263  257  248  237
  224  214  205  199  196  198  199  194  189                                   
    42.5-180.0 180.0   5.0 450.0                            LAT/LON1/LON2/DLON/H
  183  185  183  181  177  170  161  150  140  132  124  117  110  106  105  110
  121  136  150  163  173  181  190  200  210  220  227  232  237  245  256  272
  290  307  321  330  334  333  329  322  316  310  306  304  304  305  307  309
  310  309  304  298  291  284  278  272  266  261  256  252  247  240  231  221
  210  201  192  187  184  188  191  185  183                                   
    40.0-180.0 180.0   5.0 450.0                            LAT/LON1/LON2/DLON/H
  167  179  181  185  187  183  178  169  161  153  146  138  130  123  120  123
  132  145  159  171  181  189  197  207  218  227  235  240  244  250  261  276
  294  313  330  344  353  357  356  352  346  339  334  331  329  328  329  329
  328  325  320  312  304  295  285  275  264  254  244  235  226  218  210  202
  194  187  179  172  168  173  176  168  167                                   
    37.5-180.0 180.0   5.0 450.0                            LAT/LON1/LON2/DLON/H
  148  167  173  179  186  185  185  178  173  168  164  158  149  141  136  135
  142  152  165  176  185  192  200  209  220  230  237  242  247  253  263  278
  297  318  338  357  372  382  386  385  380  375  369  364  360  358  357  356
  354  350  345  337  329  319  307  293  277  260  244  229  217  207  199  194
  188  183  176  167  159  160  160  150  148                                   
    35.0-180.0 180.0   5.0 450.0                            LAT/LON1/LON2/DLON/H
  134  155  162  167  177  178  181  177  176  175  174  172  165  157  149  146
  149  156  166  176  185  192  199  208  218  227  236  242  247  254  266  282
  302  325  349  373  394  409  419  421  420  415  410  405  400  396  394  392
  390  388  384  379  373  364  352  335  314  291  268  247  230  218  210  206
  203  200  192  179  166  159  154  138  134                                   
    32.5-180.0 180.0   5.0 450.0                            LAT/LON1/LON2/DLON/H
  130  148  152  155  163  164  169  168  170  173  177  179  176  168  160  154
  154  158  166  176  184  191  198  206  215  224  232  240  247  257  271  289
  311  336  364  393  419  440  455  461  463  461  457  453  447  443  440  439
  439  440  441  441  439  434  423  404  380  351  322  295  273  257  248  245
  244  242  233  215  195  177  164  142  130                                   
    30.0-180.0 180.0   5.0 450.0                            LAT/LON1/LON2/DLON/H
  142  152  148  147  150  150  155  155  159  165  173  179  180  175  167  160
  157  160  167  176  185  193  200  206  214  222  231  241  252  265  282  303
  327  356  387  419  449  474  492  503  507  508  507  504  499  496  494  496
  500  506  514  521  526  526  518  499  471  438  404  372  345  325  314  309
  309  307  296  275  248  217  192  164  142                                   
    27.5-180.0 180.0   5.0 450.0                            LAT/LON1/LON2/DLON/H
  170  170  154  146  144  141  144  144  148  156  165  174  178  175  170  164
  161  163  170  180  190  199  206  212  218  226  237  250  264  282  303  327
  354  384  417  451  483  510  529  542  549  554  555  554  552  551  552  558
  568  581  596  611  623  629  624  605  576  540  502  467  437  414  400  393
  392  390  376  350  316  274  238  205  170                                   
    25.0-180.0 180.0   5.0 450.0                            LAT/LON1/LON2/DLON/H
  211  201  174  157  149  143  143  140  142  148  157  166  171  171  168  164
  163  167  176  188  200  210  217  223  229  238  251  267  287  309  334  361
  390  420  453  486  517  542  561  574  584  592  597  599  600  602  608  619
  635  653  674  695  712  722  718  699  669  631  593  559  529  505  490  481
  478  476  460  431  391  341  297  263  211                                   
    22.5-180.0 180.0   5.0 450.0                            LAT/LON1/LON2/DLON/H
  260  243  207  182  166  157  152  146  143  146  151  158  162  164  163  163
  165  172  183  198  212  224  232  238  245  257  273  294  318  345  374  402
  431  461  490  519  545  567  584  598  610  621  629  634  639  645  655  670
  689  710  733  756  774  782  777  756  723  685  649  618  591  570  555  546
  543  542  529  499  457  406  362  330  260                                   
    20.0-180.0 180.0   5.0 450.0                            LAT/LON1/LON2/DLON/H
  306  287  249  218  193  181  171  160  151  149  149  151  153  155  156  159
  165  175  190  207  224  237  246  254  264  280  301  328  357  387  417  446
  472  497  521  544  565  583  599  614  628  640  651  659  666  674  687  703
  722  743  764  783  796  800  789  763  727  689  655  628  605  586  573  565
  562  566  560  534  497  451  416  391  306                                   
    17.5-180.0 180.0   5.0 450.0                            LAT/LON1/LON2/DLON/H
  339  324  288  256  225  211  197  181  166  157  151  148  146  146  148  153
  163  176  194  213  231  246  258  269  284  305  333  364  397  428  457  482
  504  523  541  559  577  593  608  623  638  653  665  674  682  691  704  718
  735  751  765  777  784  779  761  729  688  648  615  590  571  555  544  536
  533  540  543  526  501  467  447  428  339                                   
    15.0-180.0 180.0   5.0 450.0                            LAT/LON1/LON2/DLON/H
  353  344  315  287  256  240  223  204  184  169  157  148  142  140  141  147
  158  174  193  214  233  250  264  279  300  328  361  396  429  459  484  505
  522  536  551  566  582  598  613  630  646  662  674  683  690  698  708  719
  729  738  745  749  746  733  707  668  622  580  547  525  509  496  486  478
  475  482  491  484  473  454  449  434  353                                   
    12.5-180.0 180.0   5.0 450.0                            LAT/LON1/LON2/DLON/H
  352  348  326  304  277  261  244  223  200  181  164  152  142  137  137  142
  153  169  188  209  229  247  263  283  310  344  381  418  450  476  498  515
  528  540  553  567  583  600  617  636  654  670  682  690  695  700  706  711
  714  716  715  711  701  681  648  604  556  512  481  460  447  437  427  416
  410  416  427  429  431  425  428  414  352                                   
    10.0-180.0 180.0   5.0 450.0                            LAT/LON1/LON2/DLON/H
  342  341  326  307  288  272  256  235  211  190  172  157  146  138  135  138
  147  161  180  201  221  239  258  282  314  352  392  428  459  483  502  516
  528  539  550  565  581  600  620  641  661  677  689  696  700  701  702  701
  698  693  687  678  663  640  605  561  513  471  440  420  408  396  384  370
  360  361  371  377  386  390  396  380  342                                   
     7.5-180.0 180.0   5.0 450.0                            LAT/LON1/LON2/DLON/H
  329  330  317  301  289  273  259  239  217  196  179  164  151  141  136  136
  142  154  172  191  211  231  252  280  315  356  397  433  462  484  501  514
