data/edconvlstm_nd/pred0570.15i
     1.0            IONOSPHERE MAPS     GNSS                IONEX VERSION / TYPE
pyspatialgeodesy        IME             05-JAN-18 20:20     PGM / RUN BY / DATE 
Map Name                                                    COMMENT             
Predicted global ionosphere maps (GIM).                     DESCRIPTION         
  2015     2    26     0     0     0                        EPOCH OF FIRST MAP  
  2015     2    27     0     0     0                        EPOCH OF LAST MAP   
  7200                                                      INTERVAL            
    13                                                      # OF MAPS IN FILE   
  NONE                                                      MAPPING FUNCTION    
10.0                                                        ELEVATION CUTOFF    
One-way carrier phase leveled to code                       OBSERVABLES USED    
  6371.0                                                    BASE RADIUS         
 2                                                          MAP DIMENSION       
   450.0 450.0   0.0                                        HGT1 / HGT2 / DHGT  
    87.5 -87.5  -2.5                                        LAT1 / LAT2 / DLAT  
  -180.0 180.0   5.0                                        LON1 / LON2 / DLON  
    -1                                                      EXPONENT            
                                                            END OF HEADER       
[from data line 429]
     2                                                      START OF TEC MAP    
  2015     2    26     2     0     0                        EPOCH OF CURRENT MAP
    87.5-180.0 180.0   5.0 450.0                            LAT/LON1/LON2/DLON/H
  110  112  113  115  115  113  110  109  111  112  113  114  114  115  115  114
  114  113  112  111  110  109  107  106  105  103  102  101  100   99   98   97
   97   97   96   96   96   97   97   97   98   99   99  100  101  102  102  103
  104  104  105  105  106  106  106  106  106  106  105  105  104  104  103  103
  104  104  103  102  103  109  111  105  110                                   
    85.0-180.0 180.0   5.0 450.0                            LAT/LON1/LON2/DLON/H
  113  121  106  113  116  114  112  111  112  113  114  115  115  115  114  114
  112  111  109  107  105  103  100   98   96   94   92   90   88   87   86   86
   85   86   86   87   88   89   90   92   93   95   97   99  100  102  104  105
  107  108  110  111  112  113  113  114  114  115  115  115  114  114  113  113
  114  115  113  115  112  113  116  108  113                                   
    82.5-180.0 180.0   5.0 450.0                            LAT/LON1/LON2/DLON/H
  116  113  120  118  118  118  115  116  118  119  119  120  120  120  119  117
  115  113  110  107  103   99   96   92   88   85   82   79   77   75   74   73
   73   74   75   76   78   80   83   86   88   91   94   96   99  102  104  106
  108  111  113  115  116  118  120  121  123  124  125  125  126  125  125  126
  126  126  123  121  126  114  113  113  116                                   
    80.0-180.0 180.0   5.0 450.0                            LAT/LON1/LON2/DLON/H
  129  122  117  115  117  115  117  118  121  123  123  125  125  125  123  121
  118  114  110  105  100   94   89   84   79   74   70   66   64   62   61   61
   61   62   64   66   69   72   75   79   82   85   88   91   94   96   99  101
  103  106  109  111  114  117  120  123  126  128  130  132  133  134  134  136
  136  133  131  128  138  130  131  126  129                                   
    77.5-180.0 180.0   5.0 450.0                            LAT/LON1/LON2/DLON/H
  142  134  125  124  122  121  124  127  131  132  134  136  136  135  133  130
  126  120  114  108  101   95   88   82   76   71   67   63   60   58   58   58
   59   61   63   66   70   73   77   81   84   87   90   92   94   96   98   99
  101  104  107  110  114  118  122  127  131  135  139  142  145  146  148  150
  150  150  146  145  151  144  145  143  142                                   
    75.0-180.0 180.0   5.0 450.0                            LAT/LON1/LON2/DLON/H
  154  147  139  137  132  131  133  135  139  141  142  144  143  141  137  132
  126  119  112  104   97   90   84   78   72   67   63   59   57   55   55   55
   57   59   62   65   68   72   75   79   81   84   85   87   87   88   88   89
   91   93   96  100  105  111  117  124  130  136  141  146  150  153  155  158
  159  159  158  154  160  160  161  159  154                                   
    72.5-180.0 180.0   5.0 450.0                            LAT/LON1/LON2/DLON/H
  164  163  156  152  148  146  148  150  153  154  155  155  153  149  142  134
  126  117  109  101   95   89   83   78   73   69   65   62   60   59   58   59
   61   63   65   68   71   74   76   79   81   82   83   83   83   83   83   83
   85   87   91   97  103  111  119  128  136  143  149  154  158  161  163  167
  168  169  170  168  173  173  174  175  164                                   
    70.0-180.0 180.0   5.0 450.0                            LAT/LON1/LON2/DLON/H
  183  181  175  171  165  162  163  164  166  166  165  164  159  151  141  130
  119  109  101   94   88   84   80   77   74   70   67   64   62   61   61   61
   62   64   66   67   69   71   72   74   75   75   75   75   74   73   72   73
   75   78   84   91  100  110  121  131  141  150  156  161  165  167  169  171
  172  174  177  177  184  187  190  190  183                                   
    67.5-180.0 180.0   5.0 450.0                            LAT/LON1/LON2/DLON/H
  195  197  189  186  179  174  173  173  174  173  171  167  160  149  136  122
  109   98   90   84   81   79   77   76   74   71   68   66   63   62   61   60
   60   60   60   61   61   61   61   61   61   61   61   60   59   59   58   59
   62   68   75   85   96  109  123  135  147  156  163  167  169  169  168  170
  170  171  175  176  185  191  197  200  195                                   
    65.0-180.0 180.0   5.0 450.0                            LAT/LON1/LON2/DLON/H
  206  208  201  198  191  185  182  181  181  179  176  171  161  148  133  117
  103   92   85   80   79   78   78   78   77   74   71   68   64   62   60   58
   57   56   54   53   51   50   49   49   49   49   49   48   48   47   47   49
   53   60   69   82   96  112  128  143  156  166  173  177  177  175  173  171
  170  170  174  175  186  195  204  208  206                                   
    62.5-180.0 180.0   5.0 450.0                            LAT/LON1/LON2/DLON/H
  213  218  212  208  201  193  189  186  185  183  179  173  162  148  132  116
  103   92   86   82   82   82   82   82   80   77   72   68   64   61   58   55
   53   50   48   45   43   41   40   39   39   40   40   40   40   40   41   43
   48   56   67   81   98  117  135  152  167  179  187  191  191  187  183  179
  175  173  176  176  187  197  208  212  213                                   
    60.0-180.0 180.0   5.0 450.0                            LAT/LON1/LON2/DLON/H
  218  223  219  214  207  197  191  187  185  181  176  170  160  147  132  118
  106   97   91   88   87   87   86   84   80   75   70   65   60   57   53   50
   48   45   42   39   36   34   33   33   34   35   36   37   37   37   37   40
   45   54   66   82  101  121  142  161  179  192  202  207  207  203  197  192
  185  181  182  182  191  200  211  215  218                                   
    57.5-180.0 180.0   5.0 450.0                            LAT/LON1/LON2/DLON/H
  224  230  225  219  212  201  192  185  182  176  171  165  157  146  134  122
  112  104   99   96   93   91   87   83   77   71   65   60   55   52   49   47
   44   41   39   36   34   33   32   33   35   36   38   39   39   39   39   41
   46   55   68   85  106  127  150  171  190  206  218  225  227  224  218  212
  204  198  197  194  201  207  217  220  224                                   
    55.0-180.0 180.0   5.0 450.0                            LAT/LON1/LON2/DLON/H
  234  240  234  226  220  206  194  185  178  170  163  157  151  142  134  125
  118  111  106  102   97   92   86   79   72   65   60   55   52   49   47   45
   44   42   40   39   38   37   38   39   41   43   45   46   46   46   46   47
   52   61   74   92  112  135  158  181  202  220  234  244  248  248  244  238
  229  222  220  214  219  220  228  230  234                                   
    52.5-180.0 180.0   5.0 450.0                            LAT/LON1/LON2/DLON/H
  251  255  248  239  233  218  203  189  178  166  157  150  144  138  132  127
  122  116  111  104   98   90   82   75   67   62   57   54   52   50   49   48
   47   46   46   46   47   47   48   50   52   54   56   57   57   56   56   58
   62   71   85  102  123  145  168  191  213  233  249  262  269  271  270  266
  258  251  248  239  241  238  243  245  251                                   
    50.0-180.0 180.0   5.0 450.0                            LAT/LON1/LON2/DLON/H
  271  275  265  258  253  237  220  202  185  169  155  146  139  134  131  127
  123  118  111  104   95   87   79   72   66   62   59   58   57   56   56   55
   55   55   56   58   60   61   62   64   65   67   68   70   70   70   70   71
   76   85   99  117  137  159  182  204  225  245  262  276  285  291  293  292
  286  281  276  266  266  259  262  265  271                                   
    47.5-180.0 180.0   5.0 450.0                            LAT/LON1/LON2/DLON/H
  292  295  285  281  277  262  244  222  201  179  161  148  139  134  130  126
  122  116  109  101   93   86   79   74   70   68   66   66   66   66   66   65
   65   66   68   71   74   76   77   77   78   79   81   83   84   84   85   87
   93  102  117  135  155  177  198  218  237  255  271  285  296  304  309  311
  309  305  301  290  289  281  282  287  292                                   
    45.0-180.0 180.0   5.0 450.0                            LAT/LON1/LON2/DLON/H
  310  314  305  304  301  288  271  248  223  196  174  157  145  137  132  127
  121  114  106   99   93   88   84   82   79   78   77   77   77   76   76   75
   74   75   78   81   85   87   89   89   89   90   92   94   96   98  100  103
  109  120  135  154  175  196  216  234  249  264  277  289  300  310  317  322
  322  321  318  309  306  298  301  307  310                                   
    42.5-180.0 180.0   5.0 450.0                            LAT/LON1/LON2/DLON/H
  324  327  321  323  321  310  295  273  246  218  192  172  157  147  138  130
  122  113  106  101   98   96   95   94   92   90   88   87   86   85   83   82
   82   82   85   88   92   95   96   96   97   98  101  104  107  110  113  117
  125  137  153  174  195  216  234  250  262  272  281  291  301  311  319  326
  328  329  329  321  319  312  318  324  324                                   
    40.0-180.0 180.0   5.0 450.0                            LAT/LON1/LON2/DLON/H
  335  335  331  333  332  324  311  292  267  239  213  191  175  161  149  138
  127  118  112  109  109  111  111  109  105  101   96   92   90   89   88   87
   86   87   89   92   96   99  100  101  102  104  107  112  117  120  124  130
  138  151  168  189  212  233  251  265  274  281  287  294  303  312  322  331
  335  337  337  332  330  327  335  339  335                                   
    37.5-180.0 180.0   5.0 450.0                            LAT/LON1/LON2/DLON/H
  345  343  337  336  336  329  318  302  281  256  232  211  194  179  164  150
  138  128  124  124  126  129  129  124  117  108  100   95   92   92   92   92
   92   92   93   96   99  101  103  104  106  109  114  119  124  128  133  138
  146  159  177  199  222  245  265  278  286  291  295  301  309  320  332  343
  348  351  353  349  348  350  358  356  345                                   
    35.0-180.0 180.0   5.0 450.0                            LAT/LON1/LON2/DLON/H
  360  356  346  338  337  329  318  305  288  267  246  228  212  196  181  166
  153  144  140  142  146  147  144  135  123  110  101   96   96   98  100  101
  101  101  101  102  103  105  106  108  111  115  120  125  130  133  137  141
  148  160  178  200  226  252  274  290  299  304  308  314  324  338  354  368
  375  378  380  376  378  383  390  382  360                                   
    32.5-180.0 180.0   5.0 450.0                            LAT/LON1/LON2/DLON/H
  385  382  366  349  344  332  318  305  290  272  255  240  226  212  197  182
  169  160  158  160  162  161  153  141  126  113  105  104  107  112  116  118
  118  116  114  112  111  111  112  114  118  122  126  130  133  135  136  139
  144  155  173  197  225  254  280  299  312  319  325  333  347  365  387  406
  416  421  423  418  421  429  431  417  385                                   
    30.0-180.0 180.0   5.0 450.0                            LAT/LON1/LON2/DLON/H
  427  427  404  377  366  347  327  310  294  278  263  250  237  224  209  195
  183  175  172  172  171  166  156  142  129  121  119  123  131  138  143  144
  142  139  134  129  125  122  121  123  127  130  134  135  135  134  133  133
  137  148  166  191  223  255  285  308  325  335  344  357  375  400  428  453
  469  478  481  475  480  486  480  462  427                                   
    27.5-180.0 180.0   5.0 450.0                            LAT/LON1/LON2/DLON/H
  488  493  463  428  410  385  355  330  309  291  274  260  247  234  219  205
  194  185  180  177  172  165  155  146  140  140  147  158  170  178  182  181
  176  170  163  154  145  138  135  135  138  140  141  140  137  133  129  127
  131  142  161  188  221  256  289  317  337  352  366  382  406  436  470  502
  525  539  546  541  548  553  538  519  488                                   
    25.0-180.0 180.0   5.0 450.0                            LAT/LON1/LON2/DLON/H
  564  580  546  505  480  449  409  374  344  318  296  279  262  246  230  215
  202  192  183  175  167  161  157  157  163  175  191  209  224  233  234  228
  220  209  197  184  170  158  151  149  149  150  148  145  139  132  126  124
  128  140  160  187  221  258  293  325  350  370  388  409  436  470  508  543
  571  592  604  603  614  624  607  588  564                                   
    22.5-180.0 180.0   5.0 450.0                            LAT/LON1/LON2/DLON/H
  647  679  649  604  572  537  489  443  402  367  336  310  287  266  246  229
  213  199  185  173  165  163  169  183  202  226  252  275  292  298  294  281
  266  249  231  212  193  177  167  162  160  159  155  149  141  133  126  124
  128  140  160  188  222  260  298  334  365  390  412  436  465  501  539  576
  607  632  647  652  667  685  679  664  647                                   
    20.0-180.0 180.0   5.0 450.0                            LAT/LON1/LON2/DLON/H
  728  772  751  710  674  637  583  529  480  436  396  360  327  299  273  252
  232  213  195  180  175  181  199  227  260  293  324  348  362  362  349  327
  304  281  259  235  212  193  180  173  169  166  160  153  144  136  128  125
  130  143  163  191  226  265  306  346  382  411  437  464  494  528  566  601
  633  660  678  688  704  730  742  733  728                                   
    17.5-180.0 180.0   5.0 450.0                            LAT/LON1/LON2/DLON/H
  797  844  832  802  764  730  676  620  566  516  469  425  384  347  316  289
  265  242  220  206  205  222  253  293  333  369  398  416  421  411  387  357
  328  301  276  250  225  204  189  181  175  171  164  156  148  139  131  128
  133  147  169  199  234  274  318  361  399  432  461  489  518  551  586  620
  650  677  697  712  728  756  784  783  797                                   
    15.0-180.0 180.0   5.0 450.0                            LAT/LON1/LON2/DLON/H
  843  884  884  864  831  801  753  699  646  596  546  498  452  410  374  343
  315  289  266  255  262  288  330  376  415  443  460  465  456  433  401  366
  335  307  281  255  230  210  195  186  180  174  167  159  150  142  135  132
  137  153  177  208  244  286  330  374  414  448  479  507  537  569  602  634
  663  688  709  728  744  768  802  811  843                                   
    12.5-180.0 180.0   5.0 450.0                            LAT/LON1/LON2/DLON/H
  865  896  904  895  869  846  804  756  709  661  614  568  523  480  442  409
  379  352  332  326  341  376  422  463  490  501  498  485  461  429  392  357
  326  300  275  252  231  213  201  192  185  177  169  161  153  145  137  135
  141  158  184  217  254  295  340  384  424  458  489  519  549  581  614  644
  672  695  716  737  752  772  803  819  865                                   
    10.0-180.0 180.0   5.0 450.0                            LAT/LON1/LON2/DLON/H
  868  890  901  898  880  863  829  788  747  706  666  626  586  547  512  480
  451  426  410  411  433  472  513  538  543  529  505  474  440  403  367  335
  307  284  264  246  231  218  207  198  190  180  171  163  155  147  139  136
  142  161  189  222  260  301  345  388  427  461  492  523  555  589  622  652
  679  700  720  742  756  773  799  818  868                                   
     7.5-180.0 180.0   5.0 450.0                            LAT/LON1/LON2/DLON/H
  862  878  887  886  872  860  831  797  763  729  697  665  634  603  573  546
  520  498  488  495  522  557  582  585  563  525  481  440  402  368  337  311
