data/edconvlstm_nd/pred0880.15i
     1.0            IONOSPHERE MAPS     GNSS                IONEX VERSION / TYPE
pyspatialgeodesy        IME             05-JAN-18 20:20     PGM / RUN BY / DATE 
Map Name                                                    COMMENT             
Predicted global ionosphere maps (GIM).                     DESCRIPTION         
  2015     3    29     0     0     0                        EPOCH OF FIRST MAP  
  2015     3    30     0     0     0                        EPOCH OF LAST MAP   
  7200                                                      INTERVAL            
    13                                                      # OF MAPS IN FILE   
  NONE                                                      MAPPING FUNCTION    
10.0                                                        ELEVATION CUTOFF    
One-way carrier phase leveled to code                       OBSERVABLES USED    
  6371.0                                                    BASE RADIUS         
 2                                                          MAP DIMENSION       
   450.0 450.0   0.0                                        HGT1 / HGT2 / DHGT  
    87.5 -87.5  -2.5                                        LAT1 / LAT2 / DLAT  
  -180.0 180.0   5.0                                        LON1 / LON2 / DLON  
    -1                                                      EXPONENT            
                                                            END OF HEADER       
[from data line 2574]
     7                                                      START OF TEC MAP    
  2015     3    29    12     0     0                        EPOCH OF CURRENT MAP
    87.5-180.0 180.0   5.0 450.0                            LAT/LON1/LON2/DLON/H
  143  139  132  139  143  145  145  145  149  152  153  155  157  159  161  163
  164  166  168  169  171  172  174  175  176  176  177  177  177  177  177  176
  175  175  174  172  171  170  168  166  165  163  161  159  156  154  152  150
  147  145  143  141  139  137  135  134  132  131  130  129  128  128  127  127
  127  128  127  126  131  130  138  146  143                                   
    85.0-180.0 180.0   5.0 450.0                            LAT/LON1/LON2/DLON/H
  124  124  131  131  133  138  140  144  147  151  152  155  158  160  163  165
  168  170  173  175  177  179  181  183  184  185  186  186  186  186  186  185
  184  183  182  181  179  177  175  173  171  169  166  164  161  159  156  153
  151  149  146  144  142  139  137  135  134  132  131  129  128  127  126  126
  126  127  123  122  122  121  125  132  124                                   
    82.5-180.0 180.0   5.0 450.0                            LAT/LON1/LON2/DLON/H
   99  109  111  111  114  121  125  130  134  138  142  146  150  153  157  161
  165  169  172  176  180  183  186  188  191  193  194  195  196  197  197  196
  196  195  193  192  190  187  184  181  178  174  171  167  163  159  156  152
  149  146  142  139  136  133  130  127  124  121  119  117  115  113  111  109
  108  108  104  105  105  110  107  103   99                                   
    80.0-180.0 180.0   5.0 450.0                            LAT/LON1/LON2/DLON/H
   88   93   96   99  100  104  108  114  120  124  128  133  137  142  146  151
  156  161  165  169  173  177  180  183  186  188  190  192  193  194  195  196
  196  196  195  194  192  190  188  185  182  179  175  172  169  166  163  161
  158  156  153  150  147  144  140  137  133  129  126  123  119  116  113  110
  108  105  100   99   95   96   97   94   88                                   
    77.5-180.0 180.0   5.0 450.0                            LAT/LON1/LON2/DLON/H
   90   87   89   92   91   95   99  104  109  113  117  122  127  133  138  144
  150  156  162  167  171  176  179  183  186  189  191  193  195  197  199  201
  203  204  205  205  204  203  202  199  197  194  191  189  186  185  183  182
  181  180  178  176  174  170  166  162  157  152  147  142  138  133  128  123
  118  113  106  103  100   94   94   94   90                                   
    75.0-180.0 180.0   5.0 450.0                            LAT/LON1/LON2/DLON/H
   89   87   84   87   87   90   93   96  101  105  109  114  119  125  131  138
  145  152  158  164  169  174  177  181  184  186  189  191  194  197  200  202
  205  208  210  211  212  212  211  210  208  206  204  204  204  204  206  207
  209  210  210  209  207  204  200  195  189  183  177  171  165  159  153  147
  139  132  123  114  109  101   98   91   89                                   
    72.5-180.0 180.0   5.0 450.0                            LAT/LON1/LON2/DLON/H
   90   88   84   88   87   91   94   96  100  103  106  112  117  123  131  139
  147  154  162  168  174  179  182  186  189  191  194  196  199  202  205  209
  213  217  220  223  224  225  224  224  222  221  221  221  223  226  229  234
  237  240  242  242  240  237  232  226  219  211  204  196  189  182  175  168
  159  150  139  128  119  108  103   98   90                                   
    70.0-180.0 180.0   5.0 450.0                            LAT/LON1/LON2/DLON/H
   93   90   87   90   90   93   96   98  101  104  107  112  118  125  133  141
  150  159  167  173  179  184  188  191  194  196  199  201  204  208  212  216
  221  225  229  232  234  235  235  234  233  232  232  234  237  242  248  254
  259  263  265  265  262  257  251  243  235  226  218  210  202  195  188  181
  171  161  149  137  125  113  109  104   93                                   
    67.5-180.0 180.0   5.0 450.0                            LAT/LON1/LON2/DLON/H
   92   92   91   95   97  100  103  106  109  112  115  120  126  133  141  150
  160  168  176  183  188  193  196  199  202  205  208  211  214  218  222  227
  232  237  241  244  246  247  246  245  244  243  244  246  251  256  263  269
  274  277  278  276  271  265  256  247  237  227  218  210  203  197  190  183
  175  164  153  139  126  114  108  105   92                                   
    65.0-180.0 180.0   5.0 450.0                            LAT/LON1/LON2/DLON/H
   90   92   91   96   99  103  107  110  113  117  121  126  132  139  148  157
  166  174  182  188  192  196  200  203  206  210  214  218  222  227  233  239
  245  250  254  257  259  259  258  257  256  255  256  259  263  269  274  279
  282  283  281  276  269  260  249  238  227  217  207  199  193  187  181  175
  167  157  146  133  121  110  106  103   90                                   
    62.5-180.0 180.0   5.0 450.0                            LAT/LON1/LON2/DLON/H
   87   90   90   95   98  102  106  110  114  118  123  128  135  142  151  160
  168  175  181  186  190  193  196  200  205  210  215  221  228  235  242  250
  257  263  268  271  272  272  271  270  269  269  270  273  276  281  285  287
  287  285  279  271  261  250  238  226  214  204  194  186  180  174  168  163
  155  146  136  123  112  101   99   98   87                                   
    60.0-180.0 180.0   5.0 450.0                            LAT/LON1/LON2/DLON/H
   85   88   87   91   93   96  100  103  108  112  118  124  130  138  146  153
  161  167  172  176  179  182  185  190  197  204  212  221  230  239  249  259
  268  276  281  285  287  287  286  286  286  286  288  290  294  296  298  298
  295  289  280  269  257  244  232  220  209  199  190  182  174  168  161  155
  146  137  128  115  105   95   93   92   85                                   
    57.5-180.0 180.0   5.0 450.0                            LAT/LON1/LON2/DLON/H
   89   88   87   88   88   89   92   94   98  102  107  113  119  126  133  140
  146  152  156  159  162  165  170  177  185  195  206  218  230  242  255  268
  280  289  297  301  304  305  305  306  307  309  311  314  316  318  318  315
  309  300  288  276  263  251  239  228  218  209  200  192  183  175  167  159
  149  138  129  117  107   96   94   92   89                                   
    55.0-180.0 180.0   5.0 450.0                            LAT/LON1/LON2/DLON/H
   99   94   90   88   86   85   85   86   88   91   95   99  104  109  114  120
  126  132  136  140  144  148  155  164  174  186  199  214  229  244  261  276
  291  303  312  318  322  325  327  330  332  335  339  342  344  344  342  337
  329  319  306  293  281  270  260  251  242  234  225  217  207  197  187  176
  164  153  142  130  119  108  104  100   99                                   
    52.5-180.0 180.0   5.0 450.0                            LAT/LON1/LON2/DLON/H
  115  106  100   94   89   85   84   82   83   84   86   87   89   92   95  101
  107  113  119  124  130  136  145  155  167  181  196  212  229  247  266  285
  302  317  328  336  342  347  351  355  360  364  368  371  373  373  370  364
  355  344  332  319  308  299  290  283  275  268  260  251  241  229  217  204
  190  177  165  153  141  129  124  116  115                                   
    50.0-180.0 180.0   5.0 450.0                            LAT/LON1/LON2/DLON/H
  136  124  116  106   99   93   90   86   85   85   83   82   80   79   81   85
   91   99  107  115  123  132  142  154  168  182  198  214  232  252  272  293
  312  329  342  353  361  368  375  382  388  393  398  401  402  401  397  391
  382  371  360  349  339  330  322  315  308  300  292  284  274  262  249  235
  219  205  192  180  169  157  150  140  136                                   
    47.5-180.0 180.0   5.0 450.0                            LAT/LON1/LON2/DLON/H
  156  145  135  123  115  108  104   99   96   94   89   84   78   74   73   76
   83   92  103  114  125  136  148  161  175  189  205  221  239  258  278  300
  320  338  353  367  378  389  398  407  415  421  425  427  427  425  421  414
  406  395  384  373  363  354  345  336  328  320  312  303  294  283  271  257
  241  227  214  204  193  183  175  166  156                                   
    45.0-180.0 180.0   5.0 450.0                            LAT/LON1/LON2/DLON/H
  170  163  152  143  135  129  124  118  114  110  103   95   86   78   75   76
   83   94  107  121  134  147  160  173  187  201  215  231  247  265  284  304
  324  343  361  378  393  407  420  432  440  447  450  451  449  446  440  433
  423  413  401  389  377  364  352  340  329  319  310  303  295  286  275  263
  248  236  224  215  207  200  193  184  170                                   
    42.5-180.0 180.0   5.0 450.0                            LAT/LON1/LON2/DLON/H
  174  172  164  159  154  149  146  140  136  130  122  111   99   89   84   84
   91  102  116  132  146  160  173  186  199  213  227  241  256  272  289  307
  327  347  367  387  407  426  442  456  465  472  474  474  471  466  459  449
  438  425  411  397  382  365  348  331  316  303  293  286  279  272  262  252
  239  228  218  211  205  202  199  190  174                                   
    40.0-180.0 180.0   5.0 450.0                            LAT/LON1/LON2/DLON/H
  168  172  167  166  167  164  163  159  155  149  141  129  117  105   99   98
  104  115  129  144  159  172  184  197  210  224  238  251  264  278  293  309
  328  349  373  398  423  446  466  482  493  499  502  502  498  492  482  470
  457  441  425  407  389  368  346  324  303  287  275  267  261  253  244  233
  221  210  201  194  190  190  191  181  168                                   
    37.5-180.0 180.0   5.0 450.0                            LAT/LON1/LON2/DLON/H
  157  165  163  165  170  169  171  169  167  162  154  144  133  122  116  114
  119  128  141  156  169  181  193  204  217  232  246  260  272  283  296  312
  331  355  382  412  443  471  495  513  525  533  538  539  536  529  519  504
  488  470  451  432  411  387  361  335  311  291  277  267  258  248  236  222
  207  194  184  175  171  172  176  164  157                                   
    35.0-180.0 180.0   5.0 450.0                            LAT/LON1/LON2/DLON/H
  148  158  157  159  165  164  168  168  167  165  160  152  144  136  131  129
  133  140  152  165  177  188  198  208  222  237  252  266  278  289  301  316
  338  365  398  434  470  503  530  550  564  574  582  587  587  582  572  557
  538  519  499  479  457  433  406  378  352  331  315  301  288  271  253  233
  211  193  179  166  161  159  164  148  148                                   
    32.5-180.0 180.0   5.0 450.0                            LAT/LON1/LON2/DLON/H
  150  156  154  154  158  155  158  157  158  157  155  152  147  143  140  140
  142  149  159  171  183  193  202  212  225  241  257  272  284  295  308  326
  350  383  422  464  505  541  570  591  608  622  635  646  652  652  644  629
  611  592  572  553  533  511  486  459  434  412  394  376  356  331  303  273
  244  219  198  179  170  163  163  142  150                                   
    30.0-180.0 180.0   5.0 450.0                            LAT/LON1/LON2/DLON/H
  166  164  156  154  154  148  147  144  144  144  144  145  144  144  144  145
  147  153  163  176  188  198  207  218  231  247  263  279  293  306  321  342
  372  410  455  502  545  583  612  635  655  674  693  712  726  732  729  719
  703  686  669  653  637  620  600  577  554  532  511  488  459  424  385  344
  305  272  243  217  202  189  179  150  166                                   
    27.5-180.0 180.0   5.0 450.0                            LAT/LON1/LON2/DLON/H
  196  183  167  161  157  146  142  135  132  132  133  135  138  141  143  144
  147  153  164  179  193  206  217  228  241  256  272  288  304  321  340  367
  402  446  495  544  588  625  654  677  699  723  750  777  800  815  819  814
  803  790  777  766  756  745  732  714  694  673  649  620  583  539  491  440
  392  352  312  278  256  237  209  173  196                                   
    25.0-180.0 180.0   5.0 450.0                            LAT/LON1/LON2/DLON/H
  240  216  189  176  166  152  144  134  128  126  127  129  133  137  140  141
  144  151  163  181  199  216  229  241  253  267  283  301  320  341  366  399
  440  488  540  588  630  663  689  712  736  764  798  832  863  884  895  896
  891  882  874  867  862  857  849  838  822  801  776  742  700  651  598  541
  488  444  396  354  323  300  255  210  240                                   
    22.5-180.0 180.0   5.0 450.0                            LAT/LON1/LON2/DLON/H
  292  261  224  200  184  167  154  142  133  129  128  129  132  135  138  139
  141  148  162  183  206  227  243  256  268  281  296  315  338  365  396  435
  481  533  584  629  666  694  716  737  761  793  830  869  904  930  945  950
  948  943  936  931  927  924  918  909  896  878  852  819  777  729  678  622
  570  529  477  430  393  366  309  259  292                                   
    20.0-180.0 180.0   5.0 450.0                            LAT/LON1/LON2/DLON/H
  343  313  271  238  211  189  173  158  147  141  138  137  138  139  139  139
  140  147  163  187  213  237  256  270  281  293  309  330  357  390  428  472
  522  574  622  662  692  714  733  752  776  807  845  884  920  946  962  968
  967  962  955  947  940  933  924  913  897  879  856  827  792  752  710  662
  618  583  538  490  452  420  361  311  343                                   
    17.5-180.0 180.0   5.0 450.0                            LAT/LON1/LON2/DLON/H
  382  358  320  282  246  220  199  180  166  158  153  150  149  148  146  143
  142  148  165  190  219  245  266  280  291  303  320  344  376  414  458  506
  557  606  649  682  706  724  741  760  784  813  848  884  915  938  950  952
  948  940  930  918  905  891  873  853  831  810  789  768  745  719  692  657
  623  598  564  520  488  453  398  356  382                                   
    15.0-180.0 180.0   5.0 450.0                            LAT/LON1/LON2/DLON/H
  403  382  352  315  278  249  226  205  188  177  171  167  163  160  155  150
  148  153  168  193  222  249  271  286  298  311  330  358  394  437  484  533
  581  626  663  690  711  729  747  767  790  817  847  876  899  913  917  912
  902  889  874  857  837  814  787  757  726  700  680  667  657  647  636  616
  593  577  555  519  495  462  415  382  403                                   
    12.5-180.0 180.0   5.0 450.0                            LAT/LON1/LON2/DLON/H
  405  384  360  327  293  266  244  223  206  194  187  182  177  172  166  160
  157  160  174  197  224  251  272  288  301  317  340  372  413  458  505  553
  598  637  669  693  713  733  755  778  801  824  848  868  881  884  877  863
  845  827  808  787  763  735  701  663  625  593  572  563  563  566  568  561
  547  537  523  496  480  452  415  388  405                                   
    10.0-180.0 180.0   5.0 450.0                            LAT/LON1/LON2/DLON/H
  395  371  351  319  291  265  246  227  212  203  197  193  188  182  176  169
  166  169  181  201  226  250  271  288  305  326  354  390  433  479  525  569
  610  645  673  696  717  741  767  793  817  837  854  865  869  861  844  821
  798  776  756  735  711  682  646  605  562  526  502  494  498  509  518  517
  509  501  491  471  459  435  408  382  395                                   
     7.5-180.0 180.0   5.0 450.0                            LAT/LON1/LON2/DLON/H
  382  358  336  303  278  255  237  220  208  201  198  197  193  188  182  177
  174  177  189  207  229  251  271  291  313  340  373  412  456  500  542  583
