data/edconvlstm_nd/pred2870.15i
     1.0            IONOSPHERE MAPS     GNSS                IONEX VERSION / TYPE
pyspatialgeodesy        IME             05-JAN-18 20:20     PGM / RUN BY / DATE 
Map Name                                                    COMMENT             
Predicted global ionosphere maps (GIM).                     DESCRIPTION         
  2015    10    14     0     0     0                        EPOCH OF FIRST MAP  
  2015    10    15     0     0     0                        EPOCH OF LAST MAP   
  7200                                                      INTERVAL            
    13                                                      # OF MAPS IN FILE   
  NONE                                                      MAPPING FUNCTION    
10.0                                                        ELEVATION CUTOFF    
One-way carrier phase leveled to code                       OBSERVABLES USED    
  6371.0                                                    BASE RADIUS         
 2                                                          MAP DIMENSION       
   450.0 450.0   0.0                                        HGT1 / HGT2 / DHGT  
    87.5 -87.5  -2.5                                        LAT1 / LAT2 / DLAT  
  -180.0 180.0   5.0                                        LON1 / LON2 / DLON  
    -1                                                      EXPONENT            
                                                            END OF HEADER       
[from data line 3861]
    10                                                      START OF TEC MAP    
  2015    10    14    18     0     0                        EPOCH OF CURRENT MAP
    87.5-180.0 180.0   5.0 450.0                            LAT/LON1/LON2/DLON/H
   81   83   81   84   90   88   89   86   88   91   92   94   95   97   98   99
  100  101  101  101  101  101  101  100   99   98   97   96   95   94   93   92
   91   90   89   88   87   87   86   86   85   85   85   85   84   84   84   84
   83   83   83   82   82   82   81   81   80   80   79   79   78   78   77   77
   77   76   73   70   74   74   90   92   81                                   
    85.0-180.0 180.0   5.0 450.0                            LAT/LON1/LON2/DLON/H
   85   82   93   77   79   84   84   87   89   93   94   96   98  100  102  103
  105  106  107  107  107  107  107  106  105  104  103  102  101   99   98   97
   95   94   93   92   91   90   90   89   88   88   87   87   87   86   86   85
   85   84   84   83   83   82   81   80   80   79   78   77   76   76   75   74
   75   73   69   65   69   71   77   75   85                                   
    82.5-180.0 180.0   5.0 450.0                            LAT/LON1/LON2/DLON/H
   67   67   71   65   70   74   78   80   83   87   90   94   96   99  102  104
  106  108  109  110  110  109  108  107  106  104  103  101   99   97   95   94
   92   91   89   88   87   86   85   84   84   83   83   82   82   81   81   80
   80   79   79   78   77   76   75   74   73   72   71   70   69   67   66   65
   65   63   59   57   62   71   66   66   67                                   
    80.0-180.0 180.0   5.0 450.0                            LAT/LON1/LON2/DLON/H
   49   51   60   56   60   61   68   71   76   81   85   90   93   97  100  103
  106  107  108  108  108  107  105  103  101   98   96   93   90   88   86   84
   82   81   80   79   78   77   76   76   75   75   75   75   75   75   75   75
   75   75   75   75   74   73   72   71   70   69   67   65   64   62   60   59
   58   57   55   53   52   58   53   60   49                                   
    77.5-180.0 180.0   5.0 450.0                            LAT/LON1/LON2/DLON/H
   54   51   52   50   56   58   64   68   73   77   82   88   93   98  102  105
  108  110  111  111  110  108  105  102   98   94   91   87   84   81   78   76
   74   73   72   71   70   70   69   68   68   68   68   68   68   69   70   70
   71   72   72   72   72   71   70   69   68   66   65   63   61   59   57   55
   53   52   51   50   48   49   48   55   54                                   
    75.0-180.0 180.0   5.0 450.0                            LAT/LON1/LON2/DLON/H
   44   46   47   47   52   55   59   63   69   74   79   85   90   95  100  104
  108  110  111  110  108  106  102   98   93   89   84   80   77   74   72   70
   69   68   67   67   66   66   65   64   64   64   64   64   65   66   67   69
   70   71   72   72   72   72   71   70   68   67   65   63   61   59   57   55
   54   53   52   49   48   46   42   41   44                                   
    72.5-180.0 180.0   5.0 450.0                            LAT/LON1/LON2/DLON/H
   47   48   47   49   51   54   58   61   65   69   73   79   85   91   97  102
  105  108  109  108  106  102   97   92   86   80   74   70   66   63   61   60
   59   59   59   58   58   57   56   55   54   54   54   54   55   57   59   61
   62   64   65   65   65   65   64   62   61   60   58   57   55   53   51   50
   48   47   45   42   41   41   40   43   47                                   
    70.0-180.0 180.0   5.0 450.0                            LAT/LON1/LON2/DLON/H
   44   47   48   49   51   53   55   59   63   68   72   78   84   90   96  102
  107  110  112  111  109  105   99   92   85   78   72   67   63   60   58   57
   57   57   57   57   57   56   54   53   51   50   50   50   51   53   55   57
   59   61   62   62   62   61   60   58   57   56   55   54   53   51   50   49
   47   45   45   42   41   42   45   47   44                                   
    67.5-180.0 180.0   5.0 450.0                            LAT/LON1/LON2/DLON/H
   45   49   48   51   54   55   58   61   64   68   72   78   84   90   97  104
  110  115  118  118  115  110  103   95   86   78   71   65   60   57   55   54
   53   54   54   54   53   52   50   48   46   44   43   44   45   47   49   51
   53   55   55   55   54   53   52   51   49   49   48   47   47   46   46   45
   43   41   40   36   36   38   40   41   45                                   
    65.0-180.0 180.0   5.0 450.0                            LAT/LON1/LON2/DLON/H
   41   46   47   50   52   54   57   59   64   67   72   77   83   90   98  106
  114  121  125  127  125  119  111  102   92   83   75   68   63   59   56   55
   54   54   54   53   52   51   48   45   42   40   39   39   40   42   44   46
   47   47   47   46   45   44   42   41   40   40   40   40   40   41   41   40
   39   38   36   34   34   37   40   42   41                                   
    62.5-180.0 180.0   5.0 450.0                            LAT/LON1/LON2/DLON/H
   38   44   45   49   52   54   57   60   64   68   73   79   85   93  101  111
  121  130  137  139  138  132  123  113  102   91   82   75   68   64   60   57
   55   54   53   52   51   49   46   42   39   36   35   35   35   37   39   40
   40   40   39   38   36   35   34   33   32   32   32   33   34   35   36   36
   35   33   32   29   30   32   35   36   38                                   
    60.0-180.0 180.0   5.0 450.0                            LAT/LON1/LON2/DLON/H
   34   41   42   47   49   51   55   58   63   68   74   80   86   94  104  115
  128  139  148  152  151  145  136  125  113  102   92   84   77   71   66   62
   59   56   54   52   51   48   45   42   38   35   33   33   33   34   35   35
   34   33   31   29   28   27   26   26   25   25   26   27   28   30   31   31
   31   29   28   26   26   29   31   33   34                                   
    57.5-180.0 180.0   5.0 450.0                            LAT/LON1/LON2/DLON/H
   31   38   41   46   49   51   55   60   65   71   77   83   90   98  108  121
  135  149  159  164  164  158  149  138  126  115  106   98   91   84   78   72
   67   62   59   57   55   52   49   46   42   40   38   37   36   36   36   34
   32   30   27   26   25   24   24   24   23   24   24   25   27   29   30   31
   31   30   29   26   26   28   29   32   31                                   
    55.0-180.0 180.0   5.0 450.0                            LAT/LON1/LON2/DLON/H
   33   40   43   48   50   53   57   62   69   75   82   88   95  103  113  127
  142  156  168  174  174  168  159  149  138  129  121  114  107  100   93   85
   78   72   68   65   62   60   57   54   51   48   46   44   43   41   39   37
   33   30   27   26   25   25   26   26   26   26   26   27   29   31   33   35
   35   34   33   30   30   30   30   34   33                                   
    52.5-180.0 180.0   5.0 450.0                            LAT/LON1/LON2/DLON/H
   38   44   47   52   55   58   63   68   75   82   88   94  101  108  119  132
  147  162  173  179  179  174  166  157  149  142  136  130  125  118  110  102
   93   86   81   77   74   72   70   67   64   60   58   55   53   50   47   42
   38   34   32   31   31   32   33   34   34   33   33   34   35   37   40   42
   42   42   41   39   37   36   35   39   38                                   
    50.0-180.0 180.0   5.0 450.0                            LAT/LON1/LON2/DLON/H
   46   51   55   61   63   67   71   77   84   91   97  103  109  116  126  138
  153  167  177  182  182  178  172  165  159  155  152  148  143  137  129  120
  111  103   97   92   89   87   85   82   79   75   72   69   65   61   56   51
   46   43   41   41   42   44   45   46   45   45   44   44   45   47   49   51
   52   53   53   51   48   46   43   47   46                                   
    47.5-180.0 180.0   5.0 450.0                            LAT/LON1/LON2/DLON/H
   56   61   65   71   74   78   83   89   95  103  109  115  120  126  135  146
  159  171  180  184  184  181  177  173  170  169  167  165  161  156  148  139
  130  121  114  109  106  103  100   97   93   89   85   81   77   72   66   61
   57   54   53   54   56   58   60   60   60   58   57   56   57   58   60   62
   62   64   65   63   60   58   54   56   56                                   
    45.0-180.0 180.0   5.0 450.0                            LAT/LON1/LON2/DLON/H
   67   71   75   83   86   92   96  103  109  117  124  129  134  139  147  156
  167  177  184  188  188  186  184  182  182  183  182  181  178  172  165  157
  148  139  132  126  122  119  115  110  106  101   96   91   86   81   75   71
   67   66   66   68   71   73   75   75   73   71   69   68   68   69   70   71
   72   73   75   74   71   69   65   66   67                                   
    42.5-180.0 180.0   5.0 450.0                            LAT/LON1/LON2/DLON/H
   76   79   85   94   99  106  111  118  125  134  140  146  150  155  161  169
  178  186  191  194  195  194  194  194  196  197  196  194  190  185  178  171
  163  155  148  142  137  132  126  120  114  109  103   98   92   87   82   79
   77   77   78   80   83   86   86   86   84   81   79   78   77   78   78   79
   79   80   82   82   80   77   74   74   76                                   
    40.0-180.0 180.0   5.0 450.0                            LAT/LON1/LON2/DLON/H
   82   86   92  104  111  120  127  135  142  151  157  163  168  173  178  185
  191  197  201  204  205  206  206  208  209  209  208  204  200  194  188  182
  175  169  162  156  149  142  134  126  119  112  106  100   95   90   86   84
   83   84   86   89   91   93   93   92   89   86   84   83   83   83   83   83
   83   84   85   86   84   81   79   80   82                                   
    37.5-180.0 180.0   5.0 450.0                            LAT/LON1/LON2/DLON/H
   85   90   98  112  122  133  142  151  160  168  175  181  186  191  196  201
  206  210  214  216  218  219  220  221  221  220  217  212  207  202  197  193
  188  183  177  170  161  151  140  129  120  113  107  101   96   91   88   86
   86   88   90   92   94   95   94   93   90   88   86   85   85   85   85   85
   84   84   86   86   84   82   80   82   85                                   
    35.0-180.0 180.0   5.0 450.0                            LAT/LON1/LON2/DLON/H
   87   93  102  119  132  144  156  167  176  185  191  197  202  207  212  216
  220  223  227  229  231  233  233  233  231  229  225  220  215  211  209  206
  204  200  193  185  174  160  146  133  122  114  108  102   97   93   90   88
   88   88   89   91   92   93   93   91   89   87   85   84   84   84   84   84
   83   83   84   84   82   81   79   83   87                                   
    32.5-180.0 180.0   5.0 450.0                            LAT/LON1/LON2/DLON/H
   90   97  108  126  141  156  170  182  192  200  206  212  217  222  227  230
  233  236  238  241  243  243  242  241  238  236  233  230  227  226  226  226
  225  222  215  204  189  172  154  138  126  118  112  107  102   97   93   90
   88   87   86   87   88   89   90   90   88   86   85   84   83   83   84   83
   82   82   83   83   81   79   78   84   90                                   
    30.0-180.0 180.0   5.0 450.0                            LAT/LON1/LON2/DLON/H
   95  103  117  134  151  167  182  195  205  213  219  224  230  235  239  242
  244  246  248  250  251  250  248  245  244  243  244  245  246  249  252  254
  254  250  242  228  209  188  166  148  135  127  121  116  111  106  101   96
   91   87   84   83   85   87   90   91   91   89   87   85   84   84   84   84
   83   83   84   84   82   80   79   86   95                                   
    27.5-180.0 180.0   5.0 450.0                            LAT/LON1/LON2/DLON/H
  102  112  127  144  162  178  193  206  216  224  230  235  241  246  250  253
  254  254  255  256  256  254  251  249  250  254  260  267  274  281  287  290
  290  285  274  256  233  207  183  163  149  141  135  130  125  119  113  105
   97   90   84   82   85   89   94   97   98   96   94   91   89   88   88   88
   86   86   87   87   85   83   82   89  102                                   
    25.0-180.0 180.0   5.0 450.0                            LAT/LON1/LON2/DLON/H
  111  123  138  154  173  189  204  216  227  235  241  246  252  258  262  265
  265  264  263  263  261  257  255  255  261  272  285  299  312  322  330  333
  332  324  309  286  259  230  203  182  168  159  154  149  144  137  129  120
  109   98   90   87   90   97  104  108  109  108  104  100   97   95   95   94
   92   92   92   92   90   88   87   95  111                                   
    22.5-180.0 180.0   5.0 450.0                            LAT/LON1/LON2/DLON/H
  121  134  149  164  184  199  215  227  237  246  252  259  265  272  277  280
  279  277  275  272  268  265  264  268  280  298  319  338  355  368  376  378
  374  363  343  316  285  254  225  204  190  181  176  171  165  158  150  139
  125  111  101   98  102  110  118  123  124  122  117  111  107  104  103  103
  100  100   98   98   97   95   93  101  121                                   
    20.0-180.0 180.0   5.0 450.0                            LAT/LON1/LON2/DLON/H
  130  143  158  174  194  209  225  237  249  258  266  274  283  290  297  300
  299  297  292  288  283  280  283  292  310  334  359  383  401  414  420  420
  412  397  373  343  310  277  249  227  212  203  197  191  186  180  172  160
  145  130  119  115  118  127  135  139  140  136  129  123  117  114  112  111
  108  107  104  104  103  100   99  107  130                                   
    17.5-180.0 180.0   5.0 450.0                            LAT/LON1/LON2/DLON/H
  135  149  165  181  202  218  236  249  263  274  285  295  305  314  322  327
  327  324  319  313  309  308  313  328  350  377  404  427  444  453  456  452
  441  422  396  364  331  299  271  250  234  223  215  209  204  199  192  182
  167  152  140  136  138  145  152  155  153  148  141  133  127  122  120  118
  114  112  109  108  107  104  102  111  135                                   
    15.0-180.0 180.0   5.0 450.0                            LAT/LON1/LON2/DLON/H
  137  151  168  186  209  227  248  263  279  294  307  320  332  344  353  360
  362  360  355  349  345  347  356  374  399  426  450  469  480  483  481  472
  458  437  411  380  349  319  293  271  254  240  229  222  218  215  210  201
  189  175  164  159  160  164  168  168  164  157  149  141  134  129  127  124
  119  116  111  110  108  105  103  113  137                                   
    12.5-180.0 180.0   5.0 450.0                            LAT/LON1/LON2/DLON/H
  135  150  169  189  214  235  260  278  298  317  334  349  363  376  388  397
  402  402  398  393  391  395  407  427  451  475  493  503  506  502  494  482
  466  445  420  393  365  339  314  292  272  254  241  232  228  227  224  219
  209  197  187  182  180  181  180  176  170  162  154  146  139  134  131  127
  122  119  113  110  107  104  102  113  135                                   
    10.0-180.0 180.0   5.0 450.0                            LAT/LON1/LON2/DLON/H
  131  148  168  190  219  244  273  295  318  341  361  379  395  410  423  435
  443  446  444  441  441  447  461  481  503  521  530  530  523  512  499  485
  469  449  428  405  382  360  336  313  289  267  251  241  237  236  236  233
  226  216  207  201  196  192  187  180  172  163  155  147  140  135  132  128
  123  119  113  109  106  102  101  111  131                                   
     7.5-180.0 180.0   5.0 450.0                            LAT/LON1/LON2/DLON/H
  128  146  168  192  224  252  285  310  337  363  386  407  424  440  455  469
  480  486  488  488  490  497  512  531  549  559  558  547  532  516  501  487
