data/edconvlstm_nd/pred1860.15i
     1.0            IONOSPHERE MAPS     GNSS                IONEX VERSION / TYPE
pyspatialgeodesy        IME             05-JAN-18 20:20     PGM / RUN BY / DATE 
Map Name                                                    COMMENT             
Predicted global ionosphere maps (GIM).                     DESCRIPTION         
  2015     7     5     0     0     0                        EPOCH OF FIRST MAP  
  2015     7     6     0     0     0                        EPOCH OF LAST MAP   
  7200                                                      INTERVAL            
    13                                                      # OF MAPS IN FILE   
  NONE                                                      MAPPING FUNCTION    
10.0                                                        ELEVATION CUTOFF    
One-way carrier phase leveled to code                       OBSERVABLES USED    
  6371.0                                                    BASE RADIUS         
 2                                                          MAP DIMENSION       
   450.0 450.0   0.0                                        HGT1 / HGT2 / DHGT  
    87.5 -87.5  -2.5                                        LAT1 / LAT2 / DLAT  
  -180.0 180.0   5.0                                        LON1 / LON2 / DLON  
    -1                                                      EXPONENT            
                                                            END OF HEADER       
     1                                                      START OF TEC MAP    
  2015     7     5     0     0     0                        EPOCH OF CURRENT MAP
    87.5-180.0 180.0   5.0 450.0                            LAT/LON1/LON2/DLON/H
  161  170  180  169  166  166  164  164  164  164  164  164  164  164  164  164
  163  163  163  162  162  162  161  160  160  159  158  157  157  156  155  155
  154  154  154  154  154  154  154  154  154  154  154  154  154  154  154  153
  153  153  152  152  151  151  151  150  150  150  150  150  151  151  151  152
  153  155  157  158  158  156  163  184  161                                   
    85.0-180.0 180.0   5.0 450.0                            LAT/LON1/LON2/DLON/H
  176  175  170  170  174  175  174  173  174  174  174  174  174  174  174  174
  174  174  173  173  172  171  170  169  168  167  166  164  163  161  160  159
  158  157  157  157  157  157  157  157  158  158  158  158  158  157  157  156
  155  154  154  153  152  152  151  151  150  150  151  151  151  152  153  154
  156  158  161  165  159  165  173  187  176                                   
    82.5-180.0 180.0   5.0 450.0                            LAT/LON1/LON2/DLON/H
  175  174  180  177  180  181  180  181  184  183  183  184  184  184  184  184
  184  184  184  183  183  182  180  179  177  175  172  169  167  164  162  160
  158  157  156  156  156  156  157  158  158  159  159  159  159  158  157  156
  155  154  152  151  150  149  148  148  147  148  148  149  150  151  152  154
  156  159  162  163  163  154  165  171  175                                   
    80.0-180.0 180.0   5.0 450.0                            LAT/LON1/LON2/DLON/H
  176  178  178  177  180  184  188  191  193  192  193  194  194  194  194  194
  194  195  195  195  194  194  192  190  188  184  180  176  172  167  164  161
  158  157  157  157  158  159  161  162  164  165  165  165  165  164  163  161
  160  158  156  154  152  151  149  148  148  148  148  148  149  151  152  155
  156  159  161  162  168  160  171  180  176                                   
    77.5-180.0 180.0   5.0 450.0                            LAT/LON1/LON2/DLON/H
  181  176  177  181  180  185  191  195  198  198  199  199  199  199  199  199
  200  200  201  202  202  202  201  199  196  191  186  180  174  168  163  159
  157  156  156  157  159  162  164  167  169  170  171  171  171  170  168  167
  165  162  160  158  156  153  151  150  149  148  147  148  148  149  151  154
  155  158  159  159  166  165  170  183  181                                   
    75.0-180.0 180.0   5.0 450.0                            LAT/LON1/LON2/DLON/H
  185  176  178  183  183  188  194  199  203  203  203  204  203  202  202  201
  201  202  204  205  207  207  207  205  202  197  190  183  176  169  163  159
  156  155  156  158  162  165  169  172  174  176  176  176  176  174  173  171
  169  167  165  162  160  157  155  153  151  150  149  149  149  150  152  154
  155  158  159  155  161  165  169  182  185                                   
    72.5-180.0 180.0   5.0 450.0                            LAT/LON1/LON2/DLON/H
  178  176  180  183  184  190  197  202  207  208  208  208  206  204  202  200
  199  199  200  202  204  205  206  205  201  196  189  181  173  166  159  155
  153  152  154  157  161  165  169  172  174  175  175  175  174  173  172  171
  170  168  166  164  162  159  157  155  153  151  150  150  150  151  152  155
  156  159  161  158  160  163  169  184  178                                   
    70.0-180.0 180.0   5.0 450.0                            LAT/LON1/LON2/DLON/H
  180  175  181  185  188  194  202  209  215  215  216  214  211  207  202  198
  195  194  194  195  197  199  200  200  197  193  186  178  170  163  157  153
  151  152  154  157  161  165  169  171  172  172  171  170  170  169  169  169
  169  169  169  168  166  164  162  159  157  156  154  154  154  155  157  159
  161  163  166  164  168  170  174  186  180                                   
    67.5-180.0 180.0   5.0 450.0                            LAT/LON1/LON2/DLON/H
  185  183  187  191  194  201  209  217  223  225  225  223  218  212  204  198
  192  188  186  186  187  189  190  190  189  185  180  173  166  159  154  151
  150  150  152  156  159  162  164  165  164  163  161  160  160  160  162  164
  166  168  169  169  169  168  166  164  162  161  160  159  159  160  162  165
  167  170  172  170  176  178  181  193  185                                   
    65.0-180.0 180.0   5.0 450.0                            LAT/LON1/LON2/DLON/H
  193  193  198  201  204  210  219  227  234  236  236  233  227  219  209  200
  191  184  180  177  177  177  178  179  179  177  173  169  164  159  155  152
  151  151  153  155  157  158  158  157  154  152  149  148  149  150  153  157
  162  165  168  170  171  171  170  169  168  167  166  166  166  167  169  172
  175  178  182  180  187  191  193  203  193                                   
    62.5-180.0 180.0   5.0 450.0                            LAT/LON1/LON2/DLON/H
  206  209  214  217  218  224  233  240  247  248  248  245  238  229  218  206
  195  185  178  173  170  169  170  171  172  172  171  169  167  164  161  159
  157  156  156  156  156  155  152  149  145  141  139  138  139  142  146  152
  158  163  167  170  172  174  174  175  175  175  175  175  175  176  179  182
  185  189  194  193  201  206  208  216  206                                   
    60.0-180.0 180.0   5.0 450.0                            LAT/LON1/LON2/DLON/H
  220  227  234  236  236  241  248  254  260  260  260  256  250  240  228  216
  203  191  182  174  170  167  167  168  170  172  174  175  175  174  172  169
  167  164  162  159  156  152  147  142  137  133  130  130  131  135  140  147
  154  160  165  169  173  175  177  179  181  182  183  184  185  186  189  192
  196  201  205  206  215  220  222  227  220                                   
    57.5-180.0 180.0   5.0 450.0                            LAT/LON1/LON2/DLON/H
  236  247  255  256  257  260  266  270  273  272  270  266  259  250  239  227
  215  203  192  183  177  174  173  173  176  179  183  186  188  189  187  184
  179  174  168  162  157  151  144  138  133  128  126  125  127  131  137  143
  150  157  163  167  171  175  179  182  186  189  191  193  194  196  198  202
  206  211  216  218  226  231  234  237  236                                   
    55.0-180.0 180.0   5.0 450.0                            LAT/LON1/LON2/DLON/H
  250  265  275  277  277  281  285  286  287  283  279  274  267  259  249  239
  228  218  208  200  194  190  188  189  191  195  199  204  207  207  205  200
  193  185  176  167  159  151  144  137  132  128  125  125  126  130  135  141
  147  154  159  165  169  174  179  185  190  195  199  202  204  206  208  212
  215  220  225  227  234  239  242  244  250                                   
    52.5-180.0 180.0   5.0 450.0                            LAT/LON1/LON2/DLON/H
  262  279  291  294  297  300  304  303  301  294  287  280  272  265  257  249
  242  235  228  223  218  215  213  213  215  218  221  225  227  227  224  216
  206  195  183  172  162  154  146  140  135  131  128  127  128  131  135  139
  145  151  157  162  167  173  180  187  194  201  207  211  214  216  218  221
  224  228  232  233  239  242  247  249  262                                   
    50.0-180.0 180.0   5.0 450.0                            LAT/LON1/LON2/DLON/H
  270  289  301  308  313  319  323  321  317  307  297  287  277  269  263  258
  254  252  250  249  248  247  247  246  246  246  247  248  248  245  240  230
  217  203  190  178  167  159  152  145  140  136  133  132  132  133  135  139
  143  149  155  160  166  173  180  189  199  207  215  220  224  226  229  231
  233  236  239  238  242  244  248  252  270                                   
    47.5-180.0 180.0   5.0 450.0                            LAT/LON1/LON2/DLON/H
  275  293  306  316  325  333  340  339  334  322  308  295  283  274  267  264
  264  267  271  276  280  283  283  282  279  275  272  269  265  260  252  241
  227  212  197  185  175  167  160  153  147  143  139  137  136  136  137  139
  143  149  155  161  167  174  182  192  203  214  223  230  234  237  240  242
  243  245  246  243  245  245  250  255  275                                   
    45.0-180.0 180.0   5.0 450.0                            LAT/LON1/LON2/DLON/H
  278  293  306  319  332  344  353  355  351  338  323  307  292  280  272  269
  272  279  288  300  310  316  318  316  310  302  294  286  279  271  261  248
  235  220  207  195  186  178  170  162  156  150  146  143  141  140  140  141
  145  151  157  163  170  177  186  196  209  220  231  239  245  249  251  253
  254  254  254  250  250  248  253  261  278                                   
    42.5-180.0 180.0   5.0 450.0                            LAT/LON1/LON2/DLON/H
  280  292  305  319  336  350  363  367  366  354  339  321  304  289  279  275
  278  288  302  319  333  344  347  344  335  323  311  299  288  278  267  256
  243  230  219  208  199  191  182  173  165  159  154  151  148  145  144  145
  149  155  162  168  175  182  191  202  215  228  240  249  256  260  263  265
  265  266  265  260  259  256  261  270  280                                   
    40.0-180.0 180.0   5.0 450.0                            LAT/LON1/LON2/DLON/H
  284  294  305  319  337  353  367  376  378  370  355  338  319  302  290  284
  286  296  313  332  351  363  368  364  353  338  323  308  296  285  274  264
  253  243  233  224  215  206  196  185  176  168  163  160  156  153  152  152
  156  162  168  174  181  187  196  208  221  235  248  259  267  272  276  278
  278  278  278  273  273  270  275  284  284                                   
    37.5-180.0 180.0   5.0 450.0                            LAT/LON1/LON2/DLON/H
  294  302  312  323  340  355  370  381  388  383  371  356  337  319  305  296
  297  306  322  342  362  375  380  375  364  349  332  317  303  292  282  273
  265  257  250  241  232  222  210  198  188  180  175  171  168  164  161  161
  164  168  174  180  186  192  201  213  227  242  255  267  277  283  287  290
  291  292  292  289  291  289  294  303  294                                   
    35.0-180.0 180.0   5.0 450.0                            LAT/LON1/LON2/DLON/H
  310  319  327  335  348  361  375  387  396  395  387  374  358  340  324  314
  311  318  332  350  369  381  386  382  371  356  340  326  312  301  292  284
  277  272  265  258  248  236  224  211  201  193  188  185  181  177  172  170
  171  174  178  183  188  195  204  217  231  246  260  273  284  292  297  300
  302  305  307  307  311  311  317  325  310                                   
    32.5-180.0 180.0   5.0 450.0                            LAT/LON1/LON2/DLON/H
  332  345  352  355  364  374  386  398  407  408  404  394  380  364  349  337
  331  334  344  359  374  385  388  385  375  363  349  335  322  310  301  293
  287  282  276  268  258  246  233  221  212  206  202  199  194  189  182  178
  175  175  177  180  185  193  203  217  232  247  262  276  289  298  305  309
  312  316  321  323  331  334  341  348  332                                   
    30.0-180.0 180.0   5.0 450.0                            LAT/LON1/LON2/DLON/H
  359  377  383  384  389  396  406  415  424  426  423  416  406  392  378  366
  357  355  360  369  380  388  390  387  379  369  357  344  331  318  306  297
  290  284  278  270  259  247  235  225  218  214  212  209  204  197  188  180
  175  172  171  173  178  187  199  213  229  244  260  275  289  301  309  315
  320  326  333  337  347  353  362  369  359                                   
    27.5-180.0 180.0   5.0 450.0                            LAT/LON1/LON2/DLON/H
  386  409  416  418  421  427  434  441  448  449  447  442  434  424  411  399
  388  381  380  383  388  392  393  389  383  374  363  349  334  318  303  291
  281  274  266  258  247  237  228  221  217  215  215  212  207  198  187  177
  168  162  159  160  166  176  190  206  223  239  254  271  286  300  311  320
  326  333  342  348  359  367  379  388  386                                   
    25.0-180.0 180.0   5.0 450.0                            LAT/LON1/LON2/DLON/H
  408  435  445  451  454  460  468  473  477  478  476  472  466  457  447  434
  422  411  404  400  399  398  396  391  384  375  363  347  329  309  289  272
  259  249  240  231  223  215  209  206  205  206  207  206  200  190  178  166
  155  147  143  144  151  163  180  197  214  231  247  264  282  299  312  323
  332  340  349  356  367  375  389  401  408                                   
    22.5-180.0 180.0   5.0 450.0                            LAT/LON1/LON2/DLON/H
  422  451  465  476  482  491  499  505  509  509  507  504  499  492  483  471
  457  443  430  419  411  404  398  390  381  369  354  335  312  287  263  242
  225  213  203  195  188  184  181  181  184  188  191  190  185  175  163  150
  138  129  125  126  135  149  168  188  206  223  240  258  278  297  314  327
  338  347  356  362  371  378  394  409  422                                   
    20.0-180.0 180.0   5.0 450.0                            LAT/LON1/LON2/DLON/H
  425  454  471  488  499  511  522  530  536  538  537  535  531  524  516  504
  490  473  455  437  422  408  396  383  370  354  335  311  284  255  228  204
  185  171  162  156  152  149  149  152  157  163  167  167  163  155  143  131
  120  112  108  110  120  137  157  179  198  216  234  254  275  296  316  332
  345  355  363  367  373  377  395  413  425                                   
    17.5-180.0 180.0   5.0 450.0                            LAT/LON1/LON2/DLON/H
  419  445  463  486  500  516  531  542  552  557  560  560  557  551  543  533
  518  499  477  452  429  407  388  370  351  330  306  278  248  218  190  165
  146  133  125  121  119  118  120  124  130  137  142  143  140  133  124  114
  104   96   93   97  108  127  149  171  192  211  231  252  274  297  319  338
  353  364  371  373  375  376  394  414  419                                   
    15.0-180.0 180.0   5.0 450.0                            LAT/LON1/LON2/DLON/H
  408  429  446  471  487  504  521  536  551  561  568  572  571  567  560  551
  538  519  493  462  430  400  373  349  325  299  271  241  211  182  156  134
  116  105   99   97   96   96   98  102  108  115  120  122  120  114  107   99
   91   85   83   88  100  119  142  166  188  208  229  251  275  299  323  344
  361  373  380  380  379  377  395  416  408                                   
    12.5-180.0 180.0   5.0 450.0                            LAT/LON1/LON2/DLON/H
  397  412  426  447  464  480  497  513  531  546  559  567  570  568  564  558
  547  528  500  465  425  387  353  322  294  264  234  205  178  153  132  113
  100   91   86   84   84   84   85   88   93   99  104  107  105  101   96   89
   83   78   77   82   94  114  137  161  185  207  229  252  277  302  327  350
  369  382  389  389  385  381  399  420  397                                   
    10.0-180.0 180.0   5.0 450.0                            LAT/LON1/LON2/DLON/H
  391  401  409  424  437  449  463  479  497  515  531  544  551  554  554  551
  544  527  499  460  414  369  328  292  260  230  201  175  153  135  120  107
   96   88   85   83   83   82   82   83   87   92   97   99   97   94   89   84
   78   74   74   79   91  109  132  157  182  205  229  253  279  305  331  355
  375  389  397  397  394  389  407  428  391                                   
     7.5-180.0 180.0   5.0 450.0                            LAT/LON1/LON2/DLON/H
  395  402  404  409  416  422  431  442  458  475  492  508  519  526  530  532
  529  515  488  448  398  348  302  262  229  200  174  154  139  129  121  112
