data/edconvlstm_nd/pred1250.15i
     1.0            IONOSPHERE MAPS     GNSS                IONEX VERSION / TYPE
pyspatialgeodesy        IME             05-JAN-18 20:20     PGM / RUN BY / DATE 
Map Name                                                    COMMENT             
Predicted global ionosphere maps (GIM).                     DESCRIPTION         
  2015     5     5     0     0     0                        EPOCH OF FIRST MAP  
  2015     5     6     0     0     0                        EPOCH OF LAST MAP   
  7200                                                      INTERVAL            
    13                                                      # OF MAPS IN FILE   
  NONE                                                      MAPPING FUNCTION    
10.0                                                        ELEVATION CUTOFF    
One-way carrier phase leveled to code                       OBSERVABLES USED    
  6371.0                                                    BASE RADIUS         
 2                                                          MAP DIMENSION       
   450.0 450.0   0.0                                        HGT1 / HGT2 / DHGT  
    87.5 -87.5  -2.5                                        LAT1 / LAT2 / DLAT  
  -180.0 180.0   5.0                                        LON1 / LON2 / DLON  
    -1                                                      EXPONENT            
                                                            END OF HEADER       
[from data line 858]
     3                                                      START OF TEC MAP    
  2015     5     5     4     0     0                        EPOCH OF CURRENT MAP
    87.5-180.0 180.0   5.0 450.0                            LAT/LON1/LON2/DLON/H
  168  163  160  162  164  162  160  159  161  162  164  165  167  168  169  169
  170  170  170  170  169  168  167  166  164  163  161  160  158  157  156  154
  153  153  152  152  151  151  151  151  151  151  151  151  151  152  152  152
  153  153  153  154  154  154  154  154  154  154  153  153  152  152  151  151
  152  153  152  153  156  156  156  155  168                                   
    85.0-180.0 180.0   5.0 450.0                            LAT/LON1/LON2/DLON/H
  166  166  157  162  165  164  165  165  167  169  170  172  173  175  176  177
  177  178  177  177  176  175  174  172  170  168  166  164  162  161  159  158
  157  156  156  156  156  156  156  157  157  158  158  159  159  160  160  160
  161  161  162  162  162  163  163  162  162  162  161  161  160  159  158  158
  159  160  158  161  155  155  155  153  166                                   
    82.5-180.0 180.0   5.0 450.0                            LAT/LON1/LON2/DLON/H
  167  164  161  159  161  161  162  164  166  168  169  172  173  175  176  177
  178  178  177  177  175  173  171  169  166  163  159  156  154  151  149  148
  147  147  147  148  149  150  151  152  153  155  156  157  158  159  160  161
  162  162  163  164  165  166  166  166  166  166  165  164  163  162  161  161
  160  160  157  159  161  152  150  144  167                                   
    80.0-180.0 180.0   5.0 450.0                            LAT/LON1/LON2/DLON/H
  164  162  153  154  156  157  161  163  166  167  169  171  173  175  176  177
  178  178  177  176  175  172  169  165  161  157  153  149  145  142  140  139
  138  139  140  142  144  146  149  151  153  155  157  159  160  162  163  165
  166  168  170  171  173  174  174  175  175  175  174  173  172  170  168  167
  166  163  159  160  163  156  157  143  164                                   
    77.5-180.0 180.0   5.0 450.0                            LAT/LON1/LON2/DLON/H
  164  161  154  156  155  157  162  164  166  167  167  169  170  171  172  173
  173  173  173  172  170  168  164  160  155  150  145  140  136  133  131  131
  132  134  137  140  144  148  152  155  159  161  164  166  168  170  172  174
  177  179  182  184  186  188  189  190  190  190  189  188  186  184  182  180
  177  175  168  169  171  162  159  150  164                                   
    75.0-180.0 180.0   5.0 450.0                            LAT/LON1/LON2/DLON/H
  165  165  156  157  156  158  162  163  164  164  163  164  163  162  162  161
  161  161  161  161  160  158  155  151  146  140  134  129  125  122  121  121
  123  127  132  137  143  148  153  158  162  165  168  170  172  175  178  181
  184  187  191  194  196  199  200  201  202  202  201  199  197  195  193  191
  188  185  179  175  175  168  166  158  165                                   
    72.5-180.0 180.0   5.0 450.0                            LAT/LON1/LON2/DLON/H
  166  169  161  160  160  161  164  164  165  163  161  159  156  153  150  148
  147  148  148  149  150  149  147  144  139  133  127  122  118  115  115  117
  120  125  132  139  146  152  159  164  168  172  175  178  181  184  187  191
  195  199  203  206  209  211  213  214  214  213  212  210  207  205  202  201
  197  195  191  188  185  178  175  168  166                                   
    70.0-180.0 180.0   5.0 450.0                            LAT/LON1/LON2/DLON/H
  173  171  165  162  160  161  163  163  163  160  156  152  147  141  136  132
  130  130  131  133  135  136  135  133  128  123  117  112  108  106  107  110
  114  121  128  136  144  152  158  164  169  174  178  181  185  189  194  198
  203  207  211  215  218  219  220  220  220  218  216  214  211  208  205  203
  200  198  195  193  192  186  186  179  173                                   
    67.5-180.0 180.0   5.0 450.0                            LAT/LON1/LON2/DLON/H
  175  173  165  161  159  159  160  160  160  157  152  147  140  132  124  118
  115  114  115  118  121  124  124  122  119  113  108  103  100   99  100  103
  108  114  122  130  138  146  153  160  166  171  177  182  187  192  198  204
  209  214  218  221  223  224  224  223  222  219  217  214  210  206  203  200
  198  196  194  193  193  188  189  186  175                                   
    65.0-180.0 180.0   5.0 450.0                            LAT/LON1/LON2/DLON/H
  178  174  165  160  157  156  157  157  158  155  151  145  137  127  118  110
  105  103  104  107  111  114  115  114  110  106  101   97   95   94   95   98
  102  108  115  123  131  140  148  156  163  171  178  185  192  199  206  212
  218  223  226  228  229  229  228  226  224  221  218  214  210  205  200  197
  194  192  191  190  191  189  192  191  178                                   
    62.5-180.0 180.0   5.0 450.0                            LAT/LON1/LON2/DLON/H
  180  176  166  159  155  153  153  154  155  153  150  145  138  128  118  109
  102   99   98  101  104  106  107  106  104  100   96   93   91   91   92   94
   97  102  108  115  123  132  141  151  161  171  181  190  200  209  217  223
  229  233  236  237  236  235  234  231  228  225  221  217  212  206  200  196
  191  189  188  188  189  188  192  193  180                                   
    60.0-180.0 180.0   5.0 450.0                            LAT/LON1/LON2/DLON/H
  184  180  170  161  156  151  151  150  151  149  148  145  139  131  121  111
  104   99   97   97   99  100  100   99   97   94   92   90   89   89   90   91
   93   96  101  107  115  124  135  147  159  172  185  197  208  219  228  235
  241  244  246  246  245  243  241  239  236  233  229  224  219  212  205  199
  193  190  187  187  189  189  192  194  184                                   
    57.5-180.0 180.0   5.0 450.0                            LAT/LON1/LON2/DLON/H
  194  189  179  169  162  155  153  149  148  146  145  144  140  134  126  117
  108  102   98   97   96   96   95   93   92   90   90   90   90   90   90   90
   90   92   95  101  109  119  131  145  159  175  190  205  218  230  240  248
  253  256  257  257  256  255  253  251  248  245  242  237  231  224  216  209
  202  197  193  193  194  193  196  197  194                                   
    55.0-180.0 180.0   5.0 450.0                            LAT/LON1/LON2/DLON/H
  208  204  195  184  176  167  162  154  150  145  143  142  140  136  130  122
  113  106  101   98   96   94   92   90   89   89   90   92   93   93   92   91
   89   90   92   98  106  117  130  145  162  179  196  213  228  241  251  259
  265  268  269  269  269  268  267  266  264  261  258  254  248  241  233  226
  217  211  207  205  205  203  206  205  208                                   
    52.5-180.0 180.0   5.0 450.0                            LAT/LON1/LON2/DLON/H
  227  224  216  207  199  188  180  168  159  149  144  141  139  137  132  125
  117  110  105  101   97   95   92   90   89   91   94   97  100  100   98   95
   92   91   93   98  107  118  132  148  165  184  202  219  235  249  260  269
  275  279  281  282  283  284  284  283  281  278  275  271  266  259  252  245
  238  232  226  223  222  219  220  219  227                                   
    50.0-180.0 180.0   5.0 450.0                            LAT/LON1/LON2/DLON/H
  249  247  242  235  228  217  206  190  176  161  150  144  140  137  132  126
  119  113  109  105  102   99   97   95   95   97  102  106  109  109  106  101
   97   96   98  103  112  123  136  152  169  188  206  224  240  254  266  276
  284  289  293  296  298  300  300  299  297  294  290  286  281  276  270  265
  259  255  250  246  242  238  239  238  249                                   
    47.5-180.0 180.0   5.0 450.0                            LAT/LON1/LON2/DLON/H
  270  269  266  263  258  249  237  219  199  179  163  152  144  139  133  127
  121  116  113  111  110  108  105  104  105  108  112  117  120  119  115  109
  105  103  105  111  119  129  142  157  173  191  209  226  242  257  271  283
  292  299  305  309  313  315  315  314  310  306  301  296  292  288  284  282
  279  277  274  269  264  259  258  258  270                                   
    45.0-180.0 180.0   5.0 450.0                            LAT/LON1/LON2/DLON/H
  287  286  285  286  285  278  267  248  226  201  180  165  153  144  136  129
  123  120  119  119  120  119  117  116  117  120  125  129  130  128  123  117
  113  112  114  119  127  136  148  161  177  193  210  227  244  259  274  288
  299  308  316  322  326  329  328  325  320  314  307  302  298  296  295  296
  296  297  296  291  285  278  276  277  287                                   
    42.5-180.0 180.0   5.0 450.0                            LAT/LON1/LON2/DLON/H
  300  297  297  299  301  298  289  273  251  225  201  181  166  153  142  133
  128  126  127  129  131  131  130  129  130  133  137  140  139  136  130  124
  120  120  123  128  135  143  153  165  180  196  212  229  245  261  278  293
  306  317  326  333  338  340  339  335  328  320  313  308  305  303  304  308
  311  315  316  312  304  296  293  294  300                                   
    40.0-180.0 180.0   5.0 450.0                            LAT/LON1/LON2/DLON/H
  309  303  301  303  306  304  298  286  268  243  219  199  181  165  152  142
  135  134  136  140  143  144  143  143  143  146  148  149  146  141  135  130
  128  129  132  136  142  148  157  169  184  200  216  232  248  264  281  298
  313  325  336  344  349  351  349  344  337  329  322  318  315  315  317  322
  328  333  336  332  324  314  311  310  309                                   
    37.5-180.0 180.0   5.0 450.0                            LAT/LON1/LON2/DLON/H
  320  310  305  301  301  298  294  286  273  254  233  213  195  179  164  153
  146  145  147  151  154  155  155  154  155  157  158  157  153  147  140  136
  135  137  140  144  148  153  162  174  189  205  222  237  252  268  285  302
  318  332  344  353  360  362  361  356  350  344  339  336  335  335  338  343
  349  355  358  355  346  337  333  330  320                                   
    35.0-180.0 180.0   5.0 450.0                            LAT/LON1/LON2/DLON/H
  341  327  315  302  296  288  282  277  268  254  238  222  207  191  177  165
  158  156  159  162  164  165  165  165  167  169  169  166  160  153  147  144
  144  146  149  151  154  158  166  179  195  212  229  244  258  273  289  306
  322  337  350  361  370  375  376  374  370  367  366  367  367  368  369  373
  378  383  386  382  374  368  363  358  341                                   
    32.5-180.0 180.0   5.0 450.0                            LAT/LON1/LON2/DLON/H
  377  362  341  317  302  286  274  267  259  248  236  225  213  200  187  176
  170  168  169  171  172  172  173  176  179  182  182  178  171  163  157  154
  154  156  158  159  160  163  171  184  201  219  236  251  264  277  292  308
  324  340  355  368  380  388  394  396  398  401  405  409  412  413  413  414
  416  420  422  418  412  410  405  399  377                                   
    30.0-180.0 180.0   5.0 450.0                            LAT/LON1/LON2/DLON/H
  432  417  388  355  331  306  285  269  257  244  233  224  215  205  195  185
  179  176  176  177  177  179  182  188  194  198  197  192  184  176  169  167
  167  168  168  167  166  168  175  188  206  224  241  256  268  280  294  309
  325  341  358  375  390  403  414  423  432  442  452  462  468  469  468  465
  464  465  466  462  459  463  458  453  432                                   
    27.5-180.0 180.0   5.0 450.0                            LAT/LON1/LON2/DLON/H
  503  492  456  418  387  356  323  297  274  253  238  227  218  209  200  191
  185  181  180  179  180  184  192  202  211  216  216  210  201  192  185  181
  180  179  176  173  170  170  177  189  207  225  242  257  269  280  293  308
  324  342  361  380  399  417  434  451  468  486  504  519  528  531  528  524
  520  519  518  515  515  526  520  516  503                                   
    25.0-180.0 180.0   5.0 450.0                            LAT/LON1/LON2/DLON/H
  583  578  540  505  472  437  394  355  317  284  258  240  227  216  206  196
  189  183  180  180  182  190  203  218  231  237  236  229  219  209  201  196
  192  187  182  175  170  169  174  185  202  220  238  253  266  278  291  306
  324  343  364  386  408  431  453  477  501  526  550  570  583  588  586  581
  577  574  573  572  575  591  585  583  583                                   
    22.5-180.0 180.0   5.0 450.0                            LAT/LON1/LON2/DLON/H
  658  662  630  605  576  543  492  441  389  340  299  269  247  231  216  204
  193  186  181  181  186  199  217  237  251  257  255  246  235  224  214  206
  198  190  180  171  164  162  165  175  190  208  227  244  260  274  289  306
  325  346  369  393  417  443  469  497  527  556  584  607  623  631  632  629
  626  624  624  626  632  652  647  646  658                                   
    20.0-180.0 180.0   5.0 450.0                            LAT/LON1/LON2/DLON/H
  714  728  708  701  681  656  604  546  480  416  359  316  282  257  235  217
  202  192  186  186  194  211  233  255  269  273  268  257  244  231  219  207
  196  183  171  161  153  150  151  158  172  190  211  232  251  269  287  306
  328  351  376  402  427  454  482  511  542  573  602  627  645  655  660  661
  662  662  664  668  676  697  696  695  714                                   
    17.5-180.0 180.0   5.0 450.0                            LAT/LON1/LON2/DLON/H
  742  762  758  769  764  751  705  646  573  500  431  375  331  295  265  240
  220  206  198  198  208  227  251  271  282  282  272  257  242  227  214  200
  185  170  157  147  139  135  134  139  151  170  194  218  242  263  285  307
  333  359  386  412  437  463  491  520  551  581  609  633  651  664  672  677
  681  684  689  694  700  719  724  724  742                                   
    15.0-180.0 180.0   5.0 450.0                            LAT/LON1/LON2/DLON/H
  739  761  769  796  804  804  769  717  647  572  499  437  385  342  304  273
  248  230  221  220  229  247  268  284  288  280  264  246  229  215  200  185
  170  156  143  133  125  120  118  122  133  152  177  205  232  258  283  309
  338  368  396  421  446  471  498  526  556  584  611  633  650  663  672  680
  688  693  698  703  706  718  728  730  739                                   
    12.5-180.0 180.0   5.0 450.0                            LAT/LON1/LON2/DLON/H
  713  733  747  780  797  805  781  739  680  612  546  487  435  389  348  313
  285  265  253  250  256  269  283  291  285  269  247  227  210  197  184  170
  156  143  131  121  114  109  106  108  119  139  165  195  224  252  280  310
  342  373  402  428  452  476  502  531  560  587  612  633  649  661  670  678
  686  692  697  700  697  702  714  719  713                                   
    10.0-180.0 180.0   5.0 450.0                            LAT/LON1/LON2/DLON/H
  678  692  706  735  751  759  742  710  665  612  559  511  468  427  389  354
  326  305  292  285  285  290  294  289  274  250  225  205  190  179  169  158
  146  133  122  113  106  101   98  101  112  132  159  189  219  247  276  308
  341  374  404  429  453  478  505  534  563  591  615  636  651  661  669  676
  683  688  692  692  684  681  694  699  678                                   
     7.5-180.0 180.0   5.0 450.0                            LAT/LON1/LON2/DLON/H
  650  655  663  680  686  686  668  643  610  574  537  506  476  447  416  388
  364  345  330  319  311  305  296  280  255  227  203  185  174  166  158  149
