data/edconvlstm_nd/pred1400.15i
     1.0            IONOSPHERE MAPS     GNSS                IONEX VERSION / TYPE
pyspatialgeodesy        IME             05-JAN-18 20:20     PGM / RUN BY / DATE 
Map Name                                                    COMMENT             
Predicted global ionosphere maps (GIM).                     DESCRIPTION         
  2015     5    20     0     0     0                        EPOCH OF FIRST MAP  
  2015     5    21     0     0     0                        EPOCH OF LAST MAP   
  7200                                                      INTERVAL            
    13                                                      # OF MAPS IN FILE   
  NONE                                                      MAPPING FUNCTION    
10.0                                                        ELEVATION CUTOFF    
One-way carrier phase leveled to code                       OBSERVABLES USED    
  6371.0                                                    BASE RADIUS         
 2                                                          MAP DIMENSION       
   450.0 450.0   0.0                                        HGT1 / HGT2 / DHGT  
    87.5 -87.5  -2.5                                        LAT1 / LAT2 / DLAT  
  -180.0 180.0   5.0                                        LON1 / LON2 / DLON  
    -1                                                      EXPONENT            
                                                            END OF HEADER       
[from data line 1716]
     5                                                      START OF TEC MAP    
  2015     5    20     8     0     0                        EPOCH OF CURRENT MAP
    87.5-180.0 180.0   5.0 450.0                            LAT/LON1/LON2/DLON/H
  166  155  151  152  156  155  153  152  153  154  155  155  156  156  157  157
  157  157  157  157  157  157  157  157  156  156  156  156  155  155  155  155
  155  155  155  155  156  156  156  156  157  157  157  158  158  159  159  160
  160  161  161  161  161  161  160  160  160  159  158  158  157  156  154  154
  153  153  151  150  154  151  153  157  166                                   
    85.0-180.0 180.0   5.0 450.0                            LAT/LON1/LON2/DLON/H
  157  153  157  156  159  159  159  159  161  162  162  163  164  165  165  166
  166  166  166  166  166  166  165  165  164  164  163  163  163  162  162  162
  162  162  162  162  162  162  162  163  163  164  164  165  166  167  168  168
  169  170  170  170  171  171  170  170  169  169  168  167  166  164  163  162
  161  162  156  156  151  147  152  155  157                                   
    82.5-180.0 180.0   5.0 450.0                            LAT/LON1/LON2/DLON/H
  146  156  154  151  154  155  156  156  158  160  160  162  162  163  164  164
  164  164  163  163  162  162  161  160  160  159  159  159  159  159  159  159
  160  160  160  161  161  161  162  162  163  164  165  167  168  170  171  173
  174  176  177  177  178  178  179  178  178  177  176  174  173  171  168  166
  164  162  156  158  154  150  149  138  146                                   
    80.0-180.0 180.0   5.0 450.0                            LAT/LON1/LON2/DLON/H
  143  149  145  145  146  146  147  149  151  152  153  154  155  155  156  156
  155  155  154  153  152  151  150  149  148  148  148  148  149  150  151  152
  153  155  156  157  158  159  160  161  163  164  167  169  171  174  177  179
  182  184  186  187  188  189  189  189  189  188  187  185  183  180  177  174
  170  167  160  159  152  148  152  136  143                                   
    77.5-180.0 180.0   5.0 450.0                            LAT/LON1/LON2/DLON/H
  145  147  144  143  143  142  144  144  147  148  148  149  150  150  150  149
  148  147  146  145  143  142  140  139  139  139  140  141  143  146  148  152
  155  158  160  163  165  166  168  170  173  175  178  182  185  189  193  197
  200  203  206  208  209  210  211  211  211  210  208  206  203  200  196  192
  187  182  172  169  163  153  151  143  145                                   
    75.0-180.0 180.0   5.0 450.0                            LAT/LON1/LON2/DLON/H
  142  145  138  137  136  135  136  136  138  138  138  139  139  138  138  137
  136  135  133  132  130  129  128  127  127  127  129  131  135  139  144  150
  155  160  164  168  171  174  176  179  181  185  189  193  198  203  208  213
  217  220  223  225  226  227  227  227  226  225  224  222  220  217  213  209
  203  197  187  178  168  158  157  147  142                                   
    72.5-180.0 180.0   5.0 450.0                            LAT/LON1/LON2/DLON/H
  143  145  138  136  133  131  133  132  133  132  132  131  131  130  129  128
  127  126  125  124  123  122  121  120  120  121  124  127  133  140  147  155
  163  171  177  182  186  189  191  194  197  201  206  211  217  223  228  233
  237  240  242  243  243  243  242  241  239  237  236  234  232  230  227  224
  218  213  203  194  180  166  163  154  143                                   
    70.0-180.0 180.0   5.0 450.0                            LAT/LON1/LON2/DLON/H
  146  146  138  134  129  125  125  123  124  122  121  120  118  117  116  116
  115  115  114  114  114  114  113  113  114  115  118  123  130  138  149  159
  170  179  187  192  197  200  202  204  207  212  217  223  230  236  242  247
  250  252  252  251  249  247  244  241  238  236  234  233  232  230  229  228
  225  221  212  204  190  176  174  164  146                                   
    67.5-180.0 180.0   5.0 450.0                            LAT/LON1/LON2/DLON/H
  149  149  140  134  127  121  119  116  115  112  110  109  107  106  105  105
  105  105  106  106  107  108  108  109  110  111  114  120  128  138  150  163
  175  186  195  201  205  207  209  211  214  219  225  232  239  246  251  255
  257  257  255  252  247  242  237  232  228  225  223  222  222  222  223  224
  223  222  216  208  197  184  181  172  149                                   
    65.0-180.0 180.0   5.0 450.0                            LAT/LON1/LON2/DLON/H
  156  155  144  136  126  118  114  109  106  103  100   98   97   95   95   95
   95   96   98   99  101  103  105  106  107  109  113  118  127  138  152  166
  180  191  201  207  211  212  213  215  218  223  230  238  246  253  258  261
  261  259  254  248  241  234  227  220  215  212  210  209  210  211  213  216
  217  218  215  211  203  193  191  182  156                                   
    62.5-180.0 180.0   5.0 450.0                            LAT/LON1/LON2/DLON/H
  167  165  153  141  128  117  111  103   99   94   91   89   87   86   86   86
   86   88   89   92   94   97  100  102  104  107  110  116  125  137  151  166
  181  193  202  208  211  213  214  215  219  225  232  241  250  257  262  263
  262  257  251  243  234  226  218  212  206  203  200  200  201  202  205  208
  210  213  213  211  207  200  200  192  167                                   
    60.0-180.0 180.0   5.0 450.0                            LAT/LON1/LON2/DLON/H
  181  178  166  151  135  120  110   99   93   86   82   79   78   77   77   77
   77   78   79   82   85   88   92   96   99  102  106  112  121  134  148  163
  178  190  199  205  208  210  211  214  218  225  234  243  252  260  264  264
  262  256  248  240  232  224  217  211  206  202  200  199  199  200  201  204
  206  209  210  211  211  208  210  203  181                                   
    57.5-180.0 180.0   5.0 450.0                            LAT/LON1/LON2/DLON/H
  200  196  184  166  147  129  115  100   90   81   75   72   70   69   69   69
   69   69   69   71   74   78   82   87   91   96  100  107  117  129  144  159
  173  185  194  200  204  206  209  212  218  226  236  247  256  263  267  267
  264  258  251  243  237  230  225  220  216  212  209  208  206  206  205  206
  207  210  211  213  216  217  221  216  200                                   
    55.0-180.0 180.0   5.0 450.0                            LAT/LON1/LON2/DLON/H
  222  217  206  187  166  144  126  106   92   80   72   67   65   64   63   62
   62   61   60   61   63   67   72   78   83   88   94  102  112  125  140  155
  168  180  189  195  200  204  208  213  221  230  241  252  262  269  273  273
  269  264  258  253  248  244  240  237  233  230  227  224  221  219  216  215
  214  216  217  219  223  228  233  230  222                                   
    52.5-180.0 180.0   5.0 450.0                            LAT/LON1/LON2/DLON/H
  245  241  231  212  190  166  143  120  101   85   75   68   64   62   60   59
   58   56   55   54   55   59   64   70   76   83   90   99  110  123  138  153
  166  177  186  192  198  204  210  218  226  237  249  260  271  278  282  282
  280  275  271  267  264  262  259  256  253  249  245  242  238  235  231  228
  226  226  226  228  232  240  247  245  245                                   
    50.0-180.0 180.0   5.0 450.0                            LAT/LON1/LON2/DLON/H
  266  262  255  237  216  191  167  140  117   98   84   75   69   65   62   61
   59   57   55   53   53   56   60   66   73   80   88   98  111  125  140  155
  168  178  186  194  201  208  217  226  236  248  260  272  283  291  296  296
  294  290  287  284  282  280  278  274  270  265  260  255  252  248  244  241
  238  238  237  239  243  252  260  258  266                                   
    47.5-180.0 180.0   5.0 450.0                            LAT/LON1/LON2/DLON/H
  281  279  273  258  239  216  191  163  138  116  100   88   79   74   70   67
   66   64   62   60   59   59   62   67   73   81   90  102  116  131  147  162
  174  184  192  199  207  217  227  237  248  260  273  286  298  307  312  313
  311  308  305  302  299  296  292  286  279  271  265  260  256  253  251  250
  248  249  248  249  252  262  270  267  281                                   
    45.0-180.0 180.0   5.0 450.0                            LAT/LON1/LON2/DLON/H
  287  285  281  269  254  234  211  184  159  137  119  105   95   87   82   79
   78   77   76   73   71   69   70   72   78   86   96  109  124  141  158  173
  184  193  201  208  217  227  238  250  262  274  287  301  313  324  330  332
  331  327  323  319  314  308  300  290  280  270  261  256  252  251  251  253
  254  256  257  257  259  268  275  271  287                                   
    42.5-180.0 180.0   5.0 450.0                            LAT/LON1/LON2/DLON/H
  281  279  277  267  256  240  222  199  177  156  138  124  113  103   98   95
   95   95   95   92   88   84   82   82   85   93  104  118  135  154  171  186
  197  206  212  219  228  239  251  262  274  287  301  315  329  341  349  352
  351  347  342  336  328  319  308  295  281  268  257  251  247  247  249  252
  256  260  262  262  263  269  275  269  281                                   
    40.0-180.0 180.0   5.0 450.0                            LAT/LON1/LON2/DLON/H
  267  262  260  251  244  232  220  203  186  169  154  142  130  120  114  113
  114  116  116  113  108  102   96   93   95  101  112  128  147  166  185  200
  211  218  224  231  239  250  262  274  286  298  313  328  344  358  368  372
  372  369  364  357  349  338  325  309  293  277  265  256  251  249  251  255
  259  264  266  266  264  267  271  263  267                                   
    37.5-180.0 180.0   5.0 450.0                            LAT/LON1/LON2/DLON/H
  249  240  235  225  220  212  206  197  186  175  165  155  144  135  130  129
  132  135  136  133  127  119  110  105  104  109  120  136  156  177  196  212
  223  230  235  240  248  259  271  283  295  308  323  340  358  374  386  393
  396  395  392  388  382  372  360  344  327  310  295  283  275  270  269  270
  272  275  274  272  266  264  267  256  249                                   
    35.0-180.0 180.0   5.0 450.0                            LAT/LON1/LON2/DLON/H
  234  219  211  197  193  186  185  182  178  174  169  163  155  148  143  143
  146  150  152  149  142  132  122  115  112  115  126  143  163  185  205  220
  231  237  242  247  255  266  278  291  303  317  332  351  370  389  405  416
  423  427  429  431  430  427  419  407  391  375  358  343  330  318  310  304
  299  296  291  283  272  265  265  253  234                                   
    32.5-180.0 180.0   5.0 450.0                            LAT/LON1/LON2/DLON/H
  228  208  194  176  169  163  163  165  166  168  168  167  162  157  153  154
  157  160  161  158  151  142  131  122  118  120  130  147  168  189  209  224
  234  240  245  251  260  272  285  299  311  325  341  360  382  404  423  440
  453  464  475  486  495  502  503  499  489  476  460  441  421  400  380  362
  346  333  319  304  287  274  270  257  228                                   
    30.0-180.0 180.0   5.0 450.0                            LAT/LON1/LON2/DLON/H
  235  210  190  170  159  150  150  153  157  162  167  169  168  165  162  161
  163  164  164  161  154  146  136  127  123  125  134  150  170  191  209  223
  232  239  245  254  265  279  294  308  321  334  350  370  394  419  443  465
  485  505  526  548  570  590  604  611  610  603  588  567  539  507  473  439
  409  384  359  336  310  292  284  272  235                                   
    27.5-180.0 180.0   5.0 450.0                            LAT/LON1/LON2/DLON/H
  257  229  203  181  165  155  152  154  157  163  169  174  176  174  170  168
  166  165  162  158  153  146  138  131  127  129  138  152  170  189  204  216
  226  234  244  256  272  289  305  320  333  346  362  383  408  435  463  490
  518  546  577  610  643  675  702  719  727  725  712  689  655  614  568  521
  478  442  408  375  342  319  308  297  257                                   
    25.0-180.0 180.0   5.0 450.0                            LAT/LON1/LON2/DLON/H
  291  262  232  209  187  176  169  169  169  173  179  185  187  185  181  175
  169  163  157  152  147  143  139  134  132  134  141  153  167  182  194  205
  216  228  243  261  281  302  321  337  350  363  378  399  424  453  484  515
  548  583  620  661  702  742  775  799  811  811  798  774  738  692  641  587
  538  496  457  418  379  353  340  330  291                                   
    22.5-180.0 180.0   5.0 450.0                            LAT/LON1/LON2/DLON/H
  333  304  272  250  222  210  200  196  193  194  198  203  204  201  193  183
  172  160  151  144  141  140  139  137  137  138  143  150  159  169  180  192
  207  225  246  270  295  319  340  357  371  384  399  419  444  473  505  539
  574  612  653  696  739  780  814  838  849  848  834  809  773  729  680  627
  579  537  498  458  417  389  377  366  333                                   
    20.0-180.0 180.0   5.0 450.0                            LAT/LON1/LON2/DLON/H
  376  349  319  297  264  251  238  231  225  223  224  226  225  220  209  194
  176  159  145  138  135  137  139  140  141  141  141  143  146  154  165  180
  201  226  254  283  313  340  363  381  395  408  423  442  467  496  528  562
  598  635  674  715  755  791  821  841  848  843  827  802  769  730  687  641
  599  562  528  490  452  424  414  399  376                                   
    17.5-180.0 180.0   5.0 450.0                            LAT/LON1/LON2/DLON/H
  412  389  362  340  305  292  277  269  260  255  253  253  249  240  225  205
  182  160  142  133  131  134  139  142  144  141  135  131  131  137  152  173
  200  232  266  300  333  362  386  406  421  435  450  469  493  521  553  586
  619  653  688  722  755  785  808  821  822  813  796  772  743  710  675  638
  604  574  547  514  481  453  444  426  412                                   
    15.0-180.0 180.0   5.0 450.0                            LAT/LON1/LON2/DLON/H
  438  418  396  373  340  325  310  300  290  284  280  278  271  259  240  216
  188  162  141  130  128  132  138  142  142  135  125  116  115  125  144  171
  205  242  280  317  352  383  409  430  446  461  477  496  520  547  577  608
  638  668  695  722  746  768  783  790  787  775  757  736  712  686  659  630
  603  580  558  530  503  475  466  444  438                                   
    12.5-180.0 180.0   5.0 450.0                            LAT/LON1/LON2/DLON/H
  455  437  419  395  364  348  331  320  311  304  300  296  287  272  251  223
  193  165  142  130  127  130  136  139  136  125  112  103  104  118  142  175
  212  253  293  332  369  400  427  450  468  485  502  522  545  571  599  627
  653  677  698  717  734  748  757  759  754  742  725  707  687  668  647  624
  602  583  565  541  519  490  481  457  455                                   
    10.0-180.0 180.0   5.0 450.0                            LAT/LON1/LON2/DLON/H
  466  452  436  408  382  361  342  329  320  314  309  305  294  277  254  226
  196  167  144  130  125  127  130  131  125  113  101   94   99  117  145  180
  220  262  304  343  380  412  440  464  485  504  522  542  565  589  614  639
  661  681  697  711  723  732  738  738  732  721  706  690  673  657  641  622
  603  586  570  549  530  501  491  467  466                                   
     7.5-180.0 180.0   5.0 450.0                            LAT/LON1/LON2/DLON/H
  475  465  449  419  395  370  347  331  320  314  309  303  291  272  248  222
  195  168  146  130  123  122  122  120  113  103   94   91  100  120  149  186
