data/edconvlstm_nd/pred1410.15i
     1.0            IONOSPHERE MAPS     GNSS                IONEX VERSION / TYPE
pyspatialgeodesy        IME             05-JAN-18 20:20     PGM / RUN BY / DATE 
Map Name                                                    COMMENT             
Predicted global ionosphere maps (GIM).                     DESCRIPTION         
  2015     5    21     0     0     0                        EPOCH OF FIRST MAP  
  2015     5    22     0     0     0                        EPOCH OF LAST MAP   
  7200                                                      INTERVAL            
    13                                                      # OF MAPS IN FILE   
  NONE                                                      MAPPING FUNCTION    
10.0                                                        ELEVATION CUTOFF    
One-way carrier phase leveled to code                       OBSERVABLES USED    
  6371.0                                                    BASE RADIUS         
 2                                                          MAP DIMENSION       
   450.0 450.0   0.0                                        HGT1 / HGT2 / DHGT  
    87.5 -87.5  -2.5                                        LAT1 / LAT2 / DLAT  
  -180.0 180.0   5.0                                        LON1 / LON2 / DLON  
    -1                                                      EXPONENT            
                                                            END OF HEADER       
[from data line 5148]
    13                                                      START OF TEC MAP    
  2015     5    22     0     0     0                        EPOCH OF CURRENT MAP
    87.5-180.0 180.0   5.0 450.0                            LAT/LON1/LON2/DLON/H
  165  175  184  173  170  171  168  167  167  166  166  166  166  166  165  164
  163  162  161  160  158  157  155  154  152  151  149  148  146  145  144  143
  142  141  140  139  139  139  138  139  139  139  140  140  141  142  143  144
  146  147  148  149  150  151  152  153  154  155  156  156  157  157  158  159
  159  161  162  163  162  161  166  179  165                                   
    85.0-180.0 180.0   5.0 450.0                            LAT/LON1/LON2/DLON/H
  182  181  173  173  177  178  176  175  175  174  174  174  173  173  172  171
  170  168  167  165  163  161  159  157  155  153  151  149  147  145  144  142
  141  140  138  138  137  136  136  136  136  136  137  138  139  140  142  143
  145  147  148  150  152  153  155  156  157  158  159  160  161  161  162  163
  165  166  168  171  165  170  175  184  182                                   
    82.5-180.0 180.0   5.0 450.0                            LAT/LON1/LON2/DLON/H
  178  176  179  177  179  180  178  179  180  180  180  180  179  179  178  176
  175  173  171  169  166  164  161  158  155  153  150  148  145  143  141  138
  137  135  133  132  131  130  130  130  130  130  131  132  134  136  138  140
  143  145  148  150  153  155  157  159  161  162  163  164  165  165  166  167
  168  169  170  170  169  160  167  170  178                                   
    80.0-180.0 180.0   5.0 450.0                            LAT/LON1/LON2/DLON/H
  175  175  173  172  175  178  181  184  186  186  186  186  186  185  184  182
  180  177  174  171  168  165  161  158  154  151  147  144  141  139  136  134
  132  130  128  126  125  124  124  124  124  125  126  127  130  132  135  139
  142  146  149  153  156  159  161  163  165  166  167  167  168  168  168  169
  169  168  168  166  172  164  172  178  175                                   
    77.5-180.0 180.0   5.0 450.0                            LAT/LON1/LON2/DLON/H
  177  170  170  173  172  176  182  186  189  189  191  192  192  191  189  186
  183  180  176  172  168  163  159  155  151  148  144  141  138  135  133  131
  129  127  126  124  123  122  122  122  122  123  124  126  129  132  136  140
  145  149  153  157  161  164  166  168  169  169  170  170  170  169  169  169
  168  169  167  165  169  169  172  181  177                                   
    75.0-180.0 180.0   5.0 450.0                            LAT/LON1/LON2/DLON/H
  181  171  171  176  174  178  183  188  192  193  195  196  196  195  192  189
  184  180  175  170  165  161  156  152  148  144  141  138  135  133  131  130
  129  128  127  126  125  125  124  123  124  124  126  128  131  135  139  144
  149  153  158  162  165  167  169  170  171  171  171  171  170  170  169  169
  168  169  168  161  165  170  172  182  181                                   
    72.5-180.0 180.0   5.0 450.0                            LAT/LON1/LON2/DLON/H
  176  173  174  176  174  177  183  188  194  195  197  199  199  196  193  188
  183  177  171  166  161  157  152  148  144  140  137  134  132  130  130  130
  130  130  131  130  130  129  129  128  128  128  130  132  135  139  144  148
  153  157  161  164  166  168  169  169  170  169  169  169  168  168  168  168
  168  168  170  165  166  169  173  185  176                                   
    70.0-180.0 180.0   5.0 450.0                            LAT/LON1/LON2/DLON/H
  182  175  176  178  177  179  184  190  196  198  201  203  202  199  195  189
  183  176  170  165  160  156  152  148  143  139  136  133  131  131  131  133
  134  136  137  138  137  137  136  135  135  135  136  139  142  146  150  154
  158  161  164  166  167  168  168  168  167  167  167  168  168  168  169  170
  170  172  175  172  174  178  179  189  182                                   
    67.5-180.0 180.0   5.0 450.0                            LAT/LON1/LON2/DLON/H
  189  184  182  182  180  181  186  191  197  200  203  205  205  202  197  191
  183  177  170  165  161  157  154  149  145  140  136  133  132  132  133  136
  139  141  142  143  143  142  141  140  139  140  141  143  146  150  153  157
  160  162  163  164  164  163  163  162  162  162  163  164  165  167  168  170
  171  174  178  176  181  185  186  195  189                                   
    65.0-180.0 180.0   5.0 450.0                            LAT/LON1/LON2/DLON/H
  198  192  189  187  184  183  186  191  197  201  204  207  207  204  199  193
  186  179  173  169  166  163  159  155  150  145  140  137  136  136  139  142
  145  147  148  148  147  146  144  143  143  143  145  147  150  153  156  158
  160  161  161  160  159  158  157  157  157  159  160  163  165  167  169  171
  173  177  182  181  188  193  195  203  198                                   
    62.5-180.0 180.0   5.0 450.0                            LAT/LON1/LON2/DLON/H
  207  202  199  194  190  188  189  192  197  200  204  207  208  206  202  196
  190  184  179  176  173  171  168  164  159  153  148  145  144  145  148  151
  153  155  154  153  151  149  147  146  146  147  149  151  153  155  157  158
  159  158  157  156  155  154  154  154  156  158  161  164  167  169  171  173
  175  179  184  185  193  200  202  210  207                                   
    60.0-180.0 180.0   5.0 450.0                            LAT/LON1/LON2/DLON/H
  214  213  210  203  198  194  193  194  198  199  202  205  207  206  203  199
  193  188  185  183  182  181  179  175  170  164  159  157  156  158  160  162
  163  163  161  157  154  150  148  147  148  149  152  154  155  156  157  157
  156  155  154  153  153  153  153  155  158  161  165  168  171  172  174  175
  175  178  184  185  195  203  206  215  214                                   
    57.5-180.0 180.0   5.0 450.0                            LAT/LON1/LON2/DLON/H
  221  224  221  213  209  204  202  200  201  200  201  203  204  204  203  200
  196  193  190  190  190  190  189  186  181  176  172  171  171  173  175  176
  175  171  167  161  156  152  150  150  151  153  155  156  157  157  156  154
  153  152  152  152  154  156  158  161  165  169  173  176  177  177  176  176
  174  176  182  183  194  204  208  219  221                                   
    55.0-180.0 180.0   5.0 450.0                            LAT/LON1/LON2/DLON/H
  228  236  234  227  224  220  216  212  209  204  202  202  202  202  202  200
  198  196  195  196  197  198  198  195  192  188  186  186  187  189  191  190
  186  180  173  166  160  156  154  154  155  157  159  160  159  157  155  152
  151  151  152  155  159  164  168  173  178  182  184  186  185  183  180  177
  174  174  180  180  191  203  208  223  228                                   
    52.5-180.0 180.0   5.0 450.0                            LAT/LON1/LON2/DLON/H
  235  248  246  241  242  239  237  230  224  215  209  205  203  202  201  200
  199  199  199  200  203  204  205  204  202  200  200  201  203  205  205  202
  196  188  179  171  165  162  160  161  162  164  164  164  161  158  155  152
  151  152  156  161  168  176  183  189  194  197  198  197  194  190  184  180
  175  174  178  178  189  201  207  226  235                                   
    50.0-180.0 180.0   5.0 450.0                            LAT/LON1/LON2/DLON/H
  244  258  258  256  261  262  262  254  245  233  222  214  208  205  203  202
  202  202  203  205  208  211  212  212  211  210  212  214  217  218  216  211
  203  194  186  179  174  171  170  171  172  172  172  169  165  161  157  154
  154  156  162  171  181  191  200  207  212  213  212  209  204  198  191  185
  179  177  180  179  190  202  209  231  244                                   
    47.5-180.0 180.0   5.0 450.0                            LAT/LON1/LON2/DLON/H
  253  267  267  271  279  284  288  282  272  257  242  230  220  214  210  207
  206  206  208  210  214  217  219  219  219  220  222  225  227  227  223  217
  208  200  193  188  185  184  184  184  184  183  180  176  171  166  161  159
  159  163  171  182  194  206  217  224  228  228  226  221  215  207  200  194
  188  185  188  185  195  206  213  238  253                                   
    45.0-180.0 180.0   5.0 450.0                            LAT/LON1/LON2/DLON/H
  262  274  275  283  295  304  312  309  301  285  269  253  239  229  221  217
  214  213  215  218  221  224  226  227  227  228  230  233  234  231  226  218
  210  204  200  198  198  199  199  199  197  195  190  185  179  173  168  166
  167  172  181  193  206  220  231  238  241  241  238  233  227  220  214  209
  203  201  202  197  205  215  221  247  262                                   
    42.5-180.0 180.0   5.0 450.0                            LAT/LON1/LON2/DLON/H
  273  280  282  293  308  320  331  333  328  315  299  282  265  251  239  231
  226  224  225  228  231  235  236  236  236  237  238  239  237  233  226  218
  212  209  209  211  213  215  215  214  211  207  201  195  187  181  176  175
  176  181  190  202  216  229  240  247  251  251  249  245  241  237  234  231
  226  224  224  218  222  229  235  259  273                                   
    40.0-180.0 180.0   5.0 450.0                            LAT/LON1/LON2/DLON/H
  286  288  290  303  319  332  346  352  352  343  330  314  295  277  262  251
  243  239  239  241  245  248  249  248  247  246  246  244  241  234  227  220
  216  216  220  225  229  231  231  228  224  219  212  204  197  191  186  185
  186  191  199  210  222  235  246  253  258  260  260  260  260  260  260  259
  257  255  254  245  246  249  253  275  286                                   
    37.5-180.0 180.0   5.0 450.0                            LAT/LON1/LON2/DLON/H
  303  303  305  316  332  343  358  367  372  368  360  345  327  307  289  274
  263  258  256  258  261  263  264  262  259  257  255  252  247  240  232  227
  226  228  234  240  244  245  244  240  235  228  221  213  206  199  196  194
  195  199  205  215  226  238  249  257  264  269  273  278  283  287  291  293
  293  292  289  279  276  275  277  296  303                                   
    35.0-180.0 180.0   5.0 450.0                            LAT/LON1/LON2/DLON/H
  329  328  330  337  350  359  372  382  390  391  386  375  358  337  316  299
  286  278  275  275  278  280  280  277  273  270  268  264  258  252  245  241
  241  245  250  254  256  255  252  247  241  235  228  220  212  206  203  201
  202  204  209  216  226  238  249  259  269  278  288  298  308  317  325  330
  332  332  329  317  312  307  307  321  329                                   
    32.5-180.0 180.0   5.0 450.0                            LAT/LON1/LON2/DLON/H
  363  366  366  369  379  385  393  401  409  412  411  402  387  366  345  325
  309  299  293  292  294  295  295  292  289  286  283  281  276  270  265  262
  262  264  265  265  263  259  254  249  243  237  230  222  214  208  205  204
  204  205  208  213  222  234  246  259  271  285  301  317  332  346  357  365
  369  370  368  356  350  344  341  352  363                                   
    30.0-180.0 180.0   5.0 450.0                            LAT/LON1/LON2/DLON/H
  407  416  415  415  422  425  428  431  435  437  436  429  415  395  373  352
  334  320  312  308  308  309  309  307  304  303  302  301  298  294  290  287
  285  282  278  272  264  257  251  245  240  234  227  218  211  205  202  201
  201  200  201  205  214  226  240  255  271  290  310  331  351  368  382  393
  401  404  403  393  389  382  378  388  407                                   
    27.5-180.0 180.0   5.0 450.0                            LAT/LON1/LON2/DLON/H
  456  474  473  472  478  480  478  474  471  469  466  458  445  425  403  380
  359  342  330  323  321  321  321  320  320  320  321  321  320  317  314  310
  305  296  284  271  258  248  241  235  230  225  218  210  202  197  194  193
  191  189  189  192  201  215  232  250  270  292  316  340  363  384  400  414
  424  431  432  425  425  420  416  426  456                                   
    25.0-180.0 180.0   5.0 450.0                            LAT/LON1/LON2/DLON/H
  507  532  533  534  543  546  540  528  518  508  500  491  477  458  435  411
  387  366  349  338  334  333  333  333  333  335  337  338  338  336  333  327
  317  301  282  262  245  233  226  221  217  212  206  198  190  185  182  180
  178  175  174  178  188  204  225  247  270  294  320  346  371  393  411  427
  440  450  454  451  456  454  452  464  507                                   
    22.5-180.0 180.0   5.0 450.0                            LAT/LON1/LON2/DLON/H
  550  582  585  592  604  611  604  588  569  553  540  527  513  493  470  444
  417  392  371  356  348  345  344  344  345  346  348  349  349  346  340  331
  315  294  269  245  227  216  210  206  203  199  193  185  178  173  169  167
  164  160  158  163  175  194  218  245  271  298  325  351  376  398  417  434
  450  463  470  471  481  483  484  499  550                                   
    20.0-180.0 180.0   5.0 450.0                            LAT/LON1/LON2/DLON/H
  581  614  619  633  651  664  660  642  619  597  580  565  550  530  507  480
  451  422  396  377  365  359  356  353  352  352  352  350  346  340  330  317
  297  273  246  223  207  199  195  194  192  188  182  175  168  162  159  155
  151  146  144  149  163  186  214  243  273  301  328  354  378  400  420  439
  457  472  483  487  500  504  510  529  581                                   
    17.5-180.0 180.0   5.0 450.0                            LAT/LON1/LON2/DLON/H
  594  624  630  652  676  694  695  680  656  633  614  599  584  565  542  515
  484  453  424  400  384  373  366  360  355  350  345  338  328  316  303  287
  266  243  220  201  191  187  186  186  185  180  174  168  161  155  151  146
  140  134  132  138  154  178  209  241  273  302  329  354  378  401  422  443
  463  481  493  500  515  519  530  551  594                                   
    15.0-180.0 180.0   5.0 450.0                            LAT/LON1/LON2/DLON/H
  592  613  619  646  674  697  704  694  673  652  636  623  610  594  572  546
  515  483  451  424  403  388  374  363  351  340  327  312  296  279  264  248
  231  213  197  186  181  181  184  184  182  177  171  164  158  151  145  139
  131  125  123  129  145  171  203  236  269  298  325  351  376  400  424  448
  471  490  504  512  526  529  543  567  592                                   
    12.5-180.0 180.0   5.0 450.0                            LAT/LON1/LON2/DLON/H
  581  591  595  623  652  678  689  684  669  653  641  632  623  610  592  568
  539  508  476  446  421  399  379  359  340  319  297  275  255  238  224  212
  201  191  183  180  180  184  187  187  184  177  170  163  156  149  142  133
  124  117  115  120  136  161  193  227  259  289  316  343  371  399  427  454
  479  500  516  524  536  538  554  579  581                                   
    10.0-180.0 180.0   5.0 450.0                            LAT/LON1/LON2/DLON/H
  571  570  571  595  621  645  658  657  648  637  629  625  620  611  596  577
  552  524  493  463  434  405  377  348  319  289  261  235  215  201  192  187
  184  182  182  184  188  192  194  193  187  179  171  163  156  148  139  129
  119  111  108  112  127  150  180  212  244  273  302  332  364  396  429  459
  488  510  527  536  546  547  565  591  571                                   
     7.5-180.0 180.0   5.0 450.0                            LAT/LON1/LON2/DLON/H
  570  562  557  574  592  612  623  624  618  610  606  605  602  596  585  570
  551  527  500  470  438  403  367  329  291  255  224  200  184  177  176  178
