data/edconvlstm_nd/pred2220.15i
     1.0            IONOSPHERE MAPS     GNSS                IONEX VERSION / TYPE
pyspatialgeodesy        IME             05-JAN-18 20:20     PGM / RUN BY / DATE 
Map Name                                                    COMMENT             
Predicted global ionosphere maps (GIM).                     DESCRIPTION         
  2015     8    10     0     0     0                        EPOCH OF FIRST MAP  
  2015     8    11     0     0     0                        EPOCH OF LAST MAP   
  7200                                                      INTERVAL            
    13                                                      # OF MAPS IN FILE   
  NONE                                                      MAPPING FUNCTION    
10.0                                                        ELEVATION CUTOFF    
One-way carrier phase leveled to code                       OBSERVABLES USED    
  6371.0                                                    BASE RADIUS         
 2                                                          MAP DIMENSION       
   450.0 450.0   0.0                                        HGT1 / HGT2 / DHGT  
    87.5 -87.5  -2.5                                        LAT1 / LAT2 / DLAT  
  -180.0 180.0   5.0                                        LON1 / LON2 / DLON  
    -1                                                      EXPONENT            
                                                            END OF HEADER       
[from data line 3432]
     9                                                      START OF TEC MAP    
  2015     8    10    16     0     0                        EPOCH OF CURRENT MAP
    87.5-180.0 180.0   5.0 450.0                            LAT/LON1/LON2/DLON/H
  135  136  130  137  139  137  137  135  135  137  136  136  136  136  136  136
  136  137  137  137  137  137  136  136  136  136  135  135  135  135  134  134
  134  133  133  133  132  132  132  132  132  132  132  132  133  133  133  134
  134  135  135  135  136  136  136  137  137  137  137  137  137  137  137  137
  136  137  135  133  142  138  147  141  135                                   
    85.0-180.0 180.0   5.0 450.0                            LAT/LON1/LON2/DLON/H
  135  135  145  136  135  138  138  140  140  141  140  141  141  142  142  142
  142  142  142  142  142  142  142  141  141  140  140  139  139  138  138  137
  136  136  135  134  134  133  133  133  133  133  133  133  134  134  135  136
  136  137  138  139  139  140  140  141  141  141  142  142  142  142  142  141
  142  142  138  135  136  132  137  137  135                                   
    82.5-180.0 180.0   5.0 450.0                            LAT/LON1/LON2/DLON/H
  121  128  130  126  126  129  132  133  133  135  135  136  136  137  138  138
  139  139  139  139  140  140  139  139  139  138  137  137  136  135  134  133
  132  131  130  129  127  126  126  125  125  125  125  126  127  128  129  130
  131  132  133  134  135  136  137  137  137  138  138  138  137  137  136  136
  136  135  131  131  130  135  129  124  121                                   
    80.0-180.0 180.0   5.0 450.0                            LAT/LON1/LON2/DLON/H
  115  118  124  122  121  121  125  128  130  132  132  134  135  136  137  138
  139  140  140  140  140  140  140  139  139  138  137  136  135  134  132  130
  129  127  125  123  122  120  119  118  117  117  117  118  119  121  122  124
  125  127  129  130  131  132  132  133  133  133  133  133  133  132  132  131
  131  130  128  127  122  122  121  119  115                                   
    77.5-180.0 180.0   5.0 450.0                            LAT/LON1/LON2/DLON/H
  116  114  118  118  118  121  123  127  128  131  131  134  135  137  138  140
  141  142  143  143  144  144  144  143  143  142  141  140  139  137  135  133
  131  129  126  124  121  119  117  115  114  113  114  115  116  118  120  122
  124  126  128  129  130  130  130  130  130  129  129  129  128  128  127  126
  125  124  122  122  121  115  116  117  116                                   
    75.0-180.0 180.0   5.0 450.0                            LAT/LON1/LON2/DLON/H
  110  111  112  113  115  119  121  125  127  131  132  135  136  138  140  141
  143  144  145  146  147  147  148  147  147  147  146  145  144  142  140  138
  136  133  130  127  123  120  117  114  113  112  112  113  114  116  119  121
  123  125  126  127  127  127  127  126  125  124  123  123  123  122  122  122
  121  120  118  115  115  111  111  102  110                                   
    72.5-180.0 180.0   5.0 450.0                            LAT/LON1/LON2/DLON/H
  102  104  105  111  112  116  120  124  126  130  131  134  136  138  140  141
  143  144  146  147  148  149  149  149  149  149  148  147  147  145  144  142
  140  137  133  129  125  121  117  113  111  110  110  111  112  114  117  119
  121  122  123  123  122  121  119  117  116  114  113  113  113  112  112  112
  111  110  109  106  105  103  104  101  102                                   
    70.0-180.0 180.0   5.0 450.0                            LAT/LON1/LON2/DLON/H
   97   98  100  105  106  111  114  119  123  127  129  132  134  136  137  139
  140  142  143  144  146  147  148  149  149  149  149  148  148  147  147  145
  144  141  137  132  127  122  118  114  111  110  109  110  111  113  115  117
  118  119  119  117  115  112  109  106  104  102  101  101  101  101  101  102
  101  100  100   97   96   96   99   96   97                                   
    67.5-180.0 180.0   5.0 450.0                            LAT/LON1/LON2/DLON/H
   90   93   96  102  105  110  115  120  124  129  131  135  137  138  140  140
  141  142  144  145  147  149  150  151  151  151  151  151  151  151  152  151
  150  148  144  139  134  128  123  119  116  115  114  115  116  118  119  120
  120  120  118  116  112  108  103   99   96   94   93   93   93   93   94   95
   94   93   91   89   87   88   91   88   90                                   
    65.0-180.0 180.0   5.0 450.0                            LAT/LON1/LON2/DLON/H
   82   87   90   96   99  105  110  116  121  127  130  134  136  138  138  139
  139  140  141  142  144  147  148  150  151  151  151  152  152  154  155  156
  156  154  150  145  139  134  129  125  122  121  121  122  122  123  124  123
  122  120  117  113  108  102   97   92   89   86   85   85   85   86   86   86
   85   84   83   81   81   83   86   85   82                                   
    62.5-180.0 180.0   5.0 450.0                            LAT/LON1/LON2/DLON/H
   75   81   85   91   95  101  106  113  119  125  129  133  136  138  138  139
  138  138  139  141  143  145  147  149  150  151  152  152  154  156  159  161
  161  160  157  152  146  140  135  132  130  130  130  131  131  131  130  129
  127  123  119  113  107  100   94   89   85   82   81   81   81   81   81   81
   79   77   76   73   74   75   80   79   75                                   
    60.0-180.0 180.0   5.0 450.0                            LAT/LON1/LON2/DLON/H
   70   76   79   85   89   95  101  108  114  120  125  130  133  136  137  137
  136  136  136  137  139  142  145  147  149  150  151  153  155  158  162  165
  166  166  163  158  152  147  143  140  139  140  140  141  141  140  138  135
  131  126  121  114  107  101   94   89   85   82   81   80   80   79   78   77
   74   71   69   67   67   70   75   74   70                                   
    57.5-180.0 180.0   5.0 450.0                            LAT/LON1/LON2/DLON/H
   67   72   75   81   84   91   97  103  109  116  121  126  130  133  135  135
  135  134  134  135  137  140  143  146  149  151  153  155  158  162  167  171
  173  173  170  166  160  155  151  150  150  151  152  152  151  149  146  142
  137  132  126  119  112  105   99   94   90   87   86   84   83   81   78   76
   72   69   67   63   64   66   71   71   67                                   
    55.0-180.0 180.0   5.0 450.0                            LAT/LON1/LON2/DLON/H
   66   70   73   79   82   88   94  100  105  111  116  121  125  129  132  133
  133  132  131  132  133  137  141  145  149  152  155  158  162  166  172  176
  179  180  177  173  168  163  160  159  159  161  162  161  160  157  153  148
  143  137  131  124  117  111  105  101   98   95   93   90   87   84   81   77
   73   69   66   62   63   64   70   70   66                                   
    52.5-180.0 180.0   5.0 450.0                            LAT/LON1/LON2/DLON/H
   67   71   74   79   82   88   94   99  104  108  112  116  121  125  128  131
  131  130  129  129  130  134  139  144  149  154  158  162  166  171  177  182
  185  186  185  181  176  171  169  168  168  169  169  168  166  162  158  153
  148  143  137  131  124  119  114  110  107  104  101   98   93   89   84   80
   76   72   69   65   65   66   71   71   67                                   
    50.0-180.0 180.0   5.0 450.0                            LAT/LON1/LON2/DLON/H
   71   74   76   82   84   91   97  102  106  109  111  114  118  122  126  129
  130  129  128  127  128  132  138  144  151  157  162  166  171  177  183  188
  192  193  192  189  185  181  178  177  177  177  176  174  171  167  162  158
  153  148  143  137  132  127  123  120  117  114  110  105  100   94   89   85
   81   77   75   71   71   71   75   75   71                                   
    47.5-180.0 180.0   5.0 450.0                            LAT/LON1/LON2/DLON/H
   76   78   80   86   89   97  103  109  111  114  114  116  119  123  126  129
  130  129  128  127  128  132  138  145  153  160  167  172  178  183  189  194
  198  201  201  199  196  193  190  188  187  185  183  180  176  172  167  163
  159  155  150  144  139  134  131  128  126  122  118  112  106  100   95   91
   88   86   84   80   79   78   81   80   76                                   
    45.0-180.0 180.0   5.0 450.0                            LAT/LON1/LON2/DLON/H
   81   83   85   91   95  103  111  117  120  123  123  124  125  128  131  133
  134  133  131  129  130  134  140  148  157  165  173  179  184  190  196  201
  206  210  212  212  210  208  205  203  200  197  193  189  184  179  175  171
  167  162  156  150  144  140  137  135  133  129  125  119  112  106  102   99
   97   96   94   90   88   86   88   86   81                                   
    42.5-180.0 180.0   5.0 450.0                            LAT/LON1/LON2/DLON/H
   86   88   89   96  101  110  118  127  131  135  135  136  137  138  140  141
  141  139  137  135  135  138  144  153  162  171  179  186  192  198  204  210
  216  221  225  228  228  228  225  222  218  214  209  203  196  191  186  181
  176  170  163  156  149  144  141  139  138  135  130  125  119  113  110  109
  108  106  105  100   97   94   95   92   86                                   
    40.0-180.0 180.0   5.0 450.0                            LAT/LON1/LON2/DLON/H
   89   91   92   99  105  114  125  135  142  148  150  152  153  153  153  153
  151  149  145  143  142  145  150  158  168  177  186  194  201  207  214  221
  229  236  243  248  251  252  250  247  243  237  231  223  215  208  200  193
  186  178  169  160  152  147  144  142  141  139  135  130  125  121  119  119
  118  117  116  110  105  100  100   97   89                                   
    37.5-180.0 180.0   5.0 450.0                            LAT/LON1/LON2/DLON/H
   91   93   92  100  106  116  128  141  152  160  166  169  171  171  170  168
  165  161  157  153  152  154  158  166  174  184  194  203  211  219  227  236
  246  255  265  272  278  280  280  278  273  267  259  250  239  228  218  207
  197  186  174  163  154  148  145  144  143  142  139  136  132  130  129  130
  129  128  125  118  111  105  104  100   91                                   
    35.0-180.0 180.0   5.0 450.0                            LAT/LON1/LON2/DLON/H
   93   93   91   98  105  115  128  144  158  170  179  185  189  189  187  184
  180  175  170  166  164  165  168  174  183  192  202  213  223  233  244  255
  267  279  291  300  307  312  312  310  306  300  291  280  266  251  236  221
  206  191  177  164  154  148  146  145  145  144  143  141  139  139  139  140
  139  136  132  124  115  108  107  101   93                                   
    32.5-180.0 180.0   5.0 450.0                            LAT/LON1/LON2/DLON/H
   95   93   90   96  102  112  126  143  159  175  188  198  204  205  204  200
  195  189  184  180  177  177  180  185  192  202  213  225  237  251  264  279
  293  308  320  331  339  343  344  343  339  333  323  309  292  272  251  231
  213  195  178  164  154  148  146  146  147  147  146  145  145  146  148  148
  146  143  137  129  119  111  109  103   95                                   
    30.0-180.0 180.0   5.0 450.0                            LAT/LON1/LON2/DLON/H
   97   94   90   94  100  109  123  140  158  176  193  206  214  218  218  215
  210  204  199  195  192  192  194  198  204  213  225  239  254  271  289  306
  323  339  352  362  369  372  373  371  367  361  350  335  314  289  263  239
  216  196  178  163  153  147  146  147  148  148  148  148  150  152  154  154
  152  148  141  132  123  114  112  105   97                                   
    27.5-180.0 180.0   5.0 450.0                            LAT/LON1/LON2/DLON/H
  101   97   92   94   99  108  120  137  155  174  193  209  220  227  229  228
  224  219  214  211  209  208  210  213  219  228  240  256  274  295  315  336
  355  371  383  390  394  395  394  392  388  382  371  353  329  300  270  242
  217  196  177  162  152  148  148  149  150  149  149  149  151  154  156  157
  154  150  143  135  127  119  117  109  101                                   
    25.0-180.0 180.0   5.0 450.0                            LAT/LON1/LON2/DLON/H
  106  102   97   97  101  110  121  135  153  172  191  208  222  232  237  238
  236  233  230  228  226  226  228  231  237  246  259  276  297  320  343  366
  385  400  409  413  413  411  408  405  401  395  383  364  337  306  273  243
  218  196  178  163  154  150  150  152  152  150  148  148  149  152  155  156
  153  150  144  138  131  124  123  114  106                                   
    22.5-180.0 180.0   5.0 450.0                            LAT/LON1/LON2/DLON/H
  111  109  103  103  106  114  124  136  152  169  188  206  222  234  242  246
  248  247  246  245  244  245  248  252  258  267  280  299  321  345  370  393
  412  424  429  428  424  419  415  411  407  401  388  368  341  308  275  245
  220  200  182  168  159  155  155  156  155  151  147  145  145  147  150  151
  150  148  144  140  136  131  130  122  111                                   
    20.0-180.0 180.0   5.0 450.0                            LAT/LON1/LON2/DLON/H
  116  116  110  109  111  119  128  139  153  168  185  203  220  234  245  253
  258  260  261  262  263  265  269  274  280  290  304  322  345  370  394  415
  431  439  441  437  430  423  418  414  410  403  390  370  342  310  279  251
  228  209  192  178  169  165  164  163  159  153  146  141  140  141  143  144
  144  144  143  141  140  138  136  129  116                                   
    17.5-180.0 180.0   5.0 450.0                            LAT/LON1/LON2/DLON/H
  120  122  116  114  116  123  132  142  154  168  184  201  218  234  248  259
  267  273  276  278  280  284  290  296  304  314  328  346  368  391  413  431
  443  449  447  441  433  426  421  417  413  406  393  372  346  316  287  262
  241  223  207  193  183  177  175  172  166  158  148  140  135  134  135  137
  137  139  141  141  143  142  141  134  120                                   
    15.0-180.0 180.0   5.0 450.0                            LAT/LON1/LON2/DLON/H
  121  125  119  117  118  125  134  144  156  170  184  200  218  234  250  264
  275  283  288  292  296  302  309  318  327  338  352  369  389  409  427  442
  450  453  450  444  436  430  426  423  419  412  398  379  354  327  302  279
  260  242  225  210  199  191  186  182  174  164  151  140  133  129  129  130
  130  134  137  139  143  143  143  137  121                                   
    12.5-180.0 180.0   5.0 450.0                            LAT/LON1/LON2/DLON/H
  121  126  119  116  117  122  132  143  157  171  186  202  219  236  253  268
  281  291  298  303  308  316  325  336  348  360  374  389  406  423  438  448
  455  456  453  447  441  436  434  433  430  422  408  390  367  343  321  300
  281  261  242  225  212  203  197  191  182  170  156  143  133  127  125  125
  125  129  133  136  140  141  141  137  121                                   
    10.0-180.0 180.0   5.0 450.0                            LAT/LON1/LON2/DLON/H
  118  123  115  112  111  116  127  140  157  173  189  205  221  238  255  271
  286  297  305  311  317  326  338  351  366  379  392  406  421  434  445  453
  458  458  455  450  446  444  445  445  442  435  421  403  382  361  340  319
  298  275  253  234  219  208  201  195  187  175  160  147  136  128  125  123
  123  126  128  131  136  137  136  133  118                                   
     7.5-180.0 180.0   5.0 450.0                            LAT/LON1/LON2/DLON/H
  114  118  109  106  104  108  120  135  155  174  192  208  225  241  258  274
  288  300  309  315  322  332  346  362  379  394  407  419  432  443  452  457
