data/edconvlstm_nd/pred3100.15i
     1.0            IONOSPHERE MAPS     GNSS                IONEX VERSION / TYPE
pyspatialgeodesy        IME             05-JAN-18 20:20     PGM / RUN BY / DATE 
Map Name                                                    COMMENT             
Predicted global ionosphere maps (GIM).                     DESCRIPTION         
  2015    11     6     0     0     0                        EPOCH OF FIRST MAP  
  2015    11     7     0     0     0                        EPOCH OF LAST MAP   
  7200                                                      INTERVAL            
    13                                                      # OF MAPS IN FILE   
  NONE                                                      MAPPING FUNCTION    
10.0                                                        ELEVATION CUTOFF    
One-way carrier phase leveled to code                       OBSERVABLES USED    
  6371.0                                                    BASE RADIUS         
 2                                                          MAP DIMENSION       
   450.0 450.0   0.0                                        HGT1 / HGT2 / DHGT  
    87.5 -87.5  -2.5                                        LAT1 / LAT2 / DLAT  
  -180.0 180.0   5.0                                        LON1 / LON2 / DLON  
    -1                                                      EXPONENT            
                                                            END OF HEADER       
[from data line 3432]
     9                                                      START OF TEC MAP    
  2015    11     6    16     0     0                        EPOCH OF CURRENT MAP
    87.5-180.0 180.0   5.0 450.0                            LAT/LON1/LON2/DLON/H
   84   92   93   95   99   99   99   96   97  100  100  102  103  105  107  108
  110  111  112  113  113  114  114  113  113  112  111  110  109  108  106  105
  103  102  100   99   98   96   95   95   94   93   93   93   93   93   94   94
   95   95   95   96   96   96   96   96   96   96   96   95   95   94   94   94
   94   93   90   86   90   88  101   98   84                                   
    85.0-180.0 180.0   5.0 450.0                            LAT/LON1/LON2/DLON/H
   91   92  106   87   89   92   92   94   96   99  100  102  104  106  108  111
  113  115  116  118  119  119  120  120  119  118  117  116  115  113  111  109
  107  105  103  101   99   97   96   95   94   93   93   93   93   93   94   94
   95   96   96   97   97   97   97   97   97   96   96   95   95   94   93   93
   93   91   86   81   84   84   91   88   91                                   
    82.5-180.0 180.0   5.0 450.0                            LAT/LON1/LON2/DLON/H
   77   77   82   73   76   79   81   83   85   88   91   94   97  101  105  108
  111  114  117  119  121  122  122  122  122  121  119  117  115  113  110  107
  104  101   98   95   93   90   88   87   85   85   84   85   85   86   87   88
   90   91   92   93   93   93   93   93   92   91   90   89   87   86   85   84
   83   81   77   73   76   84   79   76   77                                   
    80.0-180.0 180.0   5.0 450.0                            LAT/LON1/LON2/DLON/H
   58   57   64   58   60   59   62   64   68   71   75   80   84   89   94   98
  103  107  111  113  116  117  117  117  116  115  112  110  107  103  100   96
   92   88   84   81   77   74   72   70   69   68   69   69   71   73   75   78
   80   82   84   86   87   87   87   86   85   83   81   79   77   75   74   72
   71   70   67   65   63   68   65   69   58                                   
    77.5-180.0 180.0   5.0 450.0                            LAT/LON1/LON2/DLON/H
   59   53   51   47   48   48   51   53   57   60   64   69   75   82   88   95
  101  106  111  115  118  120  121  120  119  117  114  111  107  102   98   93
   88   83   78   74   70   66   63   60   59   58   58   59   61   64   68   71
   75   78   81   83   85   85   85   83   82   79   77   74   71   69   67   65
   63   62   60   58   56   56   57   60   59                                   
    75.0-180.0 180.0   5.0 450.0                            LAT/LON1/LON2/DLON/H
   45   45   41   40   41   41   42   44   48   52   56   62   68   76   83   91
   98  104  110  115  118  121  122  122  121  119  115  112  107  102   97   92
   86   81   76   71   66   62   58   55   53   52   53   54   57   60   64   69
   73   77   80   82   84   84   83   81   78   75   72   70   67   64   63   61
   60   59   58   55   55   53   51   47   45                                   
    72.5-180.0 180.0   5.0 450.0                            LAT/LON1/LON2/DLON/H
   50   47   42   42   41   41   42   43   45   48   53   59   66   74   82   90
   99  106  113  118  123  126  127  128  127  124  121  117  112  107  101   95
   90   84   78   72   67   62   58   54   51   50   49   50   53   57   61   66
   70   74   77   80   80   80   79   77   74   71   68   65   62   60   59   58
   57   56   56   53   52   52   52   52   50                                   
    70.0-180.0 180.0   5.0 450.0                            LAT/LON1/LON2/DLON/H
   49   48   44   44   43   42   42   43   47   50   54   60   67   75   84   93
  101  109  116  123  128  131  134  135  134  132  129  125  120  115  109  103
   96   90   84   78   72   66   61   57   53   50   49   50   51   54   58   63
   67   70   73   74   75   74   72   70   67   65   62   60   58   57   56   56
   56   55   56   54   55   54   58   56   49                                   
    67.5-180.0 180.0   5.0 450.0                            LAT/LON1/LON2/DLON/H
   51   49   45   47   47   47   48   50   52   56   60   66   73   81   90   99
  107  116  123  130  135  140  142  144  144  142  139  135  130  124  118  112
  105   98   92   85   78   72   66   60   56   52   50   49   50   52   55   58
   61   63   65   65   65   64   63   61   59   57   56   54   53   53   53   53
   53   53   53   51   51   52   54   51   51                                   
    65.0-180.0 180.0   5.0 450.0                            LAT/LON1/LON2/DLON/H
   46   45   42   45   46   47   49   52   56   60   65   71   78   86   95  104
  112  121  128  135  141  146  150  152  152  151  148  145  140  135  129  123
  116  108  101   93   86   78   71   65   59   54   51   49   48   49   50   51
   52   53   53   53   52   50   49   48   47   47   46   46   46   47   47   48
   48   49   49   47   49   51   53   51   46                                   
    62.5-180.0 180.0   5.0 450.0                            LAT/LON1/LON2/DLON/H
   39   39   37   41   44   46   49   53   58   63   68   76   83   92  101  109
  118  126  134  141  147  153  157  159  160  160  158  155  151  146  141  135
  128  120  111  102   93   85   77   69   62   57   52   49   47   46   45   45
   44   43   42   40   39   38   37   37   37   38   38   39   40   40   41   42
   42   42   42   40   42   43   45   43   39                                   
    60.0-180.0 180.0   5.0 450.0                            LAT/LON1/LON2/DLON/H
   30   32   31   35   37   39   43   48   54   61   68   76   85   94  103  112
  121  129  137  144  151  156  161  164  165  166  165  163  160  157  153  148
  141  132  122  111  101   91   82   73   66   60   55   50   47   44   42   40
   37   35   32   29   28   27   27   28   29   30   31   32   33   34   34   34
   34   34   34   33   34   36   37   35   30                                   
    57.5-180.0 180.0   5.0 450.0                            LAT/LON1/LON2/DLON/H
   23   26   26   31   33   34   39   43   50   58   66   76   86   96  105  115
  124  132  140  147  154  159  164  168  170  171  172  172  172  171  168  164
  157  148  136  124  112  101   91   82   74   67   62   57   53   49   45   41
   38   34   30   27   25   24   24   25   27   29   30   31   31   31   31   31
   30   29   30   29   31   32   31   32   23                                   
    55.0-180.0 180.0   5.0 450.0                            LAT/LON1/LON2/DLON/H
   22   26   26   30   31   31   35   39   46   54   63   74   85   96  107  117
  126  134  142  149  155  161  166  170  173  175  178  180  182  184  184  181
  175  165  153  139  126  113  102   92   84   78   72   67   62   57   53   48
   43   39   34   31   29   28   29   30   32   33   34   34   33   33   32   31
   30   29   30   30   32   32   32   33   22                                   
    52.5-180.0 180.0   5.0 450.0                            LAT/LON1/LON2/DLON/H
   29   33   33   35   34   33   35   38   44   52   62   73   85   97  108  118
  127  136  143  150  156  161  166  171  174  178  183  187  192  197  199  197
  192  182  170  155  141  128  116  106   97   90   84   79   74   70   65   60
   55   50   46   42   40   39   40   41   42   43   42   42   40   39   38   37
   36   35   37   38   39   40   39   41   29                                   
    50.0-180.0 180.0   5.0 450.0                            LAT/LON1/LON2/DLON/H
   44   47   47   47   44   42   41   42   47   54   63   75   87   98  109  120
  129  138  145  152  157  162  166  171  176  181  187  194  202  208  212  212
  208  199  187  172  158  144  131  120  111  103   97   92   88   83   79   75
   70   66   62   59   56   55   55   56   56   56   54   53   51   49   48   47
   47   47   50   52   53   54   54   55   44                                   
    47.5-180.0 180.0   5.0 450.0                            LAT/LON1/LON2/DLON/H
   63   67   66   66   61   58   54   53   56   62   71   81   92  103  113  123
  132  140  147  153  158  163  167  172  178  185  193  202  211  218  223  224
  221  213  202  188  174  159  146  133  122  114  108  103   99   95   91   88
   85   81   78   75   73   71   71   71   71   69   67   65   63   62   61   62
   61   63   66   69   71   72   74   72   63                                   
    45.0-180.0 180.0   5.0 450.0                            LAT/LON1/LON2/DLON/H
   83   86   84   85   81   77   72   70   71   77   84   94  103  112  120  128
  136  143  150  155  160  164  169  174  182  190  200  210  219  227  232  233
  230  223  213  201  188  173  158  144  131  121  114  109  105  102   99   97
   95   93   90   87   85   83   82   82   81   80   78   76   75   74   75   76
   76   78   81   84   87   89   92   88   83                                   
    42.5-180.0 180.0   5.0 450.0                            LAT/LON1/LON2/DLON/H
   96   98   97  101   98   94   89   88   90   96  103  112  120  126  132  137
  143  149  154  158  162  167  172  179  187  198  208  219  228  234  237  238
  235  230  223  213  201  186  169  152  137  125  116  110  106  104  102  100
   99   98   96   93   90   88   87   87   86   86   84   84   84   85   86   87
   88   89   92   94   97  100  103   98   96                                   
    40.0-180.0 180.0   5.0 450.0                            LAT/LON1/LON2/DLON/H
   98  100   99  107  108  106  104  105  109  117  125  133  139  144  147  150
  153  157  160  164  167  171  177  185  196  207  219  229  236  241  242  242
  240  237  233  225  214  199  181  161  142  127  116  110  105  102  100   99
   99   98   96   93   89   86   85   85   86   87   88   88   90   91   93   93
   93   93   94   95   97  100  102   99   98                                   
    37.5-180.0 180.0   5.0 450.0                            LAT/LON1/LON2/DLON/H
   91   92   91  103  108  110  112  118  125  135  145  154  160  163  164  165
  166  168  170  172  175  179  185  195  206  219  231  241  246  249  250  250
  250  250  248  243  233  217  196  173  151  132  119  110  105  101   99   98
   97   96   94   90   85   82   80   82   84   87   89   91   93   94   95   94
   92   90   90   89   90   91   91   91   91                                   
    35.0-180.0 180.0   5.0 450.0                            LAT/LON1/LON2/DLON/H
   78   77   77   92  100  105  113  123  135  149  162  172  178  181  182  182
  181  181  182  183  186  190  197  207  219  233  245  254  260  262  264  267
  270  274  275  271  261  243  219  192  166  144  128  117  109  105  102  101
  100   99   96   91   84   79   77   79   83   88   91   94   96   96   96   93
   89   85   83   81   78   77   75   78   78                                   
    32.5-180.0 180.0   5.0 450.0                            LAT/LON1/LON2/DLON/H
   65   62   62   76   86   94  106  121  138  156  172  186  194  199  200  200
  199  197  197  198  200  205  211  221  234  248  260  270  277  282  288  295
  303  311  315  312  300  279  251  220  190  164  145  132  123  117  114  112
  111  110  106   99   91   84   81   82   87   93   97  100  101  100   98   94
   88   82   79   75   70   66   61   67   65                                   
    30.0-180.0 180.0   5.0 450.0                            LAT/LON1/LON2/DLON/H
   57   53   51   64   72   80   95  113  135  156  177  193  205  213  217  218
  217  215  215  216  218  222  228  237  249  263  276  289  299  310  321  335
  350  362  367  363  348  323  291  256  223  194  172  157  146  140  137  135
  135  133  128  119  108   99   93   94   98  103  108  110  110  107  104   98
   91   86   81   76   70   62   55   61   57                                   
    27.5-180.0 180.0   5.0 450.0                            LAT/LON1/LON2/DLON/H
   59   53   48   58   64   70   85  105  128  152  176  196  212  224  231  234
  235  234  234  236  238  241  246  253  264  278  293  310  326  344  364  385
  406  422  428  420  401  371  336  299  263  232  208  190  179  173  170  169
  169  168  162  152  138  125  117  114  116  120  123  124  123  119  115  109
  103   98   92   86   80   70   59   61   59                                   
    25.0-180.0 180.0   5.0 450.0                            LAT/LON1/LON2/DLON/H
   69   61   54   59   63   68   82  100  124  148  173  196  215  231  242  248
  251  252  253  255  257  259  262  268  278  293  311  333  356  382  411  441
  468  486  490  479  454  420  381  343  306  274  248  229  217  212  210  211
  212  211  205  194  178  161  149  142  141  142  142  141  139  134  131  126
  121  118  112  107   99   86   71   67   69                                   
    22.5-180.0 180.0   5.0 450.0                            LAT/LON1/LON2/DLON/H
   84   74   64   66   69   73   85  101  124  149  174  198  219  237  251  260
  265  267  270  272  274  275  277  282  292  308  330  357  387  422  458  495
  526  544  546  530  499  462  422  384  348  315  288  268  256  251  251  254
  256  256  251  239  221  201  185  174  168  165  162  159  155  151  149  147
  144  143  137  133  123  107   88   79   84                                   
    20.0-180.0 180.0   5.0 450.0                            LAT/LON1/LON2/DLON/H
  100   88   75   74   77   80   93  108  131  155  180  204  227  246  261  271
  277  281  284  287  289  290  291  296  307  325  350  381  418  458  500  540
  572  589  586  565  532  492  454  418  384  353  325  304  292  287  288  292
  296  297  292  280  261  239  219  204  193  186  180  175  170  167  166  166
  166  168  161  159  146  127  106   94  100                                   
    17.5-180.0 180.0   5.0 450.0                            LAT/LON1/LON2/DLON/H
  112   99   83   81   85   89  103  118  141  166  192  217  241  260  275  286
  292  297  300  302  303  303  305  311  323  343  371  406  446  489  532  571
  601  614  608  584  549  511  476  444  414  384  356  334  320  315  316  321
  325  327  323  311  292  269  246  227  213  202  193  186  181  179  180  181
  183  187  179  177  161  140  119  106  112                                   
    15.0-180.0 180.0   5.0 450.0                            LAT/LON1/LON2/DLON/H
  116  105   88   84   90   95  112  129  154  180  208  235  259  279  295  305
  311  316  318  319  318  318  320  328  342  364  394  430  471  513  553  588
  612  620  611  587  555  521  491  464  437  409  380  356  340  333  333  337
  341  343  340  329  311  288  264  243  226  212  201  192  187  185  187  190
  192  196  188  183  165  143  124  111  116                                   
    12.5-180.0 180.0   5.0 450.0                            LAT/LON1/LON2/DLON/H
  112  104   89   85   93  101  121  140  167  196  226  256  282  302  318  328
  335  339  341  339  337  335  338  347  364  388  419  454  493  531  565  592
  610  614  604  582  554  527  502  480  456  428  398  371  351  341  338  340
  344  346  344  335  318  295  271  249  231  216  204  194  188  186  188  190
  193  196  186  178  159  138  120  106  112                                   
    10.0-180.0 180.0   5.0 450.0                            LAT/LON1/LON2/DLON/H
  103   98   85   84   94  105  129  151  181  213  245  277  305  327  343  354
  361  366  367  364  359  356  359  371  390  415  445  478  512  544  570  590
  601  603  594  577  555  534  515  496  473  445  412  381  357  342  335  334
  337  340  339  331  316  294  271  249  231  216  202  191  184  181  183  184
  185  187  178  167  148  128  110   98  103                                   
     7.5-180.0 180.0   5.0 450.0                            LAT/LON1/LON2/DLON/H
   93   90   80   81   93  107  135  162  194  228  263  297  327  350  368  380
  389  394  395  391  384  380  384  398  419  444  473  502  530  555  574  586
