data/edconvlstm_nd/pred2550.15i
     1.0            IONOSPHERE MAPS     GNSS                IONEX VERSION / TYPE
pyspatialgeodesy        IME             05-JAN-18 20:20     PGM / RUN BY / DATE 
Map Name                                                    COMMENT             
Predicted global ionosphere maps (GIM).                     DESCRIPTION         
  2015     9    12     0     0     0                        EPOCH OF FIRST MAP  
  2015     9    13     0     0     0                        EPOCH OF LAST MAP   
  7200                                                      INTERVAL            
    13                                                      # OF MAPS IN FILE   
  NONE                                                      MAPPING FUNCTION    
10.0                                                        ELEVATION CUTOFF    
One-way carrier phase leveled to code                       OBSERVABLES USED    
  6371.0                                                    BASE RADIUS         
 2                                                          MAP DIMENSION       
   450.0 450.0   0.0                                        HGT1 / HGT2 / DHGT  
    87.5 -87.5  -2.5                                        LAT1 / LAT2 / DLAT  
  -180.0 180.0   5.0                                        LON1 / LON2 / DLON  
    -1                                                      EXPONENT            
                                                            END OF HEADER       
     1                                                      START OF TEC MAP    
  2015     9    12     0     0     0                        EPOCH OF CURRENT MAP
    87.5-180.0 180.0   5.0 450.0                            LAT/LON1/LON2/DLON/H
   93   90   88   80   77   80   76   74   74   73   74   74   73   73   72   72
   71   70   69   68   67   66   65   63   62   61   60   59   58   57   56   56
   55   55   55   55   55   55   55   55   56   56   57   57   58   58   59   60
   60   61   61   62   63   64   64   65   66   66   67   68   68   69   69   70
   71   72   71   72   69   79   88   92   93                                   
    85.0-180.0 180.0   5.0 450.0                            LAT/LON1/LON2/DLON/H
   91   96   78   82   83   89   85   83   83   82   82   82   81   80   79   78
   77   75   74   72   70   68   66   64   62   61   59   58   56   55   54   54
   53   53   53   53   54   54   55   56   56   57   58   59   60   61   62   63
   63   64   65   66   67   68   69   70   71   72   73   74   74   75   76   77
   78   78   79   83   84   93  102   99   91                                   
    82.5-180.0 180.0   5.0 450.0                            LAT/LON1/LON2/DLON/H
   90   85   95   90   89   96   92   90   92   91   91   91   90   89   88   86
   84   81   78   75   72   69   66   63   60   57   55   52   50   49   47   47
   46   46   46   47   48   49   50   52   53   54   56   57   58   60   61   62
   63   65   66   67   69   70   72   73   74   76   77   79   80   81   82   83
   83   83   84   84   89   82   91   94   90                                   
    80.0-180.0 180.0   5.0 450.0                            LAT/LON1/LON2/DLON/H
  102   94   94   89   91   94   94   94   97   96   97   97   97   96   94   92
   89   85   82   78   73   69   65   61   56   53   49   47   45   43   42   41
   41   41   42   43   44   46   47   49   51   52   54   55   56   57   59   60
   61   63   64   65   67   68   70   72   73   75   76   78   79   80   81   82
   83   82   82   81   96   88   98  109  102                                   
    77.5-180.0 180.0   5.0 450.0                            LAT/LON1/LON2/DLON/H
  110   99   92   97   93   95   97  101  103  103  105  106  106  105  103  100
   97   93   88   83   78   73   68   63   58   54   50   47   45   43   41   41
   41   42   43   45   47   49   50   52   54   55   57   58   59   60   61   62
   63   64   65   67   68   70   71   73   75   76   78   79   81   82   83   84
   84   85   84   85   92   93   97  114  110                                   
    75.0-180.0 180.0   5.0 450.0                            LAT/LON1/LON2/DLON/H
  110   93   94  100   95   98   97  101  106  106  108  109  108  107  104  101
   97   92   87   82   76   71   66   60   55   50   46   43   41   39   39   39
   40   42   43   46   48   50   52   54   55   57   58   59   60   60   61   62
   63   64   65   66   67   69   70   72   74   75   77   79   80   81   83   83
   83   83   83   79   85   94   97  110  110                                   
    72.5-180.0 180.0   5.0 450.0                            LAT/LON1/LON2/DLON/H
  100   89   92   97   93   93   95  100  105  106  108  110  109  107  104  100
   95   90   85   80   75   69   64   59   54   49   45   42   40   39   38   39
   40   42   44   46   48   50   52   53   54   55   56   56   57   58   58   59
   60   60   61   62   63   64   65   67   68   70   72   74   76   77   79   80
   80   80   82   79   82   90   96  111  100                                   
    70.0-180.0 180.0   5.0 450.0                            LAT/LON1/LON2/DLON/H
  100   87   90   97   93   95   95  101  107  109  111  112  111  109  105  100
   94   89   84   79   73   68   63   58   53   48   44   42   40   39   40   41
   42   44   46   48   49   51   52   52   53   53   54   54   55   55   56   57
   58   59   60   61   62   63   64   65   67   69   71   74   76   77   80   81
   81   80   83   80   82   91   95  107  100                                   
    67.5-180.0 180.0   5.0 450.0                            LAT/LON1/LON2/DLON/H
   99   88   89   95   91   92   93   98  105  107  109  111  109  106  102   96
   90   85   79   74   69   64   59   54   49   45   42   39   38   38   38   39
   40   41   42   43   44   44   44   44   44   44   45   45   46   47   48   50
   51   53   54   55   56   56   58   59   61   64   66   69   72   74   77   79
   78   78   81   79   82   90   93  106   99                                   
    65.0-180.0 180.0   5.0 450.0                            LAT/LON1/LON2/DLON/H
  101   89   89   94   91   91   90   95  103  105  108  110  109  105  100   94
   88   83   78   73   68   63   58   53   49   45   42   40   38   38   38   38
   39   39   39   38   38   37   37   37   36   36   37   37   38   39   41   43
   45   47   48   49   50   51   53   54   57   60   63   67   70   73   76   78
   79   79   82   80   84   93   96  109  101                                   
    62.5-180.0 180.0   5.0 450.0                            LAT/LON1/LON2/DLON/H
  106   94   94   97   92   91   90   94  101  103  107  109  109  106  101   95
   89   84   79   75   70   66   61   56   51   47   44   42   41   40   40   39
   38   37   35   34   32   31   30   30   30   30   31   31   33   34   36   38
   40   42   43   44   46   47   49   51   54   58   62   67   71   75   79   81
   82   82   86   84   88   98  100  114  106                                   
    60.0-180.0 180.0   5.0 450.0                            LAT/LON1/LON2/DLON/H
  111  101  101  102   95   92   89   92   98  100  104  107  107  105  101   96
   91   87   82   78   74   69   64   59   54   50   47   45   44   43   41   39
   37   34   31   29   27   26   25   25   25   26   27   28   29   30   32   34
   36   37   38   39   40   42   44   47   51   55   61   66   72   76   81   84
   85   86   90   89   93  103  106  119  111                                   
    57.5-180.0 180.0   5.0 450.0                            LAT/LON1/LON2/DLON/H
  118  110  109  110  102   96   91   91   96   97  101  104  105  104  102   98
   94   90   87   83   79   74   69   63   59   54   51   49   47   45   43   39
   36   32   29   26   24   23   23   24   24   25   26   27   28   30   31   32
   33   33   34   34   35   37   40   43   48   54   60   67   73   79   84   88
   89   91   95   95  100  109  112  126  118                                   
    55.0-180.0 180.0   5.0 450.0                            LAT/LON1/LON2/DLON/H
  126  120  120  120  111  103   95   94   96   95   98  101  102  103  102  100
   97   94   92   88   84   79   74   68   63   59   56   53   51   48   44   40
   35   31   27   25   24   24   25   26   27   29   30   30   31   31   32   32
   32   31   31   31   32   34   37   42   48   54   62   69   76   82   88   92
   94   96  101  101  106  115  119  133  126                                   
    52.5-180.0 180.0   5.0 450.0                            LAT/LON1/LON2/DLON/H
  134  129  130  131  122  112  103  100   99   96   96   98  100  101  101  101
   99   98   96   93   89   84   78   73   68   64   60   57   54   50   45   40
   35   31   28   27   27   28   29   31   33   35   36   36   36   36   35   34
   33   32   31   31   32   34   38   43   50   57   64   72   79   85   91   96
   98  100  106  106  111  120  124  139  134                                   
    50.0-180.0 180.0   5.0 450.0                            LAT/LON1/LON2/DLON/H
  141  138  140  143  134  124  115  109  105   99   97   98   99  100  101  101
  101  100   98   96   92   87   82   77   72   68   65   61   57   52   47   41
   37   33   32   31   33   34   37   40   42   44   45   45   44   43   41   39
   37   35   34   33   35   38   42   48   55   62   69   77   83   90   96  100
  103  105  111  111  116  125  128  144  141                                   
    47.5-180.0 180.0   5.0 450.0                            LAT/LON1/LON2/DLON/H
  147  145  148  153  145  136  127  120  114  105  101  100  100  101  102  102
  102  101  100   98   95   90   85   81   77   73   70   65   60   54   48   43
   39   37   37   38   40   43   46   49   51   53   54   54   53   51   49   46
   44   41   39   39   41   45   50   56   63   70   76   83   89   94  100  105
  108  111  116  116  120  128  132  147  147                                   
    45.0-180.0 180.0   5.0 450.0                            LAT/LON1/LON2/DLON/H
  150  149  153  160  154  147  139  132  124  113  107  104  103  103  103  104
  103  103  102  100   97   93   89   85   82   79   74   69   62   55   49   45
   42   42   43   45   48   51   54   57   60   62   63   63   61   59   57   55
   52   49   47   47   50   54   60   67   73   78   84   89   94   99  105  110
  113  116  122  121  124  131  134  149  150                                   
    42.5-180.0 180.0   5.0 450.0                            LAT/LON1/LON2/DLON/H
  152  151  156  164  160  155  149  142  133  121  113  109  107  107  106  106
  106  105  104  103  100   96   93   91   88   85   80   73   64   57   50   47
   46   47   49   52   55   58   61   64   67   70   71   71   70   68   65   63
   60   58   56   57   60   65   71   78   83   87   91   95  100  105  110  116
  119  124  130  129  130  135  138  153  152                                   
    40.0-180.0 180.0   5.0 450.0                            LAT/LON1/LON2/DLON/H
  155  154  158  165  163  160  154  148  141  128  120  115  112  111  110  110
  109  108  108  106  104  101   98   96   95   91   85   77   67   58   53   50
   50   53   56   59   61   63   66   69   73   76   78   78   77   74   72   70
   68   66   64   65   68   74   80   86   91   94   97  101  105  110  116  123
  127  133  140  139  139  143  145  159  155                                   
    37.5-180.0 180.0   5.0 450.0                            LAT/LON1/LON2/DLON/H
  161  158  161  167  164  161  157  152  145  133  125  120  118  116  115  114
  113  113  112  111  109  106  104  103  101   98   91   81   70   61   55   54
   55   58   61   64   66   67   70   73   78   82   84   84   82   79   77   75
   73   70   68   69   72   78   86   92   96   99  101  105  110  116  124  131
  138  144  153  152  152  154  156  169  161                                   
    35.0-180.0 180.0   5.0 450.0                            LAT/LON1/LON2/DLON/H
  172  167  168  170  166  162  157  153  148  137  129  125  123  121  120  119
  119  118  118  117  115  112  109  108  106  103   96   85   73   64   59   59
   61   64   66   68   69   71   73   78   83   87   90   89   85   81   78   75
   73   70   68   68   72   79   87   94   99  102  104  109  115  123  132  142
  150  158  168  168  169  170  173  186  172                                   
    32.5-180.0 180.0   5.0 450.0                            LAT/LON1/LON2/DLON/H
  188  182  181  179  173  167  161  156  151  142  135  131  129  127  126  125
  124  124  123  122  119  116  113  111  110  106   99   88   77   68   64   64
   66   69   71   72   73   75   78   82   88   93   95   92   87   81   77   73
   70   67   64   64   69   77   87   95  101  104  107  113  121  131  143  155
  164  175  185  187  189  190  195  208  188                                   
    30.0-180.0 180.0   5.0 450.0                            LAT/LON1/LON2/DLON/H
  211  204  201  195  187  178  170  165  160  151  144  140  137  135  133  131
  129  128  127  125  122  118  114  112  111  108  101   91   80   73   70   71
   73   75   75   76   77   79   83   89   94   99   99   95   88   81   75   70
   66   62   58   59   64   74   85   96  103  107  112  118  129  141  156  170
  182  193  204  206  210  214  222  236  211                                   
    27.5-180.0 180.0   5.0 450.0                            LAT/LON1/LON2/DLON/H
  239  233  229  220  210  198  189  183  177  168  160  154  150  146  142  138
  135  132  129  126  122  117  114  111  110  107  102   93   84   78   76   78
   79   80   81   81   83   86   91   96  101  104  103   97   89   80   72   67
   62   57   54   54   60   71   85   98  107  113  119  127  139  155  172  189
  202  214  225  227  233  239  252  268  239                                   
    25.0-180.0 180.0   5.0 450.0                            LAT/LON1/LON2/DLON/H
  272  267  262  252  242  230  220  212  205  194  185  177  170  163  155  148
  142  136  131  126  121  116  113  111  109  107  102   96   89   85   84   85
   87   87   87   87   90   94   99  103  107  108  105   98   89   79   71   64
   59   54   50   51   57   70   86  102  114  122  129  139  153  171  191  210
  225  238  249  250  258  264  283  301  272                                   
    22.5-180.0 180.0   5.0 450.0                            LAT/LON1/LON2/DLON/H
  308  302  299  290  280  269  260  251  244  232  220  209  198  187  175  163
  152  142  134  127  121  117  114  111  110  108  104   99   95   92   93   94
   95   94   94   95   98  102  107  110  111  110  106   98   88   79   70   63
   57   52   49   50   57   71   89  107  122  133  143  154  170  191  213  235
  252  266  276  276  285  291  314  334  308                                   
    20.0-180.0 180.0   5.0 450.0                            LAT/LON1/LON2/DLON/H
  342  337  337  330  322  314  307  299  292  280  266  251  235  219  202  185
  168  153  141  132  126  121  118  116  114  112  109  105  102  101  102  104
  104  103  102  102  106  110  113  114  113  110  105   97   89   80   72   64
   58   52   49   50   58   72   92  112  130  145  157  171  189  212  238  262
  282  297  306  307  316  321  345  366  342                                   
    17.5-180.0 180.0   5.0 450.0                            LAT/LON1/LON2/DLON/H
  374  370  374  370  364  359  354  348  343  331  317  300  281  260  237  214
  191  171  155  143  136  132  128  125  121  119  116  113  112  112  113  115
  114  112  110  110  113  115  116  116  113  109  104   97   90   82   74   67
   59   53   50   52   59   73   93  115  136  154  170  187  208  234  263  290
  312  329  339  342  350  352  375  396  374                                   
    15.0-180.0 180.0   5.0 450.0                            LAT/LON1/LON2/DLON/H
  401  400  409  409  404  400  397  393  390  381  368  350  330  306  280  251
  223  198  178  164  156  150  144  139  133  129  127  124  123  124  125  126
  125  122  119  118  119  120  119  117  113  109  104   98   91   84   77   69
   61   55   51   52   59   72   92  115  138  158  178  199  224  254  286  316
  340  359  372  377  385  384  405  423  401                                   
    12.5-180.0 180.0   5.0 450.0                            LAT/LON1/LON2/DLON/H
  423  428  442  445  440  436  432  429  428  421  411  396  376  353  325  295
  263  234  211  194  183  174  165  156  148  143  140  138  136  136  137  138
  136  132  128  126  125  124  121  118  114  109  104   98   92   86   78   70
   62   55   51   51   57   69   88  110  134  157  181  206  236  270  305  337
  364  385  400  408  416  414  432  447  423                                   
    10.0-180.0 180.0   5.0 450.0                            LAT/LON1/LON2/DLON/H
  440  454  471  478  471  464  457  453  452  448  441  430  414  394  369  340
  308  278  252  232  216  202  188  174  164  158  154  152  150  149  149  149
  147  142  137  133  130  127  123  119  114  109  104   98   92   85   77   69
   60   53   48   48   52   62   80  102  127  152  178  208  243  281  319  353
  381  403  420  431  440  439  455  467  440                                   
     7.5-180.0 180.0   5.0 450.0                            LAT/LON1/LON2/DLON/H
  454  476  495  504  494  484  473  466  464  461  456  449  439  424  405  380
  352  323  297  273  250  228  208  190  179  172  169  167  164  161  160  159
