data/edconvlstm_nd/pred1230.15i
     1.0            IONOSPHERE MAPS     GNSS                IONEX VERSION / TYPE
pyspatialgeodesy        IME             05-JAN-18 20:20     PGM / RUN BY / DATE 
Map Name                                                    COMMENT             
Predicted global ionosphere maps (GIM).                     DESCRIPTION         
  2015     5     3     0     0     0                        EPOCH OF FIRST MAP  
  2015     5     4     0     0     0                        EPOCH OF LAST MAP   
  7200                                                      INTERVAL            
    13                                                      # OF MAPS IN FILE   
  NONE                                                      MAPPING FUNCTION    
10.0                                                        ELEVATION CUTOFF    
One-way carrier phase leveled to code                       OBSERVABLES USED    
  6371.0                                                    BASE RADIUS         
 2                                                          MAP DIMENSION       
   450.0 450.0   0.0                                        HGT1 / HGT2 / DHGT  
    87.5 -87.5  -2.5                                        LAT1 / LAT2 / DLAT  
  -180.0 180.0   5.0                                        LON1 / LON2 / DLON  
    -1                                                      EXPONENT            
                                                            END OF HEADER       
[from data line 3003]
     8                                                      START OF TEC MAP    
  2015     5     3    14     0     0                        EPOCH OF CURRENT MAP
    87.5-180.0 180.0   5.0 450.0                            LAT/LON1/LON2/DLON/H
  165  166  163  171  176  178  179  180  182  185  185  187  188  189  190  190
  190  190  190  190  190  189  188  188  187  186  185  184  183  181  180  179
  177  175  174  172  171  169  167  166  165  163  162  161  160  159  158  157
  156  156  155  154  153  152  152  151  150  150  150  149  149  149  150  150
  150  152  152  153  161  161  167  165  165                                   
    85.0-180.0 180.0   5.0 450.0                            LAT/LON1/LON2/DLON/H
  159  165  177  175  177  183  186  190  192  194  196  197  198  199  200  200
  200  200  200  200  199  199  198  197  196  195  194  193  192  190  189  187
  185  183  181  179  177  175  173  172  170  168  167  166  165  164  163  162
  161  160  159  158  157  156  155  154  153  152  152  151  151  151  151  151
  153  154  153  153  156  156  160  163  159                                   
    82.5-180.0 180.0   5.0 450.0                            LAT/LON1/LON2/DLON/H
  139  158  163  163  168  176  182  186  189  192  194  197  198  199  200  200
  200  200  200  199  199  199  198  198  197  197  196  196  195  194  193  191
  189  187  185  182  180  177  175  172  170  168  167  165  164  163  162  161
  160  159  158  156  154  153  151  149  147  145  143  141  140  138  137  137
  138  138  136  139  141  151  150  143  139                                   
    80.0-180.0 180.0   5.0 450.0                            LAT/LON1/LON2/DLON/H
  129  144  152  156  160  166  173  180  185  189  192  194  196  197  198  198
  198  197  197  196  196  195  195  195  195  195  195  195  195  194  193  192
  190  188  186  183  180  177  175  173  171  169  168  167  167  167  166  166
  165  164  163  162  160  157  155  152  149  146  142  139  136  134  132  130
  129  128  127  128  127  132  136  131  129                                   
    77.5-180.0 180.0   5.0 450.0                            LAT/LON1/LON2/DLON/H
  126  134  141  145  150  158  164  172  177  181  184  187  189  190  191  191
  191  190  190  190  190  190  191  192  193  194  196  198  199  200  201  201
  200  198  197  194  192  189  187  185  184  183  183  183  184  184  185  185
  185  185  184  182  180  177  173  169  165  160  155  150  145  141  136  133
  129  126  123  123  124  123  127  126  126                                   
    75.0-180.0 180.0   5.0 450.0                            LAT/LON1/LON2/DLON/H
  118  126  129  134  139  148  153  160  166  171  174  177  179  180  181  181
  180  180  180  180  181  182  183  186  188  192  195  198  201  204  206  207
  208  207  206  204  202  200  199  197  197  196  197  198  199  201  202  203
  203  203  203  201  199  196  192  187  182  176  170  164  158  152  146  141
  135  130  126  122  121  119  123  114  118                                   
    72.5-180.0 180.0   5.0 450.0                            LAT/LON1/LON2/DLON/H
  112  118  120  126  130  138  144  150  156  160  163  166  168  169  170  170
  170  170  171  172  173  175  178  182  186  191  195  200  205  209  212  215
  216  217  217  216  215  214  213  212  212  212  213  215  217  219  220  221
  222  222  221  220  217  214  210  205  200  194  187  181  174  166  159  153
  145  139  133  127  123  120  123  118  112                                   
    70.0-180.0 180.0   5.0 450.0                            LAT/LON1/LON2/DLON/H
  111  114  115  119  122  128  134  139  144  149  151  154  156  157  158  159
  160  161  162  164  166  169  173  178  183  188  194  199  205  210  214  218
  221  222  223  223  222  222  221  221  221  222  223  225  226  228  229  229
  229  229  228  226  223  220  217  212  207  202  196  190  183  176  169  162
  155  147  140  133  127  124  126  121  111                                   
    67.5-180.0 180.0   5.0 450.0                            LAT/LON1/LON2/DLON/H
  110  113  113  117  119  124  129  134  138  142  145  148  150  151  153  154
  156  158  160  163  166  170  175  180  185  190  195  201  206  211  216  220
  224  226  228  228  229  228  228  228  228  229  230  231  232  233  233  232
  231  230  228  226  224  221  218  214  210  206  201  196  190  184  177  171
  163  156  148  140  133  128  129  124  110                                   
    65.0-180.0 180.0   5.0 450.0                            LAT/LON1/LON2/DLON/H
  109  111  110  113  113  118  122  126  131  135  137  140  143  145  147  149
  152  154  157  161  165  169  175  180  185  189  194  199  204  209  214  219
  223  227  229  230  231  231  232  232  232  232  233  233  233  231  230  227
  225  222  220  218  215  213  211  208  205  201  197  193  188  183  178  172
  165  158  151  144  137  133  133  129  109                                   
    62.5-180.0 180.0   5.0 450.0                            LAT/LON1/LON2/DLON/H
  107  109  107  108  107  111  115  119  124  128  131  134  137  141  144  147
  150  153  157  161  165  170  175  180  184  188  192  196  200  205  211  216
  221  226  229  231  232  233  233  234  234  234  234  233  231  228  224  220
  216  213  209  207  205  203  201  199  197  194  191  188  184  179  173  168
  161  155  149  142  136  132  132  129  107                                   
    60.0-180.0 180.0   5.0 450.0                            LAT/LON1/LON2/DLON/H
  105  105  103  103  100  103  107  111  115  120  123  127  131  136  140  145
  149  152  155  159  163  167  172  177  181  184  187  191  195  201  207  214
  220  225  229  232  234  236  237  237  237  237  236  234  231  226  221  216
  210  206  202  200  198  196  195  194  192  190  187  184  179  174  168  162
  155  149  143  138  133  129  130  127  105                                   
    57.5-180.0 180.0   5.0 450.0                            LAT/LON1/LON2/DLON/H
  105  103  100   98   95   97  100  104  108  112  116  121  126  132  138  144
  148  151  154  156  159  163  168  173  177  180  183  186  191  198  206  214
  221  228  233  237  240  242  244  245  245  244  243  240  236  231  225  218
  212  207  203  200  198  197  196  195  194  191  189  185  180  174  167  160
  152  145  139  134  130  127  127  124  105                                   
    55.0-180.0 180.0   5.0 450.0                            LAT/LON1/LON2/DLON/H
  108  104  101   97   92   94   96   99  103  106  110  116  122  129  137  144
  149  152  153  153  155  158  163  168  172  175  178  183  189  198  207  217
  226  234  241  246  250  253  255  256  257  256  255  252  248  242  235  229
  222  216  211  208  206  205  204  203  202  199  196  192  186  179  171  162
  153  145  139  135  131  127  128  125  108                                   
    52.5-180.0 180.0   5.0 450.0                            LAT/LON1/LON2/DLON/H
  116  110  107  102   96   96   97   98  101  104  108  113  120  129  139  148
  153  155  154  152  152  154  158  164  168  172  176  182  190  200  212  223
  234  243  251  258  263  267  270  272  272  272  271  268  264  258  252  245
  238  232  227  223  220  218  217  215  214  212  208  204  197  189  180  170
  159  151  145  140  137  133  133  130  116                                   
    50.0-180.0 180.0   5.0 450.0                            LAT/LON1/LON2/DLON/H
  128  122  119  112  105  105  104  103  105  107  110  115  123  134  145  155
  162  163  160  155  153  153  157  163  168  172  177  183  193  205  218  232
  244  254  264  272  279  284  288  290  290  290  288  286  282  276  271  264
  257  251  244  239  235  232  230  229  227  224  221  216  209  200  191  180
  170  161  155  151  148  145  144  140  128                                   
    47.5-180.0 180.0   5.0 450.0                            LAT/LON1/LON2/DLON/H
  142  138  134  128  120  118  116  113  113  114  117  122  131  143  156  168
  175  175  170  163  158  157  160  166  171  176  181  188  198  211  226  240
  253  265  276  286  295  302  307  309  309  308  306  303  299  294  288  282
  275  268  260  253  247  243  240  238  236  233  229  224  217  209  200  190
  180  172  166  163  160  158  157  153  142                                   
    45.0-180.0 180.0   5.0 450.0                            LAT/LON1/LON2/DLON/H
  154  154  150  145  137  134  130  126  125  126  128  134  144  157  171  184
  192  191  184  175  167  165  168  173  179  183  187  194  204  218  233  248
  262  275  288  301  312  321  326  329  329  327  324  319  314  308  302  296
  289  280  271  262  255  249  244  241  238  235  230  224  218  211  203  196
  187  181  175  173  171  170  169  164  154                                   
    42.5-180.0 180.0   5.0 450.0                            LAT/LON1/LON2/DLON/H
  162  166  163  159  153  149  144  139  138  139  142  149  160  174  190  204
  212  210  202  190  180  177  179  184  189  193  196  202  211  225  240  256
  272  287  303  318  332  342  349  351  350  347  342  336  328  321  314  307
  299  290  279  269  259  251  245  241  236  231  225  219  212  206  201  195
  189  184  179  178  176  177  175  170  162                                   
    40.0-180.0 180.0   5.0 450.0                            LAT/LON1/LON2/DLON/H
  163  172  169  168  163  159  154  150  149  152  157  166  178  193  210  224
  232  231  220  206  195  190  192  197  202  205  207  211  220  233  249  267
  284  303  322  340  357  369  376  379  377  372  365  356  346  336  327  319
  311  301  289  277  266  256  249  242  235  227  219  211  204  198  194  190
  186  183  179  177  175  176  174  168  163                                   
    37.5-180.0 180.0   5.0 450.0                            LAT/LON1/LON2/DLON/H
  156  169  167  168  166  162  158  155  156  161  169  181  194  210  228  243
  251  250  239  224  211  205  207  212  216  218  220  224  233  246  264  283
  304  326  349  371  390  404  412  413  411  405  396  384  371  359  348  339
  330  320  308  295  282  271  261  251  240  229  218  208  199  193  189  187
  183  181  176  172  169  169  168  160  156                                   
    35.0-180.0 180.0   5.0 450.0                            LAT/LON1/LON2/DLON/H
  147  161  159  160  160  157  155  153  157  166  178  192  207  224  242  258
  268  267  256  241  228  221  222  227  231  234  236  241  251  266  286  309
  334  361  388  413  434  449  456  457  455  448  438  424  408  393  381  371
  363  353  341  327  313  299  286  273  258  243  228  215  205  198  193  191
  186  183  176  169  163  160  159  149  147                                   
    32.5-180.0 180.0   5.0 450.0                            LAT/LON1/LON2/DLON/H
  138  151  149  150  150  147  147  146  153  165  181  198  215  233  252  268
  279  281  272  258  246  239  239  244  249  253  257  264  277  295  318  346
  376  408  439  466  488  502  508  509  507  500  489  474  457  441  428  420
  413  404  392  377  361  344  327  309  291  272  254  238  226  217  212  207
  201  195  185  174  164  157  154  142  138                                   
    30.0-180.0 180.0   5.0 450.0                            LAT/LON1/LON2/DLON/H
  136  145  140  140  140  137  138  138  146  161  179  199  218  236  255  273
  287  291  287  276  265  259  260  264  270  276  284  294  310  333  361  395
  431  466  499  527  547  558  563  564  562  557  548  533  516  501  490  483
  478  470  458  441  422  401  380  358  336  315  295  278  264  253  246  239
  231  222  208  192  177  164  158  142  136                                   
    27.5-180.0 180.0   5.0 450.0                            LAT/LON1/LON2/DLON/H
  142  146  137  136  134  131  132  133  141  156  175  196  215  234  253  273
  289  298  299  293  285  282  283  288  296  305  316  331  352  379  413  451
  491  529  562  586  601  609  612  612  612  610  603  592  577  565  557  553
  550  543  530  510  487  462  436  411  387  364  345  328  314  302  292  283
  272  261  243  224  203  184  174  154  142                                   
    25.0-180.0 180.0   5.0 450.0                            LAT/LON1/LON2/DLON/H
  157  157  142  139  136  131  132  132  139  152  171  191  210  228  247  268
  288  302  309  309  306  305  307  314  324  336  352  372  398  430  468  509
  550  586  614  631  640  643  644  645  647  648  646  639  629  622  618  618
  616  608  592  567  539  509  480  453  429  409  392  378  365  353  342  331
  319  307  287  265  240  216  201  177  157                                   
    22.5-180.0 180.0   5.0 450.0                            LAT/LON1/LON2/DLON/H
  181  178  158  150  145  139  138  137  141  152  167  185  203  220  239  261
  284  303  316  322  324  326  331  340  352  369  390  414  444  478  517  557
  594  623  643  653  655  654  654  656  660  665  667  666  662  660  660  662
  660  649  628  598  564  531  500  474  452  435  423  413  404  393  384  373
  361  350  332  309  281  254  236  209  181                                   
    20.0-180.0 180.0   5.0 450.0                            LAT/LON1/LON2/DLON/H
  207  203  179  167  158  151  149  145  146  154  165  180  196  212  231  253
  278  301  319  331  338  344  352  364  379  400  425  452  483  516  551  585
  614  635  647  650  648  644  644  647  654  662  667  670  671  673  676  678
  674  659  632  597  560  525  496  472  454  442  434  428  422  415  408  399
  390  383  368  348  319  290  271  244  207                                   
    17.5-180.0 180.0   5.0 450.0                            LAT/LON1/LON2/DLON/H
  231  226  201  185  173  165  160  155  153  156  164  176  189  205  223  246
  272  298  320  336  347  357  368  383  402  427  453  481  510  538  567  592
  614  627  632  630  625  622  623  628  636  645  651  655  659  663  667  667
  659  640  609  571  534  501  475  455  441  433  428  425  422  417  412  406
  401  398  389  373  346  318  300  273  231                                   
    15.0-180.0 180.0   5.0 450.0                            LAT/LON1/LON2/DLON/H
  246  242  218  199  184  175  169  162  158  158  162  171  184  199  218  241
  267  294  317  336  350  363  377  395  418  445  472  499  523  546  567  586
  600  608  608  603  598  597  600  607  616  623  629  632  636  639  641  638
  626  603  570  533  498  470  448  433  422  417  413  411  408  403  400  395
  393  394  391  379  357  331  315  290  246                                   
    12.5-180.0 180.0   5.0 450.0                            LAT/LON1/LON2/DLON/H
  249  246  224  205  189  178  173  166  160  157  159  166  179  195  215  238
  264  290  313  333  348  363  380  402  428  456  483  508  528  546  561  575
  585  588  586  581  577  579  585  593  601  606  609  610  610  611  610  603
  587  561  529  495  466  443  426  415  407  402  397  392  386  379  375  371
  370  374  375  368  350  327  314  291  249                                   
    10.0-180.0 180.0   5.0 450.0                            LAT/LON1/LON2/DLON/H
  242  238  219  200  185  174  170  164  158  155  155  162  175  193  215  238
  263  287  309  328  344  360  379  403  432  461  489  513  531  545  557  568
  574  576  573  569  569  573  582  591  597  600  598  595  592  589  584  573
  554  528  498  470  447  429  418  410  403  396  387  376  365  354  345  340
  338  343  346  342  329  309  298  277  242                                   
     7.5-180.0 180.0   5.0 450.0                            LAT/LON1/LON2/DLON/H
  227  222  206  188  174  164  162  157  153  150  150  157  172  192  216  241
  265  288  307  324  340  357  378  404  435  466  495  518  535  548  559  568
