data/edconvlstm_nd/pred1120.15i
     1.0            IONOSPHERE MAPS     GNSS                IONEX VERSION / TYPE
pyspatialgeodesy        IME             05-JAN-18 20:20     PGM / RUN BY / DATE 
Map Name                                                    COMMENT             
Predicted global ionosphere maps (GIM).                     DESCRIPTION         
  2015     4    22     0     0     0                        EPOCH OF FIRST MAP  
  2015     4    23     0     0     0                        EPOCH OF LAST MAP   
  7200                                                      INTERVAL            
    13                                                      # OF MAPS IN FILE   
  NONE                                                      MAPPING FUNCTION    
10.0                                                        ELEVATION CUTOFF    
One-way carrier phase leveled to code                       OBSERVABLES USED    
  6371.0                                                    BASE RADIUS         
 2                                                          MAP DIMENSION       
   450.0 450.0   0.0                                        HGT1 / HGT2 / DHGT  
    87.5 -87.5  -2.5                                        LAT1 / LAT2 / DLAT  
  -180.0 180.0   5.0                                        LON1 / LON2 / DLON  
    -1                                                      EXPONENT            
                                                            END OF HEADER       
[from data line 1716]
     5                                                      START OF TEC MAP    
  2015     4    22     8     0     0                        EPOCH OF CURRENT MAP
    87.5-180.0 180.0   5.0 450.0                            LAT/LON1/LON2/DLON/H
  194  180  174  178  182  184  184  186  190  193  196  198  201  203  206  208
  210  211  213  214  215  216  217  218  218  218  219  219  219  220  220  220
  220  221  221  221  220  220  219  218  217  215  213  211  209  206  203  200
  197  194  191  188  185  182  179  176  173  170  168  165  164  162  161  160
  159  161  160  161  165  167  172  184  194                                   
    85.0-180.0 180.0   5.0 450.0                            LAT/LON1/LON2/DLON/H
  173  165  169  172  176  181  184  188  193  196  199  203  206  209  212  214
  216  218  220  221  223  224  224  225  226  226  226  227  227  228  228  229
  230  230  231  231  231  231  230  229  228  226  224  222  219  216  212  208
  204  200  196  191  187  182  178  174  170  166  162  159  157  155  153  152
  152  154  151  154  153  155  163  173  173                                   
    82.5-180.0 180.0   5.0 450.0                            LAT/LON1/LON2/DLON/H
  154  158  159  160  165  171  176  181  187  192  196  200  204  207  210  213
  215  217  219  220  221  222  222  222  222  223  223  224  225  226  227  229
  231  233  235  236  238  239  239  239  239  238  236  233  231  227  224  219
  214  209  204  198  192  185  179  173  167  162  157  152  148  145  142  141
  139  139  136  141  142  146  152  147  154                                   
    80.0-180.0 180.0   5.0 450.0                            LAT/LON1/LON2/DLON/H
  149  152  153  156  161  166  173  179  186  191  195  200  203  206  209  211
  213  214  215  215  215  214  213  212  211  210  210  210  211  212  215  218
  222  226  230  234  237  240  243  245  246  247  246  246  244  242  240  236
  233  228  222  216  210  203  196  189  182  175  169  164  159  154  150  148
  145  143  138  141  140  141  150  140  149                                   
    77.5-180.0 180.0   5.0 450.0                            LAT/LON1/LON2/DLON/H
  154  154  157  158  162  167  173  179  186  191  194  198  201  203  204  205
  206  206  206  205  204  202  200  197  195  193  192  192  193  195  199  204
  210  216  223  230  237  243  248  253  257  260  262  264  265  265  265  264
  262  259  255  250  244  237  230  222  214  207  200  194  188  183  178  174
  169  165  157  157  156  153  154  150  154                                   
    75.0-180.0 180.0   5.0 450.0                            LAT/LON1/LON2/DLON/H
  160  161  159  161  163  168  174  179  185  189  192  194  194  194  194  194
  194  193  192  191  189  186  183  179  176  173  171  170  171  174  179  185
  193  202  212  221  231  239  247  255  261  268  273  278  283  287  290  293
  294  294  292  288  284  277  270  263  255  248  241  235  229  223  217  212
  206  199  190  182  175  171  170  164  160                                   
    72.5-180.0 180.0   5.0 450.0                            LAT/LON1/LON2/DLON/H
  166  167  163  163  163  167  174  178  184  186  187  187  186  183  181  179
  178  177  177  176  174  171  168  164  160  156  153  152  153  156  162  169
  179  189  201  212  224  235  245  255  264  272  281  289  297  305  313  319
  323  326  327  325  322  317  310  303  296  288  282  275  269  263  257  252
  244  236  224  214  201  191  187  183  166                                   
    70.0-180.0 180.0   5.0 450.0                            LAT/LON1/LON2/DLON/H
  173  168  163  161  159  162  168  173  178  180  179  177  173  169  165  162
  160  159  159  159  159  157  154  150  146  142  139  137  139  142  148  156
  166  178  190  203  216  228  240  251  262  273  284  296  307  319  329  339
  347  352  355  355  352  347  341  333  326  318  311  305  299  294  288  281
  273  263  251  238  222  209  204  200  173                                   
    67.5-180.0 180.0   5.0 450.0                            LAT/LON1/LON2/DLON/H
  172  165  159  155  152  154  160  165  170  172  171  168  163  157  151  147
  145  144  145  146  147  147  145  142  138  134  131  130  131  135  141  149
  159  171  183  196  209  222  234  247  260  273  286  299  313  327  340  353
  363  370  374  375  372  367  359  351  342  334  327  320  314  308  302  296
  287  278  265  251  234  219  212  209  172                                   
    65.0-180.0 180.0   5.0 450.0                            LAT/LON1/LON2/DLON/H
  170  160  151  145  140  141  146  152  158  161  161  159  153  146  139  134
  132  131  133  135  136  137  136  134  131  128  126  126  127  132  138  146
  156  167  179  191  204  217  231  245  259  273  288  303  318  334  348  362
  373  381  386  386  383  377  368  358  348  339  331  323  317  310  303  296
  288  279  267  254  239  225  218  213  170                                   
    62.5-180.0 180.0   5.0 450.0                            LAT/LON1/LON2/DLON/H
  170  157  146  135  128  126  130  136  144  149  150  149  144  138  131  126
  123  122  123  124  126  127  127  126  124  122  122  123  126  131  138  146
  155  165  176  188  201  215  229  244  260  276  291  307  323  339  354  368
  379  388  392  393  389  382  372  361  350  339  330  321  313  305  297  289
  281  272  262  251  238  226  219  214  170                                   
    60.0-180.0 180.0   5.0 450.0                            LAT/LON1/LON2/DLON/H
  176  161  148  131  119  113  115  120  128  133  138  139  136  131  125  120
  116  114  114  114  115  115  115  115  114  115  116  119  123  130  138  146
  155  165  176  187  200  214  230  247  264  281  298  315  330  345  360  373
  384  393  398  399  395  388  378  367  355  343  333  323  313  304  294  285
  275  266  257  248  239  229  223  215  176                                   
    57.5-180.0 180.0   5.0 450.0                            LAT/LON1/LON2/DLON/H
  193  178  162  138  121  110  107  108  114  119  125  129  129  127  123  118
  113  110  107  105  103  102  102  102  103  106  109  114  121  129  138  147
  157  167  177  188  201  216  234  253  272  291  309  326  341  355  368  380
  392  400  406  408  406  400  391  380  368  357  346  335  324  313  301  290
  278  269  260  253  247  240  234  224  193                                   
    55.0-180.0 180.0   5.0 450.0                            LAT/LON1/LON2/DLON/H
  222  207  189  159  137  118  109  104  106  109  115  120  123  124  122  118
  113  108  103   99   95   92   91   91   94   98  103  110  118  128  139  150
  160  171  181  192  205  221  240  261  283  305  324  341  356  369  381  392
  403  412  419  423  423  419  412  402  392  381  370  358  347  334  320  307
  294  283  274  266  262  258  253  241  222                                   
    52.5-180.0 180.0   5.0 450.0                            LAT/LON1/LON2/DLON/H
  259  245  225  193  167  142  126  113  108  107  110  115  120  123  123  121
  117  111  105   98   91   87   85   86   89   94  100  109  118  129  142  154
  166  177  187  198  211  228  248  272  297  321  343  361  375  387  398  409
  420  429  437  443  444  443  438  431  421  411  400  389  377  363  348  333
  318  306  296  287  284  281  276  265  259                                   
    50.0-180.0 180.0   5.0 450.0                            LAT/LON1/LON2/DLON/H
  296  284  263  233  205  177  155  134  121  114  113  116  121  125  127  127
  124  119  112  103   95   89   87   88   91   97  104  112  122  134  148  162
  175  186  196  207  219  236  258  285  313  340  364  383  398  410  420  431
  441  451  459  464  468  468  465  458  450  440  430  419  407  393  378  362
  346  332  320  310  305  304  298  289  296                                   
    47.5-180.0 180.0   5.0 450.0                            LAT/LON1/LON2/DLON/H
  322  315  295  270  245  217  191  165  145  131  124  124  126  130  134  135
  134  130  124  115  107  100   97   97  101  106  113  121  131  143  156  171
  185  197  207  217  229  246  269  298  330  360  387  408  424  436  446  455
  464  473  480  484  487  488  485  480  472  462  452  441  429  416  402  385
  369  354  340  327  321  318  313  307  322                                   
    45.0-180.0 180.0   5.0 450.0                            LAT/LON1/LON2/DLON/H
  332  327  311  296  276  253  226  198  173  154  142  137  137  139  142  145
  146  145  140  133  125  117  113  113  116  121  126  133  141  152  166  181
  195  208  218  227  239  256  281  313  347  382  411  434  450  462  472  481
  488  494  498  501  501  501  498  492  483  473  462  452  441  429  415  399
  383  368  352  336  326  320  315  311  332                                   
    42.5-180.0 180.0   5.0 450.0                            LAT/LON1/LON2/DLON/H
  321  318  308  303  290  275  253  227  201  179  163  155  151  151  153  156
  159  160  159  154  146  139  133  132  133  137  141  145  152  162  175  190
  204  217  227  237  249  268  294  329  367  404  436  460  477  489  499  507
  512  515  515  514  512  509  505  498  489  478  467  456  446  434  422  407
  391  375  357  337  323  312  306  301  321                                   
    40.0-180.0 180.0   5.0 450.0                            LAT/LON1/LON2/DLON/H
  296  289  285  286  283  276  263  243  220  199  183  173  167  164  165  167
  171  176  178  175  169  160  153  149  149  151  153  156  161  170  182  197
  212  225  235  246  259  280  310  347  388  428  461  486  504  517  527  534
  539  539  536  530  525  520  515  508  499  489  478  468  458  447  434  419
  403  386  365  341  321  301  293  284  296                                   
    37.5-180.0 180.0   5.0 450.0                            LAT/LON1/LON2/DLON/H
  270  254  251  253  257  258  254  243  228  212  198  188  182  177  176  178
  183  190  194  194  188  179  170  163  161  161  162  164  168  176  189  203
  218  231  243  255  272  296  328  368  412  453  488  514  532  546  557  566
  571  570  565  557  550  544  539  533  526  517  509  500  491  480  467  452
  434  415  392  361  335  306  290  274  270                                   
    35.0-180.0 180.0   5.0 450.0                            LAT/LON1/LON2/DLON/H
  258  229  221  219  224  228  231  229  222  213  205  199  193  189  186  188
  194  202  208  209  204  193  182  173  169  168  169  171  175  183  195  209
  224  237  251  266  287  315  351  393  438  481  516  542  562  578  593  606
  613  614  609  601  594  588  584  581  577  572  567  562  555  545  531  515
  496  475  449  412  380  340  313  287  258                                   
    32.5-180.0 180.0   5.0 450.0                            LAT/LON1/LON2/DLON/H
  272  230  210  198  198  200  206  210  209  208  206  205  202  198  196  197
  202  211  218  220  214  203  190  180  175  174  176  178  183  192  203  217
  232  247  263  282  307  339  378  421  466  508  543  571  593  615  635  653
  667  672  671  666  661  658  656  656  657  657  656  655  651  642  628  610
  590  568  540  498  461  412  371  335  272                                   
    30.0-180.0 180.0   5.0 450.0                            LAT/LON1/LON2/DLON/H
  322  265  229  202  193  189  193  197  199  202  205  208  208  206  204  205
  210  218  225  227  221  209  196  185  181  181  184  188  194  203  216  230
  245  261  280  303  332  367  407  450  493  533  568  597  625  652  680  706
  727  740  746  747  746  746  749  753  758  764  769  772  771  763  749  730
  709  687  659  613  575  518  461  417  322                                   
    27.5-180.0 180.0   5.0 450.0                            LAT/LON1/LON2/DLON/H
  407  337  282  237  215  203  200  200  201  205  209  213  215  215  214  215
  219  225  230  231  225  214  201  192  189  190  194  200  208  219  232  247
  263  280  302  329  361  397  436  476  515  553  587  619  651  686  721  756
  785  806  820  829  833  838  844  854  865  877  888  896  898  893  880  860
  838  817  789  743  705  642  573  525  407                                   
    25.0-180.0 180.0   5.0 450.0                            LAT/LON1/LON2/DLON/H
  517  438  364  302  266  246  233  226  221  221  222  225  226  226  225  226
  228  233  236  235  229  219  209  201  199  201  207  213  223  235  250  266
  283  304  328  358  391  427  462  498  532  567  600  634  671  712  755  796
  831  860  881  895  905  913  923  937  955  973  990 1004 1010 1008  998  979
  957  937  912  866  829  764  690  643  517                                   
    22.5-180.0 180.0   5.0 450.0                            LAT/LON1/LON2/DLON/H
  631  548  466  394  347  316  292  276  262  254  248  246  244  241  240  240
  241  242  242  240  234  226  218  212  211  213  218  224  234  247  264  282
  303  326  354  385  419  452  484  515  546  578  611  646  687  732  779  825
  864  897  922  940  952  962  973  989 1010 1032 1055 1073 1085 1088 1082 1067
 1045 1027 1005  959  922  859  791  751  631                                   
    20.0-180.0 180.0   5.0 450.0                            LAT/LON1/LON2/DLON/H
  725  644  568  498  446  408  374  346  323  304  289  279  270  264  260  257
  256  254  251  246  240  233  227  223  221  222  224  229  237  251  269  291
  316  343  374  407  440  471  500  528  557  588  622  660  702  749  798  845
  886  920  947  965  977  985  994 1008 1028 1051 1075 1097 1113 1120 1119 1107
 1088 1071 1052 1006  968  907  853  829  725                                   
    17.5-180.0 180.0   5.0 450.0                            LAT/LON1/LON2/DLON/H
  782  708  647  592  543  502  464  429  397  368  343  323  307  294  286  280
  275  270  263  255  247  240  235  230  227  225  223  224  229  242  263  289
  320  352  386  420  454  484  512  539  569  602  638  677  719  766  813  858
  898  931  957  974  983  987  992 1001 1016 1036 1057 1078 1096 1106 1108 1100
 1081 1064 1045  996  958  900  862  856  782                                   
    15.0-180.0 180.0   5.0 450.0                            LAT/LON1/LON2/DLON/H
  795  725  684  649  612  576  540  504  469  436  404  376  352  333  318  308
  298  288  278  266  255  246  239  233  228  221  213  208  210  223  246  278
  315  353  391  427  461  492  521  550  583  618  657  697  738  781  824  864
  901  931  954  968  974  974  974  977  987 1001 1017 1035 1051 1062 1065 1057
 1037 1015  991  937  897  841  816  830  795                                   
    12.5-180.0 180.0   5.0 450.0                            LAT/LON1/LON2/DLON/H
  767  698  673  659  638  612  583  552  521  490  457  426  398  374  354  338
  324  310  294  278  263  250  240  231  221  209  195  186  186  199  226  264
  306  350  391  430  465  498  528  561  597  637  677  716  755  792  829  864
  895  922  942  953  956  953  949  949  954  962  973  986  998 1008 1010 1000
  977  948  914  853  809  755  735  764  767                                   
    10.0-180.0 180.0   5.0 450.0                            LAT/LON1/LON2/DLON/H
  717  648  635  637  628  612  591  567  544  519  491  462  434  408  386  367
  350  331  312  291  270  253  238  224  209  192  176  165  164  178  208  250
  297  345  390  431  467  501  534  570  610  652  694  731  766  798  829  858
  886  909  927  936  938  934  930  929  932  936  941  948  956  962  962  949
  921  885  840  774  725  672  651  688  717                                   
     7.5-180.0 180.0   5.0 450.0                            LAT/LON1/LON2/DLON/H
  672  607  601  609  606  596  578  560  543  525  503  479  453  428  406  387
  369  349  327  302  276  253  232  213  195  177  161  150  150  165  195  239
