data/edconvlstm_nd/pred2740.15i
     1.0            IONOSPHERE MAPS     GNSS                IONEX VERSION / TYPE
pyspatialgeodesy        IME             05-JAN-18 20:20     PGM / RUN BY / DATE 
Map Name                                                    COMMENT             
Predicted global ionosphere maps (GIM).                     DESCRIPTION         
  2015    10     1     0     0     0                        EPOCH OF FIRST MAP  
  2015    10     2     0     0     0                        EPOCH OF LAST MAP   
  7200                                                      INTERVAL            
    13                                                      # OF MAPS IN FILE   
  NONE                                                      MAPPING FUNCTION    
10.0                                                        ELEVATION CUTOFF    
One-way carrier phase leveled to code                       OBSERVABLES USED    
  6371.0                                                    BASE RADIUS         
 2                                                          MAP DIMENSION       
   450.0 450.0   0.0                                        HGT1 / HGT2 / DHGT  
    87.5 -87.5  -2.5                                        LAT1 / LAT2 / DLAT  
  -180.0 180.0   5.0                                        LON1 / LON2 / DLON  
    -1                                                      EXPONENT            
                                                            END OF HEADER       
[from data line 858]
     3                                                      START OF TEC MAP    
  2015    10     1     4     0     0                        EPOCH OF CURRENT MAP
    87.5-180.0 180.0   5.0 450.0                            LAT/LON1/LON2/DLON/H
  103  108  109  114  114  112  110  108  109  110  110  111  111  111  111  111
  110  110  109  107  106  105  103  102  100   99   97   96   95   94   94   93
   93   93   93   94   94   95   96   97   98   99  100  101  103  104  105  107
  108  109  109  110  110  110  111  110  110  110  109  109  108  108  107  107
  108  108  107  107  111  115  118  106  103                                   
    85.0-180.0 180.0   5.0 450.0                            LAT/LON1/LON2/DLON/H
  103  117  108  113  116  115  115  114  115  116  116  116  117  116  116  116
  115  113  112  110  108  106  104  102   99   97   96   94   93   92   91   91
   91   92   93   94   95   97   99  101  104  106  108  111  113  115  117  120
  121  123  124  125  126  126  127  126  126  126  125  124  123  122  121  120
  121  121  117  118  117  118  121  111  103                                   
    82.5-180.0 180.0   5.0 450.0                            LAT/LON1/LON2/DLON/H
  111  113  121  115  114  115  115  114  116  116  116  117  117  117  117  116
  115  113  110  108  105  101   98   94   91   88   85   82   81   79   79   79
   79   81   82   85   88   91   95   98  102  106  111  115  119  123  126  130
  133  136  138  140  142  143  144  144  144  143  143  141  140  138  136  135
  134  132  128  127  131  122  117  110  111                                   
    80.0-180.0 180.0   5.0 450.0                            LAT/LON1/LON2/DLON/H
  122  119  115  108  109  107  109  108  109  110  110  111  112  112  112  111
  109  107  104  100   96   91   87   82   77   73   69   66   64   63   62   63
   64   66   69   72   76   80   85   91   96  101  107  113  118  124  129  134
  139  143  147  150  152  154  156  157  157  157  156  155  153  151  148  147
  144  140  137  136  140  135  133  117  122                                   
    77.5-180.0 180.0   5.0 450.0                            LAT/LON1/LON2/DLON/H
  129  122  116  110  105  104  105  105  105  105  104  106  107  107  107  107
  105  103   99   95   90   85   79   73   68   63   59   55   53   51   51   51
   53   56   59   64   68   74   79   85   92   98  105  112  119  126  133  139
  146  152  157  162  166  169  171  173  174  174  173  172  170  168  165  164
  160  158  152  152  152  141  139  131  129                                   
    75.0-180.0 180.0   5.0 450.0                            LAT/LON1/LON2/DLON/H
  134  130  120  112  104  103  100   97   96   95   93   94   95   95   95   94
   93   91   88   84   80   75   69   63   58   53   48   45   42   41   41   41
   43   46   50   54   58   63   68   74   80   86   93  100  108  116  124  132
  140  147  155  161  167  172  176  179  181  182  182  181  179  178  176  175
  171  169  166  161  161  154  151  147  134                                   
    72.5-180.0 180.0   5.0 450.0                            LAT/LON1/LON2/DLON/H
  143  141  130  119  111  107  103   98   95   91   88   87   86   86   85   84
   83   82   81   78   75   71   66   61   56   52   48   44   42   41   41   42
   44   46   49   53   56   60   65   70   75   81   87   95  103  112  122  131
  141  150  159  168  175  182  187  191  194  195  195  195  193  191  190  190
  188  186  186  183  181  171  166  162  143                                   
    70.0-180.0 180.0   5.0 450.0                            LAT/LON1/LON2/DLON/H
  159  154  143  128  118  110  103   95   90   84   79   77   74   72   71   70
   70   70   70   69   68   66   63   59   55   51   48   45   43   42   43   43
   45   47   49   51   53   56   58   62   66   71   78   85   94  104  115  126
  137  148  158  168  177  185  192  197  200  202  202  201  199  197  195  195
  194  194  196  194  193  185  182  178  159                                   
    67.5-180.0 180.0   5.0 450.0                            LAT/LON1/LON2/DLON/H
  165  160  148  132  120  111  101   92   85   77   70   66   62   59   56   55
   56   57   59   60   61   61   59   57   54   51   48   46   45   44   44   44
   45   46   47   47   47   48   49   51   54   59   65   73   83   94  105  117
  129  141  153  164  174  183  191  196  200  201  201  199  196  193  190  190
  190  190  194  193  195  188  186  183  165                                   
    65.0-180.0 180.0   5.0 450.0                            LAT/LON1/LON2/DLON/H
  168  163  150  134  122  111  101   92   84   74   66   61   55   51   48   47
   47   49   52   55   57   59   58   57   55   52   50   48   47   46   46   46
   46   46   45   44   43   43   43   44   47   52   59   68   78   90  102  114
  127  139  151  163  174  184  192  198  201  202  201  198  194  189  186  184
  183  183  187  187  191  186  185  185  168                                   
    62.5-180.0 180.0   5.0 450.0                            LAT/LON1/LON2/DLON/H
  168  162  149  134  122  111  102   92   84   74   66   59   53   48   44   43
   44   46   50   54   56   58   58   57   55   53   50   49   48   47   47   46
   46   45   44   42   40   39   39   40   43   49   58   68   79   92  104  117
  129  140  152  164  175  185  194  201  204  205  203  199  194  188  183  180
  177  176  179  179  183  180  180  181  168                                   
    60.0-180.0 180.0   5.0 450.0                            LAT/LON1/LON2/DLON/H
  165  159  146  131  120  109  100   91   83   74   65   59   53   48   44   43
   44   47   50   53   55   56   56   54   52   50   48   46   45   44   44   44
   43   42   41   40   38   37   37   39   44   51   61   72   85   98  111  122
  133  144  154  166  177  187  197  204  208  209  207  204  198  191  184  179
  175  171  173  172  175  172  173  173  165                                   
    57.5-180.0 180.0   5.0 450.0                            LAT/LON1/LON2/DLON/H
  165  158  145  131  120  109  100   90   83   74   66   60   55   50   47   46
   47   50   52   54   55   54   53   51   48   46   45   43   42   41   41   40
   40   40   39   39   38   38   39   43   48   57   69   82   96  109  121  132
  141  150  160  170  181  192  202  210  214  217  216  213  208  201  194  188
  181  175  174  172  174  170  170  169  165                                   
    55.0-180.0 180.0   5.0 450.0                            LAT/LON1/LON2/DLON/H
  170  161  148  134  123  111  101   91   83   74   66   61   56   53   51   51
   52   53   55   55   54   52   50   47   46   44   43   41   40   39   39   39
   39   39   40   40   41   42   45   49   56   67   80   94  109  122  133  143
  151  159  167  177  188  199  209  217  223  226  226  225  221  216  209  203
  195  187  184  180  181  174  173  171  170                                   
    52.5-180.0 180.0   5.0 450.0                            LAT/LON1/LON2/DLON/H
  179  170  158  144  132  119  107   95   85   75   68   63   58   56   55   55
   56   57   57   56   53   51   49   47   46   46   45   44   43   41   40   40
   40   42   43   45   47   49   53   58   66   77   91  107  122  135  146  154
  162  169  176  186  197  208  218  226  232  236  238  238  236  233  227  222
  213  205  201  195  194  186  184  179  179                                   
    50.0-180.0 180.0   5.0 450.0                            LAT/LON1/LON2/DLON/H
  193  186  173  160  147  133  119  104   92   80   71   66   62   59   58   59
   59   60   59   57   54   52   52   52   53   54   54   53   51   49   47   46
   46   48   50   53   56   58   62   67   75   87  102  118  133  147  157  166
  173  180  188  197  207  218  228  236  241  245  248  249  249  248  245  240
  232  225  219  213  210  202  199  194  193                                   
    47.5-180.0 180.0   5.0 450.0                            LAT/LON1/LON2/DLON/H
  209  203  192  180  166  151  136  119  103   89   78   71   66   64   62   62
   62   62   61   59   58   57   59   62   65   67   68   66   63   60   57   55
   55   56   59   62   64   67   70   75   83   96  111  127  143  157  168  177
  185  192  200  209  220  230  239  245  250  253  255  257  258  258  257  253
  247  241  235  229  226  218  215  210  209                                   
    45.0-180.0 180.0   5.0 450.0                            LAT/LON1/LON2/DLON/H
  221  219  209  199  186  171  155  136  118  102   89   80   74   70   68   66
   66   65   64   64   64   66   70   75   80   83   84   81   77   72   68   66
   64   65   67   70   72   74   77   81   90  102  118  135  151  165  177  188
  197  205  213  223  233  242  249  254  257  258  259  261  263  264  263  260
  255  250  245  239  237  230  228  223  221                                   
    42.5-180.0 180.0   5.0 450.0                            LAT/LON1/LON2/DLON/H
  229  228  220  213  202  188  172  153  134  116  102   92   84   79   75   72
   71   70   70   71   73   78   84   90   96   98   97   93   88   82   78   74
   72   72   74   76   78   80   82   86   94  107  124  142  158  173  186  198
  208  218  227  236  245  254  260  263  264  264  264  265  266  267  265  262
  256  252  248  243  242  235  234  229  229                                   
    40.0-180.0 180.0   5.0 450.0                            LAT/LON1/LON2/DLON/H
  232  230  224  218  210  197  183  166  148  130  115  105   96   89   84   80
   78   77   78   81   85   90   97  103  107  108  105  100   93   87   83   80
   78   78   79   81   82   83   85   89   98  112  130  149  166  181  195  207
  219  229  239  248  257  265  271  273  273  272  271  272  272  271  267  263
  256  251  247  243  242  236  234  230  232                                   
    37.5-180.0 180.0   5.0 450.0                            LAT/LON1/LON2/DLON/H
  231  227  221  215  209  198  186  172  157  140  126  116  107   99   93   89
   87   87   89   93   98  102  107  110  111  110  105   99   93   88   85   83
   81   81   82   83   84   85   87   92  102  118  137  156  173  188  202  215
  228  239  249  259  268  277  283  286  286  285  285  285  285  283  277  270
  262  254  250  245  243  237  235  228  231                                   
    35.0-180.0 180.0   5.0 450.0                            LAT/LON1/LON2/DLON/H
  234  224  215  207  202  192  182  170  158  144  131  122  115  108  102   98
   96   97  101  105  109  112  113  112  110  105  100   93   89   86   85   85
   85   84   84   85   86   87   90   96  107  124  144  163  180  194  208  221
  234  246  256  267  278  288  296  302  304  306  307  308  308  305  299  290
  279  269  263  257  254  245  243  234  234                                   
    32.5-180.0 180.0   5.0 450.0                            LAT/LON1/LON2/DLON/H
  244  229  216  202  195  183  173  163  153  141  131  124  118  112  108  105
  104  106  110  115  117  117  114  110  105   99   93   88   86   86   88   89
   89   88   88   88   89   90   93  100  112  130  150  169  184  197  210  223
  236  249  260  272  285  299  311  320  326  331  336  340  342  340  333  324
  311  300  292  283  279  268  266  253  244                                   
    30.0-180.0 180.0   5.0 450.0                            LAT/LON1/LON2/DLON/H
  270  247  228  207  195  179  166  155  145  134  125  120  115  112  109  107
  108  111  116  119  120  117  111  105  100   95   91   89   89   91   94   97
   96   95   93   92   93   94   97  103  116  134  154  171  185  197  209  221
  235  248  261  275  291  308  325  339  351  360  369  376  382  383  378  370
  358  346  337  325  320  308  305  289  270                                   
    27.5-180.0 180.0   5.0 450.0                            LAT/LON1/LON2/DLON/H
  311  282  255  227  208  187  169  154  142  129  120  114  110  108  106  105
  107  110  114  117  116  112  107  103  100   99   99  100  102  105  108  109
  108  104  101   99   98   98  100  106  118  135  153  170  183  193  204  216
  230  244  259  276  295  317  338  358  375  390  403  415  425  430  430  425
  415  404  395  381  375  363  356  341  311                                   
    25.0-180.0 180.0   5.0 450.0                            LAT/LON1/LON2/DLON/H
  366  333  297  263  237  210  185  165  148  132  119  111  106  103  102  101
  102  104  107  109  108  106  105  106  109  114  119  122  125  127  128  127
  123  117  111  106  103  101  101  106  116  131  148  164  176  186  197  210
  224  240  257  277  300  326  352  376  398  418  435  451  465  476  481  481
  475  467  459  443  437  426  416  403  366                                   
    22.5-180.0 180.0   5.0 450.0                            LAT/LON1/LON2/DLON/H
  427  394  350  312  281  249  218  191  168  147  130  118  109  104  100   97
   96   97   98   99   99  102  107  116  129  141  150  155  157  156  153  148
  139  129  120  112  106  102  100  102  109  123  139  155  167  179  191  204
  220  238  258  281  307  335  364  391  416  439  459  478  495  510  521  527
  527  524  519  504  496  490  476  466  427                                   
    20.0-180.0 180.0   5.0 450.0                            LAT/LON1/LON2/DLON/H
  486  456  408  370  334  300  264  233  204  178  155  137  124  114  106  100
   95   92   91   91   94  102  116  135  157  177  190  194  192  186  177  165
  152  137  124  113  104   98   94   94   99  111  127  144  158  172  186  203
  221  241  264  290  317  346  375  403  428  451  471  490  509  527  542  554
  560  563  562  552  545  543  530  522  486                                   
    17.5-180.0 180.0   5.0 450.0                            LAT/LON1/LON2/DLON/H
  533  509  463  428  392  358  319  285  253  222  195  171  152  136  123  112
  103   96   92   92   97  111  132  161  191  216  229  231  223  209  192  175
  156  138  122  108   98   91   85   84   88   99  115  133  151  168  186  205
  226  250  275  302  329  357  384  410  433  454  472  489  506  524  542  558
  570  578  583  579  573  576  568  562  533                                   
    15.0-180.0 180.0   5.0 450.0                            LAT/LON1/LON2/DLON/H
  561  545  506  479  445  413  375  341  308  276  245  217  192  171  152  136
  123  112  105  104  111  129  157  192  226  251  261  256  240  219  195  173
  151  131  114  100   90   82   76   74   77   88  105  125  146  167  188  211
  235  261  288  315  342  367  391  413  434  451  465  478  493  510  528  545
  560  572  582  584  580  587  584  579  561                                   
    12.5-180.0 180.0   5.0 450.0                            LAT/LON1/LON2/DLON/H
  571  563  535  514  487  460  425  393  361  330  298  269  241  215  193  172
  155  142  133  131  138  157  188  224  256  274  276  262  239  212  185  161
  139  120  104   91   81   73   68   66   70   81   98  120  143  168  192  218
  245  272  300  327  351  374  394  414  431  445  457  466  478  493  510  527
  543  556  567  573  572  579  581  578  571                                   
    10.0-180.0 180.0   5.0 450.0                            LAT/LON1/LON2/DLON/H
  569  567  549  535  516  493  462  434  405  375  346  317  289  262  238  217
  198  183  173  169  175  193  221  251  273  280  271  249  222  193  166  144
  124  108   94   83   74   68   64   63   67   78   96  118  144  170  196  224
  252  280  308  333  356  376  395  413  429  442  451  459  469  482  498  514
  528  540  551  557  558  564  567  566  569                                   
     7.5-180.0 180.0   5.0 450.0                            LAT/LON1/LON2/DLON/H
  564  565  553  543  531  512  485  459  433  406  379  354  328  304  281  262
  245  231  221  215  218  230  249  268  276  269  249  223  195  168  145  127
