data/edconvlstm_nd/pred0910.15i
     1.0            IONOSPHERE MAPS     GNSS                IONEX VERSION / TYPE
pyspatialgeodesy        IME             05-JAN-18 20:20     PGM / RUN BY / DATE 
Map Name                                                    COMMENT             
Predicted global ionosphere maps (GIM).                     DESCRIPTION         
  2015     4     1     0     0     0                        EPOCH OF FIRST MAP  
  2015     4     2     0     0     0                        EPOCH OF LAST MAP   
  7200                                                      INTERVAL            
    13                                                      # OF MAPS IN FILE   
  NONE                                                      MAPPING FUNCTION    
10.0                                                        ELEVATION CUTOFF    
One-way carrier phase leveled to code                       OBSERVABLES USED    
  6371.0                                                    BASE RADIUS         
 2                                                          MAP DIMENSION       
   450.0 450.0   0.0                                        HGT1 / HGT2 / DHGT  
    87.5 -87.5  -2.5                                        LAT1 / LAT2 / DLAT  
  -180.0 180.0   5.0                                        LON1 / LON2 / DLON  
    -1                                                      EXPONENT            
                                                            END OF HEADER       
[from data line 1716]
     5                                                      START OF TEC MAP    
  2015     4     1     8     0     0                        EPOCH OF CURRENT MAP
    87.5-180.0 180.0   5.0 450.0                            LAT/LON1/LON2/DLON/H
  146  144  138  143  143  142  140  138  139  141  140  141  141  140  140  139
  138  137  136  135  134  133  132  131  130  130  130  130  130  131  132  133
  135  136  138  140  141  143  145  146  147  149  150  150  151  151  152  152
  152  151  151  150  149  149  148  147  146  145  144  143  142  141  140  140
  140  141  139  138  142  140  146  146  146                                   
    85.0-180.0 180.0   5.0 450.0                            LAT/LON1/LON2/DLON/H
  139  141  142  142  141  144  145  145  147  148  148  149  149  149  148  147
  146  145  143  141  140  138  136  135  134  133  133  133  134  135  136  138
  141  143  146  149  152  154  157  160  162  164  166  167  168  169  170  170
  170  169  169  168  167  166  165  164  162  161  159  157  156  154  152  151
  150  150  145  143  138  138  140  144  139                                   
    82.5-180.0 180.0   5.0 450.0                            LAT/LON1/LON2/DLON/H
  137  137  136  132  129  133  135  138  141  144  146  148  149  149  149  147
  145  143  140  136  133  129  126  123  121  120  119  119  121  123  126  129
  133  137  142  147  152  157  161  165  169  173  176  178  180  182  183  184
  184  184  184  183  183  181  180  178  177  175  172  170  167  163  160  157
  154  151  144  142  138  135  131  125  137                                   
    80.0-180.0 180.0   5.0 450.0                            LAT/LON1/LON2/DLON/H
  136  130  127  125  123  125  130  135  140  144  148  151  153  154  153  151
  148  144  139  133  127  122  117  112  109  107  106  107  109  113  117  123
  129  136  143  150  158  165  171  178  183  189  193  198  201  204  206  208
  209  210  210  210  210  209  208  207  206  204  201  198  195  190  186  181
  175  168  159  154  146  138  139  126  136                                   
    77.5-180.0 180.0   5.0 450.0                            LAT/LON1/LON2/DLON/H
  138  123  122  120  115  119  125  131  139  145  150  156  159  160  160  158
  153  148  141  133  126  118  111  105  101   99   99  100  104  109  115  123
  132  142  151  161  171  180  189  197  205  212  218  223  228  232  235  238
  240  241  243  243  244  244  244  243  242  241  239  236  233  228  223  216
  208  199  185  176  168  150  145  137  138                                   
    75.0-180.0 180.0   5.0 450.0                            LAT/LON1/LON2/DLON/H
  139  126  118  115  111  114  120  126  135  143  150  158  162  165  165  163
  158  152  144  135  126  117  108  102   97   94   94   96  101  107  115  125
  136  147  159  170  182  193  203  213  222  231  239  246  252  257  262  265
  268  271  272  274  275  276  276  277  277  277  276  274  271  268  263  257
  248  237  223  205  192  172  164  153  139                                   
    72.5-180.0 180.0   5.0 450.0                            LAT/LON1/LON2/DLON/H
  144  130  120  114  109  110  116  123  132  141  149  158  164  168  169  167
  163  157  149  141  131  122  113  106  100   98   98  100  105  113  122  133
  145  157  169  182  194  206  217  228  238  248  256  265  272  278  284  288
  292  294  296  297  298  299  299  300  300  301  301  300  299  297  293  289
  281  271  258  240  223  199  186  177  144                                   
    70.0-180.0 180.0   5.0 450.0                            LAT/LON1/LON2/DLON/H
  156  136  125  115  107  105  108  115  123  132  142  151  158  163  165  165
  162  158  151  144  135  126  118  111  106  103  103  106  111  119  129  140
  152  164  176  189  201  212  224  235  246  257  267  277  286  293  300  305
  309  311  312  312  312  311  310  310  310  310  310  311  310  310  308  306
  301  294  283  266  248  224  211  201  156                                   
    67.5-180.0 180.0   5.0 450.0                            LAT/LON1/LON2/DLON/H
  162  142  130  118  108  104  104  108  115  123  133  142  150  156  160  161
  160  157  153  147  140  132  124  118  113  110  110  113  118  126  135  146
  158  169  181  193  204  215  226  238  250  262  273  284  295  304  311  317
  320  321  321  319  316  313  310  308  306  305  305  304  304  304  304  304
  303  299  292  278  263  241  226  217  162                                   
    65.0-180.0 180.0   5.0 450.0                            LAT/LON1/LON2/DLON/H
  169  150  137  122  110  102  100  101  106  113  121  131  139  146  151  153
  154  154  151  147  142  135  129  123  118  116  115  118  123  130  139  150
  161  172  183  194  204  215  227  238  251  264  278  291  303  313  321  327
  330  330  327  323  317  311  305  301  297  294  292  291  290  290  290  291
  292  292  289  279  269  252  238  227  169                                   
    62.5-180.0 180.0   5.0 450.0                            LAT/LON1/LON2/DLON/H
  172  155  143  126  113  102   96   94   96  101  108  117  125  132  138  142
  145  145  145  142  138  132  126  121  117  114  114  117  121  128  137  147
  158  169  180  191  201  212  224  236  250  265  280  294  308  320  329  334
  337  335  331  325  317  309  301  293  288  283  279  276  274  271  270  271
  273  274  275  269  264  251  239  228  172                                   
    60.0-180.0 180.0   5.0 450.0                            LAT/LON1/LON2/DLON/H
  175  160  149  130  117  103   94   88   87   89   94  101  109  116  122  127
  130  132  132  131  127  122  117  112  108  107  107  109  113  120  129  140
  151  163  175  187  198  209  222  235  250  266  282  298  313  326  335  342
  344  343  338  331  322  313  303  294  286  280  275  269  264  259  255  254
  254  255  257  255  254  244  235  222  175                                   
    57.5-180.0 180.0   5.0 450.0                            LAT/LON1/LON2/DLON/H
  179  167  157  136  123  107   95   85   80   79   82   88   94  100  106  110
  114  117  117  116  113  109  104  100   97   96   96   99  103  110  119  130
  143  157  171  184  197  210  223  237  253  269  287  304  320  334  345  352
  355  355  352  345  337  327  316  307  298  291  284  277  269  261  253  247
  244  244  246  245  246  238  231  216  179                                   
    55.0-180.0 180.0   5.0 450.0                            LAT/LON1/LON2/DLON/H
  187  178  168  146  134  116  100   87   78   74   74   77   82   86   90   94
   98  101  102  101   99   95   91   88   86   85   86   88   92   99  109  122
  137  153  169  185  199  214  228  243  259  276  294  312  329  344  356  364
  369  371  370  366  359  350  340  331  321  314  306  298  289  277  265  256
  248  245  245  243  245  238  232  214  187                                   
    52.5-180.0 180.0   5.0 450.0                            LAT/LON1/LON2/DLON/H
  200  192  183  161  149  129  111   94   82   74   72   73   74   77   79   82
   85   88   90   90   88   85   82   79   78   79   80   82   86   92  102  116
  133  152  171  188  205  221  236  252  268  286  304  322  340  355  368  378
  386  390  392  392  388  381  372  362  353  345  337  329  319  306  291  277
  266  260  256  253  252  246  239  220  200                                   
    50.0-180.0 180.0   5.0 450.0                            LAT/LON1/LON2/DLON/H
  216  208  199  179  167  147  127  107   92   82   76   74   73   73   73   75
   78   81   83   84   83   81   79   78   78   79   80   81   85   91  101  115
  134  155  175  195  213  230  246  263  280  297  316  334  352  368  382  393
  402  410  416  418  418  414  406  396  386  377  369  361  351  338  322  306
  292  283  277  271  268  261  252  234  216                                   
    47.5-180.0 180.0   5.0 450.0                            LAT/LON1/LON2/DLON/H
  231  223  214  195  184  165  144  123  106   94   86   82   78   75   74   74
   76   80   83   84   85   84   84   84   85   86   87   87   89   95  105  119
  139  160  182  203  222  239  257  274  292  310  329  347  365  381  395  407
  418  428  436  443  445  442  435  424  412  401  392  384  375  363  347  332
  317  308  300  292  287  279  268  251  231                                   
    45.0-180.0 180.0   5.0 450.0                            LAT/LON1/LON2/DLON/H
  242  231  223  207  196  179  160  140  123  110  101   94   88   83   80   79
   81   84   88   91   93   94   95   97   98   98   98   98   98  103  112  127
  146  168  190  210  229  247  265  284  303  322  342  361  378  394  407  420
  432  443  453  460  464  463  455  442  427  412  401  391  382  371  358  345
  333  325  317  309  302  294  282  267  242                                   
    42.5-180.0 180.0   5.0 450.0                            LAT/LON1/LON2/DLON/H
  245  232  223  209  200  185  170  153  138  126  116  108  100   94   89   88
   90   93   98  102  105  108  110  112  113  113  111  109  109  113  122  136
  155  175  196  216  235  253  272  292  313  335  355  375  392  407  420  433
  444  456  466  474  478  476  468  452  433  414  398  385  374  364  354  344
  336  330  324  317  310  301  289  275  245                                   
    40.0-180.0 180.0   5.0 450.0                            LAT/LON1/LON2/DLON/H
  242  223  214  201  193  182  172  161  149  139  130  121  113  106  102  100
  101  106  111  116  120  123  125  127  127  126  122  119  118  122  131  146
  163  182  201  220  239  258  278  301  324  348  370  390  407  422  436  448
  459  470  481  489  493  492  484  467  445  421  399  380  365  354  344  337
  331  328  323  316  309  300  288  274  242                                   
    37.5-180.0 180.0   5.0 450.0                            LAT/LON1/LON2/DLON/H
  234  209  198  185  178  170  166  161  155  147  140  132  125  119  114  113
  115  119  124  129  133  136  139  140  139  135  130  126  126  130  140  155
  171  188  205  224  243  263  286  310  336  363  387  409  427  442  456  469
  481  493  504  513  520  521  515  500  477  449  420  394  373  356  344  336
  331  327  322  314  306  294  282  265  234                                   
    35.0-180.0 180.0   5.0 450.0                            LAT/LON1/LON2/DLON/H
  229  198  184  168  162  156  157  157  155  151  145  140  134  130  127  126
  127  131  136  140  144  147  149  149  146  142  136  131  131  137  149  163
  178  194  211  229  249  271  296  323  352  381  408  432  451  467  483  498
  513  528  541  554  565  571  570  559  538  508  474  440  410  386  369  357
  349  342  334  321  310  293  280  260  229                                   
    32.5-180.0 180.0   5.0 450.0                            LAT/LON1/LON2/DLON/H
  234  198  179  158  151  145  148  152  153  151  147  144  141  139  138  138
  139  141  145  150  153  156  156  156  152  146  139  135  136  143  156  171
  186  201  217  237  258  282  309  339  370  403  433  459  481  500  519  538
  558  577  596  614  631  644  651  647  631  602  564  523  483  451  426  409
  395  383  368  348  332  308  290  266  234                                   
    30.0-180.0 180.0   5.0 450.0                            LAT/LON1/LON2/DLON/H
  255  216  190  164  154  145  147  151  153  152  149  147  146  146  147  148
  148  150  153  156  160  162  162  161  158  152  145  140  142  150  163  178
  193  208  226  247  271  298  327  359  393  428  460  490  515  538  562  587
  612  638  664  690  715  738  755  761  753  728  689  641  593  552  519  494
  473  453  431  399  377  344  319  291  255                                   
    27.5-180.0 180.0   5.0 450.0                            LAT/LON1/LON2/DLON/H
  297  256  223  190  174  161  158  160  159  157  154  152  152  154  156  157
  156  156  158  161  164  167  168  168  166  160  153  148  149  157  170  185
  200  216  236  259  287  317  349  382  418  454  489  522  552  580  609  640
  673  706  740  774  808  841  870  888  890  871  833  783  729  681  640  607
  577  550  518  475  444  402  367  336  297                                   
    25.0-180.0 180.0   5.0 450.0                            LAT/LON1/LON2/DLON/H
  357  318  277  237  214  195  184  180  175  170  165  162  162  164  166  166
  164  162  162  164  168  171  175  177  177  173  165  159  159  165  177  191
  206  224  246  274  305  338  372  406  442  479  517  553  587  620  654  691
  730  770  811  852  893  935  972 1001 1013 1003  970  921  866  814  769  728
  692  658  618  566  526  475  431  397  357                                   
    22.5-180.0 180.0   5.0 450.0                            LAT/LON1/LON2/DLON/H
  432  393  347  302  270  245  225  214  203  193  185  179  177  177  178  177
  172  168  166  167  171  176  182  188  191  188  180  172  168  172  181  195
  211  230  256  287  323  359  394  428  464  502  542  581  618  655  693  734
  777  821  865  908  952  995 1036 1070 1090 1089 1065 1022  971  921  875  831
  791  756  712  655  609  554  504  468  432                                   
    20.0-180.0 180.0   5.0 450.0                            LAT/LON1/LON2/DLON/H
  509  469  423  375  336  305  276  257  241  227  215  206  200  197  195  190
  184  177  173  173  176  182  190  199  204  202  193  182  175  175  182  195
  213  236  265  300  338  376  411  446  482  520  561  602  641  680  720  763
  806  850  892  932  969 1007 1044 1079 1104 1113 1099 1066 1022  977  935  894
  855  823  783  727  679  624  577  539  509                                   
    17.5-180.0 180.0   5.0 450.0                            LAT/LON1/LON2/DLON/H
  576  532  488  442  399  365  330  305  286  270  256  243  232  224  217  209
  199  190  183  181  183  189  198  208  214  212  201  188  176  173  179  193
  214  240  273  310  350  388  423  458  494  534  576  617  657  696  736  776
  817  856  890  919  946  972 1000 1031 1059 1076 1073 1053 1020  984  949  912
  878  851  820  770  727  675  634  601  576                                   
    15.0-180.0 180.0   5.0 450.0                            LAT/LON1/LON2/DLON/H
  623  570  532  491  450  416  379  352  332  317  302  287  272  257  245  233
  220  207  197  192  192  196  205  214  219  216  205  188  174  168  174  191
  215  245  280  319  358  396  431  466  503  544  586  628  667  705  742  779
  813  842  865  881  893  904  921  945  973  996 1005  999  981  957  930  899
  869  846  823  782  748  702  667  646  623                                   
    12.5-180.0 180.0   5.0 450.0                            LAT/LON1/LON2/DLON/H
  645  584  552  519  485  454  419  392  374  362  350  335  316  296  279  263
  247  230  216  206  203  204  210  216  220  217  204  185  169  163  170  190
  218  251  287  326  364  401  437  472  511  552  594  636  674  709  743  775
  801  820  831  834  832  830  836  852  878  904  923  931  928  916  899  874
  847  827  808  773  748  706  676  670  645                                   
    10.0-180.0 180.0   5.0 450.0                            LAT/LON1/LON2/DLON/H
  649  581  556  532  507  482  450  424  409  400  391  377  357  335  315  296
  277  257  239  224  215  212  214  218  220  215  201  180  164  160  170  192
  223  258  295  331  368  404  440  477  517  559  601  641  678  712  743  769
  789  799  801  796  786  777  775  784  805  832  857  874  882  880  869  849
  824  804  786  755  735  698  671  678  649                                   
     7.5-180.0 180.0   5.0 450.0                            LAT/LON1/LON2/DLON/H
  644  573  553  539  523  504  476  451  436  429  422  409  389  367  346  326
  307  285  262  243  229  221  219  219  218  211  196  177  164  162  173  197
