data/edconvlstm_nd/pred2290.15i
     1.0            IONOSPHERE MAPS     GNSS                IONEX VERSION / TYPE
pyspatialgeodesy        IME             05-JAN-18 20:20     PGM / RUN BY / DATE 
Map Name                                                    COMMENT             
Predicted global ionosphere maps (GIM).                     DESCRIPTION         
  2015     8    17     0     0     0                        EPOCH OF FIRST MAP  
  2015     8    18     0     0     0                        EPOCH OF LAST MAP   
  7200                                                      INTERVAL            
    13                                                      # OF MAPS IN FILE   
  NONE                                                      MAPPING FUNCTION    
10.0                                                        ELEVATION CUTOFF    
One-way carrier phase leveled to code                       OBSERVABLES USED    
  6371.0                                                    BASE RADIUS         
 2                                                          MAP DIMENSION       
   450.0 450.0   0.0                                        HGT1 / HGT2 / DHGT  
    87.5 -87.5  -2.5                                        LAT1 / LAT2 / DLAT  
  -180.0 180.0   5.0                                        LON1 / LON2 / DLON  
    -1                                                      EXPONENT            
                                                            END OF HEADER       
[from data line 2574]
     7                                                      START OF TEC MAP    
  2015     8    17    12     0     0                        EPOCH OF CURRENT MAP
    87.5-180.0 180.0   5.0 450.0                            LAT/LON1/LON2/DLON/H
   86   93   93   97  100  100   98   94   95   97   96   97   96   96   96   96
   96   96   96   96   96   96   96   96   96   96   96   96   95   95   94   94
   93   93   92   91   91   90   90   89   89   88   88   88   88   89   89   89
   89   89   90   90   90   90   90   90   90   90   90   90   90   90   90   91
   92   93   91   88   93   90  101   98   86                                   
    85.0-180.0 180.0   5.0 450.0                            LAT/LON1/LON2/DLON/H
   90   96  106   95   96   99   98   98   98  100   99   99   99   99   99   99
   99   99  100  100  100  100  101  101  101  101  101  101  100  100  100   99
   99   98   97   96   95   94   94   93   92   92   92   92   92   92   92   93
   93   93   94   94   95   95   95   95   95   95   95   96   95   96   96   96
   97   98   93   90   89   91   97   98   90                                   
    82.5-180.0 180.0   5.0 450.0                            LAT/LON1/LON2/DLON/H
   85   94   99   92   93   95   95   95   95   96   95   96   95   96   96   96
   97   97   98   98   99  100  100  101  102  102  103  103  103  103  103  102
  102  101  100   98   97   96   94   93   93   92   92   92   92   93   94   95
   96   97   97   98   98   99   99   99   98   98   97   97   96   96   95   95
   96   96   92   89   90   96   90   88   85                                   
    80.0-180.0 180.0   5.0 450.0                            LAT/LON1/LON2/DLON/H
   85   87   91   89   88   86   86   87   87   88   87   88   88   88   88   89
   90   91   92   93   94   95   96   98   99  100  101  102  103  103  103  103
  103  102  100   98   97   95   93   91   90   90   90   90   91   93   94   96
   98   99  100  101  101  101  101  100   99   98   97   96   95   94   93   92
   92   91   89   87   85   91   92   89   85                                   
    77.5-180.0 180.0   5.0 450.0                            LAT/LON1/LON2/DLON/H
   89   88   86   86   84   84   83   83   83   83   82   82   83   83   84   86
   87   89   90   92   93   94   96   97   99  101  102  104  106  107  108  109
  108  108  106  104  102   99   96   94   93   92   93   94   96   99  101  104
  107  109  111  112  112  111  110  109  107  105  103  101   98   96   94   93
   91   90   87   86   84   84   86   86   89                                   
    75.0-180.0 180.0   5.0 450.0                            LAT/LON1/LON2/DLON/H
   79   80   74   76   76   77   75   74   74   74   73   74   75   76   78   80
   82   84   85   87   88   90   91   92   94   96   98  101  103  106  108  110
  110  110  109  107  105  101   99   96   95   94   95   97  100  104  107  111
  114  116  118  118  118  116  114  112  109  106  103  101   98   95   92   90
   88   86   83   78   79   78   80   74   79                                   
    72.5-180.0 180.0   5.0 450.0                            LAT/LON1/LON2/DLON/H
   72   72   67   70   69   71   70   69   68   68   67   69   70   72   75   77
   80   82   84   85   86   87   88   89   90   92   94   97  100  104  107  110
  112  113  113  111  109  105  102  100   98   98  100  102  106  111  115  119
  122  124  125  124  122  120  117  114  110  107  104  101   98   95   91   89
   86   83   79   75   73   73   73   71   72                                   
    70.0-180.0 180.0   5.0 450.0                            LAT/LON1/LON2/DLON/H
   66   64   60   62   61   62   60   59   59   59   59   62   64   67   70   74
   77   79   81   82   83   83   83   83   83   84   86   88   92   97  101  106
  109  112  113  112  110  107  104  102  100  101  103  106  111  115  120  123
  125  126  125  123  120  116  112  109  105  102   99   97   94   92   89   86
   83   79   75   70   67   66   69   68   66                                   
    67.5-180.0 180.0   5.0 450.0                            LAT/LON1/LON2/DLON/H
   59   57   55   57   56   56   55   55   54   55   55   59   62   66   70   74
   77   80   81   82   82   81   80   79   78   78   79   81   85   89   94  100
  105  109  111  111  110  108  105  103  102  103  106  110  114  118  122  124
  124  123  121  117  113  108  104  100   97   95   93   92   91   89   87   85
   82   77   72   66   62   60   61   60   59                                   
    65.0-180.0 180.0   5.0 450.0                            LAT/LON1/LON2/DLON/H
   54   54   51   53   52   52   50   50   50   51   52   56   60   65   69   74
   77   80   81   81   80   79   78   76   75   74   74   76   79   83   88   94
  100  105  109  110  110  109  107  106  106  108  111  115  119  122  124  124
  122  119  115  110  105  100   96   93   90   89   88   89   89   88   87   86
   82   77   72   65   61   59   59   59   54                                   
    62.5-180.0 180.0   5.0 450.0                            LAT/LON1/LON2/DLON/H
   52   52   49   52   50   50   48   47   47   47   49   53   58   63   68   73
   76   78   79   79   79   77   76   74   73   72   72   73   75   79   83   89
   96  101  106  109  110  109  109  108  109  112  115  119  122  124  124  122
  118  114  109  103   98   94   90   87   85   85   85   86   88   88   87   86
   83   78   72   65   60   57   57   57   52                                   
    60.0-180.0 180.0   5.0 450.0                            LAT/LON1/LON2/DLON/H
   53   52   49   51   49   48   46   44   43   44   45   49   54   59   64   68
   72   74   75   75   75   74   74   73   72   72   72   72   73   76   80   85
   91   97  103  106  108  109  110  110  112  115  119  122  124  124  122  119
  114  109  104  100   95   91   88   86   84   84   85   86   88   88   87   86
   83   77   72   64   59   56   56   56   53                                   
    57.5-180.0 180.0   5.0 450.0                            LAT/LON1/LON2/DLON/H
   56   54   51   53   51   49   46   44   42   41   42   45   49   54   59   63
   66   68   70   70   71   71   72   73   74   74   75   75   76   78   81   85
   91   97  102  107  110  112  114  115  118  121  124  127  128  127  124  119
  114  110  106  103  100   98   95   93   91   91   91   92   92   92   90   88
   85   79   73   65   60   56   56   56   56                                   
    55.0-180.0 180.0   5.0 450.0                            LAT/LON1/LON2/DLON/H
   60   57   54   56   53   51   47   44   41   40   39   41   44   48   52   56
   59   61   63   65   66   68   70   73   75   77   78   79   80   81   84   87
   92   98  104  109  113  117  119  121  124  127  130  132  132  130  126  121
  118  115  113  112  111  110  108  105  103  102  101  100   99   97   94   91
   87   81   75   67   62   57   57   57   60                                   
    52.5-180.0 180.0   5.0 450.0                            LAT/LON1/LON2/DLON/H
   63   59   56   59   56   54   50   46   42   39   37   38   39   42   45   49
   52   55   57   60   62   65   69   72   76   79   82   84   85   86   88   91
   95  101  107  114  119  123  127  129  132  134  136  137  136  133  130  126
  124  123  124  125  126  125  123  120  117  115  113  111  108  105  100   96
   91   84   79   71   65   59   59   58   63                                   
    50.0-180.0 180.0   5.0 450.0                            LAT/LON1/LON2/DLON/H
   66   61   58   61   58   57   53   48   43   39   36   36   36   38   41   44
   47   50   53   56   60   63   68   72   77   81   84   87   88   90   92   95
   99  105  113  120  127  132  136  139  141  142  143  143  141  138  135  132
  131  133  135  138  139  139  137  134  130  127  124  121  118  113  108  103
   97   90   85   76   70   63   62   60   66                                   
    47.5-180.0 180.0   5.0 450.0                            LAT/LON1/LON2/DLON/H
   68   62   59   63   60   59   56   52   46   42   38   36   35   36   38   41
   44   48   52   55   59   64   68   73   78   82   85   88   90   93   95   99
  104  111  120  129  137  143  147  150  151  151  150  149  147  144  141  139
  139  141  144  147  148  147  144  141  138  135  133  130  126  122  116  111
  105   98   92   83   76   68   66   64   68                                   
    45.0-180.0 180.0   5.0 450.0                            LAT/LON1/LON2/DLON/H
   69   63   60   64   62   62   60   56   51   46   41   38   36   36   38   41
   44   48   53   57   61   66   70   75   79   82   86   89   92   94   98  103
  109  118  129  139  149  156  161  163  163  161  159  157  155  152  150  148
  147  148  150  151  150  148  145  141  139  138  137  136  133  130  125  120
  114  107  101   92   84   75   72   69   69                                   
    42.5-180.0 180.0   5.0 450.0                            LAT/LON1/LON2/DLON/H
   71   65   61   65   63   64   63   61   56   52   47   44   41   40   40   42
   46   50   55   60   65   69   74   78   81   84   87   90   93   96  101  107
  116  126  139  151  163  171  177  178  177  175  172  169  167  164  161  158
  156  154  152  150  146  142  139  136  136  137  138  138  138  136  133  129
  124  117  110  101   92   83   79   76   71                                   
    40.0-180.0 180.0   5.0 450.0                            LAT/LON1/LON2/DLON/H
   74   68   63   66   65   66   66   65   62   58   54   51   48   46   45   46
   49   54   59   64   69   74   78   82   84   87   90   92   96  100  106  114
  124  136  151  165  178  188  194  197  196  193  189  187  184  181  177  172
  166  160  154  148  142  136  132  131  132  134  137  140  141  140  139  136
  132  126  119  110  100   92   88   84   74                                   
    37.5-180.0 180.0   5.0 450.0                            LAT/LON1/LON2/DLON/H
   80   73   67   70   68   69   69   69   67   65   61   59   56   53   52   52
   54   58   63   68   74   79   83   86   89   92   95   98  101  106  113  122
  134  149  165  181  195  207  215  218  218  215  212  210  208  204  198  190
  180  170  160  151  142  135  131  130  132  136  139  142  144  144  143  142
  138  132  126  118  108  101   97   93   80                                   
    35.0-180.0 180.0   5.0 450.0                            LAT/LON1/LON2/DLON/H
   90   83   75   76   73   72   72   72   71   70   68   66   64   61   59   57
   58   62   67   73   79   84   88   92   95   98  102  106  110  116  123  134
  147  163  181  198  214  227  237  242  243  242  240  239  237  233  225  214
  201  188  175  164  154  146  141  140  141  144  146  147  148  147  147  146
  142  137  131  124  115  109  107  102   90                                   
    32.5-180.0 180.0   5.0 450.0                            LAT/LON1/LON2/DLON/H
  102   96   87   86   81   78   76   75   74   73   73   72   71   69   66   63
   63   66   71   77   84   89   94   97  101  106  110  115  121  127  136  148
  163  180  198  216  233  248  259  267  271  272  272  272  270  266  257  244
  229  215  202  191  181  172  165  162  161  161  160  157  154  152  150  148
  145  139  134  128  121  117  118  111  102                                   
    30.0-180.0 180.0   5.0 450.0                            LAT/LON1/LON2/DLON/H
  117  111  102   98   92   86   82   79   77   76   76   77   76   75   72   69
   68   71   76   83   90   95  100  103  107  113  119  125  132  140  150  163
  180  198  217  235  252  268  282  292  299  303  305  307  306  301  292  278
  264  251  240  231  221  212  203  196  192  187  180  172  165  158  153  150
  146  140  136  130  126  124  127  120  117                                   
    27.5-180.0 180.0   5.0 450.0                            LAT/LON1/LON2/DLON/H
  131  126  118  113  104   96   90   85   81   79   78   80   80   80   77   75
   74   77   83   90   97  103  106  109  113  119  126  134  142  152  164  179
  197  216  235  253  271  288  303  317  326  333  337  340  340  335  326  314
  302  292  286  280  272  261  249  239  229  218  205  191  178  166  158  153
  147  141  137  132  129  129  135  128  131                                   
    25.0-180.0 180.0   5.0 450.0                            LAT/LON1/LON2/DLON/H
  143  140  133  127  118  108  100   92   86   82   81   82   83   84   83   81
   81   84   91   99  106  111  113  115  117  123  130  140  150  162  176  193
  212  232  251  270  287  305  322  338  351  360  366  370  370  366  358  348
  339  335  333  330  323  311  296  280  265  249  231  212  192  176  164  156
  148  141  137  132  130  133  140  133  143                                   
    22.5-180.0 180.0   5.0 450.0                            LAT/LON1/LON2/DLON/H
  149  148  144  138  129  119  110  100   93   87   85   85   86   87   87   87
   88   92  100  109  116  120  120  120  121  125  133  143  156  170  187  206
  227  247  266  284  301  319  338  356  372  383  391  395  395  392  386  378
  373  373  375  374  367  352  332  312  293  274  253  230  207  186  171  160
  150  143  138  133  131  134  141  135  149                                   
    20.0-180.0 180.0   5.0 450.0                            LAT/LON1/LON2/DLON/H
  149  150  149  145  138  128  119  108  100   93   89   88   89   91   92   92
   94  100  109  118  125  128  128  125  125  127  135  145  160  176  196  217
  239  261  280  297  313  332  351  371  388  401  410  414  415  413  408  403
  401  403  406  405  396  377  353  330  309  289  268  244  219  197  178  165
  154  145  140  133  130  133  139  134  149                                   
    17.5-180.0 180.0   5.0 450.0                            LAT/LON1/LON2/DLON/H
  143  147  148  146  141  133  125  115  107   99   94   91   92   93   95   96
  100  106  116  125  133  136  134  131  129  130  136  148  163  182  204  228
  251  273  292  308  324  342  362  382  401  415  424  429  430  429  425  422
  422  424  426  422  408  385  359  335  314  296  277  254  230  206  187  172
  159  149  142  134  129  129  133  129  143                                   
    15.0-180.0 180.0   5.0 450.0                            LAT/LON1/LON2/DLON/H
  133  138  142  141  139  132  127  119  112  105   98   95   94   95   96   99
  103  110  119  129  137  140  140  137  134  135  141  152  168  189  213  238
  262  284  302  318  333  350  369  390  409  424  434  439  441  441  439  437
  436  436  434  425  407  382  355  332  314  299  283  263  240  216  195  179
  165  154  145  136  128  125  126  123  133                                   
    12.5-180.0 180.0   5.0 450.0                            LAT/LON1/LON2/DLON/H
  122  128  132  132  132  127  125  120  115  108  102   97   95   95   96   98
  102  109  119  129  137  142  143  142  141  143  148  159  177  199  224  249
  274  295  313  327  341  356  374  394  413  429  439  445  448  449  448  447
  445  442  435  422  400  374  348  329  315  303  289  271  248  225  204  187
  171  160  149  138  128  122  120  116  122                                   
    10.0-180.0 180.0   5.0 450.0                            LAT/LON1/LON2/DLON/H
  113  119  122  121  122  119  120  117  114  109  103   97   94   93   94   95
   99  105  114  124  134  141  146  148  150  153  160  171  188  210  235  261
  285  305  322  335  347  360  376  395  414  429  440  448  452  454  455  454
  451  445  434  417  394  370  348  332  321  311  297  279  256  233  211  193
  177  165  153  141  129  120  115  112  113                                   
     7.5-180.0 180.0   5.0 450.0                            LAT/LON1/LON2/DLON/H
  109  113  114  112  113  111  113  111  111  107  102   96   92   89   89   90
   93   98  107  117  128  138  147  154  160  166  174  185  202  224  248  273
