data/edconvlstm_nd/pred1170.15i
     1.0            IONOSPHERE MAPS     GNSS                IONEX VERSION / TYPE
pyspatialgeodesy        IME             05-JAN-18 20:20     PGM / RUN BY / DATE 
Map Name                                                    COMMENT             
Predicted global ionosphere maps (GIM).                     DESCRIPTION         
  2015     4    27     0     0     0                        EPOCH OF FIRST MAP  
  2015     4    28     0     0     0                        EPOCH OF LAST MAP   
  7200                                                      INTERVAL            
    13                                                      # OF MAPS IN FILE   
  NONE                                                      MAPPING FUNCTION    
10.0                                                        ELEVATION CUTOFF    
One-way carrier phase leveled to code                       OBSERVABLES USED    
  6371.0                                                    BASE RADIUS         
 2                                                          MAP DIMENSION       
   450.0 450.0   0.0                                        HGT1 / HGT2 / DHGT  
    87.5 -87.5  -2.5                                        LAT1 / LAT2 / DLAT  
  -180.0 180.0   5.0                                        LON1 / LON2 / DLON  
    -1                                                      EXPONENT            
                                                            END OF HEADER       
[from data line 5148]
    13                                                      START OF TEC MAP    
  2015     4    28     0     0     0                        EPOCH OF CURRENT MAP
    87.5-180.0 180.0   5.0 450.0                            LAT/LON1/LON2/DLON/H
  196  193  198  187  188  190  189  191  193  194  196  198  199  200  202  203
  204  204  205  205  205  205  205  204  203  203  202  201  200  199  198  197
  196  195  194  193  191  190  189  188  187  186  185  184  183  183  182  181
  181  180  180  179  179  178  178  177  177  176  176  176  175  175  175  175
  175  176  179  181  183  183  187  230  196                                   
    85.0-180.0 180.0   5.0 450.0                            LAT/LON1/LON2/DLON/H
  196  182  182  179  185  188  188  190  193  195  198  201  203  205  207  209
  210  211  211  212  211  211  210  209  207  206  204  203  202  200  199  198
  196  195  194  193  191  190  189  188  187  186  185  184  183  182  182  181
  180  180  179  179  178  178  177  177  176  176  175  175  174  173  173  173
  173  173  176  180  175  180  192  219  196                                   
    82.5-180.0 180.0   5.0 450.0                            LAT/LON1/LON2/DLON/H
  184  175  175  175  181  184  185  189  194  197  201  205  209  213  216  218
  219  220  220  219  218  216  214  211  208  205  202  200  197  195  192  191
  189  187  186  185  184  183  182  181  180  179  178  178  177  177  177  177
  177  177  177  177  177  177  177  177  177  177  177  176  175  175  174  174
  173  174  176  175  173  166  180  197  184                                   
    80.0-180.0 180.0   5.0 450.0                            LAT/LON1/LON2/DLON/H
  175  174  171  170  175  180  186  191  197  202  208  214  220  224  228  231
  232  233  232  230  227  224  220  215  211  206  202  198  194  191  188  186
  184  183  182  182  181  180  180  179  178  178  177  176  176  176  176  176
  177  177  178  179  180  181  182  183  183  184  184  183  183  182  181  181
  180  180  180  176  176  170  181  199  175                                   
    77.5-180.0 180.0   5.0 450.0                            LAT/LON1/LON2/DLON/H
  181  174  173  171  174  180  187  194  202  208  216  223  230  236  241  244
  245  245  243  240  236  231  225  219  213  207  201  196  191  188  186  184
  183  183  183  183  183  183  183  183  182  181  180  179  178  178  178  179
  180  181  183  185  187  189  191  192  193  194  194  194  193  192  192  191
  190  189  188  182  183  181  184  205  181                                   
    75.0-180.0 180.0   5.0 450.0                            LAT/LON1/LON2/DLON/H
  194  185  180  178  180  184  191  198  206  213  222  230  238  244  248  250
  251  249  247  243  238  232  225  218  210  203  197  191  187  184  183  183
  183  184  185  186  187  188  188  187  186  185  183  181  180  179  179  180
  182  184  187  190  193  197  199  202  203  204  205  204  204  203  202  202
  201  201  200  192  192  193  194  216  194                                   
    72.5-180.0 180.0   5.0 450.0                            LAT/LON1/LON2/DLON/H
  203  199  194  188  188  191  197  204  212  219  228  236  243  248  251  252
  251  248  244  240  234  227  220  212  204  197  190  185  181  179  179  180
  181  184  185  187  188  188  188  186  185  183  180  178  176  175  175  176
  179  182  186  191  195  200  204  207  209  211  211  211  210  209  208  208
  208  209  210  205  205  204  207  228  203                                   
    70.0-180.0 180.0   5.0 450.0                            LAT/LON1/LON2/DLON/H
  218  213  207  202  199  200  205  211  219  226  234  242  247  250  251  250
  247  243  239  234  228  222  215  207  199  192  185  179  176  175  176  178
  180  182  184  185  185  184  183  181  178  176  173  170  168  167  167  169
  172  176  182  188  195  200  206  210  213  214  214  214  213  211  211  211
  211  213  216  214  217  218  221  240  218                                   
    67.5-180.0 180.0   5.0 450.0                            LAT/LON1/LON2/DLON/H
  232  230  222  215  211  209  213  218  225  231  239  246  250  252  251  248
  244  239  235  230  226  220  214  206  198  190  182  177  174  173  174  177
  179  180  181  180  178  175  173  170  167  164  161  159  157  156  156  158
  162  168  175  183  191  198  205  210  213  215  215  215  213  211  210  209
  210  212  216  216  222  225  231  248  232                                   
    65.0-180.0 180.0   5.0 450.0                            LAT/LON1/LON2/DLON/H
  243  241  233  226  221  217  219  222  228  234  241  247  251  251  249  245
  240  236  233  229  226  222  216  209  200  191  183  178  175  174  176  177
  178  178  176  172  167  163  158  155  152  150  148  146  144  143  144  146
  151  158  166  176  185  194  202  208  213  215  216  215  213  210  208  207
  206  208  212  214  222  227  235  253  243                                   
    62.5-180.0 180.0   5.0 450.0                            LAT/LON1/LON2/DLON/H
  249  247  240  234  229  223  223  224  229  233  240  245  249  249  247  243
  240  237  235  234  232  229  224  216  207  197  189  183  180  180  181  181
  181  177  172  165  157  150  145  141  139  138  136  135  134  133  134  137
  142  150  159  170  180  190  199  207  212  215  217  216  214  211  208  206
  204  205  208  210  217  223  235  254  249                                   
    60.0-180.0 180.0   5.0 450.0                            LAT/LON1/LON2/DLON/H
  251  249  245  240  236  229  226  225  228  231  236  241  244  245  244  243
  241  240  241  241  241  239  234  226  216  206  198  192  189  189  189  189
  186  179  170  159  149  140  134  131  130  130  130  130  128  128  128  131
  136  144  154  165  176  186  196  205  211  216  219  220  219  216  213  210
  206  205  207  207  212  219  232  254  251                                   
    57.5-180.0 180.0   5.0 450.0                            LAT/LON1/LON2/DLON/H
  254  253  251  247  245  237  232  228  229  229  232  236  239  241  242  243
  244  246  249  251  252  250  245  238  228  218  210  204  202  202  202  199
  193  184  171  157  145  136  130  128  128  130  130  130  128  127  127  129
  134  141  151  161  172  183  194  203  212  218  223  226  227  225  223  219
  215  212  212  210  212  218  231  256  254                                   
    55.0-180.0 180.0   5.0 450.0                            LAT/LON1/LON2/DLON/H
  261  263  262  260  259  251  246  240  237  234  234  235  236  238  241  244
  248  252  256  259  261  260  256  249  241  232  224  220  218  218  216  212
  203  190  175  160  148  139  134  133  134  136  136  136  134  131  130  132
  136  142  151  161  172  182  193  204  214  223  230  236  238  239  238  236
  231  228  226  221  221  225  237  265  261                                   
    52.5-180.0 180.0   5.0 450.0                            LAT/LON1/LON2/DLON/H
  276  279  279  280  280  275  270  262  256  249  243  240  239  240  243  247
  252  257  262  266  268  268  265  260  254  247  241  238  236  234  231  224
  213  198  181  166  155  147  144  143  145  146  146  145  142  139  137  138
  141  146  154  163  174  184  196  207  219  229  239  246  252  255  256  256
  253  251  249  241  239  241  251  281  276                                   
    50.0-180.0 180.0   5.0 450.0                            LAT/LON1/LON2/DLON/H
  298  301  303  307  309  308  305  297  288  275  264  255  250  247  248  252
  257  262  266  270  272  274  273  271  267  263  258  255  253  249  243  233
  219  203  187  174  165  159  157  157  158  159  158  156  152  149  147  147
  149  154  160  169  179  190  201  213  225  237  248  257  264  270  274  277
  278  278  277  269  267  266  276  305  298                                   
    47.5-180.0 180.0   5.0 450.0                            LAT/LON1/LON2/DLON/H
  325  327  332  340  344  349  349  342  331  314  297  281  270  263  260  260
  263  266  269  272  276  279  282  282  281  278  275  271  266  260  250  237
  221  204  191  181  175  172  171  171  171  170  169  166  163  160  158  157
  159  163  169  177  187  198  210  222  234  246  257  266  275  282  288  295
  300  304  307  302  301  298  308  335  325                                   
    45.0-180.0 180.0   5.0 450.0                            LAT/LON1/LON2/DLON/H
  353  356  362  374  380  390  396  392  381  361  339  317  299  286  278  274
  272  272  274  278  282  288  292  295  295  293  288  282  274  264  250  234
  217  202  192  186  184  184  184  183  182  180  179  176  174  171  170  170
  171  174  180  187  197  209  222  235  246  257  267  276  283  291  299  308
  317  327  334  333  335  332  344  367  353                                   
    42.5-180.0 180.0   5.0 450.0                            LAT/LON1/LON2/DLON/H
  380  383  389  403  413  428  438  438  430  410  386  360  337  318  304  294
  288  285  285  289  295  302  307  310  309  305  297  288  276  262  246  229
  213  201  194  193  194  196  196  194  192  190  188  186  185  184  183  183
  184  186  190  198  208  222  236  249  261  271  279  286  293  299  307  318
  331  345  357  361  367  364  377  397  380                                   
    40.0-180.0 180.0   5.0 450.0                            LAT/LON1/LON2/DLON/H
  406  408  412  425  438  455  468  473  469  452  429  404  379  357  337  322
  310  305  304  309  316  322  326  326  322  314  303  290  276  260  243  227
  213  205  202  203  207  209  208  206  203  201  200  199  198  198  197  196
  196  196  199  205  217  232  248  263  275  284  291  297  303  309  317  329
  344  361  377  385  393  391  405  422  406                                   
    37.5-180.0 180.0   5.0 450.0                            LAT/LON1/LON2/DLON/H
  431  432  434  442  457  473  487  494  494  482  463  441  419  396  375  355
  340  333  333  338  344  349  349  344  334  322  308  293  278  264  250  237
  226  220  219  222  225  226  224  221  218  216  215  215  214  212  210  208
  205  202  203  208  220  237  255  272  285  294  302  308  314  320  329  342
  359  379  397  407  417  417  430  445  431                                   
    35.0-180.0 180.0   5.0 450.0                            LAT/LON1/LON2/DLON/H
  462  461  462  464  477  489  499  507  509  501  488  472  454  434  413  392
  376  367  367  373  378  378  372  360  346  330  315  302  291  281  271  262
  254  249  248  249  249  247  244  240  237  236  235  233  230  226  221  216
  210  204  202  206  217  235  255  274  289  300  308  316  324  333  345  360
  379  401  421  431  443  444  455  470  462                                   
    32.5-180.0 180.0   5.0 450.0                            LAT/LON1/LON2/DLON/H
  505  504  503  500  509  515  520  524  525  519  510  498  485  469  449  429
  412  404  404  409  410  405  392  376  358  343  331  322  317  312  308  302
  296  290  286  281  276  271  265  261  259  258  256  252  246  238  230  221
  212  203  198  200  211  229  251  271  287  300  310  321  332  345  360  378
  401  425  445  455  471  475  483  499  505                                   
    30.0-180.0 180.0   5.0 450.0                            LAT/LON1/LON2/DLON/H
  562  561  562  558  563  565  562  559  556  547  538  528  517  503  485  465
  448  439  438  440  437  425  408  390  374  363  357  355  356  357  356  352
  345  337  326  315  303  293  286  282  281  279  276  269  259  247  235  223
  212  202  195  195  204  221  242  263  281  296  309  323  339  356  374  396
  422  448  468  477  499  507  515  533  562                                   
    27.5-180.0 180.0   5.0 450.0                            LAT/LON1/LON2/DLON/H
  633  630  635  637  639  638  630  620  610  596  582  569  556  540  520  499
  481  470  466  462  453  438  419  404  395  392  393  398  404  409  410  405
  395  380  362  342  324  310  302  299  298  297  291  281  268  253  238  225
  212  202  194  192  199  214  234  256  275  292  309  327  348  369  391  416
  444  471  490  499  525  539  550  573  633                                   
    25.0-180.0 180.0   5.0 450.0                            LAT/LON1/LON2/DLON/H
  710  698  710  725  726  726  717  704  688  668  647  627  607  585  560  535
  512  496  485  475  461  443  427  419  420  426  435  445  453  458  457  448
  430  407  380  354  331  316  309  308  308  306  298  286  270  254  238  225
  213  203  195  191  196  208  227  249  270  290  312  335  360  385  411  437
  467  495  513  523  552  570  589  620  710                                   
    22.5-180.0 180.0   5.0 450.0                            LAT/LON1/LON2/DLON/H
  775  753  776  806  810  815  811  800  782  758  731  701  672  640  607  574
  544  519  500  481  462  445  435  437  448  463  477  487  493  493  484  466
  439  408  375  345  323  311  307  309  309  305  296  282  266  249  234  222
  212  203  196  191  193  204  222  243  266  290  316  344  373  401  429  457
  488  518  537  550  580  600  630  671  775                                   
    20.0-180.0 180.0   5.0 450.0                            LAT/LON1/LON2/DLON/H
  809  786  820  864  874  888  894  890  877  854  823  786  746  704  660  617
  578  543  513  486  463  447  445  456  476  496  510  515  511  498  478  449
  415  379  346  319  302  296  297  300  300  294  282  268  253  239  226  216
  209  202  196  191  191  200  217  239  264  291  321  352  384  414  444  473
  506  536  558  575  605  625  664  715  809                                   
    17.5-180.0 180.0   5.0 450.0                            LAT/LON1/LON2/DLON/H
  806  794  838  889  906  929  947  955  952  937  908  868  821  770  717  665
  615  571  530  495  469  456  459  478  502  520  525  516  496  469  436  400
  363  328  300  282  274  276  281  284  281  272  259  247  235  223  213  207
  202  198  193  188  187  195  212  235  263  293  326  360  393  425  455  486
  519  550  575  597  625  644  687  742  806                                   
    15.0-180.0 180.0   5.0 450.0                            LAT/LON1/LON2/DLON/H
  777  783  833  883  904  935  962  982  992  989  968  932  884  829  770  712
  655  602  553  512  483  472  479  499  519  526  514  486  448  407  367  330
  296  269  251  244  247  256  264  265  258  245  232  221  213  205  198  193
  191  189  184  180  179  187  205  231  261  295  331  367  402  434  464  496
  529  559  587  613  640  656  698  751  777                                   
    12.5-180.0 180.0   5.0 450.0                            LAT/LON1/LON2/DLON/H
  743  761  809  852  872  908  940  968  989  999  992  966  924  871  813  752
  693  635  582  538  508  496  503  516  522  509  474  426  374  327  289  258
  235  219  213  218  230  244  252  249  236  219  205  196  191  186  181  177
  175  173  170  166  166  176  196  225  259  295  333  371  407  440  471  502
  535  565  595  623  648  663  700  745  743                                   
    10.0-180.0 180.0   5.0 450.0                            LAT/LON1/LON2/DLON/H
  715  736  775  804  822  857  888  919  947  968  974  962  932  888  837  781
  724  667  614  569  539  525  524  521  504  466  409  346  290  248  222  205
  194  190  195  210  230  247  253  243  223  201  185  177  174  170  166  161
  158  156  152  148  150  163  186  218  253  291  330  370  408  443  475  506
  538  568  599  629  654  668  699  736  715                                   
     7.5-180.0 180.0   5.0 450.0                            LAT/LON1/LON2/DLON/H
  699  716  742  756  769  797  821  846  874  901  918  921  906  876  836  791
  741  690  641  599  569  549  532  506  463  401  330  264  216  191  182  180
