data/edconvlstm_nd/pred2300.15i
     1.0            IONOSPHERE MAPS     GNSS                IONEX VERSION / TYPE
pyspatialgeodesy        IME             05-JAN-18 20:20     PGM / RUN BY / DATE 
Map Name                                                    COMMENT             
Predicted global ionosphere maps (GIM).                     DESCRIPTION         
  2015     8    18     0     0     0                        EPOCH OF FIRST MAP  
  2015     8    19     0     0     0                        EPOCH OF LAST MAP   
  7200                                                      INTERVAL            
    13                                                      # OF MAPS IN FILE   
  NONE                                                      MAPPING FUNCTION    
10.0                                                        ELEVATION CUTOFF    
One-way carrier phase leveled to code                       OBSERVABLES USED    
  6371.0                                                    BASE RADIUS         
 2                                                          MAP DIMENSION       
   450.0 450.0   0.0                                        HGT1 / HGT2 / DHGT  
    87.5 -87.5  -2.5                                        LAT1 / LAT2 / DLAT  
  -180.0 180.0   5.0                                        LON1 / LON2 / DLON  
    -1                                                      EXPONENT            
                                                            END OF HEADER       
[from data line 4719]
    12                                                      START OF TEC MAP    
  2015     8    18    22     0     0                        EPOCH OF CURRENT MAP
    87.5-180.0 180.0   5.0 450.0                            LAT/LON1/LON2/DLON/H
  115  105   91   96   99   96   95   93   93   95   94   95   96   97   97   98
   98   98   98   97   97   97   96   95   94   93   92   91   90   89   88   87
   86   86   85   84   83   83   82   82   82   81   81   81   81   81   82   82
   82   82   82   82   83   83   83   83   83   83   84   84   84   84   85   84
   85   85   83   83   94   93  110  116  115                                   
    85.0-180.0 180.0   5.0 450.0                            LAT/LON1/LON2/DLON/H
  116  110  113  100   98  102  102  104  104  106  106  107  108  109  110  110
  111  111  111  110  110  109  108  107  105  104  103  101  100   98   97   95
   94   93   92   90   89   89   88   88   87   87   87   87   87   88   88   89
   89   89   90   90   91   91   91   92   92   92   92   93   93   93   94   94
   95   95   92   90   95   96  100   99  116                                   
    82.5-180.0 180.0   5.0 450.0                            LAT/LON1/LON2/DLON/H
   96   96   97   91   93   96   99   99  100  102  104  106  107  109  110  111
  112  112  112  111  110  109  108  106  104  102  100   98   96   94   92   90
   88   87   85   84   82   81   80   80   80   80   80   80   81   81   82   83
   83   84   84   85   85   85   85   86   86   86   87   87   87   87   88   88
   88   87   86   88   94  104   97   98   96                                   
    80.0-180.0 180.0   5.0 450.0                            LAT/LON1/LON2/DLON/H
   83   85   92   87   88   88   95   99  102  106  109  113  115  118  120  121
  122  122  122  121  119  117  115  112  109  106  103  100   97   95   92   90
   87   85   83   81   79   77   76   75   75   75   75   76   77   78   79   80
   81   81   82   82   82   82   82   82   82   83   83   84   84   85   85   86
   87   87   86   87   87   90   87   95   83                                   
    77.5-180.0 180.0   5.0 450.0                            LAT/LON1/LON2/DLON/H
   90   84   90   86   90   92   98  102  106  111  115  120  124  128  130  132
  133  133  133  131  129  126  122  119  115  111  108  104  101   99   96   93
   91   88   86   83   80   78   76   75   75   75   75   77   78   79   81   82
   83   83   83   82   82   81   81   81   81   81   81   82   83   83   84   85
   85   86   86   87   90   89   89  102   90                                   
    75.0-180.0 180.0   5.0 450.0                            LAT/LON1/LON2/DLON/H
   87   83   84   81   87   91   97  102  109  117  122  128  133  137  140  142
  143  143  141  139  135  132  127  123  118  114  110  107  104  102  100   98
   96   93   91   87   84   81   79   77   76   76   76   78   79   81   82   83
   83   83   83   82   81   79   79   78   78   79   80   81   82   83   85   86
   87   88   89   86   87   84   83   85   87                                   
    72.5-180.0 180.0   5.0 450.0                            LAT/LON1/LON2/DLON/H
   88   81   82   86   86   91   98  103  110  118  124  131  137  141  144  146
  146  145  143  139  135  130  124  119  113  108  104  102  100   98   97   96
   95   92   89   86   81   77   74   71   69   69   70   71   73   75   76   77
   78   77   76   74   72   71   70   70   70   71   72   74   76   78   80   81
   82   83   83   80   79   79   79   88   88                                   
    70.0-180.0 180.0   5.0 450.0                            LAT/LON1/LON2/DLON/H
   88   81   80   82   82   87   93  101  109  119  126  134  139  143  145  146
  146  144  141  137  132  125  119  112  106  101   97   95   94   94   94   94
   94   92   89   85   80   75   70   66   64   63   63   65   67   69   70   71
   70   69   68   66   64   62   61   61   62   64   67   70   73   76   78   80
   81   82   83   81   81   81   83   90   88                                   
    67.5-180.0 180.0   5.0 450.0                            LAT/LON1/LON2/DLON/H
   92   85   84   87   87   91   97  104  113  122  130  137  143  146  148  148
  147  144  141  136  131  123  116  108  101   95   91   89   89   90   91   92
   93   91   88   83   77   71   65   61   58   57   57   59   61   63   64   64
   64   62   60   58   56   55   54   55   57   60   64   68   72   76   79   81
   82   82   82   80   79   81   82   89   92                                   
    65.0-180.0 180.0   5.0 450.0                            LAT/LON1/LON2/DLON/H
   94   89   88   89   88   91   96  103  112  121  129  136  141  144  145  144
  143  140  137  132  126  119  110  102   94   88   84   82   82   84   86   88
   89   88   84   79   73   66   59   54   51   50   50   52   54   55   56   55
   54   52   50   48   46   45   46   48   51   55   60   66   71   75   78   81
   82   83   83   82   82   86   89   96   94                                   
    62.5-180.0 180.0   5.0 450.0                            LAT/LON1/LON2/DLON/H
  100   96   95   95   94   95   99  104  111  120  127  134  139  141  142  141
  140  138  135  131  125  118  109  100   92   85   81   79   79   81   83   84
   85   83   80   74   67   60   54   48   45   44   45   47   48   49   49   48
   46   44   41   39   38   38   39   42   47   52   59   65   70   75   79   81
   82   82   83   82   83   88   92   98  100                                   
    60.0-180.0 180.0   5.0 450.0                            LAT/LON1/LON2/DLON/H
  106  104  103  103   99   98  100  104  110  117  124  130  134  137  137  137
  136  136  134  131  126  118  110  100   92   85   81   79   79   80   82   82
   82   80   76   71   64   57   51   47   44   43   44   45   46   46   45   43
   40   38   35   33   32   33   35   39   44   51   58   65   71   75   79   81
   81   82   82   82   84   92   98  105  106                                   
    57.5-180.0 180.0   5.0 450.0                            LAT/LON1/LON2/DLON/H
  112  112  112  111  106  104  104  106  110  115  121  126  130  131  132  133
  133  133  133  131  126  120  112  103   95   89   85   83   83   83   83   82
   80   78   74   69   63   58   52   49   47   46   47   48   47   46   44   41
   38   35   32   31   30   31   34   39   45   51   59   65   71   76   79   81
   81   81   82   82   85   94  102  108  112                                   
    55.0-180.0 180.0   5.0 450.0                            LAT/LON1/LON2/DLON/H
  118  120  121  120  114  111  109  109  111  114  118  122  125  127  128  129
  130  131  131  130  126  121  114  106  100   95   92   90   90   88   87   84
   81   78   74   70   66   61   58   55   54   54   54   54   52   50   47   43
   39   36   34   32   32   33   36   41   47   53   60   67   72   76   79   80
   80   80   81   81   84   95  104  111  118                                   
    52.5-180.0 180.0   5.0 450.0                            LAT/LON1/LON2/DLON/H
  121  125  127  127  122  118  116  114  113  115  117  119  121  123  124  124
  125  126  127  126  124  119  114  108  103  100   99   98   97   95   91   87
   83   79   76   74   71   68   66   64   64   64   63   62   60   56   52   48
   44   41   38   37   36   37   40   44   50   57   63   69   74   77   79   80
   80   80   81   81   85   94  104  111  121                                   
    50.0-180.0 180.0   5.0 450.0                            LAT/LON1/LON2/DLON/H
  123  127  131  132  129  126  124  121  119  118  118  119  120  120  121  121
  121  122  122  121  119  116  112  108  106  104  105  105  104  101   97   92
   87   83   81   80   79   78   76   75   75   75   74   72   69   64   59   55
   52   49   46   44   43   43   46   50   56   62   68   73   77   79   81   82
   82   82   83   83   86   94  102  110  123                                   
    47.5-180.0 180.0   5.0 450.0                            LAT/LON1/LON2/DLON/H
  123  127  131  135  135  134  133  130  127  125  123  122  121  120  119  118
  117  116  116  115  114  112  109  108  107  107  109  110  110  107  102   96
   92   89   88   88   88   88   87   86   85   85   84   81   77   73   68   64
   61   58   55   53   51   50   52   56   62   69   75   79   82   84   85   86
   86   87   88   87   89   96  101  108  123                                   
    45.0-180.0 180.0   5.0 450.0                            LAT/LON1/LON2/DLON/H
  121  124  129  135  138  140  141  140  137  135  131  128  126  123  120  118
  115  113  111  110  110  109  108  108  108  110  112  113  113  111  106  101
   97   96   96   97   97   97   95   94   94   93   91   89   85   81   77   74
   71   69   65   62   59   58   59   63   69   76   83   88   90   92   93   94
   94   96   96   95   96   99  103  108  121                                   
    42.5-180.0 180.0   5.0 450.0                            LAT/LON1/LON2/DLON/H
  119  121  125  133  139  144  147  148  147  145  141  137  132  128  124  120
  116  113  111  109  109  110  110  111  111  113  115  116  116  114  110  106
  103  103  104  105  105  104  102  100   99   99   97   95   92   88   85   83
   81   78   74   70   66   64   65   70   76   84   92   97  101  102  104  105
  106  108  108  106  106  107  107  112  119                                   
    40.0-180.0 180.0   5.0 450.0                            LAT/LON1/LON2/DLON/H
  119  120  123  131  139  146  151  155  155  154  150  145  140  134  129  124
  120  116  114  113  114  116  117  117  118  118  119  120  119  117  114  111
  109  110  110  111  110  108  106  104  104  103  103  101   98   95   93   91
   90   86   82   77   72   70   71   75   82   91  100  107  112  114  117  119
  120  122  123  121  119  119  116  120  119                                   
    37.5-180.0 180.0   5.0 450.0                            LAT/LON1/LON2/DLON/H
  123  123  125  132  140  147  154  159  161  161  158  153  147  141  135  131
  127  124  122  122  123  126  127  128  127  127  126  125  123  121  118  116
  115  116  116  116  114  111  109  107  107  108  108  107  105  102  101   99
   96   92   87   81   77   74   75   79   87   96  106  114  121  126  129  132
  134  137  139  137  135  134  130  134  123                                   
    35.0-180.0 180.0   5.0 450.0                            LAT/LON1/LON2/DLON/H
  132  132  133  137  143  149  156  162  166  167  165  160  153  146  141  137
  135  133  132  132  135  138  140  140  139  138  136  133  130  127  124  121
  121  120  120  119  116  113  111  111  112  113  114  113  112  109  107  105
  101   96   90   84   80   78   78   82   89   98  108  119  127  134  140  144
  147  152  154  153  152  151  149  152  132                                   
    32.5-180.0 180.0   5.0 450.0                            LAT/LON1/LON2/DLON/H
  148  147  149  148  152  156  161  166  171  173  171  166  158  151  146  144
  143  142  142  142  145  148  151  152  152  150  147  144  139  134  130  127
  125  124  123  121  118  115  114  115  118  120  121  121  118  115  112  109
  104   98   92   86   82   81   81   83   88   97  107  118  129  139  147  154
  158  164  168  169  168  170  170  175  148                                   
    30.0-180.0 180.0   5.0 450.0                            LAT/LON1/LON2/DLON/H
  169  170  172  167  167  168  171  175  179  181  179  172  164  156  151  150
  149  149  149  149  152  155  159  161  162  162  159  155  149  143  136  132
  129  127  125  122  120  119  119  122  126  129  129  128  124  120  115  110
  104   98   92   87   85   84   83   84   87   93  103  115  127  139  150  159
  166  173  180  182  184  188  192  199  169                                   
    27.5-180.0 180.0   5.0 450.0                            LAT/LON1/LON2/DLON/H
  194  196  200  191  189  187  187  189  192  194  190  183  173  163  158  156
  155  154  152  151  153  156  161  166  170  171  170  166  159  150  142  136
  132  129  126  124  123  123  126  131  135  137  136  133  128  122  116  110
  103   96   91   88   87   87   86   84   85   88   96  108  123  137  151  162
  170  180  189  193  198  205  213  224  194                                   
    25.0-180.0 180.0   5.0 450.0                            LAT/LON1/LON2/DLON/H
  221  224  229  219  216  212  211  211  213  213  208  199  187  175  168  163
  160  157  153  150  150  154  160  167  174  178  179  175  167  156  146  139
  134  131  128  127  128  131  136  140  144  144  142  136  129  122  115  107
  100   94   90   89   89   89   87   85   82   84   90  102  117  133  149  163
  173  186  196  203  210  221  232  246  221                                   
    22.5-180.0 180.0   5.0 450.0                            LAT/LON1/LON2/DLON/H
  246  250  256  247  245  241  239  238  239  239  233  222  207  194  183  175
  168  161  153  149  148  152  160  169  177  183  185  181  172  160  149  141
  136  134  133  134  137  141  147  151  152  150  145  137  128  119  111  104
   97   92   89   89   90   90   88   84   80   80   85   96  111  129  147  163
  176  190  202  212  220  234  248  265  246                                   
    20.0-180.0 180.0   5.0 450.0                            LAT/LON1/LON2/DLON/H
  267  272  280  273  273  271  270  269  270  269  263  251  236  219  206  194
  182  170  159  153  152  156  164  174  182  188  189  183  173  161  151  143
  140  139  140  143  148  154  159  161  160  154  146  136  125  115  107   99
   93   89   87   88   89   90   87   83   78   77   81   92  107  126  146  164
  179  195  209  220  230  245  261  280  267                                   
    17.5-180.0 180.0   5.0 450.0                            LAT/LON1/LON2/DLON/H
  283  289  298  295  299  299  301  301  303  303  297  286  270  253  236  220
  203  187  174  167  166  171  179  186  192  195  192  185  174  162  153  147
  146  147  151  156  163  169  172  171  166  157  146  134  122  111  103   95
   90   86   85   85   87   87   84   80   76   75   79   89  105  124  146  166
  183  202  217  230  239  255  272  293  283                                   
    15.0-180.0 180.0   5.0 450.0                            LAT/LON1/LON2/DLON/H
  295  302  311  312  320  324  329  332  336  337  333  323  308  291  273  254
  234  215  201  194  195  200  205  209  209  205  197  186  174  164  157  154
  155  159  164  172  179  184  184  179  170  158  146  133  121  109  100   93
   87   83   82   82   82   82   79   76   73   73   77   88  104  124  147  169
  188  209  226  240  249  266  282  304  295                                   
    12.5-180.0 180.0   5.0 450.0                            LAT/LON1/LON2/DLON/H
  305  312  322  325  337  345  353  359  365  369  367  360  347  331  313  293
  271  252  239  234  236  240  242  240  232  220  205  191  178  169  165  164
  167  172  180  188  194  197  194  185  173  159  146  134  121  109   99   91
   85   81   78   77   76   75   72   70   68   69   75   86  103  124  148  172
  193  216  236  250  260  277  293  314  305                                   
    10.0-180.0 180.0   5.0 450.0                            LAT/LON1/LON2/DLON/H
  315  323  334  338  352  363  374  381  389  395  396  392  383  370  353  334
  313  295  284  281  284  287  285  275  259  238  217  199  186  179  176  178
  181  186  193  200  205  205  198  187  173  160  148  136  123  111  100   90
   83   77   74   71   69   67   65   63   62   65   71   83  100  123  149  175
  197  223  244  260  271  288  305  324  315                                   
     7.5-180.0 180.0   5.0 450.0                            LAT/LON1/LON2/DLON/H
  328  338  349  354  368  380  391  399  408  416  420  419  413  403  389  372
  353  338  330  329  333  334  327  310  285  258  232  212  199  193  192  192
