data/edconvlstm_nd/pred0980.15i
     1.0            IONOSPHERE MAPS     GNSS                IONEX VERSION / TYPE
pyspatialgeodesy        IME             05-JAN-18 20:20     PGM / RUN BY / DATE 
Map Name                                                    COMMENT             
Predicted global ionosphere maps (GIM).                     DESCRIPTION         
  2015     4     8     0     0     0                        EPOCH OF FIRST MAP  
  2015     4     9     0     0     0                        EPOCH OF LAST MAP   
  7200                                                      INTERVAL            
    13                                                      # OF MAPS IN FILE   
  NONE                                                      MAPPING FUNCTION    
10.0                                                        ELEVATION CUTOFF    
One-way carrier phase leveled to code                       OBSERVABLES USED    
  6371.0                                                    BASE RADIUS         
 2                                                          MAP DIMENSION       
   450.0 450.0   0.0                                        HGT1 / HGT2 / DHGT  
    87.5 -87.5  -2.5                                        LAT1 / LAT2 / DLAT  
  -180.0 180.0   5.0                                        LON1 / LON2 / DLON  
    -1                                                      EXPONENT            
                                                            END OF HEADER       
[from data line 3003]
     8                                                      START OF TEC MAP    
  2015     4     8    14     0     0                        EPOCH OF CURRENT MAP
    87.5-180.0 180.0   5.0 450.0                            LAT/LON1/LON2/DLON/H
  186  181  175  183  188  191  192  195  198  202  204  207  209  212  214  215
  217  218  219  220  220  220  220  220  219  219  218  217  216  215  213  212
  211  209  207  206  204  202  200  199  197  195  194  193  191  190  189  188
  187  186  185  184  183  182  181  180  179  178  177  176  175  174  174  173
  172  173  171  171  177  179  182  188  186                                   
    85.0-180.0 180.0   5.0 450.0                            LAT/LON1/LON2/DLON/H
  163  169  178  178  180  187  191  196  199  203  206  210  212  215  217  219
  220  221  222  222  222  223  222  222  222  221  220  220  219  217  216  214
  213  211  208  206  204  202  199  197  195  193  192  190  189  188  187  186
  185  184  183  182  181  180  180  178  177  176  175  174  173  171  170  169
  170  170  167  167  168  167  171  179  163                                   
    82.5-180.0 180.0   5.0 450.0                            LAT/LON1/LON2/DLON/H
  131  149  154  157  161  171  177  184  189  195  199  204  208  211  214  216
  217  218  218  219  219  219  218  218  218  218  217  217  216  216  214  213
  211  208  206  203  199  196  193  189  186  184  182  180  178  177  176  175
  174  174  173  172  171  170  169  168  166  164  162  160  157  155  153  151
  149  147  144  146  145  154  154  146  131                                   
    80.0-180.0 180.0   5.0 450.0                            LAT/LON1/LON2/DLON/H
  116  130  138  144  148  157  166  175  183  190  196  203  207  211  214  216
  218  218  218  217  217  216  215  215  215  215  215  216  216  216  216  215
  214  211  209  205  202  198  194  190  187  184  182  181  180  179  179  179
  180  180  180  179  179  178  177  175  172  170  166  163  159  155  151  148
  144  141  136  136  132  132  135  128  116                                   
    77.5-180.0 180.0   5.0 450.0                            LAT/LON1/LON2/DLON/H
  109  117  124  129  135  144  153  163  172  181  188  195  200  205  208  210
  211  211  211  210  209  208  207  207  207  209  211  213  215  217  219  220
  220  219  217  214  210  206  202  198  195  192  191  190  189  190  191  192
  193  194  194  195  194  193  192  189  186  182  178  173  167  161  155  150
  143  138  131  129  126  122  122  121  109                                   
    75.0-180.0 180.0   5.0 450.0                            LAT/LON1/LON2/DLON/H
  100  107  110  116  121  131  140  150  160  170  177  185  191  196  199  201
  202  202  202  201  200  199  199  199  201  204  208  212  217  221  225  228
  230  230  229  226  223  219  215  211  208  206  205  205  206  207  209  211
  213  214  215  215  214  213  210  207  203  199  193  187  180  173  165  158
  150  143  135  128  123  117  116  108  100                                   
    72.5-180.0 180.0   5.0 450.0                            LAT/LON1/LON2/DLON/H
   93   97   98  103  107  117  126  136  146  155  163  171  177  182  186  189
  191  191  191  191  190  190  191  193  196  200  205  212  218  225  231  235
  239  240  240  238  235  231  227  224  221  220  220  221  222  225  227  229
  230  231  231  230  228  226  222  218  213  208  201  194  187  179  171  164
  155  146  138  129  122  115  113  108   93                                   
    70.0-180.0 180.0   5.0 450.0                            LAT/LON1/LON2/DLON/H
   89   91   89   93   95  103  111  120  130  139  147  156  162  168  173  177
  179  181  182  183  184  185  187  190  194  200  207  214  222  230  237  243
  247  250  250  248  245  241  237  234  233  232  233  235  238  240  242  243
  243  242  240  238  234  229  224  218  212  205  199  192  185  178  171  164
  156  148  140  131  123  114  113  108   89                                   
    67.5-180.0 180.0   5.0 450.0                            LAT/LON1/LON2/DLON/H
   85   86   83   86   88   94  101  109  118  127  135  144  151  158  165  170
  174  178  181  183  186  189  192  196  200  206  213  221  229  237  245  251
  256  258  258  256  253  249  246  244  243  244  246  248  251  253  254  254
  252  248  243  237  230  223  216  208  201  195  189  183  177  172  166  161
  154  148  141  132  123  115  112  107   85                                   
    65.0-180.0 180.0   5.0 450.0                            LAT/LON1/LON2/DLON/H
   79   80   75   78   78   83   89   95  104  112  121  130  139  147  155  163
  169  175  179  183  187  192  196  201  206  212  219  226  234  242  249  256
  260  263  262  260  257  253  250  249  249  251  254  257  259  260  259  256
  251  244  235  226  216  207  197  189  182  176  170  166  161  157  153  149
  145  140  134  127  120  113  110  105   79                                   
    62.5-180.0 180.0   5.0 450.0                            LAT/LON1/LON2/DLON/H
   74   73   68   70   70   74   78   84   91  100  109  119  129  139  149  158
  167  174  180  185  190  196  201  206  212  218  224  231  238  245  252  259
  263  265  264  262  259  255  253  252  254  256  260  263  264  263  260  254
  245  235  223  211  199  188  178  170  163  158  153  150  146  143  140  137
  133  129  125  119  114  108  105  100   74                                   
    60.0-180.0 180.0   5.0 450.0                            LAT/LON1/LON2/DLON/H
   71   69   63   65   64   67   70   74   81   88   97  108  120  132  143  154
  164  172  179  185  191  197  203  210  216  221  227  234  240  248  255  261
  266  267  267  265  261  258  257  257  259  262  266  268  269  266  260  251
  239  227  213  200  187  175  166  158  152  147  144  141  138  135  132  128
  124  121  117  112  108  103  100   95   71                                   
    57.5-180.0 180.0   5.0 450.0                            LAT/LON1/LON2/DLON/H
   74   69   64   64   62   64   66   69   74   81   90  101  113  126  139  151
  162  170  178  184  190  197  204  211  218  225  231  237  245  252  260  266
  271  273  273  271  269  266  265  266  268  272  275  277  275  271  263  252
  239  225  211  197  185  174  165  158  152  149  146  144  141  138  133  128
  123  118  114  109  106  102   98   94   74                                   
    55.0-180.0 180.0   5.0 450.0                            LAT/LON1/LON2/DLON/H
   84   78   73   70   67   68   69   70   73   79   87   98  110  124  137  149
  160  169  176  182  189  196  204  213  221  229  236  244  251  260  268  275
  281  283  284  282  280  279  278  279  282  285  287  288  286  280  271  259
  246  233  219  207  195  185  176  170  165  162  160  158  155  151  145  138
  130  124  118  114  111  107  103   98   84                                   
    52.5-180.0 180.0   5.0 450.0                            LAT/LON1/LON2/DLON/H
  103   95   90   85   80   80   79   78   80   84   91  101  112  125  138  150
  160  169  176  182  188  196  206  216  227  236  245  253  262  271  280  288
  293  297  298  298  296  295  295  296  298  300  302  302  299  292  283  272
  260  248  236  225  214  205  196  190  185  182  181  179  177  172  165  156
  146  138  130  126  124  119  116  110  103                                   
    50.0-180.0 180.0   5.0 450.0                            LAT/LON1/LON2/DLON/H
  128  120  114  107  100   99   96   93   93   96  101  110  120  130  142  153
  163  172  179  185  192  201  212  224  237  248  258  268  277  286  294  302
  308  311  313  315  315  315  315  315  316  317  318  317  313  307  299  290
  279  269  259  248  237  227  218  210  205  202  200  199  197  193  186  177
  166  156  148  143  141  138  136  128  128                                   
    47.5-180.0 180.0   5.0 450.0                            LAT/LON1/LON2/DLON/H
  153  148  140  132  125  121  117  112  111  113  118  125  132  141  150  160
  170  179  186  193  201  210  223  237  251  264  275  284  293  301  309  316
  321  325  328  331  333  334  334  333  332  332  331  330  327  322  315  307
  298  289  279  268  256  244  233  223  216  212  210  210  209  207  202  194
  183  174  165  161  160  158  157  149  153                                   
    45.0-180.0 180.0   5.0 450.0                            LAT/LON1/LON2/DLON/H
  172  172  162  156  149  144  138  133  132  134  138  143  149  155  162  170
  180  189  198  206  214  225  238  254  269  283  293  302  309  316  322  328
  332  337  342  347  352  353  353  350  346  344  342  340  338  334  328  321
  314  305  294  281  266  251  236  223  214  208  206  206  207  207  205  201
  193  186  178  173  173  174  174  166  172                                   
    42.5-180.0 180.0   5.0 450.0                            LAT/LON1/LON2/DLON/H
  180  185  176  173  168  161  156  151  150  153  158  164  168  171  176  183
  193  204  214  223  232  243  257  273  288  301  311  318  323  328  333  338
  343  349  357  365  372  374  372  367  361  356  352  350  347  343  338  332
  324  314  301  285  267  247  229  213  201  193  190  190  192  195  197  197
  193  188  182  178  179  181  182  173  180                                   
    40.0-180.0 180.0   5.0 450.0                            LAT/LON1/LON2/DLON/H
  175  185  179  178  176  169  165  162  163  168  175  182  186  188  192  199
  209  220  232  241  251  262  276  292  306  318  326  330  334  338  343  349
  356  365  376  388  398  401  398  390  380  372  366  362  358  354  348  341
  331  319  304  285  263  241  221  202  188  179  174  174  176  180  185  187
  186  185  179  175  176  178  179  169  175                                   
    37.5-180.0 180.0   5.0 450.0                            LAT/LON1/LON2/DLON/H
  161  175  171  171  173  167  165  164  168  176  185  195  200  204  207  214
  225  238  250  260  270  281  294  308  321  331  337  341  344  350  357  365
  376  390  407  423  436  440  435  424  411  399  390  383  377  370  362  353
  342  328  310  290  267  244  223  204  189  179  173  170  171  175  179  183
  183  182  177  171  169  170  169  156  161                                   
    35.0-180.0 180.0   5.0 450.0                            LAT/LON1/LON2/DLON/H
  145  160  158  158  161  156  157  157  164  174  188  200  210  215  221  229
  241  254  267  278  287  297  309  321  332  341  346  351  357  366  378  392
  409  430  452  473  488  493  487  473  456  440  428  417  407  396  386  374
  361  346  329  308  287  266  246  229  215  204  196  191  189  188  190  191
  190  188  180  171  166  162  158  143  145                                   
    32.5-180.0 180.0   5.0 450.0                            LAT/LON1/LON2/DLON/H
  134  147  146  145  148  143  146  146  153  166  182  199  212  222  231  241
  254  269  282  293  303  312  322  333  342  350  356  364  375  390  410  432
  457  484  513  539  556  561  554  537  517  497  480  465  450  435  422  408
  395  381  365  347  330  313  298  284  271  259  249  241  234  228  223  220
  214  209  197  184  173  162  153  135  134                                   
    30.0-180.0 180.0   5.0 450.0                            LAT/LON1/LON2/DLON/H
  133  142  139  137  137  133  135  135  141  153  171  191  209  224  237  250
  265  280  295  307  316  325  334  344  353  361  370  383  401  425  454  485
  518  553  586  615  634  639  630  611  588  565  544  524  504  486  470  456
  443  431  419  407  397  387  378  368  358  346  334  322  308  294  282  270
  257  246  230  212  195  176  160  139  133                                   
    27.5-180.0 180.0   5.0 450.0                            LAT/LON1/LON2/DLON/H
  144  148  140  136  134  129  130  127  130  140  157  178  200  220  237  254
  271  288  304  318  329  339  348  357  367  377  390  409  436  470  508  548
  589  628  664  693  710  713  703  683  659  635  611  588  565  543  526  512
  501  493  486  481  479  478  477  472  464  453  439  423  404  382  360  338
  318  300  278  256  233  205  182  156  144                                   
    25.0-180.0 180.0   5.0 450.0                            LAT/LON1/LON2/DLON/H
  168  166  149  144  138  133  131  124  123  129  143  165  189  212  234  254
  273  293  312  328  342  354  364  375  385  399  417  444  479  522  569  615
  659  699  734  759  772  772  761  741  719  696  673  649  625  602  583  570
  562  556  553  553  557  563  567  567  562  553  540  524  503  476  446  416
  388  365  338  312  282  248  217  187  168                                   
    22.5-180.0 180.0   5.0 450.0                            LAT/LON1/LON2/DLON/H
  198  192  168  158  150  143  138  128  122  124  133  152  177  203  227  250
  273  295  318  338  356  371  383  395  409  426  450  484  527  576  627  675
  718  754  783  801  808  804  793  777  760  742  723  701  678  657  639  626
  617  611  607  607  610  614  618  619  617  612  605  594  576  551  521  487
  456  430  400  371  335  296  261  228  198                                   
    20.0-180.0 180.0   5.0 450.0                            LAT/LON1/LON2/DLON/H
  229  220  191  178  165  157  150  137  126  123  128  143  166  193  220  245
  271  296  323  348  370  388  404  419  436  457  487  526  572  624  674  719
  756  784  803  812  813  807  798  788  778  768  756  740  722  703  686  672
  660  649  638  630  624  621  619  616  614  614  613  611  602  585  562  532
  504  480  451  421  381  338  303  271  229                                   
    17.5-180.0 180.0   5.0 450.0                            LAT/LON1/LON2/DLON/H
  252  241  211  196  180  171  163  148  135  128  128  140  160  185  212  240
  268  297  328  357  384  407  426  444  465  490  523  564  611  659  704  740
  767  784  793  795  791  785  781  778  777  776  772  763  750  735  719  703
  685  665  642  620  601  585  573  565  561  563  569  576  578  572  560  540
  518  501  477  448  410  365  335  304  252                                   
    15.0-180.0 180.0   5.0 450.0                            LAT/LON1/LON2/DLON/H
  264  250  221  206  189  180  173  158  145  136  133  141  157  181  207  236
  266  298  332  366  397  423  446  468  493  522  556  596  638  679  713  739
  754  761  762  758  754  751  751  756  762  768  770  768  760  749  733  714
  689  658  621  584  550  521  499  485  479  481  491  504  515  520  519  510
  497  488  472  447  414  370  345  316  264                                   
    12.5-180.0 180.0   5.0 450.0                            LAT/LON1/LON2/DLON/H
  263  246  219  207  191  182  176  164  153  144  141  146  159  180  206  235
  266  301  337  373  407  437  463  489  518  549  583  618  652  683  707  723
  729  728  724  718  715  717  722  732  742  751  757  758  753  744  729  707
  675  634  585  534  488  450  421  403  395  397  407  422  438  450  456  454
  449  447  437  418  392  353  334  306  263                                   
    10.0-180.0 180.0   5.0 450.0                            LAT/LON1/LON2/DLON/H
  252  231  206  197  185  176  173  164  157  151  148  153  165  184  209  238
  270  306  343  379  414  446  476  507  539  572  603  632  658  679  695  704
  705  701  694  690  690  696  705  716  727  735  740  741  738  730  714  689
  653  605  548  490  437  395  365  345  336  335  344  357  373  385  393  393
  391  392  386  371  354  322  306  277  252                                   
     7.5-180.0 180.0   5.0 450.0                            LAT/LON1/LON2/DLON/H
  234  211  188  182  173  164  163  159  156  154  154  160  172  191  217  246
  279  314  350  385  420  453  486  520  555  587  616  639  658  674  685  691
