data/edconvlstm_nd/pred3040.15i
     1.0            IONOSPHERE MAPS     GNSS                IONEX VERSION / TYPE
pyspatialgeodesy        IME             05-JAN-18 20:20     PGM / RUN BY / DATE 
Map Name                                                    COMMENT             
Predicted global ionosphere maps (GIM).                     DESCRIPTION         
  2015    10    31     0     0     0                        EPOCH OF FIRST MAP  
  2015    11     1     0     0     0                        EPOCH OF LAST MAP   
  7200                                                      INTERVAL            
    13                                                      # OF MAPS IN FILE   
  NONE                                                      MAPPING FUNCTION    
10.0                                                        ELEVATION CUTOFF    
One-way carrier phase leveled to code                       OBSERVABLES USED    
  6371.0                                                    BASE RADIUS         
 2                                                          MAP DIMENSION       
   450.0 450.0   0.0                                        HGT1 / HGT2 / DHGT  
    87.5 -87.5  -2.5                                        LAT1 / LAT2 / DLAT  
  -180.0 180.0   5.0                                        LON1 / LON2 / DLON  
    -1                                                      EXPONENT            
                                                            END OF HEADER       
[from data line 1716]
     5                                                      START OF TEC MAP    
  2015    10    31     8     0     0                        EPOCH OF CURRENT MAP
    87.5-180.0 180.0   5.0 450.0                            LAT/LON1/LON2/DLON/H
   56   59   53   56   56   56   55   52   53   55   56   57   57   58   59   59
   60   60   60   60   60   60   60   60   60   60   59   59   59   59   59   59
   59   59   58   58   58   58   57   57   57   57   56   57   57   57   57   57
   57   57   57   57   56   56   56   55   55   54   53   52   52   51   50   50
   50   50   48   48   51   55   67   73   56                                   
    85.0-180.0 180.0   5.0 450.0                            LAT/LON1/LON2/DLON/H
   42   57   55   54   55   58   58   58   59   61   61   62   63   63   64   64
   64   65   65   65   65   65   65   65   65   65   66   66   66   66   66   66
   66   66   66   65   65   65   65   65   65   65   65   65   65   66   66   66
   67   67   67   67   67   66   66   65   64   63   62   61   60   59   57   57
   57   57   52   52   52   56   63   64   42                                   
    82.5-180.0 180.0   5.0 450.0                            LAT/LON1/LON2/DLON/H
   38   44   50   47   46   47   48   48   50   51   52   54   54   55   55   56
   56   56   56   56   56   56   56   57   57   57   58   59   59   60   61   61
   62   62   63   63   63   63   64   64   65   66   67   68   69   71   72   73
   75   76   76   77   77   76   75   74   73   71   69   67   64   61   59   57
   55   54   49   48   52   50   46   49   38                                   
    80.0-180.0 180.0   5.0 450.0                            LAT/LON1/LON2/DLON/H
   40   38   43   40   41   41   42   42   44   46   46   48   49   50   50   50
   50   50   50   50   50   50   50   50   50   51   52   53   55   56   58   59
   60   61   62   62   63   64   64   66   67   69   72   75   78   81   84   87
   90   92   94   95   96   95   94   93   90   87   84   80   76   72   68   64
   61   56   53   49   52   50   49   51   40                                   
    77.5-180.0 180.0   5.0 450.0                            LAT/LON1/LON2/DLON/H
   48   41   41   38   37   39   40   40   42   44   44   46   47   48   49   50
   50   50   49   49   48   48   47   47   48   48   50   51   53   55   57   59
   61   62   63   64   65   66   67   69   71   75   79   84   90   95  101  107
  112  116  120  123  124  124  123  121  118  114  110  104   99   93   87   81
   75   68   62   59   56   46   45   50   48                                   
    75.0-180.0 180.0   5.0 450.0                            LAT/LON1/LON2/DLON/H
   46   43   38   37   36   39   40   39   41   43   43   46   47   48   49   50
   50   50   49   49   48   47   46   46   46   47   48   50   52   54   57   59
   61   62   63   64   65   66   68   71   75   80   87   95  103  112  120  129
  136  142  148  151  153  154  153  150  146  141  135  129  122  114  107  100
   92   84   77   68   63   52   50   48   46                                   
    72.5-180.0 180.0   5.0 450.0                            LAT/LON1/LON2/DLON/H
   49   43   38   37   35   39   40   40   42   43   44   46   47   49   51   52
   52   52   52   51   50   49   48   47   46   47   48   50   52   55   58   60
   62   64   65   66   67   68   71   76   82   90   99  110  121  133  144  154
  164  171  177  181  183  184  182  178  173  167  159  152  143  135  126  118
  109  100   93   82   74   60   56   56   49                                   
    70.0-180.0 180.0   5.0 450.0                            LAT/LON1/LON2/DLON/H
   53   42   39   38   36   38   39   39   41   42   43   45   47   49   51   53
   54   55   55   54   53   52   50   49   48   48   49   50   52   55   57   60
   62   63   64   66   67   70   74   81   89  100  112  126  140  153  166  177
  187  195  201  204  205  204  201  196  189  182  173  164  155  146  137  129
  119  110  102   90   80   67   65   65   53                                   
    67.5-180.0 180.0   5.0 450.0                            LAT/LON1/LON2/DLON/H
   49   40   37   37   35   37   38   39   40   41   42   45   46   49   51   53
   55   57   57   57   56   55   53   52   50   49   49   50   51   52   54   56
   58   60   62   64   67   71   76   84   95  108  123  139  154  169  182  193
  202  208  213  215  214  211  206  200  192  183  174  164  155  146  137  129
  120  110  104   91   81   68   65   66   49                                   
    65.0-180.0 180.0   5.0 450.0                            LAT/LON1/LON2/DLON/H
   47   38   36   36   34   37   38   39   40   41   42   45   47   49   52   54
   57   58   59   60   59   58   57   55   53   52   51   50   50   50   52   54
   56   59   62   65   70   75   83   94  107  122  139  156  173  187  199  209
  216  220  222  222  219  215  208  199  190  180  171  161  152  143  134  126
  117  108  101   89   81   68   65   68   47                                   
    62.5-180.0 180.0   5.0 450.0                            LAT/LON1/LON2/DLON/H
   45   36   34   34   33   36   37   38   39   41   42   44   46   48   51   54
   56   58   59   59   59   59   58   56   55   53   50   48   47   47   48   50
   53   58   63   68   75   83   93  106  121  138  156  174  190  203  213  220
  225  227  227  224  220  213  205  195  185  174  165  155  146  137  128  120
  110  100   94   82   76   63   62   66   45                                   
    60.0-180.0 180.0   5.0 450.0                            LAT/LON1/LON2/DLON/H
   45   36   33   33   31   33   35   36   37   39   40   42   44   46   49   51
   53   54   55   55   56   56   55   55   53   51   48   45   43   41   42   45
   50   57   65   73   82   92  104  119  135  153  172  189  204  216  223  228
  230  231  229  225  220  212  203  192  181  171  161  152  143  134  124  114
  103   92   86   76   70   58   57   62   45                                   
    57.5-180.0 180.0   5.0 450.0                            LAT/LON1/LON2/DLON/H
   50   39   35   34   32   34   35   35   36   38   39   41   43   45   47   48
   49   50   50   50   51   52   52   53   52   50   46   42   39   38   39   43
   50   60   71   82   93  105  119  134  151  169  188  204  218  228  234  237
  238  237  235  231  225  218  208  197  186  176  167  159  150  140  129  117
  104   92   84   74   70   58   57   62   50                                   
    55.0-180.0 180.0   5.0 450.0                            LAT/LON1/LON2/DLON/H
   61   49   44   40   36   37   37   37   37   38   39   41   42   44   45   46
   47   47   46   46   47   48   50   51   51   49   46   41   37   36   37   43
   53   66   80   94  107  120  134  149  166  184  201  217  229  238  243  245
  246  246  245  242  237  229  220  209  199  189  181  173  165  155  143  129
  113   99   90   80   76   65   64   68   61                                   
    52.5-180.0 180.0   5.0 450.0                            LAT/LON1/LON2/DLON/H
   79   66   59   53   47   47   45   43   42   42   42   43   44   45   47   47
   47   46   45   45   46   48   50   52   53   51   48   43   38   37   39   47
   59   75   92  108  123  136  150  164  180  196  213  227  239  247  252  255
  257  258  258  256  252  245  236  226  215  206  199  192  185  175  162  147
  130  113  102   92   89   79   78   80   79                                   
    50.0-180.0 180.0   5.0 450.0                            LAT/LON1/LON2/DLON/H
   99   88   80   73   66   64   60   55   52   49   48   48   49   50   51   51
   50   49   48   48   49   52   55   57   58   57   53   47   42   41   44   53
   68   86  105  123  138  151  164  177  192  208  223  236  247  255  261  265
  268  271  272  272  268  262  252  242  232  223  216  210  203  194  182  166
  148  131  118  107  105   96   97   97   99                                   
    47.5-180.0 180.0   5.0 450.0                            LAT/LON1/LON2/DLON/H
  118  110  104   98   89   86   81   73   67   62   58   57   57   58   59   59
   58   56   55   56   58   61   64   66   67   65   60   54   49   47   51   61
   77   96  117  136  152  165  177  190  203  218  232  245  255  263  269  274
  278  282  284  284  281  274  264  253  243  234  227  221  215  207  195  181
  163  146  132  121  119  113  115  115  118                                   
    45.0-180.0 180.0   5.0 450.0                            LAT/LON1/LON2/DLON/H
  129  125  124  120  113  110  103   94   85   78   72   70   69   69   70   70
   69   67   67   68   71   74   77   79   78   75   68   61   55   53   57   68
   85  105  126  146  163  177  189  201  214  228  241  253  262  270  276  281
  285  289  291  290  286  278  268  257  246  236  229  223  217  210  199  186
  170  154  140  130  127  122  125  126  129                                   
    42.5-180.0 180.0   5.0 450.0                            LAT/LON1/LON2/DLON/H
  128  128  131  132  128  127  121  113  103   94   87   84   82   83   83   83
   82   81   82   84   87   90   92   91   89   83   76   68   61   59   63   74
   91  111  133  153  170  186  199  212  226  239  251  261  270  276  280  284
  288  290  291  289  283  275  264  253  242  233  225  219  212  204  194  182
  168  153  140  129  125  120  124  126  128                                   
    40.0-180.0 180.0   5.0 450.0                            LAT/LON1/LON2/DLON/H
  114  116  122  127  128  131  128  123  115  106   99   96   95   96   97   96
   95   95   96   99  102  104  104  101   97   89   81   72   65   63   67   78
   95  115  136  157  176  193  209  223  237  251  262  271  277  281  284  286
  287  288  287  284  278  270  260  249  239  230  222  214  205  196  185  173
  160  146  133  121  115  107  110  114  114                                   
    37.5-180.0 180.0   5.0 450.0                            LAT/LON1/LON2/DLON/H
   92   94  100  107  113  120  122  122  118  112  107  106  106  108  109  109
  107  107  108  111  113  114  112  107  100   92   82   74   68   66   71   82
   99  118  140  160  181  200  218  234  250  263  274  282  286  288  289  289
  289  288  286  283  278  271  263  255  246  238  228  218  207  195  182  169
  154  139  125  112  102   88   89   94   92                                   
    35.0-180.0 180.0   5.0 450.0                            LAT/LON1/LON2/DLON/H
   70   68   73   81   88   97  105  109  111  110  109  111  114  117  119  118
  117  115  116  118  120  119  115  108   99   90   81   74   70   69   75   87
  103  123  143  165  186  207  227  246  263  277  288  295  298  299  298  297
  297  296  296  294  292  288  284  278  272  264  254  242  227  211  193  177
  160  143  127  109   94   73   71   76   70                                   
    32.5-180.0 180.0   5.0 450.0                            LAT/LON1/LON2/DLON/H
   57   48   50   56   62   71   82   90   96  100  105  111  117  123  126  125
  123  121  120  121  122  119  113  104   95   86   79   74   71   73   80   93
  110  129  149  171  193  215  237  258  277  292  303  310  314  315  314  314
  315  316  318  321  322  323  323  321  317  311  301  288  270  249  227  206
  185  164  145  122  102   72   67   69   57                                   
    30.0-180.0 180.0   5.0 450.0                            LAT/LON1/LON2/DLON/H
   59   42   38   40   43   50   60   70   78   87   96  106  116  124  129  129
  126  123  121  121  120  115  108   98   89   82   76   73   73   77   86  100
  118  138  158  180  202  226  249  271  290  307  320  329  334  337  338  340
  344  349  356  363  370  376  380  382  381  377  368  353  333  308  282  256
  230  205  183  154  132   93   83   80   59                                   
    27.5-180.0 180.0   5.0 450.0                            LAT/LON1/LON2/DLON/H
   82   55   45   38   37   40   48   55   64   74   85   98  111  121  127  128
  125  122  119  118  115  109  101   91   83   77   74   73   76   82   93  109
  128  149  170  192  215  238  261  284  305  323  339  351  359  364  369  375
  384  394  407  420  433  444  453  459  460  457  448  433  411  383  352  322
  291  263  237  205  182  136  122  112   82                                   
    25.0-180.0 180.0   5.0 450.0                            LAT/LON1/LON2/DLON/H
  124   93   74   57   49   46   48   51   57   66   77   90  103  114  121  123
  121  118  115  112  109  103   94   85   78   73   72   74   78   87  101  119
  140  161  183  205  228  251  275  297  319  340  359  374  387  397  407  418
  431  448  467  487  505  521  533  541  544  542  533  517  493  462  428  393
  359  328  300  267  245  197  178  167  124                                   
    22.5-180.0 180.0   5.0 450.0                            LAT/LON1/LON2/DLON/H
  182  150  127  101   83   72   66   62   62   67   74   84   95  105  112  114
  114  112  109  107  103   97   88   80   74   71   71   75   82   93  108  128
  150  173  196  219  242  265  288  311  334  357  380  400  417  432  446  462
  481  503  527  551  573  591  604  613  616  613  603  586  562  531  496  459
  423  392  363  331  309  265  245  236  182                                   
    20.0-180.0 180.0   5.0 450.0                            LAT/LON1/LON2/DLON/H
  244  215  192  162  136  117  102   90   81   79   80   84   90   97  102  104
  105  104  103  100   97   91   83   76   71   70   72   78   86   98  114  135
  159  183  207  231  254  278  302  325  350  375  401  425  446  465  483  502
  523  547  573  597  618  634  645  652  654  650  640  624  602  573  541  506
  473  443  415  387  365  329  310  307  244                                   
    17.5-180.0 180.0   5.0 450.0                            LAT/LON1/LON2/DLON/H
  296  273  254  228  198  174  151  131  113  102   94   90   90   91   93   95
   96   97   96   95   91   86   79   73   70   71   75   81   89  101  118  139
  164  190  215  240  265  290  314  340  366  393  421  448  472  493  512  531
  551  572  595  616  632  643  650  653  653  648  639  625  608  585  558  529
  500  474  449  426  403  376  362  364  296                                   
    15.0-180.0 180.0   5.0 450.0                            LAT/LON1/LON2/DLON/H
  329  313  301  281  253  229  202  177  152  132  116  104   96   91   89   89
   90   91   91   90   87   83   78   74   73   76   80   85   92  103  119  141
  166  193  220  247  273  300  327  354  382  411  440  468  492  513  531  547
  563  580  596  611  621  626  628  627  625  619  611  601  588  572  552  529
  505  484  463  443  421  399  390  393  329                                   
    12.5-180.0 180.0   5.0 450.0                            LAT/LON1/LON2/DLON/H
  340  329  323  312  291  269  243  217  189  165  142  124  109   97   91   88
   87   88   89   88   86   82   80   79   80   83   87   90   96  105  120  142
  168  196  224  251  280  308  337  366  396  426  455  482  506  525  540  552
  563  574  584  591  595  595  593  590  586  580  573  565  556  546  532  514
  494  477  458  440  420  400  392  392  340                                   
    10.0-180.0 180.0   5.0 450.0                            LAT/LON1/LON2/DLON/H
  335  324  323  318  308  290  267  245  218  193  168  146  126  110   99   92
   90   90   90   89   88   87   87   88   90   93   95   97  101  109  123  144
  170  198  226  255  284  314  345  376  407  437  465  491  513  530  543  552
  558  563  566  567  566  563  559  556  552  547  541  534  529  521  512  498
  480  464  445  426  406  385  374  369  335                                   
     7.5-180.0 180.0   5.0 450.0                            LAT/LON1/LON2/DLON/H
  321  306  306  304  306  293  276  258  236  213  191  168  147  127  112  103
   97   95   94   94   94   94   97   99  102  104  105  106  109  116  129  149
