data/edconvlstm_nd/pred3490.15i
     1.0            IONOSPHERE MAPS     GNSS                IONEX VERSION / TYPE
pyspatialgeodesy        IME             05-JAN-18 20:20     PGM / RUN BY / DATE 
Map Name                                                    COMMENT             
Predicted global ionosphere maps (GIM).                     DESCRIPTION         
  2015    12    15     0     0     0                        EPOCH OF FIRST MAP  
  2015    12    16     0     0     0                        EPOCH OF LAST MAP   
  7200                                                      INTERVAL            
    13                                                      # OF MAPS IN FILE   
  NONE                                                      MAPPING FUNCTION    
10.0                                                        ELEVATION CUTOFF    
One-way carrier phase leveled to code                       OBSERVABLES USED    
  6371.0                                                    BASE RADIUS         
 2                                                          MAP DIMENSION       
   450.0 450.0   0.0                                        HGT1 / HGT2 / DHGT  
    87.5 -87.5  -2.5                                        LAT1 / LAT2 / DLAT  
  -180.0 180.0   5.0                                        LON1 / LON2 / DLON  
    -1                                                      EXPONENT            
                                                            END OF HEADER       
[from data line 1287]
     4                                                      START OF TEC MAP    
  2015    12    15     6     0     0                        EPOCH OF CURRENT MAP
    87.5-180.0 180.0   5.0 450.0                            LAT/LON1/LON2/DLON/H
   26   35   31   36   35   36   36   32   33   34   34   35   35   35   36   36
   36   36   35   35   35   35   35   35   35   34   34   34   34   34   33   33
   33   33   32   32   32   32   32   31   31   31   31   30   30   30   30   29
   29   29   29   28   28   28   27   27   27   26   26   25   25   25   24   25
   26   25   24   25   30   42   52   47   26                                   
    85.0-180.0 180.0   5.0 450.0                            LAT/LON1/LON2/DLON/H
   11   37   35   37   40   43   43   43   43   45   44   45   45   45   45   45
   45   45   44   44   44   44   44   44   43   43   43   43   43   43   43   43
   43   43   43   43   44   44   44   43   43   43   43   42   42   41   41   40
   39   39   38   38   37   37   36   36   35   35   34   34   33   33   32   33
   33   34   31   33   40   40   54   44   11                                   
    82.5-180.0 180.0   5.0 450.0                            LAT/LON1/LON2/DLON/H
   11   22   38   37   39   42   42   42   43   44   44   45   45   45   45   44
   44   43   43   42   42   41   41   41   41   41   41   41   41   41   41   41
   42   42   43   43   44   44   44   44   44   44   44   43   43   42   41   40
   40   39   38   37   37   36   35   35   34   33   32   32   31   30   30   30
   30   31   29   28   41   34   39   36   11                                   
    80.0-180.0 180.0   5.0 450.0                            LAT/LON1/LON2/DLON/H
   18   23   37   34   40   40   42   42   44   45   45   46   46   45   44   43
   42   41   40   40   39   39   38   38   38   39   39   39   39   40   40   41
   42   43   44   44   45   46   47   47   48   47   47   46   46   45   44   43
   42   41   40   39   39   38   37   37   36   35   34   33   32   31   30   30
   30   29   30   29   39   33   34   36   18                                   
    77.5-180.0 180.0   5.0 450.0                            LAT/LON1/LON2/DLON/H
   28   28   32   29   32   34   37   39   42   43   42   43   43   42   40   39
   37   36   34   34   33   33   33   33   33   33   33   34   34   34   35   36
   37   38   39   41   42   43   44   45   46   46   46   45   45   44   43   42
   42   42   41   41   42   42   41   41   41   40   39   37   36   34   32   31
   29   28   26   27   28   18   24   28   28                                   
    75.0-180.0 180.0   5.0 450.0                            LAT/LON1/LON2/DLON/H
   22   25   28   27   28   32   36   38   40   42   41   42   41   39   37   35
   33   32   31   30   30   30   30   31   31   32   32   32   33   33   33   34
   34   35   37   38   40   41   43   44   45   46   46   46   46   46   45   46
   46   47   48   49   50   51   52   53   53   52   51   49   47   44   42   39
   36   34   32   29   30   20   23   26   22                                   
    72.5-180.0 180.0   5.0 450.0                            LAT/LON1/LON2/DLON/H
   27   25   26   23   26   32   37   39   41   42   42   42   40   38   36   34
   31   30   29   29   29   30   30   32   32   33   33   33   33   33   33   33
   33   34   35   36   38   40   42   43   45   46   47   48   49   49   50   51
   53   55   58   61   64   66   68   69   70   69   68   66   63   60   56   53
   49   45   44   40   39   28   30   33   27                                   
    70.0-180.0 180.0   5.0 450.0                            LAT/LON1/LON2/DLON/H
   32   27   29   27   29   33   37   39   42   43   43   43   41   38   36   33
   31   30   29   30   31   32   34   35   37   38   38   38   37   36   35   34
   34   33   34   35   36   38   40   42   44   46   48   50   52   54   56   59
   63   67   71   75   80   84   87   89   90   89   88   85   82   77   73   69
   64   59   57   52   49   39   42   43   32                                   
    67.5-180.0 180.0   5.0 450.0                            LAT/LON1/LON2/DLON/H
   36   29   30   27   28   31   35   37   39   41   40   40   38   36   33   30
   29   28   28   28   30   32   34   36   38   39   39   39   37   36   34   32
   31   30   30   30   31   32   34   37   39   42   45   48   51   55   59   63
   68   74   80   86   92   97  101  103  104  103  101   97   93   87   82   77
   72   67   66   60   56   48   49   50   36                                   
    65.0-180.0 180.0   5.0 450.0                            LAT/LON1/LON2/DLON/H
   42   33   32   29   29   31   35   37   38   39   39   39   37   34   32   30
   28   28   28   29   31   33   36   38   39   40   40   39   37   35   33   31
   29   28   27   26   27   28   30   33   36   40   44   48   52   57   63   69
   76   84   92   99  106  111  115  117  117  116  113  108  102   96   90   84
   79   74   73   67   65   58   58   59   42                                   
    62.5-180.0 180.0   5.0 450.0                            LAT/LON1/LON2/DLON/H
   48   39   37   33   32   34   36   38   39   40   39   39   37   35   33   32
   31   30   31   32   33   35   37   39   40   40   40   39   37   35   33   31
   29   27   26   26   26   27   29   32   35   40   45   50   56   63   70   78
   87   96  105  113  120  125  128  130  129  127  123  117  111  104   96   90
   84   79   78   74   72   65   65   67   48                                   
    60.0-180.0 180.0   5.0 450.0                            LAT/LON1/LON2/DLON/H
   55   44   41   36   34   35   37   37   38   38   38   38   37   35   34   33
   32   32   32   33   34   35   36   37   37   37   36   35   34   33   31   29
   28   26   25   25   25   26   28   31   35   41   47   53   60   68   77   87
   97  107  116  124  130  135  137  138  136  133  129  123  116  108  100   93
   87   82   81   77   76   69   68   68   55                                   
    57.5-180.0 180.0   5.0 450.0                            LAT/LON1/LON2/DLON/H
   62   50   45   40   37   38   38   38   38   38   37   38   37   37   36   36
   36   35   34   34   34   34   34   34   33   33   32   32   31   30   29   28
   27   26   26   26   26   28   30   34   39   45   52   59   68   77   87   97
  108  119  128  135  140  144  145  145  143  140  136  131  124  116  107   99
   92   86   85   81   80   72   71   69   62                                   
    55.0-180.0 180.0   5.0 450.0                            LAT/LON1/LON2/DLON/H
   69   55   50   44   41   41   41   40   39   38   37   38   38   38   39   39
   39   38   37   35   34   33   32   31   30   29   29   28   28   28   28   27
   27   28   28   29   30   32   35   39   45   51   59   68   77   87   98  109
  121  131  139  146  150  152  152  152  150  147  144  139  133  125  117  108
  100   92   90   86   85   75   72   70   69                                   
    52.5-180.0 180.0   5.0 450.0                            LAT/LON1/LON2/DLON/H
   76   61   54   49   46   45   45   43   41   40   39   39   39   40   42   42
   42   41   39   37   34   33   31   30   28   28   28   28   28   28   28   29
   29   31   32   34   36   39   43   47   54   61   70   79   89   99  111  123
  134  143  151  156  159  160  159  158  156  155  152  149  144  138  129  121
  111  102   99   93   90   78   75   72   76                                   
    50.0-180.0 180.0   5.0 450.0                            LAT/LON1/LON2/DLON/H
   82   66   59   55   52   51   51   48   46   44   42   42   42   43   45   46
   46   44   42   39   37   35   33   32   31   30   31   31   32   32   32   32
   33   35   38   41   45   48   53   58   65   73   82   91  102  113  125  136
  147  156  162  166  167  167  165  164  162  161  160  158  155  150  143  134
  124  115  109  101   96   83   79   76   82                                   
    47.5-180.0 180.0   5.0 450.0                            LAT/LON1/LON2/DLON/H
   88   71   64   63   59   59   59   56   53   50   47   46   46   47   49   50
   50   48   45   43   41   40   40   39   39   38   39   39   39   38   37   37
   38   41   45   50   54   59   63   70   77   86   95  105  115  127  138  150
  159  167  171  174  174  172  170  168  166  165  164  164  162  159  153  146
  137  126  119  109  103   90   85   83   88                                   
    45.0-180.0 180.0   5.0 450.0                            LAT/LON1/LON2/DLON/H
   91   75   68   70   67   69   68   65   62   58   55   53   53   53   54   55
   54   52   50   49   49   50   51   52   52   51   51   50   50   48   45   44
   45   48   53   58   63   68   74   81   90  100  109  119  129  140  151  161
  170  176  179  180  179  177  174  170  167  166  165  165  165  163  159  153
  145  135  127  117  109   96   91   90   91                                   
    42.5-180.0 180.0   5.0 450.0                            LAT/LON1/LON2/DLON/H
   91   76   71   75   73   77   77   75   72   68   64   63   61   61   61   60
   60   58   57   58   60   64   67   68   67   66   65   64   62   58   54   51
   51   54   59   65   71   77   83   92  102  113  123  132  142  152  162  171
  178  182  184  184  183  180  177  172  168  165  164  164  163  162  160  156
  149  140  132  121  113  101   95   95   91                                   
    40.0-180.0 180.0   5.0 450.0                            LAT/LON1/LON2/DLON/H
   89   75   70   75   76   81   83   83   81   78   74   73   71   70   69   68
   67   66   66   69   73   79   83   84   83   81   79   76   73   68   63   58
   57   59   64   70   76   82   91  101  113  125  136  145  154  163  172  180
  185  188  189  188  188  185  182  177  172  168  165  164  163  162  159  156
  151  142  135  125  116  104   97   97   89                                   
    37.5-180.0 180.0   5.0 450.0                            LAT/LON1/LON2/DLON/H
   87   72   66   71   73   78   82   85   85   84   83   83   81   79   78   76
   75   75   76   80   86   93   97   99   97   93   89   86   82   76   69   64
   62   63   67   73   79   86   96  108  122  136  147  157  166  174  182  188
  192  194  194  195  195  195  193  188  183  178  174  172  170  168  165  162
  156  147  139  129  121  106   98   96   87                                   
    35.0-180.0 180.0   5.0 450.0                            LAT/LON1/LON2/DLON/H
   85   69   61   63   65   70   75   80   83   85   87   89   88   87   86   85
   84   84   86   91   97  104  108  108  105  100   96   92   87   81   74   69
   65   66   69   74   79   87   98  113  129  145  158  169  178  186  193  198
  201  202  204  206  209  212  212  209  205  201  198  195  192  189  183  178
  170  159  151  140  130  111  101   95   85                                   
    32.5-180.0 180.0   5.0 450.0                            LAT/LON1/LON2/DLON/H
   88   67   56   56   56   59   64   70   75   80   84   89   92   92   92   92
   92   93   95   99  104  109  112  111  107  102   97   93   89   84   77   71
   68   67   69   73   78   87  100  117  136  154  169  181  190  199  206  210
  213  215  219  224  230  236  239  240  238  237  235  234  231  226  219  210
  198  185  175  161  149  124  111  100   88                                   
    30.0-180.0 180.0   5.0 450.0                            LAT/LON1/LON2/DLON/H
   96   69   56   52   50   50   54   58   64   69   77   84   90   93   95   96
   97   99  101  103  107  110  111  109  105  100   96   93   89   84   78   72
   68   67   68   70   76   85  100  120  142  163  180  194  205  215  222  228
  231  235  241  249  258  268  275  279  281  283  285  286  285  279  270  258
  242  225  212  193  179  145  131  114   96                                   
    27.5-180.0 180.0   5.0 450.0                            LAT/LON1/LON2/DLON/H
  112   79   62   54   49   47   47   49   53   59   66   76   83   89   93   96
   99  101  102  103  104  105  105  103  101   97   94   90   87   83   77   72
   68   66   66   68   74   84  102  124  149  173  193  210  223  235  244  251
  256  261  269  280  292  305  316  325  332  338  344  348  348  343  332  317
  297  277  261  235  217  176  159  139  112                                   
    25.0-180.0 180.0   5.0 450.0                            LAT/LON1/LON2/DLON/H
  136   97   76   65   57   51   48   46   47   51   58   67   75   81   87   92
   96   98   99   98   97   97   97   97   96   94   91   89   85   81   76   72
   68   65   64   66   72   85  104  130  157  184  207  227  245  259  270  279
  286  294  304  317  332  347  362  376  388  399  409  416  418  413  401  384
  361  337  315  283  262  214  195  175  136                                   
    22.5-180.0 180.0   5.0 450.0                            LAT/LON1/LON2/DLON/H
  168  124  100   86   75   66   59   53   50   51   55   61   68   74   80   85
   90   92   93   91   90   89   90   92   93   93   92   89   85   81   77   73
   69   66   64   65   72   87  109  136  167  196  223  247  268  285  299  310
  320  330  342  357  374  391  409  426  442  457  471  480  484  481  469  450
  425  398  371  333  309  257  235  218  168                                   
    20.0-180.0 180.0   5.0 450.0                            LAT/LON1/LON2/DLON/H
  204  156  130  115  101   89   78   69   62   59   59   62   66   70   74   79
   82   85   86   85   84   84   87   91   94   96   95   92   88   83   80   76
   71   67   64   65   74   90  114  144  177  209  239  267  292  312  329  343
  355  368  382  396  413  430  448  466  485  502  517  528  534  532  522  504
  479  451  421  381  351  300  276  265  204                                   
    17.5-180.0 180.0   5.0 450.0                            LAT/LON1/LON2/DLON/H
  241  192  167  151  134  119  105   93   83   76   72   71   71   72   74   76
   78   81   82   83   84   86   90   95  100  102  101   98   93   88   83   79
   73   68   65   66   76   94  120  152  186  221  254  285  313  337  357  373
  388  402  415  429  441  456  472  489  507  524  539  551  558  558  549  534
  512  486  457  419  386  339  315  308  241                                   
    15.0-180.0 180.0   5.0 450.0                            LAT/LON1/LON2/DLON/H
  274  227  205  189  169  152  137  124  111  100   92   87   84   82   80   80
   80   82   85   88   91   95  100  105  110  112  110  105   99   92   87   82
   75   69   66   68   79   99  126  159  194  231  266  300  331  358  379  397
  413  428  440  449  457  467  479  493  508  523  537  548  555  556  550  538
  520  500  474  442  410  369  347  343  274                                   
    12.5-180.0 180.0   5.0 450.0                            LAT/LON1/LON2/DLON/H
  298  257  239  222  202  184  169  156  143  130  118  109  103   98   94   90
   89   90   95  100  106  111  115  120  123  124  120  113  105   97   91   85
   78   72   69   71   83  103  131  165  201  238  276  312  345  372  395  414
  430  443  452  457  461  466  474  484  495  507  517  526  532  534  531  523
  511  496  476  451  424  389  371  366  298                                   
    10.0-180.0 180.0   5.0 450.0                            LAT/LON1/LON2/DLON/H
  314  279  265  245  227  209  196  186  174  160  146  135  127  120  113  107
  104  105  111  119  127  132  136  138  138  135  128  119  109  101   94   88
   81   75   71   74   86  107  135  168  205  243  282  319  352  381  403  422
  437  449  456  458  458  460  464  471  479  485  492  498  503  505  505  501
  493  483  470  451  431  403  386  377  314                                   
     7.5-180.0 180.0   5.0 450.0                            LAT/LON1/LON2/DLON/H
  323  294  281  256  242  224  214  208  198  185  172  160  151  143  134  126
  122  124  131  141  150  155  157  155  150  143  134  123  113  104   97   90
