data/edconvlstm_nd/pred3490.15i
     1.0            IONOSPHERE MAPS     GNSS                IONEX VERSION / TYPE
pyspatialgeodesy        IME             05-JAN-18 20:20     PGM / RUN BY / DATE 
Map Name                                                    COMMENT             
Predicted global ionosphere maps (GIM).                     DESCRIPTION         
  2015    12    15     0     0     0                        EPOCH OF FIRST MAP  
  2015    12    16     0     0     0                        EPOCH OF LAST MAP   
  7200                                                      INTERVAL            
    13                                                      # OF MAPS IN FILE   
  NONE                                                      MAPPING FUNCTION    
10.0                                                        ELEVATION CUTOFF    
One-way carrier phase leveled to code                       OBSERVABLES USED    
  6371.0                                                    BASE RADIUS         
 2                                                          MAP DIMENSION       
   450.0 450.0   0.0                                        HGT1 / HGT2 / DHGT  
    87.5 -87.5  -2.5                                        LAT1 / LAT2 / DLAT  
  -180.0 180.0   5.0                                        LON1 / LON2 / DLON  
    -1                                                      EXPONENT            
                                                            END OF HEADER       
[from data line 429]
     2                                                      START OF TEC MAP    
  2015    12    15     2     0     0                        EPOCH OF CURRENT MAP
    87.5-180.0 180.0   5.0 450.0                            LAT/LON1/LON2/DLON/H
   54   59   50   50   48   51   47   45   46   46   46   47   47   47   48   48
   48   47   47   47   47   46   46   45   45   44   44   43   43   43   43   42
   42   42   42   42   43   43   43   43   44   44   44   44   44   45   45   45
   44   44   44   44   44   44   43   43   43   43   43   42   42   42   42   42
   43   43   42   41   39   57   58   51   54                                   
    85.0-180.0 180.0   5.0 450.0                            LAT/LON1/LON2/DLON/H
   45   53   42   46   46   48   45   44   45   46   46   46   46   47   46   46
   46   46   45   44   43   43   42   41   40   40   39   39   38   38   39   39
   39   40   41   41   42   43   44   45   45   46   46   47   47   47   47   47
   46   46   45   45   44   44   43   43   42   42   41   41   41   41   40   41
   42   42   42   44   51   49   63   52   45                                   
    82.5-180.0 180.0   5.0 450.0                            LAT/LON1/LON2/DLON/H
   38   34   48   43   41   43   41   39   42   42   42   44   44   44   44   44
   43   42   41   40   38   37   35   34   33   31   31   30   30   30   30   31
   31   33   34   35   37   38   40   41   42   43   44   45   45   45   45   44
   43   42   41   40   39   38   37   36   35   35   34   34   34   34   34   34
   35   36   35   34   48   38   46   53   38                                   
    80.0-180.0 180.0   5.0 450.0                            LAT/LON1/LON2/DLON/H
   49   45   52   44   43   41   41   40   43   43   43   45   45   45   45   44
   44   43   41   40   38   36   35   33   32   31   30   29   29   29   30   31
   32   33   35   37   39   41   43   44   46   47   48   49   49   49   48   47
   46   45   43   42   40   39   37   36   36   35   35   34   35   35   35   37
   38   38   39   38   55   46   49   62   49                                   
    77.5-180.0 180.0   5.0 450.0                            LAT/LON1/LON2/DLON/H
   62   57   52   46   43   41   40   41   44   44   44   46   47   47   46   45
   44   42   41   39   37   35   33   31   29   28   27   26   26   26   27   28
   29   31   33   35   37   40   42   44   45   47   48   49   49   49   48   47
   46   44   42   40   39   37   36   35   34   34   33   34   34   35   36   38
   39   41   41   43   52   44   47   60   62                                   
    75.0-180.0 180.0   5.0 450.0                            LAT/LON1/LON2/DLON/H
   67   60   60   54   46   44   43   43   46   47   46   48   48   47   46   44
   43   41   39   37   35   34   32   31   29   28   28   27   27   27   28   29
   30   31   33   35   37   39   42   43   45   47   48   48   49   48   47   46
   45   43   41   39   38   36   35   35   35   35   36   37   39   40   43   45
   47   49   51   50   59   57   59   67   67                                   
    72.5-180.0 180.0   5.0 450.0                            LAT/LON1/LON2/DLON/H
   78   69   68   59   53   49   48   49   52   51   51   51   50   49   47   44
   42   41   39   38   37   36   35   35   34   33   33   32   32   32   32   33
   33   34   36   37   39   40   42   44   45   46   47   48   48   47   46   45
   44   42   40   39   38   38   38   39   40   42   44   46   48   51   54   58
   61   63   68   69   77   74   75   82   78                                   
    70.0-180.0 180.0   5.0 450.0                            LAT/LON1/LON2/DLON/H
   92   81   80   72   63   58   57   56   59   59   57   57   54   51   48   44
   42   40   39   39   39   40   40   41   41   41   41   40   40   39   39   39
   38   39   39   39   40   41   42   44   45   46   47   47   47   47   46   45
   44   43   42   42   43   44   46   48   51   54   57   60   63   67   71   75
   79   81   87   89   96   95   94   95   92                                   
    67.5-180.0 180.0   5.0 450.0                            LAT/LON1/LON2/DLON/H
  102   91   88   79   68   61   59   59   61   60   58   56   52   48   43   39
   36   35   34   35   37   39   41   42   43   43   43   42   41   40   39   38
   36   36   35   34   34   35   35   36   37   38   38   39   39   39   38   37
   37   37   37   39   41   44   48   53   58   62   67   71   74   78   82   86
   89   92   98  100  109  108  107  106  102                                   
    65.0-180.0 180.0   5.0 450.0                            LAT/LON1/LON2/DLON/H
  111   98   94   84   72   65   62   62   64   63   60   57   52   46   40   35
   33   32   32   34   37   39   42   43   44   44   43   42   41   39   37   35
   33   31   30   29   28   28   29   29   30   31   31   32   32   32   32   31
   32   32   34   37   42   47   54   61   68   74   79   84   87   90   93   97
   99  101  107  109  118  119  119  118  111                                   
    62.5-180.0 180.0   5.0 450.0                            LAT/LON1/LON2/DLON/H
  119  107  101   91   78   70   67   67   69   67   64   60   54   47   41   36
   33   33   34   36   39   41   44   45   45   45   43   41   39   37   34   32
   30   28   27   26   25   25   26   26   27   28   29   29   29   29   29   29
   30   32   34   39   45   53   62   71   79   87   93   98  102  104  106  108
  110  110  114  116  124  126  127  126  119                                   
    60.0-180.0 180.0   5.0 450.0                            LAT/LON1/LON2/DLON/H
  125  115  109   98   84   74   70   69   71   69   65   62   55   48   42   37
   35   35   36   38   40   42   43   44   43   42   40   37   35   32   30   28
   26   24   24   23   23   24   24   25   26   27   27   28   28   28   28   28
   29   31   35   40   48   57   68   79   88   97  104  108  112  114  115  116
  116  115  119  119  127  128  131  129  125                                   
    57.5-180.0 180.0   5.0 450.0                            LAT/LON1/LON2/DLON/H
  134  126  119  107   93   82   76   74   74   71   67   63   57   50   45   41
   40   39   40   41   42   42   42   41   40   38   35   33   31   28   26   25
   24   23   23   24   24   25   26   27   28   29   30   30   30   30   30   31
   32   34   38   44   52   62   73   85   96  104  111  116  119  121  122  123
  122  120  124  124  131  131  135  133  134                                   
    55.0-180.0 180.0   5.0 450.0                            LAT/LON1/LON2/DLON/H
  147  140  133  120  106   93   86   81   78   73   68   64   58   53   49   46
   45   45   44   44   43   42   40   38   36   34   32   30   28   26   25   24
   24   24   25   27   29   30   32   33   33   34   35   35   35   35   36   36
   37   38   42   48   56   67   78   90  100  109  116  121  124  127  128  130
  128  127  129  129  136  136  140  138  147                                   
    52.5-180.0 180.0   5.0 450.0                            LAT/LON1/LON2/DLON/H
  163  158  150  138  124  110  100   92   86   78   70   65   60   56   53   52
   51   50   48   46   44   41   39   37   36   34   32   31   29   28   27   26
   27   29   31   34   36   38   40   41   41   42   42   42   43   43   43   44
   44   46   49   55   62   72   83   94  104  112  118  123  128  131  134  136
  136  135  138  137  145  144  148  146  163                                   
    50.0-180.0 180.0   5.0 450.0                            LAT/LON1/LON2/DLON/H
  181  178  170  160  147  133  120  109   99   86   76   68   63   59   58   58
   57   55   52   49   45   43   41   40   39   38   38   36   35   34   33   32
   33   36   39   43   46   48   50   50   50   50   50   51   52   53   53   54
   55   56   59   63   71   80   90  100  108  115  120  126  130  135  140  144
  144  144  147  148  155  154  158  157  181                                   
    47.5-180.0 180.0   5.0 450.0                            LAT/LON1/LON2/DLON/H
  198  197  188  182  171  157  144  129  115   98   84   74   68   65   64   64
   63   60   55   51   48   47   46   47   48   48   47   46   45   43   41   41
   42   44   48   52   56   58   59   59   59   59   59   60   61   63   64   65
   66   67   70   74   81   89   98  106  113  119  123  128  133  139  145  150
  153  154  157  158  166  165  169  167  198                                   
    45.0-180.0 180.0   5.0 450.0                            LAT/LON1/LON2/DLON/H
  207  208  200  199  191  179  166  151  133  113   96   83   75   72   71   70
   68   64   59   55   54   54   56   59   61   61   61   59   56   53   50   49
   50   52   56   60   64   66   66   66   65   66   66   68   70   72   74   76
   78   80   82   86   92  100  108  115  120  123  127  131  136  142  149  156
  159  161  165  167  175  175  178  176  207                                   
    42.5-180.0 180.0   5.0 450.0                            LAT/LON1/LON2/DLON/H
  209  209  202  206  202  193  182  168  150  128  109   95   86   81   79   77
   74   69   65   63   64   67   71   75   77   77   75   71   67   62   59   56
   56   59   62   66   69   70   70   70   70   71   73   75   78   81   84   86
   89   91   94   98  104  111  118  123  127  129  131  135  140  146  153  160
  164  167  170  172  180  181  182  181  209                                   
    40.0-180.0 180.0   5.0 450.0                            LAT/LON1/LON2/DLON/H
  202  201  194  200  200  195  187  176  160  139  121  107   98   92   89   86
   82   78   75   75   78   83   88   92   92   90   86   81   75   69   65   62
   61   63   66   69   72   73   73   73   74   76   78   81   84   88   91   94
   98  101  104  109  115  121  128  133  136  137  138  141  146  151  158  165
  169  171  174  177  184  184  184  182  202                                   
    37.5-180.0 180.0   5.0 450.0                            LAT/LON1/LON2/DLON/H
  193  188  180  185  187  184  180  173  161  144  129  117  109  103   99   96
   92   90   89   91   95  101  105  106  103   98   92   86   79   74   69   66
   65   67   69   72   74   75   75   76   78   81   84   87   90   93   96  100
  104  108  112  117  123  131  138  143  146  147  148  151  155  160  166  172
  176  177  181  183  190  189  188  185  193                                   
    35.0-180.0 180.0   5.0 450.0                            LAT/LON1/LON2/DLON/H
  189  179  169  169  170  168  166  162  155  143  131  124  117  113  109  106
  104  103  105  108  113  117  118  115  108  101   94   88   82   78   74   72
   71   72   74   77   78   79   80   81   83   86   90   93   95   97   99  103
  107  112  117  123  130  139  147  153  157  159  161  164  169  174  180  186
  189  190  194  197  203  202  201  195  189                                   
    32.5-180.0 180.0   5.0 450.0                            LAT/LON1/LON2/DLON/H
  197  185  171  164  161  157  154  151  146  137  130  126  123  120  117  115
  115  117  120  124  128  128  125  117  108   99   93   89   86   84   81   80
   80   81   83   85   86   86   86   87   89   92   95   97   98   99  100  103
  108  113  119  127  136  145  155  163  169  173  177  181  187  194  201  207
  211  213  218  220  228  227  228  218  197                                   
    30.0-180.0 180.0   5.0 450.0                            LAT/LON1/LON2/DLON/H
  225  211  194  177  168  159  151  145  140  132  128  127  125  124  122  122
  124  128  132  135  135  131  123  113  103   97   94   94   94   94   93   92
   92   94   95   96   96   96   95   95   96   98  100  100  100   99   99  102
  106  112  120  129  140  151  163  173  181  188  194  201  209  217  227  236
  242  246  254  256  264  265  269  256  225                                   
    27.5-180.0 180.0   5.0 450.0                            LAT/LON1/LON2/DLON/H
  273  261  238  213  197  180  165  151  141  132  127  127  126  125  125  126
  129  133  137  138  134  125  115  105   99   98  100  104  107  108  109  109
  110  111  112  111  110  107  105  103  103  103  103  102   99   97   96   98
  103  111  120  132  145  159  173  186  197  206  215  224  234  246  259  272
  281  290  299  300  311  315  321  306  273                                   
    25.0-180.0 180.0   5.0 450.0                            LAT/LON1/LON2/DLON/H
  341  332  301  268  247  224  198  173  154  139  131  129  127  125  124  126
  129  132  134  130  123  113  104   99  100  105  112  120  125  128  129  130
  131  131  130  127  123  118  114  110  107  106  104  101   97   93   92   94
  100  109  122  136  153  170  187  203  217  229  240  251  263  278  295  313
  328  341  353  353  366  372  380  365  341                                   
    22.5-180.0 180.0   5.0 450.0                            LAT/LON1/LON2/DLON/H
  419  415  377  338  314  286  249  212  181  158  143  136  131  126  123  123
  124  125  122  116  107   99   96   99  107  119  132  142  149  152  153  153
  153  151  147  141  133  126  119  113  108  105  102   97   92   88   87   90
   97  110  126  144  164  185  206  225  242  257  269  281  295  312  333  356
  377  396  411  411  424  433  441  428  419                                   
    20.0-180.0 180.0   5.0 450.0                            LAT/LON1/LON2/DLON/H
  495  498  455  414  389  357  312  265  222  188  165  150  139  130  124  120
  119  115  109  100   93   91   96  108  125  142  158  169  175  176  176  174
  170  164  156  146  136  127  118  111  105  101   97   92   87   83   82   86
   96  111  132  155  180  204  228  249  269  285  299  311  326  345  368  396
  422  445  463  465  476  489  498  488  495                                   
    17.5-180.0 180.0   5.0 450.0                            LAT/LON1/LON2/DLON/H
  556  568  527  488  462  429  379  324  272  229  195  172  154  140  130  122
  116  109  100   92   89   94  109  129  152  172  186  195  197  195  191  186
  178  168  156  144  133  123  114  106  100   95   91   87   82   78   78   84
   96  115  139  168  196  224  250  273  293  311  325  338  353  372  396  425
  454  481  501  506  515  531  542  534  556                                   
    15.0-180.0 180.0   5.0 450.0                            LAT/LON1/LON2/DLON/H
  592  610  577  544  520  489  438  380  324  273  233  202  178  159  144  132
  122  111  102   97  100  114  136  162  187  205  213  215  210  204  195  186
  175  162  148  136  125  116  108  101   95   91   87   83   78   76   76   83
   98  120  149  181  214  243  269  293  313  330  344  358  372  390  414  441
  470  499  520  528  534  551  564  560  592                                   
    12.5-180.0 180.0   5.0 450.0                            LAT/LON1/LON2/DLON/H
  598  619  594  569  551  524  478  424  369  317  273  237  208  185  167  151
  138  127  119  119  129  150  177  205  226  235  233  224  212  200  188  177
  164  151  138  127  118  111  104   98   94   90   87   83   78   76   78   86
  103  128  160  195  229  259  284  306  325  341  355  369  383  401  422  446
  472  499  519  530  534  550  563  562  598                                   
    10.0-180.0 180.0   5.0 450.0                            LAT/LON1/LON2/DLON/H
  579  596  578  559  549  529  492  449  402  354  311  274  244  219  199  181
  166  156  152  157  173  199  228  251  261  256  241  221  203  188  176  164
  153  142  132  124  117  111  106  101   97   94   91   87   83   80   83   92
  110  137  171  207  241  270  293  313  330  345  359  372  387  404  423  443
  465  487  506  517  520  533  546  547  579                                   
     7.5-180.0 180.0   5.0 450.0                            LAT/LON1/LON2/DLON/H
  546  554  540  524  520  508  483  455  420  381  344  311  282  258  238  220
  205  196  196  207  228  255  279  292  286  265  237  210  190  175  165  156
