data/edconvlstm_nd/pred2320.15i
     1.0            IONOSPHERE MAPS     GNSS                IONEX VERSION / TYPE
pyspatialgeodesy        IME             05-JAN-18 20:20     PGM / RUN BY / DATE 
Map Name                                                    COMMENT             
Predicted global ionosphere maps (GIM).                     DESCRIPTION         
  2015     8    20     0     0     0                        EPOCH OF FIRST MAP  
  2015     8    21     0     0     0                        EPOCH OF LAST MAP   
  7200                                                      INTERVAL            
    13                                                      # OF MAPS IN FILE   
  NONE                                                      MAPPING FUNCTION    
10.0                                                        ELEVATION CUTOFF    
One-way carrier phase leveled to code                       OBSERVABLES USED    
  6371.0                                                    BASE RADIUS         
 2                                                          MAP DIMENSION       
   450.0 450.0   0.0                                        HGT1 / HGT2 / DHGT  
    87.5 -87.5  -2.5                                        LAT1 / LAT2 / DLAT  
  -180.0 180.0   5.0                                        LON1 / LON2 / DLON  
    -1                                                      EXPONENT            
                                                            END OF HEADER       
[from data line 4719]
    12                                                      START OF TEC MAP    
  2015     8    20    22     0     0                        EPOCH OF CURRENT MAP
    87.5-180.0 180.0   5.0 450.0                            LAT/LON1/LON2/DLON/H
  120  110   96  102  104  101  100   98   98  100   99   99   99  100  100   99
   99   99   99   98   98   97   96   95   94   94   93   92   91   90   89   89
   88   87   87   86   86   85   85   85   84   84   83   83   83   82   82   81
   81   81   80   80   80   80   80   80   80   80   81   81   81   82   83   83
   84   85   84   85   96   95  113  119  120                                   
    85.0-180.0 180.0   5.0 450.0                            LAT/LON1/LON2/DLON/H
  123  117  122  110  108  111  111  113  113  114  114  114  114  115  115  114
  114  113  113  112  111  110  109  108  107  105  104  103  102  100   99   98
   97   97   96   95   95   94   94   93   93   92   92   91   91   90   89   89
   88   88   87   87   86   86   86   86   86   87   87   88   89   90   91   92
   94   95   93   93   98  100  104  103  123                                   
    82.5-180.0 180.0   5.0 450.0                            LAT/LON1/LON2/DLON/H
  105  107  110  104  106  109  112  112  112  113  113  114  114  115  114  114
  114  113  112  111  110  109  107  105  104  102  100   98   97   95   94   93
   92   91   90   90   90   89   89   89   88   88   87   87   86   85   84   84
   83   82   81   80   80   79   79   79   79   80   80   81   82   83   85   86
   88   89   89   93   99  111  105  105  105                                   
    80.0-180.0 180.0   5.0 450.0                            LAT/LON1/LON2/DLON/H
   94  100  108  103  104  103  110  113  115  117  117  119  119  119  119  119
  118  117  115  114  112  110  108  106  104  101   99   96   94   92   90   89
   88   87   87   87   87   87   87   87   87   86   86   85   84   83   82   81
   80   78   77   76   75   74   74   73   73   74   75   76   77   79   82   84
   86   88   90   93   95  100   98  106   94                                   
    77.5-180.0 180.0   5.0 450.0                            LAT/LON1/LON2/DLON/H
  102  101  109  103  108  109  114  116  118  120  121  123  124  124  124  123
  122  121  119  118  116  114  112  109  106  103  100   97   94   91   89   88
   87   87   87   88   89   89   90   90   90   90   89   88   87   86   85   83
   82   80   79   77   76   74   74   73   73   73   74   76   77   80   82   85
   88   90   93   96  100  102  104  116  102                                   
    75.0-180.0 180.0   5.0 450.0                            LAT/LON1/LON2/DLON/H
   98   99  102   98  103  107  111  114  118  122  124  126  126  127  126  125
  124  122  121  119  117  115  113  110  107  103  100   96   93   90   88   87
   86   87   88   89   90   91   92   93   92   92   91   90   89   88   86   84
   83   81   79   77   76   74   73   73   73   73   74   76   78   81   84   88
   90   94   97   97   98   98  100  101   98                                   
    72.5-180.0 180.0   5.0 450.0                            LAT/LON1/LON2/DLON/H
   96   94   96   99  100  103  110  112  115  119  121  123  124  124  123  122
  120  118  116  114  113  111  108  106  102   98   93   89   85   82   80   79
   79   81   82   84   86   87   87   87   87   86   85   84   82   81   80   78
   77   75   74   72   71   69   69   68   68   69   70   72   74   77   81   84
   87   91   93   92   92   94   96  103   96                                   
    70.0-180.0 180.0   5.0 450.0                            LAT/LON1/LON2/DLON/H
   92   88   88   89   91   95  100  106  111  116  119  121  122  122  120  118
  115  113  111  109  107  106  104  101   97   93   88   83   79   76   74   74
   74   76   78   80   81   82   82   81   80   78   77   75   74   73   72   71
   69   68   67   66   65   64   63   63   64   65   66   69   72   75   79   83
   85   88   91   91   91   93   96  102   92                                   
    67.5-180.0 180.0   5.0 450.0                            LAT/LON1/LON2/DLON/H
   90   86   85   88   89   93  100  105  111  116  120  123  124  123  121  118
  114  111  109  107  106  104  102   99   95   90   85   79   75   72   70   69
   70   71   73   75   76   76   75   73   71   68   67   65   64   64   63   63
   62   62   61   60   59   59   59   59   61   62   64   67   70   73   77   81
   84   86   88   87   86   89   90   96   90                                   
    65.0-180.0 180.0   5.0 450.0                            LAT/LON1/LON2/DLON/H
   87   83   82   84   85   89   96  102  109  115  119  122  123  122  120  116
  112  109  107  105  104  103  101   98   93   88   82   77   72   69   67   66
   66   67   68   69   69   68   66   63   60   57   56   54   54   54   54   54
   54   53   53   52   52   52   52   54   55   58   61   64   67   70   74   78
   80   83   86   86   85   89   91   98   87                                   
    62.5-180.0 180.0   5.0 450.0                            LAT/LON1/LON2/DLON/H
   89   85   83   86   86   90   96  102  108  115  119  123  125  124  121  118
  114  110  108  107  106  104  102   99   94   88   82   77   72   69   66   65
   64   64   64   63   62   60   57   54   51   48   47   46   47   47   48   48
   47   47   46   45   45   45   46   48   51   54   58   61   65   68   72   75
   77   80   82   83   83   87   88   95   89                                   
    60.0-180.0 180.0   5.0 450.0                            LAT/LON1/LON2/DLON/H
   94   90   89   91   90   92   97  102  108  114  119  123  125  125  123  120
  116  113  111  110  109  108  105  101   96   91   85   80   75   72   69   66
   64   62   60   59   57   54   51   48   45   43   43   43   44   45   45   45
   44   43   41   40   39   40   42   44   48   52   56   60   64   68   71   74
   75   78   80   81   83   89   92   99   94                                   
    57.5-180.0 180.0   5.0 450.0                            LAT/LON1/LON2/DLON/H
  101   98   98   99   98   98  101  105  109  114  118  123  125  126  125  122
  119  117  115  114  114  112  110  105  100   94   89   85   81   77   74   70
   66   62   59   56   54   51   49   46   44   44   44   45   47   48   48   47
   45   42   39   37   37   37   39   42   46   51   56   60   65   69   72   74
   75   78   80   82   84   91   95  102  101                                   
    55.0-180.0 180.0   5.0 450.0                            LAT/LON1/LON2/DLON/H
  110  109  109  110  108  107  108  109  111  114  118  122  125  126  126  124
  122  121  120  119  118  117  114  109  104   99   95   92   89   85   80   74
   68   63   59   56   54   52   51   50   49   49   50   52   54   54   54   51
   48   44   40   37   36   36   38   41   46   51   56   62   67   71   74   76
   77   79   82   83   87   95  100  107  110                                   
    52.5-180.0 180.0   5.0 450.0                            LAT/LON1/LON2/DLON/H
  118  119  120  120  118  116  115  114  114  115  117  120  123  125  126  125
  124  123  123  123  122  120  117  112  107  103  100   98   96   92   87   80
   72   65   60   58   57   57   57   57   58   59   61   63   64   64   62   58
   53   48   43   40   38   38   39   42   47   52   58   64   70   74   78   80
   81   82   84   86   90   99  106  112  118                                   
    50.0-180.0 180.0   5.0 450.0                            LAT/LON1/LON2/DLON/H
  125  127  129  130  127  126  124  121  118  117  117  120  122  124  126  126
  125  125  125  125  125  123  119  114  110  107  105  104  103  100   93   85
   76   69   64   63   63   65   66   68   69   71   73   74   75   73   70   65
   59   53   48   44   42   41   42   45   49   54   61   67   74   79   83   85
   86   87   88   90   94  103  111  117  125                                   
    47.5-180.0 180.0   5.0 450.0                            LAT/LON1/LON2/DLON/H
  129  131  135  136  134  134  132  129  125  122  121  122  123  125  126  127
  127  127  127  127  127  124  121  117  113  111  110  110  109  105   98   89
   80   73   70   70   72   75   77   79   81   83   84   85   84   82   77   71
   65   59   54   50   48   47   47   49   53   58   64   71   78   84   88   91
   91   92   93   94   98  107  114  121  129                                   
    45.0-180.0 180.0   5.0 450.0                            LAT/LON1/LON2/DLON/H
  129  132  137  138  138  140  139  137  133  130  127  127  128  128  129  129
  129  129  129  130  129  127  124  120  117  116  115  115  114  110  102   93
   85   79   78   79   82   86   88   90   92   93   94   94   92   89   83   77
   71   66   61   58   55   53   53   54   57   62   68   75   83   89   94   97
   97   98   98   99  102  110  117  123  129                                   
    42.5-180.0 180.0   5.0 450.0                            LAT/LON1/LON2/DLON/H
  128  131  135  139  140  144  146  145  141  139  136  135  135  134  133  133
  132  132  133  133  132  130  128  125  123  122  122  121  119  114  106   98
   90   86   86   88   92   95   97   98  100  101  102  101   99   94   89   83
   78   73   69   65   62   60   60   60   63   67   73   80   88   94  100  103
  103  104  104  103  106  112  118  126  128                                   
    40.0-180.0 180.0   5.0 450.0                            LAT/LON1/LON2/DLON/H
  127  129  133  138  142  147  151  152  150  149  146  145  144  142  140  138
  137  137  137  136  136  135  134  133  132  131  130  128  123  117  110  102
   97   94   95   98  101  102  103  104  105  106  108  107  104   99   94   88
   84   80   76   73   70   67   66   66   68   72   78   85   92   99  104  108
  109  110  110  109  110  115  120  128  127                                   
    37.5-180.0 180.0   5.0 450.0                            LAT/LON1/LON2/DLON/H
  128  129  133  138  144  150  157  159  160  159  157  156  154  151  147  145
  143  142  141  141  141  141  142  143  143  142  139  135  129  122  114  107
  103  103  104  106  107  107  106  106  107  110  112  112  109  105   99   94
   90   87   83   80   76   73   70   70   72   76   82   89   96  102  108  112
  114  115  116  114  115  119  122  132  128                                   
    35.0-180.0 180.0   5.0 450.0                            LAT/LON1/LON2/DLON/H
  133  134  137  143  149  155  164  168  170  170  169  167  164  160  156  152
  149  148  146  145  146  148  151  154  155  154  150  144  136  127  119  114
  111  111  112  112  111  109  106  106  109  113  116  117  115  110  105  100
   96   93   89   84   80   76   73   73   74   78   84   91   99  105  111  116
  118  120  122  121  121  124  127  137  133                                   
    32.5-180.0 180.0   5.0 450.0                            LAT/LON1/LON2/DLON/H
  143  143  147  152  159  165  174  179  182  183  183  180  177  171  165  161
  157  153  151  150  151  154  160  164  167  166  161  153  144  134  126  121
  119  119  118  117  113  109  106  106  109  115  120  122  120  115  110  105
  101   97   93   87   82   77   74   73   74   78   84   92  100  107  113  118
  121  125  128  128  129  131  135  145  143                                   
    30.0-180.0 180.0   5.0 450.0                            LAT/LON1/LON2/DLON/H
  158  158  163  167  175  181  189  194  198  199  199  196  191  185  178  171
  166  161  156  154  156  161  168  174  178  177  172  163  152  142  134  130
  127  126  124  120  115  109  106  107  111  118  124  126  124  119  114  109
  104   99   94   88   82   77   74   72   73   76   83   91   99  107  115  121
  125  130  134  135  137  140  145  155  158                                   
    27.5-180.0 180.0   5.0 450.0                            LAT/LON1/LON2/DLON/H
  177  177  183  187  195  203  210  215  218  219  218  215  210  202  194  186
  178  170  164  160  161  167  175  183  187  186  180  171  160  150  143  138
  135  132  128  123  117  112  109  110  115  122  127  129  126  120  114  109
  104   99   93   86   81   76   72   70   70   73   80   88   98  108  116  124
  129  136  141  143  147  151  158  167  177                                   
    25.0-180.0 180.0   5.0 450.0                            LAT/LON1/LON2/DLON/H
  197  198  205  210  219  229  235  240  243  244  243  239  233  225  216  206
  195  185  175  170  170  175  183  191  194  193  187  178  168  159  152  147
  143  138  132  126  121  117  115  117  121  126  130  129  125  119  112  107
  102   96   90   84   79   74   70   67   67   69   76   85   97  108  119  128
  134  142  148  152  157  162  171  181  197                                   
    22.5-180.0 180.0   5.0 450.0                            LAT/LON1/LON2/DLON/H
  218  220  228  235  245  257  263  268  271  272  271  267  262  253  244  232
  219  205  192  184  183  187  193  199  201  199  192  183  174  166  160  154
  149  143  137  132  129  127  126  127  129  131  132  129  122  115  108  102
   98   93   87   82   78   73   69   66   64   65   71   82   95  109  122  133
  141  150  157  162  169  175  186  195  218                                   
    20.0-180.0 180.0   5.0 450.0                            LAT/LON1/LON2/DLON/H
  238  242  250  258  270  284  290  297  300  302  301  299  293  286  276  264
  249  232  217  206  202  203  207  210  208  204  196  188  179  172  166  161
  155  149  144  141  140  140  141  140  139  138  134  127  119  110  103   98
   94   89   85   81   77   74   69   65   62   62   68   79   93  109  125  139
  148  159  168  173  181  189  201  211  238                                   
    17.5-180.0 180.0   5.0 450.0                            LAT/LON1/LON2/DLON/H
  255  262  270  279  292  306  315  323  327  331  331  329  326  320  311  299
  283  265  247  234  228  226  225  223  217  209  200  191  183  177  171  166
  161  155  152  152  154  156  157  154  150  144  136  127  116  106   99   95
   91   87   83   80   78   75   70   65   61   60   65   76   92  110  129  145
  157  169  179  186  195  204  218  227  255                                   
    15.0-180.0 180.0   5.0 450.0                            LAT/LON1/LON2/DLON/H
  271  282  289  298  311  324  334  342  349  353  355  356  354  351  345  334
  319  300  282  268  258  252  247  239  228  215  204  194  186  180  175  171
  166  163  162  164  169  172  172  167  160  150  140  128  116  106   98   94
   90   87   83   81   79   76   72   66   60   59   63   74   90  111  132  151
  165  180  191  199  208  219  235  244  271                                   
    12.5-180.0 180.0   5.0 450.0                            LAT/LON1/LON2/DLON/H
  286  300  307  314  326  337  347  355  362  368  372  375  376  375  372  365
  352  335  318  303  291  281  269  255  239  222  208  196  188  182  178  175
  172  171  172  176  181  184  183  176  167  155  143  131  118  108  101   96
   91   87   84   81   80   77   72   66   61   58   62   72   89  111  135  156
  173  190  204  212  222  235  252  260  286                                   
    10.0-180.0 180.0   5.0 450.0                            LAT/LON1/LON2/DLON/H
  301  318  324  327  338  346  355  361  369  375  380  385  388  391  391  388
  378  365  349  334  321  307  290  270  249  228  211  198  190  184  181  178
  178  178  181  185  189  190  187  179  168  158  146  134  123  112  105   99
   93   88   83   80   79   76   72   66   60   57   60   70   88  111  136  160
  179  199  215  225  236  250  268  275  301                                   
     7.5-180.0 180.0   5.0 450.0                            LAT/LON1/LON2/DLON/H
  316  334  340  339  348  352  360  363  370  375  380  385  391  396  400  400
  395  385  373  359  344  327  306  281  256  232  213  200  191  185  182  181
