data/edconvlstm_nd/pred0970.15i
     1.0            IONOSPHERE MAPS     GNSS                IONEX VERSION / TYPE
pyspatialgeodesy        IME             05-JAN-18 20:20     PGM / RUN BY / DATE 
Map Name                                                    COMMENT             
Predicted global ionosphere maps (GIM).                     DESCRIPTION         
  2015     4     7     0     0     0                        EPOCH OF FIRST MAP  
  2015     4     8     0     0     0                        EPOCH OF LAST MAP   
  7200                                                      INTERVAL            
    13                                                      # OF MAPS IN FILE   
  NONE                                                      MAPPING FUNCTION    
10.0                                                        ELEVATION CUTOFF    
One-way carrier phase leveled to code                       OBSERVABLES USED    
  6371.0                                                    BASE RADIUS         
 2                                                          MAP DIMENSION       
   450.0 450.0   0.0                                        HGT1 / HGT2 / DHGT  
    87.5 -87.5  -2.5                                        LAT1 / LAT2 / DLAT  
  -180.0 180.0   5.0                                        LON1 / LON2 / DLON  
    -1                                                      EXPONENT            
                                                            END OF HEADER       
     1                                                      START OF TEC MAP    
  2015     4     7     0     0     0                        EPOCH OF CURRENT MAP
    87.5-180.0 180.0   5.0 450.0                            LAT/LON1/LON2/DLON/H
  179  188  196  184  184  186  184  185  187  188  190  193  194  196  197  198
  199  199  199  198  197  195  193  191  188  185  183  180  177  175  172  170
  168  166  165  163  163  162  162  161  161  162  162  163  164  164  165  166
  167  168  168  169  170  171  171  172  172  173  173  173  174  174  174  174
  175  176  177  178  178  176  180  201  179                                   
    85.0-180.0 180.0   5.0 450.0                            LAT/LON1/LON2/DLON/H
  194  193  187  187  193  195  194  195  197  199  202  205  207  210  212  213
  214  214  214  212  210  207  204  200  195  191  186  181  177  173  169  165
  162  160  158  156  155  155  155  155  156  157  158  159  160  162  163  165
  166  167  168  170  171  172  173  174  175  176  177  178  179  180  180  181
  183  184  186  189  183  186  192  204  194                                   
    82.5-180.0 180.0   5.0 450.0                            LAT/LON1/LON2/DLON/H
  191  192  194  193  198  200  199  202  207  209  213  217  221  224  226  228
  228  228  226  224  220  215  210  204  198  191  185  178  172  166  161  157
  153  149  147  145  144  144  144  145  146  147  149  151  153  155  157  159
  160  162  163  165  166  168  170  171  173  175  176  178  180  181  183  185
  186  188  190  190  189  180  189  192  191                                   
    80.0-180.0 180.0   5.0 450.0                            LAT/LON1/LON2/DLON/H
  190  196  193  194  198  202  207  212  217  221  226  231  236  240  242  244
  244  242  239  235  229  223  216  208  200  192  183  176  168  161  155  149
  144  140  137  135  134  134  135  136  138  141  143  146  148  150  152  153
  155  156  158  159  161  163  165  167  170  172  175  178  180  183  185  188
  189  191  192  192  196  188  197  201  190                                   
    77.5-180.0 180.0   5.0 450.0                            LAT/LON1/LON2/DLON/H
  199  198  195  199  201  204  211  218  225  229  236  242  247  251  253  253
  251  248  243  237  229  221  213  204  196  187  178  170  162  155  149  143
  138  134  131  129  128  129  130  132  134  136  139  142  144  145  147  148
  149  150  151  152  154  156  159  162  165  168  172  176  180  183  186  190
  192  195  195  196  200  199  204  212  199                                   
    75.0-180.0 180.0   5.0 450.0                            LAT/LON1/LON2/DLON/H
  214  208  203  206  207  210  215  222  230  235  241  248  252  255  255  253
  248  243  236  228  220  212  204  196  188  180  172  165  158  151  145  139
  135  131  128  127  126  127  128  130  132  135  137  139  140  141  141  141
  141  141  141  142  144  146  149  153  158  163  168  173  178  183  188  192
  195  199  201  199  203  207  214  223  214                                   
    72.5-180.0 180.0   5.0 450.0                            LAT/LON1/LON2/DLON/H
  221  220  214  213  212  213  218  224  232  237  243  249  252  252  249  244
  237  228  219  211  203  195  188  182  175  169  163  156  150  144  139  134
  129  126  124  122  122  123  124  126  128  129  131  131  132  131  130  129
  128  127  127  128  130  133  137  143  149  156  163  170  177  183  189  195
  199  204  208  209  211  214  225  236  221                                   
    70.0-180.0 180.0   5.0 450.0                            LAT/LON1/LON2/DLON/H
  235  231  225  224  221  220  222  227  235  240  246  250  251  249  243  234
  224  212  202  192  184  178  172  167  162  157  152  147  142  137  132  128
  124  121  119  118  117  118  119  121  122  123  123  123  122  120  118  116
  114  113  113  115  118  122  128  135  143  152  161  170  178  185  193  199
  204  209  215  218  223  228  238  249  235                                   
    67.5-180.0 180.0   5.0 450.0                            LAT/LON1/LON2/DLON/H
  248  248  240  235  230  227  226  230  237  241  247  251  251  247  238  226
  213  199  187  177  169  163  159  155  151  147  142  137  132  127  123  119
  115  113  110  109  108  108  109  110  111  112  112  110  108  106  103  100
   99   98   99  102  107  113  121  131  141  152  163  174  183  191  198  205
  209  215  221  224  231  237  248  262  248                                   
    65.0-180.0 180.0   5.0 450.0                            LAT/LON1/LON2/DLON/H
  257  258  251  245  238  232  229  231  237  242  248  252  252  246  235  222
  207  192  179  169  162  156  152  148  143  139  133  128  123  118  114  110
  106  103  100   98   97   97   98   99  100  100   99   97   95   92   89   86
   85   85   88   93  100  109  119  131  144  157  170  182  192  200  207  212
  216  220  226  229  236  244  256  271  257                                   
    62.5-180.0 180.0   5.0 450.0                            LAT/LON1/LON2/DLON/H
  262  267  261  253  245  237  231  232  237  242  248  253  253  247  237  223
  207  193  180  170  163  157  152  147  141  135  128  122  116  111  107  102
   98   94   90   87   86   86   87   89   90   90   90   87   85   81   78   76
   76   77   81   88   98  109  123  137  152  167  182  195  205  213  219  224
  226  228  233  235  240  249  260  276  262                                   
    60.0-180.0 180.0   5.0 450.0                            LAT/LON1/LON2/DLON/H
  265  272  268  261  252  242  235  234  238  242  248  253  254  250  241  228
  214  200  189  179  171  165  158  151  143  135  127  120  114  109  104   99
   94   88   84   80   79   79   81   83   85   86   85   83   80   76   73   72
   72   75   80   89  101  114  130  146  163  180  196  210  222  230  235  238
  239  240  243  244  246  253  262  278  265                                   
    57.5-180.0 180.0   5.0 450.0                            LAT/LON1/LON2/DLON/H
  270  280  277  270  261  250  242  239  241  244  248  253  255  253  246  236
  224  212  201  192  183  175  166  157  148  139  131  124  118  113  107  101
   95   88   83   79   77   78   81   84   86   86   86   84   81   78   75   74
   75   78   85   94  107  122  139  157  176  195  212  227  239  247  252  255
  255  255  257  256  256  259  266  282  270                                   
    55.0-180.0 180.0   5.0 450.0                            LAT/LON1/LON2/DLON/H
  280  291  289  283  276  265  257  252  251  250  252  254  256  255  251  244
  235  225  214  204  194  185  176  166  157  148  140  134  129  123  117  110
  102   93   87   83   82   83   86   90   92   92   92   90   88   85   84   83
   84   87   93  103  116  132  150  169  189  209  227  243  255  264  269  273
  272  272  275  273  270  270  275  290  280                                   
    52.5-180.0 180.0   5.0 450.0                            LAT/LON1/LON2/DLON/H
  297  309  306  302  297  287  280  272  268  263  260  259  258  257  255  250
  243  234  224  214  203  193  184  175  167  160  154  149  144  138  131  122
  113  103   96   92   91   93   97  100  102  102  101  100   99   98   97   96
   97   99  104  113  125  140  159  179  200  220  240  256  269  277  283  287
  288  290  293  290  287  285  289  303  297                                   
    50.0-180.0 180.0   5.0 450.0                            LAT/LON1/LON2/DLON/H
  320  332  330  327  324  318  311  302  295  284  275  268  264  261  258  255
  249  240  230  218  208  199  191  185  180  175  171  167  162  156  147  136
  124  114  106  103  103  106  109  111  113  113  113  112  112  112  112  112
  112  113  116  123  133  148  166  186  208  229  248  265  277  286  293  298
  302  306  311  308  306  304  309  322  320                                   
    47.5-180.0 180.0   5.0 450.0                            LAT/LON1/LON2/DLON/H
  347  359  358  357  356  353  349  339  329  314  298  285  275  268  264  259
  252  242  231  220  210  203  199  195  193  191  188  185  179  170  159  145
  132  122  115  113  114  117  120  122  123  123  123  124  125  127  128  128
  127  126  127  131  140  153  171  192  214  235  254  270  282  291  298  305
  311  319  326  325  328  326  333  345  347                                   
    45.0-180.0 180.0   5.0 450.0                            LAT/LON1/LON2/DLON/H
  374  388  388  388  388  388  386  378  367  348  328  308  292  281  273  266
  256  244  232  221  214  209  207  207  206  205  203  198  189  177  162  147
  134  124  120  119  122  125  128  130  131  131  132  134  137  140  142  142
  141  138  137  139  146  158  176  197  220  241  260  275  286  294  301  309
  318  328  338  341  348  349  357  368  374                                   
    42.5-180.0 180.0   5.0 450.0                            LAT/LON1/LON2/DLON/H
  397  415  416  415  416  418  418  412  402  382  359  335  315  300  288  276
  263  249  236  227  221  220  220  220  219  217  211  202  188  172  156  141
  130  123  121  123  127  131  135  137  138  139  141  144  148  152  154  154
  152  149  146  146  151  163  181  203  227  248  267  282  292  299  306  314
  323  335  347  354  365  368  377  388  397                                   
    40.0-180.0 180.0   5.0 450.0                            LAT/LON1/LON2/DLON/H
  416  437  438  436  437  439  440  437  428  410  387  362  341  323  308  293
  276  260  248  240  236  236  235  233  229  221  210  196  179  162  145  133
  126  123  125  128  133  138  141  144  146  148  151  155  159  162  164  163
  161  157  153  152  156  168  186  208  232  255  274  289  300  308  314  321
  331  343  355  365  378  383  393  405  416                                   
    37.5-180.0 180.0   5.0 450.0                            LAT/LON1/LON2/DLON/H
  430  453  454  450  452  453  453  452  446  430  409  387  366  348  331  313
  295  278  267  260  258  256  252  244  233  219  203  186  168  152  138  130
  128  130  134  139  143  148  151  155  158  162  165  168  170  171  171  169
  166  162  158  156  160  170  188  210  235  258  279  295  307  317  324  332
  341  353  365  375  388  397  408  421  430                                   
    35.0-180.0 180.0   5.0 450.0                            LAT/LON1/LON2/DLON/H
  444  468  469  465  467  466  465  464  460  446  428  408  389  372  354  336
  317  301  291  286  282  276  266  251  233  214  196  179  163  151  142  139
  142  147  152  156  160  163  167  171  176  180  183  184  183  180  176  172
  168  165  162  160  162  171  187  208  233  256  278  296  311  323  334  344
  355  366  378  387  400  411  426  439  444                                   
    32.5-180.0 180.0   5.0 450.0                            LAT/LON1/LON2/DLON/H
  463  486  488  487  489  489  486  484  479  466  448  430  412  395  377  358
  340  325  316  310  303  292  274  252  230  210  194  182  171  164  161  163
  169  176  180  182  183  184  188  193  198  201  202  200  194  187  180  174
  171  168  165  163  163  170  183  204  227  251  273  293  312  329  344  359
  372  384  396  405  417  431  449  463  463                                   
    30.0-180.0 180.0   5.0 450.0                            LAT/LON1/LON2/DLON/H
  491  510  517  524  528  529  525  522  514  499  479  458  439  420  400  380
  361  347  337  328  316  298  275  251  230  215  206  200  197  195  198  203
  211  216  217  214  211  210  213  217  221  222  220  214  205  194  185  178
  174  172  170  166  165  168  179  197  219  243  266  289  312  335  358  378
  396  411  423  431  444  458  479  495  491                                   
    27.5-180.0 180.0   5.0 450.0                            LAT/LON1/LON2/DLON/H
  531  542  560  578  588  592  589  585  574  554  529  502  477  452  427  403
  381  364  351  337  318  296  272  252  238  232  232  235  239  244  249  255
  261  262  257  248  241  237  237  240  242  240  234  225  213  201  190  183
  180  179  177  173  169  169  177  193  214  238  262  288  316  345  375  402
  427  447  460  468  484  497  520  536  531                                   
    25.0-180.0 180.0   5.0 450.0                            LAT/LON1/LON2/DLON/H
  580  583  617  652  669  679  679  675  661  636  604  568  532  497  463  431
  403  380  360  338  314  290  271  260  258  264  275  286  296  303  308  311
  311  305  294  279  267  260  258  259  257  252  243  231  218  206  196  190
  187  186  184  179  173  172  179  194  216  240  267  295  326  360  395  428
  460  486  504  515  534  544  570  587  580                                   
    22.5-180.0 180.0   5.0 450.0                            LAT/LON1/LON2/DLON/H
  636  631  687  737  765  782  786  785  771  743  703  657  609  561  515  471
  433  400  370  340  312  290  279  281  293  310  329  345  356  361  361  358
  350  338  321  303  287  278  274  271  266  257  246  234  222  211  202  196
  193  191  187  181  174  173  180  197  220  248  277  308  343  379  416  454
  491  522  545  563  587  595  623  644  636                                   
    20.0-180.0 180.0   5.0 450.0                            LAT/LON1/LON2/DLON/H
  693  684  757  821  857  882  893  897  888  862  819  766  706  646  585  528
  477  432  391  353  321  303  303  318  342  367  388  402  407  404  394  382
  369  353  333  313  297  287  281  277  269  259  247  236  226  218  211  205
  201  197  191  182  175  173  182  201  228  258  290  324  361  400  438  477
  517  552  580  606  633  639  670  698  693                                   
    17.5-180.0 180.0   5.0 450.0                            LAT/LON1/LON2/DLON/H
  745  736  816  885  925  957  976  989  989  971  933  879  814  745  674  604
  540  482  429  384  351  339  348  373  403  427  441  444  434  417  396  378
  361  345  327  308  295  287  282  277  269  258  248  240  233  228  223  218
  212  205  196  185  176  175  185  207  235  267  301  337  377  417  457  497
  538  575  607  640  670  673  706  742  745                                   
    15.0-180.0 180.0   5.0 450.0                            LAT/LON1/LON2/DLON/H
  782  777  853  917  957  993 1019 1040 1051 1046 1020  975  916  846  770  693
  619  551  490  439  406  399  415  444  470  482  477  457  428  396  368  347
  331  317  304  291  282  278  275  271  263  253  245  239  237  235  232  227
  219  209  196  183  174  174  186  211  242  275  309  347  388  429  470  510
  552  591  627  664  694  696  728  772  782                                   
    12.5-180.0 180.0   5.0 450.0                            LAT/LON1/LON2/DLON/H
  799  803  865  917  952  987 1016 1043 1065 1075 1064 1035  990  930  860  783
  706  634  570  518  487  482  498  521  531  517  483  437  391  351  321  301
  290  283  277  271  267  265  263  259  250  241  234  232  232  234  232  226
  215  202  186  171  163  165  182  210  244  278  314  353  395  438  479  518
  559  599  637  675  704  707  739  788  799                                   
    10.0-180.0 180.0   5.0 450.0                            LAT/LON1/LON2/DLON/H
  804  815  859  894  919  948  975 1004 1033 1054 1060 1049 1023  982  925  859
  788  720  659  611  583  577  585  588  567  519  456  392  338  298  272  262
  260  261  261  259  257  256  252  246  236  227  221  219  222  224  223  215
  202  185  167  153  146  152  173  204  239  275  313  354  400  445  487  526
  565  603  641  677  704  712  744  795  804                                   
     7.5-180.0 180.0   5.0 450.0                            LAT/LON1/LON2/DLON/H
  808  826  851  866  877  893  910  934  964  991 1008 1015 1009  989  953  904
  847  791  741  702  676  664  651  621  565  488  407  337  286  257  246  248
