data/edconvlstm_nd/pred0210.15i
     1.0            IONOSPHERE MAPS     GNSS                IONEX VERSION / TYPE
pyspatialgeodesy        IME             05-JAN-18 20:20     PGM / RUN BY / DATE 
Map Name                                                    COMMENT             
Predicted global ionosphere maps (GIM).                     DESCRIPTION         
  2015     1    21     0     0     0                        EPOCH OF FIRST MAP  
  2015     1    22     0     0     0                        EPOCH OF LAST MAP   
  7200                                                      INTERVAL            
    13                                                      # OF MAPS IN FILE   
  NONE                                                      MAPPING FUNCTION    
10.0                                                        ELEVATION CUTOFF    
One-way carrier phase leveled to code                       OBSERVABLES USED    
  6371.0                                                    BASE RADIUS         
 2                                                          MAP DIMENSION       
   450.0 450.0   0.0                                        HGT1 / HGT2 / DHGT  
    87.5 -87.5  -2.5                                        LAT1 / LAT2 / DLAT  
  -180.0 180.0   5.0                                        LON1 / LON2 / DLON  
    -1                                                      EXPONENT            
                                                            END OF HEADER       
[from data line 5148]
    13                                                      START OF TEC MAP    
  2015     1    22     0     0     0                        EPOCH OF CURRENT MAP
    87.5-180.0 180.0   5.0 450.0                            LAT/LON1/LON2/DLON/H
   85   81   81   72   69   73   70   69   70   69   70   71   71   71   72   72
   72   72   72   72   72   71   71   71   71   71   71   72   72   72   72   73
   73   74   74   74   75   75   75   76   76   76   76   76   76   76   76   75
   75   74   73   73   72   71   71   70   69   68   68   67   66   66   65   65
   65   65   65   65   60   71   84   88   85                                   
    85.0-180.0 180.0   5.0 450.0                            LAT/LON1/LON2/DLON/H
   80   84   69   74   73   79   76   75   76   75   76   76   77   77   77   77
   77   77   77   77   76   76   76   75   75   75   75   75   75   75   75   76
   76   77   78   78   79   80   81   82   83   84   85   86   86   86   86   86
   86   85   85   84   83   82   81   79   78   77   76   75   74   73   72   72
   72   71   73   76   77   86   99   97   80                                   
    82.5-180.0 180.0   5.0 450.0                            LAT/LON1/LON2/DLON/H
   79   73   89   83   79   86   83   82   84   84   84   85   86   86   86   86
   85   85   84   83   82   81   80   79   78   77   77   76   76   76   76   76
   77   78   79   80   81   83   85   86   88   90   91   93   94   94   95   95
   94   94   93   91   90   88   87   85   83   82   80   79   77   76   76   76
   75   74   76   76   82   77   87   91   79                                   
    80.0-180.0 180.0   5.0 450.0                            LAT/LON1/LON2/DLON/H
   96   86   88   82   82   83   84   84   87   86   86   87   87   87   87   86
   85   84   83   81   79   78   76   75   73   72   71   70   69   68   68   68
   69   69   70   72   73   75   77   80   82   85   87   89   90   91   92   92
   91   90   89   88   86   84   82   80   77   76   74   72   71   70   70   70
   69   69   71   72   88   80   94  105   96                                   
    77.5-180.0 180.0   5.0 450.0                            LAT/LON1/LON2/DLON/H
  113   97   90   96   88   88   88   91   93   92   93   93   93   92   91   90
   88   86   83   81   78   76   74   72   71   69   68   67   65   65   64   64
   64   65   66   67   68   70   72   75   77   80   82   84   86   87   87   87
   86   85   83   82   80   78   75   73   71   69   67   66   64   64   64   65
   66   68   71   76   85   87   93  115  113                                   
    75.0-180.0 180.0   5.0 450.0                            LAT/LON1/LON2/DLON/H
  130  108  106  111  102  102   98  100  102   99   98   98   96   94   91   88
   85   81   78   75   72   70   69   67   66   65   64   63   62   62   61   61
   61   61   61   62   63   65   67   69   72   74   76   78   79   80   80   80
   78   77   75   74   72   70   68   66   64   63   61   60   59   60   61   63
   64   69   75   76   87   99  103  120  130                                   
    72.5-180.0 180.0   5.0 450.0                            LAT/LON1/LON2/DLON/H
  140  126  126  128  122  118  114  115  116  112  110  108  104  100   95   90
   84   79   75   71   68   66   65   64   64   63   63   62   61   61   60   59
   58   58   57   57   58   59   60   61   63   64   66   67   68   68   68   67
   66   64   63   62   61   60   58   57   56   55   54   53   54   55   58   61
   65   70   81   86   97  109  118  134  140                                   
    70.0-180.0 180.0   5.0 450.0                            LAT/LON1/LON2/DLON/H
  160  150  148  150  143  139  133  132  132  127  123  118  113  106   98   90
   83   76   70   66   63   62   61   62   62   63   63   63   62   61   59   58
   57   56   55   55   55   55   55   56   57   58   59   60   61   61   60   59
   58   57   56   56   56   56   56   56   55   55   55   55   55   57   61   66
   70   77   89   97  110  125  131  144  160                                   
    67.5-180.0 180.0   5.0 450.0                            LAT/LON1/LON2/DLON/H
  177  172  168  169  162  157  149  147  145  139  133  127  119  110  100   90
   80   72   65   60   57   56   56   57   58   59   59   59   57   55   54   52
   51   50   49   48   47   47   47   47   48   49   50   51   51   50   49   48
   47   47   47   47   48   50   51   52   53   53   54   54   56   58   62   68
   73   81   95  104  120  136  142  154  177                                   
    65.0-180.0 180.0   5.0 450.0                            LAT/LON1/LON2/DLON/H
  189  188  184  184  179  173  164  161  159  151  144  137  128  117  105   94
   82   72   64   59   55   54   55   56   57   57   57   55   53   50   48   45
   44   42   41   40   40   39   39   40   41   42   43   44   44   44   43   41
   40   40   41   43   45   48   50   53   55   56   57   59   61   64   69   75
   80   88  102  112  128  144  151  164  189                                   
    62.5-180.0 180.0   5.0 450.0                            LAT/LON1/LON2/DLON/H
  199  202  198  198  194  189  179  175  172  164  156  148  138  127  115  103
   91   81   72   65   62   60   59   59   59   58   56   53   49   46   42   40
   38   37   36   36   35   35   35   36   38   40   42   43   44   43   42   40
   39   39   41   43   47   51   55   58   61   63   65   68   71   75   81   87
   92   99  112  121  135  151  159  172  199                                   
    60.0-180.0 180.0   5.0 450.0                            LAT/LON1/LON2/DLON/H
  204  213  211  210  207  201  192  188  184  175  167  158  148  137  126  115
  104   94   85   78   72   68   66   63   61   58   54   50   45   41   38   35
   34   33   33   33   33   34   35   36   38   41   44   46   47   46   44   42
   41   42   44   47   51   56   60   65   68   71   74   78   82   88   94  101
  106  112  124  131  143  157  165  180  204                                   
    57.5-180.0 180.0   5.0 450.0                            LAT/LON1/LON2/DLON/H
  211  224  224  222  219  214  205  200  196  186  177  167  157  148  139  131
  122  113  103   94   86   79   74   69   64   59   54   48   43   39   36   33
   32   32   33   34   36   37   38   41   43   47   50   52   53   52   50   48
   47   47   50   54   58   63   68   72   76   79   83   88   94  101  109  117
  122  128  139  145  155  165  173  189  211                                   
    55.0-180.0 180.0   5.0 450.0                            LAT/LON1/LON2/DLON/H
  221  236  237  235  234  229  219  214  208  197  186  175  166  158  152  146
  140  132  122  112  101   91   82   75   68   62   55   50   45   40   37   36
   35   36   38   41   43   46   48   50   53   56   59   61   62   61   59   57
   56   57   59   63   68   72   76   80   82   86   90   96  103  112  122  131
  137  144  154  161  170  176  183  199  221                                   
    52.5-180.0 180.0   5.0 450.0                            LAT/LON1/LON2/DLON/H
  233  252  252  249  250  246  236  230  222  209  195  182  173  166  163  161
  157  150  139  127  114  102   91   82   75   67   61   55   50   47   44   43
   43   45   49   53   57   60   62   64   66   68   71   72   73   72   70   68
   67   68   71   75   79   82   85   86   88   91   95  101  110  120  132  143
  150  158  169  176  184  188  195  210  233                                   
    50.0-180.0 180.0   5.0 450.0                            LAT/LON1/LON2/DLON/H
  248  268  267  265  268  265  256  250  239  223  206  191  180  173  172  171
  169  162  151  138  123  111  100   91   84   77   71   66   62   58   56   55
   56   59   64   69   74   77   79   80   80   81   83   84   84   83   81   80
   80   82   85   89   91   93   93   93   93   95   99  105  114  125  137  149
  159  168  180  188  198  202  207  222  248                                   
    47.5-180.0 180.0   5.0 450.0                            LAT/LON1/LON2/DLON/H
  263  284  280  281  287  285  278  271  259  240  220  201  188  180  178  178
  176  169  158  144  131  119  110  103   97   92   87   82   78   75   72   70
   71   74   80   86   91   94   95   95   94   93   93   94   94   93   93   93
   94   97  100  103  104  104  102  100   99   99  102  108  116  127  139  152
  162  173  186  196  208  214  219  232  263                                   
    45.0-180.0 180.0   5.0 450.0                            LAT/LON1/LON2/DLON/H
  273  295  291  295  303  303  299  293  281  260  237  215  198  189  185  183
  180  172  161  149  138  130  125  121  116  112  107  102   97   92   88   85
   84   87   93   99  104  107  107  105  103  102  101  101  102  102  103  105
  107  110  113  116  116  114  111  108  106  106  108  113  120  129  139  151
  161  173  187  198  212  222  228  238  273                                   
    42.5-180.0 180.0   5.0 450.0                            LAT/LON1/LON2/DLON/H
  278  300  296  303  313  315  314  312  301  281  256  232  213  200  194  189
  184  175  165  156  150  147  145  144  140  134  128  121  114  106  100   95
   93   95  101  107  111  114  113  111  108  106  106  107  108  110  111  114
  117  121  124  126  125  123  119  116  114  114  116  120  126  132  140  149
  158  170  184  196  211  224  231  240  278                                   
    40.0-180.0 180.0   5.0 450.0                            LAT/LON1/LON2/DLON/H
  278  298  294  303  313  317  320  321  316  298  275  251  230  215  206  199
  191  182  174  170  169  170  171  168  162  153  143  133  123  114  106  101
   99  100  105  110  114  115  114  111  109  108  109  110  112  114  117  120
  123  127  130  131  131  129  126  123  123  124  126  130  134  138  143  150
  157  167  182  193  208  222  230  239  278                                   
    37.5-180.0 180.0   5.0 450.0                            LAT/LON1/LON2/DLON/H
  275  293  289  296  306  310  315  321  320  308  289  268  249  233  222  212
  204  196  192  191  194  197  197  190  178  163  149  137  127  118  110  105
  104  105  109  112  114  114  111  109  108  108  110  112  115  117  120  122
  126  128  131  132  131  130  128  128  129  132  136  141  144  148  152  157
  163  171  185  196  208  221  230  241  275                                   
    35.0-180.0 180.0   5.0 450.0                            LAT/LON1/LON2/DLON/H
  275  291  285  288  296  299  304  312  316  310  297  281  265  251  240  230
  222  217  216  218  222  222  215  201  182  162  146  135  127  121  116  114
  113  115  117  118  117  114  110  108  108  110  112  115  117  119  120  122
  124  125  127  127  127  127  127  128  132  137  144  151  156  161  167  173
  178  186  200  209  219  230  239  252  275                                   
    32.5-180.0 180.0   5.0 450.0                            LAT/LON1/LON2/DLON/H
  286  300  292  288  292  292  294  301  308  306  299  289  278  267  257  249
  243  241  242  244  245  238  222  199  174  153  139  132  130  129  129  130
  131  132  131  129  125  119  113  110  110  113  117  119  120  120  120  120
  119  119  118  119  119  120  121  124  129  138  148  159  169  178  188  197
  205  214  228  237  245  252  261  275  286                                   
    30.0-180.0 180.0   5.0 450.0                            LAT/LON1/LON2/DLON/H
  311  327  315  303  302  297  294  299  304  303  300  294  287  279  271  266
  263  262  263  263  256  241  216  186  160  142  134  135  141  147  152  156
  158  157  154  148  139  129  121  117  117  120  123  123  122  120  118  115
  113  110  108  108  109  110  112  116  124  135  150  166  182  198  214  229
  242  254  270  279  287  291  299  312  311                                   
    27.5-180.0 180.0   5.0 450.0                            LAT/LON1/LON2/DLON/H
  353  373  358  338  332  321  313  311  312  309  305  300  295  289  283  279
  277  277  275  269  253  229  198  168  146  136  139  149  163  176  186  192
  193  190  183  172  159  145  135  129  128  129  130  128  124  119  115  110
  105  101   99   99  100  101  103  108  117  131  150  172  196  220  245  269
  288  306  324  333  342  346  351  362  353                                   
    25.0-180.0 180.0   5.0 450.0                            LAT/LON1/LON2/DLON/H
  410  437  418  394  382  367  354  345  337  328  319  312  305  298  292  287
  285  282  274  260  237  207  177  154  141  143  156  177  198  216  228  234
  233  227  215  199  181  164  151  143  140  139  137  133  126  118  111  105
   99   95   93   93   94   95   98  102  112  129  153  181  212  244  278  311
  339  364  385  395  407  414  415  422  410                                   
    22.5-180.0 180.0   5.0 450.0                            LAT/LON1/LON2/DLON/H
  472  509  493  466  451  433  416  399  383  364  348  334  322  311  301  293
  286  278  263  241  213  185  163  151  152  166  189  217  242  260  270  273
  268  257  241  221  200  181  166  156  151  148  143  136  126  117  108  101
   95   91   89   90   92   93   95  100  111  130  158  192  229  269  311  352
  388  419  444  456  472  483  485  484  472                                   
    20.0-180.0 180.0   5.0 450.0                            LAT/LON1/LON2/DLON/H
  532  578  571  547  530  513  494  470  444  416  390  368  349  331  314  300
  287  270  248  221  194  174  165  168  182  206  236  264  287  300  304  301
  290  274  254  232  211  192  178  168  162  156  148  138  126  115  106   99
   94   90   89   90   92   93   95  100  113  135  166  204  247  292  339  384
  426  462  489  505  526  540  546  539  532                                   
    17.5-180.0 180.0   5.0 450.0                            LAT/LON1/LON2/DLON/H
  580  633  636  618  604  591  574  547  515  479  444  413  386  360  335  314
  292  268  241  213  192  183  189  206  232  261  290  313  326  329  323  311
  294  273  251  230  212  197  186  177  170  162  152  139  126  114  106   99
   94   91   90   92   94   95   97  104  118  143  177  218  263  311  360  407
  451  488  517  536  561  576  588  579  580                                   
    15.0-180.0 180.0   5.0 450.0                            LAT/LON1/LON2/DLON/H
  609  664  675  667  658  653  641  617  583  542  502  465  430  397  366  337
  309  280  251  227  214  218  238  266  296  324  344  354  352  340  323  302
  279  256  235  218  206  198  190  184  176  168  156  142  128  116  108  102
   97   94   94   95   96   98  101  110  127  154  190  232  278  326  374  420
  462  498  527  548  575  590  609  599  609                                   
    12.5-180.0 180.0   5.0 450.0                            LAT/LON1/LON2/DLON/H
  618  669  684  686  684  688  685  667  636  596  555  515  478  441  405  371
  340  310  283  265  262  278  307  340  367  384  388  379  360  334  306  279
  253  230  213  203  199  197  193  189  182  173  161  146  132  121  112  107
  102   99   98   98  100  102  108  120  139  168  204  246  291  337  383  425
  463  496  524  546  572  587  610  603  618                                   
    10.0-180.0 180.0   5.0 450.0                            LAT/LON1/LON2/DLON/H
  609  652  670  678  683  695  699  690  667  632  594  558  523  486  450  415
  384  356  334  325  333  357  389  417  432  430  414  385  349  313  280  251
  226  207  197  194  195  197  196  193  187  179  167  153  139  127  119  114
  109  105  103  102  103  107  115  131  153  182  217  257  300  344  386  425
  458  487  513  536  559  575  598  596  609                                   
     7.5-180.0 180.0   5.0 450.0                            LAT/LON1/LON2/DLON/H
  592  626  642  653  662  678  688  688  673  647  617  588  558  526  493  462
  435  414  401  401  416  443  468  481  475  451  414  370  326  287  255  229
