data/edconvlstm_nd/pred3360.15i
     1.0            IONOSPHERE MAPS     GNSS                IONEX VERSION / TYPE
pyspatialgeodesy        IME             05-JAN-18 20:20     PGM / RUN BY / DATE 
Map Name                                                    COMMENT             
Predicted global ionosphere maps (GIM).                     DESCRIPTION         
  2015    12     2     0     0     0                        EPOCH OF FIRST MAP  
  2015    12     3     0     0     0                        EPOCH OF LAST MAP   
  7200                                                      INTERVAL            
    13                                                      # OF MAPS IN FILE   
  NONE                                                      MAPPING FUNCTION    
10.0                                                        ELEVATION CUTOFF    
One-way carrier phase leveled to code                       OBSERVABLES USED    
  6371.0                                                    BASE RADIUS         
 2                                                          MAP DIMENSION       
   450.0 450.0   0.0                                        HGT1 / HGT2 / DHGT  
    87.5 -87.5  -2.5                                        LAT1 / LAT2 / DLAT  
  -180.0 180.0   5.0                                        LON1 / LON2 / DLON  
    -1                                                      EXPONENT            
                                                            END OF HEADER       
[from data line 429]
     2                                                      START OF TEC MAP    
  2015    12     2     2     0     0                        EPOCH OF CURRENT MAP
    87.5-180.0 180.0   5.0 450.0                            LAT/LON1/LON2/DLON/H
   56   59   51   52   51   53   49   47   48   49   49   50   50   51   51   51
   50   50   49   48   47   46   45   44   43   42   41   40   39   39   38   38
   37   37   37   37   38   38   38   39   39   40   41   41   42   42   43   43
   44   44   44   44   44   44   44   44   44   44   44   44   44   43   43   44
   45   45   43   42   41   59   62   54   56                                   
    85.0-180.0 180.0   5.0 450.0                            LAT/LON1/LON2/DLON/H
   48   58   48   53   54   56   53   52   54   54   55   55   56   56   57   56
   56   55   54   53   51   49   48   46   44   42   41   40   39   38   37   37
   37   37   38   39   40   41   42   43   45   46   47   48   49   50   51   52
   52   53   53   53   53   52   52   52   51   51   51   51   50   50   50   51
   52   52   50   52   57   57   70   57   48                                   
    82.5-180.0 180.0   5.0 450.0                            LAT/LON1/LON2/DLON/H
   42   41   58   53   52   55   53   52   55   56   57   58   59   60   60   60
   59   57   55   53   50   47   44   41   38   36   33   31   30   29   28   28
   28   29   30   32   33   35   38   40   42   44   47   49   50   52   53   54
   54   55   55   54   54   53   53   52   51   51   51   50   50   50   50   51
   51   51   49   46   58   48   54   59   42                                   
    80.0-180.0 180.0   5.0 450.0                            LAT/LON1/LON2/DLON/H
   56   55   59   52   52   50   51   51   55   57   57   60   61   62   62   62
   61   59   56   53   50   47   43   40   36   33   31   29   27   26   25   25
   26   27   28   30   32   35   37   40   43   45   48   50   52   54   55   56
   56   56   56   55   54   54   53   52   51   51   50   50   50   50   50   52
   53   51   51   49   65   58   59   67   56                                   
    77.5-180.0 180.0   5.0 450.0                            LAT/LON1/LON2/DLON/H
   66   65   58   53   49   48   49   51   55   56   58   60   62   63   63   62
   61   58   55   52   48   44   40   36   32   29   27   24   23   22   22   22
   23   24   26   28   30   33   35   38   41   44   47   49   51   53   54   55
   55   55   54   53   52   51   50   49   48   48   48   48   48   49   50   51
   52   53   52   54   62   56   57   63   66                                   
    75.0-180.0 180.0   5.0 450.0                            LAT/LON1/LON2/DLON/H
   67   65   62   58   50   49   48   50   54   55   56   58   59   59   59   58
   56   53   50   46   43   39   35   32   29   27   25   23   23   22   23   23
   24   25   27   28   30   32   34   36   39   41   44   46   48   50   50   51
   50   49   48   47   46   45   45   45   45   45   46   47   48   49   51   53
   54   56   57   55   64   64   64   68   67                                   
    72.5-180.0 180.0   5.0 450.0                            LAT/LON1/LON2/DLON/H
   73   71   68   61   55   52   52   53   56   56   57   58   58   57   56   54
   51   48   45   42   39   36   34   32   30   28   27   27   27   27   28   29
   29   30   30   31   31   32   33   35   37   39   41   43   44   45   45   45
   44   43   42   41   41   41   42   43   45   46   48   50   52   54   57   60
   62   64   69   68   75   74   74   78   73                                   
    70.0-180.0 180.0   5.0 450.0                            LAT/LON1/LON2/DLON/H
   84   80   78   73   65   60   59   59   62   61   60   60   59   56   53   50
   46   43   41   39   37   35   34   33   32   32   33   33   34   35   36   36
   36   36   35   34   34   33   33   33   35   36   38   39   40   41   41   40
   39   38   37   37   38   40   42   46   49   53   56   60   62   65   68   72
   74   76   81   82   89   88   88   87   84                                   
    67.5-180.0 180.0   5.0 450.0                            LAT/LON1/LON2/DLON/H
   92   89   85   79   70   64   62   62   63   62   60   58   55   51   46   42
   38   36   34   33   32   32   32   32   32   33   34   35   37   38   38   38
   37   35   33   31   29   27   26   26   26   28   29   30   31   31   30   29
   28   27   27   28   30   34   40   45   52   57   63   67   70   73   75   79
   81   83   89   90   97   97   96   95   92                                   
    65.0-180.0 180.0   5.0 450.0                            LAT/LON1/LON2/DLON/H
  100   95   90   85   75   68   66   66   67   65   62   60   55   49   43   39
   35   32   31   31   31   31   32   32   33   34   35   37   38   39   39   38
   36   33   30   27   24   22   20   20   21   22   23   24   24   24   23   22
   21   20   21   23   27   34   41   50   59   67   73   78   82   84   86   89
   90   92   97   97  105  105  105  104  100                                   
    62.5-180.0 180.0   5.0 450.0                            LAT/LON1/LON2/DLON/H
  105  101   96   91   81   74   71   71   72   70   66   63   57   51   45   40
   36   34   33   33   33   33   34   34   34   35   36   37   38   38   37   36
   33   30   26   23   21   19   18   18   18   20   21   22   23   22   21   20
   18   18   20   23   29   38   48   59   69   79   86   92   95   97   99  100
  101  101  105  105  111  111  112  111  105                                   
    60.0-180.0 180.0   5.0 450.0                            LAT/LON1/LON2/DLON/H
  110  106  101   95   85   77   74   74   74   72   68   65   59   53   47   42
   39   37   36   36   36   35   34   34   33   33   34   35   35   34   33   31
   28   25   22   20   18   17   17   17   19   20   22   24   24   23   22   20
   19   19   22   26   34   43   55   67   79   89   97  103  106  108  109  110
  109  109  112  111  116  116  116  115  110                                   
    57.5-180.0 180.0   5.0 450.0                            LAT/LON1/LON2/DLON/H
  117  113  108  101   91   83   78   76   76   73   69   66   61   56   51   47
   44   42   41   40   38   36   34   32   31   30   31   31   31   30   29   27
   25   22   21   20   19   19   20   21   23   25   27   29   30   29   27   26
   25   26   28   34   42   53   64   77   88   98  106  112  115  117  118  119
  118  117  120  118  122  121  122  122  117                                   
    55.0-180.0 180.0   5.0 450.0                            LAT/LON1/LON2/DLON/H
  128  124  118  112  101   90   84   80   77   72   68   65   61   58   55   52
   50   47   44   41   38   34   31   29   28   27   28   28   28   28   26   25
   23   23   22   23   24   25   26   28   30   33   35   37   38   38   36   35
   35   36   40   46   54   64   75   86   96  105  112  117  121  123  125  127
  127  127  130  128  132  130  132  132  128                                   
    52.5-180.0 180.0   5.0 450.0                            LAT/LON1/LON2/DLON/H
  144  141  134  127  116  103   95   87   81   73   67   64   61   59   58   56
   54   50   46   41   37   32   29   27   26   26   27   28   29   28   27   26
   26   26   28   30   32   33   35   37   39   42   45   47   48   49   48   48
   48   51   55   61   68   77   86   95  103  110  115  120  124  128  131  135
  137  137  141  140  144  141  144  144  144                                   
    50.0-180.0 180.0   5.0 450.0                            LAT/LON1/LON2/DLON/H
  164  161  153  147  135  121  110   98   87   76   68   64   61   60   60   59
   56   51   46   40   35   31   28   27   27   29   30   32   32   32   31   30
   31   33   36   39   42   45   46   47   49   52   55   58   60   61   61   62
   64   67   72   78   84   91   98  104  109  113  118  122  127  132  137  143
  146  149  153  153  157  155  158  158  164                                   
    47.5-180.0 180.0   5.0 450.0                            LAT/LON1/LON2/DLON/H
  184  182  173  169  157  142  128  113   98   83   72   66   63   62   62   60
   57   51   44   39   34   31   29   30   31   34   36   38   38   37   36   36
   38   41   46   50   53   55   56   57   58   61   64   67   70   72   74   77
   80   84   89   94   99  104  109  112  115  117  121  125  130  135  142  150
  155  159  164  164  169  168  171  171  184                                   
    45.0-180.0 180.0   5.0 450.0                            LAT/LON1/LON2/DLON/H
  198  198  189  187  176  161  146  129  111   93   79   71   67   66   65   62
   57   50   44   39   35   34   34   36   39   42   44   45   44   43   42   42
   44   49   54   58   62   63   63   63   64   67   70   74   78   82   85   89
   93   98  103  108  112  116  119  120  122  123  125  129  134  140  147  155
  161  166  172  172  178  176  180  180  198                                   
    42.5-180.0 180.0   5.0 450.0                            LAT/LON1/LON2/DLON/H
  203  203  195  195  186  173  159  142  124  105   89   80   74   71   69   65
   59   52   46   42   40   41   43   46   48   51   52   51   49   47   46   46
   49   53   59   63   66   67   67   66   67   70   75   80   84   89   93   98
  103  108  113  117  121  125  127  129  130  131  133  136  141  147  153  161
  166  170  175  175  180  179  182  183  203                                   
    40.0-180.0 180.0   5.0 450.0                            LAT/LON1/LON2/DLON/H
  197  195  188  190  184  174  163  149  133  115  100   90   84   80   76   71
   64   57   52   50   51   53   55   57   59   58   57   55   51   48   47   48
   50   55   61   65   68   68   67   67   69   73   78   84   89   93   98  103
  108  113  118  123  127  131  135  138  140  142  144  148  152  157  162  168
  171  173  176  175  179  177  179  180  197                                   
    37.5-180.0 180.0   5.0 450.0                            LAT/LON1/LON2/DLON/H
  183  178  170  172  169  162  155  147  136  121  108  100   94   90   85   80
   73   68   65   65   67   69   70   70   67   64   60   55   51   48   47   48
   52   56   61   65   68   68   68   68   70   75   81   87   92   96  100  105
  110  115  120  126  131  138  143  148  152  156  159  163  168  172  175  179
  179  178  178  176  178  176  176  177  183                                   
    35.0-180.0 180.0   5.0 450.0                            LAT/LON1/LON2/DLON/H
  169  159  149  149  146  141  138  136  130  120  111  106  102   99   96   91
   86   82   81   82   85   86   84   79   73   66   60   55   52   49   49   51
   55   59   63   67   69   69   69   70   73   79   85   90   94   97  100  104
  109  114  121  128  136  144  152  160  166  171  176  181  186  190  193  195
  193  188  187  184  185  182  182  181  169                                   
    32.5-180.0 180.0   5.0 450.0                            LAT/LON1/LON2/DLON/H
  164  149  136  130  125  120  120  120  120  115  110  109  108  107  105  102
   99   97   98   99  100   98   92   83   74   66   61   57   55   54   56   59
   63   66   69   71   72   73   73   75   78   83   89   93   96   97   99  102
  107  114  121  131  141  152  163  172  180  187  194  200  205  210  214  216
  213  208  207  203  206  203  204  199  164                                   
    30.0-180.0 180.0   5.0 450.0                            LAT/LON1/LON2/DLON/H
  176  157  139  126  116  109  107  107  109  107  106  108  110  111  111  110
  110  110  111  111  108  102   93   83   73   67   64   63   64   65   68   72
   75   77   78   79   79   80   80   82   84   89   93   96   96   96   97  100
  106  114  124  136  149  162  174  184  193  202  210  217  223  230  236  241
  240  237  238  235  240  240  243  234  176                                   
    27.5-180.0 180.0   5.0 450.0                            LAT/LON1/LON2/DLON/H
  210  190  167  145  130  117  109  105  104  101  101  105  108  111  113  115
  116  117  117  114  108   98   88   79   74   71   73   76   79   83   87   91
   93   93   92   91   90   89   89   89   91   94   96   97   97   95   96   99
  106  116  128  143  159  174  186  197  207  216  225  232  240  249  260  269
  273  274  278  277  287  292  297  284  210                                   
    25.0-180.0 180.0   5.0 450.0                            LAT/LON1/LON2/DLON/H
  267  250  220  192  171  149  131  118  110  103  100  102  105  108  112  114
  117  117  115  108   98   89   81   77   78   81   88   95  102  108  112  115
  116  113  109  105  102   99   98   96   96   97   98   98   96   94   95   99
  107  120  136  154  173  189  202  213  223  233  241  249  258  269  284  299
  309  316  324  326  341  352  359  345  267                                   
    22.5-180.0 180.0   5.0 450.0                            LAT/LON1/LON2/DLON/H
  342  331  296  263  238  208  178  152  132  116  106  102  102  104  106  109
  111  110  104   94   84   78   77   81   88   99  110  121  131  138  142  142
  139  134  126  118  112  108  104  101   99   99   98   97   95   93   94   99
  110  126  146  168  188  206  219  230  241  252  261  268  277  291  310  331
  348  362  374  378  397  413  423  409  342                                   
    20.0-180.0 180.0   5.0 450.0                            LAT/LON1/LON2/DLON/H
  424  422  385  352  326  290  248  207  172  143  123  111  104  101  101  102
  102   98   90   80   73   72   80   93  108  124  139  152  162  168  170  167
  160  149  138  127  118  112  107  103  100   98   97   95   93   92   94  101
  114  133  156  180  203  222  236  248  261  273  283  291  300  315  337  363
  385  404  420  427  446  467  479  468  424                                   
    17.5-180.0 180.0   5.0 450.0                            LAT/LON1/LON2/DLON/H
  496  505  475  446  420  383  333  279  230  186  152  129  114  105  100   97
   95   89   80   72   71   79   95  116  138  156  171  183  190  193  190  182
  171  156  141  128  118  111  105  101   98   97   95   94   92   91   94  102
  117  138  163  189  213  233  249  263  278  293  305  313  322  338  361  390
  416  439  457  466  484  507  522  515  496                                   
    15.0-180.0 180.0   5.0 450.0                            LAT/LON1/LON2/DLON/H
  544  566  547  527  504  469  416  357  297  241  194  158  133  117  107  101
   96   90   83   79   84  100  125  151  174  190  200  206  207  204  196  185
  170  154  138  124  114  107  102   98   96   95   94   93   91   91   95  103
  119  140  166  193  218  239  257  274  292  309  323  332  341  356  379  409
  436  460  479  489  503  526  544  542  544                                   
    12.5-180.0 180.0   5.0 450.0                            LAT/LON1/LON2/DLON/H
  564  593  587  577  560  531  483  425  362  299  243  197  163  139  124  115
  109  105  101  103  115  138  167  195  213  220  220  216  210  201  190  176
  161  144  129  118  109  103   99   96   95   94   94   93   92   92   96  104
  119  140  165  192  217  240  259  279  299  318  332  343  352  367  389  418
  445  468  486  496  506  525  544  547  564                                   
    10.0-180.0 180.0   5.0 450.0                            LAT/LON1/LON2/DLON/H
  559  590  593  591  583  562  524  474  416  353  293  242  201  171  152  141
  136  135  136  144  162  190  219  240  246  238  224  211  199  187  175  163
  149  135  123  114  107  102   98   96   96   96   97   96   94   94   98  106
  120  140  164  190  215  238  258  278  299  317  333  345  356  371  393  420
  445  466  482  490  495  510  528  535  559                                   
     7.5-180.0 180.0   5.0 450.0                            LAT/LON1/LON2/DLON/H
  540  566  574  575  574  562  536  500  453  396  339  288  245  212  190  178
  175  178  185  199  222  249  271  277  265  241  215  195  181  171  162  152
