data/edconvlstm_nd/pred2560.15i
     1.0            IONOSPHERE MAPS     GNSS                IONEX VERSION / TYPE
pyspatialgeodesy        IME             05-JAN-18 20:20     PGM / RUN BY / DATE 
Map Name                                                    COMMENT             
Predicted global ionosphere maps (GIM).                     DESCRIPTION         
  2015     9    13     0     0     0                        EPOCH OF FIRST MAP  
  2015     9    14     0     0     0                        EPOCH OF LAST MAP   
  7200                                                      INTERVAL            
    13                                                      # OF MAPS IN FILE   
  NONE                                                      MAPPING FUNCTION    
10.0                                                        ELEVATION CUTOFF    
One-way carrier phase leveled to code                       OBSERVABLES USED    
  6371.0                                                    BASE RADIUS         
 2                                                          MAP DIMENSION       
   450.0 450.0   0.0                                        HGT1 / HGT2 / DHGT  
    87.5 -87.5  -2.5                                        LAT1 / LAT2 / DLAT  
  -180.0 180.0   5.0                                        LON1 / LON2 / DLON  
    -1                                                      EXPONENT            
                                                            END OF HEADER       
     1                                                      START OF TEC MAP    
  2015     9    13     0     0     0                        EPOCH OF CURRENT MAP
    87.5-180.0 180.0   5.0 450.0                            LAT/LON1/LON2/DLON/H
   95   92   92   84   82   85   82   80   81   80   80   80   79   79   78   78
   77   76   75   75   74   73   72   71   70   69   68   67   66   65   64   64
   63   62   62   61   61   61   61   61   61   61   61   61   62   62   63   63
   64   65   65   66   67   68   69   69   70   71   72   72   73   73   74   75
   76   76   76   76   72   82   91   92   95                                   
    85.0-180.0 180.0   5.0 450.0                            LAT/LON1/LON2/DLON/H
   95   99   82   87   88   93   90   88   88   87   87   86   85   85   84   82
   81   80   79   77   76   74   72   71   69   68   66   65   64   63   62   61
   60   60   59   59   59   59   59   60   60   61   61   62   63   64   65   66
   67   68   70   71   72   74   75   76   78   79   80   81   82   83   84   85
   86   86   87   91   90   98  107  103   95                                   
    82.5-180.0 180.0   5.0 450.0                            LAT/LON1/LON2/DLON/H
   95   90  101   97   95  101   97   95   97   95   95   94   93   92   90   88
   86   84   82   79   77   74   71   69   66   64   61   59   57   56   54   53
   52   52   52   52   52   52   53   53   54   55   56   57   59   60   62   64
   65   67   69   71   73   75   77   80   82   84   86   87   89   90   92   93
   94   94   95   94   98   90   98  100   95                                   
    80.0-180.0 180.0   5.0 450.0                            LAT/LON1/LON2/DLON/H
  109  101  100   94   96   97   98   97   99   98   98   98   97   96   94   92
   90   87   84   81   77   74   70   66   63   59   56   53   51   49   47   46
   45   44   44   44   44   45   45   46   47   48   50   51   53   55   57   58
   61   63   65   67   69   72   74   77   79   82   84   86   89   90   92   94
   95   94   94   93  107   98  108  116  109                                   
    77.5-180.0 180.0   5.0 450.0                            LAT/LON1/LON2/DLON/H
  116  107   97  102   97   99  100  103  105  104  105  106  106  105  104  102
   99   96   92   88   84   79   74   70   65   61   57   54   51   49   47   46
   45   44   43   43   43   44   44   45   46   48   49   51   52   54   56   58
   60   62   64   66   68   71   73   75   78   81   83   86   89   91   93   95
   96   98   97   97  104  103  106  121  116                                   
    75.0-180.0 180.0   5.0 450.0                            LAT/LON1/LON2/DLON/H
  116  100   97  103   98  101   99  102  106  106  108  110  110  110  109  107
  104  101   96   91   86   80   75   69   64   60   56   52   49   47   46   45
   44   43   43   43   43   43   44   44   45   47   48   50   51   53   55   57
   58   60   62   63   65   66   68   71   73   76   79   82   85   88   90   92
   92   94   94   89   95  103  104  115  116                                   
    72.5-180.0 180.0   5.0 450.0                            LAT/LON1/LON2/DLON/H
  102   93   92   97   94   95   95  100  105  106  109  112  113  113  113  111
  107  103   98   92   86   80   73   68   62   58   54   50   48   46   45   44
   44   43   43   42   42   41   42   42   43   43   45   46   48   49   50   52
   53   54   54   55   56   57   59   61   63   66   69   73   76   79   82   85
   85   86   89   86   87   95  100  114  102                                   
    70.0-180.0 180.0   5.0 450.0                            LAT/LON1/LON2/DLON/H
   98   88   89   96   93   96   95  100  107  109  113  116  118  119  118  116
  112  107  101   94   87   80   72   66   60   55   52   49   47   46   46   45
   45   45   44   43   42   42   41   41   42   43   44   46   47   49   51   52
   53   53   53   54   54   55   56   58   61   64   67   71   74   77   81   84
   84   85   88   86   86   94   97  109   98                                   
    67.5-180.0 180.0   5.0 450.0                            LAT/LON1/LON2/DLON/H
   95   87   87   92   90   92   92   97  104  107  112  116  119  120  119  117
  112  106   99   91   83   74   67   60   54   49   45   43   42   42   42   42
   42   41   40   39   37   36   35   35   35   36   37   39   41   43   45   46
   46   47   47   46   46   47   48   50   53   57   61   65   69   72   76   79
   79   80   83   82   83   90   93  106   95                                   
    65.0-180.0 180.0   5.0 450.0                            LAT/LON1/LON2/DLON/H
   94   86   86   90   88   90   88   94  101  105  110  115  119  121  121  119
  114  107   99   90   80   71   62   55   49   44   41   40   39   40   40   40
   40   39   37   35   33   31   30   29   30   31   32   34   36   38   40   41
   42   42   41   41   41   42   43   46   50   54   59   63   67   71   75   77
   78   79   83   81   84   91   94  107   94                                   
    62.5-180.0 180.0   5.0 450.0                            LAT/LON1/LON2/DLON/H
   97   90   89   92   88   89   87   92   99  102  108  114  119  123  124  122
  118  110  101   91   80   70   61   54   47   43   40   39   39   40   40   40
   40   38   35   32   30   28   27   26   27   28   30   32   34   35   37   38
   38   38   38   37   38   39   41   45   50   55   60   65   70   74   77   80
   80   81   85   84   87   95   98  111   97                                   
    60.0-180.0 180.0   5.0 450.0                            LAT/LON1/LON2/DLON/H
  102   95   94   95   90   89   85   88   95   97  103  110  117  122  125  124
  120  113  103   93   82   72   63   55   49   44   42   41   41   42   42   41
   40   37   33   30   27   25   25   25   26   27   29   31   32   33   34   34
   34   34   33   33   34   36   39   44   50   56   62   68   73   76   80   82
   82   83   88   88   91  100  102  115  102                                   
    57.5-180.0 180.0   5.0 450.0                            LAT/LON1/LON2/DLON/H
  109  103  101  101   95   91   86   87   91   92   98  105  112  119  123  124
  121  115  105   95   85   75   66   59   53   49   46   45   45   45   45   43
   40   37   33   30   27   26   25   26   27   29   30   32   32   32   32   32
   31   30   29   29   31   34   38   44   51   58   65   71   76   80   84   86
   86   87   92   93   97  106  108  122  109                                   
    55.0-180.0 180.0   5.0 450.0                            LAT/LON1/LON2/DLON/H
  117  112  111  110  102   97   89   88   90   89   92   99  106  114  120  122
  120  115  107   97   88   80   72   65   60   56   53   51   50   50   48   45
   42   38   34   31   29   29   29   30   32   33   34   34   34   33   32   31
   29   28   27   27   29   33   38   46   54   61   69   75   80   84   88   90
   90   91   97   98  103  112  114  128  117                                   
    52.5-180.0 180.0   5.0 450.0                            LAT/LON1/LON2/DLON/H
  127  122  121  120  112  105   97   93   92   89   90   94  101  109  115  118
  118  113  107  100   92   86   80   74   69   64   61   59   57   54   51   48
   43   40   36   35   34   34   35   37   38   39   39   38   37   35   33   31
   29   27   26   27   29   34   41   49   58   67   74   80   85   89   92   94
   95   96  102  103  109  119  121  135  127                                   
    50.0-180.0 180.0   5.0 450.0                            LAT/LON1/LON2/DLON/H
  136  132  131  132  124  117  108  103   99   92   91   93   98  104  110  114
  114  112  107  102   97   93   89   84   79   74   70   66   62   59   54   50
   46   42   40   40   40   42   43   45   46   46   45   44   41   39   36   34
   31   29   28   29   32   38   47   56   66   74   81   87   91   95   98  101
  101  102  108  109  116  126  127  142  136                                   
    47.5-180.0 180.0   5.0 450.0                            LAT/LON1/LON2/DLON/H
  143  141  140  143  137  129  121  116  110  100   96   95   98  103  108  111
  112  110  108  105  103  101   99   95   90   84   78   73   67   62   57   52
   48   45   45   46   48   50   52   53   53   53   52   50   47   44   41   39
   36   34   33   34   38   46   55   66   76   84   90   95   99  102  106  108
  109  110  115  116  123  133  133  148  143                                   
    45.0-180.0 180.0   5.0 450.0                            LAT/LON1/LON2/DLON/H
  149  147  147  151  146  140  134  129  122  111  105  102  102  104  108  110
  111  110  110  110  110  110  109  105  100   93   85   78   71   64   58   53
   49   48   49   52   55   57   59   59   59   59   57   55   53   50   48   46
   43   41   41   42   47   56   67   78   87   95  100  105  108  111  115  118
  118  119  124  124  130  140  139  153  149                                   
    42.5-180.0 180.0   5.0 450.0                            LAT/LON1/LON2/DLON/H
  154  152  150  156  152  148  144  140  134  123  115  110  108  109  111  112
  113  113  114  116  118  119  118  115  108  100   91   81   73   65   58   53
   51   51   53   57   60   63   64   64   63   63   63   61   60   58   56   54
   52   50   49   51   57   66   78   89   99  106  110  114  118  121  125  128
  129  130  134  134  139  147  146  159  154                                   
    40.0-180.0 180.0   5.0 450.0                            LAT/LON1/LON2/DLON/H
  158  154  152  157  154  151  148  146  142  132  125  120  117  116  117  117
  118  119  121  123  126  127  126  122  115  105   95   84   74   65   58   54
   52   53   57   61   64   66   66   66   66   66   67   66   65   64   63   62
   60   58   57   59   65   75   87   99  108  115  119  123  127  131  135  139
  140  141  145  144  147  154  153  165  158                                   
    37.5-180.0 180.0   5.0 450.0                            LAT/LON1/LON2/DLON/H
  162  157  153  156  153  150  148  147  145  137  132  128  126  125  125  125
  125  127  129  132  134  134  132  127  119  109   97   85   74   65   59   55
   54   56   59   63   66   67   67   66   67   69   70   71   70   69   68   67
   65   63   62   64   70   81   93  105  114  121  126  131  136  140  145  149
  150  151  155  154  157  162  161  173  162                                   
    35.0-180.0 180.0   5.0 450.0                            LAT/LON1/LON2/DLON/H
  170  162  156  157  152  148  146  145  145  139  136  134  133  133  133  134
  135  136  138  140  141  139  135  129  121  111   99   87   76   66   60   57
   57   59   62   64   66   66   66   66   68   70   72   73   73   72   71   69
   67   64   62   64   71   82   95  107  118  125  132  138  144  149  155  159
  160  162  166  165  167  172  172  184  170                                   
    32.5-180.0 180.0   5.0 450.0                            LAT/LON1/LON2/DLON/H
  181  174  167  163  157  151  146  144  144  140  138  139  140  142  142  143
  144  145  146  146  144  140  135  128  121  111  100   88   77   68   62   60
   60   62   63   65   66   66   66   66   68   71   74   75   74   72   70   67
   64   61   59   61   68   79   94  107  119  128  137  145  152  159  165  170
  171  173  178  177  180  186  186  199  181                                   
    30.0-180.0 180.0   5.0 450.0                            LAT/LON1/LON2/DLON/H
  198  193  186  180  171  163  155  151  149  144  143  145  148  150  151  151
  151  151  151  148  144  138  132  125  118  110  100   88   78   70   65   63
   63   64   65   65   65   65   66   67   69   72   74   74   73   70   67   63
   59   55   53   55   62   75   90  105  119  130  141  152  161  170  177  183
  185  188  193  192  196  204  205  218  198                                   
    27.5-180.0 180.0   5.0 450.0                            LAT/LON1/LON2/DLON/H
  223  223  215  208  199  188  177  169  164  157  155  156  159  160  161  159
  157  155  152  147  140  133  126  120  114  107   98   88   78   71   67   66
   66   67   66   66   65   66   67   69   72   73   74   73   71   67   63   58
   54   50   48   49   57   69   86  103  119  133  147  160  172  183  192  199
  203  207  213  212  218  226  227  241  223                                   
    25.0-180.0 180.0   5.0 450.0                            LAT/LON1/LON2/DLON/H
  254  262  255  248  239  227  215  202  193  183  177  176  176  176  173  168
  163  158  151  143  135  126  120  115  110  104   95   86   77   71   68   68
   69   69   69   68   67   68   71   73   75   76   75   73   70   65   61   56
   51   46   43   45   52   65   82  101  120  137  154  171  186  199  210  220
  226  232  239  238  244  253  254  269  254                                   
    22.5-180.0 180.0   5.0 450.0                            LAT/LON1/LON2/DLON/H
  290  306  301  297  290  279  266  250  236  222  212  207  203  198  190  181
  171  161  151  141  131  122  115  110  106  100   92   83   76   71   70   71
   73   73   72   71   72   73   76   78   79   79   77   75   71   66   61   56
   50   45   42   43   50   63   81  102  123  144  164  184  201  217  232  245
  254  262  270  269  275  285  284  300  290                                   
    20.0-180.0 180.0   5.0 450.0                            LAT/LON1/LON2/DLON/H
  327  352  349  349  346  337  326  309  292  274  261  250  240  228  214  199
  183  169  155  142  131  122  115  109  103   97   90   82   76   72   73   75
   78   79   79   78   79   81   83   85   84   83   80   78   75   71   65   59
   53   47   43   44   50   63   82  105  130  153  176  198  219  238  256  272
  285  295  305  304  311  319  317  333  327                                   
    17.5-180.0 180.0   5.0 450.0                            LAT/LON1/LON2/DLON/H
  364  394  393  396  399  394  387  371  354  335  318  303  287  268  247  224
  203  184  166  152  139  129  120  112  105   98   90   83   78   77   79   83
   87   89   89   88   88   90   92   92   91   88   85   83   81   78   72   65
   58   51   47   47   52   65   86  111  137  163  188  212  235  258  279  300
  316  329  340  341  347  354  353  368  364                                   
    15.0-180.0 180.0   5.0 450.0                            LAT/LON1/LON2/DLON/H
  397  429  429  434  441  441  439  427  413  395  378  360  340  315  287  258
  231  208  187  170  156  143  132  121  111  102   94   88   86   86   90   95
  100  103  103  101  101  101  102  101   98   94   91   90   89   86   81   73
   65   57   52   50   55   68   89  114  141  169  196  222  248  274  300  325
  345  361  373  375  382  389  389  402  397                                   
    12.5-180.0 180.0   5.0 450.0                            LAT/LON1/LON2/DLON/H
  424  455  453  459  469  473  475  469  459  445  431  413  392  364  332  299
  269  242  219  199  182  167  151  136  122  110  103   99   98  101  106  112
  117  119  119  117  115  114  113  111  107  102   98   98   97   95   89   80
   71   62   55   53   57   69   89  114  141  169  198  226  256  286  316  345
  368  387  401  405  413  420  424  434  424                                   
    10.0-180.0 180.0   5.0 450.0                            LAT/LON1/LON2/DLON/H
  447  473  469  473  483  489  494  492  487  478  467  454  435  408  377  344
  313  285  260  238  217  197  176  155  137  124  117  115  117  120  126  131
  135  138  137  134  130  128  125  121  116  110  106  105  104  101   94   84
   74   64   56   53   56   67   85  109  136  164  194  225  257  291  324  356
  382  403  419  426  437  446  453  460  447                                   
     7.5-180.0 180.0   5.0 450.0                            LAT/LON1/LON2/DLON/H
  464  488  480  479  487  493  498  498  496  491  485  476  463  442  416  388
  359  332  307  282  257  230  203  177  155  141  134  135  138  142  147  150
