data/edconvlstm_nd/pred2340.15i
     1.0            IONOSPHERE MAPS     GNSS                IONEX VERSION / TYPE
pyspatialgeodesy        IME             05-JAN-18 20:20     PGM / RUN BY / DATE 
Map Name                                                    COMMENT             
Predicted global ionosphere maps (GIM).                     DESCRIPTION         
  2015     8    22     0     0     0                        EPOCH OF FIRST MAP  
  2015     8    23     0     0     0                        EPOCH OF LAST MAP   
  7200                                                      INTERVAL            
    13                                                      # OF MAPS IN FILE   
  NONE                                                      MAPPING FUNCTION    
10.0                                                        ELEVATION CUTOFF    
One-way carrier phase leveled to code                       OBSERVABLES USED    
  6371.0                                                    BASE RADIUS         
 2                                                          MAP DIMENSION       
   450.0 450.0   0.0                                        HGT1 / HGT2 / DHGT  
    87.5 -87.5  -2.5                                        LAT1 / LAT2 / DLAT  
  -180.0 180.0   5.0                                        LON1 / LON2 / DLON  
    -1                                                      EXPONENT            
                                                            END OF HEADER       
[from data line 3861]
    10                                                      START OF TEC MAP    
  2015     8    22    18     0     0                        EPOCH OF CURRENT MAP
    87.5-180.0 180.0   5.0 450.0                            LAT/LON1/LON2/DLON/H
  126  127  121  127  129  128  127  125  125  126  125  125  125  125  125  125
  124  124  124  123  123  122  121  120  119  118  118  117  116  115  114  113
  113  112  112  111  111  111  111  111  111  111  111  111  112  112  112  113
  113  114  114  114  115  115  116  116  116  117  117  117  118  118  119  119
  119  120  119  118  126  124  135  131  126                                   
    85.0-180.0 180.0   5.0 450.0                            LAT/LON1/LON2/DLON/H
  130  130  139  128  126  130  130  131  131  133  132  132  132  132  132  132
  131  131  130  130  129  128  127  126  125  124  122  121  120  119  117  116
  115  114  114  113  113  113  112  112  112  113  113  113  113  114  114  115
  115  115  116  116  117  117  118  118  118  119  119  120  120  121  121  122
  123  123  121  118  121  120  124  124  130                                   
    82.5-180.0 180.0   5.0 450.0                            LAT/LON1/LON2/DLON/H
  116  121  124  119  119  123  126  126  126  127  127  128  128  128  129  128
  128  128  127  127  126  125  124  123  122  120  119  117  115  113  112  110
  109  108  107  106  106  105  105  105  105  105  105  105  105  106  106  107
  107  108  108  109  109  109  109  110  110  110  110  110  111  111  112  112
  113  114  112  113  115  124  117  113  116                                   
    80.0-180.0 180.0   5.0 450.0                            LAT/LON1/LON2/DLON/H
  103  107  115  111  111  111  116  119  120  122  122  124  124  125  125  125
  125  125  125  124  124  123  122  121  119  118  115  113  111  108  106  104
  103  101  100   99   99   98   98   98   97   97   97   97   97   97   97   98
   98   99   99   99   99   99   99   99   98   98   98   98   98   99   99  100
  102  103  103  105  103  106  105  107  103                                   
    77.5-180.0 180.0   5.0 450.0                            LAT/LON1/LON2/DLON/H
  103  101  107  104  106  108  111  114  115  117  117  120  121  122  122  123
  123  123  123  123  124  124  123  123  122  120  118  115  112  110  107  104
  102  101  100   99   99   98   98   97   96   95   95   94   93   93   93   93
   93   93   93   93   93   92   91   90   89   88   87   86   86   86   87   88
   90   91   93   96   97   97   99  103  103                                   
    75.0-180.0 180.0   5.0 450.0                            LAT/LON1/LON2/DLON/H
   95   97   99   98  101  104  106  108  111  114  115  117  119  120  121  121
  121  122  122  123  124  125  126  126  126  125  123  121  117  114  111  108
  106  105  104  103  103  103  102  101  100   98   96   94   93   92   91   91
   90   90   90   90   89   87   85   83   81   80   78   77   77   77   78   80
   82   85   88   88   90   91   93   87   95                                   
    72.5-180.0 180.0   5.0 450.0                            LAT/LON1/LON2/DLON/H
   91   93   94   98   98  100  103  105  106  110  111  114  115  117  117  117
  117  117  118  119  121  124  126  127  128  127  126  123  119  115  112  109
  107  105  105  105  105  105  104  102  100   97   94   91   88   86   85   84
   84   84   83   82   81   79   76   73   70   68   66   65   64   64   66   68
   70   73   77   78   80   84   88   88   91                                   
    70.0-180.0 180.0   5.0 450.0                            LAT/LON1/LON2/DLON/H
   90   93   93   95   95   96   97  100  103  107  109  112  114  115  114  114
  113  113  113  115  118  121  125  128  129  129  128  125  121  117  113  110
  108  107  107  108  109  109  107  105  102   98   93   89   85   83   81   80
   80   80   79   77   75   72   69   65   62   60   58   56   56   57   59   61
   64   67   72   74   78   82   88   88   90                                   
    67.5-180.0 180.0   5.0 450.0                            LAT/LON1/LON2/DLON/H
   91   95   95   97   98   98  100  103  105  109  112  116  118  118  118  116
  114  113  113  115  118  122  126  130  132  132  131  128  124  119  115  112
  110  109  110  111  112  112  111  108  104   98   93   88   84   81   79   78
   78   77   76   75   72   68   65   61   58   55   54   53   53   54   56   58
   61   64   67   70   73   80   84   85   91                                   
    65.0-180.0 180.0   5.0 450.0                            LAT/LON1/LON2/DLON/H
   91   97   97   99   98   99  100  102  105  110  114  118  120  121  120  118
  115  113  112  113  116  120  125  129  131  132  131  128  124  120  116  113
  111  110  111  112  113  113  112  109  104   98   92   86   82   79   77   76
   76   75   74   71   68   64   60   57   54   52   50   50   51   52   53   56
   58   61   64   67   72   80   85   87   91                                   
    62.5-180.0 180.0   5.0 450.0                            LAT/LON1/LON2/DLON/H
   89   97   99  100  100  101  102  104  107  112  117  122  125  126  125  122
  119  116  114  114  116  119  124  127  130  131  130  128  125  121  118  115
  113  112  112  113  113  113  111  108  103   97   91   86   81   78   77   76
   75   74   72   68   65   61   57   54   52   50   50   50   51   52   53   54
   56   57   60   63   67   75   81   83   89                                   
    60.0-180.0 180.0   5.0 450.0                            LAT/LON1/LON2/DLON/H
   86   96   99  101  101  102  103  105  108  113  118  124  129  131  130  127
  123  119  116  115  116  118  121  124  126  128  128  127  125  123  121  119
  116  115  114  114  114  113  111  108  104   98   92   87   82   80   78   77
   76   74   70   66   62   58   55   52   51   51   51   51   52   52   53   53
   53   53   55   56   61   69   77   79   86                                   
    57.5-180.0 180.0   5.0 450.0                            LAT/LON1/LON2/DLON/H
   82   94   98  102  103  105  107  108  111  116  121  127  132  135  136  133
  129  125  121  118  117  118  120  122  124  125  127  128  129  129  128  126
  124  121  119  118  117  116  114  111  107  102   96   91   87   85   83   81
   79   76   72   67   62   58   55   53   53   53   54   54   54   54   53   53
   51   50   51   51   55   63   72   74   82                                   
    55.0-180.0 180.0   5.0 450.0                            LAT/LON1/LON2/DLON/H
   78   91   98  104  107  110  112  114  116  120  125  131  136  139  140  139
  135  130  125  121  119  118  119  120  121  124  126  130  133  135  136  135
  133  129  126  123  122  120  119  117  113  109  104   99   95   92   89   87
   84   80   74   69   63   59   57   56   57   57   58   58   57   56   54   52
   50   48   48   47   50   58   66   70   78                                   
    52.5-180.0 180.0   5.0 450.0                            LAT/LON1/LON2/DLON/H
   74   89   98  106  111  117  120  122  124  127  130  135  140  143  145  144
  140  135  130  125  121  119  118  119  120  123  127  132  138  143  145  144
  142  138  134  131  129  128  127  125  123  118  114  108  104  100   97   94
   90   84   78   72   67   63   61   61   62   63   63   62   60   58   56   53
   50   48   47   46   48   55   63   66   74                                   
    50.0-180.0 180.0   5.0 450.0                            LAT/LON1/LON2/DLON/H
   74   88   99  110  117  125  131  134  135  137  139  142  145  148  149  148
  145  140  134  128  124  121  120  120  121  124  129  136  143  149  152  152
  149  145  141  139  138  138  138  137  134  130  125  120  114  110  105  101
   96   90   84   77   72   69   68   68   69   69   69   67   64   61   58   56
   53   51   49   48   50   55   62   65   74                                   
    47.5-180.0 180.0   5.0 450.0                            LAT/LON1/LON2/DLON/H
   76   90  101  115  125  136  144  149  151  152  152  153  154  155  155  154
  150  145  139  133  128  125  124  124  125  128  133  140  147  152  156  156
  154  151  148  148  148  150  151  150  148  143  137  131  125  119  114  109
  103   97   90   84   79   76   75   76   77   76   75   73   69   66   63   60
   58   56   55   53   54   58   63   66   76                                   
    45.0-180.0 180.0   5.0 450.0                            LAT/LON1/LON2/DLON/H
   80   92  105  120  132  146  156  164  167  169  168  166  165  164  162  160
  156  151  145  139  135  132  130  130  131  134  138  144  149  154  157  157
  156  155  155  157  160  163  165  164  161  156  149  142  134  128  122  116
  110  104   98   92   87   84   83   84   84   84   82   80   76   73   70   68
   65   64   63   61   61   63   66   69   80                                   
    42.5-180.0 180.0   5.0 450.0                            LAT/LON1/LON2/DLON/H
   85   96  108  125  139  154  167  178  183  186  184  182  178  174  171  168
  163  158  152  147  144  141  140  139  140  142  145  149  153  155  157  158
  159  160  163  168  173  177  179  178  175  168  161  152  144  136  129  123
  117  112  105   99   94   92   91   91   91   91   89   87   84   81   79   77
   74   72   71   69   68   69   70   73   85                                   
    40.0-180.0 180.0   5.0 450.0                            LAT/LON1/LON2/DLON/H
   89  100  111  128  143  160  175  188  195  200  199  196  191  186  181  177
  172  167  163  158  155  152  151  150  151  152  154  156  158  160  162  163
  166  171  176  183  190  194  195  193  187  180  171  162  153  144  137  130
  124  118  112  106  101   98   96   96   96   96   95   94   93   91   89   86
   83   81   79   76   74   74   74   76   89                                   
    37.5-180.0 180.0   5.0 450.0                            LAT/LON1/LON2/DLON/H
   93  103  114  130  145  162  178  193  203  209  210  208  203  196  191  186
  182  178  175  171  168  166  164  162  163  164  167  169  170  172  174  178
  183  190  198  206  211  214  212  207  200  191  182  172  162  153  144  137
  131  124  118  111  105  102  100   99   99   99  100  100  100   99   98   95
   91   87   85   82   79   77   77   79   93                                   
    35.0-180.0 180.0   5.0 450.0                            LAT/LON1/LON2/DLON/H
   95  105  117  132  146  162  179  194  205  214  217  216  211  205  200  196
  193  190  189  186  183  180  177  175  176  179  183  187  191  194  199  206
  214  222  230  236  239  237  231  223  213  202  192  181  171  160  151  143
  135  128  121  114  108  103  100   99   99  100  102  104  106  106  105  101
   96   92   88   84   81   79   79   81   95                                   
    32.5-180.0 180.0   5.0 450.0                            LAT/LON1/LON2/DLON/H
   96  108  120  134  147  162  177  192  204  214  219  219  216  211  207  204
  203  203  203  202  199  194  190  189  191  197  205  214  221  229  237  247
  258  267  273  274  271  263  251  238  225  213  202  190  179  167  156  146
  138  129  121  114  107  102   99   98   98   99  102  105  108  110  108  105
   99   94   89   85   81   80   81   83   96                                   
    30.0-180.0 180.0   5.0 450.0                            LAT/LON1/LON2/DLON/H
   98  112  125  137  149  162  176  189  201  211  217  220  219  216  214  213
  214  216  218  218  215  209  204  203  208  219  233  247  260  273  287  300
  312  319  321  316  304  289  271  253  237  223  211  198  185  172  159  147
  137  128  119  111  105  100   97   96   96   97   99  103  107  109  109  105
   99   94   89   85   81   81   82   85   98                                   
    27.5-180.0 180.0   5.0 450.0                            LAT/LON1/LON2/DLON/H
  101  117  131  142  153  165  176  187  198  209  216  219  220  220  220  221
  225  229  233  233  230  224  219  219  228  244  264  285  305  323  341  357
  369  373  368  354  335  312  288  267  248  233  218  204  189  174  159  146
  134  124  115  107  101   97   95   94   94   94   96   99  103  106  106  103
   97   93   89   85   83   83   85   88  101                                   
    25.0-180.0 180.0   5.0 450.0                            LAT/LON1/LON2/DLON/H
  106  123  139  148  159  170  180  189  198  208  215  220  223  225  228  231
  237  243  247  249  246  240  236  239  251  272  299  325  350  373  393  410
  419  419  406  385  358  329  302  278  258  240  224  208  190  172  155  141
  129  118  110  103   98   95   94   93   92   92   92   94   97   99  100   99
   95   92   90   87   85   85   88   92  106                                   
    22.5-180.0 180.0   5.0 450.0                            LAT/LON1/LON2/DLON/H
  112  130  146  155  166  177  186  193  201  210  217  224  229  233  238  243
  250  257  263  265  263  259  256  262  278  303  333  363  390  414  435  450
  455  449  430  403  372  340  311  286  265  247  229  209  189  168  150  134
  122  112  105   99   96   94   94   94   92   90   88   87   89   91   93   94
   92   91   90   88   88   88   90   95  112                                   
    20.0-180.0 180.0   5.0 450.0                            LAT/LON1/LON2/DLON/H
  118  135  151  161  173  185  194  200  207  215  223  230  238  245  251  258
  265  273  279  283  283  280  280  288  307  334  364  394  421  443  461  472
  472  461  438  408  376  345  317  292  271  251  231  209  186  163  144  128
  116  108  101   97   95   94   95   95   93   89   84   82   82   84   87   88
   88   90   91   90   90   89   91   97  118                                   
    17.5-180.0 180.0   5.0 450.0                            LAT/LON1/LON2/DLON/H
  121  138  153  165  179  192  202  208  215  222  230  240  250  259  268  276
  283  290  297  302  304  304  307  317  336  363  391  418  440  457  470  475
  470  455  430  402  372  345  320  297  276  255  232  208  183  159  139  124
  113  105  100   96   95   95   96   96   94   88   82   77   76   77   81   84
   85   88   89   89   90   89   90   97  121                                   
    15.0-180.0 180.0   5.0 450.0                            LAT/LON1/LON2/DLON/H
  121  136  152  165  181  196  208  215  222  230  239  251  263  274  285  294
  301  309  316  322  326  330  335  346  364  387  411  431  447  458  463  462
  453  436  413  389  365  342  321  300  279  257  234  208  182  158  138  123
  113  105  100   97   95   96   97   97   94   88   81   75   72   73   76   80
   82   85   86   86   87   86   86   95  121                                   
    12.5-180.0 180.0   5.0 450.0                            LAT/LON1/LON2/DLON/H
  117  131  147  162  180  197  211  219  228  237  247  261  275  289  301  311
  319  326  334  341  348  354  362  373  388  406  423  436  444  448  447  441
  429  412  393  374  356  340  322  303  282  260  235  209  183  159  139  125
  115  107  102   98   96   96   96   96   93   88   80   74   71   71   74   77
   78   81   82   81   82   81   80   90  117                                   
    10.0-180.0 180.0   5.0 450.0                            LAT/LON1/LON2/DLON/H
  110  124  140  157  176  195  211  221  231  242  254  269  285  301  314  325
  334  342  350  359  367  375  383  394  406  418  428  434  435  433  428  419
  406  390  375  362  350  338  323  304  283  260  235  210  184  161  143  128
  118  110  103   98   95   94   93   93   91   86   79   74   71   71   73   75
   75   77   76   74   75   75   73   84  110                                   
     7.5-180.0 180.0   5.0 450.0                            LAT/LON1/LON2/DLON/H
  102  117  133  151  171  192  210  222  234  246  259  275  292  309  323  335
  344  353  362  372  381  390  398  407  415  423  427  427  424  419  412  402
