data/edconvlstm_nd/pred0540.15i
     1.0            IONOSPHERE MAPS     GNSS                IONEX VERSION / TYPE
pyspatialgeodesy        IME             05-JAN-18 20:20     PGM / RUN BY / DATE 
Map Name                                                    COMMENT             
Predicted global ionosphere maps (GIM).                     DESCRIPTION         
  2015     2    23     0     0     0                        EPOCH OF FIRST MAP  
  2015     2    24     0     0     0                        EPOCH OF LAST MAP   
  7200                                                      INTERVAL            
    13                                                      # OF MAPS IN FILE   
  NONE                                                      MAPPING FUNCTION    
10.0                                                        ELEVATION CUTOFF    
One-way carrier phase leveled to code                       OBSERVABLES USED    
  6371.0                                                    BASE RADIUS         
 2                                                          MAP DIMENSION       
   450.0 450.0   0.0                                        HGT1 / HGT2 / DHGT  
    87.5 -87.5  -2.5                                        LAT1 / LAT2 / DLAT  
  -180.0 180.0   5.0                                        LON1 / LON2 / DLON  
    -1                                                      EXPONENT            
                                                            END OF HEADER       
     1                                                      START OF TEC MAP    
  2015     2    23     0     0     0                        EPOCH OF CURRENT MAP
    87.5-180.0 180.0   5.0 450.0                            LAT/LON1/LON2/DLON/H
  107  104  104   97   98  102  100  100  103  104  106  108  110  111  112  113
  113  113  113  112  111  110  108  107  105  104  102  100   98   96   94   92
   90   88   86   84   82   81   79   78   77   77   76   76   76   77   77   78
   79   80   80   81   82   82   83   83   83   83   83   83   82   82   81   82
   82   82   81   82   79   87   94   98  107                                   
    85.0-180.0 180.0   5.0 450.0                            LAT/LON1/LON2/DLON/H
  104  106   86   93   98  104  101  102  104  106  108  111  113  114  116  116
  117  116  116  114  113  111  108  106  103  100   97   94   91   88   85   82
   79   77   75   73   71   70   69   68   68   68   69   70   71   73   74   76
   78   80   81   83   84   85   86   87   87   87   87   87   87   86   86   86
   86   85   86   89   88   96  104  104  104                                   
    82.5-180.0 180.0   5.0 450.0                            LAT/LON1/LON2/DLON/H
  101   93  101  101  104  111  109  110  115  118  121  125  128  130  132  133
  133  133  131  129  126  123  119  114  110  105  100   95   90   86   81   77
   73   70   67   65   63   62   62   62   62   63   65   67   69   72   75   78
   81   84   86   89   91   93   94   95   96   96   96   96   96   95   94   94
   93   92   91   90   92   86   95  102  101                                   
    80.0-180.0 180.0   5.0 450.0                            LAT/LON1/LON2/DLON/H
  117  106  107  106  114  119  122  126  132  135  140  144  148  151  152  153
  152  151  148  144  139  134  128  122  116  109  103   97   91   85   81   77
   73   70   68   65   64   62   61   61   61   62   64   67   70   73   77   81
   85   89   93   96   98  101  102  104  105  105  105  105  104  103  103  102
  101   98   98   95  108   99  112  126  117                                   
    77.5-180.0 180.0   5.0 450.0                            LAT/LON1/LON2/DLON/H
  138  130  126  132  133  138  144  151  157  161  166  171  175  177  178  177
  175  171  166  161  154  147  140  133  126  118  112  105   99   94   89   85
   82   79   77   75   73   71   70   69   69   69   71   73   76   80   84   89
   93   97  100  103  106  108  109  110  111  112  112  112  111  111  111  111
  110  111  110  110  118  120  129  149  138                                   
    75.0-180.0 180.0   5.0 450.0                            LAT/LON1/LON2/DLON/H
  163  156  157  161  159  165  169  175  182  185  189  192  194  194  192  189
  183  177  170  162  154  147  140  133  126  120  114  109  104  100   96   94
   92   90   88   86   84   82   79   78   77   76   77   79   82   85   89   92
   96   99  101  103  105  106  106  107  108  108  109  110  111  112  113  114
  115  118  121  119  130  142  151  169  163                                   
    72.5-180.0 180.0   5.0 450.0                            LAT/LON1/LON2/DLON/H
  180  186  189  189  187  190  194  199  204  206  208  209  208  205  199  191
  182  173  163  154  146  139  132  127  122  117  113  109  106  103  101  100
   99   98   97   94   92   89   85   82   80   78   78   79   81   83   86   89
   91   93   94   95   95   95   95   95   96   97   99  102  104  107  111  115
  118  123  131  134  145  160  173  196  180                                   
    70.0-180.0 180.0   5.0 450.0                            LAT/LON1/LON2/DLON/H
  207  215  216  219  215  218  219  223  227  226  226  225  221  213  203  190
  177  163  151  140  132  125  120  116  113  110  107  104  102  101  100  100
  100  100   99   97   94   90   86   82   79   77   76   77   78   81   83   85
   86   87   87   86   85   84   84   84   86   88   92   96  101  106  113  119
  125  132  143  150  164  183  196  217  207                                   
    67.5-180.0 180.0   5.0 450.0                            LAT/LON1/LON2/DLON/H
  228  239  238  240  237  237  235  237  239  238  237  233  226  214  200  183
  165  148  134  123  114  109  105  103  101   99   96   94   92   91   90   90
   90   91   90   88   85   81   76   72   69   67   66   67   68   70   72   73
   74   73   72   71   69   67   67   68   71   75   81   88   96  104  113  122
  130  140  153  162  179  200  213  235  228                                   
    65.0-180.0 180.0   5.0 450.0                            LAT/LON1/LON2/DLON/H
  242  251  250  252  248  246  243  244  246  245  243  239  230  216  198  178
  158  139  123  112  104   99   96   94   92   90   87   84   80   78   77   76
   76   76   75   73   70   66   62   59   56   55   55   57   59   60   62   62
   62   61   59   57   55   53   53   55   60   66   75   84   95  105  116  127
  137  149  163  174  191  211  226  248  242                                   
    62.5-180.0 180.0   5.0 450.0                            LAT/LON1/LON2/DLON/H
  248  255  254  256  252  247  242  243  246  246  246  242  233  219  201  179
  158  138  122  110  102   96   93   91   88   85   80   75   70   66   64   62
   61   61   59   58   55   52   49   47   47   47   49   51   53   55   56   56
   55   53   50   48   45   44   45   49   55   63   74   86   99  111  124  137
  147  159  175  185  199  217  231  254  248                                   
    60.0-180.0 180.0   5.0 450.0                            LAT/LON1/LON2/DLON/H
  249  255  255  254  249  243  236  237  240  242  242  240  234  221  204  184
  164  145  129  116  107  101   96   92   88   82   76   69   63   57   54   51
   50   49   47   45   43   41   40   40   41   43   46   49   52   53   53   52
   50   48   46   43   42   42   44   49   56   67   79   93  108  122  136  149
  160  171  187  196  208  221  233  256  249                                   
    57.5-180.0 180.0   5.0 450.0                            LAT/LON1/LON2/DLON/H
  252  258  258  254  248  240  231  231  234  235  237  236  232  222  209  192
  174  157  141  128  117  109  102   96   90   83   75   67   60   55   50   47
   45   43   41   39   38   37   37   38   41   45   49   53   55   56   55   53
   50   48   46   45   45   46   49   55   64   76   90  105  121  136  150  164
  175  187  202  211  221  227  237  260  252                                   
    55.0-180.0 180.0   5.0 450.0                            LAT/LON1/LON2/DLON/H
  261  267  266  260  253  244  234  232  232  232  232  231  228  221  211  199
  185  171  156  142  129  118  109  101   94   86   78   71   64   58   54   50
   47   45   43   41   40   40   41   44   48   52   57   61   63   63   61   58
   56   54   53   53   54   56   61   68   78   90  104  120  135  151  166  180
  192  205  220  228  236  238  246  269  261                                   
    52.5-180.0 180.0   5.0 450.0                            LAT/LON1/LON2/DLON/H
  280  286  282  273  268  258  247  242  238  234  231  228  224  219  212  204
  194  182  168  153  138  126  116  107  100   93   86   79   73   68   64   60
   57   54   51   50   50   50   52   55   59   64   69   73   74   74   71   68
   65   64   64   66   68   72   78   85   94  106  119  134  149  164  179  195
  207  221  236  245  253  254  260  284  280                                   
    50.0-180.0 180.0   5.0 450.0                            LAT/LON1/LON2/DLON/H
  305  314  304  295  292  282  269  260  253  244  236  229  223  217  212  206
  199  188  175  160  145  132  122  114  108  102   97   92   87   82   78   74
   70   67   65   64   64   65   67   70   74   78   83   86   87   87   84   81
   79   79   80   83   87   92   97  104  112  122  133  146  160  174  190  205
  219  234  250  259  269  273  280  303  305                                   
    47.5-180.0 180.0   5.0 450.0                            LAT/LON1/LON2/DLON/H
  334  347  335  327  323  313  298  286  275  261  247  235  225  218  212  207
  200  191  178  163  149  138  129  123  118  114  110  106  102   97   93   88
   84   80   78   78   80   81   83   85   88   92   96   99  100  100   98   96
   95   96   98  102  107  112  117  123  129  137  146  156  168  180  195  211
  226  242  258  268  282  292  302  324  334                                   
    45.0-180.0 180.0   5.0 450.0                            LAT/LON1/LON2/DLON/H
  358  377  368  362  357  345  331  316  302  283  265  247  233  222  215  208
  201  191  179  165  154  145  139  135  131  128  124  119  114  108  102   96
   91   88   87   89   92   94   96   98   99  102  105  109  111  111  111  110
  111  112  116  120  125  130  135  140  145  151  157  164  173  184  197  212
  226  243  259  271  289  304  319  340  358                                   
    42.5-180.0 180.0   5.0 450.0                            LAT/LON1/LON2/DLON/H
  372  397  393  389  383  372  359  345  329  307  285  264  246  232  221  212
  203  193  181  170  162  156  152  149  146  141  135  128  119  111  103   95
   90   88   90   94   99  102  105  106  106  108  111  115  118  120  122  122
  124  126  129  133  139  145  151  156  160  164  168  173  180  188  199  212
  225  241  257  270  289  309  329  348  372                                   
    40.0-180.0 180.0   5.0 450.0                            LAT/LON1/LON2/DLON/H
  377  406  405  402  395  385  374  362  348  327  304  281  261  245  233  221
  210  199  188  180  175  172  170  166  160  152  141  129  117  106   97   90
   86   86   90   96  102  107  110  111  111  113  116  120  124  127  129  131
  132  134  137  141  146  154  161  168  173  177  180  183  188  195  205  216
  227  240  257  270  287  308  331  350  377                                   
    37.5-180.0 180.0   5.0 450.0                            LAT/LON1/LON2/DLON/H
  379  408  408  403  396  385  375  367  356  338  317  296  277  261  247  234
  222  210  202  197  195  193  189  183  172  158  143  128  114  102   93   88
   86   88   93  101  108  113  116  117  117  118  121  125  129  131  133  134
  134  135  136  140  146  156  166  176  183  188  191  194  199  206  215  226
  235  246  262  274  288  309  332  353  379                                   
    35.0-180.0 180.0   5.0 450.0                            LAT/LON1/LON2/DLON/H
  388  415  413  402  395  382  371  363  354  339  322  306  291  277  263  250
  237  227  221  218  217  214  207  195  180  163  146  130  117  107  100   97
   97  100  106  114  120  125  126  126  126  126  128  131  133  134  134  132
  130  128  128  130  138  150  164  177  188  195  201  205  212  221  231  243
  252  262  276  287  300  319  342  365  388                                   
    32.5-180.0 180.0   5.0 450.0                            LAT/LON1/LON2/DLON/H
  413  439  434  416  406  390  373  362  352  338  324  311  299  289  278  266
  254  246  242  240  237  231  219  203  186  169  154  143  134  128  124  123
  125  128  133  139  142  144  143  142  140  139  139  139  138  136  132  127
  122  117  114  116  124  139  156  173  188  199  207  215  225  237  252  266
  277  288  302  312  327  344  365  391  413                                   
    30.0-180.0 180.0   5.0 450.0                            LAT/LON1/LON2/DLON/H
  462  490  483  457  443  421  397  378  362  344  328  315  306  298  289  279
  269  262  259  256  250  239  224  208  193  182  175  171  169  169  170  171
  173  175  177  177  175  171  167  162  158  155  152  149  145  138  131  122
  114  106  102  103  113  128  147  167  185  200  212  224  238  255  274  293
  309  324  340  349  369  387  403  433  462                                   
    27.5-180.0 180.0   5.0 450.0                            LAT/LON1/LON2/DLON/H
  537  569  561  530  514  488  454  424  396  368  345  327  315  306  297  287
  279  272  268  262  252  238  223  211  204  204  209  216  224  230  234  236
  237  236  232  224  214  203  192  184  177  171  166  159  151  141  131  121
  110  102   97   99  107  123  142  162  182  200  216  232  251  273  298  323
  345  366  385  396  424  448  461  493  537                                   
    25.0-180.0 180.0   5.0 450.0                            LAT/LON1/LON2/DLON/H
  629  668  665  635  617  588  545  501  459  418  382  354  333  318  304  292
  283  275  268  258  244  230  220  218  224  238  256  275  290  301  307  309
  307  301  289  271  249  230  214  202  193  185  177  168  158  147  135  124
  113  105  100  101  108  122  139  159  180  201  221  242  266  294  324  354
  383  409  432  447  484  521  539  571  629                                   
    22.5-180.0 180.0   5.0 450.0                            LAT/LON1/LON2/DLON/H
  726  776  784  763  743  711  659  603  548  493  443  400  365  338  316  299
  285  273  261  247  233  223  222  233  254  281  310  336  356  369  374  375
  370  357  334  304  272  245  225  212  201  192  183  173  164  153  142  131
  121  112  106  106  110  121  136  155  177  201  225  252  282  315  352  388
  422  453  479  500  543  594  626  660  726                                   
    20.0-180.0 180.0   5.0 450.0                            LAT/LON1/LON2/DLON/H
  813  873  896  890  870  836  781  718  654  588  524  465  414  371  337  311
  290  273  256  239  227  225  236  260  293  329  362  389  408  418  421  418
  407  386  353  313  275  245  225  212  203  194  185  177  168  160  150  140
  129  120  113  110  111  118  131  150  173  200  229  260  295  335  377  419
  459  493  522  550  595  652  701  738  813                                   
    17.5-180.0 180.0   5.0 450.0                            LAT/LON1/LON2/DLON/H
  875  937  972  985  971  941  890  827  761  691  618  545  477  418  370  333
  305  282  261  245  237  243  265  299  338  374  403  423  434  435  431  421
  404  377  340  298  260  232  216  207  200  192  185  178  172  165  157  148
  137  127  119  113  111  114  125  143  168  198  231  267  307  351  397  443
  486  523  555  587  631  684  743  786  875                                   
    15.0-180.0 180.0   5.0 450.0                            LAT/LON1/LON2/DLON/H
  890  945  991 1022 1023 1004  963  910  850  785  710  629  548  475  414  367
  331  304  281  266  264  278  308  347  383  411  427  431  425  413  397  381
  362  336  302  266  235  214  204  199  195  189  183  178  174  170  163  154
  144  133  123  115  109  109  118  137  164  197  234  273  316  363  412  460
  504  541  574  608  645  689  750  796  890                                   
    12.5-180.0 180.0   5.0 450.0                            LAT/LON1/LON2/DLON/H
  857  900  957 1001 1015 1009  983  946  903  850  784  705  619  536  466  411
  370  338  314  302  305  326  360  396  423  433  428  410  384  356  333  315
  299  280  257  232  212  200  195  193  191  187  182  179  177  174  169  160
  150  138  126  115  106  104  113  134  164  200  239  281  326  374  423  471
  514  550  582  615  645  677  731  775  857                                   
    10.0-180.0 180.0   5.0 450.0                            LAT/LON1/LON2/DLON/H
  794  827  887  936  955  959  946  927  905  874  825  758  677  594  521  463
  418  383  359  349  356  381  413  439  448  436  406  365  323  287  262  248
  240  234  224  211  200  194  193  193  191  188  184  181  180  178  173  164
  153  141  127  114  104  102  112  136  169  207  247  289  334  382  431  478
  519  553  583  612  636  658  701  739  794                                   
     7.5-180.0 180.0   5.0 450.0                            LAT/LON1/LON2/DLON/H
  728  749  805  847  866  871  865  861  860  852  826  778  712  639  572  516
  471  436  412  404  413  435  458  468  454  417  365  310  262  227  209  204
