data/edconvlstm_nd/pred1040.15i
     1.0            IONOSPHERE MAPS     GNSS                IONEX VERSION / TYPE
pyspatialgeodesy        IME             05-JAN-18 20:20     PGM / RUN BY / DATE 
Map Name                                                    COMMENT             
Predicted global ionosphere maps (GIM).                     DESCRIPTION         
  2015     4    14     0     0     0                        EPOCH OF FIRST MAP  
  2015     4    15     0     0     0                        EPOCH OF LAST MAP   
  7200                                                      INTERVAL            
    13                                                      # OF MAPS IN FILE   
  NONE                                                      MAPPING FUNCTION    
10.0                                                        ELEVATION CUTOFF    
One-way carrier phase leveled to code                       OBSERVABLES USED    
  6371.0                                                    BASE RADIUS         
 2                                                          MAP DIMENSION       
   450.0 450.0   0.0                                        HGT1 / HGT2 / DHGT  
    87.5 -87.5  -2.5                                        LAT1 / LAT2 / DLAT  
  -180.0 180.0   5.0                                        LON1 / LON2 / DLON  
    -1                                                      EXPONENT            
                                                            END OF HEADER       
[from data line 858]
     3                                                      START OF TEC MAP    
  2015     4    14     4     0     0                        EPOCH OF CURRENT MAP
    87.5-180.0 180.0   5.0 450.0                            LAT/LON1/LON2/DLON/H
  173  176  174  178  176  175  174  173  175  177  179  181  182  183  185  185
  186  186  186  186  185  183  182  180  178  176  173  171  169  167  165  164
  162  161  160  160  159  159  159  159  159  160  160  161  161  162  162  163
  164  164  165  166  166  166  166  167  167  167  166  166  166  165  165  165
  166  168  166  167  169  168  168  162  173                                   
    85.0-180.0 180.0   5.0 450.0                            LAT/LON1/LON2/DLON/H
  175  180  168  176  176  177  179  180  182  185  187  190  192  194  196  198
  199  199  199  198  197  195  192  189  186  182  178  175  172  169  166  164
  163  161  161  160  160  161  161  162  163  165  166  167  168  170  171  172
  174  175  176  177  177  178  179  179  179  179  179  178  178  177  176  176
  177  178  174  176  170  172  168  165  175                                   
    82.5-180.0 180.0   5.0 450.0                            LAT/LON1/LON2/DLON/H
  180  175  171  166  165  166  168  171  175  178  181  186  190  194  197  199
  201  202  201  200  198  194  190  185  179  174  168  163  158  154  150  148
  146  145  145  145  146  148  150  152  154  156  159  161  164  166  168  170
  172  174  176  178  179  180  181  182  182  182  182  182  181  180  179  179
  178  176  172  172  174  168  164  158  180                                   
    80.0-180.0 180.0   5.0 450.0                            LAT/LON1/LON2/DLON/H
  175  172  161  158  159  160  164  168  172  176  180  186  192  197  201  205
  207  209  209  207  203  199  192  185  177  168  160  153  146  140  136  133
  132  131  132  134  136  139  143  146  150  153  157  160  164  167  170  173
  176  179  181  184  186  188  189  190  191  192  192  191  191  190  189  188
  187  183  178  179  184  177  176  161  175                                   
    77.5-180.0 180.0   5.0 450.0                            LAT/LON1/LON2/DLON/H
  176  169  162  159  154  156  160  163  167  171  175  181  187  192  198  202
  206  208  208  207  203  197  190  180  170  160  150  141  133  127  123  120
  119  120  122  126  129  134  138  143  148  152  157  161  165  169  173  176
  180  184  187  191  194  197  199  201  202  203  204  204  204  203  203  203
  201  198  191  193  196  187  181  170  176                                   
    75.0-180.0 180.0   5.0 450.0                            LAT/LON1/LON2/DLON/H
  180  176  166  162  156  158  159  160  162  165  167  172  177  181  186  191
  195  198  199  198  195  190  182  172  161  149  139  129  121  115  111  109
  110  112  115  119  124  129  134  139  145  150  154  159  164  168  173  177
  182  187  191  196  200  204  207  210  211  213  214  214  214  214  215  215
  214  212  207  205  206  199  193  182  180                                   
    72.5-180.0 180.0   5.0 450.0                            LAT/LON1/LON2/DLON/H
  186  188  179  171  165  164  164  163  163  163  162  164  165  167  170  173
  177  181  183  185  183  179  173  164  153  142  132  123  116  111  108  107
  108  111  115  120  125  130  135  140  145  150  155  160  165  170  175  180
  186  191  197  203  208  213  216  219  221  222  223  223  223  222  223  224
  224  223  221  221  220  213  207  197  186                                   
    70.0-180.0 180.0   5.0 450.0                            LAT/LON1/LON2/DLON/H
  200  199  190  181  174  172  170  168  166  163  158  156  152  150  149  151
  154  158  162  165  167  165  160  153  144  134  125  117  111  108  106  106
  108  111  114  118  122  127  131  136  141  146  151  156  161  166  172  179
  186  193  200  206  213  218  222  226  228  228  228  227  226  225  225  226
  226  227  227  229  230  226  224  214  200                                   
    67.5-180.0 180.0   5.0 450.0                            LAT/LON1/LON2/DLON/H
  206  206  199  190  183  180  177  174  171  165  157  150  142  135  130  129
  131  135  141  146  150  150  148  143  135  127  120  114  110  107  106  107
  108  110  112  115  117  121  124  128  133  138  144  149  155  162  169  176
  184  193  201  208  216  222  226  230  232  232  231  229  226  223  221  221
  221  222  224  227  231  230  228  223  206                                   
    65.0-180.0 180.0   5.0 450.0                            LAT/LON1/LON2/DLON/H
  211  211  204  196  188  185  182  180  176  168  158  148  136  125  118  114
  115  119  125  132  137  139  138  134  128  122  116  112  109  108  108  108
  109  109  110  110  111  113  117  121  126  132  139  146  153  161  169  177
  186  195  204  212  220  226  232  235  237  238  236  233  229  224  220  217
  216  216  218  221  227  230  230  228  211                                   
    62.5-180.0 180.0   5.0 450.0                            LAT/LON1/LON2/DLON/H
  213  213  207  198  190  187  184  182  179  171  161  149  135  122  113  107
  107  111  117  124  129  132  131  127  122  117  112  110  108  108  108  108
  108  106  105  104  104  105  108  113  120  128  136  145  154  163  172  181
  190  199  208  216  224  231  236  241  244  245  244  240  235  229  223  217
  213  211  212  215  222  226  228  229  213                                   
    60.0-180.0 180.0   5.0 450.0                            LAT/LON1/LON2/DLON/H
  214  213  206  196  188  184  181  180  177  170  160  149  136  123  113  107
  107  110  115  121  124  125  123  119  114  109  107  105  105  106  106  105
  104  101   99   96   96   97  101  108  116  126  136  147  158  168  178  187
  196  204  212  220  227  234  240  246  250  253  253  251  246  239  232  224
  217  212  210  213  219  223  226  226  214                                   
    57.5-180.0 180.0   5.0 450.0                            LAT/LON1/LON2/DLON/H
  220  216  209  196  188  181  178  176  174  167  158  149  137  126  117  112
  112  114  117  120  121  120  116  111  106  102  100  100  101  102  103  102
  100   96   93   91   90   93   98  106  116  128  141  154  166  177  187  196
  204  211  218  224  231  238  245  252  259  264  266  266  263  257  249  240
  230  222  218  218  223  226  228  228  220                                   
    55.0-180.0 180.0   5.0 450.0                            LAT/LON1/LON2/DLON/H
  231  225  217  202  192  183  178  174  170  163  155  146  137  128  122  118
  117  118  120  120  118  114  108  103   98   96   95   96   98   99  100   99
   96   93   90   89   89   92   99  108  120  134  149  163  177  189  199  208
  214  220  225  230  236  243  252  261  269  276  281  283  282  278  271  262
  251  241  235  233  236  237  238  236  231                                   
    52.5-180.0 180.0   5.0 450.0                            LAT/LON1/LON2/DLON/H
  251  243  233  216  205  194  186  178  172  162  153  145  136  130  125  122
  121  121  120  117  113  107  102   97   94   93   94   95   97   99   99   98
   96   94   92   91   93   97  103  114  127  142  158  174  189  202  213  221
  227  231  235  239  244  252  261  271  282  291  298  302  303  301  296  288
  277  266  258  254  255  254  255  250  251                                   
    50.0-180.0 180.0   5.0 450.0                            LAT/LON1/LON2/DLON/H
  274  267  256  238  227  215  204  192  181  168  156  146  137  131  127  124
  122  120  117  113  108  102   98   95   94   95   97   99  100  101  101  101
  100   99   98   99  101  105  111  121  134  150  167  184  201  215  227  236
  242  245  248  251  257  264  274  285  296  306  315  320  324  323  320  313
  303  292  284  278  277  276  276  271  274                                   
    47.5-180.0 180.0   5.0 450.0                            LAT/LON1/LON2/DLON/H
  299  293  282  266  256  243  230  215  199  181  165  152  142  134  128  123
  120  116  112  108  104  100   98   98   99  102  105  106  107  107  107  107
  107  107  108  109  111  114  120  129  142  158  175  194  211  227  240  250
  257  261  264  267  272  280  290  301  312  322  330  337  341  341  339  334
  325  316  308  301  300  299  299  292  299                                   
    45.0-180.0 180.0   5.0 450.0                            LAT/LON1/LON2/DLON/H
  319  315  306  293  284  273  260  242  222  200  179  163  150  139  131  124
  118  113  109  106  104  103  103  106  109  113  115  117  116  115  115  115
  116  117  119  120  121  124  128  136  148  164  182  202  221  238  252  264
  272  277  280  283  288  296  306  316  327  336  344  350  354  355  353  349
  342  334  327  321  320  319  319  311  319                                   
    42.5-180.0 180.0   5.0 450.0                            LAT/LON1/LON2/DLON/H
  333  330  323  313  307  298  286  268  246  220  196  177  161  147  135  125
  118  113  110  109  110  111  114  118  122  125  127  127  126  124  123  124
  125  128  129  130  130  131  134  141  152  169  188  209  229  247  262  275
  285  291  295  298  303  310  320  330  341  349  357  363  366  367  366  361
  354  348  342  337  336  335  333  325  333                                   
    40.0-180.0 180.0   5.0 450.0                            LAT/LON1/LON2/DLON/H
  341  335  329  320  316  310  300  284  262  235  210  189  171  156  142  130
  121  117  117  119  122  125  128  131  135  137  138  137  134  132  132  133
  136  138  139  138  137  136  138  144  156  173  194  215  235  253  269  283
  294  301  306  310  316  323  333  344  355  365  373  379  383  383  381  376
  370  363  358  354  352  349  345  335  341                                   
    37.5-180.0 180.0   5.0 450.0                            LAT/LON1/LON2/DLON/H
  346  334  326  315  312  307  299  286  266  241  217  196  179  162  147  135
  128  125  128  133  137  141  143  145  146  147  147  145  143  142  143  145
  147  148  147  145  142  140  142  148  160  178  199  221  240  258  274  288
  299  308  314  320  327  336  347  360  373  386  396  404  409  409  406  401
  394  388  383  378  374  367  361  347  346                                   
    35.0-180.0 180.0   5.0 450.0                            LAT/LON1/LON2/DLON/H
  358  337  323  304  299  292  284  274  257  235  214  196  180  165  151  140
  135  135  141  147  153  156  156  156  156  156  155  155  155  156  157  159
  160  158  155  151  146  144  145  151  164  182  204  225  243  260  275  289
  302  312  320  328  337  348  363  379  397  414  430  441  448  449  446  441
  435  428  422  416  410  399  388  369  358                                   
    32.5-180.0 180.0   5.0 450.0                            LAT/LON1/LON2/DLON/H
  386  356  332  302  289  276  265  255  239  220  202  188  175  163  151  142
  139  143  150  158  164  166  166  165  165  166  167  169  171  173  175  175
  173  169  162  155  150  147  149  155  168  186  207  226  243  258  273  287
  301  313  323  333  345  360  379  401  425  449  471  488  499  503  502  498
  493  487  481  472  464  451  432  408  386                                   
    30.0-180.0 180.0   5.0 450.0                            LAT/LON1/LON2/DLON/H
  439  402  366  321  296  274  254  240  223  204  188  176  166  156  147  140
  140  145  153  162  167  169  171  172  175  180  185  189  192  194  195  193
  188  179  169  159  153  150  151  157  169  186  206  224  239  253  268  284
  299  313  326  338  353  372  395  422  454  486  517  541  558  568  571  571
  569  564  559  548  538  523  494  467  439                                   
    27.5-180.0 180.0   5.0 450.0                            LAT/LON1/LON2/DLON/H
  518  480  430  372  334  301  269  247  223  201  183  171  161  151  142  136
  135  140  147  155  160  166  172  180  190  199  207  214  217  219  217  212
  202  189  174  162  155  151  151  156  166  181  200  217  232  246  261  280
  298  316  331  346  364  385  412  445  483  523  562  594  619  636  647  655
  659  659  656  643  631  614  573  543  518                                   
    25.0-180.0 180.0   5.0 450.0                            LAT/LON1/LON2/DLON/H
  620  586  523  456  406  365  321  288  254  224  199  182  169  156  144  135
  131  131  135  140  147  158  173  191  209  224  235  242  246  245  240  230
  215  196  177  163  154  150  148  150  158  171  188  205  221  237  256  278
  301  323  341  360  380  405  435  472  514  559  603  642  674  700  721  738
  751  759  761  749  736  716  666  634  620                                   
    22.5-180.0 180.0   5.0 450.0                            LAT/LON1/LON2/DLON/H
  728  704  636  570  512  467  412  368  323  281  247  221  200  180  161  145
  134  127  125  127  136  154  180  208  234  254  267  273  274  269  259  243
  221  197  176  160  151  145  142  141  146  157  174  193  211  231  255  282
  310  336  359  381  405  433  465  504  548  595  641  683  719  752  781  809
  832  849  859  851  836  816  765  732  728                                   
    20.0-180.0 180.0   5.0 450.0                            LAT/LON1/LON2/DLON/H
  827  815  750  695  635  591  532  479  424  371  324  287  256  226  198  173
  152  137  128  127  138  162  196  233  266  288  299  301  296  285  267  244
  217  191  170  155  145  139  133  129  132  143  160  181  204  229  258  291
  324  354  381  407  435  465  500  540  584  630  674  714  752  788  823  858
  890  915  932  930  916  897  856  824  827                                   
    17.5-180.0 180.0   5.0 450.0                            LAT/LON1/LON2/DLON/H
  904  902  849  808  752  715  657  603  542  481  424  375  333  293  255  220
  190  166  150  146  157  185  224  266  301  321  325  319  306  286  262  234
  206  181  161  147  137  129  122  117  118  129  149  173  200  230  264  301
  338  373  404  434  465  498  536  577  620  662  702  738  772  808  844  881
  917  946  969  973  959  944  921  892  904                                   
    15.0-180.0 180.0   5.0 450.0                            LAT/LON1/LON2/DLON/H
  948  956  918  890  841  812  762  711  652  589  528  473  422  373  326  282
  245  214  193  186  195  223  264  305  335  346  340  323  301  275  248  219
  192  169  150  137  127  119  111  105  107  120  141  169  200  234  271  311
  350  387  422  456  490  528  568  609  651  690  724  754  783  814  847  881
  915  942  967  975  964  952  947  924  948                                   
    12.5-180.0 180.0   5.0 450.0                            LAT/LON1/LON2/DLON/H
  955  969  947  926  887  866  824  780  727  670  613  559  508  456  404  355
  312  278  253  242  249  274  310  345  362  359  339  313  285  258  231  204
  179  157  139  126  117  108  100   96   99  114  138  168  202  238  276  316
  356  395  431  468  506  545  588  632  674  711  740  764  787  812  838  865
  892  914  937  946  939  930  936  922  955                                   
    10.0-180.0 180.0   5.0 450.0                            LAT/LON1/LON2/DLON/H
  932  942  929  914  883  866  831  793  750  703  657  614  571  525  476  428
  386  351  325  310  313  331  356  375  376  356  325  293  265  240  216  192
  169  148  131  118  108   99   92   89   95  111  138  169  204  239  276  315
  354  393  431  469  508  550  596  643  686  722  750  771  790  808  827  845
  863  878  896  905  900  892  902  900  932                                   
     7.5-180.0 180.0   5.0 450.0                            LAT/LON1/LON2/DLON/H
  893  891  881  867  840  823  791  756  720  683  651  624  598  567  530  492
  455  424  398  381  376  383  392  391  373  340  302  270  245  225  206  185
