data/edconvlstm_nd/pred3070.15i
     1.0            IONOSPHERE MAPS     GNSS                IONEX VERSION / TYPE
pyspatialgeodesy        IME             05-JAN-18 20:20     PGM / RUN BY / DATE 
Map Name                                                    COMMENT             
Predicted global ionosphere maps (GIM).                     DESCRIPTION         
  2015    11     3     0     0     0                        EPOCH OF FIRST MAP  
  2015    11     4     0     0     0                        EPOCH OF LAST MAP   
  7200                                                      INTERVAL            
    13                                                      # OF MAPS IN FILE   
  NONE                                                      MAPPING FUNCTION    
10.0                                                        ELEVATION CUTOFF    
One-way carrier phase leveled to code                       OBSERVABLES USED    
  6371.0                                                    BASE RADIUS         
 2                                                          MAP DIMENSION       
   450.0 450.0   0.0                                        HGT1 / HGT2 / DHGT  
    87.5 -87.5  -2.5                                        LAT1 / LAT2 / DLAT  
  -180.0 180.0   5.0                                        LON1 / LON2 / DLON  
    -1                                                      EXPONENT            
                                                            END OF HEADER       
[from data line 1716]
     5                                                      START OF TEC MAP    
  2015    11     3     8     0     0                        EPOCH OF CURRENT MAP
    87.5-180.0 180.0   5.0 450.0                            LAT/LON1/LON2/DLON/H
   38   47   44   47   49   49   49   45   47   48   49   50   50   50   51   51
   51   51   51   51   51   51   50   50   50   50   50   50   50   50   51   51
   51   51   52   52   52   53   53   53   53   53   53   53   53   53   52   52
   51   51   50   49   48   47   46   45   44   43   42   41   40   39   38   38
   38   39   37   36   42   48   59   60   38                                   
    85.0-180.0 180.0   5.0 450.0                            LAT/LON1/LON2/DLON/H
   28   52   53   50   53   55   56   56   57   58   58   59   59   60   60   60
   60   60   59   59   59   59   59   59   59   60   60   60   60   61   61   62
   62   63   63   64   64   65   66   66   66   67   67   67   66   66   65   65
   64   63   62   61   59   58   57   56   54   53   52   50   49   48   47   47
   47   47   43   44   47   50   60   54   28                                   
    82.5-180.0 180.0   5.0 450.0                            LAT/LON1/LON2/DLON/H
   23   39   49   47   48   50   51   51   52   53   54   55   55   55   54   54
   54   53   53   53   52   52   52   52   52   52   52   52   52   53   54   54
   56   57   59   60   62   64   66   67   69   70   71   71   71   71   70   70
   69   67   66   64   63   61   59   57   55   53   51   49   47   45   43   42
   42   41   38   37   46   44   43   42   23                                   
    80.0-180.0 180.0   5.0 450.0                            LAT/LON1/LON2/DLON/H
   28   35   44   41   45   45   46   46   48   49   49   50   49   48   48   47
   46   46   45   45   44   44   44   44   43   43   43   43   44   44   45   47
   49   51   54   57   60   64   67   70   73   75   77   79   79   80   80   79
   78   77   76   74   72   70   68   65   62   59   56   53   50   47   44   42
   40   38   37   36   42   41   41   40   28                                   
    77.5-180.0 180.0   5.0 450.0                            LAT/LON1/LON2/DLON/H
   36   37   39   37   39   40   41   42   44   44   44   44   43   42   41   40
   40   39   39   39   39   39   39   38   38   37   37   36   36   36   37   39
   41   44   48   53   58   63   68   73   78   81   85   87   89   90   91   91
   91   91   91   90   88   87   84   81   78   74   69   64   60   55   51   48
   44   41   38   38   38   31   34   36   36                                   
    75.0-180.0 180.0   5.0 450.0                            LAT/LON1/LON2/DLON/H
   32   36   34   35   36   38   40   39   40   40   39   39   37   35   34   33
   32   32   33   33   34   35   36   36   36   35   34   33   33   32   33   34
   37   40   45   50   56   62   68   75   81   86   90   94   97  100  102  104
  105  106  107  107  107  106  104  101   97   92   87   81   75   70   64   60
   55   51   48   43   43   35   37   35   32                                   
    72.5-180.0 180.0   5.0 450.0                            LAT/LON1/LON2/DLON/H
   38   37   34   34   35   39   41   40   40   40   38   37   35   33   31   30
   30   30   31   33   35   37   38   39   39   38   37   35   34   32   32   33
   36   39   44   50   57   64   72   80   87   94  100  105  110  114  117  121
  124  127  129  131  132  132  130  127  122  116  110  103   96   89   83   77
   72   68   64   58   55   48   47   46   38                                   
    70.0-180.0 180.0   5.0 450.0                            LAT/LON1/LON2/DLON/H
   44   40   38   38   38   40   41   41   41   41   39   37   34   32   30   29
   29   30   32   35   38   41   44   45   46   45   43   40   38   36   35   35
   37   40   45   51   58   66   75   83   92  100  107  114  120  126  131  136
  140  145  149  153  155  155  153  149  143  135  127  118  110  102   94   89
   84   79   77   70   66   59   61   59   44                                   
    67.5-180.0 180.0   5.0 450.0                            LAT/LON1/LON2/DLON/H
   46   42   39   38   38   40   42   42   43   42   41   39   36   34   32   31
   31   33   36   40   44   48   51   53   53   52   49   45   41   38   36   36
   37   41   45   51   59   67   76   85   94  104  112  120  128  134  141  147
  153  159  164  168  170  170  168  162  154  145  134  124  114  104   97   91
   87   82   81   74   70   66   66   65   46                                   
    65.0-180.0 180.0   5.0 450.0                            LAT/LON1/LON2/DLON/H
   48   44   39   38   37   39   41   42   44   44   43   42   39   37   36   35
   36   38   41   45   49   53   57   58   58   56   52   48   43   40   37   37
   39   42   47   54   61   69   79   89   99  110  120  129  138  146  153  160
  167  173  179  183  185  184  180  172  162  151  138  126  114  104   95   89
   85   80   79   74   72   69   70   70   48                                   
    62.5-180.0 180.0   5.0 450.0                            LAT/LON1/LON2/DLON/H
   48   43   37   36   35   37   39   41   43   44   44   44   42   41   40   40
   41   43   46   49   53   56   58   59   58   55   51   46   41   38   37   38
   40   45   50   57   65   74   83   94  105  117  128  139  149  158  165  173
  179  185  190  194  195  193  187  178  166  152  138  125  112  101   91   84
   78   74   72   68   67   65   67   68   48                                   
    60.0-180.0 180.0   5.0 450.0                            LAT/LON1/LON2/DLON/H
   48   43   36   34   32   33   35   37   39   41   42   43   42   42   42   43
   44   46   48   50   52   53   54   54   52   49   44   39   35   33   33   35
   40   46   53   61   69   78   88   99  111  124  136  148  158  168  175  182
  189  194  198  200  200  197  190  180  167  153  139  125  113  101   90   81
   73   67   65   61   61   58   61   61   48                                   
    57.5-180.0 180.0   5.0 450.0                            LAT/LON1/LON2/DLON/H
   51   44   37   34   31   31   32   33   36   37   38   40   40   41   43   44
   46   47   48   48   48   48   47   46   44   41   37   33   29   28   30   34
   41   50   59   68   77   87   97  109  121  133  146  158  169  179  187  193
  198  203  206  208  207  204  196  186  173  160  147  135  123  111   99   88
   78   68   65   60   60   56   58   59   51                                   
    55.0-180.0 180.0   5.0 450.0                            LAT/LON1/LON2/DLON/H
   58   50   43   38   35   33   33   33   34   34   34   36   37   39   41   44
   46   46   46   45   43   41   40   39   38   35   31   27   25   25   28   35
   44   55   67   77   88   98  109  120  132  144  157  169  180  190  197  203
  208  211  214  215  215  211  204  195  184  172  161  151  141  130  118  105
   91   79   73   66   65   59   62   61   58                                   
    52.5-180.0 180.0   5.0 450.0                            LAT/LON1/LON2/DLON/H
   72   63   56   50   45   43   40   37   35   34   32   33   33   36   39   42
   44   45   44   41   39   37   36   36   35   34   30   27   24   25   29   38
   50   63   77   89  101  111  122  133  144  156  168  180  191  200  207  213
  217  220  222  224  223  220  214  206  197  187  179  172  165  155  143  129
  113   98   89   79   77   71   73   72   72                                   
    50.0-180.0 180.0   5.0 450.0                            LAT/LON1/LON2/DLON/H
   90   82   76   69   63   60   56   49   43   38   34   33   32   34   37   41
   43   44   43   40   38   36   37   38   39   38   36   32   29   29   34   44
   58   73   88  102  115  126  137  147  158  169  180  191  201  210  217  222
  226  228  231  232  232  229  224  217  209  202  196  191  186  178  167  152
  135  119  108   96   93   88   91   90   90                                   
    47.5-180.0 180.0   5.0 450.0                            LAT/LON1/LON2/DLON/H
  109  104   99   94   88   85   78   68   58   49   41   37   35   35   38   41
   44   45   44   42   41   41   43   46   49   49   47   42   38   38   43   53
   67   84  100  115  129  141  152  162  172  182  192  201  211  219  225  230
  234  236  238  240  239  237  233  226  218  212  207  203  198  191  181  168
  151  136  123  111  108  106  111  110  109                                   
    45.0-180.0 180.0   5.0 450.0                            LAT/LON1/LON2/DLON/H
  123  122  119  117  113  111  104   92   79   66   55   47   43   42   43   46
   48   49   50   49   50   51   55   60   63   64   61   55   50   48   52   62
   77   94  111  127  141  154  166  176  186  194  202  211  219  226  232  237
  240  243  244  246  245  243  238  231  223  216  209  204  199  192  182  170
  155  141  129  119  117  117  123  124  123                                   
    42.5-180.0 180.0   5.0 450.0                            LAT/LON1/LON2/DLON/H
  125  128  128  131  130  131  124  114  100   86   73   63   57   55   55   56
   58   59   60   61   63   66   71   75   78   78   74   67   61   58   61   71
   85  102  120  136  152  166  178  189  198  206  212  219  226  232  238  242
  245  247  249  250  250  248  243  235  225  216  207  199  191  182  171  159
  146  135  125  116  116  116  123  127  125                                   
    40.0-180.0 180.0   5.0 450.0                            LAT/LON1/LON2/DLON/H
  114  119  122  129  133  137  134  127  116  103   91   82   76   73   72   72
   72   73   75   78   80   83   86   88   89   87   82   74   68   65   68   78
   92  110  127  144  160  176  189  201  210  217  222  227  232  237  242  246
  249  251  253  255  255  254  249  242  231  219  207  195  183  170  156  144
  131  120  111  104  103  103  109  114  114                                   
    37.5-180.0 180.0   5.0 450.0                            LAT/LON1/LON2/DLON/H
   94   98  101  110  119  126  128  126  120  112  104   99   96   93   92   90
   90   91   93   95   97   98   98   96   93   89   83   76   71   69   73   84
   99  116  134  151  168  184  199  212  221  228  232  236  240  244  248  252
  255  257  260  263  265  266  264  257  248  235  221  205  188  170  152  136
  121  108   98   90   86   81   86   92   94                                   
    35.0-180.0 180.0   5.0 450.0                            LAT/LON1/LON2/DLON/H
   72   72   74   84   93  102  108  112  112  111  109  110  111  111  110  108
  107  108  110  112  113  110  105   99   92   86   80   74   71   72   78   90
  105  123  141  158  176  193  208  222  232  239  243  247  250  253  257  260
  264  267  272  277  283  287  289  287  280  270  256  239  218  195  171  149
  129  110   96   83   74   62   64   70   72                                   
    32.5-180.0 180.0   5.0 450.0                            LAT/LON1/LON2/DLON/H
   56   52   51   59   66   74   82   89   94   98  104  111  117  121  123  122
  121  122  125  127  125  118  108   97   87   79   74   71   71   74   83   96
  113  130  148  166  183  201  217  231  242  250  256  260  263  266  269  273
  278  283  289  298  308  318  325  329  329  323  313  297  275  249  219  191
  163  137  116   94   78   56   54   58   56                                   
    30.0-180.0 180.0   5.0 450.0                            LAT/LON1/LON2/DLON/H
   56   45   41   44   46   52   59   66   73   81   91  103  114  123  127  128
  129  131  134  135  131  121  107   93   82   75   71   71   73   79   90  104
  121  138  156  173  191  209  225  240  252  262  269  275  279  283  287  291
  297  304  313  326  341  357  372  384  391  392  388  377  357  329  296  261
  225  191  161  130  105   72   64   62   56                                   
    27.5-180.0 180.0   5.0 450.0                            LAT/LON1/LON2/DLON/H
   78   59   49   45   41   42   46   50   56   64   76   90  104  115  121  125
  127  131  135  136  130  119  104   90   80   74   73   75   79   87   98  112
  129  147  164  182  199  217  233  249  262  274  284  292  298  303  308  314
  321  331  343  360  381  404  427  447  463  473  477  472  457  431  395  353
  309  267  228  188  156  113   98   89   78                                   
    25.0-180.0 180.0   5.0 450.0                            LAT/LON1/LON2/DLON/H
  123   99   84   68   56   50   48   47   50   54   63   76   90  101  109  114
  119  124  128  129  124  114  101   90   83   79   79   82   87   95  106  121
  137  155  172  189  207  224  241  257  273  287  300  311  320  327  335  343
  352  363  378  399  425  455  486  514  538  557  569  572  563  539  503  457
  405  356  308  261  225  175  154  138  123                                   
    22.5-180.0 180.0   5.0 450.0                            LAT/LON1/LON2/DLON/H
  188  164  144  116   95   79   70   61   57   56   59   68   78   87   95  100
  105  111  116  117  114  107   99   93   90   89   89   91   96  103  114  128
  143  160  177  195  213  232  249  267  283  300  317  331  343  354  364  374
  385  399  417  440  470  504  540  573  603  627  644  653  650  631  596  548
  494  441  388  340  300  249  223  207  188                                   
    20.0-180.0 180.0   5.0 450.0                            LAT/LON1/LON2/DLON/H
  262  243  220  185  155  131  112   95   81   72   67   69   73   79   83   87
   92   98  102  104  103  100   98   98   98   99  100  100  102  108  118  131
  146  163  180  199  219  239  258  276  295  314  333  351  366  379  392  405
  419  434  453  477  508  542  578  611  640  664  683  695  695  680  650  606
  556  506  454  410  370  325  297  284  262                                   
    17.5-180.0 180.0   5.0 450.0                            LAT/LON1/LON2/DLON/H
  329  317  295  259  224  195  169  144  121  103   89   81   79   79   79   81
   84   89   92   94   94   95   97  102  106  108  108  106  105  109  118  130
  146  163  181  202  224  246  267  288  308  329  350  369  387  403  418  432
  447  463  482  505  533  563  594  621  645  664  680  690  691  680  656  620
  578  537  493  458  421  386  362  353  329                                   
    15.0-180.0 180.0   5.0 450.0                            LAT/LON1/LON2/DLON/H
  374  370  352  321  285  256  226  199  169  143  121  105   95   89   85   84
   84   86   88   89   89   92   98  105  112  114  112  107  104  106  114  127
  144  162  182  205  229  254  277  299  321  343  365  386  405  422  438  454
  470  486  504  524  546  570  592  611  625  637  646  652  653  644  626  598
  566  535  502  476  448  422  404  401  374                                   
    12.5-180.0 180.0   5.0 450.0                            LAT/LON1/LON2/DLON/H
  392  393  380  357  326  299  272  246  214  184  157  136  120  109  101   96
   93   93   92   91   90   93  100  109  115  117  113  105  100  101  110  125
  143  163  185  209  235  262  287  311  334  357  380  401  420  437  454  471
  487  502  517  534  551  567  581  590  595  598  600  601  600  593  579  558
  534  512  489  471  452  432  418  418  392                                   
    10.0-180.0 180.0   5.0 450.0                            LAT/LON1/LON2/DLON/H
  388  388  379  363  340  318  296  274  246  217  190  167  150  136  125  116
  110  107  103  100   98   99  105  113  118  118  111  102   96   98  109  126
  146  167  190  215  242  269  296  321  346  369  392  413  431  449  466  482
  497  511  524  537  550  560  568  570  569  565  561  558  554  548  538  522
  504  486  468  454  441  423  410  411  388                                   
     7.5-180.0 180.0   5.0 450.0                            LAT/LON1/LON2/DLON/H
  372  364  356  344  329  313  297  282  260  236  213  193  177  164  151  140
  132  126  120  115  111  110  114  118  120  118  110  100   95   99  112  131
