data/edconvlstm_nd/pred3440.15i
     1.0            IONOSPHERE MAPS     GNSS                IONEX VERSION / TYPE
pyspatialgeodesy        IME             05-JAN-18 20:20     PGM / RUN BY / DATE 
Map Name                                                    COMMENT             
Predicted global ionosphere maps (GIM).                     DESCRIPTION         
  2015    12    10     0     0     0                        EPOCH OF FIRST MAP  
  2015    12    11     0     0     0                        EPOCH OF LAST MAP   
  7200                                                      INTERVAL            
    13                                                      # OF MAPS IN FILE   
  NONE                                                      MAPPING FUNCTION    
10.0                                                        ELEVATION CUTOFF    
One-way carrier phase leveled to code                       OBSERVABLES USED    
  6371.0                                                    BASE RADIUS         
 2                                                          MAP DIMENSION       
   450.0 450.0   0.0                                        HGT1 / HGT2 / DHGT  
    87.5 -87.5  -2.5                                        LAT1 / LAT2 / DLAT  
  -180.0 180.0   5.0                                        LON1 / LON2 / DLON  
    -1                                                      EXPONENT            
                                                            END OF HEADER       
[from data line 858]
     3                                                      START OF TEC MAP    
  2015    12    10     4     0     0                        EPOCH OF CURRENT MAP
    87.5-180.0 180.0   5.0 450.0                            LAT/LON1/LON2/DLON/H
   40   50   43   45   44   45   43   40   40   40   40   40   40   40   40   40
   40   39   39   38   38   37   37   37   36   36   35   35   35   35   34   34
   34   34   34   34   34   34   35   35   35   35   35   35   36   36   36   36
   37   37   37   37   37   37   38   38   38   38   38   38   38   38   37   38
   39   39   37   38   42   57   63   53   40                                   
    85.0-180.0 180.0   5.0 450.0                            LAT/LON1/LON2/DLON/H
   29   50   41   44   46   47   47   45   46   46   46   46   46   46   45   45
   44   43   43   42   41   40   40   39   39   38   38   38   37   37   37   38
   38   38   39   39   39   40   40   41   41   41   42   42   43   43   43   43
   44   44   44   44   44   44   44   44   44   44   44   44   44   44   43   44
   45   45   43   46   53   53   66   53   29                                   
    82.5-180.0 180.0   5.0 450.0                            LAT/LON1/LON2/DLON/H
   30   36   48   43   43   45   44   43   45   45   44   45   45   45   45   44
   43   42   41   40   38   37   36   35   34   33   33   32   32   32   33   33
   34   34   35   36   37   37   38   39   40   40   41   42   42   42   43   43
   43   43   43   43   43   43   43   43   43   43   43   43   42   42   42   42
   42   43   41   41   55   45   49   47   30                                   
    80.0-180.0 180.0   5.0 450.0                            LAT/LON1/LON2/DLON/H
   40   43   49   40   43   42   44   43   45   46   45   47   47   47   46   45
   44   43   41   39   38   36   35   34   32   32   31   31   31   31   32   32
   33   34   36   37   38   39   40   41   41   42   43   43   43   43   43   43
   43   43   43   43   43   43   43   43   43   43   43   43   43   42   42   42
   42   42   43   43   56   47   46   47   40                                   
    77.5-180.0 180.0   5.0 450.0                            LAT/LON1/LON2/DLON/H
   47   47   44   36   36   37   39   40   42   43   43   45   46   46   45   44
   43   41   39   37   35   33   31   29   27   26   26   25   26   26   27   28
   29   31   32   33   34   35   36   37   38   38   39   39   39   39   39   39
   39   39   39   39   39   39   39   40   40   40   41   41   41   41   41   41
   40   40   40   42   46   34   36   38   47                                   
    75.0-180.0 180.0   5.0 450.0                            LAT/LON1/LON2/DLON/H
   42   44   43   35   33   35   37   38   40   41   42   44   44   45   44   43
   42   40   38   35   33   31   30   28   27   26   26   25   26   26   28   29
   30   31   33   34   34   35   35   35   36   36   36   36   36   36   35   35
   35   35   36   36   37   38   39   40   41   42   43   44   45   45   45   45
   45   44   45   43   47   37   37   38   42                                   
    72.5-180.0 180.0   5.0 450.0                            LAT/LON1/LON2/DLON/H
   46   45   43   34   33   35   38   39   40   42   42   44   45   45   45   43
   42   40   38   36   34   33   31   30   29   29   29   29   29   30   31   32
   33   35   35   36   36   36   36   35   35   35   35   35   35   35   35   35
   35   36   37   38   40   42   44   46   48   51   52   54   55   56   56   57
   56   56   58   56   57   46   44   45   46                                   
    70.0-180.0 180.0   5.0 450.0                            LAT/LON1/LON2/DLON/H
   55   50   50   40   37   37   39   40   41   42   43   45   45   45   44   43
   41   40   38   37   35   34   34   33   33   33   33   33   34   34   35   36
   37   38   38   37   37   36   35   34   34   33   33   34   34   34   34   35
   36   38   40   42   46   49   53   56   60   63   66   68   70   71   71   72
   71   70   72   70   69   59   57   53   55                                   
    67.5-180.0 180.0   5.0 450.0                            LAT/LON1/LON2/DLON/H
   60   54   52   42   37   36   38   38   39   39   39   41   41   40   39   38
   36   35   34   33   33   32   32   33   33   33   33   34   34   34   35   35
   35   35   34   33   32   30   29   28   27   27   28   28   29   30   31   32
   34   37   40   44   49   54   59   64   69   73   76   79   81   82   82   83
   82   80   82   79   79   69   65   61   60                                   
    65.0-180.0 180.0   5.0 450.0                            LAT/LON1/LON2/DLON/H
   67   59   55   45   39   36   37   37   38   38   37   39   38   37   36   35
   33   32   31   31   31   31   32   32   33   33   33   33   33   33   33   33
   32   32   30   29   27   25   23   22   22   22   24   25   26   27   29   31
   34   39   44   50   56   63   70   76   81   86   90   93   95   95   95   95
   93   91   92   89   89   79   75   72   67                                   
    62.5-180.0 180.0   5.0 450.0                            LAT/LON1/LON2/DLON/H
   73   64   59   49   41   39   38   38   38   38   37   38   37   36   35   34
   33   32   31   31   31   31   32   33   33   34   33   33   32   31   31   30
   30   29   27   25   23   21   19   19   19   21   22   25   26   28   31   34
   38   44   51   59   68   76   84   91   97  102  106  108  110  110  109  108
  105  102  102   98   97   88   84   80   73                                   
    60.0-180.0 180.0   5.0 450.0                            LAT/LON1/LON2/DLON/H
   79   69   62   51   43   39   38   37   36   36   35   36   35   34   33   32
   31   31   30   30   30   30   30   31   31   31   31   30   29   27   27   26
   25   25   23   22   20   18   16   16   17   19   22   25   27   30   32   37
   42   50   59   68   79   88   97  104  110  114  118  120  121  121  119  117
  113  109  108  104  102   92   88   84   79                                   
    57.5-180.0 180.0   5.0 450.0                            LAT/LON1/LON2/DLON/H
   85   74   65   54   46   41   39   37   36   34   33   34   33   33   32   31
   31   31   30   29   28   28   28   28   28   28   28   26   25   24   23   22
   22   22   21   20   19   17   16   16   18   21   24   27   30   33   36   41
   48   57   68   80   91  101  109  116  121  126  129  131  132  131  129  125
  120  115  114  109  108   97   92   88   85                                   
    55.0-180.0 180.0   5.0 450.0                            LAT/LON1/LON2/DLON/H
   91   79   70   59   50   45   41   38   35   33   31   32   31   31   30   31
   31   30   29   28   27   26   25   25   25   25   25   24   23   21   20   20
   21   21   22   21   20   19   19   19   21   24   28   31   35   38   42   48
   56   67   79   91  103  113  121  126  131  134  137  139  140  139  137  133
  127  121  120  115  113  101   97   93   91                                   
    52.5-180.0 180.0   5.0 450.0                            LAT/LON1/LON2/DLON/H
  100   88   78   67   58   52   46   41   37   34   31   31   30   29   30   30
   30   30   29   27   25   24   23   23   23   24   24   24   23   21   21   21
   22   23   25   25   25   25   25   25   27   31   34   38   41   45   50   57
   66   78   91  104  115  124  130  135  138  141  143  146  147  146  144  141
  135  129  127  122  121  107  103   99  100                                   
    50.0-180.0 180.0   5.0 450.0                            LAT/LON1/LON2/DLON/H
  111   99   88   79   69   62   56   48   42   37   33   32   31   30   30   30
   31   30   29   27   25   23   23   23   24   26   27   26   25   24   24   24
   26   28   31   33   34   33   33   34   36   39   42   46   50   54   60   68
   79   91  104  116  126  134  139  141  143  145  147  149  151  152  150  148
  143  138  137  132  130  116  113  108  111                                   
    47.5-180.0 180.0   5.0 450.0                            LAT/LON1/LON2/DLON/H
  123  111  100   93   83   76   68   59   51   45   39   37   34   33   32   32
   32   31   29   27   26   25   25   26   28   30   32   32   31   30   29   30
   32   35   39   42   43   44   44   44   46   48   51   55   59   65   72   81
   92  105  117  128  137  143  146  146  147  147  149  151  153  155  155  154
  151  147  146  141  139  126  124  119  123                                   
    45.0-180.0 180.0   5.0 450.0                            LAT/LON1/LON2/DLON/H
  133  122  111  107   96   90   82   72   63   55   49   45   42   39   37   36
   35   33   32   30   29   29   30   32   35   37   38   39   38   37   36   37
   39   42   47   51   53   54   54   54   55   57   60   64   69   76   85   95
  106  118  129  138  145  150  151  150  149  148  148  150  153  155  157  158
  157  155  154  150  148  136  134  130  133                                   
    42.5-180.0 180.0   5.0 450.0                            LAT/LON1/LON2/DLON/H
  138  129  119  116  106  100   94   84   76   68   61   57   53   50   46   43
   40   38   37   37   37   38   39   41   43   45   46   46   46   45   44   44
   46   49   54   58   61   62   62   63   64   66   68   73   79   87   97  108
  120  130  140  147  153  156  156  154  151  149  148  149  152  154  157  160
  161  160  160  156  154  143  140  137  138                                   
    40.0-180.0 180.0   5.0 450.0                            LAT/LON1/LON2/DLON/H
  138  129  119  117  109  105   99   92   85   78   73   71   67   63   58   54
   50   48   47   47   48   50   51   52   52   52   53   53   53   52   51   51
   52   55   59   63   66   67   68   68   70   72   76   80   87   97  108  120
  131  141  148  155  160  162  163  160  157  153  151  150  152  155  158  162
  165  165  164  160  157  146  143  140  138                                   
    37.5-180.0 180.0   5.0 450.0                            LAT/LON1/LON2/DLON/H
  134  124  113  111  104  101   97   92   88   84   82   82   80   77   72   67
   63   60   60   61   63   64   63   62   60   59   58   58   58   58   58   57
   58   60   63   66   68   69   70   71   74   77   81   87   95  106  118  130
  141  149  157  163  169  173  174  172  169  164  160  157  158  160  163  168
  171  171  170  165  160  148  143  140  134                                   
    35.0-180.0 180.0   5.0 450.0                            LAT/LON1/LON2/DLON/H
  129  116  103   98   93   90   88   86   85   84   84   87   89   88   85   80
   76   74   74   76   78   77   75   71   67   64   62   62   63   64   65   64
   64   64   66   68   69   70   71   73   76   81   86   92  101  113  126  138
  149  158  166  174  181  188  192  192  189  183  177  173  171  173  176  181
  184  182  180  174  168  153  146  140  129                                   
    32.5-180.0 180.0   5.0 450.0                            LAT/LON1/LON2/DLON/H
  129  111   95   86   80   76   75   75   76   78   81   88   92   94   93   90
   87   87   88   89   90   88   83   77   71   67   66   67   69   71   72   71
   70   70   70   70   70   70   71   73   78   83   89   97  106  119  133  146
  157  167  177  188  200  210  216  219  216  210  203  197  194  194  198  203
  205  203  199  192  184  167  157  146  129                                   
    30.0-180.0 180.0   5.0 450.0                            LAT/LON1/LON2/DLON/H
  137  114   94   80   72   66   64   63   66   68   74   83   90   94   96   95
   94   95   97   98   98   94   87   80   74   71   71   73   75   78   79   78
   77   75   74   73   72   70   70   73   78   84   91  100  110  124  139  153
  166  179  193  208  223  237  246  250  249  243  236  229  225  225  228  234
  235  233  229  220  212  191  180  163  137                                   
    27.5-180.0 180.0   5.0 450.0                            LAT/LON1/LON2/DLON/H
  159  131  106   87   74   65   59   57   58   60   66   75   83   89   93   94
   95   97   99  100   98   93   86   80   77   77   79   81   84   86   86   85
   83   81   79   76   74   71   70   73   78   84   92  101  113  128  145  161
  177  194  212  232  251  268  280  285  285  281  273  266  262  262  266  272
  273  272  268  257  250  228  215  194  159                                   
    25.0-180.0 180.0   5.0 450.0                            LAT/LON1/LON2/DLON/H
  195  165  135  111   93   78   68   60   57   57   61   68   76   82   86   88
   90   92   94   94   91   87   83   81   83   86   90   93   95   94   93   91
   88   86   83   80   76   72   71   72   77   84   92  102  115  132  151  170
  190  211  235  259  283  302  316  323  324  321  315  308  304  304  309  315
  317  317  315  303  296  275  262  238  195                                   
    22.5-180.0 180.0   5.0 450.0                            LAT/LON1/LON2/DLON/H
  247  217  183  154  130  108   91   76   68   64   64   67   71   75   78   80
   81   82   83   82   80   79   80   84   91   99  105  108  107  104  100   96
   93   90   87   83   79   74   72   72   76   82   90  101  116  135  157  181
  205  231  259  288  315  336  352  361  364  363  358  352  349  350  354  360
  363  365  364  353  349  330  316  291  247                                   
    20.0-180.0 180.0   5.0 450.0                            LAT/LON1/LON2/DLON/H
  309  281  246  214  184  154  130  108   94   84   78   76   75   74   74   73
   73   72   71   71   72   75   81   92  104  116  124  125  121  114  107  101
   97   93   89   85   80   75   72   72   75   80   89  101  118  140  165  192
  221  252  285  317  346  368  384  394  398  399  396  393  391  392  397  404
  408  412  413  404  401  386  372  349  309                                   
    17.5-180.0 180.0   5.0 450.0                            LAT/LON1/LON2/DLON/H
  374  353  321  286  250  213  182  153  133  117  107   98   91   84   78   74
   70   67   65   66   69   77   89  105  122  136  143  142  134  123  113  105
   99   94   89   85   80   75   72   71   73   78   87  101  120  145  174  205
  238  273  308  342  371  393  408  417  422  424  424  423  424  427  433  440
  445  450  454  448  447  437  424  403  374                                   
    15.0-180.0 180.0   5.0 450.0                            LAT/LON1/LON2/DLON/H
  430  418  392  357  318  277  239  205  181  162  148  134  120  106   95   86
   78   72   69   71   77   89  105  124  142  156  161  156  144  130  117  107
   99   92   87   83   78   74   71   70   71   77   87  102  124  152  184  218
  254  290  327  360  388  409  421  429  434  437  438  440  443  448  455  463
  469  476  482  480  479  474  464  446  430                                   
    12.5-180.0 180.0   5.0 450.0                            LAT/LON1/LON2/DLON/H
  468  464  444  412  375  333  292  257  231  212  195  179  160  141  124  110
   98   90   86   88   97  111  129  149  165  175  176  166  151  135  120  107
   98   90   84   80   76   72   69   68   70   76   88  105  129  160  194  230
  267  304  340  372  397  414  425  431  435  437  440  443  448  456  465  473
  479  487  493  495  497  496  489  474  468                                   
    10.0-180.0 180.0   5.0 450.0                            LAT/LON1/LON2/DLON/H
  487  486  470  442  410  372  332  299  275  258  243  225  205  183  163  145
  130  119  114  117  127  142  160  176  187  190  184  171  154  137  122  108
   97   89   83   78   74   70   67   67   70   77   90  110  136  168  202  239
  276  312  346  375  398  412  421  426  428  430  433  438  445  454  463  472
  478  485  492  497  502  504  500  488  487                                   
     7.5-180.0 180.0   5.0 450.0                            LAT/LON1/LON2/DLON/H
  490  490  475  449  424  390  352  324  305  292  281  266  246  225  204  184
  167  154  149  152  163  178  192  202  203  197  185  170  154  138  124  111
