data/edconvlstm_nd/pred1320.15i
     1.0            IONOSPHERE MAPS     GNSS                IONEX VERSION / TYPE
pyspatialgeodesy        IME             05-JAN-18 20:20     PGM / RUN BY / DATE 
Map Name                                                    COMMENT             
Predicted global ionosphere maps (GIM).                     DESCRIPTION         
  2015     5    12     0     0     0                        EPOCH OF FIRST MAP  
  2015     5    13     0     0     0                        EPOCH OF LAST MAP   
  7200                                                      INTERVAL            
    13                                                      # OF MAPS IN FILE   
  NONE                                                      MAPPING FUNCTION    
10.0                                                        ELEVATION CUTOFF    
One-way carrier phase leveled to code                       OBSERVABLES USED    
  6371.0                                                    BASE RADIUS         
 2                                                          MAP DIMENSION       
   450.0 450.0   0.0                                        HGT1 / HGT2 / DHGT  
    87.5 -87.5  -2.5                                        LAT1 / LAT2 / DLAT  
  -180.0 180.0   5.0                                        LON1 / LON2 / DLON  
    -1                                                      EXPONENT            
                                                            END OF HEADER       
[from data line 1716]
     5                                                      START OF TEC MAP    
  2015     5    12     8     0     0                        EPOCH OF CURRENT MAP
    87.5-180.0 180.0   5.0 450.0                            LAT/LON1/LON2/DLON/H
  154  140  135  138  144  143  142  142  146  148  150  153  155  157  159  161
  162  164  165  166  167  168  168  168  168  168  168  168  167  167  166  165
  165  164  163  162  161  160  159  158  158  157  156  155  154  153  152  151
  150  149  148  146  145  143  142  140  139  137  136  134  133  131  130  129
  128  130  128  128  133  132  137  144  154                                   
    85.0-180.0 180.0   5.0 450.0                            LAT/LON1/LON2/DLON/H
  136  130  132  133  138  139  141  143  146  149  151  154  157  160  163  165
  168  170  172  173  174  175  176  176  176  176  176  175  175  174  174  173
  172  172  171  170  169  168  167  166  166  165  164  163  162  161  160  159
  158  156  154  152  151  148  146  144  142  140  138  136  134  132  130  129
  129  130  125  127  124  122  128  132  136                                   
    82.5-180.0 180.0   5.0 450.0                            LAT/LON1/LON2/DLON/H
  118  124  122  121  125  128  130  133  137  140  144  148  151  155  158  162
  165  167  169  171  172  173  173  173  173  172  172  171  171  170  170  170
  169  169  169  169  168  168  168  167  167  167  166  166  165  165  164  162
  161  159  157  155  152  150  147  144  142  139  136  133  130  128  125  123
  121  120  115  118  118  116  116  109  118                                   
    80.0-180.0 180.0   5.0 450.0                            LAT/LON1/LON2/DLON/H
  115  118  115  117  120  120  123  126  131  134  138  142  146  150  154  157
  161  163  165  166  166  166  165  164  162  161  160  159  159  159  159  159
  160  160  161  162  162  163  163  164  165  166  167  167  168  168  168  167
  166  165  163  161  159  157  154  152  149  146  143  140  137  133  130  127
  124  122  117  117  114  113  118  105  115                                   
    77.5-180.0 180.0   5.0 450.0                            LAT/LON1/LON2/DLON/H
  124  125  121  121  122  122  125  126  130  133  136  140  143  147  151  154
  158  160  161  162  161  159  157  154  151  149  147  146  146  147  148  150
  152  155  157  159  161  163  165  167  169  172  174  176  178  180  181  181
  181  180  179  177  175  174  172  170  168  166  163  160  157  153  149  146
  141  138  130  129  127  120  122  115  124                                   
    75.0-180.0 180.0   5.0 450.0                            LAT/LON1/LON2/DLON/H
  130  133  126  126  127  126  127  127  130  131  133  135  137  140  143  146
  149  151  152  152  150  147  143  139  135  131  129  128  129  131  134  138
  142  147  150  154  157  160  164  167  171  175  179  183  187  190  192  193
  193  193  191  190  189  188  187  187  186  185  184  182  179  176  172  168
  163  159  151  144  139  134  135  125  130                                   
    72.5-180.0 180.0   5.0 450.0                            LAT/LON1/LON2/DLON/H
  137  142  135  133  133  131  133  131  133  132  132  133  133  134  136  139
  141  143  144  143  141  137  132  127  122  118  115  115  117  121  126  132
  139  145  150  155  159  163  167  172  177  182  189  195  200  205  208  210
  210  209  208  206  205  205  205  205  206  206  206  206  204  201  197  194
  188  184  175  168  158  150  149  141  137                                   
    70.0-180.0 180.0   5.0 450.0                            LAT/LON1/LON2/DLON/H
  144  145  138  135  133  131  132  130  131  129  128  126  125  124  125  126
  128  130  131  131  129  125  119  114  108  104  102  103  107  112  120  128
  136  143  150  155  160  164  168  173  179  187  195  203  210  216  220  222
  222  220  218  215  213  212  213  214  215  217  218  218  217  215  212  209
  204  199  191  183  173  163  163  156  144                                   
    67.5-180.0 180.0   5.0 450.0                            LAT/LON1/LON2/DLON/H
  143  143  135  132  129  126  127  126  127  125  123  121  118  116  115  116
  117  119  121  121  119  116  111  105  100   97   96   97  102  109  118  127
  136  144  150  155  159  163  167  173  180  189  199  209  218  226  231  233
  231  228  224  220  217  215  215  216  218  220  221  222  222  220  218  216
  212  208  200  192  181  171  168  163  143                                   
    65.0-180.0 180.0   5.0 450.0                            LAT/LON1/LON2/DLON/H
  139  136  127  123  118  116  118  117  119  119  117  115  112  109  107  106
  107  109  111  112  111  108  104  100   96   93   93   96  102  109  119  128
  137  145  151  156  159  163  167  173  181  191  203  216  227  236  241  243
  240  236  230  224  219  216  215  216  217  219  220  221  220  219  217  216
  213  210  203  195  185  175  173  168  139                                   
    62.5-180.0 180.0   5.0 450.0                            LAT/LON1/LON2/DLON/H
  137  130  119  113  106  103  105  106  109  110  110  109  106  103  100   98
   98  100  102  103  103  101   99   95   93   92   93   97  103  111  120  129
  138  145  150  154  158  161  165  172  182  194  207  221  234  243  249  250
  248  242  234  227  221  217  215  215  216  217  217  217  217  216  214  213
  211  209  203  196  188  178  175  170  137                                   
    60.0-180.0 180.0   5.0 450.0                            LAT/LON1/LON2/DLON/H
  139  130  116  107   97   92   92   93   97   99  102  102  100   97   94   91
   90   91   93   94   95   94   92   90   90   91   94   98  104  111  119  127
  135  141  146  150  154  158  164  172  183  196  211  226  239  250  255  257
  254  247  240  232  226  222  219  218  218  218  217  216  216  215  214  213
  211  210  205  199  192  183  181  175  139                                   
    57.5-180.0 180.0   5.0 450.0                            LAT/LON1/LON2/DLON/H
  153  141  126  113   98   89   86   84   87   90   93   95   95   92   89   86
   84   84   85   86   86   85   85   85   86   89   93   98  104  110  116  123
  130  136  141  147  152  158  166  176  188  202  218  233  246  256  262  264
  261  256  249  242  237  233  231  229  227  225  223  222  221  220  220  220
  218  218  214  209  204  196  194  187  153                                   
    55.0-180.0 180.0   5.0 450.0                            LAT/LON1/LON2/DLON/H
  180  167  152  134  114   99   90   84   83   84   87   90   90   89   86   83
   80   79   79   79   78   78   77   79   81   86   91   97  102  107  112  118
  124  130  137  144  152  161  172  184  198  213  228  242  254  264  270  272
  271  268  263  259  256  252  250  246  243  239  236  234  233  233  233  234
  233  233  230  226  221  216  215  208  180                                   
    52.5-180.0 180.0   5.0 450.0                            LAT/LON1/LON2/DLON/H
  217  205  191  170  146  125  110   96   89   85   86   88   88   87   85   82
   80   78   77   75   74   72   72   74   77   83   90   96  101  105  109  114
  121  128  137  147  158  171  185  200  215  230  244  256  267  275  281  284
  285  284  283  282  280  278  274  269  264  258  253  250  250  250  252  253
  253  253  250  246  243  241  240  235  217                                   
    50.0-180.0 180.0   5.0 450.0                            LAT/LON1/LON2/DLON/H
  257  248  235  214  190  164  143  121  106   96   92   91   91   90   88   85
   83   81   79   76   73   71   70   71   76   83   90   97  102  106  110  115
  122  131  142  155  170  186  204  221  238  253  266  277  286  293  298  301
  304  306  308  309  309  307  302  295  287  278  271  268  267  269  271  273
  273  273  271  266  264  264  265  263  257                                   
    47.5-180.0 180.0   5.0 450.0                            LAT/LON1/LON2/DLON/H
  290  284  274  256  234  209  183  155  133  116  106  101   99   97   95   93
   91   89   86   83   78   74   72   74   79   86   94  101  107  111  116  121
  129  139  152  168  187  207  228  248  266  282  294  304  311  316  320  325
  329  332  336  338  339  336  330  320  308  297  288  283  282  284  287  290
  290  289  286  280  277  279  283  284  290                                   
    45.0-180.0 180.0   5.0 450.0                            LAT/LON1/LON2/DLON/H
  307  304  297  286  268  247  221  191  164  142  126  118  113  110  108  106
  104  102   99   95   89   84   80   81   86   94  102  110  116  121  126  132
  141  152  167  185  207  230  254  277  297  314  326  335  341  345  349  353
  358  362  366  368  368  363  354  342  327  312  301  294  293  295  298  300
  299  297  293  286  281  283  288  291  307                                   
    42.5-180.0 180.0   5.0 450.0                            LAT/LON1/LON2/DLON/H
  302  301  298  294  284  269  248  221  193  168  149  138  131  127  124  123
  121  120  117  112  106   99   94   93   98  105  114  122  129  135  140  148
  157  169  184  204  227  253  280  306  328  346  359  369  375  379  383  386
  390  394  397  398  395  388  377  361  344  327  313  305  302  303  304  305
  303  299  293  283  276  275  281  284  302                                   
    40.0-180.0 180.0   5.0 450.0                            LAT/LON1/LON2/DLON/H
  279  276  276  279  276  269  256  236  212  189  170  158  151  146  144  142
  142  141  138  133  125  117  111  110  113  120  129  137  144  150  156  164
  174  186  201  221  246  274  304  331  356  375  391  402  410  415  419  422
  425  428  430  429  424  415  401  383  364  346  331  321  316  314  314  313
  309  303  293  280  268  262  266  266  279                                   
    37.5-180.0 180.0   5.0 450.0                            LAT/LON1/LON2/DLON/H
  247  238  239  245  248  249  246  235  219  201  186  176  169  166  164  163
  163  163  160  155  147  138  132  130  132  138  145  152  159  165  171  179
  188  200  215  235  261  291  323  352  378  401  419  433  444  452  457  461
  463  466  466  464  458  448  434  416  397  377  361  349  342  338  336  333
  327  318  304  285  267  253  253  249  247                                   
    35.0-180.0 180.0   5.0 450.0                            LAT/LON1/LON2/DLON/H
  223  205  202  205  211  216  221  219  212  202  193  188  185  183  183  183
  183  183  181  176  168  160  153  150  152  156  162  168  172  177  183  190
  198  209  224  245  273  305  337  368  396  420  442  460  475  487  494  499
  503  506  508  507  503  494  481  465  446  427  410  396  388  382  379  373
  364  353  335  310  284  262  254  242  223                                   
    32.5-180.0 180.0   5.0 450.0                            LAT/LON1/LON2/DLON/H
  219  192  181  176  179  183  192  197  198  196  194  194  196  197  199  200
  201  201  199  194  187  179  173  171  172  175  178  181  184  187  191  197
  204  215  230  253  282  315  348  379  407  433  458  481  501  517  528  537
  544  550  555  558  557  552  542  529  513  496  479  466  456  450  445  437
  426  412  390  359  326  295  277  258  219                                   
    30.0-180.0 180.0   5.0 450.0                            LAT/LON1/LON2/DLON/H
  244  210  187  172  165  165  173  180  184  187  191  197  203  208  211  214
  215  215  212  208  202  195  191  189  190  192  194  194  194  195  197  202
  209  220  236  261  291  324  357  387  414  441  468  494  519  541  557  571
  582  594  604  613  617  617  612  603  591  577  563  552  543  536  531  521
  509  493  468  431  392  353  324  300  244                                   
    27.5-180.0 180.0   5.0 450.0                            LAT/LON1/LON2/DLON/H
  301  262  227  198  179  171  173  178  181  185  192  201  210  217  222  225
  226  225  222  217  212  208  206  206  207  208  208  206  204  203  204  208
  215  227  245  271  302  335  365  393  418  444  472  503  532  559  581  600
  618  636  653  668  678  683  683  678  670  660  650  641  634  630  625  616
  603  587  560  518  474  430  393  365  301                                   
    25.0-180.0 180.0   5.0 450.0                            LAT/LON1/LON2/DLON/H
  382  344  296  254  221  204  196  194  192  194  200  209  220  227  232  234
  234  232  228  223  219  217  218  220  222  223  221  218  214  212  213  218
  226  239  259  286  316  347  374  398  421  447  476  509  542  573  600  625
  650  675  699  720  735  744  747  745  740  733  725  719  716  714  713  704
  693  678  651  607  558  511  471  442  382                                   
    22.5-180.0 180.0   5.0 450.0                            LAT/LON1/LON2/DLON/H
  473  438  382  332  284  259  239  229  220  216  217  225  233  240  243  243
  241  237  232  227  224  224  227  231  234  234  231  226  222  221  223  229
  239  255  276  303  332  359  383  405  427  452  482  517  552  586  618  649
  679  709  739  765  783  794  798  797  793  787  780  776  775  777  779  773
  763  749  725  681  630  580  546  519  473                                   
    20.0-180.0 180.0   5.0 450.0                            LAT/LON1/LON2/DLON/H
  552  522  467  415  358  327  297  277  259  248  244  247  252  256  257  254
  249  243  236  231  228  229  234  238  241  239  234  228  225  226  231  240
  254  272  294  320  346  371  392  412  434  460  492  528  565  601  636  670
  704  738  771  799  819  829  833  831  826  819  813  809  809  812  815  811
  801  788  766  722  673  623  599  578  552                                   
    17.5-180.0 180.0   5.0 450.0                            LAT/LON1/LON2/DLON/H
  601  574  530  487  428  396  359  333  307  288  276  274  275  275  273  267
  259  250  241  234  231  232  236  239  239  235  227  221  219  224  234  249
  267  288  311  336  360  381  400  420  443  472  505  541  579  616  652  688
  724  759  792  819  838  848  850  847  841  833  826  821  820  822  823  816
  804  788  766  723  677  628  614  604  601                                   
    15.0-180.0 180.0   5.0 450.0                            LAT/LON1/LON2/DLON/H
  608  583  557  529  479  450  413  384  354  329  311  303  299  296  290  282
  271  259  247  238  233  232  234  234  229  220  210  204  205  216  233  254
  277  302  326  350  371  390  408  429  454  484  518  554  591  628  665  701
  736  770  801  826  843  850  851  848  842  834  826  820  816  813  808  795
  776  755  729  686  644  597  591  594  608                                   
    12.5-180.0 180.0   5.0 450.0                            LAT/LON1/LON2/DLON/H
  579  555  549  536  502  480  448  421  391  364  343  330  323  317  308  297
  284  269  254  242  234  230  227  222  211  197  186  181  187  204  228  256
  285  313  339  362  381  399  417  438  464  495  528  563  598  634  670  706
  740  771  799  821  835  842  843  840  835  828  820  812  803  793  778  756
  729  701  672  628  589  544  541  555  579                                   
    10.0-180.0 180.0   5.0 450.0                            LAT/LON1/LON2/DLON/H
  533  510  518  518  501  485  460  438  412  387  365  351  341  333  324  311
  296  279  262  246  235  226  218  206  189  172  160  158  169  191  222  256
  290  321  348  371  390  407  424  445  471  500  531  563  596  630  666  701
  734  763  789  809  822  830  833  832  829  823  814  804  790  772  748  717
  682  649  616  573  535  491  486  507  533                                   
     7.5-180.0 180.0   5.0 450.0                            LAT/LON1/LON2/DLON/H
  491  471  486  492  485  475  456  440  419  398  378  363  353  344  334  321
  305  287  267  250  235  221  207  189  168  148  137  138  152  179  215  254
