data/edconvlstm_nd/pred2010.15i
     1.0            IONOSPHERE MAPS     GNSS                IONEX VERSION / TYPE
pyspatialgeodesy        IME             05-JAN-18 20:20     PGM / RUN BY / DATE 
Map Name                                                    COMMENT             
Predicted global ionosphere maps (GIM).                     DESCRIPTION         
  2015     7    20     0     0     0                        EPOCH OF FIRST MAP  
  2015     7    21     0     0     0                        EPOCH OF LAST MAP   
  7200                                                      INTERVAL            
    13                                                      # OF MAPS IN FILE   
  NONE                                                      MAPPING FUNCTION    
10.0                                                        ELEVATION CUTOFF    
One-way carrier phase leveled to code                       OBSERVABLES USED    
  6371.0                                                    BASE RADIUS         
 2                                                          MAP DIMENSION       
   450.0 450.0   0.0                                        HGT1 / HGT2 / DHGT  
    87.5 -87.5  -2.5                                        LAT1 / LAT2 / DLAT  
  -180.0 180.0   5.0                                        LON1 / LON2 / DLON  
    -1                                                      EXPONENT            
                                                            END OF HEADER       
[from data line 1716]
     5                                                      START OF TEC MAP    
  2015     7    20     8     0     0                        EPOCH OF CURRENT MAP
    87.5-180.0 180.0   5.0 450.0                            LAT/LON1/LON2/DLON/H
  133  132  130  134  135  134  132  129  130  132  132  132  132  133  133  133
  133  133  133  133  133  132  132  131  131  130  130  129  128  128  127  127
  127  126  126  125  125  125  125  125  125  125  125  126  126  126  127  127
  127  128  128  128  128  129  129  129  128  128  128  128  128  128  127  128
  128  130  128  127  132  131  136  134  133                                   
    85.0-180.0 180.0   5.0 450.0                            LAT/LON1/LON2/DLON/H
  131  135  138  136  137  138  138  138  139  140  140  141  141  142  142  142
  143  143  143  142  142  142  141  141  140  139  139  138  138  137  137  136
  136  135  135  134  134  134  133  133  133  134  134  134  135  135  136  137
  137  138  139  139  140  140  140  140  140  140  140  140  139  139  138  139
  140  141  136  135  132  133  137  138  131                                   
    82.5-180.0 180.0   5.0 450.0                            LAT/LON1/LON2/DLON/H
  132  137  138  134  132  134  134  134  135  136  137  138  139  140  141  141
  142  142  142  142  141  141  140  139  138  138  137  136  136  135  135  135
  134  134  134  133  133  133  133  133  133  133  134  134  135  137  138  139
  140  141  142  143  144  144  144  144  144  144  143  143  142  142  140  140
  140  140  136  136  135  137  134  129  132                                   
    80.0-180.0 180.0   5.0 450.0                            LAT/LON1/LON2/DLON/H
  133  134  133  132  131  130  130  131  132  133  134  136  137  138  139  140
  141  141  141  140  139  138  137  136  135  134  133  133  132  132  132  133
  133  133  133  133  133  133  133  133  133  134  135  136  138  140  142  144
  146  147  149  150  151  151  151  151  151  150  149  148  147  146  145  144
  143  142  138  139  138  141  145  133  133                                   
    77.5-180.0 180.0   5.0 450.0                            LAT/LON1/LON2/DLON/H
  136  134  133  133  129  129  128  128  129  130  130  132  134  135  137  138
  139  139  139  139  137  136  134  133  131  130  129  129  129  130  131  133
  134  135  136  137  137  138  138  138  139  140  142  144  146  149  152  155
  158  160  162  163  164  164  164  163  162  161  160  158  157  155  153  151
  150  148  143  144  144  143  144  140  136                                   
    75.0-180.0 180.0   5.0 450.0                            LAT/LON1/LON2/DLON/H
  134  135  129  130  127  127  125  123  123  124  123  125  127  128  130  132
  133  134  133  132  131  129  127  124  122  121  121  121  122  124  127  130
  132  135  138  139  140  141  142  142  143  145  147  150  153  157  160  164
  166  169  170  171  172  172  171  170  169  167  165  164  162  160  158  157
  154  152  148  145  145  146  148  142  134                                   
    72.5-180.0 180.0   5.0 450.0                            LAT/LON1/LON2/DLON/H
  134  137  131  131  127  126  124  122  120  120  119  120  121  123  125  127
  128  129  129  128  126  123  120  118  116  114  114  115  117  120  125  129
  134  139  143  146  148  149  150  151  152  154  157  161  165  169  172  175
  178  179  180  180  179  178  176  175  173  172  170  169  168  166  165  164
  162  160  156  153  151  152  152  148  134                                   
    70.0-180.0 180.0   5.0 450.0                            LAT/LON1/LON2/DLON/H
  139  139  134  131  127  124  120  116  114  112  110  111  112  113  115  117
  118  119  119  117  115  113  110  107  105  103  104  105  109  114  119  126
  133  139  144  148  151  153  154  156  158  161  164  169  173  177  180  182
  183  183  182  180  177  175  172  170  168  167  167  167  166  166  165  165
  164  162  159  157  155  157  158  155  139                                   
    67.5-180.0 180.0   5.0 450.0                            LAT/LON1/LON2/DLON/H
  139  141  136  133  128  124  119  114  110  107  104  104  104  105  106  108
  109  109  108  107  105  103  100   98   96   95   96   99  103  109  116  124
  132  139  145  150  154  156  158  160  162  166  171  176  180  184  186  186
  185  182  179  175  170  166  163  160  159  159  159  160  161  162  163  164
  164  163  160  158  156  159  160  157  139                                   
    65.0-180.0 180.0   5.0 450.0                            LAT/LON1/LON2/DLON/H
  142  145  140  137  131  125  119  113  108  103   99   98   97   98   98   99
   99   99   98   97   95   93   92   90   90   91   93   96  101  108  116  125
  133  142  148  154  157  160  162  165  169  174  180  185  190  193  194  192
  188  182  176  170  164  158  154  151  150  151  153  155  158  160  162  164
  164  164  161  160  159  163  165  162  142                                   
    62.5-180.0 180.0   5.0 450.0                            LAT/LON1/LON2/DLON/H
  145  150  145  141  134  128  121  113  107  101   96   93   92   91   91   91
   90   89   88   86   85   84   84   84   86   88   92   97  103  110  118  127
  136  144  151  156  160  163  166  170  175  181  188  195  200  202  201  197
  190  182  174  166  158  152  148  145  144  145  148  151  155  158  161  163
  163  163  161  160  160  164  167  166  145                                   
    60.0-180.0 180.0   5.0 450.0                            LAT/LON1/LON2/DLON/H
  149  154  149  145  138  132  123  114  106   99   92   88   86   84   83   82
   80   79   77   75   74   74   75   78   82   87   92   99  106  114  122  131
  139  147  153  158  162  165  169  174  180  188  197  204  209  211  208  202
  193  183  174  165  157  151  147  144  143  144  147  150  154  157  160  161
  161  161  159  159  159  164  167  166  149                                   
    57.5-180.0 180.0   5.0 450.0                            LAT/LON1/LON2/DLON/H
  153  158  154  150  143  136  127  117  107   98   90   85   81   79   77   75
   73   70   68   66   65   66   69   73   79   87   95  103  112  120  128  136
  144  151  157  162  166  169  173  179  187  196  206  215  220  221  217  210
  200  189  180  171  164  158  154  151  149  150  151  154  157  159  160  161
  160  159  158  158  159  164  168  167  153                                   
    55.0-180.0 180.0   5.0 450.0                            LAT/LON1/LON2/DLON/H
  158  163  159  155  148  141  131  119  108   97   87   82   77   74   72   69
   67   64   61   59   58   60   63   69   77   86   97  107  117  126  134  141
  148  154  160  165  170  174  179  186  194  205  216  225  231  232  227  219
  209  199  190  183  177  172  167  164  161  160  160  161  162  163  162  161
  160  158  157  157  159  164  168  167  158                                   
    52.5-180.0 180.0   5.0 450.0                            LAT/LON1/LON2/DLON/H
  162  167  164  161  154  146  136  122  110   97   87   80   75   71   69   67
   64   61   58   56   55   57   61   67   76   86   98  109  120  130  138  145
  151  158  164  170  175  181  187  194  203  214  226  236  242  243  239  231
  222  213  205  199  194  189  184  179  175  171  170  169  168  167  165  163
  160  158  157  158  160  165  169  166  162                                   
    50.0-180.0 180.0   5.0 450.0                            LAT/LON1/LON2/DLON/H
  166  171  168  165  159  151  140  126  112   99   87   80   74   71   68   67
   65   62   60   58   57   58   61   67   76   86   98  110  122  132  140  147
  153  160  167  175  182  189  196  204  213  225  236  247  253  255  252  245
  236  228  221  216  211  206  200  193  187  182  178  175  173  170  167  165
  163  161  160  161  163  168  171  167  166                                   
    47.5-180.0 180.0   5.0 450.0                            LAT/LON1/LON2/DLON/H
  168  172  170  167  161  153  142  128  115  101   90   82   76   73   71   69
   68   67   65   64   63   63   66   70   77   87   98  109  121  131  140  147
  154  162  170  179  189  198  206  215  224  235  247  257  265  268  266  260
  252  244  238  232  226  219  211  203  195  189  183  179  176  173  170  168
  166  166  165  166  168  172  174  169  168                                   
    45.0-180.0 180.0   5.0 450.0                            LAT/LON1/LON2/DLON/H
  168  171  169  166  160  152  142  129  117  104   93   86   80   77   75   74
   74   74   74   73   72   72   73   76   81   88   97  108  119  129  137  145
  153  162  172  184  195  206  216  226  235  246  257  268  276  280  280  275
  268  260  252  244  236  227  218  208  199  192  186  181  178  175  173  173
  172  173  173  174  175  178  178  172  168                                   
    42.5-180.0 180.0   5.0 450.0                            LAT/LON1/LON2/DLON/H
  165  167  165  160  156  148  139  128  118  107   98   92   86   82   80   80
   81   82   83   83   83   83   83   84   87   91   98  106  116  126  135  143
  152  162  174  187  201  214  226  236  246  256  267  278  287  293  294  291
  284  275  266  255  245  233  221  211  201  194  188  183  180  178  177  179
  180  182  183  183  183  184  182  175  165                                   
    40.0-180.0 180.0   5.0 450.0                            LAT/LON1/LON2/DLON/H
  162  162  158  152  147  140  133  124  117  109  103   98   93   89   86   86
   87   89   91   93   93   94   93   93   94   96  100  106  114  123  132  141
  151  162  175  190  205  220  233  244  255  265  276  287  297  305  308  306
  300  290  279  267  254  240  228  216  207  200  194  189  186  184  184  188
  191  194  194  194  192  191  187  178  162                                   
    37.5-180.0 180.0   5.0 450.0                            LAT/LON1/LON2/DLON/H
  161  158  152  143  137  129  124  118  114  110  106  104  100   95   92   91
   92   94   97   99  101  103  103  103  102  102  104  108  115  123  131  140
  150  162  176  192  208  224  239  251  262  272  283  295  307  316  321  321
  316  307  296  283  269  255  241  230  221  214  208  203  199  196  196  200
  204  208  208  206  203  199  195  184  161                                   
    35.0-180.0 180.0   5.0 450.0                            LAT/LON1/LON2/DLON/H
  164  158  148  136  128  119  115  111  109  108  108  108  105  101   97   95
   95   97  100  103  106  109  111  111  110  109  110  112  117  124  132  141
  152  164  177  193  210  226  242  255  266  277  289  302  315  326  333  335
  332  325  316  305  292  279  266  256  247  239  232  225  219  215  214  217
  220  224  223  220  216  209  204  191  164                                   
    32.5-180.0 180.0   5.0 450.0                            LAT/LON1/LON2/DLON/H
  174  163  151  134  124  113  108  105  105  106  108  110  109  106  102   98
   97   98  101  105  109  113  117  118  118  117  116  117  121  127  135  144
  154  166  179  194  210  227  242  256  269  280  292  306  320  333  342  347
  348  345  340  333  324  314  303  293  284  276  267  257  247  240  236  237
  239  241  240  236  230  223  218  203  174                                   
    30.0-180.0 180.0   5.0 450.0                            LAT/LON1/LON2/DLON/H
  190  176  161  140  127  114  107  103  103  104  108  111  112  109  105  101
   99   99  101  105  110  116  121  124  125  124  123  123  125  130  137  146
  157  168  181  195  209  225  241  255  268  281  294  308  323  337  349  357
  362  365  366  365  362  356  348  339  329  319  307  294  281  269  261  259
  259  260  259  253  248  240  234  219  190                                   
    27.5-180.0 180.0   5.0 450.0                            LAT/LON1/LON2/DLON/H
  213  196  178  156  139  123  115  107  106  106  109  113  114  112  108  104
  101   99  101  105  111  118  125  129  130  129  127  127  128  132  139  148
  158  170  182  194  207  222  237  252  266  279  293  308  323  338  352  363
  373  382  390  397  400  399  394  386  375  362  348  331  314  299  287  282
  280  280  278  272  267  259  253  239  213                                   
    25.0-180.0 180.0   5.0 450.0                            LAT/LON1/LON2/DLON/H
  237  219  201  177  158  141  129  119  114  112  113  116  117  115  112  107
  103  101  102  105  112  120  128  133  134  133  130  128  128  132  138  147
  158  170  181  192  204  217  231  246  261  276  290  305  321  336  351  365
  379  393  408  422  431  435  431  423  411  397  380  362  343  325  311  304
  300  299  298  292  287  279  273  261  237                                   
    22.5-180.0 180.0   5.0 450.0                            LAT/LON1/LON2/DLON/H
  259  242  224  202  182  163  149  136  128  122  120  121  121  120  117  112
  107  104  104  108  114  123  131  135  136  133  129  125  125  128  134  144
  155  167  178  188  199  211  225  240  255  271  287  302  318  333  347  363
  379  397  416  434  447  452  450  442  429  415  399  381  363  345  331  322
  318  317  316  310  305  298  291  280  259                                   
    20.0-180.0 180.0   5.0 450.0                            LAT/LON1/LON2/DLON/H
  275  260  245  225  204  185  170  155  144  136  131  129  128  126  122  117
  112  108  108  111  118  126  133  136  135  131  124  119  118  120  127  138
  150  162  174  184  195  206  219  234  250  267  283  299  314  328  343  358
  374  393  413  431  444  449  448  440  429  416  403  389  374  359  346  338
  333  334  333  327  321  313  304  294  275                                   
    17.5-180.0 180.0   5.0 450.0                            LAT/LON1/LON2/DLON/H
  282  269  257  239  220  202  187  172  160  150  142  138  135  132  128  122
  117  113  112  115  121  128  134  135  132  125  116  110  107  110  118  129
  143  156  169  181  192  203  216  231  247  265  282  297  312  325  339  352
  368  384  401  416  427  431  429  423  415  406  397  388  378  366  356  350
  346  347  346  339  332  322  312  301  282                                   
    15.0-180.0 180.0   5.0 450.0                            LAT/LON1/LON2/DLON/H
  279  268  259  243  227  210  197  184  173  162  153  147  143  138  133  127
  121  117  116  118  122  128  132  132  127  117  107   99   96   99  108  121
  135  151  165  179  191  203  215  230  247  265  282  298  313  325  337  349
  362  375  388  398  404  407  406  402  397  392  388  384  378  371  364  359
  356  357  355  348  338  325  313  301  279                                   
    12.5-180.0 180.0   5.0 450.0                            LAT/LON1/LON2/DLON/H
  269  258  252  237  224  208  198  188  179  170  161  154  148  143  137  131
  125  120  118  119  122  125  127  125  119  108   96   88   85   90  100  114
  130  146  163  178  191  204  217  231  248  266  284  301  316  328  339  349
  359  369  377  382  385  387  386  385  384  383  383  382  379  375  369  365
  363  363  360  351  338  322  308  294  269                                   
    10.0-180.0 180.0   5.0 450.0                            LAT/LON1/LON2/DLON/H
  256  244  240  225  214  200  192  185  179  172  164  158  151  145  139  133
  127  122  119  118  119  120  120  117  110   99   87   79   77   82   94  109
  126  144  161  178  192  205  218  233  250  268  287  304  319  332  344  354
  363  370  374  377  378  379  380  381  383  384  385  385  383  379  373  369
  366  364  360  349  334  314  299  283  256                                   
     7.5-180.0 180.0   5.0 450.0                            LAT/LON1/LON2/DLON/H
  245  232  228  211  203  188  182  177  174  169  162  156  150  145  139  133
  128  122  119  116  114  112  111  107  101   91   80   72   72   78   91  107
