data/edconvlstm_nd/pred1160.15i
     1.0            IONOSPHERE MAPS     GNSS                IONEX VERSION / TYPE
pyspatialgeodesy        IME             05-JAN-18 20:20     PGM / RUN BY / DATE 
Map Name                                                    COMMENT             
Predicted global ionosphere maps (GIM).                     DESCRIPTION         
  2015     4    26     0     0     0                        EPOCH OF FIRST MAP  
  2015     4    27     0     0     0                        EPOCH OF LAST MAP   
  7200                                                      INTERVAL            
    13                                                      # OF MAPS IN FILE   
  NONE                                                      MAPPING FUNCTION    
10.0                                                        ELEVATION CUTOFF    
One-way carrier phase leveled to code                       OBSERVABLES USED    
  6371.0                                                    BASE RADIUS         
 2                                                          MAP DIMENSION       
   450.0 450.0   0.0                                        HGT1 / HGT2 / DHGT  
    87.5 -87.5  -2.5                                        LAT1 / LAT2 / DLAT  
  -180.0 180.0   5.0                                        LON1 / LON2 / DLON  
    -1                                                      EXPONENT            
                                                            END OF HEADER       
[from data line 2574]
     7                                                      START OF TEC MAP    
  2015     4    26    12     0     0                        EPOCH OF CURRENT MAP
    87.5-180.0 180.0   5.0 450.0                            LAT/LON1/LON2/DLON/H
  220  205  197  203  208  210  212  214  217  220  223  226  229  231  234  236
  238  240  242  243  245  246  247  248  249  250  250  250  250  250  250  249
  249  248  247  246  244  243  241  240  238  236  234  233  231  229  227  225
  223  221  219  217  216  214  212  210  209  207  205  204  202  201  199  198
  197  197  195  195  197  201  202  215  220                                   
    85.0-180.0 180.0   5.0 450.0                            LAT/LON1/LON2/DLON/H
  186  181  188  190  193  199  204  209  214  218  222  226  230  234  237  240
  243  245  247  249  251  252  254  255  255  256  257  257  257  257  256  256
  255  254  253  252  251  249  247  245  243  241  238  236  234  231  229  226
  224  221  219  216  214  211  209  207  204  202  200  197  195  193  191  189
  188  187  183  184  183  184  190  202  186                                   
    82.5-180.0 180.0   5.0 450.0                            LAT/LON1/LON2/DLON/H
  155  162  165  167  172  180  187  193  200  207  213  220  225  231  235  239
  243  246  248  251  252  254  255  256  257  257  258  259  259  259  259  259
  259  258  257  256  255  253  251  249  246  243  241  238  235  232  229  225
  222  219  216  214  211  208  205  202  199  196  193  190  186  183  179  176
  172  170  164  165  163  168  173  167  155                                   
    80.0-180.0 180.0   5.0 450.0                            LAT/LON1/LON2/DLON/H
  150  153  155  159  162  169  177  186  195  204  211  219  225  231  236  241
  244  246  248  249  250  251  251  251  251  251  251  252  252  253  253  254
  254  255  255  255  254  253  252  251  249  248  246  244  242  239  237  235
  233  231  229  227  225  223  221  219  216  213  210  206  202  197  192  187
  182  177  169  168  163  157  163  155  150                                   
    77.5-180.0 180.0   5.0 450.0                            LAT/LON1/LON2/DLON/H
  157  152  153  155  157  164  172  181  190  199  207  216  223  229  235  239
  242  244  245  245  244  244  243  242  241  241  241  242  243  244  246  247
  249  251  252  254  254  255  256  256  255  255  255  254  253  252  252  251
  251  250  250  249  249  248  247  246  244  241  238  234  229  224  218  211
  204  196  186  181  177  168  166  161  157                                   
    75.0-180.0 180.0   5.0 450.0                            LAT/LON1/LON2/DLON/H
  166  159  156  157  157  163  169  177  187  195  203  212  219  225  230  234
  236  238  238  237  236  234  233  231  231  230  230  231  233  235  237  240
  243  246  248  251  254  256  258  260  261  263  264  266  267  268  269  271
  272  273  275  276  277  277  278  277  276  275  272  269  264  258  252  244
  235  226  214  205  197  186  181  171  166                                   
    72.5-180.0 180.0   5.0 450.0                            LAT/LON1/LON2/DLON/H
  175  168  163  162  158  162  168  173  181  189  196  204  210  216  221  225
  228  229  229  228  227  226  224  223  223  223  223  225  227  230  233  236
  240  243  247  250  253  257  260  264  267  270  273  276  280  283  286  289
  291  294  296  298  300  301  302  302  301  300  298  295  290  285  278  271
  261  251  239  229  217  206  200  192  175                                   
    70.0-180.0 180.0   5.0 450.0                            LAT/LON1/LON2/DLON/H
  183  175  170  166  160  161  164  168  174  180  185  192  198  204  209  213
  216  218  219  220  219  219  219  219  219  220  222  224  227  230  234  237
  241  244  248  251  255  258  263  267  271  276  281  285  290  294  299  303
  306  309  312  313  314  315  314  314  312  311  308  305  301  296  290  284
  275  266  254  244  232  222  217  209  183                                   
    67.5-180.0 180.0   5.0 450.0                            LAT/LON1/LON2/DLON/H
  185  179  175  169  162  160  161  162  166  170  174  180  185  191  197  202
  206  210  213  215  217  218  220  221  223  226  228  232  235  239  243  247
  250  253  256  258  261  264  268  273  278  283  289  294  300  305  309  313
  317  319  320  320  319  317  315  313  310  307  304  300  296  292  286  281
  274  266  257  247  236  228  223  218  185                                   
    65.0-180.0 180.0   5.0 450.0                            LAT/LON1/LON2/DLON/H
  179  176  170  164  155  151  150  150  151  154  157  162  167  173  180  187
  193  199  204  209  213  216  220  224  228  232  236  240  245  250  254  258
  262  264  265  267  269  271  275  279  284  290  295  301  306  311  315  318
  320  321  320  317  313  308  303  298  294  289  286  282  278  273  268  263
  257  251  244  237  228  224  220  215  179                                   
    62.5-180.0 180.0   5.0 450.0                            LAT/LON1/LON2/DLON/H
  167  166  160  152  143  138  135  134  134  136  138  142  148  155  162  171
  179  188  195  202  208  214  220  226  231  237  243  249  255  261  266  271
  274  276  278  278  279  280  283  287  292  298  303  308  313  317  320  322
  322  320  316  310  303  296  289  282  276  271  267  262  258  253  248  243
  236  231  224  218  212  208  207  202  167                                   
    60.0-180.0 180.0   5.0 450.0                            LAT/LON1/LON2/DLON/H
  155  153  146  137  128  121  118  115  115  116  118  121  127  135  144  154
  165  176  185  194  202  210  217  224  232  239  246  253  260  267  274  281
  286  289  290  290  291  292  294  298  303  308  313  317  321  324  326  327
  325  321  314  306  297  287  279  272  266  261  256  252  248  242  236  229
  221  214  207  201  195  191  190  184  155                                   
    57.5-180.0 180.0   5.0 450.0                            LAT/LON1/LON2/DLON/H
  148  143  133  124  115  107  103   99   99   98  100  103  109  117  127  139
  152  165  177  187  196  204  213  221  229  237  245  253  261  270  279  288
  295  300  303  304  305  306  309  313  318  323  327  331  334  336  337  336
  333  327  319  309  298  288  280  273  268  264  261  257  252  246  238  230
  219  209  200  191  184  178  176  168  148                                   
    55.0-180.0 180.0   5.0 450.0                            LAT/LON1/LON2/DLON/H
  148  138  127  116  107   99   94   90   88   87   87   90   95  103  114  128
  143  158  171  182  191  200  209  218  227  235  243  252  261  271  282  293
  303  311  316  319  321  323  327  332  337  342  346  349  351  352  352  351
  347  340  331  320  309  299  292  287  284  282  279  277  272  265  256  245
  231  218  205  194  185  175  172  162  148                                   
    52.5-180.0 180.0   5.0 450.0                            LAT/LON1/LON2/DLON/H
  156  142  130  118  109  100   95   90   87   84   84   85   89   96  107  122
  139  155  169  181  191  200  209  218  227  236  244  252  261  271  284  298
  311  322  331  336  340  344  349  355  361  366  370  371  372  372  371  370
  365  358  349  337  327  318  312  309  308  307  306  304  300  293  283  270
  254  238  222  208  196  184  178  166  156                                   
    50.0-180.0 180.0   5.0 450.0                            LAT/LON1/LON2/DLON/H
  169  153  140  128  118  111  105   99   95   91   89   88   90   96  107  122
  140  158  173  186  196  204  213  223  233  242  249  257  265  275  289  304
  320  335  346  355  361  367  373  381  388  394  396  396  395  393  392  390
  385  378  368  357  347  339  334  332  332  332  331  330  326  319  309  296
  279  262  244  228  214  201  192  179  169                                   
    47.5-180.0 180.0   5.0 450.0                            LAT/LON1/LON2/DLON/H
  184  168  156  144  135  128  123  116  111  106  102   99   98  102  112  127
  145  165  181  195  205  213  223  233  243  253  260  267  274  283  296  313
  330  348  362  374  383  391  400  409  417  422  424  421  418  414  411  409
  404  396  386  375  364  355  350  347  345  345  343  342  338  332  323  311
  296  280  262  246  231  219  209  197  184                                   
    45.0-180.0 180.0   5.0 450.0                            LAT/LON1/LON2/DLON/H
  194  183  172  161  153  148  144  137  131  126  120  115  112  113  121  135
  153  174  192  205  216  224  234  245  256  266  274  280  285  293  305  322
  341  360  378  393  405  416  426  437  446  451  451  447  440  434  429  425
  420  412  401  388  376  365  357  351  346  342  339  335  331  326  319  309
  296  283  267  253  240  231  221  210  194                                   
    42.5-180.0 180.0   5.0 450.0                            LAT/LON1/LON2/DLON/H
  196  191  184  176  170  167  163  157  152  146  139  133  128  126  131  144
  162  183  201  215  226  234  244  256  269  280  287  293  297  303  314  330
  350  372  393  411  427  441  454  467  477  482  481  473  464  455  448  443
  437  428  416  402  387  373  361  350  340  332  325  318  312  306  300  292
  282  272  259  248  238  232  225  215  196                                   
    40.0-180.0 180.0   5.0 450.0                            LAT/LON1/LON2/DLON/H
  191  193  189  185  183  180  178  173  168  163  157  151  144  140  142  152
  169  189  208  222  232  241  251  264  277  289  297  302  306  311  321  337
  358  383  408  430  450  468  486  501  513  518  515  506  494  482  473  466
  459  450  437  422  405  388  372  356  342  330  318  308  299  290  282  274
  264  255  244  234  226  223  219  208  191                                   
    37.5-180.0 180.0   5.0 450.0                            LAT/LON1/LON2/DLON/H
  183  191  189  188  189  187  187  182  178  175  170  165  158  152  151  158
  173  192  210  225  235  244  254  266  280  292  300  306  310  315  326  343
  367  395  425  453  478  502  523  542  556  562  559  549  535  521  510  501
  494  484  472  458  440  421  402  383  366  351  336  322  309  295  283  271
  258  247  234  222  214  210  207  195  183                                   
    35.0-180.0 180.0   5.0 450.0                            LAT/LON1/LON2/DLON/H
  178  190  187  187  190  187  188  184  182  181  178  175  168  162  158  162
  174  191  209  224  235  244  253  265  278  289  298  304  309  316  329  349
  377  410  446  481  513  542  568  591  608  617  615  605  590  575  562  553
  546  538  528  515  499  480  460  440  422  405  389  372  353  333  314  295
  277  260  243  225  215  204  201  184  178                                   
    32.5-180.0 180.0   5.0 450.0                            LAT/LON1/LON2/DLON/H
  183  194  188  188  190  186  187  183  181  182  182  181  175  168  163  164
  174  189  206  222  233  243  252  262  274  284  292  299  307  317  333  358
  390  430  473  514  553  588  619  647  668  680  682  673  659  644  631  623
  617  612  606  597  585  569  551  533  516  499  482  462  437  410  382  355
  329  305  280  254  236  216  208  187  183                                   
    30.0-180.0 180.0   5.0 450.0                            LAT/LON1/LON2/DLON/H
  202  209  196  194  194  188  186  181  179  181  182  183  180  173  167  166
  172  186  203  220  233  243  252  261  271  280  288  297  307  322  343  372
  410  455  503  551  595  635  672  704  730  746  751  746  735  722  711  704
  701  700  700  698  692  681  668  654  640  625  607  584  554  519  482  447
  413  381  347  310  284  251  234  208  202                                   
    27.5-180.0 180.0   5.0 450.0                            LAT/LON1/LON2/DLON/H
  237  237  216  210  207  197  192  184  181  181  183  184  182  176  169  166
  171  184  202  219  235  247  256  265  273  281  290  301  315  335  360  393
  435  484  536  588  636  678  718  753  783  803  814  814  807  798  791  786
  786  789  794  798  799  796  789  781  771  758  740  714  679  637  594  552
  512  476  435  389  352  308  281  248  237                                   
    25.0-180.0 180.0   5.0 450.0                            LAT/LON1/LON2/DLON/H
  285  279  248  236  229  216  206  195  188  185  185  185  183  177  170  167
  170  183  201  221  239  253  264  272  280  288  299  314  333  357  386  422
  466  516  570  621  668  711  750  786  818  842  857  862  861  857  853  851
  853  859  867  876  882  883  881  877  870  859  840  812  774  730  685  640
  600  565  524  473  429  376  342  303  285                                   
    22.5-180.0 180.0   5.0 450.0                            LAT/LON1/LON2/DLON/H
  336  327  291  270  260  243  228  213  202  195  190  188  184  178  171  166
  169  181  200  223  243  261  274  283  292  302  315  334  358  387  419  458
  502  550  600  647  690  728  764  798  830  855  872  882  886  887  886  886
  889  896  905  915  922  925  924  919  910  895  873  844  807  765  723  683
  649  623  589  541  495  440  406  362  336                                   
    20.0-180.0 180.0   5.0 450.0                            LAT/LON1/LON2/DLON/H
  378  370  335  308  293  274  256  237  221  208  199  192  185  178  170  166
  168  179  199  223  247  267  282  293  304  317  335  359  389  421  457  495
  537  581  623  662  697  729  760  791  819  843  860  872  878  882  884  886
  889  894  902  911  917  918  913  902  884  860  831  798  763  727  695  666
  643  630  610  571  534  483  455  410  378                                   
    17.5-180.0 180.0   5.0 450.0                            LAT/LON1/LON2/DLON/H
  403  396  368  339  322  303  284  262  242  224  208  196  186  178  169  164
  165  176  196  221  247  268  285  299  313  330  354  384  419  455  491  528
  565  601  635  665  692  718  743  769  792  811  825  835  843  847  851  853
  856  859  864  869  872  870  859  837  805  766  726  689  657  630  609  594
  585  587  585  561  536  497  477  437  403                                   
    15.0-180.0 180.0   5.0 450.0                            LAT/LON1/LON2/DLON/H
  404  399  380  355  338  322  306  284  261  238  217  200  187  177  167  161
  162  172  192  217  242  265  283  299  316  339  370  406  444  481  516  549
  581  610  636  659  680  701  722  741  758  771  780  787  792  796  799  801
  803  804  805  806  804  797  779  745  698  644  593  553  525  508  499  497
  502  516  529  520  510  484  469  439  404                                   
    12.5-180.0 180.0   5.0 450.0                            LAT/LON1/LON2/DLON/H
  388  382  371  351  339  327  316  296  273  247  223  203  188  175  165  158
  158  167  186  210  235  257  276  294  315  345  381  421  461  498  532  562
  590  614  635  653  670  687  703  717  728  735  738  741  743  745  748  749
  749  748  745  741  736  724  699  658  599  533  475  435  413  405  405  411
  423  443  463  466  467  454  443  422  388                                   
    10.0-180.0 180.0   5.0 450.0                            LAT/LON1/LON2/DLON/H
  364  357  348  333  326  318  313  298  276  250  225  203  187  173  162  154
  153  161  179  203  227  248  267  287  314  349  391  433  474  509  541  570
  595  617  635  650  665  680  694  704  710  712  711  710  709  710  712  713
  712  709  704  698  689  675  648  601  537  466  406  369  354  352  355  360
  370  388  407  415  423  416  410  395  364                                   
     7.5-180.0 180.0   5.0 450.0                            LAT/LON1/LON2/DLON/H
  341  332  322  309  305  301  299  289  271  247  223  201  185  171  159  150
  148  156  173  196  219  241  261  284  316  356  401  444  483  516  545  573
