data/edconvlstm_nd/pred3580.15i
     1.0            IONOSPHERE MAPS     GNSS                IONEX VERSION / TYPE
pyspatialgeodesy        IME             05-JAN-18 20:20     PGM / RUN BY / DATE 
Map Name                                                    COMMENT             
Predicted global ionosphere maps (GIM).                     DESCRIPTION         
  2015    12    24     0     0     0                        EPOCH OF FIRST MAP  
  2015    12    25     0     0     0                        EPOCH OF LAST MAP   
  7200                                                      INTERVAL            
    13                                                      # OF MAPS IN FILE   
  NONE                                                      MAPPING FUNCTION    
10.0                                                        ELEVATION CUTOFF    
One-way carrier phase leveled to code                       OBSERVABLES USED    
  6371.0                                                    BASE RADIUS         
 2                                                          MAP DIMENSION       
   450.0 450.0   0.0                                        HGT1 / HGT2 / DHGT  
    87.5 -87.5  -2.5                                        LAT1 / LAT2 / DLAT  
  -180.0 180.0   5.0                                        LON1 / LON2 / DLON  
    -1                                                      EXPONENT            
                                                            END OF HEADER       
[from data line 3003]
     8                                                      START OF TEC MAP    
  2015    12    24    14     0     0                        EPOCH OF CURRENT MAP
    87.5-180.0 180.0   5.0 450.0                            LAT/LON1/LON2/DLON/H
   43   53   54   56   58   56   56   51   51   52   51   51   51   51   51   51
   51   51   51   51   51   52   52   52   53   53   54   54   55   55   56   56
   56   56   56   56   56   57   57   57   57   57   57   57   58   58   58   59
   59   59   60   60   60   60   60   60   60   60   59   59   58   58   58   57
   58   57   54   51   54   56   71   72   43                                   
    85.0-180.0 180.0   5.0 450.0                            LAT/LON1/LON2/DLON/H
   47   60   74   56   56   58   56   56   55   57   55   55   55   55   55   55
   55   55   56   56   57   57   58   59   59   60   61   61   62   62   63   63
   63   63   63   63   63   63   63   62   62   62   63   63   63   63   64   64
   65   65   66   66   67   67   67   67   67   67   67   66   66   65   65   65
   65   64   59   55   59   61   71   66   47                                   
    82.5-180.0 180.0   5.0 450.0                            LAT/LON1/LON2/DLON/H
   40   48   60   49   51   50   50   50   49   50   49   49   49   48   48   48
   48   48   48   49   49   50   51   52   53   53   54   55   56   56   57   57
   57   57   56   56   55   55   54   54   54   54   54   54   54   54   55   55
   56   57   57   58   58   59   59   59   59   59   59   58   58   57   57   57
   57   56   52   49   57   64   64   61   40                                   
    80.0-180.0 180.0   5.0 450.0                            LAT/LON1/LON2/DLON/H
   36   41   55   47   49   45   46   45   46   46   45   45   45   44   44   44
   44   44   44   45   45   46   47   49   50   51   52   53   54   55   56   56
   55   55   54   53   52   50   49   48   47   47   47   47   47   48   48   49
   50   52   53   54   55   56   57   57   57   57   57   56   55   55   54   54
   54   54   52   50   52   59   59   63   36                                   
    77.5-180.0 180.0   5.0 450.0                            LAT/LON1/LON2/DLON/H
   50   47   48   41   43   41   41   41   41   40   39   39   39   38   38   38
   38   38   39   40   41   43   44   46   48   49   51   53   54   55   55   55
   55   53   52   49   47   45   42   40   39   37   37   37   37   38   39   41
   43   45   47   49   51   53   54   54   54   54   54   53   52   51   50   49
   49   49   47   46   45   48   53   56   50                                   
    75.0-180.0 180.0   5.0 450.0                            LAT/LON1/LON2/DLON/H
   39   41   42   39   41   40   39   38   39   39   37   37   37   37   37   37
   37   38   39   41   42   44   47   49   51   53   55   57   59   60   60   60
   59   57   54   50   47   43   39   36   34   32   31   31   31   32   34   36
   38   41   44   46   49   51   52   53   53   53   53   52   51   50   49   49
   48   49   48   46   47   46   48   45   39                                   
    72.5-180.0 180.0   5.0 450.0                            LAT/LON1/LON2/DLON/H
   44   44   42   40   40   40   40   39   38   37   36   36   36   36   36   37
   37   39   40   42   45   48   51   53   56   59   61   63   64   65   65   64
   62   59   55   51   46   40   36   31   28   25   24   23   23   24   26   28
   30   33   36   38   41   43   45   46   46   47   46   46   45   45   44   44
   44   44   44   43   44   45   48   49   44                                   
    70.0-180.0 180.0   5.0 450.0                            LAT/LON1/LON2/DLON/H
   41   43   45   42   43   41   40   40   40   41   40   40   40   40   40   41
   43   45   47   50   54   58   62   65   68   71   73   75   76   77   77   75
   73   69   65   59   53   46   40   35   31   28   26   25   24   24   25   26
   28   30   32   34   36   39   40   42   43   43   44   44   44   43   43   44
   44   44   46   44   46   47   53   53   41                                   
    67.5-180.0 180.0   5.0 450.0                            LAT/LON1/LON2/DLON/H
   40   43   44   43   44   43   44   44   44   44   44   44   44   45   45   47
   48   51   54   59   64   69   73   77   81   83   85   87   88   88   88   87
   84   80   75   69   62   54   48   42   38   34   32   30   29   28   27   27
   27   27   28   29   31   32   34   36   37   38   39   39   40   40   40   41
   42   42   43   42   44   45   50   48   40                                   
    65.0-180.0 180.0   5.0 450.0                            LAT/LON1/LON2/DLON/H
   35   40   42   42   43   43   44   45   46   47   47   48   48   49   50   51
   53   56   61   66   72   78   84   89   93   96   98   99  100  101  101  100
   97   93   88   81   74   66   59   53   49   45   42   39   37   34   32   29
   27   25   24   24   25   26   28   29   31   33   34   35   36   37   37   38
   39   40   42   41   44   46   49   48   35                                   
    62.5-180.0 180.0   5.0 450.0                            LAT/LON1/LON2/DLON/H
   30   37   38   40   42   43   44   45   46   47   48   49   50   51   51   53
   55   59   64   71   78   85   92   98  102  105  108  110  112  113  113  112
  110  106  101   94   86   79   72   66   61   58   54   51   47   42   37   32
   28   24   21   20   20   21   22   24   26   28   30   31   32   33   33   34
   35   36   38   38   40   41   44   43   30                                   
    60.0-180.0 180.0   5.0 450.0                            LAT/LON1/LON2/DLON/H
   25   32   34   37   38   39   40   41   42   43   44   46   47   47   48   49
   52   56   63   70   79   87   95  101  107  111  115  118  120  122  123  123
  121  117  112  105   98   90   83   78   73   69   65   61   56   49   42   35
   28   22   18   16   15   15   17   19   21   23   25   27   27   28   28   29
   29   30   33   33   36   36   38   37   25                                   
    57.5-180.0 180.0   5.0 450.0                            LAT/LON1/LON2/DLON/H
   21   28   31   34   36   37   37   38   39   40   41   43   43   44   45   46
   49   54   61   70   79   89   98  105  112  117  123  127  131  134  135  135
  133  129  124  118  110  103   97   92   87   83   79   73   66   58   49   40
   32   25   20   16   15   15   17   18   21   23   25   26   27   27   26   26
   27   28   30   31   33   33   34   34   21                                   
    55.0-180.0 180.0   5.0 450.0                            LAT/LON1/LON2/DLON/H
   22   28   30   34   36   36   36   36   36   37   38   39   40   40   41   42
   46   51   59   69   80   90  100  108  116  124  131  137  142  145  147  146
  144  140  135  129  122  116  110  105  100   96   91   84   76   67   57   47
   38   30   24   21   19   19   20   22   24   26   28   29   29   28   27   26
   26   27   30   31   34   33   33   34   22                                   
    52.5-180.0 180.0   5.0 450.0                            LAT/LON1/LON2/DLON/H
   26   31   33   37   38   37   37   36   35   36   36   37   37   37   38   40
   44   50   59   70   81   92  103  112  122  131  140  148  154  157  158  156
  153  148  143  138  132  127  122  117  112  107  102   94   86   76   65   55
   46   39   33   29   28   27   28   29   32   34   35   36   35   33   31   30
   29   30   33   35   38   37   37   37   26                                   
    50.0-180.0 180.0   5.0 450.0                            LAT/LON1/LON2/DLON/H
   33   37   39   43   43   42   40   38   37   36   36   36   36   35   36   39
   44   52   62   74   85   97  107  118  128  140  150  160  166  168  167  164
  159  154  150  145  141  137  132  128  123  118  111  104   94   84   74   65
   56   50   45   41   39   38   39   40   42   43   45   45   43   41   38   36
   36   37   40   42   45   45   44   44   33                                   
    47.5-180.0 180.0   5.0 450.0                            LAT/LON1/LON2/DLON/H
   44   46   48   51   50   50   46   44   41   40   39   38   37   36   37   41
   47   56   67   80   92  103  113  124  136  148  160  170  176  177  174  168
  162  157  153  151  148  146  142  138  133  127  120  112  103   93   83   75
   67   61   57   53   51   50   50   51   52   53   54   53   52   49   46   45
   44   45   49   52   55   55   55   54   44                                   
    45.0-180.0 180.0   5.0 450.0                            LAT/LON1/LON2/DLON/H
   54   56   57   61   59   59   55   52   49   47   45   44   42   40   41   45
   53   63   75   88  100  110  121  131  143  156  168  178  183  182  176  169
  162  157  155  155  155  154  152  149  143  136  128  119  110  101   92   84
   77   71   67   64   61   60   59   59   59   60   60   59   58   56   54   53
   52   54   58   60   64   66   66   64   54                                   
    42.5-180.0 180.0   5.0 450.0                            LAT/LON1/LON2/DLON/H
   62   65   64   68   67   67   63   61   58   57   55   53   49   48   48   53
   61   72   85   97  109  119  128  138  149  162  173  182  185  182  175  166
  159  156  156  158  162  164  164  160  154  146  137  127  118  109  100   93
   86   80   74   70   67   65   63   62   62   62   62   61   60   59   58   58
   58   60   64   66   70   73   74   71   62                                   
    40.0-180.0 180.0   5.0 450.0                            LAT/LON1/LON2/DLON/H
   66   69   67   72   72   72   69   68   67   67   66   63   60   57   58   62
   71   82   95  107  118  127  136  144  154  165  175  181  182  178  170  162
  156  155  158  164  171  176  177  174  167  158  147  136  126  117  108  100
   93   85   79   74   69   66   63   62   61   60   60   59   59   59   59   60
   61   63   66   67   71   75   77   74   66                                   
    37.5-180.0 180.0   5.0 450.0                            LAT/LON1/LON2/DLON/H
   66   68   66   72   72   73   72   73   74   75   75   73   70   68   69   73
   82   93  105  117  127  136  143  149  157  165  173  177  177  172  166  159
  157  159  165  175  184  191  194  191  183  172  160  147  136  126  117  108
   99   91   83   76   70   66   63   60   59   58   57   57   56   57   59   61
   62   63   65   66   69   73   75   72   66                                   
    35.0-180.0 180.0   5.0 450.0                            LAT/LON1/LON2/DLON/H
   64   65   62   68   69   70   71   74   77   80   81   80   79   78   79   84
   92  103  114  126  136  144  149  154  159  165  171  173  173  169  165  163
  165  171  181  192  204  212  215  212  203  191  176  162  149  138  128  118
  109   99   90   82   75   69   65   63   61   59   58   56   56   56   59   61
   63   63   64   63   65   68   70   68   64                                   
    32.5-180.0 180.0   5.0 450.0                            LAT/LON1/LON2/DLON/H
   61   62   58   64   64   65   67   70   75   79   82   84   84   85   88   94
  102  112  123  135  144  152  157  160  163  166  170  172  173  172  173  177
  183  193  205  218  230  238  241  238  228  214  198  182  167  155  144  134
  124  114  104   95   87   81   76   72   70   67   65   62   60   60   62   65
   66   66   66   63   64   65   66   65   61                                   
    30.0-180.0 180.0   5.0 450.0                            LAT/LON1/LON2/DLON/H
   61   61   57   61   61   61   61   64   69   73   78   82   85   89   95  103
  112  122  132  144  154  161  166  168  169  171  174  177  180  185  192  201
  213  226  239  252  262  269  271  267  257  242  225  207  191  178  167  158
  148  138  128  119  110  103   97   92   89   86   81   77   73   70   71   73
   73   73   72   68   67   67   66   64   61                                   
    27.5-180.0 180.0   5.0 450.0                            LAT/LON1/LON2/DLON/H
   66   65   61   63   62   60   58   59   62   66   71   76   83   90   99  110
  120  131  142  154  164  172  176  178  179  181  184  190  198  208  222  238
  254  268  281  290  298  303  304  299  288  274  256  238  222  208  198  189
  181  172  163  154  144  136  129  123  118  114  108  101   94   89   87   88
   87   86   84   79   77   74   73   68   66                                   
    25.0-180.0 180.0   5.0 450.0                            LAT/LON1/LON2/DLON/H
   75   75   71   69   68   64   60   58   58   60   64   70   78   89  101  115
  128  141  153  166  176  184  189  191  192  196  202  211  224  241  261  282
  302  317  327  333  337  339  337  332  322  308  291  273  257  244  235  227
  221  213  205  196  187  177  169  161  155  149  142  133  123  115  111  109
  107  105  102   96   93   88   85   77   75                                   
    22.5-180.0 180.0   5.0 450.0                            LAT/LON1/LON2/DLON/H
   90   89   85   80   77   72   66   61   58   58   60   66   75   88  103  119
  135  151  165  178  189  197  202  205  209  215  225  239  257  280  305  331
  352  367  374  375  375  373  370  364  354  342  326  310  296  284  276  269
  264  257  250  241  231  221  211  201  194  187  178  168  156  145  138  134
  130  128  123  117  113  107  102   91   90                                   
    20.0-180.0 180.0   5.0 450.0                            LAT/LON1/LON2/DLON/H
  106  104  100   93   89   83   75   67   62   60   61   66   75   89  105  124
  143  160  176  190  202  210  216  222  228  238  252  270  293  321  351  379
  401  413  416  413  408  403  398  392  384  374  361  347  334  324  317  312
  306  300  291  282  271  259  247  237  228  220  211  200  187  175  165  159
  153  150  145  139  133  126  120  107  106                                   
    17.5-180.0 180.0   5.0 450.0                            LAT/LON1/LON2/DLON/H
  120  120  115  105  100   93   84   75   69   66   66   71   80   93  111  131
  152  171  189  203  214  223  231  239  249  263  281  303  329  359  391  419
  440  449  448  441  433  425  420  414  408  401  391  380  370  362  355  349
  343  334  323  312  299  286  273  260  251  242  234  223  211  199  188  180
  173  169  162  157  151  143  135  122  120                                   
    15.0-180.0 180.0   5.0 450.0                            LAT/LON1/LON2/DLON/H
  131  131  126  116  109  101   93   84   78   75   75   80   89  102  120  141
  163  184  202  216  227  236  245  257  271  289  310  334  362  392  422  448
  465  471  467  457  447  439  434  430  426  421  415  407  399  392  385  378
  368  355  341  326  311  296  282  270  260  252  245  236  225  214  203  194
  185  180  173  168  161  153  146  134  131                                   
    12.5-180.0 180.0   5.0 450.0                            LAT/LON1/LON2/DLON/H
  134  137  132  122  115  106  100   92   87   84   85   90  100  113  132  153
  176  198  217  230  241  250  261  276  294  315  338  362  388  414  440  462
  475  478  473  463  453  446  441  438  436  433  430  425  419  412  405  395
  381  363  343  324  307  292  278  267  257  250  244  237  229  220  210  200
  190  185  176  171  164  157  149  140  134                                   
    10.0-180.0 180.0   5.0 450.0                            LAT/LON1/LON2/DLON/H
  131  136  133  124  117  108  105   98   94   93   95  101  111  126  144  166
  190  213  231  245  255  266  279  297  319  342  364  386  407  428  449  465
  474  476  470  462  453  447  443  441  439  438  436  432  428  422  413  401
  383  361  336  314  296  281  268  258  250  243  238  232  226  219  211  201
  190  183  174  168  162  155  148  140  131                                   
     7.5-180.0 180.0   5.0 450.0                            LAT/LON1/LON2/DLON/H
  124  131  129  122  116  108  108  103  101  100  103  110  122  137  156  179
  203  227  246  260  272  285  301  322  345  367  387  404  420  435  450  462
