data/edconvlstm_nd/pred0240.15i
     1.0            IONOSPHERE MAPS     GNSS                IONEX VERSION / TYPE
pyspatialgeodesy        IME             05-JAN-18 20:20     PGM / RUN BY / DATE 
Map Name                                                    COMMENT             
Predicted global ionosphere maps (GIM).                     DESCRIPTION         
  2015     1    24     0     0     0                        EPOCH OF FIRST MAP  
  2015     1    25     0     0     0                        EPOCH OF LAST MAP   
  7200                                                      INTERVAL            
    13                                                      # OF MAPS IN FILE   
  NONE                                                      MAPPING FUNCTION    
10.0                                                        ELEVATION CUTOFF    
One-way carrier phase leveled to code                       OBSERVABLES USED    
  6371.0                                                    BASE RADIUS         
 2                                                          MAP DIMENSION       
   450.0 450.0   0.0                                        HGT1 / HGT2 / DHGT  
    87.5 -87.5  -2.5                                        LAT1 / LAT2 / DLAT  
  -180.0 180.0   5.0                                        LON1 / LON2 / DLON  
    -1                                                      EXPONENT            
                                                            END OF HEADER       
[from data line 1716]
     5                                                      START OF TEC MAP    
  2015     1    24     8     0     0                        EPOCH OF CURRENT MAP
    87.5-180.0 180.0   5.0 450.0                            LAT/LON1/LON2/DLON/H
   41   51   50   55   56   56   56   52   52   54   53   54   53   52   52   51
   50   49   48   47   46   45   45   44   44   43   43   43   43   43   43   43
   43   43   43   43   43   44   44   44   44   44   44   45   45   45   45   44
   44   44   44   44   43   43   43   42   42   42   41   41   41   40   40   41
   42   42   41   41   48   55   67   65   41                                   
    85.0-180.0 180.0   5.0 450.0                            LAT/LON1/LON2/DLON/H
   39   64   71   63   66   68   69   68   68   69   68   67   66   65   64   62
   61   60   59   58   57   56   56   55   55   55   55   55   55   55   55   56
   56   56   57   57   58   58   59   59   59   60   60   60   60   60   60   59
   59   59   58   58   57   56   56   55   54   54   53   53   52   52   52   52
   54   54   51   52   56   62   76   68   39                                   
    82.5-180.0 180.0   5.0 450.0                            LAT/LON1/LON2/DLON/H
   43   59   77   71   73   75   76   75   76   76   75   75   72   70   67   65
   62   59   57   55   54   52   51   50   50   50   49   49   49   50   50   51
   52   53   54   55   56   57   59   60   61   61   62   62   63   63   62   62
   62   61   61   60   59   59   58   57   56   55   54   54   53   52   52   53
   54   54   52   51   60   60   64   60   43                                   
    80.0-180.0 180.0   5.0 450.0                            LAT/LON1/LON2/DLON/H
   55   62   77   74   79   77   79   78   80   80   77   76   72   69   65   60
   56   53   50   48   46   45   43   43   42   42   42   42   43   43   44   46
   47   49   50   53   55   57   60   62   64   65   66   67   68   68   68   68
   68   68   67   67   66   65   64   63   61   60   59   57   56   55   54   54
   54   54   55   55   59   62   65   59   55                                   
    77.5-180.0 180.0   5.0 450.0                            LAT/LON1/LON2/DLON/H
   60   64   70   68   69   71   74   75   77   75   73   71   67   62   57   53
   48   44   41   38   37   35   34   34   33   33   34   34   35   36   37   39
   41   43   46   50   53   57   60   64   67   69   71   73   74   75   76   77
   78   78   79   79   78   78   77   75   73   71   68   65   63   60   57   56
   54   54   51   52   51   47   51   48   60                                   
    75.0-180.0 180.0   5.0 450.0                            LAT/LON1/LON2/DLON/H
   47   54   56   57   58   62   64   65   66   65   63   61   57   53   48   44
   40   36   33   31   30   29   29   29   29   30   30   30   31   31   32   34
   35   38   41   45   49   54   58   62   66   70   73   76   79   82   84   87
   89   91   93   94   95   95   93   91   89   85   81   77   72   67   63   59
   55   52   49   45   46   42   45   42   47                                   
    72.5-180.0 180.0   5.0 450.0                            LAT/LON1/LON2/DLON/H
   43   48   49   51   52   58   61   62   63   62   61   59   56   52   48   44
   40   36   34   32   32   31   32   33   33   34   34   34   34   34   34   35
   36   38   42   46   50   56   61   66   72   77   81   86   91   95  100  105
  109  114  117  120  122  122  121  119  115  111  105   99   93   86   79   73
   67   62   58   52   49   43   43   44   43                                   
    70.0-180.0 180.0   5.0 450.0                            LAT/LON1/LON2/DLON/H
   42   45   47   48   48   52   54   56   57   57   56   56   53   50   47   43
   40   37   36   35   35   36   38   40   41   42   43   43   42   40   39   38
   37   38   41   44   49   54   61   67   74   80   87   94  101  108  115  122
  129  136  142  146  149  150  149  147  142  136  129  121  113  104   95   87
   79   71   66   57   53   46   49   50   42                                   
    67.5-180.0 180.0   5.0 450.0                            LAT/LON1/LON2/DLON/H
   41   42   42   44   43   47   49   49   50   51   50   51   49   47   45   42
   40   38   38   38   39   41   44   47   50   51   52   51   49   46   43   40
   38   37   38   41   46   52   59   66   74   83   91  100  109  119  128  138
  147  156  163  169  172  173  172  168  162  155  147  138  128  117  107   97
   87   78   71   60   54   47   48   50   41                                   
    65.0-180.0 180.0   5.0 450.0                            LAT/LON1/LON2/DLON/H
   42   41   39   41   40   43   45   45   46   46   47   47   47   46   44   43
   41   40   40   41   43   46   50   54   57   60   61   59   56   51   46   42
   38   36   37   40   45   51   59   68   78   88   98  109  121  132  144  156
  167  177  185  191  194  195  192  187  180  172  162  152  141  129  117  105
   94   83   75   63   57   49   50   55   42                                   
    62.5-180.0 180.0   5.0 450.0                            LAT/LON1/LON2/DLON/H
   44   40   37   40   38   41   42   42   43   43   44   45   45   44   44   43
   42   41   41   43   45   48   52   56   60   63   64   62   58   53   47   42
   38   36   37   40   46   53   62   72   83   95  107  120  133  146  159  172
  184  194  202  208  211  210  206  200  191  182  171  160  148  135  122  109
   97   84   75   63   56   47   49   55   44                                   
    60.0-180.0 180.0   5.0 450.0                            LAT/LON1/LON2/DLON/H
   45   39   35   38   37   39   40   39   39   40   40   42   42   42   42   41
   40   40   40   41   43   45   48   52   56   58   59   58   54   49   44   39
   36   35   37   41   48   57   67   79   91  104  117  131  145  159  172  185
  197  207  214  219  221  219  213  205  196  185  174  162  150  137  123  109
   96   82   73   61   54   43   45   52   45                                   
    57.5-180.0 180.0   5.0 450.0                            LAT/LON1/LON2/DLON/H
   47   38   35   38   37   39   40   39   39   39   39   41   41   41   41   41
   40   40   39   39   40   41   43   45   48   50   51   50   48   44   40   36
   35   36   40   47   55   66   78   91  104  118  132  146  160  174  187  199
  210  219  226  229  230  226  220  211  201  190  178  166  154  140  126  112
   97   83   74   62   55   42   43   50   47                                   
    55.0-180.0 180.0   5.0 450.0                            LAT/LON1/LON2/DLON/H
   49   39   36   39   39   41   41   40   39   39   39   41   41   42   42   41
   41   40   39   38   37   37   37   38   40   41   42   42   40   38   35   34
   35   39   46   55   66   79   92  106  120  134  148  162  176  189  201  212
  222  230  235  238  238  233  226  216  206  194  183  171  159  145  131  116
  101   87   78   66   60   45   45   51   49                                   
    52.5-180.0 180.0   5.0 450.0                            LAT/LON1/LON2/DLON/H
   54   43   39   43   43   45   45   43   42   41   41   43   44   44   44   44
   43   42   40   39   37   35   34   34   34   35   36   36   35   34   33   34
   38   45   54   67   81   95  110  124  138  152  166  179  193  205  216  225
  234  240  245  247  246  241  233  223  212  201  190  178  166  153  138  124
  109   95   87   75   69   53   52   56   54                                   
    50.0-180.0 180.0   5.0 450.0                            LAT/LON1/LON2/DLON/H
   61   50   46   49   49   51   51   48   46   45   45   47   48   48   48   47
   46   45   44   42   40   38   35   34   34   34   35   35   34   33   33   36
   42   52   65   80   96  112  128  143  156  170  183  196  209  220  230  239
  246  251  255  256  255  249  241  230  219  208  197  185  173  160  146  133
  119  106   99   87   81   67   64   67   61                                   
    47.5-180.0 180.0   5.0 450.0                            LAT/LON1/LON2/DLON/H
   70   60   55   57   58   60   59   55   53   51   51   53   53   54   53   52
   51   51   50   49   47   45   43   41   40   40   40   40   38   37   37   40
   48   59   75   92  110  128  144  159  173  186  198  211  223  234  243  251
  257  261  263  264  261  255  246  235  223  212  201  190  178  165  152  140
  128  117  110  100   94   82   80   81   70                                   
    45.0-180.0 180.0   5.0 450.0                            LAT/LON1/LON2/DLON/H
   80   71   66   68   68   71   68   64   60   59   59   60   61   61   60   59
   58   58   58   59   59   58   57   55   54   53   52   50   46   43   42   45
   54   67   84  103  122  141  157  172  186  198  210  223  235  245  254  261
  265  268  269  269  265  258  248  237  224  212  201  189  177  165  153  142
  132  123  117  108  104   96   95   95   80                                   
    42.5-180.0 180.0   5.0 450.0                            LAT/LON1/LON2/DLON/H
   87   81   76   79   79   81   78   73   69   68   68   70   71   70   69   66
   65   66   68   71   74   75   75   74   72   70   68   64   58   53   50   52
   60   73   91  111  131  149  166  181  194  207  219  231  243  254  263  269
  272  273  273  271  266  258  248  235  222  209  197  184  172  160  149  139
  131  123  117  110  107  101  102  102   87                                   
    40.0-180.0 180.0   5.0 450.0                            LAT/LON1/LON2/DLON/H
   90   86   82   85   87   89   85   81   78   76   78   80   82   81   78   75
   74   75   79   84   89   92   93   93   91   89   85   79   71   63   58   59
   66   80   97  117  137  155  172  187  200  213  225  237  250  262  271  277
  279  278  276  272  266  257  246  233  220  206  192  179  166  153  142  133
  125  116  110  103  101   96   99  100   90                                   
    37.5-180.0 180.0   5.0 450.0                            LAT/LON1/LON2/DLON/H
   88   85   82   86   89   91   89   86   84   83   86   89   91   90   87   84
   82   84   89   95  102  107  109  109  107  104   99   92   83   73   67   67
   73   86  104  123  142  160  176  192  205  218  231  244  258  270  280  286
  287  285  281  276  269  259  248  235  222  208  194  179  164  151  139  129
  118  108  100   91   88   82   87   90   88                                   
    35.0-180.0 180.0   5.0 450.0                            LAT/LON1/LON2/DLON/H
   82   78   77   81   85   88   88   86   86   87   90   95   98   98   95   92
   90   92   98  105  112  118  120  120  118  114  108  101   91   82   75   74
   81   94  112  131  149  166  182  197  212  225  239  253  268  282  293  299
  301  299  294  288  280  271  260  248  235  222  207  191  175  160  146  133
  119  104   93   79   75   65   71   77   82                                   
    32.5-180.0 180.0   5.0 450.0                            LAT/LON1/LON2/DLON/H
   76   69   69   73   77   80   82   82   84   86   91   97  101  102  100   98
   97  100  105  113  119  124  125  124  121  117  112  105   97   88   82   82
   89  103  121  141  159  175  191  206  221  236  251  266  283  299  312  320
  323  321  317  311  303  295  285  274  263  251  237  220  203  186  169  153
  134  114   97   77   69   52   60   67   76                                   
    30.0-180.0 180.0   5.0 450.0                            LAT/LON1/LON2/DLON/H
   74   64   63   66   69   72   76   77   79   83   88   95   99  102  102  101
  102  106  111  117  122  125  124  122  118  115  110  105   98   91   87   88
   97  113  132  153  171  188  203  219  235  251  267  285  304  322  338  348
  353  353  351  346  340  332  324  315  306  295  282  266  249  230  211  191
  167  141  118   91   78   53   58   66   74                                   
    27.5-180.0 180.0   5.0 450.0                            LAT/LON1/LON2/DLON/H
   81   67   64   62   64   67   70   71   74   78   83   90   95   99  101  102
  105  109  114  118  121  121  119  116  112  109  105  102   97   93   90   93
  104  122  144  167  186  203  219  235  252  270  288  308  330  351  369  383
  391  394  394  392  388  382  375  368  361  351  340  325  308  289  268  244
  216  186  157  124  106   73   72   77   81                                   
    25.0-180.0 180.0   5.0 450.0                            LAT/LON1/LON2/DLON/H
  102   83   75   68   66   66   69   69   71   75   79   85   90   94   97  100
  104  108  112  115  116  115  112  109  105  102   99   97   94   92   92   97
  110  131  156  181  202  220  237  254  273  293  313  335  359  383  404  421
  433  441  445  446  444  439  434  428  422  414  405  392  376  357  334  308
  276  244  211  174  151  111  103  104  102                                   
    22.5-180.0 180.0   5.0 450.0                            LAT/LON1/LON2/DLON/H
  137  116  102   86   78   74   74   73   73   76   79   83   87   90   93   97
  101  105  108  109  109  108  106  103   99   96   94   92   92   91   93  100
  116  139  166  193  216  236  254  274  295  316  339  363  389  415  440  460
  476  488  495  499  499  496  491  486  480  474  466  455  441  423  401  373
  341  309  273  236  210  166  151  146  137                                   
    20.0-180.0 180.0   5.0 450.0                            LAT/LON1/LON2/DLON/H
  183  164  145  120  104   94   89   85   84   84   85   87   88   90   92   95
   99  101  102  102  102  102  101   99   96   94   91   90   90   91   94  102
  119  143  173  202  228  249  270  292  314  338  363  389  416  444  471  494
  513  528  539  545  546  542  537  531  525  519  513  504  493  477  457  430
  400  371  335  303  274  229  209  201  183                                   
    17.5-180.0 180.0   5.0 450.0                            LAT/LON1/LON2/DLON/H
  235  221  198  166  141  125  115  109  104  101  100   98   97   95   96   96
   97   98   97   97   98   99   99   99   97   95   93   92   91   92   95  104
  120  146  176  207  235  259  282  306  331  356  382  409  438  467  494  519
  539  556  567  573  573  569  562  556  550  544  539  533  525  513  495  472
  447  422  391  364  334  292  269  259  235                                   
    15.0-180.0 180.0   5.0 450.0                            LAT/LON1/LON2/DLON/H
  283  275  252  217  186  164  151  142  134  128  123  118  113  108  105  102
  100   97   95   95   96   98  101  102  102  101   98   96   94   94   97  105
  122  147  178  210  239  266  291  317  343  369  395  423  451  480  507  531
  552  567  578  582  581  576  569  562  556  551  547  543  538  529  515  497
  476  458  434  411  383  345  322  311  283                                   
    12.5-180.0 180.0   5.0 450.0                            LAT/LON1/LON2/DLON/H
  322  319  298  264  231  207  191  181  171  162  154  145  137  128  121  114
  108  102   97   96   97  101  105  109  110  109  105  102   99   98  101  109
  125  150  180  212  242  270  297  324  350  377  403  429  457  485  510  532
  550  564  572  576  574  569  564  558  552  547  544  541  538  531  520  505
  488  474  457  439  414  380  357  347  322                                   
    10.0-180.0 180.0   5.0 450.0                            LAT/LON1/LON2/DLON/H
  347  345  329  298  268  244  229  219  209  199  188  178  166  154  143  132
  121  111  104  102  103  108  113  118  119  117  113  108  105  104  107  115
  131  155  184  214  243  272  300  328  354  380  405  430  457  482  504  523
  538  549  557  560  560  557  553  549  545  540  537  535  532  526  516  502
  488  477  463  447  425  394  372  362  347                                   
     7.5-180.0 180.0   5.0 450.0                            LAT/LON1/LON2/DLON/H
  356  352  341  316  291  271  258  251  241  232  221  210  198  184  169  154
  140  127  117  113  114  119  124  127  127  124  119  115  112  112  115  124
