data/edconvlstm_nd/pred2720.15i
     1.0            IONOSPHERE MAPS     GNSS                IONEX VERSION / TYPE
pyspatialgeodesy        IME             05-JAN-18 20:20     PGM / RUN BY / DATE 
Map Name                                                    COMMENT             
Predicted global ionosphere maps (GIM).                     DESCRIPTION         
  2015     9    29     0     0     0                        EPOCH OF FIRST MAP  
  2015     9    30     0     0     0                        EPOCH OF LAST MAP   
  7200                                                      INTERVAL            
    13                                                      # OF MAPS IN FILE   
  NONE                                                      MAPPING FUNCTION    
10.0                                                        ELEVATION CUTOFF    
One-way carrier phase leveled to code                       OBSERVABLES USED    
  6371.0                                                    BASE RADIUS         
 2                                                          MAP DIMENSION       
   450.0 450.0   0.0                                        HGT1 / HGT2 / DHGT  
    87.5 -87.5  -2.5                                        LAT1 / LAT2 / DLAT  
  -180.0 180.0   5.0                                        LON1 / LON2 / DLON  
    -1                                                      EXPONENT            
                                                            END OF HEADER       
[from data line 3432]
     9                                                      START OF TEC MAP    
  2015     9    29    16     0     0                        EPOCH OF CURRENT MAP
    87.5-180.0 180.0   5.0 450.0                            LAT/LON1/LON2/DLON/H
  121  128  126  132  135  135  135  133  134  136  136  137  138  139  139  140
  141  141  142  142  142  142  142  141  141  140  140  139  138  137  135  134
  132  131  129  128  126  124  123  122  121  120  119  119  119  119  119  120
  121  122  122  123  124  125  126  127  128  129  129  130  130  130  130  130
  130  131  129  126  133  130  140  132  121                                   
    85.0-180.0 180.0   5.0 450.0                            LAT/LON1/LON2/DLON/H
  125  128  140  128  127  133  133  135  136  138  138  140  141  142  143  144
  145  145  146  146  147  147  147  147  146  146  145  144  143  141  140  138
  136  134  132  129  127  125  123  121  120  119  118  117  117  118  119  120
  121  122  124  126  127  129  131  132  133  134  135  135  135  135  135  135
  135  135  130  126  126  125  129  128  125                                   
    82.5-180.0 180.0   5.0 450.0                            LAT/LON1/LON2/DLON/H
  109  116  118  112  113  118  121  123  124  127  128  131  132  134  135  137
  139  140  141  142  143  144  144  144  144  144  144  143  142  141  139  137
  135  132  129  125  122  119  115  113  110  108  107  106  106  106  107  109
  111  113  116  119  121  123  125  127  128  129  130  130  130  129  128  127
  127  125  121  119  118  125  117  112  109                                   
    80.0-180.0 180.0   5.0 450.0                            LAT/LON1/LON2/DLON/H
   90   93   98   94   94   96  101  106  109  113  116  120  122  125  128  130
  132  134  136  137  138  139  140  140  141  141  141  140  139  138  136  134
  130  127  123  118  113  108  104   99   96   93   90   89   89   90   92   94
   97  100  104  108  111  114  117  119  120  121  121  120  119  118  116  114
  113  111  108  106  100  102   98   98   90                                   
    77.5-180.0 180.0   5.0 450.0                            LAT/LON1/LON2/DLON/H
   81   78   78   76   78   81   86   91   96  101  105  110  114  118  122  125
  128  131  134  136  138  139  140  141  142  143  144  144  144  144  142  140
  137  133  128  123  117  110  104   98   92   88   85   82   82   82   84   86
   90   94   98  102  106  109  111  113  114  114  113  111  109  107  104  101
   99   96   93   91   88   84   83   84   81                                   
    75.0-180.0 180.0   5.0 450.0                            LAT/LON1/LON2/DLON/H
   65   65   62   62   65   69   74   80   86   93   98  105  110  115  120  124
  128  131  134  137  139  141  143  144  146  147  148  149  150  150  150  148
  146  142  137  131  125  117  110  103   96   91   86   83   82   81   82   85
   88   91   95   99  102  105  106  107  107  106  104  102   99   96   93   91
   88   85   83   78   76   72   69   63   65                                   
    72.5-180.0 180.0   5.0 450.0                            LAT/LON1/LON2/DLON/H
   55   55   52   55   56   61   67   74   81   88   94  102  108  114  119  124
  129  133  137  140  143  145  147  148  150  151  153  154  155  156  157  156
  155  152  148  142  135  128  120  112  105   98   93   88   85   84   84   85
   87   89   91   93   95   96   97   96   95   93   90   88   85   82   79   77
   75   73   72   67   65   63   60   60   55                                   
    70.0-180.0 180.0   5.0 450.0                            LAT/LON1/LON2/DLON/H
   50   49   47   50   51   56   62   70   78   87   94  102  109  115  121  126
  132  137  141  145  149  151  153  154  155  156  157  158  159  160  161  162
  161  159  156  151  145  138  131  123  116  109  102   97   93   90   88   87
   86   86   86   86   86   85   84   82   80   77   75   72   70   68   66   65
   64   63   64   61   60   58   59   58   50                                   
    67.5-180.0 180.0   5.0 450.0                            LAT/LON1/LON2/DLON/H
   46   47   45   49   52   57   64   73   82   91   99  108  115  122  128  134
  140  145  151  155  159  161  163  163  162  162  161  161  162  163  164  164
  164  163  160  156  152  146  140  133  126  120  113  107  102   97   93   90
   87   85   82   80   77   75   72   69   67   65   63   61   59   58   58   58
   58   58   59   57   56   56   55   54   46                                   
    65.0-180.0 180.0   5.0 450.0                            LAT/LON1/LON2/DLON/H
   42   44   42   47   49   56   63   73   83   93  102  111  118  125  132  138
  145  151  157  163  167  169  170  169  167  165  163  162  162  162  163  164
  164  163  161  158  154  150  145  140  134  128  122  116  110  103   98   92
   86   81   76   71   66   62   58   55   53   51   50   50   50   50   50   51
   52   52   54   53   54   55   56   55   42                                   
    62.5-180.0 180.0   5.0 450.0                            LAT/LON1/LON2/DLON/H
   39   41   39   45   48   55   63   74   84   95  105  114  122  129  136  143
  150  157  163  169  173  176  176  174  171  167  164  162  161  161  161  162
  161  160  158  156  153  150  146  142  138  133  127  121  114  107   99   91
   83   76   69   62   56   51   47   45   44   43   44   44   45   46   46   47
   48   49   51   50   51   51   52   52   39                                   
    60.0-180.0 180.0   5.0 450.0                            LAT/LON1/LON2/DLON/H
   35   37   36   42   44   51   60   71   83   94  105  114  123  131  138  145
  152  159  166  171  176  178  177  175  171  167  163  161  160  161  162  162
  161  160  157  155  152  149  147  144  140  136  130  124  116  108   99   90
   81   72   63   56   49   44   41   40   39   40   42   44   45   46   46   46
   46   46   47   46   47   47   49   49   35                                   
    57.5-180.0 180.0   5.0 450.0                            LAT/LON1/LON2/DLON/H
   34   35   34   40   42   49   59   70   82   94  104  115  124  132  139  146
  153  160  166  172  175  177  176  174  170  166  163  163  163  165  167  167
  166  164  161  158  155  152  150  147  144  140  135  128  120  111  101   91
   81   72   63   56   49   45   43   43   44   46   48   50   51   52   51   51
   49   47   47   45   45   45   46   47   34                                   
    55.0-180.0 180.0   5.0 450.0                            LAT/LON1/LON2/DLON/H
   36   36   36   41   43   50   59   70   82   94  105  115  124  133  140  147
  154  160  166  170  173  174  174  171  168  166  165  167  170  173  176  177
  176  173  170  166  163  160  157  155  151  146  140  133  125  115  105   95
   85   76   69   62   56   53   52   53   55   58   60   62   63   62   61   59
   56   52   51   48   47   46   46   48   36                                   
    52.5-180.0 180.0   5.0 450.0                            LAT/LON1/LON2/DLON/H
   43   42   42   47   49   55   64   75   86   97  108  118  127  135  142  149
  155  161  165  168  171  171  171  169  168  167  169  173  178  184  188  190
  188  185  181  178  175  172  169  166  161  156  149  141  132  122  112  102
   93   86   79   74   70   67   67   69   71   74   76   78   78   76   74   71
   66   62   60   56   54   52   52   52   43                                   
    50.0-180.0 180.0   5.0 450.0                            LAT/LON1/LON2/DLON/H
   55   54   54   58   59   65   74   83   93  104  114  123  132  140  147  153
  159  163  166  169  170  170  169  169  169  170  174  181  188  195  199  201
  200  197  194  191  189  186  184  180  174  168  160  151  142  132  122  112
  105   98   93   89   86   85   85   87   90   92   94   94   93   91   88   85
   80   76   73   69   67   64   63   61   55                                   
    47.5-180.0 180.0   5.0 450.0                            LAT/LON1/LON2/DLON/H
   70   69   69   72   73   79   86   95  105  115  123  132  140  147  154  160
  165  168  170  172  172  171  171  171  172  175  181  188  196  202  206  208
  207  205  203  202  202  201  199  195  189  181  173  164  153  143  133  124
  117  111  107  104  102  101  102  104  106  108  109  109  107  105  102   98
   94   91   88   85   83   79   78   74   70                                   
    45.0-180.0 180.0   5.0 450.0                            LAT/LON1/LON2/DLON/H
   85   85   85   88   88   94  100  109  118  128  136  144  151  157  163  169
  173  176  177  177  177  176  175  176  178  182  187  194  200  205  207  207
  207  206  207  209  212  214  213  209  203  195  186  176  165  154  143  134
  127  122  118  115  113  112  113  115  118  120  121  120  118  115  113  111
  107  105  103  101   99   95   94   89   85                                   
    42.5-180.0 180.0   5.0 450.0                            LAT/LON1/LON2/DLON/H
   97   97   97  100  101  107  113  122  130  140  148  156  163  169  174  179
  182  185  186  186  184  183  182  183  185  189  193  198  201  202  202  202
  202  204  208  214  220  225  225  222  215  207  197  187  176  164  152  142
  135  129  125  121  118  117  118  121  124  126  127  127  125  123  121  120
  117  115  115  113  112  108  107  101   97                                   
    40.0-180.0 180.0   5.0 450.0                            LAT/LON1/LON2/DLON/H
  103  104  104  108  109  115  121  131  140  151  160  168  175  181  185  189
  192  194  195  195  193  191  190  190  192  195  198  200  200  199  197  196
  197  202  211  220  230  236  237  234  227  218  208  197  185  172  160  148
  139  132  127  122  118  116  117  120  125  128  130  130  129  128  127  126
  123  122  121  120  118  115  114  109  103                                   
    37.5-180.0 180.0   5.0 450.0                            LAT/LON1/LON2/DLON/H
  102  104  103  108  111  117  124  134  146  159  170  179  187  193  197  200
  202  204  204  204  202  200  198  197  198  201  203  203  201  198  196  196
  201  210  221  234  245  251  252  248  239  229  219  207  194  180  166  153
  143  135  128  122  117  114  115  119  124  129  132  133  132  132  131  129
  126  124  123  121  119  116  114  110  102                                   
    35.0-180.0 180.0   5.0 450.0                            LAT/LON1/LON2/DLON/H
   96   98   98  103  106  112  121  133  147  162  176  188  197  204  208  210
  211  212  212  212  210  207  204  202  203  206  208  209  207  205  205  210
  218  231  246  259  269  274  273  266  255  243  231  218  204  189  174  161
  150  142  134  126  119  115  115  119  125  131  135  137  137  136  135  132
  128  124  121  118  115  112  110  106   96                                   
    32.5-180.0 180.0   5.0 450.0                            LAT/LON1/LON2/DLON/H
   89   90   90   95   99  104  114  128  144  162  179  194  206  213  218  219
  219  219  219  219  216  212  208  206  207  211  215  219  221  224  229  239
  254  270  286  299  306  307  301  290  276  262  248  233  218  202  187  174
  164  155  146  137  129  124  123  126  132  138  142  144  144  144  141  137
  131  125  120  115  110  106  104  100   89                                   
    30.0-180.0 180.0   5.0 450.0                            LAT/LON1/LON2/DLON/H
   84   84   84   87   91   96  107  121  140  160  180  197  212  221  226  226
  226  225  225  225  222  217  211  209  210  216  225  234  243  254  268  286
  307  327  343  352  353  347  335  320  303  286  270  253  237  221  206  194
  185  177  168  159  149  142  140  141  146  150  154  156  156  155  152  147
  138  130  122  115  109  103  100   96   84                                   
    27.5-180.0 180.0   5.0 450.0                            LAT/LON1/LON2/DLON/H
   83   82   81   83   86   91  103  118  137  158  179  199  215  226  231  232
  231  231  231  231  228  222  216  213  215  225  239  255  274  294  319  346
  373  395  409  412  405  391  373  354  334  315  297  278  261  244  230  220
  212  206  198  189  179  170  165  164  166  168  170  170  170  169  166  160
  150  140  130  121  112  104  101   96   83                                   
    25.0-180.0 180.0   5.0 450.0                            LAT/LON1/LON2/DLON/H
   87   85   82   83   86   92  105  119  138  158  179  198  215  227  234  236
  236  237  239  239  236  230  223  220  224  237  257  282  310  341  376  411
  443  465  474  469  453  432  409  387  366  346  327  307  288  271  258  249
  243  238  232  224  214  204  196  191  189  187  186  185  184  183  181  176
  166  156  144  132  121  111  107   99   87                                   
    22.5-180.0 180.0   5.0 450.0                            LAT/LON1/LON2/DLON/H
   95   90   85   86   90   97  112  126  144  162  180  198  214  227  235  239
  241  244  248  250  248  242  236  234  239  255  280  312  349  389  432  472
  505  524  525  511  488  462  437  415  396  377  357  336  316  297  284  275
  271  268  264  257  247  236  226  217  209  203  199  196  194  194  193  191
  182  173  159  147  134  120  115  106   95                                   
    20.0-180.0 180.0   5.0 450.0                            LAT/LON1/LON2/DLON/H
  102   96   89   90   95  105  122  137  153  168  183  199  214  226  236  242
  247  254  260  265  264  260  255  254  262  281  309  346  388  433  477  517
  545  558  552  532  504  476  453  435  420  404  385  363  340  319  303  293
  288  286  284  279  271  260  248  235  223  213  205  200  198  199  201  201
  195  187  174  160  145  129  122  112  102                                   
    17.5-180.0 180.0   5.0 450.0                            LAT/LON1/LON2/DLON/H
  106   98   90   93   99  112  131  147  163  177  188  201  215  227  238  248
  257  268  277  284  285  283  280  282  293  314  345  382  424  466  506  539
  560  564  552  528  500  475  457  446  437  425  407  384  357  331  311  297
  291  288  288  285  280  270  258  244  230  217  206  200  197  198  202  205
  202  196  183  169  152  134  126  116  106                                   
    15.0-180.0 180.0   5.0 450.0                            LAT/LON1/LON2/DLON/H
  105   97   87   90   98  114  137  155  172  184  194  206  218  231  244  257
  271  286  299  307  310  310  311  317  331  355  385  419  455  490  519  541
  551  548  533  509  484  465  454  450  448  440  423  396  365  333  307  289
  279  276  276  277  275  269  259  245  231  216  204  196  192  193  198  202
  201  197  184  170  152  133  123  114  105                                   
    12.5-180.0 180.0   5.0 450.0                            LAT/LON1/LON2/DLON/H
   99   90   80   83   92  109  135  157  176  190  201  212  225  240  255  272
  291  309  324  333  337  340  345  356  375  399  427  455  481  503  520  529
  530  521  504  483  465  453  450  453  455  449  431  401  364  327  295  272
  259  255  257  261  264  262  255  244  230  216  203  193  188  187  191  194
  193  189  177  162  145  126  115  107   99                                   
    10.0-180.0 180.0   5.0 450.0                            LAT/LON1/LON2/DLON/H
   91   81   70   74   82  100  127  152  175  192  206  220  236  252  271  292
  314  335  351  361  365  370  379  396  418  444  468  487  502  511  514  513
  506  494  479  463  451  447  450  457  461  455  435  401  359  316  280  254
  240  236  240  247  254  256  253  244  232  218  204  193  186  183  184  185
  182  177  164  150  134  116  104   97   91                                   
     7.5-180.0 180.0   5.0 450.0                            LAT/LON1/LON2/DLON/H
   83   72   62   64   72   87  115  142  169  191  211  230  249  269  290  314
  338  361  377  387  391  398  411  432  458  483  502  513  517  515  510  501
