data/edconvlstm_nd/pred2690.15i
     1.0            IONOSPHERE MAPS     GNSS                IONEX VERSION / TYPE
pyspatialgeodesy        IME             05-JAN-18 20:20     PGM / RUN BY / DATE 
Map Name                                                    COMMENT             
Predicted global ionosphere maps (GIM).                     DESCRIPTION         
  2015     9    26     0     0     0                        EPOCH OF FIRST MAP  
  2015     9    27     0     0     0                        EPOCH OF LAST MAP   
  7200                                                      INTERVAL            
    13                                                      # OF MAPS IN FILE   
  NONE                                                      MAPPING FUNCTION    
10.0                                                        ELEVATION CUTOFF    
One-way carrier phase leveled to code                       OBSERVABLES USED    
  6371.0                                                    BASE RADIUS         
 2                                                          MAP DIMENSION       
   450.0 450.0   0.0                                        HGT1 / HGT2 / DHGT  
    87.5 -87.5  -2.5                                        LAT1 / LAT2 / DLAT  
  -180.0 180.0   5.0                                        LON1 / LON2 / DLON  
    -1                                                      EXPONENT            
                                                            END OF HEADER       
[from data line 3861]
    10                                                      START OF TEC MAP    
  2015     9    26    18     0     0                        EPOCH OF CURRENT MAP
    87.5-180.0 180.0   5.0 450.0                            LAT/LON1/LON2/DLON/H
  117  120  114  121  125  124  124  122  123  125  125  126  127  128  128  129
  129  129  129  129  128  127  126  125  124  123  121  120  119  117  116  114
  113  112  111  110  109  108  107  107  107  107  107  107  107  108  108  108
  109  110  110  111  112  112  112  113  113  113  113  113  113  113  113  112
  112  113  111  109  117  115  127  124  117                                   
    85.0-180.0 180.0   5.0 450.0                            LAT/LON1/LON2/DLON/H
  119  117  126  115  115  121  121  124  124  127  127  129  129  131  131  132
  132  133  133  132  132  131  130  129  127  125  124  122  120  118  116  114
  113  111  110  109  108  107  106  106  105  105  105  105  106  106  107  107
  108  109  110  110  111  112  112  112  113  113  112  112  112  112  111  111
  111  111  107  104  106  105  111  112  119                                   
    82.5-180.0 180.0   5.0 450.0                            LAT/LON1/LON2/DLON/H
   98  101  105  101  104  110  115  116  118  121  122  125  126  128  129  130
  131  132  132  132  131  130  129  128  126  124  121  119  116  114  111  109
  106  104  102  100   99   97   96   95   94   93   93   93   93   93   93   94
   95   96   97   99   99  100  101  101  101  101  101  100   99   98   98   97
   96   95   92   92   94  103   97   96   98                                   
    80.0-180.0 180.0   5.0 450.0                            LAT/LON1/LON2/DLON/H
   76   79   88   87   90   92  100  105  109  113  115  119  121  123  125  127
  128  129  129  129  129  128  127  126  124  121  118  115  111  108  104  101
   98   95   93   91   89   87   85   83   82   80   79   79   78   78   79   80
   81   82   84   85   86   87   88   88   88   87   86   84   83   81   80   78
   77   76   75   76   74   79   77   82   76                                   
    77.5-180.0 180.0   5.0 450.0                            LAT/LON1/LON2/DLON/H
   70   70   77   77   83   88   95  101  105  109  113  117  120  123  125  127
  129  131  132  133  134  134  134  133  132  129  126  123  119  114  110  106
  103  100   97   94   91   88   85   82   79   76   73   71   69   68   68   68
   69   71   72   74   75   76   77   77   76   75   73   71   68   66   64   62
   61   60   60   61   64   65   66   75   70                                   
    75.0-180.0 180.0   5.0 450.0                            LAT/LON1/LON2/DLON/H
   61   64   69   72   78   85   91   97  103  109  112  117  120  122  125  127
  129  131  133  135  138  140  141  141  141  139  136  132  127  122  118  114
  110  107  104  102   99   96   92   88   83   78   74   70   66   64   63   62
   63   64   66   67   69   69   69   69   67   65   63   60   58   55   53   52
   51   51   52   52   54   55   56   57   61                                   
    72.5-180.0 180.0   5.0 450.0                            LAT/LON1/LON2/DLON/H
   60   64   68   76   79   86   94   99  103  109  113  117  120  122  124  126
  128  130  134  138  142  146  149  151  151  150  147  142  137  131  126  121
  117  114  111  109  106  102   98   92   85   78   72   65   60   56   54   53
   53   54   56   57   58   58   58   57   55   53   51   48   46   43   42   41
   41   42   44   44   47   50   52   58   60                                   
    70.0-180.0 180.0   5.0 450.0                            LAT/LON1/LON2/DLON/H
   63   68   71   78   82   87   93   99  105  110  114  118  121  122  123  124
  126  129  133  139  145  151  156  160  161  160  157  152  145  139  133  127
  123  120  118  116  113  110  104   98   90   81   73   65   58   53   50   48
   48   48   49   50   50   50   49   47   45   43   41   39   37   36   36   36
   36   37   41   43   47   50   55   60   63                                   
    67.5-180.0 180.0   5.0 450.0                            LAT/LON1/LON2/DLON/H
   69   73   77   85   88   94  100  106  111  116  120  124  126  127  127  128
  129  132  137  144  152  160  166  171  173  172  168  162  155  147  140  134
  129  126  124  121  119  115  109  102   93   83   73   64   57   51   48   46
   45   45   46   46   46   45   44   42   41   39   38   36   36   35   36   37
   37   39   42   45   47   52   54   59   69                                   
    65.0-180.0 180.0   5.0 450.0                            LAT/LON1/LON2/DLON/H
   70   75   79   87   90   95  100  107  112  118  123  127  129  129  128  128
  129  132  138  146  155  164  172  177  179  178  174  168  160  152  144  138
  133  129  126  123  120  116  110  102   93   82   72   63   55   50   46   44
   43   42   42   41   40   39   38   36   35   34   34   34   34   34   36   37
   38   40   44   46   49   54   56   61   70                                   
    62.5-180.0 180.0   5.0 450.0                            LAT/LON1/LON2/DLON/H
   68   74   77   86   90   96  101  108  113  119  125  129  131  132  131  130
  131  135  140  148  158  167  175  180  182  181  177  171  163  156  149  142
  136  132  128  124  120  114  108   99   90   80   70   61   54   48   45   43
   41   41   40   38   37   36   35   34   34   34   34   35   36   37   38   39
   40   41   44   45   47   50   52   57   68                                   
    60.0-180.0 180.0   5.0 450.0                            LAT/LON1/LON2/DLON/H
   62   69   73   83   87   93   99  105  111  118  124  128  131  132  132  131
  132  136  141  149  158  166  173  178  179  178  176  171  166  160  154  148
  143  137  132  126  121  114  106   97   88   78   69   61   54   50   46   44
   42   41   39   37   36   35   34   34   34   35   36   38   39   40   41   41
   41   41   41   41   43   45   47   51   62                                   
    57.5-180.0 180.0   5.0 450.0                            LAT/LON1/LON2/DLON/H
   55   62   69   79   85   93   99  105  111  117  122  127  130  132  132  133
  135  138  143  150  157  164  169  172  174  174  173  172  170  168  164  160
  154  148  141  134  126  118  109   99   90   80   72   65   59   55   52   49
   47   44   42   40   38   37   37   38   40   41   43   44   44   45   45   44
   43   41   40   38   39   40   41   46   55                                   
    55.0-180.0 180.0   5.0 450.0                            LAT/LON1/LON2/DLON/H
   50   60   68   80   87   96  102  107  112  117  121  126  129  131  133  135
  137  141  145  150  155  160  163  165  167  169  171  173  176  177  177  174
  169  162  154  145  135  126  116  106   96   87   79   73   68   64   60   57
   53   50   47   44   43   43   44   46   48   50   51   51   51   51   50   48
   46   43   41   37   37   36   37   42   50                                   
    52.5-180.0 180.0   5.0 450.0                            LAT/LON1/LON2/DLON/H
   49   62   72   85   95  104  111  115  117  120  122  125  128  131  133  136
  140  143  147  150  153  155  157  158  160  164  169  176  182  187  190  189
  184  177  168  158  148  137  127  116  106   98   90   85   80   76   72   68
   63   59   55   52   51   51   53   56   58   60   61   60   59   58   56   54
   51   48   45   40   39   37   37   42   49                                   
    50.0-180.0 180.0   5.0 450.0                            LAT/LON1/LON2/DLON/H
   56   71   83   97  108  119  125  128  128  128  127  128  129  132  135  139
  143  147  150  151  152  152  153  154  157  163  171  180  190  197  201  201
  197  189  180  170  160  150  140  129  119  111  104   99   94   90   85   80
   75   70   66   63   61   62   64   67   70   71   71   70   67   65   64   62
   59   56   53   49   46   44   44   49   56                                   
    47.5-180.0 180.0   5.0 450.0                            LAT/LON1/LON2/DLON/H
   69   84   98  113  126  137  143  145  142  140  136  134  134  136  140  144
  149  152  154  154  154  153  154  155  159  166  175  186  196  203  207  207
  202  195  187  178  170  161  152  142  132  124  118  112  108  104   99   93
   87   82   77   74   73   73   75   78   80   81   80   78   76   74   72   71
   68   66   64   61   58   56   55   59   69                                   
    45.0-180.0 180.0   5.0 450.0                            LAT/LON1/LON2/DLON/H
   85  100  115  130  143  155  161  162  159  155  149  145  143  144  148  152
  156  159  160  160  160  159  160  162  167  174  182  192  200  206  208  206
  201  195  188  182  176  170  162  152  143  135  128  123  119  115  110  104
   98   93   88   85   83   83   84   86   88   88   87   86   84   82   81   81
   79   78   78   75   73   70   70   73   85                                   
    42.5-180.0 180.0   5.0 450.0                            LAT/LON1/LON2/DLON/H
  100  114  128  144  157  169  175  177  174  170  163  158  156  156  159  163
  166  168  169  169  170  170  172  175  179  185  192  198  203  205  205  201
  196  191  187  184  181  176  169  160  150  142  135  131  127  122  117  112
  106  101   97   94   91   90   90   91   92   92   92   92   91   90   91   91
   89   89   89   88   86   84   84   86  100                                   
    40.0-180.0 180.0   5.0 450.0                            LAT/LON1/LON2/DLON/H
  111  123  136  151  164  176  183  187  186  183  178  174  171  171  173  176
  178  179  180  181  183  186  189  192  195  199  203  206  207  207  204  200
  196  193  190  189  187  184  176  166  156  146  139  134  130  126  122  116
  111  107  103   99   96   94   92   92   92   93   95   96   97   98   98   99
   97   97   97   97   95   93   94   95  111                                   
    37.5-180.0 180.0   5.0 450.0                            LAT/LON1/LON2/DLON/H
  114  125  136  151  164  176  185  191  194  194  191  189  187  188  189  191
  192  193  194  196  200  204  208  211  213  215  216  217  217  216  214  212
  209  207  206  205  203  197  188  175  161  150  142  136  132  128  124  119
  114  110  106  103   99   95   93   91   92   94   96   99  102  103  104  104
  102  101  100   99   98   97   98  100  114                                   
    35.0-180.0 180.0   5.0 450.0                            LAT/LON1/LON2/DLON/H
  112  121  132  145  158  170  181  191  198  202  203  203  204  205  207  208
  208  208  209  213  218  224  228  230  231  232  233  235  237  238  240  241
  242  242  241  237  231  220  206  188  171  157  147  140  135  131  126  121
  116  112  108  105  101   97   93   92   92   95   98  102  105  107  108  106
  103  101   99   97   95   94   96  100  112                                   
    32.5-180.0 180.0   5.0 450.0                            LAT/LON1/LON2/DLON/H
  107  116  126  138  151  162  175  188  199  208  213  217  220  222  224  225
  224  224  226  230  237  243  247  249  250  252  256  262  270  278  286  293
  298  299  295  287  273  254  232  208  187  169  156  148  142  136  130  124
  119  114  111  108  104  100   97   96   96   99  103  107  109  110  109  106
  101   98   95   92   89   88   90   96  107                                   
    30.0-180.0 180.0   5.0 450.0                            LAT/LON1/LON2/DLON/H
  103  113  124  134  146  157  172  186  201  213  222  229  235  239  242  243
  241  241  243  248  255  262  265  268  270  276  286  300  316  333  350  364
  374  375  368  351  326  296  265  234  208  187  172  161  153  146  138  131
  125  119  116  113  110  108  105  104  105  107  110  112  113  112  109  105
   99   95   92   87   84   83   85   92  103                                   
    27.5-180.0 180.0   5.0 450.0                            LAT/LON1/LON2/DLON/H
  104  115  127  136  148  158  173  189  206  220  231  241  249  256  260  261
  260  259  262  267  274  280  284  288  295  307  325  348  375  402  428  450
  463  463  448  420  382  340  299  263  232  209  191  179  169  160  151  143
  135  129  124  122  121  120  119  118  118  119  120  120  118  113  108  103
   97   93   90   85   82   81   82   91  104                                   
    25.0-180.0 180.0   5.0 450.0                            LAT/LON1/LON2/DLON/H
  111  123  137  144  156  166  182  197  214  230  242  254  264  273  279  281
  280  280  282  287  294  300  306  313  325  344  371  405  441  478  512  538
  552  547  522  481  430  377  329  288  256  231  212  198  187  178  168  159
  150  143  138  135  135  136  137  136  135  134  132  129  123  115  108  102
   96   94   91   87   84   83   83   93  111                                   
    22.5-180.0 180.0   5.0 450.0                            LAT/LON1/LON2/DLON/H
  123  136  151  158  170  180  196  211  228  243  256  268  280  291  298  302
  302  303  305  310  316  323  332  343  362  389  424  465  509  550  587  612
  620  607  572  520  461  401  349  307  274  250  231  217  206  196  187  178
  169  161  155  152  153  155  156  155  153  149  144  136  127  117  108  102
   97   96   94   92   89   88   87   97  123                                   
    20.0-180.0 180.0   5.0 450.0                            LAT/LON1/LON2/DLON/H
  136  150  166  174  188  198  214  228  244  259  271  285  298  310  319  325
  327  329  331  336  342  351  364  381  406  439  480  524  568  607  636  653
  652  631  589  533  470  409  356  315  285  262  244  231  221  213  206  198
  189  180  174  170  171  173  174  172  168  161  153  142  130  118  108  102
   98   99   98   97   95   93   92  101  136                                   
    17.5-180.0 180.0   5.0 450.0                            LAT/LON1/LON2/DLON/H
  147  162  179  189  205  217  234  247  262  277  289  303  317  331  342  350
  355  358  362  367  374  386  402  425  455  493  534  575  610  637  654  658
  647  619  576  520  460  402  353  316  288  267  251  239  231  226  222  217
  209  200  193  188  187  188  188  184  177  168  158  145  131  118  108  102
   99  101  100  101   99   98   96  105  147                                   
    15.0-180.0 180.0   5.0 450.0                            LAT/LON1/LON2/DLON/H
  152  168  186  200  218  233  251  265  281  295  309  323  339  354  367  378
  386  391  396  403  412  426  447  474  507  544  580  610  630  641  641  631
  612  582  542  492  439  388  345  312  287  268  254  244  238  236  235  233
  228  219  210  203  200  198  195  190  181  170  158  145  131  118  109  103
   99  101   99  100  100   98   96  107  152                                   
    12.5-180.0 180.0   5.0 450.0                            LAT/LON1/LON2/DLON/H
  150  167  187  205  226  244  264  280  297  313  328  345  361  378  393  407
  418  426  434  442  454  470  494  523  555  587  613  628  631  624  609  588
  564  536  502  462  418  377  340  310  288  270  256  247  243  244  247  248
  244  235  224  215  208  203  197  189  179  167  155  143  130  118  109  103
   99   99   96   96   96   95   93  105  150                                   
    10.0-180.0 180.0   5.0 450.0                            LAT/LON1/LON2/DLON/H
  141  161  183  205  229  250  274  292  312  330  347  365  383  401  418  434
  449  461  471  482  495  514  538  567  595  618  631  631  619  597  572  545
  521  496  470  440  408  375  344  318  295  277  263  254  251  254  258  260
  256  247  234  222  211  203  194  184  173  161  150  138  127  117  109  103
   97   96   91   90   90   90   89  101  141                                   
     7.5-180.0 180.0   5.0 450.0                            LAT/LON1/LON2/DLON/H
  132  154  178  203  230  254  281  301  324  345  365  385  404  423  441  459
  476  491  505  518  533  552  575  600  622  636  636  624  600  572  543  516
