data/edconvlstm_nd/pred0310.15i
     1.0            IONOSPHERE MAPS     GNSS                IONEX VERSION / TYPE
pyspatialgeodesy        IME             05-JAN-18 20:20     PGM / RUN BY / DATE 
Map Name                                                    COMMENT             
Predicted global ionosphere maps (GIM).                     DESCRIPTION         
  2015     1    31     0     0     0                        EPOCH OF FIRST MAP  
  2015     2     1     0     0     0                        EPOCH OF LAST MAP   
  7200                                                      INTERVAL            
    13                                                      # OF MAPS IN FILE   
  NONE                                                      MAPPING FUNCTION    
10.0                                                        ELEVATION CUTOFF    
One-way carrier phase leveled to code                       OBSERVABLES USED    
  6371.0                                                    BASE RADIUS         
 2                                                          MAP DIMENSION       
   450.0 450.0   0.0                                        HGT1 / HGT2 / DHGT  
    87.5 -87.5  -2.5                                        LAT1 / LAT2 / DLAT  
  -180.0 180.0   5.0                                        LON1 / LON2 / DLON  
    -1                                                      EXPONENT            
                                                            END OF HEADER       
[from data line 2145]
     6                                                      START OF TEC MAP    
  2015     1    31    10     0     0                        EPOCH OF CURRENT MAP
    87.5-180.0 180.0   5.0 450.0                            LAT/LON1/LON2/DLON/H
   54   62   61   65   68   69   69   66   67   70   71   72   73   73   74   74
   74   74   74   74   74   75   75   75   75   76   76   77   77   77   78   78
   78   78   78   77   77   76   75   74   73   71   70   68   66   65   63   61
   60   58   56   55   54   52   51   50   49   49   48   48   47   47   47   48
   49   50   49   49   55   58   71   73   54                                   
    85.0-180.0 180.0   5.0 450.0                            LAT/LON1/LON2/DLON/H
   52   68   76   67   69   72   73   73   74   76   75   76   76   76   76   75
   75   75   76   76   76   77   78   78   79   80   81   82   83   84   85   86
   87   87   87   87   87   86   85   84   83   81   79   77   75   72   70   68
   65   63   61   59   58   56   55   54   53   52   52   52   52   52   52   53
   55   57   53   53   56   62   71   71   52                                   
    82.5-180.0 180.0   5.0 450.0                            LAT/LON1/LON2/DLON/H
   50   63   75   68   69   72   73   73   74   74   73   73   72   70   69   67
   66   65   64   64   64   65   65   66   67   69   70   72   74   76   78   80
   82   84   85   86   87   88   87   87   86   84   83   80   78   75   72   69
   67   64   61   58   56   54   52   50   48   47   47   46   46   46   47   48
   50   52   50   51   58   63   61   60   50                                   
    80.0-180.0 180.0   5.0 450.0                            LAT/LON1/LON2/DLON/H
   55   62   75   69   70   70   71   71   72   71   69   67   64   61   59   56
   54   52   51   51   51   52   53   54   56   58   60   63   66   69   72   76
   79   82   85   88   90   91   92   93   92   91   90   88   86   83   80   77
   73   70   66   63   59   56   53   51   48   46   44   43   43   43   43   44
   46   48   50   51   57   64   66   64   55                                   
    77.5-180.0 180.0   5.0 450.0                            LAT/LON1/LON2/DLON/H
   65   69   75   70   68   70   72   72   72   70   66   64   60   56   52   49
   46   44   43   42   43   44   45   47   49   52   55   58   62   66   71   76
   81   85   90   94   98  101  103  104  105  105  105  103  102  100   98   95
   92   89   85   81   77   73   69   65   62   58   55   52   50   49   48   49
   50   51   52   55   58   59   62   64   65                                   
    75.0-180.0 180.0   5.0 450.0                            LAT/LON1/LON2/DLON/H
   58   67   70   67   66   70   70   70   69   67   63   60   55   51   47   43
   40   38   37   37   38   39   41   43   46   49   52   56   60   64   69   74
   80   86   91   97  101  106  109  112  115  117  118  119  120  120  119  118
  116  113  110  107  102   98   93   87   82   76   71   67   62   59   57   56
   56   56   57   56   61   60   64   59   58                                   
    72.5-180.0 180.0   5.0 450.0                            LAT/LON1/LON2/DLON/H
   57   65   68   66   66   71   73   73   73   70   66   63   58   53   48   44
   41   39   38   38   39   41   43   46   49   52   55   58   62   66   71   76
   82   89   96  103  109  115  121  126  131  135  139  142  145  147  149  149
  149  147  145  141  137  131  124  117  110  102   94   86   80   74   70   68
   66   65   65   64   65   64   65   64   57                                   
    70.0-180.0 180.0   5.0 450.0                            LAT/LON1/LON2/DLON/H
   55   60   64   64   64   69   71   73   73   72   68   65   60   55   51   47
   44   43   42   43   45   48   51   55   58   60   62   64   66   69   73   78
   84   92   99  107  115  123  131  138  145  151  158  164  169  174  177  179
  180  179  177  173  168  161  153  144  134  123  112  102   93   85   78   74
   71   69   69   66   66   65   69   69   55                                   
    67.5-180.0 180.0   5.0 450.0                            LAT/LON1/LON2/DLON/H
   48   54   58   60   61   67   71   73   74   73   71   68   64   60   56   53
   51   50   50   52   55   59   63   67   70   71   72   72   72   73   75   80
   86   94  103  112  122  131  140  149  158  167  175  183  190  196  201  204
  205  204  201  196  190  182  172  161  149  136  123  111  100   90   82   76
   72   69   69   65   64   62   64   65   48                                   
    65.0-180.0 180.0   5.0 450.0                            LAT/LON1/LON2/DLON/H
   43   47   50   55   57   65   69   73   75   75   74   72   69   66   63   61
   59   59   60   62   66   70   75   79   81   81   80   77   75   75   77   81
   89   98  109  120  131  142  153  163  174  184  194  203  212  218  223  226
  227  225  221  215  207  197  186  173  160  145  130  116  103   91   82   76
   71   67   67   63   62   61   63   65   43                                   
    62.5-180.0 180.0   5.0 450.0                            LAT/LON1/LON2/DLON/H
   39   41   44   50   53   61   67   71   73   74   74   73   71   70   68   67
   66   66   67   69   73   77   82   85   86   85   82   78   75   74   76   82
   91  103  116  129  142  154  166  177  189  200  211  220  229  235  239  241
  240  237  231  223  213  202  190  176  162  147  131  116  102   90   80   73
   68   64   63   59   58   56   58   62   39                                   
    60.0-180.0 180.0   5.0 450.0                            LAT/LON1/LON2/DLON/H
   39   38   41   46   48   56   62   66   69   70   70   71   70   70   70   69
   69   69   69   71   73   76   80   82   82   80   76   72   69   69   73   82
   94  108  124  139  153  167  179  191  203  214  225  234  242  247  250  250
  248  242  235  225  214  202  189  176  162  147  132  118  104   91   81   73
   66   62   61   57   56   53   55   59   39                                   
    57.5-180.0 180.0   5.0 450.0                            LAT/LON1/LON2/DLON/H
   45   41   42   45   47   53   58   61   64   65   66   67   68   68   69   70
   70   69   68   68   68   70   72   73   73   71   67   64   62   65   72   84
  100  118  136  153  169  182  195  207  219  229  239  248  254  258  260  259
  255  248  239  228  216  204  192  179  166  154  141  128  115  102   91   82
   74   68   67   62   61   56   57   61   45                                   
    55.0-180.0 180.0   5.0 450.0                            LAT/LON1/LON2/DLON/H
   57   50   49   49   49   53   56   58   60   61   61   63   64   65   67   68
   68   66   64   62   61   61   61   62   62   60   57   55   56   62   73   89
  109  130  151  169  185  199  211  222  233  243  252  259  265  268  268  266
  261  253  243  232  221  209  197  187  176  166  156  145  133  121  109   99
   89   82   79   74   72   66   65   68   57                                   
    52.5-180.0 180.0   5.0 450.0                            LAT/LON1/LON2/DLON/H
   74   66   63   59   55   57   58   58   58   58   59   60   61   63   65   66
   65   63   60   57   54   53   53   53   53   51   50   50   53   62   77   97
  121  145  167  186  202  214  226  236  246  255  263  269  274  275  275  272
  267  260  250  240  228  218  207  198  190  182  174  166  156  145  133  121
  109  100   95   89   88   81   80   80   74                                   
    50.0-180.0 180.0   5.0 450.0                            LAT/LON1/LON2/DLON/H
   93   86   81   74   67   67   65   62   61   60   60   60   61   62   64   65
   64   62   59   55   52   50   49   49   49   48   48   50   56   68   86  109
  134  160  183  202  217  228  238  248  257  266  273  278  282  283  282  279
  274  267  259  249  239  229  219  211  204  198  192  186  177  167  154  141
  127  116  110  103  102   97   96   95   93                                   
    47.5-180.0 180.0   5.0 450.0                            LAT/LON1/LON2/DLON/H
  110  104   99   91   83   80   76   71   68   66   65   64   64   64   65   66
   66   64   62   58   55   53   52   52   52   52   53   57   64   78   97  121
  147  173  196  214  228  239  249  258  267  275  282  286  289  290  289  286
  281  275  267  258  248  239  230  222  215  209  204  198  190  180  167  153
  138  125  117  110  111  108  109  108  110                                   
    45.0-180.0 180.0   5.0 450.0                            LAT/LON1/LON2/DLON/H
  118  116  113  106   99   95   89   84   80   77   75   73   71   70   69   69
   69   69   68   66   64   62   62   62   63   63   65   69   76   89  108  131
  156  181  203  221  236  247  258  267  276  284  290  294  296  296  294  291
  287  280  272  263  254  244  235  226  218  211  205  199  192  182  170  155
  139  125  115  108  110  111  114  116  118                                   
    42.5-180.0 180.0   5.0 450.0                            LAT/LON1/LON2/DLON/H
  117  119  119  116  111  108  103   97   93   90   88   85   82   78   76   75
   75   77   78   79   78   78   78   78   78   78   80   83   90  101  118  138
  161  184  205  224  240  253  265  276  285  293  299  302  302  301  299  295
  290  282  274  265  255  245  234  224  215  206  199  192  185  176  164  150
  134  120  109  101  102  105  110  115  117                                   
    40.0-180.0 180.0   5.0 450.0                            LAT/LON1/LON2/DLON/H
  108  112  116  118  117  117  113  109  106  104  101   99   94   89   84   82
   83   86   90   93   95   95   95   95   94   94   94   97  103  112  126  143
  163  184  206  226  244  259  273  285  296  304  308  310  310  308  304  299
  292  284  275  265  255  245  233  221  210  200  191  184  176  168  157  145
  131  117  104   94   92   94   99  106  108                                   
    37.5-180.0 180.0   5.0 450.0                            LAT/LON1/LON2/DLON/H
   94  100  106  112  116  118  118  117  115  114  112  110  105   99   93   90
   91   96  102  106  109  110  110  108  107  106  107  110  115  124  135  149
  165  185  207  229  249  268  284  298  309  317  321  322  321  318  314  308
  300  291  282  272  262  252  240  228  215  204  194  186  179  171  163  153
  140  126  112   97   89   84   87   93   94                                   
    35.0-180.0 180.0   5.0 450.0                            LAT/LON1/LON2/DLON/H
   83   87   93  101  108  113  116  118  118  119  118  118  114  108  101   98
   99  104  111  117  120  120  119  117  115  115  116  121  127  135  145  157
  171  190  213  237  260  281  299  314  326  334  338  339  337  335  331  325
  318  310  302  293  284  275  264  253  240  229  219  211  205  198  192  184
  173  159  142  121  103   87   84   85   83                                   
    32.5-180.0 180.0   5.0 450.0                            LAT/LON1/LON2/DLON/H
   82   80   84   90   97  103  109  112  115  117  118  120  118  113  107  104
  105  110  117  123  125  124  121  119  117  119  122  129  138  148  158  169
  183  202  226  251  277  299  319  336  349  357  361  362  361  360  358  355
  350  344  338  332  325  318  310  300  289  280  271  265  260  256  251  246
  236  222  203  174  144  111   98   90   82                                   
    30.0-180.0 180.0   5.0 450.0                            LAT/LON1/LON2/DLON/H
   95   85   83   84   88   94  100  103  107  110  113  116  117  115  111  108
  109  114  121  125  126  123  119  117  116  119  126  136  149  162  175  187
  203  223  248  275  301  325  347  364  377  386  391  393  394  396  397  397
  396  394  392  389  385  382  376  369  362  355  349  346  343  340  337  332
  323  308  288  253  214  163  136  115   95                                   
    27.5-180.0 180.0   5.0 450.0                            LAT/LON1/LON2/DLON/H
  124  104   95   86   86   88   94   96   98  101  105  110  113  114  112  111
  112  117  122  124  123  118  114  112  113  118  128  142  160  179  196  213
  231  252  278  306  333  358  380  398  412  421  427  431  435  441  447  452
  456  459  460  461  461  460  458  455  452  449  446  445  444  442  439  434
  424  408  386  345  300  235  194  161  124                                   
    25.0-180.0 180.0   5.0 450.0                            LAT/LON1/LON2/DLON/H
  170  140  120  100   94   91   94   93   94   96   99  104  108  110  111  111
  113  117  121  121  118  113  108  107  110  117  131  150  175  200  223  243
  264  288  316  344  371  395  416  435  450  461  469  476  483  493  504  515
  524  531  536  540  542  543  545  546  547  548  549  550  550  548  543  535
  523  504  479  436  387  313  260  223  170                                   
    22.5-180.0 180.0   5.0 450.0                            LAT/LON1/LON2/DLON/H
  225  189  159  127  113  105  103   99   97   97   98  101  105  107  109  111
  113  117  119  118  113  108  104  104  109  119  137  161  191  222  250  276
  301  328  357  385  411  433  454  473  490  504  514  524  535  549  564  579
  592  603  610  613  615  617  620  626  632  637  641  644  643  639  630  617
  599  577  550  508  459  383  325  289  225                                   
    20.0-180.0 180.0   5.0 450.0                            LAT/LON1/LON2/DLON/H
  281  244  207  167  144  130  123  116  111  108  105  105  106  107  108  110
  112  115  117  115  110  106  103  105  112  126  146  175  208  244  277  308
  337  367  397  424  447  468  487  507  527  544  558  571  586  602  620  637
  651  663  670  672  672  673  677  684  694  703  710  712  708  697  680  658
  631  607  578  544  498  434  378  350  281                                   
    17.5-180.0 180.0   5.0 450.0                            LAT/LON1/LON2/DLON/H
  329  293  257  216  185  167  153  145  136  129  122  116  112  109  108  109
  112  114  115  113  109  106  106  110  120  136  159  189  225  263  300  335
  369  400  429  455  476  495  514  536  557  578  596  613  629  647  664  680
  694  705  710  711  708  707  710  717  727  737  742  741  730  709  680  646
  611  584  559  535  498  455  412  394  329                                   
    15.0-180.0 180.0   5.0 450.0                            LAT/LON1/LON2/DLON/H
  358  328  300  265  230  211  193  182  169  159  147  135  125  117  112  111
  112  113  114  112  109  108  110  118  130  148  173  204  240  279  318  356
  390  422  450  473  494  513  533  556  580  604  626  645  662  679  694  707
  719  727  730  728  723  718  718  722  729  735  736  727  706  673  632  586
  545  518  498  486  461  442  418  411  358                                   
    12.5-180.0 180.0   5.0 450.0                            LAT/LON1/LON2/DLON/H
  367  345  330  305  273  254  234  222  208  195  178  160  143  128  119  114
  113  113  113  112  110  111  116  126  141  162  188  218  253  291  330  367
  402  432  458  481  502  522  545  570  597  623  646  667  684  698  710  720
  727  731  731  726  717  710  706  706  707  706  699  681  650  605  554  502
  457  429  415  410  399  401  395  399  367                                   
    10.0-180.0 180.0   5.0 450.0                            LAT/LON1/LON2/DLON/H
  359  347  346  332  305  289  271  259  244  229  210  188  164  144  129  121
  117  115  114  113  113  115  122  134  152  176  203  234  266  301  337  372
  405  434  460  484  506  529  553  581  609  636  660  680  696  708  716  720
  723  723  719  710  700  691  684  680  675  668  653  626  585  533  477  421
  374  346  333  333  333  348  353  365  359                                   
     7.5-180.0 180.0   5.0 450.0                            LAT/LON1/LON2/DLON/H
  342  339  348  343  325  312  296  285  271  257  237  213  186  161  143  131
  124  120  117  116  117  120  128  142  163  190  220  250  280  311  344  377
