data/edconvlstm_nd/pred1330.15i
     1.0            IONOSPHERE MAPS     GNSS                IONEX VERSION / TYPE
pyspatialgeodesy        IME             05-JAN-18 20:20     PGM / RUN BY / DATE 
Map Name                                                    COMMENT             
Predicted global ionosphere maps (GIM).                     DESCRIPTION         
  2015     5    13     0     0     0                        EPOCH OF FIRST MAP  
  2015     5    14     0     0     0                        EPOCH OF LAST MAP   
  7200                                                      INTERVAL            
    13                                                      # OF MAPS IN FILE   
  NONE                                                      MAPPING FUNCTION    
10.0                                                        ELEVATION CUTOFF    
One-way carrier phase leveled to code                       OBSERVABLES USED    
  6371.0                                                    BASE RADIUS         
 2                                                          MAP DIMENSION       
   450.0 450.0   0.0                                        HGT1 / HGT2 / DHGT  
    87.5 -87.5  -2.5                                        LAT1 / LAT2 / DLAT  
  -180.0 180.0   5.0                                        LON1 / LON2 / DLON  
    -1                                                      EXPONENT            
                                                            END OF HEADER       
[from data line 4290]
    11                                                      START OF TEC MAP    
  2015     5    13    20     0     0                        EPOCH OF CURRENT MAP
    87.5-180.0 180.0   5.0 450.0                            LAT/LON1/LON2/DLON/H
  174  163  148  155  159  158  157  157  157  159  158  160  160  161  162  163
  163  164  164  164  165  165  164  164  163  163  162  161  160  160  159  158
  157  156  156  155  155  154  154  154  154  154  154  153  153  153  153  153
  153  153  153  153  153  153  153  152  152  152  152  152  152  152  152  152
  151  152  151  152  163  161  163  167  174                                   
    85.0-180.0 180.0   5.0 450.0                            LAT/LON1/LON2/DLON/H
  165  161  164  160  159  163  162  164  165  166  167  168  169  170  171  172
  172  173  174  174  174  174  173  173  172  171  170  169  168  167  166  165
  163  162  162  161  160  160  160  160  160  160  160  160  160  160  160  160
  160  160  159  159  159  159  159  159  158  158  158  158  158  158  158  157
  158  158  158  157  162  154  154  159  165                                   
    82.5-180.0 180.0   5.0 450.0                            LAT/LON1/LON2/DLON/H
  142  144  144  144  147  152  154  155  155  158  159  161  163  165  167  169
  170  172  173  174  174  174  174  173  172  171  169  167  165  163  161  159
  157  155  154  153  152  152  152  152  152  153  153  153  153  153  153  153
  153  152  152  152  151  151  150  150  150  149  149  148  148  148  147  146
  147  146  145  150  151  155  146  142  142                                   
    80.0-180.0 180.0   5.0 450.0                            LAT/LON1/LON2/DLON/H
  131  132  136  136  137  138  141  146  148  151  153  156  158  161  164  166
  169  171  172  173  174  174  174  173  171  170  167  165  162  159  156  153
  150  148  146  145  145  145  145  146  147  148  149  150  150  150  150  150
  150  149  149  148  148  147  147  146  146  145  144  144  143  142  142  141
  141  140  140  142  139  134  130  135  131                                   
    77.5-180.0 180.0   5.0 450.0                            LAT/LON1/LON2/DLON/H
  136  129  134  132  134  136  137  142  144  147  149  153  157  161  164  167
  170  173  175  177  178  179  179  178  177  175  173  169  166  162  158  154
  151  148  146  145  145  145  146  148  150  151  153  154  154  154  154  154
  153  152  151  151  150  149  149  148  147  146  145  144  143  142  141  140
  139  139  139  139  140  131  132  140  136                                   
    75.0-180.0 180.0   5.0 450.0                            LAT/LON1/LON2/DLON/H
  137  132  132  130  131  133  133  137  140  144  147  152  155  159  163  166
  169  172  174  176  177  178  178  178  177  175  172  169  165  161  157  153
  149  146  144  143  143  144  146  148  150  152  154  155  155  155  154  153
  152  151  150  149  148  147  147  146  146  145  144  143  142  141  140  140
  138  138  139  137  136  129  131  130  137                                   
    72.5-180.0 180.0   5.0 450.0                            LAT/LON1/LON2/DLON/H
  142  137  138  137  135  137  138  140  143  147  150  154  159  162  166  169
  172  174  176  177  179  179  180  179  178  177  174  170  166  162  157  153
  149  146  143  142  143  144  146  148  151  153  154  155  155  154  153  152
  150  149  148  147  146  146  146  146  146  145  145  144  143  142  141  140
  139  139  140  138  138  133  138  141  142                                   
    70.0-180.0 180.0   5.0 450.0                            LAT/LON1/LON2/DLON/H
  150  145  144  142  140  141  141  144  147  152  155  160  164  167  170  172
  174  175  176  177  177  177  177  177  175  173  170  167  162  158  153  149
  145  142  140  138  138  139  141  144  146  148  149  149  149  147  146  144
  142  141  140  139  139  139  139  140  140  141  141  141  140  140  139  139
  138  138  139  139  141  139  146  146  150                                   
    67.5-180.0 180.0   5.0 450.0                            LAT/LON1/LON2/DLON/H
  159  155  155  154  152  153  152  156  159  164  168  172  176  179  181  183
  184  184  184  184  183  183  182  180  178  175  172  168  164  159  155  150
  146  143  140  139  138  139  140  142  144  146  146  146  145  143  141  139
  137  136  135  135  135  136  137  138  140  141  142  143  143  143  143  143
  142  142  143  142  145  144  152  153  159                                   
    65.0-180.0 180.0   5.0 450.0                            LAT/LON1/LON2/DLON/H
  163  162  160  161  159  159  160  163  167  173  178  183  187  189  191  192
  192  191  190  189  187  185  183  181  177  174  170  166  162  158  154  150
  146  143  139  137  136  135  136  137  138  139  139  138  136  133  130  128
  126  126  125  126  126  127  129  130  132  134  136  138  139  140  140  140
  139  140  142  142  147  149  157  158  163                                   
    62.5-180.0 180.0   5.0 450.0                            LAT/LON1/LON2/DLON/H
  166  166  165  166  166  167  167  172  176  183  188  194  198  200  202  203
  202  202  200  198  196  193  189  185  181  176  172  167  164  160  157  154
  151  147  143  140  137  136  135  135  136  136  135  133  130  127  123  121
  119  119  119  119  120  122  123  125  127  130  132  135  137  138  139  140
  139  140  141  141  146  149  157  157  166                                   
    60.0-180.0 180.0   5.0 450.0                            LAT/LON1/LON2/DLON/H
  166  168  167  169  169  170  171  177  182  190  196  201  205  208  210  211
  211  211  209  207  204  200  195  190  185  180  175  171  168  166  165  163
  160  156  152  147  143  140  139  138  137  137  135  132  129  124  121  118
  116  115  115  116  117  118  119  120  122  125  128  131  134  136  137  139
  138  139  141  140  145  148  156  156  166                                   
    57.5-180.0 180.0   5.0 450.0                            LAT/LON1/LON2/DLON/H
  166  169  169  170  171  172  174  180  186  194  200  205  209  212  215  217
  218  218  217  215  211  207  202  196  190  185  181  178  177  177  177  176
  174  170  165  160  155  151  148  147  146  144  142  138  134  129  124  121
  118  117  117  118  118  118  119  119  120  122  125  128  132  135  137  140
  140  142  143  141  145  148  155  155  166                                   
    55.0-180.0 180.0   5.0 450.0                            LAT/LON1/LON2/DLON/H
  169  172  173  173  174  176  178  184  190  198  203  208  212  215  218  220
  222  223  222  220  217  213  208  202  197  193  190  188  189  191  192  193
  192  188  183  177  171  167  163  161  160  158  155  151  145  140  134  130
  126  125  124  124  123  122  122  121  122  123  125  128  132  135  139  143
  145  147  148  146  149  150  158  157  169                                   
    52.5-180.0 180.0   5.0 450.0                            LAT/LON1/LON2/DLON/H
  175  179  180  180  180  184  185  191  197  204  208  212  214  217  219  222
  224  226  225  223  220  216  212  208  204  201  200  200  202  206  209  211
  210  207  202  196  190  186  182  180  178  176  172  167  161  154  148  142
  138  135  134  132  131  130  128  127  126  127  128  130  133  137  143  148
  151  155  157  155  157  157  165  163  175                                   
    50.0-180.0 180.0   5.0 450.0                            LAT/LON1/LON2/DLON/H
  187  191  192  192  193  197  198  204  210  215  218  220  221  222  224  226
  228  228  227  225  222  219  216  214  212  211  211  213  216  221  225  227
  226  224  219  214  210  206  203  200  198  195  191  186  179  171  164  157
  152  148  145  143  141  139  137  135  134  134  134  135  138  141  147  154
  159  165  169  168  170  169  177  176  187                                   
    47.5-180.0 180.0   5.0 450.0                            LAT/LON1/LON2/DLON/H
  203  208  210  210  211  216  217  223  228  234  235  236  234  233  233  234
  234  233  230  227  224  222  221  221  221  221  222  225  229  233  237  239
  239  237  234  231  228  225  223  220  217  214  209  203  195  187  179  171
  165  160  156  153  151  149  147  146  145  144  143  143  144  147  153  161
  168  177  183  183  186  185  194  194  203                                   
    45.0-180.0 180.0   5.0 450.0                            LAT/LON1/LON2/DLON/H
  222  230  230  233  234  240  242  248  253  258  260  259  256  252  250  248
  245  241  237  232  229  227  228  229  231  232  234  236  240  243  246  248
  248  247  245  245  244  243  242  239  236  231  225  218  210  201  192  183
  175  169  165  162  160  158  158  157  157  156  155  153  152  154  159  167
  176  188  196  199  203  204  213  216  222                                   
    42.5-180.0 180.0   5.0 450.0                            LAT/LON1/LON2/DLON/H
  242  253  254  258  260  266  268  275  282  288  289  288  284  279  274  269
  263  256  248  242  238  237  238  240  243  245  246  247  249  251  253  254
  254  255  256  258  260  261  261  258  253  246  238  230  221  212  202  193
  184  177  172  169  167  167  167  168  169  168  166  164  161  161  166  174
  184  197  208  213  220  223  232  238  242                                   
    40.0-180.0 180.0   5.0 450.0                            LAT/LON1/LON2/DLON/H
  261  275  277  283  287  292  296  303  311  318  321  321  317  311  305  297
  287  276  266  258  252  251  252  254  257  258  259  259  259  260  260  261
  262  265  268  273  277  281  280  277  270  261  251  241  231  221  211  201
  192  184  179  176  175  175  176  178  179  179  177  174  170  169  172  180
  191  206  219  226  234  241  250  258  261                                   
    37.5-180.0 180.0   5.0 450.0                            LAT/LON1/LON2/DLON/H
  278  295  299  305  312  317  323  330  339  348  353  354  352  347  339  329
  317  303  290  280  273  269  269  271  273  274  274  273  272  271  272  273
  275  279  285  292  299  303  302  297  288  277  265  253  241  230  219  209
  200  193  188  185  184  185  186  187  189  189  186  182  178  176  179  187
  198  214  228  237  246  255  266  274  278                                   
    35.0-180.0 180.0   5.0 450.0                            LAT/LON1/LON2/DLON/H
  295  313  320  326  335  340  349  355  367  377  384  388  387  384  376  365
  350  335  319  307  298  292  290  290  290  291  291  290  288  288  290  292
  296  302  309  317  324  328  326  318  307  294  280  266  253  240  229  219
  211  204  200  198  197  198  198  199  199  197  194  190  186  184  187  195
  205  222  237  247  256  267  280  288  295                                   
    32.5-180.0 180.0   5.0 450.0                            LAT/LON1/LON2/DLON/H
  312  329  339  345  358  364  374  381  394  405  414  421  423  421  413  401
  385  368  351  337  326  318  312  310  310  310  311  311  311  312  316  321
  327  334  341  349  354  354  349  339  326  311  296  281  266  253  242  233
  225  220  217  216  216  216  214  212  210  207  203  198  194  192  196  204
  214  231  246  257  266  278  293  301  312                                   
    30.0-180.0 180.0   5.0 450.0                            LAT/LON1/LON2/DLON/H
  330  347  359  366  381  389  401  410  423  436  447  455  459  458  451  438
  421  402  384  368  354  343  335  331  330  332  334  337  339  344  350  358
  366  373  379  383  383  379  370  357  342  327  311  296  281  268  258  250
  245  242  240  240  240  238  234  229  224  218  212  207  203  201  206  214
  224  241  256  269  278  289  305  315  330                                   
    27.5-180.0 180.0   5.0 450.0                            LAT/LON1/LON2/DLON/H
  349  365  379  390  408  419  432  442  456  470  482  492  498  498  490  475
  456  436  416  398  382  368  358  353  352  356  362  368  374  382  392  402
  412  417  418  415  407  395  381  365  351  337  323  309  295  284  275  270
  267  267  267  267  266  262  256  247  238  230  222  216  211  211  215  224
  235  251  266  280  289  300  317  331  349                                   
    25.0-180.0 180.0   5.0 450.0                            LAT/LON1/LON2/DLON/H
  367  384  399  414  437  451  466  478  494  508  521  532  539  540  531  514
  493  470  449  428  409  393  381  375  376  383  392  402  412  424  437  450
  458  458  451  436  418  397  378  361  348  338  328  318  307  299  293  291
  292  293  294  294  291  285  275  262  251  240  231  224  219  218  223  233
  244  261  276  291  301  311  328  348  367                                   
    22.5-180.0 180.0   5.0 450.0                            LAT/LON1/LON2/DLON/H
  382  403  419  438  466  483  501  516  533  548  563  576  584  585  575  557
  533  507  482  459  436  418  405  400  403  413  426  439  452  466  481  493
  497  489  469  442  412  385  362  345  335  330  326  322  316  312  311  312
  315  318  319  318  312  303  290  275  261  249  239  230  225  223  229  239
  251  269  285  301  310  321  338  366  382                                   
    20.0-180.0 180.0   5.0 450.0                            LAT/LON1/LON2/DLON/H
  393  420  437  460  493  512  534  552  572  589  604  619  629  631  622  602
  576  547  518  491  465  444  431  428  433  445  460  474  488  502  516  524
  520  502  470  432  395  362  338  323  316  317  319  322  322  324  327  332
  337  339  339  335  327  315  300  285  270  257  246  236  229  226  231  240
  254  273  291  307  317  330  346  383  393                                   
    17.5-180.0 180.0   5.0 450.0                            LAT/LON1/LON2/DLON/H
  400  435  454  479  514  537  561  583  606  625  642  659  672  677  669  649
  622  591  558  526  498  475  463  461  468  480  495  507  519  530  539  541
  529  501  461  416  374  341  317  303  300  305  314  322  329  335  342  349
  354  355  352  345  334  320  304  289  275  262  249  238  229  225  228  237
  251  272  292  309  321  336  353  396  400                                   
    15.0-180.0 180.0   5.0 450.0                            LAT/LON1/LON2/DLON/H
  405  446  468  495  532  555  582  606  632  653  673  692  708  717  713  695
  669  636  602  567  536  513  501  500  507  518  529  538  545  551  553  548
  529  495  450  404  364  332  310  298  297  304  316  329  340  349  358  364
  368  366  358  347  333  317  301  287  273  261  247  234  224  219  220  228
  242  265  287  307  322  340  360  405  405                                   
    12.5-180.0 180.0   5.0 450.0                            LAT/LON1/LON2/DLON/H
  409  455  481  509  546  570  597  622  649  672  693  715  734  747  748  736
  712  682  648  612  581  558  546  545  550  558  564  567  569  569  565  553
  528  492  449  407  372  346  327  316  313  319  330  343  355  365  373  378
  377  370  358  343  325  308  292  279  266  253  240  226  214  208  208  215
  229  254  279  302  320  343  366  411  409                                   
    10.0-180.0 180.0   5.0 450.0                            LAT/LON1/LON2/DLON/H
  416  465  495  523  561  584  610  635  661  683  704  726  748  765  772  766
  749  724  692  659  628  606  594  592  595  598  599  598  594  588  579  562
  535  500  462  429  404  386  370  357  350  350  356  366  376  383  387  388
  382  370  353  334  314  296  280  266  254  242  228  214  202  195  195  201
  215  241  269  295  318  346  372  415  416                                   
     7.5-180.0 180.0   5.0 450.0                            LAT/LON1/LON2/DLON/H
  426  477  512  542  579  602  626  648  671  690  708  729  752  771  783  783
  774  755  729  699  671  651  639  636  637  636  634  629  622  613  600  579
