data/edconvlstm_nd/pred0890.15i
     1.0            IONOSPHERE MAPS     GNSS                IONEX VERSION / TYPE
pyspatialgeodesy        IME             05-JAN-18 20:20     PGM / RUN BY / DATE 
Map Name                                                    COMMENT             
Predicted global ionosphere maps (GIM).                     DESCRIPTION         
  2015     3    30     0     0     0                        EPOCH OF FIRST MAP  
  2015     3    31     0     0     0                        EPOCH OF LAST MAP   
  7200                                                      INTERVAL            
    13                                                      # OF MAPS IN FILE   
  NONE                                                      MAPPING FUNCTION    
10.0                                                        ELEVATION CUTOFF    
One-way carrier phase leveled to code                       OBSERVABLES USED    
  6371.0                                                    BASE RADIUS         
 2                                                          MAP DIMENSION       
   450.0 450.0   0.0                                        HGT1 / HGT2 / DHGT  
    87.5 -87.5  -2.5                                        LAT1 / LAT2 / DLAT  
  -180.0 180.0   5.0                                        LON1 / LON2 / DLON  
    -1                                                      EXPONENT            
                                                            END OF HEADER       
[from data line 1287]
     4                                                      START OF TEC MAP    
  2015     3    30     6     0     0                        EPOCH OF CURRENT MAP
    87.5-180.0 180.0   5.0 450.0                            LAT/LON1/LON2/DLON/H
  120  112  110  114  118  117  116  116  119  121  123  124  126  126  127  127
  126  126  124  123  122  120  118  116  115  113  111  110  108  107  106  105
  104  103  103  102  102  102  102  102  103  103  103  104  105  105  106  106
  107  108  108  109  110  110  111  111  111  111  110  110  109  108  106  106
  105  106  104  103  107  106  111  115  120                                   
    85.0-180.0 180.0   5.0 450.0                            LAT/LON1/LON2/DLON/H
  109  109  108  111  116  117  120  122  125  129  131  134  136  137  138  138
  138  137  135  133  131  129  127  124  122  119  117  115  113  112  111  110
  109  109  108  108  109  109  109  110  111  112  113  114  115  116  117  118
  119  120  121  122  122  123  123  123  123  123  122  121  120  118  115  114
  113  113  108  108  102  100  103  103  109                                   
    82.5-180.0 180.0   5.0 450.0                            LAT/LON1/LON2/DLON/H
  101  102  101  102  105  109  113  117  122  127  131  135  139  141  142  143
  142  140  138  135  131  128  124  120  116  112  109  107  105  103  102  101
  101  102  102  104  105  106  108  110  112  115  117  119  122  124  126  128
  130  132  133  135  136  138  139  139  140  139  138  137  134  131  127  124
  120  117  110  109  107   97   91   87  101                                   
    80.0-180.0 180.0   5.0 450.0                            LAT/LON1/LON2/DLON/H
  100   93   87   91   95   97  103  108  115  122  127  133  138  141  142  143
  141  139  135  130  125  119  113  108  102   98   94   90   88   87   87   88
   89   91   93   96  100  103  107  110  114  118  123  127  131  135  139  143
  146  149  153  155  158  161  163  164  166  166  166  164  161  157  152  147
  140  133  123  117  111   99   99   87  100                                   
    77.5-180.0 180.0   5.0 450.0                            LAT/LON1/LON2/DLON/H
  105   91   85   86   86   89   95  101  108  115  122  129  135  139  141  141
  139  135  131  125  118  111  103   96   90   85   80   77   76   76   77   79
   83   87   92   98  103  109  115  121  127  133  139  145  151  157  163  169
  174  178  183  187  190  194  197  200  203  204  205  204  202  198  192  186
  176  167  152  143  132  112  107  100  105                                   
    75.0-180.0 180.0   5.0 450.0                            LAT/LON1/LON2/DLON/H
  113   98   86   85   82   84   88   92   99  106  112  120  125  129  131  130
  128  124  118  112  105   97   89   82   75   69   65   62   61   62   65   69
   74   81   88   95  103  111  118  126  134  142  150  159  168  176  184  192
  199  205  210  215  219  223  227  230  234  237  239  240  239  237  232  226
  216  205  190  173  158  137  130  121  113                                   
    72.5-180.0 180.0   5.0 450.0                            LAT/LON1/LON2/DLON/H
  129  113  100   95   89   88   91   92   98  103  109  115  120  123  124  123
  121  117  112  106   99   92   85   78   72   66   62   60   60   61   65   71
   77   86   94  104  113  122  131  140  149  158  168  179  190  201  211  221
  229  236  241  246  249  252  255  258  261  265  268  270  271  270  267  263
  254  245  231  214  195  172  161  151  129                                   
    70.0-180.0 180.0   5.0 450.0                            LAT/LON1/LON2/DLON/H
  156  135  121  110   98   92   92   91   94   98  102  107  110  112  112  110
  108  104  100   96   91   86   81   75   70   65   62   61   61   63   67   73
   81   89   99  109  118  128  137  147  156  166  178  190  204  218  231  243
  254  262  267  270  272  272  273  274  276  278  281  284  286  287  286  284
  279  271  260  245  229  208  197  186  156                                   
    67.5-180.0 180.0   5.0 450.0                            LAT/LON1/LON2/DLON/H
  178  158  142  126  111  101   96   92   93   94   97  100  102  102  101   99
   97   94   92   90   87   85   81   77   73   70   67   66   67   69   72   78
   85   93  102  111  121  130  139  148  157  168  181  195  211  228  244  259
  272  281  286  287  286  282  279  276  275  276  278  281  284  287  287  288
  286  282  274  263  251  233  223  215  178                                   
    65.0-180.0 180.0   5.0 450.0                            LAT/LON1/LON2/DLON/H
  201  181  164  144  125  110  101   95   93   93   94   97   97   97   95   93
   91   89   88   88   88   87   85   83   80   78   76   75   75   77   79   83
   89   95  103  112  121  130  138  147  157  168  182  198  217  237  257  275
  289  299  304  303  298  290  282  275  270  269  270  273  276  279  281  283
  283  282  279  271  265  253  245  238  201                                   
    62.5-180.0 180.0   5.0 450.0                            LAT/LON1/LON2/DLON/H
  220  201  185  159  138  119  106   97   93   92   92   94   95   94   92   90
   89   88   88   89   90   90   90   88   86   85   83   83   83   84   85   87
   90   95  101  109  118  127  136  145  155  166  181  199  221  244  267  288
  305  316  320  318  310  298  286  275  267  264  264  266  269  272  275  277
  278  278  277  273  271  264  258  253  220                                   
    60.0-180.0 180.0   5.0 450.0                            LAT/LON1/LON2/DLON/H
  235  218  202  173  151  127  110   98   92   88   89   91   92   91   90   89
   88   88   89   90   91   92   91   89   88   87   86   87   87   87   87   87
   88   90   96  103  113  123  133  143  153  166  181  201  224  250  276  301
  320  333  338  335  325  311  296  283  274  269  268  270  272  274  276  277
  277  278  278  275  276  271  267  261  235                                   
    57.5-180.0 180.0   5.0 450.0                            LAT/LON1/LON2/DLON/H
  251  237  221  189  167  139  117  101   91   85   84   86   87   88   88   87
   87   88   89   90   91   90   89   87   85   85   86   87   88   88   87   85
   83   84   89   97  108  120  133  144  156  169  185  205  230  258  287  314
  337  352  360  358  349  335  319  306  296  290  289  289  290  291  290  289
  287  286  286  283  284  280  276  269  251                                   
    55.0-180.0 180.0   5.0 450.0                            LAT/LON1/LON2/DLON/H
  270  257  242  209  187  157  129  108   93   83   79   80   81   82   83   84
   85   86   88   89   89   88   85   83   81   82   84   86   88   88   86   82
   79   78   83   92  105  121  136  150  164  177  193  213  238  267  298  328
  354  374  384  386  379  367  353  341  331  326  324  323  322  320  316  313
  309  305  303  298  298  293  288  280  270                                   
    52.5-180.0 180.0   5.0 450.0                            LAT/LON1/LON2/DLON/H
  294  283  266  235  213  181  150  122  101   86   78   75   75   76   78   80
   82   84   86   88   88   86   83   81   80   81   84   88   90   90   86   81
   76   74   79   89  105  124  143  160  175  190  206  226  250  279  311  343
  372  396  411  417  414  406  395  384  376  371  367  364  361  356  350  343
  337  332  327  320  317  312  304  296  294                                   
    50.0-180.0 180.0   5.0 450.0                            LAT/LON1/LON2/DLON/H
  321  311  294  266  244  212  178  145  117   96   82   75   73   72   74   76
   79   82   85   87   88   88   86   85   85   87   91   94   97   96   90   83
   76   73   78   89  108  129  151  172  190  206  223  242  265  293  326  359
  391  418  437  447  450  446  438  430  423  417  412  406  399  390  381  372
  364  359  352  345  339  334  324  317  321                                   
    47.5-180.0 180.0   5.0 450.0                            LAT/LON1/LON2/DLON/H
  347  338  323  300  277  245  209  173  140  113   94   82   75   72   72   74
   78   81   85   89   92   94   95   96   98  100  104  107  108  105   98   88
   80   76   79   92  111  135  160  184  204  223  241  260  283  311  342  376
  409  437  459  474  480  480  476  470  463  455  447  437  426  413  401  391
  383  378  372  366  359  354  344  338  347                                   
    45.0-180.0 180.0   5.0 450.0                            LAT/LON1/LON2/DLON/H
  365  359  347  329  305  276  240  203  167  135  111   94   84   78   76   76
   79   83   88   94  100  105  109  113  117  120  123  124  123  117  108   96
   86   81   84   96  116  141  168  193  217  239  259  280  303  330  360  393
  425  454  478  495  504  507  505  500  492  481  469  454  438  422  407  396
  388  385  381  377  371  368  358  354  365                                   
    42.5-180.0 180.0   5.0 450.0                            LAT/LON1/LON2/DLON/H
  371  364  357  344  321  295  263  229  193  160  132  112   98   89   85   83
   85   88   95  103  112  121  129  135  140  143  144  143  138  130  119  106
   95   89   91  102  121  146  174  201  228  253  277  300  325  351  380  410
  441  469  493  510  522  527  526  520  510  496  479  461  441  421  405  392
  385  383  381  380  376  372  365  362  371                                   
    40.0-180.0 180.0   5.0 450.0                            LAT/LON1/LON2/DLON/H
  362  353  348  336  318  295  270  243  212  181  154  132  116  105   98   95
   95   98  105  116  128  140  151  159  164  166  164  159  151  141  130  118
  108  102  102  111  128  152  179  208  238  267  295  322  348  374  401  429
  457  483  506  524  537  543  543  537  526  510  490  469  446  425  407  394
  386  383  381  380  377  372  366  362  362                                   
    37.5-180.0 180.0   5.0 450.0                            LAT/LON1/LON2/DLON/H
  346  331  325  308  294  274  256  239  217  193  170  151  134  122  114  110
  108  112  120  132  147  162  174  183  187  186  181  173  163  152  142  133
  124  118  117  123  138  159  186  216  248  281  314  344  372  399  424  450
  475  500  522  541  556  564  567  562  552  536  516  494  471  448  429  414
  404  398  394  389  385  377  370  360  346                                   
    35.0-180.0 180.0   5.0 450.0                            LAT/LON1/LON2/DLON/H
  334  313  300  273  259  240  227  219  207  193  177  162  149  138  130  125
  123  127  136  150  167  184  196  204  206  203  196  186  174  165  157  150
  143  138  135  139  150  169  195  225  260  296  332  367  397  424  449  472
  496  520  544  565  583  596  603  604  597  585  568  547  526  504  484  467
  453  441  432  419  411  397  385  368  334                                   
    32.5-180.0 180.0   5.0 450.0                            LAT/LON1/LON2/DLON/H
  340  313  291  252  233  210  196  192  189  183  175  167  157  149  143  138
  137  141  152  168  186  203  215  221  222  218  210  199  189  180  174  169
  164  159  155  157  166  182  206  236  272  311  350  387  420  448  472  496
  520  545  571  597  620  640  655  662  663  658  647  633  616  597  578  559
  540  522  503  479  463  440  418  395  340                                   
    30.0-180.0 180.0   5.0 450.0                            LAT/LON1/LON2/DLON/H
  371  341  306  258  233  204  185  179  177  175  172  167  161  156  151  148
  148  153  165  182  201  218  230  236  238  235  227  218  208  200  196  192
  187  182  177  177  183  197  219  249  284  324  365  404  438  467  492  517
  543  571  602  634  665  693  716  733  743  748  748  743  735  723  708  689
  667  641  611  571  544  506  471  444  371                                   
    27.5-180.0 180.0   5.0 450.0                            LAT/LON1/LON2/DLON/H
  434  401  353  299  268  234  206  193  186  182  177  172  167  162  158  155
  156  161  173  191  211  229  242  251  255  254  250  241  232  226  222  218
  214  207  200  197  200  212  233  261  295  334  375  414  449  479  507  535
  564  597  634  673  712  749  781  808  829  845  855  861  862  858  849  832
  808  778  739  685  645  593  546  515  434                                   
    25.0-180.0 180.0   5.0 450.0                            LAT/LON1/LON2/DLON/H
  530  497  435  377  338  301  261  237  220  209  199  190  181  174  168  164
  163  168  179  197  217  237  253  266  275  278  276  269  260  254  250  246
  240  231  221  214  215  226  245  271  304  341  380  418  453  486  517  548
  583  622  664  710  757  802  842  878  908  933  952  967  975  978  973  958
  933  902  858  799  747  687  637  603  530                                   
    22.5-180.0 180.0   5.0 450.0                            LAT/LON1/LON2/DLON/H
  648  613  543  484  437  395  345  307  279  258  240  224  210  197  187  179
  175  177  186  202  223  245  266  285  298  305  303  296  287  280  275  269
  260  247  233  224  224  234  253  278  309  345  382  420  456  490  524  560
  600  644  692  743  795  845  891  932  968  999 1024 1043 1057 1063 1061 1045
 1020  990  949  890  832  773  732  697  648                                   
    20.0-180.0 180.0   5.0 450.0                            LAT/LON1/LON2/DLON/H
  768  727  655  598  544  501  444  396  356  325  298  275  253  234  218  205
  195  193  198  212  233  257  282  305  322  329  325  315  304  295  288  279
  266  250  233  223  224  236  256  282  313  348  386  424  461  497  533  573
  616  664  716  769  822  874  921  963 1000 1031 1058 1079 1094 1103 1102 1088
 1063 1035  999  946  891  836  811  783  768                                   
    17.5-180.0 180.0   5.0 450.0                            LAT/LON1/LON2/DLON/H
  862  811  747  694  639  599  541  488  442  403  370  340  311  284  261  242
  226  218  218  228  247  272  299  324  341  345  337  322  307  295  284  272
  256  237  221  214  218  233  256  284  317  353  393  432  470  508  546  588
  633  682  733  784  835  883  926  964  997 1025 1049 1069 1085 1094 1095 1083
 1062 1037 1009  964  920  871  856  845  862                                   
    15.0-180.0 180.0   5.0 450.0                            LAT/LON1/LON2/DLON/H
  905  843  795  752  703  669  617  566  520  480  444  411  378  345  315  289
  268  253  247  252  267  290  316  340  353  350  335  315  296  279  265  251
  234  216  203  200  209  228  254  286  322  361  403  444  484  523  562  604
  649  696  743  788  831  871  906  936  961  984 1003 1020 1034 1044 1047 1040
 1025 1006  987  952  922  882  868  875  905                                   
    12.5-180.0 180.0   5.0 450.0                            LAT/LON1/LON2/DLON/H
  902  835  802  768  727  698  655  611  573  539  509  478  444  409  375  344
  317  296  283  280  289  307  330  349  354  342  321  296  274  255  240  226
  210  195  186  188  201  225  255  290  329  372  417  460  501  540  579  620
  662  705  746  783  816  845  871  891  908  923  937  950  963  972  976  974
  965  953  943  920  905  875  859  878  902                                   
    10.0-180.0 180.0   5.0 450.0                            LAT/LON1/LON2/DLON/H
  874  812  791  759  723  694  656  620  592  570  549  527  498  464  430  397
  368  342  322  310  311  323  338  348  343  325  299  273  250  233  219  205
  192  181  177  183  199  225  258  297  340  386  433  478  519  557  594  633
  672  711  745  774  799  820  837  851  862  872  882  892  902  909  912  909
  904  896  892  879  877  857  843  864  874                                   
     7.5-180.0 180.0   5.0 450.0                            LAT/LON1/LON2/DLON/H
  839  789  774  741  705  675  639  608  588  574  562  548  527  499  469  439
  411  383  357  338  330  332  337  336  323  301  276  252  233  218  205  193
