data/edconvlstm_nd/pred2610.15i
     1.0            IONOSPHERE MAPS     GNSS                IONEX VERSION / TYPE
pyspatialgeodesy        IME             05-JAN-18 20:20     PGM / RUN BY / DATE 
Map Name                                                    COMMENT             
Predicted global ionosphere maps (GIM).                     DESCRIPTION         
  2015     9    18     0     0     0                        EPOCH OF FIRST MAP  
  2015     9    19     0     0     0                        EPOCH OF LAST MAP   
  7200                                                      INTERVAL            
    13                                                      # OF MAPS IN FILE   
  NONE                                                      MAPPING FUNCTION    
10.0                                                        ELEVATION CUTOFF    
One-way carrier phase leveled to code                       OBSERVABLES USED    
  6371.0                                                    BASE RADIUS         
 2                                                          MAP DIMENSION       
   450.0 450.0   0.0                                        HGT1 / HGT2 / DHGT  
    87.5 -87.5  -2.5                                        LAT1 / LAT2 / DLAT  
  -180.0 180.0   5.0                                        LON1 / LON2 / DLON  
    -1                                                      EXPONENT            
                                                            END OF HEADER       
[from data line 1716]
     5                                                      START OF TEC MAP    
  2015     9    18     8     0     0                        EPOCH OF CURRENT MAP
    87.5-180.0 180.0   5.0 450.0                            LAT/LON1/LON2/DLON/H
   72   79   77   80   81   81   80   75   76   77   76   77   76   76   75   75
   74   74   73   73   72   72   72   72   72   71   71   72   72   72   72   72
   73   73   73   74   74   74   75   75   75   75   76   76   76   77   77   77
   77   77   77   76   76   76   75   75   74   74   73   73   72   72   71   71
   72   73   71   71   76   80   90   89   72                                   
    85.0-180.0 180.0   5.0 450.0                            LAT/LON1/LON2/DLON/H
   68   84   86   82   83   86   85   85   84   85   84   84   83   83   82   81
   81   80   80   79   79   79   79   79   80   80   81   82   82   83   84   84
   85   86   87   87   88   88   89   89   90   90   91   91   91   91   91   91
   91   90   90   89   89   88   87   87   86   85   84   83   82   81   80   80
   81   82   77   76   76   82   89   89   68                                   
    82.5-180.0 180.0   5.0 450.0                            LAT/LON1/LON2/DLON/H
   69   77   86   79   78   81   81   80   80   80   79   79   77   76   74   73
   72   71   70   70   69   70   70   71   71   72   74   75   76   78   79   81
   82   84   85   87   88   89   91   92   93   94   95   95   96   96   96   96
   95   95   94   93   92   91   90   89   87   86   84   83   81   80   78   78
   77   77   73   72   76   77   74   73   69                                   
    80.0-180.0 180.0   5.0 450.0                            LAT/LON1/LON2/DLON/H
   69   70   77   72   74   74   74   73   74   73   71   70   68   66   64   62
   60   59   58   57   57   58   58   60   61   63   65   67   69   71   74   76
   78   81   83   85   88   90   92   94   96   97   99  100  101  101  101  101
  101  100   99   98   97   95   94   92   90   88   86   83   81   79   76   75
   73   71   70   68   70   72   73   69   69                                   
    77.5-180.0 180.0   5.0 450.0                            LAT/LON1/LON2/DLON/H
   68   66   70   66   65   68   68   68   68   67   64   62   59   57   54   52
   50   49   48   48   48   49   50   51   53   55   58   60   63   65   68   71
   74   77   80   83   86   89   92   95   98  100  102  104  105  106  106  106
  106  105  105  104  103  101  100   98   96   93   90   87   84   81   77   75
   72   69   65   65   64   58   59   61   68                                   
    75.0-180.0 180.0   5.0 450.0                            LAT/LON1/LON2/DLON/H
   59   60   60   59   58   62   62   61   60   59   55   53   50   47   45   42
   40   39   39   39   39   40   42   44   46   48   51   53   56   59   62   65
   68   72   75   79   83   86   90   94   98  101  103  106  107  108  108  109
  108  108  107  107  106  105  104  103  101   98   96   92   89   85   81   77
   73   69   66   60   60   53   53   52   59                                   
    72.5-180.0 180.0   5.0 450.0                            LAT/LON1/LON2/DLON/H
   57   57   57   54   55   59   59   58   56   55   51   50   46   43   41   38
   37   36   35   36   37   38   39   41   43   46   48   50   53   56   59   62
   66   69   73   77   81   86   90   95   99  103  107  109  111  112  113  113
  113  112  112  112  112  112  112  111  109  107  105  102   98   94   90   86
   82   77   74   68   64   56   53   54   57                                   
    70.0-180.0 180.0   5.0 450.0                            LAT/LON1/LON2/DLON/H
   60   55   56   52   51   53   53   52   51   50   47   45   42   40   37   36
   35   34   34   35   36   37   39   40   42   44   46   48   50   53   56   59
   62   66   70   74   79   84   89   94  100  104  108  111  113  114  114  114
  114  114  114  115  116  116  116  116  115  114  112  109  106  102   98   95
   90   85   82   76   70   61   59   59   60                                   
    67.5-180.0 180.0   5.0 450.0                            LAT/LON1/LON2/DLON/H
   60   54   53   49   48   49   49   48   47   46   43   42   40   38   37   36
   35   35   36   37   38   39   40   41   43   44   45   46   48   50   52   55
   59   62   66   70   75   80   85   91   97  102  107  110  111  112  113  112
  113  113  114  115  117  118  119  120  119  118  117  115  112  109  105  102
   98   94   91   84   78   69   64   63   60                                   
    65.0-180.0 180.0   5.0 450.0                            LAT/LON1/LON2/DLON/H
   64   57   54   49   46   46   46   45   44   43   42   42   40   40   39   39
   39   39   40   41   42   43   44   44   45   45   45   46   47   48   51   54
   58   61   65   69   74   79   85   92   98  104  108  112  113  114  114  114
  115  116  118  120  122  124  126  127  127  126  124  122  120  117  114  111
  108  104  102   95   89   80   74   72   64                                   
    62.5-180.0 180.0   5.0 450.0                            LAT/LON1/LON2/DLON/H
   69   60   55   49   45   44   43   42   41   41   40   40   40   40   41   41
   42   42   43   43   44   45   45   46   46   45   45   45   45   47   49   53
   57   61   65   69   74   79   85   92   99  105  110  113  115  116  116  117
  118  120  122  126  129  131  133  134  134  133  131  129  126  123  120  118
  115  112  110  104   98   90   84   82   69                                   
    60.0-180.0 180.0   5.0 450.0                            LAT/LON1/LON2/DLON/H
   75   65   58   51   45   42   39   38   37   37   36   38   38   40   41   41
   42   43   43   43   43   43   44   44   44   43   42   41   42   43   46   50
   55   60   64   69   73   79   85   92   99  105  110  114  116  117  118  120
  122  125  128  132  136  139  141  142  141  139  137  134  131  128  125  122
  119  116  115  110  105   98   92   88   75                                   
    57.5-180.0 180.0   5.0 450.0                            LAT/LON1/LON2/DLON/H
   82   71   63   55   48   43   39   37   35   34   34   36   37   38   39   40
   41   41   41   40   40   40   41   41   41   41   39   39   39   41   44   49
   55   60   65   70   75   81   88   95  102  108  113  117  120  122  124  127
  130  134  139  143  147  151  152  152  151  149  146  143  140  136  132  129
  125  121  120  116  112  105  100   96   82                                   
    55.0-180.0 180.0   5.0 450.0                            LAT/LON1/LON2/DLON/H
   91   80   72   63   54   48   42   38   35   33   32   33   34   35   37   38
   38   37   36   36   35   35   36   37   38   38   37   36   36   38   42   48
   55   62   68   73   79   85   91   98  106  112  118  122  126  129  132  136
  141  145  150  155  159  162  163  163  161  158  155  152  149  145  140  136
  131  127  126  121  118  112  107  102   91                                   
    52.5-180.0 180.0   5.0 450.0                            LAT/LON1/LON2/DLON/H
  101   91   83   74   65   58   51   44   39   36   33   33   33   33   34   35
   35   34   33   31   31   31   32   34   35   36   35   34   35   37   42   48
   56   64   71   78   84   90   97  104  111  118  124  129  134  139  143  148
  153  158  163  167  170  172  173  172  169  167  164  162  159  156  151  146
  141  135  133  128  125  120  115  109  101                                   
    50.0-180.0 180.0   5.0 450.0                            LAT/LON1/LON2/DLON/H
  112  104   96   89   79   72   64   55   48   42   37   35   33   33   33   33
   32   32   30   29   28   29   31   33   35   36   35   35   35   37   42   50
   59   67   76   84   90   97  104  111  119  126  132  139  144  150  156  161
  166  170  173  176  178  180  180  178  176  173  171  170  169  167  163  158
  152  145  142  136  133  128  123  117  112                                   
    47.5-180.0 180.0   5.0 450.0                            LAT/LON1/LON2/DLON/H
  122  116  109  104   95   89   80   69   60   52   45   40   37   35   34   33
   33   32   31   30   30   30   32   35   37   38   38   38   38   40   45   52
   62   71   81   90   98  105  112  120  128  135  142  149  156  163  169  174
  178  180  182  182  183  184  184  182  180  177  175  175  176  176  173  170
  164  157  153  146  142  137  131  125  122                                   
    45.0-180.0 180.0   5.0 450.0                            LAT/LON1/LON2/DLON/H
  128  124  119  116  109  104   96   85   75   65   56   50   44   40   38   37
   37   37   36   36   35   36   38   40   42   43   43   42   41   43   48   55
   65   76   86   96  105  114  122  130  138  146  154  162  169  177  183  187
  189  189  188  187  187  187  187  185  182  180  178  178  180  181  181  179
  174  168  163  156  150  144  138  132  128                                   
    42.5-180.0 180.0   5.0 450.0                            LAT/LON1/LON2/DLON/H
  130  127  123  123  118  115  108   99   90   80   70   62   55   49   45   44
   44   45   45   45   45   45   46   48   49   49   48   46   46   47   52   59
   68   79   91  102  112  122  131  140  149  158  167  176  184  191  197  200
  201  199  196  194  193  193  193  192  188  184  182  181  183  185  186  186
  183  177  172  164  157  149  142  136  130                                   
    40.0-180.0 180.0   5.0 450.0                            LAT/LON1/LON2/DLON/H
  126  123  120  121  118  117  114  108  101   93   84   76   68   61   56   54
   54   55   57   58   58   57   56   56   55   54   52   50   50   51   55   62
   72   83   95  108  120  131  142  152  162  172  182  191  199  207  212  215
  215  212  209  207  207  208  209  207  202  196  191  188  188  189  190  190
  188  184  179  170  161  150  142  136  126                                   
    37.5-180.0 180.0   5.0 450.0                            LAT/LON1/LON2/DLON/H
  117  113  110  112  110  112  111  109  105  101   95   89   81   74   68   66
   66   67   69   71   70   69   66   63   60   57   54   53   53   55   59   66
   76   87  100  114  128  140  152  163  174  186  197  208  217  224  230  233
  234  233  231  230  232  235  237  235  229  220  211  204  199  197  196  195
  193  188  183  173  162  148  139  133  117                                   
    35.0-180.0 180.0   5.0 450.0                            LAT/LON1/LON2/DLON/H
  108  100   96   97   96   98  101  102  103  103  101   98   92   86   81   77
   77   78   80   81   80   77   73   68   62   58   55   54   55   59   64   71
   81   92  106  121  136  150  162  175  187  201  214  225  236  244  251  257
  260  262  263  266  271  277  281  279  272  259  245  232  222  214  207  203
  198  193  186  175  162  144  134  127  108                                   
    32.5-180.0 180.0   5.0 450.0                            LAT/LON1/LON2/DLON/H
  100   88   82   80   79   82   86   90   95   98  100  101   99   95   90   87
   86   86   87   88   86   83   77   70   63   58   56   56   58   62   68   76
   86   98  113  129  145  159  173  186  201  215  230  244  256  267  276  285
  292  299  305  313  322  332  337  336  328  312  294  275  258  242  228  218
  209  200  192  178  163  141  131  122  100                                   
    30.0-180.0 180.0   5.0 450.0                            LAT/LON1/LON2/DLON/H
   98   80   72   68   66   67   71   77   83   89   94   99  100   99   97   94
   92   91   90   90   88   85   79   71   64   58   56   57   60   66   73   81
   92  105  120  137  153  169  184  198  213  230  247  263  278  291  304  317
  329  341  353  366  380  392  400  400  391  374  353  329  305  282  260  242
  227  213  202  184  167  141  131  122   98                                   
    27.5-180.0 180.0   5.0 450.0                            LAT/LON1/LON2/DLON/H
  103   80   69   63   60   60   63   67   73   79   86   93   98   99   99   97
   94   92   90   89   87   84   79   72   65   59   57   58   62   69   77   86
   97  111  127  144  162  179  194  210  226  245  264  283  300  316  332  349
  367  384  401  418  435  450  459  460  452  436  414  388  360  331  302  276
  253  234  218  196  177  147  137  127  103                                   
    25.0-180.0 180.0   5.0 450.0                            LAT/LON1/LON2/DLON/H
  116   90   76   68   63   61   62   64   68   72   79   86   92   96   98   97
   94   91   88   86   84   82   79   73   67   61   59   60   64   71   79   90
  102  116  133  152  171  189  205  222  239  259  280  301  320  340  359  380
  402  422  443  462  480  496  505  507  500  486  467  442  414  382  348  316
  286  262  241  215  194  161  150  140  116                                   
    22.5-180.0 180.0   5.0 450.0                            LAT/LON1/LON2/DLON/H
  137  108   92   81   74   70   70   69   69   71   75   81   87   93   96   96
   93   89   85   82   81   81   79   75   69   64   61   61   65   71   81   92
  105  121  140  160  181  200  217  235  253  274  296  318  339  361  383  406
  429  452  473  492  509  523  531  533  528  517  503  483  459  428  393  358
  323  294  268  239  217  181  169  160  137                                   
    20.0-180.0 180.0   5.0 450.0                            LAT/LON1/LON2/DLON/H
  161  132  115  103   93   87   84   80   78   76   77   80   85   91   95   95
   93   88   83   80   79   79   79   76   72   66   62   62   64   71   81   93
  108  125  146  168  190  211  230  248  267  288  311  334  356  378  401  425
  447  469  488  504  518  528  534  535  532  526  518  506  489  463  431  395
  359  327  298  267  243  206  192  184  161                                   
    17.5-180.0 180.0   5.0 450.0                            LAT/LON1/LON2/DLON/H
  185  157  141  128  117  109  103   97   92   87   84   84   87   92   95   96
   94   88   83   79   77   78   79   77   74   68   63   61   63   70   80   94
  110  129  151  175  199  222  243  262  282  303  325  348  370  392  414  435
  455  473  488  500  508  514  517  517  516  515  514  511  502  484  458  425
  390  358  328  296  271  233  217  210  185                                   
    15.0-180.0 180.0   5.0 450.0                            LAT/LON1/LON2/DLON/H
  205  180  167  153  142  132  125  117  109  102   96   94   94   96   99  100
   97   91   85   80   77   77   78   77   74   68   63   60   62   68   79   94
  112  133  156  182  208  233  255  276  296  317  339  360  381  401  421  439
  455  467  477  483  487  488  488  487  488  492  497  501  500  491  472  445
  413  383  353  322  296  259  242  234  205                                   
    12.5-180.0 180.0   5.0 450.0                            LAT/LON1/LON2/DLON/H
  222  199  189  175  164  152  145  137  129  120  113  108  105  105  106  105
  102   96   89   82   78   77   77   76   73   68   62   59   61   68   80   96
  115  137  161  188  215  241  266  288  310  331  351  371  390  408  424  439
  450  457  461  463  462  459  457  456  458  464  474  483  489  486  474  453
  427  400  373  343  318  281  264  255  222                                   
    10.0-180.0 180.0   5.0 450.0                            LAT/LON1/LON2/DLON/H
  234  214  206  190  181  169  162  155  148  140  132  125  120  117  115  113
  108  102   94   86   80   77   76   75   72   67   62   59   61   69   82   99
  119  141  166  192  220  248  274  298  321  342  362  381  398  413  427  438
  445  449  449  447  443  438  434  432  435  442  452  464  472  474  467  452
  431  409  385  358  334  299  282  272  234                                   
     7.5-180.0 180.0   5.0 450.0                            LAT/LON1/LON2/DLON/H
  245  227  219  201  193  181  175  169  164  158  151  144  137  131  126  120
  114  107   98   89   82   77   75   74   71   67   63   61   64   73   86  103
