data/edconvlstm_nd/pred0440.15i
     1.0            IONOSPHERE MAPS     GNSS                IONEX VERSION / TYPE
pyspatialgeodesy        IME             05-JAN-18 20:20     PGM / RUN BY / DATE 
Map Name                                                    COMMENT             
Predicted global ionosphere maps (GIM).                     DESCRIPTION         
  2015     2    13     0     0     0                        EPOCH OF FIRST MAP  
  2015     2    14     0     0     0                        EPOCH OF LAST MAP   
  7200                                                      INTERVAL            
    13                                                      # OF MAPS IN FILE   
  NONE                                                      MAPPING FUNCTION    
10.0                                                        ELEVATION CUTOFF    
One-way carrier phase leveled to code                       OBSERVABLES USED    
  6371.0                                                    BASE RADIUS         
 2                                                          MAP DIMENSION       
   450.0 450.0   0.0                                        HGT1 / HGT2 / DHGT  
    87.5 -87.5  -2.5                                        LAT1 / LAT2 / DLAT  
  -180.0 180.0   5.0                                        LON1 / LON2 / DLON  
    -1                                                      EXPONENT            
                                                            END OF HEADER       
[from data line 858]
     3                                                      START OF TEC MAP    
  2015     2    13     4     0     0                        EPOCH OF CURRENT MAP
    87.5-180.0 180.0   5.0 450.0                            LAT/LON1/LON2/DLON/H
  117  118  115  117  117  113  110  107  107  108  108  108  109  109  109  109
  109  108  108  108  107  107  106  106  105  105  104  104  104  103  103  103
  103  103  102  102  102  102  102  102  102  102  103  103  104  105  106  107
  108  109  110  111  112  113  114  115  116  116  117  117  117  116  115  116
  116  117  116  115  117  120  124  118  117                                   
    85.0-180.0 180.0   5.0 450.0                            LAT/LON1/LON2/DLON/H
  115  123  108  112  112  109  106  104  104  104  103  104  104  104  104  104
  104  103  103  102  102  101  100  100   99   99   98   98   98   99   99   99
  100  100  101  102  102  103  104  105  106  107  108  110  111  113  115  117
  119  121  123  125  127  128  130  132  133  134  134  135  135  134  133  133
  133  133  129  130  124  124  126  120  115                                   
    82.5-180.0 180.0   5.0 450.0                            LAT/LON1/LON2/DLON/H
  123  118  117  108  106  103   99   97   97   96   96   97   98   98   98   98
   98   97   96   95   94   92   91   90   89   89   88   88   89   89   90   91
   92   94   95   96   98   99  101  102  104  106  108  111  113  116  119  122
  126  129  133  136  139  143  146  149  151  153  155  156  156  156  154  154
  152  150  146  143  144  132  127  120  123                                   
    80.0-180.0 180.0   5.0 450.0                            LAT/LON1/LON2/DLON/H
  132  122  109   99   96   91   89   86   86   86   86   88   89   90   91   91
   90   89   88   86   84   81   79   78   76   76   75   76   77   78   80   82
   84   86   88   90   92   94   96   98  100  102  105  108  111  114  119  123
  128  133  138  143  149  154  159  164  168  171  174  177  178  178  178  177
  174  169  164  159  160  149  146  132  132                                   
    77.5-180.0 180.0   5.0 450.0                            LAT/LON1/LON2/DLON/H
  141  126  112  102   94   89   87   85   84   84   85   87   89   91   92   92
   91   89   87   84   81   78   75   73   71   70   70   71   72   74   77   80
   83   86   88   91   93   95   97   99  101  102  105  107  111  115  119  125
  131  138  145  152  160  167  175  182  188  194  198  202  205  207  207  207
  204  199  191  186  183  167  161  150  141                                   
    75.0-180.0 180.0   5.0 450.0                            LAT/LON1/LON2/DLON/H
  151  138  120  108   97   92   87   83   82   81   82   84   86   87   88   87
   86   83   80   77   73   70   67   65   63   63   63   65   67   70   73   76
   79   82   85   88   90   91   92   93   94   95   96   99  102  106  111  117
  125  133  142  151  161  171  181  190  198  206  212  218  222  226  228  229
  227  223  217  207  203  189  181  170  151                                   
    72.5-180.0 180.0   5.0 450.0                            LAT/LON1/LON2/DLON/H
  164  151  134  119  108  100   95   89   87   85   85   86   87   87   86   84
   81   78   74   71   67   64   62   61   60   60   62   64   67   70   73   77
   81   84   86   88   89   90   90   90   90   91   92   94   97  101  107  115
  124  134  145  157  169  181  192  203  213  221  228  234  239  243  246  248
  247  245  241  232  226  209  200  191  164                                   
    70.0-180.0 180.0   5.0 450.0                            LAT/LON1/LON2/DLON/H
  186  169  151  135  121  110  102   95   91   88   86   85   83   81   78   74
   70   66   63   60   57   55   54   54   54   56   58   60   63   67   70   73
   76   79   80   81   81   81   80   80   79   79   80   82   86   91   99  108
  118  131  144  158  173  187  201  213  223  232  240  246  250  254  256  259
  260  258  256  249  244  228  222  212  186                                   
    67.5-180.0 180.0   5.0 450.0                            LAT/LON1/LON2/DLON/H
  199  183  164  147  132  119  109  100   95   90   86   84   80   75   70   64
   59   55   51   49   47   46   47   48   49   51   53   56   58   61   63   66
   67   69   69   69   68   67   65   64   64   64   65   68   73   79   88   98
  111  126  142  158  175  191  206  219  230  239  245  250  253  255  257  259
  260  259  259  252  249  235  231  225  199                                   
    65.0-180.0 180.0   5.0 450.0                            LAT/LON1/LON2/DLON/H
  212  195  177  159  144  129  116  106   99   93   87   83   78   72   65   58
   52   47   44   42   41   41   43   45   47   49   52   53   55   56   57   58
   59   59   58   57   55   54   52   51   51   52   55   59   64   72   82   94
  109  126  144  163  181  199  215  229  239  248  253  256  258  258  258  259
  260  259  259  253  252  240  239  234  212                                   
    62.5-180.0 180.0   5.0 450.0                            LAT/LON1/LON2/DLON/H
  221  206  189  170  154  137  122  110  101   94   88   83   77   70   63   56
   50   45   42   40   40   41   43   46   48   50   51   52   52   52   52   51
   51   50   48   46   44   43   42   42   43   46   49   55   61   70   81   94
  110  129  149  169  189  208  225  238  249  257  261  263  263  262  261  262
  261  260  261  254  254  243  244  240  221                                   
    60.0-180.0 180.0   5.0 450.0                            LAT/LON1/LON2/DLON/H
  229  214  199  177  161  141  123  109   99   91   84   80   75   69   63   57
   52   48   45   44   44   45   47   49   50   51   51   50   49   48   46   45
   44   42   40   38   37   36   36   37   40   44   49   55   62   71   82   96
  113  133  154  175  196  216  233  247  258  266  270  272  271  270  268  268
  267  265  266  259  259  248  250  244  229                                   
    57.5-180.0 180.0   5.0 450.0                            LAT/LON1/LON2/DLON/H
  239  224  209  185  167  145  124  107   96   86   79   75   72   68   64   61
   58   55   53   51   51   51   52   53   53   53   51   49   47   45   44   42
   40   39   37   35   34   34   36   38   42   47   53   59   67   76   87  101
  119  139  160  183  205  225  243  257  269  277  281  283  283  282  280  280
  279  277  278  271  271  258  258  251  239                                   
    55.0-180.0 180.0   5.0 450.0                            LAT/LON1/LON2/DLON/H
  253  238  221  194  176  150  126  106   91   80   73   69   67   66   65   64
   64   63   61   60   58   58   58   58   57   55   53   50   48   46   44   43
   41   40   39   38   38   39   41   44   49   54   60   67   74   83   94  109
  126  146  169  192  214  234  252  267  279  288  294  298  298  298  297  297
  296  295  295  288  287  273  271  262  253                                   
    52.5-180.0 180.0   5.0 450.0                            LAT/LON1/LON2/DLON/H
  272  255  237  208  188  160  133  109   91   77   69   65   63   63   65   67
   69   69   68   66   64   63   62   62   61   60   57   54   52   50   49   48
   47   47   46   46   47   48   51   54   59   64   69   76   83   92  104  118
  136  156  179  202  224  245  263  278  290  300  308  312  314  315  315  316
  314  314  314  306  306  290  286  276  272                                   
    50.0-180.0 180.0   5.0 450.0                            LAT/LON1/LON2/DLON/H
  292  276  254  227  206  176  147  120   98   81   70   64   61   62   65   68
   71   72   71   69   67   66   67   67   68   67   65   62   60   58   57   57
   57   57   57   58   59   61   63   66   69   74   79   85   93  103  115  130
  148  169  191  214  236  256  273  288  300  311  319  324  327  328  329  330
  329  330  330  322  322  307  301  293  292                                   
    47.5-180.0 180.0   5.0 450.0                            LAT/LON1/LON2/DLON/H
  310  294  272  248  227  198  167  138  114   93   78   69   64   63   66   69
   72   72   71   69   68   69   72   74   76   76   75   73   70   69   67   67
   67   67   68   70   71   73   75   77   80   83   88   95  103  114  128  144
  162  183  204  226  247  265  282  295  307  317  324  330  332  333  333  334
  334  335  336  330  331  319  314  307  310                                   
    45.0-180.0 180.0   5.0 450.0                            LAT/LON1/LON2/DLON/H
  321  307  286  267  247  220  191  162  136  112   93   81   73   70   70   71
   72   71   70   70   71   74   79   84   87   88   87   85   82   79   76   75
   75   75   77   79   81   83   85   86   88   91   96  104  114  127  142  159
  177  196  216  236  255  272  287  299  309  318  325  329  331  330  328  328
  328  330  332  329  331  322  319  313  321                                   
    42.5-180.0 180.0   5.0 450.0                            LAT/LON1/LON2/DLON/H
  322  309  292  277  261  237  212  185  160  135  114   98   87   81   78   76
   75   74   73   74   78   84   90   96   99  100   98   95   90   86   82   79
   79   80   82   85   88   91   92   93   95   98  104  113  125  140  157  174
  191  208  226  243  261  276  289  301  310  319  325  328  328  326  322  321
  320  321  323  322  325  319  318  312  322                                   
    40.0-180.0 180.0   5.0 450.0                            LAT/LON1/LON2/DLON/H
  314  301  287  274  261  242  222  201  179  155  134  117  105   96   90   86
   83   82   83   86   92   99  106  110  111  110  106  101   95   89   84   81
   81   82   85   89   93   96   97   99  101  105  111  122  136  153  170  187
  203  218  233  249  265  280  293  304  314  323  329  332  332  329  326  323
  321  321  323  321  324  317  318  307  314                                   
    37.5-180.0 180.0   5.0 450.0                            LAT/LON1/LON2/DLON/H
  302  286  272  257  249  232  218  203  187  167  148  133  121  112  105   99
   96   96  100  106  113  120  124  125  122  117  111  104   98   92   87   85
   84   86   89   93   97  100  102  104  106  110  118  130  146  164  182  199
  214  227  240  255  271  286  300  313  324  334  342  346  348  348  347  346
  343  341  340  335  337  328  328  309  302                                   
    35.0-180.0 180.0   5.0 450.0                            LAT/LON1/LON2/DLON/H
  295  273  257  237  229  213  201  192  181  167  152  141  132  124  118  114
  112  115  121  130  138  143  143  137  129  121  114  108  103   98   94   92
   92   93   96   99  102  105  106  108  111  116  124  137  153  172  192  208
  222  234  247  263  280  297  314  329  343  356  366  374  380  385  389  391
  389  385  382  371  371  358  353  326  295                                   
    32.5-180.0 180.0   5.0 450.0                            LAT/LON1/LON2/DLON/H
  303  276  255  226  213  194  181  173  165  155  146  140  134  130  127  125
  126  132  142  152  160  162  156  146  134  125  119  115  113  110  107  106
  105  106  107  108  110  111  111  112  115  119  128  140  157  177  197  215
  229  242  256  274  294  315  335  353  371  386  401  415  429  442  453  461
  462  458  450  431  428  409  393  361  303                                   
    30.0-180.0 180.0   5.0 450.0                            LAT/LON1/LON2/DLON/H
  338  304  273  236  214  189  170  158  149  140  133  130  129  128  128  129
  134  143  155  166  172  170  161  148  137  131  128  128  129  129  128  127
  126  126  124  123  120  119  117  116  117  121  129  141  158  179  200  219
  235  251  269  291  316  341  364  385  405  425  445  466  488  511  534  552
  559  557  545  517  509  481  449  415  338                                   
    27.5-180.0 180.0   5.0 450.0                            LAT/LON1/LON2/DLON/H
  404  362  317  271  240  208  180  161  145  132  123  120  121  122  123  127
  133  144  156  165  169  165  156  147  141  140  144  148  152  155  157  158
  158  156  150  142  135  129  123  120  118  120  127  138  156  177  201  223
  243  264  288  316  346  375  402  425  447  469  493  519  548  582  616  646
  665  671  658  625  611  572  525  492  404                                   
    25.0-180.0 180.0   5.0 450.0                            LAT/LON1/LON2/DLON/H
  500  454  393  336  295  256  218  188  164  143  128  120  117  117  117  119
  125  134  143  150  152  150  147  146  149  157  166  175  183  191  197  201
  200  193  180  165  150  138  129  121  117  117  122  134  152  176  202  229
  255  283  315  349  385  420  450  475  498  521  545  572  605  646  690  730
  760  776  768  737  713  673  619  588  500                                   
    22.5-180.0 180.0   5.0 450.0                            LAT/LON1/LON2/DLON/H
  615  575  501  435  379  333  285  244  209  179  155  139  129  122  117  115
  116  121  125  128  130  134  140  150  165  181  197  211  223  235  244  247
  241  226  205  182  161  144  131  120  113  111  116  128  149  175  206  239
  273  309  348  389  430  468  501  529  553  576  598  623  656  699  748  793
  830  853  853  830  799  763  719  692  615                                   
    20.0-180.0 180.0   5.0 450.0                            LAT/LON1/LON2/DLON/H
  729  704  626  557  487  436  379  327  282  242  208  181  161  144  131  122
  116  114  113  113  117  126  143  165  189  214  235  253  268  278  283  280
  268  246  218  190  165  145  128  115  106  103  108  123  146  177  213  252
  294  337  383  429  473  513  547  577  603  624  643  663  693  735  784  831
  869  895  902  888  855  825  805  783  729                                   
    17.5-180.0 180.0   5.0 450.0                            LAT/LON1/LON2/DLON/H
  818  810  742  679  603  551  489  431  378  329  284  247  216  188  164  146
  134  125  118  116  121  137  162  193  226  256  281  297  306  308  303  292
  274  248  218  189  163  142  124  110   99   95  101  118  145  181  223  268
  315  364  414  462  507  546  580  612  639  659  674  690  715  753  798  841
  876  899  911  905  876  850  855  844  818                                   
    15.0-180.0 180.0   5.0 450.0                            LAT/LON1/LON2/DLON/H
  869  867  820  771  703  657  598  539  483  429  378  332  289  251  218  192
  173  158  148  145  151  169  199  235  273  305  325  332  327  315  299  282
  262  237  209  181  158  139  122  107   96   91   98  117  149  189  235  284
  335  386  437  485  526  563  596  627  654  675  689  702  723  755  794  829
  856  872  884  884  864  843  862  865  869                                   
    12.5-180.0 180.0   5.0 450.0                            LAT/LON1/LON2/DLON/H
  881  877  847  817  767  733  683  631  578  526  473  422  373  327  287  255
  232  215  204  199  205  224  255  292  328  353  360  350  328  302  279  260
  241  220  196  173  155  140  125  110   98   93  100  122  156  199  248  298
  349  400  449  493  530  561  591  620  648  670  686  700  718  745  775  801
  818  827  836  840  830  818  837  848  881                                   
    10.0-180.0 180.0   5.0 450.0                            LAT/LON1/LON2/DLON/H
  864  855  838  821  791  768  729  687  644  599  551  502  451  402  360  327
  304  289  278  274  280  298  325  357  381  389  377  348  311  278  253  234
  219  203  185  169  156  145  133  118  105   99  107  130  166  210  259  308
  356  404  448  486  517  544  571  599  627  652  671  687  706  728  752  770
  780  782  789  793  790  786  798  810  864                                   
     7.5-180.0 180.0   5.0 450.0                            LAT/LON1/LON2/DLON/H
  830  819  812  799  783  769  737  704  671  636  596  553  507  462  423  395
  377  366  360  359  365  379  398  414  418  403  371  329  287  253  230  215
