data/edconvlstm_nd/pred0550.15i
     1.0            IONOSPHERE MAPS     GNSS                IONEX VERSION / TYPE
pyspatialgeodesy        IME             05-JAN-18 20:20     PGM / RUN BY / DATE 
Map Name                                                    COMMENT             
Predicted global ionosphere maps (GIM).                     DESCRIPTION         
  2015     2    24     0     0     0                        EPOCH OF FIRST MAP  
  2015     2    25     0     0     0                        EPOCH OF LAST MAP   
  7200                                                      INTERVAL            
    13                                                      # OF MAPS IN FILE   
  NONE                                                      MAPPING FUNCTION    
10.0                                                        ELEVATION CUTOFF    
One-way carrier phase leveled to code                       OBSERVABLES USED    
  6371.0                                                    BASE RADIUS         
 2                                                          MAP DIMENSION       
   450.0 450.0   0.0                                        HGT1 / HGT2 / DHGT  
    87.5 -87.5  -2.5                                        LAT1 / LAT2 / DLAT  
  -180.0 180.0   5.0                                        LON1 / LON2 / DLON  
    -1                                                      EXPONENT            
                                                            END OF HEADER       
[from data line 3861]
    10                                                      START OF TEC MAP    
  2015     2    24    18     0     0                        EPOCH OF CURRENT MAP
    87.5-180.0 180.0   5.0 450.0                            LAT/LON1/LON2/DLON/H
  151  155  149  159  162  163  164  163  164  167  167  169  170  171  172  173
  173  173  173  173  173  172  172  171  169  168  166  165  163  161  159  157
  155  153  152  150  148  147  145  144  143  142  141  140  139  138  138  138
  137  137  137  137  137  137  137  138  138  139  139  140  140  141  142  143
  143  145  144  144  153  151  160  153  151                                   
    85.0-180.0 180.0   5.0 450.0                            LAT/LON1/LON2/DLON/H
  149  152  163  156  157  164  166  170  171  174  175  177  178  179  181  181
  182  182  183  182  182  181  180  179  177  175  173  171  169  166  164  162
  160  158  156  154  152  150  148  147  145  144  143  142  141  140  139  139
  138  138  137  137  137  137  136  137  137  137  137  138  138  139  140  141
  143  144  142  140  142  142  144  145  149                                   
    82.5-180.0 180.0   5.0 450.0                            LAT/LON1/LON2/DLON/H
  125  133  138  137  141  148  155  158  160  163  165  168  170  172  174  175
  176  177  177  177  177  176  175  173  171  169  167  164  162  159  156  154
  151  149  147  145  143  141  139  138  136  134  133  132  130  129  128  127
  126  125  124  123  122  121  121  120  120  119  119  119  119  119  120  120
  121  122  121  123  123  132  125  124  125                                   
    80.0-180.0 180.0   5.0 450.0                            LAT/LON1/LON2/DLON/H
  101  109  119  119  124  127  136  143  147  151  154  157  160  162  165  166
  168  169  169  169  168  167  165  163  160  157  154  151  147  143  140  137
  134  132  130  128  126  124  123  121  120  119  118  117  116  115  114  113
  113  112  111  110  109  108  107  106  105  105  104  103  103  103  102  102
  103  103  103  105  100  103   99  105  101                                   
    77.5-180.0 180.0   5.0 450.0                            LAT/LON1/LON2/DLON/H
   91   93  102  103  109  114  121  127  132  135  138  142  145  147  150  152
  154  156  157  158  158  157  156  154  151  148  145  141  137  134  131  128
  126  124  123  122  121  120  119  117  116  115  113  112  111  110  110  109
  109  108  107  106  105  103  102  100   98   97   95   94   93   91   91   89
   89   88   88   90   88   87   87   95   91                                   
    75.0-180.0 180.0   5.0 450.0                            LAT/LON1/LON2/DLON/H
   82   88   93   95  102  108  113  118  123  127  129  133  136  139  142  145
  148  150  153  154  155  155  154  152  150  146  142  138  134  130  126  123
  121  119  119  118  118  117  117  116  115  114  113  112  112  112  112  112
  112  112  112  111  109  107  105  102  100   98   96   94   92   90   89   87
   85   84   84   82   81   79   78   75   82                                   
    72.5-180.0 180.0   5.0 450.0                            LAT/LON1/LON2/DLON/H
   83   87   92   98  102  108  113  117  119  122  125  128  131  134  138  142
  146  151  154  158  160  161  161  160  157  153  148  143  137  132  127  124
  121  120  119  119  119  119  119  118  117  115  114  113  113  113  114  115
  117  117  117  116  115  112  109  106  103  100   98   96   94   92   90   88
   85   83   82   80   78   77   78   80   83                                   
    70.0-180.0 180.0   5.0 450.0                            LAT/LON1/LON2/DLON/H
   91   94   98  104  107  113  115  119  121  124  126  129  132  136  141  146
  152  158  164  169  173  176  177  177  174  170  164  157  149  141  135  129
  125  122  121  120  120  119  118  117  115  113  111  110  110  112  113  116
  118  119  120  119  117  114  111  107  104  101   98   97   95   94   92   90
   87   85   84   82   82   81   84   84   91                                   
    67.5-180.0 180.0   5.0 450.0                            LAT/LON1/LON2/DLON/H
  100  102  106  113  118  124  127  131  132  135  137  140  144  148  154  161
  169  177  185  192  199  203  205  205  203  198  190  181  171  160  150  142
  135  130  127  125  123  121  119  116  113  110  107  106  106  107  109  112
  115  117  118  118  116  113  110  106  103  101   99   98   97   97   96   94
   91   89   88   85   85   85   88   89  100                                   
    65.0-180.0 180.0   5.0 450.0                            LAT/LON1/LON2/DLON/H
  101  103  106  115  121  128  131  136  139  143  145  149  154  159  166  175
  184  194  205  214  222  228  231  232  230  225  217  207  194  181  168  157
  147  139  133  128  124  120  115  111  106  101   98   95   94   95   97   99
  102  104  105  105  103  100   97   95   92   91   90   90   90   90   90   88
   86   85   84   83   84   86   89   93  101                                   
    62.5-180.0 180.0   5.0 450.0                            LAT/LON1/LON2/DLON/H
   96   97   99  110  117  126  132  139  144  150  154  160  165  172  180  191
  202  214  225  236  244  251  255  257  256  251  243  232  219  204  189  175
  162  150  140  132  124  117  111  104   97   91   86   83   81   80   81   82
   84   86   86   86   85   83   81   80   79   79   79   80   81   81   81   80
   77   76   76   75   77   79   81   87   96                                   
    60.0-180.0 180.0   5.0 450.0                            LAT/LON1/LON2/DLON/H
   85   84   86   98  106  116  125  135  144  152  159  166  174  182  192  204
  217  231  243  253  261  267  271  273  273  270  263  254  242  228  212  196
  180  165  152  139  128  118  109  100   92   85   79   74   70   68   67   66
   67   67   67   67   67   67   67   67   67   68   69   71   72   72   71   69
   67   65   65   64   66   68   69   77   85                                   
    57.5-180.0 180.0   5.0 450.0                            LAT/LON1/LON2/DLON/H
   71   70   72   84   94  105  117  130  141  153  162  172  181  191  203  217
  232  246  258  267  273  277  280  282  283  282  278  272  263  251  236  220
  203  185  168  152  138  125  113  103   94   85   78   72   67   63   59   57
   55   54   54   54   55   56   58   59   62   64   65   67   68   67   66   63
   60   58   58   57   58   58   58   68   71                                   
    55.0-180.0 180.0   5.0 450.0                            LAT/LON1/LON2/DLON/H
   62   62   63   76   86   98  112  126  140  154  165  176  187  199  214  230
  246  261  272  279  282  283  284  286  287  288  288  286  280  271  259  244
  227  207  188  169  152  136  123  112  102   94   86   79   73   67   62   57
   54   51   50   51   52   54   57   61   64   67   69   70   70   69   67   64
   60   58   58   57   57   55   53   63   62                                   
    52.5-180.0 180.0   5.0 450.0                            LAT/LON1/LON2/DLON/H
   61   61   63   76   87   99  114  129  144  158  170  182  194  208  225  244
  262  277  287  291  291  289  287  287  289  293  295  296  295  289  280  266
  249  229  208  187  168  152  138  126  116  108  101   93   86   80   73   67
   63   60   58   58   60   63   67   71   75   78   80   81   80   79   76   73
   69   67   66   65   64   61   57   65   61                                   
    50.0-180.0 180.0   5.0 450.0                            LAT/LON1/LON2/DLON/H
   71   71   75   87   99  113  127  141  155  169  181  193  206  221  240  260
  281  297  306  307  303  298  293  292  294  298  303  306  306  303  294  282
  265  245  223  202  183  167  153  141  132  124  117  111  104   97   91   85
   81   78   76   76   78   81   85   89   93   95   96   96   95   93   91   88
   83   82   81   81   80   75   70   74   71                                   
    47.5-180.0 180.0   5.0 450.0                            LAT/LON1/LON2/DLON/H
   89   89   96  109  122  136  150  162  174  186  197  209  222  238  258  281
  303  319  327  327  320  312  305  302  304  308  313  316  315  311  301  288
  271  252  231  211  193  178  164  153  145  137  131  126  120  115  110  106
  103  101  100  100  101  103  106  109  111  112  111  110  109  108  106  104
  101  100  100  101  100   94   89   91   89                                   
    45.0-180.0 180.0   5.0 450.0                            LAT/LON1/LON2/DLON/H
  111  111  120  135  151  165  178  188  199  210  220  231  244  261  282  306
  328  344  352  350  341  331  322  318  319  322  325  325  321  312  299  284
  267  248  230  212  196  182  170  159  151  144  138  134  130  127  124  123
  123  123  123  123  123  123  123  124  124  123  121  120  119  118  118  118
  115  116  116  118  118  112  108  110  111                                   
    42.5-180.0 180.0   5.0 450.0                            LAT/LON1/LON2/DLON/H
  128  130  141  160  178  193  206  216  225  236  246  258  271  288  309  332
  354  369  376  373  364  352  343  338  338  339  338  333  322  308  291  273
  256  239  223  209  195  183  171  160  151  144  139  135  133  132  132  133
  135  138  139  138  136  134  132  130  127  125  123  121  121  122  123  124
  123  124  125  127  127  123  121  125  128                                   
    40.0-180.0 180.0   5.0 450.0                            LAT/LON1/LON2/DLON/H
  136  138  153  175  197  214  228  239  249  262  273  286  300  317  337  359
  378  392  397  394  385  374  366  360  358  356  350  339  323  302  282  262
  246  232  220  208  197  185  173  161  151  142  137  134  133  132  133  136
  140  144  145  144  141  136  131  127  123  120  117  116  116  118  121  123
  123  123  124  125  125  123  122  130  136                                   
    37.5-180.0 180.0   5.0 450.0                            LAT/LON1/LON2/DLON/H
  131  135  153  179  204  223  241  254  268  284  298  314  329  346  364  383
  400  410  414  410  403  394  386  380  376  371  362  347  327  303  281  263
  249  239  230  220  209  197  183  168  156  146  140  137  135  134  134  136
  140  143  145  143  138  132  126  121  116  112  109  108  108  111  114  116
  115  115  115  114  113  111  111  123  131                                   
    35.0-180.0 180.0   5.0 450.0                            LAT/LON1/LON2/DLON/H
  118  123  143  172  201  222  245  263  281  301  320  338  355  372  388  404
  416  423  425  422  416  409  402  396  391  385  375  360  340  318  298  284
  275  269  262  253  240  224  205  188  172  161  154  150  147  144  141  141
  142  143  143  141  135  128  122  117  113  109  106  104  104  106  108  109
  107  106  104  100   97   94   93  107  118                                   
    32.5-180.0 180.0   5.0 450.0                            LAT/LON1/LON2/DLON/H
  103  110  130  160  192  216  244  266  290  314  338  359  378  394  409  420
  428  432  432  430  426  420  414  409  404  399  392  381  366  350  337  330
  328  326  321  309  291  269  244  221  203  190  183  178  173  167  160  155
  152  150  148  144  138  131  126  122  119  116  113  111  110  110  111  110
  106  102   98   91   85   79   78   92  103                                   
    30.0-180.0 180.0   5.0 450.0                            LAT/LON1/LON2/DLON/H
   96  102  121  152  185  210  243  269  298  327  354  377  397  413  425  433
  437  438  438  436  433  429  424  419  415  414  413  410  405  400  398  402
  408  412  406  389  363  330  297  268  247  233  225  220  214  205  195  185
  176  170  164  158  152  147  143  140  138  136  134  131  128  126  125  121
  115  110  102   93   84   75   70   83   96                                   
    27.5-180.0 180.0   5.0 450.0                            LAT/LON1/LON2/DLON/H
  101  107  124  154  187  213  249  278  309  340  369  394  413  428  437  443
  444  444  443  442  441  438  433  428  427  431  439  448  457  466  478  495
  512  520  511  485  446  401  358  323  298  283  275  271  264  255  243  229
  216  205  195  187  181  177  174  172  171  169  166  162  157  153  148  143
  135  129  119  108   96   84   73   84  101                                   
    25.0-180.0 180.0   5.0 450.0                            LAT/LON1/LON2/DLON/H
  121  126  140  169  201  227  264  293  325  356  385  409  428  441  448  451
  451  450  449  449  449  446  441  437  439  451  469  492  516  542  571  601
  625  634  619  580  527  469  416  374  346  331  324  321  317  310  299  284
  269  254  241  232  225  221  218  216  213  209  204  198  191  183  176  169
  160  154  143  132  119  102   87   94  121                                   
    22.5-180.0 180.0   5.0 450.0                            LAT/LON1/LON2/DLON/H
  153  156  168  197  229  254  289  316  347  377  403  425  442  453  459  461
  460  459  459  459  459  455  450  447  454  473  503  540  580  620  661  699
  726  729  704  653  587  518  457  411  381  365  359  359  359  357  352  341
  327  311  297  286  278  273  268  262  256  249  241  232  223  212  202  192
  182  178  167  159  145  125  110  113  153                                   
    20.0-180.0 180.0   5.0 450.0                            LAT/LON1/LON2/DLON/H
  190  191  203  234  266  290  321  345  373  400  424  443  458  467  471  473
  473  472  472  472  471  466  461  460  472  499  540  589  640  688  733  769
  790  784  749  689  615  540  476  427  396  379  373  374  380  386  390  388
  379  365  351  338  328  319  310  299  288  277  267  256  245  233  221  209
  199  196  186  181  168  147  134  138  190                                   
    17.5-180.0 180.0   5.0 450.0                            LAT/LON1/LON2/DLON/H
  218  220  235  271  305  328  355  376  401  425  446  463  476  484  488  490
  491  491  491  489  486  480  475  477  494  529  578  635  689  735  773  799
  808  792  751  687  612  538  474  426  392  372  364  365  375  390  406  416
  415  406  393  378  364  350  334  319  303  289  276  265  254  242  230  217
  207  205  196  194  182  163  153  159  218                                   
    15.0-180.0 180.0   5.0 450.0                            LAT/LON1/LON2/DLON/H
  231  236  257  296  335  359  384  403  426  449  469  485  497  505  510  513
  515  516  514  511  505  498  494  500  522  562  615  672  721  756  779  789
  786  763  719  658  589  521  462  414  379  354  340  338  350  373  400  421
  431  428  415  398  380  361  341  321  301  284  270  259  249  239  227  214
  205  204  197  195  185  170  162  171  231                                   
    12.5-180.0 180.0   5.0 450.0                            LAT/LON1/LON2/DLON/H
  225  234  261  304  347  374  401  421  445  468  489  506  519  529  536  541
  545  546  543  537  528  520  518  527  553  596  648  698  735  754  760  756
  742  715  673  620  561  503  451  405  367  336  316  309  319  346  380  411
  428  430  420  402  380  357  334  311  290  272  256  245  236  226  215  204
  194  193  189  187  179  168  160  171  225                                   
    10.0-180.0 180.0   5.0 450.0                            LAT/LON1/LON2/DLON/H
  204  219  251  296  342  373  403  427  454  480  503  523  539  552  563  571
  577  578  575  567  557  549  548  560  588  630  676  715  736  740  732  717
  697  669  633  590  544  498  453  410  368  332  304  290  297  322  358  393
  415  421  413  395  372  347  323  300  278  259  242  230  220  210  201  189
  180  180  177  174  168  161  152  163  204                                   
     7.5-180.0 180.0   5.0 450.0                            LAT/LON1/LON2/DLON/H
  178  199  233  279  326  361  395  423  453  483  510  533  554  571  586  598
  606  610  606  598  588  582  583  597  624  661  698  724  733  726  709  689
