data/edconvlstm_nd/pred1540.15i
     1.0            IONOSPHERE MAPS     GNSS                IONEX VERSION / TYPE
pyspatialgeodesy        IME             05-JAN-18 20:20     PGM / RUN BY / DATE 
Map Name                                                    COMMENT             
Predicted global ionosphere maps (GIM).                     DESCRIPTION         
  2015     6     3     0     0     0                        EPOCH OF FIRST MAP  
  2015     6     4     0     0     0                        EPOCH OF LAST MAP   
  7200                                                      INTERVAL            
    13                                                      # OF MAPS IN FILE   
  NONE                                                      MAPPING FUNCTION    
10.0                                                        ELEVATION CUTOFF    
One-way carrier phase leveled to code                       OBSERVABLES USED    
  6371.0                                                    BASE RADIUS         
 2                                                          MAP DIMENSION       
   450.0 450.0   0.0                                        HGT1 / HGT2 / DHGT  
    87.5 -87.5  -2.5                                        LAT1 / LAT2 / DLAT  
  -180.0 180.0   5.0                                        LON1 / LON2 / DLON  
    -1                                                      EXPONENT            
                                                            END OF HEADER       
[from data line 429]
     2                                                      START OF TEC MAP    
  2015     6     3     2     0     0                        EPOCH OF CURRENT MAP
    87.5-180.0 180.0   5.0 450.0                            LAT/LON1/LON2/DLON/H
  165  169  174  175  175  172  170  169  170  170  170  170  170  170  170  169
  169  168  168  167  166  165  164  163  162  161  160  159  158  157  156  155
  155  155  154  154  154  154  154  154  154  155  155  155  156  156  156  157
  157  157  157  157  157  158  158  158  158  158  158  158  158  158  158  159
  160  162  162  162  164  164  163  161  165                                   
    85.0-180.0 180.0   5.0 450.0                            LAT/LON1/LON2/DLON/H
  174  179  169  176  181  179  178  178  179  179  179  179  179  179  178  178
  177  176  175  174  173  172  170  169  168  167  165  164  163  163  162  161
  161  160  160  160  160  160  161  161  161  162  162  163  163  163  163  164
  164  164  164  164  164  163  163  163  163  163  163  164  164  164  164  165
  167  169  168  171  166  166  165  162  174                                   
    82.5-180.0 180.0   5.0 450.0                            LAT/LON1/LON2/DLON/H
  177  175  180  180  181  180  180  181  183  184  183  184  184  183  182  181
  180  179  177  175  173  172  170  168  166  164  163  161  160  159  158  157
  157  157  157  157  158  159  159  160  161  161  162  163  163  163  164  164
  164  163  163  163  163  163  162  162  162  162  162  162  162  163  163  165
  166  167  166  168  172  161  162  157  177                                   
    80.0-180.0 180.0   5.0 450.0                            LAT/LON1/LON2/DLON/H
  176  177  172  175  177  178  181  183  185  185  185  186  186  185  184  182
  181  178  176  174  171  168  166  163  161  158  156  155  153  152  152  152
  152  153  153  155  156  157  159  160  162  163  164  165  166  166  166  166
  166  166  165  165  164  164  163  163  162  162  161  161  161  161  162  163
  164  165  163  165  173  165  170  160  176                                   
    77.5-180.0 180.0   5.0 450.0                            LAT/LON1/LON2/DLON/H
  175  173  170  175  172  174  179  182  184  185  185  186  185  184  183  181
  178  175  172  169  166  163  159  156  153  151  148  146  145  144  144  145
  146  148  150  152  155  157  159  162  164  165  167  168  169  169  170  170
  170  169  168  168  167  166  165  164  163  162  161  161  161  160  161  162
  163  164  161  163  170  165  165  162  175                                   
    75.0-180.0 180.0   5.0 450.0                            LAT/LON1/LON2/DLON/H
  173  169  166  172  170  171  175  178  181  182  182  183  183  182  180  177
  174  171  167  163  160  156  153  149  146  143  140  138  136  136  136  138
  140  142  146  149  153  156  159  161  164  165  167  168  170  170  171  171
  171  171  170  170  169  167  166  165  164  163  161  160  160  159  160  161
  161  163  161  158  163  161  161  162  173                                   
    72.5-180.0 180.0   5.0 450.0                            LAT/LON1/LON2/DLON/H
  168  168  166  170  169  170  174  176  180  181  182  183  183  181  179  175
  172  168  164  161  157  154  150  146  143  139  136  134  132  132  133  135
  139  143  147  151  156  159  162  165  167  169  171  172  173  175  176  176
  177  177  176  175  174  173  171  170  168  167  165  164  163  163  163  164
  165  166  166  164  166  162  161  162  168                                   
    70.0-180.0 180.0   5.0 450.0                            LAT/LON1/LON2/DLON/H
  171  166  165  168  166  167  170  173  177  179  180  181  181  179  177  173
  169  165  161  158  155  152  148  144  140  136  133  130  128  128  130  132
  136  141  146  151  155  159  162  164  166  167  169  170  172  174  176  177
  178  178  178  177  176  174  173  172  170  169  167  166  165  164  164  166
  167  168  169  168  171  167  166  166  171                                   
    67.5-180.0 180.0   5.0 450.0                            LAT/LON1/LON2/DLON/H
  173  168  166  167  164  164  166  169  173  175  177  179  179  177  174  170
  166  162  159  156  154  151  148  144  140  135  131  127  125  125  126  129
  133  138  143  148  152  155  157  158  159  160  162  164  167  169  172  174
  176  177  176  176  174  173  172  171  170  169  168  167  166  165  165  166
  167  169  170  169  173  170  169  170  173                                   
    65.0-180.0 180.0   5.0 450.0                            LAT/LON1/LON2/DLON/H
  178  171  168  168  164  163  164  166  170  173  175  177  178  176  173  169
  165  162  159  156  155  153  150  146  142  137  132  128  126  125  126  128
  132  136  140  144  147  149  150  150  151  152  154  156  160  164  168  171
  174  175  175  174  173  172  172  171  171  171  170  169  168  167  167  168
  169  171  173  172  177  174  175  177  178                                   
    62.5-180.0 180.0   5.0 450.0                            LAT/LON1/LON2/DLON/H
  185  178  175  174  168  165  166  167  170  171  174  176  177  176  174  170
  166  163  160  159  158  156  154  150  146  141  136  132  129  128  128  129
  131  134  137  139  141  142  142  142  142  143  145  149  154  159  164  169
  173  175  175  175  174  174  174  174  175  175  175  175  174  173  173  173
  173  175  176  176  180  179  181  185  185                                   
    60.0-180.0 180.0   5.0 450.0                            LAT/LON1/LON2/DLON/H
  192  186  184  182  176  172  170  169  171  171  172  175  176  175  173  170
  167  164  162  161  160  159  157  154  150  145  141  136  133  131  130  130
  131  131  132  133  133  133  133  133  133  135  138  142  148  155  162  168
  173  175  177  177  177  177  178  179  180  181  182  183  182  181  180  180
  179  180  180  179  183  183  187  192  192                                   
    57.5-180.0 180.0   5.0 450.0                            LAT/LON1/LON2/DLON/H
  202  198  196  194  187  182  179  175  174  172  172  173  174  174  173  170
  168  165  164  163  162  161  159  157  153  150  146  142  139  136  134  132
  130  128  127  126  126  125  125  125  126  128  132  138  145  153  161  169
  175  179  181  183  183  184  185  186  188  190  191  192  192  190  189  188
  186  186  185  184  187  187  192  199  202                                   
    55.0-180.0 180.0   5.0 450.0                            LAT/LON1/LON2/DLON/H
  211  210  209  208  202  197  192  185  181  175  172  172  172  171  171  169
  168  166  165  164  163  162  161  159  156  153  151  148  145  142  138  134
  129  125  122  120  118  118  118  119  121  124  129  136  144  153  163  172
  179  185  188  190  192  193  194  195  197  199  201  202  201  200  198  197
  195  193  191  189  191  192  197  204  211                                   
    52.5-180.0 180.0   5.0 450.0                            LAT/LON1/LON2/DLON/H
  220  222  222  223  218  213  208  199  191  182  175  172  170  169  169  169
  168  167  166  166  165  163  162  160  159  157  156  154  152  148  142  135
  129  122  117  115  113  114  115  116  119  123  128  136  145  155  166  176
  185  191  196  199  201  203  204  205  207  209  210  210  210  209  207  206
  203  201  198  195  197  197  202  209  220                                   
    50.0-180.0 180.0   5.0 450.0                            LAT/LON1/LON2/DLON/H
  228  233  234  237  235  231  225  215  204  191  181  174  171  169  169  169
  169  170  170  169  167  166  164  163  162  162  162  161  158  153  146  138
  129  121  115  112  111  112  114  116  119  124  129  137  146  157  169  180
  190  198  205  209  211  213  213  214  216  217  218  218  217  216  215  215
  212  210  207  204  204  204  209  215  228                                   
    47.5-180.0 180.0   5.0 450.0                            LAT/LON1/LON2/DLON/H
  235  242  244  249  249  246  242  231  219  203  190  181  175  172  171  172
  173  174  175  174  172  169  167  166  166  167  168  167  164  158  150  140
  130  122  116  113  112  114  116  118  121  125  131  138  148  159  171  183
  194  204  212  217  220  221  222  222  223  223  224  223  223  222  222  222
  221  220  218  215  215  214  218  223  235                                   
    45.0-180.0 180.0   5.0 450.0                            LAT/LON1/LON2/DLON/H
  243  251  252  258  261  258  255  246  233  217  202  190  183  179  177  178
  179  181  182  181  178  175  172  171  172  173  174  173  169  163  154  143
  133  125  119  117  117  118  119  121  123  127  132  139  148  159  171  184
  197  208  217  223  226  227  228  228  228  229  229  228  227  227  228  230
  230  231  231  229  229  228  231  235  243                                   
    42.5-180.0 180.0   5.0 450.0                            LAT/LON1/LON2/DLON/H
  254  260  260  266  269  267  265  257  245  229  214  203  194  189  187  187
  188  190  190  189  186  181  178  177  178  179  180  178  174  167  158  148
  139  132  127  124  124  124  125  125  126  129  133  140  148  159  171  184
  198  210  220  227  230  231  232  233  234  235  235  235  234  233  235  239
  241  245  247  246  248  247  249  251  254                                   
    40.0-180.0 180.0   5.0 450.0                            LAT/LON1/LON2/DLON/H
  270  274  271  273  275  272  270  264  255  241  227  216  208  203  200  199
  199  200  200  197  193  188  184  182  183  185  186  183  178  171  163  154
  147  141  137  134  133  132  130  129  129  131  134  140  148  158  170  183
  197  210  221  228  233  235  236  238  241  243  244  244  243  243  245  250
  255  261  266  267  270  270  272  273  270                                   
    37.5-180.0 180.0   5.0 450.0                            LAT/LON1/LON2/DLON/H
  292  294  288  285  283  277  275  269  262  251  240  231  224  218  215  213
  211  211  209  205  199  193  188  187  189  191  191  187  182  175  168  162
  157  152  149  146  143  140  136  134  132  133  136  141  148  157  168  181
  195  208  220  228  234  238  242  246  250  254  257  257  256  256  259  265
  272  280  287  290  295  297  300  300  292                                   
    35.0-180.0 180.0   5.0 450.0                            LAT/LON1/LON2/DLON/H
  324  323  313  303  297  286  281  275  270  261  253  246  240  235  231  227
  224  220  216  211  203  196  192  191  193  195  195  191  186  179  175  171
  168  165  161  157  152  147  142  138  136  136  139  143  149  157  167  178
  192  205  218  228  236  242  248  255  262  268  272  273  273  273  277  283
  292  302  311  316  322  327  332  332  324                                   
    32.5-180.0 180.0   5.0 450.0                            LAT/LON1/LON2/DLON/H
  364  363  349  333  320  304  294  286  281  274  268  263  258  253  247  241
  235  229  222  214  206  198  194  194  197  199  199  195  190  185  181  180
  178  175  171  166  160  153  147  142  140  141  143  147  151  157  165  176
  188  202  215  227  237  246  255  264  273  281  287  289  291  292  297  305
  314  325  336  342  351  358  365  367  364                                   
    30.0-180.0 180.0   5.0 450.0                            LAT/LON1/LON2/DLON/H
  409  411  394  374  355  334  318  306  298  291  286  281  277  271  264  255
  246  237  227  217  207  199  196  197  200  203  203  199  194  189  187  187
  186  183  177  170  163  155  149  145  144  145  147  150  153  158  164  173
  184  197  211  225  238  250  261  272  283  293  300  305  308  312  319  327
  338  349  361  368  378  388  397  402  409                                   
    27.5-180.0 180.0   5.0 450.0                            LAT/LON1/LON2/DLON/H
  456  462  445  424  401  376  353  336  325  316  309  304  299  291  282  270
  257  244  231  218  208  200  198  200  204  206  206  202  197  193  191  190
  188  184  177  169  161  154  149  146  146  148  150  152  154  157  161  169
  180  193  208  224  239  253  267  280  292  302  311  318  324  331  340  350
  360  372  384  392  402  415  426  434  456                                   
    25.0-180.0 180.0   5.0 450.0                            LAT/LON1/LON2/DLON/H
  495  507  494  477  452  425  398  376  361  348  339  331  324  314  301  286
  269  251  235  221  209  202  201  203  207  209  208  203  198  194  191  189
  185  178  170  161  154  149  146  145  147  149  151  152  153  154  157  164
  175  189  206  223  241  258  273  286  298  309  319  328  337  347  358  370
  381  393  404  412  422  436  450  460  495                                   
    22.5-180.0 180.0   5.0 450.0                            LAT/LON1/LON2/DLON/H
  521  537  531  523  500  475  446  421  403  387  374  363  352  338  322  303
  282  260  241  225  213  207  205  208  210  211  208  202  196  191  186  181
  175  167  158  150  145  142  141  142  145  147  149  149  148  148  151  158
  170  186  204  224  244  263  279  292  303  314  324  336  348  361  374  387
  398  409  419  428  436  451  465  478  521                                   
    20.0-180.0 180.0   5.0 450.0                            LAT/LON1/LON2/DLON/H
  529  548  550  553  535  515  489  465  445  427  411  396  381  364  345  321
  296  271  249  231  219  213  211  212  213  211  205  198  190  183  176  169
  161  152  144  138  135  135  136  138  141  143  143  142  140  139  143  151
  165  183  204  227  249  269  286  299  309  319  330  342  357  372  387  400
  412  422  432  440  446  459  473  486  529                                   
    17.5-180.0 180.0   5.0 450.0                            LAT/LON1/LON2/DLON/H
  519  538  548  560  551  538  518  499  481  463  446  428  410  390  366  340
  311  283  259  240  228  221  218  216  213  207  199  189  179  171  163  155
  146  138  131  128  127  129  132  134  135  136  134  132  130  129  133  143
  159  180  204  229  254  275  293  306  317  326  337  350  365  381  396  410
  422  432  441  448  451  461  474  486  519                                   
    15.0-180.0 180.0   5.0 450.0                            LAT/LON1/LON2/DLON/H
  499  515  528  545  545  540  528  517  504  488  471  453  433  411  385  356
  324  295  269  250  237  228  222  216  208  199  188  176  166  157  149  141
  133  127  123  122  124  127  129  130  129  127  124  121  119  119  124  135
  153  177  204  232  258  281  300  315  325  335  345  358  373  389  404  419
  430  440  448  455  455  461  471  481  499                                   
    12.5-180.0 180.0   5.0 450.0                            LAT/LON1/LON2/DLON/H
  476  486  499  514  523  524  520  516  509  498  483  467  447  424  397  366
  334  304  278  259  244  233  222  211  199  186  173  161  152  143  137  131
  125  122  120  121  124  127  128  127  124  119  115  111  110  110  116  128
  147  172  202  232  260  285  306  322  334  344  355  368  382  397  412  426
  438  448  456  461  459  460  468  476  476                                   
    10.0-180.0 180.0   5.0 450.0                            LAT/LON1/LON2/DLON/H
  458  461  470  480  491  497  499  500  499  492  481  467  448  426  399  369
  337  308  284  264  248  232  217  201  185  170  157  146  138  133  128  125
  123  123  123  125  128  130  129  125  118  112  107  103  102  103  108  120
  140  166  197  229  259  286  309  327  341  354  366  379  394  408  421  434
  445  455  463  468  464  462  469  474  458                                   
     7.5-180.0 180.0   5.0 450.0                            LAT/LON1/LON2/DLON/H
  451  448  451  452  463  470  473  478  479  475  467  455  438  416  390  361
  332  305  283  264  245  226  206  186  167  152  141  133  129  126  125  125
