data/edconvlstm_nd/pred1620.15i
     1.0            IONOSPHERE MAPS     GNSS                IONEX VERSION / TYPE
pyspatialgeodesy        IME             05-JAN-18 20:20     PGM / RUN BY / DATE 
Map Name                                                    COMMENT             
Predicted global ionosphere maps (GIM).                     DESCRIPTION         
  2015     6    11     0     0     0                        EPOCH OF FIRST MAP  
  2015     6    12     0     0     0                        EPOCH OF LAST MAP   
  7200                                                      INTERVAL            
    13                                                      # OF MAPS IN FILE   
  NONE                                                      MAPPING FUNCTION    
10.0                                                        ELEVATION CUTOFF    
One-way carrier phase leveled to code                       OBSERVABLES USED    
  6371.0                                                    BASE RADIUS         
 2                                                          MAP DIMENSION       
   450.0 450.0   0.0                                        HGT1 / HGT2 / DHGT  
    87.5 -87.5  -2.5                                        LAT1 / LAT2 / DLAT  
  -180.0 180.0   5.0                                        LON1 / LON2 / DLON  
    -1                                                      EXPONENT            
                                                            END OF HEADER       
[from data line 2574]
     7                                                      START OF TEC MAP    
  2015     6    11    12     0     0                        EPOCH OF CURRENT MAP
    87.5-180.0 180.0   5.0 450.0                            LAT/LON1/LON2/DLON/H
  174  177  174  180  181  182  182  181  182  184  184  184  184  184  185  185
  185  185  185  185  184  184  184  184  184  184  183  183  183  183  183  183
  182  182  182  182  181  181  181  180  180  179  179  178  178  177  177  176
  176  175  175  174  174  173  173  172  172  172  171  171  171  171  171  171
  171  172  171  170  176  176  181  178  174                                   
    85.0-180.0 180.0   5.0 450.0                            LAT/LON1/LON2/DLON/H
  171  178  188  184  183  188  189  190  191  192  192  192  192  192  192  192
  192  192  191  191  191  191  191  191  191  191  191  191  191  191  191  191
  191  191  191  191  191  191  190  190  189  189  188  188  187  186  185  185
  184  183  182  182  181  180  180  179  179  178  178  178  177  177  177  177
  178  179  176  175  174  174  179  183  171                                   
    82.5-180.0 180.0   5.0 450.0                            LAT/LON1/LON2/DLON/H
  162  179  183  178  178  183  185  186  187  188  187  188  187  187  186  186
  185  185  185  185  185  186  186  187  187  188  189  190  190  191  191  192
  192  193  193  193  193  193  193  192  192  191  190  189  188  187  185  184
  183  181  180  179  177  176  175  174  173  172  170  170  169  168  167  167
  167  168  165  167  166  175  176  167  162                                   
    80.0-180.0 180.0   5.0 450.0                            LAT/LON1/LON2/DLON/H
  159  173  179  177  177  180  182  185  185  186  185  184  183  182  181  180
  179  179  179  180  180  181  183  184  185  186  188  189  190  191  192  192
  193  194  194  195  195  195  195  195  194  194  193  192  191  189  188  187
  185  184  182  181  179  177  176  174  172  171  169  167  165  164  163  162
  162  162  159  161  159  165  171  161  159                                   
    77.5-180.0 180.0   5.0 450.0                            LAT/LON1/LON2/DLON/H
  159  166  174  174  174  178  180  182  182  181  179  178  176  174  172  171
  170  170  170  172  173  175  178  180  182  184  186  188  190  191  193  194
  195  197  198  199  200  200  201  201  201  200  200  199  198  197  196  194
  193  191  190  188  186  184  182  180  177  175  172  169  166  163  161  159
  157  155  152  154  157  157  161  159  159                                   
    75.0-180.0 180.0   5.0 450.0                            LAT/LON1/LON2/DLON/H
  152  161  165  169  170  175  177  178  178  177  174  171  168  166  163  162
  161  161  163  165  168  171  174  178  181  183  186  188  189  191  193  195
  197  199  200  202  203  205  205  206  206  206  206  206  205  205  204  203
  201  200  199  197  195  193  191  189  186  183  179  175  171  167  163  160
  157  154  151  148  150  153  156  149  152                                   
    72.5-180.0 180.0   5.0 450.0                            LAT/LON1/LON2/DLON/H
  145  156  159  164  166  170  173  174  173  171  167  164  161  158  155  153
  153  153  155  158  162  166  171  175  178  181  184  186  187  189  191  194
  196  199  201  203  205  207  208  209  209  210  210  211  210  210  210  209
  208  206  205  204  202  200  199  196  194  190  186  182  178  173  168  163
  159  155  150  147  146  148  150  148  145                                   
    70.0-180.0 180.0   5.0 450.0                            LAT/LON1/LON2/DLON/H
  144  150  154  158  159  163  165  167  166  164  161  158  154  151  148  147
  146  147  149  153  157  162  167  172  175  178  180  182  184  185  188  191
  194  197  200  203  205  206  208  209  210  211  212  212  213  213  213  212
  210  209  208  206  205  203  202  200  198  196  192  189  184  179  174  169
  163  158  153  148  146  146  149  147  144                                   
    67.5-180.0 180.0   5.0 450.0                            LAT/LON1/LON2/DLON/H
  142  148  151  155  157  160  162  163  163  162  159  156  154  151  149  147
  147  147  149  153  157  163  168  172  175  177  179  180  182  184  187  190
  194  197  201  204  206  207  209  210  211  212  214  215  216  216  216  215
  213  211  209  208  206  205  205  204  203  202  200  197  193  189  184  179
  173  167  161  155  150  148  149  147  142                                   
    65.0-180.0 180.0   5.0 450.0                            LAT/LON1/LON2/DLON/H
  143  148  149  152  152  155  156  158  158  157  156  155  154  153  151  150
  149  150  151  154  158  162  167  170  173  175  176  178  180  182  186  190
  194  199  202  205  207  209  210  211  213  214  217  219  220  220  220  218
  215  213  210  207  206  205  206  206  207  207  206  205  203  199  195  191
  185  179  172  166  160  157  157  154  143                                   
    62.5-180.0 180.0   5.0 450.0                            LAT/LON1/LON2/DLON/H
  145  149  148  150  148  150  151  151  152  152  152  153  154  155  156  155
  154  153  154  155  158  161  165  168  171  172  174  175  178  181  186  191
  196  201  205  207  209  210  211  212  214  217  220  223  225  225  224  222
  218  214  210  207  206  205  206  208  210  211  212  212  211  209  206  203
  197  192  184  178  170  165  165  161  145                                   
    60.0-180.0 180.0   5.0 450.0                            LAT/LON1/LON2/DLON/H
  148  150  147  147  143  144  144  143  143  143  144  148  151  155  158  158
  158  156  155  154  156  158  161  164  167  169  170  173  176  181  187  194
  199  204  208  210  211  212  213  214  217  221  225  229  231  232  230  227
  222  217  212  209  207  208  209  212  214  217  219  220  220  219  217  214
  209  203  196  189  181  174  173  168  148                                   
    57.5-180.0 180.0   5.0 450.0                            LAT/LON1/LON2/DLON/H
  152  151  148  145  139  139  137  135  133  133  135  140  146  152  157  159
  159  157  154  153  153  154  157  160  163  166  168  172  177  184  191  198
  205  209  213  214  215  216  217  219  222  227  233  238  241  242  240  236
  230  224  219  215  214  215  217  220  222  225  227  229  230  229  228  225
  220  215  207  199  191  183  181  175  152                                   
    55.0-180.0 180.0   5.0 450.0                            LAT/LON1/LON2/DLON/H
  156  152  148  143  137  135  132  127  124  123  124  129  137  145  152  156
  157  155  152  149  149  150  153  157  160  164  168  173  180  188  196  204
  211  215  218  219  220  220  222  225  229  236  242  248  252  253  251  247
  241  234  229  226  225  226  228  231  233  236  237  239  239  239  238  235
  230  224  216  207  198  190  187  181  156                                   
    52.5-180.0 180.0   5.0 450.0                            LAT/LON1/LON2/DLON/H
  160  154  149  144  136  133  129  123  117  114  113  118  126  136  144  150
  152  151  148  145  145  147  151  155  160  165  170  176  184  193  202  210
  217  221  223  224  225  226  228  232  238  245  253  259  264  265  263  259
  253  248  243  240  240  241  242  244  246  247  248  248  248  248  247  244
  238  231  223  213  204  195  191  185  160                                   
    50.0-180.0 180.0   5.0 450.0                            LAT/LON1/LON2/DLON/H
  163  155  151  146  138  134  129  122  114  108  106  109  116  125  135  142
  145  145  143  142  142  145  151  156  162  168  174  181  190  199  209  217
  223  227  229  231  232  234  237  242  249  256  264  271  276  277  276  272
  267  262  259  256  256  257  258  258  258  257  257  256  256  256  254  251
  245  238  228  218  208  199  195  189  163                                   
    47.5-180.0 180.0   5.0 450.0                            LAT/LON1/LON2/DLON/H
  166  158  154  148  141  138  133  125  116  108  103  104  109  117  126  134
  138  140  140  140  142  147  154  161  168  174  181  188  197  206  214  222
  229  233  237  240  242  245  249  255  262  269  277  284  288  290  288  285
  281  277  274  272  272  272  271  270  268  266  263  262  262  262  261  258
  252  244  233  222  211  202  198  192  166                                   
    45.0-180.0 180.0   5.0 450.0                            LAT/LON1/LON2/DLON/H
  169  161  157  151  146  142  138  130  122  113  106  105  107  113  120  127
  133  136  138  141  145  152  160  168  176  182  189  196  203  211  220  228
  235  241  247  252  256  261  266  271  278  285  292  298  302  303  302  299
  296  292  289  287  285  284  282  279  275  271  268  266  266  266  266  264
  258  250  238  226  215  206  201  195  169                                   
    42.5-180.0 180.0   5.0 450.0                            LAT/LON1/LON2/DLON/H
  171  165  160  154  150  147  144  137  129  121  114  110  110  113  118  125
  131  136  141  145  151  159  168  177  185  192  197  203  210  217  225  234
  243  252  261  269  276  282  287  293  298  305  311  315  318  319  318  315
  312  308  304  300  296  293  289  285  280  275  271  270  270  271  272  271
  264  256  244  232  219  211  206  199  171                                   
    40.0-180.0 180.0   5.0 450.0                            LAT/LON1/LON2/DLON/H
  173  169  164  157  153  149  147  142  137  130  124  120  117  117  120  126
  133  139  146  153  160  169  178  187  194  201  206  211  216  222  231  241
  253  266  279  290  300  307  313  319  324  329  334  337  339  339  337  334
  330  325  320  314  308  303  298  293  287  282  278  276  277  278  279  278
  272  264  251  238  224  216  211  203  173                                   
    37.5-180.0 180.0   5.0 450.0                            LAT/LON1/LON2/DLON/H
  176  174  168  160  155  151  149  145  143  139  135  130  126  124  126  130
  138  146  154  163  171  180  189  197  204  210  214  218  223  229  237  250
  265  283  300  316  328  337  344  349  353  358  362  364  365  364  362  358
  353  346  339  331  323  317  311  305  300  294  290  288  289  289  289  287
  280  272  258  245  230  223  218  209  176                                   
    35.0-180.0 180.0   5.0 450.0                            LAT/LON1/LON2/DLON/H
  180  180  174  163  157  152  150  146  146  145  143  140  135  132  133  137
  145  155  165  175  184  192  200  207  213  218  223  226  230  236  246  261
  280  303  325  344  359  369  376  381  386  390  393  396  396  394  391  386
  380  372  363  354  345  337  331  326  321  315  311  308  307  305  303  298
  289  280  266  253  238  231  225  215  180                                   
    32.5-180.0 180.0   5.0 450.0                            LAT/LON1/LON2/DLON/H
  186  188  182  169  162  154  151  147  148  149  149  147  143  140  140  144
  153  165  177  188  198  206  212  218  223  227  231  235  239  246  257  275
  298  324  350  372  389  401  408  414  419  423  427  429  430  427  424  418
  412  404  395  385  375  368  362  357  352  346  341  336  331  326  319  311
  299  289  273  260  245  239  233  221  186                                   
    30.0-180.0 180.0   5.0 450.0                            LAT/LON1/LON2/DLON/H
  194  197  192  177  169  160  155  150  150  151  153  152  148  145  146  151
  162  175  189  201  212  219  225  229  233  237  241  245  250  258  272  292
  318  347  375  399  417  429  438  444  450  455  460  463  464  462  459  454
  448  441  432  423  415  408  403  399  393  386  377  369  359  349  337  324
  308  296  279  266  251  246  239  227  194                                   
    27.5-180.0 180.0   5.0 450.0                            LAT/LON1/LON2/DLON/H
  203  206  203  189  181  171  164  156  155  155  156  155  152  150  151  157
  169  184  200  214  225  233  238  242  245  248  253  258  265  275  290  312
  339  370  398  422  440  453  463  470  478  484  490  494  495  495  493  490
  485  480  473  466  459  454  450  445  438  427  415  402  387  370  352  334
  315  300  283  270  256  251  244  232  203                                   
    25.0-180.0 180.0   5.0 450.0                            LAT/LON1/LON2/DLON/H
  210  215  213  202  195  186  178  168  163  162  161  159  156  153  155  163
  175  192  208  224  236  245  251  254  257  261  266  274  283  295  312  334
  361  390  418  440  458  471  482  491  500  508  514  519  521  522  522  520
  518  515  511  506  501  497  493  486  476  462  445  427  407  385  362  339
  317  300  283  270  257  253  247  236  210                                   
    22.5-180.0 180.0   5.0 450.0                            LAT/LON1/LON2/DLON/H
  215  220  222  213  209  202  194  183  175  171  167  164  160  157  159  167
  180  197  214  231  245  255  262  266  269  274  280  290  302  316  335  357
  382  408  433  453  470  484  496  507  517  526  532  536  539  540  541  542
  542  541  539  536  532  528  522  513  499  481  460  438  415  389  363  338
  314  296  279  267  256  252  248  238  215                                   
    20.0-180.0 180.0   5.0 450.0                            LAT/LON1/LON2/DLON/H
  216  222  225  220  219  215  208  197  188  181  174  169  164  162  163  171
  183  199  216  234  249  261  270  275  279  285  293  305  320  338  357  379
  402  425  446  465  480  494  508  520  530  537  542  546  548  549  551  554
  555  556  555  551  547  541  534  522  505  483  459  434  408  382  355  329
  305  288  273  261  252  250  246  237  216                                   
    17.5-180.0 180.0   5.0 450.0                            LAT/LON1/LON2/DLON/H
  215  221  223  220  222  220  216  207  198  189  181  174  169  166  167  173
  184  198  215  232  248  263  273  281  287  293  304  319  338  358  379  400
  421  442  460  477  492  506  520  532  541  546  549  551  552  554  557  560
  562  563  560  555  549  541  531  516  496  470  443  417  391  365  340  316
  294  278  265  256  249  246  244  235  215                                   
    15.0-180.0 180.0   5.0 450.0                            LAT/LON1/LON2/DLON/H
  212  217  218  214  216  216  215  208  200  192  183  177  171  168  169  173
  182  194  209  226  243  259  273  283  291  300  313  331  353  377  400  421
  442  461  478  494  508  522  535  545  552  555  556  556  557  559  563  566
  567  566  561  553  544  534  521  503  479  450  421  393  368  344  321  300
  281  268  258  251  246  244  243  232  212                                   
    12.5-180.0 180.0   5.0 450.0                            LAT/LON1/LON2/DLON/H
  211  213  211  204  204  203  204  200  195  188  181  175  171  168  168  171
  177  187  200  217  234  253  269  283  295  307  322  343  368  394  419  442
  463  482  499  515  529  542  553  560  564  565  564  563  564  566  570  573
  573  568  560  548  536  523  507  487  461  430  399  370  345  323  303  285
  269  260  253  249  246  245  244  232  211                                   
    10.0-180.0 180.0   5.0 450.0                            LAT/LON1/LON2/DLON/H
  212  212  205  193  189  186  187  185  182  177  172  168  165  163  163  165
  169  178  190  206  225  245  265  283  298  314  332  355  381  409  437  462
  485  505  523  539  552  563  571  576  578  577  574  572  573  576  580  581
  579  571  558  543  528  513  496  475  448  416  383  353  328  308  290  274
  262  255  251  250  248  249  248  233  212                                   
     7.5-180.0 180.0   5.0 450.0                            LAT/LON1/LON2/DLON/H
  219  215  203  186  177  170  170  167  165  162  159  157  156  155  154  155
  159  167  179  195  216  239  262  284  304  322  343  366  393  422  451  478
