data/edconvlstm_nd/pred1080.15i
     1.0            IONOSPHERE MAPS     GNSS                IONEX VERSION / TYPE
pyspatialgeodesy        IME             05-JAN-18 20:20     PGM / RUN BY / DATE 
Map Name                                                    COMMENT             
Predicted global ionosphere maps (GIM).                     DESCRIPTION         
  2015     4    18     0     0     0                        EPOCH OF FIRST MAP  
  2015     4    19     0     0     0                        EPOCH OF LAST MAP   
  7200                                                      INTERVAL            
    13                                                      # OF MAPS IN FILE   
  NONE                                                      MAPPING FUNCTION    
10.0                                                        ELEVATION CUTOFF    
One-way carrier phase leveled to code                       OBSERVABLES USED    
  6371.0                                                    BASE RADIUS         
 2                                                          MAP DIMENSION       
   450.0 450.0   0.0                                        HGT1 / HGT2 / DHGT  
    87.5 -87.5  -2.5                                        LAT1 / LAT2 / DLAT  
  -180.0 180.0   5.0                                        LON1 / LON2 / DLON  
    -1                                                      EXPONENT            
                                                            END OF HEADER       
[from data line 1287]
     4                                                      START OF TEC MAP    
  2015     4    18     6     0     0                        EPOCH OF CURRENT MAP
    87.5-180.0 180.0   5.0 450.0                            LAT/LON1/LON2/DLON/H
  144  137  133  138  140  139  137  136  139  141  142  143  144  145  146  146
  147  147  147  147  146  146  145  145  144  144  143  142  141  141  140  139
  138  137  137  136  135  134  134  133  132  131  131  131  130  130  130  131
  131  131  132  132  133  133  134  134  134  134  134  133  133  132  131  130
  130  131  129  129  133  133  137  138  144                                   
    85.0-180.0 180.0   5.0 450.0                            LAT/LON1/LON2/DLON/H
  133  133  130  134  138  139  141  142  144  146  147  149  150  151  152  152
  152  152  152  152  151  151  150  149  149  148  147  146  145  144  143  142
  141  141  140  139  138  137  136  136  135  134  134  133  133  133  134  134
  135  136  137  138  139  139  140  141  141  141  141  140  139  138  136  136
  136  136  131  132  127  128  131  132  133                                   
    82.5-180.0 180.0   5.0 450.0                            LAT/LON1/LON2/DLON/H
  128  128  128  128  131  133  135  137  140  143  144  146  148  149  149  149
  149  148  147  146  145  143  142  140  139  138  136  135  134  133  132  132
  131  131  130  130  129  129  128  128  127  127  127  127  128  129  130  132
  133  135  138  140  142  144  145  147  147  148  147  146  145  143  141  139
  137  135  129  129  129  124  122  117  128                                   
    80.0-180.0 180.0   5.0 450.0                            LAT/LON1/LON2/DLON/H
  127  123  120  123  127  129  132  135  139  142  144  146  147  147  147  146
  144  142  140  138  135  133  130  128  126  124  122  121  120  119  119  119
  120  120  120  121  121  121  122  122  122  122  123  124  126  128  130  134
  137  141  145  149  153  156  160  162  164  165  165  164  162  159  156  154
  150  145  138  136  134  129  131  118  127                                   
    77.5-180.0 180.0   5.0 450.0                            LAT/LON1/LON2/DLON/H
  132  124  122  125  126  129  133  135  140  142  143  145  145  145  143  140
  137  134  130  126  123  119  116  113  111  109  107  106  106  106  107  108
  110  112  114  116  118  119  121  122  123  125  126  129  132  136  141  146
  152  158  164  171  176  182  186  190  193  194  194  194  192  188  184  180
  174  168  158  154  150  139  136  129  132                                   
    75.0-180.0 180.0   5.0 450.0                            LAT/LON1/LON2/DLON/H
  136  131  124  127  128  130  134  136  140  142  142  143  142  139  136  131
  126  122  117  112  108  104  101   98   96   94   93   92   92   93   95   97
  100  103  107  110  113  116  118  120  123  125  128  133  138  144  151  158
  166  175  183  191  198  205  210  215  218  220  221  220  218  214  210  205
  198  191  181  171  164  155  151  143  136                                   
    72.5-180.0 180.0   5.0 450.0                            LAT/LON1/LON2/DLON/H
  142  138  132  132  133  135  138  140  143  144  144  144  141  136  131  125
  118  112  107  103   99   96   93   91   89   87   87   86   87   88   91   94
   98  102  107  112  116  120  124  127  130  134  139  145  152  161  170  180
  190  200  209  218  225  231  236  240  243  244  244  243  241  237  232  228
  221  214  205  195  184  173  167  160  142                                   
    70.0-180.0 180.0   5.0 450.0                            LAT/LON1/LON2/DLON/H
  152  145  139  136  134  135  138  139  142  143  142  140  136  130  123  115
  108  102   98   94   92   90   88   87   86   85   85   85   85   86   88   92
   96  101  106  111  116  121  125  130  134  139  146  154  163  174  186  198
  209  220  229  237  243  248  251  253  255  255  255  253  250  247  242  238
  232  225  217  208  198  188  184  178  152                                   
    67.5-180.0 180.0   5.0 450.0                            LAT/LON1/LON2/DLON/H
  154  149  141  137  134  133  135  136  139  139  138  136  131  125  117  109
  103   97   94   92   91   91   91   90   90   89   89   88   88   89   90   93
   96  100  105  111  116  121  126  131  137  143  151  161  173  186  199  213
  226  236  245  251  255  256  257  257  257  256  254  252  250  246  241  237
  232  226  219  211  202  194  189  186  154                                   
    65.0-180.0 180.0   5.0 450.0                            LAT/LON1/LON2/DLON/H
  158  152  142  135  131  128  128  130  133  134  133  132  127  121  114  107
  102   98   96   96   96   97   98   98   97   97   96   95   94   94   94   95
   98  101  106  110  116  121  127  133  140  148  157  169  183  198  214  229
  242  253  260  264  265  264  261  259  257  255  253  251  247  243  238  233
  228  223  217  210  204  198  193  190  158                                   
    62.5-180.0 180.0   5.0 450.0                            LAT/LON1/LON2/DLON/H
  161  155  143  133  127  121  120  120  123  124  125  124  121  116  111  106
  103  101  101  101  103  104  104  104  103  102  100   99   97   96   96   96
   98  100  104  109  114  120  126  133  141  151  162  175  191  208  226  243
  258  269  275  277  276  272  268  265  262  260  258  255  251  246  239  234
  227  222  216  210  204  199  195  191  161                                   
    60.0-180.0 180.0   5.0 450.0                            LAT/LON1/LON2/DLON/H
  168  161  147  133  124  114  110  108  110  111  112  113  112  109  107  105
  103  103  104  105  106  106  106  104  102  100   99   97   95   94   93   93
   94   96  100  105  110  117  124  132  141  152  165  180  198  217  238  257
  273  285  292  294  292  288  283  279  277  275  273  271  266  260  252  245
  236  229  222  215  210  205  200  192  168                                   
    57.5-180.0 180.0   5.0 450.0                            LAT/LON1/LON2/DLON/H
  182  174  158  140  127  111  104   98   97   97   98  100  100  101  101  101
  102  103  104  105  105  103  101   98   95   92   90   89   88   87   87   87
   88   91   95  101  107  114  122  132  142  155  169  186  205  227  249  272
  291  305  313  317  316  313  309  306  304  303  302  300  295  287  278  269
  258  249  241  232  227  219  212  201  182                                   
    55.0-180.0 180.0   5.0 450.0                            LAT/LON1/LON2/DLON/H
  204  195  179  156  139  117  105   94   88   84   84   85   88   90   92   94
   97   98   99   99   97   94   90   86   82   79   78   77   77   77   77   78
   81   85   90   97  105  113  122  132  144  158  173  191  212  236  262  287
  309  327  339  346  347  346  344  342  342  342  341  338  332  323  313  302
  290  279  269  259  252  243  234  218  204                                   
    52.5-180.0 180.0   5.0 450.0                            LAT/LON1/LON2/DLON/H
  235  226  209  183  162  135  117   99   88   78   74   74   76   79   83   86
   89   91   91   89   86   82   77   72   69   66   66   66   66   67   68   70
   74   80   87   95  104  113  123  134  147  162  179  198  220  246  274  303
  330  352  368  378  383  385  385  385  385  385  383  379  372  361  349  337
  324  313  302  290  281  271  261  244  235                                   
    50.0-180.0 180.0   5.0 450.0                            LAT/LON1/LON2/DLON/H
  270  262  246  218  195  164  141  116   98   83   74   70   70   72   76   79
   81   82   81   78   74   70   65   61   59   57   57   57   58   60   62   65
   70   78   87   96  106  116  126  138  152  168  186  206  230  257  288  319
  350  376  397  411  420  424  426  427  427  426  422  415  405  392  379  367
  355  345  335  320  311  300  290  274  270                                   
    47.5-180.0 180.0   5.0 450.0                            LAT/LON1/LON2/DLON/H
  303  298  283  256  232  201  174  144  119   98   83   75   72   72   73   74
   74   74   72   69   65   61   58   55   54   54   54   55   56   57   60   64
   70   79   89  100  110  120  131  144  159  176  195  217  241  269  301  335
  368  397  422  440  451  458  461  462  460  457  450  439  425  410  396  385
  375  368  359  344  334  325  316  302  303                                   
    45.0-180.0 180.0   5.0 450.0                            LAT/LON1/LON2/DLON/H
  327  326  313  290  268  239  210  177  148  122  103   90   83   79   77   75
   73   70   67   63   59   57   55   55   56   57   59   59   60   60   62   67
   74   83   94  105  115  125  136  150  166  185  206  229  254  282  314  349
  383  414  440  461  475  482  486  485  482  475  465  450  433  415  401  391
  384  380  373  359  350  342  335  324  327                                   
    42.5-180.0 180.0   5.0 450.0                            LAT/LON1/LON2/DLON/H
  338  339  329  311  292  268  242  210  179  151  129  114  103   95   89   83
   77   72   68   63   60   59   59   61   64   66   68   68   68   68   69   73
   80   90  100  111  121  130  141  156  174  195  218  242  267  295  327  361
  394  426  453  475  490  499  503  502  497  489  476  459  439  419  403  393
  388  386  381  368  357  348  343  336  338                                   
    40.0-180.0 180.0   5.0 450.0                            LAT/LON1/LON2/DLON/H
  337  337  329  315  301  282  260  233  206  178  157  141  128  118  108   98
   89   82   76   71   68   67   69   72   76   80   81   81   79   78   79   82
   89   97  107  116  125  134  146  162  182  206  231  255  281  309  339  372
  404  435  463  486  504  515  521  521  518  511  499  481  459  437  417  405
  398  395  389  375  361  349  344  338  337                                   
    37.5-180.0 180.0   5.0 450.0                            LAT/LON1/LON2/DLON/H
  328  323  315  303  292  278  263  243  221  199  180  166  154  143  131  119
  108   99   92   86   83   83   84   88   92   95   96   94   92   90   90   92
   97  104  112  120  128  137  150  168  191  217  244  270  296  323  352  383
  415  445  475  501  522  539  549  555  557  554  545  530  507  482  458  440
  428  420  409  391  371  353  345  337  328                                   
    35.0-180.0 180.0   5.0 450.0                            LAT/LON1/LON2/DLON/H
  321  309  298  283  273  261  251  239  225  209  196  186  177  166  154  142
  131  121  114  108  104  103  104  107  109  111  110  108  104  102  101  102
  105  110  115  122  130  140  155  176  201  230  258  284  310  337  366  397
  428  460  491  522  551  575  595  609  618  623  621  610  589  562  533  508
  488  471  452  426  398  369  356  342  321                                   
    32.5-180.0 180.0   5.0 450.0                            LAT/LON1/LON2/DLON/H
  328  305  288  266  254  241  234  227  219  210  203  198  193  185  176  165
  155  147  140  134  130  127  126  127  127  127  125  121  117  114  112  111
  111  113  116  122  131  144  162  185  213  243  272  299  325  353  382  413
  446  479  515  553  591  627  658  684  705  720  727  722  705  677  644  611
  581  553  524  488  449  407  385  365  328                                   
    30.0-180.0 180.0   5.0 450.0                            LAT/LON1/LON2/DLON/H
  356  322  296  264  245  229  221  216  212  209  206  206  204  199  193  186
  180  174  169  163  157  153  150  148  147  144  141  136  132  128  125  121
  117  115  116  122  132  149  170  196  225  256  286  313  340  368  399  433
  468  506  548  595  644  692  737  777  811  837  853  855  842  816  781  742
  703  665  625  578  529  473  438  412  356                                   
    27.5-180.0 180.0   5.0 450.0                            LAT/LON1/LON2/DLON/H
  411  366  327  284  256  234  222  216  213  211  211  212  212  210  206  203
  202  200  197  192  185  179  175  171  168  163  158  152  147  143  139  133
  126  120  119  125  138  157  181  209  240  271  300  328  355  386  419  456
  496  540  589  644  704  764  821  873  918  954  978  986  978  956  922  880
  837  794  748  691  634  564  517  485  411                                   
    25.0-180.0 180.0   5.0 450.0                            LAT/LON1/LON2/DLON/H
  493  438  386  331  290  263  244  235  229  225  223  223  223  221  219  219
  221  223  223  218  212  205  200  196  190  183  175  168  164  161  156  149
  139  130  127  132  147  168  195  224  255  286  315  344  373  405  442  483
  528  578  634  696  763  830  894  953 1005 1047 1075 1089 1085 1068 1039 1001
  959  917  871  812  751  672  616  582  493                                   
    22.5-180.0 180.0   5.0 450.0                            LAT/LON1/LON2/DLON/H
  591  529  466  401  348  315  289  274  262  254  247  243  240  236  234  236
  240  244  245  241  235  230  225  219  210  200  191  185  183  182  178  170
  157  144  138  142  158  182  210  241  272  302  332  361  392  427  467  512
  562  616  677  743  811  879  942 1001 1053 1097 1128 1145 1147 1136 1114 1083
 1048 1012  974  919  861  780  722  689  591                                   
    20.0-180.0 180.0   5.0 450.0                            LAT/LON1/LON2/DLON/H
  689  623  555  483  422  386  353  334  315  299  285  276  268  260  255  256
  259  263  263  260  256  253  248  240  228  216  207  203  204  205  202  191
  174  158  149  153  169  195  226  257  288  319  349  380  413  451  494  543
  595  653  714  779  844  905  960 1011 1057 1097 1127 1146 1153 1150 1138 1118
 1093 1069 1042  996  946  871  817  790  689                                   
    17.5-180.0 180.0   5.0 450.0                            LAT/LON1/LON2/DLON/H
  769  703  635  561  497  461  427  404  380  357  337  321  307  295  286  282
  282  282  280  276  273  271  268  259  246  234  226  224  225  225  220  206
  186  168  158  162  180  208  240  271  302  334  365  399  435  476  522  572
  626  684  744  803  858  906  946  982 1015 1046 1072 1091 1103 1109 1109 1104
 1094 1082 1069 1035  998  933  888  866  769                                   
    15.0-180.0 180.0   5.0 450.0                            LAT/LON1/LON2/DLON/H
  823  759  694  619  557  525  495  472  446  419  395  375  357  340  325  315
  309  303  296  290  287  286  284  277  266  254  246  241  238  235  226  211
  190  172  164  170  189  219  251  283  315  347  381  418  457  501  548  599
  652  707  761  811  852  882  903  921  938  957  976  994 1011 1028 1043 1053
 1058 1061 1061 1040 1015  964  927  911  823                                   
    12.5-180.0 180.0   5.0 450.0                            LAT/LON1/LON2/DLON/H
  850  787  727  652  595  566  542  523  501  475  451  431  412  392  372  354
  340  326  312  301  297  296  296  292  282  270  256  245  238  231  221  206
  188  173  168  176  197  228  261  293  325  359  395  435  477  522  570  619
  669  719  765  804  830  843  847  847  850  857  869  887  910  938  966  990
 1007 1019 1029 1019 1006  967  939  926  850                                   
    10.0-180.0 180.0   5.0 450.0                            LAT/LON1/LON2/DLON/H
  858  796  738  664  610  586  566  553  537  516  497  481  464  444  419  395
  372  350  328  311  303  302  302  299  288  271  251  235  224  217  208  196
  182  171  170  180  203  233  267  299  332  366  405  447  491  537  583  629
  676  720  759  788  803  804  798  789  783  783  791  809  837  872  907  937
  960  976  990  987  983  954  932  922  858                                   
     7.5-180.0 180.0   5.0 450.0                            LAT/LON1/LON2/DLON/H
  856  796  740  668  616  593  577  568  556  542  529  519  506  487  461  431
  401  370  341  318  304  300  298  293  279  256  232  214  205  199  192  182
