data/edconvlstm_nd/pred0960.15i
     1.0            IONOSPHERE MAPS     GNSS                IONEX VERSION / TYPE
pyspatialgeodesy        IME             05-JAN-18 20:20     PGM / RUN BY / DATE 
Map Name                                                    COMMENT             
Predicted global ionosphere maps (GIM).                     DESCRIPTION         
  2015     4     6     0     0     0                        EPOCH OF FIRST MAP  
  2015     4     7     0     0     0                        EPOCH OF LAST MAP   
  7200                                                      INTERVAL            
    13                                                      # OF MAPS IN FILE   
  NONE                                                      MAPPING FUNCTION    
10.0                                                        ELEVATION CUTOFF    
One-way carrier phase leveled to code                       OBSERVABLES USED    
  6371.0                                                    BASE RADIUS         
 2                                                          MAP DIMENSION       
   450.0 450.0   0.0                                        HGT1 / HGT2 / DHGT  
    87.5 -87.5  -2.5                                        LAT1 / LAT2 / DLAT  
  -180.0 180.0   5.0                                        LON1 / LON2 / DLON  
    -1                                                      EXPONENT            
                                                            END OF HEADER       
[from data line 1287]
     4                                                      START OF TEC MAP    
  2015     4     6     6     0     0                        EPOCH OF CURRENT MAP
    87.5-180.0 180.0   5.0 450.0                            LAT/LON1/LON2/DLON/H
  193  190  188  192  193  192  190  189  190  190  190  190  189  188  187  186
  184  183  181  180  178  177  176  175  174  173  172  171  170  170  170  169
  169  169  169  169  169  169  169  169  169  170  170  170  170  171  171  171
  172  172  173  173  173  173  173  173  173  173  173  173  173  173  173  173
  174  177  177  178  182  182  182  181  193                                   
    85.0-180.0 180.0   5.0 450.0                            LAT/LON1/LON2/DLON/H
  192  193  192  195  196  196  197  197  197  197  197  196  195  194  193  191
  189  187  186  184  182  180  179  177  176  175  175  174  174  174  174  174
  174  175  175  176  176  177  177  178  178  178  179  180  181  181  182  183
  184  184  185  186  186  186  186  186  186  186  186  185  185  185  184  185
  186  188  185  188  184  185  186  185  192                                   
    82.5-180.0 180.0   5.0 450.0                            LAT/LON1/LON2/DLON/H
  193  196  195  191  191  192  192  192  193  193  192  192  191  189  188  186
  183  180  177  175  172  169  167  165  163  162  161  160  160  161  162  163
  164  166  167  169  170  171  172  174  175  176  177  179  180  182  184  185
  187  188  189  190  191  192  192  192  191  191  190  190  189  189  188  188
  188  189  185  187  188  186  185  175  193                                   
    80.0-180.0 180.0   5.0 450.0                            LAT/LON1/LON2/DLON/H
  190  192  187  184  186  186  187  187  189  189  188  189  188  186  184  181
  178  174  170  166  161  158  154  151  149  147  147  147  148  149  151  154
  157  160  163  166  168  170  172  174  176  179  181  183  186  189  192  195
  198  200  202  204  205  206  206  205  205  204  203  202  201  200  199  199
  197  195  191  191  190  188  191  172  190                                   
    77.5-180.0 180.0   5.0 450.0                            LAT/LON1/LON2/DLON/H
  187  183  179  178  178  178  178  178  180  181  181  182  181  180  178  175
  171  167  161  156  151  146  142  138  136  134  134  134  136  139  143  147
  152  157  161  166  170  173  176  179  182  185  188  192  196  200  205  210
  214  217  220  223  224  225  225  225  224  223  222  220  219  217  216  215
  212  210  203  201  199  191  188  177  187                                   
    75.0-180.0 180.0   5.0 450.0                            LAT/LON1/LON2/DLON/H
  181  178  171  169  169  168  167  167  169  170  171  172  172  172  170  167
  162  157  152  146  140  135  130  126  123  122  121  122  125  128  133  139
  146  152  158  164  169  173  177  181  185  189  194  199  205  212  218  225
  231  236  240  243  244  245  245  244  243  241  240  239  237  236  234  233
  230  227  219  212  206  198  192  182  181                                   
    72.5-180.0 180.0   5.0 450.0                            LAT/LON1/LON2/DLON/H
  178  176  168  164  162  160  159  158  160  160  161  163  164  164  162  159
  155  150  145  139  134  129  124  120  117  115  114  115  118  122  127  134
  141  149  156  163  169  174  179  183  188  193  200  207  216  225  234  242
  250  257  262  265  266  266  265  263  261  259  257  255  254  252  251  250
  247  244  237  230  220  209  200  191  178                                   
    70.0-180.0 180.0   5.0 450.0                            LAT/LON1/LON2/DLON/H
  182  175  168  161  156  152  149  148  149  149  150  152  153  153  151  148
  145  140  136  131  127  123  119  115  112  110  109  109  111  114  120  126
  134  141  149  156  163  169  174  179  185  192  201  211  222  234  246  258
  268  275  281  284  284  283  280  277  273  270  267  265  263  262  260  259
  257  254  248  241  231  220  212  205  182                                   
    67.5-180.0 180.0   5.0 450.0                            LAT/LON1/LON2/DLON/H
  183  176  168  160  153  147  143  140  140  140  141  143  144  144  142  139
  136  132  129  126  123  120  117  114  111  108  106  105  106  108  112  118
  124  132  139  147  153  160  166  172  179  188  199  211  226  241  256  270
  282  291  297  299  298  295  290  285  280  276  272  269  266  264  262  261
  259  257  252  245  236  227  218  213  183                                   
    65.0-180.0 180.0   5.0 450.0                            LAT/LON1/LON2/DLON/H
  188  180  171  161  152  144  139  134  133  132  133  135  136  136  134  131
  128  125  122  120  118  117  115  112  109  106  103  101  100  101  103  108
  114  120  128  135  142  149  157  164  173  184  197  213  230  248  266  283
  296  306  312  313  311  306  300  293  286  281  276  272  268  265  262  260
  258  254  250  245  239  231  224  220  188                                   
    62.5-180.0 180.0   5.0 450.0                            LAT/LON1/LON2/DLON/H
  192  185  176  164  154  144  137  131  128  127  127  129  130  130  128  125
  121  118  116  114  113  112  111  109  106  103   99   96   94   93   94   97
  102  108  115  123  131  139  148  157  168  181  197  215  235  255  276  294
  309  320  325  326  323  317  309  302  294  288  283  278  273  268  263  259
  255  250  246  241  238  232  226  222  192                                   
    60.0-180.0 180.0   5.0 450.0                            LAT/LON1/LON2/DLON/H
  199  190  181  168  158  146  137  129  124  121  121  123  124  124  122  119
  115  111  109  107  106  105  104  102  100   96   92   89   86   84   84   86
   90   96  104  112  121  131  141  153  165  180  197  217  239  262  284  304
  320  331  338  339  336  330  322  315  308  301  296  290  284  276  269  262
  256  249  245  240  238  232  227  220  199                                   
    57.5-180.0 180.0   5.0 450.0                            LAT/LON1/LON2/DLON/H
  208  200  191  175  166  152  140  129  121  116  115  117  118  118  116  113
  109  105  102  100   99   98   96   95   92   89   86   82   79   76   76   77
   81   87   95  105  115  127  139  152  166  182  201  222  245  269  292  313
  330  343  351  353  351  347  341  335  328  323  317  311  303  294  284  274
  264  255  249  243  242  235  230  220  208                                   
    55.0-180.0 180.0   5.0 450.0                            LAT/LON1/LON2/DLON/H
  222  213  204  187  178  162  147  132  122  114  111  112  113  113  111  108
  104  101   98   95   94   92   90   88   86   83   80   77   74   72   71   72
   75   81   90  101  113  127  140  155  170  187  206  227  251  275  299  321
  340  355  364  369  370  368  364  360  355  351  346  339  331  320  307  294
  281  269  261  253  250  242  237  224  222                                   
    52.5-180.0 180.0   5.0 450.0                            LAT/LON1/LON2/DLON/H
  240  230  220  204  195  178  160  141  127  116  111  110  110  110  109  106
  103  100   97   95   93   91   89   87   85   82   80   77   75   72   71   71
   74   81   90  102  116  131  146  162  177  194  213  234  258  282  306  330
  350  366  378  386  390  391  390  388  385  382  377  371  362  349  335  320
  303  290  279  268  264  255  249  236  240                                   
    50.0-180.0 180.0   5.0 450.0                            LAT/LON1/LON2/DLON/H
  260  249  239  224  214  197  177  155  138  124  116  113  112  111  109  107
  105  103  102  101  100   97   95   92   89   87   85   83   80   78   76   76
   78   84   94  108  123  140  156  172  188  204  223  243  266  290  315  338
  360  378  392  402  409  413  414  413  412  408  404  398  389  376  361  344
  327  312  300  287  281  272  265  254  260                                   
    47.5-180.0 180.0   5.0 450.0                            LAT/LON1/LON2/DLON/H
  280  268  258  244  233  216  196  173  153  137  127  122  119  116  114  112
  111  111  112  113  112  110  107  104  101   98   96   94   91   88   85   83
   85   91  101  116  133  151  168  184  200  216  234  254  276  300  325  348
  370  389  404  416  424  429  431  431  428  424  419  412  403  391  376  361
  344  330  318  305  297  290  282  274  280                                   
    45.0-180.0 180.0   5.0 450.0                            LAT/LON1/LON2/DLON/H
  295  283  274  262  249  233  213  191  171  154  143  136  131  127  122  120
  119  121  125  128  130  129  125  121  117  114  111  109  105  100   96   93
   93   98  109  124  143  162  180  197  213  229  247  267  289  313  337  360
  382  400  415  426  434  439  441  439  435  429  421  413  403  392  379  365
  351  339  328  317  309  303  295  292  295                                   
    42.5-180.0 180.0   5.0 450.0                            LAT/LON1/LON2/DLON/H
  302  290  282  272  257  242  226  206  188  172  161  153  147  140  134  130
  130  134  140  146  150  149  146  141  136  132  128  124  119  113  106  101
  100  104  114  131  151  172  192  210  227  244  262  283  305  328  352  375
  395  412  426  436  443  447  448  444  438  429  419  409  398  386  374  361
  349  340  330  321  315  309  303  302  302                                   
    40.0-180.0 180.0   5.0 450.0                            LAT/LON1/LON2/DLON/H
  300  286  278  269  254  241  229  214  200  187  178  171  163  155  147  142
  142  147  156  164  168  169  165  159  153  148  143  138  131  124  116  109
  106  108  118  135  156  180  202  222  241  259  279  300  323  346  370  392
  412  428  441  451  457  461  461  457  449  438  426  413  400  387  373  360
  348  338  329  321  316  309  306  305  300                                   
    37.5-180.0 180.0   5.0 450.0                            LAT/LON1/LON2/DLON/H
  292  274  265  253  240  229  221  212  204  196  190  185  178  169  161  155
  154  160  169  179  184  185  181  174  167  161  155  149  142  133  124  115
  110  111  120  137  160  185  210  233  255  276  297  320  343  367  391  413
  433  450  464  475  482  487  488  485  477  466  453  438  423  407  391  375
  360  347  336  326  319  311  309  304  292                                   
    35.0-180.0 180.0   5.0 450.0                            LAT/LON1/LON2/DLON/H
  282  261  249  232  220  209  204  201  199  196  194  193  188  181  172  166
  165  171  181  190  196  196  191  184  177  170  164  158  150  141  131  121
  114  113  120  137  161  189  218  244  268  292  316  341  365  390  415  439
  461  481  497  511  523  531  536  535  529  519  506  491  474  455  436  416
  396  378  362  346  336  323  319  308  282                                   
    32.5-180.0 180.0   5.0 450.0                            LAT/LON1/LON2/DLON/H
  281  257  239  216  204  191  186  187  189  190  192  194  193  188  181  176
  175  180  189  198  203  202  197  190  183  177  171  165  157  148  137  126
  117  114  120  136  162  192  224  253  281  308  335  362  388  414  441  468
  494  518  540  560  578  592  602  605  603  596  586  572  556  538  517  493
  467  441  417  390  374  353  342  326  281                                   
    30.0-180.0 180.0   5.0 450.0                            LAT/LON1/LON2/DLON/H
  295  268  245  216  202  185  178  178  180  183  187  192  194  192  188  185
  185  189  196  203  207  206  201  195  189  184  178  172  163  154  143  131
  121  117  121  137  162  194  228  261  293  323  353  382  410  438  467  498
  529  559  589  617  642  664  680  690  693  691  684  675  664  650  632  609
  580  545  510  465  437  403  381  360  295                                   
    27.5-180.0 180.0   5.0 450.0                            LAT/LON1/LON2/DLON/H
  331  302  272  239  222  202  188  185  184  185  187  191  195  196  195  194
  194  198  203  208  210  209  206  201  197  192  186  178  170  160  149  138
  127  121  124  138  163  195  231  267  302  337  370  401  431  461  492  527
  563  600  637  673  707  737  761  777  786  789  787  783  777  769  758  738
  709  671  626  566  522  474  437  411  331                                   
    25.0-180.0 180.0   5.0 450.0                            LAT/LON1/LON2/DLON/H
  391  359  323  287  267  245  224  214  207  202  199  200  202  204  205  205
  205  208  211  214  215  215  214  212  208  203  196  187  177  168  158  146
  135  127  127  138  162  195  233  271  309  347  383  417  449  481  514  552
  592  634  677  720  761  798  829  852  867  874  876  874  872  869  862  846
  820  784  736  669  614  553  507  477  391                                   
    22.5-180.0 180.0   5.0 450.0                            LAT/LON1/LON2/DLON/H
  473  438  396  358  334  310  284  268  253  240  229  222  220  220  220  219
  219  220  222  223  224  225  227  227  224  217  207  196  186  176  166  154
  141  131  128  138  160  193  231  272  313  354  394  431  464  498  533  572
  614  659  705  751  795  836  870  897  917  930  935  935  933  931  927  915
  895  866  822  757  695  631  585  549  473                                   
    20.0-180.0 180.0   5.0 450.0                            LAT/LON1/LON2/DLON/H
  570  528  481  441  412  389  360  339  319  298  278  262  251  246  242  239
  237  236  236  236  237  241  245  246  242  233  220  207  195  183  171  157
  143  131  127  135  156  189  228  270  313  357  400  441  477  511  547  585
  627  671  716  761  804  843  876  905  928  946  956  960  958  955  950  940
  926  906  872  817  756  695  659  618  570                                   
    17.5-180.0 180.0   5.0 450.0                            LAT/LON1/LON2/DLON/H
  662  614  563  523  488  466  438  417  395  370  342  316  296  282  272  265
  259  255  252  251  253  258  264  266  261  248  233  216  201  186  171  155
  140  127  123  130  151  184  223  266  311  358  405  448  487  522  558  594
  633  673  713  752  788  820  849  875  900  923  939  948  949  946  941  932
  922  910  887  845  792  736  714  675  662                                   
    15.0-180.0 180.0   5.0 450.0                            LAT/LON1/LON2/DLON/H
  731  680  630  589  548  528  503  485  466  441  410  378  349  326  308  295
  284  276  270  268  270  276  282  284  277  263  244  223  202  183  165  149
  134  122  118  126  147  179  218  262  308  358  407  454  496  532  567  601
  634  667  699  728  754  776  795  817  841  868  890  906  913  915  913  908
  901  894  880  850  808  757  745  717  731                                   
    12.5-180.0 180.0   5.0 450.0                            LAT/LON1/LON2/DLON/H
  770  718  672  630  586  565  544  531  518  498  469  435  400  370  346  326
  310  298  289  284  285  290  297  298  291  274  251  226  200  177  158  142
  128  118  116  124  145  177  216  259  306  357  409  459  503  540  574  604
  632  658  680  699  713  724  735  750  772  799  825  847  861  871  876  877
  876  873  865  843  813  768  757  745  770                                   
    10.0-180.0 180.0   5.0 450.0                            LAT/LON1/LON2/DLON/H
  782  732  690  647  600  576  557  549  543  530  506  474  440  407  379  355
  334  318  306  298  296  300  305  306  298  280  254  225  197  173  153  137
  126  118  116  125  145  176  213  255  303  354  408  460  505  544  577  605
  630  650  666  676  682  686  690  700  718  742  768  791  809  824  836  843
  848  849  846  831  812  773  761  762  782                                   
     7.5-180.0 180.0   5.0 450.0                            LAT/LON1/LON2/DLON/H
  777  731  692  646  597  569  548  543  542  535  518  492  461  431  403  377
  354  335  319  307  302  303  306  306  297  279  252  223  195  170  150  136
