data/edconvlstm_nd/pred1210.15i
     1.0            IONOSPHERE MAPS     GNSS                IONEX VERSION / TYPE
pyspatialgeodesy        IME             05-JAN-18 20:20     PGM / RUN BY / DATE 
Map Name                                                    COMMENT             
Predicted global ionosphere maps (GIM).                     DESCRIPTION         
  2015     5     1     0     0     0                        EPOCH OF FIRST MAP  
  2015     5     2     0     0     0                        EPOCH OF LAST MAP   
  7200                                                      INTERVAL            
    13                                                      # OF MAPS IN FILE   
  NONE                                                      MAPPING FUNCTION    
10.0                                                        ELEVATION CUTOFF    
One-way carrier phase leveled to code                       OBSERVABLES USED    
  6371.0                                                    BASE RADIUS         
 2                                                          MAP DIMENSION       
   450.0 450.0   0.0                                        HGT1 / HGT2 / DHGT  
    87.5 -87.5  -2.5                                        LAT1 / LAT2 / DLAT  
  -180.0 180.0   5.0                                        LON1 / LON2 / DLON  
    -1                                                      EXPONENT            
                                                            END OF HEADER       
[from data line 3861]
    10                                                      START OF TEC MAP    
  2015     5     1    18     0     0                        EPOCH OF CURRENT MAP
    87.5-180.0 180.0   5.0 450.0                            LAT/LON1/LON2/DLON/H
  192  188  179  188  191  191  192  191  192  193  194  194  195  196  196  196
  197  197  196  196  195  195  193  192  191  189  188  186  184  182  180  179
  177  175  173  172  170  169  168  167  167  166  166  166  166  166  166  167
  167  168  169  169  170  171  172  173  174  175  175  176  177  178  179  179
  180  181  180  181  191  191  193  189  192                                   
    85.0-180.0 180.0   5.0 450.0                            LAT/LON1/LON2/DLON/H
  187  191  198  194  193  197  198  200  201  202  202  203  204  205  205  205
  206  206  206  205  205  204  202  201  199  197  195  193  190  188  185  183
  180  178  175  173  172  170  169  168  167  167  167  167  168  168  169  170
  171  172  173  174  175  177  178  180  181  182  184  185  186  187  188  189
  190  191  190  189  192  187  188  190  187                                   
    82.5-180.0 180.0   5.0 450.0                            LAT/LON1/LON2/DLON/H
  171  184  186  184  186  191  194  196  196  197  198  200  201  202  203  204
  205  205  205  205  205  204  203  202  200  197  195  192  188  185  181  177
  174  170  167  164  162  160  158  157  156  156  156  156  156  157  158  159
  160  162  163  165  166  168  170  171  173  175  177  178  180  181  182  182
  183  183  182  185  184  190  184  175  171                                   
    80.0-180.0 180.0   5.0 450.0                            LAT/LON1/LON2/DLON/H
  166  177  181  180  181  184  188  192  195  197  199  201  203  205  207  208
  210  211  212  212  212  212  210  209  207  204  201  197  192  188  183  178
  173  169  165  161  158  156  154  153  153  153  153  153  154  155  156  158
  159  161  162  164  165  167  169  171  173  175  177  178  180  181  181  182
  183  182  181  182  176  174  171  166  166                                   
    77.5-180.0 180.0   5.0 450.0                            LAT/LON1/LON2/DLON/H
  166  170  175  173  176  180  183  187  189  192  194  197  200  203  205  208
  210  212  214  215  216  216  216  216  214  212  209  205  200  195  189  184
  179  174  170  166  163  161  159  158  157  157  157  158  158  159  160  161
  162  163  164  164  165  166  167  169  170  172  173  175  176  177  177  178
  177  176  174  175  174  167  168  165  166                                   
    75.0-180.0 180.0   5.0 450.0                            LAT/LON1/LON2/DLON/H
  162  169  171  171  173  178  180  183  187  190  193  196  199  202  204  207
  210  212  215  217  219  221  222  222  221  220  217  213  209  203  198  192
  187  182  178  174  171  169  168  167  166  166  166  166  166  166  167  167
  167  166  166  165  165  164  164  165  166  167  168  169  170  171  172  172
  171  170  169  167  167  161  163  152  162                                   
    72.5-180.0 180.0   5.0 450.0                            LAT/LON1/LON2/DLON/H
  158  167  170  173  174  179  181  184  186  189  191  195  198  200  203  206
  209  212  215  219  222  225  227  228  229  228  225  222  217  212  207  201
  196  192  188  185  182  180  178  177  176  175  175  174  173  173  172  170
  169  167  165  162  160  158  157  156  156  156  157  158  159  159  160  160
  159  159  159  158  158  156  160  157  158                                   
    70.0-180.0 180.0   5.0 450.0                            LAT/LON1/LON2/DLON/H
  159  169  173  176  177  182  183  186  188  191  193  196  198  201  203  205
  208  211  214  218  222  226  229  231  232  232  230  226  222  218  213  209
  204  200  197  194  191  189  187  186  184  182  181  179  177  175  172  169
  166  163  159  155  151  147  145  143  141  141  141  142  143  144  145  145
  145  145  147  147  151  152  160  158  159                                   
    67.5-180.0 180.0   5.0 450.0                            LAT/LON1/LON2/DLON/H
  160  175  180  185  187  192  193  196  198  201  202  205  207  208  210  212
  214  216  220  224  228  232  236  238  240  239  237  234  231  227  223  219
  216  213  210  208  205  202  200  197  195  192  188  185  182  178  174  170
  165  160  155  150  144  140  135  132  130  129  129  130  130  131  132  133
  133  135  137  138  143  148  158  159  160                                   
    65.0-180.0 180.0   5.0 450.0                            LAT/LON1/LON2/DLON/H
  159  177  183  189  191  197  198  201  203  206  208  210  211  212  213  213
  215  217  220  224  228  232  236  239  240  239  238  235  233  230  228  225
  223  221  219  216  213  210  206  203  199  194  189  184  179  173  168  162
  156  150  144  138  132  126  121  117  115  113  113  113  113  114  114  116
  116  119  123  126  135  144  156  158  159                                   
    62.5-180.0 180.0   5.0 450.0                            LAT/LON1/LON2/DLON/H
  157  177  184  192  195  200  202  205  208  211  213  215  216  216  216  216
  217  218  221  224  228  233  236  238  239  239  238  236  234  233  232  231
  230  229  227  224  220  216  211  207  201  196  190  183  176  168  161  154
  147  141  134  128  121  116  111  107  104  102  101  101  101  100  101  101
  102  106  111  115  125  136  149  152  157                                   
    60.0-180.0 180.0   5.0 450.0                            LAT/LON1/LON2/DLON/H
  154  174  182  190  194  200  203  206  208  212  214  216  217  217  217  216
  216  217  219  222  226  230  233  235  236  236  236  236  236  236  237  238
  237  236  234  230  225  220  215  210  204  197  190  182  173  165  156  148
  140  133  126  120  114  109  104  101   99   97   96   95   93   92   91   91
   92   95  100  106  116  129  142  145  154                                   
    57.5-180.0 180.0   5.0 450.0                            LAT/LON1/LON2/DLON/H
  151  171  180  188  193  199  202  205  208  211  213  215  215  215  214  214
  213  214  216  218  222  226  230  233  235  236  237  238  240  242  244  246
  246  245  242  237  231  225  220  214  208  201  193  184  175  165  155  146
  138  131  124  118  113  109  105  103  102  101   99   97   95   92   90   88
   88   91   96  101  112  124  136  139  151                                   
    55.0-180.0 180.0   5.0 450.0                            LAT/LON1/LON2/DLON/H
  150  169  180  187  193  201  204  206  209  211  212  212  212  212  211  210
  210  210  212  214  218  223  228  232  236  239  241  244  247  251  254  256
  256  254  250  245  238  232  226  220  214  207  199  190  180  170  160  150
  142  134  128  122  118  115  113  112  112  112  111  108  104  100   96   94
   92   94   99  104  113  123  134  136  150                                   
    52.5-180.0 180.0   5.0 450.0                            LAT/LON1/LON2/DLON/H
  153  172  182  190  197  206  209  211  212  212  211  210  209  208  207  207
  207  208  209  212  216  222  228  235  241  246  251  255  259  263  267  269
  268  265  260  253  246  240  234  228  222  216  208  199  189  178  168  158
  150  142  136  131  127  125  125  126  127  128  127  124  119  114  109  105
  103  104  108  112  120  129  138  140  153                                   
    50.0-180.0 180.0   5.0 450.0                            LAT/LON1/LON2/DLON/H
  161  179  190  199  207  217  219  221  220  219  215  212  209  207  207  207
  208  209  210  213  218  225  234  243  251  259  265  270  275  279  282  282
  280  276  270  263  256  250  244  238  232  225  217  208  198  188  178  169
  161  154  147  142  139  138  139  141  144  145  145  142  137  131  125  121
  118  119  121  125  132  139  147  150  161                                   
    47.5-180.0 180.0   5.0 450.0                            LAT/LON1/LON2/DLON/H
  172  190  201  212  220  231  233  235  233  230  224  219  214  211  211  212
  213  214  216  219  225  233  244  255  266  275  282  288  292  296  297  296
  293  288  281  275  268  262  255  248  241  233  225  215  206  196  187  179
  172  165  159  154  150  149  151  154  157  159  159  157  153  147  142  137
  134  135  136  140  146  151  159  163  172                                   
    45.0-180.0 180.0   5.0 450.0                            LAT/LON1/LON2/DLON/H
  184  204  215  227  236  247  250  251  249  246  239  232  226  222  221  222
  224  225  227  230  237  246  258  271  283  293  301  306  310  312  313  311
  307  301  294  288  282  276  269  260  251  241  230  220  210  201  193  186
  180  174  168  163  159  158  158  161  164  166  167  166  163  158  153  150
  146  147  148  151  156  162  170  177  184                                   
    42.5-180.0 180.0   5.0 450.0                            LAT/LON1/LON2/DLON/H
  195  216  229  242  252  262  266  268  267  263  257  250  243  239  238  239
  240  241  242  246  253  263  276  289  301  310  317  323  326  329  329  327
  322  316  310  305  300  293  285  274  261  248  235  223  212  203  196  190
  185  180  175  169  165  163  162  164  165  167  168  167  165  162  159  156
  152  153  153  156  161  167  176  184  195                                   
    40.0-180.0 180.0   5.0 450.0                            LAT/LON1/LON2/DLON/H
  203  226  239  253  264  273  279  282  283  282  277  271  266  262  260  260
  260  260  262  266  273  283  295  306  317  325  331  337  341  345  347  346
  342  337  332  327  322  315  305  290  274  257  241  227  215  205  198  193
  189  184  180  175  170  167  165  164  164  164  164  164  163  161  159  157
  153  152  152  153  157  165  174  183  203                                   
    37.5-180.0 180.0   5.0 450.0                            LAT/LON1/LON2/DLON/H
  206  230  245  258  271  279  287  292  297  300  298  296  292  289  287  285
  283  283  284  288  295  304  314  323  330  337  343  350  357  364  369  371
  369  364  359  355  350  342  329  312  291  270  251  234  220  209  202  197
  193  190  186  182  178  175  171  168  165  163  161  161  160  160  158  156
  151  148  146  145  148  155  165  174  206                                   
    35.0-180.0 180.0   5.0 450.0                            LAT/LON1/LON2/DLON/H
  206  229  246  259  272  280  291  298  307  315  320  321  320  318  315  312
  308  307  308  312  319  326  333  338  343  348  355  364  376  388  398  404
  403  399  394  389  384  374  359  338  314  290  268  248  232  219  210  204
  201  198  196  194  191  188  184  179  173  168  165  164  163  162  161  157
  151  146  140  137  138  144  154  162  206                                   
    32.5-180.0 180.0   5.0 450.0                            LAT/LON1/LON2/DLON/H
  206  227  244  257  271  278  291  301  316  329  339  346  348  347  344  339
  334  331  333  337  344  349  352  354  357  362  371  384  401  420  435  445
  446  441  435  428  421  409  391  368  341  314  290  269  250  235  224  218
  214  213  212  212  211  210  206  199  192  185  180  177  175  174  171  166
  157  149  140  134  133  136  145  151  206                                   
    30.0-180.0 180.0   5.0 450.0                            LAT/LON1/LON2/DLON/H
  207  225  242  255  270  278  293  305  324  342  358  369  375  376  372  366
  360  357  358  363  369  373  374  374  376  382  393  412  435  459  480  492
  494  488  479  469  458  444  423  398  369  342  316  294  274  257  244  236
  233  232  234  237  239  240  237  231  222  214  207  203  199  196  191  184
  173  163  150  142  138  137  142  147  207                                   
    27.5-180.0 180.0   5.0 450.0                            LAT/LON1/LON2/DLON/H
  212  227  241  258  274  283  300  314  335  356  375  391  399  402  399  393
  386  384  386  391  397  401  400  400  402  410  425  448  476  506  530  544
  545  536  522  507  492  474  451  423  394  366  341  318  297  280  267  259
  256  257  261  267  273  277  277  272  264  255  247  240  235  228  221  212
  199  188  173  162  154  149  150  154  212                                   
    25.0-180.0 180.0   5.0 450.0                            LAT/LON1/LON2/DLON/H
  221  233  243  264  284  295  313  328  350  373  394  411  421  426  424  419
  414  412  415  421  428  431  432  432  436  447  466  493  524  555  580  593
  592  579  559  539  519  496  470  440  410  382  357  336  316  300  288  281
  279  282  289  299  309  317  320  318  311  302  293  285  276  266  256  245
  232  221  205  192  179  170  167  171  221                                   
    22.5-180.0 180.0   5.0 450.0                            LAT/LON1/LON2/DLON/H
  232  243  250  275  298  312  331  347  369  391  412  429  441  447  448  445
  443  443  447  454  461  465  468  471  478  493  515  543  574  602  624  633
  628  610  586  560  535  509  479  446  413  385  361  342  325  312  303  299
  301  306  316  328  340  351  357  358  354  347  337  326  315  302  289  276
  264  255  241  227  208  195  190  195  232                                   
    20.0-180.0 180.0   5.0 450.0                            LAT/LON1/LON2/DLON/H
  244  254  259  286  312  329  349  366  387  409  428  445  458  466  470  471
  473  476  482  489  497  503  508  515  527  545  567  593  617  639  654  658
  648  627  599  571  543  513  479  442  407  377  353  336  323  314  311  312
  317  326  337  349  362  373  381  384  383  376  366  354  339  323  309  296
  286  281  270  258  235  218  212  220  244                                   
    17.5-180.0 180.0   5.0 450.0                            LAT/LON1/LON2/DLON/H
  250  260  265  292  320  340  362  380  401  421  440  457  471  481  489  495
  501  508  516  525  533  541  550  561  576  594  614  632  647  659  665  663
  651  629  602  574  545  512  475  434  395  362  339  323  314  311  314  320
  330  341  352  363  373  382  388  392  392  387  377  362  345  328  314  301
  294  293  287  276  253  234  227  237  250                                   
    15.0-180.0 180.0   5.0 450.0                            LAT/LON1/LON2/DLON/H
  249  257  263  291  320  342  367  386  407  427  445  463  478  492  504  516
  527  538  548  558  567  578  589  603  619  634  647  655  659  661  660  655
  642  622  599  573  546  514  474  430  387  351  326  312  307  309  316  328
  341  352  362  369  375  379  383  386  386  380  369  353  335  318  303  292
  287  289  287  278  258  238  230  241  249                                   
    12.5-180.0 180.0   5.0 450.0                            LAT/LON1/LON2/DLON/H
  238  243  253  280  311  336  362  383  405  425  444  463  481  498  515  531
  547  562  575  585  596  608  622  637  651  660  664  662  658  652  646  639
  628  613  595  575  552  521  481  434  389  351  325  311  307  312  323  338
  352  363  369  372  372  371  370  371  369  362  349  332  313  295  282  271
  268  271  272  265  248  230  220  231  238                                   
    10.0-180.0 180.0   5.0 450.0                            LAT/LON1/LON2/DLON/H
  220  225  238  265  297  324  353  375  398  419  439  460  480  500  520  540
  560  578  592  604  615  629  645  659  670  673  669  660  649  640  633  626
  618  608  596  582  563  536  497  450  404  365  338  323  320  326  338  352
  366  374  377  374  368  362  357  354  350  340  325  305  286  268  255  245
  241  245  246  240  226  210  199  211  220                                   
     7.5-180.0 180.0   5.0 450.0                            LAT/LON1/LON2/DLON/H
  200  206  222  250  283  313  344  368  392  414  435  457  479  501  522  544
  565  584  599  612  626  642  658  672  678  675  666  653  641  632  626  621
