data/edconvlstm_nd/pred1240.15i
     1.0            IONOSPHERE MAPS     GNSS                IONEX VERSION / TYPE
pyspatialgeodesy        IME             05-JAN-18 20:20     PGM / RUN BY / DATE 
Map Name                                                    COMMENT             
Predicted global ionosphere maps (GIM).                     DESCRIPTION         
  2015     5     4     0     0     0                        EPOCH OF FIRST MAP  
  2015     5     5     0     0     0                        EPOCH OF LAST MAP   
  7200                                                      INTERVAL            
    13                                                      # OF MAPS IN FILE   
  NONE                                                      MAPPING FUNCTION    
10.0                                                        ELEVATION CUTOFF    
One-way carrier phase leveled to code                       OBSERVABLES USED    
  6371.0                                                    BASE RADIUS         
 2                                                          MAP DIMENSION       
   450.0 450.0   0.0                                        HGT1 / HGT2 / DHGT  
    87.5 -87.5  -2.5                                        LAT1 / LAT2 / DLAT  
  -180.0 180.0   5.0                                        LON1 / LON2 / DLON  
    -1                                                      EXPONENT            
                                                            END OF HEADER       
[from data line 1716]
     5                                                      START OF TEC MAP    
  2015     5     4     8     0     0                        EPOCH OF CURRENT MAP
    87.5-180.0 180.0   5.0 450.0                            LAT/LON1/LON2/DLON/H
  151  145  141  147  150  151  151  150  153  156  157  159  160  160  161  161
  161  161  161  161  161  160  160  159  158  158  157  156  156  155  155  154
  153  153  152  151  151  150  149  148  147  146  145  145  144  143  142  141
  140  139  138  138  137  135  134  133  132  131  130  129  128  127  127  126
  127  129  128  128  132  133  140  144  151                                   
    85.0-180.0 180.0   5.0 450.0                            LAT/LON1/LON2/DLON/H
  138  138  141  145  148  152  155  158  161  164  166  168  170  171  172  173
  173  173  173  173  173  172  172  171  170  170  169  168  168  167  166  166
  165  165  164  163  163  162  161  160  159  157  156  155  154  152  151  150
  149  147  146  144  143  141  139  138  136  134  133  131  130  129  127  127
  128  129  126  127  125  128  133  139  138                                   
    82.5-180.0 180.0   5.0 450.0                            LAT/LON1/LON2/DLON/H
  128  132  133  133  136  142  146  151  156  160  163  167  169  171  173  174
  175  175  175  175  174  174  173  172  171  170  169  168  168  168  168  168
  168  168  168  168  167  167  166  165  164  163  162  161  160  158  157  155
  154  152  150  147  145  142  139  137  134  131  128  126  123  121  119  117
  117  117  113  115  116  119  120  119  128                                   
    80.0-180.0 180.0   5.0 450.0                            LAT/LON1/LON2/DLON/H
  122  123  123  126  130  135  141  147  153  158  162  166  169  172  173  174
  175  174  174  173  171  170  168  166  165  163  162  162  162  162  163  165
  166  168  169  171  172  173  174  174  174  174  174  174  174  173  173  172
  170  168  166  164  161  157  154  150  146  142  139  135  131  128  125  122
  120  118  114  114  114  115  121  114  122                                   
    77.5-180.0 180.0   5.0 450.0                            LAT/LON1/LON2/DLON/H
  122  117  117  121  123  129  134  141  147  153  157  162  165  167  169  169
  169  169  168  166  164  162  159  157  155  153  152  152  153  155  158  162
  166  170  174  178  182  185  188  190  192  194  196  198  200  201  201  201
  201  199  197  194  190  186  181  177  172  166  161  156  152  147  142  139
  134  131  124  123  122  116  117  116  122                                   
    75.0-180.0 180.0   5.0 450.0                            LAT/LON1/LON2/DLON/H
  121  117  111  115  117  122  127  132  139  144  148  152  155  156  157  157
  157  156  154  153  150  147  145  142  139  137  136  136  138  141  146  152
  159  166  173  180  187  193  198  203  208  213  217  222  226  229  232  233
  233  232  230  226  222  217  211  205  200  194  188  182  177  172  167  162
  157  152  144  138  134  127  126  118  121                                   
    72.5-180.0 180.0   5.0 450.0                            LAT/LON1/LON2/DLON/H
  123  119  111  112  112  116  121  125  131  135  139  142  143  144  144  144
  143  142  141  140  138  135  132  129  126  124  123  123  126  131  138  146
  155  165  175  185  194  203  211  219  226  234  241  248  255  260  265  267
  268  267  263  259  253  247  240  233  227  220  214  208  202  197  192  188
  182  177  169  161  153  143  139  132  123                                   
    70.0-180.0 180.0   5.0 450.0                            LAT/LON1/LON2/DLON/H
  131  121  113  110  107  108  111  114  119  123  125  128  128  128  128  127
  126  125  125  125  124  122  120  117  114  111  110  110  113  119  127  137
  148  161  173  185  196  207  218  228  238  249  259  269  278  286  291  294
  294  292  287  281  274  266  257  249  241  234  228  222  217  212  208  204
  200  195  187  180  170  161  157  148  131                                   
    67.5-180.0 180.0   5.0 450.0                            LAT/LON1/LON2/DLON/H
  136  126  116  110  105  103  104  105  109  112  114  116  116  115  114  112
  112  112  113  114  114  114  112  109  106  103  102  102  105  111  120  130
  142  155  169  182  195  207  220  232  245  258  271  283  294  303  309  311
  310  306  299  291  281  271  261  252  244  237  230  225  221  217  213  211
  208  204  199  192  183  175  170  162  136                                   
    65.0-180.0 180.0   5.0 450.0                            LAT/LON1/LON2/DLON/H
  145  134  121  113  104   99   98   97  100  102  103  105  104  103  102  100
  100  101  102  104  106  107  106  105  102  100   98   99  102  108  116  127
  139  152  165  179  192  206  220  235  250  266  281  295  307  316  322  323
  320  313  304  293  281  269  258  248  240  232  226  222  217  214  211  210
  208  207  203  199  194  189  185  178  145                                   
    62.5-180.0 180.0   5.0 450.0                            LAT/LON1/LON2/DLON/H
  155  144  130  118  106   98   93   90   91   92   93   94   94   93   92   91
   90   91   94   96   99  101  101  100   98   97   96   98  102  107  115  125
  135  147  160  173  187  202  218  234  251  269  286  302  314  323  327  327
  321  313  302  289  276  263  251  241  232  225  219  214  210  207  204  203
  202  202  201  200  198  197  196  190  155                                   
    60.0-180.0 180.0   5.0 450.0                            LAT/LON1/LON2/DLON/H
  167  156  142  127  112  100   91   85   83   82   83   84   85   84   83   82
   82   83   85   88   91   93   94   94   93   93   94   97  102  108  115  124
  132  142  154  166  181  197  214  232  251  270  289  305  318  326  329  327
  321  311  299  286  272  260  248  238  229  222  216  210  205  201  197  195
  194  195  195  196  199  202  203  197  167                                   
    57.5-180.0 180.0   5.0 450.0                            LAT/LON1/LON2/DLON/H
  182  173  159  141  124  108   95   85   79   76   75   76   77   77   77   76
   76   77   78   80   82   84   85   86   87   89   92   97  103  110  117  124
  131  139  149  161  176  193  211  231  251  272  291  307  320  328  330  328
  322  313  302  289  277  265  254  244  235  228  221  215  209  203  197  194
  191  191  192  195  200  206  210  205  182                                   
    55.0-180.0 180.0   5.0 450.0                            LAT/LON1/LON2/DLON/H
  200  192  180  161  143  123  106   90   80   73   70   70   71   72   72   72
   72   72   72   73   74   75   76   77   79   83   89   96  104  112  119  124
  130  136  146  158  173  191  211  232  252  273  292  309  321  329  333  331
  327  320  311  301  291  280  270  260  251  243  235  227  220  212  205  200
  195  194  195  198  204  212  217  212  200                                   
    52.5-180.0 180.0   5.0 450.0                            LAT/LON1/LON2/DLON/H
  219  214  204  185  167  145  124  104   88   76   70   68   68   69   70   70
   70   69   69   68   68   68   68   70   72   78   85   95  105  114  121  126
  130  136  144  157  174  193  213  234  255  275  293  310  323  331  336  338
  336  332  327  320  311  302  292  282  273  263  254  245  236  227  219  213
  207  205  205  207  212  220  225  220  219                                   
    50.0-180.0 180.0   5.0 450.0                            LAT/LON1/LON2/DLON/H
  237  234  227  211  194  171  148  124  103   87   76   71   70   70   71   71
   71   70   69   67   66   65   65   66   69   75   84   94  106  116  123  128
  131  137  146  160  177  197  218  238  258  277  295  311  324  334  342  346
  348  348  346  341  335  326  316  306  295  284  274  263  254  245  237  230
  224  222  220  220  224  231  235  230  237                                   
    47.5-180.0 180.0   5.0 450.0                            LAT/LON1/LON2/DLON/H
  250  249  245  233  218  197  174  147  124  103   89   81   77   75   75   75
   75   74   73   71   69   68   67   67   70   76   84   95  107  118  125  130
  134  139  149  164  183  204  225  244  262  280  296  312  326  338  348  355
  361  364  364  361  355  346  336  324  312  300  288  277  268  259  252  247
  243  240  237  235  236  241  244  239  250                                   
    45.0-180.0 180.0   5.0 450.0                            LAT/LON1/LON2/DLON/H
  255  256  254  246  235  218  196  170  145  123  106   95   89   85   84   83
   82   81   80   79   77   75   74   74   76   80   87   97  109  119  127  133
  137  143  154  171  191  212  232  251  267  283  299  315  330  343  355  364
  372  377  378  376  370  360  349  336  322  309  296  285  275  268  263  260
  258  257  253  249  247  248  249  245  255                                   
    42.5-180.0 180.0   5.0 450.0                            LAT/LON1/LON2/DLON/H
  250  251  251  247  240  226  209  187  164  142  125  112  104   98   95   93
   93   92   91   89   88   86   85   84   85   88   93  101  111  121  130  136
  142  149  161  178  199  221  241  258  274  289  305  321  336  350  363  374
  383  388  389  386  379  369  356  343  329  315  301  289  279  273  269  269
  269  269  266  260  254  252  251  245  250                                   
    40.0-180.0 180.0   5.0 450.0                            LAT/LON1/LON2/DLON/H
  238  236  236  234  230  220  209  192  175  156  141  129  120  113  109  106
  105  104  103  101  100   98   97   96   96   96   99  105  113  123  133  141
  148  156  169  186  207  229  249  267  283  299  315  331  347  362  375  386
  395  400  401  397  390  380  367  354  339  325  310  297  286  279  276  276
  277  278  275  267  259  252  250  241  238                                   
    37.5-180.0 180.0   5.0 450.0                            LAT/LON1/LON2/DLON/H
  223  216  214  210  207  201  195  185  175  163  152  143  134  128  123  120
  118  117  116  113  111  109  108  107  106  105  106  109  116  126  137  146
  155  164  177  194  215  238  259  277  295  313  330  348  364  379  392  403
  411  416  418  415  409  400  389  377  363  348  333  317  304  295  291  290
  290  290  285  275  264  253  248  237  223                                   
    35.0-180.0 180.0   5.0 450.0                            LAT/LON1/LON2/DLON/H
  212  198  192  183  180  174  172  169  165  160  156  151  145  140  136  133
  131  130  127  124  121  119  117  116  115  113  112  114  120  130  141  153
  163  173  185  202  224  247  269  290  311  331  351  369  386  401  414  425
  435  441  445  446  443  437  429  419  407  392  375  358  342  329  321  317
  314  311  303  289  276  260  252  238  212                                   
    32.5-180.0 180.0   5.0 450.0                            LAT/LON1/LON2/DLON/H
  211  190  178  163  157  149  149  149  151  152  153  153  152  149  146  145
  143  141  138  133  129  126  124  123  122  120  118  119  124  134  147  159
  171  182  194  211  233  257  281  305  329  352  374  394  412  428  442  455
  467  478  486  492  494  493  489  482  472  458  440  421  401  384  372  363
  356  348  336  317  300  278  266  250  211                                   
    30.0-180.0 180.0   5.0 450.0                            LAT/LON1/LON2/DLON/H
  224  196  177  158  147  136  134  135  139  143  148  152  154  154  154  154
  153  151  147  141  136  132  130  129  127  125  123  123  128  138  152  167
  180  192  205  222  244  268  295  321  348  374  398  421  440  458  475  491
  507  524  539  552  560  565  566  562  554  541  523  503  481  460  444  430
  417  404  387  362  339  312  294  275  224                                   
    27.5-180.0 180.0   5.0 450.0                            LAT/LON1/LON2/DLON/H
  253  220  194  171  155  141  136  134  136  140  146  151  155  158  159  160
  160  158  154  148  142  138  136  134  132  130  127  127  132  143  158  175
  190  203  217  234  256  281  309  337  366  394  420  444  466  487  507  528
  550  574  597  617  633  644  648  648  642  631  615  595  573  551  532  513
  496  478  454  422  392  359  334  314  253                                   
    25.0-180.0 180.0   5.0 450.0                            LAT/LON1/LON2/DLON/H
  295  258  226  202  183  166  157  151  148  148  151  155  159  161  164  165
  165  163  159  153  149  145  143  141  138  134  131  131  135  147  163  182
  199  214  229  247  269  294  322  351  380  409  436  461  485  509  533  560
  588  619  649  677  699  714  722  724  720  712  699  682  663  643  623  603
  583  562  533  493  455  416  384  363  295                                   
    22.5-180.0 180.0   5.0 450.0                            LAT/LON1/LON2/DLON/H
  345  305  269  247  224  208  195  184  176  170  167  166  167  168  169  170
  169  167  163  159  156  154  152  148  143  138  134  133  137  148  165  185
  205  223  240  260  282  307  333  362  391  418  445  470  496  522  551  582
  616  652  688  720  745  762  770  773  772  767  759  747  733  718  701  682
  662  641  611  566  519  473  437  414  345                                   
    20.0-180.0 180.0   5.0 450.0                            LAT/LON1/LON2/DLON/H
  395  354  317  298  273  258  243  230  215  203  193  187  183  181  179  177
  174  171  167  164  163  162  160  156  148  141  134  131  134  145  163  185
  207  229  250  271  294  317  342  369  397  424  450  475  501  529  560  594
  631  669  707  739  763  778  786  789  790  790  787  782  774  765  753  737
  720  701  674  627  574  523  486  460  395                                   
    17.5-180.0 180.0   5.0 450.0                            LAT/LON1/LON2/DLON/H
  435  395  360  345  319  308  293  278  259  241  225  213  205  199  193  187
  182  176  172  170  170  170  168  162  151  140  131  127  128  138  156  181
  207  233  258  281  304  327  350  376  402  428  453  478  505  534  565  600
  636  673  708  736  755  766  772  776  780  784  787  788  787  783  776  764
  750  735  712  667  613  556  523  494  435                                   
    15.0-180.0 180.0   5.0 450.0                            LAT/LON1/LON2/DLON/H
  461  422  393  381  356  347  334  319  298  277  257  243  231  221  212  202
  193  185  178  176  176  177  174  165  152  137  126  119  119  129  149  176
  206  236  264  290  313  335  358  382  408  433  458  483  510  539  569  601
  634  666  694  715  728  734  738  744  752  761  769  776  779  780  776  767
  755  742  722  682  631  572  543  514  461                                   
    12.5-180.0 180.0   5.0 450.0                            LAT/LON1/LON2/DLON/H
  472  436  412  402  379  371  359  346  326  304  284  269  257  245  233  220
  207  196  187  182  180  180  175  164  148  132  119  111  111  122  142  172
  205  238  269  296  319  342  364  389  415  441  466  491  517  545  573  601
  628  653  673  686  693  696  700  709  721  734  746  755  762  764  761  752
  741  728  710  675  629  572  548  522  472                                   
    10.0-180.0 180.0   5.0 450.0                            LAT/LON1/LON2/DLON/H
  476  444  426  412  391  381  369  357  338  319  301  288  278  267  254  239
  223  209  196  187  182  179  171  159  142  125  112  105  106  117  139  169
  204  239  270  298  322  345  369  396  423  450  476  501  526  552  576  600
  621  640  654  661  664  666  673  685  700  715  728  738  744  744  739  728
  714  701  684  652  614  562  542  522  476                                   
     7.5-180.0 180.0   5.0 450.0                            LAT/LON1/LON2/DLON/H
  480  456  440  422  400  386  371  358  340  322  307  297  291  283  271  256
  239  221  205  191  181  173  163  150  133  118  107  101  103  115  137  168
