data/edconvlstm_nd/pred1370.15i
     1.0            IONOSPHERE MAPS     GNSS                IONEX VERSION / TYPE
pyspatialgeodesy        IME             05-JAN-18 20:20     PGM / RUN BY / DATE 
Map Name                                                    COMMENT             
Predicted global ionosphere maps (GIM).                     DESCRIPTION         
  2015     5    17     0     0     0                        EPOCH OF FIRST MAP  
  2015     5    18     0     0     0                        EPOCH OF LAST MAP   
  7200                                                      INTERVAL            
    13                                                      # OF MAPS IN FILE   
  NONE                                                      MAPPING FUNCTION    
10.0                                                        ELEVATION CUTOFF    
One-way carrier phase leveled to code                       OBSERVABLES USED    
  6371.0                                                    BASE RADIUS         
 2                                                          MAP DIMENSION       
   450.0 450.0   0.0                                        HGT1 / HGT2 / DHGT  
    87.5 -87.5  -2.5                                        LAT1 / LAT2 / DLAT  
  -180.0 180.0   5.0                                        LON1 / LON2 / DLON  
    -1                                                      EXPONENT            
                                                            END OF HEADER       
[from data line 1716]
     5                                                      START OF TEC MAP    
  2015     5    17     8     0     0                        EPOCH OF CURRENT MAP
    87.5-180.0 180.0   5.0 450.0                            LAT/LON1/LON2/DLON/H
  202  194  189  193  196  197  195  195  198  200  201  202  204  205  206  206
  207  207  208  208  208  208  208  208  208  208  208  207  207  207  207  206
  206  206  206  206  205  205  205  205  205  204  204  204  203  203  202  201
  200  200  199  198  197  196  195  194  193  192  191  191  190  189  188  188
  187  189  187  187  191  190  192  193  202                                   
    85.0-180.0 180.0   5.0 450.0                            LAT/LON1/LON2/DLON/H
  192  187  190  191  193  195  197  199  202  204  205  207  208  209  210  211
  212  212  212  213  213  213  213  213  212  212  212  212  212  212  212  213
  213  213  213  214  214  214  214  214  214  214  214  213  213  212  211  210
  210  209  208  206  205  204  203  202  201  199  198  197  196  194  193  192
  192  193  188  189  186  186  189  194  192                                   
    82.5-180.0 180.0   5.0 450.0                            LAT/LON1/LON2/DLON/H
  185  186  185  182  183  186  189  191  195  197  199  202  203  205  206  206
  207  207  207  207  206  206  205  205  205  204  204  205  205  205  206  207
  208  209  210  211  212  213  214  214  215  215  215  215  214  214  213  213
  212  211  210  209  208  207  206  205  203  202  200  198  196  194  192  190
  188  187  182  183  182  184  186  178  185                                   
    80.0-180.0 180.0   5.0 450.0                            LAT/LON1/LON2/DLON/H
  183  181  178  177  177  178  182  185  190  193  195  198  200  201  202  202
  202  202  201  200  199  198  197  196  195  194  194  194  195  196  197  199
  202  204  206  208  210  212  213  215  216  217  218  218  219  219  220  220
  220  220  220  219  219  218  217  216  215  213  212  210  207  204  202  199
  196  192  186  186  183  182  188  174  183                                   
    77.5-180.0 180.0   5.0 450.0                            LAT/LON1/LON2/DLON/H
  187  179  178  176  174  175  178  181  185  188  190  192  194  195  196  196
  195  194  193  191  189  188  186  184  183  182  182  182  184  187  190  193
  197  201  205  209  212  215  217  219  221  223  225  227  228  229  231  232
  233  233  234  234  234  234  234  233  233  232  230  228  226  223  220  216
  212  207  199  197  196  191  190  183  187                                   
    75.0-180.0 180.0   5.0 450.0                            LAT/LON1/LON2/DLON/H
  191  184  178  175  173  173  175  177  181  183  185  187  188  188  188  188
  187  186  184  183  180  178  175  173  171  170  170  171  174  178  183  188
  194  200  205  210  214  218  222  225  228  230  233  236  238  241  243  244
  246  247  248  249  249  250  250  250  250  250  249  248  247  244  241  238
  232  227  218  211  207  204  202  193  191                                   
    72.5-180.0 180.0   5.0 450.0                            LAT/LON1/LON2/DLON/H
  197  190  183  178  174  173  174  175  177  179  180  181  182  181  181  180
  179  178  177  175  173  171  168  165  163  162  162  164  168  173  180  187
  195  202  208  214  219  224  228  231  235  239  242  246  249  252  254  256
  258  259  260  260  260  261  261  261  262  262  263  263  262  261  259  256
  251  246  238  230  223  219  216  210  197                                   
    70.0-180.0 180.0   5.0 450.0                            LAT/LON1/LON2/DLON/H
  206  195  188  180  174  170  170  170  172  173  174  175  175  175  174  173
  172  172  171  170  168  166  163  160  157  156  156  159  164  171  179  189
  198  206  213  219  225  229  233  238  242  246  251  255  258  262  264  266
  267  267  266  266  265  264  263  263  264  264  266  267  268  268  267  266
  262  258  250  243  236  233  231  226  206                                   
    67.5-180.0 180.0   5.0 450.0                            LAT/LON1/LON2/DLON/H
  209  200  191  183  174  168  166  165  166  167  168  170  170  170  170  169
  169  169  169  168  167  165  162  159  156  155  156  159  165  173  183  193
  203  212  219  225  230  235  239  244  249  254  259  264  267  270  272  273
  273  272  270  267  265  262  260  259  258  259  260  262  264  265  265  265
  264  261  255  249  243  242  239  237  209                                   
    65.0-180.0 180.0   5.0 450.0                            LAT/LON1/LON2/DLON/H
  213  204  194  184  172  164  160  158  159  159  161  163  165  165  165  165
  165  166  166  166  166  164  161  158  155  155  156  160  168  177  188  199
  209  218  225  231  236  241  246  251  257  263  268  273  277  279  280  280
  278  276  272  268  263  259  255  252  250  250  251  252  254  256  257  257
  257  256  252  249  246  247  246  243  213                                   
    62.5-180.0 180.0   5.0 450.0                            LAT/LON1/LON2/DLON/H
  216  209  199  186  172  161  154  149  148  149  151  155  157  159  160  160
  161  162  162  163  162  160  158  155  153  153  156  161  170  180  192  203
  214  223  230  236  241  246  252  259  266  273  279  284  287  288  288  287
  285  281  277  271  266  260  254  249  246  244  244  244  244  245  246  247
  246  247  245  244  244  248  248  246  216                                   
    60.0-180.0 180.0   5.0 450.0                            LAT/LON1/LON2/DLON/H
  222  218  207  190  174  159  148  139  136  136  138  143  147  150  152  153
  154  154  155  155  154  153  150  148  148  149  154  161  171  182  194  206
  216  225  233  239  245  251  258  267  276  284  291  295  298  298  298  296
  293  290  286  281  275  268  261  255  250  247  244  242  241  239  238  238
  238  238  238  239  243  249  251  246  222                                   
    57.5-180.0 180.0   5.0 450.0                            LAT/LON1/LON2/DLON/H
  235  234  222  202  184  163  147  133  126  122  123  128  133  138  141  143
  144  145  145  145  144  142  141  140  141  144  151  160  171  183  196  207
  218  227  235  242  249  258  267  277  288  298  305  309  311  311  310  308
  307  305  303  299  293  287  279  272  266  260  255  251  247  243  240  239
  237  238  238  241  247  255  257  251  235                                   
    55.0-180.0 180.0   5.0 450.0                            LAT/LON1/LON2/DLON/H
  256  257  245  223  202  177  155  134  120  111  109  112  118  123  128  131
  133  134  134  134  132  131  130  131  134  140  149  160  172  185  198  209
  220  230  239  247  256  266  278  290  303  313  321  325  327  326  325  325
  325  326  325  323  319  313  306  298  291  284  277  270  264  257  252  249
  247  248  248  251  258  268  270  262  256                                   
    52.5-180.0 180.0   5.0 450.0                            LAT/LON1/LON2/DLON/H
  282  284  273  250  228  200  172  143  122  106   99  100  104  110  115  120
  122  124  125  124  124  123  123  126  131  139  151  163  177  189  202  213
  224  234  244  254  265  277  291  305  319  331  340  344  345  345  344  345
  347  350  351  351  348  343  336  329  321  313  305  296  287  279  273  269
  267  267  268  270  276  286  287  278  282                                   
    50.0-180.0 180.0   5.0 450.0                            LAT/LON1/LON2/DLON/H
  308  310  300  278  258  228  196  161  133  110   97   93   95  100  105  110
  114  117  119  120  121  121  122  126  134  144  157  171  185  197  209  220
  231  241  252  264  276  290  305  322  337  351  360  364  366  366  367  369
  372  375  378  378  375  370  364  356  349  341  332  323  313  304  297  293
  292  294  295  295  298  307  306  297  308                                   
    47.5-180.0 180.0   5.0 450.0                            LAT/LON1/LON2/DLON/H
  327  328  320  301  283  255  223  184  150  121  103   94   92   95  100  105
  110  115  119  122  124  126  129  134  143  155  169  184  197  208  219  228
  239  250  262  275  288  304  320  338  355  370  380  386  388  390  391  393
  396  399  400  399  396  390  383  375  368  361  353  344  334  326  320  318
  319  322  323  322  321  327  323  315  327                                   
    45.0-180.0 180.0   5.0 450.0                            LAT/LON1/LON2/DLON/H
  333  332  326  312  297  274  244  206  170  138  115  103   98   98  101  106
  112  118  124  129  133  136  141  147  157  170  184  198  210  220  229  238
  247  259  272  285  300  317  334  353  372  388  400  407  412  414  416  417
  419  419  418  415  409  401  393  384  377  371  364  356  348  341  337  338
  342  348  349  346  341  343  335  326  333                                   
    42.5-180.0 180.0   5.0 450.0                            LAT/LON1/LON2/DLON/H
  325  318  313  303  293  276  253  221  188  156  133  118  110  108  109  112
  118  124  132  139  145  150  156  163  173  185  199  212  223  231  238  246
  255  267  280  295  311  328  347  367  387  404  418  428  434  438  440  441
  440  438  434  428  420  410  399  389  381  375  369  363  356  352  351  354
  361  368  370  365  355  352  340  329  325                                   
    40.0-180.0 180.0   5.0 450.0                            LAT/LON1/LON2/DLON/H
  305  289  284  276  269  260  246  223  197  171  151  137  128  123  122  123
  128  134  142  151  158  164  171  178  187  198  211  222  232  239  245  252
  261  273  288  304  321  339  359  379  400  419  434  447  455  461  464  464
  462  458  453  447  438  427  415  403  393  385  379  373  368  364  365  370
  379  387  388  380  366  356  340  326  305                                   
    37.5-180.0 180.0   5.0 450.0                            LAT/LON1/LON2/DLON/H
  282  256  246  237  232  228  223  211  196  179  165  155  147  141  138  138
  140  146  154  162  169  176  183  190  199  208  219  229  238  244  250  256
  265  278  294  311  330  349  370  391  412  432  449  463  474  482  487  488
  487  485  483  479  473  463  451  438  425  415  406  399  393  390  391  396
  404  411  409  398  379  363  341  322  282                                   
    35.0-180.0 180.0   5.0 450.0                            LAT/LON1/LON2/DLON/H
  268  232  215  201  194  192  194  191  186  180  174  169  165  160  156  154
  155  159  164  171  178  185  193  200  208  216  225  233  240  246  251  258
  268  282  299  319  339  360  381  403  424  444  461  476  489  500  508  514
  517  521  525  528  529  524  514  500  485  471  458  448  440  435  434  437
  443  446  440  424  401  378  350  325  268                                   
    32.5-180.0 180.0   5.0 450.0                            LAT/LON1/LON2/DLON/H
  273  231  203  180  168  164  168  171  174  176  178  179  179  176  172  170
  170  171  174  179  185  192  200  208  216  223  229  235  240  245  250  258
  269  285  305  327  349  371  393  415  435  454  471  486  502  517  530  542
  554  566  581  595  606  609  603  590  573  554  536  522  510  502  499  498
  499  498  487  465  438  409  374  344  273                                   
    30.0-180.0 180.0   5.0 450.0                            LAT/LON1/LON2/DLON/H
  304  258  219  187  166  156  156  161  166  173  180  186  189  189  187  185
  184  184  184  186  190  198  207  217  225  230  233  236  238  242  248  257
  270  289  311  335  360  383  405  426  445  462  478  494  512  532  552  573
  595  620  648  675  698  710  710  699  680  657  635  615  599  588  581  576
  572  565  550  521  491  455  414  380  304                                   
    27.5-180.0 180.0   5.0 450.0                            LAT/LON1/LON2/DLON/H
  360  314  265  223  192  174  168  168  171  178  186  194  199  200  200  199
  199  197  195  194  197  205  217  228  236  239  238  236  236  238  245  256
  272  293  318  344  370  394  415  434  451  467  483  500  521  546  574  604
  638  676  718  758  791  812  818  809  790  766  740  716  697  683  672  662
  652  642  623  587  554  512  466  432  360                                   
    25.0-180.0 180.0   5.0 450.0                            LAT/LON1/LON2/DLON/H
  433  392  335  286  247  221  204  197  194  196  200  206  210  212  213  213
  212  210  207  204  206  215  228  241  249  249  243  236  233  235  242  256
  275  298  324  351  377  401  421  440  456  471  487  506  530  560  595  634
  677  725  775  824  864  891  901  896  880  856  830  805  785  770  758  744
  729  715  695  654  616  568  523  492  433                                   
    22.5-180.0 180.0   5.0 450.0                            LAT/LON1/LON2/DLON/H
  511  476  416  368  321  290  263  247  234  228  225  226  227  227  227  227
  226  223  219  216  218  227  241  255  261  257  246  235  228  230  239  255
  275  300  327  355  381  404  424  442  458  474  492  514  541  575  614  658
  705  756  808  857  899  927  940  940  929  909  885  864  846  833  822  806
  789  774  752  708  666  613  574  549  511                                   
    20.0-180.0 180.0   5.0 450.0                            LAT/LON1/LON2/DLON/H
  576  547  493  452  402  369  334  309  287  271  260  253  249  245  243  241
  239  236  232  228  230  239  253  265  268  260  244  229  220  222  233  251
  274  301  329  357  383  406  425  443  461  479  500  524  554  590  630  674
  719  765  811  854  891  918  934  938  932  918  901  884  871  862  854  839
  821  805  784  737  691  635  606  589  576                                   
    17.5-180.0 180.0   5.0 450.0                            LAT/LON1/LON2/DLON/H
  614  589  546  516  469  440  403  374  344  319  299  285  275  267  260  255
  251  248  243  240  241  249  260  268  266  253  234  216  207  210  224  245
  271  300  330  359  385  407  427  446  466  487  511  538  569  604  642  681
  719  756  791  824  852  875  892  901  902  895  883  872  864  859  853  841
  823  806  784  736  687  629  612  603  614                                   
    15.0-180.0 180.0   5.0 450.0                            LAT/LON1/LON2/DLON/H
  618  594  564  545  508  486  454  425  393  363  337  318  302  289  278  269
  262  257  252  249  249  254  259  262  254  237  215  196  189  195  212  238
  268  300  332  362  387  410  430  451  473  497  524  553  584  617  650  681
  710  736  758  778  797  815  832  847  855  855  850  844  839  836  831  819
  800  781  757  709  659  600  591  589  618                                   
    12.5-180.0 180.0   5.0 450.0                            LAT/LON1/LON2/DLON/H
  594  568  551  540  515  500  476  452  423  393  365  344  326  310  295  282
  272  265  259  255  253  253  252  247  234  212  189  173  169  179  201  231
  265  300  334  364  390  413  434  456  481  508  536  565  594  623  651  675
  695  710  722  732  743  758  776  795  810  817  817  815  812  808  801  787
  765  743  717  669  620  562  556  557  594                                   
    10.0-180.0 180.0   5.0 450.0                            LAT/LON1/LON2/DLON/H
  560  532  525  517  501  492  475  457  433  406  380  360  343  326  309  293
  279  270  263  257  252  247  239  226  208  184  163  150  151  165  191  224
  262  299  335  366  393  416  438  462  488  515  543  571  597  621  643  661
  675  685  692  698  707  721  741  764  783  796  801  800  797  790  779  760
  734  708  678  631  584  529  520  523  560                                   
     7.5-180.0 180.0   5.0 450.0                            LAT/LON1/LON2/DLON/H
  535  510  507  495  484  476  462  449  429  406  384  367  352  337  319  301
  284  272  263  256  248  237  222  203  181  158  139  131  135  153  181  217
