data/edconvlstm_nd/pred3450.15i
     1.0            IONOSPHERE MAPS     GNSS                IONEX VERSION / TYPE
pyspatialgeodesy        IME             05-JAN-18 20:20     PGM / RUN BY / DATE 
Map Name                                                    COMMENT             
Predicted global ionosphere maps (GIM).                     DESCRIPTION         
  2015    12    11     0     0     0                        EPOCH OF FIRST MAP  
  2015    12    12     0     0     0                        EPOCH OF LAST MAP   
  7200                                                      INTERVAL            
    13                                                      # OF MAPS IN FILE   
  NONE                                                      MAPPING FUNCTION    
10.0                                                        ELEVATION CUTOFF    
One-way carrier phase leveled to code                       OBSERVABLES USED    
  6371.0                                                    BASE RADIUS         
 2                                                          MAP DIMENSION       
   450.0 450.0   0.0                                        HGT1 / HGT2 / DHGT  
    87.5 -87.5  -2.5                                        LAT1 / LAT2 / DLAT  
  -180.0 180.0   5.0                                        LON1 / LON2 / DLON  
    -1                                                      EXPONENT            
                                                            END OF HEADER       
[from data line 1287]
     4                                                      START OF TEC MAP    
  2015    12    11     6     0     0                        EPOCH OF CURRENT MAP
    87.5-180.0 180.0   5.0 450.0                            LAT/LON1/LON2/DLON/H
   39   48   43   46   46   46   45   41   42   43   43   43   43   43   42   42
   42   41   41   40   40   40   39   39   39   38   38   38   38   38   38   38
   38   38   38   38   38   38   38   38   38   38   38   38   38   38   38   38
   38   37   37   37   37   37   37   37   37   36   36   36   36   36   36   36
   37   37   36   37   44   55   64   58   39                                   
    85.0-180.0 180.0   5.0 450.0                            LAT/LON1/LON2/DLON/H
   31   53   50   49   52   54   54   53   53   54   53   53   53   53   52   52
   51   51   50   50   49   49   49   48   48   48   48   48   48   48   48   48
   49   49   49   50   50   50   50   51   51   51   51   51   50   50   50   50
   49   49   49   48   48   48   48   47   47   47   47   47   46   46   46   46
   47   48   45   47   53   55   67   59   31                                   
    82.5-180.0 180.0   5.0 450.0                            LAT/LON1/LON2/DLON/H
   38   44   58   52   53   54   54   53   54   55   54   55   54   54   53   52
   51   50   49   48   47   47   46   46   45   45   45   45   45   45   46   46
   47   48   49   49   50   51   52   52   53   53   53   53   53   53   52   52
   51   51   51   50   50   50   49   49   49   49   49   48   48   48   47   48
   48   49   47   47   57   51   54   50   38                                   
    80.0-180.0 180.0   5.0 450.0                            LAT/LON1/LON2/DLON/H
   48   49   59   51   56   54   56   55   56   56   55   56   55   54   52   51
   49   48   46   45   44   44   43   43   42   42   42   43   43   44   44   45
   46   48   49   50   52   53   54   56   56   57   57   57   56   56   55   54
   54   53   53   53   53   53   53   53   53   52   52   52   52   51   51   51
   51   50   51   50   58   54   54   51   48                                   
    77.5-180.0 180.0   5.0 450.0                            LAT/LON1/LON2/DLON/H
   56   52   56   49   50   51   53   54   56   56   55   55   54   52   50   48
   45   43   41   40   38   37   37   36   36   36   36   36   36   37   38   40
   41   43   45   47   49   51   53   55   56   57   57   57   57   56   56   55
   55   55   55   55   55   56   57   57   58   58   57   57   56   55   54   54
   53   52   51   51   52   42   45   46   56                                   
    75.0-180.0 180.0   5.0 450.0                            LAT/LON1/LON2/DLON/H
   49   50   53   47   47   50   52   53   54   55   54   54   52   50   47   44
   41   39   37   36   35   34   34   34   34   34   35   35   36   37   38   39
   40   42   44   46   48   51   53   55   57   58   59   59   59   59   58   58
   58   59   60   61   63   64   66   67   68   68   67   67   66   64   62   61
   59   58   57   53   53   44   44   44   49                                   
    72.5-180.0 180.0   5.0 450.0                            LAT/LON1/LON2/DLON/H
   49   48   51   44   46   50   54   55   56   57   55   55   52   49   46   43
   40   37   35   34   33   33   34   34   35   36   37   38   38   39   40   41
   42   43   45   47   49   52   55   57   60   62   63   64   64   64   64   65
   66   68   70   73   75   78   81   83   83   84   83   81   79   77   75   73
   70   68   68   64   62   50   49   49   49                                   
    70.0-180.0 180.0   5.0 450.0                            LAT/LON1/LON2/DLON/H
   51   47   51   45   45   48   52   54   56   57   55   55   52   48   45   41
   38   36   34   33   33   34   36   37   39   41   42   43   44   44   44   44
   44   44   45   46   48   51   54   57   60   62   65   66   67   68   69   71
   73   76   80   85   89   93   97   99  100   99   98   95   92   89   85   82
   79   76   75   71   67   56   56   53   51                                   
    67.5-180.0 180.0   5.0 450.0                            LAT/LON1/LON2/DLON/H
   47   42   45   40   41   44   48   51   53   54   53   52   49   46   42   38
   35   33   32   31   32   34   36   38   41   43   45   46   46   45   45   43
   42   41   41   41   42   44   47   50   54   58   61   63   66   68   70   73
   77   82   88   94  100  104  108  110  111  110  107  104  100   96   91   87
   83   79   78   73   69   57   55   53   47                                   
    65.0-180.0 180.0   5.0 450.0                            LAT/LON1/LON2/DLON/H
   45   39   40   36   36   40   45   48   51   52   51   51   48   45   41   38
   35   33   32   32   34   36   38   41   44   46   47   48   48   47   45   43
   41   38   37   36   36   38   41   44   49   54   58   62   66   69   73   78
   84   91   98  105  112  117  121  123  123  121  118  114  109  104   98   93
   87   82   81   76   71   60   57   55   45                                   
    62.5-180.0 180.0   5.0 450.0                            LAT/LON1/LON2/DLON/H
   44   36   36   33   33   37   42   45   48   50   50   50   48   45   42   39
   37   35   34   35   36   38   41   43   46   48   49   49   48   47   44   42
   39   36   33   32   31   33   36   40   45   51   57   62   67   73   78   85
   93  101  110  118  125  130  133  134  134  132  129  125  120  114  107  100
   93   87   85   78   73   61   57   57   44                                   
    60.0-180.0 180.0   5.0 450.0                            LAT/LON1/LON2/DLON/H
   46   36   33   30   29   33   38   41   44   46   47   47   45   44   41   39
   38   36   36   36   37   39   40   42   44   45   45   45   44   42   40   37
   34   32   29   27   26   28   30   35   41   48   55   62   69   76   83   92
  101  111  120  129  135  140  142  142  141  139  137  133  129  123  115  107
   99   90   87   80   75   62   57   57   46                                   
    57.5-180.0 180.0   5.0 450.0                            LAT/LON1/LON2/DLON/H
   51   37   33   30   28   32   36   39   42   43   44   44   44   43   41   40
   39   38   38   37   38   38   39   40   40   40   39   38   37   36   34   32
   30   28   26   25   24   25   29   34   41   49   57   66   74   82   92  102
  112  123  132  140  146  149  150  150  148  147  146  144  141  135  128  119
  108   98   93   85   80   66   61   61   51                                   
    55.0-180.0 180.0   5.0 450.0                            LAT/LON1/LON2/DLON/H
   60   43   38   33   30   33   36   38   40   41   41   42   41   41   41   41
   40   39   39   38   37   37   36   36   35   34   33   32   30   29   28   28
   27   26   26   25   25   27   30   36   44   53   62   72   81   91  102  113
  124  135  144  150  155  157  157  156  155  154  155  155  154  149  142  132
  120  107  101   92   87   73   67   67   60                                   
    52.5-180.0 180.0   5.0 450.0                            LAT/LON1/LON2/DLON/H
   73   54   47   41   37   38   40   40   40   40   39   40   40   41   41   41
   41   40   39   38   37   35   34   33   31   30   28   27   26   25   25   25
   26   27   28   29   30   32   36   43   51   61   71   81   91  102  114  126
  137  147  155  160  163  163  162  161  160  161  163  165  166  163  156  146
  133  119  111  102   97   82   78   76   73                                   
    50.0-180.0 180.0   5.0 450.0                            LAT/LON1/LON2/DLON/H
   87   68   60   54   49   49   49   46   45   42   41   41   41   41   42   43
   42   42   40   39   37   35   34   32   30   28   27   26   25   24   24   26
   28   31   33   35   37   40   45   53   62   72   82   92  103  115  127  139
  150  159  165  169  170  169  167  165  165  166  169  173  175  173  167  158
  144  130  121  112  107   94   90   87   87                                   
    47.5-180.0 180.0   5.0 450.0                            LAT/LON1/LON2/DLON/H
   99   83   74   70   64   63   61   56   52   48   45   44   44   44   45   45
   44   43   42   41   39   38   37   35   33   31   30   29   28   27   28   29
   32   36   40   44   47   51   57   65   75   85   95  105  116  127  140  152
  162  169  174  175  175  173  171  168  167  169  171  175  177  177  172  163
  151  138  128  119  114  103  100   97   99                                   
    45.0-180.0 180.0   5.0 450.0                            LAT/LON1/LON2/DLON/H
  106   94   87   85   80   79   75   69   64   58   54   52   50   50   50   49
   48   47   46   46   45   45   44   42   40   38   37   36   35   34   34   36
   39   44   49   54   58   63   70   78   88   99  108  118  128  139  151  162
  171  177  180  180  178  176  173  170  168  168  170  172  174  173  169  162
  151  140  131  122  117  108  106  102  106                                   
    42.5-180.0 180.0   5.0 450.0                            LAT/LON1/LON2/DLON/H
  107   98   93   94   92   93   89   83   76   70   65   63   61   60   58   56
   55   54   54   54   56   56   56   54   51   49   48   47   45   44   43   44
   47   52   58   63   67   73   81   90  101  112  121  130  139  150  161  171
  178  183  184  183  181  178  175  172  169  168  168  168  168  166  162  156
  148  139  130  121  115  105  103  101  107                                   
    40.0-180.0 180.0   5.0 450.0                            LAT/LON1/LON2/DLON/H
  100   94   91   95   96   99   97   92   87   82   78   76   74   72   69   67
   65   64   65   67   70   71   70   68   64   61   59   58   56   54   53   52
   55   59   65   69   74   81   89  101  113  124  133  141  149  159  169  178
  184  187  187  186  184  182  180  177  174  171  169  167  165  161  156  152
  146  138  130  119  110   98   94   93  100                                   
    37.5-180.0 180.0   5.0 450.0                            LAT/LON1/LON2/DLON/H
   88   83   81   86   90   96   96   95   93   90   88   88   86   84   82   79
   77   77   79   83   86   87   86   82   77   72   70   68   66   64   62   61
   62   65   70   74   79   86   96  108  122  134  143  150  158  167  176  184
  189  191  192  191  191  191  190  189  186  184  181  178  173  167  161  156
  151  143  134  122  108   89   82   83   88                                   
    35.0-180.0 180.0   5.0 450.0                            LAT/LON1/LON2/DLON/H
   76   69   67   72   77   84   88   90   92   93   93   96   96   95   93   91
   90   91   94   97  101  102   99   93   87   81   77   76   74   72   69   68
   68   70   73   77   81   88  100  114  130  142  152  160  167  175  184  191
  196  198  200  202  204  207  209  210  211  211  209  205  199  190  182  176
  170  161  150  134  113   85   73   75   76                                   
    32.5-180.0 180.0   5.0 450.0                            LAT/LON1/LON2/DLON/H
   70   57   54   58   61   68   75   80   85   88   93   98  101  102  101  101
  101  102  106  109  112  112  108  100   92   86   82   80   79   77   75   73
   73   74   75   78   82   90  103  120  137  151  161  170  177  185  193  200
  205  210  214  219  225  231  237  243  247  251  252  250  243  234  224  215
  207  195  181  160  133   93   76   76   70                                   
    30.0-180.0 180.0   5.0 450.0                            LAT/LON1/LON2/DLON/H
   73   51   45   47   48   54   61   67   73   79   86   94  100  103  105  106
  108  110  114  116  117  116  111  103   95   88   84   83   82   80   78   76
   75   76   77   78   83   92  107  125  144  160  172  181  189  197  205  213
  220  226  234  243  253  263  273  283  292  301  306  306  302  292  281  270
  258  244  226  200  168  117   95   91   73                                   
    27.5-180.0 180.0   5.0 450.0                            LAT/LON1/LON2/DLON/H
   89   56   46   42   40   45   50   55   61   68   76   85   93   99  103  106
  109  112  115  117  116  113  108  102   95   89   85   84   83   82   80   78
   77   77   77   78   83   94  111  132  152  170  183  194  203  212  221  229
  238  247  259  272  286  300  314  328  342  355  365  369  367  358  345  332
  317  299  279  249  216  157  131  122   89                                   
    25.0-180.0 180.0   5.0 450.0                            LAT/LON1/LON2/DLON/H
  118   76   59   48   41   41   45   47   52   58   65   75   83   90   96  101
  105  108  110  110  108  105  102   98   94   90   87   86   84   83   81   80
   79   78   78   79   85   98  117  139  162  181  196  208  219  229  238  248
  259  272  287  304  322  340  358  375  393  410  424  432  432  424  410  394
  376  356  333  301  269  209  181  167  118                                   
    22.5-180.0 180.0   5.0 450.0                            LAT/LON1/LON2/DLON/H
  158  110   87   66   54   48   47   46   48   52   58   65   73   80   86   91
   96   99  100   99   97   96   95   95   94   92   90   89   87   85   83   82
   81   79   79   80   88  102  123  148  172  192  209  223  235  246  256  268
  282  299  318  339  361  381  402  423  443  462  478  488  490  483  469  450
  429  407  383  352  323  266  238  223  158                                   
    20.0-180.0 180.0   5.0 450.0                            LAT/LON1/LON2/DLON/H
  204  154  127  100   80   67   59   54   52   52   55   60   66   71   77   82
   86   89   89   88   87   88   90   94   96   97   96   94   92   89   87   85
   83   80   79   81   90  107  130  156  181  202  220  236  250  262  274  288
  305  326  350  375  399  422  444  466  486  505  521  531  534  527  512  493
  470  448  425  397  372  323  295  281  204                                   
    17.5-180.0 180.0   5.0 450.0                            LAT/LON1/LON2/DLON/H
  247  200  172  143  118   98   82   72   65   62   61   62   65   68   72   76
   79   81   82   82   82   85   90   96  101  104  104  102   99   95   92   88
   85   81   79   82   92  111  136  163  189  211  230  247  262  276  290  307
  327  352  379  406  431  454  476  496  514  530  544  553  555  549  534  515
  493  472  452  429  409  371  346  334  247                                   
    15.0-180.0 180.0   5.0 450.0                            LAT/LON1/LON2/DLON/H
  283  242  217  189  161  135  114   99   88   80   75   73   72   73   74   77
   79   81   82   83   85   89   95  103  110  113  113  110  105  100   95   90
   85   81   78   82   93  114  140  169  195  217  237  254  270  286  302  322
  345  373  401  428  452  473  492  509  523  535  544  551  552  547  534  516
  496  478  463  445  430  403  383  372  283                                   
    12.5-180.0 180.0   5.0 450.0                            LAT/LON1/LON2/DLON/H
  310  276  256  230  202  173  148  131  117  106   98   92   88   85   85   85
   87   89   90   92   95  100  107  115  121  123  122  116  109  102   96   90
   85   79   77   81   94  116  143  172  199  222  241  259  275  292  310  332
  358  386  414  438  459  477  494  507  516  523  528  531  532  527  517  502
  486  472  460  446  436  418  402  392  310                                   
    10.0-180.0 180.0   5.0 450.0                            LAT/LON1/LON2/DLON/H
  329  301  286  261  235  205  178  161  147  135  125  116  109  105  102  102
  102  104  107  110  114  119  125  131  133  132  126  119  110  102   94   88
   83   78   77   82   95  117  145  175  201  224  244  261  277  295  315  339
  365  393  418  440  457  472  486  496  502  504  505  507  507  504  497  486
  474  463  452  441  433  420  406  395  329                                   
     7.5-180.0 180.0   5.0 450.0                            LAT/LON1/LON2/DLON/H
  344  319  306  279  257  228  202  185  172  161  151  141  133  127  124  123
  123  125  128  133  138  143  146  147  144  137  127  117  106   98   90   85
