data/edconvlstm_nd/pred0070.15i
     1.0            IONOSPHERE MAPS     GNSS                IONEX VERSION / TYPE
pyspatialgeodesy        IME             05-JAN-18 20:20     PGM / RUN BY / DATE 
Map Name                                                    COMMENT             
Predicted global ionosphere maps (GIM).                     DESCRIPTION         
  2015     1     7     0     0     0                        EPOCH OF FIRST MAP  
  2015     1     8     0     0     0                        EPOCH OF LAST MAP   
  7200                                                      INTERVAL            
    13                                                      # OF MAPS IN FILE   
  NONE                                                      MAPPING FUNCTION    
10.0                                                        ELEVATION CUTOFF    
One-way carrier phase leveled to code                       OBSERVABLES USED    
  6371.0                                                    BASE RADIUS         
 2                                                          MAP DIMENSION       
   450.0 450.0   0.0                                        HGT1 / HGT2 / DHGT  
    87.5 -87.5  -2.5                                        LAT1 / LAT2 / DLAT  
  -180.0 180.0   5.0                                        LON1 / LON2 / DLON  
    -1                                                      EXPONENT            
                                                            END OF HEADER       
[from data line 3861]
    10                                                      START OF TEC MAP    
  2015     1     7    18     0     0                        EPOCH OF CURRENT MAP
    87.5-180.0 180.0   5.0 450.0                            LAT/LON1/LON2/DLON/H
   82   83   81   84   89   87   87   82   83   86   85   87   88   89   91   92
   94   96   97   99  100  101  103  104  105  106  107  107  108  108  109  109
  109  109  109  108  108  107  106  105  104  103  102  101  100   99   98   98
   97   97   96   96   96   95   95   95   94   94   93   93   92   91   90   90
   89   88   84   79   84   82   97   97   82                                   
    85.0-180.0 180.0   5.0 450.0                            LAT/LON1/LON2/DLON/H
   86   83   93   75   76   80   79   79   80   82   82   84   85   87   89   91
   93   95   97   99  101  103  104  106  107  108  109  110  111  112  113  113
  113  113  112  112  111  110  108  107  105  103  102  100   99   97   96   95
   95   94   94   94   93   93   93   93   93   93   93   93   92   92   91   90
   90   88   82   77   79   79   85   84   86                                   
    82.5-180.0 180.0   5.0 450.0                            LAT/LON1/LON2/DLON/H
   66   67   72   64   67   70   72   71   71   73   74   76   78   80   83   86
   88   91   93   96   98  100  101  103  105  106  108  109  111  112  114  115
  115  116  115  115  113  112  110  107  105  102   99   97   95   93   92   91
   90   89   89   89   89   90   90   91   91   91   91   91   91   90   89   88
   87   85   80   75   77   86   80   79   66                                   
    80.0-180.0 180.0   5.0 450.0                            LAT/LON1/LON2/DLON/H
   53   55   63   57   56   54   59   59   61   63   65   68   71   75   78   82
   85   88   91   93   95   96   97   98   99  100  102  103  105  107  109  111
  113  114  114  114  113  111  108  105  102   99   96   93   91   89   87   87
   86   86   87   87   88   89   90   90   91   92   92   92   92   91   90   88
   87   84   81   77   72   77   71   77   53                                   
    77.5-180.0 180.0   5.0 450.0                            LAT/LON1/LON2/DLON/H
   62   58   59   55   55   54   59   60   62   63   67   71   76   81   87   92
   96  100  102  104  104  104  104  103  102  102  102  103  105  107  110  113
  116  119  120  121  120  119  116  112  108  104  101   98   95   94   93   93
   93   94   95   96   97   98   99  101  102  102  103  103  103  102  100   98
   96   92   89   85   79   77   74   79   62                                   
    75.0-180.0 180.0   5.0 450.0                            LAT/LON1/LON2/DLON/H
   61   60   59   56   56   54   57   58   61   65   69   75   81   88   95  102
  107  112  114  115  114  111  108  104  100   97   95   94   95   97  100  104
  108  112  115  117  117  116  114  111  107  103  100   97   96   95   95   96
   97   99  100  101  102  103  104  104  105  106  106  107  106  105  104  102
   99   97   94   88   82   76   69   66   61                                   
    72.5-180.0 180.0   5.0 450.0                            LAT/LON1/LON2/DLON/H
   69   66   64   66   63   62   66   67   69   73   77   85   93  102  112  120
  128  133  136  135  132  126  119  111  103   96   90   87   85   86   89   93
   98  103  108  111  113  113  111  109  105  102   99   97   97   97   99  100
  102  104  106  106  107  107  107  106  106  107  107  107  107  106  105  103
  100   97   94   88   81   75   72   71   69                                   
    70.0-180.0 180.0   5.0 450.0                            LAT/LON1/LON2/DLON/H
   72   70   71   72   70   70   71   75   78   83   89   98  108  120  131  143
  152  159  162  161  156  148  137  124  111  100   91   84   79   78   79   83
   87   93   98  102  105  106  105  102  100   97   95   94   95   97   99  102
  105  106  107  107  106  105  104  103  102  101  101  101  101  101  101  100
   97   94   93   88   82   77   75   74   72                                   
    67.5-180.0 180.0   5.0 450.0                            LAT/LON1/LON2/DLON/H
   77   75   75   80   81   82   86   90   93   99  107  117  129  143  157  172
  184  193  197  196  189  178  162  146  129  113  100   90   82   78   77   78
   82   86   91   95   98   98   97   95   93   91   89   90   91   94   97  100
  103  104  104  103  101   99   97   95   94   93   93   93   93   93   94   93
   91   89   87   82   78   75   72   71   77                                   
    65.0-180.0 180.0   5.0 450.0                            LAT/LON1/LON2/DLON/H
   72   71   73   80   81   85   89   95  101  109  118  131  145  161  179  197
  212  224  230  230  222  209  191  171  151  132  116  103   93   85   80   79
   79   81   83   86   87   87   85   83   80   78   77   78   80   83   86   88
   90   90   89   87   85   82   80   78   77   76   77   77   78   79   79   79
   79   78   78   75   72   72   70   71   72                                   
    62.5-180.0 180.0   5.0 450.0                            LAT/LON1/LON2/DLON/H
   65   65   66   74   78   84   90   99  108  118  129  143  159  178  199  220
  239  254  262  263  255  241  221  199  178  158  141  126  113  102   94   87
   84   81   80   79   78   76   73   70   67   65   64   64   66   68   70   71
   72   71   70   67   65   62   60   59   59   59   60   61   62   63   65   65
   65   65   65   63   62   62   61   65   65                                   
    60.0-180.0 180.0   5.0 450.0                            LAT/LON1/LON2/DLON/H
   55   55   57   65   69   77   86   98  110  123  137  153  171  192  215  239
  262  279  290  291  284  269  248  226  205  186  169  154  141  128  115  105
   96   89   83   78   74   69   65   60   57   54   53   52   53   53   54   54
   53   51   49   46   44   43   43   43   44   45   46   47   49   50   51   52
   52   53   54   52   52   53   54   60   55                                   
    57.5-180.0 180.0   5.0 450.0                            LAT/LON1/LON2/DLON/H
   46   46   47   57   62   71   83   99  115  131  147  164  183  205  230  256
  280  300  312  315  307  291  271  249  230  213  199  187  174  160  145  130
  117  105   94   85   77   70   63   58   53   50   47   46   45   44   42   40
   38   35   33   31   31   31   32   34   36   38   39   40   41   42   43   44
   45   46   47   46   46   47   48   56   46                                   
    55.0-180.0 180.0   5.0 450.0                            LAT/LON1/LON2/DLON/H
   42   42   43   52   58   68   84  103  123  142  160  178  196  218  242  269
  295  316  329  332  323  307  287  266  249  236  226  216  205  192  176  159
  142  126  112   99   87   78   69   62   57   53   49   47   44   41   37   34
   30   27   26   25   26   28   31   34   37   39   40   40   40   41   41   43
   43   44   46   45   44   45   46   54   42                                   
    52.5-180.0 180.0   5.0 450.0                            LAT/LON1/LON2/DLON/H
   43   42   43   52   59   71   90  113  136  158  178  195  212  231  254  279
  305  327  340  342  333  316  296  277  262  253  246  240  231  219  204  187
  168  150  133  117  104   92   82   74   68   63   58   55   50   46   41   36
   32   29   28   28   30   33   38   42   45   47   47   46   45   45   46   47
   48   49   51   51   49   48   48   56   43                                   
    50.0-180.0 180.0   5.0 450.0                            LAT/LON1/LON2/DLON/H
   50   49   50   59   67   81  103  129  156  180  200  217  231  247  266  289
  313  334  346  348  339  322  302  284  272  265  261  257  250  240  226  209
  191  173  155  138  123  110  100   91   84   78   73   68   63   57   51   46
   42   40   40   41   43   47   51   55   58   59   59   57   55   54   54   56
   56   59   61   61   59   57   56   62   50                                   
    47.5-180.0 180.0   5.0 450.0                            LAT/LON1/LON2/DLON/H
   62   61   62   71   81   98  122  151  180  206  226  242  253  265  280  300
  320  339  350  352  343  327  308  292  281  275  272  268  262  253  240  224
  208  191  174  157  143  130  119  109  102   95   89   83   78   72   67   62
   59   57   57   59   61   64   68   71   73   73   72   69   66   65   65   66
   67   70   72   73   71   68   67   70   62                                   
    45.0-180.0 180.0   5.0 450.0                            LAT/LON1/LON2/DLON/H
   75   74   76   86   99  117  143  174  205  233  254  268  278  286  297  312
  329  344  355  356  349  334  317  302  292  285  280  275  267  257  244  231
  216  202  187  172  159  146  135  126  117  109  103   97   91   86   81   78
   75   75   75   77   78   80   82   84   86   85   83   80   77   75   75   76
   77   79   81   83   82   80   79   81   75                                   
    42.5-180.0 180.0   5.0 450.0                            LAT/LON1/LON2/DLON/H
   85   84   88  100  116  136  164  196  228  257  279  294  302  309  316  326
  339  352  361  363  357  345  331  317  305  296  288  278  267  254  242  230
  218  206  194  181  169  158  147  137  128  119  112  105  100   95   91   89
   87   87   88   89   89   89   90   91   92   92   90   88   85   83   83   83
   83   85   87   89   89   88   88   92   85                                   
    40.0-180.0 180.0   5.0 450.0                            LAT/LON1/LON2/DLON/H
   89   89   94  110  129  151  179  212  245  276  300  316  326  331  336  343
  352  362  370  373  369  360  347  334  320  308  294  280  265  250  236  225
  216  206  196  186  175  165  155  145  135  125  117  110  104   99   95   93
   92   92   92   91   90   89   89   91   93   94   94   92   90   88   87   86
   85   85   87   88   90   89   90   97   89                                   
    37.5-180.0 180.0   5.0 450.0                            LAT/LON1/LON2/DLON/H
   86   88   95  114  136  159  189  222  256  288  314  334  345  352  356  361
  367  374  380  384  383  376  365  351  335  319  301  283  264  248  234  224
  216  208  200  190  181  172  163  152  142  131  121  113  106  101   96   92
   90   89   88   87   85   84   84   87   90   93   95   94   93   91   89   86
   83   82   82   83   83   83   85   96   86                                   
    35.0-180.0 180.0   5.0 450.0                            LAT/LON1/LON2/DLON/H
   80   82   91  114  138  163  195  228  263  296  324  346  360  369  374  378
  382  386  391  395  394  389  379  364  347  329  310  290  271  254  241  231
  224  217  209  201  192  183  174  164  153  141  130  121  113  105   98   92
   87   85   83   81   79   78   80   84   89   94   96   96   95   92   89   85
   80   77   76   75   74   74   76   90   80                                   
    32.5-180.0 180.0   5.0 450.0                            LAT/LON1/LON2/DLON/H
   73   76   87  114  140  166  199  233  267  300  330  354  371  383  390  394
  396  398  400  403  402  398  387  373  357  340  323  305  289  274  262  253
  245  238  230  221  211  203  194  183  172  160  148  137  127  117  107   97
   90   85   82   80   79   79   81   86   93   98  101  101   99   95   90   85
   78   73   71   69   67   65   67   82   73                                   
    30.0-180.0 180.0   5.0 450.0                            LAT/LON1/LON2/DLON/H
   69   74   88  116  145  172  207  241  274  306  336  361  380  394  402  406
  407  407  407  407  406  400  391  378  365  352  341  330  319  308  298  290
  282  273  263  252  242  232  223  213  201  188  176  165  154  141  127  114
  103   96   92   90   90   91   94   99  105  110  112  110  107  101   95   88
   80   75   72   69   66   62   63   77   69                                   
    27.5-180.0 180.0   5.0 450.0                            LAT/LON1/LON2/DLON/H
   73   78   94  123  156  184  221  254  287  317  345  369  388  403  412  417
  416  413  410  408  405  399  391  382  374  369  366  364  360  356  349  341
  331  321  309  296  283  272  261  251  239  226  214  203  191  177  161  145
  132  123  118  116  115  117  119  123  127  128  127  124  118  111  103   95
   87   82   79   76   72   66   64   76   73                                   
    25.0-180.0 180.0   5.0 450.0                            LAT/LON1/LON2/DLON/H
   83   89  108  137  174  204  243  275  306  334  359  381  399  414  423  427
  425  420  414  409  404  399  393  389  388  392  398  406  411  413  409  402
  392  379  364  348  332  318  305  293  281  269  257  246  235  221  204  187
  173  163  158  156  155  156  156  156  155  151  146  139  132  123  114  106
   98   95   91   89   84   78   72   80   83                                   
    22.5-180.0 180.0   5.0 450.0                            LAT/LON1/LON2/DLON/H
  100  105  126  156  197  230  270  301  331  357  380  400  416  430  439  442
  439  431  422  413  407  403  401  403  410  422  438  454  467  474  474  467
  455  440  423  403  383  365  349  335  322  310  298  288  279  266  251  236
  222  214  209  207  205  202  198  193  185  175  165  154  144  134  126  118
  111  110  106  106  101   93   85   88  100                                   
    20.0-180.0 180.0   5.0 450.0                            LAT/LON1/LON2/DLON/H
  120  124  146  177  221  257  299  330  360  386  408  426  441  454  462  464
  460  449  437  426  419  417  419  427  442  461  483  505  523  533  534  526
  513  495  475  451  427  405  386  370  355  342  331  322  315  306  294  282
  271  265  262  259  255  249  239  227  212  196  180  166  154  143  135  128
  122  123  120  122  117  109  100  102  120                                   
    17.5-180.0 180.0   5.0 450.0                            LAT/LON1/LON2/DLON/H
  138  142  164  197  244  282  326  358  391  418  441  459  474  487  495  498
  492  479  464  452  444  443  450  463  483  506  531  555  573  581  580  571
  555  535  512  487  460  435  413  393  376  361  350  342  337  332  325  318
  312  308  306  303  296  286  271  253  232  211  190  173  160  149  140  134
  130  133  130  134  129  122  114  117  138                                   
    15.0-180.0 180.0   5.0 450.0                            LAT/LON1/LON2/DLON/H
  151  158  178  213  264  303  349  383  418  448  475  496  514  529  539  542
  536  522  505  490  482  482  491  508  530  555  578  597  610  614  609  597
  579  558  534  508  480  453  428  405  385  368  355  347  344  342  340  338
  336  335  334  329  320  307  288  267  242  218  195  177  163  152  143  137
  133  136  134  138  134  129  124  130  151                                   
    12.5-180.0 180.0   5.0 450.0                            LAT/LON1/LON2/DLON/H
  157  169  189  226  278  319  366  402  440  475  507  534  556  575  589  595
  590  577  558  541  531  531  541  559  580  600  617  627  631  629  620  606
  587  566  543  517  489  461  433  408  384  364  348  339  337  337  339  340
  341  342  340  334  323  307  288  266  241  217  195  177  164  153  144  136
  131  133  131  133  131  129  127  136  157                                   
    10.0-180.0 180.0   5.0 450.0                            LAT/LON1/LON2/DLON/H
  155  173  194  234  287  329  377  415  455  495  533  566  595  620  639  649
  649  637  619  600  588  586  593  608  624  638  644  644  639  631  619  604
  585  565  543  518  491  462  433  405  378  354  335  324  320  322  325  327
  330  330  327  319  307  291  274  254  233  212  192  176  163  153  144  134
  127  126  123  122  121  122  122  134  155                                   
     7.5-180.0 180.0   5.0 450.0                            LAT/LON1/LON2/DLON/H
  149  173  196  239  293  336  385  423  465  508  551  590  625  655  680  697
  702  695  678  659  645  639  642  650  659  662  659  649  638  626  613  598
