data/edconvlstm_nd/pred1430.15i
     1.0            IONOSPHERE MAPS     GNSS                IONEX VERSION / TYPE
pyspatialgeodesy        IME             05-JAN-18 20:20     PGM / RUN BY / DATE 
Map Name                                                    COMMENT             
Predicted global ionosphere maps (GIM).                     DESCRIPTION         
  2015     5    23     0     0     0                        EPOCH OF FIRST MAP  
  2015     5    24     0     0     0                        EPOCH OF LAST MAP   
  7200                                                      INTERVAL            
    13                                                      # OF MAPS IN FILE   
  NONE                                                      MAPPING FUNCTION    
10.0                                                        ELEVATION CUTOFF    
One-way carrier phase leveled to code                       OBSERVABLES USED    
  6371.0                                                    BASE RADIUS         
 2                                                          MAP DIMENSION       
   450.0 450.0   0.0                                        HGT1 / HGT2 / DHGT  
    87.5 -87.5  -2.5                                        LAT1 / LAT2 / DLAT  
  -180.0 180.0   5.0                                        LON1 / LON2 / DLON  
    -1                                                      EXPONENT            
                                                            END OF HEADER       
[from data line 858]
     3                                                      START OF TEC MAP    
  2015     5    23     4     0     0                        EPOCH OF CURRENT MAP
    87.5-180.0 180.0   5.0 450.0                            LAT/LON1/LON2/DLON/H
  181  179  178  180  181  178  175  174  175  175  176  177  177  178  178  178
  179  179  179  179  179  178  178  177  176  175  174  173  172  171  170  169
  168  167  167  166  166  165  165  165  165  165  165  165  165  166  166  166
  167  167  167  167  167  167  167  167  167  167  167  167  167  167  166  167
  168  170  170  171  175  174  173  171  181                                   
    85.0-180.0 180.0   5.0 450.0                            LAT/LON1/LON2/DLON/H
  184  187  181  184  187  185  185  184  185  185  185  186  187  187  188  189
  189  190  190  190  190  189  189  188  187  186  184  183  182  180  179  178
  177  176  175  175  174  174  174  174  174  174  174  175  175  176  176  177
  177  178  178  178  179  179  179  179  179  179  178  178  178  178  178  178
  179  181  179  183  177  177  177  174  184                                   
    82.5-180.0 180.0   5.0 450.0                            LAT/LON1/LON2/DLON/H
  189  189  188  185  186  185  185  185  186  186  186  187  187  188  189  189
  190  191  191  191  191  190  189  188  186  184  182  180  178  176  175  173
  172  171  170  170  169  169  169  169  170  170  171  172  173  174  176  177
  178  179  180  180  181  181  181  181  181  180  180  180  180  179  179  180
  180  181  179  182  184  177  176  168  189                                   
    80.0-180.0 180.0   5.0 450.0                            LAT/LON1/LON2/DLON/H
  187  189  182  181  183  183  185  185  186  185  185  185  185  186  186  187
  188  189  190  190  190  189  188  186  184  181  178  175  172  170  168  167
  165  165  164  164  164  164  164  165  166  167  169  170  172  174  176  179
  180  182  183  184  185  185  185  185  184  184  183  183  182  182  181  182
  182  181  178  181  184  180  183  168  187                                   
    77.5-180.0 180.0   5.0 450.0                            LAT/LON1/LON2/DLON/H
  185  185  181  182  181  183  185  185  185  184  182  182  181  181  181  182
  183  184  185  186  186  186  184  182  179  175  171  168  165  162  161  160
  159  159  160  160  161  161  162  163  164  166  168  171  173  177  180  183
  185  188  189  191  191  191  191  190  189  188  187  186  185  184  184  184
  184  184  179  182  185  179  178  171  185                                   
    75.0-180.0 180.0   5.0 450.0                            LAT/LON1/LON2/DLON/H
  182  183  178  181  181  183  185  184  184  182  179  177  175  174  173  173
  175  176  178  179  180  180  178  175  171  166  162  157  154  152  151  151
  152  153  155  156  158  159  160  161  163  165  167  170  173  177  181  185
  189  191  193  195  195  194  193  191  190  188  187  186  185  185  185  186
  185  185  182  179  181  177  177  173  182                                   
    72.5-180.0 180.0   5.0 450.0                            LAT/LON1/LON2/DLON/H
  177  182  179  181  182  184  187  186  185  182  179  176  172  169  167  167
  168  169  172  174  175  174  172  168  163  158  153  148  145  144  145  147
  149  153  156  159  161  163  164  165  166  168  171  174  178  182  187  191
  195  198  200  200  200  198  196  194  191  189  188  187  186  186  187  188
  188  189  186  185  183  178  176  173  177                                   
    70.0-180.0 180.0   5.0 450.0                            LAT/LON1/LON2/DLON/H
  178  180  178  179  181  182  185  185  185  181  176  172  167  163  160  158
  158  159  162  164  165  165  162  157  151  145  139  135  132  132  134  138
  143  149  154  158  161  164  165  166  167  169  172  175  180  184  189  194
  198  201  202  201  200  197  193  190  187  184  183  182  182  183  184  187
  188  188  187  186  185  180  180  177  178                                   
    67.5-180.0 180.0   5.0 450.0                            LAT/LON1/LON2/DLON/H
  175  177  175  176  178  180  183  183  183  179  174  169  164  158  153  150
  149  150  152  154  155  154  151  145  138  131  124  120  118  120  123  129
  136  143  150  155  159  162  164  165  167  169  171  175  180  185  190  195
  198  200  200  199  196  192  187  183  179  176  175  175  176  177  179  182
  184  185  184  184  183  179  178  177  175                                   
    65.0-180.0 180.0   5.0 450.0                            LAT/LON1/LON2/DLON/H
  174  175  172  173  175  177  180  180  180  177  173  168  162  156  150  146
  143  143  144  145  146  144  140  134  126  118  112  108  107  110  115  123
  131  139  147  153  158  162  164  166  168  171  175  179  184  190  194  198
  201  202  201  198  194  189  183  178  174  171  169  169  171  172  174  178
  180  181  182  182  182  178  180  179  174                                   
    62.5-180.0 180.0   5.0 450.0                            LAT/LON1/LON2/DLON/H
  174  176  172  172  173  174  177  177  177  174  171  168  162  156  149  144
  140  139  138  139  138  136  131  124  116  109  103  100  101  104  110  118
  127  135  143  150  156  160  164  168  172  176  181  186  192  197  201  204
  206  206  203  200  194  188  182  176  172  169  167  167  168  170  172  175
  177  179  180  181  181  179  181  181  174                                   
    60.0-180.0 180.0   5.0 450.0                            LAT/LON1/LON2/DLON/H
  177  178  173  172  172  172  173  172  172  170  168  165  161  156  150  143
  139  136  134  133  132  129  124  117  109  103   98   97   98  103  109  116
  123  130  138  145  151  158  164  170  176  183  189  196  202  207  210  212
  213  211  208  204  198  192  186  180  175  172  170  170  170  171  171  173
  175  177  178  180  182  180  183  183  177                                   
    57.5-180.0 180.0   5.0 450.0                            LAT/LON1/LON2/DLON/H
  184  184  179  177  175  173  172  169  167  165  163  162  160  156  150  144
  138  134  132  130  128  124  119  113  107  102   99   99  102  106  111  116
  122  127  133  140  148  156  165  174  183  192  201  208  215  219  222  223
  222  220  217  212  207  201  195  189  184  181  179  177  177  176  175  176
  176  178  180  183  186  185  189  188  184                                   
    55.0-180.0 180.0   5.0 450.0                            LAT/LON1/LON2/DLON/H
  195  193  188  185  182  177  174  168  165  160  159  159  157  154  150  144
  139  134  131  128  126  123  118  114  109  106  105  107  110  114  117  120
  122  124  129  135  145  156  167  180  192  203  213  222  229  233  235  235
  233  231  228  225  220  215  209  203  198  194  191  189  187  184  182  181
  181  182  185  189  194  194  197  195  195                                   
    52.5-180.0 180.0   5.0 450.0                            LAT/LON1/LON2/DLON/H
  208  205  200  197  193  187  181  172  165  159  156  156  155  153  150  145
  140  135  132  130  127  125  122  118  116  115  116  119  123  125  126  125
  123  123  126  133  144  157  172  187  201  215  226  235  242  245  247  246
  245  243  242  239  235  231  225  219  214  209  205  202  199  195  192  190
  189  190  194  198  204  205  209  206  208                                   
    50.0-180.0 180.0   5.0 450.0                            LAT/LON1/LON2/DLON/H
  222  217  214  211  208  201  193  181  172  162  158  156  155  154  151  146
  142  138  135  133  132  130  128  127  126  127  130  133  136  137  135  130
  126  124  126  133  145  161  178  195  211  225  237  247  253  256  257  257
  256  256  255  254  251  247  242  235  229  223  218  214  211  207  203  201
  199  202  205  211  217  219  222  219  222                                   
    47.5-180.0 180.0   5.0 450.0                            LAT/LON1/LON2/DLON/H
  235  229  226  224  222  216  207  194  182  171  163  160  158  156  153  149
  145  142  140  139  139  138  138  137  138  140  143  147  148  147  142  136
  129  125  127  135  148  165  184  202  219  234  246  254  260  264  265  265
  265  266  266  266  265  261  256  249  241  234  229  225  221  218  214  213
  212  215  219  225  231  234  236  232  235                                   
    45.0-180.0 180.0   5.0 450.0                            LAT/LON1/LON2/DLON/H
  246  239  237  235  236  230  223  210  196  183  174  169  165  161  158  153
  150  147  146  146  146  147  148  149  150  153  156  158  157  154  147  139
  132  128  130  138  152  170  190  208  225  239  250  258  264  267  269  270
  271  273  275  276  276  272  266  259  250  243  237  234  231  229  227  226
  226  230  234  240  246  248  250  245  246                                   
    42.5-180.0 180.0   5.0 450.0                            LAT/LON1/LON2/DLON/H
  254  246  244  244  245  242  236  224  211  198  187  181  175  170  164  160
  156  154  153  153  154  155  157  159  162  164  166  166  163  158  150  141
  134  131  134  143  157  174  193  211  227  240  251  258  264  267  270  272
  275  278  281  283  283  281  275  268  260  252  247  245  243  242  241  242
  242  246  250  255  260  262  262  257  254                                   
    40.0-180.0 180.0   5.0 450.0                            LAT/LON1/LON2/DLON/H
  263  254  251  249  252  249  245  236  225  212  202  195  187  180  173  167
  162  160  159  159  160  162  165  169  172  174  174  172  167  160  151  143
  137  136  139  148  161  177  194  211  226  238  248  255  261  265  269  273
  277  281  285  288  290  288  284  278  272  266  262  260  260  260  260  261
  261  264  266  270  274  275  274  269  263                                   
    37.5-180.0 180.0   5.0 450.0                            LAT/LON1/LON2/DLON/H
  274  264  259  254  257  254  251  245  236  226  216  209  200  191  182  175
  169  165  164  163  165  168  173  178  182  183  182  178  171  162  153  146
  141  141  144  152  163  177  192  207  221  233  242  250  256  261  266  272
  278  283  288  293  296  298  297  294  290  286  284  284  285  285  285  285
  284  284  284  286  288  289  288  282  274                                   
    35.0-180.0 180.0   5.0 450.0                            LAT/LON1/LON2/DLON/H
  291  281  272  264  265  261  258  253  247  238  230  223  213  202  192  182
  175  170  167  167  169  174  181  187  192  194  192  186  177  167  157  150
  147  147  150  156  164  175  188  201  214  226  235  243  250  256  264  271
  278  284  291  297  304  310  314  315  315  315  315  317  318  319  317  315
  311  308  305  304  304  305  304  298  291                                   
    32.5-180.0 180.0   5.0 450.0                            LAT/LON1/LON2/DLON/H
  316  306  294  282  280  274  269  264  259  251  244  236  226  213  200  188
  179  173  169  168  172  180  190  199  205  208  205  198  187  175  165  158
  154  154  155  158  164  172  182  193  206  218  228  237  244  252  260  269
  278  286  294  303  314  325  335  343  348  351  355  358  359  359  355  350
  342  336  329  326  324  326  326  319  316                                   
    30.0-180.0 180.0   5.0 450.0                            LAT/LON1/LON2/DLON/H
  349  341  326  311  306  298  291  284  277  268  259  250  238  223  208  194
  182  174  169  169  176  187  201  213  221  224  221  212  200  187  175  167
  162  160  159  160  162  167  175  185  197  209  221  230  238  247  257  268
  278  287  297  309  325  343  360  374  385  393  399  403  405  403  398  389
  378  367  357  351  348  352  352  347  349                                   
    27.5-180.0 180.0   5.0 450.0                            LAT/LON1/LON2/DLON/H
  388  382  365  350  345  336  326  315  304  292  280  267  252  234  216  199
  185  175  169  171  181  196  214  229  238  241  237  228  215  200  187  176
  169  165  162  160  160  162  168  176  188  200  212  223  232  242  253  265
  277  288  301  316  337  361  384  405  421  433  442  448  450  447  440  429
  415  402  389  381  376  381  382  379  388                                   
    25.0-180.0 180.0   5.0 450.0                            LAT/LON1/LON2/DLON/H
  430  425  409  396  392  385  372  358  342  324  306  288  268  246  225  206
  189  177  171  174  187  208  229  246  255  256  251  241  227  211  196  183
  173  166  161  158  156  157  160  167  177  190  203  215  225  236  249  263
  276  289  304  323  348  376  405  430  450  466  476  483  486  485  478  467
  453  438  425  415  407  414  415  415  430                                   
    22.5-180.0 180.0   5.0 450.0                            LAT/LON1/LON2/DLON/H
  468  465  450  443  442  438  425  407  386  361  336  312  287  261  237  215
  196  182  176  181  197  221  245  262  269  267  259  248  233  216  199  184
  172  164  158  155  153  152  153  157  166  179  193  206  218  230  244  260
  275  290  308  329  356  387  417  444  467  484  496  505  511  512  509  500
  488  474  461  450  441  447  448  450  468                                   
    20.0-180.0 180.0   5.0 450.0                            LAT/LON1/LON2/DLON/H
  499  497  485  485  487  489  476  457  431  401  369  338  308  278  251  227
  207  192  186  191  210  235  260  274  276  269  257  243  228  211  194  178
  166  158  153  150  148  147  146  147  154  166  181  196  210  225  240  257
  274  292  311  334  362  392  422  449  470  488  502  514  523  529  531  527
  519  508  497  486  474  479  480  482  499                                   
    17.5-180.0 180.0   5.0 450.0                            LAT/LON1/LON2/DLON/H
  521  518  510  515  522  528  516  498  469  434  397  361  328  296  267  243
  222  207  201  207  225  250  272  281  276  261  243  227  212  196  181  166
  155  149  146  145  144  142  139  138  143  155  171  188  204  221  238  256
  275  294  315  339  366  395  423  447  467  484  499  513  527  538  546  548
  544  537  529  518  505  507  507  509  521                                   
    15.0-180.0 180.0   5.0 450.0                            LAT/LON1/LON2/DLON/H
  533  529  525  533  543  550  540  522  492  455  416  378  343  311  284  261
  242  227  221  226  243  264  280  281  266  243  219  201  188  175  163  152
  143  140  139  141  141  138  133  130  133  144  162  181  200  218  237  256
  277  298  320  344  371  398  424  446  465  480  495  511  528  545  557  564
  565  561  555  546  531  529  530  531  533                                   
    12.5-180.0 180.0   5.0 450.0                            LAT/LON1/LON2/DLON/H
  540  535  531  539  549  555  543  525  496  459  420  383  350  321  297  278
  262  250  245  248  260  275  282  274  250  219  191  173  162  154  145  137
  132  131  133  136  137  134  128  123  125  136  155  176  198  217  237  257
  279  301  325  350  376  403  428  450  468  482  497  514  533  553  569  578
  581  579  575  567  552  547  548  547  540                                   
    10.0-180.0 180.0   5.0 450.0                            LAT/LON1/LON2/DLON/H
  546  540  535  538  545  546  532  512  482  447  411  378  348  324  305  291
  281  272  268  269  275  281  278  260  229  193  165  149  141  136  131  127
  124  125  129  133  134  130  123  117  118  130  150  173  196  217  238  259
  281  305  330  355  382  410  436  460  478  494  508  524  545  566  582  591
  594  592  589  582  567  560  562  561  546                                   
     7.5-180.0 180.0   5.0 450.0                            LAT/LON1/LON2/DLON/H
  556  548  541  538  538  533  513  489  459  425  392  363  338  319  305  298
  293  289  287  285  284  281  268  243  208  172  146  132  128  126  124  121
