data/edconvlstm_nd/pred1600.15i
     1.0            IONOSPHERE MAPS     GNSS                IONEX VERSION / TYPE
pyspatialgeodesy        IME             05-JAN-18 20:20     PGM / RUN BY / DATE 
Map Name                                                    COMMENT             
Predicted global ionosphere maps (GIM).                     DESCRIPTION         
  2015     6     9     0     0     0                        EPOCH OF FIRST MAP  
  2015     6    10     0     0     0                        EPOCH OF LAST MAP   
  7200                                                      INTERVAL            
    13                                                      # OF MAPS IN FILE   
  NONE                                                      MAPPING FUNCTION    
10.0                                                        ELEVATION CUTOFF    
One-way carrier phase leveled to code                       OBSERVABLES USED    
  6371.0                                                    BASE RADIUS         
 2                                                          MAP DIMENSION       
   450.0 450.0   0.0                                        HGT1 / HGT2 / DHGT  
    87.5 -87.5  -2.5                                        LAT1 / LAT2 / DLAT  
  -180.0 180.0   5.0                                        LON1 / LON2 / DLON  
    -1                                                      EXPONENT            
                                                            END OF HEADER       
[from data line 3861]
    10                                                      START OF TEC MAP    
  2015     6     9    18     0     0                        EPOCH OF CURRENT MAP
    87.5-180.0 180.0   5.0 450.0                            LAT/LON1/LON2/DLON/H
  172  165  152  158  161  162  161  160  161  162  162  162  163  163  163  164
  164  164  164  164  164  163  163  162  161  161  160  159  158  157  156  156
  155  154  153  152  152  151  151  151  150  150  150  151  151  151  151  152
  152  153  153  154  154  154  154  155  155  155  155  155  155  155  155  155
  154  155  154  154  165  161  164  164  172                                   
    85.0-180.0 180.0   5.0 450.0                            LAT/LON1/LON2/DLON/H
  167  168  172  166  164  169  168  170  171  172  172  173  174  174  175  175
  176  176  176  176  175  175  174  174  173  172  171  170  168  167  166  165
  164  162  161  160  159  158  158  157  157  157  157  157  158  158  159  160
  160  161  162  163  163  164  164  165  165  165  165  165  165  165  164  164
  165  165  163  162  167  156  158  159  167                                   
    82.5-180.0 180.0   5.0 450.0                            LAT/LON1/LON2/DLON/H
  145  156  155  153  155  162  163  164  164  166  167  169  170  171  172  173
  174  174  175  175  174  174  173  172  171  170  168  167  165  163  161  160
  158  156  155  153  152  151  150  150  150  150  150  151  152  153  154  156
  157  159  160  162  163  164  164  165  165  164  164  163  162  161  160  159
  158  156  154  158  159  161  156  142  145                                   
    80.0-180.0 180.0   5.0 450.0                            LAT/LON1/LON2/DLON/H
  133  142  143  144  144  148  149  154  155  158  159  162  164  166  167  169
  170  171  171  171  171  170  169  168  166  164  162  160  158  155  153  151
  148  146  144  142  141  139  138  137  137  137  137  138  140  141  143  146
  148  150  152  154  155  157  157  158  157  157  156  154  153  151  149  148
  147  145  143  143  143  137  138  132  133                                   
    77.5-180.0 180.0   5.0 450.0                            LAT/LON1/LON2/DLON/H
  133  137  137  139  141  146  146  150  152  155  157  160  163  165  168  170
  172  173  174  175  174  174  172  171  168  166  163  160  158  155  152  150
  148  145  143  141  139  138  136  135  135  135  135  137  139  141  144  147
  150  153  156  158  160  161  162  162  161  160  158  156  153  150  148  145
  143  140  138  137  141  132  134  134  133                                   
    75.0-180.0 180.0   5.0 450.0                            LAT/LON1/LON2/DLON/H
  129  134  131  134  136  142  141  144  147  151  153  156  159  163  166  169
  171  173  175  175  175  174  172  170  167  163  160  157  154  151  148  146
  144  142  140  138  135  133  131  130  129  129  130  131  133  136  139  142
  145  149  152  154  156  158  159  159  158  156  154  151  148  145  142  140
  138  136  134  130  133  127  131  121  129                                   
    72.5-180.0 180.0   5.0 450.0                            LAT/LON1/LON2/DLON/H
  128  136  132  138  137  143  143  146  147  150  152  156  159  163  167  171
  174  177  179  179  179  178  175  172  168  164  159  155  152  149  146  144
  143  141  139  137  135  133  130  129  127  127  128  129  131  134  137  141
  144  147  150  152  154  156  157  157  156  154  152  150  147  144  141  139
  136  134  133  130  133  128  132  128  128                                   
    70.0-180.0 180.0   5.0 450.0                            LAT/LON1/LON2/DLON/H
  133  141  137  142  140  146  144  146  147  150  152  155  159  163  168  172
  177  180  182  184  183  181  178  173  168  162  157  152  148  146  144  143
  142  141  139  137  135  132  129  127  125  124  125  126  128  130  133  136
  138  140  142  144  146  147  148  148  148  147  146  144  142  140  139  138
  136  135  135  133  137  133  139  133  133                                   
    67.5-180.0 180.0   5.0 450.0                            LAT/LON1/LON2/DLON/H
  142  151  149  153  151  155  152  153  154  155  157  161  165  170  175  180
  185  189  193  194  194  191  187  181  174  167  160  154  150  148  146  146
  145  145  143  141  138  135  131  129  127  126  127  128  130  132  133  135
  136  137  137  138  138  139  140  141  141  141  141  141  140  140  140  141
  141  141  142  140  143  141  145  141  142                                   
    65.0-180.0 180.0   5.0 450.0                            LAT/LON1/LON2/DLON/H
  151  162  159  163  159  163  158  159  158  160  161  164  169  174  180  187
  193  198  201  203  203  200  195  188  180  171  164  158  154  152  151  151
  151  151  149  147  143  139  135  132  130  130  130  131  132  134  134  134
  133  132  130  129  128  128  129  130  131  132  134  135  137  138  140  142
  144  146  148  148  154  152  157  153  151                                   
    62.5-180.0 180.0   5.0 450.0                            LAT/LON1/LON2/DLON/H
  160  172  169  173  168  172  167  167  165  166  167  170  175  181  188  195
  202  208  212  214  214  211  205  198  189  181  173  168  164  162  162  162
  162  161  159  155  151  146  142  139  138  137  138  139  140  140  139  137
  134  130  126  123  121  120  120  121  122  125  128  131  134  137  140  144
  147  150  154  155  162  160  165  163  160                                   
    60.0-180.0 180.0   5.0 450.0                            LAT/LON1/LON2/DLON/H
  167  180  177  182  176  180  174  174  172  172  172  175  180  187  195  203
  211  217  222  224  224  221  216  209  201  194  187  182  179  178  177  177
  177  175  171  167  162  157  153  151  149  149  150  151  151  150  148  144
  138  133  127  122  118  115  114  115  117  119  123  127  131  135  140  144
  148  152  156  159  167  166  172  171  167                                   
    57.5-180.0 180.0   5.0 450.0                            LAT/LON1/LON2/DLON/H
  170  184  181  188  182  188  182  181  179  178  178  181  186  193  202  211
  219  226  231  233  233  231  228  222  216  211  206  202  200  199  198  197
  195  191  187  182  177  172  168  166  165  166  167  167  166  164  160  154
  147  140  132  126  120  116  114  114  115  118  121  125  129  133  138  143
  147  152  156  159  169  169  175  176  170                                   
    55.0-180.0 180.0   5.0 450.0                            LAT/LON1/LON2/DLON/H
  169  185  183  192  188  194  189  189  186  185  184  187  192  200  209  219
  227  234  239  241  242  241  239  236  233  230  227  225  224  222  221  218
  214  209  204  199  193  189  186  185  185  185  185  184  182  179  173  167
  159  151  143  135  129  123  120  118  119  120  123  126  129  132  136  141
  144  150  154  158  168  169  175  177  169                                   
    52.5-180.0 180.0   5.0 450.0                            LAT/LON1/LON2/DLON/H
  166  184  183  194  192  200  197  197  195  194  192  195  199  207  217  227
  235  242  246  249  250  251  251  251  250  249  249  248  247  245  242  238
  233  227  221  215  211  208  206  205  204  204  203  201  198  193  187  180
  172  164  156  149  142  136  131  128  127  127  128  129  131  132  135  139
  142  147  151  155  166  168  173  177  166                                   
    50.0-180.0 180.0   5.0 450.0                            LAT/LON1/LON2/DLON/H
  163  184  183  196  197  206  205  207  206  205  203  205  209  217  226  236
  245  251  255  257  259  261  263  266  268  269  270  270  268  265  261  256
  249  243  237  232  229  227  226  225  224  222  220  216  211  205  199  192
  185  179  172  165  158  151  146  142  139  138  137  136  136  136  137  139
  141  147  151  155  165  168  172  177  163                                   
    47.5-180.0 180.0   5.0 450.0                            LAT/LON1/LON2/DLON/H
  164  186  186  200  202  213  213  217  218  218  217  218  222  229  239  249
  257  262  265  268  270  273  277  282  285  288  289  288  286  282  277  271
  264  258  253  250  248  248  247  246  243  239  234  229  222  215  208  203
  197  192  187  181  175  169  163  158  154  152  149  147  145  142  142  143
  145  151  156  160  169  172  175  180  164                                   
    45.0-180.0 180.0   5.0 450.0                            LAT/LON1/LON2/DLON/H
  170  192  192  205  208  219  222  227  231  233  232  234  238  245  255  264
  271  276  279  282  284  288  293  299  303  306  306  304  301  297  292  286
  280  275  272  270  270  270  269  266  262  255  248  240  232  224  217  212
  208  205  201  197  192  186  180  175  170  167  164  161  157  153  151  151
  153  159  165  170  177  180  182  188  170                                   
    42.5-180.0 180.0   5.0 450.0                            LAT/LON1/LON2/DLON/H
  181  201  202  213  215  225  229  236  243  247  249  253  257  264  273  282
  289  294  297  299  302  306  312  317  321  323  322  319  315  312  308  304
  300  297  295  295  296  296  294  289  282  273  263  253  243  234  226  221
  218  216  213  210  206  201  195  190  186  182  179  176  171  166  163  163
  165  172  178  184  190  192  194  200  181                                   
    40.0-180.0 180.0   5.0 450.0                            LAT/LON1/LON2/DLON/H
  198  215  215  223  222  230  234  243  252  261  266  271  277  285  294  302
  309  314  317  319  322  327  332  337  340  340  338  334  331  330  329  328
  327  325  325  326  327  326  322  314  304  293  281  269  258  247  238  232
  228  226  224  221  218  213  208  203  199  197  194  191  186  181  178  177
  180  187  194  201  206  207  208  215  198                                   
    37.5-180.0 180.0   5.0 450.0                            LAT/LON1/LON2/DLON/H
  218  232  230  234  231  235  238  248  260  272  281  289  297  305  314  322
  329  334  337  341  344  349  354  358  359  358  356  353  352  353  357  360
  362  363  363  363  363  360  354  344  331  318  304  291  277  265  254  246
  240  236  233  230  227  223  218  214  211  209  208  206  202  197  193  192
  194  203  210  217  221  222  223  230  218                                   
    35.0-180.0 180.0   5.0 450.0                            LAT/LON1/LON2/DLON/H
  239  250  247  248  240  241  241  251  264  280  293  305  315  325  333  341
  348  353  357  361  366  370  375  378  379  378  376  375  378  384  392  400
  406  408  407  406  404  398  389  376  361  346  331  316  301  286  272  261
  253  247  242  238  235  231  227  223  220  219  219  218  215  210  207  206
  207  215  222  230  233  233  236  244  239                                   
    32.5-180.0 180.0   5.0 450.0                            LAT/LON1/LON2/DLON/H
  259  267  263  262  252  249  246  254  268  286  302  318  330  341  350  358
  364  370  375  379  384  389  394  397  399  400  400  403  410  421  435  448
  455  457  455  451  445  436  423  408  391  375  359  343  326  308  291  277
  265  257  250  245  242  238  235  231  228  227  227  227  225  221  218  216
  216  224  229  237  240  240  245  253  259                                   
    30.0-180.0 180.0   5.0 450.0                            LAT/LON1/LON2/DLON/H
  275  283  279  278  266  260  255  260  273  292  310  327  342  354  363  371
  377  383  388  394  400  406  411  415  419  422  426  433  445  462  480  495
  503  504  499  490  480  468  452  435  417  400  383  366  347  327  308  290
  276  264  256  250  247  244  240  236  233  231  231  231  230  227  224  221
  221  226  230  237  240  241  248  258  275                                   
    27.5-180.0 180.0   5.0 450.0                            LAT/LON1/LON2/DLON/H
  284  294  292  294  283  276  268  270  281  299  317  336  351  363  373  380
  387  393  399  406  413  420  426  432  438  444  453  464  480  500  520  536
  543  540  532  519  505  489  471  452  433  415  398  380  360  338  317  298
  281  268  259  252  249  246  243  239  234  231  230  230  230  227  224  221
  219  223  225  231  233  236  244  257  284                                   
    25.0-180.0 180.0   5.0 450.0                            LAT/LON1/LON2/DLON/H
  287  301  302  309  302  295  286  286  294  309  326  343  358  371  380  388
  394  401  409  417  425  433  440  447  455  465  477  491  509  529  548  562
  566  561  549  534  517  498  478  457  437  418  400  382  361  339  317  298
  280  266  256  249  246  244  241  236  231  227  224  223  223  221  218  215
  212  214  214  218  221  225  235  250  287                                   
    22.5-180.0 180.0   5.0 450.0                            LAT/LON1/LON2/DLON/H
  283  301  307  319  319  315  308  306  311  323  336  351  365  377  387  395
  402  410  420  429  439  447  454  462  472  484  497  511  527  544  559  569
  571  564  551  534  516  497  475  452  430  410  391  372  352  330  309  290
  273  258  248  241  238  236  233  229  223  217  214  212  211  210  208  204
  200  201  200  202  205  211  222  238  283                                   
    20.0-180.0 180.0   5.0 450.0                            LAT/LON1/LON2/DLON/H
  271  294  306  323  330  332  329  328  330  338  347  360  372  384  394  402
  411  421  432  444  455  463  470  478  488  499  511  523  534  546  556  562
  561  554  541  526  509  489  466  442  418  396  376  356  336  316  296  277
  261  246  235  228  225  223  221  217  212  206  201  198  197  195  193  190
  186  186  184  185  187  195  206  223  271                                   
    17.5-180.0 180.0   5.0 450.0                            LAT/LON1/LON2/DLON/H
  253  280  297  319  334  342  346  346  348  352  359  369  380  391  401  411
  421  434  448  462  473  482  488  495  503  512  521  528  533  538  542  545
  544  537  527  514  499  480  457  431  404  380  359  339  319  300  282  264
  248  233  221  213  209  208  207  204  199  193  188  184  182  180  178  175
  171  170  168  169  170  179  189  206  253                                   
    15.0-180.0 180.0   5.0 450.0                            LAT/LON1/LON2/DLON/H
  231  261  283  307  329  343  354  357  360  364  368  377  387  398  409  420
  433  448  465  481  493  502  507  512  517  523  527  528  526  525  526  526
  525  521  514  504  491  474  451  424  396  370  347  326  307  289  271  254
  238  222  209  199  194  193  192  190  187  182  176  172  169  166  165  161
  157  156  154  154  155  163  172  189  231                                   
    12.5-180.0 180.0   5.0 450.0                            LAT/LON1/LON2/DLON/H
  210  241  266  291  317  336  353  360  366  370  375  383  393  405  416  429
  444  462  481  499  512  520  524  527  530  532  531  526  520  515  512  512
  513  511  507  500  489  473  450  423  394  367  343  322  303  285  268  251
  233  215  199  188  182  179  179  178  177  173  168  163  159  156  154  150
  145  144  143  143  143  150  158  174  210                                   
    10.0-180.0 180.0   5.0 450.0                            LAT/LON1/LON2/DLON/H
  192  224  250  275  303  326  346  358  366  372  378  387  398  410  423  437
  454  473  494  513  526  534  537  539  539  538  534  526  517  511  508  508
  510  511  508  503  493  478  456  429  400  373  349  327  308  291  272  253
  232  212  194  180  172  169  169  170  170  168  164  158  153  150  146  142
  137  136  135  135  135  140  147  162  192                                   
     7.5-180.0 180.0   5.0 450.0                            LAT/LON1/LON2/DLON/H
  180  213  239  263  292  316  339  353  365  373  380  390  402  414  427  442
  460  480  501  520  533  541  545  546  545  543  537  530  522  516  515  517
