data/edconvlstm_nd/pred3600.15i
     1.0            IONOSPHERE MAPS     GNSS                IONEX VERSION / TYPE
pyspatialgeodesy        IME             05-JAN-18 20:20     PGM / RUN BY / DATE 
Map Name                                                    COMMENT             
Predicted global ionosphere maps (GIM).                     DESCRIPTION         
  2015    12    26     0     0     0                        EPOCH OF FIRST MAP  
  2015    12    27     0     0     0                        EPOCH OF LAST MAP   
  7200                                                      INTERVAL            
    13                                                      # OF MAPS IN FILE   
  NONE                                                      MAPPING FUNCTION    
10.0                                                        ELEVATION CUTOFF    
One-way carrier phase leveled to code                       OBSERVABLES USED    
  6371.0                                                    BASE RADIUS         
 2                                                          MAP DIMENSION       
   450.0 450.0   0.0                                        HGT1 / HGT2 / DHGT  
    87.5 -87.5  -2.5                                        LAT1 / LAT2 / DLAT  
  -180.0 180.0   5.0                                        LON1 / LON2 / DLON  
    -1                                                      EXPONENT            
                                                            END OF HEADER       
[from data line 3861]
    10                                                      START OF TEC MAP    
  2015    12    26    18     0     0                        EPOCH OF CURRENT MAP
    87.5-180.0 180.0   5.0 450.0                            LAT/LON1/LON2/DLON/H
   61   64   62   64   68   65   64   59   59   61   60   60   60   60   60   60
   59   59   59   59   59   59   58   58   58   58   58   59   59   59   59   59
   60   60   60   60   61   61   61   61   62   62   62   63   63   63   63   64
   64   64   64   64   65   65   65   65   64   64   64   64   63   63   62   62
   62   61   57   54   57   58   75   80   61                                   
    85.0-180.0 180.0   5.0 450.0                            LAT/LON1/LON2/DLON/H
   65   68   79   60   60   63   61   62   61   63   61   62   61   61   61   61
   61   61   61   61   61   61   61   61   61   61   61   61   61   61   61   62
   62   62   63   63   63   63   63   63   64   64   64   64   64   63   63   63
   63   63   64   64   64   64   64   64   64   64   64   64   64   64   64   64
   64   62   58   54   58   60   68   63   65                                   
    82.5-180.0 180.0   5.0 450.0                            LAT/LON1/LON2/DLON/H
   48   55   60   51   54   56   56   56   56   56   56   56   56   56   55   55
   55   54   54   54   54   54   53   53   54   54   54   54   55   55   56   57
   57   58   58   58   59   59   59   59   59   59   58   58   58   58   58   58
   58   58   58   58   58   58   59   59   59   59   59   59   59   58   58   57
   57   55   51   49   55   65   61   59   48                                   
    80.0-180.0 180.0   5.0 450.0                            LAT/LON1/LON2/DLON/H
   33   42   53   46   49   48   52   52   53   54   54   55   55   54   54   53
   53   52   52   51   50   50   50   49   49   49   49   50   50   51   52   52
   53   54   55   55   55   55   55   55   55   54   54   54   53   53   53   53
   53   53   54   54   54   55   55   56   56   56   56   55   55   54   53   52
   52   51   49   48   48   55   52   57   33                                   
    77.5-180.0 180.0   5.0 450.0                            LAT/LON1/LON2/DLON/H
   42   43   45   41   45   45   49   50   52   53   53   55   55   55   54   54
   53   53   52   51   51   50   50   49   49   49   49   49   50   51   52   53
   54   55   55   55   55   55   54   53   52   51   50   49   49   49   49   49
   50   50   51   52   53   54   55   55   55   55   55   54   53   52   51   49
   48   46   44   43   43   45   47   51   42                                   
    75.0-180.0 180.0   5.0 450.0                            LAT/LON1/LON2/DLON/H
   32   37   39   38   43   44   48   50   53   56   57   59   59   60   59   59
   59   59   59   58   58   57   56   55   54   53   52   52   52   52   53   54
   55   55   55   55   55   54   53   52   51   50   49   48   48   48   48   48
   49   50   52   53   54   55   56   57   57   57   57   56   55   54   53   51
   49   49   46   43   43   41   40   36   32                                   
    72.5-180.0 180.0   5.0 450.0                            LAT/LON1/LON2/DLON/H
   37   38   38   39   41   43   48   50   53   56   58   60   62   63   63   64
   64   65   66   66   66   65   64   62   60   57   55   53   52   52   52   53
   53   53   52   51   50   48   46   45   44   43   42   41   41   41   41   42
   43   44   46   47   49   50   51   52   52   52   52   51   50   49   47   46
   44   42   40   36   36   36   37   37   37                                   
    70.0-180.0 180.0   5.0 450.0                            LAT/LON1/LON2/DLON/H
   35   37   38   39   41   43   47   51   56   61   64   67   70   72   73   75
   77   79   82   83   85   84   83   80   76   72   68   64   61   60   58   58
   57   55   53   51   49   46   44   42   41   40   40   40   40   40   41   42
   43   44   45   47   49   50   51   52   52   53   52   52   51   50   50   48
   47   45   43   40   39   38   42   42   35                                   
    67.5-180.0 180.0   5.0 450.0                            LAT/LON1/LON2/DLON/H
   38   38   38   39   42   44   49   54   59   63   68   72   76   78   81   84
   88   92   96  100  102  103  101   97   92   85   79   73   69   66   63   61
   58   55   52   48   44   40   38   36   35   35   35   36   36   37   37   37
   38   39   41   42   44   45   46   47   47   48   48   48   48   47   47   46
   45   44   41   38   37   37   38   39   38                                   
    65.0-180.0 180.0   5.0 450.0                            LAT/LON1/LON2/DLON/H
   36   38   37   39   40   42   47   52   59   64   70   76   80   84   87   92
   97  104  110  116  120  122  120  116  109  101   93   85   79   75   71   67
   63   58   52   45   40   35   32   30   30   31   31   32   33   33   33   33
   33   34   35   36   38   39   40   41   42   43   44   44   45   45   45   45
   45   45   44   41   41   42   42   44   36                                   
    62.5-180.0 180.0   5.0 450.0                            LAT/LON1/LON2/DLON/H
   37   39   37   39   40   41   46   51   58   65   72   78   83   88   93   98
  105  113  122  130  135  137  136  131  123  114  105   97   90   85   80   74
   68   61   53   44   37   31   27   25   25   26   28   29   29   29   28   28
   27   28   28   30   31   33   34   35   36   37   38   39   40   41   42   42
   42   42   42   40   40   41   41   44   37                                   
    60.0-180.0 180.0   5.0 450.0                            LAT/LON1/LON2/DLON/H
   38   39   37   39   39   39   44   49   57   65   73   80   86   91   96  103
  111  120  130  138  145  147  146  142  134  125  116  108  102   96   90   84
   76   67   56   46   36   29   25   23   23   24   26   27   27   26   24   23
   22   22   22   23   25   27   28   30   31   32   34   35   36   37   38   39
   40   40   41   40   39   41   42   45   38                                   
    57.5-180.0 180.0   5.0 450.0                            LAT/LON1/LON2/DLON/H
   39   41   39   41   41   41   46   52   61   69   78   85   92   97  102  109
  117  127  137  146  152  155  154  150  143  136  128  122  116  111  105   98
   89   78   65   53   42   34   29   27   27   28   29   29   28   27   24   22
   21   20   20   21   23   25   27   28   30   32   33   35   36   37   38   39
   40   40   41   41   40   42   43   47   39                                   
    55.0-180.0 180.0   5.0 450.0                            LAT/LON1/LON2/DLON/H
   43   45   44   47   46   47   52   59   68   76   85   93  100  105  111  117
  125  135  144  152  157  159  159  155  150  145  140  135  130  125  120  112
  102   89   76   63   51   43   38   36   35   36   36   35   34   31   28   25
   23   22   22   23   24   26   28   30   33   34   36   38   39   40   41   42
   42   43   44   43   42   44   45   48   43                                   
    52.5-180.0 180.0   5.0 450.0                            LAT/LON1/LON2/DLON/H
   48   50   50   53   54   57   63   70   79   88   97  105  111  116  121  127
  135  144  152  158  162  163  162  159  156  154  151  148  144  139  132  123
  112  100   87   74   63   56   51   49   48   48   47   45   42   39   35   32
   30   29   28   29   30   32   34   36   39   41   42   43   44   45   46   47
   47   48   50   49   47   48   48   51   48                                   
    50.0-180.0 180.0   5.0 450.0                            LAT/LON1/LON2/DLON/H
   55   56   57   62   65   70   77   85   94  103  112  119  124  129  134  140
  147  155  161  166  167  167  166  164  163  163  162  159  155  149  140  130
  118  106   94   83   74   68   65   63   62   61   59   56   52   49   45   43
   41   39   39   39   40   41   43   46   48   49   50   50   51   51   52   54
   55   56   57   56   54   53   52   54   55                                   
    47.5-180.0 180.0   5.0 450.0                            LAT/LON1/LON2/DLON/H
   61   61   64   71   76   84   93  103  112  121  128  134  139  143  147  154
  161  167  172  175  175  174  172  171  172  172  171  168  162  153  142  129
  117  106   96   88   82   79   77   76   75   73   70   67   63   60   57   55
   53   52   51   51   51   52   54   56   57   58   58   57   57   58   59   61
   62   64   65   64   62   60   57   58   61                                   
    45.0-180.0 180.0   5.0 450.0                            LAT/LON1/LON2/DLON/H
   65   65   68   78   86   97  108  120  130  139  145  150  153  157  161  168
  174  181  185  186  185  183  181  180  180  181  179  173  164  151  136  122
  109   99   92   88   86   86   86   86   85   82   79   75   72   69   67   65
   64   63   62   62   62   63   64   65   66   65   64   63   62   62   64   66
   68   70   72   71   68   65   62   62   65                                   
    42.5-180.0 180.0   5.0 450.0                            LAT/LON1/LON2/DLON/H
   67   65   69   82   93  107  120  134  144  154  160  165  167  170  175  181
  188  194  197  198  196  193  191  189  189  188  184  174  160  144  126  111
   99   91   87   87   88   91   92   93   91   88   85   81   78   76   74   73
   72   71   70   69   69   70   71   72   72   71   68   66   64   65   67   70
   72   74   76   75   72   68   64   65   67                                   
    40.0-180.0 180.0   5.0 450.0                            LAT/LON1/LON2/DLON/H
   65   63   67   83   96  111  127  143  155  166  172  177  180  183  187  193
  199  205  208  209  207  204  201  198  196  192  185  172  155  135  117  102
   92   87   86   89   92   96   98   98   96   93   88   85   82   80   78   77
   76   74   73   73   73   74   76   76   75   73   69   66   65   65   68   71
   73   75   76   75   71   68   63   66   65                                   
    37.5-180.0 180.0   5.0 450.0                            LAT/LON1/LON2/DLON/H
   62   59   64   82   96  112  129  147  162  174  182  187  190  194  198  203
  208  214  217  218  216  213  209  204  200  193  183  169  150  132  115  103
   96   94   96  100  104  107  108  107  103   98   93   88   85   83   81   79
   76   74   73   73   74   76   77   78   77   73   69   66   64   64   67   70
   71   72   73   71   68   64   59   64   62                                   
    35.0-180.0 180.0   5.0 450.0                            LAT/LON1/LON2/DLON/H
   59   57   62   80   95  111  130  149  165  179  189  196  200  204  207  211
  215  220  223  224  223  219  214  208  201  193  182  168  152  138  126  119
  117  118  122  125  127  127  125  120  114  107  100   94   90   87   84   80
   76   74   72   72   74   76   78   79   77   74   69   66   64   64   66   68
   69   69   69   66   62   58   54   61   59                                   
    32.5-180.0 180.0   5.0 450.0                            LAT/LON1/LON2/DLON/H
   58   57   63   81   96  111  129  149  167  183  195  203  209  213  216  218
  221  223  225  226  225  221  215  208  201  193  184  174  164  157  154  154
  157  161  165  165  163  157  150  141  131  121  111  104   99   94   90   84
   79   75   73   73   75   77   79   80   79   75   71   68   66   66   67   68
   67   66   65   63   58   54   50   58   58                                   
    30.0-180.0 180.0   5.0 450.0                            LAT/LON1/LON2/DLON/H
   61   62   69   86  100  113  131  150  169  186  200  211  218  223  225  225
  224  224  225  226  225  221  215  208  201  196  191  189  188  191  197  206
  214  220  222  218  208  195  181  167  153  140  129  119  113  107  101   94
   87   81   78   78   79   81   83   84   82   79   76   73   72   71   71   70
   68   66   65   62   57   53   49   58   61                                   
    27.5-180.0 180.0   5.0 450.0                            LAT/LON1/LON2/DLON/H
   68   71   79   95  109  120  135  153  172  190  206  218  227  232  233  231
  227  225  224  224  223  219  214  208  205  205  208  214  224  238  254  269
  282  288  286  275  257  236  215  196  179  163  150  139  131  124  117  109
  101   94   89   88   88   89   90   89   88   86   83   81   80   79   77   75
   72   69   67   64   60   56   53   60   68                                   
    25.0-180.0 180.0   5.0 450.0                            LAT/LON1/LON2/DLON/H
   78   83   93  108  122  133  145  161  178  195  211  224  234  240  241  237
  231  226  223  222  221  218  215  213  215  222  233  249  269  293  317  339
  354  358  349  329  302  272  245  223  203  186  171  160  152  145  138  130
  120  112  106  102  100   99   98   97   95   94   92   91   90   88   85   81
   77   74   72   70   67   63   60   65   78                                   
    22.5-180.0 180.0   5.0 450.0                            LAT/LON1/LON2/DLON/H
   89   96  109  124  139  149  160  173  188  203  218  231  242  248  248  244
  236  229  224  222  221  220  220  224  232  247  266  291  320  351  382  406
  419  417  399  369  333  297  266  242  222  205  190  179  171  165  159  151
  142  133  125  119  114  110  107  105  103  102  101  100   99   96   91   87
   81   79   77   76   74   71   69   72   89                                   
    20.0-180.0 180.0   5.0 450.0                            LAT/LON1/LON2/DLON/H
  101  108  122  139  158  169  179  189  202  215  228  240  250  257  257  253
  244  235  229  226  225  226  231  241  257  278  305  336  370  405  436  456
  462  451  425  388  346  306  274  250  232  217  203  193  186  181  177  170
  161  152  143  135  127  120  115  112  110  109  108  107  105  101   95   90
   84   83   81   81   81   79   76   79  101                                   
    17.5-180.0 180.0   5.0 450.0                            LAT/LON1/LON2/DLON/H
  109  117  133  153  175  188  200  210  221  232  243  254  263  270  271  266
  257  247  239  235  235  239  249  265  287  314  345  378  413  444  468  479
  475  456  425  385  341  301  271  250  234  221  209  200  194  190  187  181
  174  165  156  146  136  127  121  117  114  113  112  111  107  102   96   89
   84   83   82   83   84   83   80   85  109                                   
    15.0-180.0 180.0   5.0 450.0                            LAT/LON1/LON2/DLON/H
  112  122  140  164  190  206  221  232  243  254  264  274  283  289  290  286
  276  266  256  252  252  260  274  295  322  351  382  413  442  464  476  475
  463  440  407  368  326  290  262  244  232  221  210  200  194  191  188  184
  178  172  163  153  142  132  124  120  117  115  114  112  108  101   94   87
   81   81   79   80   83   83   81   88  112                                   
    12.5-180.0 180.0   5.0 450.0                            LAT/LON1/LON2/DLON/H
  111  124  144  171  201  221  242  255  267  279  289  300  309  316  318  314
  304  293  283  277  277  287  304  328  356  386  413  437  456  466  466  456
  438  414  384  348  312  279  255  240  229  219  207  196  188  184  182  179
  175  171  165  156  145  135  128  123  120  118  115  112  107  100   92   84
   78   77   74   75   78   79   78   89  111                                   
    10.0-180.0 180.0   5.0 450.0                            LAT/LON1/LON2/DLON/H
  107  124  146  176  209  233  259  276  292  305  317  329  340  348  351  348
  340  328  317  309  309  319  338  363  390  415  436  451  459  458  449  434
  415  392  367  338  307  279  257  243  232  219  205  191  181  175  172  170
  169  168  165  158  149  140  133  128  125  122  118  114  108  100   92   83
   76   73   70   68   71   73   75   88  107                                   
     7.5-180.0 180.0   5.0 450.0                            LAT/LON1/LON2/DLON/H
  104  124  149  180  215  243  273  294  314  330  345  359  372  381  386  385
  379  368  356  347  346  356  373  396  419  438  451  457  456  448  435  419
