data/edconvlstm_nd/pred3390.15i
     1.0            IONOSPHERE MAPS     GNSS                IONEX VERSION / TYPE
pyspatialgeodesy        IME             05-JAN-18 20:20     PGM / RUN BY / DATE 
Map Name                                                    COMMENT             
Predicted global ionosphere maps (GIM).                     DESCRIPTION         
  2015    12     5     0     0     0                        EPOCH OF FIRST MAP  
  2015    12     6     0     0     0                        EPOCH OF LAST MAP   
  7200                                                      INTERVAL            
    13                                                      # OF MAPS IN FILE   
  NONE                                                      MAPPING FUNCTION    
10.0                                                        ELEVATION CUTOFF    
One-way carrier phase leveled to code                       OBSERVABLES USED    
  6371.0                                                    BASE RADIUS         
 2                                                          MAP DIMENSION       
   450.0 450.0   0.0                                        HGT1 / HGT2 / DHGT  
    87.5 -87.5  -2.5                                        LAT1 / LAT2 / DLAT  
  -180.0 180.0   5.0                                        LON1 / LON2 / DLON  
    -1                                                      EXPONENT            
                                                            END OF HEADER       
[from data line 4290]
    11                                                      START OF TEC MAP    
  2015    12     5    20     0     0                        EPOCH OF CURRENT MAP
    87.5-180.0 180.0   5.0 450.0                            LAT/LON1/LON2/DLON/H
   64   62   57   58   62   58   56   51   52   54   53   53   53   53   54   54
   54   54   53   53   52   52   51   51   50   50   49   49   49   49   49   49
   49   49   50   50   50   51   51   52   53   53   54   54   55   56   56   57
   57   58   58   59   59   59   60   60   60   60   60   60   59   59   58   58
   57   56   51   47   51   52   70   78   64                                   
    85.0-180.0 180.0   5.0 450.0                            LAT/LON1/LON2/DLON/H
   68   63   72   53   53   55   53   53   53   55   54   54   54   55   55   55
   55   55   55   55   55   54   54   54   53   53   53   52   52   52   52   52
   53   53   53   54   54   55   55   56   56   57   57   58   58   59   60   60
   61   61   62   62   62   63   63   63   63   63   63   62   62   61   61   60
   60   58   53   49   53   55   60   54   68                                   
    82.5-180.0 180.0   5.0 450.0                            LAT/LON1/LON2/DLON/H
   48   47   50   42   45   46   46   46   46   47   48   49   50   51   51   51
   51   51   50   50   49   48   47   46   45   44   44   43   43   43   43   43
   44   44   44   45   45   46   46   47   47   48   48   49   49   50   51   51
   52   53   54   54   55   55   56   56   57   57   56   56   56   55   54   53
   52   49   45   43   49   58   53   51   48                                   
    80.0-180.0 180.0   5.0 450.0                            LAT/LON1/LON2/DLON/H
   26   29   38   32   36   35   38   38   41   43   44   47   48   49   49   50
   50   49   48   46   44   43   41   39   38   37   36   35   35   35   36   36
   37   37   38   38   39   39   39   40   40   40   41   41   42   43   43   44
   45   46   47   48   49   50   50   51   51   51   51   50   49   49   47   46
   45   44   41   40   39   45   37   44   26                                   
    77.5-180.0 180.0   5.0 450.0                            LAT/LON1/LON2/DLON/H
   36   31   30   27   32   31   35   37   40   42   45   49   51   53   54   55
   55   54   52   49   46   43   40   37   34   32   30   29   28   28   29   29
   30   30   31   31   31   31   31   30   30   30   30   31   31   32   33   34
   36   37   39   41   42   43   44   45   45   45   45   44   44   42   41   39
   38   37   34   33   32   34   31   40   36                                   
    75.0-180.0 180.0   5.0 450.0                            LAT/LON1/LON2/DLON/H
   24   25   25   24   30   31   35   38   44   48   52   56   59   62   63   64
   63   62   59   56   52   48   43   39   35   32   29   28   27   27   28   29
   29   30   30   30   30   29   28   28   27   27   27   27   27   28   29   30
   32   33   35   37   38   39   40   41   41   41   41   41   40   39   38   37
   35   35   34   32   31   28   23   24   24                                   
    72.5-180.0 180.0   5.0 450.0                            LAT/LON1/LON2/DLON/H
   33   31   30   32   34   35   41   44   48   52   57   61   65   68   69   70
   69   68   65   61   56   50   44   38   33   28   25   23   22   22   23   23
   24   24   24   23   22   21   19   18   17   16   16   16   17   18   19   20
   21   23   24   26   27   28   29   29   30   30   31   30   30   29   29   28
   26   26   24   23   22   23   21   26   33                                   
    70.0-180.0 180.0   5.0 450.0                            LAT/LON1/LON2/DLON/H
   33   35   36   39   42   44   49   53   60   65   71   75   79   82   83   84
   83   82   79   75   69   63   56   49   43   37   32   29   28   28   28   28
   28   28   27   25   23   21   19   18   17   16   16   16   17   18   19   21
   22   23   24   25   25   26   27   28   28   29   29   30   30   30   30   29
   28   27   27   26   27   28   30   35   33                                   
    67.5-180.0 180.0   5.0 450.0                            LAT/LON1/LON2/DLON/H
   42   44   44   49   53   55   62   66   72   76   81   86   89   92   93   93
   93   92   89   86   80   74   66   58   50   43   38   34   31   30   30   29
   29   27   25   23   20   18   16   15   14   14   14   15   16   17   18   19
   20   20   21   21   21   22   22   23   24   25   26   27   28   28   28   28
   27   27   25   24   25   29   29   33   42                                   
    65.0-180.0 180.0   5.0 450.0                            LAT/LON1/LON2/DLON/H
   44   49   51   57   60   64   70   75   82   87   92   97  100  102  103  103
  103  103  101   98   93   87   79   70   61   52   45   40   37   34   33   31
   30   27   24   21   17   15   13   13   12   13   14   16   17   19   20   20
   20   20   20   19   19   20   20   21   23   24   26   27   29   29   30   30
   30   30   29   29   30   35   35   40   44                                   
    62.5-180.0 180.0   5.0 450.0                            LAT/LON1/LON2/DLON/H
   50   56   57   64   68   73   78   84   90   95  101  105  108  110  111  112
  112  113  112  109  105   98   90   80   70   60   52   45   40   37   34   32
   29   25   21   18   14   12   11   11   11   13   15   17   19   21   21   21
   20   19   18   18   17   18   18   20   22   24   26   28   30   31   32   32
   31   31   30   29   30   35   36   41   50                                   
    60.0-180.0 180.0   5.0 450.0                            LAT/LON1/LON2/DLON/H
   54   60   63   70   73   77   83   89   96  101  107  112  115  117  118  120
  121  122  121  119  114  107   98   88   77   66   57   49   43   38   35   31
   28   24   20   16   12   10   10   10   11   14   17   20   22   23   23   22
   20   19   17   16   16   16   18   20   22   25   28   30   32   33   34   34
   33   33   31   31   31   36   38   44   54                                   
    57.5-180.0 180.0   5.0 450.0                            LAT/LON1/LON2/DLON/H
   58   65   69   76   80   84   90   95  103  108  114  118  122  124  127  129
  131  132  131  127  122  114  105   94   83   72   62   54   47   42   37   34
   30   26   21   18   15   13   13   14   16   19   23   26   28   29   28   26
   23   21   19   18   17   18   20   23   26   29   33   35   37   38   39   38
   37   36   35   34   34   38   40   46   58                                   
    55.0-180.0 180.0   5.0 450.0                            LAT/LON1/LON2/DLON/H
   65   73   78   85   89   92   98  103  110  115  121  125  129  132  135  138
  140  141  138  133  126  118  108   98   87   77   67   59   52   46   42   38
   34   30   27   23   21   20   20   21   24   27   31   34   36   36   34   32
   29   26   24   22   22   23   26   29   33   37   40   42   43   44   44   43
   42   41   40   38   37   41   43   50   65                                   
    52.5-180.0 180.0   5.0 450.0                            LAT/LON1/LON2/DLON/H
   73   82   89   96  101  104  110  115  120  125  129  132  135  139  143  147
  149  148  144  137  128  119  110  101   92   83   74   66   59   53   48   44
   41   38   36   33   32   31   32   33   35   38   42   44   45   45   43   40
   38   35   33   32   32   33   36   39   43   47   49   51   51   50   50   50
   48   47   46   45   43   47   48   56   73                                   
    50.0-180.0 180.0   5.0 450.0                            LAT/LON1/LON2/DLON/H
   84   93  103  110  116  120  125  130  134  136  138  139  142  145  150  155
  156  154  148  139  129  120  112  105   99   91   84   76   68   62   57   53
   50   48   47   46   46   46   46   47   49   51   53   55   55   55   54   52
   50   48   47   46   46   47   50   53   56   58   59   59   59   57   57   56
   54   54   54   52   51   54   57   64   84                                   
    47.5-180.0 180.0   5.0 450.0                            LAT/LON1/LON2/DLON/H
   94  104  116  125  132  137  142  147  149  149  148  147  148  152  157  161
  162  158  151  141  131  123  117  113  109  103   96   88   79   71   65   61
   58   57   58   59   60   60   61   61   61   62   63   64   65   65   65   64
   64   64   64   63   63   64   65   66   68   69   69   67   66   64   63   62
   60   61   61   60   60   63   66   73   94                                   
    45.0-180.0 180.0   5.0 450.0                            LAT/LON1/LON2/DLON/H
  102  113  126  137  146  153  159  164  164  163  159  156  155  158  162  166
  167  162  153  144  135  129  126  125  122  117  110  100   90   80   72   67
   64   64   65   68   70   71   72   71   70   70   71   71   73   74   75   76
   78   79   80   79   79   78   78   78   78   78   76   74   72   69   68   66
   65   65   66   66   67   71   75   82  102                                   
    42.5-180.0 180.0   5.0 450.0                            LAT/LON1/LON2/DLON/H
  106  118  131  145  156  165  172  177  177  175  169  165  163  164  168  171
  171  166  158  149  143  140  140  140  138  133  124  112   99   86   77   70
   67   67   69   72   76   78   78   77   75   75   75   76   78   80   82   85
   88   90   91   91   90   88   87   86   85   83   81   79   76   74   72   70
   68   68   68   69   71   76   82   89  106                                   
    40.0-180.0 180.0   5.0 450.0                            LAT/LON1/LON2/DLON/H
  105  118  131  146  159  170  179  186  186  184  178  173  170  172  174  177
  176  171  165  159  155  155  155  155  153  146  134  120  104   90   79   71
   68   67   70   74   78   81   81   80   78   77   78   79   81   84   86   89
   92   94   95   95   94   92   90   88   86   84   83   81   79   77   75   72
   69   67   68   69   71   78   84   93  105                                   
    37.5-180.0 180.0   5.0 450.0                            LAT/LON1/LON2/DLON/H
  102  114  126  143  157  170  180  188  191  190  186  181  179  180  182  183
  182  178  174  171  170  170  171  169  164  154  140  124  107   92   81   73
   69   69   71   76   80   83   83   82   80   80   81   82   84   85   87   89
   91   93   93   93   91   90   88   86   84   82   81   80   79   78   76   72
   68   65   65   66   69   77   83   94  102                                   
    35.0-180.0 180.0   5.0 450.0                            LAT/LON1/LON2/DLON/H
   97  109  121  137  152  165  177  187  192  193  191  189  188  189  191  191
  190  188  186  185  185  184  182  177  168  156  141  125  109   95   85   79
   75   75   77   81   86   88   88   86   85   84   85   86   86   87   87   87
   87   87   87   86   85   85   83   82   80   79   78   78   78   77   75   71
   66   62   61   63   65   74   80   94   97                                   
    32.5-180.0 180.0   5.0 450.0                            LAT/LON1/LON2/DLON/H
   94  106  118  133  147  159  172  183  191  195  196  196  197  199  200  200
  198  197  197  197  196  193  186  177  166  154  140  126  113  103   96   92
   90   89   91   94   97   98   98   95   93   92   92   92   91   89   87   85
   83   82   80   80   80   80   79   78   77   76   76   76   77   76   74   70
   64   59   58   60   63   73   80   96   94                                   
    30.0-180.0 180.0   5.0 450.0                            LAT/LON1/LON2/DLON/H
   96  110  121  133  147  156  169  180  190  196  201  204  206  208  208  207
  205  204  205  205  202  195  184  172  160  150  139  130  123  118  116  115
  114  113  113  114  115  115  112  109  105  103  102  101   98   94   90   87
   83   80   78   78   78   79   79   79   78   77   76   76   77   76   74   70
   63   59   58   61   64   74   83  101   96                                   
    27.5-180.0 180.0   5.0 450.0                            LAT/LON1/LON2/DLON/H
  105  121  133  143  155  161  171  181  191  199  207  212  215  217  216  213
  210  209  208  207  201  190  177  164  155  149  145  143  142  143  145  147
  146  144  141  139  138  135  130  125  121  117  115  112  108  103   98   94
   90   86   84   83   83   84   84   83   82   81   80   79   79   78   76   71
   65   62   62   66   70   81   91  110  105                                   
    25.0-180.0 180.0   5.0 450.0                            LAT/LON1/LON2/DLON/H
  121  139  154  161  172  175  181  188  197  205  213  220  224  225  223  218
  214  210  208  203  195  182  170  161  157  158  162  166  171  176  182  185
  184  179  173  167  161  155  149  142  136  131  128  124  119  115  110  106
  102   99   96   95   94   94   94   93   90   88   86   84   83   81   78   75
   70   69   70   76   81   94  105  123  121                                   
    22.5-180.0 180.0   5.0 450.0                            LAT/LON1/LON2/DLON/H
  143  163  179  185  197  197  200  203  208  215  222  228  233  233  229  223
  216  211  205  198  188  177  170  168  173  182  192  201  209  216  223  225
  222  212  201  190  180  172  163  154  148  142  138  134  130  127  124  122
  120  118  115  112  110  109  106  104  100   97   94   90   87   84   82   80
   76   78   81   89   97  110  122  138  143                                   
    20.0-180.0 180.0   5.0 450.0                            LAT/LON1/LON2/DLON/H
  168  188  205  213  226  226  226  225  227  230  235  240  243  242  237  230
  221  213  205  196  188  182  183  191  205  221  236  246  254  260  263  261
  252  237  220  205  191  180  170  161  154  149  145  142  139  138  137  138
  138  137  135  131  127  122  118  114  109  105  101   96   92   88   85   84
   82   87   93  103  113  127  139  154  168                                   
    17.5-180.0 180.0   5.0 450.0                            LAT/LON1/LON2/DLON/H
  190  210  228  239  255  256  257  254  253  252  254  256  258  256  250  241
  230  220  210  202  198  202  214  233  255  275  289  297  300  300  297  287
  271  250  228  209  193  181  171  162  156  151  148  145  144  145  147  150
  152  152  150  145  138  132  126  120  115  111  106  100   95   90   87   86
   87   94  102  114  126  141  154  169  190                                   
    15.0-180.0 180.0   5.0 450.0                            LAT/LON1/LON2/DLON/H
  206  225  245  260  279  284  288  285  283  281  280  280  280  277  270  260
  248  235  225  220  224  238  261  289  316  336  346  347  342  332  319  301
  277  251  225  204  188  176  167  160  154  150  147  146  145  147  150  155
  159  160  158  152  144  136  129  123  118  114  108  102   96   91   88   87
   89   98  107  122  135  150  164  180  206                                   
    12.5-180.0 180.0   5.0 450.0                            LAT/LON1/LON2/DLON/H
  214  234  255  273  297  307  316  316  315  313  312  312  311  307  300  289
  276  263  254  253  264  288  321  355  383  398  399  389  373  353  330  304
  274  244  218  197  182  172  164  158  154  150  147  146  145  146  149  154
  157  159  158  152  145  136  129  124  119  114  109  103   97   91   88   87
   89   99  110  124  140  155  171  187  214                                   
    10.0-180.0 180.0   5.0 450.0                            LAT/LON1/LON2/DLON/H
  217  237  260  281  308  323  338  343  346  347  347  348  349  346  339  328
  315  302  295  298  316  347  385  421  444  449  438  417  391  363  333  301
  268  237  212  194  181  173  167  162  158  154  151  148  146  145  146  148
  151  153  153  148  141  134  127  123  119  114  109  103   96   91   88   87
   89   98  110  125  141  158  176  192  217                                   
     7.5-180.0 180.0   5.0 450.0                            LAT/LON1/LON2/DLON/H
  218  240  263  286  314  334  353  363  372  377  382  387  390  389  385  375
  363  352  346  352  374  408  446  477  490  483  461  431  399  367  333  299
