data/edconvlstm_nd/pred2460.15i
     1.0            IONOSPHERE MAPS     GNSS                IONEX VERSION / TYPE
pyspatialgeodesy        IME             05-JAN-18 20:20     PGM / RUN BY / DATE 
Map Name                                                    COMMENT             
Predicted global ionosphere maps (GIM).                     DESCRIPTION         
  2015     9     3     0     0     0                        EPOCH OF FIRST MAP  
  2015     9     4     0     0     0                        EPOCH OF LAST MAP   
  7200                                                      INTERVAL            
    13                                                      # OF MAPS IN FILE   
  NONE                                                      MAPPING FUNCTION    
10.0                                                        ELEVATION CUTOFF    
One-way carrier phase leveled to code                       OBSERVABLES USED    
  6371.0                                                    BASE RADIUS         
 2                                                          MAP DIMENSION       
   450.0 450.0   0.0                                        HGT1 / HGT2 / DHGT  
    87.5 -87.5  -2.5                                        LAT1 / LAT2 / DLAT  
  -180.0 180.0   5.0                                        LON1 / LON2 / DLON  
    -1                                                      EXPONENT            
                                                            END OF HEADER       
[from data line 4719]
    12                                                      START OF TEC MAP    
  2015     9     3    22     0     0                        EPOCH OF CURRENT MAP
    87.5-180.0 180.0   5.0 450.0                            LAT/LON1/LON2/DLON/H
  149  136  121  128  130  128  129  128  128  130  130  131  131  132  133  133
  133  133  133  133  133  132  132  132  131  130  130  129  128  127  127  126
  125  124  123  123  122  121  120  120  119  118  118  117  117  117  116  116
  116  115  115  115  114  114  114  114  114  114  113  113  113  113  113  113
  113  114  113  114  127  124  136  139  149                                   
    85.0-180.0 180.0   5.0 450.0                            LAT/LON1/LON2/DLON/H
  146  139  141  133  131  135  135  138  138  140  140  142  142  143  143  144
  144  144  143  143  143  142  142  141  140  140  139  138  137  136  135  135
  134  133  132  131  130  129  128  128  127  126  126  125  125  124  124  123
  123  122  122  122  121  121  120  120  120  119  119  119  119  119  119  119
  119  120  119  118  123  120  122  123  146                                   
    82.5-180.0 180.0   5.0 450.0                            LAT/LON1/LON2/DLON/H
  126  124  125  122  124  128  133  134  134  137  138  140  140  141  142  142
  141  141  140  140  139  138  137  136  135  133  132  131  130  129  128  127
  125  124  123  122  121  120  119  118  117  116  115  114  114  113  113  113
  112  112  111  111  111  110  110  109  109  109  108  108  108  107  107  106
  107  106  106  111  115  122  114  115  126                                   
    80.0-180.0 180.0   5.0 450.0                            LAT/LON1/LON2/DLON/H
  113  113  119  117  120  121  128  133  136  140  141  144  144  145  145  145
  144  143  142  140  139  137  135  134  132  130  128  127  125  124  123  121
  120  119  118  117  115  114  113  111  110  109  109  108  108  108  107  107
  107  107  106  106  105  105  104  104  103  103  102  102  101  101  101  100
  100  100   99  102  103  104  100  109  113                                   
    77.5-180.0 180.0   5.0 450.0                            LAT/LON1/LON2/DLON/H
  117  110  119  118  125  128  135  140  144  147  149  151  152  152  152  151
  149  147  145  143  141  138  135  133  130  128  126  124  122  121  120  119
  118  117  116  114  113  111  110  108  107  105  105  104  104  104  104  105
  105  105  105  104  104  104  103  103  103  102  102  102  101  101  101  100
   99   98   98  100  103  101  102  116  117                                   
    75.0-180.0 180.0   5.0 450.0                            LAT/LON1/LON2/DLON/H
  116  113  118  118  126  132  138  144  149  154  156  158  159  158  157  155
  152  149  146  143  140  136  133  130  126  123  120  118  116  115  115  114
  114  114  113  112  110  108  106  105  103  102  101  101  101  101  102  102
  102  103  102  102  101  101  101  100  101  101  101  102  102  102  102  102
  101  100  100   98   99   96   98  102  116                                   
    72.5-180.0 180.0   5.0 450.0                            LAT/LON1/LON2/DLON/H
  119  115  121  129  133  139  148  153  157  161  164  165  165  164  161  158
  155  151  147  142  138  134  129  124  119  115  111  108  106  105  105  105
  106  106  105  104  103  100   98   95   94   92   92   92   92   93   94   95
   95   95   95   95   94   94   93   94   95   96   98  100  102  103  104  104
  102  101  101   98   96   96   99  109  119                                   
    70.0-180.0 180.0   5.0 450.0                            LAT/LON1/LON2/DLON/H
  125  121  126  132  136  142  149  156  161  166  169  170  169  167  164  159
  155  150  145  141  136  131  125  119  113  107  102   98   96   95   96   97
   98   99   99   97   95   92   89   86   84   82   82   82   82   83   84   85
   85   85   85   84   82   82   82   83   85   87   91   95   98  101  104  105
  104  103  104  102  101  101  106  114  125                                   
    67.5-180.0 180.0   5.0 450.0                            LAT/LON1/LON2/DLON/H
  135  132  137  144  148  153  160  167  172  177  180  181  180  177  173  169
  164  159  154  149  143  137  130  123  115  107  101   96   93   92   92   94
   95   96   96   94   92   88   84   80   77   75   75   75   76   77   78   79
   79   78   77   76   74   73   73   75   78   82   88   94  100  105  109  111
  111  111  110  108  106  108  111  119  135                                   
    65.0-180.0 180.0   5.0 450.0                            LAT/LON1/LON2/DLON/H
  143  141  145  151  154  158  164  170  176  181  183  185  184  181  177  172
  167  162  158  153  148  142  134  126  116  107  100   94   91   90   90   92
   93   94   93   90   87   82   77   72   69   67   66   66   67   68   69   69
   68   66   64   62   60   59   59   61   65   71   78   87   95  102  108  112
  113  114  114  114  113  117  122  129  143                                   
    62.5-180.0 180.0   5.0 450.0                            LAT/LON1/LON2/DLON/H
  152  152  156  161  163  166  171  176  180  185  187  188  187  185  181  177
  173  169  166  162  157  151  143  133  123  113  105   99   95   94   94   95
   95   95   93   90   85   79   73   68   64   62   62   62   62   62   62   61
   59   57   54   51   49   48   48   50   55   62   72   82   92  101  109  113
  116  117  119  118  119  123  129  135  152                                   
    60.0-180.0 180.0   5.0 450.0                            LAT/LON1/LON2/DLON/H
  161  161  166  170  171  172  175  179  183  186  188  189  188  185  182  178
  175  173  171  169  165  159  151  142  132  122  114  108  104  103  103  103
  102  100   97   92   86   79   73   68   64   62   61   61   61   60   58   56
   53   50   46   43   40   39   39   42   47   55   65   77   88   99  107  113
  117  120  122  122  124  131  139  143  161                                   
    57.5-180.0 180.0   5.0 450.0                            LAT/LON1/LON2/DLON/H
  168  170  175  178  179  180  182  184  186  187  188  187  186  183  180  178
  176  175  175  173  170  166  159  150  141  133  126  122  119  117  116  115
  113  109  104   98   91   84   77   72   69   67   66   65   64   62   59   55
   51   47   43   39   37   35   36   38   44   52   63   74   86   97  106  113
  118  122  125  126  129  137  145  149  168                                   
    55.0-180.0 180.0   5.0 450.0                            LAT/LON1/LON2/DLON/H
  175  178  184  187  188  189  190  191  191  191  189  187  184  181  179  177
  176  176  176  175  173  170  164  158  151  145  141  138  136  135  133  130
  126  121  114  107   99   92   86   81   78   77   75   74   71   67   63   57
   52   48   44   41   38   37   38   41   46   54   64   75   87   97  107  114
  120  125  130  132  135  143  151  154  175                                   
    52.5-180.0 180.0   5.0 450.0                            LAT/LON1/LON2/DLON/H
  180  184  191  194  196  198  200  200  198  196  192  187  183  180  177  176
  175  175  175  175  174  171  167  163  159  156  155  154  154  153  150  146
  140  132  125  117  110  103   97   93   91   89   88   85   81   76   70   64
   58   53   50   47   46   45   46   48   53   60   69   79   89   99  109  117
  124  131  137  139  142  149  155  158  180                                   
    50.0-180.0 180.0   5.0 450.0                            LAT/LON1/LON2/DLON/H
  183  187  196  200  204  208  210  211  209  205  199  192  186  182  179  177
  176  176  175  174  173  171  169  167  166  167  168  170  171  170  166  160
  152  143  135  128  121  115  110  106  104  102  100   97   92   86   79   72
   67   63   60   58   57   57   58   61   65   70   78   86   95  104  114  123
  130  139  146  149  150  155  160  163  183                                   
    47.5-180.0 180.0   5.0 450.0                            LAT/LON1/LON2/DLON/H
  186  189  198  203  209  215  220  222  220  216  209  201  194  189  185  183
  181  179  177  175  174  173  172  172  174  176  180  183  184  183  178  170
  161  152  144  137  131  125  121  118  116  114  112  108  103   96   89   83
   78   74   72   71   71   72   73   75   79   83   89   96  104  112  121  131
  140  149  158  161  161  162  164  167  186                                   
    45.0-180.0 180.0   5.0 450.0                            LAT/LON1/LON2/DLON/H
  187  188  197  204  211  220  227  232  231  228  221  214  206  201  196  193
  190  186  183  180  178  177  178  179  182  186  189  192  193  191  185  177
  167  158  150  144  138  134  130  127  125  123  121  117  112  105   98   93
   89   86   85   85   85   86   88   90   93   97  102  108  115  122  131  141
  151  162  171  173  172  170  170  172  187                                   
    42.5-180.0 180.0   5.0 450.0                            LAT/LON1/LON2/DLON/H
  189  188  195  203  211  222  231  238  240  239  234  228  222  217  212  208
  203  198  193  189  187  186  187  189  192  195  198  200  199  195  189  180
  171  163  155  149  144  139  135  132  130  128  126  123  118  112  106  101
   98   96   96   96   97   98  100  102  105  108  113  119  125  133  142  153
  163  175  184  186  183  178  176  178  189                                   
    40.0-180.0 180.0   5.0 450.0                            LAT/LON1/LON2/DLON/H
  192  189  195  203  211  221  232  241  246  249  247  243  239  235  231  226
  220  214  207  203  200  199  200  202  204  206  207  206  203  198  191  183
  174  166  159  153  147  142  137  134  132  131  129  126  122  117  112  108
  105  104  103  103  104  106  108  110  112  116  121  127  134  143  153  164
  174  186  195  197  192  186  183  184  192                                   
    37.5-180.0 180.0   5.0 450.0                            LAT/LON1/LON2/DLON/H
  199  196  200  206  213  221  232  243  251  256  258  258  256  254  250  245
  239  231  224  219  216  216  217  218  219  218  216  212  207  201  194  186
  178  170  163  156  150  143  138  135  133  132  131  129  125  120  116  112
  109  108  107  107  108  109  111  112  115  118  124  132  140  150  161  173
  183  195  204  205  200  194  191  193  199                                   
    35.0-180.0 180.0   5.0 450.0                            LAT/LON1/LON2/DLON/H
  211  208  212  215  220  224  235  245  255  264  269  271  272  271  269  264
  257  250  243  238  235  234  235  236  235  232  227  221  213  206  199  192
  184  176  168  160  152  144  138  135  134  134  133  132  128  123  118  115
  111  109  107  107  107  108  110  111  113  116  123  132  142  154  166  178
  189  200  209  210  206  202  200  202  211                                   
    32.5-180.0 180.0   5.0 450.0                            LAT/LON1/LON2/DLON/H
  228  228  231  231  234  235  243  252  263  273  281  286  288  289  287  282
  276  269  262  257  254  254  254  255  253  248  241  231  222  214  207  200
  192  183  174  164  154  145  139  136  135  136  136  134  131  126  121  116
  112  108  106  105  105  106  107  107  108  111  118  128  141  154  168  180
  191  202  211  212  210  209  209  213  228                                   
    30.0-180.0 180.0   5.0 450.0                            LAT/LON1/LON2/DLON/H
  249  252  258  254  256  254  259  266  277  287  297  303  306  307  306  302
  296  289  282  277  274  273  273  273  271  265  256  245  235  226  218  210
  201  191  179  167  156  147  140  137  138  139  139  137  133  128  122  117
  112  107  104  103  103  103  103  102  102  104  111  122  135  150  166  179
  190  201  210  213  212  216  219  224  249                                   
    27.5-180.0 180.0   5.0 450.0                            LAT/LON1/LON2/DLON/H
  273  279  288  283  284  281  284  288  298  308  318  324  328  329  328  325
  319  313  306  300  295  293  293  292  290  283  273  261  249  239  230  221
  211  198  185  171  158  149  143  140  140  141  141  139  135  129  123  117
  111  106  102  101  101  101  100   98   97   98  104  114  129  145  161  175
  186  198  208  213  215  222  228  236  273                                   
    25.0-180.0 180.0   5.0 450.0                            LAT/LON1/LON2/DLON/H
  295  305  316  312  316  314  315  318  327  336  345  352  356  357  357  354
  349  342  334  326  320  316  314  313  310  303  291  278  264  252  242  231
  218  204  188  174  161  151  146  143  142  142  141  139  134  129  123  117
  111  105  102  100  100  100   98   95   93   93   98  108  122  138  155  169
  181  194  205  213  218  227  236  247  295                                   
    22.5-180.0 180.0   5.0 450.0                            LAT/LON1/LON2/DLON/H
  313  324  338  337  346  346  349  352  360  370  379  386  390  392  393  391
  386  379  369  359  350  343  340  337  332  323  309  293  278  264  251  238
  223  206  190  175  163  155  149  146  144  142  139  135  131  126  121  115
  110  105  101  100   99   99   96   93   90   90   94  103  116  132  149  164
  176  191  203  214  221  232  243  257  313                                   
    20.0-180.0 180.0   5.0 450.0                            LAT/LON1/LON2/DLON/H
  324  334  351  355  369  374  380  386  396  407  416  424  429  433  436  435
  431  423  412  399  386  376  370  364  356  343  326  306  288  272  257  241
  224  207  191  177  166  159  153  148  144  139  135  130  126  121  117  112
  107  103   99   98   97   96   94   91   88   88   92  101  113  128  145  160
  173  189  203  215  225  237  249  266  324                                   
    17.5-180.0 180.0   5.0 450.0                            LAT/LON1/LON2/DLON/H
  326  336  355  363  382  393  404  414  427  441  453  462  470  477  482  484
  482  473  460  444  428  414  403  393  380  361  339  315  295  276  259  241
  223  206  192  180  171  164  158  152  145  137  130  124  120  116  113  109
  104  100   96   94   93   92   89   87   86   87   92  100  112  126  142  158
  171  189  204  218  229  242  255  274  326                                   
    15.0-180.0 180.0   5.0 450.0                            LAT/LON1/LON2/DLON/H
  322  331  351  362  384  399  417  431  450  468  483  496  508  518  527  533
  532  523  508  490  471  454  438  422  401  376  347  320  296  276  257  238
  221  205  193  184  178  172  165  157  147  137  128  121  116  112  108  104
  100   95   92   89   87   86   84   83   83   86   92  100  111  126  142  158
  173  191  207  222  234  248  262  282  322                                   
    12.5-180.0 180.0   5.0 450.0                            LAT/LON1/LON2/DLON/H
  317  326  344  355  378  396  417  437  461  484  503  520  535  550  563  572
  574  566  552  532  511  490  469  446  418  385  350  319  293  272  253  235
  219  206  197  191  186  181  173  163  151  140  130  122  116  110  105  100
   94   90   86   83   80   78   77   77   80   84   91   99  111  126  143  160
  175  195  212  228  240  256  272  292  317                                   
    10.0-180.0 180.0   5.0 450.0                            LAT/LON1/LON2/DLON/H
  317  327  342  351  371  388  411  433  460  486  509  529  548  567  584  596
  600  595  581  562  540  516  490  461  426  387  348  315  289  267  249  231
  217  207  202  198  195  190  182  171  159  147  136  128  120  112  104   96
   89   84   79   76   73   71   70   71   75   81   88   98  111  126  145  163
  179  200  219  234  248  266  284  304  317                                   
     7.5-180.0 180.0   5.0 450.0                            LAT/LON1/LON2/DLON/H
  326  339  351  354  369  382  403  424  452  478  502  524  544  565  584  598
  605  603  592  575  552  527  498  464  425  383  343  309  283  262  244  229
