data/edconvlstm_nd/pred3050.15i
     1.0            IONOSPHERE MAPS     GNSS                IONEX VERSION / TYPE
pyspatialgeodesy        IME             05-JAN-18 20:20     PGM / RUN BY / DATE 
Map Name                                                    COMMENT             
Predicted global ionosphere maps (GIM).                     DESCRIPTION         
  2015    11     1     0     0     0                        EPOCH OF FIRST MAP  
  2015    11     2     0     0     0                        EPOCH OF LAST MAP   
  7200                                                      INTERVAL            
    13                                                      # OF MAPS IN FILE   
  NONE                                                      MAPPING FUNCTION    
10.0                                                        ELEVATION CUTOFF    
One-way carrier phase leveled to code                       OBSERVABLES USED    
  6371.0                                                    BASE RADIUS         
 2                                                          MAP DIMENSION       
   450.0 450.0   0.0                                        HGT1 / HGT2 / DHGT  
    87.5 -87.5  -2.5                                        LAT1 / LAT2 / DLAT  
  -180.0 180.0   5.0                                        LON1 / LON2 / DLON  
    -1                                                      EXPONENT            
                                                            END OF HEADER       
[from data line 2574]
     7                                                      START OF TEC MAP    
  2015    11     1    12     0     0                        EPOCH OF CURRENT MAP
    87.5-180.0 180.0   5.0 450.0                            LAT/LON1/LON2/DLON/H
   60   67   68   74   79   79   80   78   81   84   85   86   87   88   89   89
   90   90   90   90   90   90   90   90   89   89   88   88   87   86   85   84
   82   81   79   77   75   73   71   69   67   65   63   61   59   58   56   55
   54   53   52   51   51   50   50   50   50   50   50   51   51   52   52   53
   55   57   56   54   59   61   73   78   60                                   
    85.0-180.0 180.0   5.0 450.0                            LAT/LON1/LON2/DLON/H
   54   71   81   73   77   81   82   84   86   89   89   91   92   93   94   95
   95   96   96   96   97   97   97   97   97   97   97   97   97   96   95   94
   92   90   88   86   84   81   78   76   73   70   68   65   63   61   60   58
   57   56   55   55   55   54   54   55   55   55   56   56   57   58   59   60
   62   63   60   59   62   66   70   68   54                                   
    82.5-180.0 180.0   5.0 450.0                            LAT/LON1/LON2/DLON/H
   38   58   66   63   64   67   70   72   74   77   79   81   82   83   84   85
   85   86   86   87   88   88   89   90   91   92   93   94   94   94   94   93
   92   91   89   86   83   80   77   74   71   67   64   61   58   56   53   51
   50   48   47   46   46   46   46   46   46   46   47   47   48   48   49   50
   51   52   50   50   56   63   59   59   38                                   
    80.0-180.0 180.0   5.0 450.0                            LAT/LON1/LON2/DLON/H
   35   48   56   54   56   57   60   62   65   67   69   72   73   74   75   75
   76   76   76   77   78   79   80   81   83   85   87   90   91   93   94   94
   94   93   91   89   86   83   80   76   72   69   65   61   58   55   52   50
   48   46   45   44   43   43   43   43   43   43   43   44   44   44   44   45
   46   46   45   45   48   57   57   59   35                                   
    77.5-180.0 180.0   5.0 450.0                            LAT/LON1/LON2/DLON/H
   42   49   49   48   49   51   54   56   60   62   63   66   67   69   69   70
   70   70   70   71   71   72   74   76   79   82   85   89   92   95   98   99
  100  100   99   97   94   91   88   85   81   77   73   70   66   63   60   57
   55   53   52   51   51   50   50   50   50   49   49   48   48   47   47   47
   47   46   45   46   46   48   52   58   42                                   
    75.0-180.0 180.0   5.0 450.0                            LAT/LON1/LON2/DLON/H
   36   43   40   41   43   45   47   48   52   54   56   58   60   61   62   62
   63   63   64   64   65   66   69   71   75   79   84   89   94   99  103  106
  108  109  109  108  106  103  101   98   95   92   89   86   83   80   77   74
   71   69   67   66   65   64   63   62   61   59   58   56   55   53   52   51
   50   49   48   45   48   47   50   48   36                                   
    72.5-180.0 180.0   5.0 450.0                            LAT/LON1/LON2/DLON/H
   35   40   35   37   37   41   42   44   46   49   50   53   55   56   58   59
   60   61   62   62   64   66   68   72   76   81   87   94  100  107  112  117
  120  121  122  121  120  118  117  115  114  112  110  108  105  102   99   96
   92   90   87   84   82   80   78   75   73   70   67   64   61   59   57   55
   54   52   51   48   50   49   51   52   35                                   
    70.0-180.0 180.0   5.0 450.0                            LAT/LON1/LON2/DLON/H
   34   36   34   35   35   37   38   40   42   45   46   49   51   53   55   57
   59   61   62   64   66   68   72   76   81   87   94  101  109  117  123  129
  132  135  135  135  134  134  133  133  133  133  133  132  130  127  123  118
  114  109  105  100   96   92   88   83   79   74   70   66   62   59   57   56
   54   52   52   49   50   50   54   54   34                                   
    67.5-180.0 180.0   5.0 450.0                            LAT/LON1/LON2/DLON/H
   32   35   33   35   35   37   39   41   43   45   46   49   51   53   56   59
   62   65   67   70   72   75   79   83   89   95  102  110  119  127  134  140
  144  146  147  147  146  146  146  148  149  151  152  151  150  146  141  135
  129  122  115  108  102   95   89   83   77   72   67   62   59   56   54   53
   53   52   52   49   50   50   52   51   32                                   
    65.0-180.0 180.0   5.0 450.0                            LAT/LON1/LON2/DLON/H
   31   35   33   35   34   37   39   40   42   44   45   47   49   52   55   59
   63   67   70   74   78   81   86   90   96  103  110  119  128  137  145  151
  156  158  158  158  157  157  158  161  164  167  169  169  167  163  156  148
  139  129  119  110  100   92   84   76   69   63   57   53   50   48   47   47
   48   48   50   48   50   50   52   52   31                                   
    62.5-180.0 180.0   5.0 450.0                            LAT/LON1/LON2/DLON/H
   31   35   33   35   34   37   38   40   41   42   43   45   47   50   53   58
   62   67   71   75   80   84   89   94  101  107  115  124  134  143  152  159
  164  166  167  166  165  165  167  170  174  178  180  180  178  172  164  153
  141  129  116  104   93   82   73   64   57   50   45   42   39   38   39   40
   42   43   46   45   49   48   50   50   31                                   
    60.0-180.0 180.0   5.0 450.0                            LAT/LON1/LON2/DLON/H
   33   36   34   36   34   36   38   38   39   39   40   41   42   45   48   52
   57   62   67   71   77   82   88   94  101  108  116  125  135  146  155  164
  169  172  173  172  171  171  172  176  180  184  187  187  183  176  167  154
  140  126  111   97   84   72   62   54   47   41   37   34   33   33   34   36
   38   40   44   44   48   47   48   49   33                                   
    57.5-180.0 180.0   5.0 450.0                            LAT/LON1/LON2/DLON/H
   39   41   38   39   37   39   39   39   39   38   37   37   38   40   43   47
   51   56   61   66   71   78   85   93  101  109  117  126  137  148  158  168
  175  179  180  180  178  178  180  183  187  191  194  193  190  182  172  158
  143  128  112   97   84   72   61   53   47   42   39   38   38   38   40   42
   43   45   48   48   51   49   50   51   39                                   
    55.0-180.0 180.0   5.0 450.0                            LAT/LON1/LON2/DLON/H
   51   51   48   47   45   45   44   42   41   38   36   35   35   36   39   42
   46   50   54   60   66   74   83   93  102  110  119  128  138  149  161  171
  180  185  188  188  187  187  188  191  195  199  201  200  197  189  179  166
  151  136  120  105   92   80   71   63   58   54   53   52   53   54   54   55
   55   56   58   57   60   57   57   58   51                                   
    52.5-180.0 180.0   5.0 450.0                            LAT/LON1/LON2/DLON/H
   67   66   62   61   58   58   55   51   47   43   39   37   36   36   38   41
   44   47   51   57   64   74   84   95  105  114  122  131  140  151  163  175
  185  192  196  197  197  197  198  201  204  208  210  209  206  200  190  179
  165  150  136  122  109   98   89   82   78   75   74   75   76   77   77   76
   74   73   73   71   73   71   70   68   67                                   
    50.0-180.0 180.0   5.0 450.0                            LAT/LON1/LON2/DLON/H
   84   84   81   79   76   77   72   66   60   54   48   44   41   41   42   44
   46   49   53   58   67   77   89  101  112  121  129  137  145  155  166  178
  189  198  203  206  207  208  210  212  215  218  220  220  217  212  204  194
  182  168  155  142  130  119  111  104  100   98   98   99  100  101  100   98
   95   92   90   87   89   88   87   83   84                                   
    47.5-180.0 180.0   5.0 450.0                            LAT/LON1/LON2/DLON/H
  101  103  100   99   96   97   92   86   78   71   63   57   54   52   52   53
   54   56   60   66   74   85   98  110  121  130  138  144  151  159  169  181
  192  202  209  214  217  219  222  225  227  229  231  231  229  224  218  208
  197  185  173  160  149  138  129  122  117  115  115  117  118  119  118  115
  111  107  104  100  103  103  103   98  101                                   
    45.0-180.0 180.0   5.0 450.0                            LAT/LON1/LON2/DLON/H
  112  117  116  116  115  116  112  106   99   91   82   76   72   69   68   67
   67   68   71   77   86   97  109  121  131  140  147  152  157  163  171  181
  193  203  213  220  225  230  233  237  239  240  241  240  238  234  228  219
  209  197  184  172  160  148  138  130  124  121  121  123  125  126  125  123
  118  114  110  107  111  113  114  110  112                                   
    42.5-180.0 180.0   5.0 450.0                            LAT/LON1/LON2/DLON/H
  113  123  123  127  127  130  128  123  117  110  103   97   93   89   87   85
   83   83   85   92  100  111  121  131  140  149  155  160  163  166  172  181
  191  203  214  223  232  238  244  247  249  250  249  248  245  241  234  225
  214  202  189  175  162  149  138  128  121  117  116  118  121  122  122  119
  116  112  109  106  110  114  116  114  113                                   
    40.0-180.0 180.0   5.0 450.0                            LAT/LON1/LON2/DLON/H
  105  118  121  128  131  136  136  135  131  127  121  117  113  110  106  102
   99   97  100  106  114  123  131  139  147  154  161  165  167  169  173  179
  189  201  214  226  237  246  253  258  259  259  257  254  250  245  237  227
  216  203  189  174  159  145  132  121  112  108  107  108  111  112  111  110
  107  104  102   99  103  106  109  108  105                                   
    37.5-180.0 180.0   5.0 450.0                            LAT/LON1/LON2/DLON/H
   91  105  110  118  123  131  135  138  138  136  134  132  130  127  123  117
  112  110  111  117  125  132  138  144  150  157  164  169  171  172  174  180
  190  202  217  231  244  255  264  269  270  269  266  262  257  251  242  232
  220  207  192  176  160  145  130  117  108  103  101  102  104  104  103  101
   98   95   93   90   92   93   95   96   91                                   
    35.0-180.0 180.0   5.0 450.0                            LAT/LON1/LON2/DLON/H
   77   90   94  102  108  116  124  131  135  138  139  140  141  139  135  128
  122  118  119  125  133  138  142  146  150  158  166  172  175  177  179  185
  195  209  224  240  255  267  277  283  284  282  278  274  269  263  255  246
  235  222  207  191  174  157  142  129  118  112  110  109  110  109  106  103
   98   94   92   86   85   82   83   84   77                                   
    32.5-180.0 180.0   5.0 450.0                            LAT/LON1/LON2/DLON/H
   70   78   79   85   90   98  107  116  124  131  136  141  144  144  141  134
  126  122  123  129  137  142  144  146  150  158  167  176  181  185  189  196
  207  222  239  255  271  285  295  302  303  301  298  294  290  286  280  273
  264  253  240  224  207  190  174  161  150  144  140  138  136  133  127  121
  114  108  103   93   88   79   78   78   70                                   
    30.0-180.0 180.0   5.0 450.0                            LAT/LON1/LON2/DLON/H
   72   73   69   72   75   81   89   99  109  117  126  134  140  142  140  133
  126  122  124  130  138  143  145  147  151  160  171  182  190  197  204  214
  227  244  262  279  295  308  319  326  328  327  325  324  323  322  320  316
  311  302  291  277  260  243  228  215  204  197  192  189  185  177  168  158
  148  139  131  116  106   90   85   80   72                                   
    27.5-180.0 180.0   5.0 450.0                            LAT/LON1/LON2/DLON/H
   85   80   69   69   68   71   76   84   93  102  112  122  129  134  133  128
  121  118  121  129  138  144  147  149  155  164  177  190  202  213  224  237
  254  273  292  309  324  337  348  355  359  360  361  363  367  371  374  374
  373  367  358  345  330  314  299  286  275  268  261  255  248  237  224  210
  196  184  172  154  138  116  106   93   85                                   
    25.0-180.0 180.0   5.0 450.0                            LAT/LON1/LON2/DLON/H
  108   97   80   76   73   71   73   76   83   90   98  108  116  121  122  118
  114  112  117  126  137  145  151  155  161  171  185  200  215  231  247  265
  286  307  326  343  357  369  379  388  394  399  405  412  421  430  438  443
  445  443  435  424  409  393  378  364  353  343  334  325  314  300  284  267
  250  236  219  199  180  152  136  116  108                                   
    22.5-180.0 180.0   5.0 450.0                            LAT/LON1/LON2/DLON/H
  137  123  100   93   88   82   80   78   80   83   89   95  102  107  108  107
  104  105  112  124  137  148  156  163  170  180  194  210  229  248  270  294
  318  341  361  377  390  401  411  421  431  441  452  465  479  493  505  514
  518  517  510  498  483  466  450  434  419  405  391  379  365  349  331  313
  295  281  263  244  222  192  171  149  137                                   
    20.0-180.0 180.0   5.0 450.0                            LAT/LON1/LON2/DLON/H
  168  152  126  116  109   99   93   87   84   83   84   87   91   94   96   96
   96   99  108  122  138  152  163  171  178  188  202  219  240  264  291  320
  347  372  392  407  418  429  440  452  466  481  498  515  534  551  565  574
  577  575  566  553  536  517  497  476  455  435  417  402  387  371  354  337
  321  310  292  276  254  227  205  183  168                                   
    17.5-180.0 180.0   5.0 450.0                            LAT/LON1/LON2/DLON/H
  191  178  153  141  131  118  110   99   93   88   85   85   85   86   87   87
   89   95  107  122  140  156  168  178  185  194  207  225  249  277  309  341
  370  396  415  429  440  450  463  478  496  516  536  557  576  593  605  611
  611  605  593  576  556  534  509  482  454  428  406  388  373  360  347  333
  321  314  300  289  271  250  230  209  191                                   
    15.0-180.0 180.0   5.0 450.0                            LAT/LON1/LON2/DLON/H
  202  195  175  163  151  135  125  112  103   96   90   86   83   82   82   83
   86   94  108  125  143  160  173  182  190  198  210  229  255  287  322  356
  387  412  431  444  455  466  480  498  519  542  564  584  601  614  621  622
  617  605  589  569  546  520  490  458  424  394  368  349  335  324  316  307
  298  295  287  281  269  255  241  222  202                                   
    12.5-180.0 180.0   5.0 450.0                            LAT/LON1/LON2/DLON/H
  200  199  188  176  166  148  137  123  112  104   97   91   86   83   81   82
   87   97  111  129  147  163  176  185  192  201  214  234  262  297  333  368
  398  422  440  454  465  477  492  512  535  558  579  595  607  614  616  612
  602  585  565  543  518  490  457  420  383  348  320  300  288  281  276  270
  265  264  260  259  252  246  236  219  200                                   
    10.0-180.0 180.0   5.0 450.0                            LAT/LON1/LON2/DLON/H
  189  193  189  178  171  154  144  130  119  111  104   98   92   88   85   85
   91  102  118  136  153  168  180  189  196  206  220  242  273  308  344  378
  406  429  447  460  472  485  502  522  545  566  582  593  599  602  599  592
  579  561  539  516  491  462  427  388  347  310  281  262  252  246  244  240
  236  235  232  233  230  229  222  207  189                                   
     7.5-180.0 180.0   5.0 450.0                            LAT/LON1/LON2/DLON/H
  176  182  181  171  167  152  144  132  123  116  111  105  100   94   91   91
   96  108  126  145  162  176  186  194  203  215  232  256  287  322  357  388
