data/edconvlstm_nd/pred0890.15i
     1.0            IONOSPHERE MAPS     GNSS                IONEX VERSION / TYPE
pyspatialgeodesy        IME             05-JAN-18 20:20     PGM / RUN BY / DATE 
Map Name                                                    COMMENT             
Predicted global ionosphere maps (GIM).                     DESCRIPTION         
  2015     3    30     0     0     0                        EPOCH OF FIRST MAP  
  2015     3    31     0     0     0                        EPOCH OF LAST MAP   
  7200                                                      INTERVAL            
    13                                                      # OF MAPS IN FILE   
  NONE                                                      MAPPING FUNCTION    
10.0                                                        ELEVATION CUTOFF    
One-way carrier phase leveled to code                       OBSERVABLES USED    
  6371.0                                                    BASE RADIUS         
 2                                                          MAP DIMENSION       
   450.0 450.0   0.0                                        HGT1 / HGT2 / DHGT  
    87.5 -87.5  -2.5                                        LAT1 / LAT2 / DLAT  
  -180.0 180.0   5.0                                        LON1 / LON2 / DLON  
    -1                                                      EXPONENT            
                                                            END OF HEADER       
[from data line 1716]
     5                                                      START OF TEC MAP    
  2015     3    30     8     0     0                        EPOCH OF CURRENT MAP
    87.5-180.0 180.0   5.0 450.0                            LAT/LON1/LON2/DLON/H
  115  110  109  114  120  121  122  122  126  129  131  133  135  135  136  136
  135  135  134  133  132  130  129  128  126  125  124  123  122  121  120  119
  118  117  117  116  116  115  115  114  114  114  113  113  112  111  110  109
  108  107  106  105  104  103  102  101   99   98   97   95   94   93   91   91
   91   92   91   91   97   97  105  112  115                                   
    85.0-180.0 180.0   5.0 450.0                            LAT/LON1/LON2/DLON/H
  103  106  112  114  120  124  129  132  137  141  143  146  148  148  149  148
  148  147  145  144  142  140  138  136  135  133  131  130  129  128  127  126
  126  125  125  125  125  125  125  125  125  125  125  125  124  124  122  121
  120  118  116  115  113  111  108  106  104  102   99   97   95   92   90   89
   89   90   86   88   86   88   93   96  103                                   
    82.5-180.0 180.0   5.0 450.0                            LAT/LON1/LON2/DLON/H
   86   97  100  103  109  117  124  130  136  142  146  150  152  153  152  151
  150  148  145  142  139  136  134  131  129  126  124  123  122  121  120  121
  121  122  123  124  126  128  129  131  133  134  135  136  136  135  134  133
  131  129  126  123  120  117  114  110  107  103   99   95   90   86   82   79
   77   76   71   73   76   75   73   71   86                                   
    80.0-180.0 180.0   5.0 450.0                            LAT/LON1/LON2/DLON/H
   77   81   85   92   99  107  115  124  132  138  143  147  149  149  147  145
  142  138  134  129  125  121  117  113  110  107  105  104  103  103  104  105
  108  111  114  118  122  127  131  136  140  144  148  150  152  153  153  152
  151  149  146  143  140  136  132  128  124  119  113  108  102   95   89   84
   78   73   67   65   64   64   69   63   77                                   
    77.5-180.0 180.0   5.0 450.0                            LAT/LON1/LON2/DLON/H
   77   76   78   85   91  100  110  118  128  134  139  143  144  143  140  136
  132  126  121  116  111  106  101   97   94   91   89   88   88   89   92   95
  100  106  113  120  128  137  145  153  161  168  175  180  184  187  189  189
  188  186  184  180  177  173  169  165  160  155  149  142  134  126  117  109
  100   92   81   77   73   63   66   68   77                                   
    75.0-180.0 180.0   5.0 450.0                            LAT/LON1/LON2/DLON/H
   77   75   72   79   84   93  102  110  119  125  129  132  132  129  125  120
  114  108  102   97   92   87   83   79   75   72   71   70   71   73   78   83
   91   99  109  119  131  142  154  166  177  188  198  207  215  221  224  226
  227  225  223  220  217  213  209  205  201  196  190  183  176  167  157  148
  136  125  112   99   90   79   79   76   77                                   
    72.5-180.0 180.0   5.0 450.0                            LAT/LON1/LON2/DLON/H
   87   81   77   80   83   92  101  108  116  121  124  126  125  121  116  109
  103   97   92   88   84   80   77   74   71   68   67   66   68   71   77   84
   94  105  117  130  144  158  172  186  201  215  228  240  251  259  265  269
  270  269  267  263  259  255  251  247  243  238  233  227  220  212  203  194
  182  170  155  140  124  108  104  100   87                                   
    70.0-180.0 180.0   5.0 450.0                            LAT/LON1/LON2/DLON/H
  105   92   86   85   84   89   96  102  108  113  116  116  114  109  103   97
   91   86   82   80   78   76   75   72   70   68   67   66   68   73   79   88
  100  112  126  141  155  170  186  201  217  234  250  265  279  291  299  305
  307  306  303  298  292  287  281  276  271  266  261  256  250  244  236  229
  219  208  194  177  161  141  136  129  105                                   
    67.5-180.0 180.0   5.0 450.0                            LAT/LON1/LON2/DLON/H
  121  105   96   90   85   87   92   96  102  106  109  110  107  102   96   90
   85   81   79   79   79   79   78   77   75   73   72   72   74   79   86   96
  108  122  136  151  165  180  194  210  226  243  262  280  297  311  323  330
  332  331  327  320  312  303  295  288  282  276  271  267  262  258  252  248
  241  233  222  207  192  172  163  156  121                                   
    65.0-180.0 180.0   5.0 450.0                            LAT/LON1/LON2/DLON/H
  138  119  107   96   87   85   87   90   95  100  103  105  103   99   94   89
   85   82   81   82   84   85   85   85   83   81   80   80   82   87   95  105
  118  133  148  162  175  188  201  215  231  249  269  290  310  328  342  351
  354  352  345  335  324  312  301  291  283  276  271  267  264  261  257  255
  252  247  240  228  217  199  190  182  138                                   
    62.5-180.0 180.0   5.0 450.0                            LAT/LON1/LON2/DLON/H
  153  132  117  101   88   81   81   83   87   92   96  100  100   98   95   91
   88   87   87   88   89   90   91   90   88   86   85   85   87   92  101  112
  126  141  156  170  183  194  205  217  232  250  271  295  318  339  356  366
  370  366  358  345  330  315  302  290  280  273  268  265  262  260  258  257
  255  253  249  241  233  218  209  200  153                                   
    60.0-180.0 180.0   5.0 450.0                            LAT/LON1/LON2/DLON/H
  168  145  128  106   90   79   74   74   77   81   87   92   95   96   95   93
   92   91   91   91   91   91   91   89   87   86   85   85   88   94  102  114
  129  145  161  176  188  198  208  218  232  250  272  297  323  347  366  379
  383  379  369  355  338  322  307  294  285  278  273  270  267  265  262  261
  260  259  256  250  246  233  223  212  168                                   
    57.5-180.0 180.0   5.0 450.0                            LAT/LON1/LON2/DLON/H
  184  162  144  116   98   81   72   67   68   71   77   83   88   92   93   94
   94   93   93   92   90   88   86   83   82   81   81   82   85   91  100  112
  127  145  163  180  195  206  215  224  236  253  275  302  329  356  378  392
  398  395  386  372  355  339  324  312  303  296  292  289  286  283  279  276
  273  270  268  262  259  248  237  224  184                                   
    55.0-180.0 180.0   5.0 450.0                            LAT/LON1/LON2/DLON/H
  204  182  164  133  114   92   77   68   64   64   68   74   80   85   89   91
   93   93   93   91   87   83   79   76   75   75   76   78   81   86   94  106
  122  143  165  186  204  217  228  237  248  263  284  310  338  366  390  408
  416  416  408  396  381  366  353  342  333  328  324  321  318  313  307  301
  295  291  286  280  275  264  252  237  204                                   
    52.5-180.0 180.0   5.0 450.0                            LAT/LON1/LON2/DLON/H
  227  206  188  158  137  112   93   77   68   64   64   68   73   78   83   87
   91   92   92   89   85   80   76   73   72   72   74   77   79   83   89  100
  116  139  165  192  215  234  247  257  267  281  299  323  351  380  405  425
  437  440  436  426  414  402  390  380  372  367  364  361  357  351  343  334
  325  318  310  302  295  284  268  253  227                                   
    50.0-180.0 180.0   5.0 450.0                            LAT/LON1/LON2/DLON/H
  250  230  214  187  167  141  118   97   82   73   68   68   70   74   79   84
   88   91   92   90   87   82   79   76   76   77   79   81   82   83   86   95
  111  135  166  199  229  253  271  283  293  305  321  342  368  396  422  444
  459  465  465  459  449  439  428  419  411  405  401  398  393  386  376  366
  355  346  336  325  315  304  286  271  250                                   
    47.5-180.0 180.0   5.0 450.0                            LAT/LON1/LON2/DLON/H
  269  251  237  215  197  173  149  125  105   90   80   75   74   75   78   83
   88   92   95   95   94   91   89   88   89   90   92   91   89   87   86   92
  107  132  167  206  242  273  295  311  322  333  346  364  387  413  439  462
  479  489  491  488  480  471  460  449  440  432  426  421  415  407  398  386
  375  366  355  345  332  321  301  288  269                                   
    45.0-180.0 180.0   5.0 450.0                            LAT/LON1/LON2/DLON/H
  279  262  253  238  221  201  180  155  133  114   99   90   84   82   82   86
   91   96  101  104  105  105  106  106  108  109  108  106  100   93   89   92
  104  130  167  210  253  289  317  336  349  360  372  387  407  431  456  479
  497  508  513  511  505  495  482  468  454  442  432  424  417  409  400  390
  381  373  363  354  341  328  309  298  279                                   
    42.5-180.0 180.0   5.0 450.0                            LAT/LON1/LON2/DLON/H
  274  259  255  247  234  219  202  182  159  139  122  109  100   94   92   93
   97  103  110  116  120  124  126  128  129  129  126  120  111  102   94   94
  105  130  167  213  259  300  332  356  372  385  397  411  428  450  473  496
  514  527  532  531  525  513  497  478  459  441  426  414  405  396  387  379
  372  367  359  351  338  324  307  297  274                                   
    40.0-180.0 180.0   5.0 450.0                            LAT/LON1/LON2/DLON/H
  257  240  241  236  229  221  211  197  179  160  144  130  118  109  105  104
  107  114  122  130  138  144  147  150  150  147  142  133  122  110  102  101
  110  133  169  214  262  306  342  370  391  407  421  435  452  472  494  516
  535  548  554  554  547  534  516  493  468  445  424  407  393  381  372  366
  360  356  349  341  327  310  296  285  257                                   
    37.5-180.0 180.0   5.0 450.0                            LAT/LON1/LON2/DLON/H
  234  215  216  210  209  204  202  196  185  172  159  147  135  126  119  117
  119  126  135  146  155  162  166  167  166  161  154  143  130  119  112  112
  121  141  174  216  263  308  348  381  407  428  446  463  480  500  521  543
  563  577  585  586  581  569  550  526  499  471  445  422  402  386  374  366
  360  355  347  335  320  298  283  269  234                                   
    35.0-180.0 180.0   5.0 450.0                            LAT/LON1/LON2/DLON/H
  218  197  192  181  181  177  180  181  178  172  164  156  147  139  133  131
  132  138  149  161  171  178  181  181  177  171  162  150  139  129  125  127
  136  154  183  221  265  310  352  389  421  448  472  494  514  535  558  581
  602  618  629  634  632  624  608  587  561  532  502  474  447  425  408  396
  386  377  366  347  329  299  282  262  218                                   
    32.5-180.0 180.0   5.0 450.0                            LAT/LON1/LON2/DLON/H
  220  195  182  163  160  153  155  160  162  162  160  158  153  149  144  142
  144  150  161  173  184  190  192  189  185  178  169  158  148  142  141  145
  155  171  197  231  271  314  356  397  435  469  500  527  552  577  602  628
  652  672  689  699  704  702  693  678  657  630  600  568  536  507  483  465
  449  434  415  386  362  321  298  272  220                                   
    30.0-180.0 180.0   5.0 450.0                            LAT/LON1/LON2/DLON/H
  244  218  195  168  159  147  144  146  149  151  153  154  154  153  152  151
  153  160  170  183  193  198  199  196  192  186  178  169  162  158  159  165
  176  192  214  245  281  322  365  408  449  489  526  560  591  621  650  680
  709  735  758  777  790  798  799  793  780  760  733  700  665  629  598  573
  550  527  498  455  422  370  337  305  244                                   
    27.5-180.0 180.0   5.0 450.0                            LAT/LON1/LON2/DLON/H
  296  269  235  201  187  168  156  152  150  150  151  153  155  156  157  158
  160  167  177  189  198  203  204  203  201  197  191  184  179  177  180  188
  199  214  236  264  298  336  378  421  465  508  549  587  624  660  695  731
  765  798  829  857  880  898  910  915  913  902  881  850  813  773  735  701
  671  641  602  548  504  441  396  361  296                                   
    25.0-180.0 180.0   5.0 450.0                            LAT/LON1/LON2/DLON/H
  376  347  304  264  244  218  196  181  171  164  160  160  160  162  163  165
  167  172  181  191  201  206  209  211  211  211  207  202  198  198  202  210
  221  238  259  286  319  356  396  438  482  526  568  609  649  690  731  773
  813  853  891  927  959  985 1007 1022 1030 1028 1015  988  951  909  866  824
  786  753  707  645  593  527  475  434  376                                   
    22.5-180.0 180.0   5.0 450.0                            LAT/LON1/LON2/DLON/H
  476  443  395  352  322  292  259  233  212  196  185  178  175  174  174  174
  174  177  183  192  201  209  214  219  223  225  223  219  216  216  220  229
  242  259  282  310  343  379  417  457  499  542  584  625  667  711  756  802
  847  891  934  974 1010 1042 1069 1090 1105 1111 1105 1084 1051 1010  965  919
  877  842  796  733  677  614  563  517  476                                   
    20.0-180.0 180.0   5.0 450.0                            LAT/LON1/LON2/DLON/H
  581  539  490  446  408  377  336  300  268  243  222  209  199  194  190  187
  184  183  187  194  202  211  219  226  233  236  234  230  227  228  233  243
  257  276  300  331  365  401  438  477  517  558  598  638  680  724  771  819
  866  911  953  992 1027 1058 1084 1106 1124 1134 1134 1121 1095 1059 1018  973
  931  898  857  798  745  687  643  598  581                                   
    17.5-180.0 180.0   5.0 450.0                            LAT/LON1/LON2/DLON/H
  664  610  566  526  485  456  413  371  332  298  270  248  232  220  211  203
  196  192  191  196  203  212  221  230  237  239  236  232  229  231  238  250
  265  286  313  345  381  418  455  494  533  573  612  650  690  733  779  826
  871  912  949  982 1009 1033 1052 1070 1086 1098 1103 1097 1080 1054 1021  984
  948  919  887  835  789  736  698  665  664                                   
    15.0-180.0 180.0   5.0 450.0                            LAT/LON1/LON2/DLON/H
  704  642  608  575  537  512  474  431  390  352  319  292  269  250  235  222
  210  201  197  198  203  211  220  228  233  232  229  224  223  226  236  250
  268  291  320  354  391  429  467  507  548  588  626  662  699  739  781  824
  864  899  926  947  963  976  985  995 1005 1015 1023 1025 1018 1002  981  957
  931  909  887  844  808  761  723  706  704                                   
    12.5-180.0 180.0   5.0 450.0                            LAT/LON1/LON2/DLON/H
  706  640  618  590  559  536  503  465  428  392  361  331  304  279  259  241
  225  211  202  199  202  208  215  220  222  219  214  210  211  218  231  250
  271  296  326  360  397  436  476  518  561  602  640  675  708  744  781  819
  852  877  893  902  906  908  908  909  912  918  926  932  933  929  920  907
  893  880  866  833  807  766  726  720  706                                   
    10.0-180.0 180.0   5.0 450.0                            LAT/LON1/LON2/DLON/H
  690  630  614  586  558  533  502  468  437  409  383  357  330  303  279  257
  238  221  208  201  201  204  208  209  206  202  197  196  201  213  231  254
  279  306  336  369  403  441  482  527  573  617  655  687  718  749  782  814
  839  856  864  864  861  856  851  845  842  843  849  857  864  866  864  859
  851  844  835  808  790  756  718  716  690                                   
     7.5-180.0 180.0   5.0 450.0                            LAT/LON1/LON2/DLON/H
  671  625  609  577  547  518  483  450  424  402  384  365  341  315  291  268
  248  229  214  204  200  200  199  196  190  186  185  188  198  214  237  264
