data/edconvlstm_nd/pred3390.15i
     1.0            IONOSPHERE MAPS     GNSS                IONEX VERSION / TYPE
pyspatialgeodesy        IME             05-JAN-18 20:20     PGM / RUN BY / DATE 
Map Name                                                    COMMENT             
Predicted global ionosphere maps (GIM).                     DESCRIPTION         
  2015    12     5     0     0     0                        EPOCH OF FIRST MAP  
  2015    12     6     0     0     0                        EPOCH OF LAST MAP   
  7200                                                      INTERVAL            
    13                                                      # OF MAPS IN FILE   
  NONE                                                      MAPPING FUNCTION    
10.0                                                        ELEVATION CUTOFF    
One-way carrier phase leveled to code                       OBSERVABLES USED    
  6371.0                                                    BASE RADIUS         
 2                                                          MAP DIMENSION       
   450.0 450.0   0.0                                        HGT1 / HGT2 / DHGT  
    87.5 -87.5  -2.5                                        LAT1 / LAT2 / DLAT  
  -180.0 180.0   5.0                                        LON1 / LON2 / DLON  
    -1                                                      EXPONENT            
                                                            END OF HEADER       
[from data line 3432]
     9                                                      START OF TEC MAP    
  2015    12     5    16     0     0                        EPOCH OF CURRENT MAP
    87.5-180.0 180.0   5.0 450.0                            LAT/LON1/LON2/DLON/H
   49   58   60   62   65   64   64   60   60   62   61   61   61   61   61   60
   60   59   59   58   57   56   55   55   54   53   52   51   51   50   50   49
   49   49   49   49   49   49   49   49   49   50   50   51   51   51   52   53
   53   53   54   54   55   55   56   56   56   57   57   57   57   57   58   58
   59   58   55   51   54   55   70   74   49                                   
    85.0-180.0 180.0   5.0 450.0                            LAT/LON1/LON2/DLON/H
   55   64   79   61   63   66   65   66   66   68   67   67   66   66   66   65
   65   65   64   63   63   62   61   60   60   59   58   57   56   55   55   54
   54   54   53   53   53   53   53   53   54   54   54   54   55   55   55   56
   56   57   57   57   58   58   59   59   59   60   60   60   61   61   62   62
   63   62   58   54   58   59   68   62   55                                   
    82.5-180.0 180.0   5.0 450.0                            LAT/LON1/LON2/DLON/H
   44   53   64   54   57   59   61   61   61   62   62   62   62   61   61   60
   59   59   58   57   56   56   55   54   53   52   51   50   49   48   47   46
   46   45   45   45   45   45   45   45   45   45   46   46   46   46   46   47
   47   47   48   48   49   49   49   50   50   51   51   52   52   52   53   53
   54   54   51   48   55   64   62   58   44                                   
    80.0-180.0 180.0   5.0 450.0                            LAT/LON1/LON2/DLON/H
   34   43   56   49   53   53   56   56   58   59   59   60   59   59   58   57
   56   55   55   54   53   52   51   50   49   48   46   45   44   43   42   41
   41   40   40   40   40   40   40   40   40   40   40   40   40   40   40   41
   41   42   42   43   43   44   44   44   45   45   46   46   46   47   47   48
   49   49   48   47   48   56   53   57   34                                   
    77.5-180.0 180.0   5.0 450.0                            LAT/LON1/LON2/DLON/H
   45   47   48   42   46   47   51   52   55   55   55   56   56   56   55   54
   53   53   53   52   52   52   51   50   48   46   44   42   40   38   36   35
   35   34   34   34   34   34   33   33   32   32   31   31   31   31   31   32
   33   34   35   36   37   38   38   39   39   40   40   40   40   41   41   41
   42   42   42   42   41   45   47   51   45                                   
    75.0-180.0 180.0   5.0 450.0                            LAT/LON1/LON2/DLON/H
   32   38   38   37   42   43   45   47   50   52   52   53   53   53   52   52
   51   52   52   53   54   55   55   54   53   51   48   45   42   40   38   36
   35   35   35   35   35   34   33   32   31   30   29   28   28   28   28   29
   30   32   33   34   36   37   37   38   38   38   39   39   39   40   40   40
   41   42   42   41   41   40   39   35   32                                   
    72.5-180.0 180.0   5.0 450.0                            LAT/LON1/LON2/DLON/H
   35   37   36   35   37   38   41   42   44   45   46   46   46   46   45   45
   45   47   49   51   54   57   59   59   58   56   53   49   45   41   38   36
   34   34   33   33   33   32   30   28   26   24   23   21   20   20   21   22
   23   25   27   28   29   30   31   32   32   32   33   33   34   34   35   35
   35   36   36   35   35   35   36   36   35                                   
    70.0-180.0 180.0   5.0 450.0                            LAT/LON1/LON2/DLON/H
   30   34   34   34   36   35   37   39   42   44   45   45   45   44   44   44
   45   48   52   57   63   68   72   74   74   71   67   62   57   52   47   44
   42   41   40   40   39   37   35   32   29   26   23   21   20   20   21   22
   24   25   27   29   30   31   31   32   32   33   34   34   35   36   37   37
   38   38   38   37   38   37   40   40   30                                   
    67.5-180.0 180.0   5.0 450.0                            LAT/LON1/LON2/DLON/H
   31   33   33   33   35   34   37   39   41   42   43   44   43   43   42   43
   45   48   54   62   70   78   84   88   89   86   82   76   69   62   57   52
   49   47   46   45   43   41   38   34   30   26   23   21   20   19   20   21
   23   25   26   27   28   29   29   30   30   31   32   34   35   36   37   38
   38   38   38   36   36   35   36   35   31                                   
    65.0-180.0 180.0   5.0 450.0                            LAT/LON1/LON2/DLON/H
   28   32   31   33   34   33   35   37   39   41   42   43   43   42   42   43
   46   51   58   68   79   89   97  102  104  102   97   90   83   75   68   63
   58   55   52   50   47   44   41   36   32   28   24   22   21   20   21   22
   23   24   25   25   26   26   27   27   29   30   31   33   35   36   37   38
   39   40   40   38   38   38   38   37   28                                   
    62.5-180.0 180.0   5.0 450.0                            LAT/LON1/LON2/DLON/H
   28   32   31   33   34   33   34   36   38   40   41   43   43   44   44   46
   49   55   64   74   86   98  107  113  115  114  109  103   95   87   80   73
   68   63   59   55   51   47   42   38   33   29   26   24   22   22   22   22
   22   23   23   23   23   23   23   24   26   28   30   32   33   35   36   37
   38   39   39   38   37   37   37   36   28                                   
    60.0-180.0 180.0   5.0 450.0                            LAT/LON1/LON2/DLON/H
   28   32   31   34   33   31   32   33   35   37   39   42   44   45   47   50
   54   60   69   80   92  103  113  119  121  120  117  111  105   98   90   83
   77   70   64   59   53   48   43   38   34   30   27   26   24   24   23   22
   22   21   20   19   19   19   20   21   23   25   28   30   31   32   33   34
   35   36   37   36   37   37   37   36   28                                   
    57.5-180.0 180.0   5.0 450.0                            LAT/LON1/LON2/DLON/H
   30   34   34   36   35   32   32   32   35   37   40   44   47   51   54   58
   62   69   77   87   98  108  117  123  125  125  123  119  115  109  103   97
   89   81   74   66   60   53   48   43   39   35   33   32   31   29   28   26
   24   22   21   19   19   19   20   22   24   27   29   31   32   33   33   34
   34   35   37   38   38   38   38   38   30                                   
    55.0-180.0 180.0   5.0 450.0                            LAT/LON1/LON2/DLON/H
   35   39   39   41   39   35   34   34   36   38   42   48   53   58   63   68
   74   80   87   96  104  113  119  124  126  127  127  125  124  121  116  110
  102   93   85   76   68   61   55   50   46   43   41   40   39   37   35   32
   29   27   25   23   22   22   24   26   28   31   34   36   36   36   36   36
   36   37   40   41   41   42   42   42   35                                   
    52.5-180.0 180.0   5.0 450.0                            LAT/LON1/LON2/DLON/H
   43   46   46   48   45   42   40   39   40   43   48   54   61   68   74   80
   86   92   99  105  112  117  122  125  128  129  130  131  132  131  128  122
  115  106   96   87   79   72   65   60   56   53   52   51   49   47   44   41
   38   35   33   32   31   32   33   35   38   40   43   44   44   42   41   41
   41   43   46   47   48   48   48   48   43                                   
    50.0-180.0 180.0   5.0 450.0                            LAT/LON1/LON2/DLON/H
   52   55   55   57   54   52   49   48   49   51   56   63   71   79   87   94
  100  106  111  116  120  123  126  129  131  133  136  138  139  139  136  131
  124  115  107   98   91   84   77   72   67   65   63   62   60   58   55   52
   49   47   46   45   45   46   47   48   51   53   54   54   53   51   50   49
   50   52   55   56   57   57   57   55   52                                   
    47.5-180.0 180.0   5.0 450.0                            LAT/LON1/LON2/DLON/H
   62   64   64   67   64   63   60   60   61   64   69   76   83   91  100  107
  114  120  124  127  129  131  133  136  138  141  144  145  146  144  140  135
  128  121  114  108  102   96   90   84   79   76   74   72   71   68   65   63
   61   61   60   61   61   61   62   63   64   65   65   65   63   61   59   59
   60   62   66   67   67   67   66   64   62                                   
    45.0-180.0 180.0   5.0 450.0                            LAT/LON1/LON2/DLON/H
   69   71   71   74   73   73   71   73   74   79   84   90   97  105  113  121
  127  132  136  138  140  142  144  146  149  152  153  153  150  145  139  133
  126  121  117  114  111  107  102   96   90   86   83   81   79   77   74   73
   72   73   73   74   74   75   75   75   75   75   74   73   71   69   68   68
   69   72   75   76   76   76   75   71   69                                   
    42.5-180.0 180.0   5.0 450.0                            LAT/LON1/LON2/DLON/H
   72   73   73   78   79   80   80   84   88   95  100  107  113  120  127  134
  140  144  147  150  151  154  156  160  163  165  164  159  152  143  134  126
  121  118  118  118  118  117  112  106   99   94   90   88   85   83   81   80
   80   81   82   82   82   82   81   81   81   80   79   78   76   75   75   75
   76   78   81   81   81   80   79   76   72                                   
    40.0-180.0 180.0   5.0 450.0                            LAT/LON1/LON2/DLON/H
   71   71   70   77   79   83   86   93  100  109  115  122  128  134  140  146
  151  155  158  161  163  166  170  173  176  177  173  164  152  139  127  120
  117  117  120  124  126  126  122  115  108  101   96   93   90   87   86   85
   85   85   85   84   83   82   81   80   80   79   78   77   77   77   77   78
   79   81   83   82   80   79   77   75   71                                   
    37.5-180.0 180.0   5.0 450.0                            LAT/LON1/LON2/DLON/H
   65   65   63   72   75   80   86   96  107  118  128  136  142  147  153  158
  162  165  168  171  174  178  182  185  187  186  180  168  153  137  126  120
  120  123  129  134  138  138  133  125  116  108  103   98   95   91   89   88
   87   85   83   81   78   76   75   75   74   74   74   73   74   75   76   77
   78   78   79   77   75   73   70   71   65                                   
    35.0-180.0 180.0   5.0 450.0                            LAT/LON1/LON2/DLON/H
   57   56   55   63   67   73   82   95  109  124  136  146  153  159  165  169
  172  175  178  181  184  187  191  193  194  192  185  172  157  143  135  133
  136  142  149  154  157  155  149  139  128  119  111  106  101   97   94   91
   89   85   81   76   71   69   68   68   68   68   68   68   69   70   72   74
   74   73   73   70   67   65   62   64   57                                   
    32.5-180.0 180.0   5.0 450.0                            LAT/LON1/LON2/DLON/H
   49   49   47   54   58   64   74   89  106  124  139  152  161  169  175  180
  183  185  187  190  193  195  196  196  196  194  188  179  168  161  159  163
  170  178  184  187  185  180  170  158  145  134  125  118  112  107  103   99
   94   89   81   74   69   66   65   65   65   65   65   65   66   67   69   70
   69   67   66   63   60   57   54   58   49                                   
    30.0-180.0 180.0   5.0 450.0                            LAT/LON1/LON2/DLON/H
   43   44   43   47   51   56   66   81  100  120  139  154  167  177  184  189
  192  194  196  198  199  199  198  196  195  194  193  190  189  191  198  209
  221  229  232  229  222  212  198  183  168  155  144  136  129  123  117  112
  107   99   90   82   75   72   70   69   69   68   67   67   67   68   69   68
   66   63   61   58   56   53   51   56   43                                   
    27.5-180.0 180.0   5.0 450.0                            LAT/LON1/LON2/DLON/H
   42   44   42   44   47   51   60   74   94  115  135  154  169  181  190  196
  200  201  203  204  204  201  197  193  192  195  201  209  219  233  250  269
  284  291  289  280  265  249  231  213  196  181  169  159  151  144  138  133
  126  118  109  100   93   89   86   84   81   79   77   76   75   75   74   72
   68   64   62   58   58   54   52   56   42                                   
    25.0-180.0 180.0   5.0 450.0                            LAT/LON1/LON2/DLON/H
   46   48   45   46   49   53   60   72   90  110  131  151  169  183  195  202
  206  208  209  208  207  202  196  192  193  201  215  234  257  282  309  335
  352  357  349  332  309  287  265  246  227  211  198  186  177  169  164  159
  153  145  137  129  122  117  113  108  102   97   93   90   89   87   85   81
   76   71   68   64   64   60   57   60   46                                   
    22.5-180.0 180.0   5.0 450.0                            LAT/LON1/LON2/DLON/H
   54   56   52   53   56   60   66   75   90  109  129  149  168  184  197  206
  211  212  212  211  208  203  197  195  200  215  238  267  300  335  370  399
  417  418  403  377  349  322  298  278  259  242  227  214  204  196  191  186
  182  177  170  164  158  152  145  136  127  119  113  109  105  102   99   94
   87   82   77   73   75   70   65   66   54                                   
    20.0-180.0 180.0   5.0 450.0                            LAT/LON1/LON2/DLON/H
   65   65   60   62   66   70   76   84   98  114  131  150  168  184  198  208
  214  216  215  213  210  206  203  205  216  237  268  305  345  385  423  452
  465  460  439  408  376  348  325  305  287  270  254  240  228  219  214  211
  208  205  201  197  192  185  175  163  150  139  131  126  122  118  114  108
  100   94   88   84   86   81   74   73   65                                   
    17.5-180.0 180.0   5.0 450.0                            LAT/LON1/LON2/DLON/H
   75   74   68   71   76   82   89   98  110  124  139  155  171  187  201  211
  217  219  218  216  214  214  217  225  242  269  304  345  386  426  460  483
  490  479  453  420  389  363  342  325  309  293  276  260  246  236  231  227
  225  223  221  218  214  206  195  181  167  154  146  140  136  132  127  121
  112  105   97   93   95   89   82   81   75                                   
    15.0-180.0 180.0   5.0 450.0                            LAT/LON1/LON2/DLON/H
   82   79   73   78   83   91  101  112  125  139  152  166  180  194  207  218
  224  225  224  222  223  228  237  253  276  307  343  382  420  454  479  492
  490  473  446  416  389  367  351  338  324  309  291  273  257  245  237  233
  230  228  227  225  222  215  204  189  175  163  155  149  146  142  137  130
  120  112  102   99  100   94   87   86   82                                   
    12.5-180.0 180.0   5.0 450.0                            LAT/LON1/LON2/DLON/H
   84   82   76   82   87   97  110  123  138  154  168  181  194  207  219  229
  235  236  234  233  237  248  265  287  315  347  381  415  444  466  478  480
  470  451  427  403  382  367  356  346  335  319  301  281  262  247  236  230
  225  222  221  220  218  212  202  190  177  167  159  155  151  148  143  136
  126  117  106  101  101   95   88   89   84                                   
    10.0-180.0 180.0   5.0 450.0                            LAT/LON1/LON2/DLON/H
   84   83   77   83   88   98  114  129  148  166  182  197  210  223  235  245
  251  252  251  251  257  272  296  324  355  386  415  439  456  465  465  458
  444  426  407  390  377  368  361  354  343  328  308  286  264  246  232  222
  216  211  210  209  207  203  195  186  176  168  162  157  154  151  147  141
  130  120  108  101  100   93   88   89   84                                   
     7.5-180.0 180.0   5.0 450.0                            LAT/LON1/LON2/DLON/H
   84   83   78   84   87   97  113  131  152  174  193  211  227  241  254  265
  272  274  273  273  282  301  329  361  393  420  440  453  458  457  449  436
