data/edconvlstm_nd/pred1260.15i
     1.0            IONOSPHERE MAPS     GNSS                IONEX VERSION / TYPE
pyspatialgeodesy        IME             05-JAN-18 20:20     PGM / RUN BY / DATE 
Map Name                                                    COMMENT             
Predicted global ionosphere maps (GIM).                     DESCRIPTION         
  2015     5     6     0     0     0                        EPOCH OF FIRST MAP  
  2015     5     7     0     0     0                        EPOCH OF LAST MAP   
  7200                                                      INTERVAL            
    13                                                      # OF MAPS IN FILE   
  NONE                                                      MAPPING FUNCTION    
10.0                                                        ELEVATION CUTOFF    
One-way carrier phase leveled to code                       OBSERVABLES USED    
  6371.0                                                    BASE RADIUS         
 2                                                          MAP DIMENSION       
   450.0 450.0   0.0                                        HGT1 / HGT2 / DHGT  
    87.5 -87.5  -2.5                                        LAT1 / LAT2 / DLAT  
  -180.0 180.0   5.0                                        LON1 / LON2 / DLON  
    -1                                                      EXPONENT            
                                                            END OF HEADER       
[from data line 2574]
     7                                                      START OF TEC MAP    
  2015     5     6    12     0     0                        EPOCH OF CURRENT MAP
    87.5-180.0 180.0   5.0 450.0                            LAT/LON1/LON2/DLON/H
  167  170  168  175  179  181  181  181  184  186  187  188  189  190  191  191
  192  193  193  193  194  194  194  194  193  193  192  192  191  190  188  187
  186  184  182  180  178  176  174  172  170  167  165  164  162  160  158  157
  156  155  153  153  152  151  151  150  150  150  150  150  151  151  152  153
  154  156  156  156  161  161  167  167  167                                   
    85.0-180.0 180.0   5.0 450.0                            LAT/LON1/LON2/DLON/H
  161  170  182  180  182  188  190  192  195  197  197  199  200  201  201  202
  202  203  203  203  203  203  203  203  203  203  202  201  200  199  197  196
  194  191  189  187  184  181  178  175  172  170  167  165  163  161  159  158
  157  156  155  155  155  154  154  154  154  155  155  155  156  157  157  159
  161  163  161  161  161  161  166  171  161                                   
    82.5-180.0 180.0   5.0 450.0                            LAT/LON1/LON2/DLON/H
  149  169  175  174  177  185  188  192  194  197  198  200  201  202  202  203
  203  203  204  204  204  204  204  204  204  204  204  203  203  202  200  199
  196  194  191  187  183  179  175  171  167  163  160  157  154  152  150  149
  149  148  148  148  148  148  148  148  148  148  148  148  148  149  149  150
  151  153  150  153  153  162  162  156  149                                   
    80.0-180.0 180.0   5.0 450.0                            LAT/LON1/LON2/DLON/H
  143  160  167  170  173  178  182  187  190  193  194  196  197  198  198  198
  199  199  199  198  198  199  199  200  200  201  202  203  203  203  203  202
  200  198  195  192  188  183  179  174  169  165  161  158  155  154  153  152
  152  152  153  153  154  154  154  154  153  152  151  150  149  148  148  148
  148  148  146  147  146  152  157  150  143                                   
    77.5-180.0 180.0   5.0 450.0                            LAT/LON1/LON2/DLON/H
  144  153  160  163  165  171  175  179  183  185  186  188  188  189  189  188
  188  188  188  188  188  188  189  191  193  195  197  200  203  205  207  208
  209  208  207  204  201  196  191  186  181  177  173  169  167  166  166  166
  167  168  170  171  171  171  171  170  168  166  164  161  159  156  153  151
  149  148  144  144  146  147  151  148  144                                   
    75.0-180.0 180.0   5.0 450.0                            LAT/LON1/LON2/DLON/H
  138  147  149  153  156  162  165  169  173  175  176  177  177  177  177  176
  176  176  175  175  176  177  178  180  183  187  191  196  201  206  211  215
  218  220  220  219  217  214  209  205  200  195  191  188  186  186  186  188
  190  191  193  194  195  194  193  191  188  185  181  177  173  169  165  161
  157  153  149  145  145  145  149  139  138                                   
    72.5-180.0 180.0   5.0 450.0                            LAT/LON1/LON2/DLON/H
  135  141  141  146  147  153  157  160  163  165  165  165  165  165  165  164
  164  164  164  164  164  165  167  170  173  178  184  190  197  204  212  218
  224  229  232  233  233  231  228  224  220  216  212  210  209  208  210  211
  213  215  216  217  216  214  212  208  204  200  195  191  186  181  176  172
  166  161  156  150  147  145  147  141  135                                   
    70.0-180.0 180.0   5.0 450.0                            LAT/LON1/LON2/DLON/H
  135  136  136  139  139  144  147  150  153  154  154  155  154  154  154  154
  154  154  154  154  155  156  158  161  164  169  176  183  191  200  209  218
  227  234  240  244  246  246  244  242  238  235  232  230  229  229  230  231
  233  233  233  231  229  225  221  216  211  206  202  197  193  189  185  181
  176  170  163  157  151  148  149  143  135                                   
    67.5-180.0 180.0   5.0 450.0                            LAT/LON1/LON2/DLON/H
  134  134  133  136  136  139  142  145  147  148  148  149  149  149  150  150
  151  151  151  152  152  153  155  157  160  165  170  177  186  195  205  216
  226  235  243  249  254  256  257  257  255  253  251  250  249  248  248  248
  248  246  243  239  233  227  220  214  209  205  201  199  196  194  191  189
  184  179  172  164  156  151  150  144  134                                   
    65.0-180.0 180.0   5.0 450.0                            LAT/LON1/LON2/DLON/H
  133  132  129  131  130  133  135  137  140  141  142  143  144  145  147  148
  149  150  150  151  151  152  153  155  158  162  166  173  180  190  200  211
  222  232  242  250  257  262  266  268  268  268  267  266  265  263  262  260
  257  252  246  238  230  221  213  206  201  198  196  196  196  195  194  193
  190  185  178  171  162  156  154  148  133                                   
    62.5-180.0 180.0   5.0 450.0                            LAT/LON1/LON2/DLON/H
  130  129  124  125  123  125  126  128  131  132  134  136  138  141  144  146
  148  150  150  150  151  152  153  155  158  161  165  170  177  185  194  205
  216  227  238  247  256  264  270  274  277  278  278  277  276  273  270  266
  260  253  244  233  223  212  204  197  193  191  191  193  195  196  196  195
  192  187  181  173  165  157  154  148  130                                   
    60.0-180.0 180.0   5.0 450.0                            LAT/LON1/LON2/DLON/H
  128  124  119  117  114  115  115  117  119  120  122  125  129  133  138  142
  145  147  148  148  149  150  152  155  158  162  166  170  176  183  191  201
  211  222  233  244  254  264  272  279  284  286  287  286  284  280  275  269
  262  252  242  230  219  208  200  194  191  190  192  195  198  199  199  197
  193  188  181  173  165  157  153  146  128                                   
    57.5-180.0 180.0   5.0 450.0                            LAT/LON1/LON2/DLON/H
  128  121  115  111  106  105  105  105  106  107  108  112  116  122  129  135
  140  142  144  145  146  148  152  157  161  166  171  175  180  187  194  202
  212  222  232  243  254  265  275  284  290  294  295  294  291  286  281  274
  266  256  245  234  223  213  205  201  199  200  203  206  208  209  207  203
  197  190  182  173  164  155  151  144  128                                   
    55.0-180.0 180.0   5.0 450.0                            LAT/LON1/LON2/DLON/H
  131  121  114  108  101   99   97   95   94   93   94   96  101  108  117  125
  131  136  138  140  143  147  153  160  167  173  179  184  189  195  201  209
  217  227  236  247  258  270  281  290  297  301  302  301  298  293  287  280
  273  264  254  244  234  226  220  217  216  218  221  224  224  223  218  212
  203  194  184  174  165  156  151  144  131                                   
    52.5-180.0 180.0   5.0 450.0                            LAT/LON1/LON2/DLON/H
  138  126  119  110  102   98   94   89   86   83   82   83   87   94  104  114
  123  129  134  138  142  148  156  166  175  184  191  196  202  207  213  220
  228  236  245  255  266  278  289  299  306  310  310  309  305  301  296  290
  283  276  268  260  252  245  240  238  238  240  242  244  243  239  232  223
  211  200  188  178  169  159  155  148  138                                   
    50.0-180.0 180.0   5.0 450.0                            LAT/LON1/LON2/DLON/H
  149  136  129  120  110  105   99   92   86   81   76   75   77   83   93  105
  116  126  133  139  145  154  164  176  187  196  204  210  216  221  227  234
  241  249  258  268  278  290  300  310  316  320  320  318  315  311  307  302
  297  291  284  277  270  264  260  258  258  260  261  260  258  252  244  233
  220  208  195  185  176  167  163  157  149                                   
    47.5-180.0 180.0   5.0 450.0                            LAT/LON1/LON2/DLON/H
  161  150  144  135  124  118  111  103   95   87   79   75   74   79   88  101
  114  126  137  145  154  164  176  189  200  210  218  224  229  235  241  248
  255  264  273  282  293  304  314  323  329  332  332  330  327  324  320  316
  311  306  299  292  286  280  275  272  271  271  270  268  265  258  250  240
  227  216  203  193  184  178  175  169  161                                   
    45.0-180.0 180.0   5.0 450.0                            LAT/LON1/LON2/DLON/H
  172  165  160  153  142  136  129  120  111  101   91   84   80   82   90  102
  117  132  145  156  167  179  191  203  214  223  229  234  239  245  252  259
  268  277  287  298  309  320  330  338  344  347  347  346  344  341  337  332
  327  320  313  304  296  288  282  277  274  271  269  266  261  256  248  240
  230  220  210  200  193  188  186  181  172                                   
    42.5-180.0 180.0   5.0 450.0                            LAT/LON1/LON2/DLON/H
  177  177  173  168  159  154  148  139  131  121  110  100   93   92   97  109
  124  141  156  170  183  195  206  217  226  232  237  241  246  251  259  268
  278  289  301  314  326  338  349  357  363  366  367  367  365  361  357  351
  344  335  325  314  303  293  284  276  270  265  261  256  252  247  241  236
  228  221  213  204  198  195  194  189  177                                   
    40.0-180.0 180.0   5.0 450.0                            LAT/LON1/LON2/DLON/H
  176  181  179  176  171  167  163  157  150  142  131  120  111  107  109  119
  134  152  169  184  198  209  219  228  234  238  241  244  248  255  264  274
  287  301  316  331  346  359  371  380  386  391  392  392  391  387  382  374
  364  353  340  327  314  301  289  279  271  264  257  250  244  239  234  230
  225  219  212  204  199  197  196  189  176                                   
    37.5-180.0 180.0   5.0 450.0                            LAT/LON1/LON2/DLON/H
  170  179  177  176  173  171  170  167  164  158  150  140  130  123  123  130
  144  161  179  196  210  221  229  235  238  240  241  244  250  258  269  282
  297  315  333  351  368  383  396  407  415  420  423  423  422  418  411  402
  391  379  365  351  336  322  309  297  287  277  267  257  248  240  234  230
  224  218  211  202  196  194  193  184  170                                   
    35.0-180.0 180.0   5.0 450.0                            LAT/LON1/LON2/DLON/H
  162  172  171  169  168  166  167  167  168  167  162  155  146  138  135  140
  152  168  187  204  218  228  235  238  239  239  240  244  252  263  277  293
  312  332  354  375  395  412  426  438  447  453  457  458  456  453  447  438
  428  416  404  391  377  363  351  339  327  314  300  285  271  258  249  240
  231  223  213  202  194  190  188  176  162                                   
    32.5-180.0 180.0   5.0 450.0                            LAT/LON1/LON2/DLON/H
  158  166  164  160  158  155  157  159  162  165  165  162  155  148  144  147
  157  172  190  208  222  232  237  239  238  238  240  246  257  271  289  309
  331  355  380  404  426  445  460  472  482  488  492  494  493  490  486  481
  474  467  459  450  440  429  419  407  394  377  358  336  314  295  279  265
  251  237  223  208  197  189  186  170  158                                   
    30.0-180.0 180.0   5.0 450.0                            LAT/LON1/LON2/DLON/H
  161  165  161  155  151  146  147  147  151  156  160  160  157  152  149  150
  159  173  190  208  222  232  237  239  238  239  243  251  266  284  306  331
  357  385  412  438  461  480  495  506  515  522  526  528  528  528  528  528
  528  528  528  526  522  517  510  499  484  462  435  405  375  347  324  303
  282  263  244  225  210  198  190  171  161                                   
    27.5-180.0 180.0   5.0 450.0                            LAT/LON1/LON2/DLON/H
  173  173  165  157  150  143  141  139  141  145  150  154  154  151  149  151
  158  171  188  206  221  232  237  239  240  243  249  261  279  302  329  358
  388  419  448  474  496  513  527  537  545  550  554  557  560  564  569  576
  584  594  603  611  615  616  613  603  584  556  521  482  444  409  378  351
  324  300  276  254  236  219  206  185  173                                   
    25.0-180.0 180.0   5.0 450.0                            LAT/LON1/LON2/DLON/H
  195  192  180  169  160  150  145  138  137  139  142  146  148  148  147  149
  156  169  186  204  220  231  238  242  245  251  261  276  298  326  357  390
  422  453  482  507  526  541  552  560  567  572  576  580  586  594  604  619
  636  655  674  690  701  708  706  695  672  637  595  550  506  466  432  400
  370  343  317  293  272  252  232  211  195                                   
    22.5-180.0 180.0   5.0 450.0                            LAT/LON1/LON2/DLON/H
  224  220  205  192  180  168  158  148  141  139  139  141  143  144  144  147
  154  167  184  202  218  231  239  246  253  262  276  295  321  353  387  421
  453  483  510  532  549  560  569  575  581  587  592  598  606  618  633  653
  677  702  727  747  762  769  766  750  721  680  633  586  543  504  471  440
  411  386  361  337  313  292  268  246  224                                   
    20.0-180.0 180.0   5.0 450.0                            LAT/LON1/LON2/DLON/H
  254  254  237  222  207  193  179  165  153  146  142  141  141  141  142  145
  153  165  182  200  217  231  241  251  263  277  294  317  345  378  413  446
  477  504  529  548  562  571  578  584  591  598  605  613  623  637  654  677
  702  729  754  773  785  788  780  757  719  673  624  579  542  512  486  461
  439  420  399  379  354  332  308  285  254                                   
    17.5-180.0 180.0   5.0 450.0                            LAT/LON1/LON2/DLON/H
  280  285  268  253  235  220  204  186  170  158  149  144  142  140  141  144
  151  164  180  198  215  230  243  257  273  291  312  337  366  398  431  462
  491  517  539  557  569  577  584  592  599  608  617  627  638  652  669  690
  713  735  753  766  771  767  751  720  676  625  576  537  509  489  475  461
  448  438  426  410  387  365  342  319  280                                   
    15.0-180.0 180.0   5.0 450.0                            LAT/LON1/LON2/DLON/H
  295  304  291  276  258  243  226  206  187  172  159  150  144  141  140  142
  149  161  177  195  212  228  245  263  283  304  328  353  381  411  442  471
  498  523  545  562  574  584  592  601  610  620  630  641  653  665  679  694
  709  723  732  735  732  720  696  659  611  558  511  478  459  449  445  441
  438  439  436  425  405  383  364  341  295                                   
    12.5-180.0 180.0   5.0 450.0                            LAT/LON1/LON2/DLON/H
  300  309  299  285  269  254  239  220  201  183  168  156  147  141  138  139
  145  157  173  190  208  226  245  266  290  315  339  365  392  420  449  477
  503  527  549  567  581  592  603  613  623  634  644  655  665  674  682  690
  697  702  701  695  683  664  635  595  545  495  452  425  411  407  409  411
  415  423  428  423  406  386  370  347  300                                   
    10.0-180.0 180.0   5.0 450.0                            LAT/LON1/LON2/DLON/H
  296  302  292  278  266  252  240  224  206  189  173  160  149  140  135  135
  140  151  166  184  203  223  244  269  296  323  349  375  401  429  456  482
  507  531  553  572  587  602  615  627  638  647  656  664  672  677  680  681
  682  680  672  659  640  616  585  544  497  451  414  392  381  378  380  382
  388  399  408  406  393  374  362  338  296                                   
     7.5-180.0 180.0   5.0 450.0                            LAT/LON1/LON2/DLON/H
  286  288  276  260  251  239  229  217  203  189  174  161  148  138  132  129
  133  143  158  177  197  219  243  270  300  329  357  384  411  437  463  488
