data/edconvlstm_nd/pred3410.15i
     1.0            IONOSPHERE MAPS     GNSS                IONEX VERSION / TYPE
pyspatialgeodesy        IME             05-JAN-18 20:20     PGM / RUN BY / DATE 
Map Name                                                    COMMENT             
Predicted global ionosphere maps (GIM).                     DESCRIPTION         
  2015    12     7     0     0     0                        EPOCH OF FIRST MAP  
  2015    12     8     0     0     0                        EPOCH OF LAST MAP   
  7200                                                      INTERVAL            
    13                                                      # OF MAPS IN FILE   
  NONE                                                      MAPPING FUNCTION    
10.0                                                        ELEVATION CUTOFF    
One-way carrier phase leveled to code                       OBSERVABLES USED    
  6371.0                                                    BASE RADIUS         
 2                                                          MAP DIMENSION       
   450.0 450.0   0.0                                        HGT1 / HGT2 / DHGT  
    87.5 -87.5  -2.5                                        LAT1 / LAT2 / DLAT  
  -180.0 180.0   5.0                                        LON1 / LON2 / DLON  
    -1                                                      EXPONENT            
                                                            END OF HEADER       
[from data line 1287]
     4                                                      START OF TEC MAP    
  2015    12     7     6     0     0                        EPOCH OF CURRENT MAP
    87.5-180.0 180.0   5.0 450.0                            LAT/LON1/LON2/DLON/H
   32   41   36   39   39   40   39   35   36   37   37   37   37   37   37   36
   36   35   35   34   34   34   33   33   33   32   32   32   32   32   31   31
   31   31   31   31   31   31   31   31   31   32   32   32   32   32   33   33
   33   33   33   33   33   33   33   33   33   33   32   32   32   31   31   31
   32   31   30   30   37   48   58   53   32                                   
    85.0-180.0 180.0   5.0 450.0                            LAT/LON1/LON2/DLON/H
   22   47   44   44   47   49   49   49   49   50   49   50   50   49   49   48
   47   47   46   45   45   44   44   43   43   43   43   42   42   42   42   42
   43   43   43   43   43   44   44   44   45   45   45   45   46   46   46   46
   46   46   46   46   46   45   45   45   44   44   43   43   42   42   41   41
   41   41   38   40   45   48   61   52   22                                   
    82.5-180.0 180.0   5.0 450.0                            LAT/LON1/LON2/DLON/H
   25   36   50   46   47   50   51   50   52   52   52   52   52   51   50   49
   48   46   45   44   43   42   41   40   40   39   39   39   39   40   40   41
   41   42   42   43   44   45   45   46   47   47   48   49   49   49   49   50
   50   50   50   50   50   50   49   49   48   48   47   46   45   44   42   42
   41   41   38   38   48   41   44   41   25                                   
    80.0-180.0 180.0   5.0 450.0                            LAT/LON1/LON2/DLON/H
   33   38   49   44   51   51   53   53   55   56   55   56   55   54   52   50
   48   46   44   42   41   39   38   38   37   37   37   38   38   39   40   41
   42   43   45   46   47   48   49   50   51   52   53   53   54   54   54   54
   54   55   55   55   55   55   55   55   55   54   53   51   49   47   45   43
   42   40   40   39   46   42   42   40   33                                   
    77.5-180.0 180.0   5.0 450.0                            LAT/LON1/LON2/DLON/H
   38   41   44   39   43   46   49   51   54   55   54   55   54   52   49   47
   44   41   38   36   34   32   31   30   30   30   30   31   32   34   35   37
   38   40   41   43   44   45   46   48   49   50   50   51   52   53   53   53
   54   55   56   57   58   59   60   60   60   59   58   56   53   50   47   44
   40   38   34   34   35   25   28   29   38                                   
    75.0-180.0 180.0   5.0 450.0                            LAT/LON1/LON2/DLON/H
   28   36   38   35   38   43   46   48   51   53   52   53   52   50   47   44
   41   38   36   33   31   30   29   28   28   29   30   31   32   34   36   37
   39   40   42   43   43   44   46   47   48   49   50   51   52   53   53   54
   55   57   58   60   63   65   67   69   70   70   69   66   63   59   54   49
   44   40   36   31   32   23   24   24   28                                   
    72.5-180.0 180.0   5.0 450.0                            LAT/LON1/LON2/DLON/H
   30   35   36   32   36   42   47   48   51   53   53   53   52   50   47   44
   41   38   36   33   31   30   29   29   29   30   32   34   36   38   40   41
   43   44   44   44   45   45   46   48   49   51   52   54   55   56   58   59
   60   62   65   68   72   76   80   84   86   87   87   85   81   76   70   64
   58   51   47   41   39   27   27   28   30                                   
    70.0-180.0 180.0   5.0 450.0                            LAT/LON1/LON2/DLON/H
   35   37   39   35   37   41   45   47   50   52   51   52   51   49   47   44
   42   39   37   36   34   33   33   33   34   35   37   39   41   43   45   46
   47   46   46   45   44   44   45   46   48   51   53   56   58   60   61   63
   65   68   72   76   82   88   94   99  103  105  106  104  100   94   88   81
   73   65   61   53   48   36   36   35   35                                   
    67.5-180.0 180.0   5.0 450.0                            LAT/LON1/LON2/DLON/H
   39   38   39   35   36   39   43   44   46   48   47   48   47   46   44   42
   40   38   37   36   35   34   34   35   36   37   39   41   43   45   46   46
   45   44   42   40   39   38   38   40   43   46   50   53   56   59   61   63
   66   69   74   80   87   94  102  109  114  117  118  117  113  108  101   93
   85   76   72   63   56   44   42   40   39                                   
    65.0-180.0 180.0   5.0 450.0                            LAT/LON1/LON2/DLON/H
   46   42   42   37   36   39   42   43   45   46   45   46   45   44   43   42
   40   39   38   38   37   36   36   37   38   39   41   43   44   46   46   45
   43   41   38   35   33   32   32   34   38   42   47   52   56   60   63   66
   70   74   80   87   95  104  112  120  126  130  131  130  127  121  114  106
   98   89   84   74   67   55   51   50   46                                   
    62.5-180.0 180.0   5.0 450.0                            LAT/LON1/LON2/DLON/H
   53   46   45   40   38   40   42   43   44   45   44   45   44   43   43   42
   42   41   40   40   39   38   38   38   39   40   42   43   44   45   45   43
   41   38   34   31   28   27   28   31   35   41   47   53   59   64   68   72
   77   82   89   97  106  115  123  131  136  140  141  140  137  132  124  117
  108   99   94   84   77   64   60   59   53                                   
    60.0-180.0 180.0   5.0 450.0                            LAT/LON1/LON2/DLON/H
   59   51   48   42   39   41   42   42   42   42   41   42   41   41   41   41
   41   41   40   39   38   37   37   36   37   37   38   40   41   41   40   39
   36   33   29   26   24   23   24   27   32   39   47   54   61   68   74   79
   85   92  100  109  118  126  134  140  144  146  147  145  142  137  130  122
  114  105  100   91   83   70   65   64   59                                   
    57.5-180.0 180.0   5.0 450.0                            LAT/LON1/LON2/DLON/H
   64   54   50   45   41   42   42   42   41   41   39   40   39   39   40   41
   41   41   40   38   36   35   34   33   33   33   34   35   36   36   36   35
   33   30   27   25   23   22   24   28   34   41   50   59   67   75   83   90
   98  107  116  125  133  141  146  150  152  153  152  150  146  141  135  128
  119  110  105   96   89   75   69   68   64                                   
    55.0-180.0 180.0   5.0 450.0                            LAT/LON1/LON2/DLON/H
   69   57   53   47   44   43   43   42   40   39   37   37   37   38   39   40
   40   40   38   36   34   31   30   29   29   29   30   31   32   32   32   32
   31   30   28   26   25   26   28   33   39   47   56   65   75   84   94  104
  114  124  134  143  151  156  160  161  160  159  157  154  151  146  139  132
  124  114  109  100   93   78   72   71   69                                   
    52.5-180.0 180.0   5.0 450.0                            LAT/LON1/LON2/DLON/H
   74   61   56   51   47   46   45   43   41   39   36   36   36   36   38   39
   40   39   37   34   31   29   27   26   26   27   28   29   30   30   31   31
   32   32   32   32   33   34   37   42   49   57   65   75   85   96  108  119
  131  143  153  162  169  172  173  171  168  165  162  159  155  151  145  138
  130  120  115  105   97   82   76   74   74                                   
    50.0-180.0 180.0   5.0 450.0                            LAT/LON1/LON2/DLON/H
   79   65   60   55   51   51   49   47   44   41   38   37   36   37   38   40
   40   39   37   33   30   28   26   25   26   27   29   30   31   31   32   33
   35   37   39   41   44   47   51   56   62   69   78   87   98  110  123  136
  149  161  171  179  184  185  184  180  175  170  166  163  160  157  152  146
  138  128  122  112  104   87   81   79   79                                   
    47.5-180.0 180.0   5.0 450.0                            LAT/LON1/LON2/DLON/H
   84   69   64   61   56   57   55   52   49   45   41   40   39   39   41   42
   42   40   38   35   32   30   29   29   30   32   34   35   35   35   35   37
   40   44   48   53   57   61   66   71   77   84   92  101  112  124  138  152
  165  176  185  191  194  194  190  185  179  173  169  166  164  161  158  153
  146  137  131  120  111   94   88   86   84                                   
    45.0-180.0 180.0   5.0 450.0                            LAT/LON1/LON2/DLON/H
   88   73   68   66   61   63   62   60   57   53   49   46   45   45   45   45
   45   43   41   39   37   36   36   37   39   41   42   43   42   41   41   42
   45   51   57   64   69   75   80   86   93   99  106  115  126  138  152  165
  177  187  193  197  198  197  192  186  180  174  170  167  165  164  162  159
  153  145  139  128  118  101   95   94   88                                   
    42.5-180.0 180.0   5.0 450.0                            LAT/LON1/LON2/DLON/H
   91   76   71   70   66   69   69   68   66   63   59   57   54   53   53   52
   51   50   49   48   48   48   49   50   51   53   54   53   51   48   46   47
   51   57   65   72   79   86   93  100  107  114  121  129  139  151  164  176
  186  192  196  198  198  195  191  186  180  174  170  167  165  165  163  162
  158  151  144  134  124  108  102  101   91                                   
    40.0-180.0 180.0   5.0 450.0                            LAT/LON1/LON2/DLON/H
   91   76   71   71   68   72   74   75   75   74   71   69   67   65   64   62
   61   60   60   61   63   64   65   65   66   66   65   64   60   55   52   51
   54   61   69   77   85   93  101  110  119  127  134  143  152  163  175  184
  191  195  196  196  195  193  191  187  182  177  172  168  166  165  164  164
  161  154  148  138  128  112  105  105   91                                   
    37.5-180.0 180.0   5.0 450.0                            LAT/LON1/LON2/DLON/H
   89   74   68   68   65   70   74   78   81   82   82   82   80   79   77   75
   73   73   75   78   81   83   82   81   79   77   76   73   68   62   57   55
   58   64   71   79   87   95  105  117  128  138  146  155  164  174  184  191
  195  196  196  196  196  196  196  194  191  186  180  175  171  169  168  168
  164  157  150  140  130  114  107  107   89                                   
    35.0-180.0 180.0   5.0 450.0                            LAT/LON1/LON2/DLON/H
   87   71   64   62   60   64   69   75   81   85   88   91   91   90   89   87
   86   87   90   95   99  100   98   94   90   86   83   80   75   68   62   59
   60   65   72   79   87   95  107  120  134  146  157  166  175  185  193  198
  201  202  202  203  205  208  211  212  210  205  198  191  186  182  180  178
  173  164  156  144  134  116  107  106   87                                   
    32.5-180.0 180.0   5.0 450.0                            LAT/LON1/LON2/DLON/H
   87   68   59   55   53   55   60   67   75   82   88   94   97   98   98   97
   97  100  105  111  115  115  111  104   97   92   88   85   80   74   67   63
   63   67   73   78   85   94  107  123  139  154  166  177  187  196  204  209
  212  214  216  220  226  232  238  242  241  236  228  219  212  206  202  198
  191  179  168  154  142  120  110  106   87                                   
    30.0-180.0 180.0   5.0 450.0                            LAT/LON1/LON2/DLON/H
   91   68   56   50   47   47   51   57   65   73   82   91   97  100  102  104
  106  110  117  123  126  124  118  109  100   94   91   89   84   78   72   67
   66   69   73   78   84   93  108  125  144  161  175  188  199  210  218  225
  230  235  241  249  258  268  276  281  282  276  267  257  248  241  236  230
  219  204  190  172  157  131  118  110   91                                   
    27.5-180.0 180.0   5.0 450.0                            LAT/LON1/LON2/DLON/H
  100   73   58   50   45   43   44   48   55   62   72   82   90   97  101  105
  109  115  122  128  130  127  119  109  101   95   92   90   87   82   76   71
   70   72   75   79   85   94  110  129  149  169  185  200  214  226  237  246
  255  265  276  288  301  313  322  328  328  322  312  301  292  285  278  271
  258  240  222  199  182  149  134  122  100                                   
    25.0-180.0 180.0   5.0 450.0                            LAT/LON1/LON2/DLON/H
  117   85   68   57   50   45   43   43   47   53   61   71   80   88   95  101
  107  114  121  125  126  122  115  107  100   95   92   91   88   85   80   76
   75   76   78   81   87   98  114  135  157  178  197  215  231  246  259  273
  286  302  319  335  351  363  373  378  377  370  359  348  339  332  326  318
  303  284  263  235  215  176  159  142  117                                   
    22.5-180.0 180.0   5.0 450.0                            LAT/LON1/LON2/DLON/H
  143  107   87   74   64   56   49   46   46   49   54   61   69   77   85   92
   99  106  111  114  115  113  109  103   98   93   91   90   89   87   84   81
   80   80   82   85   91  103  121  143  166  189  210  230  250  268  285  302
  321  343  365  385  402  414  422  425  423  415  404  393  384  379  373  366
  351  331  308  277  254  212  192  172  143                                   
    20.0-180.0 180.0   5.0 450.0                            LAT/LON1/LON2/DLON/H
  177  139  118  102   91   78   67   58   53   52   54   57   62   68   75   82
   88   94   97  100  101  101  101   99   96   92   90   89   89   88   87   85
   84   83   84   88   96  109  129  152  177  201  224  247  269  290  311  332
  356  382  408  431  447  456  462  463  460  452  441  431  424  420  416  410
  396  377  354  320  296  252  230  210  177                                   
    17.5-180.0 180.0   5.0 450.0                            LAT/LON1/LON2/DLON/H
  217  179  159  142  127  111   95   81   72   66   63   61   62   65   69   74
   79   82   84   86   88   90   93   95   94   92   90   89   89   89   88   87
   86   85   85   90   99  115  137  162  187  213  238  263  288  311  334  358
  385  414  441  462  475  482  484  484  481  474  465  458  453  451  449  444
  432  415  393  361  337  294  270  251  217                                   
    15.0-180.0 180.0   5.0 450.0                            LAT/LON1/LON2/DLON/H
  256  221  204  186  170  151  132  113  100   90   82   76   71   70   71   73
   75   75   76   76   79   83   88   93   94   93   91   89   88   88   88   87
   85   84   85   90  102  121  144  170  196  223  249  276  303  328  352  377
  405  433  458  475  483  485  485  485  484  479  474  469  468  468  468  464
  454  440  420  392  370  331  307  292  256                                   
    12.5-180.0 180.0   5.0 450.0                            LAT/LON1/LON2/DLON/H
  290  258  245  227  211  191  170  151  135  122  110  100   91   84   81   80
   79   78   76   76   77   82   89   95   98   97   93   89   87   85   85   84
   83   82   83   90  104  125  150  177  203  230  258  286  314  339  363  387
  413  437  457  469  473  472  471  472  472  471  469  469  470  472  473  470
  461  450  435  412  393  360  338  326  290                                   
    10.0-180.0 180.0   5.0 450.0                            LAT/LON1/LON2/DLON/H
  314  288  276  258  243  223  203  185  170  156  143  130  118  108  101   97
   93   90   87   85   86   90   97  103  105  102   96   89   85   82   82   81
   80   80   82   91  106  128  154  181  208  235  263  292  319  344  367  389
  411  431  447  455  455  454  453  455  457  458  459  461  464  467  467  464
  457  448  437  420  406  380  362  352  314                                   
     7.5-180.0 180.0   5.0 450.0                            LAT/LON1/LON2/DLON/H
  331  308  296  276  262  243  224  210  197  186  174  161  148  137  128  122
  116  112  109  106  106  108  112  115  113  107   98   89   82   79   78   78
