data/edconvlstm_nd/pred1090.15i
     1.0            IONOSPHERE MAPS     GNSS                IONEX VERSION / TYPE
pyspatialgeodesy        IME             05-JAN-18 20:20     PGM / RUN BY / DATE 
Map Name                                                    COMMENT             
Predicted global ionosphere maps (GIM).                     DESCRIPTION         
  2015     4    19     0     0     0                        EPOCH OF FIRST MAP  
  2015     4    20     0     0     0                        EPOCH OF LAST MAP   
  7200                                                      INTERVAL            
    13                                                      # OF MAPS IN FILE   
  NONE                                                      MAPPING FUNCTION    
10.0                                                        ELEVATION CUTOFF    
One-way carrier phase leveled to code                       OBSERVABLES USED    
  6371.0                                                    BASE RADIUS         
 2                                                          MAP DIMENSION       
   450.0 450.0   0.0                                        HGT1 / HGT2 / DHGT  
    87.5 -87.5  -2.5                                        LAT1 / LAT2 / DLAT  
  -180.0 180.0   5.0                                        LON1 / LON2 / DLON  
    -1                                                      EXPONENT            
                                                            END OF HEADER       
[from data line 429]
     2                                                      START OF TEC MAP    
  2015     4    19     2     0     0                        EPOCH OF CURRENT MAP
    87.5-180.0 180.0   5.0 450.0                            LAT/LON1/LON2/DLON/H
  181  186  190  192  192  190  189  190  193  195  197  199  201  202  203  204
  204  204  204  203  201  199  197  195  192  189  187  184  181  179  176  174
  173  171  170  169  168  167  167  167  166  166  166  166  166  166  166  166
  167  167  167  168  168  169  169  170  170  171  171  172  172  173  173  174
  175  177  177  177  180  177  174  170  181                                   
    85.0-180.0 180.0   5.0 450.0                            LAT/LON1/LON2/DLON/H
  193  195  182  191  196  195  196  198  201  204  206  209  211  213  215  215
  216  215  214  212  210  207  203  199  195  191  186  182  178  174  170  168
  165  164  163  162  162  162  162  163  163  164  165  166  167  168  168  169
  170  170  171  172  173  174  175  176  177  177  178  179  180  180  180  182
  183  185  183  186  181  179  174  171  193                                   
    82.5-180.0 180.0   5.0 450.0                            LAT/LON1/LON2/DLON/H
  195  189  190  191  192  193  195  199  204  208  211  215  219  221  223  224
  224  222  220  217  213  208  203  197  190  183  176  170  163  158  153  150
  147  145  144  144  144  145  147  148  150  152  154  156  157  159  160  161
  163  164  166  167  169  170  172  174  175  177  178  180  181  182  183  185
  185  186  184  184  186  174  171  166  195                                   
    80.0-180.0 180.0   5.0 450.0                            LAT/LON1/LON2/DLON/H
  189  186  180  183  186  188  194  200  207  212  217  223  227  230  232  233
  233  232  229  225  220  213  206  198  189  179  170  161  153  146  140  136
  133  131  131  132  134  136  139  142  145  148  150  153  155  156  158  160
  161  163  165  167  169  171  174  176  178  181  183  185  186  188  189  191
  191  190  187  187  192  181  182  170  189                                   
    77.5-180.0 180.0   5.0 450.0                            LAT/LON1/LON2/DLON/H
  190  183  180  184  182  186  194  201  209  215  221  227  232  234  236  236
  234  232  228  223  217  210  202  193  183  172  162  152  143  135  129  125
  122  121  122  124  127  131  135  139  143  146  149  152  154  156  157  159
  161  162  165  167  170  173  176  179  182  184  187  190  191  193  195  196
  197  197  192  192  195  187  185  179  190                                   
    75.0-180.0 180.0   5.0 450.0                            LAT/LON1/LON2/DLON/H
  193  188  184  188  185  189  196  203  212  219  225  230  234  234  233  231
  227  223  219  214  208  202  194  186  176  166  155  145  136  128  122  118
  116  116  118  120  124  129  133  138  142  146  149  151  153  155  156  158
  159  162  165  168  172  175  179  183  186  189  192  194  196  197  199  201
  202  202  198  194  196  193  192  190  193                                   
    72.5-180.0 180.0   5.0 450.0                            LAT/LON1/LON2/DLON/H
  195  197  195  196  193  197  204  211  220  227  232  236  236  233  229  222
  215  209  204  200  196  191  186  179  171  163  153  144  135  128  123  119
  118  118  120  123  127  131  136  141  145  148  151  153  155  156  158  160
  163  166  170  175  179  184  188  192  195  198  200  202  203  203  204  206
  207  208  207  205  205  202  202  203  195                                   
    70.0-180.0 180.0   5.0 450.0                            LAT/LON1/LON2/DLON/H
  207  207  207  207  202  205  212  220  229  236  241  243  240  233  223  212
  201  193  187  184  181  179  177  172  166  159  151  143  135  129  125  121
  120  120  121  123  127  130  135  139  142  145  147  149  150  152  154  157
  162  167  173  179  185  191  195  199  202  205  206  206  206  205  205  206
  207  208  209  210  213  212  216  217  207                                   
    67.5-180.0 180.0   5.0 450.0                            LAT/LON1/LON2/DLON/H
  216  218  217  216  210  212  217  225  235  242  247  248  242  232  217  202
  188  178  172  169  169  169  168  165  161  155  148  141  134  129  125  122
  120  119  119  119  121  123  126  129  132  134  136  137  139  141  145  150
  157  164  172  180  187  194  199  203  206  208  208  207  205  203  202  202
  203  204  207  209  214  218  223  228  216                                   
    65.0-180.0 180.0   5.0 450.0                            LAT/LON1/LON2/DLON/H
  224  226  224  222  215  214  218  226  237  245  251  252  245  232  215  196
  180  169  162  160  160  161  161  159  155  149  142  136  130  126  123  120
  118  115  113  112  111  112  113  116  118  120  121  123  126  129  135  142
  151  161  171  180  189  196  202  206  208  210  210  208  206  203  200  199
  199  200  203  207  213  221  229  235  224                                   
    62.5-180.0 180.0   5.0 450.0                            LAT/LON1/LON2/DLON/H
  233  234  231  227  218  214  216  223  235  244  251  253  248  235  217  198
  181  168  161  158  158  158  156  153  147  140  133  127  123  120  118  115
  112  109  105  102  100   99   99  101  103  105  108  110  114  119  126  136
  147  159  171  181  190  197  202  206  209  211  211  210  208  205  203  201
  200  200  203  206  214  224  233  239  233                                   
    60.0-180.0 180.0   5.0 450.0                            LAT/LON1/LON2/DLON/H
  242  242  238  230  219  211  210  216  227  236  244  248  246  236  221  203
  187  175  167  162  159  156  152  146  137  129  121  115  112  110  109  108
  105  101   96   92   89   87   87   89   91   94   97  100  105  112  121  133
  145  159  171  181  189  196  201  205  208  211  213  213  213  212  210  209
  208  207  210  212  219  229  238  243  242                                   
    57.5-180.0 180.0   5.0 450.0                            LAT/LON1/LON2/DLON/H
  256  254  249  237  225  212  207  209  217  224  232  238  239  234  224  212
  199  187  178  170  163  156  148  138  127  117  109  104  102  102  102  101
   99   95   90   85   82   80   81   83   86   89   92   96  101  109  120  133
  147  161  173  183  190  196  200  204  208  212  216  219  222  223  224  225
  225  224  226  227  233  240  248  251  256                                   
    55.0-180.0 180.0   5.0 450.0                            LAT/LON1/LON2/DLON/H
  275  272  266  250  238  221  210  207  209  213  218  224  228  228  225  219
  211  200  189  178  166  155  143  131  119  109  101   97   96   97   98   98
   96   92   88   84   81   81   82   84   87   89   93   97  102  111  123  137
  152  166  178  187  193  198  202  206  211  217  223  228  233  238  243  247
  249  250  252  251  255  259  264  265  275                                   
    52.5-180.0 180.0   5.0 450.0                            LAT/LON1/LON2/DLON/H
  300  297  288  271  260  241  225  214  210  206  207  211  216  221  224  224
  219  210  197  182  167  153  140  128  118  109  102   99   98   99  100   99
   97   95   91   89   87   88   89   91   94   96   98  102  108  117  130  145
  160  174  186  194  200  204  209  213  219  226  233  241  249  256  264  272
  277  280  283  280  283  283  287  286  300                                   
    50.0-180.0 180.0   5.0 450.0                            LAT/LON1/LON2/DLON/H
  327  325  314  299  289  271  250  233  221  209  203  203  208  215  222  226
  224  214  199  182  166  152  142  133  125  119  113  110  109  108  108  106
  104  102  100   99   99  100  102  103  104  106  107  110  116  126  139  155
  171  185  197  205  212  217  222  227  234  241  249  257  267  276  287  298
  306  312  316  312  313  311  313  313  327                                   
    47.5-180.0 180.0   5.0 450.0                            LAT/LON1/LON2/DLON/H
  352  351  341  330  321  305  283  262  242  223  209  204  205  212  221  226
  224  213  197  179  165  155  149  146  143  139  134  130  127  124  121  118
  115  113  112  112  114  115  116  116  116  116  117  120  126  136  150  166
  182  197  210  220  228  235  242  248  255  262  269  277  286  296  308  321
  332  341  347  342  341  339  341  341  352                                   
    45.0-180.0 180.0   5.0 450.0                            LAT/LON1/LON2/DLON/H
  371  373  365  360  353  339  318  295  270  245  225  214  211  215  223  227
  223  211  194  178  167  163  163  165  166  164  160  154  148  142  136  130
  126  125  124  126  128  129  129  128  127  126  126  129  136  146  160  176
  193  209  224  236  248  258  267  275  282  288  294  301  308  317  328  341
  353  365  373  369  368  365  366  368  371                                   
    42.5-180.0 180.0   5.0 450.0                            LAT/LON1/LON2/DLON/H
  388  392  387  384  378  367  348  325  299  272  248  232  226  226  230  230
  223  210  194  181  175  176  181  187  190  189  183  175  166  157  149  142
  138  136  136  137  139  139  138  137  135  134  135  138  145  155  169  185
  203  220  237  253  269  284  296  306  313  319  324  328  334  341  350  362
  374  386  395  393  392  389  391  391  388                                   
    40.0-180.0 180.0   5.0 450.0                            LAT/LON1/LON2/DLON/H
  405  410  405  401  394  385  367  347  324  298  274  257  247  244  242  238
  227  213  199  190  189  193  200  206  208  204  197  187  177  167  159  153
  149  146  146  147  147  147  146  144  142  142  143  146  153  162  175  191
  209  227  246  267  287  306  323  335  344  351  356  360  365  370  378  388
  399  410  420  420  417  415  417  414  405                                   
    37.5-180.0 180.0   5.0 450.0                            LAT/LON1/LON2/DLON/H
  429  431  421  412  404  393  376  359  340  319  299  284  273  266  259  249
  236  222  211  206  207  213  218  219  216  209  199  190  181  174  169  165
  162  160  158  157  156  155  153  152  151  151  152  155  159  167  178  192
  209  229  251  274  299  323  343  359  371  381  389  396  403  410  417  426
  435  445  454  453  450  450  450  443  429                                   
    35.0-180.0 180.0   5.0 450.0                            LAT/LON1/LON2/DLON/H
  464  459  443  426  413  398  380  365  350  335  321  310  300  289  278  263
  248  235  227  225  228  231  230  225  216  205  196  189  185  184  183  183
  181  178  174  171  168  166  164  163  163  163  163  163  164  169  177  189
  206  226  249  275  303  331  355  375  392  407  421  435  447  458  469  479
  488  496  503  500  497  498  497  486  464                                   
    32.5-180.0 180.0   5.0 450.0                            LAT/LON1/LON2/DLON/H
  515  504  480  452  434  413  390  373  361  351  343  336  326  313  296  278
  262  250  245  244  245  244  236  225  212  203  197  195  198  202  207  211
  210  206  199  192  186  183  181  179  178  177  174  170  167  168  173  183
  199  219  243  270  300  330  358  382  405  427  449  472  494  513  531  545
  556  565  570  564  561  565  560  545  515                                   
    30.0-180.0 180.0   5.0 450.0                            LAT/LON1/LON2/DLON/H
  587  570  538  502  477  449  419  398  384  375  370  364  353  335  314  292
  276  265  261  259  257  250  238  225  215  209  210  216  225  236  245  251
  251  243  232  220  212  206  203  201  198  193  185  177  169  165  167  176
  191  211  234  261  291  322  352  380  409  439  471  505  538  569  596  618
  634  645  651  645  643  651  640  622  587                                   
    27.5-180.0 180.0   5.0 450.0                            LAT/LON1/LON2/DLON/H
  677  658  620  578  546  513  474  446  428  417  409  400  384  360  333  308
  290  279  273  268  262  252  242  234  231  235  245  258  273  287  298  303
  300  288  271  255  243  235  230  225  218  208  195  181  168  161  161  169
  184  204  227  253  281  312  343  374  408  446  487  532  576  618  656  687
  711  728  738  736  736  749  735  714  677                                   
    25.0-180.0 180.0   5.0 450.0                            LAT/LON1/LON2/DLON/H
  779  759  723  681  642  606  560  524  498  480  466  449  424  392  357  327
  306  292  281  272  263  257  254  257  268  284  303  321  337  349  357  359
  352  335  312  290  274  263  256  247  235  219  200  180  164  155  154  163
  179  199  222  247  275  305  337  370  408  451  499  551  603  654  701  741
  774  799  816  822  828  848  836  815  779                                   
    22.5-180.0 180.0   5.0 450.0                            LAT/LON1/LON2/DLON/H
  878  857  834  799  758  721  671  629  594  565  539  510  474  431  388  353
  326  307  290  277  269  269  280  300  326  354  379  397  408  413  414  410
  396  372  343  316  296  284  273  259  241  219  196  174  157  147  148  158
  175  197  221  248  276  306  338  374  414  460  512  566  622  676  728  774
  815  846  872  889  900  928  926  912  878                                   
    20.0-180.0 180.0   5.0 450.0                            LAT/LON1/LON2/DLON/H
  955  935  932  910  873  842  794  748  704  663  623  580  532  479  429  387
  355  329  307  291  287  298  324  361  401  436  460  472  473  467  457  441
  418  387  353  324  304  289  275  256  233  207  182  162  146  139  141  154
  174  199  226  254  284  316  350  388  430  477  528  581  635  689  741  789
  833  869  902  929  945  976  988  987  955                                   
    17.5-180.0 180.0   5.0 450.0                            LAT/LON1/LON2/DLON/H
  999  984 1002  991  964  943  904  859  810  760  708  654  595  535  479  433
  395  363  337  322  323  346  386  435  481  516  533  532  518  495  469  441
  409  374  340  313  294  279  262  239  213  187  165  148  136  132  137  151
  174  202  233  265  298  332  369  409  452  499  548  598  648  697  745  792
  837  873  910  943  961  990 1015 1029  999                                   
    15.0-180.0 180.0   5.0 450.0                            LAT/LON1/LON2/DLON/H
 1007 1004 1036 1033 1017 1008  981  941  893  839  781  721  658  595  537  488
  448  414  387  374  382  413  460  513  556  580  581  561  527  486  445  407
  372  338  309  288  272  258  239  215  190  167  149  137  130  128  134  150
  174  205  239  275  312  351  391  432  476  522  569  616  662  706  749  791
  833  867  903  937  956  977 1010 1036 1007                                   
    12.5-180.0 180.0   5.0 450.0                            LAT/LON1/LON2/DLON/H
  990  997 1033 1035 1030 1033 1017  985  942  889  832  772  711  651  596  549
  511  479  455  446  459  493  540  584  611  613  589  545  491  438  391  354
  322  296  275  259  248  235  217  194  171  152  140  132  128  127  133  147
  171  204  242  282  323  365  408  452  497  542  589  634  678  719  756  793
  829  858  891  921  937  950  984 1016  990                                   
    10.0-180.0 180.0   5.0 450.0                            LAT/LON1/LON2/DLON/H
  965  976 1006 1009 1012 1024 1019  994  957  910  857  803  749  697  648  608
  576  551  534  531  546  577  611  633  630  598  545  483  422  371  331  302
  279  261  247  237  229  218  201  180  161  146  138  133  129  127  130  142
  165  199  239  282  326  371  417  462  508  553  600  647  691  732  766  798
  828  853  880  905  915  921  952  987  965                                   
     7.5-180.0 180.0   5.0 450.0                            LAT/LON1/LON2/DLON/H
  949  958  976  976  982  998  999  981  949  907  861  815  770  725  685  652
  629  615  608  611  625  644  656  644  601  535  461  394  344  308  285  269
