data/edconvlstm_nd/pred0570.15i
     1.0            IONOSPHERE MAPS     GNSS                IONEX VERSION / TYPE
pyspatialgeodesy        IME             05-JAN-18 20:20     PGM / RUN BY / DATE 
Map Name                                                    COMMENT             
Predicted global ionosphere maps (GIM).                     DESCRIPTION         
  2015     2    26     0     0     0                        EPOCH OF FIRST MAP  
  2015     2    27     0     0     0                        EPOCH OF LAST MAP   
  7200                                                      INTERVAL            
    13                                                      # OF MAPS IN FILE   
  NONE                                                      MAPPING FUNCTION    
10.0                                                        ELEVATION CUTOFF    
One-way carrier phase leveled to code                       OBSERVABLES USED    
  6371.0                                                    BASE RADIUS         
 2                                                          MAP DIMENSION       
   450.0 450.0   0.0                                        HGT1 / HGT2 / DHGT  
    87.5 -87.5  -2.5                                        LAT1 / LAT2 / DLAT  
  -180.0 180.0   5.0                                        LON1 / LON2 / DLON  
    -1                                                      EXPONENT            
                                                            END OF HEADER       
[from data line 2574]
     7                                                      START OF TEC MAP    
  2015     2    26    12     0     0                        EPOCH OF CURRENT MAP
    87.5-180.0 180.0   5.0 450.0                            LAT/LON1/LON2/DLON/H
   98  107  109  116  122  124  125  124  127  131  132  134  135  137  138  138
  139  140  140  141  141  142  142  142  142  142  142  142  142  141  141  140
  139  138  136  135  133  131  128  126  123  121  118  116  113  111  108  106
  104  102  100   99   97   96   96   95   94   94   94   94   94   95   95   96
   97   99   98   97  103  103  113  112   98                                   
    85.0-180.0 180.0   5.0 450.0                            LAT/LON1/LON2/DLON/H
   96  108  120  114  117  124  126  129  132  135  136  138  139  141  142  143
  144  144  145  146  146  147  147  148  148  148  148  148  148  148  148  147
  146  145  143  141  139  137  134  131  127  124  120  117  114  110  107  105
  102  100   98   97   96   95   95   95   95   96   96   97   98   98   99  100
  102  104  101   99  100  104  108  110   96                                   
    82.5-180.0 180.0   5.0 450.0                            LAT/LON1/LON2/DLON/H
   81   97  104  101  104  111  116  119  122  125  127  130  131  132  133  134
  135  135  136  137  138  139  140  141  142  143  144  145  146  147  148  148
  148  147  146  144  142  139  136  132  127  123  118  114  109  104  100   97
   93   90   88   86   85   85   84   85   85   86   86   87   88   88   89   90
   91   92   89   88   91  101   96   95   81                                   
    80.0-180.0 180.0   5.0 450.0                            LAT/LON1/LON2/DLON/H
   71   80   86   86   89   93   97  102  106  110  112  114  115  116  117  118
  119  119  120  122  123  124  126  127  129  131  133  136  138  140  143  145
  146  147  147  146  144  141  137  133  128  123  117  112  106  101   96   92
   88   85   82   80   79   79   79   79   80   81   82   83   84   85   85   85
   85   84   82   80   80   88   89   87   71                                   
    77.5-180.0 180.0   5.0 450.0                            LAT/LON1/LON2/DLON/H
   70   72   72   72   74   78   83   87   91   94   96   98   99  100  100  101
  102  103  104  106  108  110  112  115  118  121  125  129  133  137  142  146
  150  153  155  156  155  153  151  147  142  137  131  125  120  114  109  104
  100   96   93   91   90   89   89   89   90   91   92   92   93   93   92   90
   89   86   82   79   77   78   79   81   70                                   
    75.0-180.0 180.0   5.0 450.0                            LAT/LON1/LON2/DLON/H
   61   64   60   62   63   67   70   72   76   79   80   82   82   83   83   84
   85   87   89   92   94   98  101  104  108  112  117  123  129  135  142  149
  155  160  164  167  168  168  167  164  161  156  152  147  141  136  131  126
  122  117  114  110  107  105  104  103  103  103  104  104  104  104  102  101
   97   93   88   81   79   76   76   69   61                                   
    72.5-180.0 180.0   5.0 450.0                            LAT/LON1/LON2/DLON/H
   60   62   57   59   59   64   66   69   71   73   73   74   74   74   75   76
   78   80   84   87   91   95   99  103  107  111  116  122  129  137  146  154
  162  170  176  181  184  186  186  186  184  182  178  175  171  167  163  159
  154  149  143  138  133  128  124  121  119  118  117  117  117  116  114  112
  108  103   98   89   85   81   80   76   60                                   
    70.0-180.0 180.0   5.0 450.0                            LAT/LON1/LON2/DLON/H
   63   64   61   62   61   64   65   67   69   69   69   69   69   69   69   71
   74   77   81   86   91   96  100  104  108  113  117  123  131  139  148  158
  168  176  184  190  195  198  200  201  201  201  200  199  197  195  192  188
  183  176  169  161  152  143  136  129  124  121  119  118  118  117  116  114
  111  106  102   94   89   86   88   83   63                                   
    67.5-180.0 180.0   5.0 450.0                            LAT/LON1/LON2/DLON/H
   64   68   66   67   67   71   72   73   74   74   73   72   71   72   73   75
   79   83   88   94  100  105  109  113  116  119  123  128  135  143  152  162
  172  181  189  196  201  205  209  211  214  215  217  218  218  218  216  213
  207  200  190  178  166  153  141  131  123  117  114  112  111  110  109  109
  107  104  102   94   90   89   90   86   64                                   
    65.0-180.0 180.0   5.0 450.0                            LAT/LON1/LON2/DLON/H
   65   71   69   71   71   75   76   78   78   78   76   75   75   75   77   80
   84   89   95  102  108  113  117  120  123  125  128  132  138  146  156  165
  175  184  192  198  204  208  212  216  220  224  228  231  233  234  233  230
  224  215  203  188  171  154  138  124  113  105  100   97   95   94   94   94
   94   93   93   88   88   90   93   90   65                                   
    62.5-180.0 180.0   5.0 450.0                            LAT/LON1/LON2/DLON/H
   63   69   68   71   72   77   78   80   80   80   78   78   78   79   81   85
   89   95  101  107  112  117  121  124  126  128  130  134  140  148  157  167
  177  185  192  198  203  207  211  216  221  227  232  237  240  242  242  239
  232  222  207  190  171  150  131  115  101   91   85   80   78   76   75   75
   76   76   78   76   78   82   87   86   63                                   
    60.0-180.0 180.0   5.0 450.0                            LAT/LON1/LON2/DLON/H
   59   64   62   66   67   72   74   76   76   77   76   76   77   79   81   85
   90   95  100  105  109  114  118  121  123  125  128  133  139  148  158  168
  178  186  192  197  201  205  209  214  220  227  233  239  243  245  245  241
  234  223  208  190  169  148  127  109   95   84   76   71   67   64   61   60
   59   59   62   62   67   71   78   78   59                                   
    57.5-180.0 180.0   5.0 450.0                            LAT/LON1/LON2/DLON/H
   55   57   55   58   59   63   66   68   69   70   70   71   72   75   78   82
   86   90   93   97  101  105  110  114  117  121  125  131  139  149  160  171
  181  189  195  199  202  206  210  216  222  229  236  242  247  249  249  245
  238  227  212  195  175  155  135  117  103   91   83   77   72   66   61   57
   54   52   55   54   60   63   69   70   55                                   
    55.0-180.0 180.0   5.0 450.0                            LAT/LON1/LON2/DLON/H
   54   53   49   52   52   55   57   58   60   61   61   63   65   68   71   74
   78   80   83   86   89   94   99  105  110  116  123  130  140  151  164  176
  187  195  201  204  207  210  215  221  228  235  243  249  253  255  254  251
  244  234  222  207  190  171  154  137  124  113  105   98   91   83   75   68
   61   56   57   55   59   61   66   67   54                                   
    52.5-180.0 180.0   5.0 450.0                            LAT/LON1/LON2/DLON/H
   58   54   48   50   50   52   52   52   53   53   54   55   57   60   63   66
   68   71   73   75   78   83   90   98  106  114  122  132  143  156  170  183
  195  204  210  214  217  220  225  231  238  246  253  259  263  265  264  260
  254  246  236  224  211  196  180  166  153  143  135  128  121  112  101   91
   80   73   71   66   68   67   70   69   58                                   
    50.0-180.0 180.0   5.0 450.0                            LAT/LON1/LON2/DLON/H
   67   62   55   56   55   55   54   52   51   51   51   51   52   54   56   59
   62   64   66   68   72   78   86   95  106  116  126  137  149  163  178  192
  204  213  220  225  229  234  239  246  253  261  268  274  277  278  277  274
  269  262  254  245  234  221  207  194  181  172  164  157  151  142  131  120
  107   97   91   84   83   82   82   79   67                                   
    47.5-180.0 180.0   5.0 450.0                            LAT/LON1/LON2/DLON/H
   81   75   68   68   67   66   63   59   57   55   53   52   52   52   54   56
   59   62   65   68   72   78   87   99  111  122  134  145  158  171  185  199
  212  222  231  238  244  250  257  264  272  279  286  291  294  294  293  289
  285  279  272  264  253  241  226  212  198  188  180  174  169  162  153  143
  131  121  113  105  102  100   99   95   81                                   
    45.0-180.0 180.0   5.0 450.0                            LAT/LON1/LON2/DLON/H
   95   92   86   85   83   82   78   72   68   65   62   60   58   57   57   59
   63   67   70   74   78   85   95  107  119  132  144  155  167  179  191  204
  217  228  239  249  259  268  277  286  293  300  305  309  311  311  309  306
  301  295  287  277  264  249  232  214  199  187  178  173  170  166  160  153
  144  136  128  120  118  117  117  113   95                                   
    42.5-180.0 180.0   5.0 450.0                            LAT/LON1/LON2/DLON/H
  108  108  105  103  101   99   95   88   82   79   75   72   69   67   66   68
   72   77   81   85   90   96  105  117  130  143  154  165  174  184  195  207
  219  232  246  260  274  287  299  309  317  323  327  329  329  329  327  323
  317  309  298  285  268  248  227  205  186  172  163  158  155  153  151  148
  143  138  132  126  126  128  128  125  108                                   
    40.0-180.0 180.0   5.0 450.0                            LAT/LON1/LON2/DLON/H
  114  119  118  118  117  114  110  102   97   93   89   87   83   80   79   81
   85   90   95   99  103  109  117  127  139  152  163  172  180  188  197  208
  221  236  253  272  291  308  323  336  345  350  352  352  350  349  346  342
  335  325  310  291  269  245  219  194  173  157  146  141  137  135  134  134
  132  129  126  121  123  127  131  128  114                                   
    37.5-180.0 180.0   5.0 450.0                            LAT/LON1/LON2/DLON/H
  115  123  124  125  125  123  119  112  107  104  102  100   97   94   94   96
  100  105  110  113  116  120  126  136  147  159  170  178  185  192  200  211
  225  243  264  288  312  334  353  368  378  383  383  380  377  373  370  366
  358  345  326  303  278  250  222  195  173  156  145  137  131  126  123  122
  121  119  116  111  113  117  124  122  115                                   
    35.0-180.0 180.0   5.0 450.0                            LAT/LON1/LON2/DLON/H
  111  121  122  124  126  123  121  116  112  110  110  109  108  107  107  110
  114  118  122  125  127  130  134  142  153  165  176  185  191  197  205  217
  234  256  282  310  339  366  389  406  418  423  422  417  410  404  400  396
  387  373  353  329  302  274  247  221  201  185  174  163  153  142  133  128
  123  118  112  104  104  106  115  112  111                                   
    32.5-180.0 180.0   5.0 450.0                            LAT/LON1/LON2/DLON/H
  107  116  114  117  119  116  116  112  111  111  112  114  115  116  118  121
  124  127  131  133  135  137  142  149  159  172  183  192  199  205  215  229
  250  277  308  341  374  405  431  452  465  471  468  460  451  443  438  434
  427  414  396  374  349  324  300  279  262  250  239  226  210  191  173  160
  148  137  126  111  105  101  111  105  107                                   
    30.0-180.0 180.0   5.0 450.0                            LAT/LON1/LON2/DLON/H
  107  113  107  109  111  106  107  105  105  106  109  113  117  121  124  128
  130  133  136  139  142  145  150  157  168  180  192  202  210  218  230  249
  274  306  343  381  418  451  480  502  518  524  521  511  498  489  484  483
  479  471  458  440  420  400  382  367  356  347  337  323  301  274  247  224
  203  183  164  139  125  111  117  106  107                                   
    27.5-180.0 180.0   5.0 450.0                            LAT/LON1/LON2/DLON/H
  115  116  105  106  106  100  100   99   99  101  105  110  116  121  126  130
  133  135  138  143  148  153  159  167  178  191  204  216  226  237  253  276
  308  346  387  428  466  501  530  555  571  579  576  565  552  543  540  542
  545  543  535  523  510  497  485  476  470  464  456  440  414  380  344  312
  282  254  225  189  164  139  136  118  115                                   
    25.0-180.0 180.0   5.0 450.0                            LAT/LON1/LON2/DLON/H
  132  129  112  110  108  100  100   98   98   99  102  107  113  119  125  129
  132  135  139  146  155  163  171  180  191  205  219  233  246  261  282  311
  349  391  435  477  515  549  578  602  620  629  628  619  608  601  602  609
  617  621  619  613  606  599  593  588  584  579  569  551  522  485  445  408
  372  337  299  255  219  184  169  143  132                                   
    22.5-180.0 180.0   5.0 450.0                            LAT/LON1/LON2/DLON/H
  159  152  131  123  119  109  108  105  104  103  103  106  111  116  122  126
  129  133  140  150  162  174  184  194  206  221  237  253  270  289  316  350
  392  437  481  521  557  588  616  639  658  669  672  667  660  658  663  675
  686  694  696  694  691  688  684  679  672  662  648  627  598  562  524  488
  451  416  373  325  281  238  211  179  159                                   
    20.0-180.0 180.0   5.0 450.0                            LAT/LON1/LON2/DLON/H
  194  182  159  144  136  124  122  118  115  112  109  109  111  115  120  124
  127  133  142  155  170  184  196  207  220  235  254  273  294  318  349  387
  431  476  518  556  588  615  640  662  681  695  702  704  703  707  716  730
  743  751  754  753  751  747  740  728  712  693  671  647  621  592  563  534
  503  473  432  386  339  293  259  218  194                                   
    17.5-180.0 180.0   5.0 450.0                            LAT/LON1/LON2/DLON/H
  229  216  192  169  156  143  139  135  130  125  119  115  114  116  119  122
  126  133  145  161  178  194  206  217  230  247  268  290  315  344  379  419
  462  505  545  578  606  630  651  672  691  707  719  728  735  744  756  770
  782  788  789  786  781  771  754  730  700  667  637  611  590  573  558  541
  521  500  465  426  382  337  300  255  229                                   
    15.0-180.0 180.0   5.0 450.0                            LAT/LON1/LON2/DLON/H
  260  247  224  195  177  162  157  152  147  139  131  124  120  120  121  123
  128  136  150  167  185  201  212  223  236  254  278  305  334  366  403  443
  485  525  561  590  614  634  653  672  691  710  727  742  755  769  783  795
  803  805  803  795  782  761  730  691  646  600  561  534  521  517  517  514
  507  495  471  439  401  360  325  282  260                                   
    12.5-180.0 180.0   5.0 450.0                            LAT/LON1/LON2/DLON/H
  278  269  250  217  195  179  173  168  162  154  144  135  129  126  125  127
  132  142  156  173  191  204  214  224  238  259  287  318  350  385  422  461
  500  537  568  594  615  634  651  670  690  711  731  751  769  785  799  808
  811  808  800  784  760  726  683  630  572  516  471  445  438  446  459  469
  471  467  452  427  398  363  333  295  278                                   
    10.0-180.0 180.0   5.0 450.0                            LAT/LON1/LON2/DLON/H
  285  279  264  232  208  190  184  179  173  165  155  145  138  134  133  134
  139  149  163  180  195  206  214  224  240  265  297  332  366  401  437  474
  510  542  571  594  615  634  653  673  694  716  738  759  779  796  807  812
  809  799  783  759  726  683  631  571  506  444  398  372  370  385  407  423
  430  429  419  401  379  351  326  294  285                                   
     7.5-180.0 180.0   5.0 450.0                            LAT/LON1/LON2/DLON/H
  280  280  266  237  213  195  189  185  179  173  163  154  147  143  142  143
  148  158  171  186  199  209  217  228  249  278  313  350  385  418  451  484
