data/edconvlstm_nd/pred0610.15i
     1.0            IONOSPHERE MAPS     GNSS                IONEX VERSION / TYPE
pyspatialgeodesy        IME             05-JAN-18 20:20     PGM / RUN BY / DATE 
Map Name                                                    COMMENT             
Predicted global ionosphere maps (GIM).                     DESCRIPTION         
  2015     3     2     0     0     0                        EPOCH OF FIRST MAP  
  2015     3     3     0     0     0                        EPOCH OF LAST MAP   
  7200                                                      INTERVAL            
    13                                                      # OF MAPS IN FILE   
  NONE                                                      MAPPING FUNCTION    
10.0                                                        ELEVATION CUTOFF    
One-way carrier phase leveled to code                       OBSERVABLES USED    
  6371.0                                                    BASE RADIUS         
 2                                                          MAP DIMENSION       
   450.0 450.0   0.0                                        HGT1 / HGT2 / DHGT  
    87.5 -87.5  -2.5                                        LAT1 / LAT2 / DLAT  
  -180.0 180.0   5.0                                        LON1 / LON2 / DLON  
    -1                                                      EXPONENT            
                                                            END OF HEADER       
[from data line 4290]
    11                                                      START OF TEC MAP    
  2015     3     2    20     0     0                        EPOCH OF CURRENT MAP
    87.5-180.0 180.0   5.0 450.0                            LAT/LON1/LON2/DLON/H
  158  153  143  150  154  154  154  154  154  157  157  159  160  161  163  164
  165  165  166  166  166  165  165  164  163  161  160  158  156  154  152  150
  147  145  143  141  139  137  135  134  132  131  131  130  130  130  130  130
  131  131  132  133  134  135  136  137  139  140  141  142  142  143  144  144
  144  145  144  145  155  152  158  158  158                                   
    85.0-180.0 180.0   5.0 450.0                            LAT/LON1/LON2/DLON/H
  155  153  160  153  153  159  160  163  164  167  167  170  171  173  175  176
  178  179  179  180  180  180  179  178  177  175  173  171  169  166  164  161
  158  156  153  150  148  145  143  141  140  138  137  136  136  136  136  136
  137  137  138  140  141  142  143  145  146  147  148  149  150  151  152  152
  153  153  152  150  153  149  148  149  155                                   
    82.5-180.0 180.0   5.0 450.0                            LAT/LON1/LON2/DLON/H
  129  135  136  134  138  145  150  153  155  159  162  166  169  172  175  178
  180  182  183  184  185  185  184  183  182  180  177  174  171  168  164  160
  157  153  149  145  142  138  135  132  130  127  125  124  123  122  122  123
  123  124  126  127  129  130  132  134  135  136  137  138  139  139  139  139
  140  139  138  141  140  148  137  134  129                                   
    80.0-180.0 180.0   5.0 450.0                            LAT/LON1/LON2/DLON/H
  110  116  121  119  123  126  133  140  145  150  155  160  164  168  172  175
  177  179  180  181  181  180  179  177  175  173  170  166  162  158  153  148
  144  139  134  130  126  122  119  115  113  110  108  107  106  106  107  108
  109  111  113  115  117  119  122  123  125  127  128  129  129  129  129  129
  129  128  127  127  121  120  113  122  110                                   
    77.5-180.0 180.0   5.0 450.0                            LAT/LON1/LON2/DLON/H
  103  102  109  107  113  118  125  132  138  144  150  157  162  167  171  174
  176  177  178  178  178  177  175  174  171  169  165  162  157  153  148  143
  138  133  129  125  121  117  113  110  107  104  102  101  100  100  101  102
  104  106  109  111  113  115  117  119  120  121  121  121  121  120  119  118
  117  115  114  113  110  105  104  116  103                                   
    75.0-180.0 180.0   5.0 450.0                            LAT/LON1/LON2/DLON/H
   97  100  103  103  111  117  123  130  138  146  153  160  166  171  174  177
  177  177  177  175  174  172  170  168  166  163  159  155  151  146  141  136
  132  127  123  120  116  113  110  107  105  102  101   99   99   99  100  101
  103  105  107  109  111  113  114  114  115  115  114  114  113  112  111  110
  108  107  106  103   99   96   96   97   97                                   
    72.5-180.0 180.0   5.0 450.0                            LAT/LON1/LON2/DLON/H
   96  101  106  111  116  124  131  138  146  155  162  170  177  182  185  186
  185  183  181  177  174  172  169  166  163  160  156  151  145  140  134  129
  125  121  117  115  112  110  107  105  103  101   99   98   98   98   99  101
  103  105  107  109  110  111  111  111  110  109  107  106  104  103  102  100
   98   97   97   94   92   92   96  101   96                                   
    70.0-180.0 180.0   5.0 450.0                            LAT/LON1/LON2/DLON/H
  103  110  117  122  128  136  142  151  159  169  178  186  193  198  200  200
  197  193  188  183  178  174  170  166  163  158  153  147  141  134  127  122
  117  113  110  108  106  105  103  102  100   99   98   97   96   97   98   99
  101  103  104  105  106  106  106  105  103  101   99   97   95   93   93   92
   90   90   91   91   91   93  101  104  103                                   
    67.5-180.0 180.0   5.0 450.0                            LAT/LON1/LON2/DLON/H
  112  122  131  138  146  154  161  170  178  189  199  209  217  223  225  223
  219  212  204  197  190  184  179  174  169  163  156  148  140  131  123  116
  110  105  102  100   98   97   96   95   94   93   92   91   91   91   92   93
   94   96   98   99  100  100  100   99   97   95   93   91   89   88   87   87
   86   86   88   88   90   95  104  110  112                                   
    65.0-180.0 180.0   5.0 450.0                            LAT/LON1/LON2/DLON/H
  116  130  139  147  156  164  171  180  190  202  214  226  237  244  247  245
  239  231  221  211  202  195  189  183  177  169  161  151  140  130  120  111
  104   98   94   91   89   87   86   85   84   83   82   81   80   80   79   80
   81   82   83   84   86   87   87   87   86   85   83   82   80   79   78   78
   77   79   82   83   88   97  108  116  116                                   
    62.5-180.0 180.0   5.0 450.0                            LAT/LON1/LON2/DLON/H
  118  133  143  151  160  169  176  185  196  210  225  241  255  265  269  268
  262  253  241  230  220  211  203  196  188  179  169  158  145  133  121  111
  101   94   87   82   78   75   73   72   71   70   69   67   66   64   63   62
   62   63   64   66   68   71   74   76   77   77   76   75   74   72   72   71
   71   72   75   77   83   93  105  115  118                                   
    60.0-180.0 180.0   5.0 450.0                            LAT/LON1/LON2/DLON/H
  116  132  143  151  159  166  175  184  197  214  232  251  268  281  289  289
  284  274  262  249  237  227  218  209  201  191  180  168  155  142  129  117
  106   96   87   80   73   68   65   63   62   61   60   57   55   52   50   48
   47   47   48   51   54   59   64   68   71   73   73   72   71   70   69   68
   67   69   71   73   79   90  102  115  116                                   
    57.5-180.0 180.0   5.0 450.0                            LAT/LON1/LON2/DLON/H
  116  132  143  150  157  164  173  183  197  216  237  259  280  296  306  309
  304  294  281  268  254  243  232  223  214  204  194  182  170  158  145  132
  119  107   95   84   75   68   64   61   60   59   57   55   51   47   44   41
   39   39   40   42   47   53   59   66   71   74   76   75   74   73   72   71
   70   71   73   74   79   89  101  116  116                                   
    55.0-180.0 180.0   5.0 450.0                            LAT/LON1/LON2/DLON/H
  121  138  150  155  162  168  177  188  203  223  246  270  292  310  322  327
  323  313  300  285  270  257  246  236  227  218  209  199  189  178  166  152
  138  124  109   96   84   76   70   67   66   65   64   61   57   52   48   45
   42   41   41   43   48   54   63   71   77   82   84   84   84   83   82   81
   80   80   82   82   86   95  107  122  121                                   
    52.5-180.0 180.0   5.0 450.0                            LAT/LON1/LON2/DLON/H
  134  152  165  169  176  183  193  203  219  238  261  284  307  325  338  343
  339  329  315  299  283  269  258  248  239  231  224  217  208  199  187  174
  159  142  126  111   99   89   83   80   79   78   77   75   71   66   62   59
   56   54   53   54   57   64   72   81   88   93   96   96   96   97   97   98
   97   98   99   99  102  110  121  135  134                                   
    50.0-180.0 180.0   5.0 450.0                            LAT/LON1/LON2/DLON/H
  157  175  190  194  203  211  221  232  247  265  285  306  326  343  354  358
  355  344  328  311  295  281  269  260  252  245  239  233  226  217  206  192
  175  158  142  127  114  105   99   95   94   94   94   92   89   86   83   81
   79   76   74   73   74   79   86   94  101  106  108  108  109  111  114  117
  117  120  122  123  126  133  144  157  157                                   
    47.5-180.0 180.0   5.0 450.0                            LAT/LON1/LON2/DLON/H
  187  206  222  226  237  248  260  270  284  300  317  334  350  363  371  373
  368  356  340  323  307  293  281  272  265  259  253  247  239  229  216  200
  183  166  150  137  127  119  113  110  109  108  108  108  107  106  105  105
  104  102   98   95   94   96  102  108  113  116  117  118  120  124  130  135
  137  142  145  149  153  161  172  184  187                                   
    45.0-180.0 180.0   5.0 450.0                            LAT/LON1/LON2/DLON/H
  218  237  256  262  275  289  302  313  325  339  352  364  375  384  389  388
  381  368  352  334  319  306  295  286  279  271  264  256  246  232  216  198
  180  164  151  141  134  129  124  121  118  117  117  118  119  120  123  125
  125  123  119  114  111  111  114  118  121  123  123  123  126  132  140  148
  153  159  164  171  177  186  199  213  218                                   
    42.5-180.0 180.0   5.0 450.0                            LAT/LON1/LON2/DLON/H
  243  264  284  293  309  325  339  351  363  375  384  392  399  403  405  402
  394  380  364  347  332  320  310  301  292  283  272  260  245  228  208  188
  170  156  147  143  140  138  134  129  124  122  121  122  124  128  132  136
  138  136  132  126  121  120  122  124  126  125  124  125  129  136  145  154
  160  167  174  183  192  204  219  237  243                                   
    40.0-180.0 180.0   5.0 450.0                            LAT/LON1/LON2/DLON/H
  258  281  302  314  333  350  365  377  389  400  408  414  417  420  419  415
  406  392  376  361  348  337  327  316  305  292  277  260  241  221  200  180
  164  153  149  150  152  151  147  139  132  126  124  124  126  130  135  140
  142  140  135  129  125  124  125  127  127  126  124  124  127  135  144  153
  158  166  173  184  194  210  227  250  258                                   
    37.5-180.0 180.0   5.0 450.0                            LAT/LON1/LON2/DLON/H
  262  286  310  323  344  361  377  390  403  414  422  427  430  432  431  427
  418  405  391  377  365  354  343  330  315  299  281  261  241  220  200  184
  172  166  167  172  177  177  170  159  147  137  132  130  131  134  137  140
  141  138  134  129  126  127  128  130  129  126  124  123  125  131  139  146
  149  155  162  173  184  203  223  249  262                                   
    35.0-180.0 180.0   5.0 450.0                            LAT/LON1/LON2/DLON/H
  258  283  308  323  344  360  378  391  405  418  427  433  437  440  441  438
  430  419  406  394  382  370  357  341  324  306  287  268  250  233  219  209
  203  203  208  216  221  219  208  192  174  160  151  146  145  145  145  144
  142  138  134  131  130  132  135  136  134  131  127  125  126  129  134  137
  137  141  147  157  168  189  210  239  258                                   
    32.5-180.0 180.0   5.0 450.0                            LAT/LON1/LON2/DLON/H
  252  278  305  318  340  354  372  386  403  417  428  437  442  447  449  448
  442  433  422  410  398  385  369  351  333  315  300  286  275  267  262  261
  263  269  276  283  285  278  261  239  215  196  183  175  170  166  162  157
  152  146  142  141  142  145  148  148  146  141  136  132  131  131  132  132
  129  131  135  143  154  176  198  227  252                                   
    30.0-180.0 180.0   5.0 450.0                            LAT/LON1/LON2/DLON/H
  252  278  305  317  338  351  369  383  402  418  432  442  449  454  457  457
  453  446  437  426  413  398  380  361  344  330  322  317  318  322  330  340
  351  360  366  368  363  348  325  295  266  243  226  215  207  200  192  184
  176  169  164  164  166  169  170  168  162  156  149  144  141  138  136  133
  129  130  131  139  149  170  192  220  252                                   
    27.5-180.0 180.0   5.0 450.0                            LAT/LON1/LON2/DLON/H
  261  286  313  325  345  356  375  390  409  427  442  452  459  464  466  467
  463  458  450  439  426  409  390  372  359  353  355  363  377  396  419  441
  458  468  468  460  443  419  387  351  319  293  275  263  253  243  234  224
  215  207  203  202  204  204  200  193  182  173  164  158  153  149  145  141
  136  138  138  146  156  175  197  224  261                                   
    25.0-180.0 180.0   5.0 450.0                            LAT/LON1/LON2/DLON/H
  279  304  329  343  364  375  393  409  430  448  462  471  476  478  478  477
  474  468  461  450  436  420  402  388  381  385  399  421  450  484  519  549
  568  572  560  536  506  471  432  394  361  336  319  307  298  290  282  273
  266  259  255  253  252  246  235  220  203  189  178  170  163  158  155  151
  148  152  153  162  172  191  213  238  279                                   
    22.5-180.0 180.0   5.0 450.0                            LAT/LON1/LON2/DLON/H
  306  329  353  371  395  406  425  442  463  481  494  500  501  499  495  491
  485  479  471  460  446  431  417  409  411  426  453  488  530  574  616  646
  657  645  615  575  532  488  447  409  380  359  347  339  333  329  325  322
  319  316  313  309  302  289  269  246  222  202  188  177  170  164  161  160
  159  167  170  181  193  211  235  259  306                                   
    20.0-180.0 180.0   5.0 450.0                            LAT/LON1/LON2/DLON/H
  336  358  382  405  433  446  467  485  507  526  537  540  537  530  521  512
  503  493  483  471  458  445  437  437  449  475  512  558  606  653  690  709
  702  669  619  564  511  464  424  393  371  358  353  350  349  351  354  359
  363  364  362  356  344  323  296  265  236  211  193  181  172  166  164  164
  167  178  184  198  212  232  258  285  336                                   
    17.5-180.0 180.0   5.0 450.0                            LAT/LON1/LON2/DLON/H
  361  384  411  439  472  488  510  531  555  574  585  588  581  570  557  543
  529  516  502  488  475  465  463  471  494  529  574  622  669  707  729  726
  695  640  573  507  450  405  372  351  340  337  339  342  346  353  364  377
  388  394  394  386  370  344  311  275  242  214  194  180  170  165  164  165
  170  184  192  208  225  248  277  309  361                                   
    15.0-180.0 180.0   5.0 450.0                            LAT/LON1/LON2/DLON/H
  377  404  434  467  503  523  547  571  597  618  632  636  630  618  602  585
  568  549  530  513  499  492  496  513  543  584  630  675  711  731  730  703
  649  576  497  426  371  333  310  301  303  309  318  325  332  342  357  375
  391  401  402  394  376  348  314  277  243  214  192  176  166  161  161  163
  168  182  192  210  229  257  289  325  377                                   
    12.5-180.0 180.0   5.0 450.0                            LAT/LON1/LON2/DLON/H
  383  414  450  485  525  548  575  601  629  654  671  679  678  669  655  637
  617  594  570  548  533  529  538  560  595  637  678  712  730  730  707  658
  586  501  418  350  302  274  263  266  277  291  304  313  319  328  343  361
  378  388  389  381  364  338  307  274  242  213  190  172  162  157  156  158
  162  175  186  203  225  259  293  332  383                                   
    10.0-180.0 180.0   5.0 450.0                            LAT/LON1/LON2/DLON/H
  381  417  459  496  540  566  595  622  652  679  700  714  719  717  708  694
  673  648  620  594  578  574  586  612  647  684  716  734  735  716  676  613
  532  444  365  306  268  251  249  260  279  298  313  320  322  325  334  347
  358  364  363  355  340  319  295  268  241  215  191  172  160  154  153  152
  154  165  175  192  217  256  292  332  381                                   
     7.5-180.0 180.0   5.0 450.0                            LAT/LON1/LON2/DLON/H
  376  420  465  505  551  581  611  638  669  697  721  740  753  758  757  748
  731  705  675  647  629  626  639  665  696  724  743  746  733  702  653  585
