data/edconvlstm_nd/pred0550.15i
     1.0            IONOSPHERE MAPS     GNSS                IONEX VERSION / TYPE
pyspatialgeodesy        IME             05-JAN-18 20:20     PGM / RUN BY / DATE 
Map Name                                                    COMMENT             
Predicted global ionosphere maps (GIM).                     DESCRIPTION         
  2015     2    24     0     0     0                        EPOCH OF FIRST MAP  
  2015     2    25     0     0     0                        EPOCH OF LAST MAP   
  7200                                                      INTERVAL            
    13                                                      # OF MAPS IN FILE   
  NONE                                                      MAPPING FUNCTION    
10.0                                                        ELEVATION CUTOFF    
One-way carrier phase leveled to code                       OBSERVABLES USED    
  6371.0                                                    BASE RADIUS         
 2                                                          MAP DIMENSION       
   450.0 450.0   0.0                                        HGT1 / HGT2 / DHGT  
    87.5 -87.5  -2.5                                        LAT1 / LAT2 / DLAT  
  -180.0 180.0   5.0                                        LON1 / LON2 / DLON  
    -1                                                      EXPONENT            
                                                            END OF HEADER       
[from data line 1287]
     4                                                      START OF TEC MAP    
  2015     2    24     6     0     0                        EPOCH OF CURRENT MAP
    87.5-180.0 180.0   5.0 450.0                            LAT/LON1/LON2/DLON/H
  116  120  118  124  125  125  124  122  125  127  128  130  131  131  131  131
  130  129  128  126  125  123  121  119  117  115  113  111  110  108  107  106
  105  104  103  102  101  100   99   99   98   98   97   97   97   98   98   99
  100  100  101  102  103  104  105  106  107  107  108  109  109  109  109  109
  111  112  111  111  116  117  123  115  116                                   
    85.0-180.0 180.0   5.0 450.0                            LAT/LON1/LON2/DLON/H
  116  126  121  125  127  130  131  133  135  138  140  142  143  144  144  144
  143  141  139  137  135  132  130  127  125  122  121  119  117  116  115  114
  114  113  113  112  112  111  111  110  110  110  110  110  110  111  112  113
  114  115  117  118  119  121  122  123  124  125  126  126  126  125  124  124
  125  125  121  120  118  120  122  118  116                                   
    82.5-180.0 180.0   5.0 450.0                            LAT/LON1/LON2/DLON/H
  122  120  124  118  118  121  123  125  129  133  136  139  141  142  142  141
  139  137  134  130  126  122  118  114  111  109  107  105  104  104  103  104
  104  105  106  106  107  108  108  109  110  110  111  112  113  115  117  119
  122  125  128  131  134  137  140  142  144  145  146  146  145  144  141  140
  137  135  128  126  126  117  110  105  122                                   
    80.0-180.0 180.0   5.0 450.0                            LAT/LON1/LON2/DLON/H
  125  114  109  105  107  108  112  116  121  125  129  134  137  138  138  137
  134  131  126  120  115  109  103   98   94   92   90   89   89   89   91   93
   95   98  100  102  105  107  108  110  111  112  114  116  118  121  124  128
  133  139  144  150  156  161  166  170  173  175  176  176  174  171  167  163
  158  150  142  137  133  121  115  103  125                                   
    77.5-180.0 180.0   5.0 450.0                            LAT/LON1/LON2/DLON/H
  125  104   99   96   93   96  100  104  110  115  120  126  129  131  132  130
  127  123  117  110  103   95   89   83   79   76   75   75   76   78   82   86
   91   96  100  105  109  112  115  117  119  121  123  126  129  133  138  145
  152  161  170  180  189  197  204  211  215  218  219  219  216  212  206  199
  190  180  167  159  148  124  113  105  125                                   
    75.0-180.0 180.0   5.0 450.0                            LAT/LON1/LON2/DLON/H
  121  102   91   87   83   85   88   91   96  101  106  112  116  119  120  119
  116  111  105   97   90   82   75   69   65   63   62   63   65   69   74   79
   85   91   97  103  107  112  115  118  120  123  125  129  133  139  147  157
  168  180  193  206  218  230  239  247  253  256  258  257  254  249  242  234
  222  209  195  177  164  138  125  115  121                                   
    72.5-180.0 180.0   5.0 450.0                            LAT/LON1/LON2/DLON/H
  123  103   91   86   80   81   83   84   88   92   97  102  106  109  110  110
  108  104   98   92   84   77   71   66   62   60   60   62   65   69   74   80
   86   92   98  104  109  114  118  121  125  128  132  136  143  151  161  174
  188  204  220  236  251  264  275  283  288  291  291  290  286  280  273  264
  253  239  225  206  187  157  142  134  123                                   
    70.0-180.0 180.0   5.0 450.0                            LAT/LON1/LON2/DLON/H
  134  109   97   89   80   78   77   77   80   82   85   89   92   95   97   97
   96   93   90   85   79   74   69   65   63   62   63   65   68   72   76   81
   85   90   95   99  104  108  113  117  121  125  130  137  145  155  168  184
  201  220  239  257  274  287  298  305  309  310  309  306  302  296  289  281
  270  257  243  223  204  175  163  157  134                                   
    67.5-180.0 180.0   5.0 450.0                            LAT/LON1/LON2/DLON/H
  137  114  100   92   81   78   75   74   74   75   76   79   81   82   84   85
   85   85   83   80   77   74   71   69   68   69   71   73   76   78   80   82
   83   85   88   90   94   97  102  107  112  118  125  134  144  156  171  188
  208  228  248  267  284  297  305  310  311  310  307  303  298  292  285  279
  270  258  246  227  210  183  172  171  137                                   
    65.0-180.0 180.0   5.0 450.0                            LAT/LON1/LON2/DLON/H
  145  121  107   97   84   79   76   74   73   73   73   74   74   75   76   78
   79   80   80   79   77   76   75   75   76   79   81   84   85   86   85   84
   82   80   80   81   83   86   91   97  105  114  124  134  147  160  176  194
  214  234  255  273  289  300  306  308  306  302  297  291  286  282  276  271
  264  254  244  226  212  189  181  182  145                                   
    62.5-180.0 180.0   5.0 450.0                            LAT/LON1/LON2/DLON/H
  151  127  111   99   86   80   76   74   73   72   71   72   72   72   72   74
   75   76   77   77   77   77   77   78   81   85   88   91   91   90   87   82
   78   73   71   70   71   74   81   89  100  112  125  138  152  166  182  199
  218  237  257  274  288  297  301  300  296  290  284  279  274  271  267  262
  256  247  239  223  211  190  184  185  151                                   
    60.0-180.0 180.0   5.0 450.0                            LAT/LON1/LON2/DLON/H
  155  130  113   98   84   76   72   70   70   69   69   70   69   69   70   71
   72   74   74   74   74   73   74   76   79   84   88   91   91   88   83   77
   70   65   61   59   60   64   72   83   98  113  130  145  160  174  189  204
  221  239  257  274  287  295  298  295  290  283  277  273  270  267  264  260
  254  244  236  221  211  190  184  183  155                                   
    57.5-180.0 180.0   5.0 450.0                            LAT/LON1/LON2/DLON/H
  162  134  116   96   82   72   66   65   65   65   66   68   68   68   69   70
   71   72   72   71   70   68   68   70   73   78   82   85   85   82   77   70
   63   58   54   53   55   60   70   84  101  120  140  158  173  187  199  212
  227  244  261  278  291  299  301  299  294  288  283  280  278  277  274  270
  262  251  242  226  217  195  188  184  162                                   
    55.0-180.0 180.0   5.0 450.0                            LAT/LON1/LON2/DLON/H
  170  141  120   96   80   68   61   58   59   60   62   64   65   66   68   69
   71   72   71   69   66   63   62   62   65   69   73   76   76   74   69   63
   58   54   51   51   54   61   73   89  109  131  153  172  188  201  212  223
  236  252  269  286  300  309  313  312  307  303  299  298  298  297  294  288
  278  265  254  238  228  205  196  187  170                                   
    52.5-180.0 180.0   5.0 450.0                            LAT/LON1/LON2/DLON/H
  183  153  130  102   84   68   58   54   54   55   57   60   63   65   67   70
   72   73   72   69   65   61   58   58   59   62   66   68   68   66   63   59
   56   54   54   55   60   68   81   99  120  144  168  188  204  217  227  237
  250  265  282  300  316  327  332  333  330  327  325  324  323  322  318  310
  298  284  270  253  243  219  209  195  183                                   
    50.0-180.0 180.0   5.0 450.0                            LAT/LON1/LON2/DLON/H
  199  170  145  115   95   76   63   55   52   52   54   57   61   64   67   71
   73   75   75   73   69   64   61   59   59   61   64   65   65   63   61   59
   58   58   60   64   69   79   92  111  133  158  182  203  220  233  244  254
  267  283  301  320  338  351  359  361  359  356  352  350  348  344  338  329
  315  299  284  266  256  234  223  208  199                                   
    47.5-180.0 180.0   5.0 450.0                            LAT/LON1/LON2/DLON/H
  215  189  165  137  115   92   75   63   57   54   55   57   60   64   68   72
   76   79   80   79   76   73   69   67   67   68   69   68   67   65   63   62
   62   65   68   74   81   91  105  123  146  170  194  215  233  248  261  273
  287  304  324  344  363  378  386  388  386  381  375  369  363  356  347  336
  322  306  290  273  264  245  235  221  215                                   
    45.0-180.0 180.0   5.0 450.0                            LAT/LON1/LON2/DLON/H
  227  206  185  161  140  116   95   79   68   62   60   61   63   66   70   74
   79   83   86   88   88   86   84   83   82   81   80   78   75   72   69   68
   69   72   77   83   91  102  117  136  157  181  204  225  244  262  277  292
  309  327  347  368  386  400  408  409  404  396  386  376  365  354  342  330
  316  301  286  270  263  247  239  229  227                                   
    42.5-180.0 180.0   5.0 450.0                            LAT/LON1/LON2/DLON/H
  231  214  200  182  163  141  120  101   86   77   72   70   71   72   75   79
   83   88   93   98  101  102  102  102  101   99   96   92   87   82   78   76
   76   79   83   90  100  112  127  146  167  190  211  233  253  272  291  309
  328  346  366  385  402  414  419  418  411  400  388  374  360  345  330  317
  303  290  276  261  254  238  233  226  231                                   
    40.0-180.0 180.0   5.0 450.0                            LAT/LON1/LON2/DLON/H
  223  209  202  190  177  159  141  123  107   95   87   84   82   82   83   85
   89   94  101  108  114  118  120  121  119  117  113  107  100   94   88   84
   83   84   88   95  105  119  136  156  177  198  218  238  259  280  302  323
  342  360  378  394  409  419  423  422  415  405  392  377  360  342  326  311
  297  284  270  253  243  224  219  215  223                                   
    37.5-180.0 180.0   5.0 450.0                            LAT/LON1/LON2/DLON/H
  208  191  188  180  174  163  151  137  123  111  103   98   95   94   93   94
   97  102  109  118  126  132  135  135  134  131  127  120  113  106   99   94
   90   89   91   97  108  124  144  165  186  205  224  243  263  286  309  331
  351  369  384  399  413  423  430  431  428  422  412  398  382  363  345  329
  314  299  282  261  244  215  206  202  208                                   
    35.0-180.0 180.0   5.0 450.0                            LAT/LON1/LON2/DLON/H
  194  167  162  155  154  149  144  137  128  119  113  110  108  106  105  105
  107  111  119  127  135  141  144  144  143  141  137  131  125  118  110  103
   96   92   92   97  110  128  150  173  195  213  230  247  267  290  314  337
  357  374  390  405  420  435  447  455  459  459  455  446  433  416  398  381
  363  344  323  293  268  224  207  198  194                                   
    32.5-180.0 180.0   5.0 450.0                            LAT/LON1/LON2/DLON/H
  188  147  135  124  125  124  125  124  121  118  116  116  116  116  116  116
  118  122  129  137  143  148  149  150  149  147  144  140  134  127  119  110
  101   94   92   98  111  132  156  181  203  221  237  252  271  293  317  341
  362  380  398  416  436  458  478  495  508  518  522  521  513  500  483  464
  443  419  392  353  320  260  233  216  188                                   
    30.0-180.0 180.0   5.0 450.0                            LAT/LON1/LON2/DLON/H
  201  143  117   99   99   97  100  103  106  108  111  115  118  121  124  126
  129  133  139  145  150  152  153  153  152  152  150  146  141  135  126  117
  106   97   94   99  113  135  162  188  210  228  243  258  276  298  322  346
  368  389  410  434  462  492  522  551  575  596  611  619  620  612  598  577
  551  520  485  436  396  323  283  259  201                                   
    27.5-180.0 180.0   5.0 450.0                            LAT/LON1/LON2/DLON/H
  237  161  121   92   85   80   81   85   89   95  102  109  115  121  127  131
  136  141  147  151  154  155  155  156  157  157  155  152  147  141  134  124
  113  103   98  103  117  139  166  193  216  235  251  266  284  305  329  354
  379  403  429  460  497  537  579  619  656  687  713  733  743  743  732  711
  681  643  599  540  491  407  353  328  237                                   
    25.0-180.0 180.0   5.0 450.0                            LAT/LON1/LON2/DLON/H
  297  206  150  110   92   81   76   77   80   86   93  101  109  117  125  132
  139  145  150  154  156  157  158  161  163  164  162  159  155  150  144  134
  122  111  105  108  120  142  168  195  220  240  258  276  295  316  341  367
  394  423  456  495  540  591  643  693  738  779  815  844  864  871  864  843
  811  770  720  655  598  505  441  421  297                                   
    22.5-180.0 180.0   5.0 450.0                            LAT/LON1/LON2/DLON/H
  378  276  206  156  126  107   92   86   84   87   91   97  104  112  120  128
  136  143  149  153  155  158  162  167  172  174  173  169  165  161  156  147
  134  121  112  112  122  142  167  194  221  245  267  288  309  332  357  385
  416  450  489  534  587  644  701  756  806  851  892  926  952  964  961  942
  911  873  824  760  700  608  545  531  378                                   
    20.0-180.0 180.0   5.0 450.0                            LAT/LON1/LON2/DLON/H
  471  363  282  226  183  155  130  117  107  103  102  103  106  111  117  124
  131  138  143  148  152  157  165  174  182  186  185  180  176  172  166  156
  141  126  116  113  121  138  162  190  219  248  275  301  327  352  379  409
  442  481  524  573  628  685  740  792  838  880  920  955  982  997  997  981
  955  924  886  834  775  699  650  641  471                                   
    17.5-180.0 180.0   5.0 450.0                            LAT/LON1/LON2/DLON/H
  563  458  373  314  257  221  186  165  148  137  129  123  120  119  120  124
  129  133  138  142  147  156  167  181  192  198  196  189  182  176  169  157
  142  127  115  111  117  132  156  184  216  250  283  315  346  374  403  435
  471  512  557  606  656  706  752  792  826  858  890  920  946  961  963  952
  933  913  892  857  810  755  731  726  563                                   
    15.0-180.0 180.0   5.0 450.0                            LAT/LON1/LON2/DLON/H
  637  548  468  408  340  296  253  224  201  184  170  157  147  139  135  134
  134  134  136  139  145  155  169  186  200  205  201  191  181  172  163  152
  138  124  112  108  112  126  149  179  214  252  291  328  364  396  427  459
  497  538  582  626  667  705  735  758  776  793  813  836  858  873  877  871
  860  851  846  829  801  768  765  765  637                                   
    12.5-180.0 180.0   5.0 450.0                            LAT/LON1/LON2/DLON/H
  682  621  555  499  426  374  325  290  261  240  221  204  188  174  163  155
  149  145  142  142  146  156  172  189  202  206  199  186  173  163  154  144
  133  121  110  106  109  123  145  176  213  254  297  340  378  413  445  479
  516  555  595  631  661  684  699  706  708  710  718  733  752  768  775  775
  772  771  776  773  762  748  755  758  682                                   
    10.0-180.0 180.0   5.0 450.0                            LAT/LON1/LON2/DLON/H
  699  667  620  573  505  449  396  356  324  300  279  259  239  221  205  191
  179  168  159  154  155  162  175  190  200  200  191  177  163  154  146  139
  130  120  111  106  109  122  144  175  214  257  303  347  387  423  456  489
  524  560  594  622  642  654  658  654  645  638  638  648  665  682  695  701
  705  708  717  719  718  713  720  724  699                                   
     7.5-180.0 180.0   5.0 450.0                            LAT/LON1/LON2/DLON/H
  695  686  654  617  563  510  457  415  383  358  337  317  296  276  257  239
  221  204  188  177  171  173  181  190  195  192  181  167  156  148  143  137
