data/edconvlstm_nd/pred2860.15i
     1.0            IONOSPHERE MAPS     GNSS                IONEX VERSION / TYPE
pyspatialgeodesy        IME             05-JAN-18 20:20     PGM / RUN BY / DATE 
Map Name                                                    COMMENT             
Predicted global ionosphere maps (GIM).                     DESCRIPTION         
  2015    10    13     0     0     0                        EPOCH OF FIRST MAP  
  2015    10    14     0     0     0                        EPOCH OF LAST MAP   
  7200                                                      INTERVAL            
    13                                                      # OF MAPS IN FILE   
  NONE                                                      MAPPING FUNCTION    
10.0                                                        ELEVATION CUTOFF    
One-way carrier phase leveled to code                       OBSERVABLES USED    
  6371.0                                                    BASE RADIUS         
 2                                                          MAP DIMENSION       
   450.0 450.0   0.0                                        HGT1 / HGT2 / DHGT  
    87.5 -87.5  -2.5                                        LAT1 / LAT2 / DLAT  
  -180.0 180.0   5.0                                        LON1 / LON2 / DLON  
    -1                                                      EXPONENT            
                                                            END OF HEADER       
[from data line 1716]
     5                                                      START OF TEC MAP    
  2015    10    13     8     0     0                        EPOCH OF CURRENT MAP
    87.5-180.0 180.0   5.0 450.0                            LAT/LON1/LON2/DLON/H
   40   49   47   50   51   51   51   47   48   50   50   51   51   52   52   52
   52   53   53   53   53   53   53   53   53   52   52   52   52   51   51   51
   50   50   50   49   49   49   48   48   48   48   48   47   47   47   47   47
   47   46   46   46   45   45   45   44   44   43   42   42   41   41   40   40
   41   41   39   39   46   53   65   62   40                                   
    85.0-180.0 180.0   5.0 450.0                            LAT/LON1/LON2/DLON/H
   33   56   59   53   56   59   59   59   59   61   61   62   62   62   63   63
   63   63   63   63   63   63   64   64   64   64   64   64   64   64   64   63
   63   63   63   63   63   63   63   63   63   63   63   63   63   63   63   62
   62   62   61   60   60   59   58   57   57   56   55   54   53   52   51   51
   51   51   47   48   52   56   67   63   33                                   
    82.5-180.0 180.0   5.0 450.0                            LAT/LON1/LON2/DLON/H
   34   44   58   53   54   56   57   58   59   60   60   61   61   61   61   60
   60   60   60   60   60   60   60   60   60   61   61   61   62   62   62   62
   62   63   63   63   64   64   65   66   66   67   67   68   68   69   69   69
   68   68   68   67   66   65   64   63   61   60   58   57   55   53   51   50
   49   48   45   44   53   52   53   51   34                                   
    80.0-180.0 180.0   5.0 450.0                            LAT/LON1/LON2/DLON/H
   39   41   54   50   55   54   56   57   58   59   59   60   59   58   57   56
   55   55   55   54   54   55   55   55   56   57   57   58   59   60   61   61
   62   63   63   64   66   67   68   70   72   73   74   75   76   77   78   78
   78   78   77   77   76   75   74   72   70   68   65   63   60   57   54   51
   49   46   45   43   48   48   50   48   39                                   
    77.5-180.0 180.0   5.0 450.0                            LAT/LON1/LON2/DLON/H
   44   42   47   44   47   49   52   54   56   56   55   55   54   53   52   50
   49   48   48   47   47   47   48   48   49   50   52   53   54   55   56   57
   58   58   60   61   62   64   67   69   72   74   77   79   80   82   83   84
   84   85   85   85   85   84   83   82   80   77   74   70   66   62   58   53
   49   45   41   40   39   32   35   38   44                                   
    75.0-180.0 180.0   5.0 450.0                            LAT/LON1/LON2/DLON/H
   34   35   38   39   42   46   49   50   51   52   50   50   48   47   45   43
   42   41   40   40   40   41   41   42   43   45   46   48   49   51   52   53
   54   55   56   57   59   62   65   68   72   75   79   82   84   86   87   88
   89   90   91   91   92   92   91   90   88   86   83   79   75   70   64   59
   53   48   43   36   36   27   28   29   34                                   
    72.5-180.0 180.0   5.0 450.0                            LAT/LON1/LON2/DLON/H
   34   32   34   34   39   45   48   49   50   50   48   48   45   43   41   40
   38   38   37   37   37   37   37   38   39   40   42   44   46   48   49   51
   51   52   53   55   57   61   65   69   74   79   83   87   89   91   93   94
   95   96   97   99  100  100  100  100   98   96   93   90   85   80   75   69
   62   56   51   43   39   28   27   30   34                                   
    70.0-180.0 180.0   5.0 450.0                            LAT/LON1/LON2/DLON/H
   35   30   34   35   38   42   45   47   48   48   46   45   42   40   39   37
   36   36   35   35   35   35   36   36   37   38   40   42   44   47   48   50
   50   51   52   54   56   60   65   71   77   83   88   92   94   96   97   97
   98  100  101  103  105  106  107  106  105  103  100   97   93   88   83   78
   71   64   59   50   43   32   33   35   35                                   
    67.5-180.0 180.0   5.0 450.0                            LAT/LON1/LON2/DLON/H
   33   28   32   33   36   40   43   44   45   45   43   42   40   38   37   36
   36   36   36   36   35   35   34   34   34   35   37   39   42   44   46   48
   48   49   49   51   54   58   64   70   77   84   89   93   95   96   96   97
   98   99  101  104  106  108  108  108  107  105  102   99   96   92   87   83
   77   70   66   55   48   36   34   36   33                                   
    65.0-180.0 180.0   5.0 450.0                            LAT/LON1/LON2/DLON/H
   34   29   32   32   34   38   40   42   43   43   41   41   39   38   37   37
   37   38   38   38   38   36   35   34   34   34   36   38   40   43   45   47
   48   48   49   50   53   58   65   72   80   87   93   97   99   99   98   98
   99  101  104  107  110  112  112  112  110  108  105  102   99   96   92   89
   84   78   73   63   55   44   41   43   34                                   
    62.5-180.0 180.0   5.0 450.0                            LAT/LON1/LON2/DLON/H
   37   32   33   33   34   36   38   40   40   41   40   40   39   39   39   39
   40   41   41   41   40   38   36   34   33   33   34   36   38   41   44   46
   48   49   50   51   55   60   67   75   84   91   97  101  102  102  101  101
  102  105  109  113  116  118  118  117  114  111  108  105  101   98   95   92
   88   83   79   69   62   51   47   49   37                                   
    60.0-180.0 180.0   5.0 450.0                            LAT/LON1/LON2/DLON/H
   42   36   36   34   33   34   35   36   37   38   37   38   38   38   38   39
   40   41   41   41   39   37   34   32   30   30   30   32   34   37   40   43
   45   47   49   52   56   61   68   77   86   94   99  103  103  103  103  104
  106  110  115  120  123  125  124  122  119  115  111  107  104  100   96   93
   89   84   81   73   66   56   52   52   42                                   
    57.5-180.0 180.0   5.0 450.0                            LAT/LON1/LON2/DLON/H
   48   41   40   36   34   34   34   34   35   36   36   37   37   38   38   39
   40   40   40   40   38   35   33   30   28   27   27   28   31   34   37   41
   44   48   51   54   59   65   72   81   89   97  103  106  108  108  109  112
  116  121  127  132  136  137  136  132  128  124  119  115  111  106  102   97
   92   87   85   77   71   61   57   56   48                                   
    55.0-180.0 180.0   5.0 450.0                            LAT/LON1/LON2/DLON/H
   55   47   45   40   37   35   34   33   34   34   35   36   37   37   37   38
   38   38   38   37   35   33   30   28   26   25   25   26   28   30   34   39
   44   49   54   59   64   70   77   85   94  101  107  111  113  115  118  123
  129  135  142  147  150  150  148  144  140  135  130  126  121  116  110  103
   97   90   88   80   75   66   61   60   55                                   
    52.5-180.0 180.0   5.0 450.0                            LAT/LON1/LON2/DLON/H
   63   55   52   46   42   39   37   35   35   35   35   36   36   36   36   36
   36   36   35   34   33   31   29   28   26   26   25   25   27   29   33   39
   46   53   60   66   71   77   84   91   99  107  113  118  122  125  130  136
  144  151  158  163  165  164  161  156  152  147  143  139  134  128  120  112
  104   96   92   84   79   70   66   63   63                                   
    50.0-180.0 180.0   5.0 450.0                            LAT/LON1/LON2/DLON/H
   70   63   59   53   48   45   42   39   38   37   36   37   37   36   36   36
   35   34   33   32   31   30   30   29   29   29   28   28   28   30   34   41
   49   59   67   75   81   86   92   99  107  115  122  127  132  138  144  152
  159  167  172  176  176  174  170  165  161  157  153  150  146  140  132  123
  112  103   98   89   84   74   70   68   70                                   
    47.5-180.0 180.0   5.0 450.0                            LAT/LON1/LON2/DLON/H
   75   69   65   61   55   53   50   46   43   41   39   39   38   38   37   36
   35   34   33   32   32   32   33   34   35   35   34   33   33   34   38   46
   55   66   77   85   92   98  103  110  117  125  133  139  146  152  159  166
  174  179  183  185  184  180  176  171  166  162  159  158  155  150  142  132
  122  111  104   94   88   79   75   74   75                                   
    45.0-180.0 180.0   5.0 450.0                            LAT/LON1/LON2/DLON/H
   79   73   69   67   62   62   58   53   50   46   43   42   41   40   40   39
   38   36   36   35   36   38   40   42   43   44   42   40   39   40   44   52
   63   75   87   97  105  111  116  123  130  139  147  154  161  167  174  180
  185  189  190  190  188  184  179  173  168  164  161  160  158  154  148  140
  130  119  111  100   93   84   80   79   79                                   
    42.5-180.0 180.0   5.0 450.0                            LAT/LON1/LON2/DLON/H
   79   74   71   71   67   68   65   61   57   52   48   46   44   44   44   44
   43   42   41   42   44   47   50   52   54   53   51   48   46   47   51   59
   71   84   97  108  117  123  130  137  146  155  163  171  177  183  188  192
  195  197  196  195  192  189  184  177  171  165  161  159  158  156  151  145
  137  127  118  107   98   88   84   84   79                                   
    40.0-180.0 180.0   5.0 450.0                            LAT/LON1/LON2/DLON/H
   78   72   70   71   69   72   71   68   63   58   53   51   50   51   52   52
   51   50   50   52   54   58   61   63   63   61   58   54   52   53   57   66
   77   91  105  117  127  136  144  153  163  173  182  189  194  199  202  205
  206  206  205  204  203  201  197  190  181  173  166  161  158  156  153  148
  142  133  125  113  103   92   87   87   78                                   
    37.5-180.0 180.0   5.0 450.0                            LAT/LON1/LON2/DLON/H
   75   69   66   68   67   71   72   71   68   63   59   57   57   58   61   62
   62   61   61   63   67   70   73   73   71   67   62   58   56   58   63   71
   83   97  111  124  136  147  157  168  180  191  201  208  213  216  218  220
  220  220  221  223  225  226  224  217  206  193  181  171  165  160  156  152
  147  139  131  119  108   95   89   88   75                                   
    35.0-180.0 180.0   5.0 450.0                            LAT/LON1/LON2/DLON/H
   74   65   62   62   62   66   70   71   70   67   63   62   63   67   70   72
   73   72   73   75   78   81   82   80   75   69   63   59   58   60   66   75
   87  101  116  130  144  157  170  184  197  210  220  227  232  235  237  239
  241  244  248  255  262  268  268  261  248  230  212  195  182  173  165  160
  154  146  138  126  114   98   91   89   74                                   
    32.5-180.0 180.0   5.0 450.0                            LAT/LON1/LON2/DLON/H
   75   64   59   57   56   60   65   68   69   67   66   67   69   74   79   82
   82   82   82   84   87   89   88   84   77   69   62   58   58   62   69   79
   91  105  119  135  151  166  182  198  214  228  238  246  252  256  260  264
  270  277  287  300  314  324  327  321  306  284  259  235  214  197  184  174
  165  155  146  133  122  104   97   92   75                                   
    30.0-180.0 180.0   5.0 450.0                            LAT/LON1/LON2/DLON/H
   81   67   59   54   53   55   60   64   66   66   66   69   73   79   85   88
   89   89   89   91   93   94   91   85   77   68   60   56   57   62   71   82
   94  108  124  140  158  176  194  212  229  244  257  266  274  280  287  295
  305  318  335  354  373  388  395  390  374  349  319  288  260  234  212  196
  181  167  157  143  132  112  107  100   81                                   
    27.5-180.0 180.0   5.0 450.0                            LAT/LON1/LON2/DLON/H
   92   76   65   56   53   54   58   61   63   64   66   70   75   82   88   92
   93   92   93   94   96   96   93   86   76   66   59   55   57   63   73   85
   98  113  129  147  166  185  205  225  244  260  275  287  297  307  318  330
  345  363  385  410  434  453  462  459  443  417  384  349  313  279  249  223
  201  183  170  154  144  125  121  112   92                                   
    25.0-180.0 180.0   5.0 450.0                            LAT/LON1/LON2/DLON/H
  109   92   78   65   60   59   59   61   62   64   65   69   75   82   87   91
   92   93   93   95   96   96   92   86   76   67   59   55   57   65   76   90
  104  120  136  155  174  195  216  237  257  275  292  307  321  335  350  366
  385  407  433  461  487  508  519  518  503  478  445  408  368  327  288  254
  224  201  184  167  160  142  140  129  109                                   
    22.5-180.0 180.0   5.0 450.0                            LAT/LON1/LON2/DLON/H
  131  114  100   82   75   70   68   66   66   66   67   69   74   80   85   88
   90   91   92   93   94   94   91   85   77   68   61   57   60   68   80   96
  112  128  145  164  184  205  226  248  269  289  308  327  345  363  381  400
  421  444  471  500  527  547  558  556  544  522  492  457  416  371  326  284
  248  220  200  182  176  161  161  151  131                                   
    20.0-180.0 180.0   5.0 450.0                            LAT/LON1/LON2/DLON/H
  158  143  128  108   98   89   83   78   75   73   71   72   74   78   82   84
   86   88   89   91   92   91   89   85   78   71   64   61   64   72   86  103
  120  138  155  174  193  214  235  257  279  301  323  345  367  388  408  428
  449  472  497  522  545  562  569  567  556  539  515  486  449  404  357  311
  269  238  215  198  194  182  183  174  158                                   
    17.5-180.0 180.0   5.0 450.0                            LAT/LON1/LON2/DLON/H
  185  173  161  139  127  114  104   95   89   84   81   78   78   78   80   82
   84   86   87   89   89   88   86   84   79   74   69   67   69   78   92  110
  128  147  164  182  201  220  242  264  287  311  336  361  385  408  429  449
  468  487  506  524  539  548  551  547  538  527  512  491  462  423  378  331
  288  256  232  216  213  205  205  198  185                                   
    15.0-180.0 180.0   5.0 450.0                            LAT/LON1/LON2/DLON/H
  211  202  194  173  159  143  130  118  108  100   94   89   85   82   82   82
   84   86   87   87   87   86   85   84   82   79   76   74   76   84   98  116
  135  153  171  188  205  224  245  268  293  319  345  372  398  421  442  460
  475  488  498  507  512  512  509  503  498  493  487  477  459  429  389  346
  305  274  251  236  233  227  227  220  211                                   
    12.5-180.0 180.0   5.0 450.0                            LAT/LON1/LON2/DLON/H
  234  229  224  204  191  173  157  143  131  121  112  104   97   91   88   87
   87   88   88   88   87   86   85   86   87   86   83   81   82   89  102  120
  138  157  174  190  206  225  246  269  296  323  351  378  404  427  446  461
  471  478  480  479  474  467  460  453  450  452  455  455  446  426  395  358
  321  292  271  258  255  250  249  241  234                                   
    10.0-180.0 180.0   5.0 450.0                            LAT/LON1/LON2/DLON/H
  255  253  251  231  219  200  183  167  154  143  133  124  114  105   98   95
   93   93   92   90   89   89   90   92   93   93   90   87   87   93  105  121
  139  157  173  189  204  222  243  268  295  323  351  379  404  425  443  455
  463  465  461  453  442  430  419  413  412  418  427  434  434  422  398  367
  336  311  292  281  278  273  270  260  255                                   
     7.5-180.0 180.0   5.0 450.0                            LAT/LON1/LON2/DLON/H
  275  274  272  252  241  221  204  189  176  166  156  146  134  123  113  107
  102   99   97   94   94   94   96   98  100   99   96   92   91   95  105  120
