data/unet/pred1770.15i
     1.0            IONOSPHERE MAPS     GNSS                IONEX VERSION / TYPE
pyspatialgeodesy        IME             05-JAN-18 20:20     PGM / RUN BY / DATE 
Map Name                                                    COMMENT             
Predicted global ionosphere maps (GIM).                     DESCRIPTION         
  2015     6    26     0     0     0                        EPOCH OF FIRST MAP  
  2015     6    27     0     0     0                        EPOCH OF LAST MAP   
  7200                                                      INTERVAL            
    13                                                      # OF MAPS IN FILE   
  NONE                                                      MAPPING FUNCTION    
10.0                                                        ELEVATION CUTOFF    
One-way carrier phase leveled to code                       OBSERVABLES USED    
  6371.0                                                    BASE RADIUS         
 2                                                          MAP DIMENSION       
   450.0 450.0   0.0                                        HGT1 / HGT2 / DHGT  
    87.5 -87.5  -2.5                                        LAT1 / LAT2 / DLAT  
  -180.0 180.0   5.0                                        LON1 / LON2 / DLON  
    -1                                                      EXPONENT            
                                                            END OF HEADER       
[from data line 429]
     2                                                      START OF TEC MAP    
  2015     6    26     2     0     0                        EPOCH OF CURRENT MAP
    87.5-180.0 180.0   5.0 450.0                            LAT/LON1/LON2/DLON/H
  128  127  121  113  118  113  117  114  119  115  119  114  119  114  118  113
  118  113  117  112  117  111  115  110  115  109  113  107  112  106  110  103
  108  102  105   99  103   97  101   95  100   94  100   95  102   97  103   99
  106  103  109  106  112  109  113  110  115  111  115  111  116  112  116  112
  117  114  120  118  125  118  121  133  128                                   
    85.0-180.0 180.0   5.0 450.0                            LAT/LON1/LON2/DLON/H
  129  141  125  125  126  123  126  124  126  125  126  124  126  124  125  123
  124  123  124  122  123  121  122  120  121  118  118  115  116  113  113  110
  111  108  108  105  106  103  104  101  103  101  103  102  105  104  107  107
  110  110  112  113  115  115  117  117  118  119  120  119  120  120  122  121
  122  122  127  127  129  126  126  129  129                                   
    82.5-180.0 180.0   5.0 450.0                            LAT/LON1/LON2/DLON/H
  133  139  131  137  132  134  133  137  135  136  135  136  135  135  132  133
  131  132  129  130  128  128  125  125  123  122  119  119  117  116  113  112
  110  110  107  107  105  105  102  104  102  104  102  106  106  110  108  114
  113  117  116  121  120  123  121  125  123  126  123  127  124  127  125  129
  126  131  132  136  135  132  136  132  133                                   
    80.0-180.0 180.0   5.0 450.0                            LAT/LON1/LON2/DLON/H
  137  140  139  139  142  138  143  142  146  143  146  144  147  142  144  141
  143  139  140  137  138  134  135  131  132  127  127  122  124  118  118  114
  116  111  112  108  110  106  108  105  107  105  107  107  111  112  115  117
  122  122  126  126  131  129  131  130  133  131  133  132  134  133  134  134
  136  137  141  141  141  135  137  128  137                                   
    77.5-180.0 180.0   5.0 450.0                            LAT/LON1/LON2/DLON/H
  142  147  142  149  145  149  150  153  153  154  155  155  154  153  152  151
  149  148  145  145  142  141  138  137  134  132  129  128  124  124  121  122
  119  120  117  119  116  116  114  115  113  114  114  118  119  123  125  130
  132  136  138  142  142  143  142  143  142  141  140  140  140  141  141  142
  142  144  147  148  144  143  141  132  142                                   
    75.0-180.0 180.0   5.0 450.0                            LAT/LON1/LON2/DLON/H
  139  144  143  145  148  147  152  153  157  156  160  158  160  157  157  153
  152  148  146  143  141  137  136  132  130  126  125  121  121  117  119  117
  118  117  119  117  118  117  116  115  115  115  116  119  122  125  130  134
  139  141  146  146  148  145  145  142  141  138  138  136  135  136  137  137
  138  141  145  145  142  140  145  132  139                                   
    72.5-180.0 180.0   5.0 450.0                            LAT/LON1/LON2/DLON/H
  140  144  142  146  145  147  150  154  155  158  159  159  158  156  154  151
  147  144  140  137  133  130  127  123  120  116  113  110  109  108  109  111
  112  115  116  118  118  118  118  117  117  117  119  121  125  129  135  139
  144  146  149  149  149  146  145  141  139  135  135  131  132  131  133  133
  135  138  144  142  141  141  142  130  140                                   
    70.0-180.0 180.0   5.0 450.0                            LAT/LON1/LON2/DLON/H
  135  140  137  139  142  143  148  152  156  158  162  162  162  159  157  152
  149  143  139  134  130  126  122  117  113  109  106  104  103  103  105  108
  110  114  116  119  119  120  118  118  117  118  118  122  126  131  136  142
  146  148  151  151  150  147  144  140  136  133  130  128  126  126  126  128
  128  133  136  139  136  137  141  129  135                                   
    67.5-180.0 180.0   5.0 450.0                            LAT/LON1/LON2/DLON/H
  134  138  132  136  136  138  143  149  152  157  160  161  160  157  154  149
  144  139  134  130  125  120  116  110  105  100   97   94   94   95   98  101
  106  109  113  115  117  117  117  116  117  116  119  122  127  131  137  141
  145  146  149  147  147  142  141  135  133  127  127  122  122  119  122  121
  124  127  135  135  136  136  137  125  134                                   
    65.0-180.0 180.0   5.0 450.0                            LAT/LON1/LON2/DLON/H
  131  136  128  129  131  133  138  145  149  154  158  160  160  157  154  150
  145  139  134  130  124  120  114  108  102   97   93   91   91   93   94   99
  100  107  108  112  112  115  113  114  113  116  117  122  125  132  135  140
  142  145  146  146  144  141  138  134  130  128  125  123  120  119  118  119
  119  124  129  133  131  133  138  128  131                                   
    62.5-180.0 180.0   5.0 450.0                            LAT/LON1/LON2/DLON/H
  135  135  126  128  128  129  134  140  145  150  155  157  156  155  152  147
  142  137  133  128  124  118  113  106  100   93   90   87   89   89   93   94
   97   99  102  103  106  107  108  108  111  112  117  121  126  130  134  137
  141  141  142  140  139  135  134  129  129  125  126  122  122  118  118  116
  118  120  128  129  131  133  137  126  135                                   
    60.0-180.0 180.0   5.0 450.0                            LAT/LON1/LON2/DLON/H
  136  138  128  127  127  127  128  134  137  143  147  151  152  152  149  147
  142  139  134  132  127  123  118  111  104   98   93   92   90   92   90   92
   90   94   92   98   97  103  100  106  104  113  114  122  125  132  133  137
  138  139  138  138  135  134  131  131  129  130  129  130  127  125  121  120
  118  122  126  131  130  135  140  133  136                                   
    57.5-180.0 180.0   5.0 450.0                            LAT/LON1/LON2/DLON/H
  143  142  133  134  131  129  130  130  133  136  142  144  147  148  147  145
  142  137  135  132  129  125  122  115  110  104  100   97   96   94   93   91
   89   88   88   89   92   95   97  100  105  109  117  122  129  132  136  138
  141  140  141  138  138  134  136  133  135  134  136  135  134  130  127  123
  122  122  130  132  135  139  143  134  143                                   
    55.0-180.0 180.0   5.0 450.0                            LAT/LON1/LON2/DLON/H
  147  151  142  139  138  132  129  128  126  129  132  137  139  143  142  143
  139  139  135  136  133  132  129  123  118  113  108  105  101  100   94   91
   84   83   79   84   83   90   89   98   99  109  114  124  128  135  136  139
  140  142  141  142  139  140  139  140  140  143  144  146  143  141  135  131
  126  128  132  136  136  144  151  146  147                                   
    52.5-180.0 180.0   5.0 450.0                            LAT/LON1/LON2/DLON/H
  155  158  151  154  150  143  139  133  130  127  131  132  137  139  142  141
  139  137  136  134  134  133  130  126  123  119  115  114  110  106  100   93
   86   80   78   78   81   84   87   91   98  104  115  121  130  134  138  141
  145  146  150  149  150  148  149  146  148  148  151  150  148  145  141  134
  130  128  135  136  140  149  156  152  155                                   
    50.0-180.0 180.0   5.0 450.0                            LAT/LON1/LON2/DLON/H
  161  168  161  160  160  150  145  137  131  128  128  130  133  137  138  139
  136  137  134  136  134  135  133  131  129  125  122  120  116  113  104   97
   87   84   77   80   79   85   85   93   97  107  114  124  131  138  141  146
  150  155  156  159  157  157  155  154  153  155  156  158  156  154  149  144
  137  136  139  143  144  155  164  162  161                                   
    47.5-180.0 180.0   5.0 450.0                            LAT/LON1/LON2/DLON/H
  167  174  171  177  173  166  161  152  143  136  135  135  137  140  143  141
  140  136  136  134  135  133  133  130  129  127  126  126  123  120  112  103
   95   89   84   83   84   86   88   91   98  104  114  122  132  139  145  151
  160  165  170  171  172  169  169  163  162  159  161  159  159  156  153  147
  143  140  145  146  152  161  169  167  167                                   
    45.0-180.0 180.0   5.0 450.0                            LAT/LON1/LON2/DLON/H
  176  184  182  184  184  175  172  160  152  142  140  137  139  142  143  142
  138  137  134  135  132  134  131  131  130  129  130  130  128  127  117  111
  101   99   93   94   91   93   91   97  100  108  114  123  131  141  148  159
  168  176  181  183  181  180  177  173  168  166  164  164  162  161  158  154
  149  149  153  157  159  169  179  177  176                                   
    42.5-180.0 180.0   5.0 450.0                            LAT/LON1/LON2/DLON/H
  184  192  192  198  195  189  183  175  166  158  152  149  149  150  151  148
  145  140  139  135  134  131  130  129  129  130  132  133  134  132  126  118
  112  107  104  103  102  101  100  101  103  107  113  118  128  137  148  160
  174  182  189  191  193  190  190  182  179  171  170  165  167  163  162  158
  157  157  163  165  168  178  185  183  184                                   
    40.0-180.0 180.0   5.0 450.0                            LAT/LON1/LON2/DLON/H
  195  203  202  203  202  193  190  181  175  164  161  154  155  153  154  151
  148  144  140  138  133  133  129  130  130  132  134  137  137  137  130  127
  123  119  118  116  115  112  111  111  110  114  117  122  129  139  151  167
  181  193  199  203  203  203  200  194  188  182  177  174  173  172  170  169
  166  169  175  179  179  187  196  192  195                                   
    37.5-180.0 180.0   5.0 450.0                            LAT/LON1/LON2/DLON/H
  211  213  214  215  209  203  198  193  186  180  175  170  169  167  166  162
  159  152  148  142  138  134  131  131  133  137  143  145  147  145  141  138
  133  132  127  127  124  122  121  120  119  120  122  123  131  139  153  167
  185  194  204  206  212  211  216  207  204  193  190  183  185  180  181  178
  177  180  189  190  192  200  204  200  211                                   
    35.0-180.0 180.0   5.0 450.0                            LAT/LON1/LON2/DLON/H
  231  228  228  223  218  208  205  199  195  187  184  176  177  172  174  169
  166  159  153  147  140  137  133  136  139  145  150  153  153  153  150  147
  145  141  140  135  135  131  133  130  129  126  125  125  130  138  152  170
  185  198  206  213  218  224  229  226  220  213  204  198  197  196  194  193
  190  195  201  204  205  213  220  215  231                                   
    32.5-180.0 180.0   5.0 450.0                            LAT/LON1/LON2/DLON/H
  251  247  244  237  230  220  215  212  207  202  196  192  191  189  187  184
  180  172  164  155  146  143  139  144  150  158  165  167  168  165  162  158
  152  149  142  141  138  138  139  138  137  133  130  128  131  137  151  166
  183  193  205  211  222  229  239  237  237  228  222  214  215  210  209  205
  203  205  213  215  220  228  234  230  251                                   
    30.0-180.0 180.0   5.0 450.0                            LAT/LON1/LON2/DLON/H
  276  265  266  258  251  236  231  224  221  213  208  201  201  195  197  191
  189  180  170  161  153  149  147  153  160  170  177  179  177  173  167  161
  154  145  143  136  140  138  143  140  142  135  132  127  128  133  146  163
  177  190  198  208  217  230  243  249  251  245  238  231  229  226  222  220
  216  219  225  230  235  244  253  251  276                                   
    27.5-180.0 180.0   5.0 450.0                            LAT/LON1/LON2/DLON/H
  298  294  291  287  277  265  258  252  244  236  228  222  218  215  213  210
  204  195  184  172  162  159  159  167  176  186  193  192  189  179  171  160
  148  139  131  130  131  133  138  137  138  133  129  125  126  129  141  153
  168  178  191  198  213  225  244  250  260  254  251  243  246  240  239  233
  230  231  239  244  256  263  270  271  298                                   
    25.0-180.0 180.0   5.0 450.0                            LAT/LON1/LON2/DLON/H
  321  316  322  317  313  298  294  282  274  259  251  237  234  225  225  218
  213  203  193  181  172  169  171  177  188  198  201  201  193  183  169  156
  141  129  124  121  127  130  134  132  133  125  123  115  117  116  126  139
  152  165  175  189  204  222  238  250  260  259  257  252  253  250  248  245
  241  244  248  257  269  281  289  295  321                                   
    22.5-180.0 180.0   5.0 450.0                            LAT/LON1/LON2/DLON/H
  331  335  342  344  343  335  331  321  307  294  279  269  258  251  242  235
  227  218  205  195  185  184  185  194  202  206  208  203  195  182  166  148
  133  119  113  113  117  119  121  118  117  110  104  100  101  102  110  120
  133  146  162  175  200  215  235  243  260  256  257  254  258  255  259  253
  252  252  259  267  283  293  303  312  331                                   
    20.0-180.0 180.0   5.0 450.0                            LAT/LON1/LON2/DLON/H
  337  340  355  360  370  367  371  361  350  328  315  296  286  269  262  248
  240  226  215  205  199  197  201  205  208  210  206  203  192  180  160  142
  123  111  105  106  109  111  111  107  105   98   95   90   92   92   99  110
  123  142  158  181  202  222  234  243  253  254  255  255  261  262  266  265
  263  263  268  276  289  303  313  326  337                                   
    17.5-180.0 180.0   5.0 450.0                            LAT/LON1/LON2/DLON/H
  331  342  359  368  382  389  396  392  381  366  348  333  315  301  282  268
  256  241  230  220  214  215  218  217  216  209  203  195  187  174  157  136
  119  106  100   98   99   98   95   89   85   81   77   76   78   79   87   97
  114  134  159  179  208  220  235  240  255  257  260  267  272  276  281  279
  278  277  283  288  301  310  321  337  331                                   
    15.0-180.0 180.0   5.0 450.0                            LAT/LON1/LON2/DLON/H
  330  340  359  367  386  400  411  414  407  397  384  363  350  325  307  283
  269  251  243  231  229  227  228  222  215  204  194  185  177  163  146  129
  112  101   93   91   89   86   83   76   75   72   73   73   73   77   82   96
  111  139  162  191  212  229  234  243  255  259  266  272  283  286  294  294
  294  295  300  303  312  324  332  349  330                                   
    12.5-180.0 180.0   5.0 450.0                            LAT/LON1/LON2/DLON/H
  332  342  358  368  384  401  413  420  416  408  397  382  367  346  322  302
  282  266  253  244  238  237  235  225  212  195  183  171  165  153  143  127
  113  101   93   87   82   77   71   67   65   66   68   68   70   71   79   89
  112  137  170  193  217  226  234  243  255  265  271  287  295  306  313  316
  318  320  325  326  332  339  347  365  332                                   
    10.0-180.0 180.0   5.0 450.0                            LAT/LON1/LON2/DLON/H
  343  347  365  370  386  400  412  419  418  415  407  392  379  356  334  313
  295  277  262  252  243  238  231  218  202  184  167  155  150  143  137  124
  111  100   87   78   71   66   63   58   60   62   67   66   70   70   76   89
  110  141  171  200  219  232  240  248  266  279  292  302  318  322  332  336
  340  346  350  351  357  359  368  383  343                                   
     7.5-180.0 180.0   5.0 450.0                            LAT/LON1/LON2/DLON/H
  358  364  377  383  393  402  409  413  413  408  402  392  375  356  331  314
  293  280  262  253  240  231  221  206  189  167  151  141  140  138  135  124
