data/unet/pred0630.15i
     1.0            IONOSPHERE MAPS     GNSS                IONEX VERSION / TYPE
pyspatialgeodesy        IME             05-JAN-18 20:20     PGM / RUN BY / DATE 
Map Name                                                    COMMENT             
Predicted global ionosphere maps (GIM).                     DESCRIPTION         
  2015     3     4     0     0     0                        EPOCH OF FIRST MAP  
  2015     3     5     0     0     0                        EPOCH OF LAST MAP   
  7200                                                      INTERVAL            
    13                                                      # OF MAPS IN FILE   
  NONE                                                      MAPPING FUNCTION    
10.0                                                        ELEVATION CUTOFF    
One-way carrier phase leveled to code                       OBSERVABLES USED    
  6371.0                                                    BASE RADIUS         
 2                                                          MAP DIMENSION       
   450.0 450.0   0.0                                        HGT1 / HGT2 / DHGT  
    87.5 -87.5  -2.5                                        LAT1 / LAT2 / DLAT  
  -180.0 180.0   5.0                                        LON1 / LON2 / DLON  
    -1                                                      EXPONENT            
                                                            END OF HEADER       
[from data line 1716]
     5                                                      START OF TEC MAP    
  2015     3     4     8     0     0                        EPOCH OF CURRENT MAP
    87.5-180.0 180.0   5.0 450.0                            LAT/LON1/LON2/DLON/H
   80   97  108  105  109  107  114  114  121  120  125  124  128  126  129  128
  129  129  129  128  128  126  126  123  123  120  120  116  117  114  114  110
  111  107  109  104  107  103  107  103  108  104  108  106  108  106  106  105
  105  103  101  100   99   97   95   95   93   92   90   90   89   89   86   86
   85   85   84   85   85   83   86   79   80                                   
    85.0-180.0 180.0   5.0 450.0                            LAT/LON1/LON2/DLON/H
   81  106  106  113  112  114  117  122  124  128  128  130  130  130  130  129
  129  129  129  128  126  127  125  125  122  122  121  119  117  116  116  114
  115  114  114  114  115  114  115  114  116  115  118  117  119  118  117  118
  118  118  115  116  113  113  108  109  105  104   98   98   94   93   87   87
   84   84   81   82   82   80   87   79   81                                   
    82.5-180.0 180.0   5.0 450.0                            LAT/LON1/LON2/DLON/H
   75   93   97  101  102  107  112  117  119  123  123  125  124  124  122  121
  119  117  116  112  112  109  109  106  107  104  105  101  103  100  102  101
  104  103  106  107  110  111  115  115  119  118  124  122  129  127  133  130
  135  133  135  132  135  130  130  124  123  115  112  105  102   95   91   85
   83   77   76   71   71   69   73   73   75                                   
    80.0-180.0 180.0   5.0 450.0                            LAT/LON1/LON2/DLON/H
   77   87   87   89   94   98  105  108  113  114  118  118  121  119  120  116
  115  110  108  102  100   95   94   89   89   86   86   84   85   85   88   88
   92   92   97   99  105  108  114  115  124  123  134  133  145  143  152  151
  157  155  158  157  160  156  154  150  147  139  133  126  119  112  104   97
   91   83   77   71   68   60   65   72   77                                   
    77.5-180.0 180.0   5.0 450.0                            LAT/LON1/LON2/DLON/H
   72   83   82   83   90   97  104  109  112  116  117  121  120  120  119  115
  112  106  102   96   91   86   83   79   77   75   75   75   77   79   81   85
   88   92   96  100  106  109  116  119  129  133  144  150  163  167  177  179
  187  188  195  194  197  193  192  185  182  172  166  156  148  136  127  116
  108   96   90   79   75   66   70   71   72                                   
    75.0-180.0 180.0   5.0 450.0                            LAT/LON1/LON2/DLON/H
   82   85   80   83   86   97  102  108  111  115  117  118  118  116  113  108
  104   97   92   84   79   73   69   64   63   61   63   63   67   69   75   78
   85   87   95   95  106  106  118  122  137  144  159  170  183  192  200  209
  216  224  228  232  231  230  226  222  216  209  199  191  179  170  157  147
  133  121  108   96   88   74   77   81   82                                   
    72.5-180.0 180.0   5.0 450.0                            LAT/LON1/LON2/DLON/H
   91   88   82   82   90   96  104  109  113  116  116  117  114  112  106  101
   94   90   82   79   70   68   61   61   58   59   60   63   67   71   76   83
   90   96  101  106  113  117  126  135  148  159  174  187  202  214  227  237
  251  255  263  261  265  259  259  251  250  241  236  224  216  202  192  178
  166  149  137  119  109   93   97   91   91                                   
    70.0-180.0 180.0   5.0 450.0                            LAT/LON1/LON2/DLON/H
   98   87   81   82   85   93   99  107  108  112  111  112  110  107  102   96
   91   86   81   75   71   66   64   61   61   60   64   64   70   74   80   88
   96   99  106  109  119  122  135  141  161  170  190  202  219  229  245  259
  270  279  284  286  288  286  282  278  271  266  255  249  237  229  216  206
  193  178  161  144  131  109  109  101   98                                   
    67.5-180.0 180.0   5.0 450.0                            LAT/LON1/LON2/DLON/H
  102   92   84   82   84   88   98  101  107  108  109  107  104  102   96   93
   87   85   79   78   73   72   68   69   65   67   68   71   73   78   83   89
   98  101  108  113  123  130  140  152  167  181  198  212  226  241  256  269
  282  287  295  296  300  297  297  290  287  277  271  261  254  244  234  220
  209  192  180  161  148  125  121  104  102                                   
    65.0-180.0 180.0   5.0 450.0                            LAT/LON1/LON2/DLON/H
  101   91   81   79   79   83   89   96  102  104  105  103  103   99   98   94
   92   87   87   83   84   81   81   79   78   77   77   78   79   83   87   94
  101  105  111  119  127  135  145  157  174  189  205  220  236  248  261  273
  281  288  293  298  300  299  297  296  292  286  275  270  259  254  240  231
  217  203  188  173  157  134  129  108  101                                   
    62.5-180.0 180.0   5.0 450.0                            LAT/LON1/LON2/DLON/H
  104   96   84   80   77   78   85   89   98  100  102  101  100   98   97   95
   94   91   92   91   91   90   89   89   85   85   82   83   81   83   85   91
   96  104  111  118  129  137  150  162  180  194  212  227  241  255  266  275
  283  287  294  295  301  299  298  296  294  288  280  274  268  259  249  233
  223  204  192  173  160  139  132  106  104                                   
    60.0-180.0 180.0   5.0 450.0                            LAT/LON1/LON2/DLON/H
  107   96   81   77   69   70   71   78   83   89   93   95   95   95   96   94
   95   93   94   94   94   94   93   91   89   85   83   79   78   77   80   85
   93  101  112  123  135  144  155  171  187  206  222  240  253  268  277  284
  289  292  294  299  299  300  298  299  294  289  278  276  267  265  249  240
  221  207  190  177  163  144  136  111  107                                   
    57.5-180.0 180.0   5.0 450.0                            LAT/LON1/LON2/DLON/H
  118  107   92   84   73   66   67   66   73   76   82   85   90   90   93   93
   95   94   95   94   94   92   89   88   85   83   78   75   71   70   71   77
   85   97  109  123  137  150  163  181  199  217  234  251  264  278  287  295
  300  302  307  308  311  310  308  306  304  295  288  283  278  273  262  247
  233  212  198  179  168  151  141  116  118                                   
    55.0-180.0 180.0   5.0 450.0                            LAT/LON1/LON2/DLON/H
  133  122  102   93   80   69   63   59   61   63   69   73   78   81   84   86
   89   89   90   89   87   86   81   81   76   74   69   66   61   60   61   70
   80   97  112  130  145  160  174  193  212  230  248  264  280  293  307  314
  319  323  325  328  327  327  323  322  320  311  303  296  291  288  277  263
  244  228  210  195  182  168  155  136  133                                   
    52.5-180.0 180.0   5.0 450.0                            LAT/LON1/LON2/DLON/H
  154  142  126  114   98   83   74   64   60   57   60   64   70   72   78   79
   81   80   82   80   79   75   72   69   67   62   60   55   54   54   59   67
   80   97  115  135  152  169  185  206  224  246  262  282  297  314  327  336
  343  346  354  354  356  352  348  343  342  331  325  315  312  305  296  280
  263  242  227  209  198  185  173  152  154                                   
    50.0-180.0 180.0   5.0 450.0                            LAT/LON1/LON2/DLON/H
  175  166  148  135  116  100   85   72   64   56   57   59   64   67   71   72
   75   74   75   75   71   71   65   66   61   59   55   54   51   53   57   68
   82  104  123  146  163  182  200  220  240  259  280  299  320  335  352  361
  370  375  382  384  383  378  373  368  367  356  350  341  334  328  314  299
  279  263  247  232  222  205  191  175  175                                   
    47.5-180.0 180.0   5.0 450.0                            LAT/LON1/LON2/DLON/H
  193  184  172  158  141  123  107   90   74   64   60   60   63   65   68   68
   69   68   70   68   68   64   62   59   58   54   54   51   52   53   60   69
   88  108  132  154  174  194  212  233  251  274  293  316  337  357  372  382
  392  397  405  406  404  397  390  384  380  369  363  354  348  337  323  305
  288  270  255  239  230  214  203  184  193                                   
    45.0-180.0 180.0   5.0 450.0                            LAT/LON1/LON2/DLON/H
  195  191  178  171  156  142  124  107   90   76   70   68   68   70   70   70
   71   70   71   71   68   68   62   63   59   59   57   56   55   56   63   73
   91  117  141  170  186  210  227  248  267  287  309  331  357  375  392  399
  410  414  421  421  415  408  397  394  386  378  366  359  349  341  325  307
  289  275  260  245  232  216  204  190  195                                   
    42.5-180.0 180.0   5.0 450.0                            LAT/LON1/LON2/DLON/H
  185  183  177  173  165  154  141  124  106   92   82   78   78   77   77   75
   74   75   76   76   75   71   69   66   64   62   61   60   58   57   63   72
   92  119  148  176  197  220  240  261  279  300  322  347  371  388  404  413
  420  425  430  429  423  414  404  396  388  375  362  353  344  332  318  300
  283  265  250  231  219  203  194  174  185                                   
    40.0-180.0 180.0   5.0 450.0                            LAT/LON1/LON2/DLON/H
  160  165  158  161  159  155  146  134  122  107   97   92   90   89   87   85
   84   86   87   90   86   84   78   77   72   71   68   65   63   58   66   72
   95  125  154  185  208  233  254  275  296  316  341  363  390  404  422  428
  438  440  445  440  435  424  414  405  394  381  366  356  340  329  311  294
  273  257  238  220  200  180  171  150  160                                   
    37.5-180.0 180.0   5.0 450.0                            LAT/LON1/LON2/DLON/H
  134  136  132  136  140  141  140  134  128  118  108  104  103  100   98   96
   95   96   99  100   98   93   88   84   81   80   75   71   63   60   61   71
   89  119  152  186  215  243  269  294  316  340  362  386  411  422  441  447
  457  459  462  463  455  448  437  427  416  400  383  365  349  331  315  294
  274  251  232  208  189  164  154  123  134                                   
    35.0-180.0 180.0   5.0 450.0                            LAT/LON1/LON2/DLON/H
  106  109   99  104  111  117  125  125  127  120  117  115  115  114  113  111
  112  114  119  119  116  109  101   97   93   88   83   74   65   56   58   66
   84  116  148  189  220  258  288  319  346  370  399  416  443  449  468  472
  482  484  490  488  485  478  469  462  452  437  419  400  377  358  338  318
  295  270  245  219  194  169  149  110  106                                   
    32.5-180.0 180.0   5.0 450.0                            LAT/LON1/LON2/DLON/H
  110   91   85   84   88   95  104  109  115  115  115  115  119  121  122  122
  123  127  132  132  127  121  114  111  106  103   92   81   69   58   59   67
   89  111  151  195  232  274  312  352  378  411  433  457  476  484  500  505
  518  521  529  532  533  531  522  517  509  497  482  461  435  410  389  362
  339  313  284  255  227  194  162  120  110                                   
    30.0-180.0 180.0   5.0 450.0                            LAT/LON1/LON2/DLON/H
  123   93   76   70   75   78   87   93  103  104  109  113  120  125  130  134
  138  144  150  147  142  133  128  127  118  115  101   90   76   70   67   77
   91  128  162  211  245  299  334  381  413  447  467  490  509  519  534  542
  560  572  590  605  619  617  609  599  590  575  561  540  511  492  467  451
  421  404  359  327  288  249  206  164  123                                   
    27.5-180.0 180.0   5.0 450.0                            LAT/LON1/LON2/DLON/H
  173  129  101   76   71   70   80   86   95   97  100  103  113  120  127  133
  138  146  150  150  145  141  135  138  131  125  111   99   85   80   84   91
  123  149  193  228  271  315  358  401  435  470  493  515  537  556  576  592
  613  636  667  683  698  698  696  680  670  652  633  612  587  572  555  546
  526  497  460  424  387  350  297  243  173                                   
    25.0-180.0 180.0   5.0 450.0                            LAT/LON1/LON2/DLON/H
  244  202  159  117   90   78   76   78   88   88   96  103  111  119  127  136
  143  153  158  154  149  146  142  149  144  144  129  113  102   97  102  114
  148  175  218  243  288  330  374  410  450  482  511  536  566  591  618  643
  679  706  737  757  781  786  785  774  763  748  735  715  692  674  655  644
  625  608  579  556  514  471  410  347  244                                   
    22.5-180.0 180.0   5.0 450.0                            LAT/LON1/LON2/DLON/H
  368  302  262  200  156  128  108   99   97   95  101  100  117  120  127  131
  137  146  150  149  146  145  148  155  154  150  138  121  121  109  114  132
  166  200  236  264  301  343  387  424  463  498  533  564  601  634  661  701
  736  762  792  815  841  846  849  837  830  816  810  799  787  773  758  749
  733  718  689  658  621  591  538  467  368                                   
    20.0-180.0 180.0   5.0 450.0                            LAT/LON1/LON2/DLON/H
  460  405  332  292  256  207  166  146  132  124  117  116  120  126  132  136
  138  143  147  145  147  150  156  166  167  166  153  143  128  123  130  151
  188  222  256  276  321  362  406  441  488  521  563  596  636  660  705  743
  776  800  828  852  871  882  880  876  868  866  866  866  867  860  852  841
  829  812  789  758  723  690  639  583  460                                   
    17.5-180.0 180.0   5.0 450.0                            LAT/LON1/LON2/DLON/H
  555  515  461  388  337  298  257  217  189  175  160  149  145  139  141  138
  143  144  148  145  151  148  157  164  171  163  158  128  121  121  134  165
  202  244  270  302  339  384  421  462  504  540  587  622  659  695  730  771
  799  819  845  862  883  886  887  878  876  877  885  895  903  903  900  894
  882  868  852  826  797  765  713  674  555                                   
    15.0-180.0 180.0   5.0 450.0                            LAT/LON1/LON2/DLON/H
  616  587  534  494  437  379  328  300  259  230  209  192  177  166  152  147
  141  147  155  155  156  164  166  183  184  177  150  130  116  128  152  179
  229  252  293  316  361  400  436  473  515  556  601  634  676  702  750  781
  808  823  842  854  864  867  862  858  857  865  880  898  911  918  914  912
  900  883  866  839  821  793  749  705  616                                   
    12.5-180.0 180.0   5.0 450.0                            LAT/LON1/LON2/DLON/H
  643  629  594  558  522  468  407  365  334  300  265  234  218  192  179  155
  155  147  162  158  166  167  181  183  178  150  131  112  102  127  154  189
  233  270  302  337  369  407  436  475  511  554  599  637  677  712  755  786
  807  816  830  831  838  832  828  820  821  834  855  877  895  901  902  897
  887  872  855  825  810  785  742  703  643                                   
    10.0-180.0 180.0   5.0 450.0                            LAT/LON1/LON2/DLON/H
  653  649  619  606  564  525  456  416  382  358  322  283  252  225  204  185
  172  168  168  176  175  182  174  184  169  152  129  117  123  133  167  186
  235  265  304  335  377  407  443  473  510  552  599  640  683  712  759  774
  798  796  804  802  804  800  792  791  793  807  827  850  865  872  868  865
  855  846  830  799  776  755  716  672  653                                   
     7.5-180.0 180.0   5.0 450.0                            LAT/LON1/LON2/DLON/H
  636  645  633  626  599  558  495  452  427  402  377  338  297  255  237  213
  198  182  178  174  168  167  167  166  160  141  127  137  142  150  162  189
