data/unet/pred1760.15i
     1.0            IONOSPHERE MAPS     GNSS                IONEX VERSION / TYPE
pyspatialgeodesy        IME             05-JAN-18 20:20     PGM / RUN BY / DATE 
Map Name                                                    COMMENT             
Predicted global ionosphere maps (GIM).                     DESCRIPTION         
  2015     6    25     0     0     0                        EPOCH OF FIRST MAP  
  2015     6    26     0     0     0                        EPOCH OF LAST MAP   
  7200                                                      INTERVAL            
    13                                                      # OF MAPS IN FILE   
  NONE                                                      MAPPING FUNCTION    
10.0                                                        ELEVATION CUTOFF    
One-way carrier phase leveled to code                       OBSERVABLES USED    
  6371.0                                                    BASE RADIUS         
 2                                                          MAP DIMENSION       
   450.0 450.0   0.0                                        HGT1 / HGT2 / DHGT  
    87.5 -87.5  -2.5                                        LAT1 / LAT2 / DLAT  
  -180.0 180.0   5.0                                        LON1 / LON2 / DLON  
    -1                                                      EXPONENT            
                                                            END OF HEADER       
[from data line 3003]
     8                                                      START OF TEC MAP    
  2015     6    25    14     0     0                        EPOCH OF CURRENT MAP
    87.5-180.0 180.0   5.0 450.0                            LAT/LON1/LON2/DLON/H
  131  147  151  151  150  149  148  148  148  148  147  147  148  147  147  147
  148  147  148  147  148  147  148  147  148  147  148  147  148  146  148  146
  148  146  147  145  147  145  147  145  147  145  146  145  146  145  146  145
  146  145  145  145  145  144  144  144  145  144  145  144  145  144  146  145
  146  146  149  147  145  144  151  136  131                                   
    85.0-180.0 180.0   5.0 450.0                            LAT/LON1/LON2/DLON/H
  136  140  133  133  133  133  132  133  133  133  132  134  133  134  134  135
  136  136  137  137  138  138  138  138  139  139  140  139  140  140  140  140
  141  140  140  140  140  139  139  138  138  137  137  136  137  136  136  135
  136  135  135  134  135  135  135  134  135  134  134  133  134  133  133  132
  133  133  133  132  130  132  133  135  136                                   
    82.5-180.0 180.0   5.0 450.0                            LAT/LON1/LON2/DLON/H
  144  131  133  132  132  130  131  131  132  132  132  133  134  135  136  137
  138  140  140  141  142  142  142  142  142  142  143  143  143  143  143  144
  143  143  142  142  141  140  139  138  137  136  136  135  136  134  135  133
  136  133  136  134  136  135  136  135  136  135  135  134  134  133  133  131
  132  131  131  127  127  127  130  121  144                                   
    80.0-180.0 180.0   5.0 450.0                            LAT/LON1/LON2/DLON/H
  135  128  126  131  129  130  129  132  132  134  133  136  135  138  138  141
  140  143  142  145  143  145  143  146  143  146  144  147  145  148  145  149
  146  148  144  147  143  144  139  140  136  137  133  135  133  135  133  135
  135  136  136  139  138  140  138  141  138  140  137  139  136  137  134  135
  132  133  130  127  125  126  119  118  135                                   
    77.5-180.0 180.0   5.0 450.0                            LAT/LON1/LON2/DLON/H
  130  121  121  125  124  126  127  130  129  132  132  135  135  137  137  141
  140  142  142  143  142  143  142  143  142  143  143  145  145  146  146  148
  148  147  147  146  144  142  139  138  134  133  131  132  130  132  131  134
  133  136  135  139  137  141  138  142  138  141  138  140  136  138  134  135
  131  132  128  127  123  121  119  112  130                                   
    75.0-180.0 180.0   5.0 450.0                            LAT/LON1/LON2/DLON/H
  126  118  119  124  125  126  129  130  132  132  134  134  137  137  140  140
  142  142  144  142  143  142  142  141  140  140  141  142  143  146  147  149
  149  150  149  148  145  143  140  137  133  132  130  130  130  131  132  134
  135  136  138  139  140  141  141  141  140  140  139  138  137  136  135  134
  132  132  130  127  127  123  117  112  126                                   
    72.5-180.0 180.0   5.0 450.0                            LAT/LON1/LON2/DLON/H
  124  118  121  123  124  125  126  128  129  130  131  132  133  134  136  137
  138  139  139  138  138  136  135  134  133  133  133  136  137  141  143  147
  148  150  150  149  146  143  140  136  133  130  129  128  129  130  131  133
  133  135  136  138  137  139  138  138  137  137  136  135  134  134  133  132
  130  131  129  127  126  122  120  113  124                                   
    70.0-180.0 180.0   5.0 450.0                            LAT/LON1/LON2/DLON/H
  122  119  121  126  128  127  129  130  132  131  133  132  135  135  137  137
  139  138  139  137  137  134  132  130  128  128  128  132  133  139  141  148
  149  153  152  153  149  147  142  140  135  133  131  131  131  131  132  134
  135  136  137  138  139  138  139  138  139  136  137  135  135  134  134  132
  132  132  132  129  129  126  121  117  122                                   
    67.5-180.0 180.0   5.0 450.0                            LAT/LON1/LON2/DLON/H
  122  120  124  125  127  127  128  130  130  131  131  132  133  134  135  136
  136  136  136  134  133  129  128  124  124  123  124  127  130  134  139  145
  148  152  153  154  151  148  144  141  137  134  133  132  132  132  133  134
  134  135  135  137  136  137  137  137  136  137  136  136  134  134  132  132
  130  132  131  131  129  125  124  117  122                                   
    65.0-180.0 180.0   5.0 450.0                            LAT/LON1/LON2/DLON/H
  120  120  121  126  129  129  131  131  132  131  132  132  134  134  135  135
  136  136  135  133  130  127  125  123  121  122  122  125  128  134  137  145
  147  153  154  155  152  151  146  144  140  139  137  138  136  137  136  136
  136  135  135  135  136  136  138  138  139  138  139  138  138  135  135  132
  132  131  132  129  130  126  123  121  120                                   
    62.5-180.0 180.0   5.0 450.0                            LAT/LON1/LON2/DLON/H
  117  115  118  120  123  124  126  128  128  129  129  131  132  132  133  135
  135  134  133  130  128  124  124  121  122  122  124  126  129  133  137  143
  147  152  154  155  154  151  148  146  143  142  141  142  140  141  139  139
  136  136  134  135  134  136  137  138  140  140  141  140  139  136  133  131
  128  128  126  126  125  120  122  117  117                                   
    60.0-180.0 180.0   5.0 450.0                            LAT/LON1/LON2/DLON/H
  113  110  107  113  119  119  124  125  127  127  128  129  131  131  133  133
  134  133  132  128  126  123  123  122  123  125  128  130  132  136  139  145
  148  153  154  158  155  155  151  151  148  149  147  149  147  146  143  141
  138  135  135  134  136  136  140  141  143  145  145  145  142  137  134  129
  126  123  124  121  122  116  116  115  113                                   
    57.5-180.0 180.0   5.0 450.0                            LAT/LON1/LON2/DLON/H
  106   99   99  103  108  110  115  117  120  122  123  126  127  129  130  132
  131  131  129  127  124  122  123  124  127  130  134  137  139  141  143  148
  150  154  156  159  158  157  155  156  154  155  155  156  154  152  148  146
  141  138  137  137  138  139  142  144  147  148  150  147  144  137  131  125
  120  116  115  114  111  105  108  106  106                                   
    55.0-180.0 180.0   5.0 450.0                            LAT/LON1/LON2/DLON/H
  101   92   87   95  102  103  109  111  115  117  120  123  124  126  128  129
  129  128  125  123  121  121  122  124  129  135  140  143  145  148  149  152
  154  158  159  161  160  160  158  160  159  162  162  163  160  158  153  149
  144  141  140  140  142  143  146  149  151  154  153  152  147  139  132  123
  117  111  109  105  104   99   99  100  101                                   
    52.5-180.0 180.0   5.0 450.0                            LAT/LON1/LON2/DLON/H
   96   84   81   86   91   95  100  104  107  111  115  121  123  126  127  129
  128  127  123  122  119  120  121  127  133  140  145  150  152  154  154  157
  157  161  162  166  164  165  162  166  166  169  170  171  167  164  159  154
  149  145  146  144  147  146  151  152  156  157  157  155  149  141  131  120
  111  105  101   98   94   86   91   89   96                                   
    50.0-180.0 180.0   5.0 450.0                            LAT/LON1/LON2/DLON/H
   92   78   75   82   89   90   95   98  103  107  112  118  121  125  127  128
  128  126  123  121  120  119  122  127  134  142  149  154  157  159  159  161
  164  167  168  170  172  171  171  173  175  178  179  178  176  171  165  160
  155  152  151  151  153  153  156  159  160  161  160  158  152  143  134  123
  113  105  100   96   92   88   86   83   92                                   
    47.5-180.0 180.0   5.0 450.0                            LAT/LON1/LON2/DLON/H
   87   75   75   79   83   84   89   93   97  104  109  117  121  126  128  130
  129  128  125  123  121  120  122  129  136  145  152  159  161  164  163  167
  168  174  176  181  182  184  183  187  187  190  189  189  184  180  173  169
  163  159  159  158  159  159  162  162  163  163  162  161  155  148  137  125
  113  105  100   95   90   82   84   78   87                                   
    45.0-180.0 180.0   5.0 450.0                            LAT/LON1/LON2/DLON/H
   87   74   72   79   82   82   88   91   97  103  108  116  121  126  129  132
  132  131  129  127  124  124  125  131  138  146  153  160  163  166  168  171
  176  182  186  192  196  198  199  200  202  201  201  197  195  189  183  178
  173  171  168  167  167  166  167  166  165  165  165  163  159  152  145  132
  121  113  106  100   93   89   84   81   87                                   
    42.5-180.0 180.0   5.0 450.0                            LAT/LON1/LON2/DLON/H
   85   75   75   77   78   77   82   87   94  102  108  118  123  128  132  136
  138  137  136  134  131  129  130  135  141  148  156  164  167  171  174  181
  185  195  200  211  215  220  219  222  221  220  217  213  208  203  198  194
  188  184  181  179  177  176  173  171  169  167  166  165  161  157  150  139
  129  120  112  104   97   88   88   83   85                                   
    40.0-180.0 180.0   5.0 450.0                            LAT/LON1/LON2/DLON/H
   92   80   75   77   77   74   80   84   93  100  108  117  123  129  134  140
  143  144  143  141  139  136  136  140  145  153  160  167  173  178  183  191
  199  210  218  230  237  242  242  244  241  238  235  227  225  217  214  209
  205  200  196  192  189  185  182  178  174  171  170  168  168  163  161  150
  143  131  124  114  106   99   93   91   92                                   
    37.5-180.0 180.0   5.0 450.0                            LAT/LON1/LON2/DLON/H
   93   82   77   75   71   68   71   77   86   97  105  117  124  132  139  145
  150  150  151  149  146  144  144  146  151  157  166  173  181  187  195  205
  216  230  242  258  267  273  272  273  269  264  258  251  246  238  235  230
  226  218  213  209  203  199  192  188  181  177  175  175  173  172  170  162
  154  144  135  125  114  104  103   97   93                                   
    35.0-180.0 180.0   5.0 450.0                            LAT/LON1/LON2/DLON/H
  104   88   76   75   70   65   68   72   81   91  102  114  122  133  141  149
  154  157  157  156  153  151  151  154  157  165  173  182  191  199  208  221
  234  250  266  282  291  296  296  297  293  288  280  272  267  259  254  249
  244  236  229  221  217  210  202  196  189  185  181  181  180  181  180  174
  166  156  147  135  125  117  112  111  104                                   
    32.5-180.0 180.0   5.0 450.0                            LAT/LON1/LON2/DLON/H
  106   91   79   74   67   61   61   66   74   85   97  110  122  133  145  153
  161  161  162  160  158  158  157  159  162  170  181  191  203  212  224  237
  253  271  287  300  308  311  312  312  311  305  300  294  288  282  277  272
  266  256  247  238  230  223  212  206  197  191  187  186  184  186  185  180
  174  164  154  142  132  124  127  118  106                                   
    30.0-180.0 180.0   5.0 450.0                            LAT/LON1/LON2/DLON/H
  120  101   83   80   71   64   63   65   70   78   91  104  118  132  144  154
  160  163  164  163  161  160  160  163  167  176  187  202  217  227  242  255
  274  288  306  313  324  324  325  326  325  324  315  313  305  301  295  289
  283  273  262  253  242  232  221  210  204  194  191  189  188  189  188  184
  178  167  159  147  140  134  135  131  120                                   
    27.5-180.0 180.0   5.0 450.0                            LAT/LON1/LON2/DLON/H
  124  110   93   86   77   69   64   65   69   77   89  103  117  131  145  154
  162  165  166  165  164  163  162  164  168  179  193  210  226  241  254  270
  286  303  316  325  333  334  335  335  336  334  330  328  322  319  312  308
  300  291  280  270  258  247  231  219  207  197  193  188  185  187  186  182
  175  166  157  148  140  139  146  137  124                                   
    25.0-180.0 180.0   5.0 450.0                            LAT/LON1/LON2/DLON/H
  137  123  102  100   90   84   77   74   74   79   87   97  113  123  140  147
  157  161  165  164  165  162  163  165  171  183  200  216  236  248  265  276
  296  308  326  331  343  341  342  342  344  344  341  342  335  334  323  320
  310  303  288  283  267  258  235  223  209  197  191  185  182  181  180  176
  169  160  155  145  141  142  147  148  137                                   
    22.5-180.0 180.0   5.0 450.0                            LAT/LON1/LON2/DLON/H
  141  131  112  110  101   93   86   81   79   83   90  102  116  128  141  149
  158  161  166  168  167  166  165  168  173  186  201  220  237  253  267  282
  298  314  328  338  346  344  346  346  352  350  351  351  346  345  333  331
  319  315  301  295  279  266  245  229  212  197  188  180  172  171  171  168
  161  153  146  139  135  139  150  148  141                                   
    20.0-180.0 180.0   5.0 450.0                            LAT/LON1/LON2/DLON/H
  150  137  120  119  114  108  101   96   91   91   97  103  118  125  139  141
  152  155  165  166  169  167  168  170  177  187  207  221  241  253  272  283
  303  312  328  334  343  341  344  348  353  357  356  359  354  354  342  339
  325  322  305  301  282  272  247  233  213  199  186  177  167  166  164  163
  157  149  142  134  131  134  144  150  150                                   
    17.5-180.0 180.0   5.0 450.0                            LAT/LON1/LON2/DLON/H
  146  138  124  126  120  115  108  104   96   96   99  108  121  132  144  146
  153  158  168  171  174  172  172  175  180  194  208  225  241  258  273  288
  304  316  330  336  344  347  352  360  365  370  368  372  364  365  351  347
  335  329  315  308  291  277  254  236  217  197  184  170  163  158  158  155
  153  144  138  130  125  127  138  139  146                                   
    15.0-180.0 180.0   5.0 450.0                            LAT/LON1/LON2/DLON/H
  146  132  121  120  119  118  114  109  105  102  107  111  126  130  144  141
  149  153  167  171  177  176  178  180  189  200  215  226  246  259  280  290
  308  316  327  332  341  346  350  364  365  375  370  377  369  372  355  355
  340  338  320  314  294  282  255  239  216  199  180  170  157  156  152  154
  151  146  138  129  121  119  127  134  146                                   
    12.5-180.0 180.0   5.0 450.0                            LAT/LON1/LON2/DLON/H
  132  125  115  117  115  112  110  107  102  101  104  111  123  131  145  144
  151  157  171  176  182  182  184  189  197  207  217  233  248  266  283  299
  316  325  336  345  357  366  373  383  383  392  384  389  380  379  366  362
  351  345  330  321  300  286  261  243  219  196  180  165  155  152  151  151
  150  143  137  125  118  116  117  115  132                                   
    10.0-180.0 180.0   5.0 450.0                            LAT/LON1/LON2/DLON/H
  123  115  105  102  103  102  101   99   97   97  103  108  123  129  143  142
  152  156  173  178  185  186  191  196  205  213  225  238  257  271  295  305
  325  331  346  355  371  381  389  397  396  401  391  395  384  386  370  370
  356  352  334  325  301  288  261  247  221  201  179  166  153  152  148  151
  148  145  137  126  114  110  108  100  123                                   
     7.5-180.0 180.0   5.0 450.0                            LAT/LON1/LON2/DLON/H
  113  107   96   94   93   90   91   87   87   88   93  103  116  127  141  145
  153  165  178  185  192  194  197  206  213  225  235  250  266  287  306  322
