data/unet/pred0110.15i
     1.0            IONOSPHERE MAPS     GNSS                IONEX VERSION / TYPE
pyspatialgeodesy        IME             05-JAN-18 20:20     PGM / RUN BY / DATE 
Map Name                                                    COMMENT             
Predicted global ionosphere maps (GIM).                     DESCRIPTION         
  2015     1    11     0     0     0                        EPOCH OF FIRST MAP  
  2015     1    12     0     0     0                        EPOCH OF LAST MAP   
  7200                                                      INTERVAL            
    13                                                      # OF MAPS IN FILE   
  NONE                                                      MAPPING FUNCTION    
10.0                                                        ELEVATION CUTOFF    
One-way carrier phase leveled to code                       OBSERVABLES USED    
  6371.0                                                    BASE RADIUS         
 2                                                          MAP DIMENSION       
   450.0 450.0   0.0                                        HGT1 / HGT2 / DHGT  
    87.5 -87.5  -2.5                                        LAT1 / LAT2 / DLAT  
  -180.0 180.0   5.0                                        LON1 / LON2 / DLON  
    -1                                                      EXPONENT            
                                                            END OF HEADER       
[from data line 2145]
     6                                                      START OF TEC MAP    
  2015     1    11    10     0     0                        EPOCH OF CURRENT MAP
    87.5-180.0 180.0   5.0 450.0                            LAT/LON1/LON2/DLON/H
   58   81   72   70   71   70   72   72   73   72   73   72   73   72   72   71
   72   70   71   70   71   69   70   68   69   67   68   66   67   66   67   65
   66   64   65   63   64   61   62   59   60   57   58   55   56   54   54   53
   53   51   52   51   52   50   52   51   52   51   53   52   55   54   57   55
   59   57   62   61   64   61   66   62   58                                   
    85.0-180.0 180.0   5.0 450.0                            LAT/LON1/LON2/DLON/H
   85   84   94   93   97   91   97   92   98   92   98   93   97   92   96   91
   95   90   94   90   93   90   93   90   92   90   91   89   91   88   90   87
   89   86   87   84   85   81   83   78   79   75   76   71   72   67   68   65
   66   63   64   61   64   62   64   63   66   65   69   68   73   72   77   75
   81   78   84   81   87   86   92   77   85                                   
    82.5-180.0 180.0   5.0 450.0                            LAT/LON1/LON2/DLON/H
   76   86   91   90   89   88   90   90   91   89   90   88   89   87   87   85
   86   84   84   83   85   84   85   85   86   86   86   86   86   87   85   86
   85   85   85   84   83   83   81   80   77   75   72   70   67   65   62   61
   58   57   55   54   53   53   53   54   55   56   57   58   62   62   66   66
   70   70   74   75   78   80   83   70   76                                   
    80.0-180.0 180.0   5.0 450.0                            LAT/LON1/LON2/DLON/H
   72   75   78   79   77   78   77   78   77   76   74   74   72   71   68   68
   66   67   65   67   66   68   68   70   70   73   72   75   75   78   77   80
   80   83   84   85   86   86   85   85   82   80   76   74   69   67   63   60
   56   55   50   50   46   47   44   46   44   48   47   51   51   56   55   59
   59   62   62   64   66   67   73   68   72                                   
    77.5-180.0 180.0   5.0 450.0                            LAT/LON1/LON2/DLON/H
   62   69   72   71   71   71   71   70   69   66   65   63   60   58   56   55
   54   52   53   54   55   57   58   61   61   64   65   67   69   71   74   77
   80   85   89   93   96   98  100  100   98   96   93   89   84   80   75   72
   66   64   60   58   53   52   49   49   47   48   49   50   52   54   56   57
   58   59   60   60   61   62   66   52   62                                   
    75.0-180.0 180.0   5.0 450.0                            LAT/LON1/LON2/DLON/H
   57   61   64   67   64   66   62   64   59   58   54   53   48   47   43   43
   40   41   41   43   43   47   48   52   52   56   57   60   62   66   69   74
   79   87   94  103  107  115  117  122  119  119  114  112  104  101   94   89
   83   79   75   70   66   63   61   58   55   55   55   55   55   56   57   58
   58   58   58   59   58   59   63   48   57                                   
    72.5-180.0 180.0   5.0 450.0                            LAT/LON1/LON2/DLON/H
   54   63   64   66   65   63   64   62   61   56   54   49   47   43   42   38
   38   36   39   39   42   44   47   49   50   52   54   55   57   58   63   67
   77   86   99  109  120  129  136  140  142  142  140  137  133  128  123  117
  109  103   97   89   83   77   73   68   65   61   61   58   59   58   59   58
   60   58   59   57   56   55   61   42   54                                   
    70.0-180.0 180.0   5.0 450.0                            LAT/LON1/LON2/DLON/H
   56   62   65   69   67   68   65   65   61   58   53   52   47   45   42   41
   39   40   39   41   43   47   49   51   52   53   54   53   53   55   58   64
   74   87  102  120  134  148  155  165  166  170  169  169  164  160  151  145
  135  129  120  112  103   95   89   82   78   72   70   66   66   65   65   64
   64   63   62   60   58   59   64   48   56                                   
    67.5-180.0 180.0   5.0 450.0                            LAT/LON1/LON2/DLON/H
   56   67   68   71   70   70   69   68   65   62   60   57   55   52   51   49
   49   49   50   50   53   54   56   57   56   55   54   50   49   46   51   55
   69   82  102  121  143  158  172  180  188  192  196  198  195  190  182  173
  165  155  147  135  124  112  104   92   86   76   73   66   67   63   65   63
   65   62   63   59   58   57   65   48   56                                   
    65.0-180.0 180.0   5.0 450.0                            LAT/LON1/LON2/DLON/H
   60   68   68   72   72   74   73   72   69   68   65   64   61   62   59   61
   58   60   57   61   59   64   64   65   63   60   56   48   44   41   43   51
   64   83  105  129  152  173  188  204  210  218  221  225  223  219  208  201
  190  183  168  157  140  127  114  102   92   83   76   71   68   66   66   65
   65   65   63   64   60   61   69   54   60                                   
    62.5-180.0 180.0   5.0 450.0                            LAT/LON1/LON2/DLON/H
   58   69   65   69   67   70   69   71   68   68   66   68   67   69   69   71
   71   70   69   69   69   71   70   71   67   64   55   48   40   36   39   46
   63   80  108  133  160  177  199  212  223  231  239  243  242  238  232  223
  217  206  194  178  160  142  126  109   96   83   75   65   62   58   59   57
   60   58   60   59   59   58   68   52   58                                   
    60.0-180.0 180.0   5.0 450.0                            LAT/LON1/LON2/DLON/H
   59   62   61   62   62   65   66   68   67   67   68   70   72   75   77   80
   77   78   73   74   72   75   73   76   72   68   59   49   40   37   38   49
   66   89  118  146  173  190  211  231  241  252  256  263  263  261  253  246
  236  225  211  195  174  153  134  117  102   88   75   66   59   56   55   54
   55   56   56   60   57   60   65   50   59                                   
    57.5-180.0 180.0   5.0 450.0                            LAT/LON1/LON2/DLON/H
   53   58   51   52   49   53   53   58   57   60   62   66   69   74   79   81
   82   79   76   74   72   75   73   74   68   66   55   48   40   40   45   56
   77   99  131  155  183  193  221  232  252  257  268  275  278  278  274  264
  256  241  228  209  190  167  147  127  111   93   78   64   57   51   51   48
   51   50   54   55   56   57   62   43   53                                   
    55.0-180.0 180.0   5.0 450.0                            LAT/LON1/LON2/DLON/H
   51   47   43   40   38   42   45   49   51   55   59   63   68   73   76   79
   77   76   70   71   67   71   68   72   66   65   56   51   45   51   57   76
   95  122  151  175  202  213  237  250  265  275  279  290  292  295  289  282
  268  255  235  218  197  179  156  138  119  104   85   71   61   54   52   48
   47   48   51   57   56   60   59   43   51                                   
    52.5-180.0 180.0   5.0 450.0                            LAT/LON1/LON2/DLON/H
   49   49   38   34   30   34   35   42   42   48   51   56   62   65   71   72
   73   69   67   65   64   66   65   67   63   61   55   52   52   60   73   93
  116  140  168  188  215  225  248  254  272  278  285  293  300  301  297  289
  278  261  246  224  209  189  172  151  135  117  100   82   70   62   57   53
   52   51   55   59   61   63   62   39   49                                   
    50.0-180.0 180.0   5.0 450.0                            LAT/LON1/LON2/DLON/H
   51   46   39   34   30   36   36   42   42   46   51   54   59   62   65   67
   65   64   59   61   58   62   60   65   61   61   56   57   61   76   92  117
  139  166  185  209  232  248  265  273  282  287  291  300  303  308  301  298
  284  271  249  232  212  200  182  167  149  133  115  100   84   75   68   61
   58   57   60   66   67   72   68   47   51                                   
    47.5-180.0 180.0   5.0 450.0                            LAT/LON1/LON2/DLON/H
   62   60   49   44   38   42   40   44   42   47   49   52   55   57   60   59
   61   58   58   56   56   57   60   62   61   57   54   56   64   83  104  133
  159  180  199  219  241  258  271  278  286  288  294  296  303  301  301  293
  287  268  253  232  220  204  193  176  161  145  128  112   98   87   77   69
   65   64   67   72   76   80   79   56   62                                   
    45.0-180.0 180.0   5.0 450.0                            LAT/LON1/LON2/DLON/H
   75   71   66   62   57   60   55   55   50   52   54   56   58   59   59   61
   60   60   58   59   57   60   60   66   60   59   56   61   72   92  116  148
  168  193  207  233  252  269  281  288  295  297  299  302  301  304  299  298
  286  274  255  238  222  209  195  184  167  154  137  125  109   98   85   76
   71   69   71   78   82   89   89   72   75                                   
    42.5-180.0 180.0   5.0 450.0                            LAT/LON1/LON2/DLON/H
   89   91   86   86   78   78   70   66   58   57   58   59   62   61   63   62
   65   63   65   61   64   61   65   64   60   56   55   60   74   95  119  149
  173  193  214  240  260  277  287  296  302  301  304  300  304  300  301  294
  290  272  259  238  226  210  197  182  168  155  140  126  112   99   86   75
   69   68   71   77   84   92   95   86   89                                   
    40.0-180.0 180.0   5.0 450.0                            LAT/LON1/LON2/DLON/H
   96   99  103  102   98   96   86   79   68   66   65   68   69   71   70   71
   71   71   71   72   70   71   68   68   59   59   56   66   81  102  125  153
  175  197  220  251  274  293  305  313  315  315  313  313  312  313  310  308
  300  290  272  252  232  217  197  183  166  154  139  128  112  101   85   76
   68   66   68   76   81   91   98   91   96                                   
    37.5-180.0 180.0   5.0 450.0                            LAT/LON1/LON2/DLON/H
  100  109  112  117  110  106   94   85   74   70   71   74   78   79   80   79
   82   81   83   80   79   75   73   69   61   58   60   71   87  109  128  153
  174  197  225  258  285  306  321  327  332  330  332  327  331  326  329  323
  322  307  294  269  249  223  202  180  165  153  140  124  112   97   86   75
   68   66   67   73   79   89   96   92  100                                   
    35.0-180.0 180.0   5.0 450.0                            LAT/LON1/LON2/DLON/H
   98  101  112  112  113  108  100   87   79   74   77   80   86   89   90   89
   92   92   94   92   89   84   76   71   63   64   67   83  100  119  138  162
  181  204  236  272  305  330  347  355  357  357  357  359  361  361  363  362
  362  352  337  312  282  247  213  187  168  156  141  127  111  101   88   82
   76   74   74   78   80   89   92   89   98                                   
    32.5-180.0 180.0   5.0 450.0                            LAT/LON1/LON2/DLON/H
   93   96   98  104  102  100   92   83   75   75   77   85   91   95   96   96
   99  101  102  100   96   87   78   70   66   66   76   92  111  132  151  170
  189  212  246  288  327  353  373  381  386  388  393  396  403  405  410  407
  411  402  395  367  337  291  248  213  189  172  156  140  127  117  106  102
  101  100  100   96   94   93   94   79   93                                   
    30.0-180.0 180.0   5.0 450.0                            LAT/LON1/LON2/DLON/H
   93   82   87   86   91   89   88   79   78   75   83   88   97   99  102  100
  106  106  109  105  101   90   80   71   68   72   83  105  129  153  177  196
  216  237  270  315  358  387  408  420  430  433  444  447  455  456  464  467
  476  476  470  449  408  356  301  261  228  212  197  181  168  161  152  150
  149  152  145  137  123  111  104   87   93                                   
    27.5-180.0 180.0   5.0 450.0                            LAT/LON1/LON2/DLON/H
  100   91   82   80   79   78   79   74   76   76   84   91   98  101  101  102
  105  109  111  110  103   92   81   73   69   73   88  111  142  171  204  224
  246  264  301  344  388  420  447  463  481  488  503  506  517  517  533  539
  556  558  560  533  496  433  371  321  290  266  249  234  226  217  217  222
  227  228  223  208  185  160  134   93  100                                   
    25.0-180.0 180.0   5.0 450.0                            LAT/LON1/LON2/DLON/H
  120  107   92   76   76   72   77   71   80   77   90   91  102   98  102   98
  106  106  111  108  105   93   85   73   73   76   96  125  162  201  233  253
  266  291  324  369  413  450  481  501  528  541  564  570  585  590  608  617
  637  638  638  620  578  526  464  418  380  352  329  313  298  290  291  300
  312  320  311  296  263  228  193  137  120                                   
    22.5-180.0 180.0   5.0 450.0                            LAT/LON1/LON2/DLON/H
  149  153  123  104   86   80   82   80   85   84   91   94  100   98   97   96
  100  104  107  108  101   92   82   74   72   78   98  132  178  219  258  277
  290  302  335  375  420  459  493  516  550  570  604  623  648  657  674  680
  689  686  687  667  641  599  560  520  481  444  412  393  374  365  367  380
  392  403  390  369  332  294  261  189  149                                   
    20.0-180.0 180.0   5.0 450.0                            LAT/LON1/LON2/DLON/H
  197  204  179  145  125  102  100   87   95   86   94   90   99   91   97   89
   97   97  103   99   99   89   84   75   78   83  100  142  188  240  273  299
  310  320  348  385  432  469  504  535  569  601  636  650  683  693  707  709
  713  712  707  696  669  644  613  588  563  541  517  492  473  455  449  461
  467  475  457  431  394  352  317  273  197                                   
    17.5-180.0 180.0   5.0 450.0                            LAT/LON1/LON2/DLON/H
  253  258  225  196  169  146  130  116  113  103  103   98   97   92   92   87
   91   92   95   94   89   85   83   79   82   82  103  142  192  244  286  310
  327  332  361  386  435  463  503  535  579  611  645  663  685  700  709  714
  714  711  709  702  685  669  650  634  612  591  568  550  528  519  510  517
  513  506  488  461  432  407  376  332  253                                   
    15.0-180.0 180.0   5.0 450.0                            LAT/LON1/LON2/DLON/H
  289  288  264  243  212  191  172  151  142  123  116  101  100   88   93   82
   87   81   87   81   84   82   85   83   82   90  107  147  197  255  292  320
  338  350  373  401  439  464  504  540  582  616  643  659  673  684  691  695
  690  691  685  687  676  672  658  651  633  616  593  574  556  544  537  536
  528  511  492  456  435  420  399  372  289                                   
    12.5-180.0 180.0   5.0 450.0                            LAT/LON1/LON2/DLON/H
  309  311  286  269  246  225  208  185  174  147  138  117  109   98   91   86
   88   83   81   76   80   79   89   84   94   99  119  156  208  255  298  323
  346  361  390  414  447  475  507  546  582  612  633  644  652  658  660  664
  661  661  661  664  662  662  655  648  638  620  602  581  564  548  532  524
  507  487  451  424  413  408  412  383  309                                   
    10.0-180.0 180.0   5.0 450.0                            LAT/LON1/LON2/DLON/H
  310  313  306  298  272  256  236  211  194  163  145  124  115   99   91   82
   83   76   77   75   78   82   87   93  100  112  130  173  219  265  300  323
  342  365  394  419  449  478  512  541  575  600  620  630  629  637  633  641
  634  640  633  643  644  651  647  643  629  612  595  572  549  525  503  479
  459  424  399  374  368  368  397  369  310                                   
     7.5-180.0 180.0   5.0 450.0                            LAT/LON1/LON2/DLON/H
  292  302  295  295  273  264  246  230  207  180  165  141  127  110   91   84
   80   77   74   71   80   78   91   91  107  119  142  184  229  269  301  318
