data/unet/pred2730.15i
     1.0            IONOSPHERE MAPS     GNSS                IONEX VERSION / TYPE
pyspatialgeodesy        IME             05-JAN-18 20:20     PGM / RUN BY / DATE 
Map Name                                                    COMMENT             
Predicted global ionosphere maps (GIM).                     DESCRIPTION         
  2015     9    30     0     0     0                        EPOCH OF FIRST MAP  
  2015    10     1     0     0     0                        EPOCH OF LAST MAP   
  7200                                                      INTERVAL            
    13                                                      # OF MAPS IN FILE   
  NONE                                                      MAPPING FUNCTION    
10.0                                                        ELEVATION CUTOFF    
One-way carrier phase leveled to code                       OBSERVABLES USED    
  6371.0                                                    BASE RADIUS         
 2                                                          MAP DIMENSION       
   450.0 450.0   0.0                                        HGT1 / HGT2 / DHGT  
    87.5 -87.5  -2.5                                        LAT1 / LAT2 / DLAT  
  -180.0 180.0   5.0                                        LON1 / LON2 / DLON  
    -1                                                      EXPONENT            
                                                            END OF HEADER       
     1                                                      START OF TEC MAP    
  2015     9    30     0     0     0                        EPOCH OF CURRENT MAP
    87.5-180.0 180.0   5.0 450.0                            LAT/LON1/LON2/DLON/H
  139  101   98   94   94   91   95   93   98   96  100   98  101   99  101  100
  102  100  101   99  101   98   99   96   98   95   97   94   96   93   95   92
   94   91   93   89   92   88   90   86   89   86   88   85   88   85   87   84
   87   85   88   86   89   87   90   88   91   90   92   91   94   92   94   92
   94   93   95   94  100  100  107  138  139                                   
    85.0-180.0 180.0   5.0 450.0                            LAT/LON1/LON2/DLON/H
  111   96  100   98   98   93   98   96  102   99  105  102  107  104  108  105
  108  104  106  102  104   99  100   95   97   92   93   88   90   85   86   82
   84   80   81   77   79   75   77   72   75   72   75   72   75   72   75   73
   77   75   78   77   81   80   84   83   88   87   91   89   94   92   96   93
   97   94   99   97  105  100  100  107  111                                   
    82.5-180.0 180.0   5.0 450.0                            LAT/LON1/LON2/DLON/H
  111  105  111  111  109  104  109  107  113  111  116  114  120  116  121  117
  121  115  118  111  113  106  107  100  101   93   94   87   88   81   83   77
   79   74   76   71   74   69   72   67   71   67   71   68   73   69   74   71
   77   74   80   77   84   82   89   87   94   92   98   97  104  101  107  104
  110  107  113  111  118  113  112  116  111                                   
    80.0-180.0 180.0   5.0 450.0                            LAT/LON1/LON2/DLON/H
  120  122  128  130  125  124  125  126  128  129  131  132  134  135  136  136
  136  134  132  129  126  121  117  112  108  102   98   93   89   85   83   80
   78   76   75   73   73   71   72   70   72   70   71   70   72   71   73   72
   76   76   80   80   85   87   92   94  100  102  107  109  114  116  119  121
  124  125  129  131  134  131  127  129  120                                   
    77.5-180.0 180.0   5.0 450.0                            LAT/LON1/LON2/DLON/H
  135  135  140  140  135  132  133  133  135  135  137  139  141  142  144  144
  144  142  141  138  134  129  124  118  113  106  101   96   92   87   85   82
   80   78   77   75   74   72   72   70   70   68   68   67   67   66   68   67
   70   70   74   76   80   84   90   94  100  105  110  115  120  123  126  129
  132  134  138  139  142  140  138  139  135                                   
    75.0-180.0 180.0   5.0 450.0                            LAT/LON1/LON2/DLON/H
  144  148  152  153  145  141  140  139  140  140  143  144  146  147  149  149
  149  146  145  141  138  133  129  122  117  110  105  100   96   92   89   86
   85   83   82   80   78   76   74   72   70   68   67   65   64   61   62   60
   62   62   66   68   74   78   85   91   99  105  112  117  124  127  132  134
  138  140  145  147  150  150  147  149  144                                   
    72.5-180.0 180.0   5.0 450.0                            LAT/LON1/LON2/DLON/H
  160  162  166  163  153  148  145  143  142  141  142  143  144  144  145  145
  143  141  140  137  133  129  125  120  114  109  105  100   96   93   91   89
   88   86   84   82   79   76   73   70   67   63   62   58   57   53   53   51
   52   52   57   59   66   71   80   87   96  103  111  118  124  129  133  136
  140  143  147  150  155  157  158  162  160                                   
    70.0-180.0 180.0   5.0 450.0                            LAT/LON1/LON2/DLON/H
  167  174  177  174  162  155  151  147  145  144  143  143  143  141  141  138
  137  134  133  130  127  123  121  115  111  106  102   98   95   92   91   89
   88   86   85   81   78   73   70   65   62   57   56   52   50   46   45   43
   44   44   49   53   61   67   77   85   96  103  113  119  127  131  136  139
  143  145  151  154  160  164  166  172  167                                   
    67.5-180.0 180.0   5.0 450.0                            LAT/LON1/LON2/DLON/H
  179  183  185  181  169  162  156  152  149  146  144  142  140  137  133  130
  127  124  123  120  118  116  114  110  105  101   97   94   91   89   87   86
   85   83   80   77   73   67   63   57   54   49   48   44   43   40   40   37
   39   38   44   48   57   63   74   83   95  104  113  121  128  134  137  141
  144  148  151  156  162  167  171  178  179                                   
    65.0-180.0 180.0   5.0 450.0                            LAT/LON1/LON2/DLON/H
  180  188  191  188  175  167  161  156  153  150  147  144  140  134  129  123
  120  117  115  114  113  111  109  105  101   97   93   89   87   85   84   82
   81   78   75   70   66   60   55   49   47   43   42   40   40   38   37   36
   37   38   42   46   55   62   73   83   96  105  116  123  131  136  140  143
  146  148  152  156  163  169  175  182  180                                   
    62.5-180.0 180.0   5.0 450.0                            LAT/LON1/LON2/DLON/H
  185  190  191  189  178  170  162  159  155  153  150  146  140  133  126  120
  116  113  112  112  111  110  107  103   98   93   88   85   82   81   78   76
   74   70   66   61   57   50   46   42   41   39   40   39   41   40   40   38
   40   38   43   46   54   61   72   82   96  106  117  124  132  137  141  145
  146  149  151  156  162  169  175  184  185                                   
    60.0-180.0 180.0   5.0 450.0                            LAT/LON1/LON2/DLON/H
  183  191  194  191  179  170  163  158  156  155  152  148  142  134  127  121
  118  116  115  116  115  113  109  103   97   91   86   82   80   77   74   71
   68   63   59   54   50   45   42   39   39   40   43   45   47   47   47   46
   46   45   47   50   57   64   75   85   99  109  119  127  135  140  145  148
  151  152  155  158  163  168  175  183  183                                   
    57.5-180.0 180.0   5.0 450.0                            LAT/LON1/LON2/DLON/H
  191  195  196  192  180  171  163  160  158  158  156  152  146  140  132  128
  125  125  124  125  124  121  114  108   99   93   87   83   79   76   72   67
   63   59   54   50   47   43   42   41   43   47   51   55   58   59   58   56
   56   54   55   56   62   68   79   89  102  111  121  127  135  141  147  152
  156  159  160  164  167  170  176  183  191                                   
    55.0-180.0 180.0   5.0 450.0                            LAT/LON1/LON2/DLON/H
  196  202  205  199  186  175  167  162  161  161  160  157  152  146  140  136
  135  136  136  136  133  129  121  112  104   96   91   86   82   77   73   67
   63   57   54   51   50   48   48   49   53   59   64   69   71   72   71   69
   68   65   66   66   71   76   86   95  108  116  124  129  137  143  151  158
  164  168  172  173  176  178  182  189  196                                   
    52.5-180.0 180.0   5.0 450.0                            LAT/LON1/LON2/DLON/H
  211  213  215  208  195  185  174  170  167  168  165  163  158  154  149  147
  147  148  147  146  141  136  127  119  109  103   97   92   87   82   76   70
   65   61   58   57   57   57   58   61   66   72   78   83   85   85   84   82
   80   77   77   76   80   85   94  103  115  122  128  132  139  145  155  163
  173  179  183  185  188  189  193  199  211                                   
    50.0-180.0 180.0   5.0 450.0                            LAT/LON1/LON2/DLON/H
  224  227  232  225  211  199  189  182  179  176  172  169  164  161  157  156
  156  157  155  152  146  140  131  123  117  111  106  100   95   88   82   74
   70   65   65   65   67   69   72   75   80   86   92   97   99   99   97   95
   93   91   91   90   93   97  105  114  125  130  135  136  142  147  159  169
  181  190  197  200  202  203  205  212  224                                   
    47.5-180.0 180.0   5.0 450.0                            LAT/LON1/LON2/DLON/H
  243  241  247  241  229  219  207  200  193  190  183  179  173  170  166  166
  165  165  161  157  150  144  137  132  125  121  116  110  103   96   88   81
   75   72   73   75   78   81   84   87   91   97  103  107  109  109  108  106
  105  103  103  102  103  107  116  125  134  139  142  143  147  152  163  174
  187  197  206  210  214  214  216  224  243                                   
    45.0-180.0 180.0   5.0 450.0                            LAT/LON1/LON2/DLON/H
  254  256  263  259  249  240  230  220  212  206  198  191  185  181  177  176
  172  170  164  159  154  149  144  140  136  131  125  118  110  101   94   85
   81   79   81   83   88   91   94   95   99  104  110  114  116  116  116  114
  115  114  115  113  115  118  127  136  147  151  152  151  153  156  167  177
  191  201  212  217  222  224  226  235  254                                   
    42.5-180.0 180.0   5.0 450.0                            LAT/LON1/LON2/DLON/H
  264  263  271  270  264  259  249  241  231  223  213  206  198  195  189  187
  181  177  170  165  160  158  154  152  147  141  133  124  114  105   97   90
   85   84   87   90   94   98  100  101  104  108  114  117  120  120  121  120
  122  121  122  119  120  124  133  144  156  160  161  159  161  162  171  180
  192  201  211  217  224  228  232  244  264                                   
    40.0-180.0 180.0   5.0 450.0                            LAT/LON1/LON2/DLON/H
  267  272  281  282  278  276  268  260  250  241  231  222  215  210  203  200
  192  187  178  173  170  169  167  163  157  148  139  127  116  106   99   92
   89   87   91   94   99  102  104  105  107  111  117  120  124  124  126  127
  129  128  129  126  127  130  141  151  165  169  171  167  168  169  175  181
  191  198  209  215  223  231  239  253  267                                   
    37.5-180.0 180.0   5.0 450.0                            LAT/LON1/LON2/DLON/H
  275  276  285  289  287  287  280  274  265  257  246  238  230  225  217  213
  205  199  190  187  184  184  180  176  165  154  140  128  116  108  100   95
   92   92   95   99  103  107  108  110  112  115  121  124  128  129  132  132
  134  132  130  127  127  132  141  154  167  175  176  175  175  177  180  184
  191  197  207  214  224  234  244  260  275                                   
    35.0-180.0 180.0   5.0 450.0                            LAT/LON1/LON2/DLON/H
  284  290  299  303  302  301  294  289  280  273  263  255  246  240  233  227
  219  213  205  201  198  196  191  183  169  154  140  127  118  111  106  101
   99   99  103  106  111  114  115  116  118  121  126  129  132  133  135  134
  135  131  129  123  124  127  140  153  170  176  183  182  186  186  190  192
  197  202  212  221  229  245  259  278  284                                   
    32.5-180.0 180.0   5.0 450.0                            LAT/LON1/LON2/DLON/H
  307  309  321  324  322  319  311  304  296  288  280  272  264  257  248  242
  233  226  218  214  208  204  195  184  168  153  139  129  122  118  114  111
  109  110  112  116  120  124  125  127  127  130  133  135  136  136  136  133
  131  125  118  112  110  115  126  144  161  174  180  185  191  197  201  207
  212  218  229  239  248  263  281  299  307                                   
    30.0-180.0 180.0   5.0 450.0                            LAT/LON1/LON2/DLON/H
  342  350  358  360  358  351  337  327  316  310  300  293  284  276  265  256
  246  237  228  220  211  203  192  179  163  151  142  136  133  131  129  126
  124  124  126  129  133  137  139  141  140  140  140  140  140  137  136  131
  127  117  108   99   99  103  119  135  155  167  178  183  195  202  215  222
  233  241  257  267  275  294  321  336  342                                   
    27.5-180.0 180.0   5.0 450.0                            LAT/LON1/LON2/DLON/H
  388  395  403  407  402  393  375  361  346  338  327  318  306  295  281  269
  256  244  231  219  206  194  181  169  158  151  147  148  149  150  147  144
  139  138  140  142  146  150  152  154  153  151  148  145  141  137  132  126
  118  106   94   84   83   89  106  124  144  157  168  177  190  203  219  233
  249  267  291  304  314  334  362  373  388                                   
    25.0-180.0 180.0   5.0 450.0                            LAT/LON1/LON2/DLON/H
  440  456  462  465  460  448  424  406  387  374  358  345  331  316  298  283
  264  248  229  211  194  181  170  162  158  157  161  166  170  172  169  163
  158  155  156  158  160  165  166  168  165  162  155  149  141  135  127  119
  108   96   83   72   73   81  100  119  141  155  168  178  194  209  228  246
  271  296  325  341  354  382  416  421  440                                   
    22.5-180.0 180.0   5.0 450.0                            LAT/LON1/LON2/DLON/H
  491  511  516  523  519  506  480  461  438  424  400  382  361  342  320  299
  275  251  226  203  183  171  165  165  167  173  180  189  193  194  189  181
  174  170  170  169  172  174  175  175  172  167  158  148  138  128  119  108
   97   84   68   59   60   71   94  116  139  157  173  184  203  218  241  260
  293  322  357  377  395  420  452  456  491                                   
    20.0-180.0 180.0   5.0 450.0                            LAT/LON1/LON2/DLON/H
  533  565  570  581  582  569  544  523  500  481  455  430  400  375  348  321
  290  261  227  201  181  172  174  179  188  196  206  211  212  209  202  192
  184  179  177  176  178  180  179  179  173  168  157  146  133  122  110  101
   89   77   63   57   58   71   95  122  147  168  186  201  221  239  261  284
  320  350  384  405  422  449  488  492  533                                   
    17.5-180.0 180.0   5.0 450.0                            LAT/LON1/LON2/DLON/H
  560  592  604  623  629  620  601  583  562  543  513  486  451  420  386  353
  317  279  242  213  195  192  198  208  218  226  230  228  224  215  206  194
  187  182  179  177  178  179  177  176  170  163  152  140  127  114  103   94
   84   73   63   59   62   75  100  129  157  181  201  219  240  260  282  311
  345  378  409  431  448  472  504  508  560                                   
    15.0-180.0 180.0   5.0 450.0                            LAT/LON1/LON2/DLON/H
  570  606  620  646  662  659  648  634  620  600  574  543  507  471  433  396
  355  314  272  243  225  226  237  250  259  258  252  238  225  210  201  190
  183  180  176  174  174  174  171  170  163  156  145  133  120  109   99   91
   85   77   72   68   71   85  109  138  167  192  214  236  258  280  304  331
  361  393  424  446  465  485  519  516  570                                   
    12.5-180.0 180.0   5.0 450.0                            LAT/LON1/LON2/DLON/H
  566  594  612  643  667  674  672  665  655  639  618  591  557  523  481  444
  401  359  318  288  276  278  290  296  298  281  259  234  214  199  190  182
  179  177  173  171  169  167  164  162  156  148  137  127  115  105   98   91
   87   82   77   75   79   93  117  147  175  203  226  249  272  296  321  346
  376  407  436  457  473  491  515  512  566                                   
    10.0-180.0 180.0   5.0 450.0                            LAT/LON1/LON2/DLON/H
  557  581  596  628  661  673  681  679  676  662  647  624  600  566  529  490
  449  410  373  349  338  340  347  344  328  292  252  217  197  183  179  176
  175  174  169  165  163  160  157  154  148  142  132  123  113  104   97   90
   88   82   82   79   86  100  122  149  178  208  232  258  280  308  332  359
  386  414  442  460  476  491  516  506  557                                   
     7.5-180.0 180.0   5.0 450.0                            LAT/LON1/LON2/DLON/H
  548  563  581  607  636  656  667  671  670  662  650  635  619  595  561  526
  487  455  426  409  400  399  396  375  340  284  234  198  180  172  174  176
