data/unet/pred2510.15i
     1.0            IONOSPHERE MAPS     GNSS                IONEX VERSION / TYPE
pyspatialgeodesy        IME             05-JAN-18 20:20     PGM / RUN BY / DATE 
Map Name                                                    COMMENT             
Predicted global ionosphere maps (GIM).                     DESCRIPTION         
  2015     9     8     0     0     0                        EPOCH OF FIRST MAP  
  2015     9     9     0     0     0                        EPOCH OF LAST MAP   
  7200                                                      INTERVAL            
    13                                                      # OF MAPS IN FILE   
  NONE                                                      MAPPING FUNCTION    
10.0                                                        ELEVATION CUTOFF    
One-way carrier phase leveled to code                       OBSERVABLES USED    
  6371.0                                                    BASE RADIUS         
 2                                                          MAP DIMENSION       
   450.0 450.0   0.0                                        HGT1 / HGT2 / DHGT  
    87.5 -87.5  -2.5                                        LAT1 / LAT2 / DLAT  
  -180.0 180.0   5.0                                        LON1 / LON2 / DLON  
    -1                                                      EXPONENT            
                                                            END OF HEADER       
[from data line 429]
     2                                                      START OF TEC MAP    
  2015     9     8     2     0     0                        EPOCH OF CURRENT MAP
    87.5-180.0 180.0   5.0 450.0                            LAT/LON1/LON2/DLON/H
  119  115  113  105  105  100  102   99  102   98  101   97  100   96   99   95
   98   94   97   93   96   92   94   90   92   88   91   86   89   85   87   83
   86   83   86   83   86   83   86   84   87   85   88   85   89   87   90   87
   91   88   92   89   93   90   94   91   96   93   97   94   99   96  100   97
  102   99  103  100  105  101  106  123  119                                   
    85.0-180.0 180.0   5.0 450.0                            LAT/LON1/LON2/DLON/H
  113  126  109  113  109  106  105  106  105  105  104  104  103  103  102  102
  101  101  100   99   97   95   94   92   90   88   87   85   83   82   80   80
   79   79   78   79   78   80   79   81   80   82   82   84   84   85   85   87
   87   88   88   90   90   91   92   93   93   95   95   97   97   98   98   99
  100  101  102  102  103   99  108  113  113                                   
    82.5-180.0 180.0   5.0 450.0                            LAT/LON1/LON2/DLON/H
  116  116  114  113  111  107  110  109  112  110  112  111  111  110  110  108
  108  105  105  102  101   97   96   91   90   85   84   81   80   76   75   74
   73   71   72   72   72   72   73   75   76   77   78   81   82   84   84   86
   86   88   89   91   91   93   94   95   96   97   98   99  100  100  101  101
  103  102  105  103  105  100  112  111  116                                   
    80.0-180.0 180.0   5.0 450.0                            LAT/LON1/LON2/DLON/H
  119  114  112  112  114  110  114  113  117  114  117  114  116  113  115  111
  112  107  108  103  102   96   94   89   86   80   77   72   70   66   65   62
   63   61   63   62   65   64   67   67   71   70   75   74   80   78   83   82
   88   85   90   89   94   91   96   93   98   95   99   97  101   98  102   99
  103  100  105  103  105   99  106  108  119                                   
    77.5-180.0 180.0   5.0 450.0                            LAT/LON1/LON2/DLON/H
  114  115  110  116  111  115  113  118  115  119  116  119  114  116  112  114
  108  110  105  106   99   99   91   91   81   80   71   70   62   62   57   59
   55   58   56   61   58   63   62   67   66   70   70   76   75   79   81   85
   85   88   89   92   91   94   94   96   95   97   97   99   97   99   98  100
   98  101  100  104  101  101  106  107  114                                   
    75.0-180.0 180.0   5.0 450.0                            LAT/LON1/LON2/DLON/H
  114  110  108  112  113  113  116  116  117  116  117  115  113  111  110  107
  106  104  104  101   99   95   92   86   81   75   69   65   59   56   54   53
   52   53   54   56   56   58   60   62   63   65   69   70   74   75   79   80
   84   84   88   88   90   90   93   93   94   94   96   96   96   96   97   97
   98   98  101  102  102  100  107  106  114                                   
    72.5-180.0 180.0   5.0 450.0                            LAT/LON1/LON2/DLON/H
  109  107  104  108  107  112  112  114  113  114  112  110  106  103  100   98
   96   94   93   93   90   90   85   84   75   72   64   62   54   54   50   51
   49   51   51   54   52   55   54   57   56   59   61   64   66   70   74   77
   79   81   84   85   87   88   91   91   92   92   95   94   94   93   94   94
   93   94   96   99  100   99  106  107  109                                   
    70.0-180.0 180.0   5.0 450.0                            LAT/LON1/LON2/DLON/H
  109  105  103  107  110  110  114  115  116  115  113  109  104   98   93   88
   86   84   84   84   84   82   81   77   72   67   61   58   53   52   50   51
   49   51   51   52   51   51   51   52   52   54   58   61   66   69   76   78
   83   83   88   88   91   92   95   96   98   98  100   99   99   96   97   95
   95   94   98   98  101  100  110  109  109                                   
    67.5-180.0 180.0   5.0 450.0                            LAT/LON1/LON2/DLON/H
  108  105  103  106  106  111  113  116  115  116  112  108  100   93   85   79
   74   72   72   74   72   75   71   71   65   63   56   54   48   49   47   49
   46   49   47   48   44   45   42   44   41   46   47   54   57   64   68   74
   76   81   83   86   88   90   94   96   98  100  101  101   99   97   95   94
   92   93   94   98  100  101  110  113  108                                   
    65.0-180.0 180.0   5.0 450.0                            LAT/LON1/LON2/DLON/H
  109  107  103  106  111  110  115  117  120  119  117  111  103   93   83   74
   69   64   64   65   66   66   67   63   61   57   53   50   47   47   47   48
   47   48   45   45   40   39   36   37   37   40   44   49   56   61   69   73
   79   81   87   88   92   94   99  100  106  106  110  107  108  102  102   97
   97   94   98   99  105  105  115  115  109                                   
    62.5-180.0 180.0   5.0 450.0                            LAT/LON1/LON2/DLON/H
  111  106  103  106  105  109  114  118  120  122  118  114  104   94   80   70
   62   57   55   56   56   58   56   56   52   50   47   45   42   42   41   44
   42   43   40   39   33   32   28   30   28   33   36   44   47   56   60   69
   71   77   80   85   87   92   97  102  106  109  111  111  110  106  103   99
   96   95   96   99  103  105  115  119  111                                   
    60.0-180.0 180.0   5.0 450.0                            LAT/LON1/LON2/DLON/H
  114  111  105  106  108  107  112  116  121  121  122  116  110   99   88   77
   68   60   57   54   54   52   52   49   48   44   43   40   40   38   40   40
   41   40   38   36   32   29   26   27   27   31   35   42   47   54   61   67
   73   77   83   86   92   96  102  108  113  116  119  117  117  112  110  103
  102   98  100  101  106  108  117  118  114                                   
    57.5-180.0 180.0   5.0 450.0                            LAT/LON1/LON2/DLON/H
  121  116  111  110  105  105  108  113  118  122  122  120  114  106   95   85
   74   65   59   54   49   47   44   42   41   38   38   35   34   34   34   35
   35   35   33   32   29   27   26   26   28   31   35   41   45   52   56   64
   68   75   80   85   91   96  104  109  117  118  123  120  121  115  113  106
  105  100  102  102  106  108  119  119  121                                   
    55.0-180.0 180.0   5.0 450.0                            LAT/LON1/LON2/DLON/H
  126  124  118  117  111  106  108  112  117  121  124  122  121  114  107   98
   88   79   70   62   56   50   47   42   41   38   38   34   35   33   34   33
   34   34   33   32   31   29   29   30   33   37   41   46   49   55   59   66
   72   78   84   91   97  104  110  118  123  127  128  127  125  122  119  116
  113  110  110  109  112  114  123  122  126                                   
    52.5-180.0 180.0   5.0 450.0                            LAT/LON1/LON2/DLON/H
  140  135  131  127  120  113  113  114  118  121  125  125  126  122  116  109
   99   90   81   72   64   57   50   46   43   41   39   38   36   34   33   33
   33   33   35   34   36   35   37   37   42   44   49   51   53   57   61   67
   74   81   89   95  105  111  120  125  132  133  136  132  133  127  128  123
  123  119  119  117  117  120  130  128  140                                   
    50.0-180.0 180.0   5.0 450.0                            LAT/LON1/LON2/DLON/H
  150  148  144  143  136  127  122  121  121  124  126  129  132  129  126  121
  113  105   95   86   76   67   60   54   53   48   48   43   43   38   37   35
   37   37   39   41   42   44   45   49   52   55   58   60   60   63   66   72
   80   89   97  107  115  125  132  139  142  143  141  139  136  134  134  134
  134  133  132  130  130  131  140  135  150                                   
    47.5-180.0 180.0   5.0 450.0                            LAT/LON1/LON2/DLON/H
  170  165  164  161  153  144  140  135  134  131  134  134  138  136  135  129
  124  116  108  100   91   85   76   72   67   64   59   55   50   46   43   41
   43   44   48   50   54   55   58   60   63   63   65   64   65   67   71   77
   87   96  108  117  128  136  146  150  155  153  151  145  144  141  145  145
  149  148  148  145  141  144  153  144  170                                   
    45.0-180.0 180.0   5.0 450.0                            LAT/LON1/LON2/DLON/H
  183  180  181  179  171  163  155  150  145  141  139  140  143  143  143  139
  133  128  120  114  105   99   92   85   82   76   72   64   61   53   52   48
   51   54   57   62   63   67   67   69   70   72   72   72   71   74   77   85
   94  105  116  129  139  150  157  163  165  163  158  151  148  146  149  153
  157  158  160  157  154  156  165  158  183                                   
    42.5-180.0 180.0   5.0 450.0                            LAT/LON1/LON2/DLON/H
  200  196  196  192  187  178  173  165  160  153  151  148  150  150  148  144
  140  136  130  125  118  112  105  101   95   91   82   76   67   62   57   57
   58   63   67   72   74   77   76   77   76   77   76   75   76   78   83   91
  103  113  126  136  149  158  166  171  174  170  166  159  155  153  156  158
  164  166  168  166  161  168  178  169  200                                   
    40.0-180.0 180.0   5.0 450.0                            LAT/LON1/LON2/DLON/H
  211  206  211  207  204  194  187  181  172  167  162  159  161  159  156  153
  149  145  141  137  133  127  122  113  110  100   93   82   76   69   67   65
   69   73   77   82   83   85   84   84   83   83   83   83   84   87   92   99
  108  119  130  144  151  166  168  178  179  178  173  167  164  160  162  164
  169  172  177  175  172  178  188  184  211                                   
    37.5-180.0 180.0   5.0 450.0                            LAT/LON1/LON2/DLON/H
  222  217  218  213  210  201  197  189  186  179  178  174  173  169  165  160
  156  152  150  146  143  136  131  124  117  109   98   89   80   77   73   75
   79   82   87   89   91   92   91   91   91   91   91   91   92   95   99  106
  117  126  138  146  157  165  173  178  185  183  183  177  175  171  173  172
  177  179  184  183  179  189  199  195  222                                   
    35.0-180.0 180.0   5.0 450.0                            LAT/LON1/LON2/DLON/H
  238  231  231  226  224  212  209  202  196  192  190  187  186  181  174  169
  162  159  156  153  149  141  137  126  123  111  103   93   87   83   84   84
   89   92   95   96   98   98   99   97   99   96   99   97  100  101  106  110
  119  128  137  152  154  170  170  185  188  195  194  192  190  188  186  185
  186  188  193  192  191  201  213  214  238                                   
    32.5-180.0 180.0   5.0 450.0                            LAT/LON1/LON2/DLON/H
  253  249  244  238  234  224  220  214  212  205  205  202  201  195  187  179
  171  165  162  158  151  145  137  131  123  115  105   96   91   90   90   93
   98   99  101  102  103  105  106  107  106  106  103  103  102  104  107  111
  119  128  140  149  161  168  179  186  198  202  208  206  208  203  200  196
  197  196  201  200  199  215  230  230  253                                   
    30.0-180.0 180.0   5.0 450.0                            LAT/LON1/LON2/DLON/H
  279  276  273  268  260  247  242  234  231  225  222  219  216  208  196  185
  173  166  159  154  147  138  132  124  121  113  108  100   98   97  100  102
  107  106  109  107  110  111  115  112  114  109  110  104  106  103  107  108
  116  126  136  154  160  178  183  198  206  218  225  229  234  231  230  223
  222  219  221  220  221  233  249  253  279                                   
    27.5-180.0 180.0   5.0 450.0                            LAT/LON1/LON2/DLON/H
  306  305  302  298  290  280  271  264  258  252  245  238  232  219  206  190
  178  167  159  151  142  135  127  124  118  117  111  106  104  104  106  110
  114  113  112  114  116  119  121  121  118  115  110  106  102  101  102  104
  113  124  140  154  172  183  197  205  221  229  240  247  251  253  251  248
  246  244  246  244  248  259  271  275  306                                   
    25.0-180.0 180.0   5.0 450.0                            LAT/LON1/LON2/DLON/H
  340  343  346  342  337  326  311  302  290  282  270  262  248  234  215  196
  180  164  152  142  133  126  121  119  119  117  116  111  112  112  115  117
  121  118  119  117  122  123  127  123  123  114  112  102  101   96   98   99
  109  123  141  158  175  192  203  217  230  244  257  267  278  281  287  282
  284  279  280  276  280  290  301  305  340                                   
    22.5-180.0 180.0   5.0 450.0                            LAT/LON1/LON2/DLON/H
  364  372  381  384  384  377  364  351  335  321  305  289  272  248  226  201
  183  163  149  139  130  126  121  123  120  123  119  117  115  116  117  120
  121  122  121  124  127  130  130  127  121  115  107  101   96   93   92   96
  107  120  142  159  182  196  212  222  240  253  265  281  291  301  307  309
  309  308  309  306  310  319  325  330  364                                   
    20.0-180.0 180.0   5.0 450.0                            LAT/LON1/LON2/DLON/H
  393  404  416  428  435  434  423  409  387  369  342  321  293  269  239  210
  189  165  151  138  132  129  126  127  129  127  128  123  123  121  123  122
  126  124  124  125  128  129  128  123  118  108  104   95   94   88   92   94
  107  122  145  165  187  206  223  237  255  268  284  298  317  327  339  336
  342  336  337  333  337  348  352  356  393                                   
    17.5-180.0 180.0   5.0 450.0                            LAT/LON1/LON2/DLON/H
  408  417  436  452  466  472  470  462  444  420  390  359  326  292  256  223
  196  174  157  146  141  138  136  137  134  135  130  127  123  121  120  122
  124  125  125  128  130  129  125  119  110  104   97   94   90   89   89   93
  104  120  145  166  191  211  233  250  271  286  298  317  335  348  359  362
  363  363  360  360  362  371  370  375  408                                   
    15.0-180.0 180.0   5.0 450.0                            LAT/LON1/LON2/DLON/H
  428  435  453  474  492  505  508  505  488  467  432  397  356  318  276  240
  212  188  175  164  162  157  154  147  148  140  138  130  126  122  121  122
  124  125  124  126  125  124  118  110  103   95   95   90   92   88   91   93
  107  122  149  175  198  225  247  270  292  310  322  340  356  369  377  383
  386  386  386  382  383  390  390  390  428                                   
    12.5-180.0 180.0   5.0 450.0                            LAT/LON1/LON2/DLON/H
  435  445  463  482  503  518  528  530  519  499  468  431  389  344  300  259
  230  211  195  189  183  179  170  162  153  145  137  130  126  122  121  121
  123  123  123  122  120  117  110  103   95   93   91   91   90   89   87   91
  103  120  149  175  204  230  259  285  313  330  345  359  374  382  391  396
  400  402  403  398  400  402  403  402  435                                   
    10.0-180.0 180.0   5.0 450.0                            LAT/LON1/LON2/DLON/H
  447  457  473  489  509  525  536  541  534  516  489  455  415  370  323  280
  247  227  218  209  208  197  189  173  163  150  143  134  129  126  124  125
  123  124  119  120  113  111  101   94   91   88   93   92   95   89   89   89
  104  123  151  179  206  237  264  298  324  345  359  375  383  393  398  405
  405  409  408  404  404  404  407  403  447                                   
     7.5-180.0 180.0   5.0 450.0                            LAT/LON1/LON2/DLON/H
  448  462  475  490  506  517  528  533  531  517  495  465  432  389  347  304
  271  254  242  237  230  217  202  182  168  154  147  140  136  131  130  127
