data/unet/pred1420.15i
     1.0            IONOSPHERE MAPS     GNSS                IONEX VERSION / TYPE
pyspatialgeodesy        IME             05-JAN-18 20:20     PGM / RUN BY / DATE 
Map Name                                                    COMMENT             
Predicted global ionosphere maps (GIM).                     DESCRIPTION         
  2015     5    22     0     0     0                        EPOCH OF FIRST MAP  
  2015     5    23     0     0     0                        EPOCH OF LAST MAP   
  7200                                                      INTERVAL            
    13                                                      # OF MAPS IN FILE   
  NONE                                                      MAPPING FUNCTION    
10.0                                                        ELEVATION CUTOFF    
One-way carrier phase leveled to code                       OBSERVABLES USED    
  6371.0                                                    BASE RADIUS         
 2                                                          MAP DIMENSION       
   450.0 450.0   0.0                                        HGT1 / HGT2 / DHGT  
    87.5 -87.5  -2.5                                        LAT1 / LAT2 / DLAT  
  -180.0 180.0   5.0                                        LON1 / LON2 / DLON  
    -1                                                      EXPONENT            
                                                            END OF HEADER       
[from data line 4719]
    12                                                      START OF TEC MAP    
  2015     5    22    22     0     0                        EPOCH OF CURRENT MAP
    87.5-180.0 180.0   5.0 450.0                            LAT/LON1/LON2/DLON/H
  207  177  168  171  170  170  171  171  172  172  172  172  172  171  171  170
  170  168  168  167  166  165  164  163  163  162  161  161  160  159  159  158
  158  157  157  156  156  155  156  155  155  155  156  155  156  155  156  156
  157  156  158  157  158  158  159  158  159  158  159  158  160  159  160  159
  160  160  161  161  161  161  166  188  207                                   
    85.0-180.0 180.0   5.0 450.0                            LAT/LON1/LON2/DLON/H
  177  176  176  179  179  179  180  181  182  182  182  182  182  181  181  179
  179  177  176  175  173  172  170  169  167  166  164  164  161  161  158  159
  156  156  155  155  155  155  154  155  155  156  157  157  158  159  160  161
  162  163  164  164  165  165  166  166  167  167  168  167  168  167  167  167
  167  167  167  168  167  168  168  182  177                                   
    82.5-180.0 180.0   5.0 450.0                            LAT/LON1/LON2/DLON/H
  170  172  173  177  176  178  179  182  182  185  183  186  184  186  183  184
  181  181  178  178  174  174  170  169  165  164  161  160  157  155  154  152
  151  149  149  148  149  148  149  150  151  151  153  154  156  158  159  161
  162  164  165  166  167  168  168  169  168  169  168  169  167  168  166  167
  165  166  166  166  164  166  166  178  170                                   
    80.0-180.0 180.0   5.0 450.0                            LAT/LON1/LON2/DLON/H
  166  169  168  170  171  173  176  179  182  183  185  186  187  187  186  185
  184  181  179  177  174  171  168  165  163  160  156  155  151  150  146  145
  143  142  140  140  140  140  140  141  143  144  146  148  150  152  154  156
  159  160  162  163  165  165  166  166  166  165  165  164  164  163  163  161
  161  160  161  159  160  161  160  167  166                                   
    77.5-180.0 180.0   5.0 450.0                            LAT/LON1/LON2/DLON/H
  160  164  163  165  168  170  175  178  182  185  188  189  191  190  190  187
  186  182  180  176  174  170  168  164  162  158  156  152  150  146  145  141
  141  138  138  136  137  136  138  137  139  139  143  144  148  149  153  154
  157  158  161  161  163  163  164  163  164  163  163  162  162  160  161  159
  159  158  159  156  157  156  155  162  160                                   
    75.0-180.0 180.0   5.0 450.0                            LAT/LON1/LON2/DLON/H
  157  163  161  164  166  170  173  179  184  188  192  195  196  196  195  192
  189  184  181  177  174  170  167  164  160  158  154  152  148  146  143  142
  140  139  137  137  135  135  135  136  135  137  138  141  143  146  148  151
  152  154  156  158  158  159  159  160  159  159  158  159  157  158  157  157
  157  157  157  156  157  156  155  163  157                                   
    72.5-180.0 180.0   5.0 450.0                            LAT/LON1/LON2/DLON/H
  161  167  164  167  168  171  176  181  187  192  197  200  203  201  200  195
  192  186  182  176  174  169  168  163  162  158  156  152  151  147  147  144
  143  141  141  138  139  137  138  135  137  136  138  137  140  141  144  144
  148  147  151  150  154  153  155  154  155  154  155  154  156  155  157  157
  159  159  161  160  161  160  159  167  161                                   
    70.0-180.0 180.0   5.0 450.0                            LAT/LON1/LON2/DLON/H
  168  175  173  176  175  178  182  187  194  200  206  209  211  210  207  203
  198  191  185  180  177  173  170  167  164  162  158  156  154  152  150  149
  148  147  146  144  143  142  141  140  139  138  137  138  138  138  139  140
  141  142  143  145  147  148  149  151  152  153  153  155  155  157  158  160
  162  163  166  167  169  169  166  175  168                                   
    67.5-180.0 180.0   5.0 450.0                            LAT/LON1/LON2/DLON/H
  181  188  185  185  185  185  189  193  201  207  214  217  220  217  215  208
  203  195  191  184  182  177  176  171  170  165  164  160  160  156  157  155
  155  153  153  150  149  146  146  143  142  139  139  136  136  134  134  132
  134  132  136  135  140  140  145  146  150  150  154  155  159  159  164  165
  169  170  175  175  180  179  175  186  181                                   
    65.0-180.0 180.0   5.0 450.0                            LAT/LON1/LON2/DLON/H
  194  200  200  201  197  197  198  203  209  215  221  226  228  227  223  218
  211  204  198  193  189  186  183  179  176  172  169  167  165  165  164  164
  163  162  160  158  156  154  152  149  146  144  141  138  135  132  130  127
  126  125  127  128  130  134  138  143  147  151  154  158  160  163  167  169
  172  175  179  182  187  188  185  196  194                                   
    62.5-180.0 180.0   5.0 450.0                            LAT/LON1/LON2/DLON/H
  206  211  213  213  210  207  208  208  215  218  226  229  234  232  231  223
  219  210  206  200  199  194  193  187  185  179  178  174  175  173  175  173
  175  171  170  165  163  159  157  152  150  146  144  137  134  128  126  120
  119  116  119  118  123  126  133  137  145  149  156  158  164  166  171  172
  177  179  184  186  193  194  192  206  206                                   
    60.0-180.0 180.0   5.0 450.0                            LAT/LON1/LON2/DLON/H
  215  221  225  226  221  219  217  218  221  225  229  235  237  238  235  231
  225  220  214  212  209  206  203  200  196  191  188  186  186  188  188  189
  187  184  180  176  172  169  166  162  158  154  149  143  137  130  125  119
  116  112  112  114  116  122  128  136  143  149  156  160  164  167  171  174
  177  179  183  186  192  195  195  210  215                                   
    57.5-180.0 180.0   5.0 450.0                            LAT/LON1/LON2/DLON/H
  222  228  234  235  232  228  225  224  225  227  231  234  238  237  237  232
  230  224  221  217  217  214  213  208  206  200  200  197  201  202  205  202
  201  195  192  185  182  176  174  169  166  161  157  147  142  133  127  118
  115  110  110  109  113  116  125  131  142  147  156  159  165  167  171  174
  177  179  182  184  190  193  194  213  222                                   
    55.0-180.0 180.0   5.0 450.0                            LAT/LON1/LON2/DLON/H
  226  232  240  245  241  240  235  235  233  234  234  237  237  238  236  235
  230  228  224  223  222  221  219  216  214  211  212  212  216  218  218  216
  212  207  200  193  187  183  180  176  173  169  163  155  147  139  132  123
  118  113  110  110  110  116  122  131  140  147  156  161  166  169  173  177
  178  180  181  182  188  194  197  215  226                                   
    52.5-180.0 180.0   5.0 450.0                            LAT/LON1/LON2/DLON/H
  230  235  245  251  251  250  247  246  245  243  241  240  240  238  237  234
  232  227  226  223  225  224  225  221  221  218  221  223  229  231  232  229
  224  217  209  200  195  189  187  182  181  175  170  160  153  145  138  128
  123  116  113  109  110  113  121  127  139  146  156  161  167  171  175  180
  182  184  185  183  188  194  197  217  230                                   
    50.0-180.0 180.0   5.0 450.0                            LAT/LON1/LON2/DLON/H
  234  240  249  259  260  265  261  265  261  261  255  254  249  246  240  238
  231  228  223  224  224  226  225  226  224  226  229  234  239  243  243  240
  233  225  215  207  201  196  192  188  184  181  175  168  160  153  146  139
  132  126  119  116  115  117  123  130  141  149  159  164  170  176  181  186
  190  192  191  191  194  200  204  222  234                                   
    47.5-180.0 180.0   5.0 450.0                            LAT/LON1/LON2/DLON/H
  241  244  253  261  267  273  277  281  280  279  274  270  263  257  250  243
  236  228  225  222  225  226  230  229  231  232  238  242  249  251  252  248
  241  234  225  217  212  207  204  199  196  190  185  175  169  162  157  149
  143  135  129  122  121  121  128  133  146  153  164  169  176  183  189  196
  202  205  205  202  205  208  211  229  241                                   
    45.0-180.0 180.0   5.0 450.0                            LAT/LON1/LON2/DLON/H
  246  249  257  268  273  285  291  303  302  306  296  295  282  276  263  255
  242  233  226  226  226  231  232  235  235  240  243  249  254  256  256  252
  246  240  232  226  220  217  211  208  202  197  190  184  177  172  167  162
  155  148  140  134  129  129  134  140  152  160  171  177  185  193  201  209
  216  218  217  217  217  222  226  240  246                                   
    42.5-180.0 180.0   5.0 450.0                            LAT/LON1/LON2/DLON/H
  254  254  260  267  275  288  301  315  322  324  319  315  305  296  283  269
  254  240  233  230  233  237  242  244  247  250  254  258  261  263  261  258
  254  251  245  242  238  235  229  224  217  211  203  195  190  184  181  175
  170  160  152  144  140  138  143  147  160  167  179  185  196  205  216  225
  234  237  237  234  235  236  240  253  254                                   
    40.0-180.0 180.0   5.0 450.0                            LAT/LON1/LON2/DLON/H
  263  261  264  272  278  298  311  332  338  347  339  341  326  320  303  291
  271  256  246  244  245  252  254  259  258  264  265  269  269  269  266  264
  260  259  255  254  248  247  240  238  227  223  214  209  203  199  195  190
  183  174  164  157  150  148  149  154  164  173  187  195  208  219  231  242
  251  254  254  252  251  251  258  268  263                                   
    37.5-180.0 180.0   5.0 450.0                            LAT/LON1/LON2/DLON/H
  280  276  276  280  286  305  320  343  354  361  358  357  347  340  325  312
  293  276  267  264  269  274  279  283  284  287  288  288  284  283  277  276
  271  272  266  265  261  259  253  248  240  234  227  222  216  212  208  202
  195  184  175  165  159  152  153  155  165  173  188  199  216  230  246  259
  269  272  273  271  270  270  273  286  280                                   
    35.0-180.0 180.0   5.0 450.0                            LAT/LON1/LON2/DLON/H
  301  299  297  300  302  323  334  359  367  380  375  378  366  361  345  334
  315  300  290  289  295  303  306  312  312  316  314  312  304  301  293  290
  284  282  275  274  270  269  261  256  247  243  237  234  229  225  220  213
  204  193  182  173  164  159  156  157  165  173  189  202  223  239  257  271
  281  284  286  286  287  288  296  307  301                                   
    32.5-180.0 180.0   5.0 450.0                            LAT/LON1/LON2/DLON/H
  329  327  328  326  328  342  354  372  383  391  393  393  387  381  369  356
  338  323  316  315  323  330  336  339  341  342  341  337  328  320  310  304
  296  290  283  280  274  273  263  258  247  244  240  239  235  232  224  216
  206  194  183  173  166  158  156  153  161  168  185  202  227  246  264  278
  291  295  296  297  303  306  315  327  329                                   
    30.0-180.0 180.0   5.0 450.0                            LAT/LON1/LON2/DLON/H
  353  354  357  357  358  371  377  394  400  412  411  416  408  404  390  379
  360  345  335  336  343  351  356  360  362  364  363  356  348  337  325  315
  304  295  283  275  271  266  258  251  246  242  241  239  236  231  222  212
  201  187  176  167  160  154  151  150  155  165  185  206  234  254  273  287
  299  304  305  309  315  320  336  345  353                                   
    27.5-180.0 180.0   5.0 450.0                            LAT/LON1/LON2/DLON/H
  376  381  387  389  389  400  406  419  427  435  435  437  433  428  414  401
  383  368  358  357  365  371  377  379  383  384  385  378  370  356  342  328
  313  296  279  265  256  250  239  236  232  231  231  232  229  224  213  202
  189  175  163  154  147  142  140  140  145  158  177  203  231  255  274  289
  304  314  319  323  328  335  349  361  376                                   
    25.0-180.0 180.0   5.0 450.0                            LAT/LON1/LON2/DLON/H
  395  403  413  419  424  437  442  457  463  472  469  473  467  463  447  431
  410  394  381  379  385  389  394  396  399  400  400  391  382  368  352  334
  316  294  273  254  246  234  229  221  222  221  226  225  222  213  202  188
  175  163  150  141  134  129  127  127  135  148  170  199  230  257  278  295
  309  324  333  342  346  352  366  377  395                                   
    22.5-180.0 180.0   5.0 450.0                            LAT/LON1/LON2/DLON/H
  409  422  436  451  460  475  486  500  506  514  512  512  506  500  485  467
  442  423  408  404  409  411  415  414  416  413  410  399  387  369  352  334
  311  285  256  238  226  218  209  204  202  206  210  212  208  201  187  173
  160  149  138  131  124  121  119  122  129  144  162  190  223  253  275  294
  310  327  341  355  364  367  379  390  409                                   
    20.0-180.0 180.0   5.0 450.0                            LAT/LON1/LON2/DLON/H
  420  434  452  472  492  513  528  545  554  563  560  559  550  543  526  509
  483  461  441  434  434  432  432  427  424  417  408  393  378  359  343  322
  298  267  241  222  212  202  201  193  196  195  203  200  199  187  176  159
  147  135  125  121  116  114  115  119  129  140  159  184  217  248  274  297
  315  335  349  365  376  381  391  402  420                                   
    17.5-180.0 180.0   5.0 450.0                            LAT/LON1/LON2/DLON/H
  426  446  465  494  517  544  566  583  593  603  601  601  593  585  568  552
  527  506  483  469  464  457  452  441  432  415  399  378  360  342  326  304
  278  250  225  214  204  202  196  195  192  194  195  195  189  181  166  154
  141  131  122  118  113  112  114  121  130  143  157  178  208  240  267  294
  316  339  355  371  383  386  398  411  426                                   
    15.0-180.0 180.0   5.0 450.0                            LAT/LON1/LON2/DLON/H
  432  452  472  503  532  560  584  603  615  625  626  628  622  618  602  593
  570  551  526  508  494  479  468  449  430  404  381  356  339  319  302  280
  259  235  219  210  207  205  211  207  208  204  204  198  191  176  165  149
  137  127  118  115  113  114  115  124  133  142  154  170  197  230  259  289
  314  341  360  377  389  395  409  421  432                                   
    12.5-180.0 180.0   5.0 450.0                            LAT/LON1/LON2/DLON/H
  436  460  476  509  532  559  581  604  617  632  635  642  638  637  624  620
  603  591  566  544  524  501  479  452  425  392  361  334  315  294  280  263
  246  235  225  225  225  233  236  237  230  224  215  207  193  182  165  155
  140  133  122  120  115  115  116  124  131  140  147  162  185  218  249  280
  309  338  360  379  394  402  417  434  436                                   
    10.0-180.0 180.0   5.0 450.0                            LAT/LON1/LON2/DLON/H
  443  465  479  502  520  538  557  575  594  611  620  630  630  631  623  626
  618  613  591  568  543  512  483  447  413  372  340  312  295  274  264  252
  246  240  238  243  250  257  264  260  255  243  230  216  200  183  169  154
  141  131  119  117  112  112  112  119  124  129  134  147  169  200  233  267
  299  331  356  380  401  413  434  448  443                                   
     7.5-180.0 180.0   5.0 450.0                            LAT/LON1/LON2/DLON/H
  452  477  485  502  508  518  526  543  558  582  593  609  610  615  609  618
  617  620  603  586  556  524  487  445  402  362  328  301  284  270  264  260
