data/unet/pred2920.15i
     1.0            IONOSPHERE MAPS     GNSS                IONEX VERSION / TYPE
pyspatialgeodesy        IME             05-JAN-18 20:20     PGM / RUN BY / DATE 
Map Name                                                    COMMENT             
Predicted global ionosphere maps (GIM).                     DESCRIPTION         
  2015    10    19     0     0     0                        EPOCH OF FIRST MAP  
  2015    10    20     0     0     0                        EPOCH OF LAST MAP   
  7200                                                      INTERVAL            
    13                                                      # OF MAPS IN FILE   
  NONE                                                      MAPPING FUNCTION    
10.0                                                        ELEVATION CUTOFF    
One-way carrier phase leveled to code                       OBSERVABLES USED    
  6371.0                                                    BASE RADIUS         
 2                                                          MAP DIMENSION       
   450.0 450.0   0.0                                        HGT1 / HGT2 / DHGT  
    87.5 -87.5  -2.5                                        LAT1 / LAT2 / DLAT  
  -180.0 180.0   5.0                                        LON1 / LON2 / DLON  
    -1                                                      EXPONENT            
                                                            END OF HEADER       
[from data line 1287]
     4                                                      START OF TEC MAP    
  2015    10    19     6     0     0                        EPOCH OF CURRENT MAP
    87.5-180.0 180.0   5.0 450.0                            LAT/LON1/LON2/DLON/H
   46   89   85   87   88   88   91   92   95   95   97   97   98   98   99   98
   99   98   98   96   97   95   96   93   95   92   94   91   93   91   93   91
   93   91   93   91   93   91   92   91   92   90   91   89   90   87   88   85
   86   84   84   82   83   80   82   78   81   76   78   74   78   73   76   71
   76   71   76   74   80   75   96   50   46                                   
    85.0-180.0 180.0   5.0 450.0                            LAT/LON1/LON2/DLON/H
   75   87   75   81   81   82   83   88   88   92   91   94   93   96   94   96
   93   95   92   93   89   90   87   87   83   84   82   83   80   82   80   82
   80   82   81   83   82   84   83   84   84   85   84   85   84   85   84   84
   84   84   84   84   84   84   83   82   82   81   80   79   79   77   77   74
   75   72   73   71   73   67   88   72   75                                   
    82.5-180.0 180.0   5.0 450.0                            LAT/LON1/LON2/DLON/H
   64   73   68   73   74   73   78   79   85   84   89   88   92   91   93   91
   92   89   90   86   86   82   82   78   78   74   75   72   73   71   73   72
   74   73   76   76   79   78   81   80   83   82   84   83   85   84   86   84
   87   85   88   86   89   86   88   85   87   83   84   80   81   77   77   73
   74   70   71   66   66   60   74   57   64                                   
    80.0-180.0 180.0   5.0 450.0                            LAT/LON1/LON2/DLON/H
   66   65   59   62   60   65   66   73   73   80   79   85   83   88   84   87
   82   83   77   78   71   71   65   65   59   60   57   58   55   58   57   61
   60   64   64   68   68   71   72   75   76   78   79   81   82   85   86   88
   89   91   92   94   95   96   95   96   95   95   92   91   87   87   82   81
   77   76   72   71   65   57   61   51   66                                   
    77.5-180.0 180.0   5.0 450.0                            LAT/LON1/LON2/DLON/H
   63   62   56   55   57   58   61   65   69   73   75   79   78   81   78   79
   75   73   68   66   60   57   52   50   45   44   42   41   42   42   45   46
   49   51   55   58   60   63   65   70   71   75   77   83   83   89   90   97
   97  104  104  110  109  113  111  112  110  108  105  103  101   97   93   91
   88   85   82   79   74   64   69   54   63                                   
    75.0-180.0 180.0   5.0 450.0                            LAT/LON1/LON2/DLON/H
   72   65   59   55   53   55   57   60   62   66   68   71   70   72   69   69
   63   63   57   55   47   46   39   38   32   33   31   33   31   35   35   40
   40   45   46   52   52   58   58   65   65   72   75   82   86   94  100  106
  113  118  124  128  131  133  134  134  133  130  126  123  120  116  112  109
  104  100   96   93   87   78   78   63   72                                   
    72.5-180.0 180.0   5.0 450.0                            LAT/LON1/LON2/DLON/H
   78   70   61   56   55   55   56   59   60   63   64   67   66   67   64   64
   59   58   53   50   44   41   36   33   31   29   30   30   32   32   35   37
   40   41   45   47   51   54   58   62   67   72   78   88   95  104  111  121
  127  136  142  148  152  155  157  158  157  154  149  145  139  134  128  124
  120  115  112  107  102   91   93   78   78                                   
    70.0-180.0 180.0   5.0 450.0                            LAT/LON1/LON2/DLON/H
   90   80   69   61   56   55   55   56   57   58   60   60   60   60   58   58
   56   54   51   49   45   44   39   38   36   35   35   35   36   36   37   38
   38   40   41   44   45   50   51   58   61   71   76   90   98  110  118  131
  139  150  156  165  170  175  176  179  178  175  170  164  159  151  147  141
  139  134  133  126  122  107  104   93   90                                   
    67.5-180.0 180.0   5.0 450.0                            LAT/LON1/LON2/DLON/H
   96   86   73   65   61   58   57   58   59   60   59   59   58   57   56   56
   55   54   52   52   49   48   46   45   45   44   45   44   46   44   45   42
   43   41   42   41   44   45   50   55   62   72   82   93  106  115  127  138
  149  159  169  176  184  186  188  188  189  185  182  175  171  162  157  153
  148  145  143  140  134  121  117  104   96                                   
    65.0-180.0 180.0   5.0 450.0                            LAT/LON1/LON2/DLON/H
  105   91   76   69   61   59   58   58   59   59   58   57   55   55   54   56
   56   58   57   59   56   58   55   57   54   56   55   56   54   53   48   47
   42   41   37   40   38   42   43   53   57   73   81   98  106  121  129  145
  154  170  177  188  192  199  198  200  198  194  187  181  175  167  161  154
  152  148  149  144  141  128  123  114  105                                   
    62.5-180.0 180.0   5.0 450.0                            LAT/LON1/LON2/DLON/H
  106   94   76   67   63   58   59   58   60   59   58   56   55   53   54   55
   57   59   60   61   60   59   59   60   60   62   62   62   61   57   53   45
   42   35   36   31   36   36   44   49   62   72   88   98  114  123  136  146
  161  173  186  193  202  205  208  207  207  199  194  184  179  169  163  155
  150  147  146  144  141  130  126  118  106                                   
    60.0-180.0 180.0   5.0 450.0                            LAT/LON1/LON2/DLON/H
  109   90   71   64   56   54   53   55   57   56   55   54   52   53   53   57
   59   62   62   63   60   62   58   63   61   66   64   65   61   56   48   43
   36   33   29   31   30   37   40   52   61   77   89  104  114  128  136  151
  163  181  190  203  210  219  218  219  216  211  200  193  184  177  166  158
  150  146  144  142  139  130  126  119  109                                   
    57.5-180.0 180.0   5.0 450.0                            LAT/LON1/LON2/DLON/H
  110   94   73   63   57   54   53   53   56   54   54   51   51   51   54   56
   60   61   62   59   58   54   54   54   59   60   63   60   60   50   45   35
   33   25   28   26   34   37   48   56   73   82  100  107  124  130  145  152
  171  184  201  211  223  228  233  230  231  221  215  205  199  190  182  171
  161  151  147  142  139  131  128  121  110                                   
    55.0-180.0 180.0   5.0 450.0                            LAT/LON1/LON2/DLON/H
  117   96   73   65   54   52   49   51   51   51   49   50   48   52   52   58
   58   61   58   56   50   50   46   51   51   58   56   58   52   48   38   34
   27   26   24   30   33   43   49   64   75   90  102  114  126  137  148  162
  178  196  213  227  239  246  249  249  245  240  228  222  215  209  200  191
  175  164  154  148  143  133  131  122  117                                   
    52.5-180.0 180.0   5.0 450.0                            LAT/LON1/LON2/DLON/H
  130  109   85   74   64   59   55   54   53   50   50   46   49   48   52   54
   58   56   55   48   46   40   41   41   48   51   56   54   52   43   38   30
   28   25   29   34   43   51   62   75   90  101  117  125  142  148  163  174
  195  212  234  246  262  266  272  267  268  257  250  240  237  228  222  211
  197  180  168  158  152  144  141  129  130                                   
    50.0-180.0 180.0   5.0 450.0                            LAT/LON1/LON2/DLON/H
  145  123   98   88   74   69   60   59   55   52   49   50   48   53   51   56
   54   55   51   47   41   41   38   44   46   54   53   56   48   46   37   34
   29   30   33   41   50   60   70   84   98  112  126  139  152  161  177  191
  212  232  251  267  280  289  291  292  288  280  268  260  253  247  242  231
  217  202  186  174  168  158  152  140  145                                   
    47.5-180.0 180.0   5.0 450.0                            LAT/LON1/LON2/DLON/H
  166  146  123  108   95   86   77   71   67   59   58   53   54   53   54   54
   55   52   52   46   45   42   44   46   52   56   60   57   54   46   41   35
   34   36   43   51   64   73   86  101  116  130  146  157  171  180  197  212
  235  251  271  284  299  303  307  304  301  290  280  270  265  259  253  245
  231  218  203  189  184  177  171  155  166                                   
    45.0-180.0 180.0   5.0 450.0                            LAT/LON1/LON2/DLON/H
  180  164  141  128  114  103   93   85   78   70   67   62   62   61   59   59
   56   54   52   51   49   51   52   57   60   66   64   65   57   53   46   43
   41   44   53   63   77   85  100  113  131  144  163  174  191  200  218  234
  253  268  286  301  310  318  316  315  307  299  283  277  269  265  258  251
  238  228  216  204  197  185  181  168  180                                   
    42.5-180.0 180.0   5.0 450.0                            LAT/LON1/LON2/DLON/H
  188  174  157  144  132  121  110   99   92   82   79   72   72   67   65   61
   59   56   58   58   61   63   65   69   71   74   73   68   64   55   50   46
   46   52   63   77   90  104  118  134  151  168  184  198  214  227  243  255
  272  283  300  311  320  322  321  317  309  299  285  278  270  267  259  254
  241  231  220  207  202  192  189  173  188                                   
    40.0-180.0 180.0   5.0 450.0                            LAT/LON1/LON2/DLON/H
  186  174  152  148  138  131  121  113  105   96   93   87   86   79   77   71
   69   66   69   71   75   79   82   85   86   86   81   77   68   64   56   56
   56   66   74   88  101  114  132  147  170  184  206  221  240  250  264  275
  289  300  312  325  328  332  327  326  318  310  293  286  275  269  260  252
  240  231  220  210  204  192  189  175  186                                   
    37.5-180.0 180.0   5.0 450.0                            LAT/LON1/LON2/DLON/H
  175  159  144  137  133  129  123  116  110  104  102   97   97   90   86   78
   75   74   77   82   86   92   93   96   93   90   84   76   69   61   56   55
   58   67   79   91  106  124  144  164  185  203  223  244  259  269  281  291
  303  313  326  335  340  343  341  341  337  328  314  306  292  285  270  261
  246  235  224  209  203  188  186  166  175                                   
    35.0-180.0 180.0   5.0 450.0                            LAT/LON1/LON2/DLON/H
  159  151  125  128  123  122  118  115  111  108  108  106  107  101  100   90
   91   87   94   96  103  104  106  105  102   98   87   82   70   67   59   62
   61   72   79   95  108  131  153  176  200  218  246  262  279  287  300  309
  318  331  342  357  361  372  371  378  376  371  357  347  331  317  295  279
  260  247  231  215  203  186  179  162  159                                   
    32.5-180.0 180.0   5.0 450.0                            LAT/LON1/LON2/DLON/H
  154  139  116  112  109  110  107  105  104  103  107  106  111  107  107  100
   99   97  100  104  106  109  106  106  101   95   89   79   73   64   63   63
   67   71   83   95  113  136  163  187  211  234  259  278  293  302  315  324
  336  349  366  380  393  403  412  420  426  424  415  406  390  370  344  320
  293  274  254  229  213  187  181  160  154                                   
    30.0-180.0 180.0   5.0 450.0                            LAT/LON1/LON2/DLON/H
  152  135  105  105   97   97   96   94   97   97  103  105  111  110  113  107
  110  105  112  111  115  112  110  109  105  102   93   88   78   77   71   74
   73   79   86   99  117  142  170  195  223  246  276  291  311  319  336  345
  360  377  395  415  431  448  458  474  482  487  480  475  456  436  403  377
  341  315  281  255  232  199  182  168  152                                   
    27.5-180.0 180.0   5.0 450.0                            LAT/LON1/LON2/DLON/H
  174  143  118  105   96   94   90   88   87   91   96   99  106  107  112  110
  111  109  109  109  107  107  104  107  107  105  102   94   89   85   85   86
   87   88   95  103  125  147  178  202  228  256  284  304  323  337  356  370
  391  406  433  451  475  488  509  525  542  549  551  544  531  509  479  447
  411  378  343  307  269  230  208  194  174                                   
    25.0-180.0 180.0   5.0 450.0                            LAT/LON1/LON2/DLON/H
  209  164  136  123  110  104   96   91   89   90   94   97  101  103  111  108
  114  108  112  106  107  106  110  116  122  122  118  111  104  103  101  101
   98   96  101  112  129  154  182  208  230  258  292  313  336  350  372  389
  415  439  471  497  521  541  559  585  606  625  629  629  612  591  554  525
  483  453  413  380  334  282  250  241  209                                   
    22.5-180.0 180.0   5.0 450.0                            LAT/LON1/LON2/DLON/H
  261  200  178  157  137  126  115  105   99   96   95   95   98   99  105  104
  106  102  100   98   97  103  113  127  139  142  141  133  128  114  111  106
  100   94  102  114  136  158  192  214  238  260  291  321  344  364  388  414
  446  477  516  544  574  594  615  645  664  682  687  689  681  666  637  602
  567  530  492  454  412  365  321  305  261                                   
    20.0-180.0 180.0   5.0 450.0                            LAT/LON1/LON2/DLON/H
  331  259  232  210  189  171  150  138  125  117  111  107  105  103  105  102
  105   99  100   98  101  111  127  148  161  171  166  162  145  136  124  122
  109  107  103  121  135  162  190  215  234  259  291  324  351  378  403  437
  477  512  552  582  611  633  650  673  691  711  713  717  711  706  688  670
  633  602  560  526  484  441  402  380  331                                   
    17.5-180.0 180.0   5.0 450.0                            LAT/LON1/LON2/DLON/H
  400  342  313  280  248  228  204  184  165  151  138  128  121  115  111  105
  103   97   94   98  102  122  144  171  190  201  202  186  167  152  136  129
  115  107  109  119  139  161  194  216  239  261  290  328  354  389  417  456
  498  536  573  601  625  645  663  680  701  712  719  722  724  720  713  699
  678  648  618  583  548  512  479  443  400                                   
    15.0-180.0 180.0   5.0 450.0                            LAT/LON1/LON2/DLON/H
  455  416  392  364  329  301  266  243  219  199  178  166  149  141  127  121
  113  109  109  109  117  142  160  199  217  235  230  211  187  171  151  145
  124  123  114  126  136  164  188  217  234  265  293  332  365  401  438  475
  518  551  585  605  621  638  651  669  680  695  697  705  710  714  714  710
  691  675  644  622  587  560  531  500  455                                   
    12.5-180.0 180.0   5.0 450.0                            LAT/LON1/LON2/DLON/H
  498  471  458  429  401  372  333  306  274  250  225  205  189  175  160  141
  129  120  120  125  134  161  191  228  253  265  252  230  198  180  157  143
  127  117  118  120  140  161  190  214  239  266  299  340  372  412  451  490
  529  558  584  596  606  609  622  640  658  666  672  678  691  699  706  706
  695  680  662  636  611  589  568  531  498                                   
    10.0-180.0 180.0   5.0 450.0                            LAT/LON1/LON2/DLON/H
  525  509  491  476  448  428  389  362  326  310  278  256  227  216  196  179
  156  147  136  146  151  187  212  255  273  280  264  231  200  179  158  143
  127  120  108  120  131  157  177  210  232  263  298  337  375  413  456  490
  526  548  567  574  576  582  587  607  624  643  642  652  666  681  688  694
  682  676  653  639  614  603  591  563  525                                   
     7.5-180.0 180.0   5.0 450.0                            LAT/LON1/LON2/DLON/H
  544  533  526  505  487  461  429  401  366  347  325  308  277  261  241  216
  196  174  159  154  166  192  225  261  279  285  259  232  200  177  159  140
