data/unet/pred1620.15i
     1.0            IONOSPHERE MAPS     GNSS                IONEX VERSION / TYPE
pyspatialgeodesy        IME             05-JAN-18 20:20     PGM / RUN BY / DATE 
Map Name                                                    COMMENT             
Predicted global ionosphere maps (GIM).                     DESCRIPTION         
  2015     6    11     0     0     0                        EPOCH OF FIRST MAP  
  2015     6    12     0     0     0                        EPOCH OF LAST MAP   
  7200                                                      INTERVAL            
    13                                                      # OF MAPS IN FILE   
  NONE                                                      MAPPING FUNCTION    
10.0                                                        ELEVATION CUTOFF    
One-way carrier phase leveled to code                       OBSERVABLES USED    
  6371.0                                                    BASE RADIUS         
 2                                                          MAP DIMENSION       
   450.0 450.0   0.0                                        HGT1 / HGT2 / DHGT  
    87.5 -87.5  -2.5                                        LAT1 / LAT2 / DLAT  
  -180.0 180.0   5.0                                        LON1 / LON2 / DLON  
    -1                                                      EXPONENT            
                                                            END OF HEADER       
[from data line 429]
     2                                                      START OF TEC MAP    
  2015     6    11     2     0     0                        EPOCH OF CURRENT MAP
    87.5-180.0 180.0   5.0 450.0                            LAT/LON1/LON2/DLON/H
  188  190  190  187  187  180  182  179  182  178  179  176  178  174  174  170
  172  167  168  163  167  162  163  159  163  158  159  155  158  153  154  149
  153  148  149  144  147  142  145  140  145  140  145  141  149  147  153  151
  160  159  165  163  171  169  173  170  176  173  176  174  179  176  178  175
  180  178  182  178  181  177  177  187  188                                   
    85.0-180.0 180.0   5.0 450.0                            LAT/LON1/LON2/DLON/H
  193  202  195  198  195  191  190  188  189  188  187  185  185  184  181  179
  179  177  174  173  172  171  168  166  166  164  161  159  159  156  153  152
  151  149  147  146  146  145  143  143  144  144  144  146  149  151  154  157
  162  165  167  170  174  176  177  178  181  182  183  183  185  185  186  185
  188  187  189  188  189  185  192  190  193                                   
    82.5-180.0 180.0   5.0 450.0                            LAT/LON1/LON2/DLON/H
  199  201  206  208  204  198  199  196  200  196  197  194  197  193  193  189
  191  186  185  181  183  178  176  173  173  168  165  161  161  156  154  151
  151  147  146  144  144  143  142  141  143  143  145  148  152  155  159  163
  169  172  176  179  184  185  187  188  191  191  192  191  194  193  194  193
  197  197  200  198  199  196  195  189  199                                   
    80.0-180.0 180.0   5.0 450.0                            LAT/LON1/LON2/DLON/H
  204  204  210  211  211  207  206  206  206  206  203  204  202  202  199  199
  197  195  193  191  190  187  183  180  178  172  168  164  162  156  154  150
  151  148  148  146  147  145  146  145  148  148  150  154  160  163  168  173
  180  183  187  190  194  196  197  199  201  202  203  203  205  204  206  205
  208  208  210  208  207  204  203  197  204                                   
    77.5-180.0 180.0   5.0 450.0                            LAT/LON1/LON2/DLON/H
  204  209  212  215  213  211  211  210  211  209  209  207  208  204  204  202
  201  198  198  195  195  191  187  183  179  173  167  162  160  156  153  152
  153  152  153  153  154  153  154  153  155  156  159  162  169  172  179  183
  189  192  196  198  201  202  204  205  207  207  208  209  210  209  211  210
  213  211  214  211  208  209  207  198  204                                   
    75.0-180.0 180.0   5.0 450.0                            LAT/LON1/LON2/DLON/H
  207  208  213  214  217  212  213  211  213  209  211  207  208  204  204  201
  202  198  200  196  196  191  189  182  179  170  166  159  157  152  153  151
  155  155  158  158  160  160  161  160  162  163  168  170  178  183  190  194
  200  202  206  206  210  209  211  209  211  209  211  209  210  208  209  207
  209  208  211  207  205  206  210  201  207                                   
    72.5-180.0 180.0   5.0 450.0                            LAT/LON1/LON2/DLON/H
  204  208  210  213  214  211  212  209  210  208  208  205  206  202  202  199
  200  198  198  196  194  190  186  179  172  164  157  151  147  145  145  148
  151  156  159  163  163  165  164  164  165  167  170  175  182  188  194  198
  203  206  209  210  211  211  211  210  209  207  207  205  206  203  204  201
  204  202  206  203  201  206  208  200  204                                   
    70.0-180.0 180.0   5.0 450.0                            LAT/LON1/LON2/DLON/H
  204  205  208  211  213  211  212  211  212  211  211  209  209  204  204  200
  201  198  199  195  194  188  184  175  168  158  152  144  142  140  143  147
  154  158  165  167  171  170  170  168  170  170  176  180  189  195  202  206
  211  213  216  215  217  215  215  212  212  209  208  205  204  201  200  199
  200  200  202  200  198  202  208  200  204                                   
    67.5-180.0 180.0   5.0 450.0                            LAT/LON1/LON2/DLON/H
  202  204  206  210  211  209  211  210  213  211  213  210  209  204  203  200
  199  197  196  194  191  185  177  168  158  150  141  137  132  135  136  144
  150  157  163  167  169  170  168  168  168  170  175  182  191  199  206  211
  215  217  219  218  218  217  216  213  212  208  207  203  203  198  198  195
  197  195  199  197  196  201  202  195  202                                   
    65.0-180.0 180.0   5.0 450.0                            LAT/LON1/LON2/DLON/H
  205  203  205  209  212  211  212  213  216  216  217  215  214  209  206  201
  199  195  193  190  187  179  172  162  154  144  137  132  131  132  137  142
  151  156  163  165  169  168  168  166  168  170  176  185  195  204  212  216
  220  221  222  221  221  218  217  215  214  211  209  207  205  201  199  197
  196  196  198  196  195  199  203  196  205                                   
    62.5-180.0 180.0   5.0 450.0                            LAT/LON1/LON2/DLON/H
  207  205  207  211  213  212  214  214  218  218  219  217  216  211  208  202
  198  193  189  185  179  173  164  156  146  139  133  131  130  132  135  141
  146  151  156  158  161  160  160  160  162  167  174  185  196  207  213  220
  223  225  224  223  222  221  220  218  218  215  215  210  210  204  202  197
  197  194  197  195  195  200  202  195  207                                   
    60.0-180.0 180.0   5.0 450.0                            LAT/LON1/LON2/DLON/H
  213  208  210  216  218  217  217  218  220  221  222  222  220  217  211  206
  201  194  188  182  178  169  163  154  147  141  137  137  137  139  142  144
  148  150  153  153  155  154  154  155  159  165  174  186  198  208  216  222
  226  227  226  226  227  226  227  225  226  225  224  221  219  214  210  205
  203  200  200  198  198  200  205  198  213                                   
    57.5-180.0 180.0   5.0 450.0                            LAT/LON1/LON2/DLON/H
  218  215  216  220  221  218  218  217  219  219  221  221  220  218  212  207
  200  193  185  179  172  167  160  155  150  147  145  146  146  148  148  148
  146  146  145  145  145  147  146  150  154  163  172  187  198  211  217  225
  228  230  230  230  231  231  233  233  234  232  232  228  226  219  216  208
  206  201  202  199  199  205  207  201  218                                   
    55.0-180.0 180.0   5.0 450.0                            LAT/LON1/LON2/DLON/H
  227  222  223  228  228  225  223  221  221  221  220  222  220  219  214  210
  204  195  188  180  175  170  165  162  160  158  158  160  160  161  159  154
  150  145  143  141  143  143  145  149  155  163  174  187  199  211  219  225
  230  232  234  234  238  239  243  243  246  244  244  239  236  229  225  218
  213  209  207  205  204  208  213  208  227                                   
    52.5-180.0 180.0   5.0 450.0                            LAT/LON1/LON2/DLON/H
  236  232  233  235  235  229  227  223  222  218  218  216  217  216  214  211
  205  199  190  184  177  175  172  172  170  171  171  173  173  172  167  160
  152  146  142  142  142  145  145  150  155  166  176  189  199  212  218  227
  231  236  239  242  245  249  252  253  255  253  251  245  241  233  229  220
  218  211  212  208  211  216  222  219  236                                   
    50.0-180.0 180.0   5.0 450.0                            LAT/LON1/LON2/DLON/H
  249  246  247  251  247  242  236  230  225  221  215  214  212  213  211  212
  208  204  196  191  187  183  183  182  183  183  186  187  188  184  179  169
  161  152  148  146  148  149  152  154  160  167  180  190  201  211  219  226
  234  239  247  251  258  261  266  265  267  261  259  251  247  239  236  228
  225  221  221  219  219  224  230  230  249                                   
    47.5-180.0 180.0   5.0 450.0                            LAT/LON1/LON2/DLON/H
  262  260  265  266  264  254  249  237  233  222  218  212  213  211  214  213
  213  209  204  199  196  195  195  195  196  198  199  199  199  193  187  176
  167  159  156  156  157  159  159  161  163  172  182  193  202  214  220  231
  237  247  255  263  272  277  282  281  279  272  267  257  251  242  239  230
  231  226  230  227  231  235  240  242  262                                   
    45.0-180.0 180.0   5.0 450.0                            LAT/LON1/LON2/DLON/H
  281  280  281  283  280  273  265  255  245  234  224  217  215  214  215  217
  216  215  212  209  207  205  207  207  209  209  211  209  208  201  196  185
  179  170  171  168  172  169  171  168  172  175  188  195  206  216  223  233
  242  252  264  272  284  289  295  292  290  280  273  263  256  249  247  242
  243  241  244  243  246  248  253  256  281                                   
    42.5-180.0 180.0   5.0 450.0                            LAT/LON1/LON2/DLON/H
  300  301  303  303  301  291  284  270  264  247  240  228  227  221  225  222
  226  221  222  218  218  217  221  220  222  220  221  218  215  208  205  194
  191  184  185  184  185  183  180  177  177  183  192  202  211  222  229  241
  250  263  276  288  300  307  313  310  306  292  286  272  268  257  259  253
  257  255  261  260  265  267  271  274  300                                   
    40.0-180.0 180.0   5.0 450.0                            LAT/LON1/LON2/DLON/H
  327  324  328  328  324  314  306  293  284  270  259  246  242  234  235  230
  234  229  230  226  229  226  231  231  234  233  232  228  224  219  217  210
  209  202  205  200  202  196  194  186  188  189  200  208  219  229  238  249
  260  273  287  299  312  321  327  325  321  309  300  290  283  277  276  274
  277  279  284  287  288  290  294  295  327                                   
    37.5-180.0 180.0   5.0 450.0                            LAT/LON1/LON2/DLON/H
  354  353  358  356  353  341  333  319  310  294  283  269  265  254  254  246
  249  242  243  239  241  241  247  249  253  253  250  246  241  236  236  230
  231  225  225  217  217  209  202  196  193  198  205  216  226  237  245  257
  269  283  297  310  325  334  342  340  341  328  325  312  310  300  301  297
  302  303  310  314  319  317  317  318  354                                   
    35.0-180.0 180.0   5.0 450.0                            LAT/LON1/LON2/DLON/H
  388  389  395  391  386  373  364  349  340  324  313  298  292  277  274  261
  262  252  254  247  251  251  260  265  272  272  271  265  260  258  258  256
  257  249  248  235  233  221  215  206  205  207  215  223  233  243  252  264
  275  289  302  318  333  346  355  358  358  350  344  336  330  324  323  321
  324  329  335  344  350  351  349  345  388                                   
    32.5-180.0 180.0   5.0 450.0                            LAT/LON1/LON2/DLON/H
  415  416  425  420  416  402  393  378  371  354  344  331  322  308  298  285
  278  266  264  257  260  262  273  284  294  298  295  291  285  283  282  283
  282  277  268  256  246  235  224  218  213  216  221  230  236  245  253  264
  276  287  300  313  332  344  358  361  367  361  361  352  352  346  349  346
  350  353  360  370  382  379  377  375  415                                   
    30.0-180.0 180.0   5.0 450.0                            LAT/LON1/LON2/DLON/H
  449  450  461  458  453  439  428  414  404  389  379  368  359  342  328  309
  297  282  275  268  271  275  289  302  316  320  321  314  311  309  310  308
  306  295  283  266  253  241  231  225  221  220  225  230  236  243  250  260
  270  280  290  306  323  341  355  364  371  371  371  368  368  365  368  367
  371  374  382  394  408  407  411  402  449                                   
    27.5-180.0 180.0   5.0 450.0                            LAT/LON1/LON2/DLON/H
  465  475  489  490  486  474  464  448  437  420  410  398  390  375  358  337
  319  303  291  282  284  289  304  322  338  343  342  337  332  331  328  324
  315  301  284  266  251  242  230  226  222  221  222  225  228  233  239  247
  259  267  279  289  309  323  344  352  368  369  376  375  379  378  382  382
  388  389  399  412  428  428  430  428  465                                   
    25.0-180.0 180.0   5.0 450.0                            LAT/LON1/LON2/DLON/H
  487  503  523  530  527  519  508  493  479  462  449  436  425  407  389  366
  345  325  311  300  300  308  326  346  360  364  362  355  347  341  334  324
  307  288  263  250  234  229  220  217  213  210  210  211  212  217  221  231
  241  254  264  279  299  318  337  349  364  371  377  379  384  386  391  394
  398  402  412  425  444  446  453  446  487                                   
    22.5-180.0 180.0   5.0 450.0                            LAT/LON1/LON2/DLON/H
  490  515  541  555  558  555  545  531  516  498  483  467  453  434  412  390
  369  347  331  319  320  330  347  363  374  375  369  359  345  333  317  302
  277  254  232  219  211  208  205  202  201  196  196  193  193  193  199  207
  223  234  253  268  294  312  335  347  366  369  379  381  389  392  401  404
  411  411  422  434  453  457  464  462  490                                   
    20.0-180.0 180.0   5.0 450.0                            LAT/LON1/LON2/DLON/H
  498  525  555  573  583  586  578  568  552  535  517  499  480  460  438  416
  395  375  355  344  343  353  367  380  382  380  366  348  328  310  289  268
  241  218  197  188  183  183  183  181  180  176  175  173  171  173  176  189
  206  228  251  274  299  318  336  348  364  370  377  384  393  400  409  418
  423  427  434  445  463  466  475  473  498                                   
    17.5-180.0 180.0   5.0 450.0                            LAT/LON1/LON2/DLON/H
  493  519  549  570  586  595  595  587  575  558  539  520  499  480  456  438
  417  399  380  366  365  371  380  385  381  367  345  321  296  272  247  221
  196  177  163  159  159  162  164  162  162  158  157  152  151  150  155  169
  192  218  248  275  302  322  339  351  366  373  383  391  403  412  425  432
  440  443  450  456  471  472  479  478  493                                   
    15.0-180.0 180.0   5.0 450.0                            LAT/LON1/LON2/DLON/H
  499  517  541  561  579  593  597  596  585  573  553  537  515  498  472  457
  436  420  401  386  380  381  384  383  369  344  312  283  254  229  205  180
  162  147  139  138  139  144  146  143  143  139  142  139  141  138  145  160
  186  216  248  279  303  327  341  355  371  379  388  398  411  426  441  455
  462  466  471  477  486  481  486  487  499                                   
    12.5-180.0 180.0   5.0 450.0                            LAT/LON1/LON2/DLON/H
  500  506  526  539  558  570  583  584  581  567  554  538  520  502  479  465
  448  434  414  397  386  381  377  367  342  306  269  234  207  182  162  144
  135  126  126  127  132  135  137  132  130  127  130  130  132  131  137  154
  181  211  246  276  303  325  342  363  380  392  401  414  428  445  464  477
  486  490  495  494  498  491  495  494  500                                   
    10.0-180.0 180.0   5.0 450.0                            LAT/LON1/LON2/DLON/H
  514  513  522  529  544  555  566  569  566  558  544  535  517  505  482  474
  457  447  425  407  389  377  364  343  311  269  230  195  171  152  141  134
  127  124  125  127  126  130  125  122  119  118  124  122  128  123  134  147
  179  207  245  275  301  326  348  368  391  403  416  428  444  463  484  501
  510  515  517  516  514  507  506  508  514                                   
     7.5-180.0 180.0   5.0 450.0                            LAT/LON1/LON2/DLON/H
  527  521  526  522  531  535  545  544  545  537  530  520  510  497  480  469
  455  445  425  402  380  361  340  313  275  233  193  162  148  140  139  133
