data/unet/pred1390.15i
     1.0            IONOSPHERE MAPS     GNSS                IONEX VERSION / TYPE
pyspatialgeodesy        IME             05-JAN-18 20:20     PGM / RUN BY / DATE 
Map Name                                                    COMMENT             
Predicted global ionosphere maps (GIM).                     DESCRIPTION         
  2015     5    19     0     0     0                        EPOCH OF FIRST MAP  
  2015     5    20     0     0     0                        EPOCH OF LAST MAP   
  7200                                                      INTERVAL            
    13                                                      # OF MAPS IN FILE   
  NONE                                                      MAPPING FUNCTION    
10.0                                                        ELEVATION CUTOFF    
One-way carrier phase leveled to code                       OBSERVABLES USED    
  6371.0                                                    BASE RADIUS         
 2                                                          MAP DIMENSION       
   450.0 450.0   0.0                                        HGT1 / HGT2 / DHGT  
    87.5 -87.5  -2.5                                        LAT1 / LAT2 / DLAT  
  -180.0 180.0   5.0                                        LON1 / LON2 / DLON  
    -1                                                      EXPONENT            
                                                            END OF HEADER       
[from data line 3861]
    10                                                      START OF TEC MAP    
  2015     5    19    18     0     0                        EPOCH OF CURRENT MAP
    87.5-180.0 180.0   5.0 450.0                            LAT/LON1/LON2/DLON/H
  233  209  210  211  211  209  211  210  212  211  213  211  214  212  215  214
  216  215  217  216  217  216  217  216  216  215  214  212  213  210  210  208
  209  207  208  205  207  204  206  202  205  201  203  198  201  197  199  195
  199  196  200  196  200  197  201  198  201  199  202  199  202  200  202  201
  203  202  205  203  206  206  216  211  233                                   
    85.0-180.0 180.0   5.0 450.0                            LAT/LON1/LON2/DLON/H
  208  201  205  208  206  206  207  208  209  210  211  212  213  213  215  214
  216  215  216  215  217  215  215  214  214  213  210  209  208  206  204  204
  202  202  200  200  198  199  196  196  194  195  192  193  190  192  189  192
  189  193  190  194  192  195  193  196  194  197  195  197  196  198  197  199
  198  200  199  200  199  198  206  207  208                                   
    82.5-180.0 180.0   5.0 450.0                            LAT/LON1/LON2/DLON/H
  209  197  204  202  202  202  205  206  208  209  210  212  213  214  215  215
  216  215  216  216  217  216  215  213  213  211  208  207  204  202  199  197
  195  194  192  191  189  189  187  188  186  187  185  187  185  187  186  188
  187  189  188  191  190  192  192  194  194  195  195  196  196  197  196  197
  197  197  198  195  198  193  192  192  209                                   
    80.0-180.0 180.0   5.0 450.0                            LAT/LON1/LON2/DLON/H
  202  195  195  198  196  200  201  204  204  207  208  211  210  212  212  214
  214  215  215  217  216  218  215  216  213  213  208  206  202  199  194  193
  188  188  183  184  181  182  179  181  179  181  179  181  179  181  180  182
  181  182  182  185  185  186  187  189  189  190  191  191  191  192  191  192
  191  193  191  192  190  189  184  186  202                                   
    77.5-180.0 180.0   5.0 450.0                            LAT/LON1/LON2/DLON/H
  203  191  194  192  194  195  199  199  202  203  205  206  208  208  210  210
  213  213  216  216  219  217  218  216  217  212  210  205  203  197  195  190
  188  184  182  180  178  178  178  178  177  177  177  177  177  177  177  177
  178  178  180  181  182  183  184  186  186  187  188  189  188  189  188  189
  188  188  188  187  189  185  179  184  203                                   
    75.0-180.0 180.0   5.0 450.0                            LAT/LON1/LON2/DLON/H
  206  198  196  197  198  200  201  201  202  203  203  205  205  206  207  209
  211  212  216  218  222  222  224  222  223  218  216  211  209  203  200  195
  192  188  186  184  182  182  180  182  179  180  177  180  176  179  177  178
  177  178  179  180  180  181  182  183  183  184  186  186  186  187  187  187
  187  188  188  188  190  187  183  192  206                                   
    72.5-180.0 180.0   5.0 450.0                            LAT/LON1/LON2/DLON/H
  216  203  206  204  206  207  208  207  207  206  207  206  206  205  207  207
  211  212  217  219  225  226  228  228  229  226  222  218  214  209  205  200
  197  194  193  191  189  189  187  187  185  185  183  183  182  181  181  180
  179  178  178  178  178  178  179  180  180  181  181  182  183  184  184  185
  186  187  190  190  194  191  190  198  216                                   
    70.0-180.0 180.0   5.0 450.0                            LAT/LON1/LON2/DLON/H
  224  215  213  216  218  218  218  216  214  212  212  208  208  206  207  207
  209  211  216  221  227  229  232  233  234  231  227  222  219  213  210  206
  205  203  202  200  200  198  197  196  194  193  192  191  190  188  187  185
  183  181  179  178  177  176  176  176  175  175  176  177  177  179  180  182
  183  187  190  193  197  196  197  210  224                                   
    67.5-180.0 180.0   5.0 450.0                            LAT/LON1/LON2/DLON/H
  233  222  227  228  230  231  229  227  223  221  219  217  214  212  212  210
  213  215  221  226  232  236  238  239  239  236  232  227  223  218  216  212
  212  211  211  210  208  207  205  205  202  202  199  198  196  194  191  188
  184  180  178  175  172  171  170  169  168  167  167  169  169  171  173  177
  180  186  191  195  201  202  206  216  233                                   
    65.0-180.0 180.0   5.0 450.0                            LAT/LON1/LON2/DLON/H
  238  232  233  238  240  240  240  235  232  228  226  222  221  217  217  216
  217  220  225  229  235  237  239  239  240  236  233  228  225  221  220  217
  219  218  219  218  218  215  215  212  212  209  208  205  203  201  197  193
  188  184  179  175  172  169  167  165  162  161  160  161  162  164  167  171
  176  181  189  194  202  204  212  223  238                                   
    62.5-180.0 180.0   5.0 450.0                            LAT/LON1/LON2/DLON/H
  239  236  241  244  247  247  244  241  236  234  230  230  226  226  224  224
  225  227  232  235  239  240  239  240  238  235  231  228  225  223  222  221
  222  222  223  224  223  222  220  220  217  217  214  213  209  206  201  196
  190  185  179  175  169  167  162  160  156  154  152  153  153  157  160  165
  170  177  185  191  201  207  218  222  239                                   
    60.0-180.0 180.0   5.0 450.0                            LAT/LON1/LON2/DLON/H
  235  240  244  249  251  249  248  243  238  235  231  230  228  228  230  230
  231  235  237  242  241  242  238  239  235  235  229  229  227  226  226  226
  227  229  230  229  231  229  229  227  227  225  224  221  217  214  206  201
  195  189  183  178  172  166  162  156  152  148  147  147  148  151  156  160
  167  173  181  187  197  203  217  221  235                                   
    57.5-180.0 180.0   5.0 450.0                            LAT/LON1/LON2/DLON/H
  228  239  245  248  251  250  248  243  239  235  235  233  233  234  238  238
  241  243  245  246  244  243  238  238  234  233  229  229  228  229  229  230
  232  233  234  235  236  237  236  237  234  236  231  231  223  220  212  207
  198  194  186  182  173  170  162  158  150  147  145  145  145  149  152  157
  163  169  177  179  188  197  215  212  228                                   
    55.0-180.0 180.0   5.0 450.0                            LAT/LON1/LON2/DLON/H
  219  237  242  249  253  251  252  244  240  237  233  236  232  237  238  242
  243  247  245  247  241  242  234  237  230  235  229  235  231  236  234  239
  238  241  240  243  244  244  246  244  245  243  242  237  232  226  219  211
  204  197  190  184  177  171  165  158  153  148  147  146  148  152  155  159
  165  170  177  179  186  194  213  212  219                                   
    52.5-180.0 180.0   5.0 450.0                            LAT/LON1/LON2/DLON/H
  213  230  240  248  254  258  255  250  247  242  240  239  240  241  245  247
  251  250  253  247  247  241  239  237  236  237  236  240  240  243  243  246
  246  249  250  252  253  255  256  258  255  255  250  247  237  233  223  217
  207  202  193  189  180  178  170  166  158  156  152  154  153  158  160  165
  168  174  179  178  183  188  209  208  213                                   
    50.0-180.0 180.0   5.0 450.0                            LAT/LON1/LON2/DLON/H
  215  235  244  254  262  267  268  262  258  254  249  249  246  250  248  253
  252  252  251  247  245  244  240  245  241  249  246  255  252  259  255  260
  257  262  263  265  266  267  269  268  269  265  263  254  247  238  230  222
  213  206  199  193  187  183  177  172  168  163  163  161  164  167  170  172
  176  179  185  185  188  192  211  213  215                                   
    47.5-180.0 180.0   5.0 450.0                            LAT/LON1/LON2/DLON/H
  224  243  253  261  269  278  277  275  270  268  265  263  264  264  266  265
  263  259  258  252  253  250  252  252  254  260  261  267  266  271  269  272
  271  275  276  279  279  281  283  282  281  279  273  266  254  246  235  228
  217  211  202  198  191  189  183  180  175  174  172  173  173  176  178  181
  183  186  191  190  193  195  213  216  224                                   
    45.0-180.0 180.0   5.0 450.0                            LAT/LON1/LON2/DLON/H
  236  257  267  277  286  295  297  295  292  289  287  285  285  284  280  277
  271  265  259  256  252  258  255  267  263  278  275  288  285  291  288  290
  289  292  292  295  294  297  296  296  293  289  284  274  264  251  241  232
  223  215  208  201  196  193  189  185  183  181  182  182  185  187  188  189
  191  194  197  198  201  204  219  228  236                                   
    42.5-180.0 180.0   5.0 450.0                            LAT/LON1/LON2/DLON/H
  250  272  280  291  300  308  310  312  310  308  308  306  307  306  305  299
  292  280  274  270  270  271  274  280  282  292  296  305  305  310  308  309
  309  311  313  316  314  317  314  314  309  304  295  286  272  261  249  240
  228  221  210  206  198  196  191  189  188  187  189  190  191  192  193  194
  196  199  203  204  208  210  227  234  250                                   
    40.0-180.0 180.0   5.0 450.0                            LAT/LON1/LON2/DLON/H
  261  281  290  301  314  322  327  329  331  331  331  332  331  332  328  322
  312  298  288  284  278  287  284  299  299  313  319  328  334  335  338  336
  338  337  339  339  339  338  336  332  326  317  308  296  283  270  259  249
  239  228  220  211  205  199  196  191  192  193  197  198  200  200  200  200
  201  204  205  210  214  217  231  241  261                                   
    37.5-180.0 180.0   5.0 450.0                            LAT/LON1/LON2/DLON/H
  272  294  301  311  324  331  338  340  346  347  352  350  354  351  353  345
  339  329  319  314  309  312  314  323  326  337  342  355  358  368  370  372
  373  372  374  371  371  364  361  352  345  333  323  308  295  282  272  261
  250  239  229  220  214  210  206  202  204  205  213  213  214  210  208  204
  205  207  212  214  221  224  242  245  272                                   
    35.0-180.0 180.0   5.0 450.0                            LAT/LON1/LON2/DLON/H
  277  299  306  321  331  342  349  356  362  367  369  373  374  377  375  373
  363  356  345  339  332  335  333  343  345  358  366  382  394  404  412  416
  418  420  424  422  418  408  395  381  367  353  342  328  315  302  290  278
  264  250  236  224  220  213  213  208  213  215  226  227  232  226  222  212
  211  213  217  221  225  230  243  250  277                                   
    32.5-180.0 180.0   5.0 450.0                            LAT/LON1/LON2/DLON/H
  280  301  308  317  337  339  354  361  374  379  388  392  398  401  402  398
  393  385  380  378  376  377  377  377  378  388  400  417  434  445  457  461
  472  472  478  469  464  444  427  406  388  370  358  344  331  317  301  289
  270  258  243  238  228  229  224  224  226  228  236  235  237  231  232  228
  225  223  226  228  230  232  247  250  280                                   
    30.0-180.0 180.0   5.0 450.0                            LAT/LON1/LON2/DLON/H
  275  295  305  320  331  341  353  366  379  388  397  405  410  418  418  421
  417  415  411  413  416  418  418  419  419  430  443  461  480  495  508  515
  520  521  515  506  492  479  453  434  412  396  380  366  349  335  316  303
  276  264  246  243  239  238  240  238  244  248  260  258  262  252  248  233
  233  234  237  240  237  241  244  248  275                                   
    27.5-180.0 180.0   5.0 450.0                            LAT/LON1/LON2/DLON/H
  270  289  299  311  327  336  353  369  383  397  406  417  426  435  440  440
  442  440  442  446  457  458  462  457  462  470  490  506  528  540  556  557
  563  554  548  533  518  496  476  451  433  413  397  380  361  345  320  308
  282  276  257  261  251  253  250  254  259  268  280  286  293  289  282  270
  258  247  250  250  244  241  242  250  270                                   
    25.0-180.0 180.0   5.0 450.0                            LAT/LON1/LON2/DLON/H
  269  283  296  311  323  342  352  372  387  404  416  428  441  451  458  461
  463  463  471  477  493  495  505  499  510  516  539  556  580  598  607  610
  605  598  584  573  551  530  503  480  455  442  418  403  375  359  328  315
  278  265  251  256  260  262  263  270  275  290  299  312  319  320  317  310
  300  277  266  260  250  245  242  252  269                                   
    22.5-180.0 180.0   5.0 450.0                            LAT/LON1/LON2/DLON/H
  270  283  293  305  326  340  362  377  401  415  432  443  460  474  484  487
  491  492  500  507  523  526  536  534  549  555  584  603  630  640  647  639
  633  620  610  597  575  550  516  486  460  440  415  397  371  352  318  303
  275  265  254  261  263  271  273  286  291  309  319  331  340  341  342  339
  341  324  299  280  265  251  239  255  270                                   
    20.0-180.0 180.0   5.0 450.0                            LAT/LON1/LON2/DLON/H
  276  282  297  310  321  341  362  384  407  424  438  456  473  495  505  512
  516  518  527  534  550  554  566  567  586  601  636  658  680  686  680  670
  656  642  626  615  590  560  521  482  448  421  400  377  354  334  308  293
  272  259  255  258  265  270  274  284  293  307  318  331  342  342  345  348
  354  354  328  299  276  256  243  248  276                                   
    17.5-180.0 180.0   5.0 450.0                            LAT/LON1/LON2/DLON/H
  278  285  300  310  325  337  365  381  412  420  445  457  484  505  521  533
  539  547  558  569  581  588  598  607  625  649  681  697  704  701  692  672
  659  644  633  623  595  562  515  476  440  413  385  362  339  321  303  289
  276  262  256  255  267  267  276  284  296  301  314  318  335  332  339  337
  343  342  334  307  281  260  242  253  278                                   
    15.0-180.0 180.0   5.0 450.0                            LAT/LON1/LON2/DLON/H
  267  272  294  314  329  345  363  389  417  435  455  481  502  531  541  558
  565  578  591  603  616  622  636  646  667  685  705  713  715  709  689  669
  653  643  635  624  598  553  510  465  435  399  378  349  332  311  300  287
  284  267  264  257  268  277  280  290  295  305  305  309  317  318  319  317
  316  317  310  298  269  252  243  241  267                                   
    12.5-180.0 180.0   5.0 450.0                            LAT/LON1/LON2/DLON/H
  256  261  281  307  330  346  367  392  424  442  470  489  519  548  560  580
  586  606  618  636  647  659  670  682  689  701  711  716  716  697  677  656
  645  637  632  624  594  553  511  476  442  411  385  358  340  321  313  305
  300  285  278  272  282  283  291  289  298  292  289  280  281  281  285  281
  284  286  280  272  251  242  230  234  256                                   
    10.0-180.0 180.0   5.0 450.0                            LAT/LON1/LON2/DLON/H
  238  240  270  299  322  343  364  398  428  452  478  504  530  566  578  600
  607  627  641  660  672  684  696  704  708  709  718  721  713  690  668  647
  638  629  624  612  583  539  508  472  449  414  394  363  351  330  329  319
  318  299  294  283  291  285  286  282  280  272  258  248  240  246  247  248
  244  248  242  239  225  215  207  212  238                                   
     7.5-180.0 180.0   5.0 450.0                            LAT/LON1/LON2/DLON/H
  222  231  256  294  317  342  369  405  432  456  484  507  542  569  590  608
  617  638  652  672  678  694  702  709  707  709  716  715  705  680  661  642
