data/unet/pred3510.15i
     1.0            IONOSPHERE MAPS     GNSS                IONEX VERSION / TYPE
pyspatialgeodesy        IME             05-JAN-18 20:20     PGM / RUN BY / DATE 
Map Name                                                    COMMENT             
Predicted global ionosphere maps (GIM).                     DESCRIPTION         
  2015    12    17     0     0     0                        EPOCH OF FIRST MAP  
  2015    12    18     0     0     0                        EPOCH OF LAST MAP   
  7200                                                      INTERVAL            
    13                                                      # OF MAPS IN FILE   
  NONE                                                      MAPPING FUNCTION    
10.0                                                        ELEVATION CUTOFF    
One-way carrier phase leveled to code                       OBSERVABLES USED    
  6371.0                                                    BASE RADIUS         
 2                                                          MAP DIMENSION       
   450.0 450.0   0.0                                        HGT1 / HGT2 / DHGT  
    87.5 -87.5  -2.5                                        LAT1 / LAT2 / DLAT  
  -180.0 180.0   5.0                                        LON1 / LON2 / DLON  
    -1                                                      EXPONENT            
                                                            END OF HEADER       
[from data line 3003]
     8                                                      START OF TEC MAP    
  2015    12    17    14     0     0                        EPOCH OF CURRENT MAP
    87.5-180.0 180.0   5.0 450.0                            LAT/LON1/LON2/DLON/H
   34   49   53   54   53   54   53   54   52   53   51   51   50   50   49   49
   48   48   46   46   45   45   43   43   42   41   40   40   40   39   38   38
   38   38   37   37   38   37   37   36   37   35   36   35   36   35   36   35
   37   36   37   37   39   39   39   40   41   41   41   42   43   43   43   44
   45   45   45   47   46   48   57   50   34                                   
    85.0-180.0 180.0   5.0 450.0                            LAT/LON1/LON2/DLON/H
   44   56   45   42   46   46   48   47   49   47   49   47   49   47   48   46
   49   45   48   44   47   43   46   42   45   41   44   39   43   38   41   37
   40   36   39   35   39   34   38   33   38   33   37   33   37   33   37   33
   37   34   37   34   38   34   37   34   37   34   37   34   38   35   38   35
   39   36   40   37   43   43   49   35   44                                   
    82.5-180.0 180.0   5.0 450.0                            LAT/LON1/LON2/DLON/H
   38   37   33   33   35   33   36   35   38   35   37   36   38   35   36   35
   36   34   34   33   34   32   33   31   32   30   31   29   30   28   28   26
   27   25   26   24   25   23   24   22   23   20   21   19   21   19   20   18
   21   19   21   20   23   21   23   22   23   22   23   23   24   23   24   23
   25   24   25   24   25   24   29   20   38                                   
    80.0-180.0 180.0   5.0 450.0                            LAT/LON1/LON2/DLON/H
   32   27   21   24   24   27   27   29   28   30   28   31   29   30   28   30
   29   29   28   30   29   30   28   31   29   31   27   30   27   29   24   29
   24   28   23   27   23   26   21   24   20   21   16   19   16   18   15   18
   16   19   16   20   18   20   18   21   18   20   17   20   17   19   16   18
   16   18   16   19   16   18   22    8   32                                   
    77.5-180.0 180.0   5.0 450.0                            LAT/LON1/LON2/DLON/H
   19   21   19   18   21   20   24   24   25   24   26   25   25   24   24   23
   22   22   23   24   25   26   29   29   30   29   30   30   29   28   28   28
   27   27   27   27   27   25   25   22   21   17   18   14   15   12   14   13
   15   14   17   16   18   18   19   18   19   18   18   18   17   17   17   16
   16   16   16   15   14   12   18    1   19                                   
    75.0-180.0 180.0   5.0 450.0                            LAT/LON1/LON2/DLON/H
   21   14   13   12   16   16   20   18   21   19   21   19   21   17   20   17
   19   17   21   20   26   26   32   31   36   34   37   35   36   34   35   33
   34   33   34   33   33   32   31   27   26   21   20   15   16   12   14   12
   16   15   18   18   21   19   22   20   21   19   20   18   19   16   18   16
   18   16   17   16   16   13   20   -1   21                                   
    72.5-180.0 180.0   5.0 450.0                            LAT/LON1/LON2/DLON/H
   16   18   15   13   14   15   17   17   19   18   19   19   18   17   16   16
   15   16   18   23   27   32   36   41   44   45   46   45   45   43   44   42
   43   41   43   43   42   40   39   35   32   27   24   20   18   15   16   15
   17   17   21   21   23   22   25   23   24   21   23   20   22   19   22   19
   22   20   23   21   21   17   23    1   16                                   
    70.0-180.0 180.0   5.0 450.0                            LAT/LON1/LON2/DLON/H
   25   18   17   13   16   14   17   16   18   16   18   17   17   14   14   12
   12   12   17   21   29   35   44   49   56   57   59   58   56   53   52   51
   50   51   51   53   52   50   47   43   37   30   27   22   21   17   18   16
   19   18   22   22   26   23   27   24   26   23   25   22   24   21   24   22
   25   23   26   26   26   23   29    7   25                                   
    67.5-180.0 180.0   5.0 450.0                            LAT/LON1/LON2/DLON/H
   22   24   21   17   16   15   17   17   18   18   18   19   17   15   12   11
   10   12   16   25   33   43   52   63   67   73   72   73   69   67   64   64
   62   63   63   66   64   63   58   54   47   40   34   29   26   22   22   21
   21   22   24   25   27   26   27   26   27   25   26   24   26   24   27   26
   29   28   32   32   32   28   32   12   22                                   
    65.0-180.0 180.0   5.0 450.0                            LAT/LON1/LON2/DLON/H
   30   23   24   19   19   16   18   16   19   17   20   18   17   14   12    9
   10   11   17   26   36   49   61   73   80   82   83   80   77   74   72   71
   70   72   72   74   73   71   67   61   53   45   37   30   27   23   23   19
   22   19   24   22   26   24   26   23   25   24   26   24   26   24   28   26
   29   30   33   34   35   32   36   19   30                                   
    62.5-180.0 180.0   5.0 450.0                            LAT/LON1/LON2/DLON/H
   22   27   26   22   20   18   19   18   19   19   20   21   18   15   12   10
    8   12   18   29   41   57   70   83   88   91   89   89   85   83   81   80
   80   81   82   82   81   77   73   67   59   51   42   36   31   28   25   24
   23   23   24   24   24   24   24   24   24   24   25   25   26   26   28   28
   30   31   34   35   36   33   34   18   22                                   
    60.0-180.0 180.0   5.0 450.0                            LAT/LON1/LON2/DLON/H
   25   23   26   22   22   18   19   16   19   17   20   18   18   13   12    9
   11   13   22   33   48   63   78   87   94   94   93   91   90   88   88   89
   89   90   89   88   85   81   76   68   61   52   45   37   33   28   26   23
   23   21   22   21   23   20   22   21   23   22   25   24   28   26   29   28
   31   30   33   34   35   31   35   20   25                                   
    57.5-180.0 180.0   5.0 450.0                            LAT/LON1/LON2/DLON/H
   18   26   26   25   24   21   21   19   19   18   19   20   17   15   13   13
   14   17   26   39   55   70   83   92   94   96   94   95   95   97   99  101
  101  101   99   95   91   86   80   74   67   59   53   46   41   36   32   30
   25   25   24   23   22   21   22   22   23   23   26   28   29   29   31   30
   31   31   33   34   34   31   31   16   18                                   
    55.0-180.0 180.0   5.0 450.0                            LAT/LON1/LON2/DLON/H
   27   26   29   27   28   24   24   19   20   16   19   16   18   14   17   14
   18   22   34   47   63   77   88   93   95   95   97   99  103  106  111  113
  114  112  108  103   98   92   85   79   73   65   60   53   48   42   38   32
   30   27   27   24   26   22   25   23   27   26   32   31   36   33   36   32
   34   32   34   34   34   32   36   22   27                                   
    52.5-180.0 180.0   5.0 450.0                            LAT/LON1/LON2/DLON/H
   29   37   36   38   37   34   32   28   25   22   21   21   19   20   21   21
   26   31   45   58   72   84   91   97   97   98  100  106  112  117  123  126
  126  122  115  111  104   99   94   89   83   77   72   65   59   53   50   44
   39   36   35   33   33   30   31   31   33   35   38   40   42   42   43   40
   39   38   40   39   40   37   39   26   29                                   
    50.0-180.0 180.0   5.0 450.0                            LAT/LON1/LON2/DLON/H
   46   46   48   48   50   45   43   35   32   26   26   22   24   20   26   25
   33   41   58   70   84   91   97   99  100  102  106  114  122  128  135  137
  136  130  123  118  113  109  104  101   96   91   85   79   74   66   61   53
   51   44   45   40   42   37   40   38   43   43   49   49   54   51   54   48
   51   45   49   48   50   46   51   43   46                                   
    47.5-180.0 180.0   5.0 450.0                            LAT/LON1/LON2/DLON/H
   57   63   63   65   65   60   55   48   43   37   33   31   30   30   33   37
   47   56   72   84   94  100  102  105  105  109  115  123  131  135  140  140
  137  131  123  123  118  118  115  115  111  107  101   96   89   82   75   68
   63   59   57   56   53   49   49   51   51   54   57   60   62   62   62   61
   59   58   59   61   62   61   63   58   57                                   
    45.0-180.0 180.0   5.0 450.0                            LAT/LON1/LON2/DLON/H
   70   73   75   76   77   72   68   59   53   46   43   37   37   34   40   42
   57   67   84   95  105  107  110  111  112  119  124  132  136  138  138  135
  132  126  123  124  124  127  127  127  125  121  116  110  103   96   87   79
   74   68   68   64   63   57   57   57   60   61   65   65   70   69   71   66
   70   66   71   69   74   72   75   78   70                                   
    42.5-180.0 180.0   5.0 450.0                            LAT/LON1/LON2/DLON/H
   75   84   84   87   88   80   78   69   64   56   54   48   46   44   49   55
   70   81   97  108  114  117  119  122  125  130  136  140  140  136  131  127
  122  120  120  126  130  137  139  141  138  134  128  122  114  106   97   89
   81   77   74   72   68   63   61   61   62   64   65   69   70   72   73   73
   72   73   75   78   81   80   85   88   75                                   
    40.0-180.0 180.0   5.0 450.0                            LAT/LON1/LON2/DLON/H
   80   85   86   88   90   86   82   74   70   64   62   56   54   50   58   62
   79   90  107  116  125  125  130  132  137  142  145  145  140  131  124  118
  119  121  128  134  143  149  154  153  151  144  139  131  124  115  105   95
   88   82   80   75   72   64   63   60   64   63   65   67   70   71   74   73
   75   73   78   77   82   81   86   92   80                                   
    37.5-180.0 180.0   5.0 450.0                            LAT/LON1/LON2/DLON/H
   73   82   83   88   89   84   82   76   75   69   70   64   63   60   67   76
   90  101  115  125  131  136  141  146  150  154  155  152  142  132  123  123
  127  138  146  158  165  171  171  170  164  156  148  140  133  122  113  102
   94   88   84   79   73   65   62   60   62   62   63   64   66   68   70   72
   72   72   73   75   77   78   82   86   73                                   
    35.0-180.0 180.0   5.0 450.0                            LAT/LON1/LON2/DLON/H
   68   73   75   77   80   78   76   72   72   70   72   67   69   65   77   80
  100  108  125  130  141  145  153  156  162  164  163  156  146  136  133  137
  152  168  184  192  200  198  197  186  181  167  160  149  144  133  124  112
  105   96   91   83   79   69   65   60   62   62   61   61   62   64   67   67
   68   67   68   67   69   70   73   76   68                                   
    32.5-180.0 180.0   5.0 450.0                            LAT/LON1/LON2/DLON/H
   54   60   61   68   68   67   66   65   67   66   71   69   73   75   85   94
  111  119  132  139  149  158  165  169  171  172  168  165  156  153  156  173
  197  218  235  242  243  236  225  211  198  184  175  165  158  147  140  129
  121  112  105   98   90   82   76   71   68   66   63   63   60   64   63   67
   65   64   63   62   61   62   63   62   54                                   
    30.0-180.0 180.0   5.0 450.0                            LAT/LON1/LON2/DLON/H
   52   51   52   54   56   55   55   53   57   59   65   64   74   73   91   98
  119  125  141  145  161  168  175  178  179  178  178  176  179  181  199  223
  257  278  293  295  292  279  261  239  224  205  197  185  182  171  166  154
  151  140  136  125  118  105   99   92   88   83   76   71   68   67   68   68
   68   65   64   59   57   57   59   51   52                                   
    27.5-180.0 180.0   5.0 450.0                            LAT/LON1/LON2/DLON/H
   51   47   43   50   46   48   44   46   48   52   58   63   72   78   96  109
  128  136  149  157  170  180  184  187  183  183  186  195  205  222  249  286
  318  342  350  350  338  323  300  277  257  237  225  215  210  200  195  187
  184  178  173  167  158  147  139  129  121  111  102   93   86   85   81   83
   78   75   68   66   61   60   58   47   51                                   
    25.0-180.0 180.0   5.0 450.0                            LAT/LON1/LON2/DLON/H
   56   51   49   48   49   46   46   40   44   44   52   54   69   74   98  112
  134  143  160  168  181  191  195  193  190  192  203  216  241  266  306  342
  382  397  401  390  373  355  331  311  288  271  260  250  245  235  231  223
  223  218  217  210  205  193  185  174  164  149  135  122  114  108  105   99
   96   90   84   78   73   71   67   52   56                                   
    22.5-180.0 180.0   5.0 450.0                            LAT/LON1/LON2/DLON/H
   61   67   60   59   55   52   48   46   43   45   49   56   66   77   98  118
  141  154  169  179  191  201  201  199  195  203  217  246  276  317  364  407
  440  449  443  426  408  389  366  346  325  309  296  290  282  278  271  270
  264  267  263  262  255  247  234  220  205  187  171  154  142  136  131  128
  117  110  101   98   93   90   77   66   61                                   
    20.0-180.0 180.0   5.0 450.0                            LAT/LON1/LON2/DLON/H
   77   86   79   74   68   63   58   51   49   46   50   52   65   75  101  120
  148  163  180  189  199  208  208  205  208  220  244  275  321  366  418  453
  488  485  479  449  428  408  386  370  352  342  328  324  316  315  309  309
  304  310  303  308  298  295  278  266  243  223  199  184  168  161  154  151
  143  135  124  122  115  110   95   72   77                                   
    17.5-180.0 180.0   5.0 450.0                            LAT/LON1/LON2/DLON/H
   88  105   88   83   82   77   71   62   58   54   56   61   70   81  105  125
  153  171  188  200  207  217  214  217  224  245  272  314  361  404  455  490
  522  517  507  474  449  425  410  392  380  373  362  358  348  349  342  343
  337  340  336  336  328  318  306  290  272  249  227  205  192  182  176  170
  163  156  147  144  139  130  113   96   88                                   
    15.0-180.0 180.0   5.0 450.0                            LAT/LON1/LON2/DLON/H
  103  106   91   84   82   78   81   71   65   59   61   61   72   86  109  130
  160  180  201  208  218  223  230  235  251  273  308  348  392  432  476  502
  522  515  503  471  449  430  418  408  400  396  387  384  375  374  367  364
  352  351  341  339  325  315  298  284  265  250  230  217  200  192  179  174
  167  164  158  151  141  135  128  105  103                                   
    12.5-180.0 180.0   5.0 450.0                            LAT/LON1/LON2/DLON/H
  104  111   92   87   83   80   85   78   77   69   71   74   86   97  120  144
  173  194  216  222  229  236  245  259  279  309  344  374  414  444  482  499
  515  503  494  466  453  436  434  427  424  423  414  411  401  399  387  378
  364  355  344  332  315  296  278  262  250  235  224  211  201  191  182  175
  170  164  158  150  145  139  137  117  104                                   
    10.0-180.0 180.0   5.0 450.0                            LAT/LON1/LON2/DLON/H
  110  108   90   89   85   84   88   81   79   75   77   75   90  102  130  156
  185  210  231  237  244  253  268  285  314  344  375  400  429  453  477  486
  495  482  474  452  443  437  436  437  434  437  427  426  418  412  401  387
  365  351  329  314  289  272  249  237  226  219  208  204  195  190  178  174
  165  161  153  146  136  134  135  117  110                                   
     7.5-180.0 180.0   5.0 450.0                            LAT/LON1/LON2/DLON/H
  100  108   92   89   87   86   85   79   80   77   83   93  106  127  149  177
  207  232  254  258  266  273  293  314  342  372  398  420  440  452  465  470
