data/unet/pred1250.15i
     1.0            IONOSPHERE MAPS     GNSS                IONEX VERSION / TYPE
pyspatialgeodesy        IME             05-JAN-18 20:20     PGM / RUN BY / DATE 
Map Name                                                    COMMENT             
Predicted global ionosphere maps (GIM).                     DESCRIPTION         
  2015     5     5     0     0     0                        EPOCH OF FIRST MAP  
  2015     5     6     0     0     0                        EPOCH OF LAST MAP   
  7200                                                      INTERVAL            
    13                                                      # OF MAPS IN FILE   
  NONE                                                      MAPPING FUNCTION    
10.0                                                        ELEVATION CUTOFF    
One-way carrier phase leveled to code                       OBSERVABLES USED    
  6371.0                                                    BASE RADIUS         
 2                                                          MAP DIMENSION       
   450.0 450.0   0.0                                        HGT1 / HGT2 / DHGT  
    87.5 -87.5  -2.5                                        LAT1 / LAT2 / DLAT  
  -180.0 180.0   5.0                                        LON1 / LON2 / DLON  
    -1                                                      EXPONENT            
                                                            END OF HEADER       
     1                                                      START OF TEC MAP    
  2015     5     5     0     0     0                        EPOCH OF CURRENT MAP
    87.5-180.0 180.0   5.0 450.0                            LAT/LON1/LON2/DLON/H
  207  189  192  193  193  191  192  191  192  190  190  188  189  186  186  183
  183  180  179  176  175  172  171  168  168  165  166  162  163  160  160  157
  157  155  156  154  154  153  154  153  155  155  157  157  160  160  164  164
  168  169  172  173  176  176  178  178  181  180  182  181  183  182  184  183
  186  185  186  185  190  185  177  193  207                                   
    85.0-180.0 180.0   5.0 450.0                            LAT/LON1/LON2/DLON/H
  187  191  198  199  200  197  200  198  201  199  201  199  201  199  199  197
  197  194  193  190  188  185  182  179  177  173  172  168  167  164  162  159
  159  157  157  155  155  155  156  155  157  157  160  160  163  164  168  169
  172  174  178  179  182  183  185  186  188  188  189  189  191  190  191  190
  192  191  192  191  194  189  186  173  187                                   
    82.5-180.0 180.0   5.0 450.0                            LAT/LON1/LON2/DLON/H
  189  191  193  197  197  196  198  199  201  202  204  205  207  206  207  205
  205  201  200  196  194  189  186  180  177  171  169  163  162  156  156  150
  151  147  149  146  148  147  150  148  152  151  155  155  159  160  164  165
  170  171  176  177  182  182  186  186  190  189  192  191  193  191  192  190
  192  190  190  189  192  186  179  174  189                                   
    80.0-180.0 180.0   5.0 450.0                            LAT/LON1/LON2/DLON/H
  186  186  188  192  192  195  196  201  202  207  209  213  213  215  214  215
  212  211  208  205  200  196  190  185  179  174  168  163  158  154  151  148
  146  144  144  144  144  145  146  147  149  150  152  154  156  159  162  165
  168  171  175  179  182  185  187  190  191  193  193  195  194  195  194  194
  192  192  190  190  190  186  178  173  186                                   
    77.5-180.0 180.0   5.0 450.0                            LAT/LON1/LON2/DLON/H
  179  178  178  182  183  186  191  195  200  204  209  212  215  216  217  216
  215  212  210  206  202  197  192  186  180  174  168  162  157  153  150  148
  146  145  145  145  145  146  147  148  148  149  150  151  153  155  157  160
  164  168  172  176  179  182  185  187  188  190  191  191  191  191  191  190
  189  187  186  185  187  182  177  172  179                                   
    75.0-180.0 180.0   5.0 450.0                            LAT/LON1/LON2/DLON/H
  177  174  174  176  178  180  186  190  196  200  206  208  212  212  214  212
  212  208  208  203  201  195  192  185  180  173  168  162  158  153  151  148
  148  147  148  147  148  148  149  148  148  146  147  146  148  148  152  153
  159  162  169  172  178  180  183  184  187  187  188  187  189  188  189  187
  188  185  186  184  186  182  177  173  177                                   
    72.5-180.0 180.0   5.0 450.0                            LAT/LON1/LON2/DLON/H
  177  173  172  172  173  174  180  184  191  195  201  203  205  205  206  203
  203  199  198  195  193  189  187  181  176  170  165  160  155  151  149  147
  147  146  147  147  147  146  147  144  143  140  140  137  139  139  143  145
  151  155  162  167  173  176  179  181  183  183  183  183  183  183  184  184
  184  184  185  186  188  186  181  178  177                                   
    70.0-180.0 180.0   5.0 450.0                            LAT/LON1/LON2/DLON/H
  180  176  175  173  172  171  177  180  188  191  197  198  200  199  198  195
  193  191  190  187  186  184  182  177  172  167  162  157  152  149  147  146
  146  145  146  145  145  143  143  138  136  132  131  128  129  129  134  137
  144  149  158  163  170  173  177  178  180  179  181  179  181  180  182  182
  185  185  189  190  194  192  188  185  180                                   
    67.5-180.0 180.0   5.0 450.0                            LAT/LON1/LON2/DLON/H
  188  184  180  177  174  173  176  181  187  192  197  199  199  197  195  191
  188  184  183  181  180  178  176  171  167  162  157  152  148  145  144  143
  143  141  141  139  138  135  134  129  126  122  121  118  119  120  126  131
  140  147  156  163  170  173  178  179  180  180  181  180  180  180  181  182
  185  188  192  196  202  201  198  193  188                                   
    65.0-180.0 180.0   5.0 450.0                            LAT/LON1/LON2/DLON/H
  196  193  189  184  180  176  179  182  189  195  200  202  202  200  196  192
  187  184  181  179  177  175  173  168  163  158  153  148  144  142  141  140
  138  136  135  132  130  126  124  120  117  112  112  109  111  113  120  126
  137  146  157  164  171  175  179  180  183  183  184  183  184  182  183  183
  187  190  197  202  210  210  206  202  196                                   
    62.5-180.0 180.0   5.0 450.0                            LAT/LON1/LON2/DLON/H
  205  201  197  192  187  182  183  186  193  199  204  208  208  206  202  198
  193  188  185  182  180  177  173  167  162  155  150  146  143  141  140  138
  135  132  128  124  120  116  114  111  109  106  106  105  107  110  119  126
  137  147  159  167  176  180  185  187  190  190  192  190  190  187  186  186
  189  191  198  205  214  216  213  209  205                                   
    60.0-180.0 180.0   5.0 450.0                            LAT/LON1/LON2/DLON/H
  213  209  207  201  195  190  190  192  198  203  209  213  214  214  211  208
  202  198  194  191  186  182  176  170  162  155  150  146  144  142  141  139
  136  130  125  119  115  111  109  107  106  105  106  105  108  111  119  127
  139  150  162  171  179  184  189  193  197  199  201  200  200  195  193  190
  192  193  200  206  217  219  217  214  213                                   
    57.5-180.0 180.0   5.0 450.0                            LAT/LON1/LON2/DLON/H
  225  218  216  210  205  200  198  199  203  207  211  216  219  221  221  218
  215  211  206  201  196  190  184  175  168  160  155  152  150  149  148  145
  139  133  125  119  114  111  111  110  110  109  110  109  111  115  123  131
  142  153  165  173  182  188  196  200  206  209  212  210  209  203  199  195
  195  195  201  207  217  221  220  218  225                                   
    55.0-180.0 180.0   5.0 450.0                            LAT/LON1/LON2/DLON/H
  234  229  229  225  219  213  210  209  210  211  214  218  222  227  228  230
  226  222  216  211  204  199  192  184  176  168  163  161  160  160  157  154
  147  139  131  125  120  119  119  119  119  118  118  116  117  120  127  134
  144  154  165  174  183  191  200  207  215  219  224  222  220  212  208  201
  202  200  206  210  219  223  223  223  234                                   
    52.5-180.0 180.0   5.0 450.0                            LAT/LON1/LON2/DLON/H
  249  242  246  242  238  232  228  224  220  218  217  219  224  229  233  235
  234  230  225  218  213  208  202  195  188  181  176  173  173  172  169  164
  156  148  140  134  131  130  132  132  133  130  129  125  125  126  131  136
  146  153  164  172  183  191  203  212  223  229  235  233  231  222  216  209
  209  207  212  215  224  228  230  231  249                                   
    50.0-180.0 180.0   5.0 450.0                            LAT/LON1/LON2/DLON/H
  265  261  268  266  261  256  251  245  238  230  224  223  226  232  236  240
  238  236  230  225  219  216  211  205  199  193  188  185  184  182  178  171
  163  155  148  144  143  144  146  148  146  143  140  135  133  131  134  137
  144  150  159  168  179  189  203  214  226  234  241  240  239  230  225  216
  219  216  223  224  233  237  240  243  265                                   
    47.5-180.0 180.0   5.0 450.0                            LAT/LON1/LON2/DLON/H
  284  283  290  291  288  284  279  272  261  250  237  232  231  234  238  240
  239  236  233  230  228  225  222  217  211  205  200  195  192  188  182  174
  166  159  154  153  154  157  161  162  161  157  153  146  143  138  140  140
  146  148  157  163  176  187  203  214  228  236  244  243  244  236  232  226
  230  230  238  240  248  252  254  255  284                                   
    45.0-180.0 180.0   5.0 450.0                            LAT/LON1/LON2/DLON/H
  301  307  315  318  316  315  310  303  293  277  260  249  244  243  243  244
  241  240  237  238  236  237  233  227  220  213  206  199  194  187  179  170
  163  159  157  159  163  168  173  175  174  171  165  158  152  146  144  143
  146  147  154  160  173  186  202  216  229  237  245  245  247  240  238  235
  242  245  253  256  264  268  271  275  301                                   
    42.5-180.0 180.0   5.0 450.0                            LAT/LON1/LON2/DLON/H
  319  327  337  341  342  342  340  334  323  306  287  272  263  259  254  251
  246  244  244  246  249  249  246  238  230  218  209  200  191  182  173  165
  160  158  159  163  170  176  184  187  188  185  180  172  165  157  154  149
  150  149  155  162  176  189  207  220  233  239  246  246  250  244  244  243
  253  258  268  271  281  285  288  293  319                                   
    40.0-180.0 180.0   5.0 450.0                            LAT/LON1/LON2/DLON/H
  336  350  360  363  365  366  364  360  351  335  316  300  289  281  271  265
  257  256  257  263  265  266  259  249  237  223  210  199  189  178  169  161
  157  156  161  167  176  185  194  200  202  202  196  190  181  174  166  160
  157  154  158  164  178  192  211  223  237  241  247  248  253  248  250  252
  263  269  281  287  296  302  311  314  336                                   
    37.5-180.0 180.0   5.0 450.0                            LAT/LON1/LON2/DLON/H
  355  372  382  383  383  384  382  380  372  359  342  327  315  305  293  283
  275  273  276  281  285  282  273  259  245  229  215  203  192  182  172  165
  161  161  166  173  184  193  205  211  217  217  215  208  200  190  181  171
  166  160  163  168  182  198  215  228  240  244  248  249  254  254  257  261
  273  281  293  300  310  318  326  331  355                                   
    35.0-180.0 180.0   5.0 450.0                            LAT/LON1/LON2/DLON/H
  377  392  402  402  401  400  397  397  390  380  365  352  341  330  315  304
  294  293  295  303  305  301  286  271  255  239  225  213  203  194  185  178
  175  175  181  187  197  205  215  223  230  233  231  226  216  206  194  183
  174  165  166  170  183  195  214  224  237  239  245  246  255  255  262  268
  281  290  304  313  325  336  348  353  377                                   
    32.5-180.0 180.0   5.0 450.0                            LAT/LON1/LON2/DLON/H
  408  418  433  432  428  424  419  418  411  401  387  376  365  355  340  326
  317  314  318  322  323  313  297  280  266  252  241  231  222  214  208  203
  200  200  204  209  215  220  227  232  239  242  243  238  229  215  202  189
  178  169  166  168  178  190  205  215  225  229  235  240  249  255  263  271
  284  295  309  321  335  350  363  374  408                                   
    30.0-180.0 180.0   5.0 450.0                            LAT/LON1/LON2/DLON/H
  445  456  470  472  469  463  453  449  438  428  413  402  391  380  364  350
  338  334  333  336  332  322  305  290  279  272  264  258  251  246  239  236
  232  233  234  236  237  239  239  242  245  249  249  244  236  221  206  191
  179  167  162  160  168  176  191  201  214  219  228  234  247  254  267  275
  290  301  315  328  345  364  388  402  445                                   
    27.5-180.0 180.0   5.0 450.0                            LAT/LON1/LON2/DLON/H
  483  496  515  520  520  514  504  493  480  465  448  435  425  412  395  377
  363  353  349  346  340  327  312  299  293  289  288  284  281  277  275  273
  271  270  269  266  262  256  251  247  247  248  246  242  234  219  203  187
  174  161  154  149  152  159  171  184  200  209  222  232  246  259  271  282
  294  308  322  335  356  376  403  430  483                                   
    25.0-180.0 180.0   5.0 450.0                            LAT/LON1/LON2/DLON/H
  510  531  556  574  582  583  571  558  539  517  496  479  465  451  430  408
  387  372  360  354  342  332  318  311  309  311  311  313  310  309  304  303
  299  296  290  282  273  263  252  246  243  245  241  238  228  213  197  180
  167  151  141  132  134  140  151  167  187  202  221  236  254  271  286  299
  311  323  336  351  374  396  429  465  510                                   
    22.5-180.0 180.0   5.0 450.0                            LAT/LON1/LON2/DLON/H
  534  561  597  626  643  650  643  629  608  583  558  536  517  497  473  447
  421  397  379  364  351  338  328  322  323  325  326  325  324  320  317  312
  306  298  289  277  263  250  239  236  234  236  231  228  215  203  187  171
  156  137  126  115  117  122  136  155  178  199  224  246  265  286  302  318
  331  345  357  374  398  418  453  496  534                                   
    20.0-180.0 180.0   5.0 450.0                            LAT/LON1/LON2/DLON/H
  555  587  627  673  704  725  729  718  698  668  636  607  583  556  527  494
  459  427  398  378  360  350  339  337  336  336  331  327  322  317  311  304
  295  285  272  254  237  226  219  220  220  222  217  214  204  191  176  159
  145  125  113  101  104  109  125  148  177  204  233  260  282  306  325  342
  358  373  387  403  424  442  478  518  555                                   
    17.5-180.0 180.0   5.0 450.0                            LAT/LON1/LON2/DLON/H
  572  603  646  697  736  768  782  787  774  750  715  681  649  619  585  548
  507  466  430  403  382  367  356  348  343  332  321  309  300  290  283  274
  266  253  239  222  209  201  198  204  206  208  206  203  193  181  166  150
  135  117  105   93   97  102  122  148  182  213  245  276  300  327  349  369
  384  402  415  433  452  466  498  537  572                                   
    15.0-180.0 180.0   5.0 450.0                            LAT/LON1/LON2/DLON/H
  585  614  650  704  748  788  817  834  839  819  788  751  714  677  643  602
  558  511  467  433  407  390  371  358  341  319  298  277  265  253  247  237
  227  212  199  186  177  175  182  190  194  195  194  190  182  169  157  139
  127  110   98   87   91   98  121  151  189  223  256  288  316  347  373  390
  408  426  442  461  482  491  521  547  585                                   
    12.5-180.0 180.0   5.0 450.0                            LAT/LON1/LON2/DLON/H
  592  614  642  687  725  768  799  834  847  845  824  792  756  721  684  648
  605  557  509  469  438  413  386  359  330  295  265  241  228  218  214  204
  192  180  170  164  162  169  179  189  191  190  187  182  174  161  146  129
  118  104   94   86   90   99  121  157  195  230  262  294  327  359  381  401
  419  439  458  481  503  513  534  555  592                                   
    10.0-180.0 180.0   5.0 450.0                            LAT/LON1/LON2/DLON/H
  597  614  631  664  694  731  768  808  836  845  835  807  775  743  711  677
  640  593  544  500  465  430  394  357  312  269  234  211  203  195  193  183
  173  163  157  156  162  174  189  194  192  187  183  177  171  155  140  123
  112  101   89   84   89  100  124  160  199  235  268  300  333  361  386  404
  422  443  465  491  520  528  547  557  597                                   
     7.5-180.0 180.0   5.0 450.0                            LAT/LON1/LON2/DLON/H
  602  615  622  641  655  681  708  750  780  801  802  786  763  739  714  687
  654  615  567  523  483  442  396  347  293  246  213  196  192  190  192  186
