data/unet/pred2460.15i
     1.0            IONOSPHERE MAPS     GNSS                IONEX VERSION / TYPE
pyspatialgeodesy        IME             05-JAN-18 20:20     PGM / RUN BY / DATE 
Map Name                                                    COMMENT             
Predicted global ionosphere maps (GIM).                     DESCRIPTION         
  2015     9     3     0     0     0                        EPOCH OF FIRST MAP  
  2015     9     4     0     0     0                        EPOCH OF LAST MAP   
  7200                                                      INTERVAL            
    13                                                      # OF MAPS IN FILE   
  NONE                                                      MAPPING FUNCTION    
10.0                                                        ELEVATION CUTOFF    
One-way carrier phase leveled to code                       OBSERVABLES USED    
  6371.0                                                    BASE RADIUS         
 2                                                          MAP DIMENSION       
   450.0 450.0   0.0                                        HGT1 / HGT2 / DHGT  
    87.5 -87.5  -2.5                                        LAT1 / LAT2 / DLAT  
  -180.0 180.0   5.0                                        LON1 / LON2 / DLON  
    -1                                                      EXPONENT            
                                                            END OF HEADER       
[from data line 3003]
     8                                                      START OF TEC MAP    
  2015     9     3    14     0     0                        EPOCH OF CURRENT MAP
    87.5-180.0 180.0   5.0 450.0                            LAT/LON1/LON2/DLON/H
  121  137  145  147  145  147  147  150  150  153  153  154  154  155  154  155
  153  153  152  151  149  149  147  146  145  145  143  143  142  143  141  142
  140  141  139  140  137  139  136  138  136  138  137  138  137  139  138  139
  139  140  139  139  139  139  138  139  138  139  137  138  137  138  136  138
  136  139  138  140  137  140  149  131  121                                   
    85.0-180.0 180.0   5.0 450.0                            LAT/LON1/LON2/DLON/H
  122  129  129  132  135  136  139  141  144  146  149  149  151  151  152  150
  151  149  150  146  147  144  145  141  142  139  140  137  138  136  137  134
  135  132  133  129  130  126  127  124  125  123  125  123  125  124  125  124
  126  125  126  125  126  125  126  125  126  124  125  124  124  123  123  122
  123  122  123  123  125  125  130  130  122                                   
    82.5-180.0 180.0   5.0 450.0                            LAT/LON1/LON2/DLON/H
  117  114  116  121  123  128  129  134  137  140  144  145  148  148  150  149
  149  147  148  145  145  143  142  141  139  139  137  137  135  136  134  134
  132  131  129  127  124  123  120  119  118  117  116  117  117  118  118  119
  119  121  121  122  123  122  123  121  122  120  121  118  119  116  116  113
  113  112  112  112  112  110  119  111  117                                   
    80.0-180.0 180.0   5.0 450.0                            LAT/LON1/LON2/DLON/H
  102  100  100  109  109  115  117  123  127  131  135  137  141  141  144  143
  144  142  143  141  141  139  140  138  139  138  139  137  138  137  137  135
  134  132  129  126  122  120  116  115  111  111  110  110  110  112  112  114
  115  117  118  120  120  121  121  121  120  120  118  116  115  113  111  107
  106  103  102  100   98   97   96  100  102                                   
    77.5-180.0 180.0   5.0 450.0                            LAT/LON1/LON2/DLON/H
   85   87   85   91   95  101  105  112  116  122  126  130  134  134  137  136
  138  136  137  135  136  134  136  136  137  138  140  140  142  141  142  140
  138  135  132  128  123  120  115  113  109  109  106  107  106  109  108  112
  111  115  115  117  118  118  119  117  117  114  114  110  109  105  103  100
   96   94   90   88   83   80   82   83   85                                   
    75.0-180.0 180.0   5.0 450.0                            LAT/LON1/LON2/DLON/H
   78   73   72   76   82   87   94   98  106  111  119  122  128  129  133  132
  134  132  133  130  132  130  133  131  135  136  140  140  144  143  146  142
  143  137  136  129  126  118  115  109  108  103  105  102  106  105  110  110
  114  115  118  118  120  119  120  117  116  113  112  107  105  101   99   94
   91   86   83   77   77   71   72   75   78                                   
    72.5-180.0 180.0   5.0 450.0                            LAT/LON1/LON2/DLON/H
   70   69   65   67   72   78   84   92   99  106  113  119  124  128  132  133
  135  135  135  134  132  132  132  134  135  139  140  146  147  152  152  152
  148  146  140  136  128  124  116  114  108  108  105  107  106  110  110  115
  114  119  117  120  118  119  115  114  111  109  104  103   98   96   92   89
   85   81   77   74   69   64   67   65   70                                   
    70.0-180.0 180.0   5.0 450.0                            LAT/LON1/LON2/DLON/H
   67   58   57   60   64   69   75   81   90   98  107  114  121  125  131  131
  135  133  136  131  134  130  133  132  134  136  141  144  148  150  153  151
  150  143  141  133  128  120  115  110  108  104  107  105  110  109  114  114
  117  116  117  116  115  111  109  105  104   99   98   94   94   89   89   84
   84   77   75   68   67   59   62   62   67                                   
    67.5-180.0 180.0   5.0 450.0                            LAT/LON1/LON2/DLON/H
   62   57   54   55   59   64   70   76   84   91  102  108  118  123  130  133
  136  136  137  136  135  134  134  135  135  139  140  145  145  150  151  151
  147  144  138  132  126  120  113  111  107  109  108  111  111  115  114  118
  116  117  113  113  107  104   98   96   92   90   87   87   86   86   85   85
   82   79   75   70   64   59   59   56   62                                   
    65.0-180.0 180.0   5.0 450.0                            LAT/LON1/LON2/DLON/H
   63   50   49   52   53   58   64   69   76   84   93  103  112  121  127  132
  135  135  138  135  137  134  135  133  135  135  136  139  140  144  145  145
  143  138  134  127  122  115  111  108  108  108  111  111  116  115  119  117
  117  113  111  105  102   94   92   85   85   81   81   80   82   82   84   82
   83   78   77   69   66   56   58   55   63                                   
    62.5-180.0 180.0   5.0 450.0                            LAT/LON1/LON2/DLON/H
   60   50   47   48   50   54   59   65   73   80   89   96  108  116  125  130
  133  136  136  137  136  137  136  137  137  138  138  140  140  143  144  145
  142  140  134  128  121  117  113  112  112  115  116  119  120  121  120  120
  116  114  108  104   97   91   85   81   77   76   74   78   78   80   80   82
   80   79   75   71   64   57   56   52   60                                   
    60.0-180.0 180.0   5.0 450.0                            LAT/LON1/LON2/DLON/H
   60   46   45   46   47   49   54   57   64   72   79   91   98  112  116  126
  127  133  133  135  135  136  137  137  137  135  137  135  138  139  141  143
  142  137  134  126  122  114  114  111  115  115  121  120  124  120  122  117
  117  110  107   99   95   86   83   76   76   72   75   74   77   77   81   79
   81   76   76   68   67   55   56   52   60                                   
    57.5-180.0 180.0   5.0 450.0                            LAT/LON1/LON2/DLON/H
   61   48   45   45   45   48   51   55   60   67   77   86   96  104  113  120
  124  129  130  133  134  136  138  139  139  139  139  140  140  144  146  150
  148  146  141  134  127  123  120  121  122  126  127  130  128  128  124  123
  118  115  109  104   97   91   85   82   78   78   76   79   79   81   80   81
   78   78   73   70   64   57   55   50   61                                   
    55.0-180.0 180.0   5.0 450.0                            LAT/LON1/LON2/DLON/H
   64   52   49   48   48   46   49   49   54   62   68   81   86   99  103  114
  116  123  124  130  130  135  137  139  140  139  140  140  144  146  153  156
  158  155  151  142  137  128  128  125  130  130  135  132  135  129  130  123
  123  116  115  108  105   97   94   88   88   85   86   84   85   83   83   80
   80   75   74   68   68   57   58   54   64                                   
    52.5-180.0 180.0   5.0 450.0                            LAT/LON1/LON2/DLON/H
   69   58   54   53   51   51   53   53   56   62   71   78   89   96  103  109
  115  120  123  128  131  135  139  142  144  145  146  148  151  157  162  170
  171  170  165  156  149  143  140  140  141  143  144  143  141  139  135  133
  130  128  124  121  115  111  105  102   99   98   95   97   93   92   86   84
   79   79   74   72   69   63   63   58   69                                   
    50.0-180.0 180.0   5.0 450.0                            LAT/LON1/LON2/DLON/H
   77   68   64   61   60   56   57   53   57   62   69   80   84   95   98  110
  111  120  121  130  130  137  139  144  146  147  150  150  157  160  170  176
  181  179  175  165  162  152  153  148  152  148  152  146  148  141  143  137
  140  133  135  128  128  120  119  113  113  110  109  107  103   98   93   86
   83   79   79   73   75   68   70   66   77                                   
    47.5-180.0 180.0   5.0 450.0                            LAT/LON1/LON2/DLON/H
   86   80   76   74   70   68   67   64   65   69   76   82   90   97  103  110
  115  122  126  133  135  141  143  149  151  154  155  159  163  170  175  185
  188  189  184  178  173  167  166  163  163  160  159  156  152  151  148  148
  146  147  144  143  137  134  129  127  125  125  121  121  113  108   99   94
   87   87   82   82   80   79   81   75   86                                   
    45.0-180.0 180.0   5.0 450.0                            LAT/LON1/LON2/DLON/H
   97   89   87   83   80   76   72   69   70   73   78   87   91  101  103  115
  117  129  129  139  138  144  145  150  152  154  156  158  162  165  174  180
  187  187  186  181  180  175  177  172  173  166  166  158  159  154  156  153
  155  152  153  147  146  140  138  134  136  133  133  128  123  115  109  100
   98   92   94   87   91   86   88   84   97                                   
    42.5-180.0 180.0   5.0 450.0                            LAT/LON1/LON2/DLON/H
  103   99   97   94   89   86   83   79   80   82   87   92  100  107  113  121
  127  135  140  145  145  149  150  154  155  160  160  164  164  169  173  181
  185  189  189  190  190  191  191  188  185  179  174  168  165  164  163  163
  162  161  158  155  149  147  142  143  141  143  139  139  130  125  116  112
  104  105  100  101   99   97  100   92  103                                   
    40.0-180.0 180.0   5.0 450.0                            LAT/LON1/LON2/DLON/H
  108   99   99   95   92   87   83   81   82   85   91   97  103  113  119  130
  135  145  147  153  151  152  151  155  156  160  160  160  161  162  169  175
  184  189  192  198  203  207  212  206  203  192  187  176  176  172  174  171
  171  167  165  158  155  148  147  143  145  143  144  141  136  131  125  120
  118  111  113  105  109  100  101   97  108                                   
    37.5-180.0 180.0   5.0 450.0                            LAT/LON1/LON2/DLON/H
  107  100   98   96   93   90   88   86   87   89   97  101  112  119  128  136
  144  151  156  158  158  157  156  160  163  167  167  170  167  172  176  188
  195  205  211  222  229  236  238  234  226  212  203  192  190  186  187  185
  184  179  174  168  160  156  150  149  147  149  146  147  140  137  130  130
  122  125  116  118  110  107  106   98  107                                   
    35.0-180.0 180.0   5.0 450.0                            LAT/LON1/LON2/DLON/H
  107   93   90   88   88   84   82   80   84   87   97  102  116  124  134  144
  150  159  161  164  160  162  158  163  164  170  171  171  172  174  184  194
  209  223  233  246  257  265  268  260  253  235  226  211  210  203  206  201
  201  195  190  181  174  165  161  154  155  151  152  148  146  141  137  133
  132  127  125  118  115  103  100   96  107                                   
    32.5-180.0 180.0   5.0 450.0                            LAT/LON1/LON2/DLON/H
  105   91   85   85   82   81   81   81   83   86   96  105  119  129  139  148
  154  161  164  167  164  164  162  165  171  175  179  186  185  198  204  224
  240  260  273  289  299  305  307  296  285  266  254  241  237  232  233  230
  228  219  214  203  194  184  177  170  167  164  161  159  153  149  141  140
  132  134  123  122  111  107  101   95  105                                   
    30.0-180.0 180.0   5.0 450.0                            LAT/LON1/LON2/DLON/H
  102   85   77   77   73   73   73   73   76   81   93  102  121  132  144  152
  156  164  164  171  165  171  166  174  175  184  188  194  200  213  227  251
  277  302  319  333  342  346  345  334  319  300  287  273  271  265  268  262
  263  255  249  237  227  213  203  191  185  176  173  166  162  153  148  142
  139  131  129  119  115  104   99   94  102                                   
    27.5-180.0 180.0   5.0 450.0                            LAT/LON1/LON2/DLON/H
  102   88   78   77   71   74   71   74   75   79   91  102  119  134  144  154
  156  165  163  173  168  177  172  181  183  194  200  216  221  245  260  297
  323  353  366  379  381  380  376  364  350  332  321  309  307  304  305  304
  304  299  292  280  268  253  239  222  210  197  188  177  168  159  151  147
  138  137  126  123  113  111  106  100  102                                   
    25.0-180.0 180.0   5.0 450.0                            LAT/LON1/LON2/DLON/H
  108   94   81   78   69   71   69   70   70   77   87   99  119  133  146  153
  154  163  162  176  173  185  183  190  195  204  215  228  243  267  299  334
  372  395  413  418  419  413  404  394  380  367  356  349  348  347  349  349
  351  346  340  327  313  295  277  255  237  217  203  190  178  165  157  149
  145  138  134  125  123  117  114  109  108                                   
    22.5-180.0 180.0   5.0 450.0                            LAT/LON1/LON2/DLON/H
  117  109   95   89   78   79   73   75   73   78   86   98  116  133  144  153
  152  163  160  178  177  191  191  198  203  216  226  250  267  306  339  383
  412  437  440  446  437  431  416  410  398  393  386  383  382  384  385  388
  391  386  378  363  344  324  299  279  258  238  218  202  188  173  160  153
  146  144  136  134  127  131  128  127  117                                   
    20.0-180.0 180.0   5.0 450.0                            LAT/LON1/LON2/DLON/H
  125  122  109  100   88   83   76   74   70   73   78   94  110  127  138  148
  147  159  159  179  182  195  198  207  215  226  242  266  294  331  374  413
  446  459  462  459  451  441  430  423  418  416  415  415  416  417  420  421
  426  418  410  390  366  339  314  294  275  257  233  217  199  186  171  162
  154  149  146  139  138  137  138  140  125                                   
    17.5-180.0 180.0   5.0 450.0                            LAT/LON1/LON2/DLON/H
  131  136  123  114  100   96   84   83   75   76   77   92  103  125  133  148
  148  162  163  181  181  197  201  213  221  239  256  287  314  356  392  432
  454  466  462  459  448  440  430  429  428  431  432  435  432  438  438  444
  442  435  419  395  369  345  322  305  284  264  242  223  205  192  179  169
  160  156  151  148  143  145  148  152  131                                   
    15.0-180.0 180.0   5.0 450.0                            LAT/LON1/LON2/DLON/H
  134  137  127  119  107  101   89   84   76   74   73   81   92  111  122  140
  142  157  161  179  187  200  210  221  234  252  272  301  330  367  403  434
  456  460  461  457  449  444  437  439  440  449  449  454  449  453  451  452
  446  434  414  390  363  340  316  302  284  270  249  233  213  201  187  178
  168  164  160  156  150  147  146  151  134                                   
    12.5-180.0 180.0   5.0 450.0                            LAT/LON1/LON2/DLON/H
  132  139  127  121  109  105   91   89   79   79   73   82   87  110  119  140
  145  163  166  185  189  205  213  231  243  268  287  322  342  381  403  432
  446  455  456  456  451  446  443  445  449  457  458  460  455  455  450  448
  434  423  395  376  347  328  303  292  278  265  248  230  215  201  192  183
  175  171  168  161  153  149  148  151  132                                   
    10.0-180.0 180.0   5.0 450.0                            LAT/LON1/LON2/DLON/H
  131  133  120  115  105   99   89   85   78   76   71   76   83  101  113  134
  144  161  167  186  192  209  223  240  260  286  307  338  361  390  413  432
  447  455  460  460  459  458  456  462  461  471  465  469  455  455  440  436
  417  403  377  359  330  309  287  277  268  258  240  228  212  204  191  188
  180  178  174  168  157  149  139  138  131                                   
     7.5-180.0 180.0   5.0 450.0                            LAT/LON1/LON2/DLON/H
  126  128  115  108   99   91   83   81   76   77   70   77   81  100  116  136
  152  167  176  191  195  212  226  249  273  304  325  360  380  407  422  435
