data/unet/pred2190.15i
     1.0            IONOSPHERE MAPS     GNSS                IONEX VERSION / TYPE
pyspatialgeodesy        IME             05-JAN-18 20:20     PGM / RUN BY / DATE 
Map Name                                                    COMMENT             
Predicted global ionosphere maps (GIM).                     DESCRIPTION         
  2015     8     7     0     0     0                        EPOCH OF FIRST MAP  
  2015     8     8     0     0     0                        EPOCH OF LAST MAP   
  7200                                                      INTERVAL            
    13                                                      # OF MAPS IN FILE   
  NONE                                                      MAPPING FUNCTION    
10.0                                                        ELEVATION CUTOFF    
One-way carrier phase leveled to code                       OBSERVABLES USED    
  6371.0                                                    BASE RADIUS         
 2                                                          MAP DIMENSION       
   450.0 450.0   0.0                                        HGT1 / HGT2 / DHGT  
    87.5 -87.5  -2.5                                        LAT1 / LAT2 / DLAT  
  -180.0 180.0   5.0                                        LON1 / LON2 / DLON  
    -1                                                      EXPONENT            
                                                            END OF HEADER       
[from data line 858]
     3                                                      START OF TEC MAP    
  2015     8     7     4     0     0                        EPOCH OF CURRENT MAP
    87.5-180.0 180.0   5.0 450.0                            LAT/LON1/LON2/DLON/H
  150  152  137  136  137  135  135  135  136  135  134  133  134  132  132  131
  131  130  130  129  130  129  129  127  129  127  128  126  129  127  128  126
  129  127  129  126  130  127  129  127  130  128  130  127  130  129  131  129
  132  131  133  132  134  134  135  134  135  134  134  133  134  133  133  132
  133  133  133  135  137  131  146  156  150                                   
    85.0-180.0 180.0   5.0 450.0                            LAT/LON1/LON2/DLON/H
  157  158  140  146  144  145  142  147  143  146  141  144  140  143  138  141
  137  140  135  138  134  136  131  133  130  132  128  130  127  129  126  129
  127  129  128  130  130  131  130  131  132  132  132  133  134  134  135  135
  137  138  138  139  140  141  141  141  142  142  141  141  140  141  139  141
  139  141  139  143  141  141  145  150  157                                   
    82.5-180.0 180.0   5.0 450.0                            LAT/LON1/LON2/DLON/H
  144  146  142  151  144  148  144  150  146  149  143  146  141  144  139  142
  137  140  135  138  132  134  128  129  124  125  121  123  120  122  119  122
  121  123  123  125  126  127  129  129  131  132  134  134  138  138  141  141
  145  145  147  147  150  150  151  150  151  150  150  150  149  149  146  148
  144  148  145  148  145  140  143  140  144                                   
    80.0-180.0 180.0   5.0 450.0                            LAT/LON1/LON2/DLON/H
  148  149  152  156  153  154  155  158  157  157  154  155  153  152  149  149
  147  146  142  141  138  135  131  128  125  122  119  118  117  116  117  118
  120  121  123  125  128  129  132  133  136  137  140  141  144  145  148  148
  151  152  155  156  159  160  161  161  162  161  161  162  161  160  159  158
  156  155  154  152  151  142  144  140  148                                   
    77.5-180.0 180.0   5.0 450.0                            LAT/LON1/LON2/DLON/H
  151  149  152  157  153  156  157  160  159  159  157  157  154  152  150  149
  146  145  142  140  135  131  126  122  117  112  110  108  106  106  108  109
  112  114  118  122  125  127  130  133  135  138  139  143  145  148  149  153
  154  157  160  163  166  168  170  170  171  170  171  170  168  167  166  164
  161  159  157  151  149  143  146  140  151                                   
    75.0-180.0 180.0   5.0 450.0                            LAT/LON1/LON2/DLON/H
  148  149  153  153  152  151  155  155  155  153  152  150  148  145  143  140
  137  135  133  130  125  121  115  110  104  101   97   95   94   94   96   98
  101  105  110  114  118  121  125  127  130  133  136  139  141  144  146  149
  152  155  158  162  165  167  169  169  170  169  170  168  167  165  165  161
  160  156  156  150  149  142  148  144  148                                   
    72.5-180.0 180.0   5.0 450.0                            LAT/LON1/LON2/DLON/H
  155  149  152  156  153  153  152  153  150  150  147  143  140  135  133  129
  128  126  125  121  118  113  108  101   96   91   89   85   85   85   88   89
   95   97  104  108  114  117  121  124  127  132  136  140  142  147  147  152
  153  157  158  162  164  167  168  169  169  168  167  166  165  164  163  161
  159  157  156  150  150  146  150  145  155                                   
    70.0-180.0 180.0   5.0 450.0                            LAT/LON1/LON2/DLON/H
  153  152  156  155  154  152  152  151  149  145  141  135  130  124  121  119
  117  117  115  115  110  107  101   96   90   85   81   79   78   79   82   85
   89   93   97  103  107  112  115  119  122  128  131  137  140  143  146  149
  151  154  154  159  160  163  163  164  164  163  163  162  162  161  162  160
  160  156  157  151  151  145  150  147  153                                   
    67.5-180.0 180.0   5.0 450.0                            LAT/LON1/LON2/DLON/H
  160  153  158  159  155  153  152  152  147  143  135  128  122  115  113  108
  108  107  108  107  105  101   98   91   86   80   76   73   74   74   78   80
   85   88   93   97  102  105  110  115  121  127  132  138  142  146  148  152
  153  156  156  159  159  160  160  161  159  159  158  158  158  158  159  159
  158  157  157  153  154  149  151  146  160                                   
    65.0-180.0 180.0   5.0 450.0                            LAT/LON1/LON2/DLON/H
  158  159  160  159  157  153  152  150  145  140  133  123  116  108  104  101
  100  101  100  102   99   98   93   89   82   77   73   71   71   72   75   78
   82   85   89   93   95  100  103  112  116  126  130  139  143  148  150  152
  154  155  155  156  156  157  155  156  154  154  154  153  154  154  156  155
  156  154  156  153  154  148  153  149  158                                   
    62.5-180.0 180.0   5.0 450.0                            LAT/LON1/LON2/DLON/H
  166  160  162  161  156  152  150  149  143  138  129  121  112  105  101   96
   95   94   94   94   93   92   88   84   78   73   69   67   67   69   72   74
   78   80   83   85   88   93   98  107  115  124  132  140  147  152  154  155
  158  158  158  158  157  158  157  157  155  155  152  153  152  153  153  154
  154  155  155  154  155  152  154  148  166                                   
    60.0-180.0 180.0   5.0 450.0                            LAT/LON1/LON2/DLON/H
  165  165  165  161  158  151  149  146  142  137  130  120  113  106   99   95
   90   90   87   89   86   86   83   79   75   71   69   66   68   68   71   73
   76   77   78   81   82   88   92  103  112  125  134  144  152  156  160  158
  163  160  162  160  162  161  160  159  157  155  154  153  154  152  154  153
  155  153  156  154  157  151  158  153  165                                   
    57.5-180.0 180.0   5.0 450.0                            LAT/LON1/LON2/DLON/H
  172  166  167  164  156  151  147  145  142  139  132  125  116  109  101   96
   90   87   84   83   81   80   78   76   73   70   68   67   67   69   70   71
   73   73   74   74   79   84   91  104  118  130  143  151  161  167  170  171
  174  173  173  172  172  172  171  170  166  163  159  157  155  154  153  154
  153  154  155  156  159  155  158  152  172                                   
    55.0-180.0 180.0   5.0 450.0                            LAT/LON1/LON2/DLON/H
  173  174  174  169  163  154  151  147  145  140  137  128  122  113  105   99
   91   88   82   81   77   77   76   74   74   72   72   70   72   71   72   71
   71   71   71   72   76   83   92  105  119  135  149  158  170  173  179  177
  183  181  184  181  185  182  184  177  176  169  167  161  161  157  157  154
  154  153  156  156  160  156  166  159  173                                   
    52.5-180.0 180.0   5.0 450.0                            LAT/LON1/LON2/DLON/H
  183  179  180  175  166  158  153  150  146  143  139  134  127  119  110  103
   95   91   85   82   78   78   76   77   77   78   77   77   76   77   75   74
   73   70   71   72   78   85   96  110  128  144  157  168  177  184  188  190
  194  195  197  196  199  197  197  190  187  180  175  169  165  161  157  155
  152  154  154  156  161  161  166  163  183                                   
    50.0-180.0 180.0   5.0 450.0                            LAT/LON1/LON2/DLON/H
  186  190  187  182  175  166  162  157  155  151  146  140  135  125  116  109
  102   97   90   87   82   82   82   83   86   87   88   86   86   83   83   79
   77   74   74   76   81   88  100  114  130  148  163  174  186  190  198  198
  206  206  211  209  213  210  209  199  197  187  183  174  172  163  162  156
  156  155  158  159  164  160  172  169  186                                   
    47.5-180.0 180.0   5.0 450.0                            LAT/LON1/LON2/DLON/H
  197  197  194  190  181  174  169  165  161  157  151  146  139  132  122  115
  108  103   98   94   90   90   90   93   97  100  100   99   97   95   91   89
   85   82   81   82   88   95  106  120  137  155  168  182  191  200  205  212
  218  222  224  224  225  221  219  209  204  194  189  181  175  168  163  161
  157  160  160  164  167  168  173  173  197                                   
    45.0-180.0 180.0   5.0 450.0                            LAT/LON1/LON2/DLON/H
  203  208  201  197  190  183  179  174  170  165  159  153  146  137  128  121
  115  111  106  102   99   99  101  104  110  112  114  111  110  106  103   98
   96   92   88   90   93  100  108  121  136  154  168  182  195  203  214  218
  228  232  236  235  237  231  227  216  210  199  194  184  180  171  169  165
  166  168  171  171  174  170  181  181  203                                   
    42.5-180.0 180.0   5.0 450.0                            LAT/LON1/LON2/DLON/H
  214  215  209  204  196  191  186  182  177  172  164  158  150  143  133  126
  120  117  113  110  107  108  111  116  120  124  124  124  120  119  114  112
  107  105  101  100  101  106  113  126  137  156  169  187  198  211  220  230
  238  244  246  247  248  240  235  222  216  206  200  192  188  181  178  177
  177  182  182  182  183  182  186  190  214                                   
    40.0-180.0 180.0   5.0 450.0                            LAT/LON1/LON2/DLON/H
  222  224  215  210  205  200  196  191  187  179  172  166  158  150  140  132
  126  123  119  117  115  116  120  124  130  133  135  132  131  128  127  122
  120  114  112  110  108  112  115  125  138  154  169  188  203  215  229  237
  249  254  259  259  262  255  249  236  230  219  214  206  202  196  194  193
  196  200  203  201  200  195  204  203  222                                   
    37.5-180.0 180.0   5.0 450.0                            LAT/LON1/LON2/DLON/H
  234  233  224  218  210  207  203  200  192  187  179  174  165  159  147  140
  132  128  125  123  121  122  126  132  137  142  142  142  140  140  137  135
  130  126  120  119  115  118  119  128  139  156  171  192  207  224  236  248
  259  265  270  271  274  267  263  251  245  238  234  229  225  219  216  216
  221  226  228  226  223  220  219  218  234                                   
    35.0-180.0 180.0   5.0 450.0                            LAT/LON1/LON2/DLON/H
  250  245  237  228  221  218  215  210  204  197  190  184  177  168  158  146
  138  132  128  125  125  126  131  136  144  147  149  146  147  147  148  145
  141  134  130  125  124  122  123  129  140  155  171  191  210  224  241  250
  264  268  276  276  282  276  277  267  266  260  260  256  255  248  247  244
  252  255  263  257  257  248  251  242  250                                   
    32.5-180.0 180.0   5.0 450.0                            LAT/LON1/LON2/DLON/H
  272  262  256  246  234  231  225  221  211  206  197  194  185  180  166  154
  143  136  131  129  127  130  135  145  152  158  157  156  155  157  157  156
  150  143  137  134  128  129  127  135  143  158  173  194  209  228  240  252
  262  268  276  280  291  291  296  292  293  293  294  292  288  283  280  279
  285  290  296  292  291  284  277  272  272                                   
    30.0-180.0 180.0   5.0 450.0                            LAT/LON1/LON2/DLON/H
  298  288  284  268  258  251  243  237  229  220  212  206  199  190  177  160
  147  137  132  129  130  133  142  151  162  165  167  162  162  161  162  160
  153  144  141  136  133  130  131  135  145  157  172  189  207  221  236  244
  258  263  277  286  302  307  316  316  323  326  330  328  325  319  316  312
  317  320  330  326  325  316  313  302  298                                   
    27.5-180.0 180.0   5.0 450.0                            LAT/LON1/LON2/DLON/H
  326  318  312  297  283  275  266  258  244  236  223  218  207  200  183  167
  151  141  134  133  134  140  151  166  175  182  179  174  169  167  164  160
  151  145  138  137  132  132  131  135  143  155  167  186  200  216  227  238
  250  262  277  293  312  325  335  342  352  359  367  367  364  358  351  345
  346  350  359  355  358  347  340  334  326                                   
    25.0-180.0 180.0   5.0 450.0                            LAT/LON1/LON2/DLON/H
  353  351  351  332  320  306  297  285  270  257  243  232  221  209  191  170
  154  141  136  134  139  146  163  178  192  195  193  182  174  166  161  153
  144  136  132  129  129  126  127  129  137  146  159  172  191  204  220  229
  244  260  284  303  327  340  351  360  372  381  390  395  391  386  379  371
  371  371  383  377  382  372  371  360  353                                   
    22.5-180.0 180.0   5.0 450.0                            LAT/LON1/LON2/DLON/H
  383  389  386  371  355  344  332  318  301  284  263  248  231  217  196  176
  158  146  140  141  145  158  175  194  204  209  202  190  176  164  155  144
  131  125  120  120  119  119  118  119  125  134  144  161  178  195  213  225
  244  265  291  315  340  356  367  376  391  400  410  413  412  408  404  394
  394  392  403  395  402  396  392  391  383                                   
    20.0-180.0 180.0   5.0 450.0                            LAT/LON1/LON2/DLON/H
  408  421  426  413  400  387  371  353  331  306  284  263  244  225  204  181
  165  150  147  146  154  166  186  204  215  216  208  191  173  157  144  130
  119  110  106  105  105  105  103  103  108  115  127  143  167  188  209  226
  248  272  302  326  353  368  378  386  400  410  417  419  416  414  412  405
  403  400  411  403  407  403  407  403  408                                   
    17.5-180.0 180.0   5.0 450.0                            LAT/LON1/LON2/DLON/H
  427  441  450  440  432  420  405  386  360  332  303  280  254  235  212  193
  174  163  156  157  163  176  193  208  214  214  201  182  162  145  130  116
  104   94   91   88   90   88   88   87   92   99  114  132  161  182  208  227
  255  281  309  338  360  377  384  391  402  407  415  417  416  417  418  410
  408  406  413  406  411  412  413  413  427                                   
    15.0-180.0 180.0   5.0 450.0                            LAT/LON1/LON2/DLON/H
  434  452  463  459  455  448  432  412  384  351  316  288  263  240  222  203
  186  172  169  166  173  182  198  206  210  204  188  167  147  129  116  102
   90   80   72   72   70   71   71   70   75   81   98  119  150  178  206  230
  260  288  318  345  366  378  386  388  398  405  411  412  411  412  416  411
  408  405  411  406  406  407  414  413  434                                   
    12.5-180.0 180.0   5.0 450.0                            LAT/LON1/LON2/DLON/H
  430  448  461  459  459  452  439  420  393  363  325  297  269  249  229  216
  200  190  183  181  182  189  195  199  195  185  167  147  129  114  103   89
   80   68   63   58   61   60   62   61   66   72   92  113  147  175  205  230
  263  293  320  350  368  380  380  387  397  405  408  410  409  411  413  408
  403  404  410  404  408  410  412  412  430                                   
    10.0-180.0 180.0   5.0 450.0                            LAT/LON1/LON2/DLON/H
  426  442  453  454  453  448  435  417  391  363  327  294  271  250  235  222
  211  200  196  189  190  189  193  186  177  161  146  126  113  101   92   81
   72   61   55   51   51   52   54   53   58   64   86  108  143  170  200  226
  259  289  318  344  365  375  380  391  405  416  420  423  421  422  422  416
  410  409  412  405  405  405  407  406  426                                   
     7.5-180.0 180.0   5.0 450.0                            LAT/LON1/LON2/DLON/H
  419  432  440  437  436  429  417  402  378  352  317  291  269  254  238  230
  216  211  205  200  194  190  183  172  157  141  126  112  101   92   86   77
