data/unet/pred1340.15i
     1.0            IONOSPHERE MAPS     GNSS                IONEX VERSION / TYPE
pyspatialgeodesy        IME             05-JAN-18 20:20     PGM / RUN BY / DATE 
Map Name                                                    COMMENT             
Predicted global ionosphere maps (GIM).                     DESCRIPTION         
  2015     5    14     0     0     0                        EPOCH OF FIRST MAP  
  2015     5    15     0     0     0                        EPOCH OF LAST MAP   
  7200                                                      INTERVAL            
    13                                                      # OF MAPS IN FILE   
  NONE                                                      MAPPING FUNCTION    
10.0                                                        ELEVATION CUTOFF    
One-way carrier phase leveled to code                       OBSERVABLES USED    
  6371.0                                                    BASE RADIUS         
 2                                                          MAP DIMENSION       
   450.0 450.0   0.0                                        HGT1 / HGT2 / DHGT  
    87.5 -87.5  -2.5                                        LAT1 / LAT2 / DLAT  
  -180.0 180.0   5.0                                        LON1 / LON2 / DLON  
    -1                                                      EXPONENT            
                                                            END OF HEADER       
[from data line 3861]
    10                                                      START OF TEC MAP    
  2015     5    14    18     0     0                        EPOCH OF CURRENT MAP
    87.5-180.0 180.0   5.0 450.0                            LAT/LON1/LON2/DLON/H
  202  169  169  167  170  165  169  166  171  167  174  171  176  174  179  178
  182  181  185  183  186  184  187  184  186  183  184  180  181  177  178  174
  175  170  172  168  170  165  168  164  167  162  166  161  165  159  164  158
  163  157  162  157  163  157  164  159  165  160  166  162  167  163  168  163
  168  163  169  166  172  167  172  178  202                                   
    85.0-180.0 180.0   5.0 450.0                            LAT/LON1/LON2/DLON/H
  164  154  156  161  158  160  158  162  161  165  164  169  169  174  174  178
  178  182  181  185  184  187  185  188  185  187  183  183  179  178  173  173
  168  168  164  165  160  162  158  160  156  158  155  157  154  155  152  154
  152  153  152  154  153  154  154  156  155  157  157  159  158  160  158  160
  158  160  158  160  161  156  160  170  164                                   
    82.5-180.0 180.0   5.0 450.0                            LAT/LON1/LON2/DLON/H
  163  150  160  161  161  162  162  164  165  167  171  173  176  179  184  185
  189  190  194  193  197  196  198  196  197  194  193  189  185  183  177  175
  170  169  164  164  160  160  158  159  157  158  157  159  157  159  157  159
  156  159  157  160  158  161  160  162  161  163  163  164  163  165  165  165
  163  164  162  162  160  154  148  149  163                                   
    80.0-180.0 180.0   5.0 450.0                            LAT/LON1/LON2/DLON/H
  155  151  150  155  152  154  152  156  156  160  163  168  171  176  181  185
  189  193  196  199  200  202  201  202  200  199  195  193  187  184  177  173
  167  164  160  159  156  156  155  156  155  157  156  159  158  159  157  160
  157  159  157  160  157  160  158  161  159  162  160  163  161  164  162  165
  160  164  158  160  155  147  142  139  155                                   
    77.5-180.0 180.0   5.0 450.0                            LAT/LON1/LON2/DLON/H
  153  146  147  147  146  145  146  147  150  152  158  161  167  172  179  184
  190  193  199  200  203  203  204  203  202  199  197  193  188  183  178  172
  166  162  158  156  154  155  155  158  156  160  160  163  161  163  162  164
  160  162  160  162  160  161  161  162  160  161  161  162  161  162  162  163
  161  162  160  159  157  146  136  135  153                                   
    75.0-180.0 180.0   5.0 450.0                            LAT/LON1/LON2/DLON/H
  151  146  142  146  143  145  141  146  145  149  152  158  162  168  175  181
  188  194  198  202  204  206  207  207  205  204  201  196  192  186  180  173
  167  162  159  157  156  156  157  159  159  162  161  164  162  163  161  162
  159  160  158  159  157  158  156  157  155  156  155  157  155  158  156  159
  155  159  155  157  152  145  136  138  151                                   
    72.5-180.0 180.0   5.0 450.0                            LAT/LON1/LON2/DLON/H
  154  148  149  148  147  145  146  145  147  147  153  155  162  167  174  181
  188  193  199  202  207  207  210  207  207  204  202  198  193  187  181  174
  168  163  160  157  157  157  159  161  162  163  165  165  164  163  162  161
  159  158  157  156  156  154  154  152  151  150  151  150  151  150  152  152
  152  153  154  154  153  146  139  140  154                                   
    70.0-180.0 180.0   5.0 450.0                            LAT/LON1/LON2/DLON/H
  160  155  154  159  158  156  156  155  157  155  161  161  167  169  176  181
  188  194  199  203  206  207  207  209  206  205  203  200  195  191  184  179
  172  168  165  163  163  163  165  166  167  168  168  168  165  163  161  158
  157  155  155  154  154  152  152  150  149  146  147  146  146  146  146  147
  146  150  149  154  152  149  142  149  160                                   
    67.5-180.0 180.0   5.0 450.0                            LAT/LON1/LON2/DLON/H
  164  161  165  165  166  163  164  162  165  162  168  167  172  173  180  184
  190  196  200  204  206  207  209  207  208  203  203  198  195  189  185  178
  175  169  169  165  167  165  169  167  169  166  167  162  159  154  151  147
  146  144  146  145  146  145  146  143  142  138  139  136  138  136  138  137
  139  139  144  147  152  148  146  150  164                                   
    65.0-180.0 180.0   5.0 450.0                            LAT/LON1/LON2/DLON/H
  165  165  169  174  175  174  175  175  176  176  179  178  180  181  186  190
  195  199  202  205  206  207  207  206  203  202  199  197  194  191  186  181
  177  174  171  170  169  170  169  169  167  166  163  159  153  148  143  140
  139  138  141  142  144  144  144  141  139  135  134  132  131  130  130  130
  129  132  135  141  145  147  147  158  165                                   
    62.5-180.0 180.0   5.0 450.0                            LAT/LON1/LON2/DLON/H
  164  166  175  177  180  178  180  179  180  178  183  180  186  185  192  194
  199  203  206  209  209  209  208  205  205  199  200  195  195  190  188  183
  182  178  177  175  175  173  174  171  170  166  162  155  149  142  138  133
  133  132  136  139  141  141  141  139  135  130  128  124  124  121  122  120
  121  121  127  131  139  140  146  153  164                                   
    60.0-180.0 180.0   5.0 450.0                            LAT/LON1/LON2/DLON/H
  161  168  171  178  180  181  182  184  184  186  189  189  192  193  198  200
  205  208  209  212  211  210  208  205  201  198  195  193  191  189  187  185
  185  183  182  181  180  178  177  176  172  169  163  157  149  141  137  132
  131  130  135  139  142  143  142  140  135  129  126  122  121  118  117  117
  115  116  119  126  132  135  142  156  161                                   
    57.5-180.0 180.0   5.0 450.0                            LAT/LON1/LON2/DLON/H
  156  161  169  173  176  176  178  179  181  181  186  186  192  192  200  201
  207  209  212  216  213  214  209  206  202  197  196  193  194  193  194  193
  194  193  194  192  191  189  188  186  183  179  174  167  157  149  143  139
  136  136  140  143  145  145  146  142  136  129  125  123  120  119  117  116
  115  115  118  124  132  134  143  146  156                                   
    55.0-180.0 180.0   5.0 450.0                            LAT/LON1/LON2/DLON/H
  152  159  161  169  173  174  176  177  180  182  187  190  194  196  202  203
  208  210  212  215  212  212  208  203  200  197  196  195  196  198  201  202
  204  204  205  204  203  201  199  198  195  194  187  181  171  162  154  147
  144  143  144  147  148  149  149  146  141  134  130  127  126  124  124  122
  121  119  122  126  132  133  140  151  152                                   
    52.5-180.0 180.0   5.0 450.0                            LAT/LON1/LON2/DLON/H
  152  156  163  168  173  175  176  177  179  180  185  187  194  194  201  201
  207  208  212  214  212  212  207  205  200  200  199  200  203  206  210  214
  217  218  219  220  217  217  215  216  212  213  207  202  191  181  171  163
  158  155  156  156  156  157  156  152  146  140  136  134  132  132  131  130
  128  127  129  133  138  138  146  147  152                                   
    50.0-180.0 180.0   5.0 450.0                            LAT/LON1/LON2/DLON/H
  156  161  163  173  179  183  184  184  187  186  191  192  197  198  202  203
  207  209  212  214  210  210  206  204  202  202  204  205  210  212  220  224
  229  230  233  233  233  232  231  232  230  231  226  220  209  199  186  178
  170  166  164  163  164  163  164  160  158  151  150  146  147  145  145  142
  142  138  142  143  147  144  149  159  156                                   
    47.5-180.0 180.0   5.0 450.0                            LAT/LON1/LON2/DLON/H
  164  167  175  183  193  198  198  197  196  195  199  201  203  203  205  204
  208  206  213  211  211  209  207  207  207  211  211  216  218  223  227  234
  238  243  245  250  247  249  246  250  244  248  239  236  221  214  200  193
  183  177  174  171  171  170  171  169  168  163  162  160  159  158  157  155
  152  150  151  153  156  153  160  167  164                                   
    45.0-180.0 180.0   5.0 450.0                            LAT/LON1/LON2/DLON/H
  174  180  188  201  211  218  220  217  216  215  216  217  218  217  214  216
  213  216  215  220  214  215  212  215  214  219  221  224  228  230  236  242
  250  256  261  264  266  265  266  265  263  261  254  245  233  222  210  201
  191  184  180  177  177  177  178  178  180  176  177  175  175  173  170  167
  163  158  160  162  164  162  167  183  174                                   
    42.5-180.0 180.0   5.0 450.0                            LAT/LON1/LON2/DLON/H
  181  192  203  215  228  236  241  240  239  235  237  237  237  233  229  227
  225  222  225  222  224  219  221  222  225  230  231  237  237  241  244  252
  259  269  275  282  282  286  283  285  278  275  265  256  241  232  217  210
  196  191  183  182  182  183  186  187  190  188  192  187  190  182  180  173
  168  164  163  166  168  166  174  187  181                                   
    40.0-180.0 180.0   5.0 450.0                            LAT/LON1/LON2/DLON/H
  191  204  220  235  246  258  264  265  265  263  261  263  260  257  251  250
  242  243  238  241  234  239  232  240  239  246  246  252  251  256  261  268
  279  288  298  302  307  307  308  305  298  290  281  268  255  242  230  218
  209  198  192  187  187  188  192  195  200  199  203  201  200  193  187  181
  174  169  168  171  174  174  180  197  191                                   
    37.5-180.0 180.0   5.0 450.0                            LAT/LON1/LON2/DLON/H
  199  213  230  240  254  261  272  274  279  280  283  285  286  283  279  274
  270  264  261  256  256  250  253  251  257  258  263  267  269  276  282  293
  301  313  319  326  330  333  332  330  318  310  298  287  272  259  246  235
  225  213  205  199  198  197  201  203  209  209  213  210  209  199  194  185
  176  171  170  172  176  175  186  197  199                                   
    35.0-180.0 180.0   5.0 450.0                            LAT/LON1/LON2/DLON/H
  211  224  242  256  264  275  284  293  302  308  312  316  317  320  316  315
  306  300  291  286  280  281  273  280  275  285  283  293  295  306  314  324
  333  344  352  360  365  367  365  359  346  336  322  311  294  277  261  246
  235  222  213  210  212  214  217  217  223  223  228  221  220  208  202  190
  184  178  176  177  183  182  192  206  211                                   
    32.5-180.0 180.0   5.0 450.0                            LAT/LON1/LON2/DLON/H
  221  235  248  256  264  270  284  296  312  323  333  340  347  350  351  348
  343  335  326  316  313  305  302  297  300  300  311  322  335  346  356  365
  373  386  396  408  415  412  405  395  380  366  350  333  314  299  282  266
  249  236  226  226  225  225  228  229  235  237  244  239  239  227  220  207
  198  189  185  185  187  187  202  206  221                                   
    30.0-180.0 180.0   5.0 450.0                            LAT/LON1/LON2/DLON/H
  230  239  250  256  261  272  288  309  330  351  361  375  380  390  388  389
  383  376  366  358  350  343  333  329  324  333  346  367  385  401  409  425
  432  447  456  466  468  465  453  439  421  405  381  364  343  324  299  281
  265  252  242  237  242  244  252  250  258  254  261  253  251  234  225  212
  207  197  197  194  195  192  201  213  230                                   
    27.5-180.0 180.0   5.0 450.0                            LAT/LON1/LON2/DLON/H
  237  245  254  261  270  281  300  321  350  375  393  408  421  429  430  431
  425  419  411  398  396  380  377  363  368  371  399  419  450  466  482  493
  501  508  512  511  510  499  493  475  454  431  404  385  363  346  322  303
  287  277  270  270  273  273  279  277  282  279  282  277  277  263  258  243
  235  222  213  201  198  194  209  222  237                                   
    25.0-180.0 180.0   5.0 450.0                            LAT/LON1/LON2/DLON/H
  251  245  263  272  283  299  323  348  382  406  429  447  461  469  471  475
  468  467  455  448  442  431  422  413  411  423  452  482  510  529  542  553
  559  563  563  557  552  542  524  506  469  446  417  399  372  355  330  313
  299  288  287  288  290  297  299  302  303  300  297  291  290  280  278  268
  260  246  231  221  212  203  206  222  251                                   
    22.5-180.0 180.0   5.0 450.0                            LAT/LON1/LON2/DLON/H
  256  250  269  293  305  326  349  375  412  435  463  481  501  509  513  518
  515  514  511  499  497  481  473  461  468  478  511  534  558  575  590  600
  603  604  597  591  579  561  526  490  458  431  412  394  377  361  344  335
  326  318  318  325  329  334  335  338  336  332  324  316  310  299  294  286
  284  271  265  248  233  227  229  232  256                                   
    20.0-180.0 180.0   5.0 450.0                            LAT/LON1/LON2/DLON/H
  267  258  285  306  328  350  378  400  437  460  487  512  540  551  559  563
  559  562  555  553  545  535  521  514  513  526  553  579  605  619  638  638
  642  632  629  619  599  570  527  487  453  427  409  394  377  366  355  351
  347  339  347  354  354  352  352  351  350  344  335  327  316  309  298  292
  287  279  271  255  237  227  237  235  267                                   
    17.5-180.0 180.0   5.0 450.0                            LAT/LON1/LON2/DLON/H
  260  277  301  328  346  375  398  425  460  488  508  542  569  592  602  603
  605  608  610  604  601  583  573  558  563  572  599  623  648  669  685  683
  672  663  650  641  613  575  533  485  446  424  406  390  373  366  363  366
  364  369  376  378  373  367  365  360  357  347  339  324  316  304  296  290
  288  278  270  251  234  223  233  233  260                                   
    15.0-180.0 180.0   5.0 450.0                            LAT/LON1/LON2/DLON/H
  253  280  313  336  368  388  414  436  472  500  521  553  587  616  632  635
  644  650  658  662  655  640  624  611  610  619  645  666  694  711  716  704
  693  677  669  654  627  595  552  505  460  430  406  387  371  365  368  373
  383  376  392  386  379  370  360  354  348  336  323  306  296  285  279  274
  274  269  261  243  223  214  223  226  253                                   
    12.5-180.0 180.0   5.0 450.0                            LAT/LON1/LON2/DLON/H
  242  271  304  342  372  396  418  440  482  509  532  568  601  632  643  656
  666  674  683  690  690  682  671  665  662  671  689  710  725  726  720  709
  692  682  674  657  639  612  577  529  486  445  414  387  367  362  368  380
  393  400  407  394  382  366  356  345  336  322  302  286  276  269  263  259
  260  256  246  229  208  200  206  212  242                                   
    10.0-180.0 180.0   5.0 450.0                            LAT/LON1/LON2/DLON/H
  232  256  297  336  368  390  418  447  492  521  547  576  616  637  661  670
  688  701  719  733  736  730  726  720  724  716  733  737  748  740  732  717
  698  692  678  668  653  634  604  563  516  462  424  389  374  363  375  383
  405  403  411  391  376  362  345  335  321  304  282  264  252  244  241  236
  237  230  225  207  191  184  193  204  232                                   
     7.5-180.0 180.0   5.0 450.0                            LAT/LON1/LON2/DLON/H
  221  252  285  324  366  390  423  462  508  533  561  585  624  646  669  683
  702  716  737  749  763  761  765  759  761  752  761  761  763  756  739  725
