data/unet/pred1940.15i
     1.0            IONOSPHERE MAPS     GNSS                IONEX VERSION / TYPE
pyspatialgeodesy        IME             05-JAN-18 20:20     PGM / RUN BY / DATE 
Map Name                                                    COMMENT             
Predicted global ionosphere maps (GIM).                     DESCRIPTION         
  2015     7    13     0     0     0                        EPOCH OF FIRST MAP  
  2015     7    14     0     0     0                        EPOCH OF LAST MAP   
  7200                                                      INTERVAL            
    13                                                      # OF MAPS IN FILE   
  NONE                                                      MAPPING FUNCTION    
10.0                                                        ELEVATION CUTOFF    
One-way carrier phase leveled to code                       OBSERVABLES USED    
  6371.0                                                    BASE RADIUS         
 2                                                          MAP DIMENSION       
   450.0 450.0   0.0                                        HGT1 / HGT2 / DHGT  
    87.5 -87.5  -2.5                                        LAT1 / LAT2 / DLAT  
  -180.0 180.0   5.0                                        LON1 / LON2 / DLON  
    -1                                                      EXPONENT            
                                                            END OF HEADER       
[from data line 3003]
     8                                                      START OF TEC MAP    
  2015     7    13    14     0     0                        EPOCH OF CURRENT MAP
    87.5-180.0 180.0   5.0 450.0                            LAT/LON1/LON2/DLON/H
  163  176  182  179  178  175  177  175  178  177  180  178  182  181  183  183
  185  185  185  185  186  185  185  184  184  183  183  182  183  182  182  181
  182  181  181  181  182  181  181  180  182  181  181  181  182  181  181  180
  180  180  179  179  179  179  178  178  178  179  178  179  179  179  179  179
  179  179  179  178  175  174  185  161  163                                   
    85.0-180.0 180.0   5.0 450.0                            LAT/LON1/LON2/DLON/H
  163  169  167  170  168  170  169  172  172  174  174  176  177  178  179  180
  180  181  180  180  181  180  179  179  179  178  177  177  177  176  176  175
  175  174  174  173  174  172  173  172  173  172  172  171  173  171  172  170
  171  169  169  168  169  167  168  166  168  166  167  166  167  165  165  165
  165  165  165  165  163  165  168  166  163                                   
    82.5-180.0 180.0   5.0 450.0                            LAT/LON1/LON2/DLON/H
  169  162  165  165  164  163  164  166  167  169  168  172  172  175  174  177
  177  178  178  179  179  179  178  178  178  178  177  178  177  177  176  176
  174  175  173  173  172  172  171  171  170  171  171  171  171  170  170  169
  169  168  168  166  167  166  166  164  165  163  163  160  161  159  159  156
  158  156  157  154  156  156  161  151  169                                   
    80.0-180.0 180.0   5.0 450.0                            LAT/LON1/LON2/DLON/H
  158  158  158  163  163  164  163  167  166  168  166  170  169  172  169  173
  171  174  172  176  175  177  175  177  175  176  174  174  173  173  172  171
  170  170  169  169  168  168  168  167  167  167  167  168  168  168  167  167
  166  166  165  166  165  165  164  164  162  162  160  160  158  158  155  155
  153  153  151  151  149  153  147  146  158                                   
    77.5-180.0 180.0   5.0 450.0                            LAT/LON1/LON2/DLON/H
  147  147  150  156  153  158  157  162  159  162  160  163  160  162  161  164
  164  165  167  170  171  173  173  175  174  175  173  174  171  172  169  169
  167  167  166  167  166  166  166  166  166  166  166  166  166  166  165  165
  165  164  165  165  164  164  164  163  162  160  160  158  156  154  153  151
  149  148  145  143  142  142  142  134  147                                   
    75.0-180.0 180.0   5.0 450.0                            LAT/LON1/LON2/DLON/H
  143  143  147  154  157  157  159  158  159  157  158  156  156  155  156  156
  158  160  163  166  170  172  176  176  178  178  178  177  176  175  173  171
  170  169  169  169  169  170  169  169  169  169  169  169  169  168  168  167
  167  166  167  167  167  167  166  165  165  162  162  158  158  155  154  150
  149  147  146  142  143  141  136  133  143                                   
    72.5-180.0 180.0   5.0 450.0                            LAT/LON1/LON2/DLON/H
  139  141  145  152  153  156  155  157  154  154  152  150  149  147  147  148
  150  152  156  160  165  168  172  175  176  178  177  178  176  176  174  172
  170  170  168  170  169  171  170  171  170  172  170  172  170  170  168  168
  166  167  166  168  167  168  167  167  165  164  162  160  158  156  153  151
  148  148  145  143  141  139  140  130  139                                   
    70.0-180.0 180.0   5.0 450.0                            LAT/LON1/LON2/DLON/H
  139  139  142  150  153  154  156  156  156  153  152  149  149  145  146  144
  148  149  154  156  163  166  172  173  177  177  179  178  180  178  178  174
  173  171  171  170  171  171  172  172  172  172  172  172  170  169  167  166
  165  165  166  167  168  168  170  169  169  167  167  163  163  159  158  154
  152  149  148  144  144  139  137  135  139                                   
    67.5-180.0 180.0   5.0 450.0                            LAT/LON1/LON2/DLON/H
  139  138  140  145  147  151  151  155  153  153  151  149  147  144  144  143
  146  147  152  154  160  162  167  170  173  174  176  176  177  177  176  175
  173  172  171  172  171  172  172  173  172  174  172  173  169  168  165  164
  163  164  164  167  167  170  171  172  171  171  170  168  167  164  162  159
  156  154  152  149  145  140  142  134  139                                   
    65.0-180.0 180.0   5.0 450.0                            LAT/LON1/LON2/DLON/H
  139  136  134  141  145  147  150  151  154  153  153  151  152  149  150  147
  151  149  154  154  160  161  166  167  172  172  175  174  177  177  178  176
  176  174  174  172  172  172  173  173  174  174  173  171  169  167  164  163
  162  163  164  167  169  172  174  175  176  176  176  174  174  171  169  165
  162  158  156  150  148  142  140  140  139                                   
    62.5-180.0 180.0   5.0 450.0                            LAT/LON1/LON2/DLON/H
  135  131  128  131  133  138  141  147  149  151  151  152  153  152  152  152
  153  153  155  155  158  158  161  162  165  166  169  170  173  174  176  176
  175  174  174  173  173  173  173  173  174  174  173  172  168  166  162  162
  162  163  165  169  169  174  174  179  178  180  180  180  179  177  175  171
  167  163  158  153  148  141  143  136  135                                   
    60.0-180.0 180.0   5.0 450.0                            LAT/LON1/LON2/DLON/H
  131  125  119  123  127  129  135  139  145  147  150  151  155  155  158  156
  159  157  158  155  157  155  158  158  161  162  166  167  172  173  178  177
  180  177  179  176  177  176  177  176  177  177  175  174  171  168  166  165
  165  167  169  171  174  175  178  180  184  184  187  186  186  183  181  175
  171  165  161  153  149  140  138  136  131                                   
    57.5-180.0 180.0   5.0 450.0                            LAT/LON1/LON2/DLON/H
  126  118  112  112  114  117  122  129  136  141  145  149  152  155  157  159
  160  159  158  156  155  154  154  154  156  158  161  165  168  172  176  179
  181  182  183  183  182  182  182  182  182  181  181  178  175  172  169  169
  169  172  172  176  176  179  180  184  185  188  189  191  190  189  186  181
  175  168  161  151  146  136  136  129  126                                   
    55.0-180.0 180.0   5.0 450.0                            LAT/LON1/LON2/DLON/H
  125  113  103  107  109  111  115  121  128  133  138  143  148  151  155  157
  158  157  155  153  151  149  149  150  153  155  160  163  169  172  179  181
  187  187  190  188  190  189  190  188  189  188  187  183  181  177  176  175
  175  178  178  179  180  181  184  185  189  191  194  195  195  193  190  183
  177  167  161  149  142  132  130  127  125                                   
    52.5-180.0 180.0   5.0 450.0                            LAT/LON1/LON2/DLON/H
  123  109   99   98  100  101  106  111  118  124  129  137  143  149  152  156
  156  156  154  152  149  149  148  151  152  157  160  165  169  174  180  186
  190  194  196  198  198  198  199  196  199  196  198  192  190  185  185  184
  183  185  183  186  184  187  185  189  189  193  193  198  196  196  191  186
  176  167  157  145  139  127  129  120  123                                   
    50.0-180.0 180.0   5.0 450.0                            LAT/LON1/LON2/DLON/H
  126  109   96   98   98  100  101  108  112  118  123  130  135  141  147  151
  153  153  152  150  147  148  148  152  155  160  164  169  174  179  187  191
  198  200  204  204  208  206  210  208  209  209  208  204  202  196  196  192
  193  193  192  192  192  192  193  192  194  194  196  198  196  196  192  185
  179  166  159  144  137  127  128  121  126                                   
    47.5-180.0 180.0   5.0 450.0                            LAT/LON1/LON2/DLON/H
  128  113  103   98   98   97  100  103  109  113  119  125  131  138  143  151
  151  154  152  151  149  150  151  156  159  165  170  175  180  186  192  199
  204  209  211  215  217  217  221  219  223  220  223  217  216  211  209  207
  205  205  203  203  200  200  197  198  195  196  194  198  194  196  190  188
  178  169  158  147  139  129  133  122  128                                   
    45.0-180.0 180.0   5.0 450.0                            LAT/LON1/LON2/DLON/H
  135  119  106  104  100  102  101  107  110  116  120  126  131  136  142  149
  152  155  154  154  152  155  157  162  167  173  179  184  190  196  201  206
  210  216  219  223  228  230  235  234  237  237  236  232  229  224  222  216
  216  212  209  208  205  204  203  201  200  198  197  198  195  196  192  190
  183  174  164  152  143  136  135  129  135                                   
    42.5-180.0 180.0   5.0 450.0                            LAT/LON1/LON2/DLON/H
  138  130  117  112  106  104  106  110  114  119  124  129  134  140  145  154
  157  161  159  160  159  161  164  169  174  181  188  195  202  207  212  217
  223  228  233  239  244  247  251  249  254  250  253  245  246  238  237  230
  229  224  220  217  214  212  208  207  203  202  198  200  195  198  194  195
  188  181  170  160  150  142  145  134  138                                   
    40.0-180.0 180.0   5.0 450.0                            LAT/LON1/LON2/DLON/H
  144  133  121  116  109  109  107  115  117  126  130  136  142  146  153  159
  166  168  169  169  169  170  172  176  182  189  198  207  214  220  224  231
  236  246  252  260  266  268  271  270  271  270  268  265  261  255  253  246
  245  236  232  226  223  220  217  214  213  208  206  204  202  203  202  202
  198  192  182  171  159  152  147  143  144                                   
    37.5-180.0 180.0   5.0 450.0                            LAT/LON1/LON2/DLON/H
  146  140  125  118  113  111  111  116  121  128  135  143  149  155  161  169
  175  181  182  182  181  181  182  185  190  199  207  218  226  234  241  249
  259  271  281  291  297  300  299  296  295  292  291  285  282  275  274  267
  264  255  250  242  238  233  228  226  222  218  215  214  211  212  210  213
  207  202  191  182  168  159  158  149  146                                   
    35.0-180.0 180.0   5.0 450.0                            LAT/LON1/LON2/DLON/H
  150  142  125  117  112  110  110  115  118  129  136  148  154  162  169  176
  185  191  193  195  193  194  193  196  200  208  217  230  240  252  260  275
  284  304  315  329  332  334  329  324  318  314  309  304  299  296  294  289
  285  274  270  257  253  243  238  232  227  222  220  219  221  221  221  223
  218  213  203  195  181  172  163  159  150                                   
    32.5-180.0 180.0   5.0 450.0                            LAT/LON1/LON2/DLON/H
  150  143  126  117  110  107  107  111  115  127  135  148  157  166  176  185
  195  202  208  208  208  206  206  205  208  216  225  240  253  270  283  303
  319  338  353  365  369  370  363  356  348  338  331  324  321  316  315  310
  305  295  290  279  273  262  254  246  239  233  231  230  232  231  231  232
  228  223  212  204  190  177  173  163  150                                   
    30.0-180.0 180.0   5.0 450.0                            LAT/LON1/LON2/DLON/H
  155  148  131  124  112  109  103  107  109  120  128  145  155  169  180  191
  200  210  215  219  217  219  217  216  219  223  234  250  268  291  309  333
  351  376  390  406  406  407  394  385  373  364  354  346  342  335  332  330
  322  317  307  302  290  283  268  259  244  236  233  232  238  237  241  240
  237  232  222  215  201  190  179  174  155                                   
    27.5-180.0 180.0   5.0 450.0                            LAT/LON1/LON2/DLON/H
  157  152  140  129  116  108  102  103  103  113  122  140  153  169  182  195
  206  215  225  227  229  230  229  227  227  235  245  268  286  314  334  362
  387  409  427  435  438  432  422  410  398  386  375  366  359  353  348  348
  339  338  327  323  311  305  289  279  261  251  241  241  241  243  243  243
  239  234  225  218  205  194  186  175  157                                   
    25.0-180.0 180.0   5.0 450.0                            LAT/LON1/LON2/DLON/H
  164  161  152  144  129  119  105  105  101  109  116  133  147  166  180  196
  208  220  228  237  238  242  240  239  240  246  261  282  305  331  356  386
  417  442  458  466  463  459  442  433  417  406  392  384  375  375  366  368
  356  359  345  346  330  322  298  284  263  251  241  237  236  238  239  238
  236  232  227  222  213  203  194  182  164                                   
    22.5-180.0 180.0   5.0 450.0                            LAT/LON1/LON2/DLON/H
  167  175  165  155  141  127  114  109  102  106  111  129  144  166  181  201
  213  224  236  242  247  251  250  249  251  263  276  301  321  351  377  409
  439  463  479  481  479  468  452  439  427  413  401  393  386  388  380  382
  369  373  363  359  346  328  306  286  265  250  237  236  230  233  228  228
  223  223  216  214  207  202  197  184  167                                   
    20.0-180.0 180.0   5.0 450.0                            LAT/LON1/LON2/DLON/H
  174  183  178  171  161  145  127  120  110  112  112  126  142  161  181  199
  214  225  238  249  254  259  258  258  261  273  291  311  338  363  394  422
  451  474  485  488  480  472  452  446  430  427  411  411  403  407  397  399
  391  391  380  375  354  336  307  287  261  246  230  227  220  218  214  211
  208  205  202  201  199  196  193  183  174                                   
    17.5-180.0 180.0   5.0 450.0                            LAT/LON1/LON2/DLON/H
  174  193  186  180  169  153  138  129  118  115  113  126  140  166  183  207
  217  231  242  252  257  264  262  265  269  287  300  328  354  380  404  430
  455  472  482  480  475  466  452  447  440  433  424  418  416  415  412  411
  404  399  390  378  360  336  311  285  263  244  230  219  210  207  200  195
  190  188  185  184  184  185  185  178  174                                   
    15.0-180.0 180.0   5.0 450.0                            LAT/LON1/LON2/DLON/H
  174  188  188  182  173  160  146  136  128  125  123  133  143  165  184  206
  222  233  243  256  260  268  268  273  280  294  316  343  373  391  414  433
  453  462  469  466  462  455  447  447  442  442  433  432  427  429  425  424
  417  410  399  385  363  340  310  287  262  243  225  212  202  196  187  180
  173  170  165  166  162  168  168  165  174                                   
    12.5-180.0 180.0   5.0 450.0                            LAT/LON1/LON2/DLON/H
  164  183  174  174  165  155  146  140  131  128  125  135  145  171  185  212
  223  239  246  257  263  269  272  282  289  308  330  362  386  404  421  435
  449  456  458  460  457  455  451  456  454  454  446  444  442  444  441  437
  428  419  403  385  361  337  310  290  268  249  230  212  201  191  181  170
  165  157  155  151  152  154  157  152  164                                   
    10.0-180.0 180.0   5.0 450.0                            LAT/LON1/LON2/DLON/H
  154  167  160  156  150  142  137  131  129  128  129  138  150  171  190  213
  229  242  250  260  265  274  280  290  302  319  346  371  396  409  423  431
  444  447  452  449  451  447  449  451  453  453  449  447  446  446  442  439
  428  419  403  384  359  334  311  296  275  257  235  216  199  185  174  163
  155  149  142  140  139  143  142  139  154                                   
     7.5-180.0 180.0   5.0 450.0                            LAT/LON1/LON2/DLON/H
  138  159  149  144  135  128  124  123  122  122  123  133  144  169  187  214
  228  244  253  264  269  278  287  301  312  334  355  381  402  415  426  436
