data/unet/pred1840.15i
     1.0            IONOSPHERE MAPS     GNSS                IONEX VERSION / TYPE
pyspatialgeodesy        IME             05-JAN-18 20:20     PGM / RUN BY / DATE 
Map Name                                                    COMMENT             
Predicted global ionosphere maps (GIM).                     DESCRIPTION         
  2015     7     3     0     0     0                        EPOCH OF FIRST MAP  
  2015     7     4     0     0     0                        EPOCH OF LAST MAP   
  7200                                                      INTERVAL            
    13                                                      # OF MAPS IN FILE   
  NONE                                                      MAPPING FUNCTION    
10.0                                                        ELEVATION CUTOFF    
One-way carrier phase leveled to code                       OBSERVABLES USED    
  6371.0                                                    BASE RADIUS         
 2                                                          MAP DIMENSION       
   450.0 450.0   0.0                                        HGT1 / HGT2 / DHGT  
    87.5 -87.5  -2.5                                        LAT1 / LAT2 / DLAT  
  -180.0 180.0   5.0                                        LON1 / LON2 / DLON  
    -1                                                      EXPONENT            
                                                            END OF HEADER       
[from data line 5148]
    13                                                      START OF TEC MAP    
  2015     7     4     0     0     0                        EPOCH OF CURRENT MAP
    87.5-180.0 180.0   5.0 450.0                            LAT/LON1/LON2/DLON/H
  203  186  191  192  192  191  192  192  193  192  194  193  193  192  193  191
  192  190  190  188  188  185  185  183  182  180  179  177  177  175  175  174
  173  172  172  171  171  171  171  170  170  170  171  171  171  171  171  171
  171  171  171  171  171  171  172  172  173  173  174  174  175  175  176  176
  179  179  179  179  181  180  180  200  203                                   
    85.0-180.0 180.0   5.0 450.0                            LAT/LON1/LON2/DLON/H
  189  195  201  203  202  202  202  203  203  203  204  204  203  203  203  202
  201  201  199  198  196  195  192  191  188  187  185  183  182  181  179  179
  177  177  176  176  175  176  175  176  175  176  176  177  177  178  177  178
  178  178  178  179  179  180  179  180  180  181  181  182  182  184  184  185
  186  188  188  189  190  187  189  182  189                                   
    82.5-180.0 180.0   5.0 450.0                            LAT/LON1/LON2/DLON/H
  200  201  204  205  205  203  205  204  205  205  207  206  207  206  207  205
  205  203  202  200  198  195  193  189  187  183  181  178  177  174  174  172
  172  171  172  171  172  171  172  171  173  172  174  173  175  174  176  175
  177  176  178  177  178  177  179  178  179  179  180  179  181  181  183  183
  186  186  189  189  193  189  188  187  200                                   
    80.0-180.0 180.0   5.0 450.0                            LAT/LON1/LON2/DLON/H
  204  205  205  206  204  205  204  206  205  207  206  208  207  209  208  209
  207  207  204  204  200  198  193  191  185  182  178  176  172  171  169  169
  167  169  169  170  170  172  172  173  173  175  175  177  177  178  178  179
  178  180  179  180  178  179  178  178  177  178  177  178  178  179  179  181
  182  185  186  188  191  191  192  193  204                                   
    77.5-180.0 180.0   5.0 450.0                            LAT/LON1/LON2/DLON/H
  204  202  202  202  200  201  200  201  201  202  203  205  205  206  206  207
  206  207  206  205  202  199  195  191  186  181  177  173  170  167  166  166
  167  168  170  172  174  175  176  177  178  179  179  181  180  182  182  183
  182  183  182  182  181  180  179  178  177  176  175  176  175  176  176  178
  179  181  183  186  188  188  192  194  204                                   
    75.0-180.0 180.0   5.0 450.0                            LAT/LON1/LON2/DLON/H
  203  199  199  199  196  196  196  196  196  198  199  201  201  203  203  204
  204  205  204  204  202  200  196  193  187  182  177  173  169  168  166  167
  168  172  174  178  180  182  184  185  186  186  186  186  187  187  188  188
  188  188  188  187  185  184  182  180  178  177  175  174  174  174  174  175
  177  178  181  183  187  187  190  192  203                                   
    72.5-180.0 180.0   5.0 450.0                            LAT/LON1/LON2/DLON/H
  200  196  195  194  192  190  189  190  190  192  193  195  196  197  198  198
  199  199  200  200  200  198  196  192  187  181  176  171  168  165  165  166
  169  172  177  180  184  186  188  188  188  187  187  187  187  188  189  189
  190  190  190  188  186  184  182  179  177  175  174  172  172  171  171  172
  174  175  178  181  185  185  189  193  200                                   
    70.0-180.0 180.0   5.0 450.0                            LAT/LON1/LON2/DLON/H
  199  194  193  191  187  187  185  186  186  189  190  193  192  193  192  193
  192  194  194  196  196  196  194  192  186  182  176  172  168  167  166  168
  170  175  179  184  186  189  189  189  188  186  186  185  186  187  189  190
  192  193  193  192  189  187  184  182  179  177  175  174  173  173  172  173
  174  176  178  182  184  185  189  192  199                                   
    67.5-180.0 180.0   5.0 450.0                            LAT/LON1/LON2/DLON/H
  200  195  193  191  187  185  184  185  186  188  191  192  192  191  191  189
  189  189  191  192  194  194  194  192  188  184  179  174  170  168  168  169
  172  176  180  183  186  186  186  183  181  178  178  177  178  180  184  186
  189  190  192  192  190  188  185  182  180  178  176  175  174  173  173  173
  175  176  180  183  187  187  192  194  200                                   
    65.0-180.0 180.0   5.0 450.0                            LAT/LON1/LON2/DLON/H
  203  197  196  193  188  187  184  186  186  190  191  194  192  192  189  187
  185  186  186  190  191  194  194  194  191  188  183  180  175  174  173  174
  174  177  178  180  180  179  176  172  169  166  166  166  168  171  176  180
  185  188  190  191  189  189  186  184  182  181  179  178  177  176  175  175
  176  179  181  186  189  190  194  196  203                                   
    62.5-180.0 180.0   5.0 450.0                            LAT/LON1/LON2/DLON/H
  207  202  202  199  194  190  188  188  190  192  195  196  196  194  192  188
  187  186  188  189  193  195  197  197  196  193  190  187  184  181  178  177
  176  175  175  173  171  167  164  158  156  153  153  153  157  161  167  172
  179  182  186  187  188  187  186  185  185  183  182  181  181  178  178  176
  179  180  184  187  194  194  199  201  207                                   
    60.0-180.0 180.0   5.0 450.0                            LAT/LON1/LON2/DLON/H
  212  209  209  206  200  198  194  194  193  196  197  200  198  198  193  192
  188  189  188  193  195  199  200  202  201  200  198  197  194  192  187  184
  178  174  170  166  160  155  150  144  142  140  141  143  147  152  159  165
  172  177  182  184  186  188  187  188  188  189  187  187  185  184  181  180
  180  183  185  190  196  197  203  205  212                                   
    57.5-180.0 180.0   5.0 450.0                            LAT/LON1/LON2/DLON/H
  218  215  218  216  212  208  205  202  201  201  202  203  202  201  198  196
  194  194  195  198  203  205  208  208  208  207  207  206  205  201  196  188
  180  171  164  155  150  142  137  131  130  128  132  134  139  144  152  158
  165  171  177  181  185  188  190  192  193  194  195  194  193  190  188  186
  186  186  190  193  201  202  209  211  218                                   
    55.0-180.0 180.0   5.0 450.0                            LAT/LON1/LON2/DLON/H
  223  223  228  228  224  223  216  214  208  208  205  206  203  204  200  200
  197  200  201  206  208  212  213  215  214  215  214  215  213  210  202  193
  181  169  159  149  141  134  128  123  122  122  126  129  134  140  147  153
  161  167  174  180  185  190  193  197  199  203  203  203  201  199  196  194
  192  193  194  199  204  207  213  217  223                                   
    52.5-180.0 180.0   5.0 450.0                            LAT/LON1/LON2/DLON/H
  229  229  238  240  240  238  235  229  223  217  213  210  208  207  205  204
  205  207  210  214  218  220  222  222  223  222  224  223  222  216  208  195
  181  166  155  143  136  127  123  118  120  120  124  127  133  137  143  149
  156  164  172  179  187  193  198  203  208  212  214  215  214  211  209  206
  204  203  204  206  212  213  218  225  229                                   
    50.0-180.0 180.0   5.0 450.0                            LAT/LON1/LON2/DLON/H
  233  235  246  253  253  255  251  246  236  230  221  217  212  212  208  210
  209  214  216  222  225  228  227  228  227  228  228  229  225  219  208  195
  179  164  152  141  133  126  121  119  119  121  125  129  134  137  142  146
  154  161  171  180  190  197  204  211  216  222  225  228  226  226  223  222
  219  219  217  218  221  222  225  233  233                                   
    47.5-180.0 180.0   5.0 450.0                            LAT/LON1/LON2/DLON/H
  240  240  254  263  268  271  269  264  255  244  235  228  223  220  217  217
  218  221  226  230  234  235  235  234  234  233  234  231  228  219  208  193
  179  163  153  141  135  127  124  120  122  123  128  131  136  138  142  145
  152  160  171  181  193  201  210  218  226  234  240  243  247  245  246  243
  244  239  238  235  240  237  236  244  240                                   
    45.0-180.0 180.0   5.0 450.0                            LAT/LON1/LON2/DLON/H
  248  248  263  274  280  287  286  283  273  263  251  243  235  233  227  227
  226  231  233  239  240  242  240  239  236  236  234  232  226  218  206  193
  179  166  157  148  140  133  128  126  125  127  131  135  139  141  144  146
  152  160  172  183  195  205  214  224  233  244  252  261  263  268  268  270
  268  267  263  261  260  256  250  257  248                                   
    42.5-180.0 180.0   5.0 450.0                            LAT/LON1/LON2/DLON/H
  263  260  275  285  292  299  302  301  294  284  272  263  254  248  243  239
  238  240  244  247  248  249  247  244  242  239  237  232  226  217  207  195
  184  172  166  157  151  141  137  131  132  132  137  139  144  144  147  147
  154  161  173  184  197  207  218  229  242  254  267  277  284  288  292  295
  296  293  290  285  284  275  269  274  263                                   
    40.0-180.0 180.0   5.0 450.0                            LAT/LON1/LON2/DLON/H
  282  279  289  297  302  311  316  319  313  307  295  286  275  269  259  255
  251  253  253  257  256  256  252  249  244  242  237  233  226  218  209  200
  192  184  177  170  163  154  145  140  138  139  143  147  150  150  151  152
  157  164  175  185  198  208  219  231  244  261  274  290  297  307  310  317
  318  318  312  309  306  298  288  292  282                                   
    37.5-180.0 180.0   5.0 450.0                            LAT/LON1/LON2/DLON/H
  306  300  306  310  314  321  328  334  332  328  318  309  299  289  280  272
  267  265  266  267  266  265  261  257  253  248  243  238  232  224  218  211
  205  199  194  186  177  166  158  150  149  149  154  156  159  158  159  158
  162  167  177  186  198  207  219  232  248  264  281  297  310  320  327  334
  337  336  332  327  327  317  311  311  306                                   
    35.0-180.0 180.0   5.0 450.0                            LAT/LON1/LON2/DLON/H
  331  330  330  331  332  339  346  352  353  351  344  336  324  315  302  292
  284  282  280  281  278  276  271  268  261  258  252  248  241  236  229  225
  219  215  208  201  191  179  170  163  161  163  166  169  169  168  166  164
  165  169  175  182  192  202  214  229  244  263  279  299  311  326  333  343
  345  346  345  345  346  340  336  335  331                                   
    32.5-180.0 180.0   5.0 450.0                            LAT/LON1/LON2/DLON/H
  359  364  362  359  356  361  367  373  375  374  368  361  351  340  326  314
  305  301  300  298  296  291  286  281  276  272  267  263  257  252  246  240
  235  229  222  213  202  190  181  175  174  176  180  181  181  176  173  168
  167  166  170  174  184  193  207  222  239  257  276  292  308  320  331  338
  343  344  347  350  357  354  354  352  359                                   
    30.0-180.0 180.0   5.0 450.0                            LAT/LON1/LON2/DLON/H
  384  400  397  395  391  396  399  404  404  403  396  390  380  370  355  342
  330  326  321  320  315  310  302  298  291  288  282  279  272  267  258  254
  244  237  226  217  205  196  188  185  187  190  192  194  190  184  177  171
  165  162  161  163  169  180  194  211  228  246  264  281  295  309  320  328
  333  338  343  352  362  367  374  371  384                                   
    27.5-180.0 180.0   5.0 450.0                            LAT/LON1/LON2/DLON/H
  402  421  424  427  427  430  430  433  432  431  424  420  408  399  385  372
  357  350  345  342  336  330  323  316  308  304  298  292  285  278  268  258
  247  235  222  211  200  193  189  190  194  198  200  199  194  185  176  166
  159  152  150  149  156  166  182  199  218  236  252  267  282  293  305  313
  320  326  334  344  360  368  380  379  402                                   
    25.0-180.0 180.0   5.0 450.0                            LAT/LON1/LON2/DLON/H
  413  438  446  455  459  462  461  463  461  460  454  450  441  435  420  408
  391  381  371  365  356  350  341  334  324  317  308  301  289  280  265  253
  236  222  206  195  185  182  183  188  193  199  200  198  190  180  169  159
  148  140  136  136  143  154  170  187  206  224  240  254  268  282  294  306
  314  324  332  346  362  375  394  392  413                                   
    22.5-180.0 180.0   5.0 450.0                            LAT/LON1/LON2/DLON/H
  417  440  458  473  480  482  481  483  481  481  475  475  468  467  456  446
  426  415  399  390  376  368  357  346  335  323  311  299  285  270  252  234
  216  199  182  171  166  165  170  176  184  189  192  188  180  169  158  145
  135  125  122  123  132  145  162  178  198  215  230  244  258  273  287  301
  314  325  335  349  366  379  395  397  417                                   
    20.0-180.0 180.0   5.0 450.0                            LAT/LON1/LON2/DLON/H
  416  440  462  482  493  497  498  501  501  501  498  497  494  494  487  479
  462  449  429  416  395  384  367  355  338  322  304  288  269  250  229  208
  187  168  155  146  143  145  151  160  167  173  174  171  163  152  141  129
  119  111  109  112  123  138  154  172  190  206  222  237  254  268  287  304
  321  335  346  359  374  384  405  406  416                                   
    17.5-180.0 180.0   5.0 450.0                            LAT/LON1/LON2/DLON/H
  410  430  457  481  494  500  502  508  510  514  511  514  513  516  511  506
  491  477  456  438  414  395  374  357  335  311  289  267  246  223  200  177
  157  140  129  121  120  123  130  138  146  150  154  149  143  132  123  112
  104   98   99  104  116  132  151  168  187  203  220  238  256  274  295  315
  335  351  362  373  384  391  404  407  410                                   
    15.0-180.0 180.0   5.0 450.0                            LAT/LON1/LON2/DLON/H
  404  422  446  469  485  494  499  508  514  521  522  526  529  532  529  525
  512  499  476  456  425  403  375  353  323  295  267  242  218  196  172  150
  132  117  108  103  102  105  110  116  122  126  128  127  121  112  105   98
   92   89   91   99  112  129  147  165  184  201  221  240  262  283  308  330
  351  367  379  387  396  401  416  416  404                                   
    12.5-180.0 180.0   5.0 450.0                            LAT/LON1/LON2/DLON/H
  404  416  437  458  473  482  488  499  506  514  517  524  530  537  537  533
  522  509  488  464  432  402  370  340  306  272  241  213  191  169  149  130
  115  104   98   95   94   95   97   98  101  103  107  105  103   97   92   87
   84   82   86   94  108  125  144  163  183  204  226  248  272  299  326  350
  370  385  396  403  410  412  421  421  404                                   
    10.0-180.0 180.0   5.0 450.0                            LAT/LON1/LON2/DLON/H
  408  417  431  447  460  470  476  488  494  503  505  514  521  530  532  530
  521  510  487  464  428  396  358  323  283  247  214  189  168  151  135  120
  109  102   98   97   95   94   91   88   88   88   91   90   90   86   84   81
   79   78   82   90  103  120  138  158  180  203  228  254  283  313  341  365
  384  398  408  414  422  424  436  432  408                                   
     7.5-180.0 180.0   5.0 450.0                            LAT/LON1/LON2/DLON/H
  419  426  436  449  456  464  467  476  478  484  485  494  502  512  515  516
  509  499  480  454  419  380  341  300  260  221  191  171  156  143  132  122
