data/unet/pred3340.15i
     1.0            IONOSPHERE MAPS     GNSS                IONEX VERSION / TYPE
pyspatialgeodesy        IME             05-JAN-18 20:20     PGM / RUN BY / DATE 
Map Name                                                    COMMENT             
Predicted global ionosphere maps (GIM).                     DESCRIPTION         
  2015    11    30     0     0     0                        EPOCH OF FIRST MAP  
  2015    12     1     0     0     0                        EPOCH OF LAST MAP   
  7200                                                      INTERVAL            
    13                                                      # OF MAPS IN FILE   
  NONE                                                      MAPPING FUNCTION    
10.0                                                        ELEVATION CUTOFF    
One-way carrier phase leveled to code                       OBSERVABLES USED    
  6371.0                                                    BASE RADIUS         
 2                                                          MAP DIMENSION       
   450.0 450.0   0.0                                        HGT1 / HGT2 / DHGT  
    87.5 -87.5  -2.5                                        LAT1 / LAT2 / DLAT  
  -180.0 180.0   5.0                                        LON1 / LON2 / DLON  
    -1                                                      EXPONENT            
                                                            END OF HEADER       
[from data line 4290]
    11                                                      START OF TEC MAP    
  2015    11    30    20     0     0                        EPOCH OF CURRENT MAP
    87.5-180.0 180.0   5.0 450.0                            LAT/LON1/LON2/DLON/H
  107   78   57   62   62   62   63   64   65   66   67   68   69   70   70   72
   72   73   73   73   73   73   73   73   72   71   71   70   69   68   67   66
   65   64   64   63   62   62   62   62   62   62   62   62   62   62   62   62
   62   62   62   62   62   62   62   62   62   62   62   62   61   61   60   61
   60   60   59   59   61   62   58  101  107                                   
    85.0-180.0 180.0   5.0 450.0                            LAT/LON1/LON2/DLON/H
   47   45   46   52   54   54   56   58   60   62   64   66   68   69   71   72
   74   73   75   74   75   73   75   73   74   71   72   70   69   68   67   65
   64   63   62   61   60   60   59   59   58   59   58   59   58   59   58   58
   57   58   57   57   56   57   56   57   55   56   54   55   53   54   52   52
   50   51   49   49   51   49   46   68   47                                   
    82.5-180.0 180.0   5.0 450.0                            LAT/LON1/LON2/DLON/H
   33   37   37   41   42   44   47   52   55   60   64   69   72   76   79   80
   82   82   83   81   82   79   79   76   75   73   71   70   68   67   64   64
   61   61   57   57   54   54   52   52   50   50   49   49   49   49   49   49
   49   50   50   50   50   50   50   51   51   51   50   51   49   50   47   48
   45   45   41   43   40   40   35   44   33                                   
    80.0-180.0 180.0   5.0 450.0                            LAT/LON1/LON2/DLON/H
   33   30   30   30   34   35   42   46   55   58   69   71   81   81   90   88
   94   90   94   88   90   83   84   77   77   71   71   66   66   62   62   59
   59   56   55   54   53   51   50   49   49   48   48   48   49   49   49   50
   50   51   51   52   52   54   53   54   54   55   55   54   54   53   52   49
   48   44   42   37   36   31   25   33   33                                   
    77.5-180.0 180.0   5.0 450.0                            LAT/LON1/LON2/DLON/H
   24   25   21   24   26   29   36   43   53   61   72   79   89   94  101  104
  107  105  104   99   96   88   85   78   75   69   68   63   63   59   60   57
   57   55   55   52   52   49   49   47   47   46   46   46   46   47   47   49
   49   51   51   52   52   53   54   55   55   56   55   55   54   53   51   49
   46   43   39   36   32   27   22   22   24                                   
    75.0-180.0 180.0   5.0 450.0                            LAT/LON1/LON2/DLON/H
   24   25   23   27   29   34   41   50   61   71   83   92  103  111  119  122
  124  122  118  112  104   98   90   84   77   73   68   66   63   63   62   61
   59   59   57   55   52   51   50   48   46   47   47   48   48   50   50   51
   52   53   54   55   55   56   57   58   59   60   61   60   60   58   57   53
   52   47   45   39   37   30   27   28   24                                   
    72.5-180.0 180.0   5.0 450.0                            LAT/LON1/LON2/DLON/H
   29   32   28   31   32   37   45   54   67   78   92  104  118  127  135  138
  139  135  130  121  112  102   95   85   79   72   69   66   65   64   65   64
   64   63   60   58   54   52   49   47   45   45   46   47   48   51   51   53
   53   55   55   56   55   56   56   58   58   60   60   61   60   60   57   56
   51   50   45   43   38   34   31   30   29                                   
    70.0-180.0 180.0   5.0 450.0                            LAT/LON1/LON2/DLON/H
   38   41   40   44   45   49   57   66   79   91  107  120  134  142  150  150
  151  145  139  129  119  107   98   86   79   72   68   65   64   66   66   66
   66   63   61   56   52   47   44   41   40   41   42   45   47   50   52   53
   54   55   56   55   56   55   57   56   59   58   60   58   60   57   58   53
   53   49   49   43   44   38   40   42   38                                   
    67.5-180.0 180.0   5.0 450.0                            LAT/LON1/LON2/DLON/H
   49   52   51   55   57   61   68   76   90  102  119  133  146  155  161  163
  161  155  147  135  123  111   99   88   78   71   66   65   63   65   65   66
   64   62   58   52   45   41   36   34   32   34   36   39   43   46   50   50
   52   51   51   49   50   48   49   49   50   52   52   54   53   54   51   51
   47   47   45   44   44   42   44   47   49                                   
    65.0-180.0 180.0   5.0 450.0                            LAT/LON1/LON2/DLON/H
   57   62   64   69   71   76   83   91  104  118  134  147  160  167  174  174
  172  166  157  145  134  119  107   92   83   72   68   64   62   64   64   64
   61   57   51   43   37   30   27   23   25   27   31   35   39   44   47   48
   49   48   47   44   44   42   43   42   45   45   47   47   49   47   48   45
   45   42   44   40   45   42   50   57   57                                   
    62.5-180.0 180.0   5.0 450.0                            LAT/LON1/LON2/DLON/H
   65   72   75   80   85   87   95  102  115  128  143  157  169  177  182  184
  182  175  167  154  143  129  114  100   87   78   70   66   63   64   62   62
   56   52   43   37   28   23   18   17   18   22   26   31   36   39   42   41
   42   38   37   33   33   31   33   33   36   38   39   40   41   42   41   40
   38   37   36   36   39   41   50   58   65                                   
    60.0-180.0 180.0   5.0 450.0                            LAT/LON1/LON2/DLON/H
   70   78   85   90   96  101  109  117  131  142  158  170  181  188  194  195
  194  189  180  169  157  141  127  108   97   83   76   67   65   62   61   58
   54   47   40   30   24   17   15   13   17   20   27   31   36   38   40   38
   37   34   31   27   27   26   28   29   33   34   36   37   39   39   40   37
   37   33   35   31   37   38   50   60   70                                   
    57.5-180.0 180.0   5.0 450.0                            LAT/LON1/LON2/DLON/H
   75   85   93  100  107  111  119  127  139  150  163  175  184  194  198  203
  202  199  192  181  168  152  137  119  104   91   80   73   67   64   61   59
   52   47   38   31   24   19   16   17   19   24   29   34   36   37   36   34
   32   27   26   22   23   22   26   27   31   33   35   36   37   37   37   36
   34   31   30   29   32   36   48   57   75                                   
    55.0-180.0 180.0   5.0 450.0                            LAT/LON1/LON2/DLON/H
   80   89  101  108  118  123  134  141  155  164  178  187  196  202  209  211
  212  210  203  194  180  163  149  131  117  100   90   80   75   69   67   61
   57   50   44   36   31   27   26   26   30   34   39   42   43   43   41   38
   36   31   30   26   26   27   30   33   36   38   40   40   40   40   40   38
   38   33   34   29   34   36   51   60   80                                   
    52.5-180.0 180.0   5.0 450.0                            LAT/LON1/LON2/DLON/H
   86   99  110  120  129  135  145  153  166  174  184  191  198  204  209  214
  215  215  209  201  187  172  157  141  127  112  100   89   82   76   72   67
   62   57   50   46   41   40   39   41   43   47   50   52   52   50   47   43
   42   38   38   35   36   37   40   43   46   47   47   46   44   43   42   40
   39   36   35   33   37   40   53   61   86                                   
    50.0-180.0 180.0   5.0 450.0                            LAT/LON1/LON2/DLON/H
   98  107  123  132  143  150  164  173  187  194  202  204  209  210  216  218
  221  220  214  206  192  179  165  152  140  126  114  101   94   85   80   73
   70   64   61   57   55   55   56   57   59   61   64   65   64   61   59   55
   54   52   52   51   51   51   53   56   58   59   57   55   52   49   48   46
   46   43   44   41   46   48   63   71   98                                   
    47.5-180.0 180.0   5.0 450.0                            LAT/LON1/LON2/DLON/H
  107  120  132  144  154  164  176  186  197  204  208  208  210  211  215  220
  222  223  215  209  194  185  173  163  152  140  127  114  104   94   87   80
   74   70   67   67   67   69   71   72   73   74   75   75   75   72   70   66
   68   66   68   67   68   68   69   70   71   70   66   62   57   53   51   49
   49   47   49   49   53   57   70   80  107                                   
    45.0-180.0 180.0   5.0 450.0                            LAT/LON1/LON2/DLON/H
  120  131  147  157  170  181  195  206  217  220  223  218  219  217  222  226
  228  226  218  210  200  191  183  175  166  154  142  127  115  101   93   84
   78   74   73   74   77   80   82   83   83   83   84   85   85   83   82   80
   82   83   85   85   85   84   83   82   82   79   74   69   63   59   56   55
   56   54   57   56   64   68   85   95  120                                   
    42.5-180.0 180.0   5.0 450.0                            LAT/LON1/LON2/DLON/H
  127  140  152  165  178  190  203  216  225  229  227  223  221  220  222  228
  229  228  218  212  203  199  193  188  179  169  154  138  122  106   94   83
   78   74   75   78   83   86   89   88   88   88   88   90   91   90   90   89
   92   93   96   96   96   94   92   90   88   85   79   72   66   61   57   56
   56   55   58   61   69   76   91  104  127                                   
    40.0-180.0 180.0   5.0 450.0                            LAT/LON1/LON2/DLON/H
  133  144  159  174  185  200  213  226  236  238  237  230  229  226  229  232
  233  230  225  218  214  208  205  198  193  179  165  144  126  107   95   83
   78   76   78   82   88   92   94   92   91   90   92   93   95   95   96   96
   99  100  103  103  104  100   98   93   92   86   82   74   70   65   62   60
   60   58   62   64   75   83  100  114  133                                   
    37.5-180.0 180.0   5.0 450.0                            LAT/LON1/LON2/DLON/H
  131  144  158  172  187  198  212  224  235  237  235  231  230  228  232  236
  238  236  231  226  223  219  215  209  201  187  168  147  125  106   94   82
   80   78   84   88   96   98   99   95   92   91   92   95   97   98   97   97
   98  100  101  101  100   97   94   91   88   85   79   75   70   66   62   60
   58   55   58   63   73   84  101  117  131                                   
    35.0-180.0 180.0   5.0 450.0                            LAT/LON1/LON2/DLON/H
  131  144  159  176  189  204  218  232  241  245  243  239  238  238  241  244
  246  244  242  238  236  231  227  217  208  190  172  147  128  110  100   92
   93   94   99  104  109  110  108  102   97   95   96   98  101  100   99   96
   96   95   96   95   95   93   91   88   87   82   79   75   73   70   68   64
   61   57   59   63   75   85  105  119  131                                   
    32.5-180.0 180.0   5.0 450.0                            LAT/LON1/LON2/DLON/H
  129  144  156  172  186  198  213  225  238  241  242  240  241  242  247  250
  253  252  252  250  248  241  232  221  207  190  171  149  132  117  111  108
  112  115  122  124  128  125  121  112  105  102  101  104  103  103   99   96
   90   89   86   86   86   86   85   84   83   81   78   77   74   72   69   64
   60   54   56   62   73   86  105  118  129                                   
    30.0-180.0 180.0   5.0 450.0                            LAT/LON1/LON2/DLON/H
  134  148  162  177  190  205  218  230  240  245  244  244  246  249  253  256
  257  258  259  258  255  247  234  220  206  190  177  159  147  135  134  135
  143  147  153  155  152  147  138  129  118  115  114  114  115  110  106   98
   92   86   83   82   83   85   86   86   86   83   81   80   79   78   76   71
   66   60   62   65   79   89  111  122  134                                   
    27.5-180.0 180.0   5.0 450.0                            LAT/LON1/LON2/DLON/H
  143  158  169  184  197  208  222  232  242  247  249  249  251  254  257  258
  260  259  262  260  256  244  229  215  202  192  186  177  170  164  168  172
  182  187  191  187  181  168  159  144  134  128  125  125  122  118  110  102
   93   87   82   81   83   87   90   90   89   87   84   83   82   80   77   73
   67   62   63   70   82   97  117  129  143                                   
    25.0-180.0 180.0   5.0 450.0                            LAT/LON1/LON2/DLON/H
  163  175  192  209  220  233  243  250  257  260  261  261  263  266  266  265
  263  261  261  259  251  239  224  212  206  203  208  205  205  202  207  214
  224  227  226  217  205  188  174  160  150  145  142  140  136  130  122  112
  103   93   88   86   88   92   96   97   97   93   89   85   83   81   79   76
   72   70   74   80   95  108  133  146  163                                   
    22.5-180.0 180.0   5.0 450.0                            LAT/LON1/LON2/DLON/H
  184  198  213  234  244  255  263  271  276  279  280  281  283  283  280  273
  268  262  260  255  246  233  222  216  218  227  238  243  247  247  253  258
  263  262  253  238  219  200  184  171  163  158  155  152  147  140  132  122
  111  102   94   92   92   96  101  103  103   98   92   87   83   80   76   73
   70   73   79   90  105  126  146  165  184                                   
    20.0-180.0 180.0   5.0 450.0                            LAT/LON1/LON2/DLON/H
  210  220  242  257  269  280  289  295  303  304  307  308  310  308  301  291
  280  272  264  258  247  238  231  234  246  265  283  293  299  297  299  301
  300  292  271  248  223  201  185  174  169  167  165  163  158  152  144  135
  125  114  105   99   99  101  107  109  108  101   93   85   80   76   73   70
   71   77   88  103  120  140  165  188  210                                   
    17.5-180.0 180.0   5.0 450.0                            LAT/LON1/LON2/DLON/H
  229  243  261  281  294  308  320  327  334  337  339  343  345  343  332  316
  301  287  276  266  258  253  255  268  291  316  335  344  345  343  338  332
  318  300  268  239  212  192  178  172  170  171  170  167  163  155  150  141
  133  121  110  103  102  104  109  112  110  103   92   84   76   72   69   67
   68   78   93  109  127  155  179  201  229                                   
    15.0-180.0 180.0   5.0 450.0                            LAT/LON1/LON2/DLON/H
  246  259  285  303  320  339  351  363  366  371  372  379  384  384  373  356
  337  319  302  291  282  284  294  318  347  373  387  389  384  375  363  343
  317  287  250  218  195  179  170  169  169  174  174  173  166  161  154  148
  139  130  118  112  108  110  113  115  112  104   93   82   75   69   66   65
   68   81  100  118  137  163  191  211  246                                   
    12.5-180.0 180.0   5.0 450.0                            LAT/LON1/LON2/DLON/H
  251  271  294  318  340  358  376  389  399  405  410  417  421  424  415  404
  381  360  341  328  323  329  348  375  403  421  428  423  408  391  369  340
  299  262  224  198  179  167  164  167  171  173  177  173  169  159  155  146
  140  130  122  115  109  110  111  115  110  104   90   80   71   67   63   64
   66   81   99  118  136  166  192  217  251                                   
    10.0-180.0 180.0   5.0 450.0                            LAT/LON1/LON2/DLON/H
  258  277  305  331  356  382  400  416  425  440  446  462  465  467  456  447
  428  407  383  374  372  385  404  434  453  466  460  442  417  392  363  322
  276  234  202  182  171  168  169  175  179  181  181  180  173  166  157  150
  141  134  126  121  113  111  112  114  110  102   91   79   73   67   65   64
   69   84  104  122  140  167  195  218  258                                   
     7.5-180.0 180.0   5.0 450.0                            LAT/LON1/LON2/DLON/H
  257  281  310  339  369  395  416  432  446  461  480  495  503  505  493  485
  468  452  435  426  428  440  459  479  492  492  476  446  414  385  349  305
