data/unet/pred0630.15i
     1.0            IONOSPHERE MAPS     GNSS                IONEX VERSION / TYPE
pyspatialgeodesy        IME             05-JAN-18 20:20     PGM / RUN BY / DATE 
Map Name                                                    COMMENT             
Predicted global ionosphere maps (GIM).                     DESCRIPTION         
  2015     3     4     0     0     0                        EPOCH OF FIRST MAP  
  2015     3     5     0     0     0                        EPOCH OF LAST MAP   
  7200                                                      INTERVAL            
    13                                                      # OF MAPS IN FILE   
  NONE                                                      MAPPING FUNCTION    
10.0                                                        ELEVATION CUTOFF    
One-way carrier phase leveled to code                       OBSERVABLES USED    
  6371.0                                                    BASE RADIUS         
 2                                                          MAP DIMENSION       
   450.0 450.0   0.0                                        HGT1 / HGT2 / DHGT  
    87.5 -87.5  -2.5                                        LAT1 / LAT2 / DLAT  
  -180.0 180.0   5.0                                        LON1 / LON2 / DLON  
    -1                                                      EXPONENT            
                                                            END OF HEADER       
[from data line 3861]
    10                                                      START OF TEC MAP    
  2015     3     4    18     0     0                        EPOCH OF CURRENT MAP
    87.5-180.0 180.0   5.0 450.0                            LAT/LON1/LON2/DLON/H
  192  162  161  165  163  163  164  166  167  170  171  174  174  177  177  180
  180  182  183  185  185  187  187  188  187  187  186  186  184  183  182  180
  179  177  175  173  172  169  169  165  166  163  165  160  163  156  159  152
  156  150  154  147  153  147  153  148  154  150  155  151  156  153  157  153
  157  154  157  154  157  152  165  167  192                                   
    85.0-180.0 180.0   5.0 450.0                            LAT/LON1/LON2/DLON/H
  149  146  148  155  151  155  153  158  158  163  163  168  168  172  173  176
  178  181  183  186  188  190  191  192  192  192  192  190  189  187  185  182
  181  177  175  172  169  166  164  161  159  157  154  152  150  148  146  145
  144  144  142  143  141  144  142  145  144  147  145  148  146  149  146  149
  147  149  146  147  144  142  147  155  149                                   
    82.5-180.0 180.0   5.0 450.0                            LAT/LON1/LON2/DLON/H
  132  126  132  131  133  133  137  139  145  148  153  157  161  165  169  174
  177  182  185  188  191  194  195  197  196  197  195  194  191  189  185  182
  179  175  171  166  163  158  154  150  147  144  142  139  138  135  136  134
  136  134  136  136  137  137  138  138  140  138  140  137  140  136  139  135
  137  133  134  131  132  124  125  124  132                                   
    80.0-180.0 180.0   5.0 450.0                            LAT/LON1/LON2/DLON/H
  109  109  109  110  112  114  117  122  128  133  139  145  151  158  164  171
  177  183  187  192  195  198  199  202  201  201  198  197  193  190  185  182
  178  174  168  164  158  153  147  143  139  136  132  130  126  126  122  123
  121  123  122  125  124  128  126  130  128  131  128  130  127  128  125  126
  122  122  117  117  114  109  109  111  109                                   
    77.5-180.0 180.0   5.0 450.0                            LAT/LON1/LON2/DLON/H
   90   90   92   89   93   95   99  107  112  122  129  137  146  155  163  171
  179  185  191  193  197  199  201  201  200  199  196  193  189  184  180  175
  171  165  161  154  150  141  139  129  128  120  120  116  114  111  112  111
  114  114  118  119  123  123  126  124  127  123  124  120  122  116  118  112
  114  108  109  102  102   94   96  100   90                                   
    75.0-180.0 180.0   5.0 450.0                            LAT/LON1/LON2/DLON/H
   90   89   86   87   89   92   96  105  111  122  130  142  148  161  166  178
  182  192  194  201  201  205  204  205  201  200  195  192  186  181  176  170
  166  160  158  151  148  140  135  129  124  121  115  115  110  112  109  112
  111  116  117  122  123  125  125  125  123  122  120  119  117  115  113  111
  108  107  104  103   98   93   93  100   90                                   
    72.5-180.0 180.0   5.0 450.0                            LAT/LON1/LON2/DLON/H
   95   95   90   89   92   95  102  109  118  128  138  148  157  166  176  183
  191  198  203  209  212  215  214  214  209  205  199  192  185  177  171  167
  162  158  152  148  143  138  131  126  121  116  113  110  109  107  110  110
  115  117  123  124  127  127  128  125  125  120  119  114  114  110  110  105
  106  103  104  100   99   92   96   99   95                                   
    70.0-180.0 180.0   5.0 450.0                            LAT/LON1/LON2/DLON/H
  102  102   97   99  100  105  112  122  129  142  151  164  170  181  188  198
  204  212  218  227  228  234  230  229  218  213  201  193  184  177  172  167
  164  159  155  149  146  139  135  127  124  117  113  109  107  106  106  108
  110  115  117  122  121  123  120  120  115  114  109  107  104  103  102  100
   99   99   99   99   98   93   97  104  102                                   
    67.5-180.0 180.0   5.0 450.0                            LAT/LON1/LON2/DLON/H
  105  106  104  105  109  113  122  130  142  153  164  173  184  192  203  211
  220  231  238  247  251  252  249  245  233  225  211  199  190  181  177  171
  167  160  156  148  143  136  130  123  118  112  107  102  100   98  100  101
  105  108  112  113  113  112  109  107  104  102   99   96   95   92   93   90
   91   89   92   91   93   90   95  103  105                                   
    65.0-180.0 180.0   5.0 450.0                            LAT/LON1/LON2/DLON/H
  102  104  105  110  114  120  130  140  151  164  175  187  196  206  217  226
  237  245  257  264  270  271  269  263  252  241  226  214  201  194  186  181
  175  167  159  152  145  138  130  124  117  110  104   99   95   92   91   92
   93   97   97  100   96   96   90   90   85   86   81   82   79   80   79   79
   79   79   80   82   83   83   89   99  102                                   
    62.5-180.0 180.0   5.0 450.0                            LAT/LON1/LON2/DLON/H
   90   94  100  107  112  121  131  144  155  168  180  190  203  210  223  235
  247  261  270  279  283  284  284  277  268  256  243  231  221  211  205  196
  190  178  169  159  149  140  131  122  116  108  102   93   89   82   82   79
   81   81   82   81   79   75   74   70   69   68   67   68   68   68   68   68
   68   65   67   67   69   69   74   87   90                                   
    60.0-180.0 180.0   5.0 450.0                            LAT/LON1/LON2/DLON/H
   75   82   88   98  104  116  127  143  155  172  184  199  208  220  230  243
  256  266  280  285  290  289  290  284  279  268  260  251  243  237  230  222
  213  199  185  172  159  147  137  128  121  113  106   96   89   81   75   71
   69   68   67   66   63   63   59   61   58   60   57   60   59   61   59   60
   57   56   53   55   54   56   61   71   75                                   
    57.5-180.0 180.0   5.0 450.0                            LAT/LON1/LON2/DLON/H
   61   66   77   86   97  109  123  138  153  170  185  198  209  219  232  246
  259  275  282  290  290  290  287  283  279  274  272  268  267  262  260  253
  243  225  209  192  175  161  147  138  128  120  112  102   94   82   75   66
   64   60   60   57   57   53   54   53   54   56   57   59   60   60   59   58
   56   52   50   47   47   45   48   53   61                                   
    55.0-180.0 180.0   5.0 450.0                            LAT/LON1/LON2/DLON/H
   56   63   70   82   92  108  123  141  158  179  193  210  221  234  244  258
  269  278  288  289  292  286  284  279  280  277  282  283  288  290  290  287
  279  259  240  215  197  177  164  150  143  133  127  115  106   92   82   71
   66   61   60   56   55   53   53   55   56   61   62   66   66   67   65   65
   60   57   52   49   46   45   47   47   56                                   
    52.5-180.0 180.0   5.0 450.0                            LAT/LON1/LON2/DLON/H
   60   65   77   86  101  115  132  149  168  187  203  221  234  247  259  271
  281  293  294  297  293  288  282  280  278  283  288  297  305  311  315  312
  305  287  264  237  215  196  179  167  157  150  142  132  122  108   96   84
   77   72   70   67   65   64   65   67   68   72   73   76   78   79   78   76
   74   69   66   59   58   53   53   49   60                                   
    50.0-180.0 180.0   5.0 450.0                            LAT/LON1/LON2/DLON/H
   77   83   95  108  121  137  155  172  190  211  230  248  259  275  285  296
  303  306  308  301  298  288  286  282  286  290  300  309  322  329  335  331
  326  306  284  255  233  211  196  183  175  166  162  151  144  128  119  105
  100   92   91   88   87   87   86   89   90   92   91   93   92   94   92   93
   89   88   84   81   76   72   70   68   77                                   
    47.5-180.0 180.0   5.0 450.0                            LAT/LON1/LON2/DLON/H
   99  106  117  132  150  166  182  197  215  237  255  274  288  302  310  323
  326  328  321  314  305  296  292  291  295  301  310  320  329  335  339  334
  327  307  286  260  240  220  206  195  185  179  173  167  159  149  138  128
  121  116  114  112  110  111  110  112  111  111  107  107  105  107  107  107
  107  106  106  103  101   95   95   94   99                                   
    45.0-180.0 180.0   5.0 450.0                            LAT/LON1/LON2/DLON/H
  123  132  150  169  183  200  215  231  249  270  290  308  320  333  341  350
  355  349  343  327  320  306  307  305  312  315  324  328  335  333  335  326
  317  296  279  256  240  225  213  202  194  186  181  175  170  162  155  147
  144  137  136  133  131  130  129  130  127  124  119  117  115  117  118  122
  122  126  127  128  126  124  124  120  123                                   
    42.5-180.0 180.0   5.0 450.0                            LAT/LON1/LON2/DLON/H
  137  153  170  191  211  227  241  255  273  295  316  335  347  361  368  379
  379  375  362  348  336  329  326  328  331  333  335  333  332  325  322  309
  298  279  264  248  237  226  215  206  195  187  181  178  174  169  165  160
  157  154  150  146  142  141  140  139  135  129  122  119  117  119  123  127
  133  136  141  141  143  141  143  143  137                                   
    40.0-180.0 180.0   5.0 450.0                            LAT/LON1/LON2/DLON/H
  145  165  187  210  230  248  262  280  298  322  345  363  376  389  396  403
  405  395  387  368  361  351  354  351  356  350  347  337  330  316  307  294
  284  268  261  247  241  231  223  211  200  188  182  177  176  172  171  166
  167  161  157  150  147  144  143  142  136  129  123  119  118  120  126  132
  138  143  146  147  149  148  150  148  145                                   
    37.5-180.0 180.0   5.0 450.0                            LAT/LON1/LON2/DLON/H
  137  161  185  211  235  252  268  285  306  333  357  379  394  407  416  424
  424  419  409  396  388  382  382  379  376  365  355  340  329  313  300  291
  281  273  267  263  256  248  237  223  208  194  187  181  181  176  177  174
  173  167  160  151  146  143  141  140  133  127  120  117  115  119  125  130
  135  138  139  137  140  139  144  144  137                                   
    35.0-180.0 180.0   5.0 450.0                            LAT/LON1/LON2/DLON/H
  129  148  175  203  229  253  270  292  314  342  369  393  412  426  437  444
  449  441  439  425  423  414  414  406  397  383  372  358  345  334  327  323
  323  321  319  315  311  298  280  255  235  217  207  197  195  189  189  186
  185  177  169  158  151  145  144  140  136  129  126  121  122  122  127  128
  131  129  126  123  119  120  123  130  129                                   
    32.5-180.0 180.0   5.0 450.0                            LAT/LON1/LON2/DLON/H
  113  126  158  190  222  246  265  287  311  343  374  403  426  441  453  461
  467  465  464  459  455  447  440  429  415  401  391  385  379  377  381  389
  400  406  407  402  391  370  340  308  271  253  232  228  220  216  212  208
  205  197  186  176  168  163  160  158  151  144  137  131  130  130  135  133
  132  126  119  110  103  101  107  116  113                                   
    30.0-180.0 180.0   5.0 450.0                            LAT/LON1/LON2/DLON/H
  100  110  139  175  206  240  261  291  315  349  383  416  441  459  471  479
  485  487  491  486  486  474  464  449  435  426  426  434  437  446  463  488
  513  521  529  511  496  453  405  365  317  297  266  269  252  254  240  242
  232  228  213  204  193  189  184  180  170  160  151  145  145  145  151  150
  148  140  127  116  101   98   97  101  100                                   
    27.5-180.0 180.0   5.0 450.0                            LAT/LON1/LON2/DLON/H
   97  113  135  172  208  238  265  291  319  355  393  426  456  474  489  496
  506  507  515  508  505  491  477  463  452  458  472  494  520  552  597  642
  679  690  691  647  604  526  470  407  356  331  309  314  300  295  280  278
  268  267  251  248  231  234  221  227  210  208  188  184  176  170  169  160
  158  145  132  112  104   99   98   97   97                                   
    25.0-180.0 180.0   5.0 450.0                            LAT/LON1/LON2/DLON/H
  120  123  144  177  214  250  273  304  331  372  408  446  473  494  508  517
  523  528  534  528  522  507  494  485  481  501  528  571  622  674  751  792
  808  810  783  736  674  594  523  453  402  377  361  367  360  365  353  350
  335  327  304  294  281  275  263  258  245  236  224  216  210  202  200  191
  186  173  155  134  114  108  106  105  120                                   
    22.5-180.0 180.0   5.0 450.0                            LAT/LON1/LON2/DLON/H
  143  148  171  199  232  265  296  322  359  398  431  465  494  517  533  540
  545  543  547  547  542  526  511  509  520  556  611  667  745  788  834  868
  881  882  852  789  720  630  537  478  433  415  403  413  409  413  400  400
  383  378  358  349  342  334  316  303  281  266  248  240  229  224  223  222
  210  199  188  173  152  142  131  127  143                                   
    20.0-180.0 180.0   5.0 450.0                            LAT/LON1/LON2/DLON/H
  171  162  193  223  257  286  314  346  379  429  453  492  512  545  554  568
  563  565  561  569  561  551  536  545  567  620  690  761  816  868  907  942
  955  944  898  825  739  656  554  488  448  445  444  459  463  465  457  455
  447  437  425  414  403  389  370  351  326  299  276  256  239  235  232  226
  219  209  195  179  170  161  161  152  171                                   
    17.5-180.0 180.0   5.0 450.0                            LAT/LON1/LON2/DLON/H
  192  186  214  245  278  309  334  370  406  454  487  524  542  570  581  592
  584  581  580  579  578  571  577  587  633  693  770  808  865  897  938  964
  971  947  898  821  740  665  556  492  450  446  448  463  473  478  482  482
  482  475  471  460  442  431  411  389  364  330  303  274  254  237  233  227
  226  220  210  193  178  173  174  176  192                                   
    15.0-180.0 180.0   5.0 450.0                            LAT/LON1/LON2/DLON/H
  196  191  218  255  296  320  347  379  427  472  513  554  577  605  618  625
  612  613  610  618  614  618  621  648  699  764  819  855  901  929  949  956
  947  917  858  789  723  638  544  482  439  431  432  447  458  469  485  492
  505  497  494  479  462  441  424  400  376  345  315  283  252  237  224  221
  220  219  212  198  184  170  176  182  196                                   
    12.5-180.0 180.0   5.0 450.0                            LAT/LON1/LON2/DLON/H
  192  182  209  253  296  330  356  396  441  492  532  576  604  635  647  661
  648  646  640  645  656  656  680  702  767  808  855  881  913  918  925  915
  889  853  802  752  688  606  532  476  433  421  419  429  440  449  471  490
  505  511  497  478  456  439  420  396  371  340  310  279  251  230  221  214
  217  214  211  193  179  168  169  172  192                                   
    10.0-180.0 180.0   5.0 450.0                            LAT/LON1/LON2/DLON/H
  173  169  202  244  297  336  368  408  459  508  554  592  627  655  678  691
  700  692  699  702  718  726  751  783  836  858  891  904  910  903  889  866
  831  797  762  716  658  596  539  484  440  424  419  425  434  440  465  481
  505  510  497  472  448  430  413  385  361  331  301  271  238  222  207  205
  202  202  196  185  166  159  158  163  173                                   
     7.5-180.0 180.0   5.0 450.0                            LAT/LON1/LON2/DLON/H
  159  164  196  244  300  341  380  421  474  531  575  615  645  680  699  727
  735  740  747  752  768  781  810  844  876  887  906  904  892  869  844  819
