data/unet/pred1650.15i
     1.0            IONOSPHERE MAPS     GNSS                IONEX VERSION / TYPE
pyspatialgeodesy        IME             05-JAN-18 20:20     PGM / RUN BY / DATE 
Map Name                                                    COMMENT             
Predicted global ionosphere maps (GIM).                     DESCRIPTION         
  2015     6    14     0     0     0                        EPOCH OF FIRST MAP  
  2015     6    15     0     0     0                        EPOCH OF LAST MAP   
  7200                                                      INTERVAL            
    13                                                      # OF MAPS IN FILE   
  NONE                                                      MAPPING FUNCTION    
10.0                                                        ELEVATION CUTOFF    
One-way carrier phase leveled to code                       OBSERVABLES USED    
  6371.0                                                    BASE RADIUS         
 2                                                          MAP DIMENSION       
   450.0 450.0   0.0                                        HGT1 / HGT2 / DHGT  
    87.5 -87.5  -2.5                                        LAT1 / LAT2 / DLAT  
  -180.0 180.0   5.0                                        LON1 / LON2 / DLON  
    -1                                                      EXPONENT            
                                                            END OF HEADER       
[from data line 858]
     3                                                      START OF TEC MAP    
  2015     6    14     4     0     0                        EPOCH OF CURRENT MAP
    87.5-180.0 180.0   5.0 450.0                            LAT/LON1/LON2/DLON/H
  200  194  184  188  187  187  186  189  190  192  192  194  195  196  197  198
  199  200  200  200  201  200  200  199  199  198  197  195  195  194  194  192
  193  192  191  189  190  188  188  186  188  187  189  188  190  190  191  191
  194  194  194  194  195  195  194  194  194  194  192  192  191  192  189  189
  188  188  185  187  188  186  193  203  200                                   
    85.0-180.0 180.0   5.0 450.0                            LAT/LON1/LON2/DLON/H
  205  200  192  201  198  199  198  203  201  206  204  208  207  210  209  211
  210  213  211  213  211  212  209  209  205  206  202  201  198  197  195  193
  192  191  190  188  189  186  187  185  188  187  190  189  194  194  197  197
  202  202  204  204  207  207  207  207  209  208  207  207  207  207  205  204
  204  203  200  201  201  198  200  200  205                                   
    82.5-180.0 180.0   5.0 450.0                            LAT/LON1/LON2/DLON/H
  194  197  192  200  194  197  196  203  202  207  206  211  211  215  215  218
  218  221  220  222  220  220  217  216  212  211  206  205  201  199  195  193
  190  188  186  184  185  182  183  181  185  184  189  189  195  195  201  201
  208  208  212  212  216  215  217  216  218  216  216  214  214  212  209  208
  206  205  200  200  201  197  199  195  194                                   
    80.0-180.0 180.0   5.0 450.0                            LAT/LON1/LON2/DLON/H
  200  202  201  204  203  203  206  208  210  211  212  214  216  218  219  221
  223  224  225  226  225  224  222  219  215  211  206  202  197  193  189  186
  183  181  179  177  178  176  178  176  181  181  187  188  196  198  205  208
  214  216  221  222  227  227  229  229  231  229  228  227  226  224  221  219
  217  215  210  210  209  201  204  198  200                                   
    77.5-180.0 180.0   5.0 450.0                            LAT/LON1/LON2/DLON/H
  203  204  201  204  203  205  206  207  207  207  208  209  210  211  213  215
  217  219  221  222  221  219  217  212  208  202  197  191  187  181  180  176
  176  173  175  173  175  173  176  176  181  182  189  192  200  205  212  217
  223  227  230  233  237  238  238  238  238  237  235  234  231  229  225  223
  220  217  214  211  213  201  202  197  203                                   
    75.0-180.0 180.0   5.0 450.0                            LAT/LON1/LON2/DLON/H
  204  206  202  203  204  203  204  204  204  202  202  201  201  201  202  204
  206  208  210  211  211  209  206  201  195  188  181  176  172  168  168  167
  168  169  171  172  173  174  177  178  183  186  194  199  209  215  223  228
  234  239  242  244  246  246  245  243  241  239  237  235  233  231  228  225
  222  219  214  210  208  198  204  197  204                                   
    72.5-180.0 180.0   5.0 450.0                            LAT/LON1/LON2/DLON/H
  208  206  201  202  201  201  199  198  196  194  192  190  189  188  188  189
  191  192  196  197  198  195  192  186  180  172  167  160  158  155  158  160
  165  168  173  176  179  181  184  186  191  196  204  210  220  227  234  241
  247  251  252  254  253  251  247  243  240  237  235  232  231  228  226  223
  219  215  210  205  205  196  199  198  208                                   
    70.0-180.0 180.0   5.0 450.0                            LAT/LON1/LON2/DLON/H
  207  208  203  203  203  203  202  201  199  196  192  188  185  182  181  180
  182  183  186  187  188  186  182  175  167  158  152  146  145  146  152  158
  166  172  180  185  190  192  195  198  204  209  218  225  235  243  250  255
  260  263  262  260  258  252  247  241  238  233  232  229  229  226  226  222
  220  216  211  206  204  194  200  197  207                                   
    67.5-180.0 180.0   5.0 450.0                            LAT/LON1/LON2/DLON/H
  210  208  203  203  201  203  200  200  197  195  189  186  180  177  173  172
  171  172  174  176  176  174  169  162  153  144  138  134  135  138  148  157
  169  178  188  195  200  203  206  211  215  222  230  240  249  258  264  270
  272  273  269  266  259  253  244  238  233  229  227  225  224  224  223  221
  218  215  210  205  203  196  197  195  210                                   
    65.0-180.0 180.0   5.0 450.0                            LAT/LON1/LON2/DLON/H
  208  210  204  203  203  203  202  202  200  198  193  188  181  176  170  166
  165  165  166  167  167  164  159  151  142  133  127  125  128  135  146  159
  172  185  195  203  209  212  217  221  228  234  243  252  262  270  276  279
  281  279  274  267  260  251  242  234  228  223  221  219  220  218  219  217
  217  213  210  205  202  193  199  196  208                                   
    62.5-180.0 180.0   5.0 450.0                            LAT/LON1/LON2/DLON/H
  214  210  204  203  201  203  200  202  197  198  192  189  182  177  169  165
  161  160  159  160  158  156  150  143  134  127  123  122  126  134  147  159
  174  187  198  207  213  218  222  228  234  243  251  262  271  280  284  287
  287  283  277  269  262  253  243  234  226  221  218  217  216  217  215  216
  214  213  208  205  204  201  200  196  214                                   
    60.0-180.0 180.0   5.0 450.0                            LAT/LON1/LON2/DLON/H
  216  216  209  206  205  204  203  202  201  201  198  195  189  183  173  166
  160  156  154  154  151  148  143  137  130  125  123  124  129  137  148  160
  173  186  197  206  212  219  224  232  238  248  256  266  275  284  287  289
  289  286  280  273  267  259  250  240  232  226  221  219  217  217  216  215
  215  214  211  208  207  201  206  201  216                                   
    57.5-180.0 180.0   5.0 450.0                            LAT/LON1/LON2/DLON/H
  229  221  215  212  207  208  204  204  201  203  198  199  191  187  176  170
  160  157  152  151  147  145  141  137  132  130  129  131  135  142  150  158
  168  178  188  197  206  214  222  232  239  250  258  270  278  286  289  291
  292  290  285  281  278  272  263  254  245  237  230  227  222  222  219  220
  217  219  216  216  216  215  213  208  229                                   
    55.0-180.0 180.0   5.0 450.0                            LAT/LON1/LON2/DLON/H
  242  235  230  222  218  214  212  209  208  206  206  202  199  192  184  173
  164  157  152  149  146  143  140  138  136  136  137  139  142  147  151  156
  162  168  177  188  197  208  219  231  241  251  260  270  278  285  288  292
  294  295  293  292  291  289  281  272  262  253  244  236  232  229  226  225
  224  226  225  225  227  223  226  221  242                                   
    52.5-180.0 180.0   5.0 450.0                            LAT/LON1/LON2/DLON/H
  261  248  248  239  231  225  218  217  211  212  207  208  199  198  185  180
  168  164  157  155  152  151  148  148  147  149  149  151  151  152  153  153
  155  158  165  175  186  201  214  229  240  252  261  270  278  283  288  293
  299  302  303  305  308  308  303  294  282  270  258  250  241  238  233  234
  231  236  235  238  241  241  238  237  261                                   
    50.0-180.0 180.0   5.0 450.0                            LAT/LON1/LON2/DLON/H
  278  271  268  260  253  243  236  229  224  221  219  213  210  203  195  184
  177  170  166  162  161  158  157  156  157  158  158  159  158  156  153  151
  150  151  158  167  180  197  213  230  243  254  264  271  279  284  292  298
  306  312  316  321  325  326  322  314  302  289  275  262  252  247  243  242
  242  247  249  252  255  253  254  252  278                                   
    47.5-180.0 180.0   5.0 450.0                            LAT/LON1/LON2/DLON/H
  296  289  290  283  273  265  254  246  235  232  224  221  211  208  196  191
  180  179  172  173  170  171  168  170  169  170  170  169  166  160  155  150
  148  148  154  162  175  195  213  231  246  258  267  274  281  289  297  306
  317  325  331  336  342  342  339  328  317  303  288  273  261  256  250  252
  252  259  261  265  270  271  267  270  296                                   
    45.0-180.0 180.0   5.0 450.0                            LAT/LON1/LON2/DLON/H
  312  309  308  301  293  286  275  264  254  246  238  229  222  213  204  195
  189  184  182  181  181  181  181  180  180  180  179  176  171  166  158  154
  151  152  156  165  177  197  216  235  252  264  273  280  289  297  308  319
  330  340  344  350  354  355  349  340  328  315  301  287  274  268  262  264
  265  272  276  280  283  283  285  285  312                                   
    42.5-180.0 180.0   5.0 450.0                            LAT/LON1/LON2/DLON/H
  329  323  323  318  309  304  293  284  270  262  247  239  226  219  205  200
  190  192  187  192  189  194  192  195  193  193  190  186  181  174  169  163
  160  162  166  172  183  201  221  241  258  272  281  288  297  307  318  331
  343  350  355  361  366  365  360  351  338  326  313  302  289  284  279  281
  283  290  294  296  299  301  299  304  329                                   
    40.0-180.0 180.0   5.0 450.0                            LAT/LON1/LON2/DLON/H
  344  338  335  327  321  317  309  299  288  277  265  251  241  228  216  206
  200  198  198  199  200  203  207  208  209  205  201  194  188  183  176  176
  172  178  179  186  193  210  229  249  267  280  289  298  308  319  335  350
  363  373  375  381  381  382  377  368  357  345  334  324  314  306  301  301
  302  308  311  314  314  314  317  318  344                                   
    37.5-180.0 180.0   5.0 450.0                            LAT/LON1/LON2/DLON/H
  360  349  342  336  326  327  319  316  303  294  277  266  250  241  224  216
  205  206  202  206  205  212  215  221  220  218  211  204  198  192  191  190
  190  194  195  199  203  217  235  256  274  288  296  305  315  329  344  362
  374  384  387  393  395  398  396  391  383  377  365  355  343  334  328  325
  326  330  332  333  334  334  330  334  360                                   
    35.0-180.0 180.0   5.0 450.0                            LAT/LON1/LON2/DLON/H
  377  365  353  341  335  332  328  324  317  306  294  282  272  258  243  229
  218  212  209  208  210  216  226  234  237  234  228  220  210  207  203  209
  206  214  209  212  213  226  240  263  280  293  303  311  324  337  357  375
  392  405  407  418  418  431  429  433  425  421  410  397  384  369  359  352
  351  352  354  355  352  351  350  351  377                                   
    32.5-180.0 180.0   5.0 450.0                            LAT/LON1/LON2/DLON/H
  402  385  370  359  346  345  338  338  330  324  312  304  290  281  262  247
  228  221  212  212  213  223  233  246  252  253  246  236  228  222  220  222
  221  225  220  219  218  229  244  264  282  297  305  315  327  343  359  378
  391  402  405  415  422  437  448  458  463  461  454  441  426  409  395  385
  381  379  380  378  379  378  370  375  402                                   
    30.0-180.0 180.0   5.0 450.0                            LAT/LON1/LON2/DLON/H
  433  421  406  387  374  366  357  354  347  340  332  323  314  303  289  269
  248  231  221  216  221  232  249  266  276  278  271  261  247  241  232  234
  227  232  221  221  216  227  239  260  280  294  306  314  330  342  361  375
  393  405  408  424  431  455  468  486  495  498  495  484  471  451  436  421
  415  410  408  407  406  407  406  401  433                                   
    27.5-180.0 180.0   5.0 450.0                            LAT/LON1/LON2/DLON/H
  463  460  448  429  408  398  384  377  368  361  350  344  336  328  310  293
  266  247  230  228  230  247  265  286  296  301  291  278  261  250  238  234
  226  225  217  212  211  218  233  251  272  288  301  312  325  336  352  364
  379  387  392  409  422  449  478  502  521  527  529  520  507  489  471  455
  443  435  432  428  431  433  434  428  463                                   
    25.0-180.0 180.0   5.0 450.0                            LAT/LON1/LON2/DLON/H
  491  501  493  474  460  444  428  414  404  389  380  366  362  348  335  313
  291  266  248  241  248  263  288  309  320  321  310  295  273  256  238  229
  215  212  199  199  193  204  214  235  255  274  290  301  317  326  342  353
  368  376  387  405  422  451  480  509  528  537  541  537  527  514  498  482
  471  460  455  451  452  454  468  453  491                                   
    22.5-180.0 180.0   5.0 450.0                            LAT/LON1/LON2/DLON/H
  513  528  527  516  503  493  474  460  442  426  409  398  385  373  355  337
  310  290  269  264  268  288  308  334  342  342  323  299  273  249  226  210
  194  188  181  179  180  181  193  209  234  252  274  284  301  309  324  339
  354  366  380  400  427  455  483  505  527  537  543  542  539  529  516  503
  490  480  474  467  470  474  483  471  513                                   
    20.0-180.0 180.0   5.0 450.0                            LAT/LON1/LON2/DLON/H
  531  549  553  546  544  533  520  500  484  459  441  422  412  394  378  353
  332  308  294  287  293  309  329  350  358  349  327  298  266  237  206  187
  166  161  152  158  154  160  165  180  199  228  251  269  285  297  313  330
  351  366  388  408  435  457  480  497  512  523  531  537  541  538  530  522
  511  503  498  491  490  492  505  489  531                                   
    17.5-180.0 180.0   5.0 450.0                            LAT/LON1/LON2/DLON/H
  539  558  565  567  566  564  548  535  510  488  461  444  427  413  391  373
  350  328  314  309  312  327  343  361  360  345  314  281  244  211  181  157
  141  134  133  136  138  138  144  151  171  194  227  248  270  283  302  323
  347  369  395  418  444  462  480  489  502  512  520  534  543  548  544  539
  529  523  519  512  510  510  508  498  539                                   
    15.0-180.0 180.0   5.0 450.0                            LAT/LON1/LON2/DLON/H
  545  561  571  573  580  575  568  547  528  497  473  448  437  418  403  382
  366  346  335  328  331  340  355  361  352  327  294  253  214  183  153  134
  117  115  107  116  113  120  121  130  146  175  209  240  263  280  301  323
  348  373  404  424  451  464  478  486  499  506  519  532  547  556  559  558
  550  548  544  539  533  526  526  514  545                                   
    12.5-180.0 180.0   5.0 450.0                            LAT/LON1/LON2/DLON/H
  546  559  566  571  575  576  563  548  520  494  462  443  427  417  401  387
  375  361  351  345  343  348  349  346  326  295  252  211  180  153  133  116
  106   99   96   97  101  103  105  108  124  153  192  227  258  275  295  318
  346  374  408  433  456  469  480  491  500  510  518  537  553  567  573  574
  569  567  564  559  556  548  536  529  546                                   
    10.0-180.0 180.0   5.0 450.0                            LAT/LON1/LON2/DLON/H
  553  560  563  564  569  564  552  528  502  468  443  420  413  401  397  386
  380  369  362  353  348  342  335  318  291  250  209  173  147  130  115  106
   94   88   82   88   87   91   91   95  113  142  187  224  259  276  296  316
  343  372  407  433  459  471  487  499  515  523  536  550  568  579  587  591
  586  589  584  584  576  566  560  556  553                                   
     7.5-180.0 180.0   5.0 450.0                            LAT/LON1/LON2/DLON/H
  562  564  564  562  560  555  532  506  468  436  407  393  384  380  376  373
  371  367  362  354  340  327  307  281  242  203  167  138  124  114  107  100
