data/unet/pred0710.15i
     1.0            IONOSPHERE MAPS     GNSS                IONEX VERSION / TYPE
pyspatialgeodesy        IME             05-JAN-18 20:20     PGM / RUN BY / DATE 
Map Name                                                    COMMENT             
Predicted global ionosphere maps (GIM).                     DESCRIPTION         
  2015     3    12     0     0     0                        EPOCH OF FIRST MAP  
  2015     3    13     0     0     0                        EPOCH OF LAST MAP   
  7200                                                      INTERVAL            
    13                                                      # OF MAPS IN FILE   
  NONE                                                      MAPPING FUNCTION    
10.0                                                        ELEVATION CUTOFF    
One-way carrier phase leveled to code                       OBSERVABLES USED    
  6371.0                                                    BASE RADIUS         
 2                                                          MAP DIMENSION       
   450.0 450.0   0.0                                        HGT1 / HGT2 / DHGT  
    87.5 -87.5  -2.5                                        LAT1 / LAT2 / DLAT  
  -180.0 180.0   5.0                                        LON1 / LON2 / DLON  
    -1                                                      EXPONENT            
                                                            END OF HEADER       
[from data line 3432]
     9                                                      START OF TEC MAP    
  2015     3    12    16     0     0                        EPOCH OF CURRENT MAP
    87.5-180.0 180.0   5.0 450.0                            LAT/LON1/LON2/DLON/H
  184  195  193  192  195  192  197  196  203  203  209  209  214  215  218  216
  218  216  217  212  213  208  209  203  204  199  200  196  198  195  197  195
  197  195  197  195  197  195  196  194  196  192  193  189  190  186  185  181
  180  177  175  173  173  171  171  170  172  171  173  173  176  176  178  179
  181  183  185  185  188  187  192  196  184                                   
    85.0-180.0 180.0   5.0 450.0                            LAT/LON1/LON2/DLON/H
  170  192  192  199  197  202  202  207  208  214  215  219  221  225  226  227
  227  228  226  225  221  221  216  216  211  211  206  205  201  202  198  199
  196  197  195  196  194  195  192  192  190  189  186  183  182  178  174  170
  167  163  161  157  158  155  155  154  156  156  157  159  161  163  165  169
  170  175  175  179  180  180  182  182  170                                   
    82.5-180.0 180.0   5.0 450.0                            LAT/LON1/LON2/DLON/H
  165  182  183  187  188  193  195  200  203  209  212  217  220  224  225  227
  228  228  226  225  222  221  216  214  208  206  200  199  194  194  190  190
  186  187  183  184  181  182  178  178  174  173  168  166  162  159  154  150
  146  143  139  139  137  138  135  137  136  138  135  139  138  142  142  146
  148  152  154  157  160  160  165  160  165                                   
    80.0-180.0 180.0   5.0 450.0                            LAT/LON1/LON2/DLON/H
  131  152  154  159  165  169  174  178  184  189  193  200  204  210  212  216
  216  219  217  219  215  215  208  207  200  199  191  190  183  182  177  177
  174  175  172  173  171  171  167  167  163  163  157  157  151  150  143  142
  135  135  128  130  124  126  121  124  121  121  118  120  119  120  119  121
  122  124  125  126  128  133  136  140  131                                   
    77.5-180.0 180.0   5.0 450.0                            LAT/LON1/LON2/DLON/H
  102  126  128  131  137  145  149  155  160  166  173  179  184  190  195  199
  203  206  209  210  211  208  207  201  198  191  188  181  179  172  171  167
  167  165  167  167  167  166  164  162  159  156  152  148  144  139  136  132
  129  126  125  124  123  122  120  120  120  118  116  115  113  111  111  109
  109  108  109  106  105  106  108  116  102                                   
    75.0-180.0 180.0   5.0 450.0                            LAT/LON1/LON2/DLON/H
   88  105  108  112  118  123  130  133  141  143  151  155  163  169  178  182
  190  194  203  206  211  213  213  210  205  200  195  189  183  178  174  169
  168  165  169  167  170  168  167  163  161  156  153  148  144  140  136  135
  132  133  132  133  133  134  131  131  129  127  123  120  117  113  112  107
  106  103  102   98   99   98  103  108   88                                   
    72.5-180.0 180.0   5.0 450.0                            LAT/LON1/LON2/DLON/H
   84   97   97   99  103  108  113  117  121  125  131  137  145  154  162  171
  179  188  198  207  215  223  228  229  225  220  214  208  199  192  185  180
  177  175  175  174  176  175  174  171  167  162  156  151  146  141  138  136
  135  134  136  137  139  140  140  140  139  137  132  130  124  121  116  113
  108  106  102   99   97   93   97  102   84                                   
    70.0-180.0 180.0   5.0 450.0                            LAT/LON1/LON2/DLON/H
   81   88   89   91   95   97  102  103  108  110  117  121  131  139  150  158
  173  182  199  211  227  240  249  253  250  245  237  230  222  213  204  196
  190  185  185  183  184  183  183  180  177  171  165  159  153  148  144  142
  140  141  141  143  143  146  145  146  145  142  137  132  128  122  120  114
  111  107  104  100   98   94   97   97   81                                   
    67.5-180.0 180.0   5.0 450.0                            LAT/LON1/LON2/DLON/H
   85   89   85   87   90   93   97   99  104  105  111  116  125  135  145  158
  170  186  203  221  238  257  269  275  274  270  262  255  246  238  226  218
  209  204  199  195  194  191  191  188  185  178  172  164  157  150  144  140
  138  137  138  137  139  137  138  137  135  132  127  125  119  117  113  112
  109  107  104  102   98   93   95   95   85                                   
    65.0-180.0 180.0   5.0 450.0                            LAT/LON1/LON2/DLON/H
   80   80   79   81   86   88   94   94  100  101  108  113  124  131  144  154
  171  185  211  227  250  267  285  292  294  291  284  278  268  263  252  245
  234  225  217  211  206  200  197  193  191  185  180  171  164  156  148  142
  138  135  133  131  129  127  125  123  121  117  113  108  105  102  102  100
  100   99   98   94   93   90   90   89   80                                   
    62.5-180.0 180.0   5.0 450.0                            LAT/LON1/LON2/DLON/H
   77   75   73   74   78   82   88   91   98  101  109  117  128  136  146  158
  172  188  210  228  250  269  287  298  303  302  299  294  288  283  276  271
  261  251  240  230  221  212  207  201  198  192  186  178  170  159  148  138
  132  126  122  116  113  110  107  104  101   96   88   87   82   81   79   81
   82   84   85   85   80   77   79   79   77                                   
    60.0-180.0 180.0   5.0 450.0                            LAT/LON1/LON2/DLON/H
   64   59   61   62   70   70   78   82   91   96  107  116  130  136  148  156
  174  187  211  226  249  263  281  293  302  306  307  305  303  302  299  296
  288  279  266  255  241  231  222  215  208  203  198  190  182  170  156  143
  131  122  115  108  102   96   92   88   86   80   75   70   68   65   66   66
   68   70   72   69   67   68   66   68   64                                   
    57.5-180.0 180.0   5.0 450.0                            LAT/LON1/LON2/DLON/H
   58   48   50   53   57   64   70   75   85   93  106  118  133  141  152  162
  176  189  207  222  239  254  268  283  294  302  310  312  318  319  322  320
  315  304  293  278  263  249  239  228  221  212  207  199  190  177  162  146
  131  119  110  101   94   90   85   82   79   75   68   67   63   60   59   60
   58   60   59   59   57   57   56   53   58                                   
    55.0-180.0 180.0   5.0 450.0                            LAT/LON1/LON2/DLON/H
   49   36   41   41   51   57   67   71   82   90  108  119  137  144  157  164
  182  191  211  222  239  248  264  274  288  298  311  321  332  338  344  343
  338  328  315  301  285  270  258  246  239  230  224  215  207  193  178  160
  142  129  117  108   99   95   90   88   85   81   77   73   70   66   64   63
   62   61   61   58   59   60   56   50   49                                   
    52.5-180.0 180.0   5.0 450.0                            LAT/LON1/LON2/DLON/H
   50   43   42   45   48   60   68   78   87   98  111  126  141  151  163  174
  190  201  217  229  242  251  262  275  288  304  321  335  349  358  367  364
  360  345  334  316  304  287  277  263  257  246  240  228  220  206  192  176
  158  143  130  121  113  108  104  103  100  100   94   92   86   82   77   76
   69   70   65   67   65   65   62   50   50                                   
    50.0-180.0 180.0   5.0 450.0                            LAT/LON1/LON2/DLON/H
   66   50   52   52   59   66   76   85   96  108  123  137  152  160  174  182
  201  209  230  239  254  259  272  283  297  314  332  349  366  375  383  380
  373  360  347  333  320  308  298  286  279  268  261  248  238  223  211  195
  180  166  154  143  135  128  124  121  121  119  118  114  112  109  103   98
   93   89   87   85   86   84   84   72   66                                   
    47.5-180.0 180.0   5.0 450.0                            LAT/LON1/LON2/DLON/H
   89   73   69   69   70   81   88  102  111  126  140  155  168  177  189  201
  217  229  248  258  270  278  288  301  315  334  353  372  384  389  394  385
  378  362  352  338  332  322  316  304  298  284  277  262  251  235  223  209
  196  183  169  158  148  141  135  134  134  134  131  132  129  130  125  123
  113  110  101  104  103  103  105   93   89                                   
    45.0-180.0 180.0   5.0 450.0                            LAT/LON1/LON2/DLON/H
  111   93   89   85   92   96  108  116  129  145  161  175  187  193  207  214
  236  247  269  278  293  300  312  326  339  361  376  392  400  399  400  386
  383  367  360  348  344  338  332  321  312  298  287  270  258  240  227  213
  203  191  180  167  155  144  137  134  135  136  138  141  140  143  142  141
  136  130  126  123  126  128  133  125  111                                   
    42.5-180.0 180.0   5.0 450.0                            LAT/LON1/LON2/DLON/H
  131  115  106  104  106  112  121  132  147  168  186  200  210  217  227  239
  260  273  291  303  314  326  337  353  368  387  397  408  405  399  389  379
  375  367  365  359  358  353  346  336  324  308  295  275  262  243  229  214
  205  191  180  166  150  137  128  123  125  125  128  132  137  142  145  147
  143  140  132  135  138  146  152  144  131                                   
    40.0-180.0 180.0   5.0 450.0                            LAT/LON1/LON2/DLON/H
  144  130  121  116  123  123  136  144  167  190  211  223  234  237  251  258
  281  291  312  324  337  349  362  380  390  408  410  414  404  393  379  374
  373  377  382  385  387  380  372  355  338  317  299  277  261  241  226  211
  202  187  175  156  139  121  110  103  104  104  110  117  123  133  139  145
  145  140  137  136  142  149  161  154  144                                   
    37.5-180.0 180.0   5.0 450.0                            LAT/LON1/LON2/DLON/H
  146  134  128  127  127  130  140  152  178  205  229  244  254  261  268  282
  299  311  328  340  353  370  382  398  409  419  420  418  406  393  385  383
  392  405  420  427  429  423  407  387  360  336  312  290  270  248  232  213
  203  189  175  156  135  114  102   91   92   90   96  101  110  117  127  132
  131  131  126  127  126  140  151  150  146                                   
    35.0-180.0 180.0   5.0 450.0                            LAT/LON1/LON2/DLON/H
  138  133  129  124  130  128  140  151  181  212  241  258  272  278  292  300
  319  329  346  358  373  388  401  414  421  428  425  424  417  415  417  432
  450  476  488  498  491  477  454  426  393  360  332  304  281  260  245  232
  220  206  191  172  152  127  114  102   99   94   97   97  100  106  113  122
  122  124  119  115  116  119  133  136  138                                   
    32.5-180.0 180.0   5.0 450.0                            LAT/LON1/LON2/DLON/H
  123  120  118  117  121  122  130  143  175  209  244  267  284  295  306  322
  336  348  360  371  386  401  412  424  428  432  434  442  452  461  483  509
  547  575  591  584  563  537  502  469  429  397  364  340  316  299  285  274
  264  246  229  202  177  156  141  134  132  132  137  130  123  121  127  129
  132  129  125  118  110  113  113  117  123                                   
    30.0-180.0 180.0   5.0 450.0                            LAT/LON1/LON2/DLON/H
  108  110  107  108  111  109  118  130  163  199  241  269  294  307  326  338
  354  363  375  387  400  415  425  434  437  441  447  467  495  527  566  612
  671  708  723  701  655  609  561  523  479  441  408  384  366  346  335  323
  315  301  285  268  252  239  219  203  188  177  170  164  154  148  141  148
  152  151  138  132  119  118  117  103  108                                   
    27.5-180.0 180.0   5.0 450.0                            LAT/LON1/LON2/DLON/H
   91  102  105  106  104  103  110  124  152  192  235  268  297  316  337  354
  367  379  388  401  416  429  438  441  442  447  468  505  553  599  662  726
  803  839  842  808  751  682  620  573  529  493  457  430  413  405  402  403
  400  394  382  370  357  340  317  306  282  270  248  240  214  203  188  182
  173  169  164  153  134  120  111  102   91                                   
    25.0-180.0 180.0   5.0 450.0                            LAT/LON1/LON2/DLON/H
   87   99  102  104  105  104  110  120  147  182  229  267  301  324  349  366
  383  393  406  419  434  448  455  455  456  467  499  549  619  677  765  843
  896  929  924  894  814  740  666  621  576  546  504  483  466  463  466  474
  474  471  464  458  448  428  406  388  365  344  320  306  291  274  258  249
  236  232  209  197  171  150  134  119   87                                   
    22.5-180.0 180.0   5.0 450.0                            LAT/LON1/LON2/DLON/H
   99  112  111  113  112  115  117  131  154  186  230  269  306  329  356  375
  395  407  421  437  457  467  472  467  475  493  545  608  688  759  851  917
  968  986  968  927  848  764  698  654  613  584  549  523  505  497  503  511
  520  524  523  521  516  500  477  458  433  411  389  371  349  338  315  312
  294  289  269  253  225  209  171  152   99                                   
    20.0-180.0 180.0   5.0 450.0                            LAT/LON1/LON2/DLON/H
  123  125  121  112  119  122  135  143  169  197  235  272  306  334  362  388
  406  422  437  455  474  485  487  486  498  533  595  675  754  830  899  948
  984  985  960  917  836  765  707  678  643  620  587  568  543  530  531  541
  549  551  548  543  541  531  513  492  470  455  434  425  411  401  381  370
  343  328  309  290  257  235  213  178  123                                   
    17.5-180.0 180.0   5.0 450.0                            LAT/LON1/LON2/DLON/H
  152  157  141  135  129  135  139  160  183  216  245  278  311  338  368  398
  421  436  454  468  485  497  499  503  526  576  654  722  805  864  911  939
  945  937  902  859  787  744  703  688  667  646  617  595  564  538  530  534
  536  538  535  536  535  533  517  494  475  451  450  440  440  429  417  410
  389  374  344  323  285  252  229  201  152                                   
    15.0-180.0 180.0   5.0 450.0                            LAT/LON1/LON2/DLON/H
  169  170  146  137  137  137  145  165  196  227  259  290  319  346  373  406
  429  454  472  493  499  511  510  533  567  630  701  772  833  871  889  887
  876  855  824  780  736  711  693  692  677  666  640  618  579  545  526  516
  512  505  506  503  507  496  488  463  454  437  447  440  449  437  426  416
  396  378  351  324  291  269  237  210  169                                   
    12.5-180.0 180.0   5.0 450.0                            LAT/LON1/LON2/DLON/H
  176  177  156  141  136  134  145  169  198  239  266  298  328  359  383  412
  439  463  480  501  503  521  528  564  608  674  744  801  844  855  849  830
  805  780  747  712  686  681  688  696  688  680  650  620  568  531  499  483
  466  452  441  432  425  426  423  416  414  411  419  422  423  420  406  403
  379  371  344  323  285  258  238  206  176                                   
    10.0-180.0 180.0   5.0 450.0                            LAT/LON1/LON2/DLON/H
  169  172  152  136  130  129  139  166  207  247  286  316  345  374  400  427
  453  479  495  511  511  527  542  592  651  720  786  820  838  826  804  776
  747  710  683  663  660  670  685  697  696  691  664  621  570  520  485  452
  434  405  393  371  372  370  378  375  385  383  391  385  389  387  380  365
  344  330  304  287  262  250  229  199  169                                   
     7.5-180.0 180.0   5.0 450.0                            LAT/LON1/LON2/DLON/H
  158  165  149  136  129  123  134  162  208  253  293  324  355  389  418  448
  476  501  513  518  506  525  545  611  684  761  807  826  820  802  777  737
