data/unet/pred0970.15i
     1.0            IONOSPHERE MAPS     GNSS                IONEX VERSION / TYPE
pyspatialgeodesy        IME             05-JAN-18 20:20     PGM / RUN BY / DATE 
Map Name                                                    COMMENT             
Predicted global ionosphere maps (GIM).                     DESCRIPTION         
  2015     4     7     0     0     0                        EPOCH OF FIRST MAP  
  2015     4     8     0     0     0                        EPOCH OF LAST MAP   
  7200                                                      INTERVAL            
    13                                                      # OF MAPS IN FILE   
  NONE                                                      MAPPING FUNCTION    
10.0                                                        ELEVATION CUTOFF    
One-way carrier phase leveled to code                       OBSERVABLES USED    
  6371.0                                                    BASE RADIUS         
 2                                                          MAP DIMENSION       
   450.0 450.0   0.0                                        HGT1 / HGT2 / DHGT  
    87.5 -87.5  -2.5                                        LAT1 / LAT2 / DLAT  
  -180.0 180.0   5.0                                        LON1 / LON2 / DLON  
    -1                                                      EXPONENT            
                                                            END OF HEADER       
[from data line 2574]
     7                                                      START OF TEC MAP    
  2015     4     7    12     0     0                        EPOCH OF CURRENT MAP
    87.5-180.0 180.0   5.0 450.0                            LAT/LON1/LON2/DLON/H
  168  182  186  187  189  191  192  194  195  195  197  196  198  198  201  200
  202  201  204  203  204  203  205  203  204  203  202  201  200  198  198  196
  195  193  192  190  189  186  185  183  182  179  178  175  175  172  172  169
  170  167  169  167  168  167  169  169  171  171  172  173  174  175  176  177
  178  180  180  181  181  184  193  161  168                                   
    85.0-180.0 180.0   5.0 450.0                            LAT/LON1/LON2/DLON/H
  165  172  176  180  182  188  190  194  195  197  198  198  200  200  202  201
  204  203  206  204  207  205  208  206  207  205  207  204  204  202  202  200
  200  197  196  193  193  189  188  183  183  178  178  173  173  169  168  165
  164  162  161  160  159  159  159  159  160  159  160  160  161  160  161  161
  162  163  165  165  166  166  182  167  165                                   
    82.5-180.0 180.0   5.0 450.0                            LAT/LON1/LON2/DLON/H
  147  154  160  161  170  173  181  184  188  190  194  193  196  194  198  196
  199  197  201  199  203  201  204  202  204  201  204  200  202  199  201  198
  199  196  196  193  192  189  185  182  179  175  172  168  166  162  160  156
  155  151  152  148  150  146  149  145  148  144  147  143  146  140  144  138
  144  138  145  140  145  141  158  156  147                                   
    80.0-180.0 180.0   5.0 450.0                            LAT/LON1/LON2/DLON/H
  133  140  143  147  154  163  168  174  179  184  187  190  190  192  193  194
  194  194  194  194  195  195  195  195  195  196  196  197  197  199  199  201
  201  202  201  202  199  198  196  193  189  186  182  179  175  173  170  168
  165  164  162  163  160  161  160  160  160  158  156  154  152  148  145  141
  138  137  134  134  132  129  139  138  133                                   
    77.5-180.0 180.0   5.0 450.0                            LAT/LON1/LON2/DLON/H
  125  128  128  132  138  146  153  160  164  171  173  179  179  183  183  184
  183  183  183  183  183  184  183  185  184  187  188  191  193  198  201  205
  208  211  214  215  216  216  216  213  209  206  203  199  195  193  190  189
  186  186  185  186  185  185  184  184  183  181  177  175  170  165  158  152
  145  140  133  128  123  121  130  128  125                                   
    75.0-180.0 180.0   5.0 450.0                            LAT/LON1/LON2/DLON/H
  118  118  114  123  124  136  139  148  149  158  157  164  161  167  164  167
  164  167  164  167  165  170  168  173  172  179  180  188  191  200  204  212
  215  224  226  231  231  235  233  233  227  227  222  222  216  217  213  216
  213  217  215  219  217  220  219  218  215  211  205  198  191  182  173  165
  156  149  139  133  123  120  123  118  118                                   
    72.5-180.0 180.0   5.0 450.0                            LAT/LON1/LON2/DLON/H
  116  115  106  110  113  121  125  132  134  138  140  143  144  145  146  147
  148  148  150  152  155  159  163  168  170  177  182  188  195  202  210  216
  225  231  238  241  245  246  248  247  246  243  243  239  240  238  241  241
  244  245  247  248  249  247  247  243  240  233  226  217  209  199  189  178
  169  159  148  136  126  116  120  116  116                                   
    70.0-180.0 180.0   5.0 450.0                            LAT/LON1/LON2/DLON/H
  113  110  101  101  103  110  114  118  120  123  122  124  122  125  123  128
  127  132  133  141  144  153  158  167  170  179  184  192  198  205  213  221
  231  239  245  251  253  256  255  256  255  255  254  254  255  257  259  262
  264  267  268  270  269  268  266  260  256  245  238  227  219  208  199  188
  179  168  156  143  131  120  119  113  113                                   
    67.5-180.0 180.0   5.0 450.0                            LAT/LON1/LON2/DLON/H
  112  108   98   98   97   99  101  104  104  106  104  103  101  102  104  107
  112  119  124  134  140  151  159  169  175  184  189  196  202  206  217  221
  233  237  247  250  255  257  257  258  258  259  259  261  262  266  271  275
  279  281  283  281  278  273  269  262  257  248  240  231  224  213  205  193
  186  172  162  146  134  121  118  115  112                                   
    65.0-180.0 180.0   5.0 450.0                            LAT/LON1/LON2/DLON/H
  108  103   93   91   90   91   92   93   92   92   88   86   85   85   87   92
   98  109  117  129  138  149  157  169  175  184  190  199  204  209  218  223
  233  240  246  254  257  262  261  265  262  266  266  270  270  278  281  287
  289  291  289  286  281  277  273  265  257  248  238  229  220  212  203  195
  184  175  161  149  133  123  118  115  108                                   
    62.5-180.0 180.0   5.0 450.0                            LAT/LON1/LON2/DLON/H
  106   98   88   85   83   83   83   84   83   81   77   75   73   72   76   80
   89  101  113  126  134  147  156  168  175  185  190  198  203  206  213  218
  228  233  243  248  255  259  260  263  263  266  268  272  275  282  288  293
  295  292  290  283  278  272  266  257  249  238  229  222  215  208  201  192
  183  171  158  145  133  121  115  114  106                                   
    60.0-180.0 180.0   5.0 450.0                            LAT/LON1/LON2/DLON/H
  103   93   82   79   76   76   76   76   75   74   70   67   66   63   69   70
   82   93  108  120  132  141  152  163  172  181  187  195  200  206  211  216
  226  233  240  250  256  264  264  269  268  274  275  281  283  291  295  300
  298  295  290  283  275  270  264  255  246  236  228  220  214  207  200  191
  180  169  153  144  130  120  114  111  103                                   
    57.5-180.0 180.0   5.0 450.0                            LAT/LON1/LON2/DLON/H
  107   92   81   77   72   71   69   69   69   69   67   65   62   62   65   70
   78   87  101  113  122  133  140  154  163  175  178  188  193  200  207  213
  224  232  243  252  260  266  268  274  274  282  283  290  291  298  302  304
  303  297  292  283  275  268  261  253  246  239  232  226  220  214  206  195
  183  168  152  140  129  119  113  109  107                                   
    55.0-180.0 180.0   5.0 450.0                            LAT/LON1/LON2/DLON/H
  113   97   83   79   74   72   69   68   68   68   66   64   61   59   63   65
   73   81   95  106  118  124  135  146  159  171  179  189  195  203  210  221
  231  243  254  267  273  282  283  291  291  301  302  310  309  315  316  318
  313  309  301  294  285  278  272  267  262  255  250  243  240  232  226  212
  198  182  164  151  138  130  122  114  113                                   
    52.5-180.0 180.0   5.0 450.0                            LAT/LON1/LON2/DLON/H
  130  110   95   88   82   78   75   72   71   73   71   69   66   64   65   69
   75   83   95  105  114  122  131  144  158  172  180  193  200  211  221  232
  245  257  272  284  292  300  302  309  310  320  322  327  327  330  331  331
  328  323  318  311  302  294  288  283  279  274  268  261  257  251  243  229
  214  195  178  162  151  143  140  129  130                                   
    50.0-180.0 180.0   5.0 450.0                            LAT/LON1/LON2/DLON/H
  148  134  117  108   99   93   87   83   80   80   79   76   71   66   67   68
   77   82   97  107  118  123  135  147  164  179  192  205  215  230  239  255
  266  281  293  307  315  324  326  335  334  345  345  351  348  351  349  350
  346  344  336  330  322  315  309  304  300  295  289  283  277  269  262  249
  235  218  200  186  174  168  164  154  148                                   
    47.5-180.0 180.0   5.0 450.0                            LAT/LON1/LON2/DLON/H
  173  157  149  137  125  113  107  100   97   96   94   89   83   76   73   76
   83   92  105  117  128  136  147  162  180  198  212  225  237  251  262  275
  289  300  314  325  335  345  351  357  360  367  368  370  368  366  366  363
  361  358  352  346  337  330  322  315  310  303  295  287  280  276  269  259
  246  229  213  198  189  187  190  183  173                                   
    45.0-180.0 180.0   5.0 450.0                            LAT/LON1/LON2/DLON/H
  187  187  174  170  158  149  134  125  118  116  112  106   96   85   81   80
   91   99  118  128  142  150  164  180  200  218  233  247  259  274  284  300
  310  324  332  347  355  372  376  387  384  392  388  391  385  384  379  379
  375  373  366  360  349  340  329  321  311  303  292  286  278  275  270  263
  252  238  222  211  202  205  206  205  187                                   
    42.5-180.0 180.0   5.0 450.0                            LAT/LON1/LON2/DLON/H
  201  198  196  190  184  172  162  149  139  132  129  119  110   98   92   90
   99  108  128  143  158  168  181  198  218  237  253  266  277  290  301  315
  327  335  346  359  377  394  406  415  417  418  417  414  410  403  399  396
  391  387  379  372  360  349  331  318  304  293  279  269  261  257  254  251
  243  232  218  207  202  203  212  215  201                                   
    40.0-180.0 180.0   5.0 450.0                            LAT/LON1/LON2/DLON/H
  197  205  198  203  199  194  182  170  157  150  143  135  124  109  102   96
  106  117  138  156  172  183  198  213  234  251  268  283  294  308  316  332
  342  353  360  381  400  426  437  452  449  455  447  446  437  433  423  418
  410  405  394  388  374  360  338  322  301  287  271  260  250  244  240  237
  230  219  206  196  190  193  207  208  197                                   
    37.5-180.0 180.0   5.0 450.0                            LAT/LON1/LON2/DLON/H
  189  197  197  201  203  198  192  178  168  157  152  143  135  118  111  105
  113  124  143  165  180  194  207  223  240  260  277  291  305  317  329  344
  360  372  388  408  437  460  479  489  496  499  495  493  485  477  466  457
  444  438  424  418  401  386  360  341  316  298  275  261  248  239  231  227
  216  207  192  183  177  178  193  192  189                                   
    35.0-180.0 180.0   5.0 450.0                            LAT/LON1/LON2/DLON/H
  174  183  180  189  190  193  188  181  171  163  157  151  144  129  121  112
  118  129  147  167  185  198  213  228  245  265  282  299  310  324  337  357
  376  397  423  452  484  514  533  550  554  558  553  548  541  530  517  506
  493  482  469  457  442  423  400  377  355  334  312  294  276  258  243  233
  221  210  196  184  174  171  180  169  174                                   
    32.5-180.0 180.0   5.0 450.0                            LAT/LON1/LON2/DLON/H
  167  160  167  176  180  181  178  170  164  155  156  149  149  134  127  118
  123  133  146  168  184  203  214  232  246  267  281  299  312  329  347  374
  400  431  468  507  547  575  599  613  620  626  625  628  615  609  585  579
  561  556  541  536  521  507  482  463  436  414  386  365  342  320  295  272
  247  229  209  198  181  174  168  153  167                                   
    30.0-180.0 180.0   5.0 450.0                            LAT/LON1/LON2/DLON/H
  143  149  150  158  163  167  165  160  151  150  152  151  152  139  135  121
  125  132  146  164  186  201  218  232  249  266  279  301  317  337  364  395
  439  481  533  575  619  650  673  689  696  712  715  720  711  695  679  658
  645  630  627  614  610  590  576  556  538  513  482  449  420  387  354  334
  297  276  239  229  199  185  178  145  143                                   
    27.5-180.0 180.0   5.0 450.0                            LAT/LON1/LON2/DLON/H
  153  158  152  152  158  156  152  146  143  140  149  150  154  141  138  121
  125  128  143  165  183  209  221  242  254  273  284  309  328  355  392  440
  488  544  599  640  684  711  733  751  767  789  797  807  800  793  772  761
  744  740  733  731  722  709  693  677  663  638  614  578  543  494  450  410
  372  338  294  260  234  208  195  158  153                                   
    25.0-180.0 180.0   5.0 450.0                            LAT/LON1/LON2/DLON/H
  184  178  161  160  156  153  154  146  137  129  135  138  149  143  137  122
  121  124  141  164  188  211  231  244  264  279  298  322  346  377  423  475
  541  599  656  697  742  761  788  805  820  837  858  868  876  866  860  843
  837  825  827  817  821  802  800  776  767  737  713  685  658  610  553  517
  470  428  378  337  296  258  233  210  184                                   
    22.5-180.0 180.0   5.0 450.0                            LAT/LON1/LON2/DLON/H
  228  220  199  182  170  158  153  148  144  130  122  128  136  135  133  121
  118  122  140  165  193  226  241  265  276  296  316  340  372  403  458  510
  578  634  687  735  763  784  800  821  835  863  893  914  922  915  909  896
  892  883  882  877  884  883  880  866  850  822  794  758  724  681  638  611
  556  519  458  415  374  329  299  271  228                                   
    20.0-180.0 180.0   5.0 450.0                            LAT/LON1/LON2/DLON/H
  283  251  224  207  187  176  167  158  153  146  129  127  127  124  120  114
  121  125  150  170  207  233  259  273  294  304  333  355  391  435  491  541
  608  656  709  739  766  772  794  808  835  862  903  923  940  930  932  916
  918  907  912  907  915  911  909  886  863  825  799  765  729  704  662  651
  618  587  529  482  436  388  355  339  283                                   
    17.5-180.0 180.0   5.0 450.0                            LAT/LON1/LON2/DLON/H
  328  280  246  219  202  188  181  170  164  156  140  128  120  117  111  111
  115  123  149  175  210  242  261  284  300  317  339  368  414  454  516  566
  623  674  714  741  749  757  768  790  814  851  887  914  926  924  923  917
  916  912  911  907  908  904  895  866  836  792  752  729  703  681  649  639
  618  606  558  516  480  428  399  389  328                                   
    15.0-180.0 180.0   5.0 450.0                            LAT/LON1/LON2/DLON/H
  361  313  274  249  225  203  191  182  171  167  158  152  131  121  113  115
  115  125  154  182  222  250  276  290  313  323  356  389  437  484  537  585
  635  673  705  711  715  716  734  754  788  819  855  879  894  891  897  892
  900  893  896  885  880  868  847  813  768  718  651  610  586  568  566  579
  587  598  561  528  493  448  422  421  361                                   
    12.5-180.0 180.0   5.0 450.0                            LAT/LON1/LON2/DLON/H
  376  331  295  261  238  216  204  191  183  168  160  158  143  128  106  109
  104  110  132  161  202  231  257  279  303  333  367  411  465  508  559  601
  642  665  687  685  689  691  712  739  770  800  824  847  855  857  859  861
  865  856  860  845  842  817  799  753  698  609  540  494  467  470  485  507
  534  543  536  508  487  452  429  427  376                                   
    10.0-180.0 180.0   5.0 450.0                            LAT/LON1/LON2/DLON/H
  370  346  308  281  255  228  207  196  181  168  157  155  150  133  120  110
  113  123  131  166  197  233  265  291  322  348  387  429  481  526  569  602
  638  652  663  662  671  679  701  727  767  788  807  822  825  826  824  821
  821  813  816  803  791  770  744  706  627  528  448  399  384  395  420  446
  469  484  482  474  457  442  420  412  370                                   
     7.5-180.0 180.0   5.0 450.0                            LAT/LON1/LON2/DLON/H
  355  345  312  284  259  236  218  196  188  174  168  158  150  146  121  119
  110  120  127  145  174  206  243  282  319  362  403  452  498  540  578  607
