data/unet/pred3490.15i
     1.0            IONOSPHERE MAPS     GNSS                IONEX VERSION / TYPE
pyspatialgeodesy        IME             05-JAN-18 20:20     PGM / RUN BY / DATE 
Map Name                                                    COMMENT             
Predicted global ionosphere maps (GIM).                     DESCRIPTION         
  2015    12    15     0     0     0                        EPOCH OF FIRST MAP  
  2015    12    16     0     0     0                        EPOCH OF LAST MAP   
  7200                                                      INTERVAL            
    13                                                      # OF MAPS IN FILE   
  NONE                                                      MAPPING FUNCTION    
10.0                                                        ELEVATION CUTOFF    
One-way carrier phase leveled to code                       OBSERVABLES USED    
  6371.0                                                    BASE RADIUS         
 2                                                          MAP DIMENSION       
   450.0 450.0   0.0                                        HGT1 / HGT2 / DHGT  
    87.5 -87.5  -2.5                                        LAT1 / LAT2 / DLAT  
  -180.0 180.0   5.0                                        LON1 / LON2 / DLON  
    -1                                                      EXPONENT            
                                                            END OF HEADER       
[from data line 2145]
     6                                                      START OF TEC MAP    
  2015    12    15    10     0     0                        EPOCH OF CURRENT MAP
    87.5-180.0 180.0   5.0 450.0                            LAT/LON1/LON2/DLON/H
   30   48   33   33   33   33   34   33   34   33   34   33   34   33   34   33
   34   33   33   32   32   31   32   30   31   29   30   28   30   28   29   28
   29   28   29   28   28   27   28   27   27   26   26   25   24   23   23   22
   21   20   20   19   19   18   19   17   19   17   19   17   20   17   21   18
   22   21   25   24   26   28   31   36   30                                   
    85.0-180.0 180.0   5.0 450.0                            LAT/LON1/LON2/DLON/H
   53   57   57   58   58   57   58   57   58   57   57   56   56   55   54   53
   53   52   51   51   51   51   51   51   52   51   52   51   53   51   53   51
   53   50   52   50   50   48   49   47   47   45   45   44   43   42   42   42
   41   41   41   41   42   42   43   43   44   44   46   46   48   47   49   49
   50   50   53   52   55   57   63   48   53                                   
    82.5-180.0 180.0   5.0 450.0                            LAT/LON1/LON2/DLON/H
   45   64   57   58   54   54   55   56   54   55   53   54   50   51   47   48
   44   45   42   44   41   44   42   45   43   46   45   47   46   48   46   48
   46   46   45   45   43   43   41   41   39   39   37   37   35   35   32   34
   31   33   32   34   33   35   34   38   37   40   39   42   41   44   42   46
   44   48   46   49   51   56   54   34   45                                   
    80.0-180.0 180.0   5.0 450.0                            LAT/LON1/LON2/DLON/H
   44   56   48   50   45   48   46   48   47   46   44   43   39   38   34   34
   31   31   29   31   29   32   31   35   34   37   37   41   39   42   41   42
   41   41   41   41   40   39   38   37   37   35   35   33   32   30   29   29
   27   28   27   29   28   30   29   32   31   34   33   35   35   35   35   36
   36   37   38   39   43   44   52   34   44                                   
    77.5-180.0 180.0   5.0 450.0                            LAT/LON1/LON2/DLON/H
   36   53   47   46   45   46   47   47   48   44   44   39   38   33   32   28
   28   25   26   25   28   27   31   31   35   35   37   38   39   39   39   40
   40   41   41   41   41   42   42   42   42   41   41   40   39   38   36   36
   35   35   35   36   36   37   37   37   38   38   38   38   38   37   37   35
   35   35   36   35   39   39   45   19   36                                   
    75.0-180.0 180.0   5.0 450.0                            LAT/LON1/LON2/DLON/H
   34   47   40   43   41   46   43   46   43   43   39   37   31   30   24   25
   20   22   18   23   21   27   25   32   30   36   33   39   35   39   34   39
   35   41   39   45   43   48   47   51   48   52   49   51   47   50   45   48
   43   48   43   47   42   47   42   46   41   46   41   43   38   41   35   36
   32   34   31   33   34   37   42   17   34                                   
    72.5-180.0 180.0   5.0 450.0                            LAT/LON1/LON2/DLON/H
   34   48   45   45   45   47   47   47   46   43   41   36   32   26   24   21
   20   20   19   21   23   26   30   31   36   36   40   39   40   38   39   39
   40   43   46   50   54   57   62   63   68   67   70   68   69   68   68   65
   64   63   62   62   60   61   59   59   57   56   54   52   49   48   44   42
   40   38   38   36   39   37   43   12   34                                   
    70.0-180.0 180.0   5.0 450.0                            LAT/LON1/LON2/DLON/H
   35   42   41   42   42   46   46   47   48   46   45   40   36   28   28   22
   22   22   20   25   25   31   32   39   38   43   39   42   36   39   32   38
   33   43   42   54   56   67   70   78   79   84   83   86   83   85   80   81
   76   77   72   73   69   70   66   65   61   60   57   56   53   51   48   46
   43   42   41   39   43   42   44   19   35                                   
    67.5-180.0 180.0   5.0 450.0                            LAT/LON1/LON2/DLON/H
   36   46   47   47   47   48   50   49   50   48   48   44   41   33   32   28
   24   25   22   27   28   35   38   41   45   43   45   40   40   35   35   34
   36   40   47   54   64   70   80   84   92   95   99  100   99   99   97   94
   91   88   85   82   78   76   73   69   66   62   60   56   55   52   51   48
   47   46   46   45   47   45   47   22   36                                   
    65.0-180.0 180.0   5.0 450.0                            LAT/LON1/LON2/DLON/H
   39   42   43   44   43   47   47   48   50   50   50   48   45   38   37   31
   29   26   26   30   32   39   41   48   46   49   44   44   36   37   31   36
   36   44   49   61   69   80   88   97  100  110  109  115  110  113  107  107
   99   99   92   90   82   78   72   68   64   61   57   56   54   54   53   53
   52   53   52   52   53   53   54   30   39                                   
    62.5-180.0 180.0   5.0 450.0                            LAT/LON1/LON2/DLON/H
   42   50   48   48   47   48   49   49   50   51   51   50   48   43   41   37
   33   30   27   31   30   37   40   45   46   46   45   42   40   35   36   36
   42   47   57   65   77   85   96  104  111  117  121  123  123  122  119  116
  111  106   99   93   85   77   70   65   60   57   54   53   52   52   51   51
   52   54   54   55   56   56   56   38   42                                   
    60.0-180.0 180.0   5.0 450.0                            LAT/LON1/LON2/DLON/H
   44   46   45   46   45   45   46   46   49   49   51   49   49   43   44   40
   35   30   27   28   30   34   38   43   43   45   42   42   37   39   37   46
   48   59   67   78   86   98  105  115  119  126  126  130  127  129  124  123
  116  114  106   98   88   78   71   63   59   54   52   50   51   49   50   50
   52   54   54   57   57   60   58   42   44                                   
    57.5-180.0 180.0   5.0 450.0                            LAT/LON1/LON2/DLON/H
   48   54   48   50   49   48   47   47   47   48   48   47   47   45   46   44
   42   38   34   33   32   35   35   38   38   38   37   38   38   39   44   50
   58   66   77   87   96  106  113  120  125  129  132  134  135  135  135  130
  127  120  113  104   92   83   73   66   60   57   54   53   50   50   46   48
   48   50   51   54   54   56   58   42   48                                   
    55.0-180.0 180.0   5.0 450.0                            LAT/LON1/LON2/DLON/H
   53   52   51   51   51   49   49   47   48   46   48   43   48   41   48   43
   42   38   33   32   30   32   31   34   32   35   34   38   38   46   51   63
   71   85   91  105  109  120  123  130  132  137  138  141  141  143  142  141
  137  132  125  114  103   93   84   75   72   65   64   58   58   52   51   48
   50   48   51   53   55   57   59   44   53                                   
    52.5-180.0 180.0   5.0 450.0                            LAT/LON1/LON2/DLON/H
   56   57   53   58   56   56   53   52   49   48   47   42   44   42   45   44
   44   38   34   32   30   29   30   29   28   25   29   30   40   46   58   71
   82   95  103  114  119  127  131  137  140  144  146  149  152  151  153  149
  149  142  137  127  116  105   97   88   83   78   73   71   64   61   55   52
   50   49   51   51   53   53   61   44   56                                   
    50.0-180.0 180.0   5.0 450.0                            LAT/LON1/LON2/DLON/H
   63   57   62   64   65   64   64   59   58   53   54   48   53   45   54   45
   49   37   36   28   30   26   30   25   28   25   32   38   46   59   68   85
   94  111  116  129  133  142  145  150  152  157  158  161  161  164  162  162
  158  156  151  143  132  122  112  104   98   93   88   82   76   69   65   60
   58   55   54   55   56   58   62   45   63                                   
    47.5-180.0 180.0   5.0 450.0                            LAT/LON1/LON2/DLON/H
   68   66   66   72   72   73   71   68   65   61   60   56   59   54   59   54
   54   46   41   36   33   34   32   33   31   32   36   42   53   64   77   91
  102  117  124  134  140  148  155  161  165  168  170  172  173  173  174  170
  171  167  166  155  147  134  125  115  108  101   95   89   83   77   71   67
   64   61   60   58   60   58   67   49   68                                   
    45.0-180.0 180.0   5.0 450.0                            LAT/LON1/LON2/DLON/H
   75   67   75   80   84   85   85   83   77   73   72   68   71   66   70   63
   64   53   53   45   47   42   46   41   43   42   45   54   60   76   84  103
  108  127  131  146  151  163  169  177  178  182  181  183  181  184  180  180
  178  176  172  165  155  144  133  122  114  106  100   94   89   84   79   78
   74   74   70   68   66   66   71   55   75                                   
    42.5-180.0 180.0   5.0 450.0                            LAT/LON1/LON2/DLON/H
   80   75   77   86   86   92   90   91   86   82   80   77   79   76   78   73
   72   67   65   62   61   60   57   55   52   52   55   62   72   83   92  105
  114  126  135  147  158  169  180  186  190  191  191  190  190  188  189  185
  184  179  177  168  161  147  136  122  113  103   96   89   86   83   80   81
   82   81   78   75   73   70   78   63   80                                   
    40.0-180.0 180.0   5.0 450.0                            LAT/LON1/LON2/DLON/H
   81   71   79   85   89   95   97   99   95   95   92   89   91   86   88   82
   83   78   77   75   75   72   72   68   67   67   70   79   87   97  102  115
  118  134  142  158  170  186  194  202  203  205  201  201  197  198  195  192
  187  185  179  174  164  151  137  123  110  102   93   88   84   85   83   88
   87   90   84   84   78   77   79   67   81                                   
    37.5-180.0 180.0   5.0 450.0                            LAT/LON1/LON2/DLON/H
   76   70   74   81   82   89   91   97   97  100   98   98   98   95   95   91
   89   85   84   82   82   81   80   77   75   76   82   90   99  108  113  120
  125  137  148  164  180  195  205  211  213  212  210  206  207  205  205  199
  196  192  190  182  175  160  146  128  116  103   95   88   87   86   86   90
   92   94   89   85   81   78   81   71   76                                   
    35.0-180.0 180.0   5.0 450.0                            LAT/LON1/LON2/DLON/H
   69   66   74   78   83   85   94   97  100  104  105  106  106  103  104   98
   98   92   93   92   93   92   91   88   87   90   96  110  115  125  123  133
  133  150  159  179  194  212  222  229  228  227  221  222  219  222  220  218
  213  212  210  206  197  185  168  152  135  124  112  105   98   97   93   99
   97  101   91   90   82   80   79   69   69                                   
    32.5-180.0 180.0   5.0 450.0                            LAT/LON1/LON2/DLON/H
   60   60   65   73   73   79   84   88   92   99  101  106  106  107  106  103
  101   98   96   96   95   93   91   90   89   96  106  120  129  136  136  143
  147  161  173  192  209  228  238  244  242  239  239  236  241  240  245  240
  241  240  243  238  233  219  208  190  179  162  152  137  129  117  111  108
  104  104   95   90   84   78   78   70   60                                   
    30.0-180.0 180.0   5.0 450.0                            LAT/LON1/LON2/DLON/H
   54   55   62   65   67   71   79   82   89   92  100  102  106  105  107  105
  105  103  102  101   99   98   95   96   95  106  116  134  140  152  152  165
  169  186  197  221  232  253  261  267  265  262  262  263  269  273  277  277
  279  284  288  288  282  272  259  245  234  218  202  187  169  156  140  131
  119  114  102   98   87   81   73   62   54                                   
    27.5-180.0 180.0   5.0 450.0                            LAT/LON1/LON2/DLON/H
   55   59   59   62   57   64   67   73   78   83   90   94   99  100  103  103
  104  104  101  100   97   96   92   93   96  109  123  142  152  162  170  178
  190  205  220  247  256  279  281  291  287  288  291  293  303  306  316  315
  326  330  345  345  348  336  328  311  302  283  262  240  219  198  177  159
  142  130  116  108   98   88   81   63   55                                   
    25.0-180.0 180.0   5.0 450.0                            LAT/LON1/LON2/DLON/H
   57   64   67   58   56   56   61   65   71   77   83   87   92   92   97   97
  101  102  101  100   97   98   93   97  101  115  129  151  160  178  183  202
  211  234  246  278  283  304  306  314  315  316  323  328  339  349  359  367
  377  391  407  417  422  417  409  393  380  355  327  298  269  245  218  196
  173  153  138  129  116  103   90   68   57                                   
    22.5-180.0 180.0   5.0 450.0                            LAT/LON1/LON2/DLON/H
   63   80   75   67   56   55   56   61   64   71   74   80   84   87   91   93
   97  100   98   98   93   93   92   99  104  119  133  157  171  190  204  219
  237  256  278  304  313  332  330  342  338  348  355  365  377  388  400  409
  426  440  464  474  486  484  479  461  444  416  384  353  322  292  263  236
  207  183  163  151  140  121  110   84   63                                   
    20.0-180.0 180.0   5.0 450.0                            LAT/LON1/LON2/DLON/H
   75   79   81   68   71   61   62   63   66   69   72   76   79   81   84   88
   92   95   94   95   90   93   92  100  106  121  136  163  178  206  219  247
  262  289  304  331  336  350  357  363  368  378  391  405  415  428  439  454
  469  490  510  523  534  536  532  516  498  467  436  403  368  338  305  275
  247  215  192  176  161  142  126  102   75                                   
    17.5-180.0 180.0   5.0 450.0                            LAT/LON1/LON2/DLON/H
   93  106  101   93   86   79   75   71   71   73   72   75   75   78   81   85
   90   95   95   96   91   95   92  103  107  126  143  171  193  219  245  262
  286  304  326  347  355  369  373  387  393  408  421  432  444  453  467  477
  496  509  531  540  552  552  547  534  517  492  459  430  393  366  333  306
  278  251  223  201  184  163  146  122   93                                   
    15.0-180.0 180.0   5.0 450.0                            LAT/LON1/LON2/DLON/H
  111  128  120  106  102   95   90   81   80   80   78   79   77   77   79   81
   85   91   90   95   89   94   94  103  111  130  150  182  207  240  259  285
  299  329  341  361  367  380  396  409  419  437  450  465  473  484  491  503
  511  525  537  546  557  558  554  541  526  505  476  448  411  382  351  326
  302  279  255  228  205  176  162  144  111                                   
    12.5-180.0 180.0   5.0 450.0                            LAT/LON1/LON2/DLON/H
  134  149  139  130  122  112  106   99   96   92   91   86   83   80   78   81
   85   91   92   95   91   94   97  109  118  139  165  192  223  249  273  291
  314  340  358  375  378  398  412  429  441  459  470  485  491  497  502  506
  512  514  524  530  539  537  531  520  505  489  461  436  402  379  353  332
  311  292  270  247  220  192  172  160  134                                   
    10.0-180.0 180.0   5.0 450.0                            LAT/LON1/LON2/DLON/H
  141  151  137  131  125  116  114  109  106  105   99   94   90   85   83   78
   83   86   88   90   90   93  100  109  122  145  173  208  237  262  278  300
  318  349  363  381  389  410  428  445  457  478  489  504  506  512  511  514
  509  511  513  520  525  526  517  507  491  474  449  427  398  376  354  334
  316  300  281  261  234  201  181  180  141                                   
     7.5-180.0 180.0   5.0 450.0                            LAT/LON1/LON2/DLON/H
  157  148  131  128  120  117  115  115  116  111  108  101   98   91   88   83
   83   85   88   90   93   96  104  113  125  151  186  219  247  271  285  308
