data/unet/pred0690.15i
     1.0            IONOSPHERE MAPS     GNSS                IONEX VERSION / TYPE
pyspatialgeodesy        IME             05-JAN-18 20:20     PGM / RUN BY / DATE 
Map Name                                                    COMMENT             
Predicted global ionosphere maps (GIM).                     DESCRIPTION         
  2015     3    10     0     0     0                        EPOCH OF FIRST MAP  
  2015     3    11     0     0     0                        EPOCH OF LAST MAP   
  7200                                                      INTERVAL            
    13                                                      # OF MAPS IN FILE   
  NONE                                                      MAPPING FUNCTION    
10.0                                                        ELEVATION CUTOFF    
One-way carrier phase leveled to code                       OBSERVABLES USED    
  6371.0                                                    BASE RADIUS         
 2                                                          MAP DIMENSION       
   450.0 450.0   0.0                                        HGT1 / HGT2 / DHGT  
    87.5 -87.5  -2.5                                        LAT1 / LAT2 / DLAT  
  -180.0 180.0   5.0                                        LON1 / LON2 / DLON  
    -1                                                      EXPONENT            
                                                            END OF HEADER       
     1                                                      START OF TEC MAP    
  2015     3    10     0     0     0                        EPOCH OF CURRENT MAP
    87.5-180.0 180.0   5.0 450.0                            LAT/LON1/LON2/DLON/H
  174  147  151  149  146  142  145  144  147  145  148  145  146  144  144  141
  140  137  136  132  131  126  125  120  119  115  115  111  113  109  111  107
  110  107  110  107  110  109  111  110  113  112  115  114  117  118  120  121
  123  126  128  130  133  135  138  140  142  145  148  149  151  152  153  152
  154  153  154  154  158  154  149  173  174                                   
    85.0-180.0 180.0   5.0 450.0                            LAT/LON1/LON2/DLON/H
  153  155  165  164  162  156  161  159  165  162  167  164  168  163  166  160
  161  155  154  147  145  137  135  126  123  115  113  106  106  101  102   98
  100   97  100   97  101   99  104  102  107  106  112  111  117  117  123  123
  129  129  136  136  142  144  149  150  155  156  160  161  163  164  165  165
  166  165  166  167  171  166  161  156  153                                   
    82.5-180.0 180.0   5.0 450.0                            LAT/LON1/LON2/DLON/H
  164  166  173  172  167  165  168  170  174  175  179  181  183  183  183  180
  179  172  169  160  155  146  140  130  124  114  109  102   99   93   91   88
   88   86   87   87   89   90   92   96   98  102  105  109  112  116  119  124
  126  131  134  139  142  146  151  154  157  160  163  164  167  167  169  170
  171  171  173  175  178  174  171  169  164                                   
    80.0-180.0 180.0   5.0 450.0                            LAT/LON1/LON2/DLON/H
  177  178  185  183  177  177  179  185  187  195  198  206  207  211  209  209
  203  198  189  182  171  162  151  141  131  122  113  105   98   92   89   85
   84   82   83   84   86   88   91   94   97  102  105  109  111  115  118  122
  123  127  130  134  137  141  145  149  153  156  160  163  167  169  172  173
  177  178  183  185  188  185  182  186  177                                   
    77.5-180.0 180.0   5.0 450.0                            LAT/LON1/LON2/DLON/H
  192  188  194  189  185  185  188  193  199  206  213  221  227  232  233  233
  227  219  208  198  186  173  160  148  136  125  115  106   98   91   87   83
   81   80   81   83   85   88   91   96   99  104  106  111  111  114  115  117
  116  118  120  123  126  129  134  137  143  146  152  154  160  162  168  170
  176  179  185  188  192  191  191  196  192                                   
    75.0-180.0 180.0   5.0 450.0                            LAT/LON1/LON2/DLON/H
  210  208  209  200  194  193  196  201  208  216  225  236  243  250  250  248
  241  232  220  207  194  180  166  152  141  130  122  111  104   97   93   88
   87   85   87   88   91   94   99  102  106  108  111  112  112  110  109  107
  105  103  105  106  108  111  116  120  127  131  138  142  149  154  160  165
  173  179  187  192  198  199  199  210  210                                   
    72.5-180.0 180.0   5.0 450.0                            LAT/LON1/LON2/DLON/H
  237  230  227  214  205  202  204  207  213  221  231  242  250  256  255  252
  244  233  219  205  192  178  165  153  142  133  125  117  110  104   99   95
   93   92   92   93   95   98  101  105  107  109  109  108  105  102   97   93
   88   86   85   86   88   92   97  102  110  116  124  130  138  145  153  160
  170  178  187  195  201  207  211  225  237                                   
    70.0-180.0 180.0   5.0 450.0                            LAT/LON1/LON2/DLON/H
  268  259  255  238  225  217  215  216  221  228  237  248  253  257  253  248
  236  224  209  195  183  171  161  150  143  135  130  122  117  111  107  101
  100   97   98   96   98   99  103  103  105  104  105  100   96   89   84   77
   72   68   68   68   71   75   82   89   97  105  113  122  130  138  147  155
  166  175  187  197  206  215  223  243  268                                   
    67.5-180.0 180.0   5.0 450.0                            LAT/LON1/LON2/DLON/H
  297  285  278  264  247  236  229  226  228  233  242  249  254  253  246  237
  224  210  195  183  173  164  157  149  143  137  132  125  119  113  108  102
   98   95   93   91   91   91   93   93   94   93   91   86   80   74   67   60
   55   52   51   53   57   63   71   81   91  101  111  120  130  138  146  154
  165  173  185  198  209  222  233  255  297                                   
    65.0-180.0 180.0   5.0 450.0                            LAT/LON1/LON2/DLON/H
  318  308  306  289  272  256  246  238  237  239  244  250  250  247  236  226
  210  198  183  173  165  159  154  148  143  136  131  123  118  111  105   97
   94   88   86   81   82   80   81   80   81   79   78   72   67   59   54   47
   43   41   42   44   50   58   68   80   91  103  115  127  136  145  152  159
  168  176  188  199  214  229  240  266  318                                   
    62.5-180.0 180.0   5.0 450.0                            LAT/LON1/LON2/DLON/H
  326  316  319  307  289  271  257  245  240  239  243  246  245  238  228  215
  201  189  177  170  165  161  157  151  145  137  129  120  112  104   97   89
   83   77   72   68   66   64   64   64   65   65   63   60   56   50   43   39
   36   36   38   42   49   59   70   83   96  112  126  141  153  163  170  175
  181  186  193  205  220  233  244  270  326                                   
    60.0-180.0 180.0   5.0 450.0                            LAT/LON1/LON2/DLON/H
  330  323  330  319  304  284  267  252  243  237  239  239  238  229  220  209
  200  190  182  176  171  168  161  155  147  136  127  116  106   97   89   81
   75   67   62   57   56   53   54   53   57   57   57   54   51   45   40   36
   36   36   41   46   55   66   78   92  107  123  139  156  171  182  189  194
  198  201  205  214  226  239  245  273  330                                   
    57.5-180.0 180.0   5.0 450.0                            LAT/LON1/LON2/DLON/H
  327  320  332  326  313  293  274  257  245  238  236  234  231  224  217  210
  205  201  195  191  185  179  170  162  151  139  127  115  104   95   84   78
   70   64   58   54   51   50   50   51   54   56   56   56   52   48   43   41
   41   44   48   56   64   75   86  101  116  134  154  172  192  204  215  220
  225  226  228  232  240  245  249  272  327                                   
    55.0-180.0 180.0   5.0 450.0                            LAT/LON1/LON2/DLON/H
  325  321  334  333  324  307  287  270  255  244  237  232  227  221  218  216
  217  217  214  210  202  193  179  169  155  143  130  118  106   96   87   79
   73   67   64   59   59   55   57   57   61   62   65   63   62   56   53   50
   53   55   61   68   77   86   97  110  127  144  165  186  206  222  236  246
  251  252  252  253  256  261  261  280  325                                   
    52.5-180.0 180.0   5.0 450.0                            LAT/LON1/LON2/DLON/H
  323  323  339  343  338  326  309  291  274  259  247  237  230  226  225  228
  233  234  231  224  215  204  188  176  162  151  138  128  115  106   95   89
   81   78   73   73   70   71   70   71   73   75   76   76   74   70   66   65
   66   70   75   82   88   96  105  118  133  152  174  196  220  238  256  266
  276  280  281  282  282  279  282  293  323                                   
    50.0-180.0 180.0   5.0 450.0                            LAT/LON1/LON2/DLON/H
  324  334  348  356  355  349  336  322  302  282  263  247  235  230  230  235
  243  245  240  231  220  208  193  180  169  159  149  140  130  120  109  100
   95   90   89   87   88   87   88   87   90   90   92   91   90   86   83   81
   83   85   90   95  101  105  112  123  138  156  178  201  225  248  265  280
  292  300  307  309  310  308  311  316  324                                   
    47.5-180.0 180.0   5.0 450.0                            LAT/LON1/LON2/DLON/H
  335  349  364  371  374  373  366  355  337  313  288  266  251  242  242  247
  254  253  246  234  220  207  194  185  176  170  162  155  144  135  121  113
  103  100   97   99   99  102  100  102  102  104  103  104  102  101   98   97
   98  101  103  106  109  112  118  127  143  161  184  205  231  250  271  285
  302  312  326  333  338  338  338  340  335                                   
    45.0-180.0 180.0   5.0 450.0                            LAT/LON1/LON2/DLON/H
  353  373  384  394  394  398  394  388  368  346  317  291  271  260  256  259
  261  258  246  231  218  206  197  191  188  182  175  167  156  143  130  116
  109  103  104  104  109  111  113  114  115  114  115  115  116  114  113  112
  113  113  115  115  116  118  123  132  148  166  187  208  230  250  268  284
  300  314  333  347  358  366  368  367  353                                   
    42.5-180.0 180.0   5.0 450.0                            LAT/LON1/LON2/DLON/H
  378  396  407  414  416  418  416  412  395  374  347  320  298  283  277  273
  272  262  248  231  218  210  203  200  197  193  184  174  159  145  127  114
  104  101  100  105  108  114  116  120  120  122  121  123  123  124  123  124
  123  123  122  122  123  125  130  140  158  176  196  214  234  250  269  283
  300  314  338  357  378  389  392  388  378                                   
    40.0-180.0 180.0   5.0 450.0                            LAT/LON1/LON2/DLON/H
  396  412  417  423  424  429  425  425  411  394  368  344  323  307  296  289
  282  270  253  237  226  219  213  210  207  198  186  170  155  136  119  105
   98   95   97  101  108  115  120  124  127  128  129  129  132  131  132  130
  130  128  126  125  127  130  136  147  166  184  204  220  240  256  273  286
  303  317  339  361  388  404  411  402  396                                   
    37.5-180.0 180.0   5.0 450.0                            LAT/LON1/LON2/DLON/H
  413  423  429  428  429  432  429  430  420  408  386  366  348  332  320  309
  298  285  269  255  244  236  228  221  213  199  182  164  145  128  110   99
   90   93   94  105  110  120  123  130  131  135  135  136  136  136  134  132
  130  128  126  125  128  132  140  154  174  194  213  230  248  264  282  296
  310  323  341  363  392  411  420  408  413                                   
    35.0-180.0 180.0   5.0 450.0                            LAT/LON1/LON2/DLON/H
  431  444  441  436  434  433  428  429  422  416  400  385  371  357  343  330
  317  304  290  278  267  256  244  228  215  193  177  158  144  130  119  113
  110  114  116  122  128  134  139  142  146  144  145  143  142  138  136  131
  128  124  122  122  124  130  140  154  176  197  217  235  254  269  288  300
  313  324  342  362  394  418  436  423  431                                   
    32.5-180.0 180.0   5.0 450.0                            LAT/LON1/LON2/DLON/H
  463  473  470  460  452  445  437  436  430  426  415  406  394  383  368  355
  340  329  315  305  290  275  256  233  212  192  177  168  158  157  149  157
  156  169  168  173  168  170  165  165  161  159  155  151  146  140  133  127
  123  119  118  116  120  125  136  152  176  199  220  241  259  277  293  308
  319  333  349  373  404  431  453  445  463                                   
    30.0-180.0 180.0   5.0 450.0                            LAT/LON1/LON2/DLON/H
  513  531  526  512  498  484  468  461  450  443  434  428  419  409  393  378
  363  352  339  326  306  284  258  230  213  199  198  201  208  215  217  225
  228  239  233  223  212  200  194  185  184  174  168  159  152  142  134  126
  122  118  115  114  117  122  135  153  176  198  219  245  262  283  297  315
  331  346  366  388  420  452  480  486  513                                   
    27.5-180.0 180.0   5.0 450.0                            LAT/LON1/LON2/DLON/H
  578  601  598  586  571  549  525  506  491  476  462  453  444  436  419  403
  386  376  359  343  317  287  256  231  220  223  240  265  290  308  317  325
  325  328  314  297  267  245  226  213  201  190  177  166  155  143  134  125
  121  119  115  116  118  125  137  156  178  202  220  247  268  291  305  325
  344  366  389  414  445  483  517  539  578                                   
    25.0-180.0 180.0   5.0 450.0                            LAT/LON1/LON2/DLON/H
  644  680  681  680  666  643  614  588  560  534  510  493  479  466  446  426
  406  392  372  350  318  285  255  239  246  274  308  357  394  420  429  428
  419  406  383  352  314  276  249  227  215  198  184  169  158  144  136  125
  121  118  117  117  120  125  134  151  172  199  221  249  273  303  323  346
  365  385  414  440  477  520  568  607  644                                   
    22.5-180.0 180.0   5.0 450.0                            LAT/LON1/LON2/DLON/H
  700  744  758  766  760  740  708  678  645  610  575  545  521  500  475  453
  429  410  383  355  320  288  265  267  296  351  405  463  501  527  528  520
  491  467  430  390  338  297  258  233  217  199  181  168  154  147  135  130
  124  117  119  119  122  126  135  151  174  205  229  266  290  327  346  373
  395  418  446  477  522  565  625  676  700                                   
    20.0-180.0 180.0   5.0 450.0                            LAT/LON1/LON2/DLON/H
  742  798  818  846  851  843  816  788  751  708  661  619  583  551  518  490
  459  432  397  363  329  304  293  318  370  446  504  560  588  599  598  575
  538  496  456  403  352  304  266  238  223  201  185  168  160  149  141  134
  125  119  118  116  116  122  133  152  183  215  243  285  321  355  380  407
  436  457  490  523  576  616  677  728  742                                   
    17.5-180.0 180.0   5.0 450.0                            LAT/LON1/LON2/DLON/H
  769  841  873  900  912  914  894  873  838  795  739  689  643  607  568  533
  498  465  424  389  357  341  351  398  462  534  588  624  633  631  613  581
  535  496  449  398  340  295  256  237  216  198  181  172  161  156  145  138
  130  124  121  114  115  117  136  158  196  230  265  312  348  382  414  445
  471  496  529  566  620  659  713  757  769                                   
    15.0-180.0 180.0   5.0 450.0                            LAT/LON1/LON2/DLON/H
  783  855  890  925  942  953  943  934  909  873  818  763  714  669  631  589
  551  510  470  434  410  409  433  492  551  608  633  637  626  595  565  524
  488  455  415  361  313  274  250  233  216  196  185  176  171  162  151  142
  135  129  124  118  118  124  145  175  216  253  293  333  375  417  451  482
  507  532  564  603  651  677  719  756  783                                   
    12.5-180.0 180.0   5.0 450.0                            LAT/LON1/LON2/DLON/H
  769  840  879  907  926  945  945  951  937  911  863  812  763  721  680  641
  603  566  529  501  485  496  529  581  626  643  636  606  565  514  473  441
  415  392  356  319  277  258  245  235  217  200  187  182  177  167  157  147
  142  136  129  123  124  131  159  196  235  270  307  347  391  434  469  498
  527  553  589  622  666  679  706  734  769                                   
    10.0-180.0 180.0   5.0 450.0                            LAT/LON1/LON2/DLON/H
  742  800  837  865  881  904  918  944  948  935  898  853  809  767  732  689
  657  622  598  577  577  593  628  660  671  643  598  532  468  405  373  339
  332  314  301  275  255  246  247  238  225  209  199  192  188  177  166  153
  146  137  131  124  125  136  169  206  247  278  316  353  405  447  485  515
  543  574  605  640  671  676  684  709  742                                   
     7.5-180.0 180.0   5.0 450.0                            LAT/LON1/LON2/DLON/H
  708  753  780  803  817  838  861  899  924  930  908  874  839  803  770  734
  704  679  659  651  659  681  702  705  673  608  522  432  354  303  269  256
