data/unet/pred3430.15i
     1.0            IONOSPHERE MAPS     GNSS                IONEX VERSION / TYPE
pyspatialgeodesy        IME             05-JAN-18 20:20     PGM / RUN BY / DATE 
Map Name                                                    COMMENT             
Predicted global ionosphere maps (GIM).                     DESCRIPTION         
  2015    12     9     0     0     0                        EPOCH OF FIRST MAP  
  2015    12    10     0     0     0                        EPOCH OF LAST MAP   
  7200                                                      INTERVAL            
    13                                                      # OF MAPS IN FILE   
  NONE                                                      MAPPING FUNCTION    
10.0                                                        ELEVATION CUTOFF    
One-way carrier phase leveled to code                       OBSERVABLES USED    
  6371.0                                                    BASE RADIUS         
 2                                                          MAP DIMENSION       
   450.0 450.0   0.0                                        HGT1 / HGT2 / DHGT  
    87.5 -87.5  -2.5                                        LAT1 / LAT2 / DLAT  
  -180.0 180.0   5.0                                        LON1 / LON2 / DLON  
    -1                                                      EXPONENT            
                                                            END OF HEADER       
[from data line 2574]
     7                                                      START OF TEC MAP    
  2015    12     9    12     0     0                        EPOCH OF CURRENT MAP
    87.5-180.0 180.0   5.0 450.0                            LAT/LON1/LON2/DLON/H
   53   56   51   52   50   49   49   49   49   48   49   47   48   47   48   46
   48   46   47   46   47   46   47   46   46   46   46   45   45   44   43   43
   42   42   41   41   41   40   41   40   41   40   41   40   42   41   42   42
   43   43   44   44   46   45   46   46   48   46   48   47   49   47   49   47
   49   47   50   49   49   44   57   47   53                                   
    85.0-180.0 180.0   5.0 450.0                            LAT/LON1/LON2/DLON/H
   61   55   47   45   47   44   47   45   47   45   46   44   46   44   45   43
   45   42   43   41   42   40   41   40   40   39   40   39   39   39   39   38
   39   38   38   37   38   36   37   35   36   34   35   34   36   34   36   35
   38   36   40   38   42   41   44   42   46   44   47   45   48   46   49   46
   49   45   48   43   48   46   54   48   61                                   
    82.5-180.0 180.0   5.0 450.0                            LAT/LON1/LON2/DLON/H
   54   49   40   38   35   35   33   36   33   35   32   35   32   34   31   34
   30   33   30   32   29   32   30   32   29   32   30   32   29   32   30   32
   29   32   28   31   26   29   24   27   22   25   21   23   20   24   21   25
   23   28   26   31   30   35   34   38   36   41   38   42   39   42   39   41
   38   40   37   37   34   33   31   25   54                                   
    80.0-180.0 180.0   5.0 450.0                            LAT/LON1/LON2/DLON/H
   47   34   33   27   30   25   29   25   28   25   28   26   28   26   28   26
   28   26   28   26   28   26   29   28   29   28   31   29   31   30   32   31
   32   30   31   29   29   25   26   22   21   18   18   15   16   14   17   17
   20   20   25   26   30   30   35   35   38   37   40   38   40   37   39   35
   36   33   33   28   30   23   26   22   47                                   
    77.5-180.0 180.0   5.0 450.0                            LAT/LON1/LON2/DLON/H
   40   30   24   21   21   21   20   22   20   22   21   23   21   23   22   23
   22   23   23   23   22   23   24   24   24   26   26   28   28   31   31   32
   31   32   30   30   27   26   22   21   17   15   12   12   10   11   11   14
   15   19   21   25   26   31   32   35   35   38   37   38   36   36   34   33
   30   29   26   23   22   18   20   13   40                                   
    75.0-180.0 180.0   5.0 450.0                            LAT/LON1/LON2/DLON/H
   36   22   24   18   19   18   19   17   20   17   20   18   21   19   22   21
   23   21   23   21   23   21   24   22   25   25   29   28   33   32   38   36
   40   38   41   37   38   33   33   27   24   20   18   15   13   13   14   15
   16   19   23   26   28   31   34   36   37   38   39   37   37   35   35   31
   30   27   27   23   23   17   22   17   36                                   
    72.5-180.0 180.0   5.0 450.0                            LAT/LON1/LON2/DLON/H
   38   29   24   21   21   20   21   21   21   20   21   21   22   22   23   23
   24   24   24   24   25   24   25   25   26   27   30   32   36   39   42   45
   46   48   48   48   45   44   40   37   32   29   25   22   20   20   20   21
   23   25   27   30   32   34   36   37   38   38   39   38   38   36   35   33
   31   30   27   24   23   18   24   17   38                                   
    70.0-180.0 180.0   5.0 450.0                            LAT/LON1/LON2/DLON/H
   40   27   30   23   25   24   26   24   25   22   23   23   24   24   26   26
   28   27   27   27   27   27   27   26   27   29   32   35   38   43   48   52
   55   59   61   61   59   57   54   50   45   41   37   34   30   30   29   30
   29   31   31   32   32   33   35   34   36   36   38   37   39   37   38   35
   35   32   32   29   29   23   28   26   40                                   
    67.5-180.0 180.0   5.0 450.0                            LAT/LON1/LON2/DLON/H
   45   35   32   28   29   27   28   27   27   25   26   26   28   28   31   30
   33   30   32   30   31   29   29   27   29   29   33   37   41   48   51   60
   62   69   69   72   70   69   64   62   56   54   49   47   43   41   40   38
   38   36   36   33   33   30   31   29   31   32   35   36   38   38   39   38
   38   37   36   34   33   27   32   28   45                                   
    65.0-180.0 180.0   5.0 450.0                            LAT/LON1/LON2/DLON/H
   44   34   35   29   32   31   32   31   30   28   27   29   29   30   32   33
   32   32   31   32   30   30   29   29   28   31   34   39   42   51   57   66
   69   78   79   84   80   81   76   76   69   70   62   62   53   54   47   48
   41   41   35   33   28   25   22   21   23   24   29   31   35   36   40   38
   40   39   40   39   38   32   35   36   44                                   
    62.5-180.0 180.0   5.0 450.0                            LAT/LON1/LON2/DLON/H
   47   39   33   29   31   30   32   32   31   29   28   30   32   32   35   35
   35   33   32   31   31   30   31   29   31   31   34   39   44   53   59   70
   74   84   85   90   87   89   84   85   80   79   74   72   66   63   58   53
   48   43   38   32   28   21   19   16   18   18   24   26   31   32   37   37
   40   39   41   38   40   34   38   35   47                                   
    60.0-180.0 180.0   5.0 450.0                            LAT/LON1/LON2/DLON/H
   43   34   33   27   30   31   32   32   30   28   27   28   29   30   31   33
   31   30   27   28   26   27   27   28   28   30   34   40   47   57   65   76
   81   90   92   96   94   95   91   93   88   91   84   85   75   75   65   63
   53   49   38   32   24   18   14   12   12   15   19   22   27   29   33   33
   36   36   40   39   40   35   36   36   43                                   
    57.5-180.0 180.0   5.0 450.0                            LAT/LON1/LON2/DLON/H
   44   36   29   25   28   28   30   30   28   27   26   27   28   29   30   30
   28   25   24   24   24   25   28   28   31   32   37   46   53   65   73   85
   91   99  100  103  100  101   97   99   98   99   96   93   88   83   75   69
   60   54   44   38   29   22   18   15   15   17   21   23   25   27   29   30
   32   32   36   35   38   33   36   33   44                                   
    55.0-180.0 180.0   5.0 450.0                            LAT/LON1/LON2/DLON/H
   43   35   31   25   29   29   31   30   27   24   23   24   23   24   24   23
   21   19   16   18   19   21   25   28   31   36   42   52   62   73   84   95
  103  109  110  111  108  108  105  109  106  110  105  106   98   96   84   80
   68   63   50   44   33   29   21   21   19   22   23   26   27   28   28   28
   30   31   35   35   38   34   37   36   43                                   
    52.5-180.0 180.0   5.0 450.0                            LAT/LON1/LON2/DLON/H
   45   40   31   29   30   32   33   33   29   26   25   24   24   24   23   22
   19   17   16   17   20   23   28   32   37   42   51   63   73   86   96  109
  114  120  118  119  116  115  115  117  119  119  119  117  112  106   98   90
   81   75   64   57   48   41   37   33   34   34   36   36   35   33   33   30
   32   31   36   36   41   36   41   41   45                                   
    50.0-180.0 180.0   5.0 450.0                            LAT/LON1/LON2/DLON/H
   52   45   41   36   39   39   42   38   37   30   28   27   25   24   22   20
   17   14   13   16   19   24   29   35   41   50   59   73   83   97  107  119
  124  128  128  128  127  127  125  130  129  134  130  131  124  120  109  104
   94   89   78   72   61   55   49   48   45   46   47   46   45   41   40   37
   37   37   41   42   46   44   49   50   52                                   
    47.5-180.0 180.0   5.0 450.0                            LAT/LON1/LON2/DLON/H
   60   57   47   46   47   48   49   48   45   40   37   34   33   30   28   25
   22   19   19   22   26   31   37   43   51   60   71   85   95  108  117  126
  129  133  132  133  133  132  134  136  141  141  143  140  137  129  122  115
  107  101   93   86   77   69   64   60   59   58   58   57   55   51   51   46
   48   46   50   51   55   52   58   64   60                                   
    45.0-180.0 180.0   5.0 450.0                            LAT/LON1/LON2/DLON/H
   69   66   60   56   58   59   61   59   58   52   50   45   43   38   36   31
   28   25   25   27   32   37   44   52   60   71   81   95  105  116  122  130
  133  136  137  139  141  144  145  149  151  154  151  150  144  140  132  126
  119  113  106   98   89   80   72   68   65   64   64   62   61   58   58   56
   57   56   60   59   63   63   68   76   69                                   
    42.5-180.0 180.0   5.0 450.0                            LAT/LON1/LON2/DLON/H
   75   75   66   66   65   67   68   70   69   67   64   61   57   53   48   44
   40   37   37   39   44   50   56   64   72   82   93  105  114  121  125  129
  131  134  137  141  146  148  153  154  158  155  157  151  150  144  140  133
  127  120  113  103   93   82   76   69   66   64   64   63   64   63   66   64
   68   65   70   69   71   68   74   86   75                                   
    40.0-180.0 180.0   5.0 450.0                            LAT/LON1/LON2/DLON/H
   78   77   74   70   73   73   77   78   82   80   82   76   74   67   64   57
   54   50   50   52   57   63   70   77   85   95  104  115  122  126  127  129
  131  135  142  149  157  163  165  167  166  164  162  158  155  152  149  143
  136  128  120  108   97   84   76   67   63   60   61   61   63   64   69   69
   72   72   74   73   74   74   78   89   78                                   
    37.5-180.0 180.0   5.0 450.0                            LAT/LON1/LON2/DLON/H
   77   78   71   71   71   72   76   81   86   90   93   91   89   84   79   73
   68   64   64   66   70   77   84   91   98  108  116  125  129  130  129  131
  133  140  148  159  169  175  178  176  174  169  166  161  160  158  154  149
  140  132  122  110   99   84   76   65   61   58   59   60   64   67   73   73
   78   76   78   74   75   71   76   88   77                                   
    35.0-180.0 180.0   5.0 450.0                            LAT/LON1/LON2/DLON/H
   71   71   69   65   70   70   77   82   91   96  104  102  104   96   94   87
   84   78   79   80   86   92  100  106  112  121  128  134  137  137  137  140
  144  154  165  177  189  196  197  193  187  181  175  172  169  168  165  159
  150  142  131  119  106   93   81   70   62   60   60   63   65   70   75   75
   77   76   75   72   70   69   72   79   71                                   
    32.5-180.0 180.0   5.0 450.0                            LAT/LON1/LON2/DLON/H
   65   65   59   58   60   61   68   76   86   95  106  108  110  105  103   97
   92   88   89   91   96  103  110  117  122  132  137  144  145  148  148  155
  160  172  184  198  209  217  216  211  204  195  189  183  182  181  179  173
  165  157  147  135  125  111  100   88   80   76   76   77   79   81   84   80
   79   74   73   68   67   61   64   74   65                                   
    30.0-180.0 180.0   5.0 450.0                            LAT/LON1/LON2/DLON/H
   62   58   54   51   56   55   62   69   82   92  106  109  113  110  108  104
  100   97   97   99  105  113  122  130  135  143  149  156  160  166  171  180
  189  202  217  234  243  251  245  240  229  221  211  207  206  206  205  201
  195  190  181  172  161  149  134  124  113  110  107  106  104  102   97   88
   83   75   70   66   62   61   62   61   62                                   
    27.5-180.0 180.0   5.0 450.0                            LAT/LON1/LON2/DLON/H
   63   55   47   47   48   48   52   60   70   83   96  102  108  105  106  100
   99   96   98  102  110  120  129  138  143  151  157  168  175  185  193  206
  218  235  248  266  275  282  277  271  259  250  241  236  235  235  235  234
  231  229  227  220  215  202  189  173  164  156  150  146  138  131  121  108
   98   84   78   73   69   63   62   63   63                                   
    25.0-180.0 180.0   5.0 450.0                            LAT/LON1/LON2/DLON/H
   69   57   46   48   50   48   51   55   64   73   87   93  101  100  100   98
   96   97   99  106  115  128  139  148  154  161  170  183  193  209  221  240
  253  272  282  302  308  319  311  307  293  286  274  272  266  269  269  273
  273  275  273  271  264  256  244  229  215  206  198  189  178  162  145  129
  116  104   92   86   80   79   76   61   69                                   
    22.5-180.0 180.0   5.0 450.0                            LAT/LON1/LON2/DLON/H
   81   69   56   57   54   55   53   55   58   65   74   82   89   89   91   89
   89   89   95  103  117  132  143  154  160  171  180  196  209  227  242  264
  279  300  313  332  340  349  342  336  326  317  308  305  302  304  307  313
  319  326  330  329  323  311  297  283  270  255  247  232  220  199  178  155
  141  129  121  112  106  100   93   73   81                                   
    20.0-180.0 180.0   5.0 450.0                            LAT/LON1/LON2/DLON/H
   89   73   62   60   62   59   62   58   60   60   67   71   78   79   81   81
   82   87   94  107  122  142  152  164  171  183  192  211  224  247  265  290
  308  329  338  354  359  367  365  364  354  349  341  342  339  346  347  358
  362  374  379  383  374  362  340  327  309  295  281  263  247  221  202  178
  163  151  143  138  128  126  117   86   89                                   
    17.5-180.0 180.0   5.0 450.0                            LAT/LON1/LON2/DLON/H
   93   87   75   69   68   66   67   64   63   61   63   66   71   73   74   75
   76   81   90  108  125  146  157  170  179  191  203  219  234  258  281  307
  330  349  366  372  383  388  394  388  389  380  379  376  378  380  386  394
  401  412  420  422  413  396  369  349  330  316  303  282  265  240  220  197
  183  170  164  156  150  141  132  102   93                                   
    15.0-180.0 180.0   5.0 450.0                            LAT/LON1/LON2/DLON/H
   98   95   81   74   74   73   75   68   68   59   63   63   67   66   68   68
   72   77   91  112  131  153  165  180  190  204  215  233  248  276  301  327
  347  369  381  387  393  402  406  407  406  406  404  407  406  413  415  425
  429  439  444  445  433  412  382  358  336  323  306  287  268  246  227  205
  191  178  171  165  157  148  144  109   98                                   
    12.5-180.0 180.0   5.0 450.0                            LAT/LON1/LON2/DLON/H
  102  105   95   86   80   79   81   78   73   64   64   64   69   69   69   69
   71   80   93  116  135  157  169  187  199  214  227  246  266  289  316  336
  364  375  395  395  410  414  423  423  429  429  433  432  434  436  437  442
  446  451  455  454  437  416  381  355  329  311  293  272  258  239  226  207
  194  182  175  165  160  149  142  115  102                                   
    10.0-180.0 180.0   5.0 450.0                            LAT/LON1/LON2/DLON/H
  106  102   91   84   84   83   84   82   80   69   69   67   72   71   70   68
   73   80   99  121  140  166  177  197  210  228  243  266  284  310  330  349
  367  381  396  400  414  422  432  440  445  450  450  453  452  453  452  454
  452  453  452  446  428  404  371  345  316  294  274  255  243  228  215  203
  190  177  171  161  153  146  144  117  106                                   
     7.5-180.0 180.0   5.0 450.0                            LAT/LON1/LON2/DLON/H
  106  102   92   86   83   84   86   85   81   73   72   71   75   78   77   74
   79   87  108  128  153  174  190  210  225  244  263  283  308  327  346  360
