data/unet/pred2050.15i
     1.0            IONOSPHERE MAPS     GNSS                IONEX VERSION / TYPE
pyspatialgeodesy        IME             05-JAN-18 20:20     PGM / RUN BY / DATE 
Map Name                                                    COMMENT             
Predicted global ionosphere maps (GIM).                     DESCRIPTION         
  2015     7    24     0     0     0                        EPOCH OF FIRST MAP  
  2015     7    25     0     0     0                        EPOCH OF LAST MAP   
  7200                                                      INTERVAL            
    13                                                      # OF MAPS IN FILE   
  NONE                                                      MAPPING FUNCTION    
10.0                                                        ELEVATION CUTOFF    
One-way carrier phase leveled to code                       OBSERVABLES USED    
  6371.0                                                    BASE RADIUS         
 2                                                          MAP DIMENSION       
   450.0 450.0   0.0                                        HGT1 / HGT2 / DHGT  
    87.5 -87.5  -2.5                                        LAT1 / LAT2 / DLAT  
  -180.0 180.0   5.0                                        LON1 / LON2 / DLON  
    -1                                                      EXPONENT            
                                                            END OF HEADER       
[from data line 429]
     2                                                      START OF TEC MAP    
  2015     7    24     2     0     0                        EPOCH OF CURRENT MAP
    87.5-180.0 180.0   5.0 450.0                            LAT/LON1/LON2/DLON/H
  135  135  129  123  126  121  124  122  125  122  123  120  123  119  121  117
  121  116  118  114  117  112  113  108  111  106  108  103  107  101  104   98
  102   96  101   95  100   94   98   93   98   93   98   93   99   94   99   95
  101   97  103   99  106  102  107  103  109  105  110  107  112  109  114  111
  116  114  120  118  125  119  121  134  135                                   
    85.0-180.0 180.0   5.0 450.0                            LAT/LON1/LON2/DLON/H
  133  147  132  132  133  130  133  131  133  132  132  130  131  129  129  127
  128  126  125  123  123  120  118  116  115  112  110  108  106  104  103  101
  100   98   98   97   96   95   95   95   95   95   96   96   97   97   99   99
  102  101  104  104  107  106  108  108  110  110  112  111  114  113  116  115
  118  117  123  122  126  121  123  126  133                                   
    82.5-180.0 180.0   5.0 450.0                            LAT/LON1/LON2/DLON/H
  134  144  138  143  138  141  139  144  142  143  140  143  140  141  136  138
  134  135  130  131  127  126  120  121  116  115  109  110  105  105  100  101
   97   98   94   97   93   96   92   96   93   97   94  100   97  102  100  106
  104  109  107  112  111  114  112  116  114  117  115  119  117  121  118  123
  120  125  125  131  129  126  128  124  134                                   
    80.0-180.0 180.0   5.0 450.0                            LAT/LON1/LON2/DLON/H
  132  137  139  140  144  142  147  146  150  147  150  147  150  146  146  143
  144  139  139  134  134  127  126  120  118  112  110  106  104   99   98   96
   96   94   94   94   95   93   95   95   97   95   98   99  102  102  105  106
  110  110  113  113  117  116  118  118  121  119  121  120  122  120  122  121
  123  123  127  126  128  121  125  117  132                                   
    77.5-180.0 180.0   5.0 450.0                            LAT/LON1/LON2/DLON/H
  133  140  138  144  142  146  148  151  150  151  150  151  149  149  146  146
  142  141  137  137  131  129  123  122  114  112  106  106  100  100   96   98
   94   97   95   99   96   99   97  102   99  103  103  107  106  110  110  114
  114  117  118  122  122  124  123  125  124  125  123  125  122  123  122  124
  121  124  124  126  121  122  123  118  133                                   
    75.0-180.0 180.0   5.0 450.0                            LAT/LON1/LON2/DLON/H
  128  131  133  136  139  139  143  144  145  145  145  144  143  141  140  138
  136  133  131  128  125  121  118  114  108  105  100   98   94   93   92   93
   93   94   95   97   97   98   99  100  101  101  103  104  106  108  110  112
  114  116  119  121  123  123  125  125  125  124  125  123  123  121  122  121
  121  121  124  123  121  119  124  114  128                                   
    72.5-180.0 180.0   5.0 450.0                            LAT/LON1/LON2/DLON/H
  127  129  131  134  134  137  139  141  142  141  141  140  138  136  134  132
  130  128  126  124  122  118  116  111  106  101   98   94   92   91   92   92
   94   95   99   99  100  100  102  101  102  102  105  105  109  109  114  114
  119  119  124  124  127  127  129  128  129  127  128  125  125  123  124  122
  122  121  124  122  119  117  120  114  127                                   
    70.0-180.0 180.0   5.0 450.0                            LAT/LON1/LON2/DLON/H
  121  125  125  128  131  132  134  137  136  137  135  136  133  132  128  128
  124  123  120  120  116  115  109  107  100   96   90   90   86   87   87   91
   92   96   97  100   98  100   99   99   99  100  102  105  106  111  112  117
  118  122  123  126  127  128  129  130  130  129  129  128  127  126  125  124
  123  123  124  124  121  118  121  112  121                                   
    67.5-180.0 180.0   5.0 450.0                            LAT/LON1/LON2/DLON/H
  122  125  124  127  127  129  132  133  135  134  134  132  131  128  126  124
  122  119  118  116  114  111  107  103   97   92   87   85   83   83   85   88
   91   93   96   97   96   95   95   94   94   95  100  101  107  109  116  117
  122  122  126  125  128  128  131  130  132  130  133  130  131  128  129  127
  128  126  129  126  124  120  121  112  122                                   
    65.0-180.0 180.0   5.0 450.0                            LAT/LON1/LON2/DLON/H
  121  125  123  125  128  128  129  131  131  131  130  131  129  128  125  123
  120  119  116  115  112  110  105  101   95   90   84   82   80   81   82   85
   88   91   91   92   89   89   87   87   87   90   94  100  103  112  114  120
  120  123  123  126  125  128  129  131  133  134  135  135  135  133  133  132
  131  131  133  132  129  125  126  115  121                                   
    62.5-180.0 180.0   5.0 450.0                            LAT/LON1/LON2/DLON/H
  125  128  125  127  126  126  127  127  129  128  129  128  129  127  125  123
  121  118  116  114  111  108  103   99   92   88   82   79   76   77   78   80
   83   84   84   83   80   78   76   76   78   81   89   94  103  108  114  117
  120  120  122  122  124  125  129  130  135  135  138  137  138  135  136  134
  134  133  136  133  131  129  129  117  125                                   
    60.0-180.0 180.0   5.0 450.0                            LAT/LON1/LON2/DLON/H
  126  132  128  129  130  127  127  126  126  126  125  128  128  129  126  125
  122  120  116  114  111  108  103   99   93   87   82   79   76   76   75   77
   78   79   76   76   72   71   68   70   73   79   85   96  103  113  116  122
  121  124  121  123  122  127  128  133  137  139  141  142  141  139  138  137
  136  137  137  138  134  132  133  123  126                                   
    57.5-180.0 180.0   5.0 450.0                            LAT/LON1/LON2/DLON/H
  134  137  133  136  133  129  128  125  126  124  126  126  130  129  130  127
  126  122  120  117  114  110  106  101   96   90   85   81   78   76   75   74
   74   72   70   68   64   62   63   64   70   76   87   95  105  112  118  121
  124  123  125  124  127  129  136  138  144  143  148  145  146  141  142  139
  140  139  143  140  139  137  139  125  134                                   
    55.0-180.0 180.0   5.0 450.0                            LAT/LON1/LON2/DLON/H
  137  145  139  141  140  135  132  128  126  125  124  127  128  130  130  130
  128  126  123  120  117  113  108  104   99   95   90   86   81   79   75   74
   70   69   64   65   61   63   63   68   73   82   91  102  109  120  120  130
  125  131  127  131  130  136  140  144  148  149  151  149  146  144  142  142
  140  142  143  144  140  142  143  134  137                                   
    52.5-180.0 180.0   5.0 450.0                            LAT/LON1/LON2/DLON/H
  148  151  149  152  150  142  139  133  131  127  128  127  130  130  133  132
  132  130  128  125  123  118  115  110  107  103   99   94   90   84   80   75
   71   67   63   62   62   63   67   71   78   85   94  102  112  120  125  129
  132  132  135  134  140  143  152  151  158  154  157  151  149  145  144  141
  142  142  146  144  143  147  150  138  148                                   
    50.0-180.0 180.0   5.0 450.0                            LAT/LON1/LON2/DLON/H
  153  161  157  160  158  151  146  140  137  132  129  129  130  131  132  133
  135  133  133  129  128  123  119  115  113  109  105  101   95   90   82   78
   72   70   65   67   68   74   78   84   90   96  102  110  118  126  130  139
  136  144  141  147  150  156  159  161  163  160  159  155  150  147  144  144
  144  146  147  149  146  152  155  148  153                                   
    47.5-180.0 180.0   5.0 450.0                            LAT/LON1/LON2/DLON/H
  164  169  170  173  169  161  158  151  146  139  136  133  134  134  136  137
  139  139  139  136  134  129  127  122  122  117  116  109  104   95   90   83
   78   73   72   73   77   82   88   93   97  101  104  110  118  126  134  140
  145  147  151  153  161  165  174  169  172  164  164  157  153  147  146  144
  146  146  151  151  152  157  162  151  164                                   
    45.0-180.0 180.0   5.0 450.0                            LAT/LON1/LON2/DLON/H
  170  179  178  178  177  170  167  159  155  147  143  138  139  137  140  139
  143  142  144  139  138  132  130  126  125  123  120  115  107  101   93   89
   83   83   80   85   88   95  100  105  109  109  112  114  122  129  139  147
  149  158  157  166  167  176  179  177  174  167  164  158  152  149  147  147
  149  152  156  158  157  165  170  163  170                                   
    42.5-180.0 180.0   5.0 450.0                            LAT/LON1/LON2/DLON/H
  179  184  186  187  183  178  176  171  166  159  154  149  147  146  146  148
  150  150  149  146  143  136  133  128  129  126  125  118  113  104   99   94
   91   90   90   92   96  102  105  109  110  110  109  112  119  127  137  145
  153  159  164  168  175  179  185  179  178  169  167  159  156  151  151  150
  154  156  161  163  162  171  177  170  179                                   
    40.0-180.0 180.0   5.0 450.0                            LAT/LON1/LON2/DLON/H
  187  194  192  192  191  187  185  181  177  170  165  158  158  153  156  152
  157  154  155  148  146  137  134  129  129  127  125  121  113  108  102  102
   99  101  100  104  107  111  114  116  118  115  116  115  122  128  140  149
  158  166  167  176  176  186  185  184  179  172  167  162  156  155  154  157
  162  166  171  173  172  180  187  181  187                                   
    37.5-180.0 180.0   5.0 450.0                            LAT/LON1/LON2/DLON/H
  200  204  204  203  198  195  194  191  188  183  178  174  171  169  167  166
  165  164  160  154  148  140  135  130  129  127  127  120  117  110  109  107
  109  109  110  111  113  115  116  117  116  115  114  114  120  126  138  147
  157  165  169  173  181  184  189  184  183  174  173  165  164  159  163  163
  170  173  180  181  181  192  199  193  200                                   
    35.0-180.0 180.0   5.0 450.0                            LAT/LON1/LON2/DLON/H
  215  217  216  214  211  208  207  204  201  197  192  186  185  180  180  173
  174  167  164  155  150  141  136  130  130  128  128  122  117  114  112  114
  114  118  117  118  117  119  119  119  121  119  119  118  122  127  137  146
  156  166  167  175  176  185  185  187  181  180  174  173  168  167  167  172
  177  184  189  191  192  202  213  211  215                                   
    32.5-180.0 180.0   5.0 450.0                            LAT/LON1/LON2/DLON/H
  236  237  234  233  228  225  223  219  217  212  208  203  201  197  193  187
  182  175  166  158  150  143  137  134  133  132  130  124  121  117  118  119
  123  123  123  120  119  118  117  118  117  117  114  114  116  120  129  136
  147  154  161  166  174  179  185  185  186  182  183  177  178  174  178  179
  188  192  200  202  203  217  229  230  236                                   
    30.0-180.0 180.0   5.0 450.0                            LAT/LON1/LON2/DLON/H
  260  260  258  255  251  247  245  239  236  231  225  220  218  212  207  196
  190  177  168  158  153  145  143  139  140  137  135  128  124  119  119  122
  123  126  122  122  117  117  115  117  118  118  118  116  116  117  123  130
  137  148  149  162  166  178  181  188  186  191  187  190  183  186  186  192
  198  208  213  219  219  235  248  254  260                                   
    27.5-180.0 180.0   5.0 450.0                            LAT/LON1/LON2/DLON/H
  284  290  288  286  282  276  272  264  260  251  246  240  238  232  225  212
  200  186  171  162  154  150  147  146  146  144  140  133  128  123  124  124
  125  123  122  117  115  110  109  109  111  111  110  108  107  106  110  114
  124  130  138  146  159  170  180  185  191  194  197  195  194  192  196  199
  210  218  230  234  240  254  268  276  284                                   
    25.0-180.0 180.0   5.0 450.0                            LAT/LON1/LON2/DLON/H
  307  314  314  316  314  308  304  294  288  276  268  259  257  248  239  222
  208  190  174  164  159  155  156  153  155  148  144  134  128  121  119  118
  115  117  110  110  103  104  101  102  103  104  104  102   99   98   99  104
  109  122  126  141  150  169  179  193  196  204  206  209  203  208  206  216
  222  237  244  255  256  278  290  303  307                                   
    22.5-180.0 180.0   5.0 450.0                            LAT/LON1/LON2/DLON/H
  324  335  338  345  346  343  338  328  317  304  291  283  277  267  256  238
  220  200  183  172  167  165  163  163  159  154  145  135  127  119  114  109
  107  103  100   96   94   91   92   90   93   92   93   91   89   85   86   88
   96  105  117  128  145  160  179  191  203  208  214  213  213  213  217  224
  237  248  262  266  274  291  307  319  324                                   
    20.0-180.0 180.0   5.0 450.0                            LAT/LON1/LON2/DLON/H
  340  350  359  366  373  374  374  364  352  335  321  308  298  284  270  248
  229  208  191  179  175  172  172  166  164  151  143  130  121  111  101   96
   88   88   80   82   77   79   77   79   80   80   81   80   79   76   76   81
   86  101  111  129  143  165  182  202  212  221  226  228  227  229  231  243
  253  270  280  290  290  315  324  337  340                                   
    17.5-180.0 180.0   5.0 450.0                            LAT/LON1/LON2/DLON/H
  348  358  367  378  390  395  398  394  382  369  349  336  318  305  282  262
  239  218  202  190  186  182  179  173  163  151  138  126  116  103   92   82
   75   71   67   65   66   64   68   65   69   67   70   69   68   66   67   71
   81   94  111  124  144  162  187  201  221  229  239  240  241  241  249  258
  273  285  300  303  306  323  336  345  348                                   
    15.0-180.0 180.0   5.0 450.0                            LAT/LON1/LON2/DLON/H
  353  360  371  380  394  403  408  409  403  394  379  362  344  324  298  272
  249  227  211  199  193  187  184  171  162  143  131  117  106   94   79   72
   59   59   52   54   51   54   55   57   59   60   63   63   65   64   65   70
   80   98  112  132  147  173  192  214  228  244  254  259  259  264  270  281
  294  309  320  324  319  342  347  356  353                                   
    12.5-180.0 180.0   5.0 450.0                            LAT/LON1/LON2/DLON/H
  354  360  366  374  385  393  403  406  406  403  392  379  361  340  310  284
  258  236  220  208  201  192  185  172  156  139  124  113  101   90   77   66
   56   51   46   43   44   43   48   48   52   52   57   58   60   61   62   67
   78   96  116  132  154  172  198  214  238  250  264  269  277  280  291  298
  314  323  334  332  333  347  357  362  354                                   
    10.0-180.0 180.0   5.0 450.0                            LAT/LON1/LON2/DLON/H
  356  358  362  364  370  377  386  394  399  402  396  387  369  349  319  292
  266  243  226  211  202  191  181  164  148  129  116  104   93   86   74   65
   53   50   43   42   40   42   45   47   52   52   58   59   65   64   66   69
   81   99  120  142  158  183  203  226  244  263  277  287  297  303  313  320
  330  339  345  344  340  359  363  367  356                                   
     7.5-180.0 180.0   5.0 450.0                            LAT/LON1/LON2/DLON/H
  358  360  359  359  358  361  369  375  383  387  386  379  365  346  320  295
  266  246  228  213  200  187  174  158  139  124  110  102   95   89   80   69
