data/unet/pred2250.15i
     1.0            IONOSPHERE MAPS     GNSS                IONEX VERSION / TYPE
pyspatialgeodesy        IME             05-JAN-18 20:20     PGM / RUN BY / DATE 
Map Name                                                    COMMENT             
Predicted global ionosphere maps (GIM).                     DESCRIPTION         
  2015     8    13     0     0     0                        EPOCH OF FIRST MAP  
  2015     8    14     0     0     0                        EPOCH OF LAST MAP   
  7200                                                      INTERVAL            
    13                                                      # OF MAPS IN FILE   
  NONE                                                      MAPPING FUNCTION    
10.0                                                        ELEVATION CUTOFF    
One-way carrier phase leveled to code                       OBSERVABLES USED    
  6371.0                                                    BASE RADIUS         
 2                                                          MAP DIMENSION       
   450.0 450.0   0.0                                        HGT1 / HGT2 / DHGT  
    87.5 -87.5  -2.5                                        LAT1 / LAT2 / DLAT  
  -180.0 180.0   5.0                                        LON1 / LON2 / DLON  
    -1                                                      EXPONENT            
                                                            END OF HEADER       
[from data line 858]
     3                                                      START OF TEC MAP    
  2015     8    13     4     0     0                        EPOCH OF CURRENT MAP
    87.5-180.0 180.0   5.0 450.0                            LAT/LON1/LON2/DLON/H
  131  136  119  118  120  119  119  120  123  122  124  123  126  125  126  125
  127  126  127  125  127  124  126  123  125  122  124  120  122  118  120  116
  118  115  117  113  116  112  114  111  114  112  113  111  114  112  114  112
  115  113  115  114  117  116  117  117  120  119  121  119  122  120  122  120
  122  120  122  121  124  118  134  141  131                                   
    85.0-180.0 180.0   5.0 450.0                            LAT/LON1/LON2/DLON/H
  141  138  120  126  127  127  126  130  130  133  130  134  132  135  132  135
  132  135  131  133  130  132  127  130  125  127  122  124  120  121  117  119
  116  117  114  115  112  113  111  112  111  112  110  112  111  113  112  114
  114  116  115  118  118  121  119  122  122  125  124  125  125  126  125  126
  125  126  125  126  126  123  130  136  141                                   
    82.5-180.0 180.0   5.0 450.0                            LAT/LON1/LON2/DLON/H
  124  119  113  124  119  124  121  129  126  132  129  134  131  134  132  134
  132  133  130  130  128  127  123  122  119  118  113  114  109  111  107  109
  104  107  103  106  102  105  101  104  102  105  102  106  104  108  105  110
  109  113  112  116  116  119  119  122  123  124  124  125  125  125  124  124
  122  122  121  122  122  119  128  124  124                                   
    80.0-180.0 180.0   5.0 450.0                            LAT/LON1/LON2/DLON/H
  127  126  123  129  130  131  132  135  136  137  137  139  138  139  138  139
  137  137  135  134  131  129  125  123  118  116  112  111  108  107  104  105
  103  104  103  105  103  105  103  105  104  105  104  107  107  110  111  114
  116  119  121  125  127  129  131  133  135  135  135  135  135  134  133  132
  130  129  128  128  126  119  126  124  127                                   
    77.5-180.0 180.0   5.0 450.0                            LAT/LON1/LON2/DLON/H
  129  126  123  130  129  130  131  134  134  134  134  135  135  134  134  134
  132  131  130  128  125  122  118  114  109  105  101   99   96   95   94   94
   94   94   95   97   97   98   98  100  100  101  102  104  106  110  113  117
  120  124  127  131  135  138  140  142  142  142  141  141  139  138  136  134
  132  130  130  127  127  120  128  123  129                                   
    75.0-180.0 180.0   5.0 450.0                            LAT/LON1/LON2/DLON/H
  124  125  120  123  125  124  126  126  126  126  126  125  124  124  123  123
  121  121  120  118  115  112  108  103  100   94   92   87   86   84   85   84
   86   86   89   90   92   93   94   95   96   97   99  101  104  109  113  117
  121  126  131  135  139  142  145  145  146  145  144  142  140  139  136  134
  131  129  128  127  126  118  127  126  124                                   
    72.5-180.0 180.0   5.0 450.0                            LAT/LON1/LON2/DLON/H
  130  124  120  125  123  121  121  120  119  118  116  115  113  112  112  112
  111  112  111  110  107  104  100   95   91   86   83   79   78   76   77   77
   79   81   84   85   87   88   90   90   91   93   96  100  104  110  115  121
  127  132  137  140  144  146  148  147  147  146  145  143  141  139  136  133
  131  128  128  126  126  122  130  126  130                                   
    70.0-180.0 180.0   5.0 450.0                            LAT/LON1/LON2/DLON/H
  126  128  122  125  123  120  119  117  115  112  111  109  108  105  106  104
  105  104  105  103  102   99   96   90   86   80   78   73   73   71   73   73
   76   77   81   81   85   85   87   88   90   93   97  102  109  117  123  131
  135  141  142  146  147  149  147  147  145  145  142  142  138  138  134  133
  130  130  128  129  129  123  132  131  126                                   
    67.5-180.0 180.0   5.0 450.0                            LAT/LON1/LON2/DLON/H
  135  129  126  128  123  120  117  115  112  110  108  106  104  102  101  100
  100  100  100   99   98   95   91   86   81   76   73   69   68   67   68   69
   71   72   75   77   79   79   81   82   86   90   97  106  115  125  132  139
  143  146  149  148  149  147  145  142  141  138  137  136  134  133  131  130
  129  129  129  129  131  128  135  132  135                                   
    65.0-180.0 180.0   5.0 450.0                            LAT/LON1/LON2/DLON/H
  135  135  130  130  124  121  118  115  113  110  109  105  104  100   99   96
   97   95   96   93   93   89   87   81   77   72   70   66   65   64   65   65
   67   66   69   68   71   70   75   77   84   89  100  112  124  134  141  147
  149  152  151  150  148  145  141  138  135  133  131  132  130  131  129  130
  128  130  130  133  133  129  138  139  135                                   
    62.5-180.0 180.0   5.0 450.0                            LAT/LON1/LON2/DLON/H
  145  136  133  132  125  120  116  116  113  112  109  107  103  101   97   95
   92   91   89   88   86   83   79   75   71   67   65   63   62   61   62   60
   61   59   60   59   62   63   68   72   81   91  105  120  132  143  149  153
  156  155  155  152  150  144  139  134  131  128  127  127  128  128  127  128
  127  128  129  131  133  133  140  139  145                                   
    60.0-180.0 180.0   5.0 450.0                            LAT/LON1/LON2/DLON/H
  147  141  135  135  127  122  117  117  114  113  111  107  106  100   98   93
   91   86   85   81   80   76   74   69   67   63   63   60   61   58   59   56
   57   53   54   52   57   57   64   70   83   96  113  128  142  151  156  161
  161  161  158  155  152  146  140  136  131  130  127  129  128  130  129  130
  128  130  130  133  134  133  142  145  147                                   
    57.5-180.0 180.0   5.0 450.0                            LAT/LON1/LON2/DLON/H
  154  143  142  140  132  126  121  119  116  116  112  111  107  103   98   93
   88   83   79   75   72   69   66   62   61   60   60   60   60   58   57   53
   52   49   49   48   52   55   63   72   86  104  121  138  151  159  165  169
  170  169  168  165  161  155  150  143  140  135  134  133  133  133  132  132
  130  130  131  133  135  137  144  142  154                                   
    55.0-180.0 180.0   5.0 450.0                            LAT/LON1/LON2/DLON/H
  158  150  147  147  139  133  127  125  120  119  115  112  110  104  100   92
   88   81   78   71   69   64   62   58   60   59   62   61   63   59   59   53
   53   49   51   48   55   56   67   75   93  111  131  146  158  167  172  177
  178  178  176  173  170  165  159  153  149  146  142  142  140  140  138  137
  134  134  134  136  137  136  146  151  158                                   
    52.5-180.0 180.0   5.0 450.0                            LAT/LON1/LON2/DLON/H
  162  154  159  158  151  145  139  135  127  124  118  117  111  108  101   95
   88   82   76   71   67   63   60   59   60   61   63   65   64   63   59   56
   54   52   53   54   59   64   73   85  101  121  139  155  165  174  180  185
  188  189  187  185  183  178  173  167  163  158  153  150  148  147  144  142
  139  138  137  139  140  143  150  152  162                                   
    50.0-180.0 180.0   5.0 450.0                            LAT/LON1/LON2/DLON/H
  169  166  169  171  167  161  155  149  139  134  124  120  115  109  104   95
   91   83   80   74   72   67   66   63   67   66   71   69   72   67   67   61
   61   58   62   61   68   72   82   93  109  129  147  162  171  182  189  196
  200  202  200  199  196  193  187  181  176  171  164  161  158  156  153  151
  147  145  145  146  148  147  157  163  169                                   
    47.5-180.0 180.0   5.0 450.0                            LAT/LON1/LON2/DLON/H
  174  176  184  186  183  179  173  166  155  147  134  127  119  114  106  101
   94   89   85   81   79   77   74   75   75   77   77   78   77   77   74   71
   69   68   71   73   78   83   92  104  117  138  153  167  177  189  197  206
  211  215  215  214  210  206  200  194  188  181  174  170  165  163  159  157
  153  152  151  153  156  158  164  167  174                                   
    45.0-180.0 180.0   5.0 450.0                            LAT/LON1/LON2/DLON/H
  185  191  195  199  200  197  190  183  171  159  145  134  125  117  111  103
   99   94   93   89   90   88   88   87   89   87   89   86   88   84   85   81
   83   82   86   87   91   96  102  112  124  142  157  170  180  193  202  213
  220  226  226  225  221  217  210  203  197  190  181  176  171  169  166  164
  162  161  162  163  166  166  173  180  185                                   
    42.5-180.0 180.0   5.0 450.0                            LAT/LON1/LON2/DLON/H
  193  199  207  208  210  209  203  197  183  172  156  144  133  124  115  110
  104  102  100  100   99  100   99  101  101  101  100   98   96   95   94   93
   94   95   99  100  103  105  111  119  130  147  161  173  184  197  208  220
  229  234  235  234  231  225  218  209  203  195  188  182  176  173  169  167
  165  167  169  173  179  182  185  188  193                                   
    40.0-180.0 180.0   5.0 450.0                            LAT/LON1/LON2/DLON/H
  205  210  213  215  217  217  212  206  193  181  167  154  144  132  123  115
  111  107  108  107  109  109  111  112  114  112  113  109  109  106  108  105
  109  108  113  114  115  116  118  127  134  149  161  176  184  201  211  226
  235  242  245  244  242  236  229  221  214  207  199  192  186  182  177  175
  176  179  183  189  194  194  197  202  205                                   
    37.5-180.0 180.0   5.0 450.0                            LAT/LON1/LON2/DLON/H
  217  219  222  219  217  217  212  208  196  188  175  167  155  144  133  124
  118  116  115  115  116  118  120  123  125  125  123  121  119  118  117  117
  118  119  120  121  121  121  122  128  136  147  161  173  187  202  215  231
  241  249  252  254  253  250  243  235  228  220  213  206  200  194  187  185
  184  187  193  198  207  209  209  212  217                                   
    35.0-180.0 180.0   5.0 450.0                            LAT/LON1/LON2/DLON/H
  233  232  229  222  219  215  211  205  199  191  184  176  168  156  144  132
  125  120  119  116  119  120  125  128  133  133  134  130  131  130  131  128
  130  127  129  127  127  126  126  132  139  150  160  176  186  204  216  232
  242  251  255  258  261  259  258  252  247  239  233  227  220  212  204  199
  197  201  208  215  222  223  222  228  233                                   
    32.5-180.0 180.0   5.0 450.0                            LAT/LON1/LON2/DLON/H
  254  245  242  230  220  215  208  205  197  194  187  186  177  169  155  142
  131  125  121  120  120  123  128  135  140  144  144  142  141  141  140  138
  136  132  132  128  127  125  126  130  138  148  161  172  185  201  215  230
  241  249  255  260  266  269  272  269  268  262  259  251  244  232  222  214
  211  212  220  226  238  243  243  248  254                                   
    30.0-180.0 180.0   5.0 450.0                            LAT/LON1/LON2/DLON/H
  277  266  261  246  233  223  215  208  201  197  195  192  189  178  166  149
  137  127  123  118  120  122  130  137  147  151  154  151  152  149  149  144
  141  134  132  127  126  124  125  128  137  146  157  169  180  195  208  224
  233  243  250  258  267  274  283  283  287  284  285  279  273  261  248  237
  231  232  238  245  253  256  261  270  277                                   
    27.5-180.0 180.0   5.0 450.0                            LAT/LON1/LON2/DLON/H
  302  295  288  268  250  241  228  220  210  208  202  202  194  187  171  155
  141  131  124  120  121  125  134  145  155  162  164  163  160  157  153  147
  141  132  129  123  121  119  120  123  130  138  149  160  172  184  200  212
  225  233  244  255  270  281  293  299  304  305  307  304  298  285  271  258
  250  248  255  259  267  275  280  292  302                                   
    25.0-180.0 180.0   5.0 450.0                            LAT/LON1/LON2/DLON/H
  326  327  318  300  281  269  253  241  227  220  212  208  202  190  176  158
  145  133  128  123  126  130  140  151  164  169  174  168  165  158  154  144
  135  127  121  117  114  111  110  110  119  125  138  149  163  177  191  204
  214  224  235  253  273  291  307  315  322  324  325  321  318  308  295  282
  275  271  274  278  282  292  302  316  326                                   
    22.5-180.0 180.0   5.0 450.0                            LAT/LON1/LON2/DLON/H
  346  352  350  338  319  302  283  269  249  237  224  218  206  194  177  160
  147  137  132  129  132  139  150  163  173  179  178  172  164  156  147  135
  127  117  112  105  104  100   98   99  105  112  126  138  158  171  189  196
  211  219  239  258  283  304  321  331  338  340  340  337  334  326  317  305
  297  292  295  293  298  308  323  341  346                                   
    20.0-180.0 180.0   5.0 450.0                            LAT/LON1/LON2/DLON/H
  360  372  376  371  360  345  323  305  280  261  241  228  214  198  180  163
  152  144  141  139  145  149  161  171  181  183  182  170  160  148  137  126
  116  107  101   97   91   88   83   85   91   97  113  127  150  167  184  197
  210  224  242  268  295  319  338  349  354  356  355  354  351  346  337  328
  321  316  320  317  315  324  341  357  360                                   
    17.5-180.0 180.0   5.0 450.0                            LAT/LON1/LON2/DLON/H
  371  386  396  399  392  385  366  339  311  281  253  236  216  201  181  166
  156  150  148  149  154  162  171  180  184  185  177  163  150  136  125  114
  104   94   90   83   81   77   76   76   80   87  103  120  146  165  186  198
  216  231  255  281  308  333  350  362  366  368  367  369  368  365  359  353
  346  343  347  337  334  343  356  374  371                                   
    15.0-180.0 180.0   5.0 450.0                            LAT/LON1/LON2/DLON/H
  380  392  409  414  413  410  397  373  342  305  271  246  226  206  187  172
  164  159  159  159  168  171  179  183  185  180  169  152  138  125  114  103
   93   84   77   75   71   70   67   66   71   76   95  115  143  165  187  202
  221  242  265  295  320  344  362  373  378  381  381  386  387  386  381  376
  371  369  373  363  354  361  374  387  380                                   
    12.5-180.0 180.0   5.0 450.0                            LAT/LON1/LON2/DLON/H
  384  394  409  415  418  418  409  387  355  312  279  250  227  209  191  181
  174  170  170  172  177  181  182  183  179  170  156  139  125  112  104   94
   85   74   71   66   66   62   63   61   66   71   93  115  145  168  190  208
  231  254  279  307  330  355  372  383  390  394  396  402  404  404  399  397
  394  395  399  385  378  386  390  403  384                                   
    10.0-180.0 180.0   5.0 450.0                            LAT/LON1/LON2/DLON/H
  389  395  408  412  415  416  406  387  353  317  280  253  231  213  201  190
  187  183  184  183  186  184  182  177  168  156  142  127  115  104   97   89
   79   71   66   65   62   60   61   59   65   70   92  114  147  169  191  210
  236  260  284  311  335  359  378  391  402  409  413  418  422  419  415  412
  410  412  419  406  395  402  411  416  389                                   
     7.5-180.0 180.0   5.0 450.0                            LAT/LON1/LON2/DLON/H
  394  399  409  407  409  407  397  374  344  308  278  251  232  216  205  201
  198  195  194  192  190  184  176  167  156  143  130  117  108  100   95   87
