data/unet/pred0740.15i
     1.0            IONOSPHERE MAPS     GNSS                IONEX VERSION / TYPE
pyspatialgeodesy        IME             05-JAN-18 20:20     PGM / RUN BY / DATE 
Map Name                                                    COMMENT             
Predicted global ionosphere maps (GIM).                     DESCRIPTION         
  2015     3    15     0     0     0                        EPOCH OF FIRST MAP  
  2015     3    16     0     0     0                        EPOCH OF LAST MAP   
  7200                                                      INTERVAL            
    13                                                      # OF MAPS IN FILE   
  NONE                                                      MAPPING FUNCTION    
10.0                                                        ELEVATION CUTOFF    
One-way carrier phase leveled to code                       OBSERVABLES USED    
  6371.0                                                    BASE RADIUS         
 2                                                          MAP DIMENSION       
   450.0 450.0   0.0                                        HGT1 / HGT2 / DHGT  
    87.5 -87.5  -2.5                                        LAT1 / LAT2 / DLAT  
  -180.0 180.0   5.0                                        LON1 / LON2 / DLON  
    -1                                                      EXPONENT            
                                                            END OF HEADER       
[from data line 858]
     3                                                      START OF TEC MAP    
  2015     3    15     4     0     0                        EPOCH OF CURRENT MAP
    87.5-180.0 180.0   5.0 450.0                            LAT/LON1/LON2/DLON/H
  157  164  157  159  159  159  159  162  163  165  164  166  165  167  166  168
  166  168  167  168  165  166  164  164  161  160  157  156  153  152  150  148
  147  145  146  144  146  144  146  145  148  148  150  151  152  154  155  156
  156  158  158  161  160  164  162  167  165  169  166  170  167  171  168  171
  167  170  166  171  169  167  167  182  157                                   
    85.0-180.0 180.0   5.0 450.0                            LAT/LON1/LON2/DLON/H
  172  168  164  171  167  166  164  166  165  167  166  168  168  170  171  172
  171  172  171  171  169  168  166  164  160  158  155  152  148  146  143  141
  139  139  138  138  137  138  138  138  139  141  142  144  146  148  150  152
  154  158  160  164  166  170  173  177  179  183  184  188  187  191  189  192
  188  190  187  191  188  182  178  182  172                                   
    82.5-180.0 180.0   5.0 450.0                            LAT/LON1/LON2/DLON/H
  166  165  168  171  161  156  154  155  155  156  159  161  165  166  171  171
  174  172  175  172  172  169  166  162  157  152  147  142  137  132  129  126
  124  123  122  123  122  123  124  124  127  126  131  131  135  135  142  143
  149  152  159  165  170  176  182  188  192  199  201  206  207  210  209  211
  207  208  204  204  199  190  188  180  166                                   
    80.0-180.0 180.0   5.0 450.0                            LAT/LON1/LON2/DLON/H
  178  176  176  169  156  150  144  144  142  145  147  152  155  160  163  168
  169  171  171  172  168  167  162  159  150  145  137  132  126  123  119  117
  115  114  115  115  116  117  119  121  123  124  127  129  133  135  140  144
  150  154  161  170  177  186  194  200  208  212  219  221  226  226  228  227
  227  224  222  218  213  200  199  189  178                                   
    77.5-180.0 180.0   5.0 450.0                            LAT/LON1/LON2/DLON/H
  189  186  182  172  155  145  139  135  134  134  138  141  146  150  154  158
  161  162  163  163  159  157  152  147  138  131  124  118  112  107  104  101
  100  100  101  102  103  106  108  111  112  115  118  123  126  132  137  144
  151  158  167  176  187  196  207  215  224  229  237  240  246  246  250  248
  248  243  241  235  232  218  215  204  189                                   
    75.0-180.0 180.0   5.0 450.0                            LAT/LON1/LON2/DLON/H
  202  200  195  179  160  146  135  127  123  123  123  126  128  131  133  136
  139  141  141  141  138  137  132  128  121  115  110  103   98   93   91   87
   87   87   89   90   93   94   98  100  103  105  109  112  117  122  129  138
  145  154  163  176  187  201  213  223  233  241  250  255  261  262  265  264
  264  261  259  252  249  234  228  218  202                                   
    72.5-180.0 180.0   5.0 450.0                            LAT/LON1/LON2/DLON/H
  224  217  212  194  170  154  138  127  120  118  116  117  116  116  116  117
  116  117  116  117  117  117  114  112  107  103   98   93   88   84   81   79
   78   79   81   83   84   86   88   90   91   94   97  101  105  112  122  133
  142  151  163  175  189  203  216  228  238  249  257  265  270  272  273  274
  274  271  270  265  263  253  247  238  224                                   
    70.0-180.0 180.0   5.0 450.0                            LAT/LON1/LON2/DLON/H
  241  236  230  210  188  168  149  136  124  119  115  112  109  105  102   98
   97   95   96   97   99   99  101   99   98   93   90   85   83   78   78   75
   76   75   77   78   78   77   78   78   80   80   85   89   97  105  118  130
  141  153  165  180  193  208  220  231  242  250  258  265  270  273  274  277
  278  277  276  274  271  263  259  248  241                                   
    67.5-180.0 180.0   5.0 450.0                            LAT/LON1/LON2/DLON/H
  258  250  246  225  200  182  160  148  133  126  117  113  105   98   89   83
   79   77   77   80   83   86   89   91   90   89   86   84   80   79   77   77
   75   75   74   73   71   69   69   68   70   70   76   81   89  103  117  131
  144  156  171  184  199  211  224  234  243  251  256  262  265  267  267  270
  273  275  276  274  273  270  264  260  258                                   
    65.0-180.0 180.0   5.0 450.0                            LAT/LON1/LON2/DLON/H
  263  258  257  237  216  195  173  162  145  138  125  119  109   98   89   79
   74   69   70   72   77   80   84   86   88   86   86   84   84   81   81   78
   77   73   71   68   65   62   61   58   60   61   68   74   87  103  118  134
  146  162  176  193  206  219  230  239  248  253  258  260  261  262  261  264
  264  268  269  271  269  267  265  258  263                                   
    62.5-180.0 180.0   5.0 450.0                            LAT/LON1/LON2/DLON/H
  267  259  258  239  218  200  180  170  154  147  134  125  114  102   89   80
   73   70   69   73   77   80   83   86   87   88   87   87   85   86   82   81
   76   72   68   64   60   57   54   52   54   57   65   74   89  109  124  142
  156  172  188  204  218  229  238  247  255  260  261  262  262  261  260  259
  258  258  260  260  260  261  260  261  267                                   
    60.0-180.0 180.0   5.0 450.0                            LAT/LON1/LON2/DLON/H
  264  258  255  240  222  203  184  175  159  153  138  131  118  106   96   85
   82   77   79   80   84   84   86   87   89   87   89   86   88   85   84   79
   76   68   65   61   58   53   52   49   53   55   65   73   94  114  130  148
  163  183  198  216  228  239  249  257  267  269  271  271  273  272  270  267
  263  262  259  258  255  255  258  255  264                                   
    57.5-180.0 180.0   5.0 450.0                            LAT/LON1/LON2/DLON/H
  265  254  253  238  217  199  183  172  158  152  138  131  120  111  101   95
   91   90   89   91   91   91   88   88   86   87   85   88   86   87   83   80
   73   67   64   60   58   56   55   54   57   61   70   82  103  124  140  159
  176  194  212  227  240  251  260  270  279  284  287  288  292  290  288  283
  276  269  264  257  255  255  256  259  265                                   
    55.0-180.0 180.0   5.0 450.0                            LAT/LON1/LON2/DLON/H
  270  261  254  240  220  202  186  175  158  151  137  131  121  113  107  103
  104  101  102  100   99   94   90   86   85   82   85   84   86   85   84   79
   74   66   66   63   64   62   64   62   67   69   80   91  112  132  148  167
  185  206  222  238  251  262  274  283  296  301  307  311  315  317  316  311
  302  293  284  275  269  265  266  262  270                                   
    52.5-180.0 180.0   5.0 450.0                            LAT/LON1/LON2/DLON/H
  282  271  266  253  229  211  193  179  161  149  134  127  119  115  111  111
  111  112  109  107  102   97   89   85   82   83   83   87   88   89   87   83
   77   71   71   70   73   74   77   77   80   83   92  105  125  144  160  180
  199  217  235  249  263  275  287  297  311  316  325  330  338  342  343  339
  331  320  309  297  290  283  274  275  282                                   
    50.0-180.0 180.0   5.0 450.0                            LAT/LON1/LON2/DLON/H
  301  294  286  272  248  230  208  192  170  155  137  128  120  115  114  114
  117  115  114  108  104   95   91   85   85   84   89   89   94   92   92   87
   84   78   79   81   87   88   91   89   92   93  103  116  135  152  170  189
  210  229  247  261  276  287  300  311  325  332  341  346  354  360  362  359
  354  345  334  320  311  297  291  282  301                                   
    47.5-180.0 180.0   5.0 450.0                            LAT/LON1/LON2/DLON/H
  318  311  308  296  273  254  229  208  185  164  143  131  121  118  115  115
  115  114  110  106  102   97   93   91   92   93   95   98  100  100   98   95
   91   87   90   93  100  102  105  103  104  105  116  128  147  164  183  202
  224  242  259  273  288  299  310  320  333  340  347  353  360  366  368  369
  363  356  346  332  322  309  294  292  318                                   
    45.0-180.0 180.0   5.0 450.0                            LAT/LON1/LON2/DLON/H
  327  324  320  313  296  282  256  233  206  183  159  142  131  124  121  117
  116  110  108  103  103  100  102  102  106  105  109  107  110  106  106  101
   99   95   99  104  112  114  114  110  110  111  123  135  154  174  194  214
  236  255  272  287  300  310  319  330  342  350  354  356  361  366  368  367
  363  357  350  337  325  310  304  297  327                                   
    42.5-180.0 180.0   5.0 450.0                            LAT/LON1/LON2/DLON/H
  329  323  324  323  311  300  277  253  224  200  173  156  141  134  128  123
  116  111  106  106  109  112  116  119  122  121  121  118  116  114  111  108
  105  101  105  110  116  120  118  116  115  117  129  141  161  182  204  226
  250  268  284  299  310  319  326  336  349  354  354  356  358  362  362  362
  356  352  344  332  323  311  303  304  329                                   
    40.0-180.0 180.0   5.0 450.0                            LAT/LON1/LON2/DLON/H
  325  319  316  316  311  304  286  265  237  212  187  169  156  147  140  131
  125  117  115  116  124  128  135  138  140  136  133  127  123  118  115  111
  110  108  111  115  121  124  121  119  117  119  133  148  170  193  217  241
  265  283  299  312  324  333  341  352  365  368  365  364  365  365  364  362
  359  353  349  338  329  315  311  306  325                                   
    37.5-180.0 180.0   5.0 450.0                            LAT/LON1/LON2/DLON/H
  329  318  311  310  304  300  284  265  239  215  191  177  167  161  153  146
  138  133  131  135  142  150  155  157  155  150  141  133  126  121  117  114
  111  110  111  115  120  125  122  122  119  121  136  153  177  199  227  250
  273  290  305  317  332  342  353  363  377  378  378  375  377  376  377  373
  371  368  367  356  348  334  320  317  329                                   
    35.0-180.0 180.0   5.0 450.0                            LAT/LON1/LON2/DLON/H
  344  323  313  306  299  295  281  259  236  213  195  182  177  171  167  158
  154  150  152  156  165  168  172  167  165  155  149  137  130  125  121  119
  116  114  113  115  118  123  122  123  121  124  139  159  185  208  236  257
  280  296  312  325  340  353  369  384  401  405  404  403  406  410  415  414
  415  414  413  404  394  379  357  349  344                                   
    32.5-180.0 180.0   5.0 450.0                            LAT/LON1/LON2/DLON/H
  383  356  329  314  302  294  277  257  230  207  190  183  180  179  176  173
  170  170  172  177  181  181  178  173  167  162  155  147  140  135  131  128
  125  121  116  115  116  119  121  124  123  127  142  164  192  215  239  257
  281  295  316  326  346  357  380  393  421  425  437  438  455  462  473  474
  475  474  478  468  464  452  416  407  383                                   
    30.0-180.0 180.0   5.0 450.0                            LAT/LON1/LON2/DLON/H
  446  414  375  336  308  294  274  251  227  201  187  181  182  181  182  178
  180  179  186  186  189  183  178  170  170  167  169  164  160  154  150  148
  144  137  129  122  120  120  120  125  125  129  145  168  200  221  246  261
  284  299  320  336  354  373  401  422  443  456  462  481  501  526  538  550
  552  561  563  561  549  543  512  499  446                                   
    27.5-180.0 180.0   5.0 450.0                            LAT/LON1/LON2/DLON/H
  546  494  454  394  350  317  285  260  231  202  185  178  179  180  179  179
  180  183  187  187  184  176  169  166  172  181  189  193  191  187  184  177
  170  160  147  135  127  125  125  127  127  133  146  169  199  221  244  260
  282  295  319  334  365  389  430  459  491  507  523  547  578  603  627  639
  651  661  677  670  667  658  630  604  546                                   
    25.0-180.0 180.0   5.0 450.0                            LAT/LON1/LON2/DLON/H
  663  612  546  477  420  376  323  283  249  219  197  185  182  178  175  173
  175  176  179  173  169  161  159  165  182  203  224  234  237  232  223  209
  200  183  168  148  136  127  125  123  126  130  144  166  197  220  243  262
  285  303  328  353  385  422  465  498  533  556  578  614  646  683  709  731
  746  771  790  799  791  793  763  734  663                                   
    22.5-180.0 180.0   5.0 450.0                            LAT/LON1/LON2/DLON/H
  778  741  657  569  508  454  400  348  290  252  224  208  198  189  177  171
  166  167  164  156  154  148  156  173  202  237  268  292  288  282  265  251
  232  209  185  160  142  129  124  120  118  124  135  156  188  213  240  261
  293  312  344  374  420  463  513  550  584  611  640  682  720  753  777  801
  824  851  880  890  895  912  889  840  778                                   
    20.0-180.0 180.0   5.0 450.0                            LAT/LON1/LON2/DLON/H
  864  839  752  668  605  542  486  435  372  321  275  250  231  210  190  172
  163  155  150  144  142  149  165  199  237  292  331  356  344  326  300  270
  247  218  195  165  145  125  119  108  108  114  126  150  180  214  242  270
  301  330  364  403  455  503  549  582  619  642  674  716  759  791  815  844
  864  890  918  938  956  973  965  926  864                                   
    17.5-180.0 180.0   5.0 450.0                            LAT/LON1/LON2/DLON/H
  921  906  844  770  709  648  588  530  472  417  357  319  285  255  225  197
  177  160  150  145  149  166  195  242  295  364  399  420  388  362  316  279
  246  215  191  164  141  120  111  101   97  102  113  138  174  210  248  279
  318  348  390  438  493  544  585  622  649  677  701  745  776  803  821  846
  867  891  918  939  966 1002  985  954  921                                   
    15.0-180.0 180.0   5.0 450.0                            LAT/LON1/LON2/DLON/H
  935  933  893  836  788  725  684  614  564  503  449  404  358  319  284  245
  214  187  171  168  179  207  247  316  372  435  460  457  420  368  322  280
  241  210  188  162  135  115  103   90   89   92  104  130  165  209  249  283
  326  361  407  462  514  562  596  626  653  680  707  739  765  784  799  822
  842  865  891  912  947  977  962  948  935                                   
    12.5-180.0 180.0   5.0 450.0                            LAT/LON1/LON2/DLON/H
  914  933  914  878  840  796  747  693  638  581  529  487  438  395  347  317
  277  245  225  226  236  279  336  402  451  495  499  482  420  363  301  256
  224  195  175  152  131  109   99   86   84   88   99  128  166  213  254  291
  334  373  420  479  529  571  598  627  654  675  698  719  736  752  761  783
  800  826  850  874  903  939  915  919  914                                   
    10.0-180.0 180.0   5.0 450.0                            LAT/LON1/LON2/DLON/H
  878  907  898  881  857  824  789  739  693  634  597  553  516  471  429  398
  364  341  317  322  333  379  431  486  511  522  512  467  399  318  264  228
  200  179  158  143  121  104   94   82   80   85   98  126  162  211  253  292
  334  374  421  480  523  558  579  604  633  657  678  703  717  735  747  766
  782  803  827  843  867  884  870  880  878                                   
     7.5-180.0 180.0   5.0 450.0                            LAT/LON1/LON2/DLON/H
  840  875  880  876  862  841  807  764  715  665  629  598  568  533  495  475
  446  426  411  420  443  485  517  537  540  529  496  437  349  276  230  201
