data/unet/pred1260.15i
     1.0            IONOSPHERE MAPS     GNSS                IONEX VERSION / TYPE
pyspatialgeodesy        IME             05-JAN-18 20:20     PGM / RUN BY / DATE 
Map Name                                                    COMMENT             
Predicted global ionosphere maps (GIM).                     DESCRIPTION         
  2015     5     6     0     0     0                        EPOCH OF FIRST MAP  
  2015     5     7     0     0     0                        EPOCH OF LAST MAP   
  7200                                                      INTERVAL            
    13                                                      # OF MAPS IN FILE   
  NONE                                                      MAPPING FUNCTION    
10.0                                                        ELEVATION CUTOFF    
One-way carrier phase leveled to code                       OBSERVABLES USED    
  6371.0                                                    BASE RADIUS         
 2                                                          MAP DIMENSION       
   450.0 450.0   0.0                                        HGT1 / HGT2 / DHGT  
    87.5 -87.5  -2.5                                        LAT1 / LAT2 / DLAT  
  -180.0 180.0   5.0                                        LON1 / LON2 / DLON  
    -1                                                      EXPONENT            
                                                            END OF HEADER       
[from data line 2574]
     7                                                      START OF TEC MAP    
  2015     5     6    12     0     0                        EPOCH OF CURRENT MAP
    87.5-180.0 180.0   5.0 450.0                            LAT/LON1/LON2/DLON/H
  162  182  183  185  185  187  187  188  189  188  189  188  189  188  187  186
  186  183  183  179  182  177  179  175  179  175  178  175  180  177  179  177
  178  176  176  174  175  172  172  169  171  168  168  165  167  164  165  162
  163  161  162  160  161  160  160  160  160  160  160  160  161  161  161  162
  162  164  165  166  165  168  178  155  162                                   
    85.0-180.0 180.0   5.0 450.0                            LAT/LON1/LON2/DLON/H
  169  177  178  183  184  189  190  194  195  198  197  199  199  200  198  198
  196  193  193  190  192  187  190  185  190  184  190  185  191  186  190  186
  189  185  186  183  182  180  177  176  173  173  170  170  167  167  165  165
  163  164  162  163  162  163  161  162  160  160  158  158  156  155  153  153
  151  153  151  154  152  158  168  168  169                                   
    82.5-180.0 180.0   5.0 450.0                            LAT/LON1/LON2/DLON/H
  166  172  172  171  181  181  190  190  197  195  200  198  202  200  201  198
  198  194  193  192  190  189  187  188  188  188  189  189  193  191  194  191
  193  190  190  186  186  180  179  175  175  171  171  166  167  163  165  160
  164  159  164  159  164  159  163  159  161  156  158  153  154  147  148  142
  144  138  141  137  143  142  157  157  166                                   
    80.0-180.0 180.0   5.0 450.0                            LAT/LON1/LON2/DLON/H
  153  165  158  164  169  177  182  187  189  193  193  196  195  196  193  193
  189  188  184  184  181  181  179  181  181  182  185  186  190  191  194  194
  195  194  195  191  190  186  184  180  179  176  175  173  173  171  171  170
  170  171  171  172  172  171  171  170  168  166  163  162  157  155  149  148
  142  141  137  137  136  138  140  146  153                                   
    77.5-180.0 180.0   5.0 450.0                            LAT/LON1/LON2/DLON/H
  143  152  147  152  158  167  173  178  182  184  187  188  188  186  184  182
  179  177  176  174  174  174  174  175  176  179  182  187  191  195  199  202
  204  206  206  205  202  199  194  192  189  188  186  186  186  187  187  188
  189  191  192  192  192  191  190  187  185  182  178  175  169  165  158  154
  147  145  139  136  132  132  132  136  143                                   
    75.0-180.0 180.0   5.0 450.0                            LAT/LON1/LON2/DLON/H
  133  145  141  149  153  160  165  171  173  178  177  180  176  178  172  172
  166  167  162  165  161  165  162  167  166  173  174  184  187  197  201  209
  211  216  215  216  213  211  207  205  202  202  200  202  202  205  206  209
  210  213  213  214  212  211  209  206  202  199  195  190  184  179  172  167
  160  156  149  143  138  133  133  134  133                                   
    72.5-180.0 180.0   5.0 450.0                            LAT/LON1/LON2/DLON/H
  128  137  132  141  143  153  154  161  162  166  165  165  163  162  160  157
  154  151  151  150  151  153  154  157  159  164  168  178  184  195  203  212
  217  223  224  225  224  223  220  218  217  217  216  219  221  227  227  232
  232  235  234  233  231  228  225  220  217  212  208  202  197  191  184  177
  170  164  156  149  142  136  131  133  128                                   
    70.0-180.0 180.0   5.0 450.0                            LAT/LON1/LON2/DLON/H
  125  133  129  135  137  144  147  152  154  157  156  158  154  155  153  151
  149  147  148  146  147  148  149  152  153  160  163  173  179  194  200  215
  220  230  232  235  233  234  231  231  230  232  231  237  239  245  244  249
  247  250  245  246  239  239  232  229  223  219  214  208  204  197  191  185
  177  171  164  156  148  139  137  133  125                                   
    67.5-180.0 180.0   5.0 450.0                            LAT/LON1/LON2/DLON/H
  127  129  123  128  126  135  132  141  137  145  141  146  143  145  144  142
  143  142  144  142  145  145  148  150  152  157  161  170  176  189  198  211
  223  232  238  241  242  242  241  242  241  245  245  251  252  257  254  257
  252  253  246  245  238  235  228  224  218  214  210  206  204  198  195  188
  184  176  171  161  154  144  138  135  127                                   
    65.0-180.0 180.0   5.0 450.0                            LAT/LON1/LON2/DLON/H
  129  129  120  122  119  124  123  128  127  134  132  138  136  140  140  141
  141  143  145  146  148  149  152  153  155  159  160  169  171  186  193  211
  218  232  238  244  245  246  246  247  248  252  253  256  256  259  254  253
  246  246  236  235  223  223  213  212  206  205  202  200  199  196  192  188
  184  181  175  168  159  151  144  137  129                                   
    62.5-180.0 180.0   5.0 450.0                            LAT/LON1/LON2/DLON/H
  133  128  120  115  111  113  109  114  111  118  116  125  123  132  133  138
  139  141  145  146  149  149  153  152  156  155  160  163  169  177  190  201
  215  226  236  242  246  247  249  252  254  257  259  262  261  263  255  252
  244  241  230  224  215  211  204  202  198  197  198  197  198  194  192  188
  185  180  177  169  163  153  149  139  133                                   
    60.0-180.0 180.0   5.0 450.0                            LAT/LON1/LON2/DLON/H
  133  124  115  110  104  103   99  100   99  104  105  112  114  123  126  135
  136  143  143  148  148  151  154  155  159  159  162  166  168  179  186  203
  210  227  233  244  247  251  253  254  258  259  264  263  264  260  252  247
  238  235  223  219  210  206  198  197  194  196  196  199  199  197  192  190
  184  182  177  171  165  157  150  136  133                                   
    57.5-180.0 180.0   5.0 450.0                            LAT/LON1/LON2/DLON/H
  134  121  112  105  100   95   90   88   84   88   87   97   98  111  114  127
  128  138  139  144  147  151  155  156  161  159  164  163  170  175  189  199
  214  224  236  244  252  257  259  263  266  271  272  273  270  265  254  247
  238  234  224  220  212  209  204  203  203  204  205  207  207  205  200  195
  186  182  175  169  163  156  151  136  134                                   
    55.0-180.0 180.0   5.0 450.0                            LAT/LON1/LON2/DLON/H
  136  120  113  104   99   93   88   82   78   78   78   84   87   99  103  119
  122  135  136  145  144  153  154  161  162  165  166  167  171  179  188  203
  214  230  238  251  257  263  267  270  275  280  282  281  276  270  259  254
  243  241  233  230  224  221  218  217  217  219  220  220  219  216  210  203
  194  189  181  174  168  162  153  137  136                                   
    52.5-180.0 180.0   5.0 450.0                            LAT/LON1/LON2/DLON/H
  141  125  116  107  101   95   91   85   79   75   73   77   79   88   95  110
  116  132  133  144  145  153  157  164  169  171  174  173  178  182  195  205
  222  233  246  256  266  274  279  285  289  295  296  294  288  282  272  266
  258  255  249  246  241  239  237  238  238  240  240  240  236  230  221  213
  201  193  183  176  170  164  158  142  141                                   
    50.0-180.0 180.0   5.0 450.0                            LAT/LON1/LON2/DLON/H
  152  137  129  121  114  106  102   93   86   79   74   74   73   80   88  106
  115  134  137  151  151  162  165  175  177  184  182  187  186  194  202  218
  228  246  255  270  276  287  294  302  308  312  313  311  304  300  289  286
  278  277  270  268  262  261  259  259  259  259  257  256  251  244  234  226
  213  204  192  185  178  173  168  153  152                                   
    47.5-180.0 180.0   5.0 450.0                            LAT/LON1/LON2/DLON/H
  165  152  145  137  131  122  115  108  100   92   83   79   75   80   87  104
  117  137  145  157  159  170  173  183  187  193  194  197  198  204  214  227
  240  255  269  283  291  303  314  322  328  331  331  329  322  317  309  304
  299  295  289  285  277  275  271  271  270  271  267  267  260  254  243  234
  221  211  200  191  185  181  182  165  165                                   
    45.0-180.0 180.0   5.0 450.0                            LAT/LON1/LON2/DLON/H
  177  166  160  156  151  143  137  126  119  108   98   90   81   84   87  109
  121  147  154  174  172  185  185  197  199  206  205  209  207  217  221  240
  248  268  280  296  306  321  332  344  347  352  350  348  340  336  328  325
  317  315  304  300  288  286  278  278  275  274  267  266  258  255  244  240
  227  220  208  202  191  190  192  177  177                                   
    42.5-180.0 180.0   5.0 450.0                            LAT/LON1/LON2/DLON/H
  184  176  171  167  165  160  155  146  136  127  115  104   94   91   95  112
  130  155  169  184  187  195  198  207  212  217  220  222  222  228  236  251
  265  282  295  312  325  342  353  363  369  372  372  369  363  355  349  341
  334  326  317  308  297  291  281  278  272  269  262  258  252  248  241  237
  229  221  212  204  198  194  199  186  184                                   
    40.0-180.0 180.0   5.0 450.0                            LAT/LON1/LON2/DLON/H
  186  179  172  172  172  171  170  161  156  146  136  124  111  108  105  124
  139  168  180  200  200  211  209  219  220  223  222  223  221  226  236  252
  272  289  309  330  347  369  380  394  396  402  400  399  387  380  370  362
  353  345  332  322  309  300  287  283  274  268  257  251  243  242  237  238
  229  225  214  207  195  193  194  187  186                                   
    37.5-180.0 180.0   5.0 450.0                            LAT/LON1/LON2/DLON/H
  185  173  167  164  169  168  174  167  163  157  148  136  123  116  116  129
  148  173  190  206  210  215  217  222  226  225  226  223  225  228  242  259
  280  302  324  350  370  393  407  421  427  432  432  427  420  409  400  388
  380  369  356  342  331  320  308  299  287  275  259  250  242  239  236  234
  228  222  211  202  194  186  190  190  185                                   
    35.0-180.0 180.0   5.0 450.0                            LAT/LON1/LON2/DLON/H
  181  166  154  155  160  163  168  165  163  160  156  148  138  131  127  139
  153  179  194  212  216  225  224  232  230  232  229  231  229  233  243  262
  279  308  332  369  393  425  440  460  465  474  470  468  457  450  438  429
  417  403  391  381  370  362  351  340  321  302  277  260  248  243  239  239
  231  227  213  205  189  183  184  186  181                                   
    32.5-180.0 180.0   5.0 450.0                            LAT/LON1/LON2/DLON/H
  182  161  143  143  142  146  153  151  153  154  153  151  142  135  131  137
  151  172  190  206  216  224  227  232  233  236  234  237  239  243  256  271
  292  320  351  390  420  451  470  485  493  500  498  498  494  490  486  476
  470  460  451  443  432  418  411  395  380  350  328  304  285  269  258  251
  239  232  219  205  192  182  186  178  182                                   
    30.0-180.0 180.0   5.0 450.0                            LAT/LON1/LON2/DLON/H
  185  171  147  145  136  142  140  143  141  146  148  148  148  139  135  137
  148  167  185  205  215  226  227  234  234  237  235  241  244  252  264  289
  314  349  383  426  456  488  506  519  529  535  537  538  535  531  531  528
  523  523  517  512  498  497  485  473  446  418  371  345  311  306  293  290
  260  251  229  225  205  200  195  184  185                                   
    27.5-180.0 180.0   5.0 450.0                            LAT/LON1/LON2/DLON/H
  184  177  159  155  144  142  138  137  136  139  142  144  143  137  131  130
  139  155  176  195  212  222  227  230  234  238  241  246  254  267  291  315
  350  383  426  459  491  515  534  547  555  567  570  575  575  580  582  591
  590  600  595  600  601  604  607  588  566  520  470  425  384  360  329  322
  299  292  262  249  229  217  210  187  184                                   
    25.0-180.0 180.0   5.0 450.0                            LAT/LON1/LON2/DLON/H
  190  193  178  175  155  152  138  132  130  132  140  140  143  134  132  127
  134  149  169  193  211  226  229  235  239  245  250  259  274  295  323  356
  389  429  464  497  520  545  560  569  582  590  602  611  622  630  639  650
  658  670  669  680  685  697  697  682  658  614  552  508  460  427  382  365
  330  329  298  296  261  249  231  216  190                                   
    22.5-180.0 180.0   5.0 450.0                            LAT/LON1/LON2/DLON/H
  211  224  204  192  179  171  156  146  131  130  134  141  142  134  130  124
  127  142  164  187  211  223  232  233  241  246  260  275  297  319  353  386
  428  461  494  513  535  555  569  580  594  608  621  638  647  665  672  694
  702  713  719  733  751  755  751  728  702  654  596  540  497  468  441  418
  390  380  342  335  303  298  278  252  211                                   
    20.0-180.0 180.0   5.0 450.0                            LAT/LON1/LON2/DLON/H
  249  268  254  231  206  192  175  162  142  133  126  133  135  137  135  124
  129  138  160  184  208  225  234  241  247  259  276  297  324  348  386  415
  458  483  511  526  544  557  570  580  599  613  633  648  664  679  696  713
  723  732  741  758  773  775  763  739  702  652  589  542  501  481  468  457
  441  435  406  393  356  348  332  300  249                                   
    17.5-180.0 180.0   5.0 450.0                            LAT/LON1/LON2/DLON/H
  290  309  293  271  251  230  205  175  158  147  128  127  125  130  128  127
  129  139  158  180  203  217  232  236  250  264  293  316  349  379  415  446
  478  499  521  529  548  556  570  582  599  619  633  652  664  683  696  716
  726  735  741  751  766  765  749  718  674  608  556  520  486  482  464  474
  464  473  450  442  401  396  380  336  290                                   
    15.0-180.0 180.0   5.0 450.0                            LAT/LON1/LON2/DLON/H
  315  337  324  299  279  257  229  195  168  149  136  129  114  123  123  129
  132  139  157  177  197  217  231  240  259  282  314  340  378  408  442  468
  493  509  525  535  548  559  572  593  604  625  637  651  663  676  688  701
  709  715  725  733  739  740  717  683  618  551  497  465  443  435  429  450
  455  471  464  459  432  422  404  368  315                                   
    12.5-180.0 180.0   5.0 450.0                            LAT/LON1/LON2/DLON/H
  325  338  328  310  288  267  247  215  186  157  147  133  121  119  119  127
  128  138  150  169  186  202  221  237  264  295  331  365  401  433  458  483
  500  517  534  542  555  571  584  607  615  635  638  653  655  667  674  685
  687  689  693  707  709  705  681  632  576  518  459  426  394  402  388  422
  425  455  450  458  431  425  412  385  325                                   
    10.0-180.0 180.0   5.0 450.0                            LAT/LON1/LON2/DLON/H
  328  332  325  311  291  267  247  216  190  160  145  136  116  115  111  122
  122  129  138  155  173  192  211  233  269  305  343  381  419  444  467  482
  506  520  538  551  564  581  593  617  626  642  644  652  649  658  662  666
  661  657  660  670  681  676  656  598  550  475  420  385  362  360  350  375
  385  417  424  432  426  409  403  385  328                                   
     7.5-180.0 180.0   5.0 450.0                            LAT/LON1/LON2/DLON/H
  330  315  303  288  270  251  236  212  191  165  156  140  126  118  116  119
  124  126  136  151  170  186  206  233  268  310  349  387  423  445  464  479
