data/unet/pred3520.15i
     1.0            IONOSPHERE MAPS     GNSS                IONEX VERSION / TYPE
pyspatialgeodesy        IME             05-JAN-18 20:20     PGM / RUN BY / DATE 
Map Name                                                    COMMENT             
Predicted global ionosphere maps (GIM).                     DESCRIPTION         
  2015    12    18     0     0     0                        EPOCH OF FIRST MAP  
  2015    12    19     0     0     0                        EPOCH OF LAST MAP   
  7200                                                      INTERVAL            
    13                                                      # OF MAPS IN FILE   
  NONE                                                      MAPPING FUNCTION    
10.0                                                        ELEVATION CUTOFF    
One-way carrier phase leveled to code                       OBSERVABLES USED    
  6371.0                                                    BASE RADIUS         
 2                                                          MAP DIMENSION       
   450.0 450.0   0.0                                        HGT1 / HGT2 / DHGT  
    87.5 -87.5  -2.5                                        LAT1 / LAT2 / DLAT  
  -180.0 180.0   5.0                                        LON1 / LON2 / DLON  
    -1                                                      EXPONENT            
                                                            END OF HEADER       
[from data line 3432]
     9                                                      START OF TEC MAP    
  2015    12    18    16     0     0                        EPOCH OF CURRENT MAP
    87.5-180.0 180.0   5.0 450.0                            LAT/LON1/LON2/DLON/H
   62   75   73   75   74   74   74   74   74   75   75   76   74   76   75   77
   75   77   75   78   75   77   76   78   75   78   76   78   75   77   76   78
   75   77   76   77   75   77   75   76   74   76   74   76   73   75   74   75
   73   75   74   75   73   74   74   74   73   74   74   74   74   74   74   74
   73   74   73   74   75   74   75   89   62                                   
    85.0-180.0 180.0   5.0 450.0                            LAT/LON1/LON2/DLON/H
   46   58   47   51   52   53   53   53   54   55   56   57   57   59   58   60
   60   61   60   61   61   62   61   62   61   63   63   63   63   64   64   64
   63   64   63   63   62   63   61   61   60   61   59   60   58   60   59   59
   59   60   59   59   59   59   58   58   58   58   57   56   56   55   54   54
   53   53   52   52   52   51   54   53   46                                   
    82.5-180.0 180.0   5.0 450.0                            LAT/LON1/LON2/DLON/H
   40   36   32   34   34   36   35   37   37   39   39   41   41   44   44   46
   47   49   49   50   51   52   52   53   53   54   54   55   54   54   53   53
   52   52   51   51   49   50   47   48   45   46   44   45   44   46   45   46
   46   47   48   48   49   48   49   48   48   47   46   45   44   43   42   40
   39   39   36   35   34   28   42   41   40                                   
    80.0-180.0 180.0   5.0 450.0                            LAT/LON1/LON2/DLON/H
   33   33   26   29   28   32   30   34   33   37   37   41   41   45   44   49
   48   52   50   55   53   56   54   57   55   58   56   59   56   59   56   58
   54   57   52   54   49   51   46   48   43   45   42   43   41   43   42   44
   44   45   45   47   47   49   48   49   48   49   46   47   44   44   41   41
   37   39   33   33   28   28   35   34   33                                   
    77.5-180.0 180.0   5.0 450.0                            LAT/LON1/LON2/DLON/H
   26   26   23   21   26   25   28   28   30   30   34   34   37   37   41   41
   47   46   52   51   55   53   56   53   55   52   54   51   52   49   51   47
   48   45   46   42   41   38   37   34   33   31   32   30   31   31   33   33
   36   36   41   40   45   42   48   44   48   44   47   42   43   39   40   35
   36   31   32   26   27   19   26   29   26                                   
    75.0-180.0 180.0   5.0 450.0                            LAT/LON1/LON2/DLON/H
   25   25   22   23   25   28   30   31   34   35   40   39   44   44   50   50
   56   56   60   60   63   62   63   61   62   59   60   55   58   53   56   51
   53   49   50   43   43   39   38   32   32   29   29   26   29   28   31   29
   35   34   42   38   46   43   50   44   50   45   50   43   47   41   45   37
   41   34   36   29   30   25   33   31   25                                   
    72.5-180.0 180.0   5.0 450.0                            LAT/LON1/LON2/DLON/H
   29   29   27   25   27   28   32   31   36   35   41   41   49   50   58   58
   66   65   71   71   76   75   76   73   73   70   69   66   64   62   62   58
   58   54   52   47   44   38   37   30   29   25   25   21   23   23   27   26
   32   33   39   38   42   43   46   45   47   47   48   46   47   45   46   43
   43   40   40   33   33   25   31   32   29                                   
    70.0-180.0 180.0   5.0 450.0                            LAT/LON1/LON2/DLON/H
   30   31   32   30   33   33   37   36   41   40   47   48   58   60   68   70
   78   80   85   89   93   92   93   88   88   81   81   71   73   66   68   60
   63   57   57   49   48   39   38   28   30   22   24   19   24   21   27   26
   34   33   39   37   44   41   46   42   47   45   48   45   49   46   49   44
   48   43   45   39   39   33   39   34   30                                   
    67.5-180.0 180.0   5.0 450.0                            LAT/LON1/LON2/DLON/H
   36   40   38   35   36   36   39   37   42   42   51   52   62   65   76   78
   89   92  100  103  112  109  112  108  104   99   93   89   83   80   75   73
   69   66   61   56   49   44   37   31   28   23   22   19   22   22   25   26
   31   31   36   35   39   38   41   39   42   43   44   45   47   49   49   50
   49   49   48   45   42   35   37   35   36                                   
    65.0-180.0 180.0   5.0 450.0                            LAT/LON1/LON2/DLON/H
   35   41   42   35   39   35   41   37   44   43   53   54   68   71   84   87
  100  108  118  124  132  132  132  125  121  111  107   96   94   86   84   79
   77   71   67   59   53   45   39   33   30   27   26   24   26   25   29   28
   31   31   34   33   35   33   36   33   37   36   41   40   45   44   49   46
   50   47   50   43   44   39   41   35   35                                   
    62.5-180.0 180.0   5.0 450.0                            LAT/LON1/LON2/DLON/H
   35   42   40   35   36   35   38   36   41   40   50   54   67   71   84   90
  104  113  127  133  144  144  145  137  133  123  117  108  102   98   93   90
   84   80   72   64   55   48   40   35   30   28   27   26   26   26   27   27
   28   27   29   27   28   26   28   27   31   32   36   38   42   43   45   45
   46   46   44   42   39   33   34   32   35                                   
    60.0-180.0 180.0   5.0 450.0                            LAT/LON1/LON2/DLON/H
   28   32   36   30   36   32   37   33   37   37   46   51   64   71   85   91
  108  121  136  147  156  157  157  149  143  132  126  118  114  108  105  102
   96   89   80   71   59   52   43   39   34   33   31   31   30   29   28   28
   27   26   24   24   22   22   21   23   27   28   32   33   36   36   39   37
   40   37   40   35   37   32   33   28   28                                   
    57.5-180.0 180.0   5.0 450.0                            LAT/LON1/LON2/DLON/H
   25   31   34   31   33   32   34   29   32   31   41   47   61   70   83   93
  109  122  140  150  163  163  164  155  149  139  134  127  126  121  121  118
  112  102   90   78   65   55   46   42   37   35   34   34   32   29   28   25
   25   20   21   18   19   16   19   20   25   28   31   32   35   34   36   33
   35   33   35   32   32   27   29   24   25                                   
    55.0-180.0 180.0   5.0 450.0                            LAT/LON1/LON2/DLON/H
   26   27   34   30   35   31   33   28   31   31   40   47   61   71   85   92
  110  123  143  154  167  169  171  163  157  147  144  139  140  138  138  135
  129  118  105   90   77   67   57   54   48   48   43   44   38   37   31   31
   28   27   24   23   22   21   23   24   29   30   34   33   35   33   35   32
   33   32   35   32   35   32   35   27   26                                   
    52.5-180.0 180.0   5.0 450.0                            LAT/LON1/LON2/DLON/H
   31   35   39   36   39   37   36   30   31   30   40   48   61   71   84   93
  109  123  144  153  169  169  173  166  161  155  154  154  159  157  159  155
  148  135  118  103   88   78   68   64   59   57   54   51   46   41   37   33
   32   29   29   27   27   26   29   31   36   38   40   40   40   37   37   34
   35   35   38   38   37   35   38   30   31                                   
    50.0-180.0 180.0   5.0 450.0                            LAT/LON1/LON2/DLON/H
   42   41   47   44   48   44   44   38   38   39   47   54   67   74   89   95
  113  125  147  157  170  174  179  173  171  165  166  167  171  169  170  163
  156  142  128  114  101   93   83   80   75   74   68   66   57   53   45   45
   41   41   40   40   40   39   42   44   48   48   50   47   46   43   43   40
   42   42   47   47   50   49   52   42   42                                   
    47.5-180.0 180.0   5.0 450.0                            LAT/LON1/LON2/DLON/H
   57   58   58   55   57   55   52   47   47   47   55   62   73   79   92  100
  118  130  151  159  173  173  178  174  174  173  174  177  177  176  173  167
  157  144  131  120  110  103   95   92   86   84   80   76   69   62   56   54
   52   52   54   53   54   52   56   58   61   61   61   58   56   52   51   50
   50   52   56   59   59   59   62   53   57                                   
    45.0-180.0 180.0   5.0 450.0                            LAT/LON1/LON2/DLON/H
   70   67   67   65   68   64   64   58   59   61   67   73   83   86  100  106
  127  138  158  165  178  179  184  180  180  180  179  178  176  170  166  157
  147  136  127  119  115  111  106  103   99   96   91   87   80   74   68   66
   64   65   66   65   66   65   68   68   71   70   69   65   63   59   59   56
   59   61   69   68   73   71   77   69   70                                   
    42.5-180.0 180.0   5.0 450.0                            LAT/LON1/LON2/DLON/H
   77   77   74   73   73   73   71   69   73   74   81   86   93   96  110  119
  139  148  166  171  183  181  185  182  182  181  178  174  169  162  154  144
  135  128  122  120  118  117  113  111  106  103   97   93   88   82   77   75
   74   74   75   74   74   73   74   75   76   76   72   71   67   66   64   65
   65   69   72   76   77   77   83   73   77                                   
    40.0-180.0 180.0   5.0 450.0                            LAT/LON1/LON2/DLON/H
   77   73   75   73   78   74   78   73   80   82   92   96  104  109  124  131
  152  159  177  180  191  189  193  188  187  183  178  171  163  152  143  135
  129  124  123  123  125  126  124  121  116  111  105  100   95   90   85   83
   81   81   80   78   77   75   77   77   77   75   72   69   67   66   67   65
   69   70   76   74   77   76   84   75   77                                   
    37.5-180.0 180.0   5.0 450.0                            LAT/LON1/LON2/DLON/H
   69   71   71   71   72   75   76   79   87   93  103  109  119  123  138  147
  165  172  186  188  197  194  196  192  189  182  178  170  159  147  141  136
  137  137  139  141  142  142  139  132  124  117  109  105  100   96   91   88
   84   83   79   78   75   74   73   74   73   71   68   66   66   65   65   66
   65   67   65   67   67   67   73   67   69                                   
    35.0-180.0 180.0   5.0 450.0                            LAT/LON1/LON2/DLON/H
   58   58   63   61   68   66   73   73   86   94  109  119  131  136  152  159
  177  181  196  196  205  202  204  197  194  187  181  171  163  155  153  156
  164  168  170  169  170  167  162  151  140  130  121  115  110  106  100   96
   90   87   81   77   74   73   73   72   71   68   65   61   62   61   64   61
   62   60   59   56   58   57   64   59   58                                   
    32.5-180.0 180.0   5.0 450.0                            LAT/LON1/LON2/DLON/H
   45   50   52   53   55   59   63   70   84   98  116  127  141  148  164  173
  187  191  200  203  208  207  206  200  195  191  187  181  178  177  188  201
  217  223  222  217  213  205  194  179  163  147  135  129  122  117  111  106
   98   93   85   79   74   74   72   73   70   67   64   62   63   63   64   63
   58   54   48   47   46   45   49   45   45                                   
    30.0-180.0 180.0   5.0 450.0                            LAT/LON1/LON2/DLON/H
   38   39   46   41   48   48   56   60   77   91  116  130  149  157  175  182
  196  196  207  208  216  213  213  204  203  198  199  199  206  221  242  269
  290  295  290  278  261  246  232  211  192  175  161  152  145  140  133  126
  118  110  101   95   88   86   82   81   79   74   71   66   67   65   67   64
   61   55   50   45   44   42   46   37   38                                   
    27.5-180.0 180.0   5.0 450.0                            LAT/LON1/LON2/DLON/H
   38   42   42   40   39   43   43   54   70   90  115  134  154  166  182  191
  199  200  205  209  214  213  211  205  205  205  214  224  247  274  311  344
  366  371  360  338  311  290  269  246  224  204  191  181  174  166  157  150
  139  132  125  118  113  107  103   99   94   90   85   80   79   76   77   73
   69   63   55   52   46   47   45   38   38                                   
    25.0-180.0 180.0   5.0 450.0                            LAT/LON1/LON2/DLON/H
   48   45   47   38   40   39   43   48   66   86  113  132  157  171  187  193
  201  200  207  211  218  216  216  212  216  222  239  263  294  333  374  411
  433  440  421  392  359  331  304  279  255  235  219  212  205  199  189  181
  171  165  158  152  144  138  129  125  119  114  107  101   97   93   90   84
   83   78   73   66   62   60   57   49   48                                   
    22.5-180.0 180.0   5.0 450.0                            LAT/LON1/LON2/DLON/H
   64   58   55   49   43   43   40   51   65   89  112  138  163  178  193  199
  203  200  205  208  215  215  215  216  227  240  270  302  343  385  438  475
  501  496  474  432  397  363  333  306  280  258  243  235  227  219  212  206
  198  194  189  183  175  164  156  149  144  137  132  124  120  112  108  101
   97   95   89   87   79   78   69   63   64                                   
    20.0-180.0 180.0   5.0 450.0                            LAT/LON1/LON2/DLON/H
   81   68   66   55   50   47   48   56   75   96  122  143  168  184  198  205
  208  206  209  212  216  218  220  226  242  267  303  342  386  434  485  519
  542  535  502  461  421  390  356  326  300  281  264  257  246  240  229  224
  219  218  216  212  202  190  179  171  164  158  150  145  136  129  119  113
  111  106  104  101   96   93   88   77   81                                   
    17.5-180.0 180.0   5.0 450.0                            LAT/LON1/LON2/DLON/H
   92   80   74   67   58   55   57   71   86  114  133  157  180  197  211  214
  215  210  211  209  214  217  223  238  262  294  336  374  425  462  512  537
  560  542  509  462  429  396  367  338  315  294  278  266  255  244  235  231
  230  233  233  230  220  206  194  185  176  167  161  152  146  139  133  125
  122  117  115  114  109  108   95   92   92                                   
    15.0-180.0 180.0   5.0 450.0                            LAT/LON1/LON2/DLON/H
   98   80   76   72   65   63   67   82  102  128  149  169  188  209  220  232
  231  231  228  229  230  233  241  261  289  330  366  407  445  477  512  531
  542  524  486  451  419  394  366  342  322  307  287  276  259  247  235  231
  232  238  239  238  226  212  201  189  181  171  164  156  150  146  137  130
  126  122  119  116  112  111  107   95   98                                   
    12.5-180.0 180.0   5.0 450.0                            LAT/LON1/LON2/DLON/H
   89   82   76   73   67   69   78   96  121  149  169  192  208  231  241  254
  254  256  249  249  243  249  261  288  322  361  397  429  455  473  495  501
  504  482  453  427  407  388  367  348  333  317  299  279  259  240  227  222
  225  232  236  234  222  208  196  185  176  169  162  157  152  149  142  136
  129  123  117  116  111  111  100   92   89                                   
    10.0-180.0 180.0   5.0 450.0                            LAT/LON1/LON2/DLON/H
   81   67   69   67   64   70   86  109  136  165  188  211  227  250  256  276
  275  284  274  278  267  281  291  328  355  400  422  449  455  464  464  464
  458  442  422  411  398  387  371  357  342  330  307  287  259  238  221  217
  217  224  226  223  213  198  188  179  172  167  162  157  152  149  141  138
  129  122  114  109  103  104   98   78   81                                   
     7.5-180.0 180.0   5.0 450.0                            LAT/LON1/LON2/DLON/H
   68   66   65   62   61   71   94  121  152  183  207  234  251  276  286  308
  313  319  308  306  295  307  322  360  393  428  447  460  459  451  443  431
