data/unet/pred2330.15i
     1.0            IONOSPHERE MAPS     GNSS                IONEX VERSION / TYPE
pyspatialgeodesy        IME             05-JAN-18 20:20     PGM / RUN BY / DATE 
Map Name                                                    COMMENT             
Predicted global ionosphere maps (GIM).                     DESCRIPTION         
  2015     8    21     0     0     0                        EPOCH OF FIRST MAP  
  2015     8    22     0     0     0                        EPOCH OF LAST MAP   
  7200                                                      INTERVAL            
    13                                                      # OF MAPS IN FILE   
  NONE                                                      MAPPING FUNCTION    
10.0                                                        ELEVATION CUTOFF    
One-way carrier phase leveled to code                       OBSERVABLES USED    
  6371.0                                                    BASE RADIUS         
 2                                                          MAP DIMENSION       
   450.0 450.0   0.0                                        HGT1 / HGT2 / DHGT  
    87.5 -87.5  -2.5                                        LAT1 / LAT2 / DLAT  
  -180.0 180.0   5.0                                        LON1 / LON2 / DLON  
    -1                                                      EXPONENT            
                                                            END OF HEADER       
[from data line 4719]
    12                                                      START OF TEC MAP    
  2015     8    21    22     0     0                        EPOCH OF CURRENT MAP
    87.5-180.0 180.0   5.0 450.0                            LAT/LON1/LON2/DLON/H
  171  119  102  105  104  104  105  105  105  106  106  106  106  107  107  107
  106  107  106  106  105  105  104  104  102  102  101  100   99   99   97   97
   96   95   94   93   93   92   92   91   91   91   91   90   91   90   91   90
   91   91   91   91   91   91   91   92   92   93   93   94   94   95   95   96
   96   97   97   98  100  100  104  144  171                                   
    85.0-180.0 180.0   5.0 450.0                            LAT/LON1/LON2/DLON/H
  110   98   99  103  103  103  104  104  106  106  107  107  108  108  109  108
  109  108  108  107  107  106  104  103  102  100   99   97   95   94   92   91
   89   88   87   86   84   84   83   82   81   82   81   82   81   82   82   82
   82   83   83   83   84   84   84   85   86   87   87   88   89   89   90   91
   92   92   93   92   95   95   97  121  110                                   
    82.5-180.0 180.0   5.0 450.0                            LAT/LON1/LON2/DLON/H
  102  100  101  103  103  103  106  106  109  109  111  111  113  113  115  114
  115  114  115  113  113  111  110  107  107  103  102   99   98   95   94   91
   90   87   87   84   84   82   82   80   81   79   81   79   81   80   82   80
   82   81   82   81   83   81   83   82   85   83   86   85   87   86   89   88
   91   90   92   91   95   92   97  112  102                                   
    80.0-180.0 180.0   5.0 450.0                            LAT/LON1/LON2/DLON/H
  105  103   99  102  102  104  105  107  109  111  113  115  116  118  119  120
  120  121  120  120  118  117  114  112  110  107  104  102   99   96   93   91
   88   86   84   82   80   79   78   78   77   77   77   78   78   79   79   80
   80   80   80   80   80   80   79   81   80   82   81   83   83   85   85   87
   87   89   89   90   90   91   92  103  105                                   
    77.5-180.0 180.0   5.0 450.0                            LAT/LON1/LON2/DLON/H
  100  100   96   97   98   99  103  105  109  111  115  117  120  121  124  124
  125  124  125  122  122  118  117  113  111  107  104  100   97   94   92   89
   87   84   82   81   79   78   77   76   75   76   76   76   77   78   79   79
   79   79   79   78   78   77   77   76   76   77   77   78   79   80   81   82
   84   84   86   85   88   85   88   97  100                                   
    75.0-180.0 180.0   5.0 450.0                            LAT/LON1/LON2/DLON/H
   94   95   90   94   94   97  100  104  107  112  115  120  123  126  128  130
  130  130  128  127  124  121  117  114  110  106  102   99   96   93   91   88
   86   84   82   81   79   78   76   76   75   76   75   77   77   78   79   80
   79   79   78   77   75   75   73   73   73   73   73   75   75   77   78   80
   80   82   82   83   83   83   86   97   94                                   
    72.5-180.0 180.0   5.0 450.0                            LAT/LON1/LON2/DLON/H
   90   90   88   89   90   92   97  100  106  111  117  121  125  128  131  132
  132  130  129  126  123  118  115  108  105   99   97   92   91   88   87   85
   84   82   81   80   78   77   75   74   73   73   73   74   74   76   76   77
   77   76   75   73   71   70   68   68   68   68   69   70   72   73   75   76
   78   78   80   79   81   79   82   94   90                                   
    70.0-180.0 180.0   5.0 450.0                            LAT/LON1/LON2/DLON/H
   88   87   84   87   88   90   95  100  106  113  119  124  130  133  135  136
  135  133  131  128  123  118  112  106  101   95   91   88   86   85   84   83
   82   81   80   78   77   74   73   70   70   68   68   68   70   70   72   71
   72   70   69   66   65   63   61   61   61   62   63   66   68   71   72   74
   75   77   77   77   78   77   79   93   88                                   
    67.5-180.0 180.0   5.0 450.0                            LAT/LON1/LON2/DLON/H
   89   87   84   85   85   86   92   96  104  111  119  125  131  134  136  136
  135  132  129  125  122  115  110  101   97   89   86   81   80   78   80   79
   79   78   77   76   73   71   68   66   63   62   60   61   60   62   62   64
   62   62   59   57   55   54   52   53   53   56   58   62   65   68   70   73
   74   75   76   75   78   77   78   92   89                                   
    65.0-180.0 180.0   5.0 450.0                            LAT/LON1/LON2/DLON/H
   91   90   86   87   87   88   92   97  104  112  120  126  132  135  138  137
  136  133  131  127  123  117  111  102   95   88   83   79   78   77   78   78
   78   77   76   73   71   67   65   60   58   55   54   53   53   54   55   55
   54   52   50   47   45   44   43   44   47   50   54   58   62   66   69   72
   73   75   75   76   79   78   81   94   91                                   
    62.5-180.0 180.0   5.0 450.0                            LAT/LON1/LON2/DLON/H
   97   95   92   91   89   88   92   95  102  108  117  123  130  132  136  135
  135  132  131  127  125  118  113  103   97   86   83   77   77   76   78   78
   77   76   74   71   67   64   59   56   52   50   47   47   46   47   47   47
   45   43   40   38   36   35   35   38   41   46   49   56   60   65   67   71
   72   75   75   77   81   82   84   99   97                                   
    60.0-180.0 180.0   5.0 450.0                            LAT/LON1/LON2/DLON/H
  104  103  101  100   98   95   96   98  103  108  115  121  127  130  133  134
  134  132  132  129  129  123  118  109  101   93   87   84   83   83   84   83
   81   78   75   71   67   63   59   55   51   49   46   45   45   45   44   43
   40   38   34   32   30   30   30   33   38   42   48   53   59   64   66   69
   71   74   76   78   84   86   91  106  104                                   
    57.5-180.0 180.0   5.0 450.0                            LAT/LON1/LON2/DLON/H
  114  114  112  109  105  101  102  100  104  106  113  116  123  125  129  129
  131  130  130  129  130  125  122  113  108   98   95   90   91   89   91   88
   85   80   76   71   67   63   59   57   52   51   48   48   46   46   43   42
   37   36   30   29   26   27   27   32   35   42   46   53   57   63   64   69
   70   74   75   80   85   90   94  112  114                                   
    55.0-180.0 180.0   5.0 450.0                            LAT/LON1/LON2/DLON/H
  124  124  124  122  118  113  111  108  109  109  112  115  120  122  126  126
  128  127  130  130  133  129  127  121  115  109  105  104  103  103  102   98
   93   86   81   75   72   68   66   63   61   59   56   56   53   52   48   46
   41   37   32   30   27   28   29   33   38   43   48   54   58   62   64   67
   69   73   76   81   89   93  102  120  124                                   
    52.5-180.0 180.0   5.0 450.0                            LAT/LON1/LON2/DLON/H
  133  133  132  131  128  123  121  116  115  112  114  113  117  118  122  121
  124  123  127  128  131  129  129  124  121  115  114  112  114  112  111  104
   99   90   85   79   76   74   72   71   69   68   65   65   61   60   54   52
   45   43   36   34   30   32   32   38   41   47   50   56   59   64   64   69
   69   74   76   82   89   96  103  124  133                                   
    50.0-180.0 180.0   5.0 450.0                            LAT/LON1/LON2/DLON/H
  137  138  140  141  140  135  133  128  126  121  119  118  119  119  121  121
  122  122  125  126  130  130  131  128  126  123  122  122  123  123  121  115
  107   99   92   88   85   84   83   83   81   81   78   77   73   70   65   60
   55   50   45   41   39   39   41   44   49   53   57   60   64   67   68   71
   73   77   81   85   94   98  108  128  137                                   
    47.5-180.0 180.0   5.0 450.0                            LAT/LON1/LON2/DLON/H
  138  140  143  146  145  144  144  139  136  130  127  124  124  122  123  120
  121  119  122  123  127  127  130  128  128  125  127  127  131  129  128  120
  114  105  100   96   94   94   93   93   92   91   88   87   82   79   72   69
   61   58   51   49   46   48   48   53   56   61   63   67   69   73   73   77
   78   83   85   90   96  101  107  127  138                                   
    45.0-180.0 180.0   5.0 450.0                            LAT/LON1/LON2/DLON/H
  136  140  144  149  152  152  155  152  150  145  140  136  133  131  128  125
  124  121  123  123  127  128  131  130  132  130  132  133  135  135  132  127
  120  113  109  106  105  104  104  103  102  102  100   97   92   87   82   76
   72   66   62   57   56   55   57   60   64   68   72   75   78   81   83   85
   88   91   94   97  103  104  112  129  136                                   
    42.5-180.0 180.0   5.0 450.0                            LAT/LON1/LON2/DLON/H
  134  138  143  148  151  155  160  161  161  157  153  148  144  138  136  130
  127  123  125  124  128  129  132  132  135  133  136  135  138  136  135  130
  126  120  118  116  115  114  113  111  110  109  107  104   99   94   87   82
   76   73   67   65   61   62   62   66   70   75   79   84   88   91   93   96
   97  103  104  108  110  111  112  131  134                                   
    40.0-180.0 180.0   5.0 450.0                            LAT/LON1/LON2/DLON/H
  134  139  143  148  153  158  166  168  172  170  168  164  158  153  146  140
  135  132  131  131  134  134  139  139  143  142  144  142  143  141  139  136
  132  129  128  126  125  122  120  119  118  118  116  113  108  101   95   90
   85   80   75   71   69   68   69   72   76   81   86   92   97  101  105  108
  111  115  118  119  121  117  120  136  134                                   
    37.5-180.0 180.0   5.0 450.0                            LAT/LON1/LON2/DLON/H
  138  142  145  149  152  158  166  172  176  179  179  176  171  163  155  147
  142  139  138  137  139  141  145  148  153  153  154  151  150  145  144  140
  140  138  137  135  133  129  125  124  122  124  123  121  114  109  100   96
   89   86   80   77   72   72   71   76   79   86   90   99  105  112  115  119
  123  128  131  133  132  128  126  144  138                                   
    35.0-180.0 180.0   5.0 450.0                            LAT/LON1/LON2/DLON/H
  147  152  153  156  158  164  171  177  184  188  191  190  184  178  167  161
  153  151  149  148  150  151  157  160  168  168  170  165  162  155  152  148
  148  146  146  142  138  132  128  125  127  128  130  128  123  115  109  103
   97   92   86   80   77   75   75   76   81   86   93  101  111  118  124  128
  133  139  143  144  145  138  140  156  147                                   
    32.5-180.0 180.0   5.0 450.0                            LAT/LON1/LON2/DLON/H
  164  167  166  167  166  170  176  182  189  196  200  200  194  186  176  166
  160  156  154  152  154  156  164  170  180  182  184  178  173  164  159  154
  154  151  150  146  140  134  127  128  127  132  132  132  125  120  111  107
   99   95   86   81   76   75   72   76   78   85   91  103  112  123  128  135
  140  147  153  157  157  154  151  172  164                                   
    30.0-180.0 180.0   5.0 450.0                            LAT/LON1/LON2/DLON/H
  184  186  185  185  183  185  187  194  201  207  212  212  206  198  184  177
  167  165  160  160  160  165  174  182  194  198  199  192  186  175  169  162
  159  155  152  146  140  132  128  126  129  132  135  132  128  120  114  108
  102   96   89   82   78   75   74   74   77   81   90  100  113  122  131  136
  143  151  159  164  168  165  167  189  184                                   
    27.5-180.0 180.0   5.0 450.0                            LAT/LON1/LON2/DLON/H
  208  210  210  210  207  205  207  210  216  223  227  226  220  210  199  188
  180  174  170  167  167  171  180  190  202  207  209  201  194  182  175  166
  161  156  151  145  138  132  127  130  130  135  133  133  124  119  111  106
   99   93   85   80   75   74   71   73   73   79   84   97  108  120  129  137
  144  154  163  172  177  179  180  206  208                                   
    25.0-180.0 180.0   5.0 450.0                            LAT/LON1/LON2/DLON/H
  233  233  238  238  240  236  236  237  241  245  249  247  242  231  219  207
  196  190  182  180  179  182  192  200  213  216  218  207  202  189  182  170
  164  158  151  145  140  133  132  130  134  134  132  126  119  110  104   99
   94   89   82   77   74   73   72   71   72   73   81   90  104  116  128  136
  144  154  166  175  184  187  195  220  233                                   
    22.5-180.0 180.0   5.0 450.0                            LAT/LON1/LON2/DLON/H
  254  254  265  271  274  274  273  273  273  277  277  276  270  258  246  233
  220  210  200  195  192  195  201  209  218  218  217  206  200  191  183  174
  165  161  154  149  145  141  138  139  138  137  129  123  111  104   96   93
   88   84   78   75   72   72   70   70   68   72   76   88   99  114  127  137
  146  158  170  182  191  200  206  234  254                                   
    20.0-180.0 180.0   5.0 450.0                            LAT/LON1/LON2/DLON/H
  273  271  289  296  305  304  305  305  306  308  308  304  301  288  279  261
  248  234  222  214  209  210  215  219  225  219  216  205  201  192  184  174
  168  164  159  156  154  151  149  144  143  134  127  115  104   92   87   82
   80   76   73   71   71   70   68   67   65   66   71   83   97  113  130  142
  153  165  178  190  201  208  220  247  273                                   
    17.5-180.0 180.0   5.0 450.0                            LAT/LON1/LON2/DLON/H
  286  288  306  319  325  330  331  335  334  339  337  337  332  323  314  295
  281  261  248  237  232  229  230  228  226  215  207  199  195  189  184  178
  172  173  169  170  167  165  160  154  146  136  124  112   99   89   81   78
   75   73   70   69   70   70   68   66   63   64   68   80   95  115  133  150
  161  175  189  202  212  222  232  261  286                                   
    15.0-180.0 180.0   5.0 450.0                            LAT/LON1/LON2/DLON/H
  300  303  322  333  345  348  352  354  358  363  363  364  362  357  349  333
  318  297  283  270  265  258  255  243  235  217  208  197  196  190  188  181
  180  181  180  182  181  177  171  159  149  133  122  106   96   83   78   72
   71   69   68   67   68   67   65   63   59   60   63   75   93  115  140  159
  174  189  204  216  227  234  246  274  300                                   
    12.5-180.0 180.0   5.0 450.0                            LAT/LON1/LON2/DLON/H
  309  318  334  344  354  361  366  371  376  384  383  388  386  386  380  367
  352  330  318  303  299  289  280  262  242  220  206  195  193  190  190  187
  188  193  193  197  194  190  179  165  152  136  123  109   98   86   79   74
   71   69   67   67   67   66   64   61   58   58   61   73   91  116  142  168
  185  203  220  233  243  251  261  292  309                                   
    10.0-180.0 180.0   5.0 450.0                            LAT/LON1/LON2/DLON/H
  323  335  349  356  367  372  377  383  389  396  398  403  402  407  404  399
  386  370  359  345  340  324  311  286  261  235  216  202  200  197  199  196
  199  198  201  202  202  195  185  167  154  136  126  110  101   88   81   74
   72   68   68   66   66   64   61   58   54   53   56   67   88  113  147  175
  199  218  238  251  263  270  283  313  323                                   
     7.5-180.0 180.0   5.0 450.0                            LAT/LON1/LON2/DLON/H
  337  356  362  371  379  385  388  394  399  407  408  414  412  420  417  416
  406  396  386  375  369  352  334  305  277  246  222  207  205  200  203  200
