data/unet/pred0530.15i
     1.0            IONOSPHERE MAPS     GNSS                IONEX VERSION / TYPE
pyspatialgeodesy        IME             05-JAN-18 20:20     PGM / RUN BY / DATE 
Map Name                                                    COMMENT             
Predicted global ionosphere maps (GIM).                     DESCRIPTION         
  2015     2    22     0     0     0                        EPOCH OF FIRST MAP  
  2015     2    23     0     0     0                        EPOCH OF LAST MAP   
  7200                                                      INTERVAL            
    13                                                      # OF MAPS IN FILE   
  NONE                                                      MAPPING FUNCTION    
10.0                                                        ELEVATION CUTOFF    
One-way carrier phase leveled to code                       OBSERVABLES USED    
  6371.0                                                    BASE RADIUS         
 2                                                          MAP DIMENSION       
   450.0 450.0   0.0                                        HGT1 / HGT2 / DHGT  
    87.5 -87.5  -2.5                                        LAT1 / LAT2 / DLAT  
  -180.0 180.0   5.0                                        LON1 / LON2 / DLON  
    -1                                                      EXPONENT            
                                                            END OF HEADER       
[from data line 3861]
    10                                                      START OF TEC MAP    
  2015     2    22    18     0     0                        EPOCH OF CURRENT MAP
    87.5-180.0 180.0   5.0 450.0                            LAT/LON1/LON2/DLON/H
  181  150  149  151  150  149  149  149  151  151  153  153  155  154  157  155
  158  156  159  157  160  158  160  158  159  156  157  154  154  151  151  148
  148  145  146  142  144  141  142  139  141  137  139  136  139  136  139  136
  139  136  140  137  142  140  144  142  146  145  147  146  149  148  150  149
  150  150  152  151  155  154  161  166  181                                   
    85.0-180.0 180.0   5.0 450.0                            LAT/LON1/LON2/DLON/H
  138  137  137  140  139  140  139  142  141  144  144  147  147  151  150  153
  152  155  154  156  155  156  154  156  153  154  151  152  148  149  145  145
  141  143  138  139  135  137  133  135  131  133  129  131  129  131  129  132
  130  133  131  135  133  137  135  139  137  142  138  143  140  145  141  145
  142  146  144  145  145  141  147  156  138                                   
    82.5-180.0 180.0   5.0 450.0                            LAT/LON1/LON2/DLON/H
  123  117  119  117  119  118  120  122  126  129  133  137  141  143  147  148
  151  151  153  153  153  153  151  150  148  147  144  144  140  139  135  134
  130  129  126  125  122  122  119  119  117  116  115  115  115  116  117  119
  120  122  124  125  127  128  130  130  132  132  133  132  134  132  133  131
  132  130  131  128  128  119  121  125  123                                   
    80.0-180.0 180.0   5.0 450.0                            LAT/LON1/LON2/DLON/H
  101   99   96   96   98   98  102  104  110  114  121  126  132  136  140  143
  146  147  149  149  150  148  148  146  144  143  140  138  135  132  128  125
  122  118  116  112  111  108  106  104  102  100   99   99   99  100  101  103
  105  108  110  114  116  119  120  123  123  125  125  126  127  126  126  124
  123  121  119  115  112  103  103  106  101                                   
    77.5-180.0 180.0   5.0 450.0                            LAT/LON1/LON2/DLON/H
   79   77   76   74   76   77   81   87   93  101  110  118  126  132  138  142
  146  148  149  149  148  146  144  143  140  138  136  133  131  127  124  119
  117  113  111  107  105  102   99   97   93   92   89   90   88   89   89   91
   93   97  101  103  107  109  113  114  117  116  119  117  119  117  117  114
  114  110  107  101   96   87   84   87   79                                   
    75.0-180.0 180.0   5.0 450.0                            LAT/LON1/LON2/DLON/H
   67   68   64   66   67   71   74   83   89  101  109  121  130  140  145  152
  153  158  156  158  153  153  146  147  140  141  136  135  131  128  124  121
  117  114  111  108  105  101   97   94   90   88   84   84   81   83   82   85
   85   91   92   97   99  103  105  108  109  111  111  113  112  113  110  110
  106  105  100   95   88   80   78   82   67                                   
    72.5-180.0 180.0   5.0 450.0                            LAT/LON1/LON2/DLON/H
   63   63   61   65   65   70   75   85   92  104  117  128  141  149  159  164
  168  169  170  168  166  162  158  154  151  147  147  142  142  136  134  127
  125  119  116  111  108  103   99   95   90   88   83   82   79   80   79   81
   83   87   90   94   98  100  102  103  105  105  107  105  107  104  105  101
  101   97   94   88   81   73   75   75   63                                   
    70.0-180.0 180.0   5.0 450.0                            LAT/LON1/LON2/DLON/H
   68   70   68   74   74   81   86   96  104  116  129  141  154  165  174  180
  184  186  187  190  187  185  179  175  167  164  159  157  153  150  145  141
  134  130  123  120  113  110  103   99   93   88   83   81   77   78   76   79
   78   85   85   92   91   96   94   96   95   96   95   97   97   98   97   97
   96   95   92   88   80   74   75   76   68                                   
    67.5-180.0 180.0   5.0 450.0                            LAT/LON1/LON2/DLON/H
   67   71   75   81   84   91   97  108  117  132  145  161  173  184  193  199
  203  205  210  212  211  207  201  197  189  184  178  173  169  164  160  154
  147  140  133  127  120  114  107  100   93   88   83   79   76   75   73   75
   75   80   81   85   85   88   86   88   87   88   87   89   91   91   92   91
   91   88   86   81   75   70   74   73   67                                   
    65.0-180.0 180.0   5.0 450.0                            LAT/LON1/LON2/DLON/H
   68   76   82   91   94  105  111  125  133  150  162  178  190  201  210  216
  220  224  230  234  232  228  223  217  209  201  194  186  181  176  171  164
  156  150  140  133  124  118  109  103   94   89   81   77   72   71   68   70
   68   74   73   77   75   78   74   77   74   76   75   78   78   81   82   83
   83   82   79   76   70   66   71   70   68                                   
    62.5-180.0 180.0   5.0 450.0                            LAT/LON1/LON2/DLON/H
   58   67   80   87   95  106  118  133  148  164  180  196  207  218  227  234
  236  241  246  251  248  245  237  233  221  215  204  200  192  189  182  176
  167  160  147  139  127  120  109  102   93   86   79   72   68   63   63   61
   62   62   63   64   63   65   63   65   63   65   64   68   69   73   74   75
   74   72   69   65   61   56   63   59   58                                   
    60.0-180.0 180.0   5.0 450.0                            LAT/LON1/LON2/DLON/H
   44   58   73   83   92  105  121  140  157  179  194  212  222  234  240  248
  249  256  258  265  261  258  248  244  230  223  214  208  203  200  194  188
  179  170  157  146  132  122  112  102   94   86   79   70   66   60   59   55
   55   53   53   53   52   53   53   54   55   57   57   62   62   67   67   68
   67   64   61   58   52   50   54   46   44                                   
    57.5-180.0 180.0   5.0 450.0                            LAT/LON1/LON2/DLON/H
   30   44   64   74   86  100  116  139  159  181  201  218  233  243  252  258
  261  266  271  275  271  265  254  246  233  228  218  216  210  213  208  205
  194  184  169  156  138  127  115  105   96   87   81   72   67   60   58   53
   51   48   47   45   46   47   48   51   52   56   57   61   62   66   66   67
   64   61   58   53   49   44   48   35   30                                   
    55.0-180.0 180.0   5.0 450.0                            LAT/LON1/LON2/DLON/H
   27   43   55   68   83   98  119  141  169  191  214  231  245  256  262  269
  273  278  280  283  279  272  259  250  236  235  227  227  225  230  229  226
  216  204  187  170  153  137  126  113  106   96   90   80   75   67   65   57
   56   50   49   46   46   46   50   52   57   60   63   67   68   71   71   71
   69   66   62   58   53   47   50   34   27                                   
    52.5-180.0 180.0   5.0 450.0                            LAT/LON1/LON2/DLON/H
   35   46   60   72   87  105  123  149  173  199  219  238  252  261  272  279
  287  290  293  293  287  276  264  252  241  238  234  238  237  246  246  245
  235  221  201  183  164  148  135  125  115  107  100   93   87   79   74   68
   65   61   58   55   55   57   58   64   67   73   75   79   81   81   83   81
   81   76   75   69   66   59   59   43   35                                   
    50.0-180.0 180.0   5.0 450.0                            LAT/LON1/LON2/DLON/H
   59   64   72   84   99  115  138  160  188  211  234  248  264  272  285  292
  300  302  307  302  295  282  269  259  248  247  245  252  255  264  265  262
  251  235  215  195  179  162  150  138  131  120  116  106  103   93   92   84
   84   77   77   73   74   74   78   81   86   90   94   96   96   98   98   98
   96   96   92   90   84   78   76   65   59                                   
    47.5-180.0 180.0   5.0 450.0                            LAT/LON1/LON2/DLON/H
   81   81   88   98  115  133  153  177  199  224  243  259  273  284  297  304
  316  318  321  315  305  289  276  265  258  256  259  264  267  275  273  267
  254  236  218  200  185  170  159  147  138  130  124  118  114  109  106  102
  100   98   97   94   94   94   97  100  104  107  110  110  112  111  114  112
  114  112  113  108  106   98   97   92   81                                   
    45.0-180.0 180.0   5.0 450.0                            LAT/LON1/LON2/DLON/H
   99  101  107  119  138  154  176  196  218  240  256  270  285  296  309  319
  332  336  338  327  317  300  288  279  272  273  274  279  278  280  273  264
  248  230  215  200  189  176  167  154  148  138  134  126  124  118  119  114
  116  114  117  113  114  112  114  115  119  121  123  124  124  127  128  128
  129  129  131  130  128  124  122  113   99                                   
    42.5-180.0 180.0   5.0 450.0                            LAT/LON1/LON2/DLON/H
  107  111  117  130  152  171  192  213  231  253  267  284  296  310  322  336
  346  350  346  341  325  315  301  294  287  286  286  285  281  276  264  249
  231  218  208  198  191  181  171  162  153  144  137  131  129  126  125  124
  125  126  128  126  127  124  126  126  130  130  131  130  130  132  137  136
  139  138  141  140  142  137  136  129  107                                   
    40.0-180.0 180.0   5.0 450.0                            LAT/LON1/LON2/DLON/H
  108  113  123  144  165  185  207  229  246  267  280  296  308  322  334  350
  359  363  359  350  340  329  319  311  303  300  296  291  281  270  253  235
  221  212  207  202  198  188  180  169  161  149  143  135  133  128  128  125
  128  127  131  129  130  126  127  128  131  131  132  132  133  136  142  143
  144  143  143  143  143  141  141  128  108                                   
    37.5-180.0 180.0   5.0 450.0                            LAT/LON1/LON2/DLON/H
   96  104  117  139  164  184  209  231  250  272  289  308  324  338  350  363
  368  373  367  365  354  347  337  327  317  309  302  293  280  263  247  230
  220  218  218  219  215  207  196  183  172  160  152  144  139  134  132  127
  127  126  128  127  127  126  123  124  126  126  127  127  129  133  138  140
  141  137  135  132  133  131  133  123   96                                   
    35.0-180.0 180.0   5.0 450.0                            LAT/LON1/LON2/DLON/H
   86   90  108  135  161  186  211  237  258  282  303  324  342  358  369  381
  386  387  384  378  372  363  354  342  331  320  312  300  287  272  258  247
  242  241  246  246  244  233  221  205  192  177  169  159  154  146  142  134
  130  124  123  119  119  116  116  115  119  119  122  120  124  128  134  135
  133  128  120  114  112  111  114  106   86                                   
    32.5-180.0 180.0   5.0 450.0                            LAT/LON1/LON2/DLON/H
   70   77   90  118  147  173  202  228  254  281  311  336  358  375  383  394
  396  401  397  397  389  383  369  356  343  332  323  316  305  297  287  286
  284  292  294  297  289  277  259  240  222  206  195  185  178  169  161  149
  140  129  123  118  116  116  115  117  120  121  123  123  124  127  131  130
  126  115  106   97   94   92   94   90   70                                   
    30.0-180.0 180.0   5.0 450.0                            LAT/LON1/LON2/DLON/H
   56   68   87  111  140  170  201  228  257  286  320  347  372  388  397  406
  409  412  409  410  405  397  382  365  353  343  338  336  330  331  329  337
  345  356  359  357  348  334  311  284  260  244  230  220  212  204  194  182
  166  152  133  125  119  124  123  130  130  133  135  136  138  137  139  136
  132  120  105   94   83   82   81   76   56                                   
    27.5-180.0 180.0   5.0 450.0                            LAT/LON1/LON2/DLON/H
   56   76   90  115  141  169  198  225  256  286  323  355  384  402  410  419
  421  425  422  425  421  412  394  376  364  358  360  366  371  382  392  412
  430  450  450  439  419  398  374  341  315  289  275  260  250  241  230  217
  196  173  148  142  132  143  140  151  147  150  147  147  147  145  148  142
  140  124  111   95   87   78   79   67   56                                   
    25.0-180.0 180.0   5.0 450.0                            LAT/LON1/LON2/DLON/H
   76   90  105  130  155  184  211  237  264  295  331  365  395  417  427  439
  439  444  441  442  435  425  405  388  380  382  392  409  430  449  474  501
  534  551  549  524  487  446  413  382  349  327  309  300  290  287  277  268
  238  214  185  177  169  182  186  192  191  184  179  171  170  167  169  167
  158  143  124  106   91   84   86   76   76                                   
    22.5-180.0 180.0   5.0 450.0                            LAT/LON1/LON2/DLON/H
  104  113  128  152  182  206  231  250  276  304  342  375  405  427  440  452
  455  459  457  455  447  433  412  399  397  415  439  473  504  530  566  596
  626  635  628  589  538  482  442  400  361  337  326  329  330  337  329  325
  298  264  222  205  196  204  215  224  222  214  208  201  198  195  197  196
  192  178  154  133  114  105   97  101  104                                   
    20.0-180.0 180.0   5.0 450.0                            LAT/LON1/LON2/DLON/H
  135  129  150  174  204  229  254  272  296  319  353  389  415  442  456  470
  474  481  479  474  460  445  425  419  427  459  499  539  581  607  643  671
  704  706  696  644  585  507  454  398  362  336  330  332  340  353  358  354
  338  311  281  260  255  258  266  264  254  237  225  218  211  210  207  213
  209  206  186  165  139  126  117  115  135                                   
    17.5-180.0 180.0   5.0 450.0                            LAT/LON1/LON2/DLON/H
  151  145  170  199  229  257  278  292  314  334  364  391  424  451  470  485
  498  505  506  496  479  459  446  449  472  511  559  602  643  668  697  726
  740  742  719  673  604  528  458  407  364  341  331  335  345  366  378  385
  375  360  333  318  310  313  315  301  285  264  246  233  221  216  211  215
  214  212  197  183  160  147  135  135  151                                   
    15.0-180.0 180.0   5.0 450.0                            LAT/LON1/LON2/DLON/H
  155  149  185  213  244  274  296  310  332  348  386  419  450  479  498  519
  531  542  540  531  506  484  474  488  521  568  617  656  690  710  734  746
  749  739  714  667  604  528  462  404  365  336  323  325  339  367  392  403
  406  388  374  358  357  355  348  328  306  277  257  238  222  218  207  212
  212  214  200  189  165  151  145  140  155                                   
    12.5-180.0 180.0   5.0 450.0                            LAT/LON1/LON2/DLON/H
  151  153  188  220  255  287  311  328  351  370  406  433  471  498  524  547
  571  580  580  566  543  522  518  535  573  616  656  691  715  731  739  743
  733  720  692  654  593  530  468  419  377  349  326  323  330  361  389  408
  410  402  392  385  385  381  373  353  332  301  274  251  233  221  212  212
  208  208  194  179  162  148  138  138  151                                   
    10.0-180.0 180.0   5.0 450.0                            LAT/LON1/LON2/DLON/H
  142  147  184  225  262  295  321  345  369  391  430  465  508  539  566  595
  622  634  634  620  591  570  564  596  630  671  699  715  729  737  737  729
  712  692  666  632  589  529  477  424  385  355  328  318  323  346  379  396
  409  405  403  401  400  392  382  358  334  302  273  247  229  216  206  205
  197  193  178  164  147  139  131  128  142                                   
     7.5-180.0 180.0   5.0 450.0                            LAT/LON1/LON2/DLON/H
  135  144  183  223  264  298  329  358  387  418  453  495  534  570  600  632
  656  676  674  667  637  611  608  638  676  707  718  727  728  732  722  708
