data/unet/pred0320.15i
     1.0            IONOSPHERE MAPS     GNSS                IONEX VERSION / TYPE
pyspatialgeodesy        IME             05-JAN-18 20:20     PGM / RUN BY / DATE 
Map Name                                                    COMMENT             
Predicted global ionosphere maps (GIM).                     DESCRIPTION         
  2015     2     1     0     0     0                        EPOCH OF FIRST MAP  
  2015     2     2     0     0     0                        EPOCH OF LAST MAP   
  7200                                                      INTERVAL            
    13                                                      # OF MAPS IN FILE   
  NONE                                                      MAPPING FUNCTION    
10.0                                                        ELEVATION CUTOFF    
One-way carrier phase leveled to code                       OBSERVABLES USED    
  6371.0                                                    BASE RADIUS         
 2                                                          MAP DIMENSION       
   450.0 450.0   0.0                                        HGT1 / HGT2 / DHGT  
    87.5 -87.5  -2.5                                        LAT1 / LAT2 / DLAT  
  -180.0 180.0   5.0                                        LON1 / LON2 / DLON  
    -1                                                      EXPONENT            
                                                            END OF HEADER       
     1                                                      START OF TEC MAP    
  2015     2     1     0     0     0                        EPOCH OF CURRENT MAP
    87.5-180.0 180.0   5.0 450.0                            LAT/LON1/LON2/DLON/H
  140  110  108  105  101   99  100   99   99   98   98   96   96   94   95   93
   94   91   92   88   90   85   87   82   85   79   82   76   80   74   77   71
   75   69   73   68   72   68   73   68   74   70   76   73   78   75   80   77
   82   80   84   83   85   85   87   86   88   88   89   88   90   89   90   89
   90   90   91   91   95   93  102  132  140                                   
    85.0-180.0 180.0   5.0 450.0                            LAT/LON1/LON2/DLON/H
  118  109  116  114  113  108  113  109  112  107  109  104  106  102  104   99
  100   95   96   90   91   84   84   77   77   70   70   62   63   56   57   50
   53   47   50   45   49   46   50   49   54   54   60   59   65   64   70   69
   74   73   78   77   81   81   84   84   86   86   88   88   91   90   92   91
   94   93   97   95  100   92   94  108  118                                   
    82.5-180.0 180.0   5.0 450.0                            LAT/LON1/LON2/DLON/H
  125  123  128  129  128  127  130  128  131  127  129  124  126  121  122  117
  117  111  110  103  102   94   93   84   82   73   71   62   61   53   51   45
   46   41   43   40   44   42   48   48   54   54   61   62   68   69   75   74
   80   78   84   83   88   86   92   89   95   92   97   95  101   98  103  101
  106  105  110  108  112  105  108  115  125                                   
    80.0-180.0 180.0   5.0 450.0                            LAT/LON1/LON2/DLON/H
  137  139  143  147  146  149  151  152  153  151  151  149  147  144  143  139
  136  133  130  126  122  117  111  105   98   91   84   77   70   64   59   55
   53   51   52   51   55   56   61   63   68   71   76   78   82   84   87   89
   91   92   94   95   96   97   99   99  101  101  103  104  106  108  110  112
  115  117  121  123  125  122  123  130  137                                   
    77.5-180.0 180.0   5.0 450.0                            LAT/LON1/LON2/DLON/H
  154  153  157  163  166  171  175  177  178  177  177  174  171  165  161  155
  150  146  142  139  136  132  128  122  115  107   99   91   83   75   69   63
   61   58   60   60   64   65   71   74   79   81   86   87   90   91   94   95
   96   97   98   99   99  100  101  101  102  103  104  106  108  111  113  117
  119  123  127  130  133  133  135  141  154                                   
    75.0-180.0 180.0   5.0 450.0                            LAT/LON1/LON2/DLON/H
  167  166  174  181  186  193  198  202  202  203  201  198  192  184  175  166
  158  152  147  145  143  142  140  136  130  124  116  107   98   90   82   76
   72   71   71   73   76   80   84   89   92   96   98   99  100  101  102  102
  101  101  101  101  100  101  100  101  100  101  101  104  106  109  113  118
  122  127  132  136  142  144  147  153  167                                   
    72.5-180.0 180.0   5.0 450.0                            LAT/LON1/LON2/DLON/H
  183  182  191  199  206  213  220  224  226  226  224  217  208  195  181  165
  153  143  138  136  137  139  141  142  141  137  130  123  113  105   97   91
   86   84   85   86   89   93   98  101  104  105  107  106  106  104  104  101
  101   98   98   96   95   94   94   92   93   92   95   97  102  105  111  117
  125  131  138  144  152  157  162  169  183                                   
    70.0-180.0 180.0   5.0 450.0                            LAT/LON1/LON2/DLON/H
  204  202  212  220  227  236  243  250  252  253  248  238  222  203  181  159
  142  129  123  121  125  130  136  141  143  143  139  133  126  118  110  103
   98   95   95   97   99  103  106  108  109  109  109  107  104  101   99   96
   93   90   90   89   87   86   85   84   84   85   88   91   97  103  111  119
  129  137  146  154  164  170  179  188  204                                   
    67.5-180.0 180.0   5.0 450.0                            LAT/LON1/LON2/DLON/H
  229  222  233  241  250  260  270  278  283  283  277  260  240  211  181  153
  130  115  107  107  111  119  127  135  140  143  141  137  131  125  116  110
  103  100   99  100  101  103  104  104  104  103  102   99   95   90   87   82
   80   78   78   78   77   76   76   75   76   76   80   85   93  100  111  121
  134  144  155  164  175  183  192  207  229                                   
    65.0-180.0 180.0   5.0 450.0                            LAT/LON1/LON2/DLON/H
  255  246  256  262  268  279  290  301  309  310  304  286  259  225  187  154
  126  107   99   97  102  109  118  126  132  135  134  132  127  122  115  109
  103   99   96   95   95   95   95   93   92   90   89   85   80   75   72   68
   67   67   68   70   70   71   70   69   70   71   76   82   92  103  115  128
  142  153  166  175  186  195  205  225  255                                   
    62.5-180.0 180.0   5.0 450.0                            LAT/LON1/LON2/DLON/H
  278  265  274  276  282  291  304  317  328  331  326  308  281  241  201  165
  134  112  101   97   99  103  108  114  117  118  117  115  112  108  103   99
   94   90   86   84   82   80   79   76   75   73   70   67   62   58   55   53
   54   55   59   63   66   66   66   66   67   69   74   83   95  109  122  136
  153  165  177  188  198  207  215  241  278                                   
    60.0-180.0 180.0   5.0 450.0                            LAT/LON1/LON2/DLON/H
  297  283  289  289  291  300  312  327  340  348  344  330  303  265  223  187
  154  129  115  106  103  101  100   99   99   96   95   92   92   90   88   85
   83   79   76   72   69   66   64   61   60   58   56   52   48   45   44   44
   46   49   54   60   63   65   65   66   67   70   76   87  103  118  134  150
  167  179  191  201  210  218  226  253  297                                   
    57.5-180.0 180.0   5.0 450.0                            LAT/LON1/LON2/DLON/H
  313  298  303  302  301  306  317  329  343  350  352  340  320  287  252  216
  184  158  138  124  113  104   95   87   80   75   72   70   72   72   73   72
   71   68   65   61   58   55   52   50   49   47   45   44   41   39   38   39
   43   47   55   60   64   67   68   69   70   74   81   95  113  130  149  166
  184  196  208  217  225  231  237  264  313                                   
    55.0-180.0 180.0   5.0 450.0                            LAT/LON1/LON2/DLON/H
  328  317  322  319  316  318  324  336  346  357  357  351  333  309  279  248
  217  190  166  145  127  109   94   80   69   60   57   56   59   61   64   65
   66   64   62   58   55   52   51   49   48   47   47   45   44   42   42   42
   46   51   58   63   68   72   74   75   77   81   90  105  124  145  165  183
  199  213  225  234  240  246  251  276  328                                   
    52.5-180.0 180.0   5.0 450.0                            LAT/LON1/LON2/DLON/H
  345  339  344  341  338  335  337  341  348  351  353  345  336  317  300  274
  249  218  191  165  141  119   98   81   67   57   54   53   57   61   64   66
   67   66   65   63   60   59   57   57   56   56   55   55   53   52   52   52
   55   60   66   71   76   81   82   83   84   90   99  115  136  158  180  198
  216  231  243  252  259  264  269  291  345                                   
    50.0-180.0 180.0   5.0 450.0                            LAT/LON1/LON2/DLON/H
  365  372  377  376  370  366  359  358  355  355  349  342  333  321  308  290
  267  238  207  179  152  126  104   86   74   64   61   62   66   70   73   74
   75   74   74   74   74   73   73   71   72   71   72   71   70   68   67   67
   69   72   77   82   87   92   93   94   96  101  111  126  150  171  193  212
  230  247  260  271  278  284  289  307  365                                   
    47.5-180.0 180.0   5.0 450.0                            LAT/LON1/LON2/DLON/H
  385  399  409  414  409  401  388  377  367  355  346  333  325  314  307  292
  274  245  215  187  161  137  116  101   89   82   80   81   84   86   86   86
   85   85   86   88   88   90   88   88   86   87   87   86   85   83   82   82
   84   85   88   94   98  103  104  106  107  114  122  139  161  183  205  224
  244  261  275  289  298  303  309  321  385                                   
    45.0-180.0 180.0   5.0 450.0                            LAT/LON1/LON2/DLON/H
  404  432  441  450  446  440  420  406  384  369  350  334  321  312  304  290
  271  244  215  190  169  149  133  120  111  105  103  102  102  101   98   96
   94   94   96   99  102  103  103  101  100  100  101  100  100   98   98   97
   99  100  102  106  111  115  117  120  123  129  139  154  175  195  214  232
  250  270  286  303  315  324  329  336  404                                   
    42.5-180.0 180.0   5.0 450.0                            LAT/LON1/LON2/DLON/H
  415  442  458  468  468  461  444  425  401  377  356  334  320  306  299  282
  264  237  213  193  179  167  156  146  137  131  125  122  118  113  107  102
   99  100  102  107  109  111  108  108  106  107  107  108  108  108  108  108
  110  111  113  116  120  126  129  134  138  147  156  172  190  206  224  239
  257  274  293  311  328  337  343  347  415                                   
    40.0-180.0 180.0   5.0 450.0                            LAT/LON1/LON2/DLON/H
  424  455  466  477  474  472  456  440  413  389  363  341  323  308  296  279
  259  235  214  201  193  188  180  172  161  151  142  134  127  119  112  106
  103  103  107  110  114  113  112  109  110  110  113  113  114  113  114  115
  117  118  120  123  128  134  140  146  155  164  176  188  205  218  233  247
  262  278  297  314  332  343  353  356  424                                   
    37.5-180.0 180.0   5.0 450.0                            LAT/LON1/LON2/DLON/H
  422  444  458  464  464  460  450  436  415  390  367  343  326  308  297  277
  258  236  223  215  213  210  202  191  176  162  148  139  130  122  114  109
  105  105  108  112  113  113  110  109  109  112  114  114  114  113  114  114
  118  119  122  125  131  138  146  157  166  180  192  206  221  234  248  258
  271  283  300  315  331  343  354  358  422                                   
    35.0-180.0 180.0   5.0 450.0                            LAT/LON1/LON2/DLON/H
  427  446  451  452  447  444  436  428  409  390  366  346  328  314  299  283
  264  248  238  235  233  228  217  201  181  162  148  138  131  125  120  116
  114  113  116  118  118  116  113  112  113  114  117  116  114  110  110  109
  113  114  118  123  130  138  148  159  174  188  205  220  237  250  261  271
  281  293  307  319  332  346  365  367  427                                   
    32.5-180.0 180.0   5.0 450.0                            LAT/LON1/LON2/DLON/H
  439  447  447  439  431  422  416  409  397  381  361  342  328  314  304  288
  274  262  258  254  250  238  219  198  175  157  145  139  137  136  135  135
  134  134  133  133  130  127  121  120  120  122  123  120  116  108  105  102
  105  106  111  116  125  133  145  157  172  191  211  230  249  263  275  284
  294  303  314  325  335  352  371  373  439                                   
    30.0-180.0 180.0   5.0 450.0                            LAT/LON1/LON2/DLON/H
  475  484  475  458  441  425  412  402  388  373  356  339  326  317  306  295
  284  277  273  268  257  236  211  185  164  151  147  148  154  160  167  171
  171  168  164  159  152  144  137  134  135  134  135  128  120  109  102   97
   97   98  103  109  118  127  137  149  167  187  212  233  254  270  285  296
  306  315  325  335  342  362  392  395  475                                   
    27.5-180.0 180.0   5.0 450.0                            LAT/LON1/LON2/DLON/H
  522  532  521  506  481  458  432  415  395  379  360  343  330  320  310  299
  292  285  281  270  250  223  193  170  157  155  161  176  192  209  220  227
  227  219  208  194  180  169  159  155  153  153  149  140  128  113  102   94
   94   92   97  101  109  115  126  138  157  180  208  233  257  275  296  311
  326  333  343  349  356  378  412  425  522                                   
    25.0-180.0 180.0   5.0 450.0                            LAT/LON1/LON2/DLON/H
  595  618  604  596  570  537  501  467  439  409  383  357  342  327  316  304
  296  289  281  263  235  204  177  162  165  179  200  226  253  276  289  295
  286  272  250  229  208  193  181  175  173  170  164  152  137  120  105   98
   94   93   93   98  103  108  116  130  152  177  210  237  265  287  314  336
  353  363  372  378  384  410  454  479  595                                   
    22.5-180.0 180.0   5.0 450.0                            LAT/LON1/LON2/DLON/H
  659  692  691  694  673  640  594  554  507  470  430  398  371  349  331  314
  301  288  272  247  216  190  173  177  198  227  265  299  331  349  355  350
  335  312  287  260  235  216  202  194  188  184  174  163  145  128  113  104
   99   95   93   93   97  102  112  129  153  183  220  251  280  305  339  369
  395  410  421  424  430  457  505  537  659                                   
    20.0-180.0 180.0   5.0 450.0                            LAT/LON1/LON2/DLON/H
  739  782  798  811  799  763  720  670  621  568  517  468  429  393  365  337
  316  292  267  235  208  191  193  217  260  312  356  390  411  416  404  387
  360  336  308  280  254  232  216  207  200  195  184  172  154  139  125  116
  108  101   95   92   93   98  107  129  158  195  237  270  301  330  370  410
  442  465  479  486  491  520  581  606  739                                   
    17.5-180.0 180.0   5.0 450.0                            LAT/LON1/LON2/DLON/H
  783  848  876  906  899  874  832  787  739  687  625  570  511  462  415  377
  340  306  274  242  221  220  242  293  357  415  451  469  469  457  427  401
  371  346  322  296  268  243  228  220  210  202  191  179  164  149  137  125
  115  105   98   91   91   94  106  129  166  208  252  286  320  355  400  444
  480  507  528  541  554  585  640  666  783                                   
    15.0-180.0 180.0   5.0 450.0                            LAT/LON1/LON2/DLON/H
  830  903  945  975  988  963  940  900  859  810  756  685  620  556  497  441
  393  350  308  279  269  287  339  409  474  520  534  521  498  461  423  389
  363  340  321  295  269  250  238  231  220  212  198  187  173  160  148  134
  124  112  104   97   97  101  115  141  182  227  273  306  341  377  431  474
  517  547  578  594  618  647  703  714  830                                   
    12.5-180.0 180.0   5.0 450.0                            LAT/LON1/LON2/DLON/H
  825  912  958  996 1013 1004  995  971  939  905  858  796  727  655  588  529
  467  420  372  351  351  394  453  523  571  589  569  532  475  426  381  355
  336  324  311  292  272  256  249  243  231  220  205  191  179  165  152  140
  130  119  112  102  102  106  124  152  195  242  284  318  352  394  442  489
  531  569  601  625  650  678  727  736  825                                   
    10.0-180.0 180.0   5.0 450.0                            LAT/LON1/LON2/DLON/H
  830  904  957  994 1020 1013 1018 1001  999  971  939  881  828  754  697  621
  564  504  463  446  460  510  571  630  647  623  573  497  429  369  332  312
  307  302  298  285  272  263  256  251  241  230  213  199  185  169  157  145
  137  127  120  110  111  117  137  166  212  253  295  324  364  402  456  500
  550  586  625  647  677  699  745  742  830                                   
     7.5-180.0 180.0   5.0 450.0                            LAT/LON1/LON2/DLON/H
  794  865  903  951  972  991  992 1003 1000  997  969  929  881  827  773  711
  648  593  551  542  558  611  656  687  663  606  520  433  355  310  287  285
