data/unet/pred0110.15i
     1.0            IONOSPHERE MAPS     GNSS                IONEX VERSION / TYPE
pyspatialgeodesy        IME             05-JAN-18 20:20     PGM / RUN BY / DATE 
Map Name                                                    COMMENT             
Predicted global ionosphere maps (GIM).                     DESCRIPTION         
  2015     1    11     0     0     0                        EPOCH OF FIRST MAP  
  2015     1    12     0     0     0                        EPOCH OF LAST MAP   
  7200                                                      INTERVAL            
    13                                                      # OF MAPS IN FILE   
  NONE                                                      MAPPING FUNCTION    
10.0                                                        ELEVATION CUTOFF    
One-way carrier phase leveled to code                       OBSERVABLES USED    
  6371.0                                                    BASE RADIUS         
 2                                                          MAP DIMENSION       
   450.0 450.0   0.0                                        HGT1 / HGT2 / DHGT  
    87.5 -87.5  -2.5                                        LAT1 / LAT2 / DLAT  
  -180.0 180.0   5.0                                        LON1 / LON2 / DLON  
    -1                                                      EXPONENT            
                                                            END OF HEADER       
[from data line 4719]
    12                                                      START OF TEC MAP    
  2015     1    11    22     0     0                        EPOCH OF CURRENT MAP
    87.5-180.0 180.0   5.0 450.0                            LAT/LON1/LON2/DLON/H
  161  106   85   87   86   86   86   86   86   87   87   87   87   88   88   89
   89   90   90   91   91   91   91   91   91   91   91   91   91   92   91   92
   92   92   92   93   93   93   93   93   94   94   94   95   95   95   96   96
   96   97   97   97   97   97   97   97   97   97   96   95   94   94   92   92
   91   90   89   89   89   87   91  132  161                                   
    85.0-180.0 180.0   5.0 450.0                            LAT/LON1/LON2/DLON/H
   95   76   74   75   76   75   77   77   79   79   81   81   83   83   85   84
   86   85   87   86   87   86   87   86   87   86   86   85   86   85   86   85
   86   86   87   86   87   87   88   87   89   88   90   89   91   90   93   92
   94   93   95   94   96   94   96   94   94   92   92   90   89   87   85   83
   82   80   79   76   78   74   78  108   95                                   
    82.5-180.0 180.0   5.0 450.0                            LAT/LON1/LON2/DLON/H
   81   74   72   74   74   74   78   79   82   83   86   87   89   89   91   91
   92   91   91   90   90   88   88   86   86   84   85   83   85   83   85   83
   85   83   86   84   87   85   87   86   88   87   90   89   92   92   94   95
   97   98   99   99  100  100   99   98   97   95   93   90   88   84   83   79
   78   74   74   70   71   67   70   94   81                                   
    80.0-180.0 180.0   5.0 450.0                            LAT/LON1/LON2/DLON/H
   81   74   71   75   76   80   83   86   90   92   95   97  100  100  101  100
  100   98   96   94   92   90   88   86   84   83   82   82   81   82   81   82
   82   82   82   82   82   82   81   82   82   82   83   84   85   86   88   89
   92   93   95   96   98   97   97   96   95   92   89   87   83   80   76   73
   70   68   65   64   64   62   63   81   81                                   
    77.5-180.0 180.0   5.0 450.0                            LAT/LON1/LON2/DLON/H
   83   80   78   82   86   89   95   98  104  107  112  114  116  116  116  113
  111  106  104   99   95   90   88   83   82   79   79   77   78   77   78   78
   79   78   78   77   77   76   76   74   74   74   74   75   76   77   79   81
   83   86   87   90   91   92   91   92   89   88   84   82   77   73   70   66
   63   60   59   57   60   57   60   80   83                                   
    75.0-180.0 180.0   5.0 450.0                            LAT/LON1/LON2/DLON/H
   91   90   89   99  104  110  115  122  127  132  136  138  139  138  136  132
  127  121  115  108  102   95   90   86   82   80   78   78   77   78   77   78
   78   78   77   77   74   73   71   70   68   68   67   67   67   68   69   72
   74   77   79   81   83   85   85   85   84   82   79   76   72   69   64   62
   59   58   57   58   60   63   68   86   91                                   
    72.5-180.0 180.0   5.0 450.0                            LAT/LON1/LON2/DLON/H
  104  106  107  118  126  132  140  146  153  157  162  164  164  161  156  149
  142  132  124  114  106   97   91   85   81   78   76   75   75   75   75   76
   76   77   76   75   72   70   68   66   63   61   61   59   59   59   60   61
   63   66   69   71   73   74   75   76   74   74   70   68   65   62   59   56
   55   54   57   59   66   69   76   96  104                                   
    70.0-180.0 180.0   5.0 450.0                            LAT/LON1/LON2/DLON/H
  117  123  127  141  148  156  163  172  178  184  188  190  190  186  181  172
  162  149  138  126  116  105   97   90   84   79   76   75   72   72   71   73
   73   74   72   71   68   66   63   60   58   56   54   52   52   51   51   52
   54   55   58   59   61   62   63   64   64   63   62   61   58   57   54   53
   53   56   60   64   72   79   89  107  117                                   
    67.5-180.0 180.0   5.0 450.0                            LAT/LON1/LON2/DLON/H
  130  139  145  158  166  174  184  193  200  206  211  214  214  210  202  193
  181  167  152  138  126  114  103   93   84   79   72   70   66   65   64   65
   66   65   65   64   62   61   58   55   52   50   48   47   46   46   45   46
   46   47   47   49   49   51   51   53   53   54   53   54   52   52   51   51
   52   55   61   68   78   87   99  118  130                                   
    65.0-180.0 180.0   5.0 450.0                            LAT/LON1/LON2/DLON/H
  139  152  159  173  183  192  202  212  220  228  235  238  237  232  222  213
  198  184  168  154  139  124  113  100   91   79   72   65   60   57   53   54
   53   55   53   54   52   51   49   48   46   45   44   43   43   42   41   41
   40   40   40   40   40   40   41   42   44   45   46   48   47   49   47   50
   51   56   63   71   82   93  108  128  139                                   
    62.5-180.0 180.0   5.0 450.0                            LAT/LON1/LON2/DLON/H
  148  160  168  184  194  206  216  228  239  249  254  257  256  252  241  231
  216  201  184  167  151  134  119  105   93   81   69   61   53   49   45   43
   43   42   43   43   43   42   41   41   40   40   40   41   40   41   39   38
   35   35   33   34   32   33   32   35   36   39   40   43   44   45   46   47
   50   55   62   71   83   97  112  134  148                                   
    60.0-180.0 180.0   5.0 450.0                            LAT/LON1/LON2/DLON/H
  156  169  178  196  208  219  231  244  254  262  268  271  272  267  259  250
  236  223  202  184  164  148  130  114  101   85   74   60   52   43   38   35
   33   33   31   33   32   34   33   35   35   38   37   41   41   42   40   39
   35   34   31   30   29   29   29   31   34   36   38   41   43   45   45   47
   50   55   63   72   85   99  116  141  156                                   
    57.5-180.0 180.0   5.0 450.0                            LAT/LON1/LON2/DLON/H
  170  179  188  208  223  238  251  263  270  275  280  282  282  277  272  265
  256  240  222  198  179  158  140  122  105   90   77   64   53   44   39   32
   32   28   29   28   30   30   32   33   35   37   39   41   43   43   41   40
   36   34   31   30   29   29   29   32   34   37   39   42   45   46   47   48
   52   56   65   75   89  105  120  149  170                                   
    55.0-180.0 180.0   5.0 450.0                            LAT/LON1/LON2/DLON/H
  185  192  208  229  248  262  273  280  283  286  288  288  288  287  283  280
  271  259  237  216  192  173  151  133  115   99   88   73   64   52   46   39
   36   34   31   33   31   33   33   37   37   41   43   48   49   51   48   48
   42   41   36   36   33   34   33   36   37   41   42   45   47   49   50   52
   57   63   72   84   99  115  132  161  185                                   
    52.5-180.0 180.0   5.0 450.0                            LAT/LON1/LON2/DLON/H
  211  215  236  261  280  291  298  301  301  300  299  297  297  295  293  290
  284  270  255  230  211  185  164  144  126  110   97   84   75   64   58   50
   48   41   43   40   42   40   42   43   45   48   51   54   57   58   55   54
   49   47   43   42   41   41   40   43   44   46   46   49   51   52   55   58
   65   71   83   96  115  132  148  181  211                                   
    50.0-180.0 180.0   5.0 450.0                            LAT/LON1/LON2/DLON/H
  238  243  271  293  312  322  320  321  316  312  307  303  301  300  299  298
  289  277  258  239  218  199  174  155  137  121  109   96   89   78   71   64
   59   55   53   53   52   54   52   54   54   57   60   65   67   69   66   66
   60   59   54   54   51   52   48   52   50   52   51   53   54   56   59   64
   74   83   98  114  135  154  172  205  238                                   
    47.5-180.0 180.0   5.0 450.0                            LAT/LON1/LON2/DLON/H
  268  276  304  324  340  345  341  340  333  327  320  314  309  307  305  303
  296  280  265  244  230  209  189  168  151  134  120  108   99   89   81   73
   70   63   65   63   67   64   66   63   66   66   73   75   79   80   78   76
   72   69   65   64   62   62   60   60   58   58   57   58   59   60   64   70
   82   94  111  133  157  177  195  230  268                                   
    45.0-180.0 180.0   5.0 450.0                            LAT/LON1/LON2/DLON/H
  295  302  331  347  357  359  351  352  345  343  332  326  318  315  309  306
  295  280  263  248  235  220  198  180  160  145  131  116  106   93   86   78
   73   69   69   71   73   76   74   74   75   77   82   85   89   90   89   88
   84   82   77   76   72   72   68   68   63   63   61   61   62   63   68   76
   90  105  127  152  178  201  223  256  295                                   
    42.5-180.0 180.0   5.0 450.0                            LAT/LON1/LON2/DLON/H
  315  325  347  359  359  359  353  354  352  353  345  340  331  326  319  311
  300  281  268  252  244  228  215  192  173  155  137  123  107   95   84   75
   70   66   70   71   79   79   83   80   84   84   92   95  100  100  100   97
   95   91   88   84   81   79   75   73   70   68   66   65   65   66   71   79
   96  115  140  168  194  220  243  277  315                                   
    40.0-180.0 180.0   5.0 450.0                            LAT/LON1/LON2/DLON/H
  328  336  351  355  351  350  346  349  352  357  353  349  341  336  323  318
  303  289  272  262  254  243  225  205  181  164  144  126  110   93   83   73
   67   64   66   73   79   84   85   86   87   91   98  102  106  107  107  106
  103  100   95   92   85   83   77   76   71   70   68   67   67   68   73   84
  102  125  153  181  208  235  261  292  328                                   
    37.5-180.0 180.0   5.0 450.0                            LAT/LON1/LON2/DLON/H
  332  344  347  348  341  338  340  345  355  361  360  358  353  347  336  327
  315  298  286  275  269  257  242  218  191  169  145  127  107   93   82   72
   68   63   69   73   82   85   91   90   94   97  105  108  113  113  113  110
  107  103   98   92   86   82   78   76   73   72   71   71   71   72   78   90
  110  136  165  191  217  243  271  305  332                                   
    35.0-180.0 180.0   5.0 450.0                            LAT/LON1/LON2/DLON/H
  342  354  350  343  336  331  337  346  358  366  368  370  365  362  350  345
  332  321  308  301  292  283  262  236  202  176  151  131  114   99   91   84
   80   76   78   81   87   90   93   94   97  100  108  112  117  116  116  114
  111  106  100   94   86   83   77   77   73   73   71   72   72   74   80   96
  119  149  176  202  224  251  279  313  342                                   
    32.5-180.0 180.0   5.0 450.0                            LAT/LON1/LON2/DLON/H
  354  371  360  353  342  340  345  359  368  379  378  381  376  371  361  356
  347  336  328  322  316  302  279  247  209  180  155  138  123  113  110  105
  103   94   94   94  101  102  104  102  105  106  113  115  119  117  117  113
  110  105   99   92   85   81   78   76   75   75   75   75   75   78   85  104
  131  161  189  212  233  261  292  328  354                                   
    30.0-180.0 180.0   5.0 450.0                            LAT/LON1/LON2/DLON/H
  377  394  386  372  359  358  362  374  379  389  383  386  377  373  360  359
  349  342  336  333  328  315  288  251  212  183  163  148  144  138  144  139
  138  126  123  120  124  124  125  120  118  116  120  121  122  119  117  113
  110  104   97   92   86   84   81   81   79   80   80   81   81   85   94  115
  145  177  204  224  247  279  309  348  377                                   
    27.5-180.0 180.0   5.0 450.0                            LAT/LON1/LON2/DLON/H
  407  425  416  409  400  402  405  416  411  416  402  401  384  379  364  360
  352  346  339  338  333  318  289  252  215  193  179  173  178  180  190  196
  194  181  165  151  151  147  147  140  134  130  129  127  124  119  114  109
  106   99   95   87   85   83   84   84   84   85   85   86   87   93  104  129
  161  194  222  244  270  305  339  378  407                                   
    25.0-180.0 180.0   5.0 450.0                            LAT/LON1/LON2/DLON/H
  446  467  470  465  462  464  463  467  456  453  429  424  400  392  370  366
  356  349  344  339  336  318  290  253  225  208  204  204  218  233  252  260
  255  236  205  188  170  171  166  158  150  142  138  131  125  116  112  105
  102   95   92   88   87   88   92   92   94   93   95   96   99  104  122  147
  185  218  251  275  306  341  378  415  446                                   
    22.5-180.0 180.0   5.0 450.0                            LAT/LON1/LON2/DLON/H
  488  517  527  532  532  534  532  539  520  514  481  470  436  420  389  381
  365  356  345  341  333  315  288  261  242  236  238  252  275  301  328  342
  331  304  262  226  200  192  184  176  164  158  150  143  133  124  115  108
  102   95   93   91   95   95  100   99  100   99  100  102  107  116  136  170
  210  250  282  314  345  386  428  457  488                                   
    20.0-180.0 180.0   5.0 450.0                            LAT/LON1/LON2/DLON/H
  530  568  591  601  607  611  607  606  588  570  534  515  478  458  420  407
  382  367  354  342  335  315  294  274  267  270  282  302  332  360  387  401
  380  344  296  260  222  207  198  190  174  167  157  150  138  130  120  114
  106   99   95   95   98  102  105  106  107  102  103  103  113  124  152  192
  242  282  328  361  404  445  485  505  530                                   
    17.5-180.0 180.0   5.0 450.0                            LAT/LON1/LON2/DLON/H
  561  619  646  668  681  687  686  684  666  647  606  584  535  515  470  446
  412  393  368  354  339  322  306  300  304  321  337  360  382  403  423  428
  402  362  310  274  238  222  209  200  181  173  164  157  146  135  127  120
  114  106  103  101  104  109  112  113  109  106  103  105  113  132  163  213
  263  318  362  405  445  490  526  540  561                                   
    15.0-180.0 180.0   5.0 450.0                            LAT/LON1/LON2/DLON/H
  587  651  685  711  730  739  740  741  734  717  687  652  605  571  527  496
  458  427  396  373  357  338  332  332  351  370  389  402  412  423  432  432
  402  361  312  278  247  231  219  208  187  177  164  159  148  142  132  130
  122  119  114  112  114  117  119  119  115  108  106  104  115  134  173  224
  283  340  392  436  481  524  558  564  587                                   
    12.5-180.0 180.0   5.0 450.0                            LAT/LON1/LON2/DLON/H
  592  671  701  735  754  765  773  782  786  783  754  730  677  637  590  557
  516  479  438  411  390  376  374  386  411  431  440  438  427  422  415  409
  380  350  308  281  251  241  225  212  190  177  166  158  151  144  141  137
  135  129  126  121  122  124  124  123  119  112  108  108  117  143  182  241
  297  360  408  456  496  539  571  574  592                                   
    10.0-180.0 180.0   5.0 450.0                            LAT/LON1/LON2/DLON/H
  588  657  689  717  737  746  764  779  797  805  794  777  739  702  654  618
  579  541  498  464  445  431  438  451  477  488  484  463  434  413  398  388
  368  343  313  286  262  248  233  219  197  181  168  160  151  147  144  146
  143  141  136  131  130  129  131  130  126  116  114  110  126  150  195  251
  310  368  419  463  506  547  577  575  588                                   
     7.5-180.0 180.0   5.0 450.0                            LAT/LON1/LON2/DLON/H
  567  636  656  685  695  703  718  747  778  803  805  800  769  743  699  666
  629  595  556  525  510  502  509  521  536  536  515  478  434  403  380  371
