data/unet/pred2290.15i
     1.0            IONOSPHERE MAPS     GNSS                IONEX VERSION / TYPE
pyspatialgeodesy        IME             05-JAN-18 20:20     PGM / RUN BY / DATE 
Map Name                                                    COMMENT             
Predicted global ionosphere maps (GIM).                     DESCRIPTION         
  2015     8    17     0     0     0                        EPOCH OF FIRST MAP  
  2015     8    18     0     0     0                        EPOCH OF LAST MAP   
  7200                                                      INTERVAL            
    13                                                      # OF MAPS IN FILE   
  NONE                                                      MAPPING FUNCTION    
10.0                                                        ELEVATION CUTOFF    
One-way carrier phase leveled to code                       OBSERVABLES USED    
  6371.0                                                    BASE RADIUS         
 2                                                          MAP DIMENSION       
   450.0 450.0   0.0                                        HGT1 / HGT2 / DHGT  
    87.5 -87.5  -2.5                                        LAT1 / LAT2 / DLAT  
  -180.0 180.0   5.0                                        LON1 / LON2 / DLON  
    -1                                                      EXPONENT            
                                                            END OF HEADER       
[from data line 2145]
     6                                                      START OF TEC MAP    
  2015     8    17    10     0     0                        EPOCH OF CURRENT MAP
    87.5-180.0 180.0   5.0 450.0                            LAT/LON1/LON2/DLON/H
   78  101   95   96   95   94   96   96   97   97   98   97   98   97   97   96
   96   95   95   94   94   92   92   91   92   90   91   89   89   88   88   87
   86   86   85   84   84   83   82   82   81   82   80   82   80   82   80   82
   81   83   82   84   83   84   83   84   84   85   84   85   84   85   85   86
   86   87   87   89   89   86   83   79   78                                   
    85.0-180.0 180.0   5.0 450.0                            LAT/LON1/LON2/DLON/H
  104   96  102  101   99   98  100  100  101  100  101  100  101   99  100   98
  100   97   98   96   97   96   97   96   97   96   97   97   98   97   98   97
   97   95   95   94   93   93   91   92   90   90   89   90   90   91   90   91
   92   92   92   92   93   93   93   92   94   92   94   93   94   93   94   93
   94   92   94   92   93   91   91   93  104                                   
    82.5-180.0 180.0   5.0 450.0                            LAT/LON1/LON2/DLON/H
   94  101  101   98   96   93   96   95   97   96   97   96   98   96   96   95
   95   94   94   93   94   92   94   93   95   95   97   97   99   98  100   98
   99   98   97   96   95   94   92   92   90   91   90   91   91   93   92   94
   95   95   96   96   97   97   97   96   97   95   95   94   94   93   93   91
   91   90   90   88   90   92   94   92   94                                   
    80.0-180.0 180.0   5.0 450.0                            LAT/LON1/LON2/DLON/H
   96   96   94   93   91   90   91   91   92   91   91   92   90   90   88   89
   86   87   84   85   84   85   85   86   87   88   91   92   94   95   97   96
   98   95   97   94   94   90   91   88   89   87   89   89   91   91   94   95
   98   98  102  101  104  102  103  101  101   99   98   96   94   91   89   88
   85   84   83   82   82   85   87   92   96                                   
    77.5-180.0 180.0   5.0 450.0                            LAT/LON1/LON2/DLON/H
   89   91   93   91   90   91   91   93   91   92   90   90   89   87   86   85
   84   83   82   82   82   81   81   82   83   84   85   88   89   92   93   96
   96   97   95   95   93   92   89   89   86   87   87   89   90   93   96   98
  102  104  107  107  110  108  109  106  107  103  103   99   97   93   91   88
   85   84   83   82   81   83   86   80   89                                   
    75.0-180.0 180.0   5.0 450.0                            LAT/LON1/LON2/DLON/H
   84   85   87   86   82   85   84   86   84   85   83   84   81   81   80   79
   77   78   76   77   75   76   75   76   76   78   80   83   84   88   89   93
   92   95   93   93   89   88   85   84   81   82   83   85   88   92   98  100
  105  108  113  113  116  114  116  112  113  108  108  103  100   96   93   89
   85   83   82   80   79   84   82   81   84                                   
    72.5-180.0 180.0   5.0 450.0                            LAT/LON1/LON2/DLON/H
   80   80   83   79   78   79   78   79   77   77   76   76   75   73   74   73
   72   72   71   72   70   70   70   70   71   72   74   76   79   82   86   89
   92   94   95   95   93   93   89   89   86   89   89   93   95  102  106  109
  113  116  119  119  120  118  119  114  114  109  109  104  102   97   94   89
   86   82   82   79   79   79   81   76   80                                   
    70.0-180.0 180.0   5.0 450.0                            LAT/LON1/LON2/DLON/H
   80   73   77   71   70   70   71   70   69   69   68   70   69   71   69   72
   70   71   70   71   69   68   67   67   67   68   70   73   75   79   81   87
   89   93   93   94   92   92   89   89   88   91   93   97  103  108  114  115
  119  119  122  119  119  115  115  112  110  108  107  105  102  100   97   94
   90   86   85   81   79   81   79   79   80                                   
    67.5-180.0 180.0   5.0 450.0                            LAT/LON1/LON2/DLON/H
   77   70   71   65   62   62   61   61   60   60   60   61   63   64   66   67
   68   68   68   68   67   66   66   65   65   65   66   69   71   73   78   83
   87   90   94   93   95   93   94   93   95   98  102  107  112  117  121  121
  121  119  118  114  111  107  106  103  102  101  102  101  100  100   98   96
   93   90   89   84   82   80   80   76   77                                   
    65.0-180.0 180.0   5.0 450.0                            LAT/LON1/LON2/DLON/H
   80   67   69   61   58   57   57   56   55   54   55   57   58   62   63   67
   67   69   69   70   68   67   67   66   65   65   66   69   70   74   76   83
   85   90   92   94   95   94   96   96   99  103  110  115  121  125  129  125
  124  118  115  108  104  100   98   97   95   97   98  101  101  103  103  104
  100   99   96   92   89   89   85   83   80                                   
    62.5-180.0 180.0   5.0 450.0                            LAT/LON1/LON2/DLON/H
   81   68   67   61   56   52   51   49   48   47   49   50   53   54   59   60
   63   64   66   66   67   65   66   65   66   65   67   67   69   70   74   79
   83   87   91   92   95   94   97   97  102  106  114  120  127  129  131  126
  122  114  109  102   98   92   91   90   90   92   95   98  100  104  106  108
  106  106  104   99   96   92   91   85   81                                   
    60.0-180.0 180.0   5.0 450.0                            LAT/LON1/LON2/DLON/H
   85   70   68   62   55   52   48   47   44   43   43   45   47   49   52   56
   57   60   60   63   62   63   64   66   66   68   68   71   71   74   76   83
   84   89   91   94   95   96   99  102  108  113  122  128  135  135  136  130
  125  114  110  103   98   94   93   93   93   96   99  103  105  109  111  114
  113  114  111  110  105  105   96   91   85                                   
    57.5-180.0 180.0   5.0 450.0                            LAT/LON1/LON2/DLON/H
   88   75   71   64   56   50   48   44   42   39   40   39   41   41   45   45
   48   49   52   52   55   55   59   62   66   68   71   72   74   75   78   83
   85   88   91   94   96   98  103  106  113  117  127  131  138  137  138  130
  126  116  112  106  104  101  100  100  101  103  105  108  110  114  115  118
  117  119  118  115  112  108  103   92   88                                   
    55.0-180.0 180.0   5.0 450.0                            LAT/LON1/LON2/DLON/H
   92   79   74   68   60   54   49   46   41   38   35   35   34   35   34   37
   37   40   40   45   45   50   53   60   64   70   72   77   76   80   82   89
   90   94   96  100  102  105  109  114  121  127  135  140  147  145  145  138
  133  126  123  120  119  117  117  116  116  116  118  120  120  122  123  124
  123  125  124  123  119  120  109  102   92                                   
    52.5-180.0 180.0   5.0 450.0                            LAT/LON1/LON2/DLON/H
   96   85   80   73   64   56   50   46   42   37   34   32   31   29   28   28
   29   30   33   34   38   41   48   54   61   67   72   76   79   81   84   89
   91   96   99  103  107  111  118  121  131  134  145  147  155  151  152  144
  143  136  136  134  136  133  134  132  131  130  129  129  128  129  128  128
  126  127  127  125  122  121  116  102   96                                   
    50.0-180.0 180.0   5.0 450.0                            LAT/LON1/LON2/DLON/H
  103   88   83   78   71   64   57   52   45   41   36   33   29   27   24   24
   23   25   26   31   33   40   45   54   61   68   73   79   81   86   88   96
   98  103  107  113  118  123  130  135  142  146  155  158  163  160  160  155
  152  149  148  149  149  149  149  147  144  143  141  140  138  137  135  135
  132  133  132  132  128  129  118  111  103                                   
    47.5-180.0 180.0   5.0 450.0                            LAT/LON1/LON2/DLON/H
  106   93   88   82   74   66   60   55   49   44   40   36   31   28   25   23
   22   23   25   28   32   36   43   50   58   64   70   75   79   83   88   94
  100  106  112  119  125  131  140  145  154  156  166  165  172  168  170  163
  163  158  160  158  160  158  158  155  153  151  149  146  143  142  140  138
  137  137  137  134  131  129  123  110  106                                   
    45.0-180.0 180.0   5.0 450.0                            LAT/LON1/LON2/DLON/H
  113   94   90   86   78   73   67   63   57   52   47   44   38   33   28   27
   25   25   27   31   33   39   45   53   59   65   71   77   80   85   90   99
  105  112  120  130  138  146  155  160  169  170  176  177  180  181  179  176
  171  168  164  163  159  159  156  156  154  154  153  152  149  148  147  146
  145  146  143  143  137  136  126  119  113                                   
    42.5-180.0 180.0   5.0 450.0                            LAT/LON1/LON2/DLON/H
  114   97   91   87   79   73   69   66   62   57   54   50   46   41   36   33
   31   31   32   34   37   41   46   51   58   63   69   73   78   82   89   96
  106  114  126  136  148  156  167  172  181  180  187  185  193  190  194  186
  185  174  172  163  161  156  154  153  154  155  156  155  153  152  151  151
  152  151  150  146  140  135  130  118  114                                   
    40.0-180.0 180.0   5.0 450.0                            LAT/LON1/LON2/DLON/H
  118   97   91   87   81   79   74   73   69   67   64   62   56   52   46   43
   40   38   38   41   42   46   50   56   60   65   70   75   79   85   92  102
  112  123  135  149  161  170  182  188  196  195  199  200  206  207  207  202
  194  187  175  169  160  156  151  152  153  158  160  162  160  160  160  163
  162  164  158  157  148  142  131  125  118                                   
    37.5-180.0 180.0   5.0 450.0                            LAT/LON1/LON2/DLON/H
  118   98   91   88   81   78   75   74   73   72   71   69   65   61   56   52
   48   45   44   44   46   49   53   57   61   65   71   75   81   86   94  103
  116  128  143  156  170  181  192  201  208  209  213  213  221  220  223  215
  211  197  192  178  175  163  161  158  163  166  170  170  170  169  171  170
  173  172  169  160  153  142  135  126  118                                   
    35.0-180.0 180.0   5.0 450.0                            LAT/LON1/LON2/DLON/H
  122   99   91   86   83   81   78   80   78   79   79   78   75   71   66   62
   55   51   48   48   49   52   56   61   65   70   76   81   87   93  102  112
  125  138  153  168  181  190  205  214  224  226  231  233  239  239  241  236
  228  221  209  204  192  187  177  178  178  184  185  188  184  184  182  185
  181  183  175  170  158  147  135  133  122                                   
    32.5-180.0 180.0   5.0 450.0                            LAT/LON1/LON2/DLON/H
  123  101   95   90   84   80   79   79   81   82   82   82   80   76   72   67
   61   56   52   50   50   52   57   61   67   72   79   85   93   98  107  118
  131  144  162  175  189  199  212  226  236  242  247  253  257  259  261  256
  252  243  239  230  227  217  213  208  211  213  214  210  206  201  198  195
  193  187  182  170  160  146  139  134  123                                   
    30.0-180.0 180.0   5.0 450.0                            LAT/LON1/LON2/DLON/H
  130  108   99   93   89   85   83   85   86   87   88   88   88   84   79   74
   67   60   55   53   53   55   59   64   71   77   86   93  103  109  119  128
  143  155  174  186  202  210  228  240  254  260  265  271  275  279  281  280
  277  276  271  273  267  264  252  248  246  246  245  240  230  223  215  211
  202  197  183  175  162  151  140  139  130                                   
    27.5-180.0 180.0   5.0 450.0                            LAT/LON1/LON2/DLON/H
  134  115  106  102   95   90   89   86   89   89   91   89   90   87   84   78
   72   63   59   54   55   55   61   65   72   78   88   96  108  114  124  133
  147  161  180  194  211  221  239  252  267  273  279  286  293  300  308  308
  313  312  317  317  318  311  303  291  287  280  274  267  258  247  238  224
  215  202  190  174  164  153  144  139  134                                   
    25.0-180.0 180.0   5.0 450.0                            LAT/LON1/LON2/DLON/H
  142  125  114  108  102   96   94   93   94   94   96   95   95   91   90   84
   78   68   64   60   60   60   66   69   77   82   95  103  116  121  134  142
  157  169  191  203  225  232  254  266  283  289  295  300  307  316  326  331
  339  346  353  360  359  354  346  333  326  313  304  291  282  269  256  242
  225  211  191  180  166  158  147  144  142                                   
    22.5-180.0 180.0   5.0 450.0                            LAT/LON1/LON2/DLON/H
  146  133  125  119  112  105  101   97   98   95   96   94   94   91   91   85
   82   72   70   63   66   63   68   69   78   81   94  102  117  122  135  143
  160  172  193  208  232  242  263  273  292  299  308  313  325  334  348  351
  366  370  384  381  387  376  377  365  357  342  330  314  303  288  274  255
  237  216  198  181  171  158  150  145  146                                   
    20.0-180.0 180.0   5.0 450.0                            LAT/LON1/LON2/DLON/H
  154  142  134  131  121  114  109  103  103   99   99   97   98   94   95   89
   88   79   78   72   75   71   77   76   84   86   98  106  122  127  143  151
  168  180  202  218  243  252  273  284  302  312  320  326  337  345  359  361
  374  379  387  390  394  391  390  382  373  358  349  333  321  304  289  269
  250  228  206  192  176  166  152  151  154                                   
    17.5-180.0 180.0   5.0 450.0                            LAT/LON1/LON2/DLON/H
  158  146  139  139  132  124  121  112  109  103  101   96   95   92   92   87
   88   80   82   76   80   74   80   75   84   84   98  104  121  127  145  152
  171  183  207  225  251  262  282  292  310  322  331  341  353  361  375  373
  386  385  397  395  403  400  395  383  374  366  357  347  338  320  305  280
  260  234  216  196  184  168  158  153  158                                   
    15.0-180.0 180.0   5.0 450.0                            LAT/LON1/LON2/DLON/H
  168  146  141  142  134  130  126  117  113  106  104   98   98   91   94   89
   92   84   89   82   87   79   86   82   90   89  103  109  125  132  152  163
  180  195  218  237  262  269  288  297  316  328  337  347  359  368  382  380
  387  386  391  391  389  384  376  369  368  365  364  357  349  333  317  294
  273  250  231  214  197  184  165  165  168                                   
    12.5-180.0 180.0   5.0 450.0                            LAT/LON1/LON2/DLON/H
  170  150  143  145  138  135  132  124  121  112  107  100   95   90   89   85
   88   82   86   80   85   77   82   78   89   89  105  108  125  132  155  166
  187  201  226  244  269  278  292  302  317  332  338  350  358  370  380  379
  386  385  387  382  377  369  361  359  360  364  364  362  358  344  330  305
  285  262  244  221  207  188  177  168  170                                   
    10.0-180.0 180.0   5.0 450.0                            LAT/LON1/LON2/DLON/H
  181  152  143  144  135  134  129  125  120  113  108  100   97   90   89   85
   88   81   86   78   84   74   82   80   92   94  111  115  130  143  164  180
  197  215  237  253  275  280  296  301  317  328  336  347  355  367  379  386
  389  392  389  385  375  366  360  361  369  372  376  374  368  354  337  314
  293  275  255  236  218  202  184  178  181                                   
     7.5-180.0 180.0   5.0 450.0                            LAT/LON1/LON2/DLON/H
  181  156  148  143  135  132  128  122  120  114  110  103   96   91   87   84
   83   78   79   70   73   65   73   72   89   96  115  118  136  148  171  185
