data/unet/pred1440.15i
     1.0            IONOSPHERE MAPS     GNSS                IONEX VERSION / TYPE
pyspatialgeodesy        IME             05-JAN-18 20:20     PGM / RUN BY / DATE 
Map Name                                                    COMMENT             
Predicted global ionosphere maps (GIM).                     DESCRIPTION         
  2015     5    24     0     0     0                        EPOCH OF FIRST MAP  
  2015     5    25     0     0     0                        EPOCH OF LAST MAP   
  7200                                                      INTERVAL            
    13                                                      # OF MAPS IN FILE   
  NONE                                                      MAPPING FUNCTION    
10.0                                                        ELEVATION CUTOFF    
One-way carrier phase leveled to code                       OBSERVABLES USED    
  6371.0                                                    BASE RADIUS         
 2                                                          MAP DIMENSION       
   450.0 450.0   0.0                                        HGT1 / HGT2 / DHGT  
    87.5 -87.5  -2.5                                        LAT1 / LAT2 / DLAT  
  -180.0 180.0   5.0                                        LON1 / LON2 / DLON  
    -1                                                      EXPONENT            
                                                            END OF HEADER       
[from data line 3861]
    10                                                      START OF TEC MAP    
  2015     5    24    18     0     0                        EPOCH OF CURRENT MAP
    87.5-180.0 180.0   5.0 450.0                            LAT/LON1/LON2/DLON/H
  222  200  198  203  203  204  204  205  206  206  206  207  206  206  205  204
  204  202  202  200  199  197  196  194  193  190  190  187  186  183  183  180
  180  177  178  174  175  172  174  170  172  169  171  169  171  170  172  171
  174  174  177  176  179  179  181  180  182  182  184  183  185  184  186  185
  188  187  190  188  189  189  200  197  222                                   
    85.0-180.0 180.0   5.0 450.0                            LAT/LON1/LON2/DLON/H
  198  195  198  204  204  206  207  209  210  211  212  212  212  213  212  212
  210  210  208  208  205  204  201  200  196  195  191  190  185  185  180  180
  176  176  172  172  169  169  166  167  164  166  164  166  165  168  167  171
  170  175  174  179  178  182  180  184  182  186  183  187  184  188  184  188
  185  190  187  189  185  184  193  195  198                                   
    82.5-180.0 180.0   5.0 450.0                            LAT/LON1/LON2/DLON/H
  200  192  197  199  204  207  210  213  215  217  219  220  221  221  222  221
  221  219  219  216  215  211  210  205  203  198  195  190  187  182  179  175
  172  168  166  163  161  159  159  157  158  156  159  158  162  162  166  167
  171  172  177  178  181  182  185  184  187  186  188  186  188  186  187  185
  187  186  187  183  185  179  180  180  200                                   
    80.0-180.0 180.0   5.0 450.0                            LAT/LON1/LON2/DLON/H
  196  191  191  197  200  205  209  213  216  219  222  224  225  227  228  228
  228  227  226  225  223  220  216  213  209  204  199  195  189  186  180  177
  170  168  163  161  157  157  153  154  152  154  154  156  158  161  164  167
  170  173  177  179  182  184  186  186  188  188  188  187  188  186  186  184
  184  183  182  181  178  175  171  174  196                                   
    77.5-180.0 180.0   5.0 450.0                            LAT/LON1/LON2/DLON/H
  190  187  186  191  194  202  205  211  213  219  220  224  225  228  229  230
  230  230  229  228  226  223  221  217  213  208  204  198  193  187  183  177
  173  167  164  160  158  155  154  152  152  151  153  154  157  159  163  165
  170  172  176  178  181  182  184  184  185  184  185  183  183  181  180  178
  177  175  175  171  170  165  162  167  190                                   
    75.0-180.0 180.0   5.0 450.0                            LAT/LON1/LON2/DLON/H
  189  184  184  190  196  199  206  208  214  216  220  221  225  226  229  228
  230  229  231  229  230  227  226  222  220  213  210  203  200  194  190  184
  179  175  171  167  163  160  157  156  155  155  155  157  159  161  164  166
  170  172  176  176  179  179  181  180  181  180  180  179  179  177  176  173
  172  170  170  166  165  162  159  167  189                                   
    72.5-180.0 180.0   5.0 450.0                            LAT/LON1/LON2/DLON/H
  190  187  188  194  198  205  207  213  214  219  221  224  225  228  228  230
  228  230  229  230  229  229  228  225  223  218  215  209  205  200  196  191
  187  183  180  176  172  168  166  162  162  160  162  161  164  165  168  169
  172  172  175  174  174  173  174  172  172  171  172  171  172  171  170  168
  167  166  166  163  163  161  160  169  190                                   
    70.0-180.0 180.0   5.0 450.0                            LAT/LON1/LON2/DLON/H
  196  192  193  199  205  207  211  213  217  218  222  223  225  225  227  226
  228  226  229  227  231  228  231  227  227  221  219  213  211  206  203  198
  196  192  189  185  181  176  173  170  169  167  168  167  169  169  171  171
  172  171  171  168  168  165  164  161  162  160  162  162  164  165  165  165
  165  165  166  165  166  165  165  173  196                                   
    67.5-180.0 180.0   5.0 450.0                            LAT/LON1/LON2/DLON/H
  203  201  202  208  210  215  216  220  220  224  224  227  226  228  227  227
  225  226  225  225  226  225  227  224  224  219  218  213  212  207  206  202
  201  198  196  192  188  183  181  177  177  174  175  174  176  174  176  173
  173  170  168  164  161  156  154  151  150  149  151  152  155  157  161  162
  163  166  168  168  170  170  171  179  203                                   
    65.0-180.0 180.0   5.0 450.0                            LAT/LON1/LON2/DLON/H
  213  210  210  216  220  220  223  224  226  227  229  229  230  229  229  227
  226  224  224  222  225  223  226  223  223  219  217  213  212  209  208  206
  206  203  202  198  193  189  185  182  181  180  180  179  180  178  177  175
  172  168  165  159  154  148  145  140  141  139  142  143  148  151  155  158
  161  165  169  171  174  175  178  185  213                                   
    62.5-180.0 180.0   5.0 450.0                            LAT/LON1/LON2/DLON/H
  218  218  220  224  227  230  229  232  230  234  232  234  233  234  232  231
  227  225  222  220  220  219  220  219  218  216  213  210  209  207  207  206
  206  205  204  200  196  192  189  186  187  185  186  185  186  183  181  178
  173  168  163  156  151  143  140  135  134  133  135  137  140  143  148  152
  157  162  168  171  175  178  183  187  218                                   
    60.0-180.0 180.0   5.0 450.0                            LAT/LON1/LON2/DLON/H
  219  222  223  230  234  235  238  238  239  240  241  241  242  240  238  234
  231  227  223  221  220  219  219  218  219  216  214  210  209  209  209  209
  211  210  209  205  200  196  193  192  192  193  192  193  191  189  184  181
  173  168  161  154  148  140  136  131  130  128  130  130  135  136  142  145
  152  157  163  167  173  177  184  189  219                                   
    57.5-180.0 180.0   5.0 450.0                            LAT/LON1/LON2/DLON/H
  214  223  226  231  236  240  240  243  242  246  245  247  245  246  241  241
  234  231  225  222  219  218  218  219  219  217  214  212  211  211  212  213
  215  214  213  209  205  201  199  199  199  201  201  200  198  195  189  184
  176  169  161  153  147  139  137  130  130  126  127  125  128  128  133  136
  142  149  156  160  167  172  181  185  214                                   
    55.0-180.0 180.0   5.0 450.0                            LAT/LON1/LON2/DLON/H
  208  220  224  233  240  244  248  250  252  255  255  256  255  254  251  248
  242  238  231  228  223  222  221  222  221  221  219  217  216  218  219  221
  222  222  221  217  213  210  208  209  209  211  209  208  203  200  193  187
  178  171  163  155  148  141  137  133  131  128  126  123  124  123  127  129
  135  140  148  153  160  167  177  184  208                                   
    52.5-180.0 180.0   5.0 450.0                            LAT/LON1/LON2/DLON/H
  201  216  223  232  242  249  253  259  260  265  263  264  260  260  255  255
  247  244  235  232  227  225  224  225  226  226  225  223  223  223  226  227
  230  229  229  225  223  220  219  220  218  220  216  214  208  204  197  191
  181  174  165  156  150  142  141  135  135  129  127  122  121  118  119  121
  125  132  139  146  153  160  174  179  201                                   
    50.0-180.0 180.0   5.0 450.0                            LAT/LON1/LON2/DLON/H
  199  215  224  236  248  256  266  270  274  277  275  275  270  269  264  262
  258  253  246  241  236  233  230  232  231  233  231  231  231  233  234  237
  239  240  240  237  235  233  232  232  231  229  225  221  214  209  202  195
  187  179  171  162  154  148  145  142  140  136  132  127  123  119  120  119
  124  129  137  142  150  158  170  181  199                                   
    47.5-180.0 180.0   5.0 450.0                            LAT/LON1/LON2/DLON/H
  198  215  227  239  253  265  275  283  286  290  287  285  278  275  269  268
  264  261  254  249  243  240  239  239  240  240  240  239  239  240  243  245
  247  249  250  248  247  245  244  243  240  237  231  226  218  213  205  199
  190  182  174  166  158  153  150  147  147  143  141  134  129  123  120  120
  122  128  134  142  149  156  172  180  198                                   
    45.0-180.0 180.0   5.0 450.0                            LAT/LON1/LON2/DLON/H
  201  219  232  245  262  274  289  297  302  304  301  297  289  284  278  278
  276  273  269  263  257  252  250  250  250  250  248  249  248  250  252  255
  258  259  261  261  261  260  257  255  251  247  240  234  225  218  211  204
  197  189  180  173  165  160  157  155  154  152  149  142  137  130  127  125
  127  131  138  144  151  161  173  183  201                                   
    42.5-180.0 180.0   5.0 450.0                            LAT/LON1/LON2/DLON/H
  206  224  238  251  268  283  297  307  313  317  312  308  300  295  289  287
  284  283  278  274  268  264  261  261  260  260  259  258  259  260  263  266
  270  274  278  280  279  277  273  270  264  258  249  242  233  226  217  210
  202  194  185  178  170  166  163  162  162  160  159  152  148  140  136  133
  133  138  141  147  153  161  177  184  206                                   
    40.0-180.0 180.0   5.0 450.0                            LAT/LON1/LON2/DLON/H
  209  229  242  254  273  285  301  311  320  324  324  320  313  308  303  300
  299  297  296  290  287  280  278  274  275  272  273  273  276  277  283  288
  294  300  304  308  305  302  294  288  278  271  260  252  242  236  227  220
  211  203  194  186  178  173  171  171  170  169  168  163  158  152  148  145
  144  145  148  150  156  165  177  184  209                                   
    37.5-180.0 180.0   5.0 450.0                            LAT/LON1/LON2/DLON/H
  212  231  244  256  272  286  300  313  322  328  328  327  324  322  318  315
  311  308  304  302  297  294  289  288  286  286  288  292  297  303  310  317
  326  333  338  340  334  327  314  304  289  280  270  261  252  245  237  228
  218  208  200  191  185  181  179  179  179  180  179  174  170  163  157  153
  151  150  148  150  155  160  175  181  212                                   
    35.0-180.0 180.0   5.0 450.0                            LAT/LON1/LON2/DLON/H
  211  231  242  254  271  281  296  307  319  326  330  332  333  336  336  332
  330  324  321  317  316  310  308  304  304  304  310  316  327  335  349  357
  369  374  378  376  368  353  334  318  301  289  278  270  260  254  243  235
  221  213  203  196  188  185  183  185  184  186  184  182  177  170  163  161
  157  155  151  151  153  159  173  177  211                                   
    32.5-180.0 180.0   5.0 450.0                            LAT/LON1/LON2/DLON/H
  206  226  237  250  264  275  288  301  314  325  331  337  342  347  350  349
  344  338  332  330  327  326  323  323  324  327  337  349  364  377  391  402
  414  420  424  415  403  379  356  332  314  298  287  279  268  258  247  235
  221  210  201  194  188  184  183  185  187  188  188  186  183  175  167  163
  158  154  149  146  149  149  165  169  206                                   
    30.0-180.0 180.0   5.0 450.0                            LAT/LON1/LON2/DLON/H
  199  221  231  245  258  271  282  296  309  322  331  341  348  356  360  362
  362  355  351  347  349  347  347  345  350  357  374  388  408  420  439  451
  467  470  471  456  437  405  373  343  323  305  292  282  268  257  242  231
  214  204  194  191  186  184  182  184  183  188  187  187  183  177  169  164
  158  154  150  146  146  147  159  162  199                                   
    27.5-180.0 180.0   5.0 450.0                            LAT/LON1/LON2/DLON/H
  188  211  224  238  252  265  280  292  306  319  332  345  356  365  370  377
  375  372  365  365  366  367  367  368  376  388  409  431  452  469  486  497
  510  509  504  484  459  424  389  354  331  312  298  283  269  256  241  228
  209  199  189  185  177  176  174  178  182  187  186  185  185  177  171  163
  157  152  147  143  141  137  151  151  188                                   
    25.0-180.0 180.0   5.0 450.0                            LAT/LON1/LON2/DLON/H
  185  208  220  239  252  267  278  293  304  321  333  349  362  374  379  388
  387  387  387  387  394  393  397  396  407  419  448  469  495  508  524  533
  543  535  523  496  467  427  389  354  330  309  294  278  264  249  235  219
  204  189  177  173  168  164  164  163  165  169  174  179  181  175  170  163
  156  152  147  146  144  142  149  150  185                                   
    22.5-180.0 180.0   5.0 450.0                            LAT/LON1/LON2/DLON/H
  178  202  216  234  248  264  278  292  305  321  337  352  371  382  391  400
  402  406  406  410  416  418  421  420  431  450  477  502  520  532  544  546
  552  536  524  495  466  426  390  355  331  308  293  275  260  246  229  216
  195  184  174  170  162  161  159  159  160  158  162  166  174  172  169  162
  157  153  148  146  144  140  147  148  178                                   
    20.0-180.0 180.0   5.0 450.0                            LAT/LON1/LON2/DLON/H
  178  197  216  233  249  268  282  299  310  326  342  361  379  396  406  417
  421  428  429  434  442  444  448  446  460  473  501  517  537  548  555  551
  550  534  519  489  460  418  385  351  326  303  287  269  257  241  227  210
  193  181  173  163  159  153  155  151  151  149  147  152  157  161  164  160
  157  154  149  147  142  137  142  145  178                                   
    17.5-180.0 180.0   5.0 450.0                            LAT/LON1/LON2/DLON/H
  172  193  211  229  242  261  278  298  313  329  351  371  394  411  426  437
  444  452  454  458  461  464  468  469  480  495  514  532  546  551  550  539
  533  515  504  477  451  413  383  349  327  302  287  270  257  244  228  215
  196  186  175  166  157  153  152  148  146  143  143  143  147  151  155  157
  155  152  148  143  136  131  136  143  172                                   
    15.0-180.0 180.0   5.0 450.0                            LAT/LON1/LON2/DLON/H
  170  187  209  228  244  262  282  300  318  336  358  380  405  427  444  459
  468  478  479  480  480  481  486  487  499  508  529  541  553  550  543  525
  516  499  490  464  443  406  379  347  327  303  291  274  265  252  239  222
  205  190  178  163  156  147  145  141  141  139  136  137  137  141  144  147
  149  146  141  135  127  124  125  133  170                                   
    12.5-180.0 180.0   5.0 450.0                            LAT/LON1/LON2/DLON/H
  157  180  197  222  235  256  275  297  316  336  361  383  412  435  458  476
  490  502  504  502  498  496  498  500  510  521  534  546  548  540  525  504
  493  480  470  452  433  403  378  351  332  311  298  284  274  265  250  237
  215  202  181  168  155  149  143  143  139  137  133  131  130  133  136  139
  142  141  135  125  115  112  110  122  157                                   
    10.0-180.0 180.0   5.0 450.0                            LAT/LON1/LON2/DLON/H
  144  165  186  208  229  249  273  294  313  336  359  385  411  437  462  487
  504  521  521  518  510  506  508  510  522  528  541  548  549  535  519  496
  486  468  461  441  425  400  382  359  345  324  315  302  294  281  264  246
  224  201  183  163  153  144  140  138  135  132  126  125  120  124  126  132
  131  129  123  113  101  100   95  101  144                                   
     7.5-180.0 180.0   5.0 450.0                            LAT/LON1/LON2/DLON/H
  122  152  171  197  217  241  266  288  310  330  357  378  407  430  458  483
  505  523  528  523  514  509  512  513  524  531  539  548  545  533  513  495
