data/unet/pred1660.15i
     1.0            IONOSPHERE MAPS     GNSS                IONEX VERSION / TYPE
pyspatialgeodesy        IME             05-JAN-18 20:20     PGM / RUN BY / DATE 
Map Name                                                    COMMENT             
Predicted global ionosphere maps (GIM).                     DESCRIPTION         
  2015     6    15     0     0     0                        EPOCH OF FIRST MAP  
  2015     6    16     0     0     0                        EPOCH OF LAST MAP   
  7200                                                      INTERVAL            
    13                                                      # OF MAPS IN FILE   
  NONE                                                      MAPPING FUNCTION    
10.0                                                        ELEVATION CUTOFF    
One-way carrier phase leveled to code                       OBSERVABLES USED    
  6371.0                                                    BASE RADIUS         
 2                                                          MAP DIMENSION       
   450.0 450.0   0.0                                        HGT1 / HGT2 / DHGT  
    87.5 -87.5  -2.5                                        LAT1 / LAT2 / DLAT  
  -180.0 180.0   5.0                                        LON1 / LON2 / DLON  
    -1                                                      EXPONENT            
                                                            END OF HEADER       
[from data line 3861]
    10                                                      START OF TEC MAP    
  2015     6    15    18     0     0                        EPOCH OF CURRENT MAP
    87.5-180.0 180.0   5.0 450.0                            LAT/LON1/LON2/DLON/H
  218  197  195  195  194  190  192  190  192  190  192  190  193  191  193  191
  193  191  193  189  192  188  190  186  188  184  186  182  186  182  184  181
  184  181  184  181  184  181  185  181  185  181  184  180  184  179  184  180
  186  182  187  184  189  186  190  187  191  189  192  189  193  190  193  190
  193  191  194  193  195  194  200  198  218                                   
    85.0-180.0 180.0   5.0 450.0                            LAT/LON1/LON2/DLON/H
  188  184  187  188  185  185  184  185  185  186  185  187  187  189  188  190
  190  191  190  191  190  190  188  188  187  187  185  185  184  184  182  183
  182  183  181  183  182  183  181  183  181  182  180  181  180  181  179  182
  181  183  183  186  185  188  186  189  188  189  188  189  189  189  189  189
  189  189  188  189  189  186  190  189  188                                   
    82.5-180.0 180.0   5.0 450.0                            LAT/LON1/LON2/DLON/H
  183  176  184  179  180  179  180  181  182  182  184  184  186  187  189  190
  192  191  193  192  193  191  192  189  190  187  187  184  185  181  182  179
  180  177  179  177  178  176  178  176  177  176  177  176  177  176  178  177
  180  179  182  182  185  184  186  186  187  186  188  187  189  187  188  187
  188  187  187  184  186  177  176  172  183                                   
    80.0-180.0 180.0   5.0 450.0                            LAT/LON1/LON2/DLON/H
  174  171  174  172  174  173  175  176  179  179  182  182  186  187  191  191
  195  194  197  196  197  196  196  194  192  190  187  185  182  181  177  176
  174  173  171  172  170  170  169  169  168  168  167  168  167  168  169  170
  171  172  174  176  177  178  179  180  181  180  181  181  183  182  183  183
  183  182  181  179  178  172  169  163  174                                   
    77.5-180.0 180.0   5.0 450.0                            LAT/LON1/LON2/DLON/H
  167  163  165  162  165  165  169  169  173  174  178  180  184  186  190  192
  196  197  200  200  202  200  201  198  197  192  191  186  184  179  178  175
  174  170  171  168  168  165  166  164  163  162  162  161  161  161  163  164
  165  165  169  169  171  170  173  172  173  172  174  174  175  174  176  174
  176  173  174  169  169  162  159  157  167                                   
    75.0-180.0 180.0   5.0 450.0                            LAT/LON1/LON2/DLON/H
  163  160  161  159  162  162  165  167  170  172  175  179  182  186  190  195
  198  201  204  207  207  208  206  206  202  199  195  192  187  184  180  179
  175  174  172  171  168  168  164  164  160  160  158  157  156  157  158  158
  160  161  163  164  165  166  167  167  167  167  168  168  169  169  171  170
  172  170  170  167  167  163  159  159  163                                   
    72.5-180.0 180.0   5.0 450.0                            LAT/LON1/LON2/DLON/H
  167  161  164  162  164  163  167  167  171  171  176  179  183  185  191  194
  199  202  207  210  213  213  214  211  209  204  201  195  192  187  185  181
  180  177  176  173  172  169  169  165  162  159  157  156  154  154  155  156
  158  158  161  161  163  161  163  161  161  160  162  161  163  163  167  166
  169  168  170  167  168  163  162  160  167                                   
    70.0-180.0 180.0   5.0 450.0                            LAT/LON1/LON2/DLON/H
  173  167  169  169  171  171  173  174  176  177  180  183  185  188  192  196
  201  204  209  212  216  217  218  216  214  208  205  199  195  190  187  185
  184  182  179  179  176  175  171  169  165  162  159  157  156  156  157  158
  159  161  162  163  163  162  161  160  158  157  158  159  160  162  164  166
  169  169  171  171  172  168  166  167  173                                   
    67.5-180.0 180.0   5.0 450.0                            LAT/LON1/LON2/DLON/H
  185  176  181  180  181  180  183  182  184  182  186  185  189  189  194  195
  200  202  208  211  216  218  219  218  214  210  205  201  196  192  191  189
  189  186  186  183  182  179  177  173  169  167  164  163  161  161  162  162
  164  164  167  166  166  164  163  160  157  157  157  158  159  161  165  167
  171  172  176  176  178  175  173  172  185                                   
    65.0-180.0 180.0   5.0 450.0                            LAT/LON1/LON2/DLON/H
  195  188  189  191  191  191  192  192  192  190  191  191  192  192  195  197
  200  202  207  211  216  217  220  217  216  210  208  202  201  196  196  195
  195  194  193  191  188  186  183  181  177  175  173  172  171  171  170  172
  172  174  173  174  171  169  166  162  159  157  156  156  158  161  164  168
  171  175  179  181  182  180  178  182  195                                   
    62.5-180.0 180.0   5.0 450.0                            LAT/LON1/LON2/DLON/H
  204  196  200  200  201  201  201  201  200  197  198  196  197  195  199  198
  202  201  207  209  214  215  217  216  213  209  206  203  200  200  200  202
  202  202  201  199  197  193  192  189  187  187  185  185  183  182  180  180
  180  179  180  178  176  172  169  165  160  158  156  156  157  159  163  165
  172  174  181  182  188  186  187  188  204                                   
    60.0-180.0 180.0   5.0 450.0                            LAT/LON1/LON2/DLON/H
  206  204  203  206  207  207  207  207  206  203  202  201  201  200  201  201
  202  203  205  209  212  214  216  215  213  209  208  204  206  206  209  211
  213  213  212  209  206  203  201  200  199  200  198  200  197  196  192  192
  188  188  185  185  181  177  172  167  163  159  156  155  156  157  161  162
  168  171  177  181  187  187  190  195  206                                   
    57.5-180.0 180.0   5.0 450.0                            LAT/LON1/LON2/DLON/H
  209  207  210  211  211  212  213  212  211  209  208  206  207  205  206  205
  205  203  205  205  209  209  212  211  211  207  207  206  208  212  216  221
  222  223  222  220  216  214  213  214  212  215  214  214  210  208  203  199
  195  192  190  188  183  180  174  169  163  159  156  155  155  155  158  159
  163  166  173  177  184  187  194  197  209                                   
    55.0-180.0 180.0   5.0 450.0                            LAT/LON1/LON2/DLON/H
  206  212  211  215  216  217  218  218  217  214  213  211  211  210  210  209
  208  205  204  205  206  208  211  210  211  208  209  209  214  218  225  231
  234  233  233  229  226  224  224  225  226  227  226  226  221  218  212  207
  201  197  193  190  186  182  177  171  164  159  157  154  155  153  157  155
  158  161  167  172  180  183  192  199  206                                   
    52.5-180.0 180.0   5.0 450.0                            LAT/LON1/LON2/DLON/H
  205  212  218  222  224  225  226  226  224  222  221  219  218  218  217  215
  212  208  206  204  205  205  209  209  211  209  212  213  219  225  233  239
  242  244  241  240  235  237  236  240  238  242  238  237  230  227  219  213
  204  199  193  191  186  183  178  172  165  160  159  156  155  154  154  153
  152  156  161  166  174  181  192  196  205                                   
    50.0-180.0 180.0   5.0 450.0                            LAT/LON1/LON2/DLON/H
  203  215  220  229  233  237  238  237  236  233  231  229  228  227  226  223
  219  214  209  207  205  206  209  211  214  215  217  220  227  233  242  248
  252  252  252  248  248  246  251  249  254  252  253  246  243  235  228  218
  209  201  194  190  186  182  179  172  167  160  159  154  153  151  150  149
  146  150  155  163  170  180  190  199  203                                   
    47.5-180.0 180.0   5.0 450.0                            LAT/LON1/LON2/DLON/H
  205  216  228  236  245  250  253  252  249  247  242  241  236  236  232  231
  225  220  213  210  207  208  211  214  217  220  223  226  233  240  248  253
  257  259  260  260  259  261  264  266  267  267  264  259  251  245  233  224
  211  204  195  191  187  183  181  174  169  164  162  159  156  154  152  148
  144  146  152  157  166  176  191  198  205                                   
    45.0-180.0 180.0   5.0 450.0                            LAT/LON1/LON2/DLON/H
  209  221  235  247  256  265  269  269  266  262  258  254  249  246  243  240
  236  229  223  218  215  216  219  222  226  228  232  235  243  248  255  262
  266  268  272  270  273  271  277  277  280  276  275  267  261  251  241  229
  217  206  197  192  188  185  183  176  175  167  168  162  162  159  155  151
  147  149  153  161  170  181  193  204  209                                   
    42.5-180.0 180.0   5.0 450.0                            LAT/LON1/LON2/DLON/H
  214  223  239  249  262  273  281  281  281  277  272  270  262  260  252  251
  246  243  235  233  228  230  231  235  237  241  244  247  253  257  265  271
  278  282  287  288  292  291  295  295  296  291  287  281  270  262  248  237
  222  212  202  197  193  190  189  184  180  179  175  174  172  169  165  159
  155  152  155  159  169  177  196  206  214                                   
    40.0-180.0 180.0   5.0 450.0                            LAT/LON1/LON2/DLON/H
  217  229  243  257  269  280  290  293  294  294  292  287  283  276  272  268
  266  262  258  254  252  252  254  255  257  259  262  264  269  273  282  290
  301  306  315  312  320  315  320  316  317  309  305  295  286  273  262  246
  234  220  211  203  201  197  196  192  192  187  190  184  184  180  176  171
  165  163  163  167  175  185  196  210  217                                   
    37.5-180.0 180.0   5.0 450.0                            LAT/LON1/LON2/DLON/H
  219  231  244  255  266  278  292  297  303  305  306  306  301  300  293  294
  288  288  281  280  276  279  279  282  281  284  284  288  292  298  308  321
  332  340  347  351  357  353  352  345  341  334  325  315  300  289  273  258
  244  232  222  216  209  206  204  202  199  201  198  197  194  191  187  182
  176  170  169  167  175  180  197  210  219                                   
    35.0-180.0 180.0   5.0 450.0                            LAT/LON1/LON2/DLON/H
  221  236  246  258  267  279  292  300  309  318  322  327  331  330  329  324
  323  318  314  311  309  311  311  313  311  313  311  316  322  330  342  356
  371  378  389  392  397  389  384  374  365  356  345  332  317  301  286  268
  255  240  232  221  218  211  211  206  207  206  208  204  204  199  196  190
  185  180  175  174  178  185  195  211  221                                   
    32.5-180.0 180.0   5.0 450.0                            LAT/LON1/LON2/DLON/H
  220  234  243  256  264  274  289  299  315  328  341  351  359  365  366  365
  358  355  346  347  342  347  344  347  342  344  342  348  355  366  377  393
  407  418  426  430  430  420  410  394  381  369  356  344  327  312  298  281
  267  253  243  234  228  222  219  216  213  213  214  212  210  206  202  197
  191  186  179  175  177  179  196  208  220                                   
    30.0-180.0 180.0   5.0 450.0                            LAT/LON1/LON2/DLON/H
  223  237  247  261  266  274  286  300  317  336  353  369  383  391  397  396
  395  390  384  383  380  382  380  379  374  376  374  382  391  403  416  431
  447  459  467  468  463  447  429  407  388  373  360  349  333  320  304  290
  273  257  242  231  223  214  213  209  214  215  216  216  217  213  208  202
  195  189  183  177  179  181  191  209  223                                   
    27.5-180.0 180.0   5.0 450.0                            LAT/LON1/LON2/DLON/H
  224  236  245  261  266  272  284  299  320  344  366  392  408  426  430  434
  429  427  421  422  414  419  412  413  405  407  406  415  425  438  450  468
  482  491  495  489  479  457  435  407  386  369  357  346  333  321  306  293
  276  262  245  234  219  211  205  204  203  208  215  212  215  213  209  203
  195  189  181  175  172  175  191  207  224                                   
    25.0-180.0 180.0   5.0 450.0                            LAT/LON1/LON2/DLON/H
  225  235  243  259  267  274  285  299  320  343  372  402  430  452  461  465
  463  457  455  452  452  450  446  442  437  435  440  448  463  475  489  504
  516  524  524  512  493  466  432  404  375  362  346  339  325  318  297  286
  265  255  235  224  209  198  192  186  190  190  197  204  208  208  207  202
  195  189  181  176  174  176  189  209  225                                   
    22.5-180.0 180.0   5.0 450.0                            LAT/LON1/LON2/DLON/H
  224  232  244  261  270  284  291  308  326  354  381  419  450  485  493  502
  494  489  481  483  479  482  473  469  460  461  464  476  489  499  511  522
  535  536  532  509  486  453  418  385  359  342  330  323  311  301  280  269
  250  241  224  212  200  190  184  179  180  182  183  190  199  200  200  197
  192  185  178  170  168  172  188  210  224                                   
    20.0-180.0 180.0   5.0 450.0                            LAT/LON1/LON2/DLON/H
  223  231  245  262  275  283  300  311  334  355  388  424  463  500  518  528
  526  515  509  506  507  505  501  491  486  484  492  502  515  521  529  542
  547  546  531  508  478  447  409  376  345  330  312  307  290  283  258  250
  230  222  206  199  190  180  174  167  168  164  169  173  185  188  190  187
  184  178  172  166  163  169  184  209  223                                   
    17.5-180.0 180.0   5.0 450.0                            LAT/LON1/LON2/DLON/H
  219  231  249  266  282  298  309  328  342  369  395  436  470  514  532  553
  551  549  537  536  529  533  523  516  504  504  506  518  526  531  536  539
  545  533  518  491  465  435  403  371  339  320  302  293  276  262  242  233
  216  206  195  189  183  175  170  162  160  158  159  163  171  176  178  175
  173  168  164  156  154  159  177  201  219                                   
    15.0-180.0 180.0   5.0 450.0                            LAT/LON1/LON2/DLON/H
  214  229  250  266  284  294  313  326  348  368  396  431  469  511  536  560
  568  570  565  556  553  548  543  534  526  520  527  533  541  543  543  540
  537  523  505  482  460  432  408  374  346  320  304  290  272  256  235  224
  209  197  189  183  178  171  167  159  154  153  152  156  160  160  161  159
  159  154  153  149  148  152  167  190  214                                   
    12.5-180.0 180.0   5.0 450.0                            LAT/LON1/LON2/DLON/H
  202  226  248  270  286  301  314  331  348  370  395  428  463  504  533  560
  575  585  582  578  569  567  556  551  538  537  537  544  548  547  544  535
  529  509  493  474  453  437  414  390  358  336  312  300  279  264  242  231
  212  201  188  181  176  169  165  158  153  149  148  150  153  149  146  143
  143  140  141  137  138  140  149  173  202                                   
    10.0-180.0 180.0   5.0 450.0                            LAT/LON1/LON2/DLON/H
  185  212  238  264  284  300  315  329  347  364  390  416  451  486  520  546
  569  581  587  583  577  568  564  556  551  546  549  557  558  555  547  536
  523  506  489  474  458  443  427  400  366  338  321  309  296  273  252  233
  217  199  187  179  174  168  164  157  151  147  142  145  143  139  134  127
  125  123  125  126  125  128  131  151  185                                   
     7.5-180.0 180.0   5.0 450.0                            LAT/LON1/LON2/DLON/H
  168  193  225  250  275  290  307  322  340  357  383  405  435  464  499  526
  556  571  581  582  576  569  561  559  553  553  552  559  561  555  547  533
