data/unet/pred0590.15i
     1.0            IONOSPHERE MAPS     GNSS                IONEX VERSION / TYPE
pyspatialgeodesy        IME             05-JAN-18 20:20     PGM / RUN BY / DATE 
Map Name                                                    COMMENT             
Predicted global ionosphere maps (GIM).                     DESCRIPTION         
  2015     2    28     0     0     0                        EPOCH OF FIRST MAP  
  2015     3     1     0     0     0                        EPOCH OF LAST MAP   
  7200                                                      INTERVAL            
    13                                                      # OF MAPS IN FILE   
  NONE                                                      MAPPING FUNCTION    
10.0                                                        ELEVATION CUTOFF    
One-way carrier phase leveled to code                       OBSERVABLES USED    
  6371.0                                                    BASE RADIUS         
 2                                                          MAP DIMENSION       
   450.0 450.0   0.0                                        HGT1 / HGT2 / DHGT  
    87.5 -87.5  -2.5                                        LAT1 / LAT2 / DLAT  
  -180.0 180.0   5.0                                        LON1 / LON2 / DLON  
    -1                                                      EXPONENT            
                                                            END OF HEADER       
[from data line 2574]
     7                                                      START OF TEC MAP    
  2015     2    28    12     0     0                        EPOCH OF CURRENT MAP
    87.5-180.0 180.0   5.0 450.0                            LAT/LON1/LON2/DLON/H
   88  106  109  111  111  112  116  117  121  123  126  129  131  133  135  136
  138  139  140  140  141  141  141  140  140  138  139  135  136  133  133  130
  130  126  126  122  121  118  116  115  112  111  108  108  104  103   98   98
   95   94   91   91   89   89   88   89   87   88   87   89   88   90   89   92
   91   94   94   96   97   98  110   87   88                                   
    85.0-180.0 180.0   5.0 450.0                            LAT/LON1/LON2/DLON/H
   94   89   98   96  103  103  109  110  115  116  121  122  126  128  132  132
  137  138  141  142  144  146  147  148  148  151  149  151  148  151  146  148
  142  143  136  136  130  128  122  120  115  112  109  105  102   98   95   91
   88   86   83   81   79   77   76   75   74   74   73   73   73   73   73   74
   75   76   78   79   81   84   93   89   94                                   
    82.5-180.0 180.0   5.0 450.0                            LAT/LON1/LON2/DLON/H
   85   82   87   87   95   95  103  103  110  111  118  119  125  124  130  129
  134  134  140  138  145  143  149  147  154  152  158  156  159  158  158  155
  153  150  144  143  134  134  125  126  116  116  108  105   98   94   88   85
   79   77   73   71   68   67   65   64   62   61   60   59   58   58   58   58
   60   60   63   62   64   62   69   64   85                                   
    80.0-180.0 180.0   5.0 450.0                            LAT/LON1/LON2/DLON/H
   77   72   73   74   82   84   91   92   97   98  102  103  107  107  111  112
  115  117  122  124  128  130  135  136  142  143  149  151  156  158  160  160
  159  157  154  152  146  142  136  132  125  121  115  110  106   98   97   87
   87   77   78   71   72   65   66   62   63   60   60   59   58   59   58   58
   57   58   59   57   58   53   60   56   77                                   
    77.5-180.0 180.0   5.0 450.0                            LAT/LON1/LON2/DLON/H
   72   71   65   69   74   78   80   84   83   86   85   87   86   87   88   90
   91   95   99  103  109  113  121  125  133  137  145  149  156  160  164  167
  166  170  165  167  158  160  147  149  135  136  125  124  114  113  105  102
   97   93   90   86   83   81   78   77   74   74   72   72   71   71   71   71
   70   69   67   64   60   55   59   53   72                                   
    75.0-180.0 180.0   5.0 450.0                            LAT/LON1/LON2/DLON/H
   70   65   65   67   72   73   79   76   80   73   77   69   73   67   71   68
   73   76   80   87   91  102  105  116  120  130  135  143  148  157  161  168
  168  175  173  176  171  171  164  164  154  154  146  143  137  135  130  127
  124  120  118  113  110  106  103  100   97   95   93   92   90   91   88   87
   82   81   76   71   64   62   61   55   70                                   
    72.5-180.0 180.0   5.0 450.0                            LAT/LON1/LON2/DLON/H
   72   70   63   70   71   75   76   79   76   76   70   70   65   65   63   63
   66   68   75   79   87   97  106  116  123  131  137  144  151  158  166  171
  177  180  184  186  188  185  184  181  177  174  169  165  160  158  155  151
  151  146  146  139  138  129  130  122  122  117  116  112  111  108  106  102
   98   94   88   81   74   67   67   62   72                                   
    70.0-180.0 180.0   5.0 450.0                            LAT/LON1/LON2/DLON/H
   73   68   69   70   75   73   80   75   78   69   70   60   61   54   57   53
   59   61   68   77   82   99  105  120  124  135  139  147  154  161  168  176
  181  188  190  197  197  199  196  196  193  191  187  185  183  182  180  180
  177  175  172  165  161  151  147  139  135  129  126  121  118  115  113  108
  105  101   97   88   79   76   72   66   73                                   
    67.5-180.0 180.0   5.0 450.0                            LAT/LON1/LON2/DLON/H
   74   72   68   74   76   77   78   80   76   73   67   63   58   55   55   54
   59   63   72   80   89  105  112  125  129  139  142  150  155  164  169  178
  185  193  197  204  209  210  211  208  209  203  203  200  202  201  200  199
  195  192  187  179  171  160  152  142  135  126  121  115  110  106  103  102
  100   98   95   90   84   77   76   71   74                                   
    65.0-180.0 180.0   5.0 450.0                            LAT/LON1/LON2/DLON/H
   70   68   69   70   77   75   82   78   79   71   69   60   57   53   53   54
   59   65   72   86   91  110  116  128  133  143  147  153  159  167  174  182
  190  198  205  214  218  223  223  224  221  219  215  218  213  219  212  213
  203  200  195  186  172  159  145  135  123  115  105   98   90   86   85   83
   85   86   87   83   79   78   75   71   70                                   
    62.5-180.0 180.0   5.0 450.0                            LAT/LON1/LON2/DLON/H
   68   65   62   67   71   72   75   76   74   71   66   61   58   56   57   58
   65   69   79   88   98  111  119  129  135  143  147  155  160  169  176  186
  194  203  212  221  228  232  234  234  231  229  225  224  224  224  220  215
  208  201  196  184  171  154  139  125  113  100   89   77   70   66   65   67
   70   72   77   76   76   72   72   70   68                                   
    60.0-180.0 180.0   5.0 450.0                            LAT/LON1/LON2/DLON/H
   61   56   56   55   62   62   68   67   69   64   64   57   56   53   54   57
   61   68   73   87   90  108  111  125  129  140  143  153  158  169  174  186
  195  208  218  229  235  240  239  242  236  238  228  234  226  232  220  217
  209  201  195  183  166  151  133  120  105   92   80   69   61   56   55   54
   58   60   64   68   67   69   68   63   61                                   
    57.5-180.0 180.0   5.0 450.0                            LAT/LON1/LON2/DLON/H
   62   55   48   53   53   56   58   60   60   59   57   56   54   54   55   58
   63   67   75   80   88   99  106  116  124  133  139  150  157  169  178  190
  201  213  224  234  241  243  244  243  240  238  234  234  232  231  222  216
  210  203  197  186  173  157  142  128  113  100   88   76   68   62   57   54
   56   58   62   65   67   66   64   63   62                                   
    55.0-180.0 180.0   5.0 450.0                            LAT/LON1/LON2/DLON/H
   62   49   46   42   46   46   51   50   51   51   50   50   47   49   48   52
   54   62   63   74   74   91   93  110  115  129  133  147  154  170  177  193
  208  222  235  244  250  253  250  253  246  250  241  250  240  243  232  226
  220  213  209  197  188  175  160  147  134  120  109   98   89   84   73   66
   61   63   64   68   70   72   71   64   62                                   
    52.5-180.0 180.0   5.0 450.0                            LAT/LON1/LON2/DLON/H
   72   60   49   48   45   46   45   46   46   45   47   48   47   48   48   51
   53   59   63   71   76   84   91  104  113  125  135  148  159  173  185  200
  217  230  243  252  258  259  258  257  256  255  257  261  256  253  246  238
  233  228  225  216  208  200  191  176  166  151  139  131  120  114  102   92
   81   76   78   78   79   79   76   77   72                                   
    50.0-180.0 180.0   5.0 450.0                            LAT/LON1/LON2/DLON/H
   87   69   62   56   55   51   49   46   44   46   45   49   46   48   44   50
   48   57   57   68   69   85   88  105  113  129  137  153  163  180  191  210
  227  243  256  266  272  275  272  275  271  277  274  282  275  275  263  259
  252  249  244  236  229  222  215  205  195  182  171  162  153  147  135  126
  109  101   92   94   93   94   92   89   87                                   
    47.5-180.0 180.0   5.0 450.0                            LAT/LON1/LON2/DLON/H
  105   90   79   73   69   63   58   53   50   47   50   51   52   50   49   51
   53   60   64   71   77   87   96  110  123  134  148  161  174  186  200  217
  235  248  263  273  282  285  287  287  288  291  293  296  293  290  282  278
  271  267  259  252  246  237  231  219  210  195  187  180  174  169  159  149
  135  121  114  109  107  104  105  109  105                                   
    45.0-180.0 180.0   5.0 450.0                            LAT/LON1/LON2/DLON/H
  118  106   99   93   90   83   76   67   62   59   58   62   59   60   53   58
   55   64   66   79   80   97  105  123  134  149  158  173  181  196  207  228
  241  258  273  288  298  305  305  311  306  312  309  314  308  307  299  298
  291  287  277  267  257  248  237  223  211  196  188  182  179  177  169  159
  144  134  123  120  115  114  115  118  118                                   
    42.5-180.0 180.0   5.0 450.0                            LAT/LON1/LON2/DLON/H
  125  119  115  111  109   99   92   81   74   69   69   72   71   69   64   67
   67   75   79   88   93  106  117  134  148  160  170  181  189  200  214  229
  244  257  280  294  312  320  330  333  331  330  328  328  323  319  314  312
  305  299  286  273  260  245  229  208  193  177  170  164  164  163  159  150
  139  129  119  114  113  107  115  125  125                                   
    40.0-180.0 180.0   5.0 450.0                            LAT/LON1/LON2/DLON/H
  124  124  120  125  121  115  106   94   87   81   81   83   80   78   72   74
   76   85   87   98  101  116  126  145  158  173  179  190  194  207  216  233
  244  264  284  309  328  348  352  363  356  360  350  352  339  338  329  329
  320  312  297  282  263  244  220  196  177  159  151  142  143  141  139  133
  123  118  109  105  101  100  105  116  124                                   
    37.5-180.0 180.0   5.0 450.0                            LAT/LON1/LON2/DLON/H
  114  116  116  121  122  117  112  101   93   91   89   93   91   91   85   88
   88   96   96  105  108  122  134  152  167  180  187  195  199  207  218  229
  243  262  289  316  348  366  384  390  389  387  380  374  365  358  351  346
  337  327  311  292  272  248  224  199  177  155  143  132  133  128  127  118
  114  107  101   93   90   87   91  106  114                                   
    35.0-180.0 180.0   5.0 450.0                            LAT/LON1/LON2/DLON/H
  107  105  104  110  118  114  113  101   99   93   95   95   96   95   94   96
   99  106  106  113  115  130  141  161  175  189  193  202  203  215  220  238
  248  277  301  339  367  395  409  424  418  422  410  407  393  388  380  376
  367  358  341  323  301  279  252  227  201  180  162  149  141  136  129  124
  118  112  100   93   83   82   84   92  107                                   
    32.5-180.0 180.0   5.0 450.0                            LAT/LON1/LON2/DLON/H
   99   94   90  101  106  107  105  100   95   94   94   98  101  103  101  105
  104  110  109  114  117  132  145  166  180  194  200  208  212  221  231  246
  260  289  321  360  392  417  440  452  458  457  450  442  431  425  421  419
  415  409  394  382  361  339  317  293  267  243  223  207  194  182  174  165
  158  149  135  118  101   89   84   77   99                                   
    30.0-180.0 180.0   5.0 450.0                            LAT/LON1/LON2/DLON/H
   98   78   76   84   93   97  100   95   97   91   96   96  100  102  103  106
  110  112  113  117  122  138  153  174  187  203  208  220  223  239  245  267
  285  317  350  390  418  448  467  484  488  492  487  481  475  469  470  470
  473  468  458  445  430  417  405  392  376  357  337  319  299  281  263  249
  231  217  193  173  142  117  102   74   98                                   
    27.5-180.0 180.0   5.0 450.0                            LAT/LON1/LON2/DLON/H
   78   86   69   75   76   88   88   90   90   90   91   94   97  100  103  107
  107  109  109  116  123  141  156  179  194  208  219  229  241  252  269  290
  315  348  381  417  447  476  498  513  525  531  533  529  526  524  527  532
  535  531  525  516  511  504  502  502  498  489  469  454  432  409  372  351
  315  294  259  228  195  159  137   76   78                                   
    25.0-180.0 180.0   5.0 450.0                            LAT/LON1/LON2/DLON/H
   96  109   88   77   75   75   78   83   84   85   90   90   95   94  100   99
  102  102  106  114  129  149  168  191  205  221  230  249  259  278  295  325
  356  387  418  445  475  499  517  540  553  568  576  572  578  572  582  582
  593  594  598  600  609  615  622  617  606  599  589  578  562  534  498  464
  426  397  353  304  254  215  183  120   96                                   
    22.5-180.0 180.0   5.0 450.0                            LAT/LON1/LON2/DLON/H
  135  129  113  105   98   95   89   91   91   87   87   87   91   91   93   96
   95   96  102  115  133  156  179  201  218  234  250  269  285  303  327  359
  391  421  450  478  502  525  537  563  581  601  611  618  618  626  628  642
  650  669  678  694  713  722  722  714  704  690  673  663  641  610  570  545
  512  490  445  396  341  292  255  188  135                                   
    20.0-180.0 180.0   5.0 450.0                            LAT/LON1/LON2/DLON/H
  189  186  163  141  126  112  109  112  106   93   89   82   86   85   91   87
   90   86   97  114  138  167  190  212  225  246  262  293  310  334  350  380
  413  448  480  502  530  541  559  587  605  631  644  649  656  661  677  691
  710  731  745  762  773  783  778  766  747  732  715  708  687  653  604  579
  540  523  489  452  407  364  330  266  189                                   
    17.5-180.0 180.0   5.0 450.0                            LAT/LON1/LON2/DLON/H
  243  243  216  184  166  143  133  124  123  109   93   89   86   87   90   87
   86   88   99  118  143  176  199  220  234  253  275  294  321  339  367  400
  433  471  501  528  544  559  575  599  623  647  663  674  683  695  715  738
  753  772  778  790  796  800  792  769  743  715  694  679  671  634  596  568
  542  522  497  465  436  403  385  322  243                                   
    15.0-180.0 180.0   5.0 450.0                            LAT/LON1/LON2/DLON/H
  292  285  256  229  198  167  152  141  133  125  108   97   83   84   86   86
   89   83   98  115  145  175  201  219  239  255  278  302  329  359  386  417
  452  487  516  541  556  568  586  607  630  659  681  693  703  717  747  761
  772  782  778  783  780  776  755  730  694  656  626  617  600  586  561  545
  525  496  474  450  432  410  396  358  292                                   
    12.5-180.0 180.0   5.0 450.0                            LAT/LON1/LON2/DLON/H
  322  316  290  261  234  194  172  153  145  131  118  101   88   88   85   89
   93   96  106  130  154  188  203  226  243  263  284  309  343  375  410  439
  467  498  524  548  560  576  591  608  638  669  691  706  722  738  761  772
  775  772  759  750  741  726  703  669  628  566  539  517  513  507  505  488
  468  452  433  419  412  397  388  369  322                                   
    10.0-180.0 180.0   5.0 450.0                            LAT/LON1/LON2/DLON/H
  331  322  297  270  242  212  176  162  147  136  124  111   94   95   88   88
   92   99  112  132  163  190  211  226  244  266  293  323  359  399  428  453
  477  506  533  553  570  584  603  618  645  679  701  719  732  748  766  774
  768  756  736  718  702  682  653  620  567  515  474  448  446  435  432  426
  421  411  400  392  388  382  376  368  331                                   
     7.5-180.0 180.0   5.0 450.0                            LAT/LON1/LON2/DLON/H
  333  324  308  273  260  219  195  174  161  146  131  116  100  100   94   98
   99  111  125  152  175  205  214  234  251  274  300  335  377  416  442  464
