data/unet/pred1790.15i
     1.0            IONOSPHERE MAPS     GNSS                IONEX VERSION / TYPE
pyspatialgeodesy        IME             05-JAN-18 20:20     PGM / RUN BY / DATE 
Map Name                                                    COMMENT             
Predicted global ionosphere maps (GIM).                     DESCRIPTION         
  2015     6    28     0     0     0                        EPOCH OF FIRST MAP  
  2015     6    29     0     0     0                        EPOCH OF LAST MAP   
  7200                                                      INTERVAL            
    13                                                      # OF MAPS IN FILE   
  NONE                                                      MAPPING FUNCTION    
10.0                                                        ELEVATION CUTOFF    
One-way carrier phase leveled to code                       OBSERVABLES USED    
  6371.0                                                    BASE RADIUS         
 2                                                          MAP DIMENSION       
   450.0 450.0   0.0                                        HGT1 / HGT2 / DHGT  
    87.5 -87.5  -2.5                                        LAT1 / LAT2 / DLAT  
  -180.0 180.0   5.0                                        LON1 / LON2 / DLON  
    -1                                                      EXPONENT            
                                                            END OF HEADER       
[from data line 858]
     3                                                      START OF TEC MAP    
  2015     6    28     4     0     0                        EPOCH OF CURRENT MAP
    87.5-180.0 180.0   5.0 450.0                            LAT/LON1/LON2/DLON/H
  160  157  146  148  147  148  147  148  148  150  148  149  149  150  148  148
  147  147  145  145  143  144  140  141  139  140  137  137  136  137  135  135
  134  135  133  134  134  134  133  133  134  134  134  134  135  135  135  136
  137  138  138  139  139  141  141  142  143  144  144  145  145  146  145  145
  146  146  145  146  146  142  157  170  160                                   
    85.0-180.0 180.0   5.0 450.0                            LAT/LON1/LON2/DLON/H
  163  162  147  158  155  156  156  157  157  159  157  158  158  158  156  157
  155  155  152  152  150  150  145  146  143  144  140  141  138  140  136  138
  135  137  133  137  134  137  133  137  134  138  135  138  136  138  136  139
  138  140  140  142  142  144  144  146  147  149  148  150  150  152  150  152
  152  153  152  154  152  148  157  162  163                                   
    82.5-180.0 180.0   5.0 450.0                            LAT/LON1/LON2/DLON/H
  151  148  152  159  156  156  156  158  159  160  159  160  160  160  159  159
  158  157  154  154  152  151  147  146  144  143  140  139  137  137  135  135
  134  135  133  135  134  135  134  135  135  136  136  136  137  137  137  137
  138  138  140  140  142  143  145  146  149  148  150  150  152  152  152  151
  153  152  153  153  155  150  157  152  151                                   
    80.0-180.0 180.0   5.0 450.0                            LAT/LON1/LON2/DLON/H
  159  155  161  163  161  160  160  160  162  161  161  161  162  161  161  159
  159  158  156  155  153  151  148  146  144  141  139  137  135  135  133  133
  133  133  133  134  134  135  135  135  136  136  136  137  138  138  139  139
  142  142  144  145  148  149  152  153  156  157  158  158  160  160  158  159
  159  159  159  161  160  155  157  157  159                                   
    77.5-180.0 180.0   5.0 450.0                            LAT/LON1/LON2/DLON/H
  163  159  162  162  160  159  160  160  160  159  159  158  158  157  156  155
  155  153  152  151  149  146  144  141  138  135  132  130  128  127  127  127
  128  129  130  132  133  134  135  135  135  136  136  137  138  139  141  142
  145  146  149  150  154  155  159  160  163  163  165  165  167  165  165  164
  164  163  164  163  164  158  158  156  163                                   
    75.0-180.0 180.0   5.0 450.0                            LAT/LON1/LON2/DLON/H
  163  160  161  160  159  156  157  156  156  155  153  152  151  149  149  147
  146  145  144  142  140  138  135  131  128  124  121  119  117  117  117  119
  120  123  125  128  131  133  135  135  135  135  136  136  138  139  142  143
  147  148  152  153  157  159  162  163  165  166  166  167  167  166  165  164
  164  163  164  165  164  157  160  158  163                                   
    72.5-180.0 180.0   5.0 450.0                            LAT/LON1/LON2/DLON/H
  165  159  161  160  156  155  153  153  151  150  147  146  143  142  139  139
  136  137  134  135  132  131  127  124  119  115  111  109  107  108  109  112
  115  120  123  128  130  134  135  136  135  136  136  138  139  142  145  149
  151  154  156  159  160  163  164  166  167  167  167  166  167  165  164  163
  162  162  164  163  164  159  161  158  165                                   
    70.0-180.0 180.0   5.0 450.0                            LAT/LON1/LON2/DLON/H
  165  158  161  159  157  155  154  152  150  148  143  140  137  134  131  129
  128  127  126  125  124  121  118  114  111  106  104  101  102  102  105  107
  112  117  122  128  132  137  137  139  137  138  138  141  143  148  151  155
  157  160  162  164  165  167  167  169  168  169  166  166  165  165  162  163
  161  163  163  166  163  157  162  161  165                                   
    67.5-180.0 180.0   5.0 450.0                            LAT/LON1/LON2/DLON/H
  167  159  161  161  156  154  152  151  148  144  140  136  131  128  124  122
  120  119  118  118  116  114  111  108  104  101   99   98   98  100  102  107
  110  117  121  128  132  137  137  139  138  140  141  146  149  156  159  163
  164  167  168  169  168  169  168  169  167  167  165  165  165  164  162  162
  162  163  165  166  166  161  164  161  167                                   
    65.0-180.0 180.0   5.0 450.0                            LAT/LON1/LON2/DLON/H
  168  160  162  161  156  154  152  151  147  145  138  134  128  124  120  116
  115  112  112  110  110  107  105  101   99   95   95   93   96   96  101  104
  110  114  119  125  130  135  136  138  137  142  143  150  154  161  164  169
  171  173  173  174  172  172  170  170  167  167  163  164  162  163  160  162
  160  164  164  168  166  161  165  164  168                                   
    62.5-180.0 180.0   5.0 450.0                            LAT/LON1/LON2/DLON/H
  168  162  163  162  157  154  152  150  147  144  139  134  129  124  118  115
  112  109  107  105  104  101   98   96   94   93   91   93   94   97  100  105
  107  113  116  123  126  132  133  137  137  143  147  155  161  167  171  175
  177  178  177  177  175  174  171  170  168  166  163  162  162  161  160  161
  161  164  166  170  169  165  167  165  168                                   
    60.0-180.0 180.0   5.0 450.0                            LAT/LON1/LON2/DLON/H
  172  167  167  165  160  156  153  151  148  146  140  136  131  125  120  114
  111  106  105  101  100   96   94   90   90   88   90   90   94   95  100  101
  106  108  112  116  120  125  128  133  136  144  149  159  164  173  176  180
  181  181  180  180  177  177  173  173  171  171  167  166  164  164  161  163
  162  166  167  172  170  165  168  169  172                                   
    57.5-180.0 180.0   5.0 450.0                            LAT/LON1/LON2/DLON/H
  173  171  171  170  163  160  156  154  151  147  143  139  134  128  121  115
  110  105  101   98   95   93   89   87   85   86   87   91   93   97   98  101
  101  104  105  111  114  121  125  133  138  147  155  164  171  179  182  186
  186  187  186  185  182  182  179  179  177  176  173  171  169  166  164  164
  163  167  170  175  173  171  170  172  173                                   
    55.0-180.0 180.0   5.0 450.0                            LAT/LON1/LON2/DLON/H
  179  179  178  176  171  166  162  158  153  150  145  142  137  130  122  115
  110  103  101   95   94   89   87   83   84   83   87   89   94   95   98   96
   98   96   99  102  109  113  121  128  137  148  156  168  173  183  185  189
  189  191  190  193  190  192  190  190  188  187  181  180  175  174  169  169
  167  171  173  179  176  172  173  177  179                                   
    52.5-180.0 180.0   5.0 450.0                            LAT/LON1/LON2/DLON/H
  183  185  187  184  177  174  168  164  158  155  150  145  139  132  124  116
  109  104  100   96   93   91   86   85   83   85   85   91   92   96   94   95
   92   91   92   96  102  111  119  131  139  152  162  172  179  187  191  194
  195  197  198  201  201  202  202  201  199  197  191  188  183  179  174  172
  171  174  177  182  182  180  178  182  183                                   
    50.0-180.0 180.0   5.0 450.0                            LAT/LON1/LON2/DLON/H
  194  195  196  195  189  183  178  172  165  162  155  150  143  135  125  116
  110  104  102   97   97   92   91   87   88   86   91   91   96   95   96   92
   92   87   90   91   99  107  118  128  141  154  164  176  181  192  195  202
  201  205  208  213  215  217  218  217  214  211  202  198  191  188  181  181
  178  183  183  190  187  185  184  189  194                                   
    47.5-180.0 180.0   5.0 450.0                            LAT/LON1/LON2/DLON/H
  200  200  205  203  197  194  187  183  175  171  163  158  148  139  127  118
  111  107  104  102   99   98   95   94   92   93   93   96   95   97   94   93
   90   87   89   91   99  108  118  130  143  159  170  183  188  199  203  210
  211  216  219  225  228  232  231  230  225  220  212  207  201  195  189  187
  186  189  192  197  197  195  191  194  200                                   
    45.0-180.0 180.0   5.0 450.0                            LAT/LON1/LON2/DLON/H
  211  210  212  213  209  205  200  194  187  181  173  166  155  144  131  120
  114  108  108  104  106  103  105  101  103  100  102   99  101   98   98   93
   95   90   95   95  102  109  121  131  145  160  172  186  191  204  208  218
  219  227  231  240  243  247  248  245  240  233  223  217  209  205  197  198
  196  201  202  208  205  201  198  201  211                                   
    42.5-180.0 180.0   5.0 450.0                            LAT/LON1/LON2/DLON/H
  215  214  221  219  216  214  210  206  198  193  183  176  163  152  137  126
  118  114  111  111  110  111  111  112  111  111  109  107  104  102  100   99
   98   98  102  103  109  114  124  134  148  164  176  189  197  210  217  226
  231  238  245  251  256  259  260  255  251  241  233  224  219  213  209  207
  209  211  214  218  218  214  208  209  215                                   
    40.0-180.0 180.0   5.0 450.0                            LAT/LON1/LON2/DLON/H
  229  226  229  228  226  224  223  219  213  206  197  188  174  161  146  133
  125  119  118  115  118  117  122  121  125  122  123  117  114  108  108  105
  107  107  111  113  118  121  131  140  153  168  181  195  202  216  224  236
  241  250  257  264  268  272  273  270  265  257  246  238  231  227  222  222
  223  229  230  234  231  224  218  218  229                                   
    37.5-180.0 180.0   5.0 450.0                            LAT/LON1/LON2/DLON/H
  236  231  236  233  232  230  231  230  225  220  209  201  186  174  158  146
  135  129  124  123  123  126  129  134  137  138  137  130  124  118  116  114
  116  117  120  121  123  127  133  142  155  170  183  195  205  219  229  242
  249  259  267  274  279  283  285  283  280  271  263  254  248  243  241  240
  244  248  251  252  251  244  233  231  236                                   
    35.0-180.0 180.0   5.0 450.0                            LAT/LON1/LON2/DLON/H
  254  247  249  245  244  242  244  243  240  235  225  216  202  188  173  160
  149  140  134  129  130  131  139  143  154  154  156  146  139  130  129  126
  129  129  131  129  130  130  138  144  158  173  188  199  209  222  233  247
  255  267  273  281  286  293  298  300  299  293  284  278  271  267  264  264
  267  271  272  273  269  260  250  245  254                                   
    32.5-180.0 180.0   5.0 450.0                            LAT/LON1/LON2/DLON/H
  270  264  266  259  257  255  258  255  253  248  240  232  217  207  190  179
  165  157  145  139  137  141  151  161  172  176  176  165  156  144  140  136
  137  136  137  133  132  131  136  144  156  171  186  198  209  222  234  248
  257  269  277  287  295  304  314  318  321  317  312  304  298  294  291  290
  293  293  295  295  294  284  274  271  270                                   
    30.0-180.0 180.0   5.0 450.0                            LAT/LON1/LON2/DLON/H
  294  291  289  281  278  274  275  272  271  265  259  248  235  222  209  195
  183  170  160  148  148  150  165  175  191  193  193  182  168  155  148  144
  141  140  137  133  131  129  135  140  153  167  183  196  207  220  233  249
  260  272  282  293  303  315  326  336  341  342  337  332  326  322  318  316
  316  316  317  317  315  308  301  295  294                                   
    27.5-180.0 180.0   5.0 450.0                            LAT/LON1/LON2/DLON/H
  319  319  316  309  301  299  296  293  289  283  276  267  252  241  225  215
  199  188  173  163  159  166  180  194  206  209  206  194  180  161  152  142
  140  135  133  128  126  125  130  136  147  159  176  189  201  213  228  244
  257  271  281  295  306  321  336  349  357  361  360  356  354  350  348  343
  342  338  339  338  342  334  329  326  319                                   
    25.0-180.0 180.0   5.0 450.0                            LAT/LON1/LON2/DLON/H
  346  349  345  337  332  327  323  317  311  304  296  285  274  257  244  228
  213  197  184  172  172  180  197  210  220  220  213  200  180  162  146  137
  130  128  124  121  121  119  124  128  141  150  167  181  193  207  222  240
  255  269  282  296  310  328  345  364  373  381  381  380  378  376  373  370
  367  364  361  362  364  359  357  351  346                                   
    22.5-180.0 180.0   5.0 450.0                            LAT/LON1/LON2/DLON/H
  369  370  370  364  357  357  349  343  334  323  314  301  289  275  259  244
  225  212  195  186  187  197  213  224  231  225  216  198  178  154  138  126
  120  116  113  112  111  108  113  117  129  140  155  170  186  200  217  233
  250  265  278  296  311  332  352  371  385  392  395  394  395  394  392  390
  387  382  380  380  385  380  379  379  369                                   
    20.0-180.0 180.0   5.0 450.0                            LAT/LON1/LON2/DLON/H
  386  391  390  384  382  379  375  365  354  343  332  322  306  291  275  254
  235  218  203  196  200  213  228  238  238  229  212  192  164  143  125  116
  106  103  101   99   99   95  100  102  116  126  146  164  181  197  214  231
  248  264  280  299  319  343  365  388  400  412  414  417  417  419  415  412
  407  403  400  400  403  397  396  395  386                                   
    17.5-180.0 180.0   5.0 450.0                            LAT/LON1/LON2/DLON/H
  397  402  404  401  397  398  391  385  370  354  343  327  317  300  285  266
  245  230  214  211  216  228  242  244  241  226  205  177  150  129  114  103
   94   89   88   85   84   83   85   90  102  113  135  156  179  195  213  229
  247  264  282  303  324  349  373  395  410  420  426  428  430  431  427  425
  418  416  412  414  417  412  408  408  397                                   
    15.0-180.0 180.0   5.0 450.0                            LAT/LON1/LON2/DLON/H
  407  411  417  410  410  407  401  393  378  363  345  335  319  311  294  278
  256  239  224  222  226  240  248  248  236  219  189  160  132  118  102   92
   82   76   76   74   74   71   75   77   92  102  127  152  178  195  215  231
  252  269  290  310  333  358  383  406  420  433  439  444  446  448  445  441
  436  431  429  430  433  426  420  419  407                                   
    12.5-180.0 180.0   5.0 450.0                            LAT/LON1/LON2/DLON/H
  414  416  419  413  407  404  394  387  370  355  338  324  316  305  297  281
  264  251  236  235  239  246  249  243  226  202  168  139  118  105   92   82
   74   66   66   64   64   63   65   69   82   93  119  147  174  194  213  230
  252  273  294  316  337  361  386  407  426  439  446  450  453  453  451  450
  445  443  439  440  444  436  427  427  414                                   
    10.0-180.0 180.0   5.0 450.0                            LAT/LON1/LON2/DLON/H
  422  423  424  413  407  397  387  374  357  341  321  311  298  298  288  286
  269  258  244  242  242  246  242  232  207  180  144  123  106   95   83   73
   64   58   58   56   56   53   56   57   73   82  110  138  170  189  212  228
  252  273  295  315  337  361  384  408  428  446  455  463  464  468  465  466
  463  459  454  454  455  446  435  433  422                                   
     7.5-180.0 180.0   5.0 450.0                            LAT/LON1/LON2/DLON/H
  426  428  426  413  399  387  371  357  336  321  299  289  282  277  278  272
  267  257  247  243  241  238  228  211  182  151  123  108   95   86   77   66
