data/unet/pred1150.15i
     1.0            IONOSPHERE MAPS     GNSS                IONEX VERSION / TYPE
pyspatialgeodesy        IME             05-JAN-18 20:20     PGM / RUN BY / DATE 
Map Name                                                    COMMENT             
Predicted global ionosphere maps (GIM).                     DESCRIPTION         
  2015     4    25     0     0     0                        EPOCH OF FIRST MAP  
  2015     4    26     0     0     0                        EPOCH OF LAST MAP   
  7200                                                      INTERVAL            
    13                                                      # OF MAPS IN FILE   
  NONE                                                      MAPPING FUNCTION    
10.0                                                        ELEVATION CUTOFF    
One-way carrier phase leveled to code                       OBSERVABLES USED    
  6371.0                                                    BASE RADIUS         
 2                                                          MAP DIMENSION       
   450.0 450.0   0.0                                        HGT1 / HGT2 / DHGT  
    87.5 -87.5  -2.5                                        LAT1 / LAT2 / DLAT  
  -180.0 180.0   5.0                                        LON1 / LON2 / DLON  
    -1                                                      EXPONENT            
                                                            END OF HEADER       
[from data line 1716]
     5                                                      START OF TEC MAP    
  2015     4    25     8     0     0                        EPOCH OF CURRENT MAP
    87.5-180.0 180.0   5.0 450.0                            LAT/LON1/LON2/DLON/H
  178  188  202  206  212  214  217  221  224  228  232  237  240  245  248  251
  252  256  257  261  260  263  263  266  266  269  270  272  272  273  272  272
  270  269  266  264  260  257  253  251  246  245  241  240  236  235  233  232
  230  229  227  226  222  221  218  218  214  214  211  210  208  206  204  203
  202  202  201  202  200  197  201  180  178                                   
    85.0-180.0 180.0   5.0 450.0                            LAT/LON1/LON2/DLON/H
  182  185  184  195  199  202  208  213  219  225  232  238  244  249  256  258
  263  265  270  271  274  274  278  277  280  281  284  283  285  284  286  284
  285  281  283  278  278  273  273  269  267  264  262  259  256  254  252  249
  246  243  241  237  233  229  226  222  218  214  212  207  204  199  197  193
  192  190  190  188  188  183  191  172  182                                   
    82.5-180.0 180.0   5.0 450.0                            LAT/LON1/LON2/DLON/H
  180  172  170  177  177  184  187  197  200  211  215  227  231  242  245  254
  255  262  262  269  266  271  268  273  269  273  270  273  270  272  271  273
  271  274  272  274  272  273  271  272  268  269  265  267  261  263  257  258
  251  250  244  243  236  233  227  224  217  214  207  203  197  193  187  185
  181  180  176  175  173  169  168  167  180                                   
    80.0-180.0 180.0   5.0 450.0                            LAT/LON1/LON2/DLON/H
  181  168  163  166  166  172  176  184  190  198  206  215  222  232  238  245
  248  253  256  258  258  259  257  257  254  254  251  252  249  251  250  253
  253  257  257  261  261  265  265  267  267  267  269  268  269  268  268  266
  263  261  258  255  251  248  243  239  233  228  222  216  212  205  199  195
  191  187  182  180  175  170  167  164  181                                   
    77.5-180.0 180.0   5.0 450.0                            LAT/LON1/LON2/DLON/H
  187  177  166  166  165  169  171  178  181  191  195  206  210  221  225  234
  234  241  240  245  240  243  238  238  231  231  225  226  222  225  224  230
  231  238  241  248  250  257  259  264  265  271  272  278  279  284  284  288
  285  286  283  283  278  277  271  269  262  257  251  246  241  234  229  224
  220  216  209  204  199  191  187  176  187                                   
    75.0-180.0 180.0   5.0 450.0                            LAT/LON1/LON2/DLON/H
  203  189  176  173  168  169  169  174  176  182  187  194  198  205  209  216
  218  223  224  226  222  221  216  212  206  203  200  198  198  200  203  207
  213  219  227  233  240  247  254  259  265  272  279  288  295  302  308  313
  315  318  318  319  317  315  312  309  304  299  292  287  280  272  263  259
  252  248  241  234  229  217  206  196  203                                   
    72.5-180.0 180.0   5.0 450.0                            LAT/LON1/LON2/DLON/H
  221  208  190  181  172  169  166  167  167  172  175  181  183  189  191  196
  197  203  203  206  202  201  195  191  184  182  176  178  176  182  185  193
  199  207  216  224  234  243  251  259  265  277  285  300  309  322  329  338
  341  347  348  351  349  349  345  344  338  334  326  320  313  303  296  289
  284  279  272  264  256  244  230  213  221                                   
    70.0-180.0 180.0   5.0 450.0                            LAT/LON1/LON2/DLON/H
  231  214  199  187  176  169  164  161  160  161  164  167  169  172  175  177
  180  182  186  186  188  184  183  177  173  169  167  166  169  172  180  186
  196  204  215  222  232  241  251  260  271  283  298  314  328  342  353  362
  368  372  374  376  374  375  370  370  363  360  350  346  337  329  318  313
  306  302  295  287  279  261  242  228  231                                   
    67.5-180.0 180.0   5.0 450.0                            LAT/LON1/LON2/DLON/H
  235  220  202  188  175  162  157  152  150  149  151  151  153  154  157  158
  162  165  169  171  172  172  169  168  163  163  160  163  166  173  179  189
  198  208  218  227  236  245  254  266  275  292  305  326  341  358  368  379
  384  388  387  389  385  385  379  377  370  364  356  349  342  333  325  318
  313  308  303  295  287  272  253  235  235                                   
    65.0-180.0 180.0   5.0 450.0                            LAT/LON1/LON2/DLON/H
  233  215  199  183  169  155  148  141  139  137  138  137  138  137  140  141
  146  149  155  157  162  161  164  161  163  160  165  165  173  177  188  194
  208  214  227  231  241  248  259  271  285  302  322  341  361  376  388  396
  399  402  399  399  393  389  382  377  370  364  356  351  341  334  322  317
  307  306  298  296  288  274  254  239  233                                   
    62.5-180.0 180.0   5.0 450.0                            LAT/LON1/LON2/DLON/H
  234  217  198  180  163  145  138  130  128  126  127  126  126  125  125  126
  128  131  136  141  144  148  150  154  155  160  163  170  176  184  192  203
  212  224  232  241  247  258  266  280  293  311  331  351  370  384  396  406
  408  410  404  405  395  392  381  377  367  361  352  345  336  327  316  307
  299  294  290  286  282  273  258  242  234                                   
    60.0-180.0 180.0   5.0 450.0                            LAT/LON1/LON2/DLON/H
  238  217  199  179  160  141  129  120  117  116  117  117  116  115  115  114
  117  117  123  125  131  133  138  141  148  153  161  166  177  183  197  204
  220  227  240  243  254  260  274  285  307  324  350  365  387  398  411  416
  417  419  413  413  403  397  386  378  370  362  354  347  338  328  316  304
  294  288  283  282  281  273  259  253  238                                   
    57.5-180.0 180.0   5.0 450.0                            LAT/LON1/LON2/DLON/H
  253  234  212  190  168  142  128  114  111  108  110  111  111  110  109  107
  108  108  110  112  115  117  121  125  130  138  145  156  166  178  190  204
  216  229  239  248  256  267  280  295  316  332  359  372  395  406  417  424
  425  427  421  421  412  407  396  388  379  372  364  356  347  336  324  311
  301  291  288  285  287  283  273  265  253                                   
    55.0-180.0 180.0   5.0 450.0                            LAT/LON1/LON2/DLON/H
  272  253  231  209  184  154  133  116  106  103  103  106  107  109  107  106
  105  105  106  104  105  104  108  110  117  123  133  143  156  169  185  198
  216  227  243  250  263  272  290  305  336  351  383  395  419  425  437  440
  442  443  437  437  429  424  413  405  395  388  381  374  365  353  342  327
  317  306  302  301  304  300  294  289  272                                   
    52.5-180.0 180.0   5.0 450.0                            LAT/LON1/LON2/DLON/H
  298  283  264  237  212  176  150  126  113  104  104  105  109  109  110  108
  109  106  105  101  100   96   97   98  104  108  119  129  143  158  176  196
  212  230  244  256  270  282  301  320  347  367  395  411  431  440  451  455
  456  457  452  452  446  442  433  423  415  407  400  391  383  371  361  348
  338  327  322  321  324  322  323  308  298                                   
    50.0-180.0 180.0   5.0 450.0                            LAT/LON1/LON2/DLON/H
  319  312  298  270  242  209  176  146  126  112  108  108  111  114  114  115
  114  113  109  105  101   98   98   98  105  109  119  126  142  156  179  198
  219  235  253  266  281  294  318  336  373  387  421  434  457  461  473  474
  476  477  475  476  471  466  454  444  432  424  413  407  395  387  376  367
  358  350  344  344  344  340  343  329  319                                   
    47.5-180.0 180.0   5.0 450.0                            LAT/LON1/LON2/DLON/H
  331  328  316  295  268  234  205  170  147  129  120  116  118  118  122  120
  123  121  120  113  109  104  104  104  108  111  120  126  142  159  182  205
  224  243  258  275  290  307  326  352  380  405  433  450  471  477  487  490
  492  495  494  494  488  481  469  456  444  432  420  412  401  395  383  377
  369  363  356  353  352  347  351  335  331                                   
    45.0-180.0 180.0   5.0 450.0                            LAT/LON1/LON2/DLON/H
  328  323  316  305  289  259  231  200  174  151  139  131  131  131  132  133
  135  135  134  130  126  121  121  121  126  128  137  142  159  175  200  218
  238  253  271  285  301  317  343  367  403  426  459  474  496  501  511  512
  518  520  520  519  512  502  484  472  452  443  425  418  403  399  387  384
  376  371  362  357  353  343  344  330  328                                   
    42.5-180.0 180.0   5.0 450.0                            LAT/LON1/LON2/DLON/H
  312  303  293  290  284  267  246  223  201  177  161  151  146  143  144  143
  148  148  152  148  146  141  141  141  144  146  151  158  173  190  211  229
  247  262  278  294  307  326  349  380  413  444  475  497  517  525  534  539
  543  544  541  536  526  513  495  481  463  450  432  421  405  398  385  384
  373  368  352  345  334  322  316  302  312                                   
    40.0-180.0 180.0   5.0 450.0                            LAT/LON1/LON2/DLON/H
  278  268  264  269  269  260  249  231  215  198  184  171  165  161  161  160
  164  165  169  168  168  163  163  162  166  166  173  178  195  208  227  240
  256  267  282  294  311  332  360  393  433  463  501  519  541  550  564  569
  577  574  572  562  549  535  516  502  480  468  447  433  417  407  395  389
  379  365  349  334  322  306  290  274  278                                   
    37.5-180.0 180.0   5.0 450.0                            LAT/LON1/LON2/DLON/H
  241  235  228  233  239  241  238  230  221  209  199  187  180  175  173  172
  176  176  181  180  183  178  178  176  178  179  182  187  199  213  227  242
  255  267  280  294  313  338  370  407  446  482  514  540  559  575  592  606
  619  618  615  602  587  571  558  543  530  510  494  476  459  445  431  422
  406  388  364  345  322  297  269  243  241                                   
    35.0-180.0 180.0   5.0 450.0                            LAT/LON1/LON2/DLON/H
  220  215  203  203  212  216  222  220  221  212  207  197  194  190  190  189
  191  192  196  197  197  193  192  188  190  189  191  193  202  217  228  243
  252  266  276  295  314  346  379  424  463  499  534  557  583  603  627  643
  655  652  651  640  631  613  610  594  593  575  572  542  530  505  496  474
  458  430  404  374  349  310  276  240  220                                   
    32.5-180.0 180.0   5.0 450.0                            LAT/LON1/LON2/DLON/H
  230  213  205  194  197  201  207  210  212  209  207  202  201  199  199  198
  200  200  204  203  205  200  198  193  193  187  190  188  195  203  214  229
  242  257  272  292  319  350  387  430  472  513  543  574  597  627  657  675
  693  698  704  697  695  679  679  664  666  653  652  632  621  599  588  568
  554  509  473  436  413  363  313  274  230                                   
    30.0-180.0 180.0   5.0 450.0                            LAT/LON1/LON2/DLON/H
  275  248  222  198  194  198  203  202  208  207  210  207  210  210  212  212
  214  215  216  217  216  212  208  203  199  194  189  186  190  197  206  219
  230  252  271  299  328  362  397  437  482  521  555  584  613  645  681  706
  736  756  774  778  784  781  787  789  792  788  787  763  751  720  705  677
  656  619  583  543  495  431  389  339  275                                   
    27.5-180.0 180.0   5.0 450.0                            LAT/LON1/LON2/DLON/H
  367  317  276  234  220  214  214  214  215  214  215  215  217  217  218  219
  221  221  223  222  222  219  213  209  201  194  187  182  182  187  193  200
  215  237  272  301  342  375  413  448  487  527  560  593  620  657  700  735
  775  804  836  851  868  877  886  899  907  916  916  903  884  855  833  805
  776  735  690  653  610  552  478  442  367                                   
    25.0-180.0 180.0   5.0 450.0                            LAT/LON1/LON2/DLON/H
  439  369  329  292  264  248  236  231  227  230  230  227  232  231  233  231
  234  234  236  232  231  228  223  217  207  200  186  185  178  183  191  201
  220  245  281  323  362  394  430  459  499  530  571  595  639  666  722  762
  813  857  892  924  943  966  982 1001 1016 1024 1034 1021 1012  971  950  915
  890  847  804  762  720  658  602  530  439                                   
    22.5-180.0 180.0   5.0 450.0                            LAT/LON1/LON2/DLON/H
  519  445  390  334  319  298  279  265  251  247  245  252  250  246  242  241
  240  238  240  239  237  236  228  226  212  202  188  182  181  188  198  211
  228  255  289  333  370  407  440  475  506  543  578  609  648  692  735  784
  835  886  928  964  990 1014 1035 1057 1076 1093 1099 1095 1081 1055 1030  999
  973  937  897  859  819  755  692  641  519                                   
    20.0-180.0 180.0   5.0 450.0                            LAT/LON1/LON2/DLON/H
  586  526  454  388  352  336  322  316  291  275  257  262  265  263  262  256
  253  248  250  246  244  240  234  229  216  202  187  183  185  182  200  210
  238  269  309  350  388  419  453  483  520  551  590  608  658  686  737  779
  835  879  924  955  988 1007 1026 1043 1066 1078 1100 1088 1094 1056 1048 1009
  998  964  938  906  877  815  764  702  586                                   
    17.5-180.0 180.0   5.0 450.0                            LAT/LON1/LON2/DLON/H
  616  564  532  452  416  383  361  351  340  324  295  283  277  274  268  263
  259  253  256  249  245  245  236  233  213  204  187  186  177  184  195  219
  244  287  316  362  392  432  463  499  528  561  595  626  662  701  731  770
  815  853  891  918  943  958  971  981  997 1011 1030 1032 1040 1022 1017  999
  989  966  940  913  884  822  773  725  616                                   
    15.0-180.0 180.0   5.0 450.0                            LAT/LON1/LON2/DLON/H
  613  581  561  508  471  435  408  396  374  362  338  313  294  280  271  265
  258  252  252  249  244  245  235  230  212  200  186  169  173  170  193  214
  253  294  328  366  398  431  463  493  528  558  601  631  677  702  730  762
  796  825  855  874  893  897  905  902  913  909  936  929  955  938  951  940
  939  916  893  860  832  768  732  686  613                                   
    12.5-180.0 180.0   5.0 450.0                            LAT/LON1/LON2/DLON/H
  588  569  582  548  528  484  460  440  420  399  368  344  316  290  272  262
  259  251  248  245  245  244  234  228  207  195  178  172  162  173  182  218
  251  291  320  354  388  419  451  486  518  555  596  642  677  709  733  761
  785  807  827  840  846  844  838  833  823  823  828  837  855  864  875  876
  876  862  837  807  771  709  672  636  588                                   
    10.0-180.0 180.0   5.0 450.0                            LAT/LON1/LON2/DLON/H
  558  547  560  562  546  507  487  463  448  423  396  371  342  309  291  271
  264  254  247  238  244  245  230  220  199  178  167  147  143  141  166  194
  246  280  315  344  378  410  439  469  504  544  590  636  680  709  737  761
  779  796  809  820  818  817  804  793  775  762  762  765  790  808  824  828
  823  809  779  750  707  647  611  578  558                                   
     7.5-180.0 180.0   5.0 450.0                            LAT/LON1/LON2/DLON/H
  532  529  560  562  551  522  497  478  463  440  417  390  360  324  304  280
  269  256  249  241  240  243  221  206  186  172  159  145  128  125  142  183
