data/unet/pred3460.15i
     1.0            IONOSPHERE MAPS     GNSS                IONEX VERSION / TYPE
pyspatialgeodesy        IME             05-JAN-18 20:20     PGM / RUN BY / DATE 
Map Name                                                    COMMENT             
Predicted global ionosphere maps (GIM).                     DESCRIPTION         
  2015    12    12     0     0     0                        EPOCH OF FIRST MAP  
  2015    12    13     0     0     0                        EPOCH OF LAST MAP   
  7200                                                      INTERVAL            
    13                                                      # OF MAPS IN FILE   
  NONE                                                      MAPPING FUNCTION    
10.0                                                        ELEVATION CUTOFF    
One-way carrier phase leveled to code                       OBSERVABLES USED    
  6371.0                                                    BASE RADIUS         
 2                                                          MAP DIMENSION       
   450.0 450.0   0.0                                        HGT1 / HGT2 / DHGT  
    87.5 -87.5  -2.5                                        LAT1 / LAT2 / DLAT  
  -180.0 180.0   5.0                                        LON1 / LON2 / DLON  
    -1                                                      EXPONENT            
                                                            END OF HEADER       
[from data line 4290]
    11                                                      START OF TEC MAP    
  2015    12    12    20     0     0                        EPOCH OF CURRENT MAP
    87.5-180.0 180.0   5.0 450.0                            LAT/LON1/LON2/DLON/H
  112   83   62   67   66   68   68   71   71   74   75   78   77   80   79   81
   79   82   79   81   77   79   76   77   74   75   73   74   71   72   70   70
   68   68   67   67   65   66   65   65   64   65   64   65   64   65   64   64
   64   65   64   65   64   65   64   65   64   64   63   63   62   62   61   61
   60   61   60   59   61   61   56   97  112                                   
    85.0-180.0 180.0   5.0 450.0                            LAT/LON1/LON2/DLON/H
   53   51   50   57   58   61   62   65   67   71   73   75   76   78   79   80
   79   80   79   78   76   76   74   73   71   70   68   68   65   66   63   63
   61   61   59   60   58   59   58   58   57   58   57   58   57   58   57   57
   57   57   57   57   57   57   57   56   56   55   55   54   53   52   52   50
   50   48   48   47   50   47   45   63   53                                   
    82.5-180.0 180.0   5.0 450.0                            LAT/LON1/LON2/DLON/H
   38   41   41   45   49   52   56   61   66   71   74   79   81   85   85   88
   86   88   85   85   81   81   76   75   70   69   66   64   61   60   57   57
   54   54   52   53   51   52   51   52   50   52   51   52   51   53   52   53
   52   53   52   53   52   53   52   52   51   51   49   48   46   45   43   41
   39   38   36   36   35   33   32   37   38                                   
    80.0-180.0 180.0   5.0 450.0                            LAT/LON1/LON2/DLON/H
   31   29   31   33   38   41   49   54   63   67   76   79   87   87   93   91
   94   90   90   85   83   78   75   70   67   63   61   57   55   53   52   50
   50   49   49   48   48   47   48   47   48   47   48   47   49   48   49   48
   50   49   51   50   51   50   51   49   49   47   47   44   43   39   38   34
   32   29   27   23   25   20   17   23   31                                   
    77.5-180.0 180.0   5.0 450.0                            LAT/LON1/LON2/DLON/H
   19   20   19   23   27   31   40   47   58   65   74   80   88   91   96   95
   95   92   89   83   79   72   68   61   57   51   51   46   46   42   44   41
   42   41   42   41   42   41   42   41   42   41   43   43   44   45   46   46
   47   48   49   50   50   50   50   50   48   48   46   44   40   38   35   31
   27   24   21   18   15   13   10   12   19                                   
    75.0-180.0 180.0   5.0 450.0                            LAT/LON1/LON2/DLON/H
   19   18   17   22   25   30   39   47   59   66   78   85   94   98  103  101
  101   95   92   83   78   70   64   56   51   46   45   41   41   39   41   40
   41   40   42   41   42   41   42   41   42   41   44   43   46   45   48   48
   51   50   53   52   54   53   54   53   52   51   50   48   45   42   39   36
   32   28   25   20   19   15   13   17   19                                   
    72.5-180.0 180.0   5.0 450.0                            LAT/LON1/LON2/DLON/H
   25   26   23   26   28   31   39   48   59   69   81   92  101  106  109  108
  104   99   92   84   75   68   59   52   46   42   40   38   38   38   39   39
   40   41   41   42   41   41   41   41   40   42   42   44   44   47   48   50
   50   53   53   55   53   55   53   55   52   53   51   50   46   46   41   39
   34   32   28   26   22   19   18   19   25                                   
    70.0-180.0 180.0   5.0 450.0                            LAT/LON1/LON2/DLON/H
   37   33   32   31   34   35   45   50   64   72   87   96  108  112  117  114
  111  102   96   85   78   66   61   51   47   41   40   38   38   38   38   39
   39   40   40   39   39   38   37   36   37   37   39   40   43   44   48   48
   51   51   53   52   53   53   54   52   53   51   52   49   49   46   45   40
   39   35   34   29   30   25   27   30   37                                   
    67.5-180.0 180.0   5.0 450.0                            LAT/LON1/LON2/DLON/H
   47   46   43   43   43   44   50   57   68   78   93  105  115  121  124  122
  117  108  101   90   82   72   65   57   51   46   42   40   38   37   36   36
   36   36   35   35   33   33   30   31   30   33   32   36   38   42   43   45
   46   47   47   47   47   47   47   48   47   48   47   48   45   45   42   41
   38   37   35   34   33   31   33   34   47                                   
    65.0-180.0 180.0   5.0 450.0                            LAT/LON1/LON2/DLON/H
   58   54   54   52   53   52   60   63   76   83  100  110  123  128  134  129
  127  116  111   99   93   80   75   62   59   49   47   40   38   34   33   31
   30   29   28   27   26   24   23   23   24   26   28   32   35   38   40   41
   42   41   42   40   41   39   42   40   43   42   44   42   43   41   40   37
   37   34   35   32   36   34   40   44   58                                   
    62.5-180.0 180.0   5.0 450.0                            LAT/LON1/LON2/DLON/H
   61   62   61   61   62   61   66   70   81   92  106  119  131  139  142  140
  137  128  121  111  105   93   85   73   66   56   49   42   35   32   28   27
   24   24   21   21   17   17   15   15   16   19   20   26   27   31   31   32
   31   30   29   28   28   29   31   32   34   36   37   38   37   37   35   33
   31   30   30   30   32   33   39   44   61                                   
    60.0-180.0 180.0   5.0 450.0                            LAT/LON1/LON2/DLON/H
   64   63   66   66   69   70   77   80   93  100  117  126  140  145  152  150
  150  142  136  127  120  108  100   86   76   62   52   40   34   27   25   21
   21   19   18   14   14   11   12   11   14   16   20   24   26   28   28   28
   27   24   23   21   22   22   25   26   30   31   34   33   34   32   32   29
   29   26   27   25   30   30   39   47   64                                   
    57.5-180.0 180.0   5.0 450.0                            LAT/LON1/LON2/DLON/H
   62   68   71   74   78   79   86   91  102  112  124  136  146  155  161  164
  164  159  153  144  136  123  113   97   85   69   55   43   33   27   23   22
   19   19   16   14   12   11   10   11   13   16   19   22   24   25   24   23
   20   17   16   14   15   16   20   23   27   29   31   32   32   31   29   28
   26   24   24   24   26   29   37   44   62                                   
    55.0-180.0 180.0   5.0 450.0                            LAT/LON1/LON2/DLON/H
   65   71   78   81   88   93  103  108  121  129  142  150  160  167  174  178
  179  176  170  162  153  141  129  112   98   81   65   50   40   31   30   27
   27   25   24   21   20   18   19   20   22   25   28   31   31   32   29   28
   24   21   18   16   17   19   22   26   29   31   34   33   33   31   32   28
   28   25   27   24   29   30   40   50   65                                   
    52.5-180.0 180.0   5.0 450.0                            LAT/LON1/LON2/DLON/H
   70   82   87   96  104  110  119  128  139  148  156  164  170  177  182  188
  190  190  184  176  165  152  139  122  108   90   75   60   49   42   39   38
   37   35   33   30   29   27   28   28   31   33   36   37   37   36   34   31
   27   25   23   21   21   24   27   31   34   37   37   37   36   35   34   33
   32   31   31   31   34   36   47   54   70                                   
    50.0-180.0 180.0   5.0 450.0                            LAT/LON1/LON2/DLON/H
   82   91  101  110  122  131  144  153  165  173  181  184  188  191  195  199
  201  201  195  187  175  163  152  137  124  108   93   77   67   59   56   54
   52   50   47   45   44   42   43   44   46   48   49   51   50   49   45   43
   40   38   36   35   34   36   37   41   43   44   44   43   42   40   41   40
   42   40   44   42   47   47   58   67   82                                   
    47.5-180.0 180.0   5.0 450.0                            LAT/LON1/LON2/DLON/H
   94  108  118  132  143  153  166  176  186  195  197  200  198  201  203  209
  209  209  200  192  180  170  160  149  138  124  110   95   84   76   70   67
   64   60   57   55   55   55   56   56   58   58   60   60   60   58   56   54
   52   51   50   49   48   49   49   51   52   52   50   48   46   46   46   47
   49   50   53   55   59   61   72   79   94                                   
    45.0-180.0 180.0   5.0 450.0                            LAT/LON1/LON2/DLON/H
  112  123  140  153  167  177  193  202  213  217  220  218  219  217  219  221
  220  215  205  196  185  175  169  161  155  143  131  115  102   91   83   76
   71   66   63   63   64   65   67   67   68   69   70   70   69   69   67   67
   66   66   66   66   63   63   61   61   60   58   55   53   51   51   53   55
   59   60   65   66   73   75   88   97  112                                   
    42.5-180.0 180.0   5.0 450.0                            LAT/LON1/LON2/DLON/H
  123  137  153  168  181  191  202  215  224  231  230  229  227  228  227  230
  226  220  208  197  188  181  176  173  167  158  145  130  114   99   87   77
   71   66   65   65   69   71   74   73   75   74   75   75   76   75   75   74
   75   75   76   76   74   72   69   67   64   61   57   54   52   53   55   59
   62   65   69   72   79   85   98  108  123                                   
    40.0-180.0 180.0   5.0 450.0                            LAT/LON1/LON2/DLON/H
  138  152  172  185  197  207  219  230  239  245  246  243  244  242  242  241
  236  226  216  204  198  192  189  186  182  171  159  139  120  103   88   77
   70   67   67   71   75   79   80   80   79   78   79   80   81   80   80   79
   81   82   83   82   80   77   74   70   68   63   59   55   55   55   59   62
   66   68   72   74   84   91  105  118  138                                   
    37.5-180.0 180.0   5.0 450.0                            LAT/LON1/LON2/DLON/H
  142  156  174  187  198  203  215  223  238  242  248  246  250  249  250  248
  244  233  223  212  207  202  199  195  188  178  161  140  119   99   85   74
   71   68   73   75   84   85   87   83   82   80   82   82   84   83   82   80
   81   81   82   82   81   78   75   71   68   64   59   56   53   56   58   62
   64   64   67   69   79   89  104  120  142                                   
    35.0-180.0 180.0   5.0 450.0                            LAT/LON1/LON2/DLON/H
  148  166  185  199  206  217  224  236  246  253  257  259  260  262  261  259
  254  244  235  224  221  215  212  204  195  181  163  139  119  101   89   84
   82   86   89   96  100  102   98   94   90   87   89   89   90   87   84   80
   79   78   79   79   78   76   74   71   69   64   61   58   56   57   61   63
   65   63   65   66   77   88  107  123  148                                   
    32.5-180.0 180.0   5.0 450.0                            LAT/LON1/LON2/DLON/H
  149  166  180  194  203  207  217  223  238  244  254  259  265  266  268  265
  262  252  246  238  235  227  220  208  195  179  160  138  122  107  103  101
  108  111  120  122  127  120  116  105  101   96   97   96   97   92   87   79
   76   73   73   73   73   73   72   71   71   68   64   62   59   60   61   63
   62   59   61   61   72   84  104  123  149                                   
    30.0-180.0 180.0   5.0 450.0                            LAT/LON1/LON2/DLON/H
  158  176  191  204  209  217  221  228  237  244  253  260  268  272  274  273
  270  262  259  252  250  241  230  215  200  183  169  153  143  137  138  144
  153  160  165  167  163  155  141  129  118  114  113  112  111  103   96   86
   80   73   73   72   73   74   75   75   75   73   71   67   66   64   67   67
   67   63   65   65   75   89  112  129  158                                   
    27.5-180.0 180.0   5.0 450.0                            LAT/LON1/LON2/DLON/H
  167  187  200  215  220  221  225  228  236  242  251  262  270  277  277  276
  273  268  264  260  257  246  232  215  201  188  181  173  175  177  190  199
  213  218  220  212  202  183  167  149  138  130  128  127  123  114  104   92
   83   76   74   73   74   76   78   80   81   78   77   74   72   71   71   71
   70   67   68   70   80   95  117  136  167                                   
    25.0-180.0 180.0   5.0 450.0                            LAT/LON1/LON2/DLON/H
  186  204  220  236  238  243  242  244  248  251  261  271  278  283  282  280
  276  270  268  263  261  249  237  221  212  207  211  215  226  237  257  272
  284  285  277  260  235  213  187  172  156  152  148  146  141  131  121  108
   98   89   86   83   84   86   88   90   88   87   83   80   77   75   74   75
   77   77   81   84   95  111  138  155  186                                   
    22.5-180.0 180.0   5.0 450.0                            LAT/LON1/LON2/DLON/H
  201  220  239  254  263  263  270  266  274  275  280  287  292  292  288  284
  278  272  268  263  258  249  238  228  229  236  254  271  296  314  337  346
  350  342  321  292  257  227  200  181  168  162  159  156  151  143  132  121
  110  104   97   95   94   95   95   95   94   90   86   84   81   79   77   78
   81   84   90   98  110  128  149  174  201                                   
    20.0-180.0 180.0   5.0 450.0                            LAT/LON1/LON2/DLON/H
  221  240  260  281  283  294  292  299  297  303  307  312  312  310  302  291
  285  275  269  261  257  250  246  247  261  282  314  344  368  386  396  400
  393  379  347  309  265  230  201  189  175  172  168  166  160  154  145  136
  128  121  115  109  108  106  104  103   98   93   88   84   81   78   76   78
   82   90  100  111  129  147  174  199  221                                   
    17.5-180.0 180.0   5.0 450.0                            LAT/LON1/LON2/DLON/H
  232  253  283  300  310  316  326  328  336  338  348  351  353  340  328  309
  298  285  274  264  258  255  260  273  300  337  378  404  420  429  432  428
  413  388  349  302  254  220  199  186  178  174  172  167  162  155  151  145
  139  135  127  124  119  118  114  110  105   97   92   85   82   78   76   76
   81   90  102  118  138  161  185  219  232                                   
    15.0-180.0 180.0   5.0 450.0                            LAT/LON1/LON2/DLON/H
  247  270  300  324  338  357  363  379  381  395  397  405  397  382  366  343
  329  309  294  279  273  274  287  313  353  398  432  452  460  462  453  441
  414  383  336  288  241  215  196  188  180  179  173  169  161  156  152  150
  148  145  140  134  131  127  124  119  113  103   95   87   81   77   75   74
   80   92  107  123  146  171  199  230  247                                   
    12.5-180.0 180.0   5.0 450.0                            LAT/LON1/LON2/DLON/H
  247  275  312  342  365  382  393  405  418  431  448  451  449  429  410  384
  367  342  325  306  298  303  323  359  405  442  469  482  481  473  452  430
  391  353  303  262  226  207  197  189  186  181  176  167  160  153  153  154
  154  154  149  146  141  139  134  129  120  109   99   89   83   77   73   73
   77   87  103  120  143  174  201  235  247                                   
    10.0-180.0 180.0   5.0 450.0                            LAT/LON1/LON2/DLON/H
  259  288  321  359  386  409  423  443  454  476  484  494  481  476  458  437
  416  388  367  348  338  349  371  411  446  481  496  501  485  466  437  405
  362  319  274  244  224  210  209  202  198  190  182  172  163  156  156  157
  160  159  156  153  150  147  144  138  128  115  103   91   85   78   74   73
   78   89  105  120  144  171  202  233  259                                   
     7.5-180.0 180.0   5.0 450.0                            LAT/LON1/LON2/DLON/H
  261  293  329  365  399  425  440  455  465  484  500  506  511  502  501  486
  469  436  411  390  385  397  419  451  479  501  506  499  473  447  410  374
