data/unet/pred3170.15i
     1.0            IONOSPHERE MAPS     GNSS                IONEX VERSION / TYPE
pyspatialgeodesy        IME             05-JAN-18 20:20     PGM / RUN BY / DATE 
Map Name                                                    COMMENT             
Predicted global ionosphere maps (GIM).                     DESCRIPTION         
  2015    11    13     0     0     0                        EPOCH OF FIRST MAP  
  2015    11    14     0     0     0                        EPOCH OF LAST MAP   
  7200                                                      INTERVAL            
    13                                                      # OF MAPS IN FILE   
  NONE                                                      MAPPING FUNCTION    
10.0                                                        ELEVATION CUTOFF    
One-way carrier phase leveled to code                       OBSERVABLES USED    
  6371.0                                                    BASE RADIUS         
 2                                                          MAP DIMENSION       
   450.0 450.0   0.0                                        HGT1 / HGT2 / DHGT  
    87.5 -87.5  -2.5                                        LAT1 / LAT2 / DLAT  
  -180.0 180.0   5.0                                        LON1 / LON2 / DLON  
    -1                                                      EXPONENT            
                                                            END OF HEADER       
[from data line 2145]
     6                                                      START OF TEC MAP    
  2015    11    13    10     0     0                        EPOCH OF CURRENT MAP
    87.5-180.0 180.0   5.0 450.0                            LAT/LON1/LON2/DLON/H
   29   47   35   34   34   33   35   34   35   35   36   36   37   37   37   37
   37   37   37   36   37   36   36   35   35   34   34   33   33   33   32   32
   31   31   30   30   30   30   29   29   28   29   27   29   27   29   27   29
   26   28   26   28   26   27   25   27   25   26   25   25   25   25   25   24
   26   25   27   26   28   26   28   27   29                                   
    85.0-180.0 180.0   5.0 450.0                            LAT/LON1/LON2/DLON/H
   45   48   48   49   51   50   52   53   54   55   55   56   56   56   56   56
   55   55   54   54   53   54   52   53   51   52   49   51   48   49   46   48
   44   45   42   43   40   40   37   37   33   33   31   31   28   29   26   28
   25   27   24   26   25   27   25   27   27   28   29   30   32   31   33   33
   35   34   37   35   38   40   41   33   45                                   
    82.5-180.0 180.0   5.0 450.0                            LAT/LON1/LON2/DLON/H
   36   50   44   46   43   44   45   49   48   51   50   53   51   53   51   53
   51   51   50   51   49   50   48   49   47   48   46   47   45   46   44   45
   43   43   41   40   37   37   34   33   29   28   26   25   22   22   19   19
   16   17   14   16   14   15   14   16   16   18   19   21   22   23   24   25
   27   27   29   28   31   33   33   15   36                                   
    80.0-180.0 180.0   5.0 450.0                            LAT/LON1/LON2/DLON/H
   33   42   33   34   31   35   34   38   37   40   39   41   40   41   39   42
   39   41   38   41   38   40   37   41   38   41   39   43   41   44   42   46
   43   45   42   44   39   40   36   37   32   32   28   29   25   25   21   22
   17   19   14   16   12   15   11   15   13   17   15   19   18   22   21   24
   22   25   23   23   22   24   27   10   33                                   
    77.5-180.0 180.0   5.0 450.0                            LAT/LON1/LON2/DLON/H
   26   35   28   27   28   28   31   31   33   33   34   34   35   34   35   34
   35   32   34   31   33   29   32   30   33   31   35   35   39   39   43   44
   46   46   48   48   48   46   46   44   43   41   40   38   36   35   33   32
   30   28   26   25   23   22   22   21   22   21   23   23   25   24   27   26
   27   26   26   24   23   23   23    1   26                                   
    75.0-180.0 180.0   5.0 450.0                            LAT/LON1/LON2/DLON/H
   28   30   23   25   21   27   24   28   26   28   26   29   26   29   27   29
   27   27   27   27   26   26   26   26   27   28   31   33   36   39   44   47
   50   53   56   57   57   57   57   56   56   54   54   52   52   50   50   48
   47   44   43   40   39   36   35   34   33   33   33   34   34   33   34   33
   31   30   29   27   25   26   24    5   28                                   
    72.5-180.0 180.0   5.0 450.0                            LAT/LON1/LON2/DLON/H
   32   34   27   27   25   25   26   27   27   26   26   26   27   26   28   26
   28   25   28   24   26   21   24   21   25   23   28   29   35   38   45   49
   54   57   62   64   67   67   69   69   69   69   69   70   69   68   68   66
   64   61   59   55   52   49   47   44   42   41   42   41   42   40   41   39
   37   35   33   31   29   27   27    5   32                                   
    70.0-180.0 180.0   5.0 450.0                            LAT/LON1/LON2/DLON/H
   36   35   31   32   28   31   29   31   29   29   27   29   27   28   27   29
   27   28   27   27   25   24   23   24   23   25   26   31   34   41   46   54
   60   66   69   75   76   79   81   84   86   88   90   92   93   93   93   91
   89   84   81   75   72   65   62   57   55   51   51   50   50   49   48   47
   43   42   38   38   33   34   31   12   36                                   
    67.5-180.0 180.0   5.0 450.0                            LAT/LON1/LON2/DLON/H
   38   41   36   37   35   35   36   35   35   33   33   32   33   33   34   33
   35   32   34   30   31   26   27   23   24   22   25   27   32   38   46   53
   62   68   75   79   82   85   89   92   96  101  107  111  114  115  114  111
  108  101   97   88   83   73   69   61   59   54   54   51   51   49   50   47
   45   43   41   39   37   34   36   13   38                                   
    65.0-180.0 180.0   5.0 450.0                            LAT/LON1/LON2/DLON/H
   40   42   38   41   37   42   39   41   38   39   35   38   34   38   35   39
   35   37   33   35   29   32   26   29   23   26   22   29   29   40   45   58
   63   75   78   87   88   96   96  105  106  116  120  128  130  134  131  129
  124  117  112  103   96   86   79   70   66   60   58   55   53   50   49   47
   43   44   40   43   38   40   38   19   40                                   
    62.5-180.0 180.0   5.0 450.0                            LAT/LON1/LON2/DLON/H
   35   44   39   41   38   40   41   41   40   39   38   39   39   40   41   41
   41   39   38   35   34   31   30   27   26   22   22   23   28   34   44   54
   65   75   82   88   91   97  101  107  113  121  129  136  141  141  142  136
  133  124  119  108  102   90   83   71   67   58   57   51   50   45   44   41
   40   37   39   38   37   36   39   18   35                                   
    60.0-180.0 180.0   5.0 450.0                            LAT/LON1/LON2/DLON/H
   33   38   34   35   33   37   36   39   37   38   36   39   37   40   39   42
   38   39   33   35   30   32   27   29   22   24   18   24   24   37   43   61
   68   84   87   99  100  109  109  118  120  131  135  145  146  151  145  144
  136  131  124  117  108   98   87   79   71   64   60   55   51   45   42   38
   35   35   34   38   34   38   36   18   33                                   
    57.5-180.0 180.0   5.0 450.0                            LAT/LON1/LON2/DLON/H
   32   39   30   29   27   29   30   32   32   33   32   35   35   38   38   39
   38   35   34   31   30   28   29   26   24   21   19   20   26   34   48   62
   75   88   96  105  108  113  116  121  127  135  142  147  151  150  150  144
  141  134  129  121  114  102   93   83   77   68   65   59   54   47   43   37
   35   33   35   35   36   36   37   17   32                                   
    55.0-180.0 180.0   5.0 450.0                            LAT/LON1/LON2/DLON/H
   35   37   27   25   21   24   24   26   25   27   27   30   29   32   32   34
   31   31   26   28   23   28   25   28   22   25   20   26   28   43   53   74
   85  104  110  122  121  128  128  136  138  149  150  158  154  160  152  153
  144  143  134  131  119  113  100   95   84   80   73   69   63   56   51   43
   39   37   38   40   39   44   42   25   35                                   
    52.5-180.0 180.0   5.0 450.0                            LAT/LON1/LON2/DLON/H
   44   46   32   27   21   21   21   23   22   23   23   26   26   28   29   30
   30   27   26   24   24   25   27   28   29   27   27   29   37   48   65   81
   99  114  123  130  133  137  140  145  151  157  162  162  165  163  161  157
  155  151  149  141  135  124  116  106  100   92   87   81   76   69   62   54
   49   47   48   48   50   52   53   36   44                                   
    50.0-180.0 180.0   5.0 450.0                            LAT/LON1/LON2/DLON/H
   59   51   40   35   27   26   22   23   21   21   21   23   23   25   26   28
   26   26   22   24   21   27   26   32   30   34   32   40   46   63   77  100
  116  133  138  147  148  155  158  166  167  175  173  179  174  178  171  174
  167  169  160  158  147  142  128  123  112  109  100   98   92   88   80   72
   66   61   60   63   63   67   66   52   59                                   
    47.5-180.0 180.0   5.0 450.0                            LAT/LON1/LON2/DLON/H
   70   68   57   48   38   35   30   29   25   24   23   24   24   25   26   27
   27   26   25   23   24   26   30   33   36   39   41   47   56   71   90  109
  128  140  147  153  159  165  171  176  182  184  186  184  187  185  185  182
  182  179  177  169  165  154  147  136  129  121  116  110  107  102   95   88
   79   75   75   76   77   80   82   66   70                                   
    45.0-180.0 180.0   5.0 450.0                            LAT/LON1/LON2/DLON/H
   90   81   77   67   59   50   46   41   36   34   31   31   28   29   28   31
   29   31   27   29   26   31   31   39   38   47   49   60   69   86  103  125
  140  152  159  167  174  182  188  194  195  199  196  199  195  198  194  197
  192  193  185  183  171  166  153  146  135  131  122  121  114  112  104  100
   89   86   83   86   85   90   92   86   90                                   
    42.5-180.0 180.0   5.0 450.0                            LAT/LON1/LON2/DLON/H
   96   94   91   85   78   69   63   56   50   46   42   40   39   35   36   35
   36   35   34   33   32   33   35   39   42   50   55   67   77   92  111  129
  144  152  162  170  181  191  199  203  208  206  207  204  205  204  206  203
  202  195  192  183  178  166  159  147  141  131  126  120  117  113  108  102
   93   88   85   86   85   89   93   89   96                                   
    40.0-180.0 180.0   5.0 450.0                            LAT/LON1/LON2/DLON/H
   96   93   96   92   88   81   77   72   65   61   57   56   51   50   46   46
   43   44   40   41   36   39   37   43   44   54   61   76   88  103  120  138
  150  159  170  183  195  207  217  222  224  223  217  216  214  217  216  217
  211  206  197  191  179  173  160  152  140  134  124  121  114  112  104  101
   90   87   79   81   75   80   85   87   96                                   
    37.5-180.0 180.0   5.0 450.0                            LAT/LON1/LON2/DLON/H
   76   85   87   89   88   86   84   80   76   71   69   68   66   61   58   54
   53   50   47   44   41   39   39   42   45   56   65   80   92  108  124  139
  150  162  174  191  206  222  235  239  243  237  233  226  228  228  231  226
  223  213  207  194  188  176  170  156  150  138  132  122  117  110  105   97
   88   80   73   68   63   65   70   68   76                                   
    35.0-180.0 180.0   5.0 450.0                            LAT/LON1/LON2/DLON/H
   55   68   73   73   74   77   77   77   76   77   78   80   78   76   71   68
   61   60   52   51   44   44   40   45   49   61   74   91  106  122  134  150
  160  175  191  211  230  248  260  265  263  258  251  246  245  248  248  249
  241  235  224  216  205  198  186  177  164  156  146  137  126  118  108  101
   86   79   66   62   51   50   51   56   55                                   
    32.5-180.0 180.0   5.0 450.0                            LAT/LON1/LON2/DLON/H
   38   50   53   57   57   62   62   67   68   75   79   85   87   85   81   75
   70   64   59   54   50   45   43   45   52   65   80   98  112  129  141  156
  169  187  207  233  254  274  286  290  291  284  279  270  273  272  277  273
  270  261  253  243  236  227  220  209  200  187  178  166  156  143  132  117
  102   86   72   62   49   43   41   30   38                                   
    30.0-180.0 180.0   5.0 450.0                            LAT/LON1/LON2/DLON/H
   26   37   40   42   43   46   49   52   57   66   75   85   91   92   89   85
   77   74   65   63   54   52   47   51   59   75   93  111  130  147  160  175
  190  212  237  261  282  298  311  319  320  316  310  306  306  312  312  316
  309  308  296  294  280  278  265  260  248  238  223  210  194  181  166  150
  129  113   90   80   61   51   46   36   26                                   
    27.5-180.0 180.0   5.0 450.0                            LAT/LON1/LON2/DLON/H
   30   39   34   36   37   41   41   46   48   58   68   81   88   91   90   86
   82   77   72   67   60   55   54   57   67   84  102  122  140  158  173  190
  209  236  266  291  309  323  335  345  350  350  350  347  353  355  363  361
  363  358  358  349  344  333  325  314  304  290  277  262  248  230  214  193
  175  151  129  111   93   78   63   37   30                                   
    25.0-180.0 180.0   5.0 450.0                            LAT/LON1/LON2/DLON/H
   37   51   42   36   35   37   37   39   42   48   60   73   82   87   89   87
   83   82   76   75   65   64   60   68   78   97  116  139  158  174  189  209
  231  267  296  321  333  344  356  369  378  385  389  394  400  408  410  414
  415  419  419  420  412  404  393  384  371  357  341  322  304  282  263  242
  223  200  180  163  140  121  100   72   37                                   
    22.5-180.0 180.0   5.0 450.0                            LAT/LON1/LON2/DLON/H
   62   57   54   52   46   43   41   44   41   45   50   62   70   77   81   82
   82   80   78   76   72   67   69   74   87  104  125  147  169  182  198  216
  249  279  318  339  354  366  378  394  405  415  425  432  446  453  466  467
  482  481  494  483  483  465  459  441  430  414  398  380  364  341  321  296
  276  250  231  209  194  169  150  110   62                                   
    20.0-180.0 180.0   5.0 450.0                            LAT/LON1/LON2/DLON/H
  106  104   86   76   74   59   57   50   52   46   48   53   60   64   72   73
   77   78   79   80   75   74   73   82   95  113  134  156  176  192  214  238
  275  306  338  358  368  381  395  410  425  440  456  472  490  505  515  526
  533  545  548  547  538  521  507  490  474  461  444  428  409  386  367  341
  320  299  281  261  244  223  199  157  106                                   
    17.5-180.0 180.0   5.0 450.0                            LAT/LON1/LON2/DLON/H
  162  152  126  114  102   93   81   71   61   51   48   48   49   54   57   63
   67   72   76   79   77   74   76   84  100  117  139  155  178  196  223  248
  288  313  351  364  381  396  412  432  445  465  484  506  529  543  560  565
  579  582  594  585  579  553  538  515  501  486  473  456  437  415  394  369
  349  329  315  296  282  255  238  204  162                                   
    15.0-180.0 180.0   5.0 450.0                            LAT/LON1/LON2/DLON/H
  202  190  160  147  135  109  106   88   83   59   57   46   48   44   47   48
   56   60   68   72   73   72   78   87  104  120  140  162  183  206  235  263
  298  333  361  380  392  409  427  447  467  489  514  540  560  575  581  592
  595  606  611  608  596  571  551  533  517  506  491  472  449  423  401  376
  356  339  330  315  303  284  263  237  202                                   
    12.5-180.0 180.0   5.0 450.0                            LAT/LON1/LON2/DLON/H
  226  209  185  173  156  139  125  111   98   79   67   55   50   44   45   44
   47   51   60   65   69   69   78   85  106  122  147  167  192  215  245  274
  311  343  377  391  410  427  445  467  485  512  533  557  577  586  594  595
  604  606  613  602  593  571  555  535  523  508  492  470  443  415  388  363
  343  328  323  312  304  293  276  256  226                                   
    10.0-180.0 180.0   5.0 450.0                            LAT/LON1/LON2/DLON/H
  238  211  199  189  178  158  147  131  119   92   84   69   65   52   52   45
   49   49   55   56   61   62   72   83  105  125  153  179  204  232  257  287
  318  356  380  404  421  440  458  481  502  526  548  568  579  587  582  583
  585  589  595  589  583  568  554  543  530  515  496  470  436  401  367  340
  318  306  299  294  287  282  270  258  238                                   
     7.5-180.0 180.0   5.0 450.0                            LAT/LON1/LON2/DLON/H
  235  206  198  189  181  168  156  144  131  108   92   80   75   66   61   51
   46   51   54   56   58   57   69   78  107  132  167  193  222  246  269  297
