data/unet/pred1090.15i
     1.0            IONOSPHERE MAPS     GNSS                IONEX VERSION / TYPE
pyspatialgeodesy        IME             05-JAN-18 20:20     PGM / RUN BY / DATE 
Map Name                                                    COMMENT             
Predicted global ionosphere maps (GIM).                     DESCRIPTION         
  2015     4    19     0     0     0                        EPOCH OF FIRST MAP  
  2015     4    20     0     0     0                        EPOCH OF LAST MAP   
  7200                                                      INTERVAL            
    13                                                      # OF MAPS IN FILE   
  NONE                                                      MAPPING FUNCTION    
10.0                                                        ELEVATION CUTOFF    
One-way carrier phase leveled to code                       OBSERVABLES USED    
  6371.0                                                    BASE RADIUS         
 2                                                          MAP DIMENSION       
   450.0 450.0   0.0                                        HGT1 / HGT2 / DHGT  
    87.5 -87.5  -2.5                                        LAT1 / LAT2 / DLAT  
  -180.0 180.0   5.0                                        LON1 / LON2 / DLON  
    -1                                                      EXPONENT            
                                                            END OF HEADER       
     1                                                      START OF TEC MAP    
  2015     4    19     0     0     0                        EPOCH OF CURRENT MAP
    87.5-180.0 180.0   5.0 450.0                            LAT/LON1/LON2/DLON/H
  225  216  228  230  232  231  232  233  233  234  234  234  233  234  233  232
  231  230  228  226  224  221  218  213  210  205  202  196  193  188  185  181
  178  176  173  170  169  167  166  165  165  165  166  165  167  167  169  168
  171  171  174  174  177  179  182  183  187  188  191  192  196  197  199  200
  204  204  207  206  209  206  202  214  225                                   
    85.0-180.0 180.0   5.0 450.0                            LAT/LON1/LON2/DLON/H
  224  224  231  233  233  233  234  235  235  237  237  237  236  237  236  235
  234  233  231  229  226  223  220  216  212  207  202  197  191  186  182  177
  174  170  168  164  163  161  160  158  159  158  160  160  162  162  164  165
  168  169  172  174  178  180  184  187  190  192  194  197  199  202  203  205
  207  209  210  211  212  209  211  202  224                                   
    82.5-180.0 180.0   5.0 450.0                            LAT/LON1/LON2/DLON/H
  233  229  233  235  235  236  238  239  241  241  243  243  243  242  242  240
  238  236  234  231  227  223  219  214  208  201  195  186  180  171  167  159
  156  149  149  142  143  139  141  137  140  138  142  141  146  145  151  151
  156  157  163  164  170  171  178  179  185  186  190  191  196  196  200  200
  204  205  208  208  211  208  206  206  233                                   
    80.0-180.0 180.0   5.0 450.0                            LAT/LON1/LON2/DLON/H
  236  231  235  235  236  237  240  241  244  245  247  247  247  246  246  244
  242  239  237  234  230  226  221  216  209  202  192  184  173  165  157  150
  144  139  135  133  131  130  129  129  130  131  133  134  137  139  142  144
  148  151  156  159  163  167  172  176  180  184  187  190  193  196  198  201
  203  206  208  210  212  211  211  213  236                                   
    77.5-180.0 180.0   5.0 450.0                            LAT/LON1/LON2/DLON/H
  231  226  233  234  237  237  242  242  247  247  251  249  250  248  248  245
  243  240  239  236  233  229  224  219  212  204  194  184  173  163  154  147
  140  136  133  131  130  130  131  132  133  135  136  137  139  141  142  144
  147  150  153  158  161  167  170  176  179  183  186  189  191  194  196  199
  200  203  205  209  211  212  214  215  231                                   
    75.0-180.0 180.0   5.0 450.0                            LAT/LON1/LON2/DLON/H
  230  225  232  234  234  236  238  241  244  247  248  248  247  245  243  239
  236  234  232  230  228  227  224  221  214  207  196  186  174  165  155  148
  142  138  135  136  135  136  138  139  141  141  143  142  144  143  145  145
  148  150  155  159  164  168  174  177  182  184  187  189  191  192  194  196
  198  200  204  208  212  214  217  222  230                                   
    72.5-180.0 180.0   5.0 450.0                            LAT/LON1/LON2/DLON/H
  230  226  231  233  233  233  236  238  243  245  248  247  246  242  237  232
  227  223  221  220  221  221  222  220  216  209  200  188  177  165  157  149
  144  141  140  140  142  144  145  147  148  149  148  147  146  146  146  146
  148  151  156  161  167  172  177  181  185  187  188  189  190  190  190  191
  193  196  200  205  211  216  222  227  230                                   
    70.0-180.0 180.0   5.0 450.0                            LAT/LON1/LON2/DLON/H
  237  230  236  235  232  232  234  239  243  248  250  251  247  243  235  227
  218  214  210  211  212  216  217  218  214  209  199  189  177  167  158  152
  147  145  143  145  146  149  151  152  152  152  151  150  148  147  146  147
  149  153  159  165  171  177  183  186  190  191  193  192  191  189  188  187
  188  191  196  203  209  216  225  234  237                                   
    67.5-180.0 180.0   5.0 450.0                            LAT/LON1/LON2/DLON/H
  244  236  239  238  232  231  233  238  245  253  257  260  256  249  239  228
  216  207  203  202  205  209  213  213  210  204  195  185  174  164  156  150
  145  142  141  141  144  145  148  147  148  147  146  145  143  141  141  142
  146  150  158  165  172  179  185  189  193  194  195  194  193  189  187  184
  184  186  191  198  207  217  226  236  244                                   
    65.0-180.0 180.0   5.0 450.0                            LAT/LON1/LON2/DLON/H
  252  241  244  241  234  231  232  239  248  260  267  273  268  263  248  234
  217  208  200  201  201  206  206  207  201  195  184  175  165  158  150  145
  139  137  135  135  135  137  138  139  138  138  136  134  133  131  132  133
  139  145  153  162  171  178  185  190  194  196  197  196  195  191  187  182
  182  182  186  193  204  214  225  241  252                                   
    62.5-180.0 180.0   5.0 450.0                            LAT/LON1/LON2/DLON/H
  257  244  244  240  232  228  228  236  247  262  274  283  284  277  263  246
  229  215  206  202  202  202  201  198  190  181  170  161  152  146  140  135
  130  127  123  121  121  121  122  122  122  120  120  117  116  114  116  119
  127  134  146  155  166  174  182  187  192  195  198  198  197  195  191  187
  185  183  186  193  203  214  223  241  257                                   
    60.0-180.0 180.0   5.0 450.0                            LAT/LON1/LON2/DLON/H
  260  245  244  237  229  224  224  232  243  262  277  290  293  291  278  264
  244  231  217  213  206  205  197  191  178  168  155  147  140  136  132  128
  123  119  114  111  107  108  107  108  106  105  103  102  100  100  103  107
  116  125  137  148  158  167  175  181  188  193  197  200  201  200  197  194
  192  191  192  197  206  215  225  246  260                                   
    57.5-180.0 180.0   5.0 450.0                            LAT/LON1/LON2/DLON/H
  264  248  245  239  229  223  221  227  238  256  274  290  298  299  293  280
  265  250  237  227  218  210  198  186  172  159  147  139  134  131  128  124
  119  113  106  101   98   96   97   97   96   94   93   91   90   90   94   98
  107  116  129  139  150  158  168  175  184  190  199  204  209  210  210  209
  208  207  209  212  219  225  233  251  264                                   
    55.0-180.0 180.0   5.0 450.0                            LAT/LON1/LON2/DLON/H
  274  258  256  249  239  231  227  230  237  253  268  285  296  304  302  297
  285  275  258  248  232  220  203  189  173  161  148  143  138  137  134  130
  123  115  107  101   97   96   95   97   94   94   91   92   89   90   92   96
  104  112  123  133  143  151  161  169  180  190  201  209  216  222  225  227
  229  231  233  237  242  246  251  270  274                                   
    52.5-180.0 180.0   5.0 450.0                            LAT/LON1/LON2/DLON/H
  288  276  276  270  259  250  243  241  244  253  265  278  293  303  311  311
  307  295  282  266  250  233  216  200  186  174  165  159  156  153  150  142
  134  123  114  108  104  105  105  105  104  103  102  100   99   98   99  101
  106  112  122  130  139  148  158  169  182  194  208  219  230  237  245  252
  259  264  269  273  278  278  280  293  288                                   
    50.0-180.0 180.0   5.0 450.0                            LAT/LON1/LON2/DLON/H
  310  308  309  304  295  283  276  268  265  266  269  279  290  305  317  327
  325  318  301  285  266  250  233  220  207  199  191  187  182  178  171  161
  149  136  126  120  118  119  119  121  118  119  117  118  115  116  114  115
  117  120  128  133  141  149  160  172  187  200  215  229  241  252  264  275
  287  297  306  312  318  318  319  327  310                                   
    47.5-180.0 180.0   5.0 450.0                            LAT/LON1/LON2/DLON/H
  336  340  345  343  336  327  317  307  297  290  285  286  296  309  327  337
  342  334  322  301  285  269  257  247  240  230  224  216  210  201  191  177
  163  148  139  134  134  136  136  137  134  135  135  136  135  135  133  133
  132  134  138  142  150  158  171  184  200  213  230  243  258  271  286  299
  316  328  341  351  361  362  358  358  336                                   
    45.0-180.0 180.0   5.0 450.0                            LAT/LON1/LON2/DLON/H
  360  378  379  379  378  373  368  358  345  329  312  307  310  323  338  353
  356  354  338  323  305  294  285  281  274  268  258  248  235  221  205  188
  172  158  150  146  147  148  149  148  147  149  150  155  154  157  154  154
  152  150  153  154  163  172  187  201  218  232  246  260  275  290  307  323
  339  355  373  387  401  404  404  391  360                                   
    42.5-180.0 180.0   5.0 450.0                            LAT/LON1/LON2/DLON/H
  386  405  408  410  411  414  413  408  393  370  348  333  331  337  351  362
  369  364  355  340  330  321  317  310  304  292  281  265  249  230  212  193
  177  164  156  154  155  156  155  156  153  157  161  167  168  171  169  169
  164  164  163  168  177  190  205  222  239  252  264  276  292  307  325  339
  357  372  392  410  429  432  434  412  386                                   
    40.0-180.0 180.0   5.0 450.0                            LAT/LON1/LON2/DLON/H
  418  439  441  441  444  448  451  450  438  415  388  369  360  360  367  377
  380  380  370  365  356  354  347  339  324  308  290  270  251  229  212  194
  181  169  165  163  164  164  162  159  160  163  169  177  180  184  181  182
  177  175  175  178  188  201  221  238  255  267  277  290  306  324  342  358
  375  393  412  433  456  460  465  436  418                                   
    37.5-180.0 180.0   5.0 450.0                            LAT/LON1/LON2/DLON/H
  459  474  473  472  470  475  477  479  471  452  425  403  390  385  388  391
  392  388  386  381  379  374  365  348  325  300  278  256  238  222  210  200
  191  185  181  181  179  178  172  171  168  171  177  185  188  191  187  186
  180  178  175  180  187  206  224  244  258  272  281  294  311  330  347  364
  383  403  424  449  475  486  489  463  459                                   
    35.0-180.0 180.0   5.0 450.0                            LAT/LON1/LON2/DLON/H
  506  521  515  506  500  499  503  504  500  483  462  440  426  417  414  411
  406  404  401  404  399  394  375  350  317  286  263  243  232  221  219  215
  215  212  209  206  202  198  191  187  184  184  187  193  195  197  193  192
  184  181  177  179  187  203  224  244  261  274  285  300  314  338  358  379
  400  420  443  472  506  525  537  508  506                                   
    32.5-180.0 180.0   5.0 450.0                            LAT/LON1/LON2/DLON/H
  557  573  562  548  533  527  525  528  521  510  489  473  457  447  438  429
  422  416  416  414  410  393  368  333  296  266  247  238  235  240  245  254
  259  262  259  253  243  236  226  220  212  208  205  205  202  199  193  189
  180  174  169  170  177  191  210  234  254  272  285  303  321  346  368  393
  415  437  460  495  532  561  578  558  557                                   
    30.0-180.0 180.0   5.0 450.0                            LAT/LON1/LON2/DLON/H
  614  638  627  610  591  577  569  566  559  544  526  507  492  478  465  451
  440  433  429  423  412  389  361  321  289  263  255  257  269  283  299  313
  324  325  319  310  294  281  264  256  246  239  230  223  214  207  197  189
  177  168  161  162  168  181  199  221  243  266  281  303  323  354  381  412
  442  465  493  531  574  607  630  621  614                                   
    27.5-180.0 180.0   5.0 450.0                            LAT/LON1/LON2/DLON/H
  677  700  685  671  653  635  619  610  596  581  560  541  523  509  490  474
  459  447  438  425  409  380  349  316  289  280  282  303  325  352  370  386
  393  391  377  365  346  327  310  296  281  271  257  244  230  216  203  189
  170  157  152  150  156  165  184  202  223  248  269  298  323  360  390  430
  464  494  525  568  614  652  683  689  677                                   
    25.0-180.0 180.0   5.0 450.0                            LAT/LON1/LON2/DLON/H
  740  762  753  738  718  693  675  663  650  633  612  589  568  547  525  503
  482  463  447  427  406  378  353  330  319  325  347  380  413  440  458  464
  461  445  426  404  385  366  347  331  313  297  282  261  242  223  201  180
  156  141  137  137  146  156  170  190  210  241  263  303  334  378  411  454
  492  527  563  608  655  697  750  765  740                                   
    22.5-180.0 180.0   5.0 450.0                            LAT/LON1/LON2/DLON/H
  788  824  823  810  787  760  735  716  699  680  661  640  619  592  563  535
  507  483  460  434  410  386  372  366  371  398  434  476  504  524  525  518
  500  477  444  423  399  385  365  351  330  313  293  272  250  230  203  176
  154  138  133  128  137  146  168  185  212  245  274  317  353  399  436  479
  518  556  599  642  690  733  796  819  788                                   
    20.0-180.0 180.0   5.0 450.0                            LAT/LON1/LON2/DLON/H
  823  869  882  879  863  840  811  789  770  748  726  704  683  653  617  576
  540  506  476  443  421  404  406  415  441  481  530  565  581  576  563  534
  510  474  446  420  400  385  368  351  330  312  294  272  252  226  201  177
  156  147  134  134  130  144  160  188  215  260  295  343  379  425  464  508
  551  593  636  678  720  764  832  859  823                                   
    17.5-180.0 180.0   5.0 450.0                            LAT/LON1/LON2/DLON/H
  836  904  931  935  928  910  883  862  840  817  796  773  748  712  672  627
  582  541  503  470  448  440  452  478  514  561  598  614  603  580  539  502
  467  443  415  397  375  362  343  329  309  297  278  264  246  227  211  190
  175  160  153  137  135  139  165  192  229  274  314  363  404  450  492  535
  580  623  670  707  742  775  834  866  836                                   
    15.0-180.0 180.0   5.0 450.0                            LAT/LON1/LON2/DLON/H
  847  915  950  969  970  962  941  926  909  889  871  848  819  774  728  673
  626  574  532  492  475  481  506  547  586  625  641  624  589  534  482  436
  417  394  375  353  339  327  313  303  286  272  257  242  235  224  217  202
  186  169  147  136  127  139  165  203  245  294  336  384  428  475  518  561
  605  652  696  729  753  780  832  861  847                                   
    12.5-180.0 180.0   5.0 450.0                            LAT/LON1/LON2/DLON/H
  839  917  950  971  975  977  963  959  951  939  925  902  872  826  775  716
  666  614  569  531  517  529  563  598  628  637  621  576  515  453  398  366
  353  336  319  306  294  284  275  268  253  243  230  225  226  225  217  203
  186  165  147  128  125  135  170  211  256  301  340  389  442  490  540  583
  632  680  727  755  769  779  815  837  839                                   
    10.0-180.0 180.0   5.0 450.0                            LAT/LON1/LON2/DLON/H
  847  908  936  956  961  969  968  973  977  969  965  943  916  865  816  751
  702  649  606  578  561  585  605  631  633  604  559  480  418  350  314  288
  292  281  281  273  269  261  251  239  225  215  206  207  216  218  212  195
  179  158  137  124  119  135  168  214  259  298  339  392  449  500  551  598
  645  701  747  775  783  791  820  823  847                                   
     7.5-180.0 180.0   5.0 450.0                            LAT/LON1/LON2/DLON/H
  844  915  933  954  952  965  959  975  978  979  974  961  934  888  841  785
  737  689  652  625  618  623  636  621  591  526  454  373  314  267  242  237
