data/unet/pred3350.15i
     1.0            IONOSPHERE MAPS     GNSS                IONEX VERSION / TYPE
pyspatialgeodesy        IME             05-JAN-18 20:20     PGM / RUN BY / DATE 
Map Name                                                    COMMENT             
Predicted global ionosphere maps (GIM).                     DESCRIPTION         
  2015    12     1     0     0     0                        EPOCH OF FIRST MAP  
  2015    12     2     0     0     0                        EPOCH OF LAST MAP   
  7200                                                      INTERVAL            
    13                                                      # OF MAPS IN FILE   
  NONE                                                      MAPPING FUNCTION    
10.0                                                        ELEVATION CUTOFF    
One-way carrier phase leveled to code                       OBSERVABLES USED    
  6371.0                                                    BASE RADIUS         
 2                                                          MAP DIMENSION       
   450.0 450.0   0.0                                        HGT1 / HGT2 / DHGT  
    87.5 -87.5  -2.5                                        LAT1 / LAT2 / DLAT  
  -180.0 180.0   5.0                                        LON1 / LON2 / DLON  
    -1                                                      EXPONENT            
                                                            END OF HEADER       
     1                                                      START OF TEC MAP    
  2015    12     1     0     0     0                        EPOCH OF CURRENT MAP
    87.5-180.0 180.0   5.0 450.0                            LAT/LON1/LON2/DLON/H
  114   85   79   73   74   69   72   68   72   67   71   66   70   66   69   65
   68   64   67   63   66   62   65   61   63   60   62   59   61   57   59   56
   59   56   58   55   59   56   59   56   59   56   59   56   60   57   61   58
   62   59   64   61   66   64   68   65   70   67   71   68   72   69   73   69
   73   70   75   72   80   76   86  101  114                                   
    85.0-180.0 180.0   5.0 450.0                            LAT/LON1/LON2/DLON/H
   95   67   69   67   64   58   60   57   59   55   57   54   55   52   53   51
   51   49   48   46   46   43   42   39   39   36   35   33   33   31   31   29
   30   29   30   29   31   30   31   31   33   32   33   32   35   35   37   37
   41   41   45   45   49   49   52   51   55   54   58   56   60   58   62   60
   64   63   67   65   71   61   63   89   95                                   
    82.5-180.0 180.0   5.0 450.0                            LAT/LON1/LON2/DLON/H
   90   71   72   72   68   62   63   60   62   58   61   57   60   56   59   55
   57   52   54   48   49   43   43   37   38   32   33   28   30   25   27   24
   27   23   27   24   29   26   31   29   34   32   36   35   40   39   44   43
   49   48   54   53   59   58   63   61   66   63   68   65   70   67   72   69
   74   72   77   75   78   69   73   90   90                                   
    80.0-180.0 180.0   5.0 450.0                            LAT/LON1/LON2/DLON/H
   94   81   81   82   76   74   72   72   70   69   69   68   69   67   68   66
   66   63   62   58   56   51   48   43   41   36   34   31   30   27   28   26
   28   27   29   29   32   32   35   35   39   39   43   44   47   49   52   54
   58   60   62   65   67   68   70   71   72   72   73   73   74   74   76   76
   78   80   83   83   83   78   80   95   94                                   
    77.5-180.0 180.0   5.0 450.0                            LAT/LON1/LON2/DLON/H
   99   85   85   84   79   76   75   72   71   69   69   68   69   67   68   66
   66   63   62   59   56   51   48   43   39   34   32   29   28   26   27   27
   28   29   31   32   34   34   37   38   41   41   45   46   49   51   54   56
   59   60   63   64   66   66   68   67   68   66   67   65   66   64   67   67
   71   72   78   79   82   78   81   94   99                                   
    75.0-180.0 180.0   5.0 450.0                            LAT/LON1/LON2/DLON/H
  101   90   89   90   83   81   78   77   75   74   73   73   72   72   70   70
   68   66   64   62   58   55   51   46   41   37   35   33   31   31   32   34
   35   37   38   40   41   42   43   44   45   47   48   50   51   53   54   56
   57   58   59   61   61   61   61   60   59   58   57   55   54   55   56   59
   62   66   72   76   79   78   83   97  101                                   
    72.5-180.0 180.0   5.0 450.0                            LAT/LON1/LON2/DLON/H
  108   97   98   97   90   88   85   84   81   80   79   78   76   74   73   70
   68   66   65   62   59   56   52   48   43   40   38   37   36   37   39   41
   42   44   46   46   47   47   48   47   48   49   51   51   53   53   54   54
   55   54   55   53   54   52   52   49   49   46   47   44   44   44   48   50
   55   60   69   74   81   81   88   99  108                                   
    70.0-180.0 180.0   5.0 450.0                            LAT/LON1/LON2/DLON/H
  109  103  105  104   98   96   95   93   91   89   87   85   80   76   72   68
   64   61   61   59   57   54   52   48   45   42   42   41   41   43   46   48
   49   50   52   51   51   50   50   50   50   51   53   53   54   53   53   51
   51   49   48   45   45   42   41   39   39   37   37   36   37   38   42   46
   52   58   68   75   84   87   95  106  109                                   
    67.5-180.0 180.0   5.0 450.0                            LAT/LON1/LON2/DLON/H
  118  111  115  114  108  106  105  103  102  100   97   92   86   78   71   64
   60   56   56   55   54   52   51   48   45   43   43   43   45   47   51   53
   54   54   54   52   51   50   50   49   50   51   54   53   55   53   53   49
   47   44   41   38   36   33   33   31   32   31   33   33   37   39   44   48
   55   62   73   81   92   97  105  113  118                                   
    65.0-180.0 180.0   5.0 450.0                            LAT/LON1/LON2/DLON/H
  121  120  122  121  115  114  114  113  111  110  106  101   91   82   71   62
   56   52   51   51   51   50   49   47   45   44   45   46   48   52   54   56
   56   55   53   51   48   47   46   46   48   49   52   52   54   52   51   46
   43   38   35   31   30   27   27   26   29   30   34   37   42   47   53   58
   65   72   82   91  102  108  117  123  121                                   
    62.5-180.0 180.0   5.0 450.0                            LAT/LON1/LON2/DLON/H
  129  124  127  126  120  119  118  118  118  116  113  106   96   84   73   62
   55   49   49   48   49   47   47   45   44   43   45   47   50   53   55   56
   55   52   49   46   43   42   42   42   45   47   51   52   54   52   50   45
   41   36   32   28   27   25   25   26   31   34   42   47   55   60   68   72
   80   85   95  102  114  118  125  131  129                                   
    60.0-180.0 180.0   5.0 450.0                            LAT/LON1/LON2/DLON/H
  130  131  131  129  124  122  120  122  121  121  117  111  100   88   74   64
   55   50   48   48   46   45   43   43   41   42   44   48   50   53   55   55
   52   48   44   41   38   37   38   39   42   46   51   53   55   54   51   46
   42   36   32   28   28   25   27   29   36   42   52   60   70   77   84   90
   96  102  109  115  124  127  133  136  130                                   
    57.5-180.0 180.0   5.0 450.0                            LAT/LON1/LON2/DLON/H
  138  134  136  136  129  126  124  125  125  125  122  116  105   93   81   69
   60   54   51   49   47   44   42   40   39   40   44   48   51   53   55   53
   50   46   43   40   38   37   39   41   45   50   55   58   60   60   56   51
   46   42   38   34   33   32   34   37   45   52   63   72   85   92  102  106
  113  117  124  127  134  135  138  141  138                                   
    55.0-180.0 180.0   5.0 450.0                            LAT/LON1/LON2/DLON/H
  144  147  149  147  138  134  130  131  129  130  125  121  110  100   88   77
   67   61   56   52   46   43   39   37   37   40   44   49   53   56   56   54
   51   47   45   42   42   42   45   47   52   57   63   65   68   67   64   59
   54   49   47   43   44   42   45   46   56   62   74   83   96  104  115  120
  127  131  137  139  143  143  146  148  144                                   
    52.5-180.0 180.0   5.0 450.0                            LAT/LON1/LON2/DLON/H
  161  163  169  167  157  150  144  142  139  138  132  127  118  110  100   90
   80   72   64   57   49   43   38   36   37   41   47   53   57   59   59   56
   53   50   49   50   50   52   54   57   61   66   70   74   76   75   72   68
   64   61   57   56   56   56   57   59   66   72   83   91  104  112  123  129
  136  141  148  150  153  152  153  156  161                                   
    50.0-180.0 180.0   5.0 450.0                            LAT/LON1/LON2/DLON/H
  176  186  193  190  179  170  161  157  151  148  138  134  125  119  110  102
   92   82   70   60   51   44   38   37   40   45   51   58   62   63   62   60
   57   56   57   60   63   65   68   70   73   77   81   83   85   84   82   79
   76   75   73   72   73   71   73   73   79   83   92   99  111  118  129  135
  144  150  157  160  162  161  164  167  176                                   
    47.5-180.0 180.0   5.0 450.0                            LAT/LON1/LON2/DLON/H
  201  208  217  213  202  194  185  178  169  162  150  144  136  130  123  115
  104   93   79   67   57   49   45   45   48   54   60   65   67   67   65   63
   61   63   66   71   75   79   80   82   84   86   89   92   93   93   91   89
   88   88   87   87   87   85   86   85   89   92  100  106  116  122  132  139
  148  156  164  168  171  172  175  177  201                                   
    45.0-180.0 180.0   5.0 450.0                            LAT/LON1/LON2/DLON/H
  216  228  237  233  220  213  205  197  187  178  162  154  144  139  132  123
  112   98   84   72   63   58   55   56   59   65   69   72   72   71   68   65
   65   68   74   80   86   89   91   91   92   93   96   98  100  100  100   98
   99   98   98   96   97   94   95   93   98  100  107  111  119  123  133  138
  149  157  168  173  179  181  187  190  216                                   
    42.5-180.0 180.0   5.0 450.0                            LAT/LON1/LON2/DLON/H
  227  233  242  237  227  223  219  212  204  193  177  165  154  149  141  132
  119  105   90   80   74   72   71   73   75   78   79   79   76   73   69   67
   67   71   77   85   90   94   94   94   94   95   99  101  105  105  106  104
  105  103  103   99  100   96   97   95  102  104  111  114  121  124  132  138
  150  161  172  180  186  191  196  200  227                                   
    40.0-180.0 180.0   5.0 450.0                            LAT/LON1/LON2/DLON/H
  221  232  237  232  223  222  221  219  214  205  189  176  165  158  149  137
  124  109   96   89   86   88   88   89   88   88   86   83   78   74   69   68
   68   73   78   85   90   93   94   93   93   95  100  104  109  110  111  108
  107  104  104   99  100   96   97   98  105  110  116  120  127  130  136  142
  154  164  177  185  194  198  204  209  221                                   
    37.5-180.0 180.0   5.0 450.0                            LAT/LON1/LON2/DLON/H
  215  219  222  216  208  210  213  217  218  211  198  186  174  167  157  146
  132  119  108  104  104  107  106  105  100   96   90   84   78   75   71   71
   71   75   79   85   87   90   90   91   91   96  101  107  113  114  114  110
  108  104  102   96   96   93   93   97  105  113  120  126  131  135  140  148
  160  171  182  192  199  205  209  214  215                                   
    35.0-180.0 180.0   5.0 450.0                            LAT/LON1/LON2/DLON/H
  202  208  209  199  193  194  201  208  213  211  202  192  182  175  166  153
  141  128  120  118  119  120  118  111  103   96   88   83   79   78   77   79
   79   82   85   87   89   90   90   91   93   98  105  111  117  117  116  109
  106   99   95   89   89   88   92   96  109  118  129  135  141  145  151  158
  169  179  190  199  204  210  217  224  202                                   
    32.5-180.0 180.0   5.0 450.0                            LAT/LON1/LON2/DLON/H
  206  205  201  191  181  183  188  199  206  208  202  195  186  182  172  162
  150  140  133  132  131  130  123  113  102   94   87   85   84   87   89   93
   94   96   95   96   94   94   93   95   96  102  109  116  121  121  117  110
  103   95   89   83   82   83   85   92  105  119  128  140  146  154  160  170
  179  189  198  207  212  219  229  238  206                                   
    30.0-180.0 180.0   5.0 450.0                            LAT/LON1/LON2/DLON/H
  218  217  213  200  190  187  190  197  203  206  201  195  189  186  179  170
  159  149  144  139  136  128  118  105   95   89   87   90   95  103  108  113
  115  114  112  109  106  104  103  103  105  110  116  121  124  122  116  106
   98   88   83   78   79   79   85   90  107  119  136  145  158  165  177  187
  198  206  213  223  226  237  254  265  218                                   
    27.5-180.0 180.0   5.0 450.0                            LAT/LON1/LON2/DLON/H
  254  249  249  236  220  214  211  213  214  213  204  198  191  189  183  177
  166  159  149  142  131  120  107   97   89   90   95  105  114  126  132  138
  138  137  132  127  120  118  114  113  113  117  121  124  125  122  114  103
   92   83   77   74   76   78   84   93  108  122  136  149  160  173  186  202
  213  226  233  242  246  260  284  298  254                                   
    25.0-180.0 180.0   5.0 450.0                            LAT/LON1/LON2/DLON/H
  301  305  309  297  281  268  255  247  238  229  215  204  195  190  186  180
  173  163  152  137  123  107   95   87   89   98  111  127  140  152  160  165
  165  161  155  147  140  135  130  126  123  123  125  126  125  120  110   99
   89   81   75   74   77   80   91  101  119  130  149  157  171  179  197  211
  230  242  253  262  269  292  329  341  301                                   
    22.5-180.0 180.0   5.0 450.0                            LAT/LON1/LON2/DLON/H
  365  379  389  382  363  344  323  304  284  264  240  220  203  196  187  184
  174  164  148  130  110   96   88   90  100  119  137  155  168  180  185  189
  186  180  171  162  154  149  143  137  130  127  126  124  121  115  106   94
   86   77   74   72   76   82   94  107  126  140  157  167  181  190  206  222
  242  256  268  279  293  322  368  381  365                                   
    20.0-180.0 180.0   5.0 450.0                            LAT/LON1/LON2/DLON/H
  435  470  479  480  464  439  404  373  342  309  274  243  219  205  193  186
  176  163  144  123  103   92   93  105  126  149  172  189  199  205  205  205
  199  191  180  171  164  159  152  144  134  128  124  122  116  110  101   92
   84   77   73   73   77   85   99  115  134  149  168  180  194  204  223  238
  260  272  287  300  320  359  411  422  435                                   
    17.5-180.0 180.0   5.0 450.0                            LAT/LON1/LON2/DLON/H
  498  539  556  567  563  538  495  451  406  367  321  281  247  224  204  194
  178  162  140  120  101  100  110  136  161  191  210  220  221  219  213  209
  200  193  182  175  169  165  158  148  136  127  121  116  109  102   95   88
   81   74   68   68   71   83  100  120  142  162  182  199  214  227  245  262
  282  297  312  328  354  392  441  453  498                                   
    15.0-180.0 180.0   5.0 450.0                            LAT/LON1/LON2/DLON/H
  550  597  615  633  637  616  575  528  473  425  372  324  281  249  222  205
  188  169  148  128  117  123  146  178  210  237  251  249  239  227  215  206
  195  187  180  176  173  168  162  151  139  126  118  111  105   99   91   86
   80   74   69   69   74   89  108  130  153  175  199  218  235  248  267  283
  306  320  335  352  380  418  467  479  550                                   
    12.5-180.0 180.0   5.0 450.0                            LAT/LON1/LON2/DLON/H
  573  614  634  657  666  650  619  578  530  480  423  372  322  283  251  228
  208  189  166  152  147  163  191  226  257  275  276  261  241  222  205  197
  185  182  177  177  174  172  164  152  137  123  113  105  100   96   89   86
   81   76   70   72   79   96  119  144  167  194  222  242  258  272  289  309
  329  347  364  382  406  441  480  491  573                                   
    10.0-180.0 180.0   5.0 450.0                            LAT/LON1/LON2/DLON/H
  571  613  628  649  664  654  634  605  570  527  471  421  369  323  286  259
  235  214  194  185  188  209  242  277  298  302  286  261  232  211  194  185
  178  177  175  177  175  173  166  153  139  123  114  106  103   98   92   88
   87   81   76   77   87  103  128  152  179  207  236  257  273  290  306  326
  345  364  381  398  424  452  489  490  571                                   
     7.5-180.0 180.0   5.0 450.0                            LAT/LON1/LON2/DLON/H
  548  577  590  611  625  622  615  601  583  552  506  461  411  366  327  296
  271  249  232  226  232  256  286  309  317  302  275  242  213  195  181  177
