data/unet/pred3280.15i
     1.0            IONOSPHERE MAPS     GNSS                IONEX VERSION / TYPE
pyspatialgeodesy        IME             05-JAN-18 20:20     PGM / RUN BY / DATE 
Map Name                                                    COMMENT             
Predicted global ionosphere maps (GIM).                     DESCRIPTION         
  2015    11    24     0     0     0                        EPOCH OF FIRST MAP  
  2015    11    25     0     0     0                        EPOCH OF LAST MAP   
  7200                                                      INTERVAL            
    13                                                      # OF MAPS IN FILE   
  NONE                                                      MAPPING FUNCTION    
10.0                                                        ELEVATION CUTOFF    
One-way carrier phase leveled to code                       OBSERVABLES USED    
  6371.0                                                    BASE RADIUS         
 2                                                          MAP DIMENSION       
   450.0 450.0   0.0                                        HGT1 / HGT2 / DHGT  
    87.5 -87.5  -2.5                                        LAT1 / LAT2 / DLAT  
  -180.0 180.0   5.0                                        LON1 / LON2 / DLON  
    -1                                                      EXPONENT            
                                                            END OF HEADER       
[from data line 5148]
    13                                                      START OF TEC MAP    
  2015    11    25     0     0     0                        EPOCH OF CURRENT MAP
    87.5-180.0 180.0   5.0 450.0                            LAT/LON1/LON2/DLON/H
   87   66   59   54   57   54   59   55   60   56   61   57   61   57   61   57
   61   57   61   57   60   56   60   56   59   55   58   54   58   53   57   53
   57   52   56   52   56   52   56   52   57   52   57   53   58   54   59   55
   60   56   60   56   61   57   60   56   60   55   58   54   58   53   57   52
   56   52   57   54   62   58   70   68   87                                   
    85.0-180.0 180.0   5.0 450.0                            LAT/LON1/LON2/DLON/H
   75   29   29   27   29   27   32   31   35   33   37   35   38   36   39   36
   38   35   37   34   36   32   33   30   31   27   28   25   26   22   24   20
   22   18   21   18   21   18   22   20   24   23   27   27   31   30   34   33
   36   35   37   35   38   35   37   33   35   31   32   28   29   25   27   23
   25   22   28   26   34   26   31   69   75                                   
    82.5-180.0 180.0   5.0 450.0                            LAT/LON1/LON2/DLON/H
   66   32   32   35   34   32   36   36   40   39   42   42   44   43   45   44
   45   43   44   42   42   39   38   35   34   30   30   26   26   22   23   20
   22   19   22   20   24   21   27   26   31   30   35   35   39   39   42   41
   44   42   43   41   42   39   40   36   37   33   35   31   33   29   32   29
   32   29   34   33   37   31   37   68   66                                   
    80.0-180.0 180.0   5.0 450.0                            LAT/LON1/LON2/DLON/H
   72   47   47   50   47   48   50   52   53   55   56   58   59   60   60   61
   61   61   60   59   58   55   53   49   46   42   39   35   32   28   27   25
   24   23   25   25   27   28   32   34   37   39   43   45   48   49   51   51
   52   50   51   49   49   46   45   43   43   41   40   39   40   39   40   41
   42   43   46   48   49   45   48   74   72                                   
    77.5-180.0 180.0   5.0 450.0                            LAT/LON1/LON2/DLON/H
   83   58   61   64   61   61   63   64   65   66   67   68   69   70   71   70
   71   69   70   68   67   64   62   58   54   49   45   39   35   30   28   25
   25   22   24   23   27   26   31   31   36   37   42   43   47   47   50   49
   51   49   50   48   48   45   45   42   42   40   41   39   41   40   44   44
   48   49   55   57   61   59   62   80   83                                   
    75.0-180.0 180.0   5.0 450.0                            LAT/LON1/LON2/DLON/H
   92   78   81   84   79   79   78   80   79   80   79   79   79   79   78   78
   76   76   76   76   74   73   70   67   62   58   52   47   41   36   31   29
   26   25   25   26   27   28   31   33   35   38   41   43   44   46   46   47
   47   47   46   45   44   43   41   41   40   39   39   40   41   43   46   50
   53   59   65   71   76   75   77   93   92                                   
    72.5-180.0 180.0   5.0 450.0                            LAT/LON1/LON2/DLON/H
  110   98  104  104   98   96   95   94   93   91   89   87   84   81   78   76
   74   72   73   73   73   72   71   69   65   60   55   50   44   39   35   32
   29   27   28   27   28   28   31   32   35   36   39   39   40   40   41   40
   40   39   39   38   38   36   37   35   36   35   37   37   40   43   49   54
   61   67   77   84   92   94   96  105  110                                   
    70.0-180.0 180.0   5.0 450.0                            LAT/LON1/LON2/DLON/H
  121  121  125  125  117  113  110  108  105  102   97   93   87   80   75   70
   67   65   66   66   67   67   67   65   62   58   54   50   45   41   38   35
   32   30   29   28   29   29   30   31   32   33   35   34   33   32   31   30
   29   28   28   28   29   29   31   31   32   33   36   38   42   46   54   60
   69   77   88   98  108  112  116  121  121                                   
    67.5-180.0 180.0   5.0 450.0                            LAT/LON1/LON2/DLON/H
  139  139  144  142  133  127  124  120  117  113  106   99   90   81   72   64
   60   56   57   57   59   59   61   59   57   54   52   48   45   42   40   37
   34   31   30   28   28   28   29   29   30   31   31   30   28   26   24   22
   21   20   21   21   24   24   28   28   32   34   39   41   47   52   61   68
   77   86   99  109  122  128  131  136  139                                   
    65.0-180.0 180.0   5.0 450.0                            LAT/LON1/LON2/DLON/H
  146  154  157  155  143  138  132  129  125  121  114  105   94   82   70   60
   54   50   50   50   52   52   53   52   50   48   46   45   44   42   40   38
   35   31   29   27   26   25   27   27   28   28   27   26   23   20   17   15
   14   14   15   16   20   21   26   28   34   37   44   49   56   62   70   77
   86   95  107  119  131  138  143  146  146                                   
    62.5-180.0 180.0   5.0 450.0                            LAT/LON1/LON2/DLON/H
  159  163  165  161  150  143  138  135  131  128  121  112   99   86   72   61
   54   49   48   47   49   48   48   45   44   42   42   41   41   40   39   37
   34   30   28   26   24   25   25   27   27   28   27   26   22   19   16   14
   12   12   14   15   19   21   26   30   37   42   50   56   65   72   80   86
   95  103  114  124  136  143  148  152  159                                   
    60.0-180.0 180.0   5.0 450.0                            LAT/LON1/LON2/DLON/H
  160  167  171  167  153  146  139  136  133  130  123  115  102   89   76   65
   57   52   50   48   47   44   42   39   37   36   36   37   38   39   38   36
   33   30   27   24   23   23   25   27   28   31   29   29   25   22   18   16
   14   14   16   16   21   23   29   33   41   48   57   65   75   82   91   97
  104  111  120  129  138  144  151  154  160                                   
    57.5-180.0 180.0   5.0 450.0                            LAT/LON1/LON2/DLON/H
  169  173  176  172  158  150  143  139  136  133  127  119  108   97   84   75
   67   61   58   54   51   46   42   38   36   35   35   37   39   40   40   38
   35   32   29   28   26   28   29   33   34   36   36   36   33   30   27   24
   22   21   22   22   25   27   32   37   45   53   64   73   83   91  101  107
  114  120  127  133  141  147  151  156  169                                   
    55.0-180.0 180.0   5.0 450.0                            LAT/LON1/LON2/DLON/H
  172  180  186  182  168  158  149  144  138  134  128  121  111  102   93   84
   77   71   65   60   54   49   43   39   36   36   37   40   43   45   45   43
   40   37   36   34   34   35   38   41   43   45   46   46   44   42   39   36
   33   31   31   29   32   33   38   42   51   59   71   79   91   99  111  117
  124  129  136  141  146  151  157  160  172                                   
    52.5-180.0 180.0   5.0 450.0                            LAT/LON1/LON2/DLON/H
  189  192  198  195  183  174  162  155  147  140  132  125  116  110  102   96
   89   82   74   67   60   54   48   45   43   44   46   49   52   54   53   51
   48   46   45   45   45   47   49   52   53   56   57   57   56   54   52   49
   45   43   41   40   40   41   44   49   57   64   75   84   96  106  118  126
  134  140  146  150  154  159  163  167  189                                   
    50.0-180.0 180.0   5.0 450.0                            LAT/LON1/LON2/DLON/H
  199  206  214  212  202  193  181  170  158  148  136  127  119  114  108  102
   95   87   78   70   63   57   53   51   51   54   57   60   63   63   62   59
   58   56   57   57   59   61   62   63   64   67   68   69   68   67   65   62
   59   56   54   52   51   52   55   58   66   73   83   91  104  113  126  134
  144  149  157  161  164  167  172  174  199                                   
    47.5-180.0 180.0   5.0 450.0                            LAT/LON1/LON2/DLON/H
  215  217  226  229  223  216  204  193  176  162  146  136  126  121  115  109
  101   91   81   72   67   63   61   62   64   67   70   73   73   73   70   68
   66   66   68   70   72   73   74   74   74   75   77   78   78   78   77   75
   72   70   67   65   65   65   67   71   76   82   90   98  110  120  132  142
  152  159  166  170  175  176  178  182  215                                   
    45.0-180.0 180.0   5.0 450.0                            LAT/LON1/LON2/DLON/H
  216  224  233  239  236  233  223  212  196  178  158  144  133  127  120  113
  102   90   80   72   69   68   70   72   76   79   82   82   81   79   76   73
   73   73   77   80   83   83   83   81   81   81   83   84   87   87   87   86
   85   83   81   79   79   79   81   83   88   91   98  105  116  125  138  147
  158  165  174  179  183  183  186  187  216                                   
    42.5-180.0 180.0   5.0 450.0                            LAT/LON1/LON2/DLON/H
  215  219  228  235  238  240  236  227  212  195  173  157  144  137  128  118
  105   92   82   76   75   77   81   84   88   90   90   89   86   83   78   76
   75   78   82   86   88   89   88   86   84   85   87   89   93   94   95   94
   95   94   93   92   92   92   93   93   97  100  106  112  121  130  142  152
  162  170  179  184  187  188  188  191  215                                   
    40.0-180.0 180.0   5.0 450.0                            LAT/LON1/LON2/DLON/H
  199  205  214  220  224  231  231  230  219  205  185  168  155  146  135  123
  110   96   86   82   84   88   93   95   96   96   94   90   87   82   78   75
   76   78   84   87   91   91   91   88   87   88   91   94   99  100  101  101
  103  102  103  101  103  102  103  103  107  109  115  120  129  137  149  156
  166  173  182  187  189  188  189  188  199                                   
    37.5-180.0 180.0   5.0 450.0                            LAT/LON1/LON2/DLON/H
  189  190  193  198  201  210  215  221  218  209  193  180  167  158  146  134
  119  106   98   96   98  103  105  105  101   98   94   89   85   81   78   77
   77   80   84   89   91   93   92   91   91   93   97  101  104  106  107  107
  109  109  110  109  111  109  111  111  116  119  125  130  138  145  155  163
  171  177  184  189  190  189  189  189  189                                   
    35.0-180.0 180.0   5.0 450.0                            LAT/LON1/LON2/DLON/H
  180  181  182  179  178  185  194  204  207  205  196  186  175  167  157  144
  131  119  113  110  114  115  113  107  101   94   90   86   84   82   82   82
   84   86   90   92   95   96   97   96   98  100  105  109  113  113  113  112
  114  113  113  112  113  111  113  113  120  123  133  137  147  152  164  170
  178  182  190  195  195  195  196  197  180                                   
    32.5-180.0 180.0   5.0 450.0                            LAT/LON1/LON2/DLON/H
  195  191  187  177  166  170  176  188  195  198  193  188  181  176  167  156
  144  135  129  127  125  123  115  105   96   90   87   88   89   92   94   97
   98   99   99  100   99  102  102  103  105  109  113  117  120  119  119  116
  115  113  113  110  111  109  112  113  122  128  141  148  158  165  176  182
  190  196  203  209  212  214  216  221  195                                   
    30.0-180.0 180.0   5.0 450.0                            LAT/LON1/LON2/DLON/H
  228  224  217  197  179  173  174  181  187  192  191  188  184  181  174  165
  157  149  143  137  132  123  111   99   91   89   92   98  106  112  117  120
  121  119  117  113  112  112  112  113  115  117  122  123  126  123  122  117
  115  111  109  105  105  103  106  110  121  130  145  154  167  176  190  199
  211  217  228  235  242  246  256  262  228                                   
    27.5-180.0 180.0   5.0 450.0                            LAT/LON1/LON2/DLON/H
  290  284  279  252  222  209  199  198  196  197  194  191  186  185  179  174
  167  161  152  143  130  118  103   94   90   96  105  119  131  141  146  150
  148  144  136  129  124  124  122  121  121  123  125  126  126  123  120  114
  110  104  100   95   94   93   97  102  116  127  143  156  170  184  203  219
  238  250  264  273  282  292  310  316  290                                   
    25.0-180.0 180.0   5.0 450.0                            LAT/LON1/LON2/DLON/H
  365  375  366  331  297  271  248  232  221  212  204  197  190  186  182  178
  173  166  154  139  122  107   97   93   99  112  130  148  163  174  180  182
  178  168  158  147  141  137  134  131  128  126  125  124  122  117  113  106
  102   94   89   84   82   82   88   94  111  126  144  157  176  191  217  237
  266  282  301  314  330  349  377  377  365                                   
    22.5-180.0 180.0   5.0 450.0                            LAT/LON1/LON2/DLON/H
  449  473  467  437  399  364  328  298  271  250  232  216  201  194  185  182
  174  166  149  131  110   98   94  103  118  140  161  182  198  206  209  208
  202  187  172  159  151  147  140  135  129  124  121  118  114  109  106   99
   94   84   78   70   70   71   80   88  109  126  150  165  184  202  231  257
  289  310  333  352  376  401  432  432  449                                   
    20.0-180.0 180.0   5.0 450.0                            LAT/LON1/LON2/DLON/H
  528  568  569  554  521  478  424  377  335  300  269  243  221  207  195  188
  178  165  145  124  105   99  107  125  149  175  198  214  223  226  225  220
  212  195  177  163  155  149  143  136  129  120  114  108  105   99   97   90
   85   73   65   59   60   66   77   90  115  136  164  180  205  223  254  280
  315  338  366  390  418  447  478  483  528                                   
    17.5-180.0 180.0   5.0 450.0                            LAT/LON1/LON2/DLON/H
  585  628  641  641  623  587  529  467  408  361  320  285  256  233  215  203
  187  170  146  126  112  116  134  162  190  215  231  240  241  234  226  217
  202  184  167  154  145  144  137  133  121  112  103   98   95   91   88   84
   74   64   56   53   55   64   78   99  126  155  184  206  230  251  280  310
  343  369  399  421  451  479  508  514  585                                   
    15.0-180.0 180.0   5.0 450.0                            LAT/LON1/LON2/DLON/H
  611  663  689  703  695  664  613  552  483  424  372  329  294  264  240  220
  201  180  156  137  132  144  173  205  232  251  258  252  242  227  211  197
  181  164  151  141  138  137  134  127  116  102   95   87   86   80   78   72
   66   57   51   49   55   68   87  111  144  175  208  232  258  279  309  335
  367  394  424  447  473  497  525  527  611                                   
    12.5-180.0 180.0   5.0 450.0                            LAT/LON1/LON2/DLON/H
  601  649  684  710  714  693  652  603  545  486  428  380  340  300  272  248
  228  206  184  171  171  191  221  252  272  275  266  248  229  211  193  179
  162  149  137  132  128  132  128  125  109   98   84   80   76   75   70   68
   61   55   50   49   58   75   96  126  160  190  224  250  275  297  326  351
  383  409  436  453  473  494  516  516  601                                   
    10.0-180.0 180.0   5.0 450.0                            LAT/LON1/LON2/DLON/H
  565  612  649  680  696  685  658  621  580  530  477  428  383  340  307  280
  259  238  219  211  217  241  272  296  299  285  259  233  206  188  171  161
  146  136  129  128  129  133  132  126  113   97   87   76   77   69   69   64
   62   55   54   55   68   87  114  143  175  205  238  264  290  316  342  367
  395  419  442  454  468  476  494  488  565                                   
     7.5-180.0 180.0   5.0 450.0                            LAT/LON1/LON2/DLON/H
  516  546  584  618  640  643  628  608  582  552  514  473  428  384  351  318
  297  278  266  261  272  293  318  325  309  277  241  213  189  176  163  156
