data/unet/pred1230.15i
     1.0            IONOSPHERE MAPS     GNSS                IONEX VERSION / TYPE
pyspatialgeodesy        IME             05-JAN-18 20:20     PGM / RUN BY / DATE 
Map Name                                                    COMMENT             
Predicted global ionosphere maps (GIM).                     DESCRIPTION         
  2015     5     3     0     0     0                        EPOCH OF FIRST MAP  
  2015     5     4     0     0     0                        EPOCH OF LAST MAP   
  7200                                                      INTERVAL            
    13                                                      # OF MAPS IN FILE   
  NONE                                                      MAPPING FUNCTION    
10.0                                                        ELEVATION CUTOFF    
One-way carrier phase leveled to code                       OBSERVABLES USED    
  6371.0                                                    BASE RADIUS         
 2                                                          MAP DIMENSION       
   450.0 450.0   0.0                                        HGT1 / HGT2 / DHGT  
    87.5 -87.5  -2.5                                        LAT1 / LAT2 / DLAT  
  -180.0 180.0   5.0                                        LON1 / LON2 / DLON  
    -1                                                      EXPONENT            
                                                            END OF HEADER       
[from data line 3861]
    10                                                      START OF TEC MAP    
  2015     5     3    18     0     0                        EPOCH OF CURRENT MAP
    87.5-180.0 180.0   5.0 450.0                            LAT/LON1/LON2/DLON/H
  232  206  209  209  210  207  209  207  210  208  210  208  210  209  210  208
  209  207  207  205  206  203  203  201  201  198  198  195  196  193  193  190
  190  187  188  184  186  182  184  180  183  179  183  179  184  181  185  182
  187  185  190  186  192  189  193  191  195  193  197  195  199  197  200  198
  202  200  204  202  205  205  212  206  232                                   
    85.0-180.0 180.0   5.0 450.0                            LAT/LON1/LON2/DLON/H
  206  201  205  209  206  208  206  210  208  212  210  213  211  214  211  213
  210  212  209  210  207  208  204  204  201  202  198  198  194  195  191  191
  187  187  183  183  180  181  178  179  177  179  177  179  178  181  180  183
  183  186  186  188  188  190  190  192  193  195  194  196  197  199  198  200
  200  202  202  203  203  199  206  206  206                                   
    82.5-180.0 180.0   5.0 450.0                            LAT/LON1/LON2/DLON/H
  205  194  201  199  201  200  202  200  204  203  207  206  209  209  211  211
  213  211  212  210  211  208  208  204  205  200  199  194  193  189  187  183
  181  178  176  173  172  170  170  169  170  170  171  171  173  173  175  174
  178  177  180  180  184  183  186  187  190  190  193  193  196  196  198  198
  200  200  201  200  201  193  191  189  205                                   
    80.0-180.0 180.0   5.0 450.0                            LAT/LON1/LON2/DLON/H
  192  186  187  187  189  188  189  189  191  192  194  197  199  201  203  205
  207  207  208  208  209  208  207  205  203  199  195  191  187  182  177  174
  169  167  163  162  159  159  157  158  157  160  159  162  161  164  163  165
  165  167  167  169  170  172  173  176  178  181  182  185  187  189  191  191
  192  193  192  192  191  184  180  176  192                                   
    77.5-180.0 180.0   5.0 450.0                            LAT/LON1/LON2/DLON/H
  179  175  174  173  174  175  176  176  178  180  183  186  189  192  196  198
  202  204  206  207  208  208  208  205  204  198  195  189  184  178  174  169
  165  160  159  156  154  153  154  154  155  156  158  158  160  159  161  159
  162  159  162  160  164  162  166  165  169  169  174  175  178  179  181  182
  183  183  184  182  180  172  167  167  179                                   
    75.0-180.0 180.0   5.0 450.0                            LAT/LON1/LON2/DLON/H
  171  170  167  170  171  171  172  172  175  175  179  181  185  187  192  194
  199  200  204  204  208  207  210  207  207  202  200  193  190  183  179  173
  169  164  162  159  158  158  157  159  158  162  160  162  161  162  160  160
  158  158  156  156  155  156  156  157  158  161  163  167  168  172  173  175
  175  175  175  174  172  166  163  165  171                                   
    72.5-180.0 180.0   5.0 450.0                            LAT/LON1/LON2/DLON/H
  168  169  169  168  171  172  173  173  175  176  179  182  185  188  192  195
  200  201  206  207  211  211  215  213  214  209  207  201  198  191  188  181
  177  172  170  167  166  166  167  167  168  168  169  167  167  164  164  159
  158  153  153  149  149  147  149  148  150  151  154  156  160  161  164  164
  166  166  168  166  167  160  160  164  168                                   
    70.0-180.0 180.0   5.0 450.0                            LAT/LON1/LON2/DLON/H
  171  175  171  176  178  179  180  181  183  183  187  187  191  191  196  196
  202  201  207  207  212  212  216  215  217  214  213  209  206  201  197  192
  188  184  182  180  178  178  177  178  177  178  175  174  171  169  164  161
  156  153  149  146  144  143  143  142  143  144  146  148  150  152  154  156
  157  158  160  161  162  159  160  164  171                                   
    67.5-180.0 180.0   5.0 450.0                            LAT/LON1/LON2/DLON/H
  175  181  181  181  185  186  187  188  189  191  193  195  196  199  200  203
  204  207  210  212  216  217  221  220  221  218  218  215  214  210  208  203
  201  197  195  193  191  190  189  188  186  184  183  178  175  169  165  159
  155  149  146  142  140  138  138  137  136  136  138  139  140  142  144  145
  146  148  152  154  157  155  162  166  175                                   
    65.0-180.0 180.0   5.0 450.0                            LAT/LON1/LON2/DLON/H
  180  189  186  191  194  195  197  197  199  199  202  202  205  205  209  207
  211  209  214  214  220  219  223  221  222  219  219  216  217  215  214  212
  210  208  206  204  201  199  196  194  191  189  184  180  174  169  163  156
  151  147  143  141  138  137  135  133  132  131  132  131  133  133  134  135
  136  139  142  147  151  153  160  165  180                                   
    62.5-180.0 180.0   5.0 450.0                            LAT/LON1/LON2/DLON/H
  182  191  192  195  199  199  200  200  200  202  205  207  210  213  214  214
  214  215  216  219  221  222  224  221  221  217  216  215  217  217  217  218
  218  217  216  215  211  209  204  200  196  192  188  181  175  168  162  155
  149  146  141  140  138  137  134  133  129  128  126  125  125  125  125  126
  126  130  133  138  144  147  158  163  182                                   
    60.0-180.0 180.0   5.0 450.0                            LAT/LON1/LON2/DLON/H
  176  191  192  198  203  202  204  203  205  207  211  213  216  217  219  217
  220  217  222  221  224  222  223  219  217  212  212  211  214  216  219  222
  223  224  223  223  219  215  209  205  200  195  191  184  178  170  163  155
  149  145  142  141  139  138  136  132  130  125  126  121  122  119  120  119
  120  124  126  132  137  143  152  158  176                                   
    57.5-180.0 180.0   5.0 450.0                            LAT/LON1/LON2/DLON/H
  170  187  192  197  203  204  204  205  207  210  213  216  218  220  221  220
  220  219  219  219  221  219  219  214  212  208  208  208  212  215  221  224
  228  229  230  230  227  224  219  214  209  205  200  194  186  178  169  161
  152  148  144  144  141  142  138  137  131  130  125  123  120  118  116  117
  116  121  122  128  132  136  148  153  170                                   
    55.0-180.0 180.0   5.0 450.0                            LAT/LON1/LON2/DLON/H
  164  185  188  199  205  208  210  212  215  218  221  223  224  224  224  222
  222  219  220  218  219  217  216  212  209  206  207  208  214  219  226  231
  236  237  239  238  236  231  227  221  218  212  210  202  195  186  178  168
  160  154  150  147  146  145  144  139  138  132  131  126  126  123  122  121
  121  124  125  130  132  137  146  151  164                                   
    52.5-180.0 180.0   5.0 450.0                            LAT/LON1/LON2/DLON/H
  162  182  189  199  209  215  219  220  224  225  229  230  230  228  228  224
  222  218  216  213  214  212  213  211  209  208  209  213  219  227  234  240
  244  246  247  248  244  242  237  235  230  227  221  216  207  200  190  181
  170  164  156  154  151  152  148  150  144  144  139  138  134  134  132  131
  129  133  133  136  137  138  148  151  162                                   
    50.0-180.0 180.0   5.0 450.0                            LAT/LON1/LON2/DLON/H
  168  188  195  210  222  229  236  238  241  244  244  246  242  241  235  232
  226  221  216  213  212  213  214  214  214  215  218  224  233  240  249  253
  257  258  260  258  257  251  250  245  243  237  234  225  220  209  203  191
  183  173  167  160  159  157  158  156  157  152  153  149  150  149  149  148
  146  147  148  150  150  149  157  163  168                                   
    47.5-180.0 180.0   5.0 450.0                            LAT/LON1/LON2/DLON/H
  180  197  208  221  235  246  251  252  255  254  259  255  255  248  245  238
  234  227  220  215  214  215  218  221  222  227  231  241  249  258  264  267
  270  270  272  271  268  266  262  259  254  250  244  238  228  221  210  202
  190  184  174  170  165  166  164  168  165  168  164  166  163  165  163  162
  160  160  160  160  161  157  168  173  180                                   
    45.0-180.0 180.0   5.0 450.0                            LAT/LON1/LON2/DLON/H
  197  211  224  240  255  266  274  278  278  278  279  278  272  269  260  257
  244  237  227  222  221  225  229  235  236  242  247  258  267  275  280  282
  285  285  289  288  288  282  280  272  267  259  253  242  234  222  216  205
  198  187  181  173  171  168  170  171  174  174  176  176  176  177  175  175
  171  171  171  172  173  172  178  188  197                                   
    42.5-180.0 180.0   5.0 450.0                            LAT/LON1/LON2/DLON/H
  210  226  241  257  272  282  290  292  295  293  294  289  293  285  282  270
  263  251  242  238  236  240  245  251  253  258  264  275  284  293  297  299
  301  303  306  308  305  302  296  287  278  269  259  248  235  226  216  209
  201  193  185  180  175  175  174  180  179  186  184  188  184  185  182  179
  175  174  173  171  173  173  188  195  210                                   
    40.0-180.0 180.0   5.0 450.0                            LAT/LON1/LON2/DLON/H
  221  237  254  270  285  298  305  312  315  317  317  313  313  309  301  295
  283  272  261  257  256  260  267  270  272  275  281  291  302  308  315  319
  324  327  333  332  333  324  320  306  297  279  267  251  239  227  220  211
  207  197  192  182  180  176  178  179  185  187  192  191  191  189  185  180
  174  170  168  170  171  177  186  199  221                                   
    37.5-180.0 180.0   5.0 450.0                            LAT/LON1/LON2/DLON/H
  227  245  260  274  290  299  311  316  323  328  330  328  330  325  327  318
  310  297  288  284  283  289  291  293  291  293  299  309  320  329  336  342
  346  351  356  358  355  349  340  327  313  295  277  261  245  233  226  218
  212  205  200  193  190  187  187  188  191  194  194  197  193  191  185  177
  169  163  158  160  160  168  188  196  227                                   
    35.0-180.0 180.0   5.0 450.0                            LAT/LON1/LON2/DLON/H
  228  244  260  277  291  305  313  323  333  343  350  352  352  348  346  343
  333  325  316  312  313  314  317  314  312  310  317  327  342  353  365  370
  376  381  388  392  392  383  372  353  339  320  300  281  263  249  239  228
  225  216  213  206  207  201  205  201  206  202  206  199  201  192  190  177
  169  158  151  150  150  157  175  189  228                                   
    32.5-180.0 180.0   5.0 450.0                            LAT/LON1/LON2/DLON/H
  222  240  254  270  286  296  305  317  334  349  361  366  368  368  368  364
  361  350  347  343  345  348  346  344  334  335  340  354  371  387  400  408
  414  421  431  437  437  427  410  388  366  347  327  307  286  270  256  247
  240  235  226  223  219  221  224  228  228  226  224  220  215  207  198  186
  175  159  149  140  138  145  165  180  222                                   
    30.0-180.0 180.0   5.0 450.0                            LAT/LON1/LON2/DLON/H
  216  231  246  263  276  291  299  318  339  360  376  386  392  391  392  390
  380  376  369  370  369  370  369  364  358  359  369  390  414  434  452  463
  472  479  488  495  493  482  461  433  408  387  369  349  326  306  282  271
  249  244  229  229  225  230  234  235  236  236  238  235  232  222  217  204
  198  182  172  155  150  151  168  175  216                                   
    27.5-180.0 180.0   5.0 450.0                            LAT/LON1/LON2/DLON/H
  208  228  235  250  264  282  296  318  342  368  390  403  411  415  415  411
  405  397  398  395  400  398  397  398  393  403  415  438  462  485  506  520
  532  534  538  536  534  517  497  467  441  423  396  382  346  331  295  290
  266  265  250  252  246  252  254  262  268  267  265  261  257  246  235  220
  209  198  194  175  163  161  166  180  208                                   
    25.0-180.0 180.0   5.0 450.0                            LAT/LON1/LON2/DLON/H
  213  221  237  252  269  289  303  325  352  380  403  418  432  435  440  436
  433  429  425  427  428  429  426  432  432  449  464  490  516  544  569  587
  595  596  586  577  559  540  515  488  448  431  403  384  349  331  296  289
  265  269  259  264  269  273  280  289  294  300  296  296  287  280  264  255
  241  231  218  203  194  186  191  195  213                                   
    22.5-180.0 180.0   5.0 450.0                            LAT/LON1/LON2/DLON/H
  221  228  242  260  276  302  317  339  366  395  419  436  450  458  465  467
  466  463  463  464  467  464  465  472  478  499  518  545  572  599  625  638
  637  625  606  587  563  540  510  484  441  425  395  378  344  328  295  292
  275  281  282  288  295  302  310  318  323  329  323  324  311  300  285  277
  268  262  251  233  219  210  201  224  221                                   
    20.0-180.0 180.0   5.0 450.0                            LAT/LON1/LON2/DLON/H
  232  225  251  272  294  316  334  357  383  410  431  449  468  477  489  492
  496  495  496  499  498  500  501  514  527  550  577  605  635  658  679  681
  669  646  617  588  558  527  497  468  425  402  372  355  325  315  289  291
  281  291  298  308  314  323  330  342  348  355  349  345  328  313  290  286
  280  285  279  265  246  231  221  233  232                                   
    17.5-180.0 180.0   5.0 450.0                            LAT/LON1/LON2/DLON/H
  238  234  253  282  306  331  345  369  399  421  444  461  482  495  510  518
  526  531  534  538  542  545  551  567  582  608  634  658  680  692  699  689
  668  636  602  571  541  511  478  448  406  379  343  325  301  297  282  292
  293  309  323  332  343  346  351  356  361  362  354  346  329  309  290  283
  281  291  286  281  259  247  233  252  238                                   
    15.0-180.0 180.0   5.0 450.0                            LAT/LON1/LON2/DLON/H
  235  230  256  283  312  335  351  373  401  426  445  466  488  509  529  542
  552  561  568  573  579  586  597  616  640  659  683  694  706  704  701  681
  655  619  584  554  529  496  465  428  385  346  311  293  274  276  275  296
  310  333  342  358  359  364  365  367  368  365  358  344  324  304  285  279
  278  287  286  278  260  248  233  244  235                                   
    12.5-180.0 180.0   5.0 450.0                            LAT/LON1/LON2/DLON/H
  221  222  245  277  302  329  345  368  399  421  445  463  490  513  537  554
  566  581  593  609  620  632  647  667  679  694  700  699  694  686  671  651
  620  591  559  541  516  492  456  422  373  334  291  278  259  273  280  317
  336  361  369  377  376  369  369  363  359  352  336  322  298  281  265  264
  263  274  273  268  251  239  227  241  221                                   
    10.0-180.0 180.0   5.0 450.0                            LAT/LON1/LON2/DLON/H
  201  198  229  255  292  313  340  363  395  416  437  456  486  513  544  563
  577  597  610  632  644  663  680  695  704  702  702  689  679  660  644  619
  594  569  548  534  519  494  463  425  371  325  286  270  258  274  299  337
  362  373  380  378  376  365  361  351  343  326  309  288  269  248  240  237
  240  248  248  242  228  218  208  213  201                                   
     7.5-180.0 180.0   5.0 450.0                            LAT/LON1/LON2/DLON/H
  176  182  205  238  271  298  326  356  387  407  433  452  481  510  541  562
  580  602  621  642  659  679  693  707  701  696  680  666  646  630  607  591
