data/unet/pred2350.15i
     1.0            IONOSPHERE MAPS     GNSS                IONEX VERSION / TYPE
pyspatialgeodesy        IME             05-JAN-18 20:20     PGM / RUN BY / DATE 
Map Name                                                    COMMENT             
Predicted global ionosphere maps (GIM).                     DESCRIPTION         
  2015     8    23     0     0     0                        EPOCH OF FIRST MAP  
  2015     8    24     0     0     0                        EPOCH OF LAST MAP   
  7200                                                      INTERVAL            
    13                                                      # OF MAPS IN FILE   
  NONE                                                      MAPPING FUNCTION    
10.0                                                        ELEVATION CUTOFF    
One-way carrier phase leveled to code                       OBSERVABLES USED    
  6371.0                                                    BASE RADIUS         
 2                                                          MAP DIMENSION       
   450.0 450.0   0.0                                        HGT1 / HGT2 / DHGT  
    87.5 -87.5  -2.5                                        LAT1 / LAT2 / DLAT  
  -180.0 180.0   5.0                                        LON1 / LON2 / DLON  
    -1                                                      EXPONENT            
                                                            END OF HEADER       
[from data line 3003]
     8                                                      START OF TEC MAP    
  2015     8    23    14     0     0                        EPOCH OF CURRENT MAP
    87.5-180.0 180.0   5.0 450.0                            LAT/LON1/LON2/DLON/H
  112  124  130  130  129  129  129  129  130  130  130  130  130  131  131  131
  131  131  131  131  131  131  131  131  130  129  128  128  127  126  125  125
  124  124  123  122  122  121  121  121  119  120  119  119  119  119  119  120
  120  121  121  122  122  123  123  124  124  125  125  125  125  126  125  126
  126  126  126  127  125  128  137  125  112                                   
    85.0-180.0 180.0   5.0 450.0                            LAT/LON1/LON2/DLON/H
  116  121  117  118  118  118  119  119  120  120  121  121  122  121  122  122
  123  123  124  123  125  124  125  124  124  122  123  120  120  117  118  114
  115  112  113  110  110  108  108  106  107  105  106  105  105  105  106  106
  107  108  108  109  110  111  111  112  113  113  114  114  115  114  115  114
  116  114  115  115  117  116  121  123  116                                   
    82.5-180.0 180.0   5.0 450.0                            LAT/LON1/LON2/DLON/H
  120  111  110  111  112  111  113  112  115  114  116  115  118  116  119  118
  120  120  122  122  124  124  125  124  125  123  124  121  121  118  117  113
  112  109  109  106  105  102  102   99  100   98   98   97   99   99  100  101
  103  104  105  107  108  109  110  111  112  113  112  114  113  114  113  114
  112  113  112  113  112  109  117  107  120                                   
    80.0-180.0 180.0   5.0 450.0                            LAT/LON1/LON2/DLON/H
  108  101   99  104  101  102  102  105  104  107  107  110  110  113  113  115
  116  118  118  121  121  124  123  125  124  125  123  124  120  120  115  114
  110  109  104  104  100   99   96   96   94   95   93   95   94   97   97  100
  101  103  105  106  107  108  109  110  110  111  111  111  110  110  109  109
  107  107  105  105  103  102  100  101  108                                   
    77.5-180.0 180.0   5.0 450.0                            LAT/LON1/LON2/DLON/H
   93   92   88   90   91   92   92   94   95   97   98  100  102  103  105  107
  109  111  113  115  117  119  121  122  123  123  123  122  121  119  117  115
  112  108  105  102   98   96   93   93   90   91   89   92   91   95   95   99
   99  102  102  104  105  105  106  106  106  106  106  105  105  103  103  101
  100   99   97   95   94   90   90   88   93                                   
    75.0-180.0 180.0   5.0 450.0                            LAT/LON1/LON2/DLON/H
   85   81   79   84   82   83   86   86   89   89   94   94   98   99  103  103
  107  108  111  112  115  117  120  120  122  122  125  123  124  121  121  117
  115  110  108  103  101   97   96   93   93   92   93   93   94   96   98   99
  101  102  104  103  105  105  106  104  105  103  104  102  102  100   99   97
   95   93   90   87   87   83   82   83   85                                   
    72.5-180.0 180.0   5.0 450.0                            LAT/LON1/LON2/DLON/H
   76   77   74   77   77   79   81   83   85   87   90   92   95   97  100  102
  104  106  109  111  113  115  119  120  123  124  126  127  127  128  126  125
  121  118  114  111  106  104  100  100   97   99   96  100   98  102  101  104
  103  105  104  105  103  104  101  102   99  100   97   97   94   94   90   90
   86   85   82   81   79   76   78   74   76                                   
    70.0-180.0 180.0   5.0 450.0                            LAT/LON1/LON2/DLON/H
   72   69   68   72   72   74   77   78   82   82   88   89   94   95  100  100
  103  104  106  107  110  111  115  115  119  120  124  124  127  126  127  125
  123  120  117  113  110  107  105  103  103  102  103  103  105  104  106  106
  107  105  105  103  103  100  100   98   97   95   95   92   92   89   88   84
   82   78   77   74   74   69   71   70   72                                   
    67.5-180.0 180.0   5.0 450.0                            LAT/LON1/LON2/DLON/H
   67   69   67   67   69   71   74   77   80   83   88   90   94   96  100  101
  103  103  105  106  108  109  113  113  117  118  121  124  126  127  127  128
  126  125  121  120  115  114  111  111  108  110  108  111  110  112  110  111
  108  108  104  104  100   99   96   96   93   93   89   90   87   86   82   81
   77   75   72   71   68   65   68   64   67                                   
    65.0-180.0 180.0   5.0 450.0                            LAT/LON1/LON2/DLON/H
   66   62   60   63   66   68   73   74   79   81   88   90   95   97  101  101
  104  102  104  104  106  106  110  110  113  114  118  118  122  122  125  126
  125  126  122  121  117  116  114  114  113  114  114  115  115  114  114  112
  111  108  106  103  101   98   97   94   94   92   92   89   89   84   83   77
   76   70   69   65   65   61   64   62   66                                   
    62.5-180.0 180.0   5.0 450.0                            LAT/LON1/LON2/DLON/H
   61   62   59   59   63   67   70   73   77   81   86   91   96  100  103  104
  106  105  106  106  107  108  110  112  113  113  115  117  120  123  125  128
  128  131  127  128  122  122  118  121  118  122  120  123  121  120  117  116
  112  110  105  104   99   99   95   96   95   95   93   93   90   86   81   78
   73   70   66   63   60   58   61   58   61                                   
    60.0-180.0 180.0   5.0 450.0                            LAT/LON1/LON2/DLON/H
   60   55   54   56   59   62   66   68   73   75   83   87   95   98  103  103
  106  104  106  106  107  108  110  111  112  111  113  113  117  117  122  125
  128  131  129  129  125  124  122  124  123  126  126  127  125  122  120  117
  114  111  108  105  102  100  100   99  101   99  100   97   95   89   85   78
   74   68   65   59   58   53   57   56   60                                   
    57.5-180.0 180.0   5.0 450.0                            LAT/LON1/LON2/DLON/H
   56   56   52   52   55   59   63   65   69   72   78   84   91   96  102  104
  107  107  108  110  110  113  113  115  113  113  112  113  116  119  124  129
  133  137  136  137  132  133  129  133  131  135  134  136  132  130  125  123
  119  117  112  111  107  106  105  106  107  108  106  105  101   95   86   80
   73   70   64   61   56   53   54   51   56                                   
    55.0-180.0 180.0   5.0 450.0                            LAT/LON1/LON2/DLON/H
   56   49   47   48   52   54   57   59   63   66   73   77   87   91   99  102
  106  107  108  110  111  114  114  115  115  114  114  113  117  118  126  130
  136  140  142  141  138  137  136  138  139  142  142  141  139  135  132  128
  125  122  120  117  115  112  113  113  115  115  115  110  106   98   91   80
   75   68   66   59   59   52   55   52   56                                   
    52.5-180.0 180.0   5.0 450.0                            LAT/LON1/LON2/DLON/H
   56   54   49   48   51   53   56   58   61   65   70   76   83   90   97  104
  108  112  113  116  116  119  119  121  119  120  117  118  120  123  130  137
  143  148  150  152  148  148  146  150  149  153  152  152  147  145  140  138
  135  134  131  128  125  123  122  123  125  125  123  119  112  103   92   83
   74   71   66   63   59   55   55   51   56                                   
    50.0-180.0 180.0   5.0 450.0                            LAT/LON1/LON2/DLON/H
   60   53   49   49   52   54   55   56   58   60   66   70   78   85   94  102
  109  113  115  118  119  119  121  121  121  120  120  119  123  125  133  139
  148  153  157  158  157  156  156  157  159  160  160  158  156  151  149  145
  145  142  142  137  135  130  130  129  133  131  131  124  117  106   98   85
   79   71   71   64   66   58   62   58   60                                   
    47.5-180.0 180.0   5.0 450.0                            LAT/LON1/LON2/DLON/H
   65   62   57   55   56   58   59   61   62   64   67   73   79   87   96  107
  115  121  123  126  125  125  124  125  125  126  125  126  128  131  138  145
  152  161  166  169  168  169  167  171  170  171  169  168  163  161  157  157
  156  155  153  150  145  141  138  139  139  139  135  131  121  112  100   91
   81   79   73   72   68   65   68   62   65                                   
    45.0-180.0 180.0   5.0 450.0                            LAT/LON1/LON2/DLON/H
   73   67   61   59   62   61   63   63   65   65   69   73   80   87   98  108
  118  126  129  131  129  126  126  125  128  127  130  128  133  133  140  147
  157  166  174  179  180  181  182  183  183  181  179  175  172  169  168  165
  167  164  164  157  155  148  146  143  146  142  141  133  127  117  109   97
   92   84   84   77   79   72   78   73   73                                   
    42.5-180.0 180.0   5.0 450.0                            LAT/LON1/LON2/DLON/H
   79   75   68   66   66   68   69   71   72   73   75   81   87   95  105  118
  128  136  140  141  136  132  129  129  130  132  135  136  138  140  146  153
  162  175  185  192  197  198  201  200  199  194  190  186  182  180  178  177
  177  175  173  168  162  157  153  151  150  148  142  140  131  126  116  110
  101   98   91   90   84   82   88   82   79                                   
    40.0-180.0 180.0   5.0 450.0                            LAT/LON1/LON2/DLON/H
   87   78   72   69   69   69   72   71   74   74   79   83   92   99  111  123
  134  143  148  148  144  137  135  132  136  137  142  142  146  145  152  159
  172  186  198  209  216  220  222  222  218  212  205  198  195  190  190  187
  188  184  182  176  171  162  159  153  154  147  146  141  137  132  127  120
  116  108  106   96   97   88   94   90   87                                   
    37.5-180.0 180.0   5.0 450.0                            LAT/LON1/LON2/DLON/H
   91   84   74   72   68   72   73   76   78   80   85   90  100  109  120  132
  144  153  158  157  150  144  139  137  141  144  149  151  154  155  162  171
  185  200  216  228  239  244  248  244  240  231  225  216  213  207  207  203
  201  198  194  187  177  172  164  159  155  151  145  146  141  141  135  134
  126  124  113  110  100   96  102   95   91                                   
    35.0-180.0 180.0   5.0 450.0                            LAT/LON1/LON2/DLON/H
   97   83   75   70   68   68   71   72   76   79   86   93  105  115  126  137
  147  157  163  162  157  150  145  143  148  150  158  159  165  166  176  186
  204  223  242  259  270  276  277  273  265  254  244  236  233  227  226  220
  216  211  205  197  189  179  171  162  158  149  147  144  144  143  143  140
  137  130  125  114  109   99  100   98   97                                   
    32.5-180.0 180.0   5.0 450.0                            LAT/LON1/LON2/DLON/H
   97   85   73   70   63   66   67   70   73   79   88   96  109  121  132  143
  152  162  167  167  161  156  150  151  154  160  166  171  176  182  193  208
  229  252  276  292  303  306  306  299  291  277  269  258  256  248  247  239
  236  229  224  215  205  192  182  170  164  154  148  146  142  146  142  145
  138  139  127  123  111  104  107  102   97                                   
    30.0-180.0 180.0   5.0 450.0                            LAT/LON1/LON2/DLON/H
  103   84   72   68   63   62   63   65   70   76   87   98  111  126  134  146
  152  162  165  168  162  158  155  156  160  165  173  179  188  196  213  233
  258  284  308  325  334  337  335  327  317  304  295  284  280  270  268  259
  256  248  242  231  221  207  194  180  173  160  153  146  144  142  142  142
  138  136  131  122  116  107  103  102  103                                   
    27.5-180.0 180.0   5.0 450.0                            LAT/LON1/LON2/DLON/H
  105   88   77   73   64   64   63   66   68   75   85   96  112  123  136  146
  153  162  165  168  163  163  160  163  167  172  179  191  202  216  238  262
  288  311  334  349  356  358  355  347  339  326  319  310  306  298  293  283
  278  270  264  253  241  224  211  193  185  169  159  148  141  138  135  136
  132  134  127  126  117  113  113  109  105                                   
    25.0-180.0 180.0   5.0 450.0                            LAT/LON1/LON2/DLON/H
  112   95   82   77   70   66   65   65   70   74   84   97  113  125  134  146
  149  157  160  164  162  162  162  165  170  176  186  198  218  236  263  287
  314  336  355  369  374  376  372  366  358  352  347  342  340  332  325  314
  309  298  292  276  263  243  227  207  193  175  163  149  141  134  131  129
  128  128  127  127  124  119  114  112  112                                   
    22.5-180.0 180.0   5.0 450.0                            LAT/LON1/LON2/DLON/H
  118  103   94   89   79   76   73   74   74   79   83   96  112  123  134  142
  147  154  156  163  162  167  167  174  176  182  193  210  231  256  283  309
  335  353  371  383  385  386  381  376  371  370  368  366  363  359  351  346
  338  332  320  303  285  263  242  222  205  189  171  156  142  131  128  125
  126  128  127  133  130  127  126  122  118                                   
    20.0-180.0 180.0   5.0 450.0                            LAT/LON1/LON2/DLON/H
  124  115  103   99   90   85   80   78   79   80   86   96  112  125  135  142
  145  152  154  160  162  167  172  176  183  186  203  219  248  271  300  326
  348  367  383  395  394  395  388  387  382  386  388  389  388  383  376  370
  365  356  349  328  306  279  259  236  218  200  183  164  147  131  126  121
  124  125  130  133  136  131  129  129  124                                   
    17.5-180.0 180.0   5.0 450.0                            LAT/LON1/LON2/DLON/H
  130  120  113  112  102   96   90   88   84   86   87   98  111  126  136  141
  145  151  153  161  163  174  178  185  189  197  212  233  261  288  315  337
  358  374  390  399  397  398  392  394  390  397  398  401  398  398  389  390
  381  379  363  343  318  293  267  249  231  217  197  177  156  139  132  125
  131  132  136  142  141  138  136  135  130                                   
    15.0-180.0 180.0   5.0 450.0                            LAT/LON1/LON2/DLON/H
  132  126  116  113  105  101   92   91   87   87   89   97  111  126  139  144
  150  154  157  165  170  181  190  195  205  209  228  246  277  300  326  346
  364  381  395  403  401  401  400  402  402  409  412  417  413  411  404  401
  395  389  376  354  329  302  279  262  248  233  213  191  168  150  139  132
  133  134  140  141  145  136  134  134  132                                   
    12.5-180.0 180.0   5.0 450.0                            LAT/LON1/LON2/DLON/H
  131  122  114  113  104   99   94   93   89   90   89   98  109  126  140  149
  155  158  164  172  180  190  201  210  217  228  242  266  292  318  339  355
  370  385  399  405  406  410  411  417  415  423  420  424  419  419  410  411
  401  397  380  357  330  306  284  271  259  247  226  203  181  164  153  144
  147  143  148  147  145  138  131  131  131                                   
    10.0-180.0 180.0   5.0 450.0                            LAT/LON1/LON2/DLON/H
  123  119  109  108   97   94   87   88   85   88   89   96  108  125  141  150
  163  165  175  182  193  206  219  227  237  245  262  278  308  328  348  360
  375  390  404  412  417  423  428  434  432  438  434  436  428  425  416  411
  403  392  377  353  328  304  286  276  264  253  231  212  187  174  162  158
  152  154  153  148  145  131  123  123  123                                   
     7.5-180.0 180.0   5.0 450.0                            LAT/LON1/LON2/DLON/H
  117  110  105  101   92   86   83   82   82   84   86   93  102  120  136  150
  163  169  181  189  205  215  230  242  249  263  275  299  323  343  357  369
