data/unet/pred3000.15i
     1.0            IONOSPHERE MAPS     GNSS                IONEX VERSION / TYPE
pyspatialgeodesy        IME             05-JAN-18 20:20     PGM / RUN BY / DATE 
Map Name                                                    COMMENT             
Predicted global ionosphere maps (GIM).                     DESCRIPTION         
  2015    10    27     0     0     0                        EPOCH OF FIRST MAP  
  2015    10    28     0     0     0                        EPOCH OF LAST MAP   
  7200                                                      INTERVAL            
    13                                                      # OF MAPS IN FILE   
  NONE                                                      MAPPING FUNCTION    
10.0                                                        ELEVATION CUTOFF    
One-way carrier phase leveled to code                       OBSERVABLES USED    
  6371.0                                                    BASE RADIUS         
 2                                                          MAP DIMENSION       
   450.0 450.0   0.0                                        HGT1 / HGT2 / DHGT  
    87.5 -87.5  -2.5                                        LAT1 / LAT2 / DLAT  
  -180.0 180.0   5.0                                        LON1 / LON2 / DLON  
    -1                                                      EXPONENT            
                                                            END OF HEADER       
[from data line 2574]
     7                                                      START OF TEC MAP    
  2015    10    27    12     0     0                        EPOCH OF CURRENT MAP
    87.5-180.0 180.0   5.0 450.0                            LAT/LON1/LON2/DLON/H
   89   98   98  100   97   97   97   97   97   97   96   96   96   95   94   94
   93   91   90   89   88   87   86   86   85   87   86   88   87   90   88   91
   88   90   88   89   87   88   85   85   83   83   81   81   79   80   79   80
   79   81   80   82   81   84   83   86   85   88   87   89   88   90   89   91
   90   92   92   94   95   94   99   89   89                                   
    85.0-180.0 180.0   5.0 450.0                            LAT/LON1/LON2/DLON/H
   91   90   88   85   86   84   87   86   88   86   87   86   87   85   86   84
   84   82   82   81   81   80   80   79   79   78   79   78   79   78   79   78
   79   79   79   79   79   78   78   75   77   74   76   73   76   74   77   74
   77   75   77   76   78   77   79   78   79   79   79   79   79   79   80   79
   81   80   82   80   83   83   87   89   91                                   
    82.5-180.0 180.0   5.0 450.0                            LAT/LON1/LON2/DLON/H
   84   80   77   75   76   74   75   75   75   75   75   75   75   74   74   74
   73   71   71   70   70   68   71   69   72   70   74   72   76   75   77   77
   79   79   79   79   77   77   74   73   70   68   67   66   66   65   66   65
   65   65   65   65   64   64   64   64   64   65   64   66   65   67   67   68
   69   69   71   69   70   68   69   68   84                                   
    80.0-180.0 180.0   5.0 450.0                            LAT/LON1/LON2/DLON/H
   72   66   66   63   68   63   69   66   70   67   71   69   72   68   71   69
   70   66   69   66   69   65   71   68   74   71   79   77   84   82   89   87
   92   91   94   92   94   90   90   86   85   81   81   77   78   74   76   72
   73   71   71   68   67   67   66   66   64   66   64   65   64   65   64   64
   65   63   65   62   62   57   58   58   72                                   
    77.5-180.0 180.0   5.0 450.0                            LAT/LON1/LON2/DLON/H
   64   59   53   51   53   52   55   57   59   60   62   63   64   63   64   64
   63   62   62   62   62   63   65   69   72   76   80   86   90   95   98  103
  105  109  111  112  111  111  108  105  102   99   96   94   89   89   85   85
   80   80   77   76   73   73   72   70   69   68   68   67   66   64   65   63
   63   62   61   58   55   50   51   52   64                                   
    75.0-180.0 180.0   5.0 450.0                            LAT/LON1/LON2/DLON/H
   55   47   51   44   50   46   52   50   56   54   58   59   62   60   62   61
   61   59   60   59   61   62   67   70   76   80   87   92   99  104  111  115
  121  124  129  130  134  132  132  127  126  121  120  114  113  109  107  102
   98   95   90   88   82   80   76   73   70   69   66   66   64   63   62   61
   60   59   58   55   52   48   48   47   55                                   
    72.5-180.0 180.0   5.0 450.0                            LAT/LON1/LON2/DLON/H
   55   49   42   40   42   42   45   48   51   52   56   57   60   60   62   62
   62   63   63   63   64   66   70   78   81   90   94  103  108  117  123  129
  136  139  146  148  152  151  152  149  146  143  140  136  133  130  126  122
  117  113  106  101   95   90   84   78   73   69   65   63   62   61   61   61
   60   59   57   55   51   46   46   48   55                                   
    70.0-180.0 180.0   5.0 450.0                            LAT/LON1/LON2/DLON/H
   50   43   45   36   43   38   47   44   52   48   55   55   59   59   63   62
   66   64   67   66   70   73   79   85   91   96  103  110  117  125  133  140
  147  153  159  162  166  168  169  167  166  163  160  157  153  151  147  143
  137  131  123  115  106   98   88   81   73   69   63   61   58   59   59   60
   59   59   57   55   51   49   48   47   50                                   
    67.5-180.0 180.0   5.0 450.0                            LAT/LON1/LON2/DLON/H
   52   46   39   37   37   36   39   41   46   46   51   53   56   58   62   65
   67   70   71   74   76   83   86   94   97  106  110  120  124  136  141  150
  156  162  168  171  177  178  181  179  179  175  175  171  171  167  165  159
  154  146  139  127  118  104   93   79   72   61   57   52   52   52   54   56
   56   58   58   56   53   49   49   50   52                                   
    65.0-180.0 180.0   5.0 450.0                            LAT/LON1/LON2/DLON/H
   50   42   43   35   39   35   40   38   42   40   46   46   52   53   59   61
   66   67   71   74   79   85   91   97  102  107  113  119  127  134  144  151
  160  167  174  179  186  188  192  191  191  189  187  187  184  184  177  173
  161  153  140  129  115  101   87   76   63   56   47   45   44   46   48   50
   51   53   54   55   53   52   50   50   50                                   
    62.5-180.0 180.0   5.0 450.0                            LAT/LON1/LON2/DLON/H
   50   45   40   37   34   34   33   34   35   36   38   42   45   49   53   57
   61   64   68   72   77   85   91   98  102  109  113  122  126  137  144  154
  162  168  176  180  188  189  195  193  197  193  194  192  194  188  185  173
  165  152  141  126  111   95   81   67   56   47   41   38   38   39   41   44
   46   49   51   53   52   49   49   52   50                                   
    60.0-180.0 180.0   5.0 450.0                            LAT/LON1/LON2/DLON/H
   48   40   42   33   35   31   32   30   31   28   32   33   38   40   46   49
   55   56   62   64   71   79   87   94  101  105  111  115  124  131  143  149
  161  167  177  182  192  194  200  199  202  201  200  201  198  196  186  176
  163  152  137  122  105   91   75   64   52   47   41   39   37   38   40   40
   43   45   49   50   51   50   49   50   48                                   
    57.5-180.0 180.0   5.0 450.0                            LAT/LON1/LON2/DLON/H
   47   43   39   34   31   30   28   26   26   25   25   28   31   34   38   41
   45   48   52   56   63   71   81   91   97  104  109  117  124  135  143  153
  162  169  177  182  191  195  201  201  205  204  206  205  204  196  188  175
  165  151  137  122  108   94   80   70   59   55   49   48   44   44   45   45
   46   48   49   51   50   48   47   52   47                                   
    55.0-180.0 180.0   5.0 450.0                            LAT/LON1/LON2/DLON/H
   51   43   42   33   35   29   30   27   27   23   25   24   28   28   33   35
   38   39   44   48   56   65   77   88   96  102  110  116  126  135  147  154
  167  173  183  188  198  203  209  211  214  219  216  219  210  205  194  183
  169  157  141  128  113  101   87   78   69   67   61   62   59   58   58   55
   55   53   55   53   54   53   53   56   51                                   
    52.5-180.0 180.0   5.0 450.0                            LAT/LON1/LON2/DLON/H
   58   52   45   40   38   34   33   29   29   26   26   26   27   27   30   32
   33   35   39   45   53   63   76   90   98  106  113  123  131  143  152  162
  173  180  188  195  205  210  218  220  228  229  231  226  220  212  204  192
  182  167  155  140  130  118  106   98   90   88   84   85   81   80   77   73
   71   67   65   63   61   58   58   64   58                                   
    50.0-180.0 180.0   5.0 450.0                            LAT/LON1/LON2/DLON/H
   70   61   56   48   50   41   43   37   38   33   34   31   33   30   33   33
   34   35   39   45   55   67   81   95  106  113  122  129  139  149  158  167
  180  187  199  207  217  225  231  239  242  248  243  242  231  227  216  208
  195  182  167  155  142  130  118  111  104  105  102  106  103  104  101   97
   90   84   82   76   74   72   73   77   70                                   
    47.5-180.0 180.0   5.0 450.0                            LAT/LON1/LON2/DLON/H
   83   76   67   61   59   53   52   48   48   43   43   40   40   37   39   39
   39   42   44   52   61   75   90  104  113  122  129  139  146  156  163  174
  185  196  206  218  227  236  248  253  261  260  258  250  243  236  229  220
  210  196  185  169  157  143  131  123  116  117  117  121  120  122  120  116
  110  102   98   92   89   85   85   93   83                                   
    45.0-180.0 180.0   5.0 450.0                            LAT/LON1/LON2/DLON/H
   96   87   80   73   75   65   68   60   62   57   57   53   51   47   48   47
   48   50   54   60   73   87  103  114  124  130  138  144  153  158  166  174
  186  196  212  226  239  253  263  273  275  277  269  264  254  250  240  233
  220  207  192  176  159  145  132  123  118  120  121  127  129  132  131  129
  122  118  113  106  102  100  101  108   96                                   
    42.5-180.0 180.0   5.0 450.0                            LAT/LON1/LON2/DLON/H
  102   97   90   84   81   75   73   70   70   68   68   65   62   57   57   58
   58   61   64   73   84   99  112  123  130  135  142  150  154  159  164  173
  182  194  211  230  246  264  280  286  289  285  280  270  262  255  247  236
  226  210  196  176  160  143  129  119  113  115  118  124  127  130  130  127
  123  117  115  109  107  103  107  118  102                                   
    40.0-180.0 180.0   5.0 450.0                            LAT/LON1/LON2/DLON/H
  105   99   93   88   91   81   83   76   81   77   80   77   73   69   68   67
   69   70   76   85   99  111  124  130  138  140  147  150  156  158  161  169
  179  193  213  235  256  278  292  300  299  297  286  282  271  266  255  245
  232  216  199  177  158  139  123  112  106  110  114  119  123  126  126  123
  118  115  112  107  105  105  108  116  105                                   
    37.5-180.0 180.0   5.0 450.0                            LAT/LON1/LON2/DLON/H
   99   94   90   86   87   81   80   77   79   81   84   84   81   77   76   75
   75   78   82   94  105  118  127  133  138  142  146  153  154  157  157  164
  173  190  213  241  267  293  309  314  314  307  300  291  284  275  265  254
  242  228  211  186  165  144  127  116  111  115  118  122  124  123  122  116
  112  106  104   99   95   96   99  109   99                                   
    35.0-180.0 180.0   5.0 450.0                            LAT/LON1/LON2/DLON/H
   95   85   83   79   84   75   78   72   80   78   87   87   87   83   82   80
   82   82   89   99  113  123  134  136  141  145  151  156  158  160  161  169
  180  199  225  257  288  315  329  335  329  326  314  311  302  297  284  275
  260  250  229  208  184  163  144  133  128  131  133  134  133  132  127  120
  111  106   98   93   87   89   92   95   95                                   
    32.5-180.0 180.0   5.0 450.0                            LAT/LON1/LON2/DLON/H
   86   80   73   73   73   71   68   68   71   77   83   88   88   87   85   84
   83   85   90  101  113  126  133  137  140  146  153  163  164  169  170  181
  191  215  242  278  310  337  351  355  352  346  339  333  329  323  313  303
  291  281  265  247  224  203  183  172  165  168  168  168  161  155  146  134
  122  110  101   89   81   80   80   80   86                                   
    30.0-180.0 180.0   5.0 450.0                            LAT/LON1/LON2/DLON/H
   84   74   68   65   73   64   68   61   70   71   84   86   91   87   88   84
   86   84   93  103  120  130  139  139  145  150  162  172  179  186  193  205
  220  247  275  307  337  359  369  377  371  372  363  365  362  364  358  354
  344  338  323  313  289  273  247  234  220  218  214  208  199  192  180  168
  152  138  118  104   90   86   84   69   84                                   
    27.5-180.0 180.0   5.0 450.0                            LAT/LON1/LON2/DLON/H
   80   71   63   65   66   65   63   61   64   71   79   85   88   87   87   85
   85   85   92  107  121  136  140  144  146  157  169  186  196  208  221  237
  258  284  312  340  367  385  397  406  405  407  406  409  412  417  417  417
  413  409  399  393  375  351  327  311  304  299  285  271  253  237  226  214
  199  177  156  128  111   94   86   67   80                                   
    25.0-180.0 180.0   5.0 450.0                            LAT/LON1/LON2/DLON/H
   84   71   60   62   67   61   67   58   68   68   81   82   88   85   87   83
   85   84   96  111  130  141  149  148  153  161  180  197  217  233  249  268
  290  317  343  372  394  412  422  436  436  446  449  460  467  476  479  481
  478  475  464  454  427  405  373  363  345  343  330  326  312  296  277  258
  238  218  193  171  144  124  112   81   84                                   
    22.5-180.0 180.0   5.0 450.0                            LAT/LON1/LON2/DLON/H
   98   94   77   70   69   67   66   61   62   65   72   78   82   82   81   80
   82   84   98  115  133  147  152  159  159  173  192  215  237  255  278  300
  331  356  384  407  427  438  457  470  483  493  504  516  527  537  535  538
  532  530  523  505  482  449  421  401  391  379  368  355  347  327  322  300
  281  252  227  198  179  150  131   97   98                                   
    20.0-180.0 180.0   5.0 450.0                            LAT/LON1/LON2/DLON/H
  129  104   89   87   80   73   74   65   66   63   71   72   79   73   76   74
   80   83  101  120  141  155  163  163  170  179  199  218  245  264  297  325
  355  383  410  429  446  461  477  497  510  529  544  563  576  586  582  585
  580  574  559  547  520  492  455  433  412  402  385  379  366  355  342  336
  322  303  275  247  218  189  160  141  129                                   
    17.5-180.0 180.0   5.0 450.0                            LAT/LON1/LON2/DLON/H
  160  132  113  103   96   83   82   75   72   69   69   70   73   70   68   70
   75   84  102  123  146  162  167  172  175  187  209  229  258  284  323  351
  385  413  438  452  470  479  502  520  540  561  582  601  614  622  616  615
  607  597  583  565  548  517  486  449  434  409  402  389  389  374  369  358
  353  336  321  290  268  231  205  181  160                                   
    15.0-180.0 180.0   5.0 450.0                            LAT/LON1/LON2/DLON/H
  197  161  139  124  112  102   88   82   75   68   70   64   69   65   67   64
   70   79   98  124  148  162  168  172  178  193  216  240  273  308  343  372
  403  428  453  467  484  500  514  541  560  587  608  630  640  645  634  628
  614  599  579  565  544  525  483  453  418  400  375  375  370  372  366  367
  362  355  344  327  303  273  241  228  197                                   
    12.5-180.0 180.0   5.0 450.0                            LAT/LON1/LON2/DLON/H
  213  191  163  140  126  110   96   82   73   68   66   66   66   66   64   65
   70   81  100  126  148  160  163  171  184  202  234  258  296  330  369  392
  425  449  472  485  503  511  532  553  580  606  629  645  654  656  641  629
  612  592  573  558  539  518  480  440  406  372  354  344  353  355  360  362
  362  358  349  340  325  295  270  254  213                                   
    10.0-180.0 180.0   5.0 450.0                            LAT/LON1/LON2/DLON/H
  224  207  181  156  135  121  100   88   71   63   61   59   60   58   63   64
   72   82  104  125  145  156  166  180  199  225  253  286  318  355  383  408
  433  456  478  493  509  522  538  563  586  616  636  654  660  661  644  632
  609  591  568  559  531  513  471  432  385  356  325  322  326  337  338  346
  347  346  345  338  328  304  285  271  224                                   
     7.5-180.0 180.0   5.0 450.0                            LAT/LON1/LON2/DLON/H
  226  215  193  164  146  124  108   84   71   61   58   58   58   55   61   66
   75   89  109  132  152  163  178  194  220  248  279  310  350  376  405  423
