data/unet/pred0790.15i
     1.0            IONOSPHERE MAPS     GNSS                IONEX VERSION / TYPE
pyspatialgeodesy        IME             05-JAN-18 20:20     PGM / RUN BY / DATE 
Map Name                                                    COMMENT             
Predicted global ionosphere maps (GIM).                     DESCRIPTION         
  2015     3    20     0     0     0                        EPOCH OF FIRST MAP  
  2015     3    21     0     0     0                        EPOCH OF LAST MAP   
  7200                                                      INTERVAL            
    13                                                      # OF MAPS IN FILE   
  NONE                                                      MAPPING FUNCTION    
10.0                                                        ELEVATION CUTOFF    
One-way carrier phase leveled to code                       OBSERVABLES USED    
  6371.0                                                    BASE RADIUS         
 2                                                          MAP DIMENSION       
   450.0 450.0   0.0                                        HGT1 / HGT2 / DHGT  
    87.5 -87.5  -2.5                                        LAT1 / LAT2 / DLAT  
  -180.0 180.0   5.0                                        LON1 / LON2 / DLON  
    -1                                                      EXPONENT            
                                                            END OF HEADER       
[from data line 4719]
    12                                                      START OF TEC MAP    
  2015     3    20    22     0     0                        EPOCH OF CURRENT MAP
    87.5-180.0 180.0   5.0 450.0                            LAT/LON1/LON2/DLON/H
  171  125  113  115  115  112  114  112  115  113  115  113  115  113  114  112
  113  110  111  108  109  106  106  104  103  102  101  100   99   98   97   96
   96   95   95   94   94   94   94   94   95   96   97   99  100  101  103  105
  106  108  109  110  111  112  113  113  115  114  115  114  116  115  116  115
  116  115  116  115  116  115  117  148  171                                   
    85.0-180.0 180.0   5.0 450.0                            LAT/LON1/LON2/DLON/H
  111  105  107  111  111  110  110  111  112  113  114  114  115  114  115  113
  113  110  110  107  106  102  101   97   96   93   91   89   87   84   83   81
   80   79   78   78   77   78   78   79   80   82   84   85   88   90   93   96
   98  100  102  104  106  108  108  110  111  112  111  112  112  113  112  112
  111  112  111  111  111  111  109  126  111                                   
    82.5-180.0 180.0   5.0 450.0                            LAT/LON1/LON2/DLON/H
   98   99  103  106  106  106  110  111  115  115  119  120  123  122  124  122
  123  119  119  114  114  108  107  102  101   95   95   89   89   83   83   78
   78   74   75   72   73   71   73   72   75   74   78   78   82   84   88   90
   94   96  100  101  105  105  108  107  110  109  111  109  111  109  110  108
  109  107  107  104  106  102  103  111   98                                   
    80.0-180.0 180.0   5.0 450.0                            LAT/LON1/LON2/DLON/H
   95   96   94   97   96  100  102  108  111  116  120  125  127  131  131  132
  131  128  125  122  118  114  110  105  102   97   95   90   88   83   82   78
   76   73   71   69   69   67   67   66   67   67   69   70   73   76   79   82
   86   89   91   95   97   99  100  101  102  103  102  103  102  103  101  102
   99  100   97   97   95   96   92   98   95                                   
    77.5-180.0 180.0   5.0 450.0                            LAT/LON1/LON2/DLON/H
   89   91   88   90   91   92   99  103  110  115  124  129  135  138  141  140
  140  136  134  128  126  120  117  112  109  104  101   97   94   90   88   84
   82   78   76   73   71   69   68   67   66   66   66   68   69   71   73   77
   79   83   85   88   89   91   91   93   92   93   92   93   92   92   92   92
   92   91   90   90   90   88   87   90   89                                   
    75.0-180.0 180.0   5.0 450.0                            LAT/LON1/LON2/DLON/H
   88   92   87   90   89   94   98  106  111  121  129  138  144  150  151  153
  150  148  142  139  133  129  124  122  117  114  110  108  104  102   98   97
   92   91   86   86   80   80   75   74   71   70   69   68   68   69   70   72
   74   77   78   80   81   82   81   82   81   81   80   81   80   82   82   84
   84   87   86   88   89   91   91   95   88                                   
    72.5-180.0 180.0   5.0 450.0                            LAT/LON1/LON2/DLON/H
   94  100   96   96   97   98  104  110  119  127  139  147  155  158  161  159
  156  151  147  141  137  132  130  126  126  122  121  117  115  111  109  105
  104  100   98   94   91   87   85   81   78   74   72   69   68   68   69   69
   70   72   73   74   74   74   73   72   71   70   69   70   71   73   76   79
   82   85   87   90   94   96   97  103   94                                   
    70.0-180.0 180.0   5.0 450.0                            LAT/LON1/LON2/DLON/H
  104  113  107  109  106  109  112  119  127  137  147  157  163  166  165  165
  159  155  148  145  140  138  135  135  133  131  128  125  121  117  113  111
  107  105  101  100   95   93   88   85   81   77   73   70   68   67   67   67
   67   68   69   69   68   67   65   64   61   61   59   61   62   66   69   75
   79   85   89   95   99  105  109  116  104                                   
    67.5-180.0 180.0   5.0 450.0                            LAT/LON1/LON2/DLON/H
  117  126  121  122  120  120  122  127  135  144  155  163  169  170  170  165
  160  153  148  143  141  138  139  138  138  134  133  127  123  117  112  107
  104  100   98   95   92   88   86   82   79   75   73   68   67   64   65   64
   64   64   65   64   64   62   60   57   56   54   54   55   58   62   68   74
   80   87   93  100  107  113  117  125  117                                   
    65.0-180.0 180.0   5.0 450.0                            LAT/LON1/LON2/DLON/H
  125  136  133  134  130  130  131  135  142  151  161  169  173  175  172  168
  161  155  148  145  142  142  142  142  140  136  131  125  118  111  104   98
   93   90   87   86   82   80   77   75   72   70   68   65   63   62   60   60
   58   60   59   60   58   58   55   54   50   50   49   52   54   61   67   75
   81   89   94  102  109  118  124  133  125                                   
    62.5-180.0 180.0   5.0 450.0                            LAT/LON1/LON2/DLON/H
  128  140  138  142  139  137  138  141  147  155  164  172  176  176  173  168
  161  154  149  145  144  143  144  141  139  131  127  117  112  102   97   88
   83   76   74   69   69   66   67   65   65   63   63   60   59   57   56   55
   53   54   54   56   55   55   53   51   49   47   47   50   54   61   68   76
   83   90   95  102  110  117  122  133  128                                   
    60.0-180.0 180.0   5.0 450.0                            LAT/LON1/LON2/DLON/H
  127  140  140  145  143  143  143  146  150  157  165  172  176  177  174  172
  164  159  153  152  148  147  144  141  135  128  120  113  106   99   92   85
   77   72   64   63   59   59   58   58   58   58   57   57   55   54   50   51
   48   50   50   53   53   55   53   52   49   48   47   50   54   63   70   79
   85   92   95  101  106  112  119  132  127                                   
    57.5-180.0 180.0   5.0 450.0                            LAT/LON1/LON2/DLON/H
  125  140  141  148  149  149  150  152  155  160  167  173  177  178  176  172
  168  163  159  155  153  148  145  138  133  122  118  110  107  101   97   88
   81   71   65   59   57   54   54   54   55   55   56   55   53   52   48   47
   44   46   46   51   52   55   54   54   51   50   49   52   57   65   74   83
   90   96   99  102  106  111  114  130  125                                   
    55.0-180.0 180.0   5.0 450.0                            LAT/LON1/LON2/DLON/H
  126  145  146  156  157  161  160  163  164  167  171  176  179  180  179  179
  175  172  167  164  158  153  146  139  131  124  119  117  116  113  110  102
   93   84   74   69   63   62   58   59   56   58   56   58   54   53   48   47
   43   45   46   52   54   58   57   57   53   52   51   55   61   71   81   92
  100  107  109  111  113  114  119  137  126                                   
    52.5-180.0 180.0   5.0 450.0                            LAT/LON1/LON2/DLON/H
  140  156  157  169  175  179  182  181  181  180  182  182  184  184  185  184
  182  179  175  169  164  156  149  140  135  129  130  131  134  133  132  123
  112  100   90   82   76   71   67   65   63   63   62   61   58   56   51   48
   44   46   47   53   55   60   60   59   57   55   54   59   65   76   88  100
  110  119  123  127  128  129  128  150  140                                   
    50.0-180.0 180.0   5.0 450.0                            LAT/LON1/LON2/DLON/H
  160  179  182  195  201  208  207  208  203  199  195  193  191  191  192  194
  190  189  182  178  169  162  154  148  143  141  143  148  153  151  150  138
  128  112  102   93   88   83   78   77   72   72   68   69   64   63   56   55
   50   52   52   58   59   64   63   63   59   58   57   62   69   83   96  111
  124  135  143  149  152  152  154  176  160                                   
    47.5-180.0 180.0   5.0 450.0                            LAT/LON1/LON2/DLON/H
  192  208  213  228  238  243  244  239  233  223  216  208  204  201  202  202
  201  196  190  182  176  170  165  160  157  158  161  167  170  168  162  149
  136  121  110  101   98   92   89   84   81   78   76   75   72   69   65   62
   59   58   59   61   64   66   66   66   63   62   61   67   75   90  105  121
  136  151  162  172  178  181  179  207  192                                   
    45.0-180.0 180.0   5.0 450.0                            LAT/LON1/LON2/DLON/H
  223  239  250  265  273  279  277  275  263  254  238  229  219  216  214  216
  210  208  199  194  188  185  182  180  178  176  178  178  177  168  160  144
  133  116  109  102  101   99   96   93   88   86   82   83   78   78   73   72
   67   69   66   69   67   71   68   69   65   65   65   72   83   98  115  132
  150  166  182  193  203  211  213  240  223                                   
    42.5-180.0 180.0   5.0 450.0                            LAT/LON1/LON2/DLON/H
  255  266  277  290  299  302  305  299  291  276  260  246  235  230  229  228
  223  218  211  207  205  206  207  205  200  196  190  184  175  162  148  133
  119  108  105  102  105  103  102   97   94   89   89   87   87   84   82   80
   77   75   73   72   71   71   69   69   67   67   68   76   88  106  123  141
  158  175  192  206  221  234  238  269  255                                   
    40.0-180.0 180.0   5.0 450.0                            LAT/LON1/LON2/DLON/H
  277  289  299  309  316  321  323  322  313  302  281  267  251  247  242  244
  235  232  224  226  227  234  236  235  225  214  200  187  170  150  134  116
  107   98  102  103  111  110  109  104  100   96   95   95   92   93   88   89
   84   84   79   78   74   74   70   71   69   70   72   83   96  114  132  149
  167  182  200  217  234  250  260  288  277                                   
    37.5-180.0 180.0   5.0 450.0                            LAT/LON1/LON2/DLON/H
  293  304  312  320  326  328  334  332  330  319  303  284  269  260  256  254
  248  242  239  245  252  261  264  260  246  227  204  186  161  141  121  109
  105  105  115  122  130  127  122  114  108  102  103  101  102   99   96   93
   90   86   83   79   75   74   72   71   71   73   76   87  101  120  138  155
  169  183  199  215  236  254  268  301  293                                   
    35.0-180.0 180.0   5.0 450.0                            LAT/LON1/LON2/DLON/H
  305  320  325  330  333  335  340  342  343  336  320  302  286  278  271  270
  264  261  259  269  280  290  291  283  264  241  216  195  171  149  132  122
  125  130  147  152  161  154  145  132  123  115  113  112  110  108  103  100
   95   91   86   82   77   76   74   75   76   78   82   92  108  126  146  160
  174  184  200  217  237  257  275  307  305                                   
    32.5-180.0 180.0   5.0 450.0                            LAT/LON1/LON2/DLON/H
  319  335  338  342  342  343  346  349  354  348  338  319  304  293  288  283
  281  277  282  290  305  310  311  297  278  254  233  220  205  194  185  182
  186  192  203  204  204  190  178  162  146  136  130  126  123  119  112  107
  100   94   88   81   76   74   74   77   79   81   87   96  111  129  149  165
  177  187  200  216  237  259  279  315  319                                   
    30.0-180.0 180.0   5.0 450.0                            LAT/LON1/LON2/DLON/H
  339  358  361  363  360  361  361  366  368  366  355  340  324  313  304  301
  299  297  300  309  320  321  315  300  283  266  255  257  255  263  263  269
  274  279  284  273  259  228  206  186  175  161  153  145  138  130  121  114
  106   99   94   85   80   76   78   79   83   87   92  104  119  138  160  177
  192  200  214  229  251  270  293  330  339                                   
    27.5-180.0 180.0   5.0 450.0                            LAT/LON1/LON2/DLON/H
  369  387  387  393  392  393  391  393  391  389  378  364  349  337  327  321
  319  316  319  323  330  325  317  302  292  289  293  312  331  359  380  396
  397  391  377  348  318  278  243  218  203  191  182  172  163  151  139  128
  118  108  101   91   84   79   81   80   88   91  102  112  128  144  166  187
  205  219  234  252  272  296  322  356  369                                   
    25.0-180.0 180.0   5.0 450.0                            LAT/LON1/LON2/DLON/H
  404  421  423  432  437  440  435  433  427  420  408  397  381  369  354  348
  343  339  337  336  336  326  314  304  305  319  345  382  424  464  494  504
  500  483  454  408  361  315  274  246  227  215  205  194  184  168  154  140
  125  117  107   98   88   82   78   80   85   94  103  121  139  159  181  203
  227  242  263  282  308  336  366  393  404                                   
    22.5-180.0 180.0   5.0 450.0                            LAT/LON1/LON2/DLON/H
  446  465  468  484  489  496  488  485  473  463  448  437  422  409  389  380
  373  366  360  352  344  331  320  320  337  372  413  461  513  553  577  583
  576  549  506  447  387  337  296  267  250  235  224  211  203  188  173  157
  143  131  123  113  104   98   93   91   97  103  118  131  152  171  194  217
  240  261  288  311  342  375  408  432  446                                   
    20.0-180.0 180.0   5.0 450.0                            LAT/LON1/LON2/DLON/H
  480  505  516  534  545  551  544  538  526  515  498  489  471  456  432  419
  409  399  388  376  360  345  342  354  388  433  481  532  577  605  625  624
  608  572  518  451  391  346  305  281  265  255  245  233  223  207  192  175
  160  149  135  126  113  110   99  103   97  109  117  138  155  180  204  229
  254  282  311  336  373  409  447  469  480                                   
    17.5-180.0 180.0   5.0 450.0                            LAT/LON1/LON2/DLON/H
  509  543  558  586  600  609  600  593  578  570  556  547  524  508  481  464
  450  439  425  406  388  376  386  410  452  499  546  587  617  630  635  618
  590  548  487  425  370  336  305  292  284  279  273  259  248  228  211  189
  176  158  148  136  130  120  114  108  108  113  128  147  170  192  217  243
  265  296  324  359  393  435  474  499  509                                   
    15.0-180.0 180.0   5.0 450.0                            LAT/LON1/LON2/DLON/H
  528  562  587  617  644  658  650  639  624  618  611  606  590  568  539  518
  501  490  474  455  438  430  448  477  518  561  597  619  628  625  606  574
  530  486  425  380  339  313  294  294  294  296  289  279  268  249  228  207
  187  169  154  145  137  133  122  121  116  128  138  159  181  207  231  255
  279  310  341  375  414  454  497  522  528                                   
    12.5-180.0 180.0   5.0 450.0                            LAT/LON1/LON2/DLON/H
  542  582  609  648  680  701  695  681  663  660  657  659  642  622  589  570
  549  540  524  510  497  495  513  543  582  613  632  631  617  592  541  493
  445  402  362  338  312  298  294  304  315  316  314  298  286  261  243  216
  197  176  161  154  145  136  127  121  122  130  145  165  191  219  243  268
  288  320  348  388  424  467  507  535  542                                   
    10.0-180.0 180.0   5.0 450.0                            LAT/LON1/LON2/DLON/H
  554  590  617  660  699  725  721  705  692  693  696  701  692  672  640  620
  601  594  583  575  567  569  586  616  641  655  648  624  579  523  453  403
  357  332  320  313  307  309  318  335  343  347  336  315  294  266  243  221
  198  181  164  157  145  139  131  130  130  140  153  174  196  225  252  276
  296  325  354  390  433  474  516  543  554                                   
     7.5-180.0 180.0   5.0 450.0                            LAT/LON1/LON2/DLON/H
  564  602  627  673  715  742  741  725  715  714  723  733  727  712  680  661
  645  641  634  631  627  634  651  671  686  677  651  603  530  457  385  340
