data/unet/pred0200.15i
     1.0            IONOSPHERE MAPS     GNSS                IONEX VERSION / TYPE
pyspatialgeodesy        IME             05-JAN-18 20:20     PGM / RUN BY / DATE 
Map Name                                                    COMMENT             
Predicted global ionosphere maps (GIM).                     DESCRIPTION         
  2015     1    20     0     0     0                        EPOCH OF FIRST MAP  
  2015     1    21     0     0     0                        EPOCH OF LAST MAP   
  7200                                                      INTERVAL            
    13                                                      # OF MAPS IN FILE   
  NONE                                                      MAPPING FUNCTION    
10.0                                                        ELEVATION CUTOFF    
One-way carrier phase leveled to code                       OBSERVABLES USED    
  6371.0                                                    BASE RADIUS         
 2                                                          MAP DIMENSION       
   450.0 450.0   0.0                                        HGT1 / HGT2 / DHGT  
    87.5 -87.5  -2.5                                        LAT1 / LAT2 / DLAT  
  -180.0 180.0   5.0                                        LON1 / LON2 / DLON  
    -1                                                      EXPONENT            
                                                            END OF HEADER       
[from data line 5148]
    13                                                      START OF TEC MAP    
  2015     1    21     0     0     0                        EPOCH OF CURRENT MAP
    87.5-180.0 180.0   5.0 450.0                            LAT/LON1/LON2/DLON/H
  125   95   90   85   87   83   87   84   88   84   88   84   88   85   88   85
   88   84   88   84   87   84   87   83   86   82   85   81   84   80   83   79
   82   79   82   78   82   78   82   78   82   79   83   80   84   81   85   82
   85   83   86   83   85   82   85   82   84   81   83   81   83   81   82   80
   83   81   84   84   90   87   97  117  125                                   
    85.0-180.0 180.0   5.0 450.0                            LAT/LON1/LON2/DLON/H
  103   81   81   79   80   74   79   75   80   76   80   76   81   76   80   76
   80   75   78   73   77   72   75   70   73   67   70   65   68   64   67   63
   66   63   66   64   68   66   69   68   72   71   75   74   78   76   80   77
   81   78   81   78   80   76   78   74   76   73   74   71   74   71   73   71
   74   72   76   73   80   72   75   98  103                                   
    82.5-180.0 180.0   5.0 450.0                            LAT/LON1/LON2/DLON/H
   98   81   85   87   85   81   84   83   86   83   86   84   86   83   85   82
   84   79   81   77   78   73   75   69   71   65   67   62   65   59   62   57
   61   57   61   58   64   61   67   65   71   69   75   75   79   78   82   81
   84   81   84   81   82   78   79   74   76   71   74   70   74   70   74   71
   76   73   79   76   82   76   81   98   98                                   
    80.0-180.0 180.0   5.0 450.0                            LAT/LON1/LON2/DLON/H
  103   96  100  103   98   98   97   98   98   98   97   97   96   94   93   91
   89   87   85   84   82   79   78   75   74   71   69   66   66   63   63   60
   61   59   61   61   64   64   68   69   73   74   78   80   84   85   87   87
   88   87   87   85   84   80   79   75   74   71   71   69   71   70   73   74
   78   80   85   87   90   87   91  106  103                                   
    77.5-180.0 180.0   5.0 450.0                            LAT/LON1/LON2/DLON/H
  118  112  116  118  114  112  112  111  110  109  108  106  104  102   99   96
   93   90   88   85   83   80   80   77   76   72   71   67   65   61   60   57
   57   54   56   55   57   57   61   62   66   68   72   74   78   79   82   82
   83   81   81   79   77   73   71   67   65   62   61   60   62   63   67   71
   77   83   90   95   99   99  103  111  118                                   
    75.0-180.0 180.0   5.0 450.0                            LAT/LON1/LON2/DLON/H
  130  132  135  137  132  131  129  128  125  124  121  119  114  110  106  100
   95   91   88   86   84   82   82   81   79   77   75   72   69   65   63   59
   57   56   56   55   56   57   60   61   64   67   70   73   74   77   78   78
   78   77   76   74   71   68   64   61   57   55   54   54   55   58   63   70
   79   88   97  105  111  114  118  124  130                                   
    72.5-180.0 180.0   5.0 450.0                            LAT/LON1/LON2/DLON/H
  150  152  155  155  149  147  145  142  139  136  133  129  123  116  109  101
   94   88   84   82   80   80   81   81   81   80   78   75   70   66   63   59
   57   54   54   52   54   53   56   57   60   61   65   66   68   68   69   68
   68   67   66   63   61   57   55   51   49   46   46   45   49   52   60   68
   79   89  102  112  122  127  132  138  150                                   
    70.0-180.0 180.0   5.0 450.0                            LAT/LON1/LON2/DLON/H
  160  166  172  173  166  164  160  159  154  152  146  141  132  122  111  100
   90   83   79   77   76   77   80   81   82   81   81   77   73   68   65   60
   57   54   53   52   52   51   53   54   55   56   59   59   60   59   59   58
   56   54   53   51   49   47   45   43   41   39   41   42   46   51   60   69
   81   92  106  119  130  138  147  153  160                                   
    67.5-180.0 180.0   5.0 450.0                            LAT/LON1/LON2/DLON/H
  174  177  185  186  179  176  173  171  167  164  158  151  140  128  115  102
   90   82   77   75   75   77   79   82   83   83   81   77   72   68   63   59
   55   52   51   49   48   48   49   49   50   50   53   52   52   51   50   48
   46   44   43   42   41   40   41   39   40   39   42   43   49   54   64   73
   85   96  111  123  137  147  156  164  174                                   
    65.0-180.0 180.0   5.0 450.0                            LAT/LON1/LON2/DLON/H
  177  184  194  195  186  182  180  178  175  173  167  161  148  135  120  106
   93   84   79   76   76   78   80   81   82   81   79   74   69   63   58   54
   51   48   46   45   44   44   44   44   45   46   47   47   46   45   43   40
   38   36   35   35   35   37   39   40   42   43   46   49   56   63   73   82
   93  103  116  129  142  153  165  172  177                                   
    62.5-180.0 180.0   5.0 450.0                            LAT/LON1/LON2/DLON/H
  185  188  198  198  188  184  181  180  178  177  172  166  155  142  127  114
  101   92   86   83   81   82   81   81   79   77   73   68   62   56   51   47
   44   41   40   39   39   39   40   40   41   42   43   43   42   41   37   36
   32   31   30   32   35   38   42   44   48   50   54   59   67   75   86   95
  105  114  125  136  148  159  169  179  185                                   
    60.0-180.0 180.0   5.0 450.0                            LAT/LON1/LON2/DLON/H
  183  190  201  200  189  184  181  179  178  178  174  170  159  149  134  123
  112  103   96   91   88   84   81   78   74   70   64   59   53   48   44   41
   39   37   37   37   37   37   38   39   40   41   42   42   42   39   37   34
   31   29   30   32   38   41   47   51   55   59   65   71   82   91  103  111
  122  129  139  147  156  165  175  183  183                                   
    57.5-180.0 180.0   5.0 450.0                            LAT/LON1/LON2/DLON/H
  192  195  205  204  192  186  182  180  179  179  176  173  164  155  143  134
  125  118  110  104   97   91   83   77   70   64   57   52   47   43   40   37
   35   35   35   36   37   38   39   41   41   44   44   46   44   45   41   39
   35   34   36   39   45   49   54   60   64   69   76   84   96  107  121  132
  144  152  160  166  172  176  181  191  192                                   
    55.0-180.0 180.0   5.0 450.0                            LAT/LON1/LON2/DLON/H
  199  205  216  212  198  192  187  184  183  182  179  176  168  162  152  146
  137  131  123  114  105   94   84   74   66   58   53   48   46   43   41   39
   38   38   40   41   43   45   47   48   50   51   53   53   54   52   51   46
   44   42   45   47   54   58   64   68   73   78   87   97  110  124  141  155
  167  177  185  188  191  192  194  201  199                                   
    52.5-180.0 180.0   5.0 450.0                            LAT/LON1/LON2/DLON/H
  218  218  229  225  211  205  199  195  192  190  184  180  173  168  160  157
  149  144  134  125  112  100   87   77   67   61   55   52   50   49   47   46
   45   46   47   49   51   55   56   58   59   60   61   63   62   63   60   57
   54   54   55   58   63   68   72   77   81   87   95  107  121  138  157  173
  188  200  209  213  214  211  207  216  218                                   
    50.0-180.0 180.0   5.0 450.0                            LAT/LON1/LON2/DLON/H
  236  237  246  242  228  222  215  210  205  200  191  185  177  173  166  164
  157  151  140  128  115  102   90   79   72   66   62   59   59   58   58   56
   56   56   58   61   65   68   70   71   71   72   73   73   75   74   73   70
   68   66   68   69   74   78   83   87   91   97  105  117  132  150  170  187
  203  218  228  232  233  228  221  228  236                                   
    47.5-180.0 180.0   5.0 450.0                            LAT/LON1/LON2/DLON/H
  255  252  262  259  250  246  239  232  225  217  205  196  185  179  172  170
  162  155  143  132  120  109   99   90   83   78   74   72   72   71   70   68
   67   68   69   74   77   82   82   82   81   82   82   83   85   85   85   84
   83   82   82   83   87   91   94   98  101  106  115  126  141  158  177  193
  210  225  236  243  245  241  231  239  255                                   
    45.0-180.0 180.0   5.0 450.0                            LAT/LON1/LON2/DLON/H
  265  266  275  273  267  267  261  255  244  233  218  206  193  186  178  172
  164  155  144  134  125  117  110  103   98   92   88   85   84   81   80   77
   77   77   81   85   90   92   93   91   91   89   91   91   94   95   96   96
   97   97   96   97  100  103  106  108  113  117  125  135  149  164  180  192
  205  218  231  240  244  243  236  243  265                                   
    42.5-180.0 180.0   5.0 450.0                            LAT/LON1/LON2/DLON/H
  268  265  275  276  275  278  277  272  264  251  234  219  204  195  184  177
  166  157  147  141  135  132  127  122  115  108  101   96   92   89   87   84
   83   84   88   94   97  100   97   97   94   94   95   97  100  102  105  107
  109  110  108  109  111  114  117  119  123  127  135  144  158  168  180  187
  196  205  217  226  234  236  232  242  268                                   
    40.0-180.0 180.0   5.0 450.0                            LAT/LON1/LON2/DLON/H
  262  261  270  272  273  279  281  281  274  263  245  229  214  204  192  181
  170  161  155  151  150  149  146  140  131  120  109  101   95   91   90   87
   88   88   94   98  102  103  101   98   97   96   99  100  104  107  111  115
  118  119  118  119  120  123  126  129  134  139  147  156  169  176  184  185
  188  192  202  210  218  224  225  234  262                                   
    37.5-180.0 180.0   5.0 450.0                            LAT/LON1/LON2/DLON/H
  255  251  259  260  263  270  277  280  278  269  254  239  224  214  201  191
  178  172  168  169  170  171  165  156  141  126  112  101   94   91   89   89
   90   93   96  101  103  104  100   99   97   98  100  102  105  108  114  117
  121  122  121  122  125  127  131  135  141  148  159  169  180  186  189  187
  186  188  194  200  207  214  219  230  255                                   
    35.0-180.0 180.0   5.0 450.0                            LAT/LON1/LON2/DLON/H
  250  245  251  249  250  258  265  273  273  268  255  242  230  222  212  202
  192  187  186  190  192  190  179  162  143  124  109   98   93   90   93   95
   98  101  105  107  107  105  102   98   98   98  101  102  106  109  115  118
  122  122  121  122  125  129  134  139  147  155  168  179  192  197  200  198
  197  198  203  206  209  217  225  234  250                                   
    32.5-180.0 180.0   5.0 450.0                            LAT/LON1/LON2/DLON/H
  259  248  251  246  242  246  255  263  265  262  253  243  234  228  219  212
  204  203  204  208  205  197  179  158  136  118  104   97   94   98  102  108
  111  115  115  116  111  109  102  101   99  102  104  105  107  109  113  114
  117  114  114  114  119  123  129  134  144  155  172  187  203  210  217  219
  222  223  229  231  231  238  244  255  259                                   
    30.0-180.0 180.0   5.0 450.0                            LAT/LON1/LON2/DLON/H
  276  267  265  254  245  245  248  255  256  255  247  241  235  233  227  222
  217  217  216  215  208  193  168  144  125  111  103  102  107  114  124  131
  136  137  135  130  124  117  111  107  107  107  111  110  111  109  113  112
  114  108  107  108  113  117  124  128  139  152  174  193  214  227  241  250
  260  269  278  278  276  280  289  292  276                                   
    27.5-180.0 180.0   5.0 450.0                            LAT/LON1/LON2/DLON/H
  310  299  297  281  265  259  257  259  258  255  248  243  240  237  233  229
  226  224  220  214  198  176  148  128  115  110  112  121  131  144  154  163
  165  163  155  148  136  129  120  116  114  115  115  113  111  108  110  105
  105   97   96   95  102  106  112  118  129  145  172  198  224  243  265  285
  305  323  338  342  340  344  345  340  310                                   
    25.0-180.0 180.0   5.0 450.0                            LAT/LON1/LON2/DLON/H
  355  353  348  325  304  288  279  272  268  262  255  249  246  243  239  236
  232  227  218  203  179  153  130  115  114  121  136  150  167  181  193  200
  200  194  180  167  153  145  136  130  127  124  122  115  113  105  107   99
   98   88   86   84   89   93   99  105  119  138  168  199  232  257  289  321
  354  384  405  416  419  423  423  400  355                                   
    22.5-180.0 180.0   5.0 450.0                            LAT/LON1/LON2/DLON/H
  408  413  410  389  360  336  315  301  289  282  273  266  261  255  248  241
  234  225  208  187  157  134  118  117  129  150  174  196  212  224  232  233
  231  218  199  179  164  153  144  138  133  129  122  115  109  105  104   96
   91   83   79   76   77   79   85   92  110  135  168  202  238  267  308  348
  395  432  461  477  487  492  486  459  408                                   
    20.0-180.0 180.0   5.0 450.0                            LAT/LON1/LON2/DLON/H
  464  475  474  454  430  397  367  341  323  308  299  290  283  273  261  250
  238  221  199  171  143  126  124  137  165  198  227  251  265  269  268  262
  252  232  210  187  172  162  154  148  143  135  125  113  108  100  102   92
   90   79   71   67   66   67   71   81  104  134  173  209  247  280  327  380
  433  479  511  529  539  542  539  512  464                                   
    17.5-180.0 180.0   5.0 450.0                            LAT/LON1/LON2/DLON/H
  505  523  524  513  491  464  426  393  366  347  332  321  312  299  283  267
  248  226  197  169  146  140  152  181  220  260  291  308  314  304  291  274
  258  234  208  187  172  164  157  154  146  138  123  111  104  100   99   94
   90   81   68   63   58   59   64   79  105  143  183  221  257  290  342  397
  455  502  534  552  563  565  561  540  505                                   
    15.0-180.0 180.0   5.0 450.0                            LAT/LON1/LON2/DLON/H
  531  558  562  556  541  514  479  445  415  391  373  359  349  334  316  297
  276  247  216  187  174  178  206  247  293  330  349  353  344  322  295  271
  251  229  204  188  177  168  163  158  150  138  123  108  103   95   98   91
   88   79   68   61   57   58   65   83  114  154  197  232  269  305  358  417
  469  511  539  556  569  572  573  557  531                                   
    12.5-180.0 180.0   5.0 450.0                            LAT/LON1/LON2/DLON/H
  543  571  581  582  571  549  517  491  461  440  417  403  390  377  359  342
  320  290  258  231  222  239  279  326  368  390  390  374  351  316  282  257
  238  221  200  189  177  169  163  159  149  138  121  108   98   96   93   92
   87   82   70   65   58   62   69   92  126  171  210  244  277  314  369  420
  466  500  522  540  556  561  565  554  543                                   
    10.0-180.0 180.0   5.0 450.0                            LAT/LON1/LON2/DLON/H
  546  577  589  597  594  573  547  524  502  483  465  450  437  421  408  393
  377  345  313  290  290  319  363  409  433  433  407  372  331  289  256  235
  221  211  199  192  183  173  167  160  151  138  122  106   99   93   93   91
   89   85   76   71   65   70   79  103  140  181  221  252  285  324  376  421
  459  482  500  515  533  540  551  543  546                                   
     7.5-180.0 180.0   5.0 450.0                            LAT/LON1/LON2/DLON/H
  546  571  585  601  603  590  567  548  530  517  502  492  478  466  452  444
  430  407  376  360  365  399  439  469  468  443  394  340  292  253  227  216
