data/unet/pred0490.15i
     1.0            IONOSPHERE MAPS     GNSS                IONEX VERSION / TYPE
pyspatialgeodesy        IME             05-JAN-18 20:20     PGM / RUN BY / DATE 
Map Name                                                    COMMENT             
Predicted global ionosphere maps (GIM).                     DESCRIPTION         
  2015     2    18     0     0     0                        EPOCH OF FIRST MAP  
  2015     2    19     0     0     0                        EPOCH OF LAST MAP   
  7200                                                      INTERVAL            
    13                                                      # OF MAPS IN FILE   
  NONE                                                      MAPPING FUNCTION    
10.0                                                        ELEVATION CUTOFF    
One-way carrier phase leveled to code                       OBSERVABLES USED    
  6371.0                                                    BASE RADIUS         
 2                                                          MAP DIMENSION       
   450.0 450.0   0.0                                        HGT1 / HGT2 / DHGT  
    87.5 -87.5  -2.5                                        LAT1 / LAT2 / DLAT  
  -180.0 180.0   5.0                                        LON1 / LON2 / DLON  
    -1                                                      EXPONENT            
                                                            END OF HEADER       
[from data line 2145]
     6                                                      START OF TEC MAP    
  2015     2    18    10     0     0                        EPOCH OF CURRENT MAP
    87.5-180.0 180.0   5.0 450.0                            LAT/LON1/LON2/DLON/H
   59   83   79   80   80   81   87   88   93   95   99  100  102  105  105  107
  106  108  107  108  106  107  106  105  103  104  102  101   99   99   97   98
   96   96   93   93   90   90   86   86   83   83   80   80   77   78   75   75
   73   73   71   71   69   69   67   68   67   67   65   66   65   65   64   64
   64   64   66   67   70   65   60   51   59                                   
    85.0-180.0 180.0   5.0 450.0                            LAT/LON1/LON2/DLON/H
   70   69   73   70   73   71   79   82   83   87   85   90   88   93   90   95
   92   97   95   98   96  101   99  103  101  105  103  105  104  104  105  105
  106  104  106  104  105  103  103  101  100   98   97   95   93   89   89   85
   84   78   78   72   72   66   65   61   60   57   56   54   55   53   53   54
   54   57   57   59   62   66   69   63   70                                   
    82.5-180.0 180.0   5.0 450.0                            LAT/LON1/LON2/DLON/H
   58   64   66   66   62   62   69   71   74   76   75   76   77   79   78   80
   79   83   81   83   83   87   87   90   92   96   97   99   98  102  102  104
  104  106  107  108  109  109  109  109  108  106  105  103  101   97   95   90
   89   81   81   73   73   63   62   53   52   44   43   39   38   36   36   37
   37   39   40   41   46   50   60   50   58                                   
    80.0-180.0 180.0   5.0 450.0                            LAT/LON1/LON2/DLON/H
   58   64   63   56   61   62   69   69   71   69   71   67   70   66   69   64
   69   65   68   65   68   69   70   72   74   78   79   83   84   87   91   94
   99  100  107  108  115  113  119  117  121  117  120  116  117  110  111  104
  105   95   97   86   85   74   71   64   58   52   45   43   38   38   34   37
   34   38   36   40   41   43   53   55   58                                   
    77.5-180.0 180.0   5.0 450.0                            LAT/LON1/LON2/DLON/H
   56   55   58   58   59   64   68   70   71   69   69   66   66   64   63   63
   61   63   61   61   62   62   63   61   64   63   67   68   71   75   80   86
   92   98  106  113  120  123  129  129  133  131  135  132  134  128  131  123
  127  117  120  108  109   95   93   82   78   69   65   58   54   49   47   46
   44   44   43   45   47   47   52   53   56                                   
    75.0-180.0 180.0   5.0 450.0                            LAT/LON1/LON2/DLON/H
   51   59   59   59   55   64   65   70   67   64   61   56   53   49   45   44
   42   41   41   41   42   45   43   46   43   50   49   56   56   65   68   78
   84   96  106  118  127  135  140  144  148  149  151  152  152  151  150  149
  148  146  142  140  131  126  116  112  103   98   89   83   76   70   66   63
   58   57   53   55   53   53   52   64   51                                   
    72.5-180.0 180.0   5.0 450.0                            LAT/LON1/LON2/DLON/H
   58   56   55   62   58   64   66   71   68   64   58   53   44   40   32   33
   27   29   28   32   34   38   39   42   43   44   47   48   54   56   66   72
   86   97  111  126  138  148  154  159  162  167  169  174  173  175  176  176
  178  175  175  168  166  156  151  140  136  125  122  111  105   94   88   80
   75   70   65   62   62   61   58   62   58                                   
    70.0-180.0 180.0   5.0 450.0                            LAT/LON1/LON2/DLON/H
   55   60   59   61   56   65   65   73   69   66   58   51   41   33   25   21
   18   18   20   24   30   36   38   42   43   46   46   51   52   58   66   76
   89  106  121  139  152  163  170  179  182  191  192  200  199  204  204  210
  208  210  205  203  195  190  179  174  162  156  145  139  127  121  109  103
   92   85   77   77   70   68   63   71   55                                   
    67.5-180.0 180.0   5.0 450.0                            LAT/LON1/LON2/DLON/H
   61   56   56   61   57   63   67   74   74   72   64   57   43   36   23   19
   13   15   17   25   32   40   45   49   52   51   53   52   57   59   70   78
   95  110  128  145  159  168  177  185  190  200  205  213  218  223  228  230
  233  230  228  220  216  206  201  191  184  172  165  152  145  132  123  110
  100   87   80   74   73   68   64   66   61                                   
    65.0-180.0 180.0   5.0 450.0                            LAT/LON1/LON2/DLON/H
   55   58   57   58   55   62   64   74   73   75   68   63   51   42   32   27
   25   25   31   38   46   52   58   61   65   64   64   64   65   69   78   88
  104  120  141  157  171  180  191  196  205  211  217  226  231  238  239  245
  244  245  240  235  226  220  207  203  188  182  167  159  143  134  117  107
   92   82   73   70   64   63   60   66   55                                   
    62.5-180.0 180.0   5.0 450.0                            LAT/LON1/LON2/DLON/H
   55   52   51   56   53   57   62   70   75   75   71   67   59   52   45   41
   38   39   43   51   57   62   67   67   68   65   65   64   66   72   80   93
  108  126  144  159  174  184  194  201  207  216  222  232  239  244  250  247
  254  248  247  235  231  220  210  199  191  178  169  154  141  124  110   93
   79   67   58   54   51   53   52   56   55                                   
    60.0-180.0 180.0   5.0 450.0                            LAT/LON1/LON2/DLON/H
   50   51   48   47   48   51   57   63   71   70   70   68   62   57   54   53
   51   51   55   58   65   66   70   69   70   65   66   63   67   69   86   95
  118  132  157  170  190  195  209  210  221  223  234  239  247  251  252  254
  256  255  250  242  231  224  210  203  188  181  166  155  136  122  101   87
   70   59   50   47   43   47   48   55   50                                   
    57.5-180.0 180.0   5.0 450.0                            LAT/LON1/LON2/DLON/H
   55   52   43   44   41   44   46   54   59   64   65   65   64   61   63   57
   60   54   59   57   63   65   67   66   65   61   62   60   65   72   85  101
  121  142  163  178  196  207  215  221  226  235  241  252  257  262  264  261
  265  259  256  243  237  223  215  201  194  181  174  157  144  127  108   89
   70   60   49   45   42   49   53   56   55                                   
    55.0-180.0 180.0   5.0 450.0                            LAT/LON1/LON2/DLON/H
   66   62   52   43   41   39   44   44   53   53   61   59   66   64   69   65
   67   61   64   58   63   60   65   59   62   56   61   57   68   74   94  107
  136  155  180  196  215  223  235  237  247  250  260  266  271  273  275  271
  272  268  265  255  246  236  226  216  206  197  187  175  160  145  123  104
   82   71   61   58   53   59   64   66   66                                   
    52.5-180.0 180.0   5.0 450.0                            LAT/LON1/LON2/DLON/H
   84   81   64   58   48   43   41   42   45   48   52   55   61   63   69   67
   70   63   66   57   61   56   61   56   59   55   60   62   72   85  102  122
  145  168  189  209  222  239  243  255  258  271  275  286  288  289  288  282
  284  276  276  261  257  243  240  227  223  214  208  197  185  169  149  130
  107   93   80   76   70   77   82   84   84                                   
    50.0-180.0 180.0   5.0 450.0                            LAT/LON1/LON2/DLON/H
  106   97   86   72   63   52   50   46   50   47   55   54   64   62   73   69
   76   66   70   60   64   59   63   59   62   59   64   66   82   94  117  138
  166  187  206  227  240  252  261  268  277  286  294  304  307  304  304  296
  300  290  292  278  274  263  256  248  240  234  227  219  209  194  177  158
  136  121  106  102   97  100  104  102  106                                   
    47.5-180.0 180.0   5.0 450.0                            LAT/LON1/LON2/DLON/H
  128  121  109   99   83   71   63   57   55   54   56   59   65   66   73   72
   75   71   73   68   71   68   71   68   71   68   74   79   93  110  129  155
  176  198  212  238  246  266  268  285  290  306  311  322  323  318  317  306
  314  304  307  292  288  274  269  257  251  245  241  235  225  214  197  180
  161  146  131  122  118  120  125  120  128                                   
    45.0-180.0 180.0   5.0 450.0                            LAT/LON1/LON2/DLON/H
  142  135  126  116  106   94   84   78   72   70   71   71   76   74   81   77
   83   77   81   76   81   76   81   78   80   78   85   91  106  121  145  167
  186  205  221  242  252  268  275  288  297  313  320  332  335  330  328  317
  322  311  313  296  293  281  273  265  252  249  240  236  225  215  200  187
  169  155  141  133  128  128  132  129  142                                   
    42.5-180.0 180.0   5.0 450.0                            LAT/LON1/LON2/DLON/H
  148  143  135  131  120  111  100   93   86   81   83   82   87   85   89   84
   87   85   88   88   90   91   90   90   90   92   96  106  117  135  149  171
  183  204  216  244  253  276  280  300  305  322  328  340  343  339  338  327
  331  320  318  301  296  279  272  255  247  238  233  225  216  205  190  175
  163  150  137  128  123  121  128  125  148                                   
    40.0-180.0 180.0   5.0 450.0                            LAT/LON1/LON2/DLON/H
  142  136  135  137  132  128  121  113  105  100   99  100  103   99  102   95
   99   96  103  100  104  103  105  101  103  102  110  117  134  146  165  178
  194  210  228  253  266  290  294  312  315  329  334  345  349  348  345  339
  338  331  324  310  300  288  273  258  243  234  223  214  202  189  173  161
  147  134  121  116  109  106  110  112  142                                   
    37.5-180.0 180.0   5.0 450.0                            LAT/LON1/LON2/DLON/H
  125  124  122  129  128  128  125  117  112  106  107  105  110  106  107  101
  103  102  107  110  110  113  109  109  106  112  114  127  136  156  161  183
  190  218  225  270  276  311  310  333  332  345  347  357  362  362  361  355
  353  344  337  321  311  292  279  260  250  236  229  216  203  186  172  155
  144  127  113  104   97   92   95   92  125                                   
    35.0-180.0 180.0   5.0 450.0                            LAT/LON1/LON2/DLON/H
  104   99  107  109  120  123  124  120  116  113  113  114  119  116  118  110
  115  111  118  115  119  113  113  105  109  108  121  129  148  158  175  186
  203  225  246  287  306  336  339  358  355  365  365  375  379  383  379  377
  373  366  358  343  333  316  302  284  275  261  253  237  223  202  186  170
  156  139  121  109   95   88   87   76  104                                   
    32.5-180.0 180.0   5.0 450.0                            LAT/LON1/LON2/DLON/H
   90   90   87   93   99  107  109  107  107  105  109  110  116  115  118  113
  116  114  121  120  119  115  111  106  106  110  120  138  150  172  181  204
  214  246  264  313  328  369  366  389  379  391  389  404  410  417  419  418
  416  410  402  391  381  369  356  344  332  321  306  289  273  252  235  215
  199  180  160  139  117   98   91   71   90                                   
    30.0-180.0 180.0   5.0 450.0                            LAT/LON1/LON2/DLON/H
   90   82   76   77   89   92   99   96   98   98  103  109  117  117  124  118
  126  120  129  120  120  110  105   97  101  106  123  140  160  181  198  215
  237  265  290  336  366  397  404  416  409  417  420  437  446  460  461  467
  465  469  461  457  448  443  436  428  422  413  403  386  365  336  309  285
  268  244  220  191  164  135  125   95   90                                   
    27.5-180.0 180.0   5.0 450.0                            LAT/LON1/LON2/DLON/H
  107  103   82   76   79   84   86   84   87   84   93   98  110  112  120  117
  126  124  130  125  121  113  105  100  101  112  127  151  173  199  222  247
  266  295  323  364  391  430  433  450  442  454  456  480  491  509  516  528
  536  545  545  544  539  535  534  531  536  535  541  525  509  470  433  394
  366  342  313  279  238  201  167  126  107                                   
    25.0-180.0 180.0   5.0 450.0                            LAT/LON1/LON2/DLON/H
  149  140  109   89   90   87   90   85   86   82   88   94  106  110  121  119
  133  125  136  124  124  112  106  101  105  115  133  158  187  217  250  273
  297  323  356  399  430  460  466  476  479  488  498  523  540  567  575  597
  613  633  636  642  639  642  642  650  658  662  663  651  630  602  566  537
  505  466  423  377  329  288  242  195  149                                   
    22.5-180.0 180.0   5.0 450.0                            LAT/LON1/LON2/DLON/H
  218  206  170  137  122  111  103   97   94   86   93   94  106  107  117  118
  128  128  130  125  118  110  106  105  108  120  139  166  204  238  276  293
  316  340  373  415  454  481  492  506  513  527  536  566  584  619  632  663
  683  712  718  726  725  733  744  757  771  766  753  734  706  681  648  633
  613  584  545  492  441  374  336  288  218                                   
    20.0-180.0 180.0   5.0 450.0                            LAT/LON1/LON2/DLON/H
  299  279  238  203  176  149  140  121  118  103  106  100  109  108  118  118
  130  128  135  125  120  111  108  108  110  119  141  172  212  244  280  305
  327  365  401  447  475  506  515  530  542  556  573  603  623  660  682  712
  737  763  780  797  806  808  816  824  828  821  816  800  785  750  717  692
  672  658  641  587  526  472  415  376  299                                   
    17.5-180.0 180.0   5.0 450.0                            LAT/LON1/LON2/DLON/H
  376  348  301  259  231  212  187  168  153  132  130  119  122  114  120  116
  128  123  129  120  119  110  110  107  114  124  149  183  224  258  288  318
  338  376  421  466  497  530  543  560  571  590  607  639  661  697  721  749
  774  805  822  835  840  845  851  853  850  842  832  820  802  772  738  711
  694  679  667  643  584  529  489  453  376                                   
    15.0-180.0 180.0   5.0 450.0                            LAT/LON1/LON2/DLON/H
  419  404  358  315  288  264  246  216  197  165  154  133  129  118  121  119
  125  123  127  124  120  116  114  110  117  127  156  183  229  262  298  326
  352  400  442  488  518  550  564  584  599  620  643  674  698  725  748  778
  799  824  838  853  855  857  855  851  836  824  810  792  772  735  703  674
  659  648  643  628  588  542  513  477  419                                   
    12.5-180.0 180.0   5.0 450.0                            LAT/LON1/LON2/DLON/H
  441  438  393  363  328  302  280  262  237  208  189  163  154  133  129  126
  134  125  128  118  121  113  118  113  121  133  159  196  234  282  301  343
  364  418  458  498  527  562  576  602  619  648  668  701  723  747  765  786
  802  824  836  845  845  837  831  817  798  779  761  745  719  686  647  616
  593  584  579  560  544  519  511  476  441                                   
    10.0-180.0 180.0   5.0 450.0                            LAT/LON1/LON2/DLON/H
  429  433  402  375  349  324  305  288  274  241  221  187  169  147  135  133
  134  129  126  124  124  122  121  111  118  132  162  193  237  272  297  332
  359  417  455  496  526  562  583  612  636  658  688  711  738  752  765  774
  787  796  805  805  803  802  795  782  761  743  719  698  670  630  570  528
  501  486  475  474  465  463  477  441  429                                   
     7.5-180.0 180.0   5.0 450.0                            LAT/LON1/LON2/DLON/H
  406  419  402  386  368  341  326  305  289  262  242  213  196  168  159  144
  146  135  135  126  132  124  121  111  123  140  168  213  246  279  298  332
