data/unet/pred1980.15i
     1.0            IONOSPHERE MAPS     GNSS                IONEX VERSION / TYPE
pyspatialgeodesy        IME             05-JAN-18 20:20     PGM / RUN BY / DATE 
Map Name                                                    COMMENT             
Predicted global ionosphere maps (GIM).                     DESCRIPTION         
  2015     7    17     0     0     0                        EPOCH OF FIRST MAP  
  2015     7    18     0     0     0                        EPOCH OF LAST MAP   
  7200                                                      INTERVAL            
    13                                                      # OF MAPS IN FILE   
  NONE                                                      MAPPING FUNCTION    
10.0                                                        ELEVATION CUTOFF    
One-way carrier phase leveled to code                       OBSERVABLES USED    
  6371.0                                                    BASE RADIUS         
 2                                                          MAP DIMENSION       
   450.0 450.0   0.0                                        HGT1 / HGT2 / DHGT  
    87.5 -87.5  -2.5                                        LAT1 / LAT2 / DLAT  
  -180.0 180.0   5.0                                        LON1 / LON2 / DLON  
    -1                                                      EXPONENT            
                                                            END OF HEADER       
[from data line 2574]
     7                                                      START OF TEC MAP    
  2015     7    17    12     0     0                        EPOCH OF CURRENT MAP
    87.5-180.0 180.0   5.0 450.0                            LAT/LON1/LON2/DLON/H
  154  164  167  162  164  160  163  160  165  161  165  161  164  160  163  159
  162  157  160  155  159  154  158  153  157  153  157  154  157  154  155  153
  155  152  153  151  153  150  152  150  152  149  151  149  151  148  149  147
  149  147  148  147  149  147  148  146  149  146  149  146  150  146  150  147
  152  149  154  150  153  149  159  137  154                                   
    85.0-180.0 180.0   5.0 450.0                            LAT/LON1/LON2/DLON/H
  152  158  158  158  157  155  158  157  160  160  162  161  163  162  163  161
  162  159  160  157  159  156  158  155  158  155  158  154  157  154  156  152
  154  150  151  148  149  147  146  145  145  144  144  144  145  145  144  144
  145  145  145  146  147  146  147  146  148  146  148  146  149  146  149  146
  150  147  151  148  149  149  158  157  152                                   
    82.5-180.0 180.0   5.0 450.0                            LAT/LON1/LON2/DLON/H
  144  147  149  146  147  145  148  148  152  151  156  154  157  156  158  156
  157  155  155  153  155  152  155  153  156  153  157  154  156  154  155  152
  152  149  147  145  143  141  139  138  137  136  135  135  136  136  137  138
  140  140  142  142  145  144  146  145  148  145  148  145  148  144  146  143
  145  142  145  140  143  140  143  143  144                                   
    80.0-180.0 180.0   5.0 450.0                            LAT/LON1/LON2/DLON/H
  135  140  137  141  140  143  143  146  148  150  153  153  155  155  155  154
  154  153  152  152  151  152  151  152  151  153  153  155  154  155  154  154
  152  150  147  145  142  139  137  135  134  133  133  132  134  134  136  137
  140  141  143  144  147  146  149  147  149  147  148  146  147  143  143  140
  140  139  138  135  134  135  130  137  135                                   
    77.5-180.0 180.0   5.0 450.0                            LAT/LON1/LON2/DLON/H
  126  129  128  131  131  135  136  139  140  144  145  148  147  149  148  148
  146  146  144  145  144  145  144  146  146  148  150  151  153  154  154  155
  153  152  149  147  143  140  137  135  134  133  134  134  136  138  140  143
  145  148  150  152  153  153  155  154  154  152  152  149  149  145  145  141
  139  136  135  130  128  125  123  130  126                                   
    75.0-180.0 180.0   5.0 450.0                            LAT/LON1/LON2/DLON/H
  116  118  118  122  122  124  126  128  131  134  136  139  139  141  139  139
  136  137  134  135  133  135  135  137  138  141  143  147  148  153  152  156
  153  156  150  151  144  144  138  138  133  136  134  138  138  143  143  149
  149  155  155  159  158  160  158  159  156  156  153  152  149  147  144  141
  137  135  131  126  122  121  117  124  116                                   
    72.5-180.0 180.0   5.0 450.0                            LAT/LON1/LON2/DLON/H
  112  112  111  113  114  116  118  119  122  125  128  130  131  132  130  129
  127  126  124  123  122  122  123  124  127  129  134  137  142  145  149  151
  152  153  151  150  146  144  141  139  138  139  141  142  146  148  153  155
  158  159  162  161  163  161  161  158  157  154  154  151  150  147  145  141
  137  133  130  123  121  115  116  120  112                                   
    70.0-180.0 180.0   5.0 450.0                            LAT/LON1/LON2/DLON/H
  109  105  105  109  107  109  110  113  115  120  123  126  127  128  127  127
  123  123  119  119  117  117  117  117  119  122  126  131  135  140  143  149
  149  154  151  154  148  150  144  146  143  147  147  151  153  158  159  163
  163  165  164  164  163  162  160  158  157  155  154  153  152  150  149  145
  142  138  133  126  122  117  115  118  109                                   
    67.5-180.0 180.0   5.0 450.0                            LAT/LON1/LON2/DLON/H
  111  107  103  102  101  102  102  105  107  113  117  121  123  123  124  122
  120  117  115  113  112  110  111  110  114  115  121  124  130  134  140  144
  148  150  150  151  148  148  146  147  148  151  155  157  161  163  165  164
  165  163  163  161  160  158  157  156  155  154  155  154  154  153  152  150
  146  142  138  130  127  119  118  116  111                                   
    65.0-180.0 180.0   5.0 450.0                            LAT/LON1/LON2/DLON/H
  113  105  102  101   97   98   97  100  102  108  113  117  121  123  124  124
  121  120  116  115  113  111  111  111  112  115  118  122  127  131  136  142
  145  150  150  154  149  153  149  154  152  158  159  164  164  167  165  165
  161  162  157  157  153  154  153  153  153  154  155  158  159  160  159  157
  154  150  145  137  132  125  121  118  113                                   
    62.5-180.0 180.0   5.0 450.0                            LAT/LON1/LON2/DLON/H
  115  107  100   96   92   90   89   91   93   98  103  109  114  117  119  119
  118  117  115  113  112  110  110  109  111  112  116  118  124  127  134  138
  144  147  149  152  150  152  151  154  156  160  164  167  168  167  165  162
  158  156  152  152  151  152  153  154  155  157  159  162  164  165  164  162
  158  153  149  140  136  126  125  116  115                                   
    60.0-180.0 180.0   5.0 450.0                            LAT/LON1/LON2/DLON/H
  117  107  100   97   89   86   83   83   84   88   94  101  107  112  115  117
  118  117  116  116  115  115  114  115  115  117  119  122  125  129  134  140
  144  150  151  156  153  157  155  161  160  167  169  173  171  171  164  163
  154  155  148  151  149  152  153  156  158  162  165  169  171  173  172  170
  166  161  155  146  139  131  126  116  117                                   
    57.5-180.0 180.0   5.0 450.0                            LAT/LON1/LON2/DLON/H
  118  109   99   93   87   80   77   74   74   78   82   90   95  102  105  109
  111  113  112  113  113  114  114  115  116  118  119  122  125  129  135  140
  146  150  152  156  155  158  158  162  164  170  175  178  177  174  170  165
  160  158  155  157  157  161  164  166  169  171  175  177  179  180  178  174
  168  164  156  147  142  133  128  113  118                                   
    55.0-180.0 180.0   5.0 450.0                            LAT/LON1/LON2/DLON/H
  119  106  100   95   85   79   73   68   66   67   71   77   83   91   96  103
  105  110  109  113  113  117  117  120  120  125  125  129  131  136  140  147
  149  157  157  163  161  165  163  168  169  177  181  185  181  181  171  170
  161  163  158  164  163  169  172  175  178  179  183  184  186  185  183  178
  171  167  159  150  142  136  128  114  119                                   
    52.5-180.0 180.0   5.0 450.0                            LAT/LON1/LON2/DLON/H
  120  109  101   93   86   78   73   65   62   61   63   70   73   82   87   95
   97  103  104  109  109  114  116  120  121  126  127  132  134  139  144  150
  155  159  163  166  168  169  171  174  179  185  190  193  191  188  183  178
  172  172  171  175  178  182  187  189  191  192  193  193  193  189  186  179
  171  167  159  152  145  138  130  112  120                                   
    50.0-180.0 180.0   5.0 450.0                            LAT/LON1/LON2/DLON/H
  122  108  102   97   87   80   74   66   61   57   58   61   66   73   80   88
   93  100  103  110  111  117  118  124  124  130  131  138  140  147  149  156
  159  167  169  175  177  180  182  186  191  198  203  205  203  200  193  191
  182  184  180  187  187  193  196  199  200  201  200  201  198  195  190  184
  175  172  164  156  149  143  132  115  122                                   
    47.5-180.0 180.0   5.0 450.0                            LAT/LON1/LON2/DLON/H
  125  113  105   99   92   84   79   71   65   61   58   62   62   71   75   86
   91  100  102  110  111  118  120  124  125  131  132  139  141  147  151  157
  163  169  176  181  188  189  195  197  203  209  215  217  218  215  210  206
  199  198  195  199  198  202  204  207  208  211  208  207  204  198  194  186
  179  175  168  161  153  146  135  116  125                                   
    45.0-180.0 180.0   5.0 450.0                            LAT/LON1/LON2/DLON/H
  127  115  108  105   95   91   86   78   74   67   65   63   65   68   75   84
   92  101  105  115  117  125  125  131  130  136  136  143  144  151  153  161
  165  176  182  193  199  206  210  215  221  225  227  228  228  228  226  223
  213  211  203  205  201  206  205  210  210  215  212  213  207  205  197  193
  184  182  174  167  158  153  139  123  127                                   
    42.5-180.0 180.0   5.0 450.0                            LAT/LON1/LON2/DLON/H
  131  119  112  106  102   96   94   88   83   78   73   73   69   74   77   88
   95  106  110  122  124  132  132  137  135  139  138  144  144  151  154  161
  169  178  190  201  213  221  229  232  236  239  239  242  243  246  245  243
  235  227  218  212  208  208  207  211  213  220  218  219  213  208  202  195
  188  183  177  170  161  153  143  128  131                                   
    40.0-180.0 180.0   5.0 450.0                            LAT/LON1/LON2/DLON/H
  134  122  113  112  105  105  100   96   93   89   86   82   80   78   83   90
   99  110  118  129  134  143  142  148  143  147  143  149  148  156  158  167
  175  187  198  212  226  240  247  256  259  261  261  263  263  268  266  265
  254  244  228  222  212  212  209  216  218  225  224  227  219  217  207  203
  194  190  182  177  165  159  148  135  134                                   
    37.5-180.0 180.0   5.0 450.0                            LAT/LON1/LON2/DLON/H
  137  124  117  110  109  105  105  101  100   99   95   93   87   86   87   95
  104  116  125  139  144  155  154  157  153  154  150  154  154  160  166  173
  184  196  210  225  243  260  273  281  281  285  281  286  286  293  293  291
  280  268  251  238  228  224  221  227  231  238  239  241  233  227  217  208
  199  191  183  177  168  159  153  142  137                                   
    35.0-180.0 180.0   5.0 450.0                            LAT/LON1/LON2/DLON/H
  142  127  115  114  107  108  106  106  107  106  105  101   97   92   93  100
  109  122  133  148  156  168  166  169  163  165  159  165  164  171  176  185
  198  211  225  241  261  281  294  306  310  314  312  314  314  320  319  318
  306  295  278  266  252  247  242  248  252  258  258  259  247  240  224  217
  204  198  188  182  170  166  159  149  142                                   
    32.5-180.0 180.0   5.0 450.0                            LAT/LON1/LON2/DLON/H
  149  133  120  113  110  107  108  107  108  109  109  107  101   99   97  103
  112  125  138  154  164  176  176  177  172  173  170  175  177  183  192  203
  216  230  245  265  288  309  321  331  336  341  337  342  340  347  346  347
  337  330  316  307  294  287  280  282  283  287  285  282  269  256  238  226
  213  203  192  184  176  169  169  157  149                                   
    30.0-180.0 180.0   5.0 450.0                            LAT/LON1/LON2/DLON/H
  158  141  123  121  113  112  110  108  110  110  112  109  107  102  102  106
  116  129  143  160  173  186  185  188  183  187  182  192  193  202  208  222
  234  248  267  287  310  328  341  350  355  362  360  365  366  372  372  374
  368  366  357  351  339  331  322  321  318  317  308  300  284  269  250  238
  224  217  204  196  185  181  181  168  158                                   
    27.5-180.0 180.0   5.0 450.0                            LAT/LON1/LON2/DLON/H
  174  156  141  132  126  119  117  112  112  112  114  111  109  106  103  109
  116  131  144  163  175  188  189  190  188  191  192  201  207  215  227  238
  253  269  292  315  334  350  361  369  373  377  375  382  382  392  394  403
  399  404  398  399  390  383  372  364  354  343  329  315  297  279  261  249
  236  226  215  203  195  189  195  180  174                                   
    25.0-180.0 180.0   5.0 450.0                            LAT/LON1/LON2/DLON/H
  186  171  156  151  139  135  124  119  115  115  116  113  111  106  105  107
  116  130  146  162  177  188  189  192  188  197  196  213  216  231  236  252
  267  288  312  331  347  360  372  381  385  387  385  391  394  405  410  421
  423  431  430  435  429  427  412  401  383  365  343  325  301  283  265  255
  245  236  225  216  204  205  206  194  186                                   
    22.5-180.0 180.0   5.0 450.0                            LAT/LON1/LON2/DLON/H
  204  189  179  171  161  154  142  132  125  121  119  117  113  108  108  110
  116  128  143  160  172  184  185  188  186  195  199  214  224  235  248  265
  287  310  332  351  361  374  381  391  391  393  388  396  399  413  419  433
  439  451  454  464  460  460  444  428  407  381  353  328  301  281  265  256
  247  239  229  218  211  207  211  200  204                                   
    20.0-180.0 180.0   5.0 450.0                            LAT/LON1/LON2/DLON/H
  212  199  195  191  183  176  164  150  135  128  124  119  114  108  107  106
  112  122  139  155  170  178  180  183  182  195  199  220  227  244  257  279
  305  329  350  365  370  382  386  396  397  400  398  406  412  425  432  444
  452  464  470  478  474  470  453  437  413  387  356  329  299  279  263  254
  248  238  230  221  213  213  211  207  212                                   
    17.5-180.0 180.0   5.0 450.0                            LAT/LON1/LON2/DLON/H
  220  207  206  201  197  191  181  166  151  138  132  124  116  110  107  105
  110  120  136  151  164  173  176  178  182  193  202  222  233  248  267  293
  323  347  365  379  381  395  394  406  403  412  405  418  420  436  440  452
  457  465  470  475  470  467  450  439  414  389  356  327  297  275  260  249
  244  234  226  215  212  208  209  206  220                                   
    15.0-180.0 180.0   5.0 450.0                            LAT/LON1/LON2/DLON/H
  220  208  207  206  202  199  191  176  160  148  136  127  118  109  105  102
  105  112  127  143  155  166  167  172  175  193  203  228  239  258  282  309
  336  359  370  379  381  390  390  403  401  414  410  424  429  443  450  457
  459  464  465  467  459  452  437  424  404  379  351  323  293  272  256  247
  237  229  221  214  209  208  205  210  220                                   
    12.5-180.0 180.0   5.0 450.0                            LAT/LON1/LON2/DLON/H
  217  204  204  203  201  197  191  176  166  149  143  130  123  112  106  101
  104  110  124  139  150  160  163  169  176  195  212  232  247  272  298  323
  350  370  379  392  392  401  400  412  408  422  414  432  431  451  450  456
  450  452  449  449  440  435  418  411  393  374  345  319  292  271  257  244
  234  221  215  206  205  200  202  202  217                                   
    10.0-180.0 180.0   5.0 450.0                            LAT/LON1/LON2/DLON/H
  209  196  194  195  193  190  185  174  164  151  142  131  120  110  103   98
   99  106  116  133  142  157  161  174  183  207  221  241  264  290  319  340
  362  378  388  395  396  401  400  411  405  421  414  434  433  450  451  452
  445  443  439  438  428  419  405  395  384  364  343  319  293  271  254  242
  225  215  207  203  197  197  197  201  209                                   
     7.5-180.0 180.0   5.0 450.0                            LAT/LON1/LON2/DLON/H
  204  191  188  185  180  176  173  163  157  145  140  128  121  111  103   98
   96  103  116  131  143  157  166  181  195  216  230  254  276  305  332  350
