data/unet/pred1020.15i
     1.0            IONOSPHERE MAPS     GNSS                IONEX VERSION / TYPE
pyspatialgeodesy        IME             05-JAN-18 20:20     PGM / RUN BY / DATE 
Map Name                                                    COMMENT             
Predicted global ionosphere maps (GIM).                     DESCRIPTION         
  2015     4    12     0     0     0                        EPOCH OF FIRST MAP  
  2015     4    13     0     0     0                        EPOCH OF LAST MAP   
  7200                                                      INTERVAL            
    13                                                      # OF MAPS IN FILE   
  NONE                                                      MAPPING FUNCTION    
10.0                                                        ELEVATION CUTOFF    
One-way carrier phase leveled to code                       OBSERVABLES USED    
  6371.0                                                    BASE RADIUS         
 2                                                          MAP DIMENSION       
   450.0 450.0   0.0                                        HGT1 / HGT2 / DHGT  
    87.5 -87.5  -2.5                                        LAT1 / LAT2 / DLAT  
  -180.0 180.0   5.0                                        LON1 / LON2 / DLON  
    -1                                                      EXPONENT            
                                                            END OF HEADER       
[from data line 3861]
    10                                                      START OF TEC MAP    
  2015     4    12    18     0     0                        EPOCH OF CURRENT MAP
    87.5-180.0 180.0   5.0 450.0                            LAT/LON1/LON2/DLON/H
  195  163  166  166  166  161  164  160  164  160  164  161  165  163  167  164
  167  164  168  164  166  163  165  161  163  159  161  156  158  153  154  149
  151  146  148  143  146  141  145  139  144  138  143  139  144  140  145  142
  147  144  149  147  152  150  155  153  157  156  159  158  161  160  164  162
  165  163  166  166  169  167  171  168  195                                   
    85.0-180.0 180.0   5.0 450.0                            LAT/LON1/LON2/DLON/H
  154  150  155  160  159  159  158  161  158  162  160  164  162  166  164  167
  165  168  164  167  163  166  161  164  159  161  156  157  152  153  147  147
  142  143  138  138  135  136  132  134  131  134  132  135  134  138  137  141
  140  144  144  147  147  150  150  153  152  155  154  156  156  158  157  159
  158  159  158  161  161  157  160  160  154                                   
    82.5-180.0 180.0   5.0 450.0                            LAT/LON1/LON2/DLON/H
  146  137  147  147  148  148  149  151  152  154  157  158  161  162  165  166
  168  168  169  168  168  166  167  163  162  159  157  153  150  146  144  140
  137  135  133  131  129  129  129  128  129  130  132  134  135  138  140  143
  144  147  149  152  152  155  155  157  156  157  157  157  157  157  157  156
  156  154  154  152  152  143  143  128  146                                   
    80.0-180.0 180.0   5.0 450.0                            LAT/LON1/LON2/DLON/H
  131  125  127  131  129  131  131  136  136  142  144  150  152  157  160  164
  166  168  169  170  170  168  167  165  161  157  153  149  144  140  135  133
  128  126  122  121  118  118  116  117  116  118  119  122  122  127  128  132
  133  137  138  142  142  145  145  147  146  147  147  147  147  146  146  144
  144  141  142  138  137  128  127  115  131                                   
    77.5-180.0 180.0   5.0 450.0                            LAT/LON1/LON2/DLON/H
  114  109  114  113  113  116  118  122  125  129  135  140  147  151  158  160
  165  166  171  171  172  170  171  166  164  158  156  149  144  139  136  131
  127  124  122  119  117  116  115  114  114  114  116  117  118  120  124  125
  128  129  132  133  135  135  137  136  138  136  139  136  138  135  137  132
  133  128  128  123  121  113  110  103  114                                   
    75.0-180.0 180.0   5.0 450.0                            LAT/LON1/LON2/DLON/H
  106  100  102  105  105  107  109  114  116  123  129  137  143  150  157  161
  165  169  173  175  175  176  174  172  167  164  157  153  145  142  135  132
  127  127  124  123  119  121  117  117  114  116  114  115  114  117  117  120
  119  122  121  123  122  124  122  124  122  123  122  123  122  122  121  121
  118  118  115  114  112  107  103  102  106                                   
    72.5-180.0 180.0   5.0 450.0                            LAT/LON1/LON2/DLON/H
  102   97  103  102  103  105  107  111  115  120  127  134  142  149  157  162
  167  172  175  178  178  179  178  175  171  167  162  156  150  146  141  137
  134  134  132  131  128  129  126  124  121  120  117  116  114  113  113  113
  113  113  113  112  112  111  110  110  109  108  108  108  108  107  108  105
  107  104  107  104  107  100  101   99  102                                   
    70.0-180.0 180.0   5.0 450.0                            LAT/LON1/LON2/DLON/H
  107  103  105  109  109  110  111  116  117  124  129  138  145  153  161  167
  172  176  179  183  183  184  182  182  176  175  166  164  156  155  147  147
  142  144  141  141  139  139  135  133  128  126  121  119  115  114  110  110
  107  107  104  105  101  101   98   99   96   97   95   97   95   97   96   97
   95   98   97  101  101  101  100  106  107                                   
    67.5-180.0 180.0   5.0 450.0                            LAT/LON1/LON2/DLON/H
  110  107  114  115  116  117  117  120  123  127  133  141  147  155  162  168
  172  176  180  183  184  185  185  183  179  176  171  166  161  158  155  151
  150  149  150  149  147  146  142  140  134  131  125  121  115  111  108  105
  102   99   97   95   92   90   88   87   85   86   85   86   86   87   87   87
   88   89   92   94  100   97  101  105  110                                   
    65.0-180.0 180.0   5.0 450.0                            LAT/LON1/LON2/DLON/H
  113  112  115  122  122  123  122  126  126  132  137  145  151  158  164  171
  173  177  180  183  185  187  187  186  181  180  173  171  163  163  157  157
  155  156  155  155  152  152  147  144  137  133  125  121  114  110  105  101
   96   93   88   87   82   81   77   78   75   77   76   78   77   79   77   79
   77   80   81   87   90   93   97  106  113                                   
    62.5-180.0 180.0   5.0 450.0                            LAT/LON1/LON2/DLON/H
  107  107  118  124  126  126  128  129  132  135  142  148  154  160  165  169
  171  173  177  180  182  184  186  185  182  178  174  169  164  161  160  157
  156  156  157  156  154  152  148  144  138  132  126  120  113  107  102   96
   91   86   81   78   74   71   70   68   68   69   70   71   72   73   72   71
   70   71   73   77   83   83   91   98  107                                   
    60.0-180.0 180.0   5.0 450.0                            LAT/LON1/LON2/DLON/H
  102  104  112  122  126  128  129  132  133  138  143  151  156  161  166  169
  170  171  174  178  180  182  183  183  178  175  169  167  160  160  157  158
  156  156  157  156  154  153  149  146  139  135  128  123  115  109  102   96
   89   84   77   75   70   69   67   68   68   70   70   72   71   72   69   69
   65   66   64   69   71   74   80   91  102                                   
    57.5-180.0 180.0   5.0 450.0                            LAT/LON1/LON2/DLON/H
   93   93  107  120  128  130  134  135  140  141  148  154  159  163  166  169
  169  170  173  174  177  177  180  178  175  171  169  165  162  160  160  159
  159  158  159  157  156  154  152  148  143  138  133  128  120  113  106   98
   90   84   78   75   71   70   71   72   73   75   75   76   75   74   72   70
   67   64   64   64   66   68   72   77   93                                   
    55.0-180.0 180.0   5.0 450.0                            LAT/LON1/LON2/DLON/H
   92   93  101  119  128  134  137  140  144  147  152  159  162  165  167  170
  170  171  172  174  175  175  175  174  171  168  165  164  161  163  162  163
  163  162  163  162  162  160  159  156  152  148  143  138  131  123  115  106
   97   89   84   81   79   79   81   84   85   88   88   88   85   83   79   77
   71   69   66   66   64   64   70   76   92                                   
    52.5-180.0 180.0   5.0 450.0                            LAT/LON1/LON2/DLON/H
   91   92  105  123  136  142  149  151  157  158  163  167  169  171  171  175
  174  175  175  176  174  173  173  172  170  168  168  168  169  171  173  174
  174  174  174  173  173  172  171  168  165  161  157  152  144  138  128  119
  108  100   94   92   91   93   96   99  100  102  101   99   96   91   89   85
   81   77   75   73   72   69   74   77   91                                   
    50.0-180.0 180.0   5.0 450.0                            LAT/LON1/LON2/DLON/H
  103  107  114  134  147  156  164  167  172  175  177  179  179  178  179  180
  182  181  180  179  175  174  172  172  170  171  172  176  176  181  182  184
  183  184  185  186  185  186  185  184  180  176  172  167  161  152  145  134
  125  116  110  107  107  109  112  115  116  117  115  114  109  104  102   98
   96   92   90   89   86   80   87   94  103                                   
    47.5-180.0 180.0   5.0 450.0                            LAT/LON1/LON2/DLON/H
  115  121  133  152  165  174  183  187  193  194  197  196  193  190  190  190
  191  189  186  184  177  177  174  176  175  179  182  187  189  193  195  195
  196  196  198  200  200  201  201  199  195  190  186  181  174  168  159  151
  141  133  127  124  123  125  128  131  131  130  128  126  122  117  116  111
  111  107  108  105  104   97  104  110  115                                   
    45.0-180.0 180.0   5.0 450.0                            LAT/LON1/LON2/DLON/H
  136  144  153  173  187  195  204  207  213  215  218  216  210  206  204  204
  205  202  198  194  188  187  185  189  189  193  196  201  202  205  206  206
  207  207  210  214  217  218  219  215  212  205  200  193  187  178  173  164
  157  148  145  139  139  137  140  142  143  142  139  136  133  130  129  126
  126  124  124  123  121  116  120  130  136                                   
    42.5-180.0 180.0   5.0 450.0                            LAT/LON1/LON2/DLON/H
  153  160  175  192  210  215  224  227  234  234  236  233  229  222  219  218
  216  213  207  204  198  199  197  202  202  205  208  211  211  212  213  213
  214  217  221  227  232  234  234  229  223  215  206  201  192  188  180  176
  169  163  157  152  149  148  148  151  150  148  145  144  141  139  138  134
  134  130  133  131  133  128  135  141  153                                   
    40.0-180.0 180.0   5.0 450.0                            LAT/LON1/LON2/DLON/H
  165  175  185  205  221  227  237  239  247  248  250  250  246  241  237  234
  232  228  223  220  217  217  218  222  220  221  221  223  222  221  223  224
  227  232  238  245  252  251  250  242  234  223  216  208  200  192  190  184
  182  173  170  161  159  153  154  153  155  152  151  148  149  145  146  142
  139  136  136  136  137  134  138  149  165                                   
    37.5-180.0 180.0   5.0 450.0                            LAT/LON1/LON2/DLON/H
  167  176  195  212  234  237  250  253  262  262  266  264  263  257  254  250
  246  240  234  234  233  236  237  240  234  235  231  232  229  229  231  235
  241  250  260  267  269  267  263  255  243  233  222  217  206  203  197  197
  192  188  180  173  166  160  158  158  158  156  155  154  153  151  151  145
  141  133  134  132  134  130  141  147  167                                   
    35.0-180.0 180.0   5.0 450.0                            LAT/LON1/LON2/DLON/H
  161  176  188  211  227  237  247  253  265  268  276  277  277  274  271  268
  264  257  253  255  260  264  264  265  257  254  249  250  249  253  256  265
  275  284  292  293  295  288  283  267  261  245  240  229  224  216  214  212
  210  203  196  186  178  171  170  167  170  166  169  165  167  160  159  148
  143  132  128  126  123  120  128  142  161                                   
    32.5-180.0 180.0   5.0 450.0                            LAT/LON1/LON2/DLON/H
  155  167  188  206  231  232  253  260  274  285  291  295  297  293  289  285
  280  275  273  279  284  290  290  288  276  274  267  274  275  286  292  306
  315  328  332  336  330  324  310  295  280  271  263  256  249  242  236  229
  225  215  207  195  189  181  183  182  187  185  190  189  188  181  176  162
  151  137  129  120  119  112  122  132  155                                   
    30.0-180.0 180.0   5.0 450.0                            LAT/LON1/LON2/DLON/H
  151  171  178  203  216  233  242  262  277  293  301  307  312  307  305  299
  298  293  294  299  310  318  318  317  307  305  302  313  323  341  357  373
  388  400  405  399  390  372  356  334  319  303  296  281  275  265  257  248
  239  230  221  213  209  208  210  211  211  206  206  201  202  196  191  177
  166  151  138  128  116  116  118  130  151                                   
    27.5-180.0 180.0   5.0 450.0                            LAT/LON1/LON2/DLON/H
  154  169  186  210  232  240  262  273  298  312  324  334  336  331  328  323
  321  318  319  325  334  343  343  345  337  344  344  366  381  411  432  458
  477  491  489  476  454  428  408  382  362  342  332  321  307  297  281  271
  255  246  233  227  224  228  233  241  242  241  239  233  230  216  211  191
  183  163  160  143  135  123  125  142  154                                   
    25.0-180.0 180.0   5.0 450.0                            LAT/LON1/LON2/DLON/H
  173  179  192  219  238  257  270  293  311  331  345  358  357  350  346  341
  347  342  346  352  364  370  373  376  382  393  409  437  469  501  533  552
  566  561  553  532  507  473  445  415  389  371  360  349  334  326  309  302
  286  277  264  258  254  259  263  269  269  269  264  256  254  246  241  224
  206  188  173  165  153  155  153  170  173                                   
    22.5-180.0 180.0   5.0 450.0                            LAT/LON1/LON2/DLON/H
  195  194  214  235  257  274  295  310  342  355  379  389  396  391  386  379
  382  381  381  390  396  403  403  413  425  445  472  508  548  579  602  614
  621  616  603  577  543  500  459  425  393  378  364  361  344  339  320  314
  301  299  291  292  292  301  302  307  306  303  296  286  280  271  258  247
  242  227  214  200  189  184  177  201  195                                   
    20.0-180.0 180.0   5.0 450.0                            LAT/LON1/LON2/DLON/H
  229  226  242  255  275  289  312  328  360  379  408  420  433  436  440  436
  440  432  431  429  434  434  441  452  475  500  542  578  616  634  659  671
  681  674  660  624  582  518  469  423  393  372  367  366  359  357  347  342
  337  336  337  334  337  336  341  340  337  329  319  303  291  268  259  245
  246  239  233  216  204  203  202  215  229                                   
    17.5-180.0 180.0   5.0 450.0                            LAT/LON1/LON2/DLON/H
  250  241  255  271  294  312  332  353  386  409  440  459  480  490  499  507
  509  503  488  481  473  472  479  493  525  555  602  628  653  670  691  705
  710  700  678  640  586  523  465  419  385  369  357  356  350  355  357  365
  368  375  376  377  375  378  376  372  361  352  331  314  289  267  253  246
  247  246  242  236  216  216  211  223  250                                   
    15.0-180.0 180.0   5.0 450.0                            LAT/LON1/LON2/DLON/H
  251  233  249  274  301  326  351  372  407  426  461  484  516  537  555  574
  587  580  564  539  528  515  528  545  584  615  652  665  684  693  714  719
  725  711  688  645  598  540  480  426  391  368  356  353  355  361  378  387
  404  406  413  403  407  391  389  375  361  345  323  301  278  252  244  237
  243  241  239  226  213  206  207  219  251                                   
    12.5-180.0 180.0   5.0 450.0                            LAT/LON1/LON2/DLON/H
  238  231  245  276  309  338  365  392  430  457  486  514  550  576  599  629
  646  652  635  608  582  569  582  601  642  666  688  694  699  703  713  712
  710  697  671  634  594  541  486  434  395  369  356  346  346  356  377  397
  421  433  433  431  422  413  396  378  355  332  306  283  261  247  236  232
  236  237  234  224  204  200  198  208  238                                   
    10.0-180.0 180.0   5.0 450.0                            LAT/LON1/LON2/DLON/H
  222  214  238  271  306  340  371  408  444  477  505  534  567  599  630  666
  691  706  699  678  648  628  640  655  694  704  719  713  709  705  708  710
  700  688  666  641  603  553  496  441  403  378  365  352  357  361  395  414
  450  451  460  436  434  404  391  363  336  308  281  259  236  231  227  224
  230  229  226  214  195  187  189  197  222                                   
     7.5-180.0 180.0   5.0 450.0                            LAT/LON1/LON2/DLON/H
  205  212  235  272  313  348  384  425  467  501  526  560  589  632  660  702
  729  749  746  731  702  683  689  701  723  730  738  725  713  704  700  698
