data/unet/pred1900.15i
     1.0            IONOSPHERE MAPS     GNSS                IONEX VERSION / TYPE
pyspatialgeodesy        IME             05-JAN-18 20:20     PGM / RUN BY / DATE 
Map Name                                                    COMMENT             
Predicted global ionosphere maps (GIM).                     DESCRIPTION         
  2015     7     9     0     0     0                        EPOCH OF FIRST MAP  
  2015     7    10     0     0     0                        EPOCH OF LAST MAP   
  7200                                                      INTERVAL            
    13                                                      # OF MAPS IN FILE   
  NONE                                                      MAPPING FUNCTION    
10.0                                                        ELEVATION CUTOFF    
One-way carrier phase leveled to code                       OBSERVABLES USED    
  6371.0                                                    BASE RADIUS         
 2                                                          MAP DIMENSION       
   450.0 450.0   0.0                                        HGT1 / HGT2 / DHGT  
    87.5 -87.5  -2.5                                        LAT1 / LAT2 / DLAT  
  -180.0 180.0   5.0                                        LON1 / LON2 / DLON  
    -1                                                      EXPONENT            
                                                            END OF HEADER       
[from data line 2574]
     7                                                      START OF TEC MAP    
  2015     7     9    12     0     0                        EPOCH OF CURRENT MAP
    87.5-180.0 180.0   5.0 450.0                            LAT/LON1/LON2/DLON/H
  170  181  185  181  182  179  181  179  181  180  182  180  182  180  182  180
  181  180  181  179  181  179  180  178  179  177  178  176  178  176  177  176
  178  176  178  176  179  178  179  177  180  179  181  179  181  179  181  178
  181  178  180  178  180  178  180  177  180  178  180  177  180  177  180  177
  181  178  180  176  179  175  184  159  170                                   
    85.0-180.0 180.0   5.0 450.0                            LAT/LON1/LON2/DLON/H
  177  180  183  182  179  179  179  179  179  178  179  178  179  179  180  179
  181  180  181  180  182  180  181  180  182  180  182  181  183  181  183  181
  183  181  183  180  183  181  183  181  183  182  184  182  184  183  184  183
  186  184  186  184  187  185  186  184  187  184  185  183  185  183  184  182
  184  182  182  180  180  179  185  180  177                                   
    82.5-180.0 180.0   5.0 450.0                            LAT/LON1/LON2/DLON/H
  173  175  174  170  171  168  170  167  170  166  169  166  169  166  169  167
  170  168  171  169  173  171  174  172  176  174  178  177  181  179  181  179
  181  179  180  178  179  177  178  175  178  176  179  176  180  178  182  179
  185  182  187  184  189  185  189  185  189  185  187  183  186  181  183  178
  181  176  178  172  175  171  174  176  173                                   
    80.0-180.0 180.0   5.0 450.0                            LAT/LON1/LON2/DLON/H
  167  170  166  167  164  166  164  164  163  163  162  162  162  162  162  163
  163  164  164  165  166  168  169  170  172  173  175  177  179  180  180  181
  180  180  179  179  178  177  176  175  175  175  176  177  179  179  182  182
  186  186  189  189  192  191  193  191  193  189  189  186  186  183  182  179
  178  176  173  170  170  165  163  166  167                                   
    77.5-180.0 180.0   5.0 450.0                            LAT/LON1/LON2/DLON/H
  165  167  163  160  160  162  162  162  160  160  159  159  157  158  157  158
  157  159  159  162  163  165  167  169  172  174  177  180  183  184  186  187
  188  188  187  186  184  183  180  180  178  179  178  180  182  184  187  189
  192  195  197  199  202  202  203  203  203  200  199  196  194  191  189  185
  182  179  175  170  168  165  159  164  165                                   
    75.0-180.0 180.0   5.0 450.0                            LAT/LON1/LON2/DLON/H
  161  163  160  162  158  162  159  161  158  159  156  157  154  156  153  155
  152  156  155  159  158  163  163  167  169  174  176  181  184  189  190  194
  193  196  192  193  188  189  183  183  180  181  180  183  184  188  190  194
  196  201  202  205  207  209  209  209  208  207  204  202  198  196  192  189
  185  183  177  172  168  165  160  161  161                                   
    72.5-180.0 180.0   5.0 450.0                            LAT/LON1/LON2/DLON/H
  163  163  160  158  158  160  160  160  159  158  158  157  156  155  155  154
  154  154  156  156  159  159  163  163  169  170  178  180  189  192  198  199
  202  201  201  198  195  192  187  184  181  182  182  184  187  190  194  196
  200  202  205  205  209  209  211  209  210  207  207  202  202  197  195  190
  188  182  178  172  170  165  162  163  163                                   
    70.0-180.0 180.0   5.0 450.0                            LAT/LON1/LON2/DLON/H
  162  163  157  160  157  161  159  162  159  162  160  161  160  160  159  158
  157  158  157  159  160  160  162  163  166  169  175  180  188  193  199  203
  205  206  204  203  199  196  190  188  185  186  186  189  192  195  197  200
  201  203  202  204  204  206  205  206  206  205  204  204  203  201  199  197
  193  190  185  178  174  167  165  162  162                                   
    67.5-180.0 180.0   5.0 450.0                            LAT/LON1/LON2/DLON/H
  166  163  158  156  155  157  157  158  159  160  161  161  163  162  164  162
  163  161  162  161  163  161  163  161  165  166  174  179  189  195  203  206
  210  211  211  209  206  201  196  192  190  190  192  194  198  199  201  201
  201  199  199  197  198  198  198  198  200  200  202  202  205  204  204  202
  200  196  191  184  180  174  170  165  166                                   
    65.0-180.0 180.0   5.0 450.0                            LAT/LON1/LON2/DLON/H
  166  165  155  155  152  156  153  158  156  161  161  165  166  168  169  168
  168  167  167  165  165  163  163  162  164  166  172  179  188  197  204  210
  212  215  213  213  207  204  198  197  194  197  198  202  203  205  202  202
  197  196  192  192  189  191  190  193  193  197  199  203  206  209  210  211
  208  207  201  195  188  179  175  168  166                                   
    62.5-180.0 180.0   5.0 450.0                            LAT/LON1/LON2/DLON/H
  169  162  155  150  147  148  146  148  149  153  155  159  162  165  168  168
  169  167  167  164  165  161  162  160  163  165  171  179  187  197  204  212
  216  218  217  215  211  207  201  199  198  201  203  206  207  207  204  200
  195  190  186  184  183  184  185  188  191  194  199  204  210  213  217  217
  216  213  208  201  194  186  181  173  169                                   
    60.0-180.0 180.0   5.0 450.0                            LAT/LON1/LON2/DLON/H
  168  162  151  146  140  140  136  138  137  143  145  153  156  161  163  166
  167  167  167  165  164  161  160  161  163  167  171  181  188  199  204  214
  216  221  217  218  211  209  203  204  202  207  208  213  211  211  204  199
  191  187  182  182  180  183  184  189  191  196  200  207  212  218  221  224
  222  221  214  209  198  189  183  173  168                                   
    57.5-180.0 180.0   5.0 450.0                            LAT/LON1/LON2/DLON/H
  171  159  150  140  132  128  122  122  120  126  129  137  142  149  152  157
  159  159  160  158  159  156  157  157  162  167  172  181  188  198  205  212
  217  220  220  218  214  212  208  207  207  211  215  217  216  214  208  201
  194  189  186  185  186  189  191  195  199  203  208  213  220  224  228  228
  227  224  217  210  201  191  185  176  171                                   
    55.0-180.0 180.0   5.0 450.0                            LAT/LON1/LON2/DLON/H
  170  158  146  137  127  120  112  110  106  111  113  122  127  137  142  148
  151  155  155  157  156  157  156  162  164  173  177  188  192  204  206  217
  218  225  222  224  219  218  212  214  212  218  218  223  220  218  210  204
  196  194  191  193  194  199  201  206  209  214  215  220  224  229  231  232
  229  228  219  214  201  194  188  178  170                                   
    52.5-180.0 180.0   5.0 450.0                            LAT/LON1/LON2/DLON/H
  173  157  148  136  126  114  106  100   95   97   98  107  111  122  128  136
  141  146  149  149  153  153  157  161  168  175  182  190  197  204  212  218
  224  229  231  232  229  226  223  221  221  224  227  229  227  224  217  212
  205  205  204  207  209  215  217  223  224  228  228  231  233  235  234  234
  229  226  217  211  201  195  190  179  173                                   
    50.0-180.0 180.0   5.0 450.0                            LAT/LON1/LON2/DLON/H
  174  161  150  141  128  117  106   97   90   91   89   96   99  111  117  128
  134  143  146  152  152  157  159  168  172  185  188  201  203  213  216  227
  231  241  242  247  243  242  238  238  235  239  239  242  238  236  228  224
  217  218  217  222  224  230  234  239  240  242  241  241  240  240  236  235
  229  226  217  213  203  198  193  182  174                                   
    47.5-180.0 180.0   5.0 450.0                            LAT/LON1/LON2/DLON/H
  177  163  155  144  135  121  110  101   93   91   88   91   93  103  109  121
  129  140  147  152  156  159  165  171  180  188  196  203  211  216  224  232
  242  250  258  264  265  263  261  259  257  259  260  260  256  252  244  241
  235  236  236  240  242  248  250  255  255  257  255  252  248  244  239  235
  228  225  216  211  204  200  198  181  177                                   
    45.0-180.0 180.0   5.0 450.0                            LAT/LON1/LON2/DLON/H
  174  165  156  151  141  130  120  109  100   96   92   94   94  101  107  120
  130  145  152  162  164  171  174  183  189  201  205  216  218  227  232  244
  253  267  275  284  284  286  284  284  282  283  283  283  279  277  267  262
  256  257  255  259  259  265  266  272  271  273  269  263  256  248  241  235
  229  225  218  214  206  203  200  180  174                                   
    42.5-180.0 180.0   5.0 450.0                            LAT/LON1/LON2/DLON/H
  175  164  158  150  145  133  128  117  109  106  102  102   99  104  108  122
  133  149  160  170  176  179  186  192  202  207  215  220  227  232  242  252
  266  280  293  307  312  316  314  315  313  315  312  313  307  304  296  291
  282  280  276  278  277  282  282  286  285  287  282  276  267  255  246  240
  233  229  221  216  209  204  206  183  175                                   
    40.0-180.0 180.0   5.0 450.0                            LAT/LON1/LON2/DLON/H
  173  165  155  151  145  139  133  125  119  117  114  112  109  110  113  126
  138  157  170  184  188  196  199  208  213  221  225  234  235  245  250  267
  279  300  314  330  337  342  343  345  345  347  345  345  340  336  325  321
  309  307  298  299  294  298  295  300  297  300  294  289  280  266  254  250
  242  238  229  223  213  207  208  184  173                                   
    37.5-180.0 180.0   5.0 450.0                            LAT/LON1/LON2/DLON/H
  177  163  154  146  143  135  135  127  124  124  122  122  117  116  118  128
  142  160  178  189  200  204  213  216  226  228  235  238  245  251  261  277
  295  318  334  353  363  370  371  374  373  377  374  376  371  367  357  350
  338  333  323  321  316  317  315  318  316  318  310  305  294  282  270  265
  256  250  237  227  217  207  219  192  177                                   
    35.0-180.0 180.0   5.0 450.0                            LAT/LON1/LON2/DLON/H
  181  167  150  144  137  138  133  131  129  130  130  129  126  123  123  133
  145  166  183  199  208  217  222  230  236  243  245  251  254  264  272  296
  314  340  356  375  384  391  394  396  397  399  400  401  398  395  385  379
  367  361  351  348  343  344  342  343  340  341  331  324  309  298  287  283
  271  264  248  238  222  216  229  198  181                                   
    32.5-180.0 180.0   5.0 450.0                            LAT/LON1/LON2/DLON/H
  196  174  159  148  139  134  132  131  130  134  132  134  129  126  126  134
  147  166  188  203  217  223  232  236  245  247  254  258  267  279  291  315
  335  360  376  394  405  413  414  418  417  419  418  422  419  418  410  407
  397  392  383  381  378  379  378  377  372  369  356  346  328  315  300  295
  282  272  251  239  226  220  241  212  196                                   
    30.0-180.0 180.0   5.0 450.0                            LAT/LON1/LON2/DLON/H
  210  187  170  157  144  142  133  134  130  134  133  133  131  128  128  135
  146  168  188  209  222  233  236  245  248  258  261  272  280  296  310  334
  353  376  392  409  416  423  425  428  427  428  428  432  434  436  432  432
  428  426  419  420  418  421  418  414  406  397  379  365  345  326  311  302
  290  279  260  246  232  232  250  222  210                                   
    27.5-180.0 180.0   5.0 450.0                            LAT/LON1/LON2/DLON/H
  232  205  195  182  168  157  146  140  135  136  133  135  129  127  127  134
  147  166  190  211  229  236  242  242  251  256  269  276  293  308  326  348
  369  390  404  416  423  431  433  437  433  435  432  440  442  449  448  453
  451  455  453  460  462  468  464  460  445  431  406  387  363  342  320  311
  296  285  265  251  238  239  257  237  232                                   
    25.0-180.0 180.0   5.0 450.0                            LAT/LON1/LON2/DLON/H
  249  221  215  203  190  181  164  156  145  143  137  135  129  126  124  130
  141  162  184  211  228  238  239  243  248  259  271  288  305  327  344  366
  382  399  411  422  427  432  433  439  437  441  440  449  454  464  467  476
  479  486  493  505  510  516  510  501  482  458  428  402  372  349  325  311
  295  282  266  256  248  250  261  250  249                                   
    22.5-180.0 180.0   5.0 450.0                            LAT/LON1/LON2/DLON/H
  262  236  234  227  213  206  192  180  165  156  146  141  133  128  124  130
  140  160  182  209  229  236  240  239  249  256  276  294  319  339  355  375
  390  408  414  424  426  434  432  440  438  443  443  454  461  473  478  492
  498  512  520  537  540  547  538  527  502  476  442  412  379  355  331  314
  295  281  267  255  252  254  262  261  262                                   
    20.0-180.0 180.0   5.0 450.0                            LAT/LON1/LON2/DLON/H
  271  248  249  242  232  227  215  205  190  177  164  155  142  133  125  127
  134  154  177  205  224  234  236  239  246  257  278  302  327  350  363  383
  396  414  418  425  424  430  429  440  440  450  451  464  472  487  495  510
  519  533  544  560  562  566  552  536  509  479  444  412  377  352  326  311
  291  278  265  255  252  253  257  266  271                                   
    17.5-180.0 180.0   5.0 450.0                            LAT/LON1/LON2/DLON/H
  275  249  255  246  250  241  236  220  209  194  179  163  150  137  132  129
  136  154  176  202  221  231  236  238  248  260  285  307  330  351  364  389
  404  420  421  428  422  430  429  442  445  455  460  470  479  492  502  518
  526  538  544  558  556  559  543  525  497  466  432  400  368  342  320  304
  290  277  267  256  255  252  256  261  275                                   
    15.0-180.0 180.0   5.0 450.0                            LAT/LON1/LON2/DLON/H
  273  243  244  240  244  239  240  228  217  206  191  176  158  145  134  131
  133  149  171  197  214  227  232  238  246  262  286  308  329  354  368  391
  406  420  422  424  421  427  431  446  451  465  468  481  488  502  514  531
  536  546  548  557  552  548  528  510  483  453  417  385  354  330  308  295
  283  272  264  255  249  248  251  257  273                                   
    12.5-180.0 180.0   5.0 450.0                            LAT/LON1/LON2/DLON/H
  260  230  235  230  239  236  241  227  224  208  198  177  162  145  138  131
  137  153  174  194  210  223  232  239  253  267  288  307  330  356  373  397
  410  426  426  431  427  437  440  457  462  476  480  490  496  510  521  533
  539  541  539  540  531  525  502  486  461  434  400  367  337  315  299  288
  281  270  263  248  244  236  246  238  260                                   
    10.0-180.0 180.0   5.0 450.0                            LAT/LON1/LON2/DLON/H
  238  213  212  212  219  220  226  216  212  201  192  178  161  148  139  133
  136  147  164  184  200  217  227  243  255  272  288  314  331  361  376  397
  412  428  433  436  437  445  451  468  473  485  487  497  504  518  527  539
  537  542  533  533  519  507  484  469  447  419  384  353  325  306  290  281
  275  264  256  243  232  228  229  228  238                                   
     7.5-180.0 180.0   5.0 450.0                            LAT/LON1/LON2/DLON/H
  218  201  199  197  200  205  208  201  197  187  181  167  156  142  134  127
  133  140  159  179  197  214  231  246  264  276  293  316  333  365  383  404
