data/unet/pred3580.15i
     1.0            IONOSPHERE MAPS     GNSS                IONEX VERSION / TYPE
pyspatialgeodesy        IME             05-JAN-18 20:20     PGM / RUN BY / DATE 
Map Name                                                    COMMENT             
Predicted global ionosphere maps (GIM).                     DESCRIPTION         
  2015    12    24     0     0     0                        EPOCH OF FIRST MAP  
  2015    12    25     0     0     0                        EPOCH OF LAST MAP   
  7200                                                      INTERVAL            
    13                                                      # OF MAPS IN FILE   
  NONE                                                      MAPPING FUNCTION    
10.0                                                        ELEVATION CUTOFF    
One-way carrier phase leveled to code                       OBSERVABLES USED    
  6371.0                                                    BASE RADIUS         
 2                                                          MAP DIMENSION       
   450.0 450.0   0.0                                        HGT1 / HGT2 / DHGT  
    87.5 -87.5  -2.5                                        LAT1 / LAT2 / DLAT  
  -180.0 180.0   5.0                                        LON1 / LON2 / DLON  
    -1                                                      EXPONENT            
                                                            END OF HEADER       
[from data line 1716]
     5                                                      START OF TEC MAP    
  2015    12    24     8     0     0                        EPOCH OF CURRENT MAP
    87.5-180.0 180.0   5.0 450.0                            LAT/LON1/LON2/DLON/H
   27   42   40   39   40   39   41   40   42   41   43   41   43   41   43   41
   42   40   42   40   42   40   42   40   41   40   42   40   41   39   40   38
   39   37   39   37   38   37   38   36   37   36   37   35   36   34   36   34
   35   33   35   33   34   33   34   32   33   32   33   31   33   31   33   31
   33   32   35   35   38   36   38   36   27                                   
    85.0-180.0 180.0   5.0 450.0                            LAT/LON1/LON2/DLON/H
   40   60   54   62   56   60   56   62   58   62   57   62   57   61   56   59
   54   57   52   56   51   54   50   54   50   53   50   53   50   53   50   53
   49   52   49   52   49   51   48   51   48   50   47   50   46   49   46   49
   45   49   45   48   44   48   44   48   43   48   44   47   43   48   44   48
   44   49   46   50   49   49   45   36   40                                   
    82.5-180.0 180.0   5.0 450.0                            LAT/LON1/LON2/DLON/H
   47   61   53   57   54   58   57   62   59   63   59   62   57   60   54   56
   51   53   47   50   45   47   43   47   43   47   43   47   43   47   42   47
   42   47   42   47   42   47   43   47   42   47   42   46   40   45   40   44
   39   43   38   42   38   42   37   41   36   41   35   39   35   39   35   39
   36   41   38   42   41   43   45   30   47                                   
    80.0-180.0 180.0   5.0 450.0                            LAT/LON1/LON2/DLON/H
   48   63   50   52   52   56   56   60   59   61   59   61   57   57   52   53
   46   47   40   42   36   39   34   38   34   38   36   39   37   41   38   42
   39   43   41   43   41   45   43   45   43   45   43   45   43   45   43   45
   42   45   43   44   42   44   42   42   40   40   38   38   36   37   36   36
   35   37   36   37   38   36   41   31   48                                   
    77.5-180.0 180.0   5.0 450.0                            LAT/LON1/LON2/DLON/H
   39   62   52   50   52   53   56   57   59   58   59   56   55   51   49   44
   41   36   34   30   29   26   27   26   28   28   30   31   32   33   34   35
   35   37   38   39   40   42   43   44   44   44   45   45   46   46   48   48
   49   50   51   51   51   51   51   49   48   46   45   43   41   40   40   38
   38   38   39   37   39   38   41   24   39                                   
    75.0-180.0 180.0   5.0 450.0                            LAT/LON1/LON2/DLON/H
   40   58   48   49   50   52   54   56   57   57   56   55   52   49   44   40
   35   30   27   24   22   23   22   24   24   27   28   30   30   32   32   34
   34   37   37   39   40   43   44   45   45   46   47   48   48   51   53   55
   57   60   62   63   63   63   63   60   58   56   53   51   48   47   45   43
   42   42   42   41   42   38   43   28   40                                   
    72.5-180.0 180.0   5.0 450.0                            LAT/LON1/LON2/DLON/H
   40   61   47   47   46   47   49   52   53   53   53   51   49   44   41   34
   30   24   21   18   18   18   21   22   25   27   29   30   31   31   31   32
   31   33   33   36   37   40   41   43   44   46   47   49   50   54   58   61
   65   68   72   73   74   73   72   69   65   62   59   56   52   50   47   44
   42   41   41   40   41   41   44   29   40                                   
    70.0-180.0 180.0   5.0 450.0                            LAT/LON1/LON2/DLON/H
   43   57   48   46   48   47   51   51   55   54   55   53   52   47   42   37
   31   26   22   21   21   23   26   30   33   36   38   38   38   36   35   33
   34   34   36   37   40   42   46   46   50   51   54   55   60   64   69   74
   79   85   88   89   89   87   84   80   76   71   68   64   61   57   54   50
   48   46   46   43   46   41   48   35   43                                   
    67.5-180.0 180.0   5.0 450.0                            LAT/LON1/LON2/DLON/H
   43   63   50   46   43   43   45   47   50   51   52   51   50   45   42   37
   32   27   25   23   24   26   31   35   39   42   44   44   41   39   36   34
   31   32   32   35   37   41   44   46   49   52   56   60   64   71   78   85
   91   96  101  102  102   98   94   87   82   77   72   68   63   60   55   52
   48   46   45   44   45   43   50   39   43                                   
    65.0-180.0 180.0   5.0 450.0                            LAT/LON1/LON2/DLON/H
   44   60   52   48   47   44   48   47   51   52   55   54   54   51   48   43
   39   34   32   31   32   35   40   45   49   52   53   51   49   44   41   36
   34   33   34   35   39   42   47   50   55   58   65   69   75   82   89   99
  104  112  114  115  114  110  104   96   91   84   80   74   71   65   62   56
   53   49   47   45   46   43   52   41   44                                   
    62.5-180.0 180.0   5.0 450.0                            LAT/LON1/LON2/DLON/H
   45   66   53   47   43   41   43   43   47   47   50   52   53   51   49   45
   41   38   35   35   36   39   43   49   53   55   56   52   50   44   40   34
   32   31   32   34   39   42   49   52   59   62   70   75   83   92  101  110
  116  122  126  125  125  119  113  104   98   90   86   80   76   70   66   60
   54   49   46   43   43   42   52   42   45                                   
    60.0-180.0 180.0   5.0 450.0                            LAT/LON1/LON2/DLON/H
   42   57   51   46   45   42   45   42   47   46   52   53   57   56   56   54
   52   48   46   43   44   45   49   52   56   57   57   53   50   44   40   35
   33   32   35   38   43   47   55   61   69   77   83   93  100  109  116  124
  129  134  137  138  138  131  126  116  109  102   98   92   88   81   76   67
   61   54   49   45   45   41   49   38   42                                   
    57.5-180.0 180.0   5.0 450.0                            LAT/LON1/LON2/DLON/H
   44   63   50   45   42   39   40   39   42   41   46   48   52   54   55   55
   52   50   46   46   43   45   45   48   49   51   50   47   44   39   35   32
   31   32   36   40   46   52   61   68   78   86   98  105  114  122  127  133
  138  142  145  146  145  140  135  126  121  114  110  105  101   93   87   76
   68   58   51   45   44   40   48   35   44                                   
    55.0-180.0 180.0   5.0 450.0                            LAT/LON1/LON2/DLON/H
   40   54   45   43   41   39   41   39   42   40   44   45   50   53   56   57
   56   53   51   46   45   42   43   42   44   44   44   40   38   34   32   32
   32   36   41   47   55   63   72   83   93  106  115  125  130  135  138  143
  148  153  155  156  155  151  147  140  136  131  127  123  117  110  100   89
   78   68   59   51   48   41   48   35   40                                   
    52.5-180.0 180.0   5.0 450.0                            LAT/LON1/LON2/DLON/H
   45   61   47   44   43   40   40   38   38   36   38   40   44   47   50   51
   51   49   45   43   38   37   34   36   34   36   33   32   30   28   28   29
   33   38   44   52   60   71   82   95  109  122  131  139  141  147  146  152
  153  159  160  164  163  162  157  153  150  147  143  140  134  125  113   99
   89   76   67   57   53   45   51   36   45                                   
    50.0-180.0 180.0   5.0 450.0                            LAT/LON1/LON2/DLON/H
   44   55   45   45   44   43   44   42   41   38   40   39   42   44   47   49
   49   45   44   39   38   33   34   32   33   31   30   28   28   26   27   30
   35   42   50   61   71   85   97  113  125  137  144  151  154  157  159  162
  166  168  172  174  176  173  170  167  164  163  160  158  151  143  129  115
  102   89   80   69   64   52   54   42   44                                   
    47.5-180.0 180.0   5.0 450.0                            LAT/LON1/LON2/DLON/H
   52   65   53   49   49   47   47   45   43   39   38   37   38   39   41   41
   40   38   36   34   31   31   29   31   28   30   26   27   24   26   25   29
   34   43   53   67   80   95  110  126  138  149  154  162  165  171  169  174
  171  177  177  183  182  182  178  176  174  172  169  165  158  148  135  120
  108   96   88   79   72   60   61   47   52                                   
    45.0-180.0 180.0   5.0 450.0                            LAT/LON1/LON2/DLON/H
   56   64   55   54   55   54   55   53   52   47   45   43   42   41   41   40
   39   36   36   34   35   34   35   34   34   33   32   31   30   29   29   31
   38   48   61   79   94  111  126  141  152  160  166  173  179  182  184  184
  185  184  187  189  190  187  183  181  179  177  173  169  161  152  139  126
  115  104   98   88   83   68   66   54   56                                   
    42.5-180.0 180.0   5.0 450.0                            LAT/LON1/LON2/DLON/H
   61   72   62   60   60   61   60   60   57   54   51   48   45   43   40   37
   35   33   31   33   34   37   36   38   36   38   35   36   32   31   29   32
   38   50   66   85  106  123  140  153  162  169  173  181  186  192  191  195
  191  195  193  195  193  190  186  182  182  178  173  164  158  146  135  123
  114  105  100   92   86   73   70   59   61                                   
    40.0-180.0 180.0   5.0 450.0                            LAT/LON1/LON2/DLON/H
   62   72   64   62   64   65   67   66   66   63   62   60   56   52   49   44
   42   38   39   40   43   44   46   46   46   46   45   45   42   39   37   37
   45   58   76  100  121  140  154  166  174  180  185  191  197  201  205  205
  208  205  205  202  201  195  191  187  186  179  172  165  157  148  138  128
  119  110  105   97   92   76   71   60   62                                   
    37.5-180.0 180.0   5.0 450.0                            LAT/LON1/LON2/DLON/H
   61   76   65   64   65   66   67   69   68   69   67   68   63   61   55   51
   46   45   43   46   45   49   48   51   49   52   51   50   47   43   40   40
   47   62   83  108  133  150  166  175  184  188  192  197  201  210  213  220
  218  220  215  215  210  206  201  196  196  189  183  172  167  156  148  136
  126  116  109   99   92   78   72   58   61                                   
    35.0-180.0 180.0   5.0 450.0                            LAT/LON1/LON2/DLON/H
   56   70   61   60   61   64   63   67   67   70   72   75   73   72   68   63
   61   57   57   58   57   58   56   56   57   57   57   56   53   48   44   45
   53   70   93  122  145  165  177  189  195  199  202  205  214  220  229  233
  236  234  233  231  229  226  219  219  216  211  203  196  189  183  173  162
  150  136  123  111  100   82   73   58   56                                   
    32.5-180.0 180.0   5.0 450.0                            LAT/LON1/LON2/DLON/H
   55   71   60   58   56   58   56   61   61   67   69   76   75   77   72   72
   67   67   63   65   60   61   57   59   57   58   57   56   53   49   45   48
   55   75  101  130  156  173  189  197  205  207  210  214  221  233  243  251
  252  254  254  257  255  256  252  252  252  250  244  237  229  221  213  199
  182  163  144  123  110   89   82   60   55                                   
    30.0-180.0 180.0   5.0 450.0                            LAT/LON1/LON2/DLON/H
   59   70   58   55   54   54   53   55   57   61   66   73   76   79   78   78
   78   77   75   73   68   66   61   61   58   58   57   57   55   52   50   54
   64   87  112  143  166  186  197  209  215  218  222  226  238  250  264  269
  276  278  285  291  295  301  302  310  312  311  302  295  285  274  261  245
  227  204  176  152  133  107   96   74   59                                   
    27.5-180.0 180.0   5.0 450.0                            LAT/LON1/LON2/DLON/H
   76   86   67   62   58   56   53   54   53   58   61   69   71   76   74   78
   77   79   74   74   66   65   59   60   56   57   54   56   53   53   52   58
   71   95  124  150  177  191  207  217  224  230  236  243  256  270  286  293
  301  306  319  329  342  353  363  375  382  382  374  364  352  337  319  295
  272  240  213  178  161  129  122   95   76                                   
    25.0-180.0 180.0   5.0 450.0                            LAT/LON1/LON2/DLON/H
  103  102   81   78   73   69   64   59   57   56   60   63   67   70   72   75
   78   79   76   74   67   66   61   62   59   57   55   56   56   57   60   68
   81  111  134  164  183  203  215  228  237  244  255  263  278  294  311  319
  328  339  356  374  393  410  424  441  452  453  447  440  430  416  392  362
  329  293  257  224  199  168  153  131  103                                   
    22.5-180.0 180.0   5.0 450.0                            LAT/LON1/LON2/DLON/H
  147  137  113  106  102   95   84   76   68   63   60   63   62   65   64   69
   70   73   69   68   61   63   61   65   62   61   58   58   58   60   64   74
   91  118  145  168  192  207  223  235  249  261  275  286  304  318  335  340
  355  365  390  408  434  455  475  490  501  498  496  487  484  467  448  413
  384  339  304  268  246  207  192  175  147                                   
    20.0-180.0 180.0   5.0 450.0                            LAT/LON1/LON2/DLON/H
  186  173  147  142  137  132  117  103   90   75   72   65   64   61   61   63
   66   68   66   65   62   64   67   72   72   69   67   64   65   66   72   79
   98  128  153  177  198  216  232  245  262  276  298  312  332  344  361  366
  379  395  418  440  464  488  508  524  532  528  528  522  522  513  492  466
  429  394  351  320  294  256  234  224  186                                   
    17.5-180.0 180.0   5.0 450.0                            LAT/LON1/LON2/DLON/H
  227  215  193  187  183  174  162  141  121  100   87   78   71   65   60   61
   60   62   60   62   60   68   73   81   81   79   75   71   70   71   74   85
  106  135  162  186  206  223  242  255  274  295  320  339  355  369  382  389
  403  418  444  463  489  507  527  536  541  537  534  528  529  520  508  483
  457  422  392  364  336  302  277  269  227                                   
    15.0-180.0 180.0   5.0 450.0                            LAT/LON1/LON2/DLON/H
  263  248  233  228  227  217  202  179  156  129  116   98   91   76   72   65
   64   62   63   64   70   77   87   90   94   87   84   77   75   72   79   87
  114  143  172  197  216  237  253  272  291  315  344  363  383  395  406  414
  423  441  459  481  498  516  531  539  544  537  533  526  524  519  504  489
  465  444  412  395  367  336  316  308  263                                   
    12.5-180.0 180.0   5.0 450.0                            LAT/LON1/LON2/DLON/H
  290  285  271  267  261  253  239  217  194  167  147  129  115  100   88   80
   74   72   71   75   81   89   99  102  103   95   89   80   74   74   81   94
  119  151  179  206  226  245  264  285  304  332  359  376  392  405  417  426
  435  450  467  484  498  509  518  523  523  517  508  501  498  494  484  471
  459  438  420  397  383  359  344  329  290                                   
    10.0-180.0 180.0   5.0 450.0                            LAT/LON1/LON2/DLON/H
  293  295  282  284  280  276  263  247  226  203  182  161  146  125  111   98
   90   86   85   88   96  102  111  109  106   97   90   78   75   74   85   98
  126  160  188  218  236  258  277  296  319  346  371  390  405  418  426  436
  439  457  467  484  490  502  507  513  512  504  493  484  476  475  460  459
  443  437  415  403  381  365  347  342  293                                   
     7.5-180.0 180.0   5.0 450.0                            LAT/LON1/LON2/DLON/H
  285  294  283  287  283  278  270  255  242  223  208  191  175  156  138  122
  111  105  102  107  114  119  123  116  110   98   87   77   74   76   88  104
