data/unet/pred2850.15i
     1.0            IONOSPHERE MAPS     GNSS                IONEX VERSION / TYPE
pyspatialgeodesy        IME             05-JAN-18 20:20     PGM / RUN BY / DATE 
Map Name                                                    COMMENT             
Predicted global ionosphere maps (GIM).                     DESCRIPTION         
  2015    10    12     0     0     0                        EPOCH OF FIRST MAP  
  2015    10    13     0     0     0                        EPOCH OF LAST MAP   
  7200                                                      INTERVAL            
    13                                                      # OF MAPS IN FILE   
  NONE                                                      MAPPING FUNCTION    
10.0                                                        ELEVATION CUTOFF    
One-way carrier phase leveled to code                       OBSERVABLES USED    
  6371.0                                                    BASE RADIUS         
 2                                                          MAP DIMENSION       
   450.0 450.0   0.0                                        HGT1 / HGT2 / DHGT  
    87.5 -87.5  -2.5                                        LAT1 / LAT2 / DLAT  
  -180.0 180.0   5.0                                        LON1 / LON2 / DLON  
    -1                                                      EXPONENT            
                                                            END OF HEADER       
[from data line 3432]
     9                                                      START OF TEC MAP    
  2015    10    12    16     0     0                        EPOCH OF CURRENT MAP
    87.5-180.0 180.0   5.0 450.0                            LAT/LON1/LON2/DLON/H
   76   95   95   96   96   95   96   97   98   98   99  100  100  101  101  102
  102  102  102  102  102  101  101  101  101  100  100   99   98   97   97   96
   95   94   94   93   92   92   91   90   90   90   89   89   89   88   88   87
   87   87   86   86   86   86   86   86   85   86   85   86   86   86   86   87
   87   88   88   89   91   92   96  105   76                                   
    85.0-180.0 180.0   5.0 450.0                            LAT/LON1/LON2/DLON/H
   63   79   72   76   76   78   78   80   80   83   82   85   85   88   86   89
   88   90   88   90   87   88   86   87   84   84   81   82   80   79   78   76
   76   74   74   72   72   71   71   69   70   68   68   67   67   66   66   65
   65   65   64   64   64   65   64   65   64   65   63   65   64   65   64   65
   65   67   67   69   70   71   74   71   63                                   
    82.5-180.0 180.0   5.0 450.0                            LAT/LON1/LON2/DLON/H
   62   59   60   61   61   63   64   67   69   71   73   75   77   78   80   80
   82   82   83   83   83   83   81   82   80   80   77   77   74   73   70   69
   66   66   63   63   59   60   57   57   54   56   53   53   51   53   50   52
   50   51   49   51   49   51   49   51   49   52   49   51   50   52   50   52
   52   54   53   55   54   50   62   56   62                                   
    80.0-180.0 180.0   5.0 450.0                            LAT/LON1/LON2/DLON/H
   51   50   49   53   51   56   55   60   60   65   65   71   71   75   75   80
   79   82   81   84   83   85   82   84   80   82   76   78   72   74   67   69
   63   65   59   61   57   59   54   55   50   52   47   48   44   46   43   45
   43   45   43   46   45   47   46   47   47   48   47   48   47   49   47   49
   47   50   48   50   46   47   53   48   51                                   
    77.5-180.0 180.0   5.0 450.0                            LAT/LON1/LON2/DLON/H
   43   40   41   39   41   42   46   47   52   53   57   60   63   65   68   70
   73   73   77   77   79   79   80   80   79   78   77   74   71   68   65   62
   59   58   55   54   52   51   50   48   47   45   44   42   42   40   41   39
   41   40   42   41   43   42   44   42   44   42   45   43   45   43   44   42
   44   42   44   40   42   35   39   40   43                                   
    75.0-180.0 180.0   5.0 450.0                            LAT/LON1/LON2/DLON/H
   38   34   37   35   39   39   44   43   50   49   56   55   61   60   66   66
   71   71   77   77   82   82   85   84   84   83   81   78   74   71   67   64
   61   60   58   57   55   54   52   51   49   47   45   43   42   41   42   40
   42   41   44   42   45   43   45   41   44   41   44   40   44   40   44   41
   45   43   47   41   43   38   44   40   38                                   
    72.5-180.0 180.0   5.0 450.0                            LAT/LON1/LON2/DLON/H
   37   35   36   32   33   34   39   39   45   46   51   51   57   57   63   62
   68   68   75   75   81   82   87   87   88   87   86   82   79   75   71   67
   64   63   61   60   58   57   55   51   50   46   46   41   41   39   40   40
   42   42   45   44   46   45   46   44   44   42   42   41   41   41   42   41
   43   42   44   41   41   35   39   37   37                                   
    70.0-180.0 180.0   5.0 450.0                            LAT/LON1/LON2/DLON/H
   35   34   37   33   35   35   41   39   45   44   50   50   56   56   61   61
   67   67   74   76   84   86   93   93   96   93   92   87   84   78   74   69
   67   64   65   62   63   60   58   54   52   48   46   43   42   40   42   42
   44   45   48   47   49   47   48   44   44   40   41   37   40   37   41   39
   44   42   47   42   45   41   44   39   35                                   
    67.5-180.0 180.0   5.0 450.0                            LAT/LON1/LON2/DLON/H
   35   37   37   31   32   33   37   37   42   43   50   50   57   56   62   61
   66   66   74   77   87   90   98  100  104  101  100   95   90   84   80   74
   70   69   68   68   66   65   60   57   52   48   44   41   39   37   38   39
   43   43   49   48   51   48   49   45   45   40   40   38   38   37   39   40
   42   42   44   42   43   38   40   37   35                                   
    65.0-180.0 180.0   5.0 450.0                            LAT/LON1/LON2/DLON/H
   31   33   38   31   33   32   38   36   43   43   52   52   59   59   64   63
   68   67   76   80   92   96  108  109  114  110  109  101   97   89   85   77
   75   71   73   71   71   68   65   60   54   49   44   41   38   37   38   39
   42   44   47   48   49   48   47   44   43   39   38   35   36   34   37   36
   41   40   45   41   44   40   43   37   31                                   
    62.5-180.0 180.0   5.0 450.0                            LAT/LON1/LON2/DLON/H
   27   33   33   29   28   29   33   33   40   42   50   52   60   60   66   65
   70   69   78   82   95  101  112  115  121  117  116  108  104   96   91   85
   80   77   76   75   73   71   66   62   54   48   42   37   35   32   33   34
   36   37   42   42   44   43   44   40   40   36   36   33   34   33   34   35
   36   37   39   38   38   34   35   30   27                                   
    60.0-180.0 180.0   5.0 450.0                            LAT/LON1/LON2/DLON/H
   22   26   31   26   29   28   35   32   40   41   51   54   62   64   70   69
   74   73   82   85   98  104  120  121  128  122  122  113  110  102   98   91
   88   83   82   80   78   75   70   66   58   52   44   40   36   34   32   33
   32   34   35   37   38   38   38   36   36   33   33   31   32   30   33   31
   35   33   38   34   37   33   35   28   22                                   
    57.5-180.0 180.0   5.0 450.0                            LAT/LON1/LON2/DLON/H
   17   25   27   24   24   26   30   30   38   40   51   53   63   63   71   70
   77   76   85   87   99  103  118  122  128  124  126  120  117  110  107  102
   97   93   90   88   84   82   76   71   63   56   49   44   38   35   32   30
   29   28   31   30   33   32   34   32   33   31   32   31   31   31   32   32
   32   33   34   32   32   27   28   20   17                                   
    55.0-180.0 180.0   5.0 450.0                            LAT/LON1/LON2/DLON/H
   16   20   27   22   26   25   32   30   39   41   52   55   66   68   76   75
   82   81   90   91  102  105  119  121  129  124  128  123  122  117  116  111
  108  103  100   96   93   89   84   79   72   66   58   54   47   43   38   36
   31   31   29   30   30   31   31   32   33   33   34   32   34   31   34   31
   33   32   34   30   32   29   30   21   16                                   
    52.5-180.0 180.0   5.0 450.0                            LAT/LON1/LON2/DLON/H
   16   24   28   26   27   28   34   34   42   44   54   58   69   69   79   78
   87   85   95   96  106  106  117  118  127  125  130  128  131  128  128  126
  122  118  113  110  105  101   96   91   84   78   71   66   59   52   45   41
   35   32   31   29   30   29   31   33   35   35   36   36   36   36   36   36
   36   36   36   34   33   28   28   19   16                                   
    50.0-180.0 180.0   5.0 450.0                            LAT/LON1/LON2/DLON/H
   24   27   34   29   33   33   39   38   46   48   59   62   73   74   84   85
   92   91  101  101  110  109  119  118  127  125  132  131  135  134  135  133
  132  127  123  118  114  110  107  103   97   92   86   81   74   68   58   52
   45   40   37   35   35   35   37   38   41   40   42   41   43   41   43   41
   43   41   44   39   40   36   38   27   24                                   
    47.5-180.0 180.0   5.0 450.0                            LAT/LON1/LON2/DLON/H
   33   38   41   39   42   44   50   49   58   58   67   70   79   81   90   91
   99   98  107  107  115  113  121  120  129  127  135  135  140  140  141  142
  140  137  133  130  126  123  120  117  112  106  100   96   88   81   72   64
   55   50   46   44   44   44   46   47   49   49   49   51   49   50   49   50
   49   50   50   48   46   42   42   31   33                                   
    45.0-180.0 180.0   5.0 450.0                            LAT/LON1/LON2/DLON/H
   47   47   50   47   52   54   59   60   65   66   74   77   85   87   94   97
  103  104  111  113  119  118  126  126  133  132  138  139  142  143  144  143
  142  139  137  135  133  132  130  126  123  117  112  106  100   94   85   76
   68   62   58   55   55   54   56   55   57   55   57   55   57   56   58   57
   59   59   61   56   56   53   55   44   47                                   
    42.5-180.0 180.0   5.0 450.0                            LAT/LON1/LON2/DLON/H
   56   58   56   55   57   64   69   73   79   82   87   91   97   98  106  109
  114  114  121  122  128  126  134  134  142  139  146  144  146  144  144  144
  144  143  143  143  143  143  140  136  131  125  120  114  107  101   92   85
   77   72   67   66   64   65   65   66   66   65   63   64   62   64   63   66
   64   67   66   65   61   58   59   48   56                                   
    40.0-180.0 180.0   5.0 450.0                            LAT/LON1/LON2/DLON/H
   63   62   62   59   66   70   79   82   89   92   99  102  107  110  116  119
  123  122  129  129  136  137  146  146  151  148  153  150  149  147  146  145
  146  146  149  151  154  153  151  146  139  132  125  119  113  106   99   92
   86   80   76   73   72   71   72   71   72   69   69   67   69   69   70   71
   73   74   75   70   68   65   66   56   63                                   
    37.5-180.0 180.0   5.0 450.0                            LAT/LON1/LON2/DLON/H
   65   65   61   59   60   68   77   87   97  106  113  117  122  126  131  135
  136  135  141  142  150  149  158  158  163  160  163  159  156  152  150  150
  153  157  163  168  171  171  166  158  148  138  130  123  116  109  101   95
   89   84   79   77   73   75   73   76   74   75   72   74   71   73   72   75
   73   76   72   72   66   64   65   53   65                                   
    35.0-180.0 180.0   5.0 450.0                            LAT/LON1/LON2/DLON/H
   66   61   61   54   61   67   79   88  103  114  122  127  134  136  144  145
  149  146  152  152  162  161  170  168  173  170  173  166  163  159  158  159
  164  171  181  186  191  187  181  170  158  146  137  128  121  113  106   99
   93   87   80   75   73   73   74   75   77   77   77   76   77   78   78   78
   78   78   75   71   67   65   66   56   66                                   
    32.5-180.0 180.0   5.0 450.0                            LAT/LON1/LON2/DLON/H
   62   59   55   53   53   59   70   86  104  119  131  139  148  152  160  161
  165  161  168  167  176  175  183  180  186  183  185  180  178  175  176  179
  187  197  208  215  219  213  203  188  173  156  145  134  127  118  110  103
   96   89   82   76   71   72   72   76   78   79   78   82   80   82   79   80
   76   75   68   69   63   62   62   48   62                                   
    30.0-180.0 180.0   5.0 450.0                            LAT/LON1/LON2/DLON/H
   57   55   53   47   51   56   68   82  102  118  134  142  153  156  166  167
  173  169  177  177  186  186  191  189  193  192  196  193  194  195  200  207
  218  229  242  248  250  240  227  208  191  172  158  146  139  130  122  113
  104   97   87   80   73   73   75   79   81   83   84   86   88   87   86   85
   82   78   73   71   66   62   63   50   57                                   
    27.5-180.0 180.0   5.0 450.0                            LAT/LON1/LON2/DLON/H
   52   55   51   50   48   56   65   82  100  119  136  148  161  168  179  181
  187  185  192  193  202  200  204  199  203  203  210  213  218  226  234  248
  260  273  284  288  284  271  255  233  213  193  178  166  156  145  136  127
  117  107   97   88   81   82   85   89   92   93   93   95   95   95   92   90
   83   80   73   73   66   62   60   43   52                                   
    25.0-180.0 180.0   5.0 450.0                            LAT/LON1/LON2/DLON/H
   50   57   56   51   53   59   67   82  100  117  135  147  162  170  183  187
  196  197  206  209  215  212  211  204  207  210  222  231  245  257  274  287
  300  308  316  316  313  297  281  256  236  216  201  189  178  167  155  149
  137  129  117  107  101  101  104  107  108  109  108  108  107  106  102   99
   95   90   85   82   78   71   67   51   50                                   
    22.5-180.0 180.0   5.0 450.0                            LAT/LON1/LON2/DLON/H
   50   64   61   60   60   70   72   90  102  122  134  149  164  176  192  201
  211  216  227  230  234  227  223  214  218  222  237  256  274  295  311  324
  332  337  342  340  337  320  305  279  260  240  225  211  199  187  179  170
  163  154  145  134  129  128  130  130  129  126  123  121  121  116  113  109
  103  100   92   90   83   78   71   54   50                                   
    20.0-180.0 180.0   5.0 450.0                            LAT/LON1/LON2/DLON/H
   52   69   73   66   72   75   83   94  105  121  135  147  165  176  194  203
  217  226  238  244  245  240  233  227  231  242  261  287  310  331  348  354
  358  361  364  362  358  343  325  298  279  260  242  231  217  208  199  195
  190  186  178  168  162  159  160  159  154  147  140  136  131  127  122  119
  115  111  107  101   97   87   82   67   52                                   
    17.5-180.0 180.0   5.0 450.0                            LAT/LON1/LON2/DLON/H
   53   77   78   77   78   87   89  105  110  128  138  154  169  184  199  210
  226  237  254  257  263  252  247  242  251  267  292  320  344  364  377  380
  381  385  386  382  381  365  349  321  302  282  267  252  239  227  221  216
  215  214  211  203  198  195  192  188  179  166  154  146  142  135  132  128
  122  121  113  110  101   93   86   73   53                                   
    15.0-180.0 180.0   5.0 450.0                            LAT/LON1/LON2/DLON/H
   56   79   83   79   85   91  102  111  121  134  147  163  179  195  211  223
  241  252  269  270  277  269  266  269  281  304  328  354  375  390  399  398
  399  400  400  397  397  385  368  341  318  297  276  264  248  241  235  236
  239  244  242  238  232  228  223  216  203  187  170  159  149  143  139  134
  132  127  125  117  111   99   94   80   56                                   
    12.5-180.0 180.0   5.0 450.0                            LAT/LON1/LON2/DLON/H
   53   81   83   84   86   99  107  124  129  147  154  174  191  208  222  235
  254  267  283  287  292  287  289  298  316  340  364  386  404  414  419  413
  413  413  412  411  414  406  392  369  343  320  295  277  260  249  244  247
  254  265  267  266  261  257  251  241  225  205  182  168  156  147  144  140
  135  134  126  122  110  102   92   77   53                                   
    10.0-180.0 180.0   5.0 450.0                            LAT/LON1/LON2/DLON/H
   53   78   78   78   85   95  110  124  137  151  167  185  207  226  240  254
  267  278  291  291  298  298  310  326  349  373  391  413  427  434  434  424
  425  419  419  419  425  423  415  397  370  343  308  288  268  258  254  259
  266  278  281  280  274  270  262  252  236  214  191  175  160  150  146  141
  139  133  129  120  112  100   91   73   53                                   
     7.5-180.0 180.0   5.0 450.0                            LAT/LON1/LON2/DLON/H
   53   78   77   76   77   93  108  127  142  160  177  202  224  245  258  272
  284  296  304  309  315  321  335  353  376  398  417  437  451  451  449  438
