data/unet/pred1310.15i
     1.0            IONOSPHERE MAPS     GNSS                IONEX VERSION / TYPE
pyspatialgeodesy        IME             05-JAN-18 20:20     PGM / RUN BY / DATE 
Map Name                                                    COMMENT             
Predicted global ionosphere maps (GIM).                     DESCRIPTION         
  2015     5    11     0     0     0                        EPOCH OF FIRST MAP  
  2015     5    12     0     0     0                        EPOCH OF LAST MAP   
  7200                                                      INTERVAL            
    13                                                      # OF MAPS IN FILE   
  NONE                                                      MAPPING FUNCTION    
10.0                                                        ELEVATION CUTOFF    
One-way carrier phase leveled to code                       OBSERVABLES USED    
  6371.0                                                    BASE RADIUS         
 2                                                          MAP DIMENSION       
   450.0 450.0   0.0                                        HGT1 / HGT2 / DHGT  
    87.5 -87.5  -2.5                                        LAT1 / LAT2 / DLAT  
  -180.0 180.0   5.0                                        LON1 / LON2 / DLON  
    -1                                                      EXPONENT            
                                                            END OF HEADER       
[from data line 3432]
     9                                                      START OF TEC MAP    
  2015     5    11    16     0     0                        EPOCH OF CURRENT MAP
    87.5-180.0 180.0   5.0 450.0                            LAT/LON1/LON2/DLON/H
  197  204  202  204  204  204  206  208  210  212  213  215  215  217  216  217
  215  215  214  213  211  210  209  209  208  208  207  207  206  205  204  203
  201  200  197  196  193  193  190  190  189  189  187  188  188  189  188  189
  190  190  190  191  191  192  192  192  193  193  194  194  194  195  195  195
  196  196  197  195  196  195  203  209  197                                   
    85.0-180.0 180.0   5.0 450.0                            LAT/LON1/LON2/DLON/H
  183  195  196  201  199  202  204  207  208  211  212  215  215  217  217  217
  215  214  213  212  211  209  209  209  209  208  207  208  207  207  205  204
  202  201  198  196  194  191  189  187  186  185  183  183  183  183  183  183
  184  184  184  184  184  184  184  185  185  185  185  186  186  187  186  187
  187  189  188  188  187  186  196  193  183                                   
    82.5-180.0 180.0   5.0 450.0                            LAT/LON1/LON2/DLON/H
  182  190  189  190  186  192  192  198  198  204  204  208  208  211  210  212
  209  210  207  208  204  206  202  204  200  202  199  201  197  199  194  196
  191  192  186  187  182  182  177  178  174  176  173  175  173  176  174  177
  175  177  175  177  175  177  175  177  176  178  177  178  177  178  177  179
  178  180  179  180  179  178  186  180  182                                   
    80.0-180.0 180.0   5.0 450.0                            LAT/LON1/LON2/DLON/H
  169  177  179  179  181  184  186  188  190  193  194  197  198  200  200  201
  199  199  196  196  194  195  193  195  194  197  194  196  193  195  191  193
  188  189  185  186  181  180  176  175  172  172  170  171  170  171  170  173
  172  174  172  175  173  175  173  176  174  176  173  176  174  175  172  174
  172  174  172  172  171  171  172  172  169                                   
    77.5-180.0 180.0   5.0 450.0                            LAT/LON1/LON2/DLON/H
  165  171  169  170  172  177  181  183  185  187  189  191  192  194  195  196
  193  194  192  193  190  191  191  193  193  195  195  196  193  193  191  190
  187  185  183  180  179  175  175  172  171  170  170  170  170  171  170  173
  172  173  172  174  173  174  173  174  173  173  172  173  171  171  169  170
  168  168  167  166  163  161  163  161  165                                   
    75.0-180.0 180.0   5.0 450.0                            LAT/LON1/LON2/DLON/H
  166  169  170  170  175  176  181  180  185  185  190  188  193  192  196  194
  196  194  196  194  195  195  198  199  202  203  205  206  204  204  201  200
  196  194  191  188  186  184  182  180  179  179  178  178  178  179  178  179
  179  179  178  179  178  178  178  178  176  176  175  175  174  173  172  171
  170  169  168  166  164  163  166  164  166                                   
    72.5-180.0 180.0   5.0 450.0                            LAT/LON1/LON2/DLON/H
  173  177  176  178  181  182  185  185  187  188  191  193  194  197  198  198
  199  198  198  198  201  203  207  210  215  216  219  219  218  215  213  209
  205  201  198  194  192  190  188  186  185  184  183  183  182  183  181  183
  181  182  179  181  178  180  177  177  174  174  171  172  168  170  166  168
  165  167  165  165  163  161  170  164  173                                   
    70.0-180.0 180.0   5.0 450.0                            LAT/LON1/LON2/DLON/H
  174  177  182  184  188  187  191  189  192  191  196  196  200  200  203  202
  203  201  203  202  206  207  214  217  223  225  229  228  228  225  222  219
  214  210  208  204  203  199  199  196  196  193  193  191  192  189  189  186
  187  184  184  182  182  179  178  175  173  170  168  165  164  163  161  161
  161  163  162  163  161  162  167  165  174                                   
    67.5-180.0 180.0   5.0 450.0                            LAT/LON1/LON2/DLON/H
  179  185  187  194  195  197  198  197  197  197  198  201  203  206  206  206
  206  203  206  205  211  213  221  224  231  232  236  236  237  233  229  225
  221  218  213  211  207  204  203  200  199  196  196  194  192  189  187  186
  184  183  181  180  178  175  172  169  164  162  158  157  154  154  153  154
  154  156  155  157  155  156  167  162  179                                   
    65.0-180.0 180.0   5.0 450.0                            LAT/LON1/LON2/DLON/H
  171  180  188  193  200  200  204  201  203  202  207  207  213  214  217  216
  216  213  215  214  220  220  230  231  239  238  242  240  240  236  233  229
  226  223  220  218  216  211  211  207  208  203  203  198  197  190  189  184
  185  181  182  177  177  172  169  163  159  154  150  146  146  144  144  143
  145  144  146  145  145  147  154  155  171                                   
    62.5-180.0 180.0   5.0 450.0                            LAT/LON1/LON2/DLON/H
  162  177  183  195  199  204  204  203  203  205  207  212  215  218  220  220
  219  216  217  216  223  224  233  236  244  244  246  245  244  240  238  235
  233  231  228  226  222  218  217  215  214  211  210  204  200  193  189  186
  186  182  181  177  176  171  167  160  155  148  143  140  138  137  135  135
  135  135  135  134  133  135  143  143  162                                   
    60.0-180.0 180.0   5.0 450.0                            LAT/LON1/LON2/DLON/H
  148  164  175  184  195  197  203  200  204  205  211  215  221  221  225  223
  224  219  221  220  225  228  235  239  246  247  246  245  242  241  238  239
  238  238  237  234  232  227  227  224  225  221  220  214  209  201  195  192
  190  187  185  181  180  174  169  163  155  149  143  139  137  133  132  129
  130  128  127  123  123  123  129  130  148                                   
    57.5-180.0 180.0   5.0 450.0                            LAT/LON1/LON2/DLON/H
  136  153  163  178  186  195  198  199  201  203  208  212  216  219  221  220
  220  217  218  217  222  224  232  237  244  245  245  245  244  244  246  248
  250  249  249  248  245  242  240  240  240  239  235  230  222  213  207  201
  200  195  193  190  188  182  177  169  163  155  150  145  142  138  135  133
  130  127  124  118  115  110  118  116  136                                   
    55.0-180.0 180.0   5.0 450.0                            LAT/LON1/LON2/DLON/H
  126  138  153  163  178  185  194  194  200  202  207  211  215  218  221  221
  222  219  219  218  219  223  227  234  239  245  242  247  243  251  250  260
  259  262  263  259  259  252  255  252  255  252  250  243  236  227  218  214
  211  208  205  202  200  196  191  183  176  169  162  155  153  148  146  142
  139  134  130  121  116  108  112  109  126                                   
    52.5-180.0 180.0   5.0 450.0                            LAT/LON1/LON2/DLON/H
  124  132  142  157  171  184  193  198  202  204  207  207  211  213  216  219
  220  221  220  220  221  222  227  232  241  244  248  251  256  262  268  276
  281  283  283  278  276  271  271  271  273  269  268  259  253  240  235  229
  226  220  219  216  215  210  207  199  192  184  181  172  170  162  161  156
  154  148  144  132  125  114  118  108  124                                   
    50.0-180.0 180.0   5.0 450.0                            LAT/LON1/LON2/DLON/H
  128  127  138  151  167  179  193  198  207  211  214  216  216  218  221  225
  229  228  229  227  227  228  232  239  246  254  255  267  267  282  286  298
  304  305  305  298  297  288  291  288  292  288  288  279  271  259  252  246
  240  237  232  229  227  224  222  217  210  204  197  191  187  181  178  175
  171  167  163  152  143  132  131  122  128                                   
    47.5-180.0 180.0   5.0 450.0                            LAT/LON1/LON2/DLON/H
  143  139  141  155  168  184  198  209  217  222  224  221  220  218  223  228
  233  236  236  235  235  235  241  247  258  263  272  280  291  301  313  322
  329  327  327  318  316  308  310  306  311  306  306  295  289  274  269  260
  255  249  244  239  235  231  228  223  220  213  211  203  203  194  193  189
  187  183  181  170  163  153  154  136  143                                   
    45.0-180.0 180.0   5.0 450.0                            LAT/LON1/LON2/DLON/H
  160  148  152  159  175  191  207  219  229  238  240  241  238  237  239  244
  249  252  252  249  248  250  256  264  272  285  289  306  311  328  338  350
  353  352  349  344  338  334  333  332  332  328  326  313  306  291  286  276
  269  261  251  245  239  233  232  229  228  225  221  217  214  208  205  203
  199  199  195  190  182  177  176  158  160                                   
    42.5-180.0 180.0   5.0 450.0                            LAT/LON1/LON2/DLON/H
  179  167  163  172  184  203  218  233  247  258  263  263  257  252  253  256
  262  266  265  264  262  266  271  281  291  301  313  325  338  352  365  372
  377  373  375  367  367  359  361  354  355  347  343  330  321  308  300  291
  282  271  260  247  241  231  231  229  232  231  231  228  225  219  215  211
  208  203  201  195  192  188  193  174  179                                   
    40.0-180.0 180.0   5.0 450.0                            LAT/LON1/LON2/DLON/H
  191  178  176  181  194  214  234  250  267  279  286  290  286  282  281  284
  287  288  286  284  281  284  291  304  312  326  332  352  364  382  394  404
  408  409  408  405  401  397  392  388  382  375  365  351  340  325  315  303
  291  278  264  251  240  234  232  231  236  235  238  235  232  228  224  222
  215  212  206  206  200  200  199  190  191                                   
    37.5-180.0 180.0   5.0 450.0                            LAT/LON1/LON2/DLON/H
  195  182  178  184  196  217  238  257  276  292  303  309  304  301  297  297
  300  300  298  296  294  301  309  324  334  350  360  378  394  412  426  434
  440  442  446  442  438  429  424  415  406  396  387  370  357  338  329  312
  302  284  270  252  243  233  233  235  241  245  246  246  244  239  237  231
  224  217  211  205  199  198  203  192  195                                   
    35.0-180.0 180.0   5.0 450.0                            LAT/LON1/LON2/DLON/H
  196  185  180  184  200  219  244  261  283  301  314  324  324  326  321  323
  322  324  318  316  313  320  329  346  355  375  385  405  420  441  457  475
  482  494  498  499  492  483  473  459  446  432  417  397  378  361  347  335
  321  308  291  279  265  259  253  256  258  260  264  261  263  258  258  249
  241  230  219  211  202  199  198  194  196                                   
    32.5-180.0 180.0   5.0 450.0                            LAT/LON1/LON2/DLON/H
  188  177  171  176  192  209  236  255  281  301  319  330  334  334  332  335
  334  331  330  326  328  337  347  364  378  397  413  435  456  479  498  521
  531  549  551  556  542  532  513  497  477  462  445  424  406  391  379  357
  343  325  315  298  296  288  294  296  310  314  311  307  300  293  283  272
  262  246  230  212  199  194  198  193  188                                   
    30.0-180.0 180.0   5.0 450.0                            LAT/LON1/LON2/DLON/H
  187  177  161  170  181  202  225  246  272  298  316  335  340  349  347  352
  351  348  344  345  348  358  366  386  398  422  437  464  490  515  536  564
  582  607  619  626  616  597  570  548  524  505  486  465  440  415  393  377
  367  361  353  347  340  338  334  340  343  352  353  354  352  345  341  329
  308  282  260  236  218  206  203  190  187                                   
    27.5-180.0 180.0   5.0 450.0                            LAT/LON1/LON2/DLON/H
  191  169  160  160  171  187  211  231  263  284  310  326  340  350  353  362
  360  360  359  361  368  378  388  402  420  443  472  502  529  555  585  616
  642  670  680  685  665  638  602  579  549  530  503  481  454  435  416  409
  401  403  398  399  391  395  390  398  399  411  412  417  412  409  393  376
  357  324  302  265  237  219  217  196  191                                   
    25.0-180.0 180.0   5.0 450.0                            LAT/LON1/LON2/DLON/H
  186  181  170  162  169  184  205  223  253  279  303  327  342  362  367  378
  377  376  378  383  391  400  410  424  443  473  504  536  566  597  635  673
  706  729  743  727  706  673  636  608  574  551  524  500  473  450  430  426
  419  430  427  440  434  446  438  450  446  458  454  457  440  435  421  411
  388  360  332  304  274  257  239  205  186                                   
    22.5-180.0 180.0   5.0 450.0                            LAT/LON1/LON2/DLON/H
  184  193  178  171  172  185  202  224  246  269  296  318  341  362  374  388
  387  394  398  407  417  426  437  449  474  506  542  576  607  647  690  726
  757  764  758  739  712  676  645  623  600  580  550  523  493  469  450  441
  433  443  441  457  453  469  464  476  476  492  488  496  475  470  442  433
  404  387  353  323  282  277  269  215  184                                   
    20.0-180.0 180.0   5.0 450.0                            LAT/LON1/LON2/DLON/H
  188  219  195  177  175  186  205  221  254  274  301  321  344  365  379  400
  404  411  421  433  445  453  463  479  506  541  575  618  653  693  730  762
  775  778  765  741  709  679  651  641  622  608  579  556  520  498  470  464
  451  459  457  466  465  471  474  483  488  501  503  512  493  482  457  442
  425  405  380  345  310  292  292  228  188                                   
    17.5-180.0 180.0   5.0 450.0                            LAT/LON1/LON2/DLON/H
  206  237  204  190  183  187  204  228  256  280  301  321  343  361  379  402
  410  426  444  460  473  478  492  509  539  575  612  656  691  720  755  769
  778  769  751  725  694  664  649  647  640  625  599  572  540  507  480  461
  449  445  443  447  441  449  450  463  469  484  483  490  470  463  430  430
  404  405  375  365  316  303  301  245  206                                   
    15.0-180.0 180.0   5.0 450.0                            LAT/LON1/LON2/DLON/H
  214  247  212  189  174  186  203  229  264  283  316  329  357  368  388  408
  421  443  462  483  496  507  520  543  572  612  651  690  717  743  759  767
  765  753  729  709  678  664  649  658  651  643  618  592  555  524  495  474
  456  443  438  428  420  417  419  428  435  452  452  455  435  421  398  393
  375  378  360  342  315  305  305  249  214                                   
    12.5-180.0 180.0   5.0 450.0                            LAT/LON1/LON2/DLON/H
  214  241  209  189  174  178  205  236  266  288  315  337  359  375  392  414
  427  454  478  500  517  527  546  571  601  644  679  712  736  746  755  752
  749  732  709  685  667  655  655  663  666  658  633  602  562  529  497  475
  452  435  417  406  389  383  380  390  393  409  405  404  378  374  343  346
  322  336  320  320  296  294  291  247  214                                   
    10.0-180.0 180.0   5.0 450.0                            LAT/LON1/LON2/DLON/H
  209  226  197  174  159  174  196  240  277  299  329  344  374  381  405  421
  440  467  492  518  535  550  569  596  632  673  707  729  739  742  735  733
  720  708  682  676  661  665  663  675  678  671  645  612  570  536  507  486
  463  439  419  398  385  369  371  372  379  383  376  362  333  321  296  291
  274  291  291  284  278  274  269  235  209                                   
     7.5-180.0 180.0   5.0 450.0                            LAT/LON1/LON2/DLON/H
  199  209  189  167  160  163  197  235  280  305  331  353  378  396  415  432
  453  483  506  532  548  567  586  620  654  699  729  746  749  739  731  720
