data/unet/pred0200.15i
     1.0            IONOSPHERE MAPS     GNSS                IONEX VERSION / TYPE
pyspatialgeodesy        IME             05-JAN-18 20:20     PGM / RUN BY / DATE 
Map Name                                                    COMMENT             
Predicted global ionosphere maps (GIM).                     DESCRIPTION         
  2015     1    20     0     0     0                        EPOCH OF FIRST MAP  
  2015     1    21     0     0     0                        EPOCH OF LAST MAP   
  7200                                                      INTERVAL            
    13                                                      # OF MAPS IN FILE   
  NONE                                                      MAPPING FUNCTION    
10.0                                                        ELEVATION CUTOFF    
One-way carrier phase leveled to code                       OBSERVABLES USED    
  6371.0                                                    BASE RADIUS         
 2                                                          MAP DIMENSION       
   450.0 450.0   0.0                                        HGT1 / HGT2 / DHGT  
    87.5 -87.5  -2.5                                        LAT1 / LAT2 / DLAT  
  -180.0 180.0   5.0                                        LON1 / LON2 / DLON  
    -1                                                      EXPONENT            
                                                            END OF HEADER       
[from data line 2145]
     6                                                      START OF TEC MAP    
  2015     1    20    10     0     0                        EPOCH OF CURRENT MAP
    87.5-180.0 180.0   5.0 450.0                            LAT/LON1/LON2/DLON/H
   36   56   42   43   42   44   44   46   44   48   46   50   46   51   45   49
   44   47   43   44   40   43   40   41   38   40   38   39   36   39   37   38
   36   38   37   38   35   37   36   36   35   36   35   35   33   34   33   33
   31   33   31   32   30   32   30   32   30   32   30   31   30   32   31   32
   31   33   33   34   34   34   35   33   36                                   
    85.0-180.0 180.0   5.0 450.0                            LAT/LON1/LON2/DLON/H
   59   52   47   52   48   52   51   55   53   57   55   57   55   57   54   55
   51   53   48   49   44   46   42   44   40   44   41   44   41   44   42   46
   42   46   43   46   43   45   43   45   42   43   42   42   39   40   37   38
   34   35   32   32   30   31   29   29   28   29   29   29   29   31   31   32
   34   35   36   36   39   42   46   37   59                                   
    82.5-180.0 180.0   5.0 450.0                            LAT/LON1/LON2/DLON/H
   45   59   47   52   47   51   50   57   54   60   56   61   54   60   52   57
   49   54   46   49   42   46   40   43   38   43   39   42   39   43   40   43
   40   45   42   46   43   48   44   48   44   47   43   45   40   43   38   39
   33   35   29   30   25   27   22   24   20   22   18   20   17   20   18   22
   21   25   24   27   29   33   40   23   45                                   
    80.0-180.0 180.0   5.0 450.0                            LAT/LON1/LON2/DLON/H
   46   53   42   43   43   46   49   51   54   54   55   55   54   53   52   51
   50   48   46   43   42   40   38   37   37   37   36   37   37   39   38   41
   40   43   43   46   45   49   49   52   51   54   52   53   51   51   48   47
   43   42   37   37   31   32   27   27   23   24   20   21   17   21   18   22
   20   25   23   25   26   30   38   24   46                                   
    77.5-180.0 180.0   5.0 450.0                            LAT/LON1/LON2/DLON/H
   38   51   42   43   44   45   49   51   54   54   56   56   56   55   54   54
   52   51   49   47   46   44   42   40   40   39   40   39   41   41   43   43
   46   48   51   53   56   59   62   65   66   69   70   71   70   70   68   67
   64   62   59   56   53   50   47   44   42   38   37   34   33   31   31   30
   31   31   33   31   33   33   38   18   38                                   
    75.0-180.0 180.0   5.0 450.0                            LAT/LON1/LON2/DLON/H
   35   43   39   40   42   44   49   50   54   54   56   55   55   54   52   52
   50   50   47   47   44   44   40   40   37   38   35   37   36   40   39   44
   44   51   52   58   60   68   69   76   78   86   87   92   90   94   90   92
   87   87   82   80   74   72   66   63   57   53   48   46   42   43   40   41
   39   40   39   40   36   38   41   20   35                                   
    72.5-180.0 180.0   5.0 450.0                            LAT/LON1/LON2/DLON/H
   36   45   38   41   40   42   46   48   51   53   54   55   53   54   51   51
   48   49   46   47   45   45   42   41   39   37   37   36   37   37   41   43
   48   52   57   63   69   75   81   86   93  102  107  113  115  119  119  119
  116  115  110  106   99   93   87   78   72   66   61   56   54   50   50   47
   47   45   47   43   41   38   42   19   36                                   
    70.0-180.0 180.0   5.0 450.0                            LAT/LON1/LON2/DLON/H
   36   38   38   39   41   43   48   50   54   55   56   53   53   51   51   49
   49   48   48   48   49   48   48   45   44   40   39   38   39   40   43   47
   52   58   65   72   82   89   97  106  115  126  131  140  142  148  147  148
  144  142  135  130  122  113  105   95   87   78   71   65   61   58   56   54
   53   52   51   49   44   43   43   24   36                                   
    67.5-180.0 180.0   5.0 450.0                            LAT/LON1/LON2/DLON/H
   35   43   38   42   40   43   46   49   52   54   53   54   51   51   48   49
   48   49   50   50   52   51   50   46   43   40   38   36   38   38   43   48
   56   64   74   84   93  105  114  125  133  145  152  162  169  173  174  172
  169  163  156  147  137  124  115  102   95   83   77   68   63   58   56   53
   53   50   51   48   46   42   46   24   35                                   
    65.0-180.0 180.0   5.0 450.0                            LAT/LON1/LON2/DLON/H
   35   39   40   41   42   46   48   52   53   55   55   55   54   52   50   50
   48   49   48   50   51   51   50   46   43   38   36   35   36   39   44   52
   61   72   83   97  108  120  131  142  152  163  174  185  191  196  194  193
  188  184  173  161  147  131  120  104   97   83   77   66   61   55   53   50
   49   48   46   49   45   47   46   26   35                                   
    62.5-180.0 180.0   5.0 450.0                            LAT/LON1/LON2/DLON/H
   35   46   40   43   40   44   46   50   51   54   53   54   52   52   49   50
   48   48   47   49   49   49   47   43   39   35   33   32   33   37   44   54
   65   78   92  108  120  133  143  156  167  180  190  200  205  208  208  205
  202  195  185  169  152  135  119  105   92   80   70   61   55   49   45   42
   40   39   41   42   43   43   47   26   35                                   
    60.0-180.0 180.0   5.0 450.0                            LAT/LON1/LON2/DLON/H
   36   42   43   43   42   45   46   50   51   52   53   51   52   49   47   47
   43   42   39   41   41   41   40   38   33   32   29   30   31   37   46   60
   72   89  104  123  137  150  163  174  186  198  208  218  220  222  218  218
  209  201  188  172  154  134  119  104   93   80   71   61   55   47   42   36
   34   34   34   41   39   47   46   26   36                                   
    57.5-180.0 180.0   5.0 450.0                            LAT/LON1/LON2/DLON/H
   37   50   46   45   41   42   41   45   45   47   47   47   46   45   43   43
   41   39   37   36   35   35   33   31   29   26   27   28   33   40   52   67
   83  101  119  137  151  165  177  189  200  213  220  226  228  230  229  223
  217  205  194  175  157  138  122  108   97   85   74   65   56   49   41   35
   31   30   33   36   40   45   48   26   37                                   
    55.0-180.0 180.0   5.0 450.0                            LAT/LON1/LON2/DLON/H
   41   48   49   45   42   42   41   42   43   43   43   42   42   41   40   40
   35   34   29   31   27   30   26   28   24   27   25   32   37   49   62   80
   98  120  136  157  172  187  197  209  219  231  234  241  240  243  237  234
  222  213  197  181  161  144  128  117  106   97   88   77   68   58   50   42
   37   35   35   42   42   50   50   30   41                                   
    52.5-180.0 180.0   5.0 450.0                            LAT/LON1/LON2/DLON/H
   45   56   54   50   43   41   36   39   37   39   38   39   39   39   36   37
   34   33   29   30   28   30   29   28   28   28   30   37   47   61   77   94
  115  134  153  170  186  199  210  222  231  239  244  246  249  249  245  239
  232  218  207  188  174  156  143  131  122  112  104   93   82   72   62   54
   46   44   44   47   49   53   56   36   45                                   
    50.0-180.0 180.0   5.0 450.0                            LAT/LON1/LON2/DLON/H
   51   56   57   52   46   44   39   39   36   38   37   39   38   38   38   39
   36   37   32   35   33   37   34   37   33   37   37   49   59   77   92  116
  132  155  170  190  201  215  225  235  242  251  253  259  258  260  253  250
  238  230  216  202  186  171  157  146  139  130  123  115  104   92   80   71
   63   60   55   60   57   61   60   43   51                                   
    47.5-180.0 180.0   5.0 450.0                            LAT/LON1/LON2/DLON/H
   57   66   64   59   52   49   42   42   38   39   39   40   40   40   41   43
   43   44   42   46   46   50   49   48   45   45   48   59   72   91  108  129
  148  166  183  200  213  224  233  239  247  253  260  264  265  262  258  253
  246  236  227  212  202  184  173  159  153  143  137  127  119  107   95   85
   76   70   68   66   65   64   66   49   57                                   
    45.0-180.0 180.0   5.0 450.0                            LAT/LON1/LON2/DLON/H
   63   65   67   64   58   57   51   50   46   48   45   47   46   48   50   53
   54   57   57   63   64   68   65   64   58   58   60   72   84  104  121  144
  159  180  194  213  226  236  244  248  253  260  265  270  266  267  262  261
  253  248  236  225  213  197  183  169  161  150  144  136  126  117  104   97
   84   81   73   74   69   69   67   55   63                                   
    42.5-180.0 180.0   5.0 450.0                            LAT/LON1/LON2/DLON/H
   65   71   71   71   66   66   60   60   57   57   55   55   56   56   59   61
   65   69   71   77   80   83   80   77   69   66   68   79   92  111  128  148
  165  183  201  220  237  247  253  256  259  264  268  270  269  266  265  262
  257  250  242  230  220  204  191  175  164  153  144  134  125  115  104   97
   87   82   76   73   70   66   67   56   65                                   
    40.0-180.0 180.0   5.0 450.0                            LAT/LON1/LON2/DLON/H
   68   65   72   72   71   73   70   72   68   70   67   70   68   70   71   76
   79   85   88   95   97  100   97   93   84   79   79   89  102  120  135  156
  169  191  207  232  249  262  268  269  269  272  272  275  271  272  268  269
  262  259  250  241  227  213  196  180  166  154  143  134  122  114  102   98
   85   82   73   73   69   65   61   51   68                                   
    37.5-180.0 180.0   5.0 450.0                            LAT/LON1/LON2/DLON/H
   67   68   71   75   73   77   75   78   76   79   78   79   78   78   81   84
   90   94   99  105  107  109  106  102   92   87   85   94  106  123  135  153
  169  190  213  239  261  276  282  284  283  284  284  282  280  278  276  273
  269  264  257  246  235  219  206  189  175  161  150  137  128  115  105   98
   87   80   73   70   68   62   60   48   67                                   
    35.0-180.0 180.0   5.0 450.0                            LAT/LON1/LON2/DLON/H
   67   62   68   70   71   78   78   82   82   87   87   91   89   91   92   96
  100  106  111  116  119  119  116  110  101   96   96  105  119  133  147  163
  179  203  228  255  277  294  302  304  302  302  300  300  296  297  292  293
  286  285  275  267  252  240  223  209  195  180  169  156  143  133  119  111
   96   89   79   77   72   66   59   43   67                                   
    32.5-180.0 180.0   5.0 450.0                            LAT/LON1/LON2/DLON/H
   66   65   63   68   65   72   72   78   80   87   89   94   96   97  100  102
  108  113  117  121  122  120  116  109  101   97  100  111  124  140  151  167
  185  209  237  266  290  311  323  324  323  326  325  324  323  321  319  315
  313  308  304  292  281  267  253  238  225  212  200  185  176  164  153  140
  127  114  101   93   90   77   71   50   66                                   
    30.0-180.0 180.0   5.0 450.0                            LAT/LON1/LON2/DLON/H
   73   65   63   62   63   67   69   73   78   84   89   96  100  102  106  110
  113  119  122  124  122  120  116  111  105  105  110  123  140  154  168  179
  200  219  252  279  306  327  340  346  346  351  352  357  357  360  355  358
  352  356  348  347  332  322  303  288  274  260  248  236  224  213  200  189
  174  157  139  131  120  105   88   66   73                                   
    27.5-180.0 180.0   5.0 450.0                            LAT/LON1/LON2/DLON/H
   92   82   71   66   61   62   61   63   67   74   82   90   96  101  106  110
  114  119  121  120  117  112  109  104  103  105  115  131  148  165  176  188
  206  228  259  291  321  343  361  369  372  380  384  391  395  398  398  399
  401  402  405  402  399  387  375  357  344  328  314  299  288  275  263  246
  232  215  198  182  167  139  122   92   92                                   
    25.0-180.0 180.0   5.0 450.0                            LAT/LON1/LON2/DLON/H
  120  103   88   76   68   65   63   62   65   69   77   85   92   98  104  109
  113  118  118  117  112  109  106  105  105  113  124  147  164  181  191  202
  224  241  276  309  341  364  383  397  404  414  420  427  432  437  435  444
  446  459  460  467  461  461  448  436  422  405  388  373  358  344  330  313
  298  282  264  246  228  191  163  142  120                                   
    22.5-180.0 180.0   5.0 450.0                            LAT/LON1/LON2/DLON/H
  160  137  118  101   87   77   69   64   62   65   69   76   84   91   95  101
  106  113  112  110  104  101   99   99  103  114  130  150  172  186  203  215
  238  255  290  319  358  378  403  421  435  446  454  461  468  469  473  475
  490  497  511  512  517  514  508  497  486  468  451  434  419  404  389  377
  366  352  333  313  291  254  212  200  160                                   
    20.0-180.0 180.0   5.0 450.0                            LAT/LON1/LON2/DLON/H
  203  167  152  133  115  102   90   78   73   68   73   75   82   85   89   94
  100  106  108  107  102  101   99  105  108  123  136  161  180  201  219  233
  257  271  302  334  367  390  419  442  463  474  489  495  502  499  497  500
  512  530  544  555  559  561  554  540  532  515  501  482  465  445  427  416
  407  399  381  368  344  303  269  266  203                                   
    17.5-180.0 180.0   5.0 450.0                            LAT/LON1/LON2/DLON/H
  240  203  185  172  152  133  119  104   91   83   79   79   80   83   84   87
   91  100  101  103   98   97   97  103  109  120  137  158  185  205  231  247
  270  283  312  343  378  402  434  463  483  500  515  523  524  512  514  513
  534  550  569  578  584  582  575  562  556  542  534  513  490  468  447  437
  427  417  403  391  375  345  314  305  240                                   
    15.0-180.0 180.0   5.0 450.0                            LAT/LON1/LON2/DLON/H
  267  229  209  199  181  166  148  129  114   98   91   84   84   82   83   84
   86   92   97   97   96   96   98  104  109  123  134  162  187  218  244  264
  280  297  321  355  384  408  443  474  503  521  539  543  547  534  531  534
  545  565  578  593  592  585  576  559  553  540  534  510  489  462  444  433
  425  410  399  386  373  351  331  326  267                                   
    12.5-180.0 180.0   5.0 450.0                            LAT/LON1/LON2/DLON/H
  272  244  229  221  205  194  178  161  141  120  108   96   90   86   85   85
   87   91   95   96   95   94  100  104  112  122  136  157  192  222  251  271
  290  310  338  370  391  417  450  484  509  532  548  553  556  542  545  540
  556  566  584  584  582  573  560  543  534  521  513  491  470  448  430  414
  399  382  363  352  345  334  323  311  272                                   
    10.0-180.0 180.0   5.0 450.0                            LAT/LON1/LON2/DLON/H
  263  248  240  234  222  210  198  182  163  141  121  104   97   87   87   85
   88   89   95   93   94   93  100  106  114  126  137  162  193  227  254  277
  294  319  344  376  398  425  459  488  520  541  563  565  568  556  553  552
  558  567  575  571  567  557  545  529  517  502  494  468  454  421  408  380
  362  340  322  308  303  297  290  287  263                                   
     7.5-180.0 180.0   5.0 450.0                            LAT/LON1/LON2/DLON/H
  239  237  238  236  224  219  210  198  182  160  141  121  109   99   95   92
   95   95   97   93   92   93   98  107  117  130  146  169  199  230  259  281
