data/unet/pred2340.15i
     1.0            IONOSPHERE MAPS     GNSS                IONEX VERSION / TYPE
pyspatialgeodesy        IME             05-JAN-18 20:20     PGM / RUN BY / DATE 
Map Name                                                    COMMENT             
Predicted global ionosphere maps (GIM).                     DESCRIPTION         
  2015     8    22     0     0     0                        EPOCH OF FIRST MAP  
  2015     8    23     0     0     0                        EPOCH OF LAST MAP   
  7200                                                      INTERVAL            
    13                                                      # OF MAPS IN FILE   
  NONE                                                      MAPPING FUNCTION    
10.0                                                        ELEVATION CUTOFF    
One-way carrier phase leveled to code                       OBSERVABLES USED    
  6371.0                                                    BASE RADIUS         
 2                                                          MAP DIMENSION       
   450.0 450.0   0.0                                        HGT1 / HGT2 / DHGT  
    87.5 -87.5  -2.5                                        LAT1 / LAT2 / DLAT  
  -180.0 180.0   5.0                                        LON1 / LON2 / DLON  
    -1                                                      EXPONENT            
                                                            END OF HEADER       
[from data line 1716]
     5                                                      START OF TEC MAP    
  2015     8    22     8     0     0                        EPOCH OF CURRENT MAP
    87.5-180.0 180.0   5.0 450.0                            LAT/LON1/LON2/DLON/H
   85   95   98   98   97   97   98   99  101  102  104  104  106  105  107  106
  107  105  106  104  105  102  103  101  102   99  100   98   99   96   97   95
   96   94   94   92   92   91   90   89   89   88   88   87   87   87   87   86
   86   86   87   87   87   87   87   87   87   87   86   86   86   86   85   86
   86   87   87   88   91   89   96   86   85                                   
    85.0-180.0 180.0   5.0 450.0                            LAT/LON1/LON2/DLON/H
   90  102  100  107  105  105  107  110  112  113  115  115  117  117  118  117
  118  117  117  116  116  115  114  113  113  112  112  111  111  110  110  108
  109  107  107  105  105  102  102   99   98   97   96   95   95   94   94   94
   94   95   95   95   96   96   96   96   96   95   95   94   94   93   93   92
   92   92   93   93   97   93  100   88   90                                   
    82.5-180.0 180.0   5.0 450.0                            LAT/LON1/LON2/DLON/H
   94   99   98  101  101  102  105  108  110  111  113  113  115  114  115  114
  115  113  115  113  113  112  112  110  111  109  110  108  109  108  108  107
  107  105  105  103  102   99   99   96   95   93   93   91   92   91   93   92
   94   93   96   95   98   97   99   97   98   96   96   93   94   91   91   88
   89   87   89   88   90   88   94   86   94                                   
    80.0-180.0 180.0   5.0 450.0                            LAT/LON1/LON2/DLON/H
   92   89   93   93   93   96   98  100  102  103  105  105  106  105  107  105
  106  104  105  102  104  101  102  101  101  100  100  100  100   99  100   99
   99   99   98   98   97   95   94   92   91   90   91   90   91   91   93   93
   96   96   98   99  100  101  100  101   99   98   95   95   91   90   86   86
   83   83   82   84   84   81   84   85   92                                   
    77.5-180.0 180.0   5.0 450.0                            LAT/LON1/LON2/DLON/H
   87   91   89   90   92   92   95   95   97   96   98   97   98   96   98   96
   97   95   96   94   94   92   93   91   92   90   92   91   92   91   94   93
   95   93   96   93   95   92   94   91   91   90   93   92   95   96  100  101
  105  106  110  111  113  112  113  111  111  106  106  101  100   94   93   88
   88   84   85   83   85   81   85   78   87                                   
    75.0-180.0 180.0   5.0 450.0                            LAT/LON1/LON2/DLON/H
   91   84   85   83   85   83   87   86   88   87   87   86   87   86   86   85
   85   84   84   83   82   81   81   80   79   79   80   80   82   83   86   87
   89   91   93   93   94   93   94   92   93   93   96   97  101  102  108  109
  114  115  120  120  123  121  123  118  118  113  111  105  104   98   96   91
   89   86   86   83   85   80   85   78   91                                   
    72.5-180.0 180.0   5.0 450.0                            LAT/LON1/LON2/DLON/H
   89   86   80   79   78   77   79   77   78   76   77   75   76   75   76   75
   76   74   76   73   74   71   71   69   69   68   69   69   72   74   77   80
   84   86   90   91   93   92   94   92   94   94   98   99  103  106  111  114
  118  121  125  125  126  125  125  122  120  116  113  109  107  102  100   95
   94   89   90   86   87   83   88   80   89                                   
    70.0-180.0 180.0   5.0 450.0                            LAT/LON1/LON2/DLON/H
   94   81   80   76   75   71   73   70   71   69   70   68   70   69   71   69
   71   69   70   68   69   66   65   64   63   63   63   65   67   70   74   78
   83   88   92   96   97   99   99   98  100  100  106  107  113  115  122  124
  129  128  132  130  131  127  127  121  121  115  114  110  110  105  104  101
  100   97   97   94   94   87   91   83   94                                   
    67.5-180.0 180.0   5.0 450.0                            LAT/LON1/LON2/DLON/H
   94   86   77   73   69   66   66   63   63   60   60   60   60   61   62   63
   64   63   64   62   62   59   59   57   57   56   57   58   61   64   68   74
   78   84   88   94   96   99   99  101  102  105  109  113  117  122  127  129
  131  130  130  127  124  120  117  114  111  107  106  104  105  103  104  102
  102  100  101   99   98   93   94   86   94                                   
    65.0-180.0 180.0   5.0 450.0                            LAT/LON1/LON2/DLON/H
   98   83   78   72   68   62   61   58   57   55   56   56   57   58   60   60
   62   60   62   60   59   57   56   56   55   56   56   59   61   64   69   73
   79   86   90   98   99  104  103  108  108  113  117  123  128  132  136  136
  136  131  129  123  120  114  110  105  104   99  100   99  102  102  105  105
  106  106  108  106  106   99  100   92   98                                   
    62.5-180.0 180.0   5.0 450.0                            LAT/LON1/LON2/DLON/H
  100   92   80   73   66   61   57   54   52   50   51   51   52   53   54   56
   55   55   54   53   51   50   49   50   51   52   54   56   59   62   66   71
   76   83   87   96   98  104  105  109  112  118  123  130  134  139  140  139
  135  130  124  118  113  107  101   97   94   92   91   92   95   98  101  102
  105  106  109  109  110  106  104   98  100                                   
    60.0-180.0 180.0   5.0 450.0                            LAT/LON1/LON2/DLON/H
  104   91   84   74   69   60   57   52   49   47   47   48   50   51   52   52
   52   50   49   47   45   45   44   47   49   53   55   60   62   66   69   73
   77   84   90   99  102  109  110  116  119  126  132  140  145  148  148  145
  138  131  124  117  112  105  100   95   92   90   89   91   95   98  102  105
  108  111  115  115  118  111  109  106  104                                   
    57.5-180.0 180.0   5.0 450.0                            LAT/LON1/LON2/DLON/H
  110  104   93   81   72   65   59   53   49   46   46   45   47   47   47   46
   44   42   39   36   35   34   35   38   43   47   53   57   61   64   68   71
   76   84   89   99  103  110  112  119  123  132  139  148  153  156  154  149
  142  134  127  121  116  110  105  100   98   95   94   95   98  100  102  104
  107  110  114  116  119  115  113  110  110                                   
    55.0-180.0 180.0   5.0 450.0                            LAT/LON1/LON2/DLON/H
  118  109  102   90   82   70   64   55   50   45   43   43   43   43   42   41
   39   35   32   29   27   27   29   34   40   46   53   59   63   67   70   74
   78   87   92  104  108  116  119  126  132  140  150  158  166  166  165  159
  151  144  137  132  128  123  119  114  112  107  106  105  107  107  109  110
  112  114  119  120  125  119  119  121  118                                   
    52.5-180.0 180.0   5.0 450.0                            LAT/LON1/LON2/DLON/H
  125  123  113  101   90   79   70   61   53   47   44   41   40   39   38   36
   33   29   25   22   20   20   23   27   34   40   48   54   60   64   68   71
   77   86   93  106  112  121  124  133  138  149  158  168  174  177  175  169
  162  157  151  148  144  141  136  131  127  123  119  118  118  117  115  115
  114  116  118  121  124  124  125  125  125                                   
    50.0-180.0 180.0   5.0 450.0                            LAT/LON1/LON2/DLON/H
  133  125  122  113  103   89   81   68   60   50   45   41   38   37   35   33
   30   27   23   21   19   20   22   28   33   39   46   53   59   65   69   75
   80   91  100  114  122  131  136  143  151  159  171  178  187  189  189  183
  178  173  170  166  163  159  154  148  144  139  135  132  132  130  129  125
  125  123  126  125  130  126  130  132  133                                   
    47.5-180.0 180.0   5.0 450.0                            LAT/LON1/LON2/DLON/H
  140  135  129  119  109   99   88   76   66   55   49   43   41   37   35   33
   31   28   25   23   22   23   25   28   32   36   42   48   55   61   67   72
   79   91  102  118  127  138  142  152  157  168  176  188  193  200  198  196
  191  188  184  182  177  172  165  160  154  149  145  144  142  140  135  133
  129  128  127  128  129  129  129  133  140                                   
    45.0-180.0 180.0   5.0 450.0                            LAT/LON1/LON2/DLON/H
  142  133  132  126  118  106   98   85   76   63   56   49   44   41   38   37
   34   32   30   30   30   32   32   35   36   38   41   47   54   60   67   74
   82   96  109  126  137  149  155  162  169  177  187  196  205  210  211  209
  205  203  199  195  188  180  171  165  159  155  152  152  152  151  148  145
  142  138  138  135  137  132  133  136  142                                   
    42.5-180.0 180.0   5.0 450.0                            LAT/LON1/LON2/DLON/H
  141  136  131  124  116  109  102   91   82   70   63   54   51   46   45   41
   41   39   39   38   41   41   43   41   42   40   43   45   53   59   67   74
   83   97  112  130  142  155  161  169  173  184  191  204  211  219  219  219
  216  214  210  205  195  185  175  166  160  157  155  157  157  157  154  154
  150  149  144  142  138  134  131  137  141                                   
    40.0-180.0 180.0   5.0 450.0                            LAT/LON1/LON2/DLON/H
  139  130  127  123  117  109  106   95   90   79   74   63   60   55   53   50
   49   48   48   48   51   52   52   49   49   44   46   47   54   61   69   76
   85  101  116  135  149  162  169  174  181  188  199  210  221  228  231  232
  229  228  222  215  202  190  178  170  165  162  163  165  167  167  167  166
  164  163  160  154  149  136  134  137  139                                   
    37.5-180.0 180.0   5.0 450.0                            LAT/LON1/LON2/DLON/H
  133  129  122  116  110  106  102   95   91   83   79   70   68   61   61   57
   58   55   57   55   60   59   62   57   56   50   50   50   58   63   72   79
   89  102  118  136  150  163  170  177  182  192  201  215  225  236  241  244
  243  242  238  231  220  208  195  187  182  180  178  180  180  181  179  180
  178  178  172  164  154  142  134  138  133                                   
    35.0-180.0 180.0   5.0 450.0                            LAT/LON1/LON2/DLON/H
  136  125  118  111  105   99   98   93   93   87   88   80   80   71   71   66
   66   63   64   62   66   63   68   61   62   53   56   53   62   67   76   83
   91  107  120  139  152  165  172  179  187  196  209  221  234  246  256  261
  264  265  261  256  245  236  225  219  213  209  204  205  201  200  196  196
  193  195  188  180  169  151  143  144  136                                   
    32.5-180.0 180.0   5.0 450.0                            LAT/LON1/LON2/DLON/H
  135  128  117  107   99   95   94   90   91   88   90   85   84   78   77   71
   71   67   68   65   68   67   71   67   65   60   58   60   64   72   79   86
   95  107  124  139  153  162  171  179  188  200  212  227  241  257  270  281
  286  292  291  290  284  278  270  265  259  252  243  238  231  225  219  216
  212  212  205  196  183  165  153  153  135                                   
    30.0-180.0 180.0   5.0 450.0                            LAT/LON1/LON2/DLON/H
  147  133  119  108  100   92   91   86   89   87   92   87   91   84   85   78
   79   72   75   67   73   66   76   68   72   62   66   61   72   75   86   91
   99  113  126  142  154  165  172  183  193  205  220  234  251  266  286  300
  311  320  329  334  336  335  332  326  319  306  291  279  266  255  245  240
  234  234  226  217  203  184  170  166  147                                   
    27.5-180.0 180.0   5.0 450.0                            LAT/LON1/LON2/DLON/H
  158  145  130  115  104   94   92   85   88   86   91   88   91   85   86   81
   81   77   78   73   76   74   78   75   75   73   69   72   74   81   88   94
  102  113  127  140  152  163  172  182  197  209  225  240  257  276  297  316
  331  347  361  373  382  390  391  388  377  362  342  325  307  290  276  265
  258  253  247  235  224  205  190  180  158                                   
    25.0-180.0 180.0   5.0 450.0                            LAT/LON1/LON2/DLON/H
  178  165  147  130  115  102   96   89   89   87   91   89   92   87   89   84
   84   81   82   77   82   79   86   82   85   79   79   75   79   81   90   96
  103  116  129  143  155  168  176  190  203  218  232  248  267  284  310  330
  350  371  393  412  431  442  447  444  432  410  391  368  351  335  315  302
  287  282  271  259  248  231  216  206  178                                   
    22.5-180.0 180.0   5.0 450.0                            LAT/LON1/LON2/DLON/H
  196  186  168  149  131  115  106   96   94   90   92   89   91   87   88   85
   86   84   87   85   89   88   93   93   94   91   85   82   80   84   88   96
  105  119  132  145  155  167  179  191  210  223  242  256  276  294  319  342
  364  389  413  439  459  477  484  482  471  450  428  404  388  369  353  334
  319  307  298  283  272  254  239  223  196                                   
    20.0-180.0 180.0   5.0 450.0                            LAT/LON1/LON2/DLON/H
  214  205  187  169  148  133  118  110  101   98   97   94   93   91   91   88
   90   89   94   93   99   99  104  102  104   98   93   87   83   82   88   98
  108  123  137  149  161  175  186  204  218  236  254  269  287  305  333  356
  378  404  429  453  474  489  498  496  487  468  454  435  422  405  388  372
  353  341  328  314  300  278  259  249  214                                   
    17.5-180.0 180.0   5.0 450.0                            LAT/LON1/LON2/DLON/H
  232  220  206  186  168  150  136  123  114  109  105  100   97   93   92   90
   90   93   96  101  105  107  112  111  110  105   94   87   82   81   89   99
  112  129  142  154  166  181  194  210  229  247  265  279  297  317  342  365
  385  410  433  456  473  486  490  490  484  473  462  449  441  425  413  393
  380  361  352  335  321  300  277  262  232                                   
    15.0-180.0 180.0   5.0 450.0                            LAT/LON1/LON2/DLON/H
  245  234  216  199  178  167  150  141  128  124  116  111  104  101   98   96
   97   98  105  108  114  115  120  118  117  106   97   84   82   77   87  101
  116  131  146  158  172  190  203  222  240  260  279  294  315  334  361  379
  399  417  436  453  464  472  473  473  472  464  462  455  453  443  434  417
  402  387  376  361  343  319  296  283  245                                   
    12.5-180.0 180.0   5.0 450.0                            LAT/LON1/LON2/DLON/H
  259  244  230  210  192  176  165  153  144  138  130  124  116  112  106  103
  100  103  103  110  113  115  118  117  115  107   93   83   79   80   91  106
  122  133  146  161  178  195  212  229  250  269  287  305  325  348  370  389
  405  420  431  442  447  448  443  445  447  448  448  448  452  445  441  427
  416  399  389  372  356  334  310  293  259                                   
    10.0-180.0 180.0   5.0 450.0                            LAT/LON1/LON2/DLON/H
  267  255  237  220  199  185  171  165  153  153  142  139  128  124  116  112
  106  107  107  110  114  114  118  115  113  102   93   81   83   81   93  108
  120  134  147  166  181  202  217  238  259  279  300  318  343  362  386  401
  417  425  431  435  433  430  424  428  435  438  443  446  453  452  451  442
  429  415  399  384  368  345  321  308  267                                   
     7.5-180.0 180.0   5.0 450.0                            LAT/LON1/LON2/DLON/H
  277  265  251  234  214  194  183  172  165  161  155  148  140  133  126  120
  113  111  107  109  106  108  107  107  104   99   91   84   83   87   97  111
