data/unet/pred0840.15i
     1.0            IONOSPHERE MAPS     GNSS                IONEX VERSION / TYPE
pyspatialgeodesy        IME             05-JAN-18 20:20     PGM / RUN BY / DATE 
Map Name                                                    COMMENT             
Predicted global ionosphere maps (GIM).                     DESCRIPTION         
  2015     3    25     0     0     0                        EPOCH OF FIRST MAP  
  2015     3    26     0     0     0                        EPOCH OF LAST MAP   
  7200                                                      INTERVAL            
    13                                                      # OF MAPS IN FILE   
  NONE                                                      MAPPING FUNCTION    
10.0                                                        ELEVATION CUTOFF    
One-way carrier phase leveled to code                       OBSERVABLES USED    
  6371.0                                                    BASE RADIUS         
 2                                                          MAP DIMENSION       
   450.0 450.0   0.0                                        HGT1 / HGT2 / DHGT  
    87.5 -87.5  -2.5                                        LAT1 / LAT2 / DLAT  
  -180.0 180.0   5.0                                        LON1 / LON2 / DLON  
    -1                                                      EXPONENT            
                                                            END OF HEADER       
[from data line 5148]
    13                                                      START OF TEC MAP    
  2015     3    26     0     0     0                        EPOCH OF CURRENT MAP
    87.5-180.0 180.0   5.0 450.0                            LAT/LON1/LON2/DLON/H
  188  165  167  166  164  163  165  165  166  167  167  167  166  166  164  163
  161  161  159  157  155  153  150  146  144  140  138  134  133  130  129  126
  126  125  126  126  127  128  130  131  134  135  139  139  143  144  148  149
  152  153  155  155  158  159  161  161  163  164  165  166  167  168  168  168
  168  167  165  165  167  166  165  188  188                                   
    85.0-180.0 180.0   5.0 450.0                            LAT/LON1/LON2/DLON/H
  168  171  175  175  173  171  173  173  174  175  176  177  177  178  177  177
  175  175  172  171  167  164  160  156  152  148  144  139  136  132  129  125
  124  122  123  121  123  123  127  127  131  133  138  139  145  147  151  154
  158  161  164  167  169  172  173  176  177  180  180  182  182  184  182  183
  181  181  179  178  179  174  172  167  168                                   
    82.5-180.0 180.0   5.0 450.0                            LAT/LON1/LON2/DLON/H
  174  175  173  174  172  171  172  173  176  177  181  182  185  185  187  186
  186  184  183  179  176  171  167  161  157  150  146  139  135  128  126  119
  119  113  115  111  114  112  117  117  123  124  132  133  140  142  149  150
  156  158  164  166  171  173  178  179  183  184  186  186  189  188  189  186
  188  185  186  183  185  179  176  174  174                                   
    80.0-180.0 180.0   5.0 450.0                            LAT/LON1/LON2/DLON/H
  180  179  176  176  174  175  175  179  181  186  189  193  195  199  199  201
  199  198  194  191  186  181  175  169  163  157  150  144  137  131  125  120
  116  113  112  110  111  112  115  117  121  124  129  133  137  140  145  147
  152  155  160  164  169  172  177  180  183  186  188  189  191  192  191  191
  191  191  191  191  192  188  185  185  180                                   
    77.5-180.0 180.0   5.0 450.0                            LAT/LON1/LON2/DLON/H
  186  183  180  179  177  178  179  184  188  195  200  206  209  213  215  215
  214  211  207  202  196  190  184  178  172  165  159  151  145  138  132  126
  120  117  114  113  112  112  114  116  118  122  125  129  132  136  139  143
  146  150  154  159  163  167  171  176  179  182  184  186  187  188  188  188
  188  189  189  191  193  191  191  192  186                                   
    75.0-180.0 180.0   5.0 450.0                            LAT/LON1/LON2/DLON/H
  197  194  191  188  184  184  185  190  197  204  212  217  223  226  228  227
  224  220  214  208  201  196  189  185  179  174  168  163  156  149  142  136
  129  125  121  119  118  117  119  119  122  124  127  129  131  133  135  137
  140  142  147  150  155  159  164  169  173  178  180  183  184  185  184  184
  185  186  189  192  197  197  198  200  197                                   
    72.5-180.0 180.0   5.0 450.0                            LAT/LON1/LON2/DLON/H
  212  208  205  198  192  190  191  196  204  212  221  227  234  236  237  232
  228  220  213  204  198  192  188  184  181  178  174  168  163  155  148  140
  135  129  125  122  120  119  119  119  120  121  123  122  123  122  123  123
  125  128  131  135  139  145  150  156  163  167  172  174  176  177  176  177
  178  180  184  189  196  200  205  211  212                                   
    70.0-180.0 180.0   5.0 450.0                            LAT/LON1/LON2/DLON/H
  229  223  220  212  201  198  197  203  209  219  229  237  242  243  240  234
  225  215  204  197  190  186  183  182  179  178  174  171  164  158  150  142
  135  130  125  122  120  119  118  117  118  117  117  115  114  112  111  111
  111  112  115  119  124  130  138  145  154  161  166  170  172  172  173  173
  176  177  183  189  198  205  214  223  229                                   
    67.5-180.0 180.0   5.0 450.0                            LAT/LON1/LON2/DLON/H
  247  236  234  222  210  204  202  206  214  224  236  244  250  247  242  231
  220  206  196  188  183  180  178  178  176  174  171  166  161  153  146  137
  130  124  119  115  113  110  108  106  106  103  103  101  100   97   96   95
   95   96   98  103  109  118  127  138  148  157  164  169  171  172  171  171
  173  176  181  189  198  208  219  231  247                                   
    65.0-180.0 180.0   5.0 450.0                            LAT/LON1/LON2/DLON/H
  256  247  246  232  217  209  205  209  215  228  240  251  254  251  242  230
  215  203  191  185  179  178  175  175  171  169  164  158  151  143  136  127
  120  113  108  104  101   99   97   95   94   92   92   88   88   83   83   80
   81   81   84   89   99  109  121  134  147  159  168  174  177  177  176  175
  176  177  183  190  199  211  224  240  256                                   
    62.5-180.0 180.0   5.0 450.0                            LAT/LON1/LON2/DLON/H
  264  252  251  236  221  209  205  206  214  226  240  250  256  250  243  228
  215  203  193  188  183  181  178  175  170  164  156  148  140  131  124  115
  108  101   96   91   88   85   84   81   82   79   79   75   75   71   71   67
   69   68   73   80   91  103  117  132  148  161  174  181  186  187  186  185
  184  183  185  191  200  212  223  243  264                                   
    60.0-180.0 180.0   5.0 450.0                            LAT/LON1/LON2/DLON/H
  264  255  254  240  224  211  204  204  210  223  236  248  252  250  241  232
  220  212  203  200  194  191  185  180  170  162  150  141  132  122  113  103
   97   89   85   80   79   76   76   75   76   73   73   68   67   61   61   57
   59   59   67   75   87  101  117  133  150  166  181  191  199  201  200  199
  197  194  194  197  204  213  224  245  264                                   
    57.5-180.0 180.0   5.0 450.0                            LAT/LON1/LON2/DLON/H
  269  257  256  244  228  214  205  203  207  217  230  240  247  246  244  237
  232  226  222  218  212  207  198  189  177  165  152  140  130  119  109   99
   92   85   80   77   75   75   74   74   75   74   72   67   66   60   59   55
   57   58   66   75   87  102  117  136  153  172  190  203  213  218  219  218
  214  212  210  210  214  219  225  245  269                                   
    55.0-180.0 180.0   5.0 450.0                            LAT/LON1/LON2/DLON/H
  278  268  267  254  240  226  215  209  211  217  226  235  241  245  245  246
  244  244  242  240  233  225  211  200  185  173  158  147  135  124  114  104
   97   89   85   81   81   80   81   82   83   81   79   74   71   65   63   59
   61   63   70   79   91  105  119  138  156  178  197  213  227  236  241  242
  241  238  235  233  233  235  236  253  278                                   
    52.5-180.0 180.0   5.0 450.0                            LAT/LON1/LON2/DLON/H
  297  288  287  277  263  248  236  226  222  224  228  233  238  243  249  253
  258  260  260  256  248  237  224  211  197  185  173  162  150  140  129  119
  110  102   96   93   92   93   93   94   95   94   92   87   83   77   73   71
   71   74   79   87   96  110  123  142  162  185  206  223  240  253  262  267
  270  269  267  264  263  259  259  271  297                                   
    50.0-180.0 180.0   5.0 450.0                            LAT/LON1/LON2/DLON/H
  320  322  318  311  297  283  269  256  248  244  240  241  242  247  253  262
  267  270  270  265  258  246  235  222  212  202  191  181  170  159  146  135
  125  116  110  107  107  107  109  109  110  107  106  100   97   90   88   85
   87   88   93   99  107  118  131  150  169  193  213  231  251  266  278  288
  295  300  301  301  298  294  289  297  320                                   
    47.5-180.0 180.0   5.0 450.0                            LAT/LON1/LON2/DLON/H
  344  356  357  353  342  328  311  296  284  273  265  257  255  256  263  268
  275  274  273  266  259  250  242  234  227  220  211  203  190  178  164  152
  140  131  124  121  120  122  122  123  122  120  119  115  111  106  103  102
  103  104  106  110  116  128  141  161  181  203  224  242  262  275  289  300
  312  322  329  334  336  329  323  325  344                                   
    45.0-180.0 180.0   5.0 450.0                            LAT/LON1/LON2/DLON/H
  366  391  393  397  386  374  355  339  322  308  293  284  274  273  273  277
  278  275  270  263  259  253  251  246  244  238  230  219  204  189  173  159
  147  137  132  129  130  132  133  133  133  131  131  127  125  121  121  119
  120  120  120  123  128  139  152  172  193  215  235  254  271  285  297  310
  323  337  353  363  371  367  361  355  366                                   
    42.5-180.0 180.0   5.0 450.0                            LAT/LON1/LON2/DLON/H
  382  410  420  424  418  406  388  372  356  341  325  311  301  293  292  286
  283  273  268  260  259  257  258  257  254  247  237  222  205  188  171  157
  146  138  134  134  137  140  141  142  141  140  141  139  138  135  135  134
  134  132  131  132  137  148  164  185  209  230  250  267  282  291  303  312
  330  346  366  382  394  391  387  380  382                                   
    40.0-180.0 180.0   5.0 450.0                            LAT/LON1/LON2/DLON/H
  391  422  432  435  429  420  404  393  379  365  348  337  324  318  309  301
  289  278  269  266  266  267  268  266  259  248  232  214  196  176  161  148
  142  135  135  137  142  146  150  150  151  149  151  149  150  148  148  146
  146  142  139  138  144  155  172  195  220  242  261  277  290  299  310  322
  339  356  376  393  405  406  409  395  391                                   
    37.5-180.0 180.0   5.0 450.0                            LAT/LON1/LON2/DLON/H
  403  426  438  439  430  421  407  400  389  379  367  356  347  338  330  315
  302  287  281  277  280  279  277  269  257  238  218  198  179  162  150  143
  140  138  139  144  150  156  161  163  163  161  160  159  159  157  156  152
  150  144  141  139  145  157  176  200  227  250  268  282  296  305  318  328
  345  361  379  395  408  412  416  403  403                                   
    35.0-180.0 180.0   5.0 450.0                            LAT/LON1/LON2/DLON/H
  420  437  442  441  431  421  409  401  392  385  377  369  361  354  344  332
  316  306  299  299  298  295  285  270  249  225  202  183  168  157  153  152
  154  156  159  164  169  175  179  180  178  174  173  169  169  165  162  156
  152  144  140  139  145  157  177  201  229  253  270  287  302  314  327  339
  355  370  388  403  416  423  434  419  420                                   
    32.5-180.0 180.0   5.0 450.0                            LAT/LON1/LON2/DLON/H
  451  459  460  457  446  436  420  411  399  393  385  379  373  365  357  344
  334  325  323  322  318  307  289  265  239  215  194  182  175  174  177  184
  190  194  195  196  198  201  203  202  197  191  185  180  176  170  163  155
  147  139  134  133  138  151  171  197  225  252  272  290  306  321  335  345
  358  372  388  405  420  433  448  439  451                                   
    30.0-180.0 180.0   5.0 450.0                            LAT/LON1/LON2/DLON/H
  495  501  500  498  490  481  461  445  426  416  404  396  387  379  367  357
  349  346  344  342  332  312  285  258  234  216  206  205  212  225  239  251
  257  257  251  245  238  236  232  227  218  208  197  189  182  173  164  153
  142  133  126  123  126  140  161  188  217  246  269  289  306  321  336  349
  360  374  389  407  427  448  475  477  495                                   
    27.5-180.0 180.0   5.0 450.0                            LAT/LON1/LON2/DLON/H
  547  550  546  549  551  547  530  507  480  460  440  426  410  397  380  370
  362  363  359  353  335  308  278  256  242  240  245  262  283  308  323  334
  333  327  314  300  286  275  262  251  237  223  208  197  186  174  161  149
  136  124  113  111  114  126  150  178  209  234  261  282  303  320  336  352
  365  379  397  415  437  463  501  519  547                                   
    25.0-180.0 180.0   5.0 450.0                            LAT/LON1/LON2/DLON/H
  592  598  601  616  628  634  624  605  568  535  501  476  448  427  402  388
  378  376  369  356  331  301  277  268  273  294  322  355  388  413  423  422
  410  394  373  352  328  311  288  272  251  235  217  203  188  175  161  149
  134  119  113  108  110  118  140  171  200  232  255  286  305  333  344  364
  376  395  415  435  458  492  545  578  592                                   
    22.5-180.0 180.0   5.0 450.0                            LAT/LON1/LON2/DLON/H
  638  649  664  690  718  735  728  706  668  627  582  540  503  469  435  411
  393  386  371  352  324  301  288  301  331  382  425  470  498  515  509  495
  468  448  417  387  357  333  305  282  257  239  221  205  189  174  162  147
  137  125  121  115  119  120  141  163  197  230  259  291  320  350  364  382
  399  421  444  467  495  531  597  641  638                                   
    20.0-180.0 180.0   5.0 450.0                            LAT/LON1/LON2/DLON/H
  674  691  719  770  814  848  848  828  784  734  678  629  575  529  484  451
  424  406  384  359  335  322  332  373  436  501  553  592  607  599  579  549
  514  481  442  404  368  340  309  285  260  242  224  209  193  179  166  152
  144  135  131  123  120  122  135  162  196  236  268  308  342  374  388  410
  431  457  487  510  540  587  663  708  674                                   
    17.5-180.0 180.0   5.0 450.0                            LAT/LON1/LON2/DLON/H
  702  732  763  820  885  933  940  919  877  827  772  711  654  598  543  501
  464  438  407  385  364  373  402  470  537  604  642  661  652  625  585  548
  509  476  436  399  361  331  301  279  257  240  225  212  199  186  174  163
  157  148  145  132  129  122  140  164  204  246  282  327  365  396  420  446
  468  499  532  558  600  646  727  764  702                                   
    15.0-180.0 180.0   5.0 450.0                            LAT/LON1/LON2/DLON/H
  725  759  789  855  935  995 1012  999  963  911  861  802  740  679  620  568
  524  491  463  443  438  460  513  587  652  704  715  699  663  605  556  510
  479  448  414  377  345  318  294  276  256  240  228  216  202  188  179  169
  163  157  148  136  126  128  146  182  225  270  307  351  386  422  451  477
  508  540  580  610  656  705  779  797  725                                   
    12.5-180.0 180.0   5.0 450.0                            LAT/LON1/LON2/DLON/H
  739  773  802  859  937 1001 1026 1024 1002  961  922  867  817  756  692  640
  590  558  533  523  524  562  613  684  725  740  716  662  600  531  475  444
  419  399  377  351  328  308  291  275  255  240  227  216  203  190  181  172
  169  160  149  135  128  131  158  200  247  289  323  363  401  441  468  499
  531  573  614  653  696  741  796  801  739                                   
    10.0-180.0 180.0   5.0 450.0                            LAT/LON1/LON2/DLON/H
  748  776  800  846  915  977 1012 1019 1010  985  962  921  880  832  778  719
  675  643  625  624  637  680  725  772  778  745  686  596  516  441  400  374
  368  359  350  338  325  313  301  285  263  246  231  217  204  190  180  171
  166  155  144  131  127  136  170  215  265  300  335  369  413  448  483  511
  553  595  644  683  725  762  807  794  748                                   
     7.5-180.0 180.0   5.0 450.0                            LAT/LON1/LON2/DLON/H
  745  781  790  831  881  938  967  985  983  976  968  949  921  887  845  799
  754  725  709  716  730  768  790  795  759  679  587  484  403  349  323  317
