data/unet/pred3260.15i
     1.0            IONOSPHERE MAPS     GNSS                IONEX VERSION / TYPE
pyspatialgeodesy        IME             05-JAN-18 20:20     PGM / RUN BY / DATE 
Map Name                                                    COMMENT             
Predicted global ionosphere maps (GIM).                     DESCRIPTION         
  2015    11    22     0     0     0                        EPOCH OF FIRST MAP  
  2015    11    23     0     0     0                        EPOCH OF LAST MAP   
  7200                                                      INTERVAL            
    13                                                      # OF MAPS IN FILE   
  NONE                                                      MAPPING FUNCTION    
10.0                                                        ELEVATION CUTOFF    
One-way carrier phase leveled to code                       OBSERVABLES USED    
  6371.0                                                    BASE RADIUS         
 2                                                          MAP DIMENSION       
   450.0 450.0   0.0                                        HGT1 / HGT2 / DHGT  
    87.5 -87.5  -2.5                                        LAT1 / LAT2 / DLAT  
  -180.0 180.0   5.0                                        LON1 / LON2 / DLON  
    -1                                                      EXPONENT            
                                                            END OF HEADER       
[from data line 4290]
    11                                                      START OF TEC MAP    
  2015    11    22    20     0     0                        EPOCH OF CURRENT MAP
    87.5-180.0 180.0   5.0 450.0                            LAT/LON1/LON2/DLON/H
  124   89   67   72   71   72   71   73   72   74   74   76   76   78   78   80
   79   81   81   83   83   84   84   84   84   85   84   84   83   83   83   82
   81   80   79   79   78   77   76   76   75   75   75   75   75   75   75   76
   76   77   77   77   78   78   78   79   79   79   78   78   78   78   77   76
   76   76   75   73   74   72   66  113  124                                   
    85.0-180.0 180.0   5.0 450.0                            LAT/LON1/LON2/DLON/H
   64   54   53   55   60   57   61   60   64   63   68   68   72   71   75   75
   77   77   79   78   80   79   79   78   79   77   78   76   76   75   75   73
   73   71   71   69   69   67   67   65   66   64   66   64   67   65   67   66
   69   67   69   68   70   69   71   69   71   69   71   68   70   66   68   64
   66   62   64   59   62   58   56   79   64                                   
    82.5-180.0 180.0   5.0 450.0                            LAT/LON1/LON2/DLON/H
   48   43   40   43   44   46   47   51   55   58   62   66   70   72   75   78
   79   81   81   82   82   82   81   81   79   79   78   78   76   76   74   74
   72   71   69   68   65   64   62   61   60   59   59   58   60   60   61   62
   64   64   66   67   69   69   70   69   70   69   68   68   66   65   62   61
   58   57   53   52   50   47   44   57   48                                   
    80.0-180.0 180.0   5.0 450.0                            LAT/LON1/LON2/DLON/H
   42   31   30   32   35   34   41   43   51   54   62   65   73   75   81   81
   86   84   87   84   85   82   83   79   80   77   78   75   76   74   75   73
   72   70   69   65   64   59   59   54   54   50   52   49   53   51   55   55
   60   59   64   64   68   67   70   68   71   68   69   65   65   61   61   55
   54   49   47   42   42   37   32   43   42                                   
    77.5-180.0 180.0   5.0 450.0                            LAT/LON1/LON2/DLON/H
   34   28   23   26   28   31   37   43   51   58   67   74   83   87   94   96
   98   97   96   93   90   86   83   80   77   75   74   73   73   73   73   72
   71   68   66   63   59   55   52   48   45   43   42   43   43   46   49   52
   55   58   62   64   66   68   70   70   69   68   67   64   62   59   56   52
   49   44   41   37   35   32   27   33   34                                   
    75.0-180.0 180.0   5.0 450.0                            LAT/LON1/LON2/DLON/H
   32   28   26   31   34   38   46   53   62   72   83   92  101  109  115  117
  117  115  111  105   99   93   87   81   77   74   73   73   73   74   74   74
   72   71   67   64   59   55   49   46   41   40   39   40   41   44   48   51
   55   58   62   63   66   67   69   68   68   67   66   64   61   59   56   52
   49   46   43   39   37   32   31   38   32                                   
    72.5-180.0 180.0   5.0 450.0                            LAT/LON1/LON2/DLON/H
   39   38   37   41   44   49   56   65   76   87  101  112  125  133  139  140
  139  134  129  119  110  100   92   85   79   75   72   71   70   73   72   74
   71   71   66   63   56   52   45   42   35   36   32   36   35   41   43   49
   51   56   57   60   60   63   61   62   59   60   57   56   53   52   49   48
   45   43   42   39   37   35   36   40   39                                   
    70.0-180.0 180.0   5.0 450.0                            LAT/LON1/LON2/DLON/H
   48   50   53   57   62   66   75   82   94  106  122  133  146  152  159  158
  157  151  144  132  121  109   99   88   81   74   70   67   67   68   69   68
   68   65   61   56   50   45   39   35   32   31   31   33   36   40   43   46
   50   52   54   54   55   54   54   52   51   49   48   46   46   44   44   41
   42   40   42   39   41   39   44   49   48                                   
    67.5-180.0 180.0   5.0 450.0                            LAT/LON1/LON2/DLON/H
   57   64   67   73   78   81   91   98  113  125  142  155  166  175  179  180
  176  170  161  149  136  121  108   95   85   76   69   65   63   64   63   63
   60   58   52   49   41   37   30   29   24   27   26   31   32   37   39   43
   43   45   43   43   40   39   37   37   34   35   32   34   32   33   32   34
   34   35   37   38   41   42   48   52   57                                   
    65.0-180.0 180.0   5.0 450.0                            LAT/LON1/LON2/DLON/H
   64   71   80   85   94   98  110  116  131  143  160  171  183  190  195  194
  191  185  176  165  151  137  121  106   93   81   71   64   60   59   57   55
   51   47   41   36   30   26   22   21   20   22   25   30   32   37   38   40
   39   37   34   31   27   24   23   20   21   20   22   22   24   24   27   27
   29   29   34   33   40   41   52   60   64                                   
    62.5-180.0 180.0   5.0 450.0                            LAT/LON1/LON2/DLON/H
   68   77   85   97  106  111  122  130  143  156  171  185  195  204  206  208
  203  200  191  181  169  153  138  120  104   89   76   67   60   57   53   49
   44   38   31   27   20   18   15   16   16   20   23   27   30   33   33   33
   29   26   21   16   12    9    7    7    7   10   11   14   15   19   20   22
   23   24   27   28   34   37   49   57   68                                   
    60.0-180.0 180.0   5.0 450.0                            LAT/LON1/LON2/DLON/H
   70   79   95  106  118  124  137  145  158  170  183  196  205  212  215  217
  213  211  204  195  183  169  154  136  119  101   86   75   65   60   54   50
   43   35   28   21   16   13   13   14   17   21   25   30   32   35   33   31
   25   21   14    9    6    3    3    2    4    6   11   13   17   18   22   22
   25   24   28   26   33   35   47   57   70                                   
    57.5-180.0 180.0   5.0 450.0                            LAT/LON1/LON2/DLON/H
   73   82   96  112  124  132  144  152  165  176  189  199  208  213  217  221
  218  218  212  207  197  184  170  152  134  114   97   84   74   67   62   56
   48   39   30   23   18   16   17   18   22   25   30   32   34   33   31   27
   21   16   11    7    3    2    2    4    6   10   13   18   19   22   24   26
   27   27   29   28   31   33   44   52   73                                   
    55.0-180.0 180.0   5.0 450.0                            LAT/LON1/LON2/DLON/H
   75   86  105  120  134  144  157  166  179  189  198  205  209  215  218  223
  223  225  220  215  205  195  181  166  149  131  114  100   90   82   76   69
   60   50   39   30   26   24   26   28   32   36   39   41   41   41   37   32
   26   21   16   12   10    9   10   12   17   20   24   27   29   30   34   34
   37   35   38   35   39   38   50   57   75                                   
    52.5-180.0 180.0   5.0 450.0                            LAT/LON1/LON2/DLON/H
   85   96  111  129  144  154  167  176  189  199  205  207  211  212  217  222
  226  228  224  221  212  203  191  178  162  146  131  118  107   99   92   83
   75   63   53   43   39   37   39   41   45   47   49   49   49   46   43   37
   33   29   26   24   23   23   25   29   33   37   39   41   40   42   42   43
   46   45   48   46   48   47   57   63   85                                   
    50.0-180.0 180.0   5.0 450.0                            LAT/LON1/LON2/DLON/H
   97  109  128  143  158  170  183  194  205  212  216  214  215  215  220  225
  230  232  229  225  216  207  198  189  175  162  150  137  127  116  108   99
   88   76   65   56   53   50   54   55   58   59   61   60   59   57   55   50
   47   45   44   43   42   44   45   49   52   55   55   55   54   53   54   54
   58   58   63   61   65   63   74   80   97                                   
    47.5-180.0 180.0   5.0 450.0                            LAT/LON1/LON2/DLON/H
  115  127  141  158  171  184  198  210  221  227  227  225  223  222  227  232
  236  237  233  229  220  213  205  198  187  176  165  152  140  127  117  106
   95   83   73   65   64   63   66   67   69   68   70   68   68   65   64   61
   60   59   61   62   63   64   66   68   70   71   70   67   64   62   61   61
   65   66   72   73   78   79   90   97  115                                   
    45.0-180.0 180.0   5.0 450.0                            LAT/LON1/LON2/DLON/H
  132  147  162  174  188  201  215  229  238  243  242  237  235  232  238  241
  245  243  240  233  225  219  214  208  201  190  178  162  147  131  119  107
   96   83   75   71   71   72   76   76   78   76   78   76   77   75   75   73
   73   74   77   79   80   81   81   82   83   82   80   76   71   68   67   68
   72   74   81   85   93   97  111  122  132                                   
    42.5-180.0 180.0   5.0 450.0                            LAT/LON1/LON2/DLON/H
  149  163  171  187  198  213  227  243  252  258  255  252  247  246  248  254
  254  253  246  240  231  227  223  220  212  201  186  166  144  126  112   98
   88   76   73   71   77   80   84   83   84   81   83   81   83   82   83   81
   82   83   87   89   91   90   90   89   89   86   83   78   73   69   68   68
   72   74   81   87   98  107  122  139  149                                   
    40.0-180.0 180.0   5.0 450.0                            LAT/LON1/LON2/DLON/H
  159  174  183  193  205  219  235  251  260  266  263  259  256  256  259  262
  263  260  254  248  243  239  236  232  224  209  191  165  139  117  102   90
   80   74   73   78   85   91   94   92   90   87   88   88   91   89   90   88
   88   89   93   94   95   94   93   91   90   87   84   79   75   71   70   70
   71   73   80   87  102  114  133  152  159                                   
    37.5-180.0 180.0   5.0 450.0                            LAT/LON1/LON2/DLON/H
  163  176  180  194  205  219  235  251  262  268  268  266  264  265  268  271
  272  268  263  258  255  252  249  243  231  214  191  162  133  111   96   85
   80   76   84   91  103  105  108  102   99   93   95   94   96   95   94   91
   89   90   91   93   93   92   91   88   88   85   83   78   74   70   69   67
   68   66   72   79   93  111  131  153  163                                   
    35.0-180.0 180.0   5.0 450.0                            LAT/LON1/LON2/DLON/H
  164  178  185  196  209  222  238  251  264  270  271  270  270  272  276  279
  279  277  275  272  271  268  263  253  239  218  195  165  138  119  106  100
   98  100  110  121  130  134  130  121  113  106  105  104  106  103  101   95
   92   90   91   91   91   91   90   88   87   85   83   80   78   74   73   70
   69   66   69   75   91  109  132  152  164                                   
    32.5-180.0 180.0   5.0 450.0                            LAT/LON1/LON2/DLON/H
  167  178  181  195  204  217  229  243  258  264  269  270  273  276  282  284
  286  286  286  286  286  282  273  260  243  224  201  177  157  143  136  130
  133  137  150  159  168  164  157  141  131  120  118  115  115  112  107  100
   93   89   87   87   89   91   91   90   90   88   87   85   84   81   79   75
   71   65   66   69   84  104  126  148  167                                   
    30.0-180.0 180.0   5.0 450.0                            LAT/LON1/LON2/DLON/H
  173  182  189  198  211  220  231  241  254  260  265  268  273  278  283  287
  289  293  295  298  298  291  279  264  248  232  215  202  192  187  186  183
  184  190  202  211  212  202  184  168  152  142  135  131  129  123  118  109
  101   93   91   91   94   98  101  101  100   98   97   94   93   91   89   85
   82   74   76   77   90  110  136  154  173                                   
    27.5-180.0 180.0   5.0 450.0                            LAT/LON1/LON2/DLON/H
  188  195  202  213  224  233  239  248  254  260  264  270  275  281  286  289
  294  300  305  308  305  297  283  269  256  248  242  238  239  247  254  256
  258  255  261  260  258  237  213  187  171  156  149  142  137  131  126  117
  108  100   95   93   97  102  107  110  110  108  106  104  102  100   98   93
   89   85   84   86   98  119  142  165  188                                   
    25.0-180.0 180.0   5.0 450.0                            LAT/LON1/LON2/DLON/H
  209  216  230  242  253  259  262  263  268  270  273  278  284  289  292  295
  299  306  311  314  309  301  286  277  272  274  280  290  304  321  337  339
  336  324  313  300  286  262  230  202  182  171  161  155  148  142  137  131
  123  114  109  106  109  114  119  120  120  117  114  110  109  105  106  101
   99   97  103  109  123  144  173  192  209                                   
    22.5-180.0 180.0   5.0 450.0                            LAT/LON1/LON2/DLON/H
  234  242  260  274  286  292  293  292  293  293  293  297  301  306  307  308
  310  315  318  319  313  304  294  292  299  312  330  352  377  398  420  415
  401  375  349  323  301  269  236  204  185  173  165  157  151  146  144  140
  136  129  123  119  121  128  130  134  129  124  115  113  108  107  104  102
  102  106  114  128  145  171  193  223  234                                   
    20.0-180.0 180.0   5.0 450.0                            LAT/LON1/LON2/DLON/H
  261  272  296  317  326  332  331  328  325  323  323  324  328  331  329  326
  324  326  326  325  317  312  308  319  338  363  387  421  454  477  482  456
  427  389  361  317  287  254  223  196  183  176  170  165  157  154  152  152
  150  146  141  138  139  144  145  146  139  129  119  111  108  104  101  101
  107  117  131  148  170  195  222  251  261                                   
    17.5-180.0 180.0   5.0 450.0                            LAT/LON1/LON2/DLON/H
  279  295  328  351  363  370  367  364  360  359  355  358  360  360  356  351
  348  345  343  339  332  331  339  362  392  424  458  495  529  537  529  489
  447  403  355  300  264  231  203  182  173  172  170  164  160  154  157  158
  163  160  160  154  156  158  160  158  150  137  124  117  111  105  100   97
  103  115  136  159  184  213  235  269  279                                   
    15.0-180.0 180.0   5.0 450.0                            LAT/LON1/LON2/DLON/H
  297  319  358  389  405  414  408  406  398  400  396  401  399  401  394  387
  378  373  365  360  355  364  383  419  461  500  539  565  580  566  543  490
  441  383  327  271  235  205  182  172  172  176  173  169  163  160  160  164
  170  173  171  169  167  169  170  165  155  140  126  117  110  105  100   98
  104  118  141  167  193  221  247  276  297                                   
    12.5-180.0 180.0   5.0 450.0                            LAT/LON1/LON2/DLON/H
  302  333  376  413  435  445  443  441  441  443  440  444  441  446  440  436
  423  412  401  393  395  408  440  485  535  575  598  606  601  574  538  479
  422  353  295  248  218  187  174  172  178  183  183  177  174  166  167  170
  178  179  179  175  174  175  177  173  162  146  130  121  114  108  100   96
   99  112  136  163  192  223  249  286  302                                   
    10.0-180.0 180.0   5.0 450.0                            LAT/LON1/LON2/DLON/H
  309  339  387  427  456  469  469  476  478  490  485  492  488  492  487  486
  474  458  444  438  444  465  508  555  603  627  628  613  592  550  505  445
  386  319  270  237  209  190  184  188  196  200  199  194  189  180  178  180
  183  184  184  179  179  181  180  177  166  151  135  126  117  111  104   98
   99  113  136  162  189  217  249  286  309                                   
     7.5-180.0 180.0   5.0 450.0                            LAT/LON1/LON2/DLON/H
  305  344  392  434  468  487  499  506  517  527  530  531  530  534  529  528
  517  508  495  495  505  533  572  621  647  649  630  599  563  513  468  414
