data/unet/pred0360.15i
     1.0            IONOSPHERE MAPS     GNSS                IONEX VERSION / TYPE
pyspatialgeodesy        IME             05-JAN-18 20:20     PGM / RUN BY / DATE 
Map Name                                                    COMMENT             
Predicted global ionosphere maps (GIM).                     DESCRIPTION         
  2015     2     5     0     0     0                        EPOCH OF FIRST MAP  
  2015     2     6     0     0     0                        EPOCH OF LAST MAP   
  7200                                                      INTERVAL            
    13                                                      # OF MAPS IN FILE   
  NONE                                                      MAPPING FUNCTION    
10.0                                                        ELEVATION CUTOFF    
One-way carrier phase leveled to code                       OBSERVABLES USED    
  6371.0                                                    BASE RADIUS         
 2                                                          MAP DIMENSION       
   450.0 450.0   0.0                                        HGT1 / HGT2 / DHGT  
    87.5 -87.5  -2.5                                        LAT1 / LAT2 / DLAT  
  -180.0 180.0   5.0                                        LON1 / LON2 / DLON  
    -1                                                      EXPONENT            
                                                            END OF HEADER       
[from data line 1287]
     4                                                      START OF TEC MAP    
  2015     2     5     6     0     0                        EPOCH OF CURRENT MAP
    87.5-180.0 180.0   5.0 450.0                            LAT/LON1/LON2/DLON/H
   47   84   80   77   80   74   81   77   85   82   88   85   91   89   92   89
   94   90   92   89   91   88   89   85   87   84   85   82   84   82   83   80
   83   81   84   81   86   84   88   85   89   87   90   87   90   86   89   85
   88   85   88   84   87   84   87   82   85   80   83   77   80   75   78   72
   77   71   76   71   75   68   89   48   47                                   
    85.0-180.0 180.0   5.0 450.0                            LAT/LON1/LON2/DLON/H
   79   84   83   85   85   82   86   86   90   90   92   93   96   97   97   98
   99   98   97   97   95   94   92   91   89   88   86   86   85   84   84   83
   84   83   84   84   84   85   86   87   87   89   89   90   91   92   93   94
   96   97   99   99  102  101  105  103  105  102  104  100  102   97   98   92
   95   88   91   86   83   76   85   77   79                                   
    82.5-180.0 180.0   5.0 450.0                            LAT/LON1/LON2/DLON/H
   75   79   76   75   78   75   82   82   89   89   94   95   99  100  101  101
  101   99   97   94   93   88   86   82   82   78   76   75   73   73   72   73
   73   76   76   80   80   84   84   88   88   93   93   98   98  101  101  103
  104  105  108  109  111  111  114  113  114  112  113  109  108  105  103   98
   96   90   90   83   78   71   84   59   75                                   
    80.0-180.0 180.0   5.0 450.0                            LAT/LON1/LON2/DLON/H
   78   78   69   69   69   71   74   77   82   85   90   92   96   96   96   94
   94   90   88   84   82   76   74   68   67   61   61   58   58   57   59   61
   64   65   70   72   76   78   81   84   87   89   93   96   99  102  106  108
  113  116  122  124  129  132  136  137  138  138  138  135  133  128  124  117
  111  105   99   93   82   74   78   62   78                                   
    77.5-180.0 180.0   5.0 450.0                            LAT/LON1/LON2/DLON/H
   91   80   70   66   67   69   72   76   81   85   89   93   94   96   92   92
   87   85   80   77   71   67   61   57   52   49   45   45   44   46   48   53
   56   60   64   69   72   77   79   83   85   89   92   97  101  110  114  124
  128  139  143  152  154  163  164  170  168  171  167  167  161  159  154  149
  139  131  121  111   99   88   94   71   91                                   
    75.0-180.0 180.0   5.0 450.0                            LAT/LON1/LON2/DLON/H
  103   90   70   69   66   68   70   73   79   82   87   90   91   91   89   87
   82   79   73   69   63   58   52   47   42   40   36   37   36   40   40   47
   49   57   58   67   67   75   74   79   79   85   88   96  102  113  124  134
  148  157  169  175  184  190  198  201  204  205  205  202  198  192  186  178
  171  160  148  137  121  107  107   90  103                                   
    72.5-180.0 180.0   5.0 450.0                            LAT/LON1/LON2/DLON/H
  118   95   78   72   71   68   70   70   76   76   80   78   80   78   77   73
   71   67   65   60   57   51   49   43   43   38   39   36   40   39   46   46
   54   55   63   64   69   69   75   74   79   80   88   93  102  114  131  145
  164  178  194  203  213  219  228  232  235  236  234  232  230  225  221  213
  203  188  176  164  147  132  127  107  118                                   
    70.0-180.0 180.0   5.0 450.0                            LAT/LON1/LON2/DLON/H
  129  112   84   80   72   68   69   70   75   74   78   75   76   71   69   65
   64   62   59   58   54   52   49   48   47   47   47   48   49   51   53   58
   60   64   67   70   71   71   71   72   72   76   81   91  100  117  133  155
  175  195  215  228  240  248  258  263  266  265  262  256  253  246  243  235
  228  216  204  188  170  153  142  127  129                                   
    67.5-180.0 180.0   5.0 450.0                            LAT/LON1/LON2/DLON/H
  141  117   97   84   81   73   74   70   74   71   73   68   68   61   58   53
   52   51   53   53   56   54   59   56   61   58   63   61   65   65   69   69
   73   71   74   70   72   67   69   64   70   69   80   87  104  120  142  162
  189  209  233  247  262  269  280  282  285  282  277  272  265  257  252  247
  241  233  222  211  189  173  160  136  141                                   
    65.0-180.0 180.0   5.0 450.0                            LAT/LON1/LON2/DLON/H
  145  130  105   92   82   74   72   71   72   71   71   67   65   58   53   50
   49   48   53   56   62   65   68   73   73   77   77   79   79   80   79   79
   78   76   74   72   69   64   62   59   62   64   74   86  104  128  146  174
  196  222  244  261  274  287  296  301  299  295  288  280  275  263  257  250
  245  237  229  220  200  184  172  150  145                                   
    62.5-180.0 180.0   5.0 450.0                            LAT/LON1/LON2/DLON/H
  152  129  113   95   89   76   75   71   73   69   69   64   63   57   53   50
   48   50   51   57   63   71   76   82   85   87   89   88   90   86   86   81
   80   73   71   64   61   53   53   49   56   61   76   90  114  134  158  179
  207  229  251  266  282  292  304  306  307  299  292  284  278  268  260  252
  246  239  231  225  209  194  181  157  152                                   
    60.0-180.0 180.0   5.0 450.0                            LAT/LON1/LON2/DLON/H
  152  138  117   98   89   75   73   68   69   69   67   65   63   59   57   55
   56   56   59   65   72   77   84   89   91   95   92   92   89   85   80   74
   70   64   59   55   52   46   45   45   53   63   80  103  127  151  171  192
  220  239  261  274  290  301  310  314  313  309  300  294  290  280  272  259
  251  240  233  225  212  199  189  170  152                                   
    57.5-180.0 180.0   5.0 450.0                            LAT/LON1/LON2/DLON/H
  163  141  125  102   91   74   71   64   67   65   65   64   64   63   63   63
   62   63   60   67   66   75   76   84   84   86   84   83   81   76   72   65
   61   57   52   50   46   42   42   48   57   76   96  121  147  169  187  209
  234  252  271  281  297  304  315  316  320  313  308  303  303  296  288  274
  263  250  240  232  219  209  197  180  163                                   
    55.0-180.0 180.0   5.0 450.0                            LAT/LON1/LON2/DLON/H
  172  154  135  109   95   76   71   62   65   63   64   64   67   66   70   68
   72   68   69   69   71   73   75   76   78   77   75   73   70   65   62   58
   55   50   49   46   45   42   45   53   67   89  114  142  166  185  207  229
  253  271  291  302  314  320  327  329  333  330  324  323  324  319  311  296
  284  268  256  245  233  222  209  195  172                                   
    52.5-180.0 180.0   5.0 450.0                            LAT/LON1/LON2/DLON/H
  190  166  151  124  107   84   76   64   61   57   57   58   62   65   71   73
   77   72   68   67   61   63   59   61   61   59   60   57   57   49   44   42
   47   49   48   48   46   48   51   64   82  110  135  163  184  204  229  252
  274  293  311  321  331  334  339  338  343  338  339  336  342  337  332  318
  306  292  277  269  257  243  224  205  190                                   
    50.0-180.0 180.0   5.0 450.0                            LAT/LON1/LON2/DLON/H
  200  178  163  139  121   99   86   69   63   54   54   54   61   65   72   75
   77   71   66   62   59   60   58   56   56   54   55   50   43   38   36   38
   46   51   54   53   55   55   64   78  100  129  156  179  203  224  253  273
  299  318  337  345  354  353  356  353  355  352  352  353  358  355  348  335
  323  308  294  284  273  257  238  221  200                                   
    47.5-180.0 180.0   5.0 450.0                            LAT/LON1/LON2/DLON/H
  213  191  179  160  140  118  101   85   71   59   53   52   57   62   70   71
   74   66   62   56   52   52   52   50   51   44   42   35   32   29   31   35
   46   55   58   59   61   67   77   95  120  150  175  198  223  250  275  294
  319  335  353  361  367  365  365  360  362  357  359  357  361  356  351  339
  328  317  302  294  282  266  243  226  213                                   
    45.0-180.0 180.0   5.0 450.0                            LAT/LON1/LON2/DLON/H
  213  197  185  173  158  138  121  104   88   71   63   58   61   65   73   74
   76   69   64   61   59   59   60   58   58   53   49   45   41   42   42   48
   59   64   68   69   74   79   91  111  138  166  188  212  244  267  293  312
  337  352  368  377  380  378  375  371  368  364  359  356  355  348  341  329
  316  305  294  288  276  260  243  228  213                                   
    42.5-180.0 180.0   5.0 450.0                            LAT/LON1/LON2/DLON/H
  206  197  189  179  170  153  138  121  107   88   75   68   68   70   76   76
   77   72   71   69   70   71   72   70   68   62   58   54   53   53   54   60
   69   70   74   76   82   90  104  127  155  182  205  233  263  287  309  326
  347  361  377  384  389  385  383  375  372  362  356  347  343  336  326  316
  305  297  285  278  263  246  226  218  206                                   
    40.0-180.0 180.0   5.0 450.0                            LAT/LON1/LON2/DLON/H
  192  185  176  176  172  162  150  135  122  109   96   87   85   85   87   86
   88   83   87   87   91   90   95   89   92   87   86   83   78   76   72   76
   75   78   79   84   89  100  114  143  169  195  219  249  280  301  324  340
  362  374  390  397  402  399  395  390  384  374  360  347  339  328  318  306
  294  286  273  263  242  218  208  191  192                                   
    37.5-180.0 180.0   5.0 450.0                            LAT/LON1/LON2/DLON/H
  178  174  165  159  161  156  149  139  128  119  107  102   97   98   96   97
   96   96   97   99  105  107  111  109  107  104  101   98   95   88   83   79
   81   80   82   84   92  103  123  154  185  212  237  268  294  314  334  348
  368  376  394  399  410  405  411  404  405  392  379  362  351  339  328  316
  305  294  280  261  238  211  196  173  178                                   
    35.0-180.0 180.0   5.0 450.0                            LAT/LON1/LON2/DLON/H
  163  151  137  138  141  139  139  134  130  123  117  111  110  109  110  107
  109  107  114  116  126  128  135  129  127  120  117  112  105   99   88   81
   79   84   83   86   93  107  129  166  199  227  255  278  306  322  348  358
  379  383  403  411  428  430  437  439  439  430  414  401  388  379  367  358
  344  331  311  285  257  220  200  176  163                                   
    32.5-180.0 180.0   5.0 450.0                            LAT/LON1/LON2/DLON/H
  179  147  133  118  119  116  118  116  117  117  114  116  116  118  117  118
  117  120  124  131  136  140  140  136  131  126  122  116  110   95   83   66
   67   64   75   85   95  109  135  177  216  245  271  295  317  336  361  371
  390  393  413  422  447  451  474  476  488  480  471  460  454  447  439  430
  414  397  378  340  303  259  226  209  179                                   
    30.0-180.0 180.0   5.0 450.0                            LAT/LON1/LON2/DLON/H
  223  166  134  118  108  102   99  101  104  106  108  112  117  121  123  123
  126  128  138  143  150  149  148  141  137  132  127  122  111   94   75   69
   61   63   63   78   99  119  144  186  224  257  285  306  333  348  377  386
  407  413  437  451  480  494  523  539  555  556  551  548  546  547  539  534
  516  501  473  442  387  341  280  264  223                                   
    27.5-180.0 180.0   5.0 450.0                            LAT/LON1/LON2/DLON/H
  300  212  175  131  116   95   95   84   92   90   98  104  112  120  122  125
  127  133  141  146  146  144  138  135  130  129  125  117  100   81   77   69
   69   63   61   66   85  122  154  196  238  271  297  322  344  367  389  407
  425  440  466  489  526  553  600  621  641  646  652  659  665  663  660  655
  637  616  591  550  502  460  387  355  300                                   
    25.0-180.0 180.0   5.0 450.0                            LAT/LON1/LON2/DLON/H
  403  304  239  183  143  118  101   92   83   82   82   92  100  113  118  124
  128  134  144  146  146  142  138  135  134  135  130  114   95   93   91   88
   76   67   60   69   86  125  165  201  246  281  312  334  356  380  410  433
  457  481  511  544  584  624  660  691  722  740  751  766  774  779  774  770
  753  738  717  678  628  590  527  477  403                                   
    22.5-180.0 180.0   5.0 450.0                            LAT/LON1/LON2/DLON/H
  537  439  351  261  215  170  142  116  104   78   82   80   95  100  109  112
  123  131  137  137  133  130  127  130  134  137  125  111  106  106  105   92
   73   61   53   61   78  114  169  203  254  295  327  352  372  399  424  456
  489  523  562  606  648  689  726  764  797  823  838  859  875  878  874  868
  854  840  825  786  744  716  669  617  537                                   
    20.0-180.0 180.0   5.0 450.0                            LAT/LON1/LON2/DLON/H
  654  575  481  397  320  258  215  186  156  135  106  105  100  110  108  115
  117  130  135  134  130  128  129  137  146  145  127  127  118  122  113   98
   71   64   53   67   90  123  176  212  261  305  342  370  395  425  454  492
  535  574  623  661  706  746  782  815  850  875  895  920  939  946  948  942
  937  923  918  881  850  822  778  751  654                                   
    17.5-180.0 180.0   5.0 450.0                            LAT/LON1/LON2/DLON/H
  753  692  618  544  472  403  322  264  224  193  173  146  141  132  132  125
  126  124  130  130  129  130  134  143  154  151  143  139  127  125  119  108
   88   79   63   75   87  122  170  210  262  311  355  387  413  447  480  527
  577  623  669  709  749  789  819  848  875  899  918  938  955  968  971  970
  964  961  958  944  920  904  864  837  753                                   
    15.0-180.0 180.0   5.0 450.0                            LAT/LON1/LON2/DLON/H
  800  769  710  655  591  529  446  386  313  261  232  219  200  192  173  168
  148  145  134  135  129  137  144  161  170  178  166  160  141  144  134  131
  115  102   82   84   96  129  177  214  266  316  364  401  436  468  515  560
  613  657  700  737  778  809  834  853  870  885  897  913  928  933  945  935
  946  939  954  943  943  929  897  871  800                                   
    12.5-180.0 180.0   5.0 450.0                            LAT/LON1/LON2/DLON/H
  817  806  764  729  677  622  554  493  422  370  318  291  276  254  239  219
  201  183  165  156  147  154  168  183  197  194  181  168  154  156  146  143
  129  112   96   91  104  134  172  211  266  317  373  417  450  495  542  588
  636  682  716  754  785  814  829  840  845  855  861  874  883  890  892  900
  903  913  920  924  924  921  885  859  817                                   
    10.0-180.0 180.0   5.0 450.0                            LAT/LON1/LON2/DLON/H
  800  816  778  756  713  677  613  566  496  457  402  373  345  335  302  284
  253  236  214  199  188  192  202  215  216  211  194  186  168  162  150  143
  129  112   97   91  107  134  169  205  259  316  372  415  459  500  551  592
  641  674  714  747  775  796  806  814  811  816  821  822  832  827  842  842
  864  866  885  883  892  885  857  828  800                                   
     7.5-180.0 180.0   5.0 450.0                            LAT/LON1/LON2/DLON/H
  769  785  768  752  726  688  639  597  547  512  474  456  426  416  391  360
  318  298  259  243  222  214  216  218  222  212  204  196  179  172  154  147
