data/unet/pred1110.15i
     1.0            IONOSPHERE MAPS     GNSS                IONEX VERSION / TYPE
pyspatialgeodesy        IME             05-JAN-18 20:20     PGM / RUN BY / DATE 
Map Name                                                    COMMENT             
Predicted global ionosphere maps (GIM).                     DESCRIPTION         
  2015     4    21     0     0     0                        EPOCH OF FIRST MAP  
  2015     4    22     0     0     0                        EPOCH OF LAST MAP   
  7200                                                      INTERVAL            
    13                                                      # OF MAPS IN FILE   
  NONE                                                      MAPPING FUNCTION    
10.0                                                        ELEVATION CUTOFF    
One-way carrier phase leveled to code                       OBSERVABLES USED    
  6371.0                                                    BASE RADIUS         
 2                                                          MAP DIMENSION       
   450.0 450.0   0.0                                        HGT1 / HGT2 / DHGT  
    87.5 -87.5  -2.5                                        LAT1 / LAT2 / DLAT  
  -180.0 180.0   5.0                                        LON1 / LON2 / DLON  
    -1                                                      EXPONENT            
                                                            END OF HEADER       
[from data line 858]
     3                                                      START OF TEC MAP    
  2015     4    21     4     0     0                        EPOCH OF CURRENT MAP
    87.5-180.0 180.0   5.0 450.0                            LAT/LON1/LON2/DLON/H
  225  220  216  221  223  222  221  221  221  220  221  221  223  221  223  222
  223  222  223  222  222  220  220  218  218  216  217  215  216  215  216  216
  217  217  219  219  221  221  224  225  228  230  234  237  240  243  246  250
  250  253  253  255  253  255  253  255  253  254  250  251  249  249  245  245
  244  242  236  234  230  226  226  230  225                                   
    85.0-180.0 180.0   5.0 450.0                            LAT/LON1/LON2/DLON/H
  222  225  216  225  223  222  222  221  222  221  222  222  224  224  225  225
  225  225  225  224  223  222  220  218  216  214  212  211  209  208  209  209
  209  209  213  212  215  215  219  219  224  225  230  232  235  238  241  244
  244  248  248  252  250  253  252  254  252  254  251  251  251  249  247  246
  246  244  240  238  234  228  228  224  222                                   
    82.5-180.0 180.0   5.0 450.0                            LAT/LON1/LON2/DLON/H
  217  215  212  214  213  213  213  215  215  218  218  221  223  226  226  228
  229  229  229  228  226  224  220  217  212  209  206  204  201  200  199  200
  201  203  206  208  210  213  215  219  221  225  228  232  234  239  241  246
  246  251  251  255  254  258  258  261  260  262  259  260  259  257  255  253
  253  249  244  240  238  229  228  223  217                                   
    80.0-180.0 180.0   5.0 450.0                            LAT/LON1/LON2/DLON/H
  221  218  213  211  206  205  205  206  207  210  213  217  220  224  226  228
  230  229  229  227  224  218  212  205  199  192  186  182  176  176  173  177
  177  183  186  192  195  201  204  210  212  219  221  228  228  236  236  244
  243  250  250  256  256  263  263  269  268  272  270  272  271  271  268  268
  266  263  257  254  249  238  235  227  221                                   
    77.5-180.0 180.0   5.0 450.0                            LAT/LON1/LON2/DLON/H
  230  219  213  206  199  198  196  198  198  202  206  211  214  219  222  225
  227  228  228  225  220  213  206  196  187  176  170  161  156  152  153  154
  158  164  171  180  186  193  199  205  208  215  218  224  225  232  233  240
  241  248  250  257  259  267  270  278  279  284  284  287  287  288  285  285
  283  281  274  271  265  254  244  239  230                                   
    75.0-180.0 180.0   5.0 450.0                            LAT/LON1/LON2/DLON/H
  239  229  218  210  201  194  193  191  193  196  201  205  211  215  220  221
  225  223  226  220  218  208  203  189  180  167  159  149  144  138  139  139
  143  149  157  168  176  186  192  200  202  211  212  221  221  229  231  237
  240  247  251  259  264  272  277  285  289  293  294  297  297  299  296  298
  296  296  289  286  278  268  259  248  239                                   
    72.5-180.0 180.0   5.0 450.0                            LAT/LON1/LON2/DLON/H
  254  236  229  215  202  195  191  188  188  190  194  197  201  205  208  211
  213  215  216  215  210  204  196  186  173  161  151  141  135  131  131  133
  136  143  150  162  171  182  189  195  199  205  209  215  218  226  230  238
  242  251  256  266  271  281  286  295  297  303  302  304  302  303  300  301
  301  301  299  296  294  282  276  271  254                                   
    70.0-180.0 180.0   5.0 450.0                            LAT/LON1/LON2/DLON/H
  267  252  242  228  215  205  201  196  195  194  196  196  199  198  203  200
  207  205  212  207  209  200  197  182  174  156  149  135  133  127  129  128
  133  138  147  157  166  175  182  189  193  202  205  216  219  229  234  243
  249  258  266  276  283  292  297  304  307  310  308  308  305  303  298  297
  299  299  299  299  299  291  288  279  267                                   
    67.5-180.0 180.0   5.0 450.0                            LAT/LON1/LON2/DLON/H
  277  259  252  236  220  213  206  203  199  198  196  194  192  191  190  190
  192  195  199  201  200  197  190  182  170  158  147  138  133  131  129  131
  132  138  144  152  158  167  174  180  187  193  202  210  219  229  238  248
  257  270  278  290  295  306  308  317  316  320  313  312  304  300  293  292
  293  294  297  298  303  297  296  296  277                                   
    65.0-180.0 180.0   5.0 450.0                            LAT/LON1/LON2/DLON/H
  282  268  257  244  230  219  215  210  207  204  199  194  189  183  180  176
  179  181  188  190  193  190  186  177  167  153  144  136  133  129  129  128
  129  130  134  139  145  151  158  168  175  188  197  210  220  233  243  257
  269  282  293  305  311  322  325  332  332  333  325  320  311  303  296  290
  290  288  291  293  299  296  295  293  282                                   
    62.5-180.0 180.0   5.0 450.0                            LAT/LON1/LON2/DLON/H
  283  266  261  246  231  224  217  214  209  206  199  193  184  176  169  166
  166  169  175  179  183  181  177  168  158  146  138  133  129  128  125  125
  123  124  124  128  131  136  143  152  162  176  191  204  218  234  247  264
  279  295  305  318  324  338  340  350  347  350  340  337  325  317  305  297
  291  286  285  288  294  293  294  300  283                                   
    60.0-180.0 180.0   5.0 450.0                            LAT/LON1/LON2/DLON/H
  287  271  262  249  236  226  222  217  211  207  199  191  182  173  166  160
  160  160  164  167  168  166  159  152  141  136  129  128  124  124  121  120
  117  115  114  113  115  117  123  134  147  164  181  200  218  234  253  270
  289  303  315  328  335  351  356  368  369  373  367  365  356  345  332  317
  305  294  287  287  291  290  291  296  287                                   
    57.5-180.0 180.0   5.0 450.0                            LAT/LON1/LON2/DLON/H
  292  274  271  255  239  231  225  220  212  205  196  188  178  170  162  158
  156  154  155  154  154  148  143  136  129  125  121  122  120  120  116  114
  109  107  104  104  104  108  111  124  136  153  173  193  215  236  254  273
  290  306  318  335  343  361  366  384  386  398  393  398  388  383  364  352
  333  319  304  301  302  298  300  310  292                                   
    55.0-180.0 180.0   5.0 450.0                            LAT/LON1/LON2/DLON/H
  308  291  283  266  251  239  234  225  217  206  197  186  178  171  163  158
  154  151  147  144  140  135  128  124  117  117  114  117  116  117  113  111
  107  104  102   99  102  102  109  117  134  150  174  195  220  239  260  277
  294  310  324  342  351  372  381  401  409  425  429  438  435  431  415  402
  379  361  340  331  326  318  319  326  308                                   
    52.5-180.0 180.0   5.0 450.0                            LAT/LON1/LON2/DLON/H
  331  308  306  287  270  258  247  237  224  212  198  189  181  174  166  161
  155  150  144  139  133  128  123  119  117  116  117  119  120  119  115  112
  108  106  105  104  107  109  113  122  134  153  173  196  221  243  261  278
  291  308  324  343  357  382  394  422  432  457  461  477  474  474  457  446
  422  404  381  371  364  350  348  356  331                                   
    50.0-180.0 180.0   5.0 450.0                            LAT/LON1/LON2/DLON/H
  363  339  330  313  300  282  270  254  242  224  209  195  189  179  171  163
  156  147  142  135  132  128  124  123  121  123  123  128  128  127  122  119
  115  114  114  116  120  121  125  130  144  159  182  203  233  252  274  288
  302  316  331  352  368  396  414  442  458  482  491  506  507  508  496  487
  465  450  428  419  408  389  384  388  363                                   
    47.5-180.0 180.0   5.0 450.0                            LAT/LON1/LON2/DLON/H
  390  364  356  343  328  316  298  280  261  242  222  209  198  190  179  168
  158  149  141  138  135  134  134  134  135  137  140  141  141  138  133  128
  123  123  124  128  132  135  136  140  148  166  187  212  238  260  278  293
  304  322  338  362  383  417  438  469  485  507  513  526  526  526  515  507
  491  476  462  450  444  424  410  413  390                                   
    45.0-180.0 180.0   5.0 450.0                            LAT/LON1/LON2/DLON/H
  417  391  381  367  359  344  332  306  289  264  248  229  218  206  195  179
  165  150  146  142  144  146  150  153  155  158  158  161  158  153  146  141
  136  135  136  139  144  145  148  150  161  177  203  224  255  273  296  308
  326  340  359  381  408  439  463  491  509  526  531  540  539  539  526  517
  498  490  474  471  463  446  435  432  417                                   
    42.5-180.0 180.0   5.0 450.0                            LAT/LON1/LON2/DLON/H
  430  408  394  389  378  376  359  341  316  291  271  254  240  227  210  193
  176  162  157  157  162  168  175  180  183  182  181  178  174  167  160  152
  146  145  145  149  152  153  153  158  164  191  213  240  265  287  306  323
  336  356  375  404  434  466  488  514  530  539  545  546  545  538  528  513
  502  487  484  479  482  463  441  434  430                                   
    40.0-180.0 180.0   5.0 450.0                            LAT/LON1/LON2/DLON/H
  442  423  410  403  403  394  388  363  345  314  297  276  266  248  233  210
  196  180  179  179  188  193  201  204  207  203  200  194  189  181  173  166
  160  156  155  158  159  161  159  165  180  205  234  260  288  307  329  344
  361  378  402  428  460  491  516  540  556  563  569  571  567  561  545  529
  510  499  489  494  493  476  452  442  442                                   
    37.5-180.0 180.0   5.0 450.0                            LAT/LON1/LON2/DLON/H
  453  436  422  420  414  417  406  392  365  339  315  297  281  267  247  230
  213  204  204  208  215  220  223  225  223  219  212  205  197  190  179  174
  163  161  155  159  157  160  159  171  180  214  243  275  298  323  341  359
  374  395  419  450  480  513  535  559  575  584  595  593  594  581  566  548
  533  522  515  515  518  502  467  453  453                                   
    35.0-180.0 180.0   5.0 450.0                            LAT/LON1/LON2/DLON/H
  474  457  441  432  430  425  421  403  382  352  335  310  297  280  264  246
  235  227  232  237  246  247  249  246  245  239  233  225  214  210  199  193
  179  172  163  164  161  164  164  179  192  224  256  288  311  335  353  370
  387  406  432  463  496  532  562  592  614  630  647  650  653  636  623  603
  589  574  563  559  554  529  509  487  474                                   
    32.5-180.0 180.0   5.0 450.0                            LAT/LON1/LON2/DLON/H
  511  492  473  458  446  441  430  415  391  364  343  323  307  292  274  260
  251  249  255  263  270  270  268  266  261  260  251  248  233  233  216  213
  196  187  173  170  167  171  169  182  193  225  254  284  307  329  348  365
  384  404  433  471  502  544  570  609  641  665  696  706  715  702  694  673
  664  641  631  617  606  580  562  531  511                                   
    30.0-180.0 180.0   5.0 450.0                            LAT/LON1/LON2/DLON/H
  574  549  526  504  487  474  455  434  408  379  356  332  316  298  284  271
  269  267  276  281  287  287  287  287  288  290  287  288  275  274  256  249
  226  214  197  188  180  178  174  186  197  226  253  284  303  322  342  359
  381  403  434  472  511  547  588  628  673  713  753  779  798  796  792  774
  758  735  713  692  668  635  616  603  574                                   
    27.5-180.0 180.0   5.0 450.0                            LAT/LON1/LON2/DLON/H
  658  629  614  572  542  517  489  462  433  400  372  341  322  306  291  281
  276  275  281  286  294  299  303  314  319  333  328  338  322  317  295  282
  258  245  223  213  196  187  179  183  191  215  241  267  288  305  329  349
  373  397  429  468  511  552  590  640  689  739  787  824  847  860  863  857
  846  823  805  778  755  722  689  676  658                                   
    25.0-180.0 180.0   5.0 450.0                            LAT/LON1/LON2/DLON/H
  754  748  719  674  623  587  544  516  475  445  406  375  343  322  304  293
  287  283  286  289  298  312  326  353  371  395  396  399  379  364  339  322
  295  275  249  232  209  193  183  181  186  210  233  259  276  296  318  344
  369  400  434  477  521  564  609  665  715  761  804  851  884  907  913  914
  900  894  870  853  832  819  794  775  754                                   
    22.5-180.0 180.0   5.0 450.0                            LAT/LON1/LON2/DLON/H
  862  871  839  786  736  676  621  573  531  491  451  412  375  345  321  307
  295  290  286  293  303  329  348  392  407  445  434  441  407  397  363  348
  320  300  271  243  211  191  177  171  174  194  218  243  268  290  315  341
  373  408  441  485  535  578  630  686  734  778  813  862  896  924  937  943
  937  938  923  916  906  915  885  867  862                                   
    20.0-180.0 180.0   5.0 450.0                            LAT/LON1/LON2/DLON/H
  954  970  950  900  841  789  724  669  607  561  510  472  427  392  355  335
  316  307  300  309  325  357  394  441  469  488  481  464  434  409  382  355
  331  305  274  245  218  193  173  164  164  184  209  237  265  292  316  348
  384  423  458  507  553  602  648  704  739  785  821  862  893  928  942  961
  955  963  958  963  963  983  948  944  954                                   
    17.5-180.0 180.0   5.0 450.0                            LAT/LON1/LON2/DLON/H
 1008 1035 1020  984  940  894  833  776  711  651  595  544  497  449  404  367
  340  328  318  335  348  396  425  482  493  516  487  469  426  402  365  345
  320  295  265  237  212  188  165  155  157  174  205  236  273  298  330  361
  401  441  481  524  568  609  660  708  741  782  812  846  871  902  921  945
  952  966  972  984  992 1020  984  993 1008                                   
    15.0-180.0 180.0   5.0 450.0                            LAT/LON1/LON2/DLON/H
 1032 1066 1059 1029  991  948  906  870  806  758  688  637  579  528  473  430
  382  369  357  379  400  449  490  527  536  529  494  456  411  373  338  316
  292  268  244  221  201  173  151  142  142  162  196  234  267  304  337  375
  415  454  495  538  580  623  672  710  738  778  806  834  852  879  898  929
  942  964  976  997 1010 1030 1000 1015 1032                                   
    12.5-180.0 180.0   5.0 450.0                            LAT/LON1/LON2/DLON/H
 1033 1076 1079 1062 1030  995  950  914  869  829  776  721  668  607  554  499
  452  431  417  440  451  504  525  554  543  525  470  421  367  327  299  280
  256  240  224  210  189  164  141  133  138  156  194  233  275  309  349  383
  423  463  509  547  589  634  670  703  738  765  786  811  828  848  868  895
  914  941  955  983  996 1026  992 1018 1033                                   
    10.0-180.0 180.0   5.0 450.0                            LAT/LON1/LON2/DLON/H
 1016 1064 1066 1057 1033 1005  965  932  883  860  814  786  733  687  628  575
  526  507  490  511  520  554  559  566  544  501  436  374  317  285  261  243
  227  211  205  191  174  154  136  133  133  152  188  227  269  313  355  390
  425  465  512  555  595  631  663  697  733  762  781  797  815  840  861  885
  903  927  946  964  983 1001  977 1005 1016                                   
     7.5-180.0 180.0   5.0 450.0                            LAT/LON1/LON2/DLON/H
 1003 1041 1050 1034 1019  988  955  917  874  842  814  792  761  723  678  630
  594  575  563  574  578  588  574  565  517  449  381  317  279  243  226  219
