data/unet/pred1470.15i
     1.0            IONOSPHERE MAPS     GNSS                IONEX VERSION / TYPE
pyspatialgeodesy        IME             05-JAN-18 20:20     PGM / RUN BY / DATE 
Map Name                                                    COMMENT             
Predicted global ionosphere maps (GIM).                     DESCRIPTION         
  2015     5    27     0     0     0                        EPOCH OF FIRST MAP  
  2015     5    28     0     0     0                        EPOCH OF LAST MAP   
  7200                                                      INTERVAL            
    13                                                      # OF MAPS IN FILE   
  NONE                                                      MAPPING FUNCTION    
10.0                                                        ELEVATION CUTOFF    
One-way carrier phase leveled to code                       OBSERVABLES USED    
  6371.0                                                    BASE RADIUS         
 2                                                          MAP DIMENSION       
   450.0 450.0   0.0                                        HGT1 / HGT2 / DHGT  
    87.5 -87.5  -2.5                                        LAT1 / LAT2 / DLAT  
  -180.0 180.0   5.0                                        LON1 / LON2 / DLON  
    -1                                                      EXPONENT            
                                                            END OF HEADER       
[from data line 3432]
     9                                                      START OF TEC MAP    
  2015     5    27    16     0     0                        EPOCH OF CURRENT MAP
    87.5-180.0 180.0   5.0 450.0                            LAT/LON1/LON2/DLON/H
  175  178  173  174  174  171  172  170  172  169  171  168  170  167  169  165
  167  163  165  162  164  159  162  158  161  157  160  157  160  157  160  158
  162  160  163  161  164  162  164  162  165  162  165  163  166  164  166  165
  168  167  169  169  170  169  170  170  170  169  170  169  170  169  169  168
  170  169  170  168  168  167  173  184  175                                   
    85.0-180.0 180.0   5.0 450.0                            LAT/LON1/LON2/DLON/H
  158  165  166  168  169  167  169  168  170  168  170  168  169  167  168  165
  166  163  163  161  161  158  158  156  156  153  154  152  153  151  153  152
  154  154  155  156  157  157  157  158  158  158  158  159  160  160  160  162
  163  163  164  165  165  165  165  165  165  164  164  163  164  162  163  162
  163  162  164  162  162  159  162  160  158                                   
    82.5-180.0 180.0   5.0 450.0                            LAT/LON1/LON2/DLON/H
  159  164  162  162  161  162  164  166  166  166  166  167  166  166  165  166
  163  164  162  162  159  160  157  158  153  154  151  153  149  151  148  151
  149  152  150  153  152  154  153  156  155  157  156  159  157  160  158  161
  160  162  161  162  161  162  161  162  160  161  159  161  158  160  158  159
  157  159  158  159  157  154  163  150  159                                   
    80.0-180.0 180.0   5.0 450.0                            LAT/LON1/LON2/DLON/H
  151  156  156  160  159  161  162  164  165  165  165  167  166  166  165  166
  164  163  162  162  160  159  158  157  155  153  152  151  150  149  148  148
  148  148  148  151  150  152  152  154  154  155  154  157  156  158  157  159
  158  160  158  160  159  160  159  160  158  158  156  158  155  156  154  155
  153  154  152  151  151  151  154  147  151                                   
    77.5-180.0 180.0   5.0 450.0                            LAT/LON1/LON2/DLON/H
  145  152  153  153  157  158  162  163  165  164  166  166  166  164  165  165
  164  163  164  163  163  161  161  160  158  157  155  155  152  151  150  150
  148  149  149  150  150  151  152  154  153  155  154  157  156  157  156  158
  157  158  157  158  157  158  156  157  155  155  154  154  152  152  150  150
  148  148  147  146  146  144  147  141  145                                   
    75.0-180.0 180.0   5.0 450.0                            LAT/LON1/LON2/DLON/H
  144  152  156  159  163  166  169  170  172  172  173  172  173  171  172  170
  171  169  171  169  170  169  169  168  166  165  163  162  160  159  157  156
  155  155  155  155  156  157  158  158  159  159  160  160  161  160  161  161
  161  161  162  161  162  162  162  161  161  160  160  158  157  157  156  155
  153  153  151  148  148  148  149  142  144                                   
    72.5-180.0 180.0   5.0 450.0                            LAT/LON1/LON2/DLON/H
  144  156  161  164  168  170  173  174  175  174  174  173  172  170  170  168
  169  168  169  170  170  171  170  171  169  169  166  165  162  162  159  159
  157  157  156  157  156  159  158  160  159  161  159  161  159  161  160  161
  159  161  160  162  160  162  160  162  159  160  158  159  156  158  155  155
  152  153  151  149  148  146  151  142  144                                   
    70.0-180.0 180.0   5.0 450.0                            LAT/LON1/LON2/DLON/H
  147  159  165  171  176  179  181  180  181  179  179  176  176  174  174  172
  174  173  175  175  177  177  178  178  177  176  174  173  171  170  167  167
  165  165  164  165  164  165  164  165  163  164  162  162  162  161  161  160
  160  160  161  161  162  162  162  162  162  160  160  159  159  158  158  157
  156  156  155  152  152  152  155  147  147                                   
    67.5-180.0 180.0   5.0 450.0                            LAT/LON1/LON2/DLON/H
  150  164  172  176  180  181  183  183  182  179  178  176  175  172  174  172
  175  173  177  176  180  179  180  180  179  177  175  175  172  172  169  169
  167  167  166  167  166  167  165  167  163  165  162  163  160  161  159  160
  157  159  159  161  160  162  160  162  159  160  157  159  156  157  155  157
  155  157  155  154  154  153  159  148  150                                   
    65.0-180.0 180.0   5.0 450.0                            LAT/LON1/LON2/DLON/H
  152  166  174  180  186  188  188  188  185  183  180  178  177  176  177  177
  180  180  182  183  185  185  185  184  183  181  180  178  177  177  175  175
  175  174  174  174  174  174  172  172  169  169  167  165  163  162  161  159
  159  159  160  162  163  164  163  162  161  158  158  155  156  155  156  156
  157  157  158  156  157  158  162  156  152                                   
    62.5-180.0 180.0   5.0 450.0                            LAT/LON1/LON2/DLON/H
  152  167  175  183  185  186  187  187  185  181  179  177  177  176  178  179
  182  181  184  182  185  180  182  179  179  176  175  175  175  175  175  176
  176  177  177  178  176  176  173  174  171  172  168  168  163  163  159  161
  157  161  159  163  162  165  162  163  159  158  154  154  151  152  151  153
  152  155  154  155  156  156  164  155  152                                   
    60.0-180.0 180.0   5.0 450.0                            LAT/LON1/LON2/DLON/H
  150  165  173  180  186  188  188  188  185  181  178  178  178  178  181  182
  185  184  184  183  184  181  180  177  178  176  176  177  179  180  182  182
  184  183  184  184  184  183  182  182  180  180  177  175  172  168  166  164
  164  163  164  165  166  166  166  163  161  156  154  150  150  149  150  150
  152  153  154  153  155  156  162  157  150                                   
    57.5-180.0 180.0   5.0 450.0                            LAT/LON1/LON2/DLON/H
  147  160  169  177  182  184  186  184  183  177  176  175  176  177  180  184
  186  185  185  183  182  176  175  172  173  172  173  176  179  182  183  188
  188  191  190  192  188  189  187  188  186  187  185  186  179  179  173  174
  167  170  166  170  167  169  165  165  160  157  152  151  147  146  144  147
  146  148  148  149  149  149  159  153  147                                   
    55.0-180.0 180.0   5.0 450.0                            LAT/LON1/LON2/DLON/H
  141  153  162  170  178  184  185  184  181  177  174  174  175  179  182  186
  188  188  185  182  180  175  172  170  172  172  174  177  181  186  188  192
  195  197  197  197  197  197  197  197  198  199  200  197  195  190  186  180
  177  174  173  170  171  170  169  165  162  157  154  149  148  146  146  145
  146  146  146  144  145  144  152  149  141                                   
    52.5-180.0 180.0   5.0 450.0                            LAT/LON1/LON2/DLON/H
  136  146  154  166  174  180  185  184  183  177  176  174  175  180  183  189
  190  190  187  184  180  174  172  171  173  174  179  183  187  191  195  199
  202  205  205  207  204  206  205  208  208  210  211  211  206  204  197  193
  184  183  177  177  172  173  168  168  163  161  156  154  148  147  144  144
  141  141  141  138  136  135  145  143  136                                   
    50.0-180.0 180.0   5.0 450.0                            LAT/LON1/LON2/DLON/H
  133  141  150  160  172  181  189  190  189  185  181  180  180  185  190  195
  197  196  191  187  181  177  175  176  176  181  184  192  195  202  203  209
  209  214  214  217  215  217  216  221  220  225  225  224  222  216  212  204
  198  192  187  182  180  176  175  171  170  165  163  159  156  152  151  147
  145  142  141  135  135  134  140  140  133                                   
    47.5-180.0 180.0   5.0 450.0                            LAT/LON1/LON2/DLON/H
  131  139  146  160  170  182  190  196  195  192  189  187  186  190  193  200
  201  202  197  193  187  185  181  184  184  189  194  200  206  211  215  217
  219  223  225  228  227  230  230  234  234  239  238  238  232  230  222  218
  207  204  195  193  186  185  179  180  175  174  170  168  163  161  154  152
  146  144  140  135  131  130  137  137  131                                   
    45.0-180.0 180.0   5.0 450.0                            LAT/LON1/LON2/DLON/H
  132  137  146  158  172  185  198  205  207  205  202  199  198  200  203  208
  210  209  205  199  193  190  188  192  192  201  205  215  219  226  227  232
  232  238  241  246  246  248  249  251  252  254  253  251  247  241  236  226
  220  212  206  198  194  188  186  182  183  180  180  177  175  170  166  160
  157  152  148  141  138  137  139  141  132                                   
    42.5-180.0 180.0   5.0 450.0                            LAT/LON1/LON2/DLON/H
  133  138  145  158  171  185  200  210  214  215  214  212  210  210  211  216
  217  218  214  211  204  202  202  205  207  212  220  227  235  239  245  247
  253  259  267  270  272  272  271  271  271  271  269  267  259  254  245  239
  227  223  214  208  200  197  190  191  188  189  187  186  183  180  174  170
  164  161  156  149  143  140  144  145  133                                   
    40.0-180.0 180.0   5.0 450.0                            LAT/LON1/LON2/DLON/H
  138  139  145  156  170  186  203  215  223  226  227  225  224  222  221  225
  225  224  222  219  214  214  212  218  218  227  233  244  250  260  265  273
  278  290  297  305  301  302  298  296  293  290  286  282  275  267  259  250
  240  232  225  215  209  201  196  193  194  193  194  192  193  189  186  181
  177  173  168  161  153  152  151  154  138                                   
    37.5-180.0 180.0   5.0 450.0                            LAT/LON1/LON2/DLON/H
  141  141  144  153  165  179  198  212  223  231  234  235  235  233  231  233
  232  234  232  233  229  231  232  236  237  242  250  259  270  280  292  300
  313  323  336  339  339  334  331  323  321  313  311  302  296  284  279  268
  257  248  238  229  219  211  204  204  201  204  203  204  201  199  196  193
  189  187  180  174  163  158  157  161  141                                   
    35.0-180.0 180.0   5.0 450.0                            LAT/LON1/LON2/DLON/H
  145  140  140  146  157  173  192  209  224  234  241  244  244  244  242  242
  240  242  241  241  241  244  246  249  251  257  266  280  294  310  324  335
  349  363  372  378  375  371  362  354  347  338  331  322  313  301  293  282
  271  260  250  237  230  219  214  207  206  205  208  207  208  207  205  202
  200  198  193  185  175  167  164  168  145                                   
    32.5-180.0 180.0   5.0 450.0                            LAT/LON1/LON2/DLON/H
  147  141  136  139  145  159  179  197  215  229  240  246  249  248  246  245
  245  248  249  253  254  261  264  268  270  277  288  303  320  337  354  369
  385  399  408  412  409  402  392  377  371  358  350  338  329  317  308  295
  283  273  260  250  237  228  218  213  209  208  211  212  213  214  211  210
  207  207  201  196  184  174  170  173  147                                   
    30.0-180.0 180.0   5.0 450.0                            LAT/LON1/LON2/DLON/H
  151  137  130  128  134  149  166  186  205  224  234  245  247  252  248  249
  246  253  254  262  267  275  279  284  287  296  311  328  349  366  385  404
  420  435  444  448  442  436  420  408  395  381  368  355  342  330  318  304
  291  276  264  250  241  230  222  215  211  208  211  213  216  215  217  214
  214  209  207  200  193  180  176  175  151                                   
    27.5-180.0 180.0   5.0 450.0                            LAT/LON1/LON2/DLON/H
  153  140  127  126  127  139  156  174  196  212  228  237  246  248  249  249
  251  257  263  273  279  291  295  302  307  320  336  355  374  393  413  434
  449  463  470  471  466  455  444  428  416  397  383  366  352  339  325  312
  293  279  263  252  242  235  226  220  214  211  214  213  217  216  216  216
  212  213  206  204  196  186  181  176  153                                   
    25.0-180.0 180.0   5.0 450.0                            LAT/LON1/LON2/DLON/H
  158  140  130  127  127  138  151  166  185  207  222  237  242  251  250  255
  255  262  268  279  288  299  308  317  325  340  359  377  398  417  438  461
  474  486  488  488  481  473  458  445  431  415  398  381  363  348  329  315
  294  279  265  255  239  224  209  202  197  200  207  209  211  210  212  210
  210  207  206  200  199  187  187  177  158                                   
    22.5-180.0 180.0   5.0 450.0                            LAT/LON1/LON2/DLON/H
  163  144  133  135  131  143  154  168  183  200  220  233  244  249  253  256
  262  270  277  290  297  311  317  330  339  358  376  396  415  436  455  473
  484  490  488  485  479  470  457  445  433  417  401  386  367  350  330  314
  291  277  261  250  229  216  203  195  192  191  199  206  207  204  204  204
  202  202  199  199  196  189  187  176  163                                   
    20.0-180.0 180.0   5.0 450.0                            LAT/LON1/LON2/DLON/H
  166  148  139  140  136  146  156  168  181  198  215  233  245  256  257  266
  267  279  285  298  306  319  328  343  353  373  390  413  432  452  466  483
  486  489  481  477  468  460  448  438  430  418  404  389  372  353  331  315
  293  278  264  246  228  213  201  194  190  191  196  201  198  193  193  192
  193  192  194  192  192  185  187  177  166                                   
    17.5-180.0 180.0   5.0 450.0                            LAT/LON1/LON2/DLON/H
  169  150  140  142  139  150  159  174  184  198  214  232  247  259  267  272
  280  288  298  309  317  329  339  353  366  386  407  429  447  461  470  479
  481  479  472  465  457  447  439  430  424  412  400  387  370  353  332  316
  294  280  260  248  227  217  206  201  200  200  199  196  190  185  183  181
  183  183  184  186  185  181  180  170  169                                   
    15.0-180.0 180.0   5.0 450.0                            LAT/LON1/LON2/DLON/H
  163  147  137  137  136  146  157  170  182  198  212  234  251  270  279  291
  297  308  314  321  326  338  350  364  381  402  421  443  454  467  467  475
  472  472  465  457  452  439  436  424  422  409  401  388  372  355  335  319
  298  282  264  249  238  226  217  210  203  196  191  183  177  170  169  168
  171  173  176  174  175  171  173  164  163                                   
    12.5-180.0 180.0   5.0 450.0                            LAT/LON1/LON2/DLON/H
  157  139  127  126  128  139  151  167  180  197  214  236  255  275  289  305
  314  324  329  334  338  346  358  373  392  411  432  449  460  466  465  467
  465  465  461  456  449  438  434  423  418  406  399  383  372  352  335  317
  300  282  263  248  234  223  213  207  199  192  182  175  166  160  158  158
  160  163  165  165  161  156  155  147  157                                   
    10.0-180.0 180.0   5.0 450.0                            LAT/LON1/LON2/DLON/H
  142  126  115  113  113  122  135  152  171  190  212  234  257  278  296  313
  326  340  342  347  346  355  365  383  399  417  434  454  459  466  461  466
  465  466  468  460  457  445  440  427  420  407  398  384  369  350  333  318
  300  284  265  247  232  221  210  204  196  187  177  167  158  151  148  145
  148  149  153  148  146  140  139  131  142                                   
     7.5-180.0 180.0   5.0 450.0                            LAT/LON1/LON2/DLON/H
  124  109  100   95   96  101  118  137  161  183  210  232  255  277  294  318
  329  347  349  353  354  361  372  386  403  419  438  454  461  465  461  464
