data/unet/pred0890.15i
     1.0            IONOSPHERE MAPS     GNSS                IONEX VERSION / TYPE
pyspatialgeodesy        IME             05-JAN-18 20:20     PGM / RUN BY / DATE 
Map Name                                                    COMMENT             
Predicted global ionosphere maps (GIM).                     DESCRIPTION         
  2015     3    30     0     0     0                        EPOCH OF FIRST MAP  
  2015     3    31     0     0     0                        EPOCH OF LAST MAP   
  7200                                                      INTERVAL            
    13                                                      # OF MAPS IN FILE   
  NONE                                                      MAPPING FUNCTION    
10.0                                                        ELEVATION CUTOFF    
One-way carrier phase leveled to code                       OBSERVABLES USED    
  6371.0                                                    BASE RADIUS         
 2                                                          MAP DIMENSION       
   450.0 450.0   0.0                                        HGT1 / HGT2 / DHGT  
    87.5 -87.5  -2.5                                        LAT1 / LAT2 / DLAT  
  -180.0 180.0   5.0                                        LON1 / LON2 / DLON  
    -1                                                      EXPONENT            
                                                            END OF HEADER       
[from data line 3003]
     8                                                      START OF TEC MAP    
  2015     3    30    14     0     0                        EPOCH OF CURRENT MAP
    87.5-180.0 180.0   5.0 450.0                            LAT/LON1/LON2/DLON/H
  140  153  160  158  160  158  161  158  162  159  163  160  163  160  162  159
  161  158  160  158  160  160  162  162  164  166  168  169  170  172  171  172
  170  170  167  166  163  162  159  159  155  156  152  153  149  152  148  150
  147  151  148  152  150  153  152  155  155  157  156  158  158  160  159  160
  160  161  161  163  161  161  170  150  140                                   
    85.0-180.0 180.0   5.0 450.0                            LAT/LON1/LON2/DLON/H
  130  144  145  148  152  152  155  155  159  157  161  158  163  159  164  159
  164  159  164  159  165  160  167  162  169  165  173  169  175  171  174  169
  170  165  165  159  159  153  153  147  148  142  143  138  141  136  139  135
  138  135  138  136  139  138  138  139  139  141  139  141  140  141  140  141
  142  142  144  144  146  148  150  155  130                                   
    82.5-180.0 180.0   5.0 450.0                            LAT/LON1/LON2/DLON/H
  132  125  132  136  138  143  144  150  149  154  154  160  158  163  160  165
  160  165  162  166  162  167  165  171  168  175  173  181  177  182  177  180
  173  174  166  166  157  158  148  149  139  139  132  133  128  128  126  127
  126  127  128  129  131  131  132  132  134  132  133  131  132  129  130  127
  129  126  129  127  128  124  134  133  132                                   
    80.0-180.0 180.0   5.0 450.0                            LAT/LON1/LON2/DLON/H
  116  111  112  118  125  126  135  134  142  140  148  146  153  153  155  158
  157  160  159  164  161  167  165  172  170  177  176  181  181  182  182  181
  177  174  169  165  157  154  147  143  136  133  129  127  124  123  123  124
  125  127  129  132  132  135  134  136  134  136  132  133  129  129  124  123
  118  118  114  113  108  108  109  118  116                                   
    77.5-180.0 180.0   5.0 450.0                            LAT/LON1/LON2/DLON/H
  102   94   94   99  106  111  117  121  125  127  132  135  138  140  144  146
  148  149  153  154  157  157  162  164  170  172  177  180  184  184  185  185
  183  180  176  171  163  159  151  146  139  134  130  128  126  126  127  129
  132  136  139  142  144  145  146  146  145  143  140  137  133  129  124  119
  113  109  103   99   93   88   92  101  102                                   
    75.0-180.0 180.0   5.0 450.0                            LAT/LON1/LON2/DLON/H
   94   83   81   87   97  100  109  109  117  115  124  121  130  127  136  134
  141  140  147  146  153  152  159  161  169  170  179  180  188  186  191  188
  188  185  181  176  170  164  158  152  146  142  137  134  132  131  133  135
  139  143  148  151  155  156  158  157  156  153  150  146  141  136  130  123
  117  109  104   95   90   83   84   91   94                                   
    72.5-180.0 180.0   5.0 450.0                            LAT/LON1/LON2/DLON/H
   89   80   76   80   85   89   95   97  103  104  108  108  114  116  121  126
  131  136  141  145  149  153  160  166  174  177  184  189  192  194  195  195
  192  190  186  184  177  174  167  164  156  154  148  147  145  145  145  148
  150  155  157  161  162  165  162  163  159  158  152  149  143  139  131  125
  115  109  101   95   87   81   84   88   89                                   
    70.0-180.0 180.0   5.0 450.0                            LAT/LON1/LON2/DLON/H
   90   78   76   79   86   87   93   93  100   99  105  104  112  113  124  126
  136  139  146  148  155  159  167  175  183  187  194  197  204  203  207  205
  205  201  198  194  189  186  181  177  172  169  165  164  162  162  161  162
  164  165  167  168  168  167  164  163  158  156  151  148  143  140  134  128
  121  110  103   93   89   82   85   87   90                                   
    67.5-180.0 180.0   5.0 450.0                            LAT/LON1/LON2/DLON/H
   85   80   77   80   85   86   91   92   97   98  104  106  114  117  126  132
  139  144  149  153  159  166  176  185  193  198  205  210  213  213  213  212
  210  209  204  202  197  195  189  188  182  181  177  177  174  174  171  171
  168  169  165  166  161  159  152  149  143  140  133  132  128  127  122  120
  112  108   98   92   84   82   84   84   85                                   
    65.0-180.0 180.0   5.0 450.0                            LAT/LON1/LON2/DLON/H
   85   76   73   75   83   84   90   90   96   95  104  103  115  117  132  134
  147  150  157  160  166  175  183  193  201  209  218  222  227  226  227  222
  220  216  213  210  207  203  199  196  193  191  190  187  187  182  179  173
  171  166  164  159  155  148  139  132  126  121  116  113  112  112  110  108
  104  100   95   88   84   81   79   80   85                                   
    62.5-180.0 180.0   5.0 450.0                            LAT/LON1/LON2/DLON/H
   76   70   67   71   76   78   84   85   91   93  102  106  117  121  133  139
  149  153  159  162  169  176  184  194  201  211  219  225  232  231  234  230
  228  223  222  219  217  213  207  205  202  201  200  197  195  189  184  177
  170  164  159  154  146  137  125  116  108  102   97   95   94   95   94   94
   91   89   85   80   76   73   72   69   76                                   
    60.0-180.0 180.0   5.0 450.0                            LAT/LON1/LON2/DLON/H
   74   63   56   58   62   66   72   72   81   82   93   96  109  113  128  134
  147  151  159  162  167  173  180  190  198  206  216  224  235  236  243  238
  241  233  233  229  230  226  222  219  219  219  219  214  212  202  195  182
  175  166  161  153  147  136  125  114  106   98   93   90   90   88   90   87
   87   84   81   76   72   69   65   65   74                                   
    57.5-180.0 180.0   5.0 450.0                            LAT/LON1/LON2/DLON/H
   69   58   50   52   53   57   60   63   70   76   86   94  105  112  123  130
  142  145  152  156  160  165  171  181  189  200  208  222  232  241  248  250
  251  252  248  250  247  246  241  240  238  241  240  238  234  221  210  195
  187  176  170  162  154  145  133  123  116  108  103   99   96   95   91   90
   86   84   82   74   73   67   64   59   69                                   
    55.0-180.0 180.0   5.0 450.0                            LAT/LON1/LON2/DLON/H
   76   58   46   47   45   51   54   53   63   62   76   79   94   98  112  119
  132  138  146  150  153  159  164  173  182  194  207  219  236  245  259  261
  269  268  266  268  266  266  262  262  263  266  268  266  261  250  235  218
  206  197  191  184  177  169  159  150  142  134  128  123  120  116  111  104
  101   94   92   85   82   75   73   67   76                                   
    52.5-180.0 180.0   5.0 450.0                            LAT/LON1/LON2/DLON/H
   85   69   59   57   52   52   54   54   58   64   73   83   93   99  109  117
  128  136  144  147  153  155  161  170  179  193  205  224  238  255  269  281
  287  293  290  298  292  295  288  289  288  292  295  294  290  277  264  248
  234  225  220  214  206  197  189  179  173  164  160  154  152  145  140  132
  123  116  111  103  102   94   91   86   85                                   
    50.0-180.0 180.0   5.0 450.0                            LAT/LON1/LON2/DLON/H
  108   88   77   73   64   63   60   58   64   65   76   76   89   91  104  109
  124  133  142  148  152  159  164  173  184  197  215  233  255  272  291  305
  315  319  314  320  310  313  304  307  307  313  317  319  315  305  292  280
  267  263  254  250  240  231  223  213  206  198  192  186  183  175  170  160
  153  142  136  128  129  122  120  115  108                                   
    47.5-180.0 180.0   5.0 450.0                            LAT/LON1/LON2/DLON/H
  130  112  103   98   90   82   76   73   72   77   79   87   94  100  110  118
  131  142  152  156  162  168  174  184  196  212  227  251  270  292  311  328
  341  346  349  346  342  336  329  329  328  333  338  340  338  330  321  308
  299  293  287  278  269  254  245  232  227  216  213  206  204  197  192  184
  177  170  161  156  155  152  158  149  130                                   
    45.0-180.0 180.0   5.0 450.0                            LAT/LON1/LON2/DLON/H
  153  143  129  122  111  105   94   89   90   88   96   96  106  104  117  122
  141  147  161  167  174  182  191  203  217  235  253  273  294  316  331  350
  362  370  373  372  364  359  345  347  343  353  354  360  355  352  340  332
  321  315  306  295  280  265  249  237  227  219  216  212  212  206  204  197
  193  185  181  178  179  180  182  171  153                                   
    42.5-180.0 180.0   5.0 450.0                            LAT/LON1/LON2/DLON/H
  169  158  147  142  135  124  118  108  104  106  106  113  116  122  132  142
  161  168  179  184  191  199  211  226  242  261  275  298  314  333  346  360
  378  389  405  402  406  393  389  382  378  382  378  381  375  370  361  352
  341  331  322  305  288  264  246  227  220  210  211  208  212  210  208  204
  195  193  186  187  187  191  198  194  169                                   
    40.0-180.0 180.0   5.0 450.0                            LAT/LON1/LON2/DLON/H
  179  176  163  160  154  148  137  127  120  121  123  128  133  138  150  158
  179  184  197  198  208  217  235  251  269  286  301  319  335  350  358  373
  390  411  432  438  442  435  427  424  411  416  406  408  395  391  379  371
  355  347  331  312  286  259  234  217  206  195  193  192  199  197  200  194
  188  183  178  179  179  187  197  200  179                                   
    37.5-180.0 180.0   5.0 450.0                            LAT/LON1/LON2/DLON/H
  175  167  163  163  160  153  149  134  132  128  133  140  146  154  170  183
  205  208  220  219  226  237  253  272  288  304  316  331  348  359  367  384
  412  444  478  493  503  496  492  483  472  467  454  449  435  426  414  402
  385  367  342  315  285  256  238  226  216  205  197  190  195  191  195  184
  181  172  166  161  160  169  182  200  175                                   
    35.0-180.0 180.0   5.0 450.0                            LAT/LON1/LON2/DLON/H
  170  163  160  163  166  159  155  142  137  134  138  150  158  173  191  208
  226  229  237  234  243  252  272  287  307  320  333  350  363  375  385  408
  441  487  529  568  583  587  572  562  537  523  503  490  474  466  452  433
  405  388  361  337  304  281  257  243  236  232  221  211  204  196  197  187
  183  171  158  151  147  151  162  187  170                                   
    32.5-180.0 180.0   5.0 450.0                            LAT/LON1/LON2/DLON/H
  160  144  146  155  153  155  149  137  134  129  139  147  164  184  208  226
  250  250  265  256  268  273  288  305  318  333  343  361  379  396  413  443
  492  537  603  644  684  689  686  668  641  618  585  569  543  533  510  495
  465  453  421  403  369  354  331  324  308  300  287  282  271  253  240  228
  214  203  184  168  156  149  145  170  160                                   
    30.0-180.0 180.0   5.0 450.0                            LAT/LON1/LON2/DLON/H
  156  132  129  145  148  147  143  131  128  120  132  146  166  193  219  245
  263  271  273  276  284  290  309  316  336  340  360  378  401  424  452  499
  544  608  675  730  765  763  766  747  734  703  684  653  631  611  597  578
  557  540  512  492  461  450  426  419  398  385  360  349  321  312  279  272
  251  238  209  188  170  162  159  163  156                                   
    27.5-180.0 180.0   5.0 450.0                            LAT/LON1/LON2/DLON/H
  155  123  116  122  128  135  131  122  118  109  121  135  161  195  224  253
  273  283  298  298  312  319  331  340  351  362  379  403  430  472  511  564
  619  682  752  782  811  816  822  815  803  783  765  740  717  695  672  654
  630  609  584  568  544  543  526  521  506  488  454  432  400  389  348  348
  304  305  266  247  203  175  165  148  155                                   
    25.0-180.0 180.0   5.0 450.0                            LAT/LON1/LON2/DLON/H
  154  134  115  113  109  116  115  116  113  104  114  127  155  189  226  258
  279  298  308  323  334  348  360  362  376  387  415  446  484  541  583  649
  695  751  792  818  847  855  865  856  854  832  815  793  777  763  752  737
  722  700  679  656  641  628  617  603  590  572  543  527  498  481  434  430
  389  390  342  319  269  229  190  175  154                                   
    22.5-180.0 180.0   5.0 450.0                            LAT/LON1/LON2/DLON/H
  180  178  149  132  120  113  111  110  114  102  111  119  150  185  222  258
  281  302  324  343  362  379  383  391  400  422  452  496  550  610  661  713
  763  799  829  849  878  884  892  888  888  873  861  838  826  811  802  783
  764  745  725  712  695  686  676  663  643  633  605  590  554  540  505  500
  479  465  420  382  326  285  245  205  180                                   
    20.0-180.0 180.0   5.0 450.0                            LAT/LON1/LON2/DLON/H
  212  200  173  159  144  134  120  114  112  111  113  120  144  180  218  256
  283  311  334  365  386  410  411  427  436  466  504  559  617  672  723  775
  815  830  851  867  887  885  895  893  903  893  885  870  856  847  836  824
  795  780  748  738  715  706  693  689  678  677  656  642  619  594  554  539
  523  517  482  437  382  321  279  252  212                                   
    17.5-180.0 180.0   5.0 450.0                            LAT/LON1/LON2/DLON/H
  239  225  194  171  165  152  143  136  127  118  116  120  140  172  216  250
  283  314  347  380  409  437  446  465  478  509  546  609  658  722  775  822
  844  850  866  875  880  879  890  897  908  903  900  884  879  863  861  836
  818  780  753  712  693  669  669  659  664  658  658  654  652  623  596  563
  553  533  509  464  411  360  315  293  239                                   
    15.0-180.0 180.0   5.0 450.0                            LAT/LON1/LON2/DLON/H
  256  239  202  193  175  165  152  147  139  130  121  121  141  174  215  253
  285  324  357  396  427  462  478  499  513  544  596  647  712  772  825  839
  852  855  869  867  868  865  879  887  906  904  901  892  881  875  862  849
  810  779  727  688  650  631  620  626  621  632  634  648  650  629  604  568
  554  532  513  479  433  380  337  319  256                                   
    12.5-180.0 180.0   5.0 450.0                            LAT/LON1/LON2/DLON/H
  271  250  214  199  183  170  163  150  144  132  119  123  138  174  215  256
  292  329  367  410  448  489  502  523  538  578  622  689  747  807  838  843
  856  854  865  857  860  856  872  887  905  907  902  889  880  864  857  829
  795  747  689  632  583  558  558  556  563  583  597  624  622  614  581  555
  530  512  491  460  430  385  346  325  271                                   
    10.0-180.0 180.0   5.0 450.0                            LAT/LON1/LON2/DLON/H
  262  244  217  201  181  174  162  150  139  127  122  119  136  176  230  273
  301  338  376  417  463  494  515  530  564  605  668  727  786  828  839  844
  852  852  859  855  857  857  877  890  909  910  903  895  878  866  849  825
  787  735  664  578  536  500  501  508  510  547  564  602  597  595  561  525
  494  464  442  410  397  370  344  306  262                                   
     7.5-180.0 180.0   5.0 450.0                            LAT/LON1/LON2/DLON/H
  257  239  214  193  177  171  159  147  138  124  119  122  134  178  230  278
  312  350  382  429  461  499  515  546  583  649  699  758  806  836  843  844
