data/unet/pred2500.15i
     1.0            IONOSPHERE MAPS     GNSS                IONEX VERSION / TYPE
pyspatialgeodesy        IME             05-JAN-18 20:20     PGM / RUN BY / DATE 
Map Name                                                    COMMENT             
Predicted global ionosphere maps (GIM).                     DESCRIPTION         
  2015     9     7     0     0     0                        EPOCH OF FIRST MAP  
  2015     9     8     0     0     0                        EPOCH OF LAST MAP   
  7200                                                      INTERVAL            
    13                                                      # OF MAPS IN FILE   
  NONE                                                      MAPPING FUNCTION    
10.0                                                        ELEVATION CUTOFF    
One-way carrier phase leveled to code                       OBSERVABLES USED    
  6371.0                                                    BASE RADIUS         
 2                                                          MAP DIMENSION       
   450.0 450.0   0.0                                        HGT1 / HGT2 / DHGT  
    87.5 -87.5  -2.5                                        LAT1 / LAT2 / DLAT  
  -180.0 180.0   5.0                                        LON1 / LON2 / DLON  
    -1                                                      EXPONENT            
                                                            END OF HEADER       
[from data line 5148]
    13                                                      START OF TEC MAP    
  2015     9     8     0     0     0                        EPOCH OF CURRENT MAP
    87.5-180.0 180.0   5.0 450.0                            LAT/LON1/LON2/DLON/H
  143  112  110  106  104   99  101   99  101   97  100   97   99   96   98   95
   98   94   96   93   95   91   93   89   91   87   89   85   87   83   85   81
   84   80   83   79   82   78   81   78   81   78   81   78   81   78   82   79
   82   80   83   80   84   82   86   83   87   85   89   87   91   90   94   92
   96   95   98   96  101   99  106  128  143                                   
    85.0-180.0 180.0   5.0 450.0                            LAT/LON1/LON2/DLON/H
  119  108  112  110  107  101  104  100  103   98  101   97  100   96   99   94
   97   92   95   90   92   86   88   82   83   77   78   73   74   69   71   66
   68   63   65   62   64   61   63   61   62   61   62   61   63   62   64   63
   66   65   68   67   70   71   74   74   78   78   82   82   86   86   90   90
   94   94   97   96  100   93   93  103  119                                   
    82.5-180.0 180.0   5.0 450.0                            LAT/LON1/LON2/DLON/H
  118  114  115  116  112  108  109  108  109  106  108  106  107  104  105  103
  103   99   99   96   94   90   89   84   82   77   75   71   69   65   65   60
   61   57   58   55   57   54   56   54   57   54   58   56   60   58   62   60
   65   63   68   67   72   71   77   76   81   80   86   85   91   90   95   94
   99   98  103  101  104   98   99  104  118                                   
    80.0-180.0 180.0   5.0 450.0                            LAT/LON1/LON2/DLON/H
  121  119  119  121  117  117  117  118  118  118  118  117  116  115  114  112
  111  109  107  105  102   99   95   91   87   83   79   75   72   68   66   64
   63   60   60   59   59   58   59   58   59   57   60   59   62   61   65   64
   68   68   71   72   76   77   81   81   85   86   90   91   95   95   99  100
  103  103  107  107  108  106  105  111  121                                   
    77.5-180.0 180.0   5.0 450.0                            LAT/LON1/LON2/DLON/H
  123  117  117  119  117  117  118  119  120  120  120  119  118  116  115  114
  112  110  109  108  105  102   99   96   91   86   81   77   73   69   66   64
   63   61   61   60   60   59   59   58   58   56   58   57   59   59   62   62
   65   66   69   71   73   75   78   80   83   84   88   89   92   93   95   97
   98  100  102  104  106  104  105  108  123                                   
    75.0-180.0 180.0   5.0 450.0                            LAT/LON1/LON2/DLON/H
  117  110  111  115  114  115  117  119  120  120  121  120  118  116  115  113
  111  110  109  108  106  105  102   99   94   90   84   80   75   71   69   67
   66   66   66   66   66   64   65   63   62   60   60   60   60   61   63   64
   66   67   70   72   74   76   79   80   83   85   88   89   91   92   94   95
   96   97   99  101  103  101  101  107  117                                   
    72.5-180.0 180.0   5.0 450.0                            LAT/LON1/LON2/DLON/H
  113  102  103  107  107  110  113  116  118  119  120  119  116  114  112  109
  107  104  104  103  102  102  100   98   94   90   84   80   74   72   69   68
   67   68   68   69   68   67   65   63   61   58   58   57   57   58   60   61
   63   64   67   69   71   73   76   78   80   82   85   86   87   88   90   90
   91   91   93   95   97   96   97  103  113                                   
    70.0-180.0 180.0   5.0 450.0                            LAT/LON1/LON2/DLON/H
  105   93   95  100  102  106  111  115  118  120  121  119  116  111  108  103
  100   96   96   95   95   95   94   93   89   85   80   76   72   69   68   67
   67   67   69   69   68   66   64   61   58   55   55   54   55   56   59   60
   62   64   67   68   70   72   76   78   80   83   85   87   88   88   89   89
   89   89   91   92   94   93   94  103  105                                   
    67.5-180.0 180.0   5.0 450.0                            LAT/LON1/LON2/DLON/H
  103   88   91   95   97  102  109  115  119  122  122  121  117  111  105   99
   94   89   88   86   86   85   86   85   82   79   75   71   67   66   65   64
   63   64   64   64   62   61   58   55   52   50   49   49   50   52   54   56
   58   60   62   64   67   69   73   76   79   81   84   86   87   87   88   87
   87   86   88   89   93   91   93  100  103                                   
    65.0-180.0 180.0   5.0 450.0                            LAT/LON1/LON2/DLON/H
  101   86   88   93   95  100  108  114  120  124  126  125  120  113  106   97
   90   84   81   78   77   76   76   75   73   70   67   65   62   61   60   59
   58   58   58   57   54   52   49   47   44   43   43   44   46   48   51   53
   56   57   60   61   64   67   71   75   78   82   85   88   89   90   90   89
   89   88   90   91   94   94   95  103  101                                   
    62.5-180.0 180.0   5.0 450.0                            LAT/LON1/LON2/DLON/H
  103   88   89   92   94   98  105  113  121  126  129  129  124  117  108   98
   90   82   77   73   71   68   68   65   64   61   59   57   56   54   54   52
   52   50   49   47   45   43   40   39   37   37   37   40   42   45   48   50
   52   53   56   57   60   63   68   72   78   80   86   87   90   90   92   90
   91   90   91   92   97   96   98  104  103                                   
    60.0-180.0 180.0   5.0 450.0                            LAT/LON1/LON2/DLON/H
  106   97   96   97   96   98  104  111  119  126  130  131  128  121  112  103
   94   85   79   73   69   65   61   58   56   53   53   51   51   49   49   47
   45   43   42   40   38   36   34   33   32   33   35   38   41   44   46   47
   49   49   51   53   56   60   66   71   77   82   86   89   92   93   94   94
   94   94   95   96   99  101  102  108  106                                   
    57.5-180.0 180.0   5.0 450.0                            LAT/LON1/LON2/DLON/H
  118  109  107  106  101   99  103  109  118  124  130  133  132  127  120  111
  103   94   87   79   73   66   62   56   53   50   50   49   49   46   46   42
   41   37   38   35   35   32   32   31   32   34   36   39   42   44   46   46
   47   46   49   49   54   58   65   70   78   82   88   89   93   94   96   96
   97   97   99  100  104  105  107  111  118                                   
    55.0-180.0 180.0   5.0 450.0                            LAT/LON1/LON2/DLON/H
  126  125  122  119  110  104  104  107  114  121  128  133  134  132  127  121
  113  106   99   90   83   75   67   60   56   53   52   51   50   48   45   41
   39   36   35   34   33   33   33   34   36   38   41   44   46   47   47   47
   47   46   47   49   54   59   67   73   81   86   92   93   96   97  100  101
  102  103  104  105  109  111  113  117  126                                   
    52.5-180.0 180.0   5.0 450.0                            LAT/LON1/LON2/DLON/H
  145  143  140  135  124  115  111  111  115  120  127  132  136  138  134  131
  125  119  113  105   98   89   80   72   66   62   61   58   57   52   48   42
   40   36   36   35   36   36   38   39   43   45   49   51   52   52   51   49
   48   47   49   50   56   62   71   78   87   92   98   99  102  102  105  106
  109  110  112  112  115  117  121  123  145                                   
    50.0-180.0 180.0   5.0 450.0                            LAT/LON1/LON2/DLON/H
  158  161  160  154  142  130  122  118  118  121  125  131  137  141  141  140
  137  133  128  121  114  105   96   86   80   74   71   68   64   58   52   45
   41   38   39   39   42   43   45   47   51   54   57   59   58   57   55   52
   52   50   53   55   62   69   79   87   97  101  107  106  109  108  112  113
  117  119  121  121  123  125  129  130  158                                   
    47.5-180.0 180.0   5.0 450.0                            LAT/LON1/LON2/DLON/H
  180  180  180  175  163  152  142  135  130  129  130  135  141  147  149  152
  151  149  146  142  136  128  118  107   99   92   86   80   74   66   58   50
   46   44   46   48   52   53   56   58   61   63   65   65   64   62   59   57
   57   56   59   62   70   77   89   98  108  112  116  116  117  116  120  122
  127  130  133  133  133  135  139  138  180                                   
    45.0-180.0 180.0   5.0 450.0                            LAT/LON1/LON2/DLON/H
  194  196  199  194  185  174  164  154  146  140  138  140  146  153  157  162
  163  163  163  159  156  148  139  126  118  107   99   89   81   72   62   54
   51   51   54   58   61   64   66   66   69   70   71   71   69   66   63   61
   62   62   66   69   78   86   99  108  119  122  127  125  126  124  128  129
  135  138  144  143  144  145  149  150  194                                   
    42.5-180.0 180.0   5.0 450.0                            LAT/LON1/LON2/DLON/H
  212  208  211  208  202  195  185  174  165  157  153  153  157  163  168  173
  174  177  177  177  175  169  160  148  135  124  112  100   89   77   67   60
   58   60   65   70   74   77   77   78   79   79   79   78   76   72   70   69
   70   71   74   78   86   94  107  116  127  132  136  134  134  132  134  136
  142  146  152  154  153  155  160  160  212                                   
    40.0-180.0 180.0   5.0 450.0                            LAT/LON1/LON2/DLON/H
  222  218  225  223  218  212  205  195  186  175  170  167  171  176  180  185
  187  189  190  192  191  186  177  163  151  134  121  105   93   80   71   65
   66   70   76   81   86   87   88   88   89   88   89   86   84   80   78   75
   77   76   80   81   90   98  111  121  133  139  144  142  143  140  143  143
  149  153  162  165  166  166  171  173  222                                   
    37.5-180.0 180.0   5.0 450.0                            LAT/LON1/LON2/DLON/H
  234  226  231  232  230  227  219  211  203  195  189  187  188  194  196  201
  201  204  204  207  205  202  190  177  161  145  127  111   97   85   77   74
   77   83   89   95   98  100  100  102  103  103  102   99   96   92   89   86
   87   85   86   87   94  102  113  124  137  144  149  150  151  150  151  152
  157  163  172  177  176  178  184  185  234                                   
    35.0-180.0 180.0   5.0 450.0                            LAT/LON1/LON2/DLON/H
  247  236  244  243  244  241  238  229  224  215  211  207  210  213  216  218
  218  218  219  219  217  211  200  184  168  149  132  114  101   90   85   84
   90   95  102  105  110  111  113  114  118  117  118  113  111  103  100   93
   91   85   87   84   93   98  112  122  138  145  153  154  158  156  159  159
  166  171  183  188  189  193  199  202  247                                   
    32.5-180.0 180.0   5.0 450.0                            LAT/LON1/LON2/DLON/H
  262  247  253  256  257  257  251  247  240  237  231  233  234  240  239  240
  237  235  232  231  224  217  202  188  169  153  134  119  106   98   94   96
  102  108  114  117  121  124  127  131  133  135  134  128  122  114  108   99
   94   86   84   82   88   96  108  121  135  145  154  159  164  165  167  168
  174  180  191  198  200  206  215  222  262                                   
    30.0-180.0 180.0   5.0 450.0                            LAT/LON1/LON2/DLON/H
  281  270  276  277  280  278  274  268  266  262  263  263  268  268  269  263
  259  251  246  238  229  215  201  184  168  151  137  122  113  106  105  107
  115  120  127  129  134  136  141  144  150  150  148  140  133  122  114  101
   93   83   81   77   85   89  105  115  133  142  155  162  171  175  181  181
  189  194  207  214  217  226  235  245  281                                   
    27.5-180.0 180.0   5.0 450.0                            LAT/LON1/LON2/DLON/H
  304  295  300  303  306  305  299  295  292  293  294  298  299  301  296  290
  280  270  258  246  230  214  195  181  164  152  139  127  119  115  114  119
  127  133  138  140  144  149  153  157  160  161  157  149  138  126  114  101
   92   82   78   74   80   86  101  112  128  141  153  166  177  188  193  200
  206  215  226  236  242  250  257  266  304                                   
    25.0-180.0 180.0   5.0 450.0                            LAT/LON1/LON2/DLON/H
  329  328  337  339  344  342  336  329  328  327  332  333  337  333  330  316
  305  285  269  250  231  210  192  176  163  151  143  132  127  123  125  129
  139  143  148  150  155  158  164  165  170  167  164  152  141  126  113   99
   90   81   78   73   81   84  100  110  129  139  154  167  181  194  207  214
  226  233  249  259  269  279  285  293  329                                   
    22.5-180.0 180.0   5.0 450.0                            LAT/LON1/LON2/DLON/H
  353  358  368  376  381  380  372  368  364  367  369  373  372  372  360  348
  328  306  280  256  231  211  190  177  162  154  145  137  131  130  131  137
  145  149  154  157  162  166  169  171  171  168  161  149  136  122  106   95
   85   79   76   72   78   82   97  109  129  142  156  172  189  208  221  237
  245  259  272  285  296  305  310  317  353                                   
    20.0-180.0 180.0   5.0 450.0                            LAT/LON1/LON2/DLON/H
  373  387  402  414  424  423  417  412  411  412  415  416  415  409  398  379
  354  321  291  260  236  212  194  179  168  157  150  141  137  134  137  142
  150  154  159  163  168  170  172  171  170  162  154  142  131  117  104   93
   86   79   77   76   79   85   99  114  135  151  166  183  204  221  242  254
  269  278  295  305  320  330  337  342  373                                   
    17.5-180.0 180.0   5.0 450.0                            LAT/LON1/LON2/DLON/H
  390  404  420  437  448  453  451  450  450  455  456  458  452  446  430  408
  376  340  302  269  241  218  199  185  172  162  152  143  139  136  139  143
  150  155  161  166  169  171  170  167  161  152  142  132  121  110   98   89
   80   77   75   75   77   85  100  119  143  163  179  199  220  242  261  278
  290  302  314  325  339  349  353  360  390                                   
    15.0-180.0 180.0   5.0 450.0                            LAT/LON1/LON2/DLON/H
  401  416  433  451  468  478  484  487  491  496  498  496  489  479  461  435
  400  358  319  280  254  229  211  192  179  164  154  144  141  137  141  144
  152  157  162  166  168  168  165  157  149  138  131  121  115  105   96   88
   82   79   78   79   80   90  105  127  154  175  194  216  239  260  280  295
  309  318  330  337  351  360  369  369  401                                   
    12.5-180.0 180.0   5.0 450.0                            LAT/LON1/LON2/DLON/H
  410  425  439  457  476  490  499  508  514  523  526  523  514  501  481  452
  416  375  333  296  268  243  221  199  184  167  155  145  142  140  142  146
  153  157  161  164  164  162  155  147  135  126  119  114  109  103   93   87
   81   80   81   81   83   92  108  132  161  184  206  229  253  273  290  307
  317  327  336  343  355  365  373  376  410                                   
    10.0-180.0 180.0   5.0 450.0                            LAT/LON1/LON2/DLON/H
  418  434  446  462  482  497  511  522  534  544  549  546  537  521  499  467
  430  388  347  309  284  255  232  205  188  169  159  149  147  145  148  150
  156  157  161  160  159  153  146  133  124  114  112  108  107  101   95   88
   86   84   85   86   86   94  110  132  161  185  209  236  260  281  298  313
  323  332  340  345  356  364  377  379  418                                   
     7.5-180.0 180.0   5.0 450.0                            LAT/LON1/LON2/DLON/H
  426  439  451  464  480  493  505  519  532  543  550  548  542  525  503  473
  437  397  358  320  294  265  240  210  190  173  162  156  154  154  155  156
