data/unet/pred3390.15i
     1.0            IONOSPHERE MAPS     GNSS                IONEX VERSION / TYPE
pyspatialgeodesy        IME             05-JAN-18 20:20     PGM / RUN BY / DATE 
Map Name                                                    COMMENT             
Predicted global ionosphere maps (GIM).                     DESCRIPTION         
  2015    12     5     0     0     0                        EPOCH OF FIRST MAP  
  2015    12     6     0     0     0                        EPOCH OF LAST MAP   
  7200                                                      INTERVAL            
    13                                                      # OF MAPS IN FILE   
  NONE                                                      MAPPING FUNCTION    
10.0                                                        ELEVATION CUTOFF    
One-way carrier phase leveled to code                       OBSERVABLES USED    
  6371.0                                                    BASE RADIUS         
 2                                                          MAP DIMENSION       
   450.0 450.0   0.0                                        HGT1 / HGT2 / DHGT  
    87.5 -87.5  -2.5                                        LAT1 / LAT2 / DLAT  
  -180.0 180.0   5.0                                        LON1 / LON2 / DLON  
    -1                                                      EXPONENT            
                                                            END OF HEADER       
[from data line 3861]
    10                                                      START OF TEC MAP    
  2015    12     5    18     0     0                        EPOCH OF CURRENT MAP
    87.5-180.0 180.0   5.0 450.0                            LAT/LON1/LON2/DLON/H
   96   57   53   58   57   56   57   57   57   57   58   58   58   58   57   58
   57   57   57   57   56   56   55   55   55   54   54   53   53   52   52   51
   52   51   51   50   51   50   50   50   50   50   50   50   50   50   51   51
   52   52   54   54   55   55   57   57   58   58   59   59   60   59   60   59
   59   58   59   57   60   55   61   82   96                                   
    85.0-180.0 180.0   5.0 450.0                            LAT/LON1/LON2/DLON/H
   49   42   41   45   47   48   48   49   50   51   51   52   52   53   52   53
   51   52   51   51   50   50   48   48   46   46   45   45   43   44   42   42
   41   42   40   41   40   41   39   40   39   40   39   40   40   41   41   43
   43   44   45   47   47   49   48   50   49   52   50   52   51   52   50   51
   49   50   47   48   47   45   56   64   49                                   
    82.5-180.0 180.0   5.0 450.0                            LAT/LON1/LON2/DLON/H
   41   36   35   37   39   41   41   44   44   48   48   51   52   54   54   55
   55   55   54   53   52   51   48   47   44   44   41   41   38   40   36   38
   35   37   33   36   32   35   31   33   31   33   31   34   33   35   36   38
   39   41   42   44   45   47   48   49   49   51   51   51   50   51   49   49
   47   47   44   44   42   37   42   38   41                                   
    80.0-180.0 180.0   5.0 450.0                            LAT/LON1/LON2/DLON/H
   34   32   27   31   32   33   35   39   40   45   47   52   54   57   59   60
   62   61   60   58   57   53   50   47   44   42   40   38   36   36   34   34
   33   33   31   31   30   30   27   27   26   26   25   26   27   28   30   32
   34   36   39   41   43   45   47   49   50   51   51   51   50   51   48   48
   45   44   41   40   38   31   38   29   34                                   
    77.5-180.0 180.0   5.0 450.0                            LAT/LON1/LON2/DLON/H
   26   26   23   24   27   27   31   33   38   42   48   51   58   60   65   65
   68   67   67   63   61   55   53   47   44   39   38   34   34   32   32   31
   31   31   30   29   27   26   24   23   21   20   20   21   21   22   26   27
   31   33   37   39   42   44   47   48   50   50   52   51   51   50   49   47
   45   42   40   36   35   29   30   24   26                                   
    75.0-180.0 180.0   5.0 450.0                            LAT/LON1/LON2/DLON/H
   25   24   18   23   24   28   30   35   38   45   50   57   62   68   73   76
   77   78   76   73   69   64   58   52   46   42   38   34   33   32   33   32
   32   32   31   29   27   25   22   20   17   17   15   17   17   21   21   27
   28   34   35   40   40   45   45   49   48   52   50   53   50   52   48   48
   44   43   39   36   33   27   32   23   25                                   
    72.5-180.0 180.0   5.0 450.0                            LAT/LON1/LON2/DLON/H
   23   25   21   24   26   28   32   35   40   46   53   60   69   74   82   84
   89   87   89   83   81   71   67   56   52   43   41   35   35   33   35   33
   34   33   33   29   27   23   20   17   15   13   14   13   16   17   21   24
   28   30   34   35   38   40   43   43   46   46   49   48   50   48   49   45
   45   41   40   35   35   28   30   20   23                                   
    70.0-180.0 180.0   5.0 450.0                            LAT/LON1/LON2/DLON/H
   27   27   23   28   30   32   35   39   43   50   57   66   74   81   90   94
   98   99   99   95   90   83   76   68   59   52   46   43   40   40   39   39
   38   37   35   32   27   24   19   17   13   13   11   15   15   20   22   27
   28   31   31   34   34   37   37   40   40   44   45   47   47   48   47   46
   44   42   40   36   35   27   34   23   27                                   
    67.5-180.0 180.0   5.0 450.0                            LAT/LON1/LON2/DLON/H
   28   28   28   30   33   34   37   41   46   52   60   69   80   87   97  101
  108  108  111  106  104   95   90   79   71   61   56   51   48   45   46   44
   43   40   39   33   28   22   18   15   12   11   13   15   19   21   25   27
   28   28   28   29   28   29   31   32   35   36   40   41   44   44   46   44
   44   40   40   36   35   30   34   21   28                                   
    65.0-180.0 180.0   5.0 450.0                            LAT/LON1/LON2/DLON/H
   32   32   30   35   36   38   42   45   50   57   65   74   83   93  101  108
  113  118  119  120  114  111  101   94   82   75   66   61   55   53   50   50
   46   44   39   34   26   22   16   16   11   14   14   20   21   27   27   31
   28   28   25   25   22   24   24   27   28   32   34   38   39   42   42   42
   40   40   37   36   34   27   36   25   32                                   
    62.5-180.0 180.0   5.0 450.0                            LAT/LON1/LON2/DLON/H
   31   32   33   37   39   40   44   48   54   61   70   79   89   97  107  113
  121  124  129  128  128  122  117  106   97   88   79   72   66   61   58   55
   51   45   41   33   27   20   16   14   13   15   18   23   27   29   31   30
   28   23   22   18   19   16   20   19   24   25   31   33   37   37   40   38
   39   36   37   33   33   28   34   22   31                                   
    60.0-180.0 180.0   5.0 450.0                            LAT/LON1/LON2/DLON/H
   34   36   34   40   42   44   49   54   60   68   76   86   94  103  111  119
  125  131  134  138  136  134  126  118  106   98   88   82   74   69   63   59
   52   47   41   34   26   21   16   17   16   21   23   30   31   36   33   34
   28   25   21   18   17   15   18   19   23   26   30   33   35   37   38   38
   37   37   35   34   33   25   35   23   34                                   
    57.5-180.0 180.0   5.0 450.0                            LAT/LON1/LON2/DLON/H
   34   35   37   41   44   47   53   59   67   75   85   94  101  109  118  125
  131  136  141  144  143  140  135  127  117  108  100   93   85   79   73   66
   58   50   44   35   29   22   20   19   21   25   30   34   37   37   38   34
   30   24   22   18   18   16   20   21   26   28   34   35   38   36   39   37
   40   37   39   35   34   29   35   21   34                                   
    55.0-180.0 180.0   5.0 450.0                            LAT/LON1/LON2/DLON/H
   39   41   40   45   48   53   60   68   77   86   95  103  110  117  125  131
  137  141  145  147  146  143  139  134  125  117  109  102   95   88   80   74
   64   57   48   41   34   29   26   27   29   34   39   42   43   44   41   39
   34   30   27   24   23   22   26   28   33   36   40   41   42   42   41   42
   42   42   42   41   38   32   39   26   39                                   
    52.5-180.0 180.0   5.0 450.0                            LAT/LON1/LON2/DLON/H
   43   43   46   51   53   59   68   77   88   97  106  113  120  125  133  138
  143  146  149  149  147  145  142  138  132  126  122  115  108   99   92   84
   74   63   56   47   43   37   36   37   40   44   47   49   49   48   47   43
   41   37   36   33   33   33   37   39   44   47   51   49   49   45   47   45
   48   47   50   46   45   40   44   29   43                                   
    50.0-180.0 180.0   5.0 450.0                            LAT/LON1/LON2/DLON/H
   51   53   53   59   63   69   79   90  101  110  119  123  130  134  142  145
  150  150  153  150  149  144  143  140  138  134  132  127  120  111  103   94
   83   73   64   57   54   49   50   50   53   55   58   59   58   57   54   53
   50   50   47   49   48   50   52   57   58   62   62   60   57   54   53   54
   55   57   57   58   54   46   51   40   51                                   
    47.5-180.0 180.0   5.0 450.0                            LAT/LON1/LON2/DLON/H
   58   59   61   67   72   78   89  101  114  123  131  135  140  144  150  154
  157  157  156  153  149  147  145  144  144  143  143  138  131  121  112  102
   89   80   72   67   63   61   62   63   65   67   67   69   66   66   63   63
   62   64   65   66   67   67   71   72   74   73   74   69   66   60   61   59
   63   62   66   64   63   55   58   46   58                                   
    45.0-180.0 180.0   5.0 450.0                            LAT/LON1/LON2/DLON/H
   65   66   67   78   82   91  101  114  126  136  143  145  149  153  160  162
  166  163  162  157  154  151  151  151  152  153  151  147  138  128  117  107
   96   87   80   77   74   74   75   75   76   76   76   76   75   74   72   74
   74   78   79   83   82   85   84   86   83   84   80   76   70   68   65   66
   67   70   71   73   69   62   64   57   65                                   
    42.5-180.0 180.0   5.0 450.0                            LAT/LON1/LON2/DLON/H
   65   69   74   84   90   99  111  125  138  147  156  156  159  161  168  171
  174  172  169  166  161  159  159  161  161  161  159  153  142  130  118  108
   98   90   85   83   82   82   83   84   83   82   81   81   79   79   78   81
   82   86   89   91   92   91   91   89   88   85   82   77   73   69   69   67
   70   69   73   71   71   65   67   57   65                                   
    40.0-180.0 180.0   5.0 450.0                            LAT/LON1/LON2/DLON/H
   66   68   75   88   94  106  118  134  146  158  165  166  168  170  176  178
  182  180  179  174  173  171  172  172  171  170  164  157  144  132  120  112
  103   96   92   91   91   92   93   92   90   87   86   86   85   85   84   86
   87   91   91   94   91   94   88   90   84   84   77   77   71   71   69   70
   69   70   70   71   68   63   64   56   66                                   
    37.5-180.0 180.0   5.0 450.0                            LAT/LON1/LON2/DLON/H
   55   63   72   86   95  107  121  137  152  166  175  176  178  179  185  188
  190  189  189  190  187  186  185  182  179  174  168  158  144  132  123  115
  109  104  100   99   98   99   98   97   94   91   89   89   89   88   87   87
   86   87   87   88   86   85   84   82   79   76   73   71   69   70   69   68
   67   64   64   62   61   56   57   46   55                                   
    35.0-180.0 180.0   5.0 450.0                            LAT/LON1/LON2/DLON/H
   50   56   66   83   93  107  121  140  156  173  183  188  189  191  195  198
  200  200  202  203  203  200  196  192  185  179  171  162  149  139  131  128
  124  120  117  113  112  110  110  107  102   99   97   96   96   94   92   88
   85   83   81   80   77   79   76   77   72   73   68   70   67   71   69   69
   65   62   57   56   52   49   50   37   50                                   
    32.5-180.0 180.0   5.0 450.0                            LAT/LON1/LON2/DLON/H
   37   47   60   78   91  106  121  140  158  176  190  196  200  201  206  208
  208  209  212  214  213  209  204  195  188  180  174  166  157  151  151  151
  150  146  141  135  129  126  122  118  112  108  105  104  103   99   94   88
   82   77   72   72   69   70   70   71   69   68   67   70   70   72   72   69
   64   57   54   49   46   44   43   26   37                                   
    30.0-180.0 180.0   5.0 450.0                            LAT/LON1/LON2/DLON/H
   34   44   57   75   90  106  122  139  159  180  195  204  209  213  216  216
  216  216  219  221  219  214  207  198  191  187  183  179  175  177  181  188
  188  182  173  161  154  147  144  136  129  123  119  117  114  108  101   92
   85   77   72   69   67   69   68   71   68   71   69   72   73   77   74   72
   64   58   52   48   43   40   40   21   34                                   
    27.5-180.0 180.0   5.0 450.0                            LAT/LON1/LON2/DLON/H
   33   43   58   78   93  108  123  139  160  179  196  205  214  217  222  222
  220  220  222  222  220  213  206  199  195  195  197  201  205  215  227  238
  238  228  213  195  182  171  164  156  147  139  134  129  125  117  109   98
   88   80   74   72   70   73   72   76   76   78   78   81   81   83   80   75
   69   60   55   50   46   43   42   23   33                                   
    25.0-180.0 180.0   5.0 450.0                            LAT/LON1/LON2/DLON/H
   43   51   65   86  101  116  131  145  164  182  198  208  217  224  227  227
  224  222  221  221  217  211  203  202  203  212  221  235  246  263  277  288
  285  272  252  227  210  196  188  177  170  159  154  146  140  131  121  111
  101   93   87   85   83   86   85   87   85   88   87   90   89   91   87   82
   73   68   61   56   51   50   47   33   43                                   
    22.5-180.0 180.0   5.0 450.0                            LAT/LON1/LON2/DLON/H
   56   58   77   97  112  128  142  155  172  184  200  209  219  224  229  229
  225  223  219  217  212  207  205  208  218  235  252  271  288  304  320  328
  329  312  289  257  233  214  205  193  184  175  167  160  152  142  133  123
  117  109  106  102  100  100   99   99   99   99   99  100  100   99   95   88
   81   73   69   64   60   59   55   45   56                                   
    20.0-180.0 180.0   5.0 450.0                            LAT/LON1/LON2/DLON/H
   69   72   89  109  125  144  158  171  183  192  205  214  223  228  232  232
  228  223  219  214  210  207  211  224  240  265  284  305  323  341  351  360
  358  340  313  281  253  230  216  204  195  185  179  171  164  154  147  139
  135  129  127  122  119  114  110  107  108  108  109  110  108  105   99   94
   86   80   74   72   65   68   64   56   69                                   
    17.5-180.0 180.0   5.0 450.0                            LAT/LON1/LON2/DLON/H
   81   80  101  125  142  158  174  186  198  205  216  221  228  232  237  237
  232  228  220  216  211  214  225  245  269  296  318  339  357  371  384  390
  389  365  335  297  267  240  224  210  199  190  180  173  165  158  154  149
  149  147  147  142  136  127  121  116  116  117  117  118  115  112  106   98
   92   83   79   73   72   73   70   64   81                                   
    15.0-180.0 180.0   5.0 450.0                            LAT/LON1/LON2/DLON/H
   87   96  110  135  152  172  187  203  210  219  226  233  239  247  249  250
  246  237  229  223  222  230  248  274  303  331  353  372  387  400  407  406
  396  371  337  302  271  246  227  212  201  190  181  171  165  159  158  156
  160  160  163  155  149  137  128  121  120  121  121  121  117  113  107   99
   93   86   79   75   69   77   73   64   87                                   
    12.5-180.0 180.0   5.0 450.0                            LAT/LON1/LON2/DLON/H
   91  102  117  144  162  181  200  218  230  238  245  249  259  261  266  265
  262  253  242  237  238  255  280  314  342  370  387  403  413  421  422  411
  396  366  335  303  276  250  231  216  203  192  179  169  161  156  157  159
  165  170  172  167  158  146  134  127  126  125  123  122  117  113  107  100
   93   84   79   70   69   71   72   61   91                                   
    10.0-180.0 180.0   5.0 450.0                            LAT/LON1/LON2/DLON/H
   91  106  121  143  164  186  209  232  243  255  257  267  276  283  289  290
  291  283  272  265  272  291  323  354  383  406  417  425  428  427  418  401
  379  352  327  302  279  254  238  220  209  193  183  168  164  156  160  160
  171  173  179  172  165  150  140  132  130  127  125  120  115  109  105   97
   92   83   75   69   61   70   68   49   91                                   
     7.5-180.0 180.0   5.0 450.0                            LAT/LON1/LON2/DLON/H
   88  107  123  147  167  192  216  242  259  275  284  295  307  311  318  316
  321  315  307  302  312  332  365  395  419  439  440  441  434  425  411  387
