data/unet/pred1190.15i
     1.0            IONOSPHERE MAPS     GNSS                IONEX VERSION / TYPE
pyspatialgeodesy        IME             05-JAN-18 20:20     PGM / RUN BY / DATE 
Map Name                                                    COMMENT             
Predicted global ionosphere maps (GIM).                     DESCRIPTION         
  2015     4    29     0     0     0                        EPOCH OF FIRST MAP  
  2015     4    30     0     0     0                        EPOCH OF LAST MAP   
  7200                                                      INTERVAL            
    13                                                      # OF MAPS IN FILE   
  NONE                                                      MAPPING FUNCTION    
10.0                                                        ELEVATION CUTOFF    
One-way carrier phase leveled to code                       OBSERVABLES USED    
  6371.0                                                    BASE RADIUS         
 2                                                          MAP DIMENSION       
   450.0 450.0   0.0                                        HGT1 / HGT2 / DHGT  
    87.5 -87.5  -2.5                                        LAT1 / LAT2 / DLAT  
  -180.0 180.0   5.0                                        LON1 / LON2 / DLON  
    -1                                                      EXPONENT            
                                                            END OF HEADER       
[from data line 1716]
     5                                                      START OF TEC MAP    
  2015     4    29     8     0     0                        EPOCH OF CURRENT MAP
    87.5-180.0 180.0   5.0 450.0                            LAT/LON1/LON2/DLON/H
  123  139  148  146  149  145  150  149  154  155  160  159  162  163  166  165
  167  167  169  167  168  166  167  164  164  162  164  161  163  161  163  160
  163  161  162  159  161  159  161  157  159  157  160  156  160  155  159  152
  156  149  152  144  148  140  144  137  140  135  138  133  136  133  136  132
  134  134  138  136  141  135  136  121  123                                   
    85.0-180.0 180.0   5.0 450.0                            LAT/LON1/LON2/DLON/H
  122  149  150  151  151  150  155  160  163  167  170  172  175  177  180  180
  182  182  184  182  182  180  181  177  177  175  176  174  176  175  178  177
  180  180  181  181  182  183  183  182  182  182  181  180  179  177  176  173
  170  167  165  162  160  157  156  154  153  151  151  150  149  148  147  145
  144  145  146  143  144  136  141  118  122                                   
    82.5-180.0 180.0   5.0 450.0                            LAT/LON1/LON2/DLON/H
  120  140  140  144  139  142  145  153  155  162  164  171  171  179  179  184
  182  188  186  188  183  184  180  179  174  176  172  174  171  176  175  179
  179  183  183  187  186  189  188  190  187  188  186  187  182  183  177  177
  171  170  165  165  160  160  156  157  152  154  151  153  149  151  147  148
  143  145  142  141  139  139  130  119  120                                   
    80.0-180.0 180.0   5.0 450.0                            LAT/LON1/LON2/DLON/H
  126  140  143  137  139  138  145  148  153  156  161  165  171  175  180  183
  186  187  189  187  187  184  182  177  175  171  173  169  174  172  178  177
  184  183  191  190  197  196  201  198  201  199  201  196  196  190  190  184
  183  177  177  173  173  170  171  169  169  168  168  167  167  165  163  161
  159  158  156  150  149  143  136  124  126                                   
    77.5-180.0 180.0   5.0 450.0                            LAT/LON1/LON2/DLON/H
  130  142  143  139  135  134  137  138  140  143  146  152  156  162  166  172
  174  177  177  177  174  171  168  162  158  155  154  153  155  159  163  167
  172  177  183  188  193  197  200  201  203  203  205  203  203  199  198  194
  193  190  190  188  187  187  186  187  186  187  186  187  184  185  181  181
  177  176  172  166  161  158  153  135  130                                   
    75.0-180.0 180.0   5.0 450.0                            LAT/LON1/LON2/DLON/H
  149  152  152  144  140  136  136  134  135  133  136  138  144  148  154  157
  163  164  167  164  163  158  155  147  143  138  138  136  140  143  152  156
  166  172  183  188  196  200  204  206  209  211  214  213  214  212  213  211
  210  209  208  208  207  207  207  206  206  205  207  205  205  203  203  200
  199  196  194  185  182  171  173  154  149                                   
    72.5-180.0 180.0   5.0 450.0                            LAT/LON1/LON2/DLON/H
  161  163  161  155  146  139  134  130  126  123  122  123  125  129  133  138
  143  148  150  151  148  145  139  132  128  125  125  123  129  134  144  152
  164  173  184  193  200  206  210  213  217  220  224  225  228  229  231  231
  231  231  231  230  230  229  228  227  225  225  224  224  221  221  219  219
  216  215  211  201  198  192  194  166  161                                   
    70.0-180.0 180.0   5.0 450.0                            LAT/LON1/LON2/DLON/H
  176  170  166  159  150  140  133  126  121  114  112  109  111  110  115  117
  126  129  136  135  139  133  130  122  120  115  115  115  121  129  141  152
  164  175  189  199  208  214  217  222  225  230  232  236  238  242  244  247
  247  247  245  244  242  240  238  234  233  230  230  228  228  227  227  226
  225  222  220  210  211  199  208  185  176                                   
    67.5-180.0 180.0   5.0 450.0                            LAT/LON1/LON2/DLON/H
  181  174  169  162  150  139  130  122  115  108  104   99   96   95   95   99
  104  111  117  123  123  123  120  116  113  109  110  110  118  126  141  151
  166  179  193  206  214  222  224  229  232  236  240  244  249  253  259  260
  262  259  258  253  249  244  240  235  231  228  226  226  223  225  223  224
  222  221  218  210  210  204  213  183  181                                   
    65.0-180.0 180.0   5.0 450.0                            LAT/LON1/LON2/DLON/H
  185  173  167  158  148  132  124  115  109  101   97   92   89   86   87   89
   96  101  111  114  119  117  116  111  109  105  106  110  119  131  144  158
  172  185  200  210  222  227  232  237  241  245  248  254  259  265  268  271
  271  269  265  259  253  246  239  233  227  223  220  218  217  218  217  218
  218  216  215  208  210  203  215  192  185                                   
    62.5-180.0 180.0   5.0 450.0                            LAT/LON1/LON2/DLON/H
  184  175  166  155  142  128  117  109  102   96   91   87   84   80   80   81
   85   89   98  103  107  106  106  104  103  101  105  109  121  131  149  160
  177  191  205  218  227  235  238  245  248  253  256  261  268  272  277  276
  277  272  267  260  253  245  238  230  225  219  216  213  211  210  210  209
  209  208  206  200  201  199  211  186  184                                   
    60.0-180.0 180.0   5.0 450.0                            LAT/LON1/LON2/DLON/H
  186  175  166  153  140  120  110  100   95   88   84   80   75   71   69   68
   72   74   84   88   94   94   96   94   95   96  102  110  121  134  149  162
  179  191  208  218  232  238  246  251  258  263  268  275  279  285  285  286
  283  279  271  265  256  247  237  231  224  221  215  214  209  209  205  205
  203  202  200  195  199  197  213  195  186                                   
    57.5-180.0 180.0   5.0 450.0                            LAT/LON1/LON2/DLON/H
  196  188  174  160  143  122  107   95   88   82   77   74   71   66   65   63
   64   66   72   76   81   82   84   84   88   91   99  108  120  132  147  160
  177  192  207  222  232  245  250  259  265  273  278  284  289  292  292  289
  287  281  274  268  261  253  247  241  237  232  229  224  221  216  214  210
  209  205  206  201  207  205  219  200  196                                   
    55.0-180.0 180.0   5.0 450.0                            LAT/LON1/LON2/DLON/H
  212  205  192  173  154  125  110   91   85   75   72   68   66   61   59   57
   59   59   64   67   71   71   74   75   81   86   96  106  117  130  144  158
  177  190  209  219  237  247  258  265  275  283  288  296  300  302  301  299
  296  292  284  281  272  266  258  256  253  251  248  245  242  237  233  229
  226  222  222  219  228  226  236  227  212                                   
    52.5-180.0 180.0   5.0 450.0                            LAT/LON1/LON2/DLON/H
  237  234  215  198  174  145  120  101   87   75   70   66   64   61   58   56
   57   58   61   64   66   67   68   72   77   84   95  105  116  127  141  155
  174  191  209  225  239  256  265  278  288  296  303  308  312  312  311  308
  306  303  299  295  291  284  279  275  275  271  271  266  264  258  255  250
  249  245  248  245  252  251  256  243  237                                   
    50.0-180.0 180.0   5.0 450.0                            LAT/LON1/LON2/DLON/H
  262  258  242  223  202  166  140  112   98   80   74   68   66   63   59   58
   57   59   62   65   66   67   68   71   77   85   96  106  115  126  141  157
  177  196  216  230  248  263  275  292  302  312  317  323  326  325  323  322
  321  321  317  317  313  308  302  300  299  296  292  289  286  281  277  274
  272  270  271  270  276  270  275  267  262                                   
    47.5-180.0 180.0   5.0 450.0                            LAT/LON1/LON2/DLON/H
  281  278  261  246  227  196  164  136  114   96   85   77   73   68   65   63
   65   65   69   71   72   73   75   78   85   92  102  109  118  124  141  155
  180  199  220  238  254  273  285  301  315  325  334  337  342  339  337  335
  336  335  336  334  335  328  327  319  320  311  310  302  299  293  291  288
  288  287  289  286  289  285  286  274  281                                   
    45.0-180.0 180.0   5.0 450.0                            LAT/LON1/LON2/DLON/H
  289  278  264  254  240  212  186  153  133  109   98   87   82   77   73   71
   71   74   76   79   79   80   81   85   91   97  107  113  121  128  145  162
  187  207  228  246  264  280  294  314  327  341  349  357  360  357  354  353
  354  354  354  354  354  349  345  337  335  326  322  315  310  306  302  300
  301  300  301  297  297  291  288  280  289                                   
    42.5-180.0 180.0   5.0 450.0                            LAT/LON1/LON2/DLON/H
  282  265  251  244  235  215  193  170  148  128  114  102   96   89   86   81
   85   85   89   89   91   93   95   99  105  110  117  121  129  134  150  166
  191  211  232  251  267  286  299  320  337  352  366  375  382  379  380  378
  380  378  379  377  379  371  367  354  349  336  331  322  317  310  307  306
  306  305  303  297  294  286  280  268  282                                   
    40.0-180.0 180.0   5.0 450.0                            LAT/LON1/LON2/DLON/H
  258  235  219  215  214  202  187  171  160  141  130  117  111  104   97   96
   95   98   99  100  100  101  101  106  112  116  122  125  132  139  155  169
  193  210  230  248  267  288  309  330  352  371  389  402  413  413  415  416
  417  414  412  410  410  400  395  379  369  356  347  338  330  323  318  315
  314  309  305  295  288  275  263  252  258                                   
    37.5-180.0 180.0   5.0 450.0                            LAT/LON1/LON2/DLON/H
  231  212  194  189  190  183  176  167  161  151  144  134  129  119  114  109
  110  108  111  111  112  112  113  117  123  127  130  133  140  146  160  174
  193  211  229  248  265  292  312  340  361  384  406  423  437  443  448  452
  456  454  452  448  448  438  431  414  402  385  372  362  351  344  334  331
  324  321  310  299  285  267  252  229  231                                   
    35.0-180.0 180.0   5.0 450.0                            LAT/LON1/LON2/DLON/H
  208  195  171  165  166  162  161  157  157  151  149  144  140  134  126  124
  119  120  118  119  117  117  117  121  125  128  130  132  140  147  161  174
  191  210  223  244  264  290  319  349  373  400  423  446  466  475  488  498
  507  505  507  508  514  509  502  491  477  461  444  430  410  394  376  365
  356  345  332  316  298  275  251  229  208                                   
    32.5-180.0 180.0   5.0 450.0                            LAT/LON1/LON2/DLON/H
  212  197  171  157  155  150  150  149  152  151  151  150  148  145  141  136
  134  130  129  129  127  127  127  131  134  135  137  139  145  152  165  177
  188  202  217  237  261  292  322  357  380  410  434  463  486  507  528  550
  566  581  590  608  611  608  598  594  580  572  556  547  524  505  475  456
  428  407  378  360  337  309  276  253  212                                   
    30.0-180.0 180.0   5.0 450.0                            LAT/LON1/LON2/DLON/H
  238  213  188  153  139  130  132  139  145  146  150  152  154  155  150  149
  141  142  136  137  133  134  132  135  135  137  138  137  141  147  157  172
  180  200  212  239  265  297  328  366  391  421  446  480  510  542  581  617
  649  659  670  675  683  682  679  677  673  667  662  652  639  615  592  563
  532  491  462  430  410  365  327  298  238                                   
    27.5-180.0 180.0   5.0 450.0                            LAT/LON1/LON2/DLON/H
  305  267  230  187  162  140  130  135  144  154  157  159  162  161  160  157
  154  150  147  145  142  144  143  144  144  144  142  139  137  144  154  169
  184  199  219  243  273  302  336  376  403  435  457  492  527  575  623  674
  699  717  732  747  761  771  778  779  783  783  782  778  765  745  713  686
  650  614  576  534  500  441  404  381  305                                   
    25.0-180.0 180.0   5.0 450.0                            LAT/LON1/LON2/DLON/H
  386  329  295  247  217  190  171  156  151  157  169  167  170  170  169  168
  162  161  153  154  148  153  149  151  148  147  141  134  131  139  152  172
  188  211  230  259  283  317  346  389  416  445  470  505  549  603  661  698
  733  756  781  798  820  833  849  857  871  875  882  882  873  853  825  797
  766  725  687  644  612  552  494  472  386                                   
    22.5-180.0 180.0   5.0 450.0                            LAT/LON1/LON2/DLON/H
  453  397  348  310  293  262  235  209  190  184  182  190  188  184  182  179
  176  171  166  164  164  165  163  162  158  154  146  137  131  140  153  176
  199  224  247  272  297  331  360  398  422  455  478  516  560  617  666  717
  750  780  806  826  849  866  885  896  914  925  940  944  947  932  913  887
  860  825  784  742  702  634  589  551  453                                   
    20.0-180.0 180.0   5.0 450.0                            LAT/LON1/LON2/DLON/H
  522  480  430  369  343  322  302  277  243  223  208  204  205  197  193  187
  182  178  172  174  170  175  170  170  161  159  146  139  132  144  157  182
  204  237  256  284  307  343  369  404  434  461  493  525  574  621  676  713
  753  773  804  816  842  853  874  882  903  911  932  938  949  940  934  918
  903  874  843  800  763  693  643  606  522                                   
    17.5-180.0 180.0   5.0 450.0                            LAT/LON1/LON2/DLON/H
  540  517  506  461  428  389  363  342  322  291  258  240  230  226  213  203
  197  189  188  184  182  182  179  175  167  158  148  138  135  145  158  184
  209  242  263  292  315  348  374  410  437  474  498  535  571  617  659  705
  733  753  774  786  803  811  824  835  852  864  882  895  909  913  917  911
  904  882  855  817  776  711  661  630  540                                   
    15.0-180.0 180.0   5.0 450.0                            LAT/LON1/LON2/DLON/H
  545  529  532  510  491  463  431  394  364  339  305  271  251  239  232  222
  210  203  195  192  187  188  186  179  169  156  141  139  131  141  151  181
  209  245  269  299  325  354  381  410  449  479  513  540  574  607  654  677
  712  716  734  739  753  754  761  767  782  793  809  821  835  845  854  858
  856  843  822  788  750  686  639  598  545                                   
    12.5-180.0 180.0   5.0 450.0                            LAT/LON1/LON2/DLON/H
  523  520  536  531  528  504  491  451  421  381  351  324  290  265  254  248
  236  222  215  203  198  193  184  176  160  152  141  134  128  131  146  169
  206  235  266  294  322  348  373  409  445  482  520  543  576  606  642  666
  686  690  696  701  706  704  704  708  716  727  740  753  766  780  790  798
  796  790  767  738  698  637  597  562  523                                   
    10.0-180.0 180.0   5.0 450.0                            LAT/LON1/LON2/DLON/H
  504  498  519  528  528  519  504  474  446  408  374  347  313  281  265  253
  251  233  220  209  198  192  183  173  157  144  136  128  116  122  132  165
  198  236  266  290  312  339  365  398  442  482  527  550  583  608  645  653
  677  674  678  680  680  678  672  676  677  687  692  704  715  730  739  748
  741  738  712  684  644  589  541  504  504                                   
     7.5-180.0 180.0   5.0 450.0                            LAT/LON1/LON2/DLON/H
  475  483  497  515  516  505  497  475  458  425  400  367  335  302  284  272
  265  249  231  213  196  186  175  160  150  137  131  118  110  111  125  150
