data/unet/pred3420.15i
     1.0            IONOSPHERE MAPS     GNSS                IONEX VERSION / TYPE
pyspatialgeodesy        IME             05-JAN-18 20:20     PGM / RUN BY / DATE 
Map Name                                                    COMMENT             
Predicted global ionosphere maps (GIM).                     DESCRIPTION         
  2015    12     8     0     0     0                        EPOCH OF FIRST MAP  
  2015    12     9     0     0     0                        EPOCH OF LAST MAP   
  7200                                                      INTERVAL            
    13                                                      # OF MAPS IN FILE   
  NONE                                                      MAPPING FUNCTION    
10.0                                                        ELEVATION CUTOFF    
One-way carrier phase leveled to code                       OBSERVABLES USED    
  6371.0                                                    BASE RADIUS         
 2                                                          MAP DIMENSION       
   450.0 450.0   0.0                                        HGT1 / HGT2 / DHGT  
    87.5 -87.5  -2.5                                        LAT1 / LAT2 / DLAT  
  -180.0 180.0   5.0                                        LON1 / LON2 / DLON  
    -1                                                      EXPONENT            
                                                            END OF HEADER       
[from data line 4290]
    11                                                      START OF TEC MAP    
  2015    12     8    20     0     0                        EPOCH OF CURRENT MAP
    87.5-180.0 180.0   5.0 450.0                            LAT/LON1/LON2/DLON/H
  101   70   48   53   52   52   52   53   53   54   53   55   53   55   53   55
   54   56   54   55   54   55   54   54   53   53   52   53   51   52   50   51
   50   51   49   50   49   50   49   50   50   51   50   51   51   52   52   53
   53   54   53   54   54   55   54   55   54   55   53   55   53   54   53   53
   52   52   51   51   52   52   46   93  101                                   
    85.0-180.0 180.0   5.0 450.0                            LAT/LON1/LON2/DLON/H
   39   37   38   42   45   44   46   46   48   48   51   50   53   52   54   53
   54   53   54   52   52   51   51   49   49   48   48   47   46   45   44   44
   43   43   42   42   42   42   42   42   43   43   44   44   45   45   45   45
   46   46   47   46   48   47   48   47   48   47   48   47   47   46   46   44
   44   42   42   41   43   41   37   59   39                                   
    82.5-180.0 180.0   5.0 450.0                            LAT/LON1/LON2/DLON/H
   25   29   29   31   32   33   34   37   39   42   45   47   50   51   52   53
   54   53   52   52   50   49   47   46   44   43   41   41   39   39   38   38
   37   37   36   36   35   36   35   35   35   36   36   36   37   38   38   39
   39   40   41   42   42   44   43   44   43   44   42   42   40   40   38   37
   35   35   32   32   31   29   28   34   25                                   
    80.0-180.0 180.0   5.0 450.0                            LAT/LON1/LON2/DLON/H
   23   20   21   22   24   23   28   30   36   37   44   45   51   50   54   52
   54   51   51   48   47   43   42   39   38   35   35   33   34   33   33   32
   33   32   33   31   32   30   31   29   31   29   31   30   32   31   34   33
   36   35   38   37   40   38   40   38   40   37   38   35   36   32   33   29
   29   26   25   21   22   19   16   23   23                                   
    77.5-180.0 180.0   5.0 450.0                            LAT/LON1/LON2/DLON/H
   15   15   13   16   17   18   22   27   33   38   44   48   52   55   57   57
   56   54   52   49   45   41   38   35   32   30   29   29   28   29   29   31
   30   31   30   30   28   28   26   26   25   26   26   27   27   29   30   32
   32   34   35   36   36   38   37   38   37   36   35   34   32   30   28   26
   23   22   20   18   15   14   11   12   15                                   
    75.0-180.0 180.0   5.0 450.0                            LAT/LON1/LON2/DLON/H
   15   14   14   19   19   22   26   32   38   45   51   57   62   64   66   65
   64   61   57   53   48   44   39   35   31   30   28   28   27   29   30   31
   31   33   32   32   30   29   28   26   25   25   26   26   28   29   31   32
   33   35   36   37   37   39   39   39   38   38   36   36   33   32   29   27
   24   23   21   18   17   15   14   19   15                                   
    72.5-180.0 180.0   5.0 450.0                            LAT/LON1/LON2/DLON/H
   19   21   19   22   22   25   29   35   42   50   57   64   69   73   74   73
   70   67   62   57   51   47   40   36   31   30   27   28   27   31   31   34
   33   36   33   34   30   31   26   26   23   25   23   27   26   31   29   33
   31   36   34   37   35   37   36   37   35   36   34   34   31   31   28   27
   23   23   20   19   17   17   18   20   19                                   
    70.0-180.0 180.0   5.0 450.0                            LAT/LON1/LON2/DLON/H
   28   28   27   29   31   32   37   41   51   57   67   73   80   82   84   81
   80   74   70   63   59   52   47   39   35   31   29   28   28   31   31   34
   34   35   34   33   30   28   26   24   23   23   24   26   28   30   32   34
   34   36   36   36   36   36   36   36   35   35   35   34   33   32   30   27
   26   24   24   20   23   21   24   30   28                                   
    67.5-180.0 180.0   5.0 450.0                            LAT/LON1/LON2/DLON/H
   37   38   36   38   39   40   44   49   57   65   74   82   89   92   93   90
   87   82   77   71   65   60   52   46   39   35   30   30   28   30   31   34
   33   35   32   32   26   26   21   22   19   22   21   26   26   31   30   34
   32   33   31   32   30   30   29   31   30   32   31   32   31   31   29   28
   25   24   23   23   23   24   28   33   37                                   
    65.0-180.0 180.0   5.0 450.0                            LAT/LON1/LON2/DLON/H
   45   46   47   47   48   47   53   56   65   72   83   91   98  101  102   99
   96   90   87   81   77   69   63   53   46   38   33   30   27   28   28   29
   29   29   27   25   22   20   18   17   17   19   21   25   27   31   31   32
   31   30   28   27   25   24   26   26   28   29   31   31   32   31   30   28
   26   24   24   22   26   26   34   42   45                                   
    62.5-180.0 180.0   5.0 450.0                            LAT/LON1/LON2/DLON/H
   52   54   55   56   56   55   59   62   71   78   90   98  106  109  111  107
  105   99   97   92   88   82   74   63   53   43   35   29   26   25   24   25
   24   24   21   20   15   15   12   13   13   16   18   23   24   28   27   28
   24   23   20   17   16   16   18   20   22   25   27   29   30   30   29   27
   24   22   21   20   22   25   34   42   52                                   
    60.0-180.0 180.0   5.0 450.0                            LAT/LON1/LON2/DLON/H
   57   58   62   63   64   63   67   69   78   85   96  105  112  117  118  117
  115  112  110  107  103   95   87   73   62   47   38   29   24   22   21   20
   20   18   16   14   12   10   10   10   12   16   19   24   25   28   26   26
   22   19   16   12   12   11   15   16   21   23   28   28   31   30   30   28
   26   23   22   19   23   25   35   46   57                                   
    57.5-180.0 180.0   5.0 450.0                            LAT/LON1/LON2/DLON/H
   62   66   69   72   74   72   75   77   86   93  104  111  119  123  126  126
  127  125  126  120  116  107   97   82   69   53   41   31   26   23   22   22
   19   18   15   14   10   10    9   12   13   17   21   25   26   27   25   23
   19   14   12    8    8    8   12   16   20   24   28   30   31   32   31   30
   28   24   23   20   22   25   35   44   62                                   
    55.0-180.0 180.0   5.0 450.0                            LAT/LON1/LON2/DLON/H
   66   72   78   81   86   85   89   90   99  105  114  122  128  133  136  138
  139  139  140  136  130  120  107   90   76   60   47   37   31   27   27   26
   25   22   20   17   16   15   16   18   20   24   27   31   31   32   29   26
   21   17   14   11   11   12   16   19   24   27   32   33   35   34   35   33
   33   30   30   26   28   29   40   50   66                                   
    52.5-180.0 180.0   5.0 450.0                            LAT/LON1/LON2/DLON/H
   74   82   87   95  101  101  104  106  114  119  127  133  138  142  146  149
  153  154  154  149  142  129  116   98   83   67   56   46   40   37   36   35
   33   31   28   27   25   26   26   28   30   33   35   38   37   36   33   30
   26   22   20   17   17   18   22   25   30   34   36   37   37   38   37   37
   37   36   36   33   36   37   46   55   74                                   
    50.0-180.0 180.0   5.0 450.0                            LAT/LON1/LON2/DLON/H
   85   94  104  112  120  121  128  130  136  140  145  147  151  154  158  162
  166  166  164  158  149  137  122  106   91   78   68   60   54   50   49   47
   45   42   39   38   38   39   40   42   44   46   47   48   47   46   43   41
   38   36   33   32   31   32   33   37   39   42   43   43   43   42   44   43
   47   46   49   46   50   50   59   69   85                                   
    47.5-180.0 180.0   5.0 450.0                            LAT/LON1/LON2/DLON/H
   98  108  116  130  138  143  148  152  157  160  160  162  163  167  170  176
  179  179  174  166  155  143  130  116  104   91   84   75   70   65   62   58
   56   53   51   51   52   53   55   56   57   57   57   57   56   54   53   51
   50   48   47   46   45   45   45   47   48   49   49   48   46   46   46   48
   52   53   56   57   61   62   71   81   98                                   
    45.0-180.0 180.0   5.0 450.0                            LAT/LON1/LON2/DLON/H
  110  122  135  147  158  165  174  178  183  183  182  178  179  179  185  189
  191  188  182  172  162  151  140  129  119  110  102   93   85   78   72   67
   63   60   58   60   62   65   67   68   68   67   66   66   65   64   63   63
   63   63   63   62   61   59   58   58   58   57   55   53   52   51   54   54
   59   61   67   68   74   77   88   99  110                                   
    42.5-180.0 180.0   5.0 450.0                            LAT/LON1/LON2/DLON/H
  120  131  143  159  170  179  187  194  198  198  193  191  190  193  196  202
  201  198  187  178  169  160  152  143  136  128  118  107   97   85   77   70
   67   62   63   64   70   73   76   76   75   73   73   71   72   71   71   70
   72   73   73   72   71   68   66   64   63   61   58   56   53   54   55   56
   60   63   69   72   80   85   96  110  120                                   
    40.0-180.0 180.0   5.0 450.0                            LAT/LON1/LON2/DLON/H
  127  141  156  170  183  193  204  211  216  214  210  205  205  205  210  212
  212  204  195  186  180  171  166  158  153  143  132  117  104   88   78   71
   66   64   65   69   74   79   81   81   80   77   76   75   76   75   75   75
   77   78   79   78   77   73   71   68   67   64   61   58   58   57   59   59
   63   64   70   74   85   92  106  121  127                                   
    37.5-180.0 180.0   5.0 450.0                            LAT/LON1/LON2/DLON/H
  131  142  155  170  183  194  204  212  217  218  213  213  212  217  218  222
  219  213  203  198  191  186  180  173  165  154  139  122  105   88   78   70
   68   66   70   74   81   83   87   84   83   79   79   78   80   77   77   75
   76   77   78   78   77   74   72   69   68   64   62   60   59   59   60   59
   61   60   65   69   81   90  106  123  131                                   
    35.0-180.0 180.0   5.0 450.0                            LAT/LON1/LON2/DLON/H
  133  147  162  176  187  199  209  217  224  224  224  222  225  226  231  230
  228  220  215  209  206  200  193  183  173  159  143  124  107   92   83   78
   78   79   82   87   91   94   93   91   87   84   84   84   84   81   79   76
   75   75   75   75   75   73   72   70   69   66   65   64   64   64   64   63
   62   60   63   66   80   91  109  126  133                                   
    32.5-180.0 180.0   5.0 450.0                            LAT/LON1/LON2/DLON/H
  134  146  158  172  182  191  201  209  216  221  221  226  230  235  237  239
  234  230  225  224  220  213  202  189  176  160  145  127  113  101   97   95
   99  100  105  105  109  106  104   98   94   90   91   89   89   85   81   76
   73   71   71   69   71   71   71   71   71   69   68   67   67   66   66   62
   61   56   58   61   75   88  108  125  134                                   
    30.0-180.0 180.0   5.0 450.0                            LAT/LON1/LON2/DLON/H
  142  157  169  180  189  197  207  214  222  225  229  233  240  244  248  245
  242  236  236  233  230  221  207  190  176  162  150  138  130  124  125  128
  133  137  137  136  133  128  120  113  106  103  102  101   99   93   88   82
   77   74   72   70   70   72   74   75   76   75   74   75   75   74   72   69
   66   61   62   64   78   91  114  129  142                                   
    27.5-180.0 180.0   5.0 450.0                            LAT/LON1/LON2/DLON/H
  154  167  175  185  194  200  206  213  219  224  227  235  242  249  250  249
  244  241  239  239  234  223  206  189  176  167  163  158  159  159  168  173
  181  180  179  168  160  149  140  128  121  115  114  112  109  103   97   89
   83   77   73   70   72   74   77   80   81   81   81   81   80   78   75   71
   68   64   66   68   81   97  120  135  154                                   
    25.0-180.0 180.0   5.0 450.0                            LAT/LON1/LON2/DLON/H
  177  191  201  212  218  223  226  229  233  233  240  244  254  256  257  252
  248  243  243  242  236  222  205  189  183  182  189  193  201  208  217  225
  231  229  221  207  189  175  159  149  137  135  130  129  124  119  112  105
   97   90   83   80   80   84   86   90   89   89   87   88   86   84   81   79
   77   77   80   83   95  111  136  152  177                                   
    22.5-180.0 180.0   5.0 450.0                            LAT/LON1/LON2/DLON/H
  199  211  225  241  247  251  251  248  248  246  251  256  261  263  259  253
  246  241  239  236  229  216  200  192  194  204  220  233  249  258  269  274
  276  270  257  235  213  192  177  163  154  147  144  140  136  130  124  116
  109  101   93   88   87   90   92   96   94   93   90   90   88   86   81   80
   80   84   89   96  108  128  150  171  199                                   
    20.0-180.0 180.0   5.0 450.0                            LAT/LON1/LON2/DLON/H
  227  235  255  271  280  285  284  279  275  271  272  275  279  274  270  259
  253  244  241  235  227  215  208  206  220  238  264  284  302  313  322  321
  314  299  279  253  225  203  184  173  162  160  153  152  145  143  137  132
  125  117  108  101   98   99  101  103  101   97   93   91   90   87   84   83
   86   94  102  113  125  148  171  195  227                                   
    17.5-180.0 180.0   5.0 450.0                            LAT/LON1/LON2/DLON/H
  240  252  275  297  311  318  317  311  305  301  302  302  303  294  283  270
  260  249  242  232  224  217  218  231  254  283  314  336  351  359  359  348
  332  309  283  256  230  208  192  181  172  167  162  157  151  148  145  141
  135  128  119  113  109  110  112  114  110  104   97   94   89   86   82   84
   87   97  108  120  135  161  184  211  240                                   
    15.0-180.0 180.0   5.0 450.0                            LAT/LON1/LON2/DLON/H
  255  265  293  319  337  348  349  346  340  339  339  340  336  321  306  288
  276  261  250  240  232  233  243  268  303  334  362  379  387  387  376  357
  333  306  278  250  225  210  193  186  175  174  165  162  154  154  152  151
  145  140  131  125  121  122  123  125  121  113  103   96   90   85   82   83
   90  101  115  130  147  174  198  220  255                                   
    12.5-180.0 180.0   5.0 450.0                            LAT/LON1/LON2/DLON/H
  253  268  299  331  352  366  372  370  370  369  372  373  371  353  334  311
  298  279  267  253  251  256  281  313  350  376  396  402  403  393  375  350
  322  292  265  241  225  210  201  193  185  180  172  164  157  155  155  153
  150  144  137  130  127  128  131  131  127  117  106   96   88   82   79   81
   88  100  114  130  149  176  200  226  253                                   
    10.0-180.0 180.0   5.0 450.0                            LAT/LON1/LON2/DLON/H
  258  271  306  338  362  380  386  390  391  398  399  405  402  387  366  345
  327  309  296  282  286  298  328  362  389  407  415  415  404  388  364  336
  303  276  253  238  224  218  208  202  190  186  174  167  157  156  154  154
  151  146  140  134  131  131  132  134  128  119  107   96   87   80   79   79
   86   99  115  132  150  174  200  225  258                                   
     7.5-180.0 180.0   5.0 450.0                            LAT/LON1/LON2/DLON/H
  252  271  306  343  368  388  397  401  406  413  425  434  437  422  403  379
  363  344  334  323  331  343  374  398  421  426  429  416  402  380  354  324
