data/unet/pred0570.15i
     1.0            IONOSPHERE MAPS     GNSS                IONEX VERSION / TYPE
pyspatialgeodesy        IME             05-JAN-18 20:20     PGM / RUN BY / DATE 
Map Name                                                    COMMENT             
Predicted global ionosphere maps (GIM).                     DESCRIPTION         
  2015     2    26     0     0     0                        EPOCH OF FIRST MAP  
  2015     2    27     0     0     0                        EPOCH OF LAST MAP   
  7200                                                      INTERVAL            
    13                                                      # OF MAPS IN FILE   
  NONE                                                      MAPPING FUNCTION    
10.0                                                        ELEVATION CUTOFF    
One-way carrier phase leveled to code                       OBSERVABLES USED    
  6371.0                                                    BASE RADIUS         
 2                                                          MAP DIMENSION       
   450.0 450.0   0.0                                        HGT1 / HGT2 / DHGT  
    87.5 -87.5  -2.5                                        LAT1 / LAT2 / DLAT  
  -180.0 180.0   5.0                                        LON1 / LON2 / DLON  
    -1                                                      EXPONENT            
                                                            END OF HEADER       
[from data line 3861]
    10                                                      START OF TEC MAP    
  2015     2    26    18     0     0                        EPOCH OF CURRENT MAP
    87.5-180.0 180.0   5.0 450.0                            LAT/LON1/LON2/DLON/H
  190  166  164  165  165  164  165  165  167  168  170  170  173  173  176  175
  178  177  179  178  180  178  179  177  178  175  175  172  173  168  170  165
  166  161  163  157  159  154  156  152  154  149  151  147  150  146  150  146
  150  146  150  147  152  149  154  152  156  155  157  156  158  158  159  159
  160  161  162  162  163  163  171  170  190                                   
    85.0-180.0 180.0   5.0 450.0                            LAT/LON1/LON2/DLON/H
  143  149  150  154  153  156  155  160  160  164  164  168  169  173  173  177
  177  180  178  182  180  182  179  180  177  178  173  174  169  169  165  164
  160  159  154  154  150  149  144  145  141  142  138  139  137  138  136  138
  137  139  138  141  141  143  142  144  143  147  145  148  147  149  147  149
  148  149  149  148  149  145  154  161  143                                   
    82.5-180.0 180.0   5.0 450.0                            LAT/LON1/LON2/DLON/H
  125  127  131  132  134  138  140  144  148  153  157  162  166  170  174  177
  180  182  183  184  184  184  182  180  177  175  171  168  165  162  158  155
  151  148  144  142  138  136  132  131  128  127  125  125  125  125  125  126
  128  129  132  132  134  134  135  134  136  134  137  134  138  134  136  133
  135  132  134  131  132  126  128  132  125                                   
    80.0-180.0 180.0   5.0 450.0                            LAT/LON1/LON2/DLON/H
  100  105  106  111  111  116  119  125  130  137  143  149  156  160  166  169
  174  175  177  177  177  176  173  171  166  163  157  155  149  147  141  140
  134  132  126  124  120  118  113  112  109  109  105  107  104  107  105  109
  110  115  116  121  121  124  124  125  126  126  127  125  127  124  126  121
  123  119  119  115  112  105  107  113  100                                   
    77.5-180.0 180.0   5.0 450.0                            LAT/LON1/LON2/DLON/H
   80   84   86   89   92   97  102  108  116  122  132  138  148  152  160  163
  168  169  172  171  171  169  167  164  159  154  150  145  142  136  133  128
  123  118  115  112  108  105  101  100   96   96   94   96   94   97   97  101
  102  106  110  112  117  118  120  119  121  119  121  117  119  115  116  111
  110  106  105  100   95   88   90   92   80                                   
    75.0-180.0 180.0   5.0 450.0                            LAT/LON1/LON2/DLON/H
   71   75   75   81   83   91   94  104  109  119  127  137  145  153  159  164
  167  169  170  171  169  168  165  162  157  153  147  142  137  131  127  121
  117  112  108  105  101   99   95   94   90   90   88   90   89   93   92   98
   97  104  105  111  113  117  116  119  118  119  117  117  115  114  111  109
  107  104  101   96   89   82   86   89   71                                   
    72.5-180.0 180.0   5.0 450.0                            LAT/LON1/LON2/DLON/H
   71   74   75   79   82   89   95  104  112  122  131  141  150  156  163  166
  170  170  173  174  175  173  171  167  162  157  151  145  140  133  129  122
  118  112  108  104  100   98   95   93   90   90   87   89   87   91   91   96
   97  102  105  109  112  114  115  115  116  115  116  113  114  110  110  106
  105  101   99   94   88   80   86   87   71                                   
    70.0-180.0 180.0   5.0 450.0                            LAT/LON1/LON2/DLON/H
   77   80   80   86   89   97  102  113  120  131  139  150  157  165  169  175
  177  181  182  187  188  188  185  181  175  169  160  154  147  140  133  126
  121  114  110  106  101   99   95   94   90   89   86   87   85   88   87   92
   92   99   99  106  106  111  108  111  109  110  108  109  108  108  106  104
  103  101  100   96   90   84   88   89   77                                   
    67.5-180.0 180.0   5.0 450.0                            LAT/LON1/LON2/DLON/H
   81   84   87   93   96  104  111  121  129  140  149  159  166  174  179  185
  189  194  199  205  206  207  204  201  192  186  176  168  160  151  145  136
  129  122  116  111  105  101   97   95   91   88   85   83   81   80   80   83
   83   88   90   95   95   99   98  100   99  100   99  101  101  101  101   99
   98   95   95   91   88   82   89   91   81                                   
    65.0-180.0 180.0   5.0 450.0                            LAT/LON1/LON2/DLON/H
   81   86   89   97  103  111  119  129  139  150  159  169  177  185  191  198
  202  212  218  226  226  227  224  220  213  204  195  185  176  167  159  150
  141  132  124  117  111  105  100   96   92   88   83   79   75   73   70   72
   70   75   73   80   78   83   80   84   83   86   85   87   87   90   90   89
   88   87   86   85   81   78   83   86   81                                   
    62.5-180.0 180.0   5.0 450.0                            LAT/LON1/LON2/DLON/H
   73   77   84   94  101  111  120  132  142  155  165  176  185  195  202  210
  217  225  233  241  242  243  241  238  230  223  211  204  193  185  176  167
  157  146  135  126  116  109  101   96   90   85   80   73   69   64   61   59
   58   59   59   62   62   66   63   67   66   70   70   74   75   78   79   77
   77   74   73   70   69   64   71   78   73                                   
    60.0-180.0 180.0   5.0 450.0                            LAT/LON1/LON2/DLON/H
   62   67   73   86   94  107  118  132  144  158  170  181  192  202  211  221
  227  238  244  253  254  256  253  250  243  235  226  218  211  203  195  185
  175  162  149  136  126  115  108  100   95   86   80   72   67   60   55   51
   48   48   47   50   49   52   50   53   53   58   59   63   66   68   68   67
   64   63   61   59   56   54   58   64   62                                   
    57.5-180.0 180.0   5.0 450.0                            LAT/LON1/LON2/DLON/H
   52   56   64   75   85  100  113  129  143  157  172  184  197  208  218  228
  236  244  252  258  262  261  261  257  250  244  235  232  224  223  215  208
  194  180  164  149  134  123  112  106   97   89   81   75   68   61   56   50
   46   44   45   45   45   46   47   49   51   53   55   58   62   64   64   61
   57   53   51   49   47   45   49   51   52                                   
    55.0-180.0 180.0   5.0 450.0                            LAT/LON1/LON2/DLON/H
   48   53   59   70   82   98  114  131  148  163  178  189  205  215  226  235
  245  253  259  264  266  265  264  259  254  247  244  241  240  240  239  230
  217  200  184  165  149  135  126  115  110   99   94   84   79   70   66   58
   54   50   50   49   49   50   51   53   56   59   62   64   66   68   66   64
   59   56   53   51   48   47   49   48   48                                   
    52.5-180.0 180.0   5.0 450.0                            LAT/LON1/LON2/DLON/H
   53   55   62   76   88  106  121  139  155  171  186  198  214  224  237  246
  256  262  267  270  271  269  268  262  256  251  248  250  252  257  256  251
  237  219  198  180  161  148  137  129  120  114  106  100   93   87   80   74
   70   66   65   64   62   64   63   67   69   73   74   76   78   79   77   74
   70   65   63   60   58   56   56   55   53                                   
    50.0-180.0 180.0   5.0 450.0                            LAT/LON1/LON2/DLON/H
   67   70   75   88  102  120  136  154  170  186  200  211  226  235  249  257
  268  273  279  278  278  274  272  264  262  256  258  259  266  270  272  265
  253  233  213  192  176  161  153  142  139  129  127  118  115  106  103   95
   92   86   85   82   81   83   83   86   88   90   90   92   93   95   93   93
   88   86   82   82   78   76   74   75   67                                   
    47.5-180.0 180.0   5.0 450.0                            LAT/LON1/LON2/DLON/H
   85   87   93  104  119  138  154  172  186  201  215  227  241  252  265  275
  285  291  293  291  289  284  280  273  269  266  267  271  276  280  278  272
  257  239  216  199  182  171  161  154  147  143  137  133  128  123  119  115
  112  109  106  104  102  102  102  105  105  106  104  105  105  108  110  110
  109  106  105  104  103  100   99  101   85                                   
    45.0-180.0 180.0   5.0 450.0                            LAT/LON1/LON2/DLON/H
  102  107  111  126  142  162  177  194  207  222  234  244  258  267  283  292
  306  307  310  304  302  296  291  283  282  277  281  281  286  285  281  269
  253  231  214  199  189  178  171  162  158  151  148  141  139  132  132  127
  127  123  123  118  117  115  115  117  117  116  114  113  113  118  122  125
  125  126  126  127  128  125  125  119  102                                   
    42.5-180.0 180.0   5.0 450.0                            LAT/LON1/LON2/DLON/H
  111  118  126  143  162  180  196  210  221  237  248  263  275  287  299  315
  322  327  323  322  317  312  306  301  297  296  295  295  293  288  277  261
  242  222  209  198  192  184  177  168  161  154  147  142  138  135  134  133
  133  133  131  128  124  124  124  125  123  121  115  114  116  121  128  132
  135  134  137  139  141  140  141  134  111                                   
    40.0-180.0 180.0   5.0 450.0                            LAT/LON1/LON2/DLON/H
  115  124  136  158  179  196  210  224  236  252  266  279  292  304  319  332
  342  342  342  337  334  328  323  318  315  310  308  304  298  287  269  251
  232  218  210  205  202  194  186  176  166  156  150  142  140  135  135  134
  134  134  133  128  126  125  125  125  123  119  114  111  114  121  129  136
  137  139  139  140  141  141  142  131  115                                   
    37.5-180.0 180.0   5.0 450.0                            LAT/LON1/LON2/DLON/H
  106  116  134  157  182  198  215  228  242  260  275  293  307  321  333  348
  355  361  357  356  352  347  342  337  332  328  322  316  305  289  271  252
  238  227  225  222  219  210  200  186  174  161  151  143  140  136  135  133
  132  132  131  127  125  123  123  122  119  113  109  107  109  116  125  130
  132  130  129  125  128  127  132  124  106                                   
    35.0-180.0 180.0   5.0 450.0                            LAT/LON1/LON2/DLON/H
   97  108  125  156  180  200  217  233  253  271  291  308  326  340  353  362
  371  374  375  373  372  367  363  354  350  344  339  330  319  303  287  274
  266  262  260  258  251  238  226  208  194  179  169  162  156  153  148  144
  139  137  133  131  128  127  123  122  118  115  111  107  109  113  120  124
  123  119  112  108  103  104  110  108   97                                   
    32.5-180.0 180.0   5.0 450.0                            LAT/LON1/LON2/DLON/H
   82   92  112  139  171  190  215  231  254  277  300  322  341  356  365  375
  382  389  390  392  393  391  380  372  364  363  358  356  343  336  325  323
  320  321  320  315  305  289  268  244  226  210  199  191  186  179  171  164
  155  152  146  145  140  139  137  133  131  124  120  116  116  115  120  117
  115  105   98   90   86   85   90   95   82                                   
    30.0-180.0 180.0   5.0 450.0                            LAT/LON1/LON2/DLON/H
   78   90  104  132  162  188  211  236  262  288  315  337  360  372  382  387
  393  397  401  405  409  405  396  386  381  381  384  387  386  385  389  393
  403  409  408  396  378  356  332  304  276  255  244  240  233  228  216  206
  189  181  171  167  160  157  154  152  146  140  136  133  133  133  134  128
  121  111   97   87   76   78   83   87   78                                   
    27.5-180.0 180.0   5.0 450.0                            LAT/LON1/LON2/DLON/H
   82   95  111  132  164  185  215  236  266  296  325  353  376  389  396  400
  404  407  413  418  420  416  404  395  394  404  415  434  447  464  482  499
  518  529  524  502  466  435  399  369  340  321  306  299  291  284  267  254
  223  213  196  194  187  189  185  183  176  170  160  157  152  150  146  138
  132  118  108   95   82   79   81   87   82                                   
    25.0-180.0 180.0   5.0 450.0                            LAT/LON1/LON2/DLON/H
   99  112  121  141  164  195  219  249  275  310  341  371  396  408  415  414
  418  417  426  428  434  425  419  411  421  435  462  489  524  553  590  625
  659  665  650  610  556  498  445  407  373  358  343  348  346  343  323  300
  270  247  231  222  217  215  214  211  203  194  187  183  178  179  173  170
  160  149  130  112   95   95   98   98   99                                   
    22.5-180.0 180.0   5.0 450.0                            LAT/LON1/LON2/DLON/H
  120  132  148  162  188  212  238  263  291  327  360  393  417  429  435  431
  434  433  440  440  444  435  429  429  448  476  516  560  614  654  706  742
  770  780  759  715  649  571  498  455  415  400  387  394  393  396  377  365
  328  309  281  272  264  258  248  234  228  216  210  207  204  203  203  204
  200  191  169  148  128  117  119  120  120                                   
    20.0-180.0 180.0   5.0 450.0                            LAT/LON1/LON2/DLON/H
  146  149  166  184  207  233  253  284  303  345  372  412  433  452  457  458
  457  456  460  459  463  455  453  456  484  521  576  629  686  728  770  808
  838  841  818  765  692  612  531  484  448  430  419  425  431  436  422  408
  380  363  345  335  325  314  288  271  249  240  229  226  217  221  217  223
  216  212  198  182  157  146  137  139  146                                   
    17.5-180.0 180.0   5.0 450.0                            LAT/LON1/LON2/DLON/H
  164  168  190  212  232  254  276  298  327  362  396  426  452  469  483  487
  489  485  484  479  479  471  474  487  523  573  638  692  735  773  807  843
  861  854  827  771  696  621  539  497  453  437  418  426  429  446  438  437
  418  410  397  385  373  351  326  296  274  255  244  236  229  226  223  228
  221  222  208  197  172  170  157  156  164                                   
    15.0-180.0 180.0   5.0 450.0                            LAT/LON1/LON2/DLON/H
  174  167  197  226  256  275  297  315  339  375  406  442  464  492  503  522
  522  524  515  511  502  500  502  518  559  602  669  721  766  793  822  841
  847  832  803  746  681  607  536  490  452  428  403  401  403  426  430  439
  430  428  420  411  398  373  343  314  287  267  252  242  231  228  222  227
  221  220  206  188  167  163  160  152  174                                   
    12.5-180.0 180.0   5.0 450.0                            LAT/LON1/LON2/DLON/H
  169  175  205  238  271  295  314  331  358  384  417  447  481  508  528  546
  553  553  547  538  527  519  530  546  590  639  707  747  780  799  811  809
  802  786  751  704  646  581  523  484  440  412  376  365  360  385  397  421
  427  431  426  420  404  385  351  325  299  280  262  248  237  228  218  218
  214  218  202  188  162  156  148  145  169                                   
    10.0-180.0 180.0   5.0 450.0                            LAT/LON1/LON2/DLON/H
  157  165  202  239  278  305  328  349  375  403  433  466  499  534  552  581
  585  591  583  576  558  551  557  577  623  677  731  759  785  787  787  771
  754  732  707  671  619  569  520  478  438  404  359  334  329  350  369  401
  415  428  423  417  395  369  344  319  296  272  260  242  231  221  214  214
  204  208  188  179  152  141  133  129  157                                   
     7.5-180.0 180.0   5.0 450.0                            LAT/LON1/LON2/DLON/H
  138  159  195  241  281  311  343  368  406  435  461  489  525  556  582  602
  614  620  615  604  594  583  594  619  672  715  746  764  773  768  756  739
