data/unet/pred2870.15i
     1.0            IONOSPHERE MAPS     GNSS                IONEX VERSION / TYPE
pyspatialgeodesy        IME             05-JAN-18 20:20     PGM / RUN BY / DATE 
Map Name                                                    COMMENT             
Predicted global ionosphere maps (GIM).                     DESCRIPTION         
  2015    10    14     0     0     0                        EPOCH OF FIRST MAP  
  2015    10    15     0     0     0                        EPOCH OF LAST MAP   
  7200                                                      INTERVAL            
    13                                                      # OF MAPS IN FILE   
  NONE                                                      MAPPING FUNCTION    
10.0                                                        ELEVATION CUTOFF    
One-way carrier phase leveled to code                       OBSERVABLES USED    
  6371.0                                                    BASE RADIUS         
 2                                                          MAP DIMENSION       
   450.0 450.0   0.0                                        HGT1 / HGT2 / DHGT  
    87.5 -87.5  -2.5                                        LAT1 / LAT2 / DLAT  
  -180.0 180.0   5.0                                        LON1 / LON2 / DLON  
    -1                                                      EXPONENT            
                                                            END OF HEADER       
[from data line 5148]
    13                                                      START OF TEC MAP    
  2015    10    15     0     0     0                        EPOCH OF CURRENT MAP
    87.5-180.0 180.0   5.0 450.0                            LAT/LON1/LON2/DLON/H
  111   83   78   73   76   72   76   73   77   74   77   73   77   73   76   72
   76   72   75   71   75   71   74   70   73   70   73   69   72   69   71   68
   71   68   71   68   71   68   70   67   70   67   70   66   70   66   69   66
   69   66   69   66   70   66   70   66   70   66   70   66   70   67   70   67
   71   68   72   70   77   74   84   97  111                                   
    85.0-180.0 180.0   5.0 450.0                            LAT/LON1/LON2/DLON/H
   91   63   64   64   65   61   66   63   68   65   69   66   70   66   69   65
   69   64   68   63   66   61   63   58   60   56   58   53   55   52   54   50
   53   50   52   49   53   50   53   50   54   50   54   51   54   51   54   51
   55   52   55   53   56   53   56   53   57   54   57   54   57   55   58   55
   59   57   60   58   64   54   57   83   91                                   
    82.5-180.0 180.0   5.0 450.0                            LAT/LON1/LON2/DLON/H
   85   64   65   69   68   66   69   69   73   72   75   74   78   76   79   76
   79   75   76   72   73   67   67   61   61   55   55   51   51   47   47   45
   46   44   46   45   47   45   48   47   49   48   50   49   51   49   52   50
   53   50   54   51   55   52   56   53   58   55   59   56   61   58   62   60
   64   62   66   64   68   60   64   84   85                                   
    80.0-180.0 180.0   5.0 450.0                            LAT/LON1/LON2/DLON/H
   87   73   74   76   74   75   76   79   81   83   85   87   89   90   92   92
   93   90   89   86   84   79   75   69   65   59   56   51   48   45   44   42
   42   42   43   44   46   46   49   49   51   51   52   52   53   52   53   52
   53   52   53   52   54   53   56   56   58   58   61   61   64   64   67   67
   70   70   73   73   74   69   72   89   87                                   
    77.5-180.0 180.0   5.0 450.0                            LAT/LON1/LON2/DLON/H
   95   79   80   81   78   78   80   82   84   86   89   92   95   96   98   99
   99   96   95   91   87   81   75   68   62   55   50   45   41   38   37   35
   36   36   39   40   42   43   46   46   48   48   49   48   49   46   47   44
   45   42   44   42   44   43   47   47   50   51   55   56   60   61   64   65
   68   69   73   74   77   74   78   91   95                                   
    75.0-180.0 180.0   5.0 450.0                            LAT/LON1/LON2/DLON/H
   97   87   88   90   85   85   86   87   88   91   94   97   99  101  102  103
  102  100   98   94   89   83   77   69   61   55   49   44   39   37   36   36
   36   38   40   43   44   46   48   49   49   49   49   48   46   44   42   40
   38   37   37   37   37   38   40   42   45   48   51   55   57   61   63   66
   68   71   75   78   81   81   85   98   97                                   
    72.5-180.0 180.0   5.0 450.0                            LAT/LON1/LON2/DLON/H
  108   98   99   98   92   90   90   90   91   93   95   97   98   99  100  100
   98   97   94   91   86   81   74   67   59   52   47   42   39   36   37   36
   38   39   43   44   46   46   48   47   48   45   46   42   41   36   35   31
   31   27   29   27   30   29   34   35   41   43   49   52   57   58   62   64
   68   70   76   79   85   86   92  102  108                                   
    70.0-180.0 180.0   5.0 450.0                            LAT/LON1/LON2/DLON/H
  110  105  107  106   98   95   94   94   94   94   95   96   95   94   94   92
   91   88   87   83   80   75   70   63   57   51   47   43   41   40   40   41
   42   43   45   46   47   46   47   45   44   42   41   37   35   30   29   25
   24   22   23   23   25   26   31   34   40   44   50   54   58   60   63   65
   68   70   76   80   87   90   98  108  110                                   
    67.5-180.0 180.0   5.0 450.0                            LAT/LON1/LON2/DLON/H
  120  113  114  111  103   99   98   96   96   96   96   94   93   89   86   83
   81   79   77   75   73   70   65   61   56   51   48   45   44   43   44   44
   46   45   46   45   45   42   42   40   39   36   36   32   30   26   26   22
   22   20   22   21   24   26   32   35   42   46   54   57   62   63   66   66
   69   70   76   80   88   92  100  111  120                                   
    65.0-180.0 180.0   5.0 450.0                            LAT/LON1/LON2/DLON/H
  118  115  115  113  104  100   98   97   97   97   96   94   90   85   80   75
   73   70   70   68   68   65   63   58   55   52   50   49   48   48   48   48
   47   46   45   42   40   38   36   35   33   32   31   29   27   25   25   23
   23   22   23   23   26   28   34   38   46   52   59   64   68   70   71   71
   72   73   76   81   88   93  102  112  118                                   
    62.5-180.0 180.0   5.0 450.0                            LAT/LON1/LON2/DLON/H
  124  116  114  110  102   97   95   94   96   97   97   93   89   82   76   70
   67   66   66   66   66   64   61   58   55   52   50   49   49   49   48   47
   46   42   40   36   34   31   30   28   28   27   27   26   27   26   27   25
   26   25   26   26   29   31   37   41   51   56   65   69   75   76   78   77
   78   77   80   82   89   92  100  111  124                                   
    60.0-180.0 180.0   5.0 450.0                            LAT/LON1/LON2/DLON/H
  118  114  112  109   99   94   91   91   93   95   96   94   89   82   75   70
   68   67   68   68   68   65   62   57   54   51   49   48   48   47   46   44
   41   37   34   30   27   25   24   24   25   25   26   27   28   29   30   29
   30   29   30   29   32   34   39   45   54   61   69   75   82   84   86   86
   87   86   87   88   93   95  102  110  118                                   
    57.5-180.0 180.0   5.0 450.0                            LAT/LON1/LON2/DLON/H
  125  118  115  110  100   93   90   90   92   95   97   96   93   86   81   76
   76   76   76   75   74   70   65   59   55   51   48   46   45   44   42   39
   36   32   28   25   23   22   22   23   25   27   29   31   33   34   36   35
   36   34   34   32   35   36   42   46   56   63   73   79   88   92   96   98
   99   99   99  100  102  103  106  113  125                                   
    55.0-180.0 180.0   5.0 450.0                            LAT/LON1/LON2/DLON/H
  128  127  125  120  108  100   95   93   94   96   98   99   97   93   88   86
   87   87   87   85   82   76   69   62   56   51   48   45   43   41   39   35
   33   29   27   24   24   24   25   27   30   33   35   37   40   40   42   40
   41   39   37   36   37   39   44   50   60   67   77   85   95  102  108  112
  115  117  117  118  119  117  119  121  128                                   
    52.5-180.0 180.0   5.0 450.0                            LAT/LON1/LON2/DLON/H
  148  146  144  138  126  117  108  104  102  103  103  104  103  102  100  100
  101  101   99   95   89   82   74   67   60   56   50   47   44   41   38   35
   33   31   30   29   29   31   33   35   39   41   43   45   47   47   47   45
   45   42   42   39   41   43   48   54   64   72   82   90  102  110  119  125
  131  135  136  137  138  136  136  138  148                                   
    50.0-180.0 180.0   5.0 450.0                            LAT/LON1/LON2/DLON/H
  163  167  168  164  151  140  129  121  115  112  109  110  109  110  109  111
  112  111  107  101   94   86   78   72   67   62   56   51   47   44   41   38
   37   36   36   37   39   42   44   46   49   51   52   53   55   54   54   52
   52   50   49   48   50   52   58   64   75   83   93  101  112  121  131  139
  148  153  157  159  160  157  156  156  163                                   
    47.5-180.0 180.0   5.0 450.0                            LAT/LON1/LON2/DLON/H
  185  190  194  191  180  170  156  145  134  128  122  120  120  121  122  124
  124  120  113  106   97   91   84   81   76   72   65   60   54   50   46   45
   45   45   47   49   52   54   56   57   59   60   60   61   61   60   60   58
   59   57   58   57   61   64   71   78   89   97  106  113  123  132  142  151
  160  169  174  177  179  177  174  176  185                                   
    45.0-180.0 180.0   5.0 450.0                            LAT/LON1/LON2/DLON/H
  200  208  216  214  205  196  183  169  155  144  136  132  130  132  133  134
  132  127  118  109  100   95   92   90   88   84   77   69   62   57   54   52
   53   54   57   60   63   65   66   66   68   67   68   68   69   68   67   67
   68   68   69   70   75   79   87   95  106  114  122  128  137  144  153  162
  173  181  188  192  195  192  190  193  200                                   
    42.5-180.0 180.0   5.0 450.0                            LAT/LON1/LON2/DLON/H
  212  219  227  226  220  214  203  192  177  165  152  147  145  146  146  146
  141  134  123  115  107  105  103  104  102   98   88   80   71   65   61   60
   61   63   66   69   71   73   73   72   73   73   73   74   75   74   74   74
   77   78   81   83   88   93  102  111  123  131  138  144  151  158  165  174
  182  190  196  201  204  203  199  207  212                                   
    40.0-180.0 180.0   5.0 450.0                            LAT/LON1/LON2/DLON/H
  219  226  235  232  228  223  215  205  193  181  169  164  161  162  161  158
  151  142  131  122  117  115  115  116  114  107   97   86   77   71   68   67
   68   69   72   74   77   77   78   76   77   77   79   80   81   81   82   84
   88   91   95   97  104  109  118  128  140  149  156  161  168  173  179  186
  193  199  205  209  213  210  207  216  219                                   
    37.5-180.0 180.0   5.0 450.0                            LAT/LON1/LON2/DLON/H
  233  231  234  231  225  223  217  212  204  197  187  184  182  182  178  174
  165  156  144  137  130  130  127  127  120  112   99   89   80   75   72   72
   73   74   76   78   80   81   79   79   79   81   83   85   86   86   89   91
   97  100  104  108  114  120  130  140  154  164  170  176  181  187  192  199
  203  209  213  219  221  219  214  225  233                                   
    35.0-180.0 180.0   5.0 450.0                            LAT/LON1/LON2/DLON/H
  251  244  245  234  227  220  215  211  209  206  202  201  200  201  197  192
  181  171  159  151  145  140  134  128  119  107   95   84   79   76   76   76
   77   77   79   80   82   82   82   80   82   83   86   87   89   89   91   94
  100  105  109  112  119  125  136  147  162  172  180  185  193  199  205  212
  218  224  230  235  236  234  231  242  251                                   
    32.5-180.0 180.0   5.0 450.0                            LAT/LON1/LON2/DLON/H
  289  273  265  251  236  225  216  214  214  215  215  216  217  218  215  209
  198  189  177  168  156  147  135  124  110   97   86   79   76   77   79   81
   81   82   83   84   85   86   84   84   85   87   89   89   90   89   91   92
   97  100  105  108  114  122  134  146  162  173  182  191  201  211  221  232
  238  247  254  260  261  260  259  271  289                                   
    30.0-180.0 180.0   5.0 450.0                            LAT/LON1/LON2/DLON/H
  351  340  327  293  269  246  233  225  224  226  229  233  234  235  230  224
  212  203  189  176  160  143  126  110   96   84   78   75   78   82   87   89
   90   90   91   92   93   93   93   91   93   93   94   93   92   90   90   89
   92   94   97   99  105  112  126  139  155  167  179  192  207  222  239  255
  267  280  293  301  305  304  312  316  351                                   
    27.5-180.0 180.0   5.0 450.0                            LAT/LON1/LON2/DLON/H
  428  425  403  366  326  294  270  257  250  250  251  253  252  249  243  235
  223  211  194  176  153  131  110   94   81   75   74   79   86   94   99  102
  101  102  102  104  104  106  104  104  103  103  101  100   97   93   90   86
   86   84   87   86   91   99  114  129  146  161  173  190  209  230  253  277
  295  320  339  359  363  368  374  370  428                                   
    25.0-180.0 180.0   5.0 450.0                            LAT/LON1/LON2/DLON/H
  512  537  511  464  418  369  334  306  292  284  282  280  272  266  253  243
  228  212  190  166  139  114   93   80   74   75   82   91  101  111  116  118
  116  116  117  119  120  121  120  118  117  114  111  107  102   95   90   84
   80   77   75   75   79   87  103  120  139  153  168  186  208  235  265  296
  326  361  393  416  429  436  448  433  512                                   
    22.5-180.0 180.0   5.0 450.0                            LAT/LON1/LON2/DLON/H
  577  615  598  565  511  458  408  373  346  333  322  312  298  283  264  248
  228  207  180  151  122   99   83   78   80   91  102  115  125  133  137  137
  135  134  135  137  137  138  136  134  131  128  123  118  110  102   93   84
   77   71   68   64   70   79   98  117  139  153  168  186  211  241  275  315
  350  395  429  459  473  486  500  485  577                                   
    20.0-180.0 180.0   5.0 450.0                            LAT/LON1/LON2/DLON/H
  640  690  681  660  617  560  503  457  417  391  370  351  330  307  281  260
  232  206  172  140  112   93   86   90  103  119  134  145  153  156  157  155
  152  152  153  155  155  155  153  150  146  142  136  130  119  110   98   88
   77   72   64   61   63   74   95  117  141  158  173  192  218  250  287  330
  375  419  458  484  507  518  541  531  640                                   
    17.5-180.0 180.0   5.0 450.0                            LAT/LON1/LON2/DLON/H
  655  710  718  714  685  640  585  539  491  461  427  400  367  338  305  276
  244  210  172  141  115  105  107  123  141  161  174  183  184  183  179  175
  171  172  174  175  174  173  169  165  160  155  147  141  129  119  106   95
   84   77   68   62   63   73   97  124  150  168  185  203  231  262  300  346
  390  436  472  502  522  539  561  555  655                                   
    15.0-180.0 180.0   5.0 450.0                            LAT/LON1/LON2/DLON/H
  660  716  744  758  744  709  664  623  576  538  498  460  417  381  342  307
  270  231  193  159  140  136  148  170  193  211  219  218  211  205  199  195
  191  193  194  195  192  190  184  181  173  168  159  151  138  127  115  103
   93   86   76   69   68   79  104  134  162  182  200  221  248  277  317  357
  401  442  480  506  531  544  572  566  660                                   
    12.5-180.0 180.0   5.0 450.0                            LAT/LON1/LON2/DLON/H
  622  676  716  749  756  738  710  680  641  607  564  523  474  431  386  347
  307  270  232  204  190  193  209  233  253  264  261  251  237  226  220  216
  215  217  217  215  210  206  199  194  184  177  166  156  142  130  118  106
   98   90   81   73   74   86  113  142  173  194  214  234  262  291  330  370
  407  447  479  507  527  539  558  553  622                                   
    10.0-180.0 180.0   5.0 450.0                            LAT/LON1/LON2/DLON/H
  580  626  673  719  748  752  742  721  693  664  625  583  534  488  438  396
  356  321  287  266  257  265  280  300  310  309  294  274  256  246  242  242
  239  241  235  231  222  218  209  204  193  183  171  159  146  132  119  107
   99   92   85   79   82   93  122  146  177  199  221  244  273  304  339  374
  410  444  476  499  518  526  544  538  580                                   
     7.5-180.0 180.0   5.0 450.0                            LAT/LON1/LON2/DLON/H
  526  559  603  657  700  720  732  727  711  689  658  623  578  536  489  450
  409  378  351  334  331  336  348  356  351  336  311  288  271  268  269  271
