data/unet/pred3630.15i
     1.0            IONOSPHERE MAPS     GNSS                IONEX VERSION / TYPE
pyspatialgeodesy        IME             05-JAN-18 20:20     PGM / RUN BY / DATE 
Map Name                                                    COMMENT             
Predicted global ionosphere maps (GIM).                     DESCRIPTION         
  2015    12    29     0     0     0                        EPOCH OF FIRST MAP  
  2015    12    30     0     0     0                        EPOCH OF LAST MAP   
  7200                                                      INTERVAL            
    13                                                      # OF MAPS IN FILE   
  NONE                                                      MAPPING FUNCTION    
10.0                                                        ELEVATION CUTOFF    
One-way carrier phase leveled to code                       OBSERVABLES USED    
  6371.0                                                    BASE RADIUS         
 2                                                          MAP DIMENSION       
   450.0 450.0   0.0                                        HGT1 / HGT2 / DHGT  
    87.5 -87.5  -2.5                                        LAT1 / LAT2 / DLAT  
  -180.0 180.0   5.0                                        LON1 / LON2 / DLON  
    -1                                                      EXPONENT            
                                                            END OF HEADER       
[from data line 4290]
    11                                                      START OF TEC MAP    
  2015    12    29    20     0     0                        EPOCH OF CURRENT MAP
    87.5-180.0 180.0   5.0 450.0                            LAT/LON1/LON2/DLON/H
   96   64   42   46   44   44   43   44   43   44   42   43   42   43   42   43
   42   43   41   42   41   41   39   40   38   39   37   38   37   37   36   37
   36   36   35   36   35   36   35   37   36   37   36   38   38   40   39   41
   40   42   42   44   43   45   44   46   45   47   46   47   47   48   46   47
   46   47   45   44   46   46   39   86   96                                   
    85.0-180.0 180.0   5.0 450.0                            LAT/LON1/LON2/DLON/H
   37   34   33   37   38   37   37   37   38   38   39   39   39   40   40   40
   40   40   39   39   39   38   37   37   36   35   34   34   33   33   32   32
   31   31   30   31   30   30   30   30   30   30   31   32   33   33   35   36
   37   38   39   40   41   42   42   43   43   44   43   44   43   44   42   42
   41   41   39   39   40   38   33   54   37                                   
    82.5-180.0 180.0   5.0 450.0                            LAT/LON1/LON2/DLON/H
   28   31   29   31   31   32   31   33   33   35   35   37   37   38   38   39
   38   38   37   36   36   34   33   33   31   31   30   30   29   29   28   29
   28   28   27   28   26   27   25   26   25   26   26   27   27   29   30   31
   33   34   36   37   38   40   40   42   41   43   41   43   41   42   39   40
   37   38   34   35   33   31   28   32   28                                   
    80.0-180.0 180.0   5.0 450.0                            LAT/LON1/LON2/DLON/H
   30   26   25   25   27   27   30   31   35   34   39   38   42   40   43   40
   42   39   40   36   36   33   33   30   29   27   27   26   26   25   26   25
   26   24   25   23   24   22   23   20   21   19   21   20   22   22   25   25
   29   29   34   33   38   37   41   39   42   40   42   39   40   37   38   34
   34   31   30   26   27   23   20   27   30                                   
    77.5-180.0 180.0   5.0 450.0                            LAT/LON1/LON2/DLON/H
   25   23   20   22   23   25   28   31   35   38   41   45   47   49   49   50
   48   48   45   43   39   38   35   33   31   30   29   28   27   27   28   27
   27   27   26   26   25   24   22   21   19   19   18   18   18   20   21   24
   26   29   31   34   35   38   38   40   39   40   38   38   36   35   32   31
   28   26   24   23   20   18   15   18   25                                   
    75.0-180.0 180.0   5.0 450.0                            LAT/LON1/LON2/DLON/H
   24   21   20   25   26   30   34   38   44   47   54   55   60   60   63   61
   61   58   56   52   48   44   41   38   35   34   32   31   30   30   30   31
   30   31   30   29   28   27   24   23   20   19   18   18   18   19   22   22
   26   27   32   33   36   36   40   38   40   38   39   36   35   32   32   28
   27   25   24   21   21   18   17   23   24                                   
    72.5-180.0 180.0   5.0 450.0                            LAT/LON1/LON2/DLON/H
   27   26   24   28   30   34   38   44   50   56   61   66   70   73   74   75
   73   70   66   62   57   53   47   43   38   36   33   31   30   29   30   30
   30   30   30   30   28   28   24   24   20   20   16   17   16   18   19   22
   24   27   29   32   33   35   34   35   34   34   32   32   29   29   27   25
   23   22   21   20   18   18   18   20   27                                   
    70.0-180.0 180.0   5.0 450.0                            LAT/LON1/LON2/DLON/H
   31   29   29   33   38   40   48   52   61   65   74   76   83   83   88   84
   85   79   77   70   66   59   54   48   43   39   34   33   30   30   29   29
   29   29   30   29   28   26   25   23   21   20   18   17   18   18   21   22
   26   26   30   29   32   30   31   29   30   27   29   26   27   24   26   22
   24   20   23   18   21   20   22   27   31                                   
    67.5-180.0 180.0   5.0 450.0                            LAT/LON1/LON2/DLON/H
   36   36   35   39   43   48   54   60   67   74   82   87   94   96  100   98
   97   92   88   82   76   69   62   55   47   41   36   33   29   27   27   25
   25   24   24   24   22   23   20   21   17   18   15   16   15   17   18   20
   22   23   25   26   25   25   24   23   23   22   23   22   22   22   23   22
   22   22   22   23   23   23   25   27   36                                   
    65.0-180.0 180.0   5.0 450.0                            LAT/LON1/LON2/DLON/H
   41   40   42   47   52   55   63   67   76   81   91   95  103  104  109  107
  108  102   99   92   86   77   70   61   52   45   38   34   29   26   24   21
   21   18   18   17   17   16   15   15   14   14   14   15   15   17   18   20
   21   21   22   22   21   20   20   18   19   18   20   18   21   19   23   20
   24   21   25   22   26   24   30   35   41                                   
    62.5-180.0 180.0   5.0 450.0                            LAT/LON1/LON2/DLON/H
   44   47   49   55   59   63   69   74   83   88   98  102  111  113  119  118
  119  114  111  102   97   86   77   66   57   48   41   35   30   26   24   19
   17   13   12   10   10    9    8    8    9   10   11   13   14   15   16   17
   17   17   17   16   15   14   14   13   14   15   17   17   20   20   22   22
   23   24   25   25   26   26   31   34   44                                   
    60.0-180.0 180.0   5.0 450.0                            LAT/LON1/LON2/DLON/H
   47   49   56   61   67   70   78   81   90   94  103  109  117  119  125  125
  127  124  120  113  106   95   84   73   63   54   46   41   35   31   26   21
   17   12    9    6    5    5    4    5    7    9   11   14   15   16   16   16
   15   15   14   13   14   13   14   14   16   17   20   20   23   22   25   24
   26   24   27   24   28   26   33   39   47                                   
    57.5-180.0 180.0   5.0 450.0                            LAT/LON1/LON2/DLON/H
   49   56   62   70   77   80   86   89   97  101  110  115  123  127  133  134
  136  134  131  123  116  103   92   79   70   59   54   48   44   38   34   27
   22   15   11    7    6    4    6    6    9   11   16   18   20   20   19   18
   16   15   14   13   13   14   15   16   19   21   24   26   27   28   29   29
   29   28   29   27   28   27   32   36   49                                   
    55.0-180.0 180.0   5.0 450.0                            LAT/LON1/LON2/DLON/H
   52   59   71   79   88   92   99  101  108  111  118  123  129  132  137  139
  142  141  139  132  124  112  100   88   78   69   63   59   55   50   44   37
   30   23   17   13   11   10   10   12   15   18   22   25   27   27   24   22
   19   17   17   17   19   21   23   26   29   31   35   35   37   35   36   33
   34   31   33   29   32   29   35   41   52                                   
    52.5-180.0 180.0   5.0 450.0                            LAT/LON1/LON2/DLON/H
   58   69   79   92  103  107  113  115  120  123  128  132  136  139  144  147
  150  150  148  141  132  121  109   96   88   79   75   69   67   61   56   47
   41   32   28   22   21   19   21   21   25   28   32   35   38   37   33   30
   26   25   24   26   28   32   34   37   40   42   44   44   44   43   41   39
   38   36   36   34   34   33   37   42   58                                   
    50.0-180.0 180.0   5.0 450.0                            LAT/LON1/LON2/DLON/H
   64   76   92  106  118  123  130  132  137  138  142  142  145  145  149  151
  154  155  153  147  139  129  118  108  100   92   86   82   78   73   66   59
   51   43   37   34   32   31   32   33   36   39   43   47   49   48   44   41
   37   36   36   38   42   45   48   50   53   53   55   53   53   50   49   45
   45   42   43   40   42   38   44   52   64                                   
    47.5-180.0 180.0   5.0 450.0                            LAT/LON1/LON2/DLON/H
   74   88  101  120  132  140  146  148  152  154  155  154  153  153  156  158
  161  162  159  153  145  137  128  119  112  104   98   91   86   77   72   62
   56   47   44   41   44   43   45   45   48   49   53   55   59   57   55   52
   49   49   50   52   55   58   60   62   63   63   61   59   57   55   52   50
   49   47   48   46   48   46   50   59   74                                   
    45.0-180.0 180.0   5.0 450.0                            LAT/LON1/LON2/DLON/H
   82   97  114  131  145  154  161  165  168  169  169  166  164  162  162  163
  165  165  163  158  152  144  138  132  126  117  108   99   90   80   72   63
   56   49   47   48   52   53   55   55   55   56   59   62   65   66   65   63
   61   61   64   66   69   71   73   72   72   68   67   63   61   58   57   54
   55   53   55   54   57   55   62   74   82                                   
    42.5-180.0 180.0   5.0 450.0                            LAT/LON1/LON2/DLON/H
   94  107  120  140  152  163  170  175  179  182  183  179  176  173  172  172
  173  171  167  163  157  153  148  143  136  126  113   99   86   73   66   54
   50   44   47   50   58   60   63   60   61   60   64   66   70   71   72   71
   71   72   74   75   78   78   78   75   74   70   67   63   60   58   57   55
   55   54   57   57   62   62   71   84   94                                   
    40.0-180.0 180.0   5.0 450.0                            LAT/LON1/LON2/DLON/H
  102  116  128  142  155  165  175  182  188  193  194  191  188  183  181  179
  179  176  172  169  165  160  158  153  147  134  119  101   85   69   60   50
   45   43   48   55   63   67   68   67   65   64   66   69   73   75   76   77
   78   79   81   82   83   82   82   78   76   70   67   63   60   59   58   56
   57   56   59   60   67   69   82   95  102                                   
    37.5-180.0 180.0   5.0 450.0                            LAT/LON1/LON2/DLON/H
  112  123  127  143  153  164  173  182  192  199  203  203  200  196  191  190
  186  183  178  176  172  171  168  164  154  140  121  101   83   66   57   47
   47   46   56   63   72   74   77   73   72   69   72   73   77   77   79   79
   80   81   82   82   83   80   80   77   74   69   65   61   59   57   57   55
   55   53   57   58   67   73   86   99  112                                   
    35.0-180.0 180.0   5.0 450.0                            LAT/LON1/LON2/DLON/H
  118  127  131  142  151  160  171  181  193  202  209  210  209  205  202  199
  197  192  188  186  183  180  178  171  162  145  128  107   90   73   66   59
   61   64   73   81   88   89   89   85   81   78   79   80   82   82   82   82
   81   82   81   81   80   80   79   77   75   69   66   62   60   58   59   57
   57   54   57   59   69   77   93  106  118                                   
    32.5-180.0 180.0   5.0 450.0                            LAT/LON1/LON2/DLON/H
  126  129  128  139  146  155  165  177  191  203  211  217  216  215  211  210
  205  203  197  195  192  189  183  175  164  150  134  117  101   89   85   81
   86   91  100  105  111  107  106   98   95   89   90   88   89   85   84   81
   80   78   77   76   76   75   76   74   73   69   66   63   61   59   59   55
   55   50   53   55   66   77   94  108  126                                   
    30.0-180.0 180.0   5.0 450.0                            LAT/LON1/LON2/DLON/H
  131  136  138  145  151  158  167  177  192  203  214  218  220  219  218  217
  215  212  208  205  202  196  190  177  169  156  148  135  127  119  119  120
  129  135  143  145  144  135  127  118  111  106  103  101   98   93   89   84
   81   78   76   75   74   75   76   76   76   72   69   65   65   63   63   59
   58   53   55   56   68   80  101  114  131                                   
    27.5-180.0 180.0   5.0 450.0                            LAT/LON1/LON2/DLON/H
  142  144  144  151  156  161  168  179  191  203  212  219  220  222  221  223
  220  219  214  212  208  201  190  179  171  165  165  161  160  159  165  170
  182  188  191  185  177  160  149  135  130  120  118  112  109  101   95   87
   82   78   73   72   72   75   76   78   76   73   69   67   64   63   63   60
   59   53   55   55   67   81  103  117  142                                   
    25.0-180.0 180.0   5.0 450.0                            LAT/LON1/LON2/DLON/H
  151  160  166  171  175  179  185  191  201  208  216  219  222  224  226  227
  225  224  222  220  216  206  196  183  182  181  190  197  205  210  220  228
  239  241  238  222  206  183  167  153  144  138  131  126  119  111  104   95
   88   83   78   77   77   80   82   83   81   78   73   69   67   64   65   64
   64   61   61   63   74   88  115  131  151                                   
    22.5-180.0 180.0   5.0 450.0                            LAT/LON1/LON2/DLON/H
  168  178  184  194  198  201  204  208  214  217  223  227  227  230  229  232
  228  227  224  224  218  209  197  189  192  200  217  231  245  256  267  277
  282  280  266  245  219  193  174  158  152  143  139  131  126  116  109  102
   94   90   83   81   80   83   84   85   82   78   72   69   65   64   63   64
   65   65   67   69   79   95  119  141  168                                   
    20.0-180.0 180.0   5.0 450.0                            LAT/LON1/LON2/DLON/H
  183  200  212  223  230  235  237  237  239  237  240  241  242  242  241  240
  236  233  230  228  222  214  207  202  212  226  248  267  284  294  304  308
  310  298  280  250  222  192  172  158  149  145  138  134  127  122  115  110
  103   97   91   87   86   87   88   87   83   78   72   70   65   63   62   64
   67   70   74   78   89  107  134  160  183                                   
    17.5-180.0 180.0   5.0 450.0                            LAT/LON1/LON2/DLON/H
  202  220  233  252  260  265  268  267  267  263  263  262  263  263  259  255
  247  242  235  232  225  220  217  219  234  254  278  297  311  319  323  323
  317  302  277  243  210  183  165  151  144  137  131  125  121  117  114  111
  106  102   95   92   88   90   88   86   80   75   70   68   65   63   60   62
   66   71   77   85   97  119  140  176  202                                   
    15.0-180.0 180.0   5.0 450.0                            LAT/LON1/LON2/DLON/H
  220  241  258  276  286  294  298  298  297  294  292  290  291  291  285  277
  265  256  248  240  234  232  234  242  263  284  307  323  333  334  333  323
  311  289  261  225  196  171  156  147  139  132  124  119  115  114  113  114
  109  107  100   96   92   91   89   86   80   76   70   69   64   61   59   58
   64   70   81   91  107  133  161  195  220                                   
    12.5-180.0 180.0   5.0 450.0                            LAT/LON1/LON2/DLON/H
  233  259  273  295  308  321  327  328  330  324  325  321  321  318  315  304
  290  277  263  254  247  249  256  270  292  313  331  343  344  342  330  316
  296  273  243  212  186  166  153  145  138  127  119  111  110  106  111  110
  110  108  102   98   93   93   90   87   82   77   73   69   65   60   56   56
   61   69   81   95  115  144  169  208  233                                   
    10.0-180.0 180.0   5.0 450.0                            LAT/LON1/LON2/DLON/H
  247  271  288  310  327  341  351  356  358  356  356  355  353  350  344  335
  319  304  287  274  270  272  284  301  323  342  355  359  355  343  327  305
  283  254  231  202  185  169  162  153  146  134  123  114  110  108  110  112
  111  110  104  100   97   95   93   90   86   80   75   71   67   60   56   55
   59   68   84  101  126  156  188  218  247                                   
     7.5-180.0 180.0   5.0 450.0                            LAT/LON1/LON2/DLON/H
  254  279  294  319  339  358  368  376  382  384  387  385  385  381  377  366
  353  337  319  306  301  304  319  334  354  368  375  374  362  348  327  305
