data/unet/pred2040.15i
     1.0            IONOSPHERE MAPS     GNSS                IONEX VERSION / TYPE
pyspatialgeodesy        IME             05-JAN-18 20:20     PGM / RUN BY / DATE 
Map Name                                                    COMMENT             
Predicted global ionosphere maps (GIM).                     DESCRIPTION         
  2015     7    23     0     0     0                        EPOCH OF FIRST MAP  
  2015     7    24     0     0     0                        EPOCH OF LAST MAP   
  7200                                                      INTERVAL            
    13                                                      # OF MAPS IN FILE   
  NONE                                                      MAPPING FUNCTION    
10.0                                                        ELEVATION CUTOFF    
One-way carrier phase leveled to code                       OBSERVABLES USED    
  6371.0                                                    BASE RADIUS         
 2                                                          MAP DIMENSION       
   450.0 450.0   0.0                                        HGT1 / HGT2 / DHGT  
    87.5 -87.5  -2.5                                        LAT1 / LAT2 / DLAT  
  -180.0 180.0   5.0                                        LON1 / LON2 / DLON  
    -1                                                      EXPONENT            
                                                            END OF HEADER       
[from data line 3432]
     9                                                      START OF TEC MAP    
  2015     7    23    16     0     0                        EPOCH OF CURRENT MAP
    87.5-180.0 180.0   5.0 450.0                            LAT/LON1/LON2/DLON/H
  144  150  146  147  146  145  145  145  145  145  145  145  145  144  144  144
  145  144  144  144  145  144  144  143  144  143  144  142  143  142  143  142
  144  142  144  143  144  143  144  143  144  143  144  143  144  143  144  142
  144  142  143  142  143  142  143  142  143  142  143  142  143  143  143  143
  144  144  144  144  143  142  145  159  144                                   
    85.0-180.0 180.0   5.0 450.0                            LAT/LON1/LON2/DLON/H
  123  137  136  139  140  139  141  140  142  140  141  139  141  139  140  138
  140  138  139  139  140  139  140  139  140  139  140  139  139  138  138  138
  138  138  138  138  138  137  137  137  137  136  136  136  136  135  135  135
  136  135  135  135  136  135  135  135  135  134  135  135  136  135  136  136
  137  136  137  136  135  132  131  132  123                                   
    82.5-180.0 180.0   5.0 450.0                            LAT/LON1/LON2/DLON/H
  126  128  130  130  130  128  131  130  133  131  132  131  133  131  133  131
  133  132  134  133  136  135  136  136  137  136  137  136  136  136  136  135
  135  134  135  133  134  133  134  132  134  132  134  132  134  132  133  132
  133  132  132  131  131  131  130  130  129  129  129  128  128  128  128  128
  128  128  129  127  128  122  132  117  126                                   
    80.0-180.0 180.0   5.0 450.0                            LAT/LON1/LON2/DLON/H
  117  123  124  126  125  129  127  131  129  131  128  131  129  130  128  131
  129  132  131  134  134  137  136  139  137  139  137  139  136  138  134  137
  133  135  131  134  131  134  130  133  130  133  130  133  130  132  129  132
  129  131  128  130  128  129  126  128  125  126  124  125  123  125  122  124
  122  124  122  121  120  120  121  114  117                                   
    77.5-180.0 180.0   5.0 450.0                            LAT/LON1/LON2/DLON/H
  109  116  119  119  123  123  127  126  127  126  127  126  126  125  126  125
  127  126  129  130  133  133  136  137  139  138  140  139  139  138  138  136
  136  134  134  133  132  132  131  131  131  131  131  131  131  131  130  130
  129  128  128  127  127  125  125  124  122  121  120  119  119  117  118  117
  117  117  118  117  116  111  113  109  109                                   
    75.0-180.0 180.0   5.0 450.0                            LAT/LON1/LON2/DLON/H
  101  112  116  117  121  123  126  126  128  127  128  127  127  126  127  126
  128  128  130  132  135  138  139  141  142  143  143  143  141  141  139  138
  135  135  133  132  131  131  130  131  130  131  131  131  130  130  130  129
  129  128  128  127  126  125  125  123  121  120  119  117  116  115  116  114
  115  114  115  112  114  112  113  110  101                                   
    72.5-180.0 180.0   5.0 450.0                            LAT/LON1/LON2/DLON/H
   97  111  115  117  121  123  126  127  127  128  127  127  125  125  124  124
  124  125  127  131  133  137  139  142  143  144  143  143  142  141  139  139
  136  135  133  133  131  132  131  132  131  132  131  132  130  130  127  128
  126  127  125  126  124  125  122  121  118  118  115  114  112  112  110  111
  110  111  111  111  110  107  107  107   97                                   
    70.0-180.0 180.0   5.0 450.0                            LAT/LON1/LON2/DLON/H
   94  109  112  114  119  122  126  126  128  127  128  127  126  125  125  124
  124  125  127  130  134  138  141  144  145  146  145  145  142  142  139  139
  135  135  132  133  130  132  131  133  132  133  132  132  130  130  128  128
  127  127  127  127  126  126  124  123  120  118  116  114  113  111  111  109
  109  109  110  108  109  108  109  109   94                                   
    67.5-180.0 180.0   5.0 450.0                            LAT/LON1/LON2/DLON/H
   94  109  112  113  117  120  124  126  127  127  128  127  126  124  123  123
  122  123  125  129  133  136  141  144  145  146  145  144  142  141  139  139
  136  136  134  134  132  133  133  134  134  134  133  133  129  129  126  127
  125  127  126  128  126  127  125  124  120  119  115  115  111  111  108  108
  106  107  107  107  108  104  104  105   94                                   
    65.0-180.0 180.0   5.0 450.0                            LAT/LON1/LON2/DLON/H
   93  108  111  112  117  120  124  124  126  127  128  128  127  126  125  125
  124  124  126  129  133  137  141  144  146  146  145  144  142  142  140  140
  137  138  134  135  132  134  132  135  135  136  135  134  131  130  127  127
  126  128  129  130  130  130  129  127  125  121  118  115  113  111  109  107
  106  105  106  104  105  104  106  107   93                                   
    62.5-180.0 180.0   5.0 450.0                            LAT/LON1/LON2/DLON/H
   94  108  111  111  117  119  123  125  126  127  128  129  129  128  128  128
  127  126  128  130  134  136  141  142  145  143  144  142  142  141  141  141
  140  141  138  138  135  136  135  137  137  138  135  134  130  129  126  127
  126  130  129  133  131  134  130  130  125  124  119  118  113  112  108  106
  103  103  102  101  102   98  101  101   94                                   
    60.0-180.0 180.0   5.0 450.0                            LAT/LON1/LON2/DLON/H
   92  104  108  111  117  119  122  123  124  125  126  128  128  130  131  131
  131  130  131  132  135  137  140  142  143  142  142  142  142  143  144  146
  145  145  142  141  138  139  138  140  140  140  138  136  133  131  129  130
  130  134  134  137  137  137  136  133  130  126  123  119  116  111  109  105
  102   99   98   96   98   97  100  101   92                                   
    57.5-180.0 180.0   5.0 450.0                            LAT/LON1/LON2/DLON/H
   92  106  109  112  119  120  123  123  124  124  125  127  129  131  133  135
  135  134  134  134  135  134  139  138  141  137  141  140  142  144  147  149
  148  149  146  146  142  143  142  144  143  143  141  139  135  134  132  134
  134  139  138  143  140  141  137  136  130  128  123  122  116  113  107  103
   97   95   93   93   93   88   93   94   92                                   
    55.0-180.0 180.0   5.0 450.0                            LAT/LON1/LON2/DLON/H
   90  102  107  114  123  125  127  126  125  125  125  126  128  131  135  137
  138  137  137  136  136  135  138  138  140  139  141  141  144  147  150  154
  154  155  151  150  148  148  148  149  150  149  148  145  142  140  139  141
  142  146  146  147  146  144  140  137  133  130  127  122  119  112  107  101
   95   92   89   86   88   88   92   94   90                                   
    52.5-180.0 180.0   5.0 450.0                            LAT/LON1/LON2/DLON/H
   89  104  109  116  125  129  131  131  130  128  127  130  131  134  137  140
  142  140  140  138  138  135  139  138  142  140  143  143  146  149  153  157
  157  157  155  154  152  153  153  155  155  155  152  151  147  146  145  147
  148  152  150  152  147  146  139  137  131  131  126  125  119  114  107  100
   92   89   86   84   85   80   86   89   89                                   
    50.0-180.0 180.0   5.0 450.0                            LAT/LON1/LON2/DLON/H
   88  100  107  118  129  136  138  139  136  135  133  133  134  136  139  142
  144  143  142  141  140  138  141  141  144  144  146  146  149  153  157  161
  161  162  161  161  160  161  163  164  166  164  164  161  159  157  157  159
  160  162  159  157  151  146  141  137  134  131  130  125  123  114  108  100
   93   90   86   84   84   85   89   89   88                                   
    47.5-180.0 180.0   5.0 450.0                            LAT/LON1/LON2/DLON/H
   88  102  107  119  131  140  145  148  145  143  141  141  141  142  143  147
  148  147  146  145  144  141  144  145  150  148  152  151  154  155  159  162
  163  163  164  166  166  170  171  174  173  174  171  171  168  168  167  168
  167  167  161  160  151  148  140  138  132  133  129  129  124  118  110  103
   96   92   89   88   86   81   85   86   88                                   
    45.0-180.0 180.0   5.0 450.0                            LAT/LON1/LON2/DLON/H
   88   98  104  116  130  143  151  155  155  154  152  150  149  150  150  152
  152  152  151  150  149  147  150  152  156  157  159  158  160  161  164  167
  168  171  173  175  179  182  186  186  188  186  185  184  183  181  180  179
  179  176  169  162  155  148  143  138  136  135  133  131  129  121  116  108
  102   99   96   92   91   90   91   90   88                                   
    42.5-180.0 180.0   5.0 450.0                            LAT/LON1/LON2/DLON/H
   87   97  100  113  127  142  153  162  164  165  163  163  161  159  158  159
  159  159  158  157  156  154  158  159  165  163  168  165  168  166  170  171
  175  178  183  187  192  197  200  202  202  201  198  197  194  192  189  188
  184  180  171  167  156  151  144  143  138  138  134  136  132  128  122  116
  110  107  103  100   96   89   91   90   87                                   
    40.0-180.0 180.0   5.0 450.0                            LAT/LON1/LON2/DLON/H
   88   91   95  102  119  135  152  163  171  175  177  176  175  172  169  167
  167  166  165  165  164  164  166  168  172  172  175  175  177  177  181  184
  190  194  202  206  214  216  221  220  219  217  214  213  209  207  202  199
  195  187  179  171  163  154  149  146  144  142  140  140  139  133  131  125
  120  116  112  106  102   98   97   93   88                                   
    37.5-180.0 180.0   5.0 450.0                            LAT/LON1/LON2/DLON/H
   86   90   86   96  108  125  144  161  173  181  186  188  188  184  181  178
  176  175  175  175  175  173  175  175  178  178  184  182  188  189  198  202
  211  218  228  234  242  246  247  243  239  234  231  228  224  221  214  211
  202  197  185  177  164  159  153  152  146  146  142  145  143  142  139  137
  130  126  120  113  106   99   99   93   86                                   
    35.0-180.0 180.0   5.0 450.0                            LAT/LON1/LON2/DLON/H
   87   85   82   82   95  113  134  153  171  184  194  198  200  197  192  188
  186  186  186  186  186  184  183  182  185  186  191  194  201  208  219  230
  242  254  265  273  280  281  278  272  263  257  249  246  240  234  226  220
  213  205  194  183  171  164  158  154  151  150  147  148  148  148  147  145
  140  135  128  118  111  106  104   98   87                                   
    32.5-180.0 180.0   5.0 450.0                            LAT/LON1/LON2/DLON/H
   88   85   76   79   85   99  121  141  163  180  196  203  208  205  202  198
  197  195  196  197  196  193  192  190  191  192  200  205  216  226  244  260
  279  292  304  309  311  309  303  293  283  273  266  259  254  245  236  228
  219  212  199  189  175  166  160  155  151  149  145  149  150  152  152  152
  145  139  130  122  110  105  106   97   88                                   
    30.0-180.0 180.0   5.0 450.0                            LAT/LON1/LON2/DLON/H
   91   83   78   73   80   89  108  128  150  173  190  204  211  213  211  208
  206  205  204  205  204  201  199  196  197  200  209  219  234  253  274  294
  311  325  334  338  337  333  323  313  301  292  282  277  268  260  247  237
  226  218  205  193  179  169  161  156  151  148  144  148  150  153  154  153
  147  140  132  121  114  109  110  101   91                                   
    27.5-180.0 180.0   5.0 450.0                            LAT/LON1/LON2/DLON/H
   98   89   80   80   80   88  101  119  141  163  185  201  213  216  217  214
  214  211  212  212  210  207  205  203  204  209  221  234  256  277  300  319
  337  353  359  360  353  346  336  321  310  300  293  285  278  267  254  241
  229  218  205  192  176  165  157  150  147  142  139  143  145  148  149  149
  141  137  127  121  111  109  110  101   98                                   
    25.0-180.0 180.0   5.0 450.0                            LAT/LON1/LON2/DLON/H
  104   93   91   85   86   89   97  111  128  153  172  195  208  217  220  221
  222  220  219  217  215  212  209  207  210  218  232  252  276  299  319  340
  359  375  378  375  364  355  340  328  316  310  301  297  286  278  260  247
  230  218  201  185  168  155  147  140  137  133  132  134  137  140  140  140
  134  130  123  114  110  108  111  107  104                                   
    22.5-180.0 180.0   5.0 450.0                            LAT/LON1/LON2/DLON/H
  109  101   97   93   93   95  101  110  125  145  167  188  206  217  224  226
  230  227  226  224  221  217  214  214  218  228  246  268  293  314  336  357
  375  386  385  378  363  351  338  325  318  310  305  300  292  278  261  243
  225  207  188  170  153  140  134  127  127  121  121  122  124  125  125  125
  119  117  111  109  104  106  107  104  109                                   
    20.0-180.0 180.0   5.0 450.0                            LAT/LON1/LON2/DLON/H
  112  105  106  101  102  103  107  112  120  137  155  178  195  214  221  229
  235  233  233  227  225  221  219  220  226  240  260  284  307  327  346  366
  378  384  378  368  353  343  332  324  316  311  305  302  292  280  258  242
  218  200  176  156  139  127  121  117  116  113  111  113  112  113  112  112
  107  107  103  101  101  104  107  105  112                                   
    17.5-180.0 180.0   5.0 450.0                            LAT/LON1/LON2/DLON/H
  110  107  107  106  105  108  112  116  125  136  152  171  192  210  223  232
  239  238  238  234  231  228  226  230  238  253  274  296  319  338  355  368
  374  376  365  353  338  331  324  318  313  307  303  297  290  274  254  232
  211  188  168  146  131  117  112  108  110  105  104  103  102  100   99   97
   94   93   94   94   92   98   98   95  110                                   
    15.0-180.0 180.0   5.0 450.0                            LAT/LON1/LON2/DLON/H
  105  101  104  102  106  111  117  121  128  138  151  167  185  207  221  234
  239  241  242  236  235  233  235  240  251  267  286  306  327  342  353  361
  359  355  344  333  325  322  320  316  312  305  301  296  288  272  250  228
  203  183  160  141  123  115  108  109  109  105  100   98   93   93   89   87
   83   85   86   87   88   92   94   90  105                                   
    12.5-180.0 180.0   5.0 450.0                            LAT/LON1/LON2/DLON/H
   94   92   94   96   99  107  116  125  134  144  155  168  185  205  222  233
  241  243  244  241  240  240  245  253  265  280  298  316  336  345  353  355
  351  344  333  326  318  321  319  318  311  306  300  293  285  266  246  221
  200  179  157  137  122  111  107  106  111  104  101   96   91   86   84   77
   75   74   77   79   78   82   80   74   94                                   
    10.0-180.0 180.0   5.0 450.0                            LAT/LON1/LON2/DLON/H
   83   79   81   80   86   96  109  121  134  147  157  168  182  202  218  232
  238  243  244  240  241  241  252  261  277  292  309  325  341  346  351  347
  342  331  324  315  316  316  322  319  315  306  299  290  279  260  238  215
  192  173  150  134  119  114  109  112  113  110  103   99   91   87   82   76
   73   71   72   72   72   75   75   64   83                                   
     7.5-180.0 180.0   5.0 450.0                            LAT/LON1/LON2/DLON/H
   76   70   67   70   74   88  102  118  134  148  160  171  186  201  217  228
  237  242  243  242  243  247  258  271  288  303  320  334  348  351  355  349
