data/unet/pred2150.15i
     1.0            IONOSPHERE MAPS     GNSS                IONEX VERSION / TYPE
pyspatialgeodesy        IME             05-JAN-18 20:20     PGM / RUN BY / DATE 
Map Name                                                    COMMENT             
Predicted global ionosphere maps (GIM).                     DESCRIPTION         
  2015     8     3     0     0     0                        EPOCH OF FIRST MAP  
  2015     8     4     0     0     0                        EPOCH OF LAST MAP   
  7200                                                      INTERVAL            
    13                                                      # OF MAPS IN FILE   
  NONE                                                      MAPPING FUNCTION    
10.0                                                        ELEVATION CUTOFF    
One-way carrier phase leveled to code                       OBSERVABLES USED    
  6371.0                                                    BASE RADIUS         
 2                                                          MAP DIMENSION       
   450.0 450.0   0.0                                        HGT1 / HGT2 / DHGT  
    87.5 -87.5  -2.5                                        LAT1 / LAT2 / DLAT  
  -180.0 180.0   5.0                                        LON1 / LON2 / DLON  
    -1                                                      EXPONENT            
                                                            END OF HEADER       
[from data line 1716]
     5                                                      START OF TEC MAP    
  2015     8     3     8     0     0                        EPOCH OF CURRENT MAP
    87.5-180.0 180.0   5.0 450.0                            LAT/LON1/LON2/DLON/H
  117  129  136  134  134  131  131  130  132  131  132  131  133  131  132  130
  131  128  128  125  125  122  122  119  120  117  119  116  119  116  119  117
  119  118  120  118  121  119  121  120  122  121  124  123  125  125  128  127
  129  129  131  131  133  132  135  134  136  135  136  135  137  135  136  134
  136  134  135  133  135  130  136  120  117                                   
    85.0-180.0 180.0   5.0 450.0                            LAT/LON1/LON2/DLON/H
  125  134  136  143  139  137  137  139  139  139  139  139  139  140  139  138
  137  136  135  134  133  132  130  129  129  128  127  128  128  129  128  129
  129  130  130  131  131  132  131  132  132  133  133  134  134  135  135  137
  137  139  139  141  141  142  142  143  144  144  143  143  144  142  142  140
  141  140  140  139  139  134  139  125  125                                   
    82.5-180.0 180.0   5.0 450.0                            LAT/LON1/LON2/DLON/H
  133  133  136  137  135  134  135  136  136  137  137  138  137  138  137  136
  135  134  133  131  130  128  127  126  126  124  125  124  125  125  126  126
  128  128  130  129  131  131  131  131  131  131  132  133  134  136  137  139
  140  142  144  144  146  146  148  147  149  147  148  146  147  143  143  140
  141  138  140  136  136  133  137  131  133                                   
    80.0-180.0 180.0   5.0 450.0                            LAT/LON1/LON2/DLON/H
  137  129  135  131  131  130  131  130  132  131  132  131  133  131  132  130
  131  127  128  124  124  120  120  117  117  115  116  116  117  117  120  120
  124  124  127  127  130  129  131  130  133  132  135  134  139  139  144  144
  148  149  152  153  155  156  157  157  157  156  154  153  151  148  146  143
  141  139  139  139  139  135  134  137  137                                   
    77.5-180.0 180.0   5.0 450.0                            LAT/LON1/LON2/DLON/H
  138  133  134  132  130  128  128  126  128  127  128  128  130  129  129  128
  127  125  124  121  119  115  113  110  110  107  109  108  111  111  115  116
  120  122  126  127  130  130  133  132  135  136  140  142  147  150  156  158
  163  165  170  171  174  174  176  174  174  171  170  166  164  159  157  153
  152  149  150  146  145  140  140  136  138                                   
    75.0-180.0 180.0   5.0 450.0                            LAT/LON1/LON2/DLON/H
  140  130  132  128  127  122  122  120  121  121  122  123  125  125  125  124
  123  121  118  115  112  108  104  101  100   98   99   99  102  105  109  113
  117  121  125  127  130  131  134  134  138  138  145  147  154  157  164  168
  173  176  180  181  183  183  183  182  181  179  176  173  170  166  162  160
  156  156  155  152  151  144  146  143  140                                   
    72.5-180.0 180.0   5.0 450.0                            LAT/LON1/LON2/DLON/H
  145  133  131  127  122  117  114  112  111  111  112  113  117  117  119  117
  118  115  115  109  108  101   99   93   92   89   90   90   95   97  104  107
  114  118  124  127  131  132  136  136  141  142  150  153  161  166  174  178
  183  186  189  189  190  188  188  186  185  182  180  177  176  173  171  168
  167  165  165  160  157  150  151  146  145                                   
    70.0-180.0 180.0   5.0 450.0                            LAT/LON1/LON2/DLON/H
  149  133  133  125  120  111  108  102  102  101  104  105  110  111  114  114
  115  112  111  106  104   98   94   89   87   84   86   87   92   96  103  109
  115  120  125  129  132  134  137  139  144  147  155  160  168  173  181  185
  188  190  191  190  189  186  185  182  182  178  178  176  177  174  174  173
  172  172  172  167  165  155  159  156  149                                   
    67.5-180.0 180.0   5.0 450.0                            LAT/LON1/LON2/DLON/H
  154  138  135  125  117  107  101   93   91   89   92   94   99  101  106  105
  109  105  106  101   99   92   90   84   83   79   80   82   87   92  100  106
  113  118  124  128  131  132  137  138  145  148  158  163  174  179  187  190
  193  191  191  187  185  180  178  174  173  170  170  170  172  171  173  173
  175  174  177  173  173  163  163  158  154                                   
    65.0-180.0 180.0   5.0 450.0                            LAT/LON1/LON2/DLON/H
  160  143  142  130  121  105   98   87   84   80   82   84   89   92   97   98
  100   99   98   95   92   88   84   80   78   77   78   82   88   95  102  109
  115  120  126  129  132  135  139  143  150  156  165  172  182  189  194  196
  197  194  191  186  181  175  170  166  165  162  163  163  166  167  170  171
  174  175  179  176  178  169  172  172  160                                   
    62.5-180.0 180.0   5.0 450.0                            LAT/LON1/LON2/DLON/H
  168  155  151  137  124  108   97   85   79   73   73   74   79   81   86   87
   90   87   89   84   84   78   77   72   73   72   74   79   85   93  101  108
  114  120  124  128  131  134  140  144  154  160  173  180  192  196  203  202
  202  196  192  184  179  171  165  161  158  156  156  158  161  163  166  167
  171  173  178  178  182  174  178  176  168                                   
    60.0-180.0 180.0   5.0 450.0                            LAT/LON1/LON2/DLON/H
  178  164  164  150  136  116  103   87   78   69   67   66   69   71   75   75
   77   75   76   72   71   69   67   67   67   70   73   80   87   97  104  112
  117  122  127  131  135  139  146  153  162  171  182  192  201  207  210  209
  207  202  195  188  180  173  167  162  160  157  157  157  161  162  165  166
  168  170  176  177  184  179  185  190  178                                   
    57.5-180.0 180.0   5.0 450.0                            LAT/LON1/LON2/DLON/H
  186  179  176  164  148  126  111   92   81   69   64   59   61   60   63   62
   64   62   62   59   61   57   59   57   61   64   70   77   85   94  102  109
  114  120  125  130  135  141  149  157  169  178  192  200  211  213  218  214
  214  206  201  194  188  181  175  171  168  166  164  166  166  166  166  165
  166  167  173  176  185  181  192  193  186                                   
    55.0-180.0 180.0   5.0 450.0                            LAT/LON1/LON2/DLON/H
  196  190  189  179  164  142  124  102   87   72   64   56   55   53   54   52
   53   50   51   49   50   49   50   53   57   62   69   79   87   98  104  112
  117  124  129  135  141  150  158  168  179  191  202  212  220  225  227  226
  222  218  212  209  202  198  191  188  184  181  180  178  178  175  173  169
  167  168  172  176  187  186  199  204  196                                   
    52.5-180.0 180.0   5.0 450.0                            LAT/LON1/LON2/DLON/H
  204  205  199  192  179  156  138  113   96   78   67   56   53   49   49   47
   47   45   45   43   45   44   47   49   55   60   69   77   86   94  101  109
  114  123  129  138  146  155  166  175  187  200  212  221  229  232  235  233
  232  228  224  223  219  217  210  207  201  200  195  194  190  186  179  174
  171  171  176  181  192  191  206  206  204                                   
    50.0-180.0 180.0   5.0 450.0                            LAT/LON1/LON2/DLON/H
  211  209  206  200  190  171  151  127  108   87   74   61   54   48   46   44
   44   42   42   41   43   43   47   50   55   61   70   79   88   98  104  112
  118  128  137  146  156  165  177  186  199  212  223  233  240  244  245  246
  243  244  240  242  237  236  227  225  218  215  210  208  204  196  190  182
  178  179  183  189  199  198  210  214  211                                   
    47.5-180.0 180.0   5.0 450.0                            LAT/LON1/LON2/DLON/H
  213  214  207  201  193  176  161  135  117   96   82   67   58   50   47   46
   46   46   46   46   48   48   51   53   57   63   71   80   87   95  101  109
  116  128  139  150  161  172  182  194  207  220  231  240  246  251  253  254
  253  255  253  254  249  246  236  233  226  225  218  217  212  206  198  191
  188  189  194  198  206  203  213  213  213                                   
    45.0-180.0 180.0   5.0 450.0                            LAT/LON1/LON2/DLON/H
  211  206  202  196  188  176  163  142  126  106   91   76   67   57   53   51
   51   51   53   54   56   56   59   59   64   67   76   83   91   99  105  115
  123  136  148  159  171  180  191  202  215  228  238  249  255  262  265  268
  268  271  268  270  261  256  245  240  233  230  225  224  219  214  207  203
  200  202  204  208  212  207  214  216  211                                   
    42.5-180.0 180.0   5.0 450.0                            LAT/LON1/LON2/DLON/H
  208  203  194  185  179  167  159  142  129  112   99   85   76   66   62   59
   60   61   64   65   66   66   67   68   68   73   78   86   93   98  106  114
  126  138  153  165  176  187  197  209  221  233  243  253  261  270  274  278
  279  282  279  279  269  263  250  245  237  236  231  232  227  223  218  215
  215  216  219  218  221  213  216  213  208                                   
    40.0-180.0 180.0   5.0 450.0                            LAT/LON1/LON2/DLON/H
  205  194  182  171  163  154  148  137  129  117  107   96   88   78   73   69
   70   71   73   75   76   75   76   73   75   75   82   88   96  102  110  122
  134  147  161  172  184  193  203  214  226  238  248  259  270  281  287  294
  297  302  298  299  287  280  265  259  251  250  245  244  239  234  229  227
  228  229  229  229  228  217  217  216  205                                   
    37.5-180.0 180.0   5.0 450.0                            LAT/LON1/LON2/DLON/H
  203  191  174  159  149  140  136  130  126  119  114  105   99   89   85   80
   81   81   84   84   85   84   83   80   79   80   84   90   98  103  114  124
  140  152  168  177  189  196  207  216  230  241  253  264  276  286  298  305
  312  317  317  316  308  302  287  285  275  275  267  266  258  251  248  242
  246  242  246  241  241  230  224  214  203                                   
    35.0-180.0 180.0   5.0 450.0                            LAT/LON1/LON2/DLON/H
  204  189  169  150  139  128  126  121  121  119  118  114  110  102   96   92
   90   91   92   93   92   90   88   82   81   79   85   90  100  108  118  134
  147  161  174  183  194  203  212  221  233  245  260  271  287  302  316  329
  337  345  348  351  347  344  334  331  322  318  308  302  290  280  272  267
  265  263  260  257  253  240  233  223  204                                   
    32.5-180.0 180.0   5.0 450.0                            LAT/LON1/LON2/DLON/H
  210  193  171  150  135  123  118  117  118  120  123  123  121  113  107  101
  100   97   98   96   96   93   91   85   82   80   83   90  100  109  122  136
  151  164  178  187  200  207  219  226  240  254  272  284  301  313  332  346
  360  369  377  382  384  383  377  376  370  368  355  347  331  318  310  297
  294  283  282  277  271  261  249  229  210                                   
    30.0-180.0 180.0   5.0 450.0                            LAT/LON1/LON2/DLON/H
  218  202  180  155  139  125  120  115  118  121  126  128  130  123  117  110
  106  102  101   99   99   95   94   87   83   80   84   91  102  113  125  143
  153  167  178  189  201  213  224  233  247  262  282  295  315  330  350  368
  384  398  411  422  428  434  430  432  427  422  411  397  382  366  353  340
  325  316  300  295  284  275  265  241  218                                   
    27.5-180.0 180.0   5.0 450.0                            LAT/LON1/LON2/DLON/H
  231  218  194  169  150  136  127  121  122  125  131  134  135  128  122  113
  110  104  103  100  101   98   96   91   85   81   84   90  101  111  124  138
  150  162  175  189  202  215  229  238  253  268  290  306  327  342  365  382
  403  420  439  455  467  477  479  483  478  473  458  442  426  403  392  369
  358  337  329  315  305  297  285  255  231                                   
    25.0-180.0 180.0   5.0 450.0                            LAT/LON1/LON2/DLON/H
  241  234  211  185  166  149  139  129  129  130  135  138  139  133  127  119
  113  107  104  104  104  103  101   94   89   84   87   92  102  111  122  137
  148  161  175  191  207  222  237  249  266  281  303  321  343  360  385  403
  425  444  468  488  505  519  521  526  521  517  502  487  469  449  433  409
  390  375  353  343  325  315  304  267  241                                   
    22.5-180.0 180.0   5.0 450.0                            LAT/LON1/LON2/DLON/H
  253  251  228  206  187  169  157  145  142  140  144  143  143  136  129  120
  115  109  107  106  108  109  107  103   95   89   88   92   97  104  115  129
  143  157  174  194  213  229  247  260  279  293  316  335  356  376  398  418
  440  462  487  511  528  544  550  554  551  547  533  517  499  480  464  441
  426  402  390  366  354  339  321  284  253                                   
    20.0-180.0 180.0   5.0 450.0                            LAT/LON1/LON2/DLON/H
  260  265  243  221  203  187  172  158  153  147  150  148  147  140  132  124
  118  112  108  110  113  116  116  110  103   95   93   91   96  100  110  124
  139  156  175  199  222  239  259  272  292  309  332  352  372  391  415  432
  458  476  503  524  544  555  563  565  563  560  548  534  517  500  484  466
  451  432  415  395  374  358  337  296  260                                   
    17.5-180.0 180.0   5.0 450.0                            LAT/LON1/LON2/DLON/H
  273  274  256  236  221  205  194  177  169  160  159  154  152  142  134  125
  121  114  111  112  117  122  122  118  109  100   93   88   88   92  105  119
  136  156  181  205  230  248  268  283  304  322  344  362  383  403  424  444
  464  486  505  526  538  550  551  555  551  552  541  533  522  509  495  480
  467  450  439  412  394  374  349  310  273                                   
    15.0-180.0 180.0   5.0 450.0                            LAT/LON1/LON2/DLON/H
  280  280  264  246  229  215  202  188  179  170  167  162  158  150  140  132
  125  117  114  115  120  126  126  122  114  102   96   85   84   87  101  115
  136  158  186  214  239  258  281  295  321  337  363  375  400  414  440  452
  477  487  507  518  528  534  536  539  539  540  532  524  516  504  497  482
  472  460  447  423  404  382  359  321  280                                   
    12.5-180.0 180.0   5.0 450.0                            LAT/LON1/LON2/DLON/H
  293  284  270  252  237  220  211  197  191  182  177  170  165  155  145  136
  130  122  117  116  120  125  125  121  112  102   90   80   79   82   95  110
  133  158  191  219  247  265  290  305  331  347  372  384  407  424  446  461
  478  491  501  509  513  516  512  521  516  522  514  513  505  501  492  486
  474  466  454  428  410  388  367  329  293                                   
    10.0-180.0 180.0   5.0 450.0                            LAT/LON1/LON2/DLON/H
  296  289  273  253  236  219  209  200  195  188  185  178  174  163  155  145
  139  128  125  121  122  123  122  118  109   98   87   79   77   78   91  109
  135  161  195  224  252  273  298  314  343  359  386  397  421  432  458  467
  486  489  499  501  504  506  504  512  512  516  511  507  501  493  488  479
  473  462  453  430  412  391  371  339  296                                   
     7.5-180.0 180.0   5.0 450.0                            LAT/LON1/LON2/DLON/H
  312  296  279  258  240  219  211  202  198  193  188  182  175  166  155  147
  140  131  126  120  119  116  112  106   99   91   83   75   74   74   87  105
