data/unet/pred1590.15i
     1.0            IONOSPHERE MAPS     GNSS                IONEX VERSION / TYPE
pyspatialgeodesy        IME             05-JAN-18 20:20     PGM / RUN BY / DATE 
Map Name                                                    COMMENT             
Predicted global ionosphere maps (GIM).                     DESCRIPTION         
  2015     6     8     0     0     0                        EPOCH OF FIRST MAP  
  2015     6     9     0     0     0                        EPOCH OF LAST MAP   
  7200                                                      INTERVAL            
    13                                                      # OF MAPS IN FILE   
  NONE                                                      MAPPING FUNCTION    
10.0                                                        ELEVATION CUTOFF    
One-way carrier phase leveled to code                       OBSERVABLES USED    
  6371.0                                                    BASE RADIUS         
 2                                                          MAP DIMENSION       
   450.0 450.0   0.0                                        HGT1 / HGT2 / DHGT  
    87.5 -87.5  -2.5                                        LAT1 / LAT2 / DLAT  
  -180.0 180.0   5.0                                        LON1 / LON2 / DLON  
    -1                                                      EXPONENT            
                                                            END OF HEADER       
[from data line 4290]
    11                                                      START OF TEC MAP    
  2015     6     8    20     0     0                        EPOCH OF CURRENT MAP
    87.5-180.0 180.0   5.0 450.0                            LAT/LON1/LON2/DLON/H
  229  209  199  199  199  196  198  195  197  195  196  195  196  194  194  193
  193  193  192  192  192  192  192  190  192  189  191  187  188  186  186  184
  184  183  183  181  182  180  180  179  179  178  179  178  179  178  179  178
  179  179  180  181  181  182  182  183  183  185  184  186  186  188  188  189
  190  191  194  192  193  193  196  202  229                                   
    85.0-180.0 180.0   5.0 450.0                            LAT/LON1/LON2/DLON/H
  200  200  201  202  201  198  200  197  200  197  199  196  199  195  197  194
  196  193  194  193  194  193  193  192  192  191  189  188  187  186  183  183
  181  181  178  178  176  176  174  174  173  173  173  172  173  171  174  172
  175  173  177  175  178  177  180  179  182  181  184  183  186  185  188  188
  191  191  195  192  195  193  199  212  200                                   
    82.5-180.0 180.0   5.0 450.0                            LAT/LON1/LON2/DLON/H
  204  202  205  207  202  205  203  206  203  206  202  205  202  204  201  203
  200  202  198  200  198  199  198  197  196  196  194  192  190  188  185  184
  182  180  178  177  175  175  173  174  172  173  171  173  172  173  173  175
  175  177  177  180  179  182  181  184  183  186  184  188  186  190  188  191
  190  194  194  197  195  199  196  206  204                                   
    80.0-180.0 180.0   5.0 450.0                            LAT/LON1/LON2/DLON/H
  207  201  200  199  198  201  202  202  203  203  204  202  203  201  201  200
  200  198  199  198  198  199  198  198  197  196  194  192  189  186  184  181
  179  177  175  173  172  172  170  170  168  169  167  168  167  168  167  169
  168  170  169  172  172  173  173  174  174  175  175  176  177  178  178  179
  180  183  185  186  188  189  188  200  207                                   
    77.5-180.0 180.0   5.0 450.0                            LAT/LON1/LON2/DLON/H
  204  199  198  195  195  196  199  198  201  200  203  202  202  201  201  201
  200  200  200  201  202  201  203  200  201  198  197  193  191  187  185  181
  180  176  175  172  172  170  171  169  170  167  169  167  168  167  169  167
  169  167  169  168  170  168  170  168  170  168  170  170  172  171  173  173
  176  177  180  180  181  183  182  191  204                                   
    75.0-180.0 180.0   5.0 450.0                            LAT/LON1/LON2/DLON/H
  205  199  198  196  196  198  201  201  204  204  207  205  207  205  205  204
  203  203  204  205  206  207  207  208  206  205  202  199  196  192  189  186
  185  181  180  177  178  175  176  173  174  172  172  171  171  170  171  169
  170  169  170  169  169  168  168  168  168  168  169  169  171  171  173  173
  175  177  180  180  181  183  186  195  205                                   
    72.5-180.0 180.0   5.0 450.0                            LAT/LON1/LON2/DLON/H
  209  203  200  198  196  198  200  200  203  205  207  207  208  207  207  206
  205  206  207  209  211  212  214  213  212  210  207  204  200  197  193  191
  189  188  185  184  183  183  182  181  180  179  177  176  175  174  174  173
  172  172  172  170  171  169  169  167  169  169  171  171  174  174  177  177
  180  181  184  182  183  188  191  200  209                                   
    70.0-180.0 180.0   5.0 450.0                            LAT/LON1/LON2/DLON/H
  219  211  210  207  205  207  209  207  210  210  214  212  214  211  212  208
  209  208  211  212  215  216  218  218  218  216  214  211  209  205  203  200
  201  198  198  194  195  192  193  190  190  186  185  181  182  178  178  175
  176  173  172  170  170  168  168  167  170  171  173  176  180  183  185  188
  191  194  196  195  196  198  206  212  219                                   
    67.5-180.0 180.0   5.0 450.0                            LAT/LON1/LON2/DLON/H
  232  224  221  215  212  212  213  211  214  214  216  214  215  213  212  210
  209  209  210  212  215  217  220  220  220  219  217  215  212  210  208  206
  206  205  202  201  200  200  198  197  195  194  190  188  185  183  180  177
  175  173  171  168  168  165  166  165  169  170  176  179  186  188  194  196
  201  202  207  205  206  211  219  227  232                                   
    65.0-180.0 180.0   5.0 450.0                            LAT/LON1/LON2/DLON/H
  247  237  235  229  224  225  223  223  223  224  224  223  222  218  218  212
  212  210  212  212  215  217  221  222  223  222  221  220  219  217  217  215
  216  213  213  210  210  207  207  204  203  199  197  193  190  185  182  177
  175  171  169  165  164  162  163  163  167  171  176  183  190  197  202  208
  211  216  218  219  219  225  238  244  247                                   
    62.5-180.0 180.0   5.0 450.0                            LAT/LON1/LON2/DLON/H
  260  251  248  239  235  233  233  229  231  228  230  225  226  219  219  212
  211  208  209  210  213  215  220  220  223  222  222  222  222  221  221  221
  221  221  218  215  214  213  211  209  207  204  201  196  192  187  181  176
  172  168  165  161  160  157  158  158  163  166  175  181  192  198  207  211
  219  221  227  226  230  238  251  261  260                                   
    60.0-180.0 180.0   5.0 450.0                            LAT/LON1/LON2/DLON/H
  275  265  263  256  250  248  245  242  240  239  238  236  233  229  225  219
  216  212  212  212  214  216  219  221  222  223  224  225  226  227  229  229
  231  229  228  224  223  220  219  216  216  212  209  202  198  190  183  176
  170  166  162  158  156  153  153  153  157  163  170  180  190  201  208  217
  222  230  234  237  240  251  268  274  275                                   
    57.5-180.0 180.0   5.0 450.0                            LAT/LON1/LON2/DLON/H
  285  280  279  268  263  258  254  248  246  243  243  237  236  229  228  220
  217  211  212  209  212  212  217  217  221  221  225  227  231  233  236  237
  239  237  235  230  229  225  224  220  220  216  211  205  198  190  182  174
  167  161  158  153  150  146  146  146  150  154  162  170  184  193  206  212
  224  227  238  237  247  256  272  281  285                                   
    55.0-180.0 180.0   5.0 450.0                            LAT/LON1/LON2/DLON/H
  294  290  292  285  278  274  268  261  256  252  247  244  238  236  230  227
  220  217  213  212  211  214  216  219  221  224  229  233  238  242  247  249
  251  248  247  241  239  234  232  228  226  221  217  209  202  192  183  174
  166  159  155  149  145  142  140  140  143  147  154  163  174  186  198  209
  218  228  235  242  247  261  278  285  294                                   
    52.5-180.0 180.0   5.0 450.0                            LAT/LON1/LON2/DLON/H
  297  299  305  295  292  287  284  273  268  258  253  245  241  235  233  227
  223  216  213  209  209  210  215  217  222  225  232  237  245  250  256  258
  260  257  256  249  247  240  238  231  229  223  217  210  201  192  182  173
  165  158  154  148  143  140  137  137  138  140  146  152  164  175  191  200
  215  221  234  235  247  257  273  283  297                                   
    50.0-180.0 180.0   5.0 450.0                            LAT/LON1/LON2/DLON/H
  303  306  315  312  308  309  304  296  286  275  264  256  247  243  238  234
  227  222  216  214  213  216  220  224  228  233  239  246  252  259  264  268
  271  270  269  263  260  254  249  243  238  231  225  216  207  196  187  176
  169  162  157  151  146  143  139  138  138  139  142  148  156  169  183  197
  209  221  231  239  246  259  275  285  303                                   
    47.5-180.0 180.0   5.0 450.0                            LAT/LON1/LON2/DLON/H
  306  314  324  321  324  324  324  314  307  292  281  267  259  251  247  240
  235  226  222  217  218  219  225  228  234  238  246  251  259  264  271  275
  279  279  279  274  271  264  259  251  244  236  228  219  208  199  189  182
  173  168  162  157  152  149  145  144  142  142  142  146  153  164  179  192
  209  219  233  237  249  257  271  282  306                                   
    45.0-180.0 180.0   5.0 450.0                            LAT/LON1/LON2/DLON/H
  314  321  335  338  343  350  353  347  338  324  309  293  281  272  266  256
  249  239  234  230  229  233  237  241  245  250  256  262  268  273  279  284
  289  292  292  290  286  281  275  266  257  246  237  226  215  206  197  190
  183  177  171  166  160  157  153  152  149  148  148  150  156  166  180  196
  213  227  241  250  259  267  281  292  314                                   
    42.5-180.0 180.0   5.0 450.0                            LAT/LON1/LON2/DLON/H
  316  329  339  347  358  368  378  376  373  357  343  325  313  301  295  282
  273  258  251  246  246  248  254  256  262  264  272  275  283  285  293  296
  304  307  310  308  305  299  292  281  270  259  246  236  224  217  207  203
  195  191  183  178  171  168  163  163  160  159  157  159  163  173  187  203
  223  237  254  260  274  278  290  301  316                                   
    40.0-180.0 180.0   5.0 450.0                            LAT/LON1/LON2/DLON/H
  326  332  347  359  370  386  398  405  405  399  385  373  357  347  334  320
  305  287  277  270  269  271  275  278  282  285  293  297  302  304  311  316
  325  330  334  334  332  325  316  302  289  274  262  250  240  231  222  216
  209  204  197  190  182  177  172  171  169  168  167  170  175  185  200  218
  238  253  269  278  289  294  304  313  326                                   
    37.5-180.0 180.0   5.0 450.0                            LAT/LON1/LON2/DLON/H
  326  339  351  363  378  391  412  423  434  432  427  415  404  390  378  360
  343  322  308  300  296  297  302  305  310  314  322  325  330  332  338  344
  353  358  362  362  359  351  339  324  308  293  280  270  258  251  239  235
  224  219  208  201  190  186  179  178  175  176  175  179  184  196  211  230
  251  267  285  293  307  311  319  323  326                                   
    35.0-180.0 180.0   5.0 450.0                            LAT/LON1/LON2/DLON/H
  336  344  358  371  383  403  423  439  455  462  462  458  449  438  425  407
  386  365  349  338  333  332  336  337  345  350  359  363  368  368  375  378
  386  387  390  386  383  371  360  344  329  312  299  288  276  268  256  249
  239  231  220  210  200  192  185  182  179  178  177  183  191  204  221  240
  261  276  292  302  313  319  326  332  336                                   
    32.5-180.0 180.0   5.0 450.0                            LAT/LON1/LON2/DLON/H
  335  349  362  373  389  403  428  445  467  480  488  491  487  480  468  450
  429  405  387  375  370  367  370  371  379  387  396  403  406  408  411  411
  413  409  408  401  396  382  371  354  340  327  316  304  293  281  269  259
  249  239  226  217  204  197  185  182  174  175  173  181  188  204  220  242
  261  279  295  306  317  326  334  338  335                                   
    30.0-180.0 180.0   5.0 450.0                            LAT/LON1/LON2/DLON/H
  340  351  364  377  388  408  429  450  471  492  506  515  517  514  506  488
  466  443  425  412  406  401  405  405  416  423  434  440  444  441  443  436
  434  424  418  406  397  381  369  353  342  329  319  310  298  287  272  261
  249  239  226  215  202  194  182  178  168  167  165  172  182  199  217  238
  258  274  291  300  311  319  331  342  340                                   
    27.5-180.0 180.0   5.0 450.0                            LAT/LON1/LON2/DLON/H
  338  354  366  376  392  405  431  449  476  500  520  534  540  541  534  521
  501  479  459  446  438  434  436  437  445  453  462  468  468  465  459  450
  442  428  417  397  385  366  355  339  331  321  314  306  297  283  269  256
  243  233  218  206  192  183  172  166  158  155  154  161  168  186  205  227
  246  264  280  293  304  318  330  340  338                                   
    25.0-180.0 180.0   5.0 450.0                            LAT/LON1/LON2/DLON/H
  341  358  372  384  395  414  435  457  482  508  530  551  560  566  563  555
  538  518  498  483  473  465  467  467  475  480  489  492  489  480  472  459
  446  427  408  382  363  341  328  315  308  301  297  291  284  269  256  241
  231  219  204  190  176  169  159  155  146  144  141  147  155  171  191  214
  235  254  272  285  298  309  326  341  341                                   
    22.5-180.0 180.0   5.0 450.0                            LAT/LON1/LON2/DLON/H
  340  364  377  388  404  421  444  463  489  519  545  569  582  590  592  583
  572  552  534  517  505  498  494  494  496  501  504  504  497  487  474  457
  439  413  389  358  334  309  296  284  281  279  277  272  266  252  239  227
  216  204  187  174  160  153  145  142  135  132  130  134  140  153  171  195
  217  240  259  275  290  307  323  338  340                                   
    20.0-180.0 180.0   5.0 450.0                            LAT/LON1/LON2/DLON/H
  345  367  383  395  411  428  451  471  497  525  554  582  599  612  619  617
  608  593  574  555  541  529  523  519  520  519  518  511  501  486  471  450
  429  398  369  334  304  278  263  255  254  254  254  251  246  232  222  207
  198  184  171  155  144  139  132  131  123  123  119  122  127  137  154  177
  202  227  251  270  287  301  321  338  345                                   
    17.5-180.0 180.0   5.0 450.0                            LAT/LON1/LON2/DLON/H
  346  373  386  399  415  433  455  474  499  530  560  591  612  629  642  645
  641  625  609  586  570  553  543  536  531  526  518  507  493  478  459  437
  411  379  345  309  277  253  239  234  233  234  235  234  228  219  207  194
  182  171  156  144  132  129  122  122  115  115  112  113  115  122  136  158
  181  211  237  261  281  300  318  334  346                                   
    15.0-180.0 180.0   5.0 450.0                            LAT/LON1/LON2/DLON/H
  349  372  387  400  414  432  454  472  495  525  555  590  612  637  655  668
  670  658  642  619  602  580  566  553  542  530  518  502  488  469  452  424
  399  365  333  296  268  243  234  226  227  226  229  224  221  208  200  182
  172  155  144  132  124  120  115  114  109  109  107  106  107  109  121  140
  166  197  230  258  280  296  317  330  349                                   
    12.5-180.0 180.0   5.0 450.0                            LAT/LON1/LON2/DLON/H
  344  368  382  394  410  426  447  464  485  512  544  577  605  632  656  676
  685  678  663  639  620  597  578  558  541  526  508  493  478  462  442  417
  388  358  325  295  268  250  239  233  229  228  225  223  216  208  195  179
  163  149  134  125  115  112  107  107  104  106  103  103   99  102  108  126
  147  179  213  245  271  292  312  324  344                                   
    10.0-180.0 180.0   5.0 450.0                            LAT/LON1/LON2/DLON/H
  343  362  379  393  404  423  438  457  473  496  521  554  584  614  640  664
  681  679  671  649  633  609  588  565  547  528  509  490  477  458  441  413
  387  357  332  305  287  270  262  252  248  239  236  227  223  208  197  175
  161  142  130  119  110  105  100  100   99  100  101   98   96   93   99  113
  134  164  202  237  266  285  306  320  343                                   
     7.5-180.0 180.0   5.0 450.0                            LAT/LON1/LON2/DLON/H
  337  360  380  390  406  419  435  446  462  476  496  524  552  582  610  637
  658  664  659  643  627  603  582  558  536  518  498  484  470  455  435  411
