data/unet/pred1880.15i
     1.0            IONOSPHERE MAPS     GNSS                IONEX VERSION / TYPE
pyspatialgeodesy        IME             05-JAN-18 20:20     PGM / RUN BY / DATE 
Map Name                                                    COMMENT             
Predicted global ionosphere maps (GIM).                     DESCRIPTION         
  2015     7     7     0     0     0                        EPOCH OF FIRST MAP  
  2015     7     8     0     0     0                        EPOCH OF LAST MAP   
  7200                                                      INTERVAL            
    13                                                      # OF MAPS IN FILE   
  NONE                                                      MAPPING FUNCTION    
10.0                                                        ELEVATION CUTOFF    
One-way carrier phase leveled to code                       OBSERVABLES USED    
  6371.0                                                    BASE RADIUS         
 2                                                          MAP DIMENSION       
   450.0 450.0   0.0                                        HGT1 / HGT2 / DHGT  
    87.5 -87.5  -2.5                                        LAT1 / LAT2 / DLAT  
  -180.0 180.0   5.0                                        LON1 / LON2 / DLON  
    -1                                                      EXPONENT            
                                                            END OF HEADER       
[from data line 3861]
    10                                                      START OF TEC MAP    
  2015     7     7    18     0     0                        EPOCH OF CURRENT MAP
    87.5-180.0 180.0   5.0 450.0                            LAT/LON1/LON2/DLON/H
  189  166  163  164  164  161  164  163  166  165  167  166  169  168  170  168
  171  169  170  168  170  167  168  166  168  165  166  163  166  163  165  162
  164  161  163  160  163  160  162  159  162  159  162  159  161  159  161  158
  161  158  160  158  160  158  159  157  159  157  159  157  159  157  158  156
  158  156  159  157  159  157  168  170  189                                   
    85.0-180.0 180.0   5.0 450.0                            LAT/LON1/LON2/DLON/H
  154  153  156  162  161  163  162  165  164  167  165  168  167  170  168  170
  168  171  168  170  168  170  167  169  166  167  164  166  163  164  161  163
  161  162  159  161  159  161  158  160  158  160  158  160  158  160  157  159
  157  159  155  158  155  157  153  156  153  156  153  155  152  154  151  153
  151  153  152  153  152  150  159  164  154                                   
    82.5-180.0 180.0   5.0 450.0                            LAT/LON1/LON2/DLON/H
  150  151  159  159  163  162  166  165  170  168  172  170  174  172  176  174
  178  175  178  176  179  176  178  175  176  173  173  169  171  167  168  164
  166  163  164  162  164  161  163  161  163  161  163  160  162  159  161  157
  160  156  158  154  157  152  155  150  153  149  152  147  150  146  149  145
  148  146  149  147  150  143  148  146  150                                   
    80.0-180.0 180.0   5.0 450.0                            LAT/LON1/LON2/DLON/H
  147  153  156  159  163  163  166  166  170  169  172  172  175  175  178  177
  180  180  182  181  182  182  181  179  177  176  172  170  167  166  163  163
  160  160  158  159  158  159  157  159  157  159  157  158  157  157  156  156
  155  155  154  153  153  152  151  149  149  147  147  145  145  143  144  142
  143  143  144  144  145  140  144  142  147                                   
    77.5-180.0 180.0   5.0 450.0                            LAT/LON1/LON2/DLON/H
  144  150  154  155  159  160  164  164  168  167  171  170  173  173  176  176
  180  180  183  183  185  183  185  182  181  176  175  170  169  164  163  159
  159  156  158  156  158  156  159  157  158  157  158  156  157  155  156  154
  154  152  153  151  151  149  149  146  146  143  144  141  142  139  141  138
  141  139  142  140  143  137  140  139  144                                   
    75.0-180.0 180.0   5.0 450.0                            LAT/LON1/LON2/DLON/H
  145  150  153  158  162  163  166  167  169  170  172  173  175  176  178  179
  182  183  187  188  190  191  190  190  186  183  178  175  170  167  163  161
  158  158  157  159  158  160  159  162  159  161  159  159  156  156  154  154
  152  153  152  150  150  148  147  145  144  142  142  140  140  139  139  139
  140  141  142  143  144  140  142  146  145                                   
    72.5-180.0 180.0   5.0 450.0                            LAT/LON1/LON2/DLON/H
  150  154  160  161  165  167  170  170  172  171  174  173  175  174  177  178
  181  183  188  190  194  194  196  193  193  187  184  178  175  168  166  161
  160  156  158  157  160  160  163  162  163  161  161  157  156  152  152  149
  151  148  150  148  149  145  146  142  142  139  140  138  139  138  141  140
  142  142  146  146  150  145  149  150  150                                   
    70.0-180.0 180.0   5.0 450.0                            LAT/LON1/LON2/DLON/H
  160  161  165  170  173  174  177  176  177  176  178  178  179  178  180  180
  183  185  190  192  196  197  198  198  195  191  186  181  175  170  166  162
  160  158  158  160  161  164  164  166  164  164  160  157  153  151  149  148
  148  148  148  148  147  145  144  142  140  139  138  139  140  141  143  145
  147  149  151  154  157  153  156  160  160                                   
    67.5-180.0 180.0   5.0 450.0                            LAT/LON1/LON2/DLON/H
  170  170  177  176  180  180  183  181  182  180  182  180  182  180  182  182
  185  186  191  193  198  199  201  199  198  192  189  182  178  170  168  163
  161  158  159  159  162  163  167  165  165  161  159  153  150  145  145  143
  145  144  148  146  147  143  143  138  138  135  138  137  140  141  146  147
  151  153  158  160  165  162  167  167  170                                   
    65.0-180.0 180.0   5.0 450.0                            LAT/LON1/LON2/DLON/H
  180  180  182  186  188  188  188  187  187  185  187  187  187  187  187  187
  188  189  192  194  198  198  201  199  198  193  189  183  179  173  170  166
  165  162  162  162  164  165  167  168  165  163  157  152  148  144  143  143
  145  146  147  147  146  143  141  138  136  135  136  138  141  144  148  152
  155  159  162  166  171  169  173  176  180                                   
    62.5-180.0 180.0   5.0 450.0                            LAT/LON1/LON2/DLON/H
  187  187  192  191  194  192  193  190  191  189  191  190  192  190  192  191
  192  191  193  194  196  198  199  198  196  191  188  183  180  176  174  171
  170  166  166  164  166  166  169  167  167  162  159  152  148  142  143  141
  145  146  148  146  146  141  139  134  133  131  134  136  141  144  149  152
  157  159  165  168  175  173  180  179  187                                   
    60.0-180.0 180.0   5.0 450.0                            LAT/LON1/LON2/DLON/H
  188  192  192  196  197  195  194  193  192  191  192  193  195  196  196  197
  195  194  193  194  195  195  197  195  194  189  188  184  182  180  180  178
  177  174  173  170  171  171  172  172  169  167  162  156  151  145  145  145
  147  149  149  149  145  141  136  132  130  130  131  136  140  144  149  152
  156  159  163  168  173  174  180  182  188                                   
    57.5-180.0 180.0   5.0 450.0                            LAT/LON1/LON2/DLON/H
  187  190  195  196  198  197  197  194  194  193  194  196  198  199  201  200
  199  196  195  194  194  194  194  194  192  190  188  186  186  186  188  187
  187  183  182  178  177  176  177  176  176  172  168  161  156  150  150  150
  152  152  153  150  146  139  135  129  128  126  130  133  138  141  146  148
  151  153  160  163  171  172  181  179  187                                   
    55.0-180.0 180.0   5.0 450.0                            LAT/LON1/LON2/DLON/H
  183  190  191  197  199  199  197  196  195  195  196  199  201  204  206  205
  203  199  197  195  193  193  193  192  192  190  191  189  192  193  196  196
  197  193  191  187  185  184  185  185  184  181  177  170  164  159  157  156
  157  158  156  152  147  140  134  129  126  126  129  133  137  139  143  144
  147  149  154  157  164  167  175  178  183                                   
    52.5-180.0 180.0   5.0 450.0                            LAT/LON1/LON2/DLON/H
  180  186  192  197  202  203  203  202  202  200  201  204  207  209  211  209
  208  203  201  198  196  195  195  196  196  196  196  196  198  201  205  206
  207  204  202  197  196  195  195  196  194  193  188  181  175  169  166  164
  164  163  160  156  149  141  135  129  128  127  130  133  137  139  141  141
  142  144  148  151  158  162  174  175  180                                   
    50.0-180.0 180.0   5.0 450.0                            LAT/LON1/LON2/DLON/H
  178  185  189  199  205  210  211  211  209  208  208  210  211  214  216  215
  213  209  205  202  200  201  201  202  203  203  203  203  205  207  212  212
  215  211  211  208  209  208  211  210  210  207  203  196  189  183  178  175
  172  171  167  162  154  145  139  134  133  133  137  138  142  141  143  142
  142  143  145  149  154  157  167  174  178                                   
    47.5-180.0 180.0   5.0 450.0                            LAT/LON1/LON2/DLON/H
  179  182  193  202  212  218  223  224  223  220  219  219  219  220  222  219
  218  212  210  206  206  206  209  211  212  212  212  210  211  213  217  218
  220  220  220  221  222  225  226  227  224  222  216  210  202  196  190  186
  183  180  175  169  162  153  147  143  142  142  145  147  148  148  147  145
  143  144  146  147  152  156  167  174  179                                   
    45.0-180.0 180.0   5.0 450.0                            LAT/LON1/LON2/DLON/H
  180  184  193  207  219  229  236  238  238  236  233  232  230  230  229  227
  225  220  216  214  213  215  218  221  222  223  221  219  218  218  221  222
  226  226  231  233  239  241  245  243  242  237  232  224  218  210  205  199
  196  191  187  179  174  165  161  156  157  156  159  158  160  157  156  153
  151  150  150  151  153  157  165  175  180                                   
    42.5-180.0 180.0   5.0 450.0                            LAT/LON1/LON2/DLON/H
  182  183  199  213  228  239  249  252  254  252  249  246  243  241  239  235
  232  225  223  219  221  222  228  230  233  234  233  229  228  225  227  228
  233  237  244  249  256  259  263  262  259  255  248  241  234  226  220  213
  209  203  199  193  188  182  178  174  174  173  173  172  172  170  167  165
  161  160  158  156  158  158  170  179  182                                   
    40.0-180.0 180.0   5.0 450.0                            LAT/LON1/LON2/DLON/H
  184  188  202  219  233  246  255  262  265  267  264  262  257  254  249  245
  241  236  232  231  230  234  237  243  244  249  247  244  240  236  239  240
  249  252  262  266  276  279  282  281  277  272  266  260  252  244  236  228
  223  217  213  207  204  198  196  193  193  191  190  187  186  183  181  177
  174  172  169  167  165  166  172  185  184                                   
    37.5-180.0 180.0   5.0 450.0                            LAT/LON1/LON2/DLON/H
  187  190  209  221  237  247  260  266  273  275  276  274  271  265  260  253
  250  244  242  239  241  243  249  253  260  262  265  261  260  256  258  262
  270  275  282  288  296  300  302  299  296  288  283  276  269  260  252  243
  236  231  226  222  219  216  213  211  210  208  205  202  198  195  192  189
  185  181  178  172  170  165  179  190  187                                   
    35.0-180.0 180.0   5.0 450.0                            LAT/LON1/LON2/DLON/H
  192  198  213  225  238  249  259  267  276  282  286  287  287  281  275  267
  262  258  256  256  256  259  261  269  274  282  288  289  289  289  292  298
  306  310  316  318  324  323  325  320  316  308  302  293  286  276  266  255
  249  241  238  232  232  228  229  225  225  220  217  211  208  205  202  198
  194  190  187  183  180  177  183  200  192                                   
    32.5-180.0 180.0   5.0 450.0                            LAT/LON1/LON2/DLON/H
  199  205  221  229  240  248  258  266  276  282  290  294  299  296  290  282
  275  271  270  270  272  274  279  284  294  304  315  320  322  325  331  338
  346  347  350  346  348  344  341  335  329  320  313  303  295  283  273  262
  255  249  244  242  240  239  238  237  235  230  224  218  214  211  207  203
  198  195  191  187  184  179  189  207  199                                   
    30.0-180.0 180.0   5.0 450.0                            LAT/LON1/LON2/DLON/H
  207  217  227  235  242  248  256  262  272  278  288  297  307  308  306  298
  293  288  287  287  291  293  297  304  315  329  342  352  360  367  376  384
  390  389  385  379  374  368  360  349  341  329  321  310  301  288  277  266
  257  250  246  242  245  243  249  244  246  235  230  219  217  212  211  205
  202  197  195  191  189  186  194  216  207                                   
    27.5-180.0 180.0   5.0 450.0                            LAT/LON1/LON2/DLON/H
  215  224  235  240  244  247  253  257  266  274  286  298  314  318  321  315
  314  309  308  307  310  311  316  323  336  352  369  385  396  405  415  422
  428  423  416  401  392  378  369  355  344  330  318  306  295  281  271  258
  249  241  237  235  238  242  246  246  245  238  229  220  214  209  206  202
  198  194  191  189  189  187  198  219  215                                   
    25.0-180.0 180.0   5.0 450.0                            LAT/LON1/LON2/DLON/H
  221  230  237  244  248  252  255  259  266  275  288  302  323  331  339  336
  337  332  333  331  334  333  339  345  361  378  402  417  435  444  456  464
  467  458  444  424  406  389  375  359  343  326  314  298  287  273  262  248
  238  229  225  224  230  233  244  241  247  234  227  213  208  202  200  197
  194  191  189  187  188  187  197  220  221                                   
    22.5-180.0 180.0   5.0 450.0                            LAT/LON1/LON2/DLON/H
  223  229  239  246  253  258  258  262  267  276  290  311  334  348  359  361
  364  361  362  360  360  360  361  369  383  404  424  442  457  467  477  484
  484  472  452  428  405  385  369  351  334  316  300  285  272  258  247  233
  223  214  209  210  215  218  224  227  226  221  210  202  194  190  187  185
  181  181  179  178  181  182  197  216  223                                   
    20.0-180.0 180.0   5.0 450.0                            LAT/LON1/LON2/DLON/H
  220  226  237  247  258  262  266  268  275  282  297  317  345  362  378  384
  389  387  389  386  385  382  383  389  406  419  445  461  478  489  495  503
  497  482  456  428  403  381  364  343  324  305  290  272  260  246  234  222
  211  204  199  202  203  206  213  215  217  206  196  183  175  172  173  171
  171  170  171  172  174  176  187  205  220                                   
    17.5-180.0 180.0   5.0 450.0                            LAT/LON1/LON2/DLON/H
  212  218  231  246  257  268  271  276  281  291  306  329  358  379  400  408
  418  416  419  415  413  408  407  411  420  436  454  470  481  489  495  495
  487  468  441  414  386  370  350  334  311  296  275  262  247  237  225  216
  205  198  192  191  190  194  197  201  197  194  181  170  160  154  153  155
  155  155  156  158  161  164  180  191  212                                   
    15.0-180.0 180.0   5.0 450.0                            LAT/LON1/LON2/DLON/H
  195  208  223  239  256  264  276  281  291  301  316  339  367  393  415  429
  443  445  446  442  436  432  428  431  440  451  470  482  492  497  498  494
  481  462  437  408  383  365  350  332  313  293  276  259  248  237  228  218
  207  199  191  188  186  190  191  194  190  183  170  159  144  140  140  141
  143  144  146  150  150  153  164  172  195                                   
    12.5-180.0 180.0   5.0 450.0                            LAT/LON1/LON2/DLON/H
  174  193  209  233  251  266  277  289  298  312  326  350  378  404  429  445
  464  470  474  467  461  451  447  448  452  466  473  485  492  494  490  480
  464  449  424  403  378  366  349  336  314  299  279  267  251  245  233  226
  215  205  194  188  183  186  186  189  182  178  162  152  137  133  129  127
  129  129  132  135  133  136  144  152  174                                   
    10.0-180.0 180.0   5.0 450.0                            LAT/LON1/LON2/DLON/H
  153  172  196  221  242  257  272  283  298  313  327  352  378  406  430  451
  472  481  485  481  472  465  459  464  470  478  487  498  504  499  494  478
  465  448  430  411  392  379  365  349  332  314  300  284  273  262  252  242
  229  217  204  193  188  188  186  188  180  175  160  148  132  125  121  117
  118  118  121  126  123  125  124  130  153                                   
     7.5-180.0 180.0   5.0 450.0                            LAT/LON1/LON2/DLON/H
  131  151  179  207  232  253  271  285  300  315  332  355  379  404  428  450
  472  484  490  485  479  469  467  471  473  483  490  502  506  501  492  476
