data/unet/pred1750.15i
     1.0            IONOSPHERE MAPS     GNSS                IONEX VERSION / TYPE
pyspatialgeodesy        IME             05-JAN-18 20:20     PGM / RUN BY / DATE 
Map Name                                                    COMMENT             
Predicted global ionosphere maps (GIM).                     DESCRIPTION         
  2015     6    24     0     0     0                        EPOCH OF FIRST MAP  
  2015     6    25     0     0     0                        EPOCH OF LAST MAP   
  7200                                                      INTERVAL            
    13                                                      # OF MAPS IN FILE   
  NONE                                                      MAPPING FUNCTION    
10.0                                                        ELEVATION CUTOFF    
One-way carrier phase leveled to code                       OBSERVABLES USED    
  6371.0                                                    BASE RADIUS         
 2                                                          MAP DIMENSION       
   450.0 450.0   0.0                                        HGT1 / HGT2 / DHGT  
    87.5 -87.5  -2.5                                        LAT1 / LAT2 / DLAT  
  -180.0 180.0   5.0                                        LON1 / LON2 / DLON  
    -1                                                      EXPONENT            
                                                            END OF HEADER       
[from data line 429]
     2                                                      START OF TEC MAP    
  2015     6    24     2     0     0                        EPOCH OF CURRENT MAP
    87.5-180.0 180.0   5.0 450.0                            LAT/LON1/LON2/DLON/H
  137  136  130  124  126  123  127  126  130  128  131  128  132  130  132  129
  133  130  131  128  131  127  128  125  127  124  125  121  123  119  120  115
  117  112  114  109  112  108  111  106  110  106  109  105  109  105  109  105
  108  104  108  104  107  104  107  104  107  104  108  104  108  106  111  108
  112  112  119  119  129  125  124  138  137                                   
    85.0-180.0 180.0   5.0 450.0                            LAT/LON1/LON2/DLON/H
  135  144  130  130  130  128  132  132  135  134  136  136  138  137  138  137
  139  137  137  135  135  133  132  130  130  128  126  125  124  122  120  119
  116  115  114  113  112  111  111  110  110  108  110  108  108  106  107  105
  106  104  105  103  105  103  105  103  105  103  107  105  108  106  111  109
  113  112  121  120  129  124  123  132  135                                   
    82.5-180.0 180.0   5.0 450.0                            LAT/LON1/LON2/DLON/H
  134  137  132  136  132  136  135  142  140  143  140  144  141  142  139  141
  139  139  135  135  133  132  127  127  124  124  119  121  117  118  112  115
  110  112  107  110  106  109  104  109  104  107  103  108  103  107  102  106
  100  104   99  104  100  104  100  105  101  105  103  109  106  112  111  117
  115  122  123  131  132  130  130  127  134                                   
    80.0-180.0 180.0   5.0 450.0                            LAT/LON1/LON2/DLON/H
  134  135  134  135  139  138  142  143  145  143  145  144  146  142  143  141
  143  137  138  134  135  127  129  122  125  117  120  115  117  112  113  111
  112  109  111  111  113  111  113  113  114  113  114  114  115  113  113  111
  112  108  110  108  110  106  109  106  109  106  111  109  114  112  118  117
  121  121  128  128  133  126  130  123  134                                   
    77.5-180.0 180.0   5.0 450.0                            LAT/LON1/LON2/DLON/H
  135  139  134  141  137  143  143  147  145  147  145  147  143  144  140  143
  138  138  133  135  128  128  121  122  116  115  110  111  106  108  104  107
  104  107  106  111  111  114  114  118  116  119  117  121  118  120  117  119
  115  116  114  116  113  114  111  113  110  112  112  115  114  119  120  125
  123  129  130  136  133  134  131  126  135                                   
    75.0-180.0 180.0   5.0 450.0                            LAT/LON1/LON2/DLON/H
  131  137  133  135  136  137  140  141  141  139  141  139  138  135  135  133
  131  130  127  126  123  120  117  114  110  106  103  100   98   97   97   97
   97   99  102  105  107  110  113  114  115  116  118  118  117  117  116  115
  114  114  114  113  112  111  111  108  108  106  110  109  112  113  120  121
  123  126  132  135  136  134  139  126  131                                   
    72.5-180.0 180.0   5.0 450.0                            LAT/LON1/LON2/DLON/H
  135  137  133  137  137  140  142  144  144  142  143  140  137  134  132  130
  128  126  125  124  121  118  114  110  106  100   97   94   92   91   92   94
   96   99  103  107  111  114  118  119  122  122  125  124  125  124  125  123
  124  122  123  122  122  120  120  117  117  115  117  117  119  121  125  128
  128  132  137  141  140  141  139  128  135                                   
    70.0-180.0 180.0   5.0 450.0                            LAT/LON1/LON2/DLON/H
  131  135  131  132  136  136  137  139  139  137  136  133  129  124  120  119
  115  115  112  113  109  107  102  100   94   91   87   87   84   85   85   89
   90   94   99  104  107  111  114  116  118  119  121  122  122  123  123  123
  124  124  124  124  124  123  122  120  119  116  117  115  117  116  121  121
  124  126  132  136  140  138  143  127  131                                   
    67.5-180.0 180.0   5.0 450.0                            LAT/LON1/LON2/DLON/H
  135  137  133  136  136  140  141  144  144  143  141  137  132  126  122  118
  115  113  113  111  110  107  104   99   95   91   88   87   85   86   87   91
   93   97  102  106  109  112  115  117  118  119  122  122  125  125  128  128
  130  129  131  131  131  129  129  126  125  121  122  120  120  120  122  123
  123  126  132  137  139  142  139  127  135                                   
    65.0-180.0 180.0   5.0 450.0                            LAT/LON1/LON2/DLON/H
  134  137  134  133  137  136  139  141  142  141  140  135  130  123  119  115
  112  111  111  111  109  107  104  101   96   94   92   91   89   91   91   93
   94   96   99  102  104  107  107  109  109  111  112  115  117  120  123  124
  127  127  130  130  130  129  128  125  124  120  121  116  117  114  117  115
  117  118  126  132  139  140  144  131  134                                   
    62.5-180.0 180.0   5.0 450.0                            LAT/LON1/LON2/DLON/H
  140  142  138  140  139  141  141  145  144  145  143  139  133  127  122  118
  115  114  115  116  116  115  112  109  104  102  101  100   98   99   97   98
   96   97   98  100  100  102  102  103  103  106  108  111  116  119  123  126
  129  130  133  133  134  131  131  127  126  123  122  119  118  116  115  115
  115  118  126  132  139  144  143  136  140                                   
    60.0-180.0 180.0   5.0 450.0                            LAT/LON1/LON2/DLON/H
  142  145  141  139  142  139  140  141  143  141  141  137  133  127  122  118
  116  116  118  119  119  118  115  112  107  107  105  106  104  103  100   98
   93   91   89   90   88   90   89   91   91   95   98  104  109  114  119  122
  126  127  130  129  131  128  129  125  126  122  122  118  119  113  114  109
  112  111  121  128  137  142  146  139  142                                   
    57.5-180.0 180.0   5.0 450.0                            LAT/LON1/LON2/DLON/H
  149  152  149  148  145  145  143  144  143  142  142  139  135  131  126  122
  120  120  122  124  123  122  118  115  110  109  109  110  107  106  100   96
   88   84   80   80   78   80   80   82   84   89   95  101  109  115  122  125
  130  130  134  133  134  131  131  128  128  125  125  122  121  118  117  114
  112  115  122  130  139  148  149  147  149                                   
    55.0-180.0 180.0   5.0 450.0                            LAT/LON1/LON2/DLON/H
  156  160  156  153  151  146  145  143  141  139  139  137  134  130  126  123
  121  122  124  126  126  123  119  114  110  109  109  111  108  105   98   91
   82   76   71   69   67   69   68   72   73   82   87   97  105  113  120  124
  128  129  132  131  133  130  132  129  130  127  129  125  126  120  120  113
  114  112  123  130  141  152  156  155  156                                   
    52.5-180.0 180.0   5.0 450.0                            LAT/LON1/LON2/DLON/H
  164  171  169  167  163  159  155  151  147  143  142  140  138  136  132  130
  127  127  128  129  128  124  118  112  107  107  108  109  108  104   96   87
   77   70   64   63   60   62   62   67   70   78   86   95  104  112  120  124
  130  131  134  133  136  134  136  133  135  133  135  133  132  129  127  123
  121  123  130  138  149  161  164  168  164                                   
    50.0-180.0 180.0   5.0 450.0                            LAT/LON1/LON2/DLON/H
  174  181  178  175  172  165  161  154  149  142  141  138  138  136  134  129
  129  126  128  126  125  119  113  107  102  101  103  105  102   97   87   77
   67   60   56   55   55   55   57   61   65   74   82   92  102  112  120  128
  133  137  140  140  142  139  141  137  140  137  140  137  138  133  133  126
  128  125  137  145  158  169  173  175  174                                   
    47.5-180.0 180.0   5.0 450.0                            LAT/LON1/LON2/DLON/H
  180  189  189  189  183  179  174  168  160  154  150  148  146  145  141  139
  135  133  132  130  126  119  112  105  101   99  103  103  101   95   85   76
   67   62   59   59   58   60   60   63   67   75   82   92  101  111  120  128
  137  140  146  146  151  149  151  148  149  146  148  146  146  142  142  137
  137  139  150  157  170  182  184  189  180                                   
    45.0-180.0 180.0   5.0 450.0                            LAT/LON1/LON2/DLON/H
  190  196  193  191  189  183  181  173  166  157  154  149  150  145  144  138
  135  129  129  123  120  111  105   97   93   94   96   97   94   87   78   68
   62   57   59   58   60   59   61   63   67   73   81   90   99  111  120  132
  141  149  153  155  159  157  163  157  159  154  157  152  152  147  147  141
  144  144  158  165  179  190  194  199  190                                   
    42.5-180.0 180.0   5.0 450.0                            LAT/LON1/LON2/DLON/H
  196  202  200  202  197  195  191  189  180  175  168  167  163  161  156  151
  145  139  135  128  122  112  105   97   95   96  100  101   99   92   84   77
   71   71   72   74   72   73   70   72   72   78   82   90   97  109  120  133
  145  153  159  162  168  171  175  173  172  169  168  164  161  158  156  154
  154  160  171  180  192  203  205  216  196                                   
    40.0-180.0 180.0   5.0 450.0                            LAT/LON1/LON2/DLON/H
  212  211  206  203  203  197  196  190  187  177  173  167  168  162  159  151
  146  137  132  122  116  105   99   93   92   94   98   98   98   90   87   77
   78   74   81   79   81   77   76   74   76   79   83   89   96  109  121  137
  149  159  164  170  175  180  186  184  186  182  181  175  171  164  164  158
  163  167  183  195  208  218  217  230  212                                   
    37.5-180.0 180.0   5.0 450.0                            LAT/LON1/LON2/DLON/H
  223  223  219  220  213  212  207  208  200  198  189  188  183  181  174  169
  159  150  142  133  123  114  107  105  104  110  112  114  111  107  101   97
   94   95   96   98   95   93   86   86   84   88   89   94   98  111  123  138
  151  159  165  170  178  187  195  199  201  200  199  192  187  180  176  172
  173  183  197  210  224  234  235  247  223                                   
    35.0-180.0 180.0   5.0 450.0                            LAT/LON1/LON2/DLON/H
  247  242  236  230  226  219  217  212  211  203  201  193  192  183  178  169
  160  148  140  128  120  110  107  107  110  114  119  119  119  111  110  101
  105   98  104  100  103   97   96   92   93   93   97   98  102  114  125  141
  150  161  163  174  179  194  203  212  213  218  214  210  202  195  189  183
  186  196  211  227  240  253  252  268  247                                   
    32.5-180.0 180.0   5.0 450.0                            LAT/LON1/LON2/DLON/H
  267  265  261  258  247  240  232  231  227  225  217  213  207  200  190  184
  172  162  148  139  128  124  117  126  124  135  133  140  134  131  123  118
  113  112  109  109  107  106  101  102   99  104  103  107  108  117  127  137
  147  154  160  167  180  194  210  219  228  230  233  226  222  213  207  200
  203  211  226  238  253  266  270  286  267                                   
    30.0-180.0 180.0   5.0 450.0                            LAT/LON1/LON2/DLON/H
  297  296  297  286  280  262  258  248  247  237  232  222  219  205  197  185
  176  161  149  135  127  119  120  123  131  135  142  141  143  134  131  117
  116  106  108  103  107  104  107  105  109  110  112  112  112  119  127  136
  142  152  155  170  180  202  218  234  242  250  250  248  242  235  226  220
  219  228  240  255  266  284  286  303  297                                   
    27.5-180.0 180.0   5.0 450.0                            LAT/LON1/LON2/DLON/H
  321  326  333  328  320  302  291  280  273  264  252  243  234  222  207  199
  184  176  158  151  135  138  130  146  144  158  154  161  152  149  136  127
  114  109  101  104  102  107  105  111  111  117  117  118  116  119  124  129
  135  141  150  163  181  202  224  239  253  260  267  263  262  252  248  238
  241  243  256  264  279  292  302  317  321                                   
    25.0-180.0 180.0   5.0 450.0                            LAT/LON1/LON2/DLON/H
  349  354  372  362  363  337  326  309  303  288  277  258  249  229  217  201
  188  176  162  151  141  133  137  140  148  150  155  151  153  139  134  112
  104   87   86   82   91   95  102  106  110  116  117  116  113  115  119  125
  130  140  147  170  186  215  233  254  265  281  284  285  281  273  266  258
  258  261  269  281  290  308  312  331  349                                   
    22.5-180.0 180.0   5.0 450.0                            LAT/LON1/LON2/DLON/H
  365  373  393  395  396  376  359  347  335  321  301  284  266  247  226  213
  193  188  165  165  145  151  141  156  151  161  153  156  145  140  121  109
   87   78   66   76   79   91   95  104  107  111  114  111  109  107  112  115
  123  132  147  167  192  217  237  256  273  286  294  295  293  288  282  276
  278  276  285  291  304  315  324  342  365                                   
    20.0-180.0 180.0   5.0 450.0                            LAT/LON1/LON2/DLON/H
  378  384  412  412  423  403  390  375  368  351  331  308  290  261  239  218
  199  188  171  163  153  146  147  144  150  141  146  134  136  118  110   85
   68   48   46   51   63   76   83   92   94  100  101  101   97   97  101  108
  117  133  148  179  202  231  245  268  280  300  307  315  312  309  305  299
  300  298  302  310  314  327  332  353  378                                   
    17.5-180.0 180.0   5.0 450.0                            LAT/LON1/LON2/DLON/H
  376  388  412  423  431  420  409  400  389  377  355  337  308  283  251  233
  206  200  175  178  155  162  147  156  141  142  130  129  116  111   91   74
   48   37   33   46   56   70   79   83   88   90   93   90   89   86   94   98
  112  128  152  180  209  230  246  265  281  301  314  323  324  327  323  323
  322  318  322  324  330  336  344  363  376                                   
    15.0-180.0 180.0   5.0 450.0                            LAT/LON1/LON2/DLON/H
  376  382  410  416  433  420  416  406  401  389  373  349  322  294  264  235
  211  199  180  173  160  153  149  137  136  117  118  101  101   85   75   49
   31   18   20   32   43   59   65   71   74   78   81   80   80   79   86   94
  110  132  157  192  219  242  254  273  288  312  325  339  342  348  348  348
  348  346  344  347  345  355  358  378  376                                   
    12.5-180.0 180.0   5.0 450.0                            LAT/LON1/LON2/DLON/H
  370  380  400  411  421  413  407  403  397  391  374  357  327  304  266  242
  212  206  181  182  159  162  143  141  123  114   97   92   80   75   59   45
   28   22   24   34   42   52   57   59   63   67   71   71   71   71   78   85
  104  129  160  191  223  243  257  273  293  318  333  350  357  367  366  372
  371  372  369  367  368  374  379  396  370                                   
    10.0-180.0 180.0   5.0 450.0                            LAT/LON1/LON2/DLON/H
  371  374  391  394  407  395  394  386  385  377  367  348  325  299  269  235
  213  196  179  169  157  145  139  120  115   88   85   66   67   54   49   35
   25   22   20   32   36   44   45   49   55   62   67   68   69   69   78   88
  106  132  164  200  232  254  270  287  310  335  354  369  377  384  387  391
  394  394  392  392  388  397  403  413  371                                   
     7.5-180.0 180.0   5.0 450.0                            LAT/LON1/LON2/DLON/H
  371  376  385  387  390  382  377  374  368  365  352  340  314  293  259  236
  208  200  176  175  154  150  132  124  102   87   70   65   58   55   50   43
