data/unet/pred3560.15i
     1.0            IONOSPHERE MAPS     GNSS                IONEX VERSION / TYPE
pyspatialgeodesy        IME             05-JAN-18 20:20     PGM / RUN BY / DATE 
Map Name                                                    COMMENT             
Predicted global ionosphere maps (GIM).                     DESCRIPTION         
  2015    12    22     0     0     0                        EPOCH OF FIRST MAP  
  2015    12    23     0     0     0                        EPOCH OF LAST MAP   
  7200                                                      INTERVAL            
    13                                                      # OF MAPS IN FILE   
  NONE                                                      MAPPING FUNCTION    
10.0                                                        ELEVATION CUTOFF    
One-way carrier phase leveled to code                       OBSERVABLES USED    
  6371.0                                                    BASE RADIUS         
 2                                                          MAP DIMENSION       
   450.0 450.0   0.0                                        HGT1 / HGT2 / DHGT  
    87.5 -87.5  -2.5                                        LAT1 / LAT2 / DLAT  
  -180.0 180.0   5.0                                        LON1 / LON2 / DLON  
    -1                                                      EXPONENT            
                                                            END OF HEADER       
[from data line 3003]
     8                                                      START OF TEC MAP    
  2015    12    22    14     0     0                        EPOCH OF CURRENT MAP
    87.5-180.0 180.0   5.0 450.0                            LAT/LON1/LON2/DLON/H
   27   43   49   50   48   49   47   48   46   46   43   42   40   39   38   36
   36   35   35   33   34   34   34   33   34   33   34   33   34   34   34   34
   34   35   34   35   35   36   35   36   36   37   36   37   36   36   35   36
   35   36   34   36   35   37   36   38   38   39   38   40   40   41   41   42
   42   44   42   45   44   48   56   49   27                                   
    85.0-180.0 180.0   5.0 450.0                            LAT/LON1/LON2/DLON/H
   39   52   39   35   38   36   38   36   38   36   39   35   39   35   39   35
   38   35   38   35   38   36   39   36   39   37   40   38   41   38   41   38
   40   37   39   36   39   35   38   34   37   34   37   34   38   34   38   34
   39   35   40   35   41   37   42   37   43   39   44   39   44   40   44   40
   44   40   44   39   45   43   50   32   39                                   
    82.5-180.0 180.0   5.0 450.0                            LAT/LON1/LON2/DLON/H
   36   37   31   32   30   29   28   27   27   24   26   23   25   22   25   21
   23   19   23   20   23   21   25   24   26   25   28   27   29   28   29   28
   29   27   27   25   25   24   24   22   23   22   23   22   24   24   24   24
   26   26   27   28   30   30   31   32   34   34   34   35   36   36   35   35
   35   35   34   33   32   32   34   19   36                                   
    80.0-180.0 180.0   5.0 450.0                            LAT/LON1/LON2/DLON/H
   34   33   25   28   25   27   25   25   24   24   23   23   23   22   22   22
   21   21   21   22   23   22   24   25   27   27   28   30   30   31   29   30
   28   28   25   26   22   23   19   21   18   21   18   21   20   23   22   25
   25   27   28   30   31   33   33   35   35   37   35   38   35   38   34   37
   33   36   31   34   29   29   32   16   34                                   
    77.5-180.0 180.0   5.0 450.0                            LAT/LON1/LON2/DLON/H
   31   29   27   26   26   25   27   25   25   24   24   23   24   20   23   19
   23   17   23   19   25   20   27   24   30   27   32   30   34   32   34   33
   33   30   30   27   26   21   22   18   19   17   18   18   19   20   21   23
   25   26   28   29   31   32   33   34   35   36   36   36   36   36   35   34
   33   33   32   31   28   25   27   13   31                                   
    75.0-180.0 180.0   5.0 450.0                            LAT/LON1/LON2/DLON/H
   34   24   24   23   26   25   28   26   27   25   26   24   25   22   24   21
   24   19   24   21   28   23   31   28   34   31   37   35   39   38   40   38
   38   35   34   29   28   23   22   19   19   17   19   17   20   20   24   24
   28   28   32   31   34   34   36   36   37   36   38   36   37   36   37   34
   34   32   32   30   29   26   29   16   34                                   
    72.5-180.0 180.0   5.0 450.0                            LAT/LON1/LON2/DLON/H
   34   27   25   26   27   27   29   30   30   29   29   29   29   27   28   26
   28   24   28   27   32   30   36   35   39   38   41   42   44   44   46   45
   44   41   40   36   34   28   27   23   22   19   20   19   21   22   25   26
   29   29   32   32   34   34   35   35   36   37   38   38   38   38   38   37
   36   35   35   34   31   28   30   19   34                                   
    70.0-180.0 180.0   5.0 450.0                            LAT/LON1/LON2/DLON/H
   37   27   26   25   29   29   32   32   33   33   34   33   33   30   31   29
   31   29   33   33   37   36   42   43   47   46   49   50   52   51   53   52
   51   47   46   41   38   32   30   26   24   21   22   21   24   23   27   27
   31   29   32   30   33   31   34   33   36   36   39   38   40   38   41   38
   40   37   39   36   35   30   36   25   37                                   
    67.5-180.0 180.0   5.0 450.0                            LAT/LON1/LON2/DLON/H
   39   30   27   28   29   31   33   35   36   36   37   38   36   35   34   34
   34   34   37   38   42   43   49   53   55   58   58   61   59   61   61   62
   60   58   56   52   48   41   38   33   31   28   28   27   28   28   30   31
   32   31   31   30   31   29   31   31   33   33   36   37   39   39   41   40
   41   41   41   40   39   34   39   28   39                                   
    65.0-180.0 180.0   5.0 450.0                            LAT/LON1/LON2/DLON/H
   40   30   29   27   32   31   35   35   38   38   40   39   39   37   36   34
   35   36   39   41   46   49   55   60   64   67   68   68   69   68   69   69
   69   68   65   61   56   50   44   39   35   33   33   30   33   30   33   30
   33   29   31   27   29   26   28   27   31   31   34   34   38   37   40   39
   42   41   43   42   42   37   43   33   40                                   
    62.5-180.0 180.0   5.0 450.0                            LAT/LON1/LON2/DLON/H
   39   35   30   31   32   32   35   35   38   38   40   41   39   38   35   36
   35   37   40   45   50   57   64   71   75   78   79   79   77   77   78   79
   81   79   77   73   69   62   57   51   46   43   42   39   38   36   36   33
   33   29   29   26   25   23   24   24   27   28   31   33   35   36   37   37
   39   40   42   43   43   40   44   33   39                                   
    60.0-180.0 180.0   5.0 450.0                            LAT/LON1/LON2/DLON/H
   41   34   34   32   34   32   34   32   34   34   37   36   37   35   34   33
   33   36   41   47   55   64   73   81   87   89   90   89   88   87   88   90
   92   91   88   84   79   72   66   60   56   51   50   44   42   36   36   29
   31   25   27   21   24   18   21   19   24   24   29   30   33   32   34   33
   36   36   40   42   44   41   46   34   41                                   
    57.5-180.0 180.0   5.0 450.0                            LAT/LON1/LON2/DLON/H
   42   42   38   38   37   33   34   30   31   29   32   33   33   31   30   31
   31   34   41   50   59   70   80   91   97  102  102  103  102  101  102  105
  106  105  102   98   91   85   79   75   69   66   61   56   49   43   39   35
   33   29   27   24   22   20   19   19   21   23   28   30   33   32   32   32
   32   36   38   43   45   44   46   33   42                                   
    55.0-180.0 180.0   5.0 450.0                            LAT/LON1/LON2/DLON/H
   48   42   44   42   42   36   35   28   27   23   26   26   28   27   28   27
   29   33   42   52   64   77   90   99  108  112  116  115  116  116  118  120
  121  120  116  111  105   98   91   86   83   76   72   63   56   46   40   32
   34   28   30   23   24   19   21   19   24   25   30   31   33   32   32   30
   31   33   38   41   47   47   50   38   48                                   
    52.5-180.0 180.0   5.0 450.0                            LAT/LON1/LON2/DLON/H
   50   53   52   53   49   43   41   32   28   23   24   25   26   25   26   27
   29   35   46   58   70   84   98  109  117  123  126  129  128  129  130  133
  133  134  128  125  116  111  104  102   95   90   83   75   64   53   46   40
   37   35   34   32   30   28   26   27   28   30   34   35   37   35   35   33
   34   36   40   46   50   51   52   42   50                                   
    50.0-180.0 180.0   5.0 450.0                            LAT/LON1/LON2/DLON/H
   59   58   61   60   59   52   47   35   29   22   24   23   25   23   25   25
   29   36   49   62   77   90  106  116  126  131  136  137  140  139  142  142
  145  144  139  136  130  126  119  117  112  106   97   86   75   63   54   46
   46   40   43   39   41   37   38   36   38   38   42   42   43   42   41   40
   42   42   48   50   56   57   62   51   59                                   
    47.5-180.0 180.0   5.0 450.0                            LAT/LON1/LON2/DLON/H
   61   67   67   70   67   60   55   43   37   30   29   30   29   27   28   30
   37   44   58   75   87   99  111  123  131  139  142  146  146  146  146  150
  149  150  145  146  140  139  134  134  128  122  111  100   86   74   64   56
   52   51   51   52   51   50   48   48   48   48   49   50   51   50   49   49
   49   51   54   59   62   63   65   61   61                                   
    45.0-180.0 180.0   5.0 450.0                            LAT/LON1/LON2/DLON/H
   70   70   73   74   74   68   62   50   45   37   37   35   35   32   33   35
   43   52   68   83   97  105  117  127  137  144  149  149  150  147  148  148
  150  151  150  152  151  151  148  148  143  137  125  114   99   88   76   68
   62   59   60   59   59   57   54   55   54   56   56   57   58   59   59   58
   60   61   65   65   71   69   74   72   70                                   
    42.5-180.0 180.0   5.0 450.0                            LAT/LON1/LON2/DLON/H
   67   74   73   78   76   71   67   59   54   49   49   47   45   42   41   45
   55   67   84  100  109  118  125  136  142  150  150  153  150  147  145  148
  148  151  150  156  158  160  160  161  156  150  138  126  113  100   88   79
   70   68   66   65   61   59   56   55   56   56   58   59   62   63   64   65
   66   67   69   72   73   72   77   77   67                                   
    40.0-180.0 180.0   5.0 450.0                            LAT/LON1/LON2/DLON/H
   71   70   72   74   76   73   70   62   62   57   59   56   54   50   52   53
   68   78   97  109  120  127  136  143  150  154  155  154  151  146  144  143
  147  151  155  162  168  172  174  173  169  162  150  139  127  115  101   91
   81   76   71   66   63   59   55   54   54   56   56   61   63   67   69   71
   73   73   77   76   79   75   79   79   71                                   
    37.5-180.0 180.0   5.0 450.0                            LAT/LON1/LON2/DLON/H
   63   64   63   70   70   69   67   65   65   65   69   66   66   62   64   70
   82   95  110  127  134  144  151  158  161  163  160  160  154  150  146  149
  152  159  163  175  179  187  189  189  183  175  163  151  139  128  116  104
   92   83   76   69   62   57   53   52   52   54   55   58   60   65   68   71
   75   75   75   77   74   72   73   75   63                                   
    35.0-180.0 180.0   5.0 450.0                            LAT/LON1/LON2/DLON/H
   65   57   58   61   64   63   63   60   64   66   72   72   75   73   78   81
   98  105  124  137  148  160  168  172  174  172  169  166  160  156  154  157
  164  173  182  192  199  207  209  206  199  189  177  166  154  145  133  120
  106   96   83   74   65   59   55   53   53   55   54   57   58   65   65   72
   73   75   75   74   73   69   69   71   65                                   
    32.5-180.0 180.0   5.0 450.0                            LAT/LON1/LON2/DLON/H
   60   54   49   55   55   56   55   56   61   66   75   78   84   84   92   96
  111  121  138  152  163  177  186  189  189  184  179  179  173  172  170  180
  188  205  211  226  227  235  234  229  218  205  193  181  171  158  150  136
  125  111   99   85   76   68   64   62   63   63   63   64   64   68   66   72
   73   72   69   69   66   64   62   65   60                                   
    30.0-180.0 180.0   5.0 450.0                            LAT/LON1/LON2/DLON/H
   72   57   50   49   49   48   49   48   56   63   72   80   87   93  102  109
  126  134  149  163  177  192  200  203  199  197  191  194  190  195  201  214
  233  249  261  268  271  273  267  259  245  230  216  205  194  183  174  161
  150  138  123  111   96   89   82   81   79   79   76   79   76   80   76   80
   79   74   71   70   67   63   61   63   72                                   
    27.5-180.0 180.0   5.0 450.0                            LAT/LON1/LON2/DLON/H
   81   65   55   54   50   47   47   47   52   60   70   77   91   95  114  123
  145  149  164  175  191  205  214  215  212  209  204  213  214  231  241  266
  282  302  306  316  311  310  298  291  274  261  245  233  222  211  201  188
  181  166  158  142  131  119  113  108  106  102  101   98   98   96   93   96
   92   87   79   76   74   72   70   72   81                                   
    25.0-180.0 180.0   5.0 450.0                            LAT/LON1/LON2/DLON/H
  105   86   70   64   59   53   47   47   50   58   65   77   88  105  123  143
  160  168  176  186  198  212  217  218  215  216  217  233  245  267  289  312
  333  346  354  354  353  343  333  322  308  298  282  273  258  248  233  222
  211  201  190  180  168  160  149  147  139  137  130  127  123  123  121  118
  113  100   94   86   84   83   83   84  105                                   
    22.5-180.0 180.0   5.0 450.0                            LAT/LON1/LON2/DLON/H
  124  101   88   84   76   65   65   56   61   61   72   77   96  108  140  159
  185  186  195  196  209  218  226  226  224  229  234  256  274  306  327  353
  365  382  388  389  382  371  359  349  337  326  317  309  298  285  273  260
  249  239  231  222  211  200  192  188  180  173  168  160  158  149  149  143
  141  126  116  107  108  104  104  108  124                                   
    20.0-180.0 180.0   5.0 450.0                            LAT/LON1/LON2/DLON/H
  148  130  116  108  104   90   85   73   73   71   74   84   94  120  149  177
  199  202  201  201  209  220  224  228  227  236  247  278  304  336  363  373
  393  398  416  409  408  389  380  370  361  354  344  343  330  325  307  302
  284  283  270  270  252  246  228  219  205  197  191  188  185  177  172  165
  163  152  145  134  130  128  128  119  148                                   
    17.5-180.0 180.0   5.0 450.0                            LAT/LON1/LON2/DLON/H
  166  144  138  129  125  112  107   95   93   89   95  105  121  143  176  206
  225  224  220  216  218  231  236  242  244  252  269  301  331  362  383  394
  411  420  431  426  426  411  400  392  385  380  371  368  360  355  345  336
  325  320  312  308  292  277  256  240  223  212  207  201  200  189  190  181
  183  175  174  163  163  154  154  139  166                                   
    15.0-180.0 180.0   5.0 450.0                            LAT/LON1/LON2/DLON/H
  182  167  159  155  148  139  130  119  113  106  107  111  132  154  195  227
  256  255  247  232  227  237  240  252  254  272  291  322  354  377  399  407
  428  427  439  427  430  412  410  401  398  394  387  384  380  379  370  365
  347  344  326  320  291  271  249  237  222  211  206  201  200  193  191  187
  187  187  188  178  174  171  172  144  182                                   
    12.5-180.0 180.0   5.0 450.0                            LAT/LON1/LON2/DLON/H
  183  178  174  165  168  154  148  136  126  117  120  128  147  178  215  258
  284  286  283  260  252  256  265  272  283  296  315  340  368  388  406  415
  433  437  444  436  435  421  418  411  411  408  401  398  396  397  392  383
  366  353  334  319  295  272  252  235  221  209  205  199  194  188  185  186
  185  190  190  184  178  175  176  152  183                                   
    10.0-180.0 180.0   5.0 450.0                            LAT/LON1/LON2/DLON/H
  173  180  165  169  167  173  159  159  141  136  131  144  165  194  228  264
  301  306  308  291  285  286  291  302  313  327  341  360  381  394  408  413
  434  437  444  433  435  426  424  417  417  414  406  404  400  404  396  383
  358  345  318  306  274  257  232  216  204  192  188  182  177  172  173  174
  179  183  185  181  171  168  164  142  173                                   
     7.5-180.0 180.0   5.0 450.0                            LAT/LON1/LON2/DLON/H
  152  161  153  153  154  155  158  154  146  135  140  149  169  198  231  267
  299  312  318  307  306  305  315  326  339  350  364  377  394  406  421  428
