data/unet/pred2450.15i
     1.0            IONOSPHERE MAPS     GNSS                IONEX VERSION / TYPE
pyspatialgeodesy        IME             05-JAN-18 20:20     PGM / RUN BY / DATE 
Map Name                                                    COMMENT             
Predicted global ionosphere maps (GIM).                     DESCRIPTION         
  2015     9     2     0     0     0                        EPOCH OF FIRST MAP  
  2015     9     3     0     0     0                        EPOCH OF LAST MAP   
  7200                                                      INTERVAL            
    13                                                      # OF MAPS IN FILE   
  NONE                                                      MAPPING FUNCTION    
10.0                                                        ELEVATION CUTOFF    
One-way carrier phase leveled to code                       OBSERVABLES USED    
  6371.0                                                    BASE RADIUS         
 2                                                          MAP DIMENSION       
   450.0 450.0   0.0                                        HGT1 / HGT2 / DHGT  
    87.5 -87.5  -2.5                                        LAT1 / LAT2 / DLAT  
  -180.0 180.0   5.0                                        LON1 / LON2 / DLON  
    -1                                                      EXPONENT            
                                                            END OF HEADER       
[from data line 3432]
     9                                                      START OF TEC MAP    
  2015     9     2    16     0     0                        EPOCH OF CURRENT MAP
    87.5-180.0 180.0   5.0 450.0                            LAT/LON1/LON2/DLON/H
  145  148  144  145  145  144  145  146  147  148  149  149  150  150  151  150
  150  150  150  149  149  148  148  148  148  147  147  146  147  146  146  144
  144  143  143  141  141  140  139  139  139  138  138  138  138  138  138  138
  139  139  140  140  141  141  142  142  143  143  143  143  144  143  143  142
  143  143  143  143  143  143  149  163  145                                   
    85.0-180.0 180.0   5.0 450.0                            LAT/LON1/LON2/DLON/H
  126  140  134  137  137  138  139  141  142  144  146  147  149  150  152  151
  153  151  153  150  152  149  152  148  151  147  150  145  148  144  147  142
  144  139  141  136  139  134  136  131  134  130  132  129  132  129  133  130
  134  132  135  133  136  135  137  136  138  136  137  136  138  136  136  134
  136  134  134  133  133  130  135  131  126                                   
    82.5-180.0 180.0   5.0 450.0                            LAT/LON1/LON2/DLON/H
  128  124  121  123  121  123  124  126  128  131  132  134  136  137  140  139
  142  140  144  141  144  141  144  141  142  140  140  138  137  136  134  133
  131  129  127  126  123  122  119  118  116  116  114  115  114  116  115  116
  116  118  118  119  119  121  120  121  121  121  120  120  119  119  118  117
  117  117  117  118  118  115  128  118  128                                   
    80.0-180.0 180.0   5.0 450.0                            LAT/LON1/LON2/DLON/H
  112  109  110  113  113  117  118  121  123  126  128  131  133  135  136  138
  138  141  140  143  141  144  142  144  142  143  141  141  139  139  137  136
  133  132  129  128  124  123  118  118  114  114  111  112  110  112  110  113
  112  115  114  116  116  117  116  117  116  116  113  114  111  112  108  109
  106  108  105  107  105  106  109  106  112                                   
    77.5-180.0 180.0   5.0 450.0                            LAT/LON1/LON2/DLON/H
   98  101   97  101  103  107  110  112  116  118  123  124  128  128  133  132
  137  133  140  136  142  138  143  140  144  140  143  139  141  136  137  133
  133  129  129  125  123  119  117  114  112  109  108  107  106  106  106  107
  106  109  108  110  109  110  109  110  107  107  103  103  100   98   96   95
   93   93   92   92   91   88   92   91   98                                   
    75.0-180.0 180.0   5.0 450.0                            LAT/LON1/LON2/DLON/H
   85   88   90   92   97   98  104  105  110  112  118  120  125  127  131  132
  135  133  137  135  140  139  143  141  145  143  145  142  143  141  141  139
  138  135  134  130  128  124  121  116  115  110  110  106  107  104  106  104
  106  105  107  105  106  103  105  101  102   97   96   92   91   87   86   83
   83   81   82   80   81   80   83   85   85                                   
    72.5-180.0 180.0   5.0 450.0                            LAT/LON1/LON2/DLON/H
   77   84   82   87   91   96  101  105  109  113  119  121  126  127  132  131
  134  132  137  135  140  139  145  144  148  147  150  147  148  145  145  141
  141  138  137  133  131  127  124  120  117  114  111  109  107  106  104  105
  103  104  102  101   99   97   94   92   89   87   83   81   78   76   73   72
   70   70   70   71   69   69   74   75   77                                   
    70.0-180.0 180.0   5.0 450.0                            LAT/LON1/LON2/DLON/H
   71   73   76   79   87   89   98   99  107  110  118  120  127  127  133  131
  135  132  137  134  140  138  145  144  148  147  150  148  149  147  148  145
  145  142  141  138  136  131  129  123  122  116  115  110  110  106  107  103
  104  100  100   96   95   90   88   84   82   77   75   71   70   67   66   64
   65   63   65   63   64   63   69   70   71                                   
    67.5-180.0 180.0   5.0 450.0                            LAT/LON1/LON2/DLON/H
   69   72   73   76   82   87   94   99  104  110  116  121  126  128  132  132
  133  132  136  134  139  140  146  146  150  148  152  149  151  148  148  145
  144  142  141  138  136  132  130  126  123  119  116  113  110  108  105  103
   99   97   93   89   84   80   76   72   68   66   61   61   59   59   58   58
   57   58   59   60   58   58   62   63   69                                   
    65.0-180.0 180.0   5.0 450.0                            LAT/LON1/LON2/DLON/H
   65   65   68   70   78   81   91   93  103  106  116  119  127  129  135  133
  136  133  139  136  143  141  149  147  152  149  151  148  149  146  147  145
  145  142  142  138  137  132  131  126  125  121  120  116  113  110  107  104
  100   95   91   85   79   74   69   64   62   58   57   55   56   54   56   55
   56   55   56   55   56   57   59   61   65                                   
    62.5-180.0 180.0   5.0 450.0                            LAT/LON1/LON2/DLON/H
   63   64   67   69   75   81   88   94  101  107  115  120  126  130  135  135
  138  136  140  138  144  143  149  149  153  151  153  149  151  147  149  145
  145  140  140  136  135  132  130  127  126  122  120  117  112  109  104  101
   95   91   85   80   73   68   61   58   54   54   51   53   52   54   52   54
   52   54   53   54   53   52   53   55   63                                   
    60.0-180.0 180.0   5.0 450.0                            LAT/LON1/LON2/DLON/H
   59   57   60   63   71   76   87   91  102  106  116  120  127  130  136  135
  139  137  143  140  147  144  152  148  155  150  153  148  151  147  150  146
  148  142  142  136  136  131  131  127  128  125  124  121  117  112  107  103
   98   93   86   80   72   66   59   57   54   53   52   54   54   54   54   54
   54   52   52   51   51   51   53   52   59                                   
    57.5-180.0 180.0   5.0 450.0                            LAT/LON1/LON2/DLON/H
   57   55   59   62   69   76   84   91  100  106  114  118  125  128  134  134
  138  137  142  140  146  145  152  150  156  153  155  152  154  152  156  152
  154  147  146  139  139  134  134  131  131  127  124  120  115  110  104  100
   95   91   85   79   72   66   60   58   56   57   54   57   54   57   53   55
   51   53   50   51   48   46   47   46   57                                   
    55.0-180.0 180.0   5.0 450.0                            LAT/LON1/LON2/DLON/H
   53   51   55   59   68   76   87   92  104  108  116  120  126  130  134  136
  140  139  144  142  148  146  152  150  155  152  156  153  159  159  164  161
  163  156  154  147  145  139  139  136  136  134  131  127  121  117  110  107
  100   97   90   85   76   71   65   64   63   63   61   62   60   59   56   55
   54   53   51   49   49   49   49   45   53                                   
    52.5-180.0 180.0   5.0 450.0                            LAT/LON1/LON2/DLON/H
   57   54   57   61   69   78   88   96  105  110  117  120  126  127  134  134
  140  138  143  141  147  146  152  151  157  155  159  159  166  167  175  173
  175  167  165  156  154  148  147  144  144  139  135  129  123  118  112  109
  104  101   95   91   84   79   75   75   73   75   70   71   65   64   58   58
   54   56   53   53   50   49   48   45   57                                   
    50.0-180.0 180.0   5.0 450.0                            LAT/LON1/LON2/DLON/H
   61   56   58   63   72   82   95  101  114  116  124  126  132  133  139  140
  144  143  147  145  149  148  154  154  160  157  164  163  172  174  184  183
  185  178  175  167  165  159  158  154  153  149  145  138  133  128  122  120
  114  112  105  101   94   90   87   86   86   86   83   81   74   70   64   62
   60   60   60   58   58   56   58   51   61                                   
    47.5-180.0 180.0   5.0 450.0                            LAT/LON1/LON2/DLON/H
   69   66   66   69   75   86   97  108  117  123  129  132  136  137  143  144
  148  146  150  147  150  149  155  157  162  162  167  168  177  180  190  190
  191  186  183  176  175  169  169  164  162  154  150  142  138  131  128  124
  119  117  112  109  103  101   98  101   99  102   95   94   83   80   70   70
   64   68   65   67   62   62   63   59   69                                   
    45.0-180.0 180.0   5.0 450.0                            LAT/LON1/LON2/DLON/H
   76   70   70   72   79   90  104  112  126  131  140  142  147  148  153  153
  156  154  156  152  155  153  160  161  168  167  173  173  181  184  193  193
  194  190  188  184  185  181  180  175  172  164  159  151  146  141  137  134
  130  128  123  120  115  112  111  112  112  112  107  103   94   88   81   78
   75   76   76   76   75   73   75   69   76                                   
    42.5-180.0 180.0   5.0 450.0                            LAT/LON1/LON2/DLON/H
   83   82   77   78   82   93  106  119  130  141  147  151  155  158  161  162
  165  162  163  159  160  160  164  167  171  173  176  178  184  187  195  195
  197  194  194  192  194  193  192  186  182  172  168  157  154  147  145  140
  138  135  131  128  123  122  120  122  121  123  116  115  104  100   90   90
   85   89   85   88   81   80   82   80   83                                   
    40.0-180.0 180.0   5.0 450.0                            LAT/LON1/LON2/DLON/H
   87   83   78   77   82   91  105  116  133  144  158  161  169  171  174  173
  174  171  171  167  168  167  171  172  178  177  182  180  187  188  196  196
  200  198  202  203  208  207  208  200  194  184  178  170  166  161  157  153
  149  146  141  137  131  127  125  125  126  125  122  119  112  108  102  100
   99  100   99   97   92   88   91   88   87                                   
    37.5-180.0 180.0   5.0 450.0                            LAT/LON1/LON2/DLON/H
   90   87   78   78   79   87  100  117  134  152  165  174  180  183  186  185
  185  181  180  176  177  176  179  181  184  185  188  189  194  197  205  206
  211  211  217  220  226  226  226  217  210  198  192  182  180  172  169  164
  159  153  147  142  136  132  128  129  127  129  125  125  119  118  111  112
  108  111  105  105   93   90   92   92   90                                   
    35.0-180.0 180.0   5.0 450.0                            LAT/LON1/LON2/DLON/H
   88   82   75   70   73   80   95  109  131  148  169  178  190  192  196  192
  192  189  187  185  185  183  186  185  190  189  196  196  206  209  221  224
  234  236  243  245  252  250  248  236  226  214  207  201  197  193  189  183
  177  169  161  152  143  136  131  129  128  127  126  125  123  123  120  120
  118  118  114  109  100   93   93   93   88                                   
    32.5-180.0 180.0   5.0 450.0                            LAT/LON1/LON2/DLON/H
   87   81   68   66   64   72   85  104  126  149  170  185  198  202  205  203
  202  198  198  195  196  195  196  196  199  201  208  213  226  236  251  257
  268  271  278  281  287  282  278  261  252  236  232  223  222  215  211  203
  194  184  172  161  150  143  137  134  130  130  126  129  126  127  122  124
  119  122  113  111   96   91   90   90   87                                   
    30.0-180.0 180.0   5.0 450.0                            LAT/LON1/LON2/DLON/H
   83   73   66   59   63   67   80   96  121  142  167  182  199  205  207  206
  204  204  202  203  201  202  201  202  205  208  220  232  253  268  289  298
  314  317  324  324  326  319  310  292  278  265  258  252  249  241  235  223
  212  198  183  169  158  148  141  136  133  129  128  129  130  129  128  127
  124  124  118  110   99   91   88   89   83                                   
    27.5-180.0 180.0   5.0 450.0                            LAT/LON1/LON2/DLON/H
   84   73   61   61   57   67   75   94  114  140  162  183  200  209  213  213
  212  211  211  211  213  213  214  214  218  224  240  260  285  310  331  345
  360  363  369  364  364  352  344  323  312  295  291  281  279  265  257  242
  227  208  190  173  161  150  145  139  135  131  130  131  132  132  129  128
  124  124  116  112   97   92   87   86   84                                   
    25.0-180.0 180.0   5.0 450.0                            LAT/LON1/LON2/DLON/H
   83   71   65   62   66   72   84   94  114  133  157  175  194  206  212  215
  214  216  215  221  220  223  222  224  229  240  260  288  317  346  371  389
  404  404  405  400  396  385  372  355  342  331  324  316  308  293  278  259
  239  218  195  180  167  157  151  146  141  135  133  133  135  135  132  131
  127  127  122  116  104   96   90   89   83                                   
    22.5-180.0 180.0   5.0 450.0                            LAT/LON1/LON2/DLON/H
   86   79   69   68   68   80   86  103  115  135  152  175  190  206  212  219
  219  221  224  228  234  236  238  239  248  261  288  320  356  388  415  429
  439  433  431  420  416  403  393  376  368  357  352  341  331  309  291  267
  246  224  204  186  174  164  160  156  150  143  138  137  138  137  134  132
  128  128  125  124  110  105   97   93   86                                   
    20.0-180.0 180.0   5.0 450.0                            LAT/LON1/LON2/DLON/H
   86   81   76   73   79   86   96  108  122  133  151  164  181  197  208  218
  221  227  230  240  245  252  252  260  267  287  314  352  387  420  446  460
  463  457  449  440  429  423  407  401  389  385  376  368  350  329  305  281
  256  234  215  199  187  178  174  172  164  155  148  143  144  140  138  135
  131  133  132  131  121  110  105   99   86                                   
    17.5-180.0 180.0   5.0 450.0                            LAT/LON1/LON2/DLON/H
   91   89   81   81   82   91   97  117  124  139  149  165  176  197  206  222
  226  236  242  252  261  269  275  283  295  315  344  382  417  445  466  476
  475  466  456  446  435  426  416  411  405  401  393  381  360  335  311  287
  264  243  224  209  196  188  186  183  177  168  158  152  148  144  141  136
  134  136  136  137  126  118  108  102   91                                   
    15.0-180.0 180.0   5.0 450.0                            LAT/LON1/LON2/DLON/H
   91   86   82   79   89   94  105  118  130  140  150  158  170  189  203  222
  230  245  251  264  273  286  293  308  320  345  370  410  437  462  477  486
  482  476  462  455  443  439  428  429  423  423  411  400  372  347  319  296
  274  252  235  219  207  201  198  198  191  182  170  160  156  149  143  138
  136  138  140  137  130  117  111  104   91                                   
    12.5-180.0 180.0   5.0 450.0                            LAT/LON1/LON2/DLON/H
   93   90   78   80   82   94  104  123  132  146  153  165  173  196  209  233
  242  258  267  279  290  303  316  332  348  372  397  429  450  469  478  481
  476  470  459  455  448  446  440  438  433  428  416  398  370  341  316  295
  273  256  241  226  215  211  209  208  201  193  178  169  160  154  148  142
  139  140  138  138  126  116  106  101   93                                   
    10.0-180.0 180.0   5.0 450.0                            LAT/LON1/LON2/DLON/H
   85   80   73   70   79   87  105  122  136  151  160  170  181  203  219  242
  255  272  280  292  301  318  332  354  370  399  420  449  462  475  477  479
  472  472  463  462  457  459  451  452  443  440  423  404  371  345  317  298
  281  264  250  234  221  213  211  209  204  194  182  172  163  155  149  142
  140  139  138  132  122  107  101   92   85                                   
     7.5-180.0 180.0   5.0 450.0                            LAT/LON1/LON2/DLON/H
   79   78   67   65   67   81   96  120  136  156  166  180  192  215  230  254
  267  286  293  303  311  326  344  367  389  419  437  459  468  475  475  474
