data/unet/pred1830.15i
     1.0            IONOSPHERE MAPS     GNSS                IONEX VERSION / TYPE
pyspatialgeodesy        IME             05-JAN-18 20:20     PGM / RUN BY / DATE 
Map Name                                                    COMMENT             
Predicted global ionosphere maps (GIM).                     DESCRIPTION         
  2015     7     2     0     0     0                        EPOCH OF FIRST MAP  
  2015     7     3     0     0     0                        EPOCH OF LAST MAP   
  7200                                                      INTERVAL            
    13                                                      # OF MAPS IN FILE   
  NONE                                                      MAPPING FUNCTION    
10.0                                                        ELEVATION CUTOFF    
One-way carrier phase leveled to code                       OBSERVABLES USED    
  6371.0                                                    BASE RADIUS         
 2                                                          MAP DIMENSION       
   450.0 450.0   0.0                                        HGT1 / HGT2 / DHGT  
    87.5 -87.5  -2.5                                        LAT1 / LAT2 / DLAT  
  -180.0 180.0   5.0                                        LON1 / LON2 / DLON  
    -1                                                      EXPONENT            
                                                            END OF HEADER       
[from data line 858]
     3                                                      START OF TEC MAP    
  2015     7     2     4     0     0                        EPOCH OF CURRENT MAP
    87.5-180.0 180.0   5.0 450.0                            LAT/LON1/LON2/DLON/H
  182  178  172  176  176  175  175  176  175  176  176  176  175  175  175  175
  173  174  173  172  171  170  168  168  166  165  164  164  162  162  162  162
  162  163  165  166  167  168  169  170  171  171  171  171  171  171  170  170
  169  169  168  167  166  165  164  164  162  163  161  162  162  163  162  164
  165  166  166  167  166  163  175  185  182                                   
    85.0-180.0 180.0   5.0 450.0                            LAT/LON1/LON2/DLON/H
  182  180  174  184  182  182  182  184  182  184  182  184  181  183  181  182
  179  181  178  179  176  177  173  174  170  171  168  169  166  167  166  167
  166  167  168  169  170  171  172  173  173  174  173  174  172  173  172  172
  171  171  169  170  167  168  166  167  165  166  164  165  166  167  166  168
  169  170  170  172  169  166  171  177  182                                   
    82.5-180.0 180.0   5.0 450.0                            LAT/LON1/LON2/DLON/H
  171  170  176  181  180  178  180  180  180  179  180  179  179  178  178  177
  177  176  176  176  174  173  172  171  169  167  167  165  164  163  164  163
  164  163  166  165  168  166  169  167  170  168  171  169  171  169  170  169
  170  169  168  168  167  166  165  164  163  163  162  162  162  163  162  163
  165  166  167  168  168  166  171  167  171                                   
    80.0-180.0 180.0   5.0 450.0                            LAT/LON1/LON2/DLON/H
  177  180  183  186  185  185  184  185  183  184  182  182  180  180  179  179
  178  177  176  176  174  173  171  168  167  164  163  160  160  159  159  160
  161  163  165  167  168  170  170  171  171  171  171  171  172  171  172  171
  172  171  171  171  171  169  169  167  167  166  166  165  167  165  166  166
  169  169  171  172  173  169  172  172  177                                   
    77.5-180.0 180.0   5.0 450.0                            LAT/LON1/LON2/DLON/H
  177  179  182  184  184  184  185  184  183  182  181  179  178  177  176  175
  174  173  173  171  170  168  166  163  160  157  156  152  153  152  154  155
  159  161  166  168  172  173  175  176  176  177  177  178  178  179  179  180
  180  180  180  180  179  177  176  174  173  171  171  169  170  168  169  169
  170  170  172  173  174  170  171  170  177                                   
    75.0-180.0 180.0   5.0 450.0                            LAT/LON1/LON2/DLON/H
  177  178  179  181  182  181  182  181  180  178  176  174  172  169  168  166
  166  164  165  164  163  160  159  155  151  147  145  143  141  142  144  148
  151  158  164  170  173  177  177  180  179  181  180  182  181  183  183  185
  184  185  185  184  183  180  179  176  174  171  169  167  168  167  166  167
  168  169  171  172  172  167  171  172  177                                   
    72.5-180.0 180.0   5.0 450.0                            LAT/LON1/LON2/DLON/H
  173  173  175  177  176  177  176  176  174  172  169  166  162  159  157  155
  154  154  154  154  153  152  149  146  141  137  134  132  131  132  135  141
  147  156  164  170  175  179  180  182  182  183  183  185  185  187  187  189
  189  190  189  189  186  184  180  178  173  171  167  166  166  165  164  165
  166  167  169  170  170  167  170  170  173                                   
    70.0-180.0 180.0   5.0 450.0                            LAT/LON1/LON2/DLON/H
  171  169  170  172  173  172  175  174  174  170  168  162  158  152  150  145
  145  143  146  145  147  145  143  139  134  129  125  123  122  124  128  135
  143  154  163  172  176  181  182  185  184  186  186  189  189  192  193  195
  197  196  196  194  191  186  182  178  173  170  165  164  163  163  162  164
  164  166  167  170  169  163  168  170  171                                   
    67.5-180.0 180.0   5.0 450.0                            LAT/LON1/LON2/DLON/H
  167  164  165  168  168  170  171  172  170  168  164  159  152  146  141  138
  135  135  135  137  137  137  134  132  125  121  116  115  114  118  123  131
  139  152  163  171  176  181  182  184  183  186  187  190  192  196  198  200
  201  201  199  197  192  187  180  176  170  167  161  161  161  161  160  162
  163  165  166  168  168  163  165  167  167                                   
    65.0-180.0 180.0   5.0 450.0                            LAT/LON1/LON2/DLON/H
  167  162  161  163  165  165  169  169  170  167  165  159  152  144  138  132
  129  128  128  129  129  129  126  123  118  113  110  108  109  112  118  127
  136  148  158  167  172  177  179  181  182  186  188  193  197  201  204  206
  207  206  204  199  194  187  180  175  169  166  161  161  160  160  159  161
  162  164  165  168  167  161  165  167  167                                   
    62.5-180.0 180.0   5.0 450.0                            LAT/LON1/LON2/DLON/H
  167  161  159  161  161  164  166  169  169  169  165  160  153  145  137  130
  126  123  122  122  122  121  118  115  110  107  104  104  105  110  115  124
  133  143  153  161  166  171  174  177  179  185  188  196  200  206  208  211
  210  210  206  201  194  187  179  174  169  165  162  161  161  161  160  162
  162  164  165  168  168  163  164  166  167                                   
    60.0-180.0 180.0   5.0 450.0                            LAT/LON1/LON2/DLON/H
  170  164  162  162  163  163  166  167  170  169  168  163  158  148  140  131
  125  121  119  118  118  115  113  109  106  103  102  102  105  108  115  121
  129  137  145  153  159  164  167  173  177  184  189  197  204  209  212  214
  214  212  208  203  197  190  181  178  171  170  164  165  164  165  163  164
  165  166  167  170  170  163  167  169  170                                   
    57.5-180.0 180.0   5.0 450.0                            LAT/LON1/LON2/DLON/H
  175  168  167  168  166  167  168  170  171  172  171  168  162  153  143  134
  127  121  118  115  113  111  108  105  101  100   99  102  104  109  112  118
  123  129  135  142  149  156  162  169  175  184  191  201  206  215  215  219
  216  216  210  207  201  195  188  183  179  175  172  171  171  170  168  168
  168  169  170  173  173  169  171  172  175                                   
    55.0-180.0 180.0   5.0 450.0                            LAT/LON1/LON2/DLON/H
  182  178  178  177  174  172  173  173  174  173  173  170  166  158  148  138
  129  122  118  114  112  108  106  102  101   99  101  102  107  109  114  115
  119  122  127  133  140  149  158  166  175  185  194  203  211  218  221  222
  221  219  216  214  210  206  200  196  189  188  182  181  178  177  174  173
  172  173  174  177  177  171  175  178  182                                   
    52.5-180.0 180.0   5.0 450.0                            LAT/LON1/LON2/DLON/H
  192  187  191  191  185  183  181  180  179  178  176  175  171  165  153  144
  134  126  119  116  112  110  106  105  102  103  103  107  109  112  113  115
  115  117  120  126  133  144  156  167  177  188  197  208  213  223  223  228
  225  227  223  224  220  218  214  209  204  199  194  192  187  184  181  178
  177  176  178  181  182  179  182  186  192                                   
    50.0-180.0 180.0   5.0 450.0                            LAT/LON1/LON2/DLON/H
  203  205  207  207  201  197  193  188  186  182  181  178  176  169  160  149
  140  131  125  119  116  111  110  107  108  106  110  111  115  115  117  115
  116  115  119  123  132  143  156  169  181  192  201  212  219  226  231  235
  235  238  237  239  237  236  232  228  222  217  209  206  198  195  188  185
  183  184  185  188  189  183  189  192  203                                   
    47.5-180.0 180.0   5.0 450.0                            LAT/LON1/LON2/DLON/H
  212  211  218  216  211  208  203  199  194  190  186  184  180  175  165  156
  146  137  130  125  120  118  115  115  114  116  117  119  120  119  118  117
  116  116  118  123  132  143  158  172  184  196  204  215  221  232  235  244
  245  251  251  256  254  254  249  245  237  232  222  217  207  201  194  191
  189  190  191  195  196  193  197  203  212                                   
    45.0-180.0 180.0   5.0 450.0                            LAT/LON1/LON2/DLON/H
  221  224  228  229  224  219  215  210  205  199  195  190  186  180  171  161
  152  143  137  130  128  123  124  122  125  124  128  126  127  124  124  121
  120  120  124  127  135  145  160  176  186  199  207  218  226  237  244  254
  258  265  268  273  272  273  268  263  256  250  240  233  220  212  203  200
  199  201  202  206  206  201  206  209  221                                   
    42.5-180.0 180.0   5.0 450.0                            LAT/LON1/LON2/DLON/H
  229  226  235  232  228  227  221  218  214  210  202  197  191  185  175  165
  156  149  142  137  133  131  131  133  135  137  138  137  135  131  128  126
  125  125  127  132  140  148  162  176  188  200  209  220  229  241  251  263
  270  279  283  288  288  289  284  279  271  265  255  246  232  222  213  209
  209  211  213  216  217  213  217  222  229                                   
    40.0-180.0 180.0   5.0 450.0                            LAT/LON1/LON2/DLON/H
  240  238  240  239  235  234  231  228  226  221  216  207  200  191  180  170
  161  152  147  140  139  136  140  142  149  149  152  148  146  139  137  134
  134  133  135  138  144  152  162  179  190  205  211  224  234  247  258  272
  281  291  295  300  300  301  297  294  290  283  274  264  250  239  228  225
  225  228  231  233  233  225  228  231  240                                   
    37.5-180.0 180.0   5.0 450.0                            LAT/LON1/LON2/DLON/H
  253  242  247  240  237  237  237  236  234  230  224  217  208  199  186  176
  165  158  149  144  141  143  148  156  163  167  167  163  156  150  146  143
  142  141  142  143  147  152  162  176  189  204  213  226  237  252  265  279
  291  300  305  309  310  311  310  309  306  303  295  284  269  254  245  240
  242  245  250  251  253  244  243  248  253                                   
    35.0-180.0 180.0   5.0 450.0                            LAT/LON1/LON2/DLON/H
  270  258  255  249  245  244  246  247  247  243  239  230  220  208  196  183
  172  161  153  143  143  144  156  164  178  181  183  176  170  162  158  154
  151  149  148  146  147  151  158  175  189  207  216  229  240  255  268  283
  295  303  308  313  314  318  320  323  323  323  317  306  291  276  266  263
  265  270  274  276  275  265  264  269  270                                   
    32.5-180.0 180.0   5.0 450.0                            LAT/LON1/LON2/DLON/H
  298  275  275  264  259  259  260  262  260  258  249  243  231  220  204  192
  177  167  154  146  144  150  163  179  191  198  196  191  182  176  169  164
  159  155  151  147  146  148  156  168  186  203  214  228  238  255  267  283
  294  305  310  316  320  326  331  338  342  344  340  329  315  299  290  286
  289  293  299  300  302  296  293  298  298                                   
    30.0-180.0 180.0   5.0 450.0                            LAT/LON1/LON2/DLON/H
  337  310  304  291  285  281  282  280  280  274  269  258  248  231  217  200
  187  172  160  149  149  155  174  189  205  209  209  203  195  186  180  171
  164  155  149  142  142  142  150  163  180  200  211  225  236  251  265  280
  291  299  305  313  320  330  338  350  357  362  359  352  338  324  315  312
  314  319  323  326  326  322  321  323  337                                   
    27.5-180.0 180.0   5.0 450.0                            LAT/LON1/LON2/DLON/H
  374  348  345  331  323  319  312  310  302  298  285  277  260  246  227  212
  195  180  164  156  156  168  186  204  216  220  218  212  202  193  182  172
  161  150  144  138  137  137  145  155  171  189  203  217  228  244  257  273
  283  292  298  309  319  332  345  361  370  377  376  369  359  346  337  334
  336  339  344  346  351  352  351  356  374                                   
    25.0-180.0 180.0   5.0 450.0                            LAT/LON1/LON2/DLON/H
  411  392  389  377  366  357  349  340  329  318  307  293  280  260  242  222
  206  187  174  163  167  180  201  217  228  230  225  217  205  192  179  163
  150  138  133  126  126  126  132  144  157  175  190  208  219  236  250  265
  277  284  295  304  320  335  354  371  382  392  391  388  378  370  363  361
  360  362  365  370  375  377  378  381  411                                   
    22.5-180.0 180.0   5.0 450.0                            LAT/LON1/LON2/DLON/H
  430  421  423  421  411  407  391  383  362  349  326  315  293  278  254  236
  215  196  180  174  179  196  215  231  236  235  226  215  199  183  165  149
  134  125  118  116  113  114  119  129  142  158  176  193  208  223  240  255
  268  277  289  303  318  337  356  373  385  394  396  396  391  385  380  378
  377  377  379  384  391  398  396  401  430                                   
    20.0-180.0 180.0   5.0 450.0                            LAT/LON1/LON2/DLON/H
  445  447  449  453  449  445  431  416  393  370  348  326  308  289  272  249
  230  209  196  190  198  216  233  245  246  239  225  208  188  167  149  131
  119  107  102   96   96   97  103  111  123  139  159  180  197  216  233  250
  265  276  291  306  328  344  364  380  391  400  403  404  403  402  400  400
  397  395  397  401  408  411  409  412  445                                   
    17.5-180.0 180.0   5.0 450.0                            LAT/LON1/LON2/DLON/H
  445  453  464  472  477  477  463  451  422  399  365  343  317  303  280  261
  239  219  205  202  212  230  245  253  247  235  214  191  167  148  129  114
   98   90   80   80   80   83   86   95  105  120  142  165  187  207  226  243
  260  274  289  308  327  347  365  380  390  398  402  407  407  410  409  411
  408  407  406  410  415  421  414  417  445                                   
    15.0-180.0 180.0   5.0 450.0                            LAT/LON1/LON2/DLON/H
  448  455  465  480  485  486  476  462  438  410  379  350  328  307  293  272
  254  233  221  219  228  245  256  258  245  226  198  171  146  128  112   95
   81   69   66   64   67   68   73   78   89  103  131  158  183  205  226  243
  263  277  294  313  335  354  372  386  396  404  409  414  418  423  425  426
  424  420  421  423  427  429  423  423  448                                   
    12.5-180.0 180.0   5.0 450.0                            LAT/LON1/LON2/DLON/H
  436  444  458  470  478  479  471  459  434  411  376  351  325  312  295  282
  260  243  230  229  237  250  256  252  233  208  175  146  125  111   93   79
   63   57   55   57   58   61   63   68   78   94  122  153  180  202  224  242
  262  278  293  315  334  355  370  386  395  404  410  416  422  427  428  432
  429  428  426  428  430  434  422  424  436                                   
    10.0-180.0 180.0   5.0 450.0                            LAT/LON1/LON2/DLON/H
  433  433  441  452  456  458  448  436  413  389  363  340  322  308  297  286
  270  252  241  239  242  252  248  240  213  183  149  126  110   95   80   65
   56   49   50   48   49   50   52   55   67   84  116  149  180  201  224  240
  265  280  298  317  340  357  373  390  403  414  421  429  433  439  440  441
  442  440  440  439  441  441  431  428  433                                   
     7.5-180.0 180.0   5.0 450.0                            LAT/LON1/LON2/DLON/H
  423  421  426  429  430  430  419  407  385  366  341  326  308  302  292  286
  271  256  244  239  240  241  234  218  187  153  124  109   95   84   70   61
