data/unet/pred1910.15i
     1.0            IONOSPHERE MAPS     GNSS                IONEX VERSION / TYPE
pyspatialgeodesy        IME             05-JAN-18 20:20     PGM / RUN BY / DATE 
Map Name                                                    COMMENT             
Predicted global ionosphere maps (GIM).                     DESCRIPTION         
  2015     7    10     0     0     0                        EPOCH OF FIRST MAP  
  2015     7    11     0     0     0                        EPOCH OF LAST MAP   
  7200                                                      INTERVAL            
    13                                                      # OF MAPS IN FILE   
  NONE                                                      MAPPING FUNCTION    
10.0                                                        ELEVATION CUTOFF    
One-way carrier phase leveled to code                       OBSERVABLES USED    
  6371.0                                                    BASE RADIUS         
 2                                                          MAP DIMENSION       
   450.0 450.0   0.0                                        HGT1 / HGT2 / DHGT  
    87.5 -87.5  -2.5                                        LAT1 / LAT2 / DLAT  
  -180.0 180.0   5.0                                        LON1 / LON2 / DLON  
    -1                                                      EXPONENT            
                                                            END OF HEADER       
[from data line 1716]
     5                                                      START OF TEC MAP    
  2015     7    10     8     0     0                        EPOCH OF CURRENT MAP
    87.5-180.0 180.0   5.0 450.0                            LAT/LON1/LON2/DLON/H
  168  178  191  189  191  189  190  188  189  187  189  188  190  189  191  190
  192  191  193  192  194  192  193  192  193  191  192  191  192  191  193  193
  193  194  195  196  196  197  197  198  198  199  199  200  199  199  199  198
  197  195  194  192  190  188  187  185  184  182  182  181  182  181  183  182
  185  184  186  184  185  181  185  168  168                                   
    85.0-180.0 180.0   5.0 450.0                            LAT/LON1/LON2/DLON/H
  175  181  185  193  192  188  191  189  191  189  192  191  194  193  196  195
  197  196  199  197  199  196  198  196  197  195  197  195  197  194  198  196
  199  197  202  200  203  201  205  203  206  204  208  205  207  204  206  202
  203  198  200  195  195  190  191  187  188  184  184  182  183  182  183  182
  185  184  185  182  183  178  185  171  175                                   
    82.5-180.0 180.0   5.0 450.0                            LAT/LON1/LON2/DLON/H
  180  180  183  188  187  187  188  189  189  190  190  191  192  193  194  194
  195  194  195  194  194  193  193  191  192  191  192  191  192  192  193  195
  195  198  198  201  202  204  204  207  206  208  208  210  209  210  209  209
  208  206  205  203  201  198  197  193  193  189  186  184  184  182  182  180
  182  181  180  177  178  173  177  176  180                                   
    80.0-180.0 180.0   5.0 450.0                            LAT/LON1/LON2/DLON/H
  186  185  183  185  186  186  188  187  188  188  189  189  189  189  189  188
  188  187  186  184  184  182  181  179  179  178  178  178  179  180  181  183
  185  188  191  193  197  198  201  201  205  204  208  207  210  209  212  210
  212  210  212  209  210  207  206  203  202  197  195  191  191  187  186  183
  184  180  180  178  180  173  177  178  186                                   
    77.5-180.0 180.0   5.0 450.0                            LAT/LON1/LON2/DLON/H
  186  194  188  190  190  190  190  190  190  190  190  190  188  187  187  184
  184  181  181  178  177  174  173  171  168  168  166  168  167  171  171  177
  178  185  188  195  197  202  204  209  210  214  215  219  219  222  223  225
  225  226  226  226  225  224  223  221  220  216  212  210  207  203  200  197
  195  192  189  186  187  180  183  177  186                                   
    75.0-180.0 180.0   5.0 450.0                            LAT/LON1/LON2/DLON/H
  193  195  190  189  189  188  187  186  185  184  183  180  180  177  177  173
  173  170  171  168  168  165  163  160  158  157  156  155  156  158  163  167
  173  179  185  191  196  201  205  209  211  214  216  220  221  225  226  229
  229  231  231  231  231  231  230  229  227  224  221  220  216  214  209  208
  203  202  197  195  195  187  192  187  193                                   
    72.5-180.0 180.0   5.0 450.0                            LAT/LON1/LON2/DLON/H
  200  205  194  192  190  186  183  180  179  176  175  171  171  166  166  162
  162  160  161  159  158  156  154  151  148  147  145  146  145  150  154  163
  168  178  185  193  198  204  208  212  215  219  222  225  228  231  233  234
  235  236  236  236  236  235  235  234  233  231  229  227  226  223  221  217
  216  211  210  205  207  198  201  194  200                                   
    70.0-180.0 180.0   5.0 450.0                            LAT/LON1/LON2/DLON/H
  210  206  197  193  188  181  179  173  172  167  167  161  162  156  157  153
  155  152  156  154  155  152  152  147  147  142  144  140  145  144  156  159
  172  178  190  197  204  209  213  216  219  221  224  227  230  232  234  235
  235  235  234  233  233  232  232  231  232  230  230  229  230  227  225  223
  221  218  215  213  215  206  210  208  210                                   
    67.5-180.0 180.0   5.0 450.0                            LAT/LON1/LON2/DLON/H
  216  214  200  193  184  176  171  164  161  157  156  152  151  147  147  144
  145  145  147  148  149  148  147  146  143  142  141  142  143  149  155  166
  173  186  194  204  209  215  218  221  223  226  228  231  233  235  236  236
  235  234  232  230  228  226  225  225  225  225  225  227  228  226  227  225
  225  221  221  219  223  216  217  211  216                                   
    65.0-180.0 180.0   5.0 450.0                            LAT/LON1/LON2/DLON/H
  224  215  203  193  182  172  165  157  154  149  148  144  145  140  141  137
  140  138  144  143  147  145  148  143  145  140  146  142  151  151  166  170
  185  191  203  211  217  222  225  226  228  228  231  232  234  234  236  234
  233  230  228  224  222  218  218  216  218  217  220  221  224  223  223  222
  222  221  220  221  225  219  224  223  224                                   
    62.5-180.0 180.0   5.0 450.0                            LAT/LON1/LON2/DLON/H
  230  223  206  194  180  167  157  147  142  137  136  134  134  131  131  128
  130  129  133  134  135  137  137  138  137  140  142  148  151  162  168  181
  187  201  210  218  223  228  230  231  232  233  236  237  239  240  240  239
  236  233  228  225  219  217  212  213  211  213  213  216  218  219  220  218
  219  217  219  220  226  223  227  225  230                                   
    60.0-180.0 180.0   5.0 450.0                            LAT/LON1/LON2/DLON/H
  235  224  210  197  184  168  156  143  137  130  130  125  127  123  125  121
  123  120  124  122  126  124  128  126  132  132  143  145  159  164  179  184
  197  204  214  222  227  231  234  234  236  236  240  241  244  245  245  242
  239  234  230  225  219  216  213  210  211  210  213  214  218  217  219  216
  216  215  216  219  226  221  233  237  235                                   
    57.5-180.0 180.0   5.0 450.0                            LAT/LON1/LON2/DLON/H
  241  233  217  204  189  170  156  140  131  123  120  117  117  113  114  110
  111  107  109  107  109  109  111  112  116  124  133  145  155  168  178  189
  195  207  216  224  230  234  236  238  239  240  243  246  250  251  251  248
  243  240  233  231  224  222  217  217  215  217  217  218  219  218  218  216
  214  212  214  217  225  224  236  238  241                                   
    55.0-180.0 180.0   5.0 450.0                            LAT/LON1/LON2/DLON/H
  247  237  225  212  200  180  165  147  136  123  118  111  111  106  106  102
  102   98   98   93   96   93   98   98  107  113  130  141  158  168  184  190
  202  207  218  225  232  236  240  240  243  245  250  253  257  258  259  256
  252  247  243  239  235  232  230  229  229  228  228  227  228  225  224  220
  220  217  217  220  229  227  243  250  247                                   
    52.5-180.0 180.0   5.0 450.0                            LAT/LON1/LON2/DLON/H
  258  248  238  227  214  194  178  154  138  122  114  106  103   98   98   94
   94   89   89   84   84   82   85   89   97  107  122  140  154  171  181  192
  198  208  218  228  235  240  243  246  247  251  254  259  263  266  266  264
  260  257  252  250  247  246  245  245  244  243  241  239  238  236  233  231
  227  226  225  229  236  237  250  254  258                                   
    50.0-180.0 180.0   5.0 450.0                            LAT/LON1/LON2/DLON/H
  265  256  251  239  228  208  193  168  151  130  119  106  101   96   94   91
   90   86   84   79   79   76   81   84   96  106  125  141  161  173  188  193
  205  211  222  231  240  245  249  251  254  257  262  268  273  276  278  277
  273  271  266  265  261  261  258  259  257  256  253  251  249  247  245  244
  242  241  241  242  248  245  260  267  265                                   
    47.5-180.0 180.0   5.0 450.0                            LAT/LON1/LON2/DLON/H
  273  259  255  250  239  220  205  179  158  136  121  108  101   94   93   89
   90   86   85   80   79   77   81   87   97  110  126  145  159  177  185  197
  203  215  227  238  245  252  255  259  260  266  270  276  281  286  287  287
  284  282  277  276  271  271  266  268  265  264  260  259  257  257  255  257
  257  258  257  259  262  259  269  272  273                                   
    45.0-180.0 180.0   5.0 450.0                            LAT/LON1/LON2/DLON/H
  277  261  260  253  244  227  213  191  170  148  132  116  107   99   96   94
   93   91   88   85   85   84   90   96  109  120  139  153  172  182  196  202
  214  221  234  244  254  259  264  267  270  275  280  287  293  298  302  303
  301  299  294  291  284  280  274  273  269  267  263  263  261  263  264  270
  271  276  274  276  276  269  276  283  277                                   
    42.5-180.0 180.0   5.0 450.0                            LAT/LON1/LON2/DLON/H
  280  260  252  247  238  224  213  194  175  154  139  124  114  104  103   98
  100   97   97   94   95   96  102  110  121  133  147  165  176  190  197  210
  218  230  243  254  263  270  274  279  280  286  290  298  304  311  315  317
  314  311  303  299  290  285  277  276  271  270  265  265  264  268  272  280
  284  290  290  291  290  281  284  284  280                                   
    40.0-180.0 180.0   5.0 450.0                            LAT/LON1/LON2/DLON/H
  278  255  246  236  230  217  209  193  180  164  151  136  126  117  111  110
  109  108  106  105  106  108  117  124  137  146  163  174  190  197  210  217
  231  238  252  260  273  278  285  287  292  295  302  308  317  325  331  333
  331  327  319  314  304  298  288  285  280  278  273  274  274  280  285  295
  300  305  305  304  304  289  287  290  278                                   
    37.5-180.0 180.0   5.0 450.0                            LAT/LON1/LON2/DLON/H
  282  254  238  226  217  204  199  185  177  164  155  144  136  126  122  117
  118  117  117  115  117  120  129  136  147  157  170  183  193  203  212  224
  236  247  260  268  281  286  293  295  301  304  310  317  327  337  342  346
  345  340  332  326  316  312  302  303  298  300  294  295  296  300  306  313
  317  319  318  315  314  300  297  291  282                                   
    35.0-180.0 180.0   5.0 450.0                            LAT/LON1/LON2/DLON/H
  286  255  238  220  209  194  188  179  174  168  163  156  148  140  132  128
  126  126  125  123  127  130  140  148  160  167  182  191  205  212  224  233
  247  254  266  273  286  289  299  301  311  312  323  329  342  350  359  361
  363  359  354  351  344  340  334  335  334  334  332  332  330  331  333  336
  336  332  330  326  324  308  304  302  286                                   
    32.5-180.0 180.0   5.0 450.0                            LAT/LON1/LON2/DLON/H
  302  266  244  225  209  189  183  173  173  167  168  161  156  146  139  134
  132  130  130  129  131  137  145  155  165  174  185  196  205  216  226  238
  250  259  270  276  287  294  305  311  321  324  334  339  353  360  371  373
  377  375  375  376  372  374  369  374  373  378  374  373  369  366  365  360
  357  347  342  336  334  320  316  306  302                                   
    30.0-180.0 180.0   5.0 450.0                            LAT/LON1/LON2/DLON/H
  314  286  262  240  218  197  186  178  178  176  178  173  169  159  150  143
  139  135  134  133  137  143  153  161  172  179  191  201  213  222  234  243
  255  263  272  276  287  293  309  317  331  336  349  353  370  376  390  392
  399  402  407  414  415  424  421  428  428  430  427  423  415  408  397  390
  379  368  357  351  347  332  331  322  314                                   
    27.5-180.0 180.0   5.0 450.0                            LAT/LON1/LON2/DLON/H
  338  307  290  265  237  214  201  189  189  185  189  183  180  168  159  149
  143  138  136  136  140  148  157  166  175  182  190  199  211  219  229  238
  248  257  266  271  283  292  310  323  339  346  361  366  381  388  402  408
  417  425  436  448  456  466  469  478  476  481  473  471  459  450  435  425
  409  393  377  366  360  346  342  329  338                                   
    25.0-180.0 180.0   5.0 450.0                            LAT/LON1/LON2/DLON/H
  347  330  317  298  266  242  219  207  201  202  204  201  198  187  177  165
  156  147  144  141  147  155  167  174  183  187  194  203  212  223  230  242
  248  260  267  276  284  293  311  325  345  354  371  377  395  402  419  426
  439  453  469  487  497  513  515  524  523  524  519  513  499  490  471  461
  442  426  402  392  379  365  358  344  347                                   
    22.5-180.0 180.0   5.0 450.0                            LAT/LON1/LON2/DLON/H
  358  344  342  327  302  278  250  233  226  219  221  215  213  202  191  178
  167  155  148  146  153  164  176  183  190  191  196  197  206  210  219  225
  238  247  260  268  279  289  308  327  346  358  373  381  396  406  424  434
  451  468  488  510  523  535  538  548  546  549  541  540  526  517  498  487
  466  448  421  408  393  377  365  344  358                                   
    20.0-180.0 180.0   5.0 450.0                            LAT/LON1/LON2/DLON/H
  354  354  352  354  330  313  286  271  256  247  242  237  231  222  212  199
  187  171  163  157  165  173  187  192  198  195  194  195  194  203  204  221
  229  246  256  270  282  295  312  330  355  365  384  388  407  414  432  445
  460  482  500  524  536  549  550  559  557  558  556  552  548  536  522  510
  492  473  446  432  412  394  377  353  354                                   
    17.5-180.0 180.0   5.0 450.0                            LAT/LON1/LON2/DLON/H
  346  347  353  356  343  333  313  302  287  276  265  255  247  235  226  212
  200  184  171  167  170  181  191  197  200  193  190  180  178  176  184  194
  213  225  242  258  278  292  311  330  353  368  385  391  409  417  434  446
  462  479  499  519  531  538  539  542  541  544  545  549  547  541  530  519
  503  488  463  447  424  397  374  345  346                                   
    15.0-180.0 180.0   5.0 450.0                            LAT/LON1/LON2/DLON/H
  332  341  339  348  338  334  319  315  304  298  286  275  262  250  238  226
  212  196  183  173  178  183  194  197  198  191  181  169  158  159  163  183
  196  216  235  257  278  294  313  333  354  373  391  403  417  427  440  451
  464  481  497  512  518  522  519  521  520  525  533  537  541  533  525  516
  503  493  474  460  435  409  377  347  332                                   
    12.5-180.0 180.0   5.0 450.0                            LAT/LON1/LON2/DLON/H
  319  323  315  318  311  313  307  309  304  302  292  282  270  257  244  231
  218  202  187  177  175  181  186  186  186  174  163  143  135  132  142  159
  180  202  226  252  272  292  308  331  355  374  393  404  419  428  442  454
  466  479  491  502  506  505  502  505  508  517  522  532  532  526  518  508
  498  492  477  465  441  408  378  343  319                                   
    10.0-180.0 180.0   5.0 450.0                            LAT/LON1/LON2/DLON/H
  300  308  292  290  282  285  280  290  288  292  286  281  270  259  248  235
  222  206  189  175  171  172  176  175  172  160  146  126  116  114  124  147
  171  199  222  247  267  290  306  329  355  374  396  407  426  433  449  457
  472  482  493  501  502  501  499  504  510  517  528  526  526  517  508  499
  487  483  469  463  443  416  380  346  300                                   
     7.5-180.0 180.0   5.0 450.0                            LAT/LON1/LON2/DLON/H
  301  303  286  273  261  256  256  261  262  269  268  269  261  252  241  231
  218  204  186  173  164  160  158  154  149  134  121  103   95   98  109  134
