data/unet/pred0850.15i
     1.0            IONOSPHERE MAPS     GNSS                IONEX VERSION / TYPE
pyspatialgeodesy        IME             05-JAN-18 20:20     PGM / RUN BY / DATE 
Map Name                                                    COMMENT             
Predicted global ionosphere maps (GIM).                     DESCRIPTION         
  2015     3    26     0     0     0                        EPOCH OF FIRST MAP  
  2015     3    27     0     0     0                        EPOCH OF LAST MAP   
  7200                                                      INTERVAL            
    13                                                      # OF MAPS IN FILE   
  NONE                                                      MAPPING FUNCTION    
10.0                                                        ELEVATION CUTOFF    
One-way carrier phase leveled to code                       OBSERVABLES USED    
  6371.0                                                    BASE RADIUS         
 2                                                          MAP DIMENSION       
   450.0 450.0   0.0                                        HGT1 / HGT2 / DHGT  
    87.5 -87.5  -2.5                                        LAT1 / LAT2 / DLAT  
  -180.0 180.0   5.0                                        LON1 / LON2 / DLON  
    -1                                                      EXPONENT            
                                                            END OF HEADER       
[from data line 2145]
     6                                                      START OF TEC MAP    
  2015     3    26    10     0     0                        EPOCH OF CURRENT MAP
    87.5-180.0 180.0   5.0 450.0                            LAT/LON1/LON2/DLON/H
  121  149  149  153  157  160  164  168  170  175  176  180  179  181  180  182
  180  182  181  183  181  183  180  180  177  177  174  173  171  170  168  167
  167  167  167  166  165  163  162  160  158  157  156  155  153  152  151  151
  149  148  146  146  142  143  139  139  135  136  132  134  131  133  130  133
  131  133  133  135  135  139  142  121  121                                   
    85.0-180.0 180.0   5.0 450.0                            LAT/LON1/LON2/DLON/H
  138  133  142  152  156  162  168  175  179  186  190  194  197  200  202  205
  206  209  210  212  212  214  214  215  213  214  212  212  209  209  205  206
  202  203  198  199  194  193  189  187  183  181  176  174  169  167  163  160
  156  154  149  147  142  139  135  131  127  124  121  119  117  116  114  114
  114  115  117  118  122  123  137  118  138                                   
    82.5-180.0 180.0   5.0 450.0                            LAT/LON1/LON2/DLON/H
  119  126  131  136  144  148  157  162  170  173  181  182  190  189  196  194
  201  197  204  199  206  202  209  205  211  207  215  212  219  217  221  220
  222  221  221  218  217  211  209  203  201  194  193  186  185  177  175  168
  165  156  153  145  142  134  131  123  120  112  109  103  101   96   95   92
   93   93   95   96  102  104  117  110  119                                   
    80.0-180.0 180.0   5.0 450.0                            LAT/LON1/LON2/DLON/H
  114  117  118  125  131  137  145  150  156  160  166  168  173  174  178  178
  180  180  182  180  182  180  184  182  188  186  195  194  204  204  214  213
  222  220  227  221  225  217  219  211  211  203  203  194  195  183  184  174
  174  166  164  155  152  143  140  131  128  119  116  109  106   99   97   93
   92   91   91   92   94   96  108  104  114                                   
    77.5-180.0 180.0   5.0 450.0                            LAT/LON1/LON2/DLON/H
  108  115  116  121  125  132  135  142  144  149  150  153  152  155  155  157
  155  157  155  157  153  155  152  157  156  162  167  175  184  191  201  206
  215  218  224  224  226  225  225  224  221  218  216  213  211  206  204  200
  197  193  191  187  182  177  171  167  159  154  146  140  133  126  120  115
  111  108  106  103  104  103  111  102  108                                   
    75.0-180.0 180.0   5.0 450.0                            LAT/LON1/LON2/DLON/H
  108  112  111  117  119  127  129  135  135  139  138  138  136  137  135  136
  134  134  131  131  127  128  124  128  127  137  141  154  162  175  184  197
  205  215  221  227  229  232  232  235  234  236  235  236  235  233  233  230
  230  228  226  224  220  217  210  207  198  193  182  177  166  161  149  144
  134  132  123  123  115  114  118  109  108                                   
    72.5-180.0 180.0   5.0 450.0                            LAT/LON1/LON2/DLON/H
  111  113  111  113  114  121  122  127  125  129  125  125  121  120  117  116
  113  112  109  109  105  106  103  107  108  117  122  136  145  162  173  188
  197  207  216  222  228  231  237  239  243  245  249  251  253  254  257  257
  258  259  258  260  255  255  247  247  235  231  219  212  200  191  178  170
  159  153  143  136  127  119  120  114  111                                   
    70.0-180.0 180.0   5.0 450.0                            LAT/LON1/LON2/DLON/H
  112  105  103  108  108  115  116  122  121  123  118  117  111  110  105  104
  101  101   98   99   96   98   94  100   99  110  114  130  136  155  164  182
  189  203  209  218  225  232  238  246  250  258  262  270  272  275  278  278
  280  282  284  285  282  281  276  273  264  258  245  236  222  211  197  185
  172  165  152  147  133  123  118  114  112                                   
    67.5-180.0 180.0   5.0 450.0                            LAT/LON1/LON2/DLON/H
  108   98   95   98   99  105  109  114  113  116  112  111  104  103  100  100
   99  100   98   99   97   99   96  101   99  109  112  128  136  155  163  179
  187  199  207  215  223  230  240  247  258  263  275  279  287  288  291  290
  291  294  295  298  295  294  288  284  275  268  255  245  231  218  203  189
  177  166  156  144  132  118  111  106  108                                   
    65.0-180.0 180.0   5.0 450.0                            LAT/LON1/LON2/DLON/H
  101   84   83   86   87   95   98  106  106  112  108  109  103  103  100  103
  102  105  103  105  102  104  102  105  104  113  115  130  135  154  159  177
  181  195  201  211  220  230  242  252  264  274  284  293  298  303  303  304
  303  305  305  306  304  299  295  288  279  269  257  245  230  217  201  186
  171  160  147  138  124  112  105   98  101                                   
    62.5-180.0 180.0   5.0 450.0                            LAT/LON1/LON2/DLON/H
   95   78   75   76   75   82   87   95   98  103  102  103   99  101   99  104
  104  108  106  109  105  108  104  108  106  116  116  132  137  155  161  176
  182  195  203  215  224  235  248  260  275  284  298  302  310  309  311  309
  308  306  305  303  300  294  289  280  272  261  249  237  223  209  192  177
  163  150  138  126  115  102  100   90   95                                   
    60.0-180.0 180.0   5.0 450.0                            LAT/LON1/LON2/DLON/H
   90   68   67   64   64   69   75   82   86   92   93   96   95   97   97  101
  101  105  103  104  102  102  102  105  107  114  119  132  138  154  160  174
  180  194  203  217  229  241  257  270  286  295  306  311  317  317  319  315
  314  311  308  303  303  294  291  281  273  262  250  239  224  209  192  175
  159  146  132  124  112  101   97   88   90                                   
    57.5-180.0 180.0   5.0 450.0                            LAT/LON1/LON2/DLON/H
   93   75   66   62   55   57   59   67   71   80   81   87   85   89   87   93
   93   98   96   97   94   94   95   99  105  113  119  133  137  154  158  176
  181  198  208  226  238  255  272  288  304  314  326  327  331  326  328  322
  322  317  314  309  305  298  292  281  274  263  256  243  231  214  198  177
  161  147  134  124  116  104  102   91   93                                   
    55.0-180.0 180.0   5.0 450.0                            LAT/LON1/LON2/DLON/H
  105   82   72   61   53   50   51   55   60   67   71   76   75   79   78   82
   83   85   84   84   82   82   85   90   98  108  117  132  139  156  162  180
  191  208  220  239  255  273  293  309  325  334  344  343  345  342  344  339
  339  333  332  324  322  313  309  300  293  287  278  271  258  243  224  204
  184  168  153  144  136  124  117  105  105                                   
    52.5-180.0 180.0   5.0 450.0                            LAT/LON1/LON2/DLON/H
  131  109   90   75   59   51   47   47   51   58   61   67   67   70   68   73
   72   76   73   74   73   73   78   85   97  109  121  136  143  161  169  190
  200  223  236  259  272  298  313  333  347  357  368  367  369  362  363  358
  359  355  353  346  341  332  325  316  311  303  297  289  281  268  253  232
  214  194  178  166  159  149  143  130  131                                   
    50.0-180.0 180.0   5.0 450.0                            LAT/LON1/LON2/DLON/H
  156  135  115   95   75   63   55   50   51   54   57   62   61   64   63   65
   66   67   66   66   64   68   72   83   96  111  126  142  153  171  182  204
  216  241  255  280  296  319  337  356  372  381  391  390  390  385  386  381
  384  379  379  370  364  355  348  343  336  333  323  318  307  296  279  263
  243  226  206  196  184  171  165  159  156                                   
    47.5-180.0 180.0   5.0 450.0                            LAT/LON1/LON2/DLON/H
  181  163  144  125  101   83   71   61   58   59   60   63   61   63   60   65
   63   68   65   68   67   70   77   88  106  123  140  157  166  185  198  219
  235  262  278  303  315  341  355  378  390  402  411  410  410  405  407  403
  403  399  395  387  378  368  358  351  344  340  331  325  317  305  293  277
  260  241  224  210  201  190  186  186  181                                   
    45.0-180.0 180.0   5.0 450.0                            LAT/LON1/LON2/DLON/H
  192  176  163  150  130  112   93   83   77   73   71   71   68   67   65   67
   69   72   72   74   71   76   81   97  114  135  151  170  182  200  213  235
  252  281  297  323  336  361  376  395  409  419  428  428  428  424  426  423
  423  418  413  404  393  386  373  368  355  350  336  330  318  311  296  283
  264  250  228  219  203  192  189  196  192                                   
    42.5-180.0 180.0   5.0 450.0                            LAT/LON1/LON2/DLON/H
  186  176  170  167  152  137  120  106   98   91   87   84   79   78   74   78
   77   84   83   88   83   89   94  109  127  149  166  184  195  213  226  251
  269  297  313  340  353  380  393  413  426  437  444  444  443  439  440  438
  436  429  421  411  399  387  374  366  351  340  325  315  306  296  285  272
  258  240  221  204  191  180  182  188  186                                   
    40.0-180.0 180.0   5.0 450.0                            LAT/LON1/LON2/DLON/H
  167  160  160  165  160  153  142  130  121  112  107  100   95   90   88   89
   92   95   97   99   96   99  102  115  130  152  170  189  205  221  235  258
  277  305  323  355  371  397  408  431  443  455  461  462  460  457  456  455
  450  446  434  428  414  405  391  381  363  348  326  312  300  289  275  263
  245  229  202  185  168  153  162  164  167                                   
    37.5-180.0 180.0   5.0 450.0                            LAT/LON1/LON2/DLON/H
  136  133  137  148  149  151  145  140  132  127  120  115  108  105  102  104
  105  110  108  113  106  109  109  119  132  152  168  188  203  223  237  262
  281  311  332  364  385  412  429  452  467  479  484  483  482  477  478  474
  472  462  455  448  440  431  416  401  383  362  338  316  302  284  272  255
  238  216  190  165  147  131  137  132  136                                   
    35.0-180.0 180.0   5.0 450.0                            LAT/LON1/LON2/DLON/H
  106  105  108  118  128  136  140  139  138  133  130  125  123  118  118  118
  120  122  120  120  113  111  109  115  127  145  164  184  202  222  239  263
  283  315  339  373  400  432  450  477  492  504  508  508  507  506  505  506
  504  503  498  500  495  490  477  460  442  420  397  368  348  321  301  278
  258  231  198  168  141  123  127  111  106                                   
    32.5-180.0 180.0   5.0 450.0                            LAT/LON1/LON2/DLON/H
   93   95   91  104  111  120  125  128  128  130  130  130  129  131  129  133
  130  134  127  127  117  113  108  112  124  138  156  178  195  216  237  262
  286  316  346  382  415  455  478  506  522  536  541  542  545  544  547  548
  551  551  559  570  581  588  579  560  537  509  485  458  434  401  370  339
  309  277  239  197  166  140  132  105   93                                   
    30.0-180.0 180.0   5.0 450.0                            LAT/LON1/LON2/DLON/H
  100   97   90   92   98  107  112  115  117  121  124  127  133  135  139  139
  140  134  131  123  116  106  105  103  118  131  153  172  199  220  245  268
  292  319  350  391  435  479  511  534  552  567  574  580  579  591  590  605
  609  626  634  651  667  678  681  664  650  615  594  563  545  509  465  416
  379  339  296  252  211  182  170  134  100                                   
    27.5-180.0 180.0   5.0 450.0                            LAT/LON1/LON2/DLON/H
  127  125  110  108  105  108  106  109  111  116  120  127  131  139  141  145
  141  138  130  123  117  108  106  104  119  131  160  179  209  228  256  276
  302  329  367  409  456  498  530  554  578  596  611  617  624  634  651  663
  681  696  723  743  770  786  791  782  767  741  719  695  658  604  563  527
  488  435  381  328  281  241  214  169  127                                   
    25.0-180.0 180.0   5.0 450.0                            LAT/LON1/LON2/DLON/H
  180  173  155  137  134  125  119  111  112  113  117  122  129  135  139  139
  140  130  129  120  119  110  109  104  119  132  160  180  208  232  262  286
  316  352  391  438  482  517  554  577  602  624  640  656  667  690  707  728
  753  783  816  846  876  889  898  891  886  862  842  819  791  752  688  622
  565  520  465  402  348  317  279  232  180                                   
    22.5-180.0 180.0   5.0 450.0                            LAT/LON1/LON2/DLON/H
  264  234  213  188  171  163  150  135  123  123  121  126  128  135  138  140
  138  131  129  123  124  118  117  113  128  140  172  190  222  235  267  288
  327  372  410  460  498  540  573  603  627  651  672  693  715  729  750  779
  813  852  889  916  949  959  973  966  965  951  945  923  893  841  785  723
  654  590  531  474  425  389  358  300  264                                   
    20.0-180.0 180.0   5.0 450.0                            LAT/LON1/LON2/DLON/H
  345  307  282  240  210  196  179  171  157  138  135  130  134  134  137  133
  133  124  126  121  127  120  123  111  134  146  177  194  225  249  286  324
  368  409  450  490  530  568  601  628  654  682  706  729  747  760  783  812
  851  882  918  938  966  977  989  986  987  980  977  968  943  895  828  770
  702  652  587  534  482  455  441  381  345                                   
    17.5-180.0 180.0   5.0 450.0                            LAT/LON1/LON2/DLON/H
  407  368  359  309  272  243  217  205  193  173  154  142  140  139  141  137
  136  132  127  128  133  129  133  128  149  156  178  190  233  268  310  349
  389  433  478  522  555  589  613  643  668  697  726  752  768  788  809  839
  868  895  920  937  954  961  973  968  972  962  962  946  931  884  829  767
  713  663  625  576  538  511  497  443  407                                   
    15.0-180.0 180.0   5.0 450.0                            LAT/LON1/LON2/DLON/H
  438  420  403  370  340  303  266  246  225  214  182  159  148  142  137  138
  130  133  130  131  135  131  136  132  139  143  172  200  249  290  340  380
  420  466  509  549  574  606  630  655  683  711  743  764  779  797  819  841
  862  879  894  900  909  906  918  916  914  909  904  890  869  835  779  734
  678  650  613  581  551  534  522  491  438                                   
    12.5-180.0 180.0   5.0 450.0                            LAT/LON1/LON2/DLON/H
  466  453  449  423  387  351  316  282  263  234  212  180  165  151  139  137
  129  133  129  135  137  134  138  129  133  140  166  211  259  314  351  395
  437  489  528  559  586  612  635  661  687  714  743  774  787  811  826  844
  850  856  854  854  845  842  836  836  829  825  815  807  787  762  726  688
  645  608  582  552  542  529  527  505  466                                   
    10.0-180.0 180.0   5.0 450.0                            LAT/LON1/LON2/DLON/H
  472  479  469  452  421  384  345  308  284  258  239  211  184  168  149  149
  133  143  138  147  144  139  129  120  132  138  170  222  277  333  369  414
  454  504  532  562  584  615  640  663  690  715  747  773  790  812  827  838
  839  831  823  801  790  770  762  747  750  739  741  732  721  706  672  643
  596  561  528  508  502  498  512  477  472                                   
     7.5-180.0 180.0   5.0 450.0                            LAT/LON1/LON2/DLON/H
  474  504  486  474  447  406  368  330  307  278  262  222  201  179  167  163
  152  154  148  152  147  135  124  118  126  143  186  253  300  339  368  409
