data/unet/pred2980.15i
     1.0            IONOSPHERE MAPS     GNSS                IONEX VERSION / TYPE
pyspatialgeodesy        IME             05-JAN-18 20:20     PGM / RUN BY / DATE 
Map Name                                                    COMMENT             
Predicted global ionosphere maps (GIM).                     DESCRIPTION         
  2015    10    25     0     0     0                        EPOCH OF FIRST MAP  
  2015    10    26     0     0     0                        EPOCH OF LAST MAP   
  7200                                                      INTERVAL            
    13                                                      # OF MAPS IN FILE   
  NONE                                                      MAPPING FUNCTION    
10.0                                                        ELEVATION CUTOFF    
One-way carrier phase leveled to code                       OBSERVABLES USED    
  6371.0                                                    BASE RADIUS         
 2                                                          MAP DIMENSION       
   450.0 450.0   0.0                                        HGT1 / HGT2 / DHGT  
    87.5 -87.5  -2.5                                        LAT1 / LAT2 / DLAT  
  -180.0 180.0   5.0                                        LON1 / LON2 / DLON  
    -1                                                      EXPONENT            
                                                            END OF HEADER       
[from data line 2574]
     7                                                      START OF TEC MAP    
  2015    10    25    12     0     0                        EPOCH OF CURRENT MAP
    87.5-180.0 180.0   5.0 450.0                            LAT/LON1/LON2/DLON/H
   98  105  110  111  113  111  114  114  117  117  119  120  121  121  122  122
  122  123  123  123  123  124  122  124  122  123  121  122  120  121  118  119
  115  116  113  113  110  110  108  107  105  105  103  103  101  102  100  102
  100  103  101  104  102  105  103  106  104  106  104  107  106  108  107  109
  108  110  109  112  112  114  124  111   98                                   
    85.0-180.0 180.0   5.0 450.0                            LAT/LON1/LON2/DLON/H
   96   99  104   99  103  100  107  104  109  107  111  109  113  111  114  112
  114  113  115  114  116  115  117  117  119  120  121  121  120  121  119  119
  116  117  114  113  110  109  108  105  104  101  100   97   97   94   95   92
   93   90   93   89   91   89   92   90   92   90   92   90   93   91   94   92
   95   93   96   95   97   99  109  109   96                                   
    82.5-180.0 180.0   5.0 450.0                            LAT/LON1/LON2/DLON/H
   86   87   85   84   85   85   90   92   95   96  100   99  103  101  105  102
  106  102  107  103  109  106  113  111  118  116  122  119  123  120  123  119
  120  117  117  114  112  109  107  104  101   97   96   92   91   87   88   83
   84   80   81   78   78   75   76   73   75   72   75   74   76   75   76   76
   77   77   77   78   79   79   82   91   86                                   
    80.0-180.0 180.0   5.0 450.0                            LAT/LON1/LON2/DLON/H
   73   73   72   68   74   73   80   80   86   85   90   88   93   90   94   91
   94   92   95   94   99   98  104  104  111  112  117  118  120  122  122  124
  122  125  121  122  118  118  114  111  108  106  104  101  100   96   95   91
   91   87   87   83   82   78   78   75   75   72   73   70   74   69   74   68
   73   68   72   67   70   66   65   74   73                                   
    77.5-180.0 180.0   5.0 450.0                            LAT/LON1/LON2/DLON/H
   61   61   60   57   62   62   67   68   74   74   79   78   82   80   83   81
   83   81   84   83   86   88   93   97  102  107  112  117  119  125  124  131
  128  135  131  135  129  130  125  124  118  117  113  112  108  108  105  104
  101  101   96   95   89   88   84   82   77   77   73   73   70   70   69   67
   67   65   65   62   62   58   54   67   61                                   
    75.0-180.0 180.0   5.0 450.0                            LAT/LON1/LON2/DLON/H
   53   48   51   46   52   53   59   60   66   67   72   73   74   75   74   75
   73   74   73   75   76   81   84   94   98  108  112  122  123  132  132  141
  138  148  146  152  147  151  144  145  137  139  133  134  129  128  126  124
  121  118  115  112  108  104   99   96   88   86   77   76   71   67   66   64
   64   61   61   56   56   53   50   58   53                                   
    72.5-180.0 180.0   5.0 450.0                            LAT/LON1/LON2/DLON/H
   50   48   44   41   43   43   47   51   56   58   63   65   67   68   67   67
   65   66   65   69   72   77   83   92  101  111  119  128  134  142  145  152
  154  162  164  168  170  171  170  167  164  162  159  157  154  152  150  145
  141  137  132  129  122  118  110  104   96   90   82   78   72   68   66   63
   64   60   61   56   56   49   51   59   50                                   
    70.0-180.0 180.0   5.0 450.0                            LAT/LON1/LON2/DLON/H
   52   46   43   37   41   41   45   47   53   54   60   62   64   65   64   64
   61   61   60   64   68   75   82   96  103  116  122  133  138  149  152  161
  165  174  178  185  187  192  192  191  189  188  185  183  182  180  177  171
  165  158  150  140  131  123  115  107   97   90   81   75   71   66   65   61
   64   59   61   57   56   54   53   59   52                                   
    67.5-180.0 180.0   5.0 450.0                            LAT/LON1/LON2/DLON/H
   56   51   42   39   38   35   38   41   45   49   53   56   59   60   60   59
   57   57   58   63   69   77   87   99  109  118  126  135  142  151  157  164
  171  178  187  193  202  204  211  207  209  205  206  203  202  198  195  186
  179  169  158  145  132  122  111  102   91   84   73   71   64   63   61   59
   61   58   61   58   59   53   58   64   56                                   
    65.0-180.0 180.0   5.0 450.0                            LAT/LON1/LON2/DLON/H
   57   49   44   38   38   36   37   39   43   46   50   54   56   58   57   58
   55   56   56   62   67   81   89  104  111  121  127  135  140  148  155  164
  171  181  191  201  210  216  223  222  223  221  221  220  217  214  208  198
  188  175  162  144  130  115  104   92   83   73   65   61   58   57   58   56
   59   58   61   60   59   59   60   65   57                                   
    62.5-180.0 180.0   5.0 450.0                            LAT/LON1/LON2/DLON/H
   57   52   42   41   36   34   32   36   36   41   44   49   50   52   52   53
   52   53   55   61   69   82   92  104  112  120  126  133  138  145  153  161
  169  178  191  202  214  218  228  226  229  225  226  223  221  216  210  199
  189  174  160  141  125  108   96   85   75   66   57   54   51   52   53   53
   54   54   58   58   59   56   61   68   57                                   
    60.0-180.0 180.0   5.0 450.0                            LAT/LON1/LON2/DLON/H
   54   48   43   38   38   34   33   34   34   37   39   44   45   47   46   48
   47   50   51   59   64   80   89  103  110  118  125  130  138  145  152  162
  169  180  193  204  217  221  230  226  231  227  229  226  222  217  211  199
  190  175  160  139  123  105   93   82   74   66   59   56   53   53   53   53
   53   53   54   55   54   56   58   61   54                                   
    57.5-180.0 180.0   5.0 450.0                            LAT/LON1/LON2/DLON/H
   54   51   41   42   36   35   30   31   29   33   34   38   39   41   40   42
   43   46   49   56   63   75   86   99  106  117  123  131  138  145  156  163
  173  181  196  208  219  223  229  226  230  225  229  224  223  217  211  200
  194  179  165  145  129  112   99   88   80   73   65   63   59   60   57   57
   55   54   54   54   54   53   55   61   54                                   
    55.0-180.0 180.0   5.0 450.0                            LAT/LON1/LON2/DLON/H
   55   49   44   40   40   37   35   33   32   32   32   34   34   35   34   37
   36   41   43   52   57   73   81   97  103  116  123  132  143  152  163  172
  182  193  210  219  230  232  236  232  235  233  233  232  228  224  220  211
  205  194  180  161  146  129  115  105   97   91   86   84   81   79   75   70
   67   64   61   60   58   58   60   57   55                                   
    52.5-180.0 180.0   5.0 450.0                            LAT/LON1/LON2/DLON/H
   62   57   47   47   42   41   37   36   34   34   34   35   34   35   34   36
   37   41   44   54   59   72   81   96  105  118  128  140  151  162  172  182
  193  207  220  231  240  242  245  241  245  241  244  241  238  234  230  224
  219  210  200  184  170  151  138  125  119  113  108  106  102  103   95   92
   85   81   76   73   70   66   66   69   62                                   
    50.0-180.0 180.0   5.0 450.0                            LAT/LON1/LON2/DLON/H
   71   64   57   53   54   50   49   44   43   40   40   38   36   35   34   36
   36   41   45   55   61   76   85  101  109  123  133  145  156  168  177  188
  202  214  231  241  251  254  257  257  258  258  258  255  251  249  245  240
  237  228  219  207  194  176  161  146  139  133  129  129  127  127  122  116
  109  104   98   93   86   83   81   77   71                                   
    47.5-180.0 180.0   5.0 450.0                            LAT/LON1/LON2/DLON/H
   86   78   68   66   64   59   57   54   52   49   49   46   44   41   40   41
   43   48   54   63   73   85   96  108  118  131  142  153  165  175  183  193
  207  221  236  249  259  265  271  272  274  273  273  269  266  262  258  254
  249  240  233  220  207  186  171  156  148  144  140  142  140  142  136  134
  128  124  119  114  108   99   98   99   86                                   
    45.0-180.0 180.0   5.0 450.0                            LAT/LON1/LON2/DLON/H
   99   91   82   77   78   72   72   66   66   61   61   56   53   48   47   47
   51   55   62   72   82   97  107  120  128  140  150  159  169  176  183  193
  208  221  240  255  269  279  285  289  288  290  287  285  280  278  273  267
  261  253  243  230  214  192  175  159  152  147  145  146  147  149  146  144
  140  138  135  133  126  120  118  115   99                                   
    42.5-180.0 180.0   5.0 450.0                            LAT/LON1/LON2/DLON/H
  109  103   94   90   88   81   79   75   74   71   72   67   64   57   57   57
   61   64   73   83   94  107  119  130  139  148  156  163  170  172  179  186
  199  213  234  255  275  289  299  303  304  303  302  297  293  289  282  274
  265  255  244  227  206  183  165  151  145  142  140  141  141  144  141  142
  140  139  139  137  135  127  132  132  109                                   
    40.0-180.0 180.0   5.0 450.0                            LAT/LON1/LON2/DLON/H
  114  109  102   96   97   90   89   83   84   81   83   78   75   68   67   66
   70   73   80   92  103  119  129  141  148  155  162  164  168  168  172  177
  190  205  232  258  284  304  315  322  320  320  313  311  305  302  293  284
  274  264  250  230  207  181  162  146  140  137  136  137  136  137  135  133
  130  131  130  131  129  128  132  135  114                                   
    37.5-180.0 180.0   5.0 450.0                            LAT/LON1/LON2/DLON/H
  114  109  103   99   97   92   89   85   85   86   89   87   84   78   76   75
   78   80   86   98  108  124  134  145  152  160  164  165  166  163  166  170
  182  199  229  262  294  320  333  340  339  336  331  326  320  315  304  294
  282  272  258  237  212  188  166  152  145  143  140  139  136  133  127  124
  120  117  114  114  115  112  122  130  114                                   
    35.0-180.0 180.0   5.0 450.0                            LAT/LON1/LON2/DLON/H
  109  102   97   94   97   91   91   86   89   90   93   92   90   84   83   81
   83   85   89  104  113  129  138  149  154  161  167  167  167  165  167  173
  185  207  240  279  311  339  351  361  356  355  348  346  340  337  328  319
  307  297  284  263  238  215  193  178  170  166  163  156  149  141  131  123
  114  109  102  100   97   99  109  118  109                                   
    32.5-180.0 180.0   5.0 450.0                            LAT/LON1/LON2/DLON/H
  102   95   90   91   91   88   85   84   85   89   94   96   95   91   88   87
   87   89   93  105  115  128  137  148  153  163  169  173  174  175  178  189
  203  226  262  301  336  361  375  383  382  379  375  374  372  371  364  360
  351  343  331  311  291  267  248  231  224  215  209  197  184  167  151  136
  125  113  102   96   92   92   96  108  102                                   
    30.0-180.0 180.0   5.0 450.0                            LAT/LON1/LON2/DLON/H
  103   87   81   82   86   83   84   80   85   87   94   94   95   89   89   87
   88   91   95  109  119  131  137  146  152  162  173  179  187  193  201  218
  235  268  299  336  363  384  395  406  405  408  408  411  415  418  418  417
  414  409  398  382  366  346  325  309  299  289  273  256  235  213  193  177
  159  144  124  110   97   96  101  100  103                                   
    27.5-180.0 180.0   5.0 450.0                            LAT/LON1/LON2/DLON/H
  111   92   82   83   82   82   79   78   80   85   90   94   95   93   90   90
   90   93   98  111  122  132  136  144  150  165  177  191  206  219  238  261
  290  319  348  376  398  409  425  432  440  444  450  458  469  477  486  490
  493  489  485  471  462  433  414  395  395  379  362  340  315  285  260  235
  216  193  170  143  126  115  113  101  111                                   
    25.0-180.0 180.0   5.0 450.0                            LAT/LON1/LON2/DLON/H
  118   97   86   83   82   83   80   79   80   82   89   90   94   88   91   88
   91   95  105  119  131  138  142  145  154  165  187  204  229  250  279  312
  341  376  396  419  432  443  451  467  474  487  496  510  523  540  554  564
  569  570  565  560  539  525  496  487  473  464  436  416  382  358  326  300
  267  247  215  194  164  146  138  115  118                                   
    22.5-180.0 180.0   5.0 450.0                            LAT/LON1/LON2/DLON/H
  129  124  108   97   95   90   87   83   80   81   84   87   88   88   87   88
   90   97  109  124  135  143  146  153  160  180  201  228  254  285  321  354
  391  418  443  461  467  468  484  499  518  535  551  571  589  608  620  630
  633  635  631  621  607  576  558  537  532  513  494  470  443  410  379  351
  323  297  272  243  217  186  171  134  129                                   
    20.0-180.0 180.0   5.0 450.0                            LAT/LON1/LON2/DLON/H
  156  145  129  117  106  103   99   93   89   84   85   83   86   80   85   82
   90   96  117  130  147  150  157  161  173  190  215  241  276  312  353  387
  420  452  472  484  486  495  505  535  555  580  601  624  645  661  673  681
  684  685  684  670  646  620  589  574  555  544  520  506  480  462  431  409
  379  360  332  305  271  242  210  179  156                                   
    17.5-180.0 180.0   5.0 450.0                            LAT/LON1/LON2/DLON/H
  187  175  158  139  128  118  112  103   97   88   85   82   83   80   81   84
   89  101  121  140  157  165  167  175  184  205  230  260  302  335  380  407
  450  476  498  505  509  517  536  562  589  617  643  665  684  699  703  706
  703  702  695  682  659  629  603  582  562  534  516  503  493  482  459  445
  426  408  383  356  324  293  261  224  187                                   
    15.0-180.0 180.0   5.0 450.0                            LAT/LON1/LON2/DLON/H
  222  211  187  162  143  127  118  109   98   87   81   77   78   77   81   78
   90   98  126  145  166  170  176  181  197  219  245  282  319  357  392  429
  463  492  508  522  524  544  557  587  615  646  674  689  709  716  717  711
  703  693  682  667  643  620  588  564  522  496  472  467  461  462  451  443
  431  421  402  382  361  331  308  269  222                                   
    12.5-180.0 180.0   5.0 450.0                            LAT/LON1/LON2/DLON/H
  239  237  211  185  162  140  129  113  103   89   79   77   79   80   84   87
   95  108  128  150  167  178  183  193  214  237  268  305  346  378  415  444
  480  504  521  535  546  560  578  602  636  664  689  702  716  718  710  703
  685  671  652  638  619  599  563  519  479  447  421  414  411  419  415  416
  408  408  394  389  372  355  333  296  239                                   
    10.0-180.0 180.0   5.0 450.0                            LAT/LON1/LON2/DLON/H
  252  247  223  193  174  149  134  118  101   84   72   70   70   73   81   87
   98  109  134  148  171  178  196  208  229  261  291  333  367  403  430  460
  488  512  528  547  558  573  590  616  646  674  696  703  717  718  710  701
  680  663  639  624  603  578  531  489  439  403  373  367  364  375  375  377
  374  377  378  374  372  356  352  310  252                                   
     7.5-180.0 180.0   5.0 450.0                            LAT/LON1/LON2/DLON/H
  256  248  227  197  179  156  144  124  110   90   76   72   72   68   76   86
  103  118  137  153  175  183  201  221  247  286  320  362  396  426  450  474
