data/unet/pred2960.15i
     1.0            IONOSPHERE MAPS     GNSS                IONEX VERSION / TYPE
pyspatialgeodesy        IME             05-JAN-18 20:20     PGM / RUN BY / DATE 
Map Name                                                    COMMENT             
Predicted global ionosphere maps (GIM).                     DESCRIPTION         
  2015    10    23     0     0     0                        EPOCH OF FIRST MAP  
  2015    10    24     0     0     0                        EPOCH OF LAST MAP   
  7200                                                      INTERVAL            
    13                                                      # OF MAPS IN FILE   
  NONE                                                      MAPPING FUNCTION    
10.0                                                        ELEVATION CUTOFF    
One-way carrier phase leveled to code                       OBSERVABLES USED    
  6371.0                                                    BASE RADIUS         
 2                                                          MAP DIMENSION       
   450.0 450.0   0.0                                        HGT1 / HGT2 / DHGT  
    87.5 -87.5  -2.5                                        LAT1 / LAT2 / DLAT  
  -180.0 180.0   5.0                                        LON1 / LON2 / DLON  
    -1                                                      EXPONENT            
                                                            END OF HEADER       
     1                                                      START OF TEC MAP    
  2015    10    23     0     0     0                        EPOCH OF CURRENT MAP
    87.5-180.0 180.0   5.0 450.0                            LAT/LON1/LON2/DLON/H
  134  108  106  101  100   97   99   98  100   99  101   99  102  100  102  100
  101  100  101   99   99   97   98   95   95   93   93   91   90   88   89   86
   87   86   87   85   87   85   87   85   88   85   89   86   90   88   91   89
   92   92   94   94   96   96   97   97   98   98   99   98   99   98   98   97
   98   97   98   98  103  102  108  129  134                                   
    85.0-180.0 180.0   5.0 450.0                            LAT/LON1/LON2/DLON/H
  117  103  106  102  100   93   97   94   98   94   99   96  100   97  100   97
  100   97   99   95   96   92   92   87   87   83   83   78   78   74   75   71
   73   70   73   71   74   72   75   73   76   74   78   77   81   80   84   83
   87   87   91   91   94   95   98   98  100  100  102  101  103  102  103  101
  104  102  104  102  107  100  100  112  117                                   
    82.5-180.0 180.0   5.0 450.0                            LAT/LON1/LON2/DLON/H
  118  112  113  112  107  103  104  103  104  104  106  107  109  109  111  110
  111  109  109  106  104  100   98   93   91   85   83   78   77   72   73   69
   70   68   70   68   71   70   73   72   75   73   78   77   82   80   86   84
   90   89   95   94  100   99  105  103  110  107  113  110  116  113  117  114
  118  115  119  116  120  113  112  117  118                                   
    80.0-180.0 180.0   5.0 450.0                            LAT/LON1/LON2/DLON/H
  126  126  125  124  118  116  115  116  116  118  120  123  124  126  128  129
  128  127  125  123  119  115  110  106  100   95   90   86   81   78   76   75
   73   73   74   75   76   77   79   80   81   82   84   85   86   88   89   90
   92   93   96   97  101  102  106  108  111  113  116  118  121  123  125  127
  129  130  131  132  133  129  128  133  126                                   
    77.5-180.0 180.0   5.0 450.0                            LAT/LON1/LON2/DLON/H
  138  139  138  137  130  129  127  128  128  131  133  137  139  142  143  145
  144  144  141  138  133  128  122  116  109  103   97   92   87   84   81   80
   79   79   79   81   81   82   83   83   83   84   84   84   84   84   84   84
   85   85   87   88   91   94   98  101  105  109  113  116  120  124  127  131
  134  137  139  142  144  142  141  145  138                                   
    75.0-180.0 180.0   5.0 450.0                            LAT/LON1/LON2/DLON/H
  146  152  153  151  143  141  138  139  138  141  144  148  150  154  155  157
  156  155  152  149  143  138  131  124  116  110  103   98   93   91   88   87
   86   87   87   88   88   88   88   88   87   86   86   84   83   81   80   79
   78   77   78   79   81   84   88   92   97  101  106  111  116  121  125  130
  135  140  145  149  153  154  155  158  146                                   
    72.5-180.0 180.0   5.0 450.0                            LAT/LON1/LON2/DLON/H
  161  166  166  162  153  151  147  147  146  149  151  154  156  158  158  159
  157  155  152  148  142  136  129  122  114  107  101   96   92   89   89   88
   88   88   89   88   89   88   87   86   84   82   81   78   76   72   70   67
   65   63   64   64   68   71   76   81   87   92   98  104  111  116  121  127
  134  140  147  153  161  164  167  172  161                                   
    70.0-180.0 180.0   5.0 450.0                            LAT/LON1/LON2/DLON/H
  171  177  183  177  167  161  158  156  155  156  157  158  158  158  157  155
  152  148  145  139  133  127  120  112  105   97   92   87   85   83   84   83
   85   84   86   84   85   82   82   79   79   75   74   71   68   64   62   58
   55   52   53   54   57   62   68   74   81   87   94  101  109  115  121  126
  134  140  149  156  165  170  177  182  171                                   
    67.5-180.0 180.0   5.0 450.0                            LAT/LON1/LON2/DLON/H
  187  190  194  187  177  172  167  166  164  164  163  162  159  155  151  147
  142  138  133  128  121  115  107   99   91   84   79   75   74   73   75   75
   77   76   77   75   74   71   70   68   66   64   63   60   58   54   52   48
   45   42   43   46   50   56   63   71   79   87   94  102  110  116  121  127
  133  139  148  156  167  173  180  189  187                                   
    65.0-180.0 180.0   5.0 450.0                            LAT/LON1/LON2/DLON/H
  195  199  204  197  187  182  177  175  173  173  170  167  160  153  146  139
  133  128  124  118  113  105   98   88   81   73   69   64   65   63   66   65
   68   66   67   63   63   59   58   54   54   52   53   51   51   49   48   44
   41   40   40   43   47   55   63   72   82   90   99  107  116  122  127  131
  136  141  148  155  165  172  181  191  195                                   
    62.5-180.0 180.0   5.0 450.0                            LAT/LON1/LON2/DLON/H
  205  204  206  200  191  186  182  180  179  178  175  170  162  153  143  135
  129  124  120  115  109  101   92   83   75   67   62   58   58   56   57   57
   59   57   56   53   51   48   45   44   43   43   45   45   47   47   46   43
   41   39   40   43   49   56   65   75   86   96  106  115  124  130  135  139
  142  145  149  156  164  171  179  192  205                                   
    60.0-180.0 180.0   5.0 450.0                            LAT/LON1/LON2/DLON/H
  208  209  211  203  194  189  184  183  183  183  180  174  165  155  145  137
  132  127  124  119  112  103   92   81   72   64   59   55   54   53   54   53
   54   52   51   47   46   42   41   38   40   40   44   46   50   51   51   47
   46   44   44   47   52   59   68   79   92  103  114  124  135  142  148  151
  155  156  158  162  167  171  180  194  208                                   
    57.5-180.0 180.0   5.0 450.0                            LAT/LON1/LON2/DLON/H
  218  216  216  209  198  192  186  185  185  186  183  178  170  161  152  146
  141  137  133  128  119  109   96   84   74   66   60   57   55   55   54   54
   54   53   50   49   47   45   42   42   43   45   49   53   57   57   57   54
   53   51   51   52   56   62   72   83   96  108  121  133  145  154  162  167
  171  172  174  175  178  180  185  199  218                                   
    55.0-180.0 180.0   5.0 450.0                            LAT/LON1/LON2/DLON/H
  232  231  232  221  209  201  194  190  190  190  188  183  176  169  162  157
  154  151  145  138  128  115  101   89   78   71   66   64   63   62   62   62
   61   60   59   57   57   54   54   52   55   56   62   65   69   69   69   66
   64   61   59   59   62   67   76   87  101  114  128  141  156  167  176  184
  190  193  195  195  196  196  199  214  232                                   
    52.5-180.0 180.0   5.0 450.0                            LAT/LON1/LON2/DLON/H
  256  251  252  242  228  216  206  200  197  195  193  188  183  177  173  170
  167  163  156  147  134  121  107   96   86   81   77   76   76   75   74   74
   73   72   71   72   71   71   69   69   70   73   76   79   82   82   82   79
   77   73   70   69   70   74   82   93  106  120  135  150  166  179  191  200
  210  217  221  223  223  222  220  236  256                                   
    50.0-180.0 180.0   5.0 450.0                            LAT/LON1/LON2/DLON/H
  281  280  282  269  254  239  226  215  208  204  199  195  190  187  183  181
  176  170  160  149  135  121  109  101   95   92   90   91   90   90   88   87
   87   85   86   86   89   88   89   87   90   90   95   96   99   98   97   94
   91   86   82   80   80   83   91  102  116  129  143  158  175  189  202  215
  228  238  246  251  252  251  248  261  281                                   
    47.5-180.0 180.0   5.0 450.0                            LAT/LON1/LON2/DLON/H
  303  304  308  299  285  269  251  237  225  217  209  204  199  197  194  191
  183  173  160  146  132  121  112  106  104  103  103  104  103  102   99   97
   96   96   97   99  101  103  103  104  104  106  109  111  113  112  110  107
  104   99   95   92   91   95  102  114  126  141  155  168  185  198  213  227
  242  254  265  274  279  279  276  285  303                                   
    45.0-180.0 180.0   5.0 450.0                            LAT/LON1/LON2/DLON/H
  313  324  329  323  312  298  279  264  247  236  225  217  211  209  205  200
  188  174  157  141  129  120  114  112  112  112  112  112  111  108  105  102
  101   99  102  104  109  111  114  114  117  119  124  125  127  126  123  120
  117  114  110  108  107  109  118  129  144  157  169  181  195  208  220  235
  249  262  276  289  298  302  299  303  313                                   
    42.5-180.0 180.0   5.0 450.0                            LAT/LON1/LON2/DLON/H
  315  324  335  336  330  321  306  290  272  257  243  233  227  223  218  210
  195  177  158  143  132  125  122  121  120  119  117  114  111  106  103   99
   97   96   99  103  108  113  115  118  121  126  131  134  138  136  134  131
  129  126  125  123  122  127  136  148  163  176  188  198  211  220  232  241
  253  264  279  294  309  312  310  312  315                                   
    40.0-180.0 180.0   5.0 450.0                            LAT/LON1/LON2/DLON/H
  304  317  329  334  334  330  320  309  293  280  264  254  246  242  235  223
  204  184  164  150  142  136  133  130  127  121  116  110  105   99   95   90
   89   87   92   96  103  108  113  116  124  129  137  142  146  146  144  142
  139  139  137  136  136  141  152  166  182  194  204  213  224  234  241  248
  255  263  276  291  307  313  312  314  304                                   
    37.5-180.0 180.0   5.0 450.0                            LAT/LON1/LON2/DLON/H
  295  303  317  323  327  328  326  321  310  298  285  273  266  261  253  240
  219  198  179  168  160  154  148  141  132  123  113  105   98   92   88   84
   82   82   85   91   97  104  108  115  121  129  139  145  152  151  150  147
  146  144  143  143  144  150  163  177  195  207  219  228  241  248  255  257
  260  263  273  285  302  308  310  313  295                                   
    35.0-180.0 180.0   5.0 450.0                            LAT/LON1/LON2/DLON/H
  287  295  304  310  315  320  323  324  318  312  302  293  287  282  272  258
  238  217  201  191  182  174  162  148  135  121  111  102   97   93   92   88
   89   89   93   97  104  108  113  116  123  130  140  147  154  154  153  150
  148  146  144  144  145  152  165  181  200  213  226  236  249  260  266  269
  270  272  280  289  303  310  317  320  287                                   
    32.5-180.0 180.0   5.0 450.0                            LAT/LON1/LON2/DLON/H
  300  301  309  310  311  315  321  324  323  320  315  310  306  300  290  275
  257  240  224  214  202  188  170  153  137  124  114  110  108  110  111  113
  115  118  119  123  123  126  124  127  128  134  141  148  153  152  151  147
  144  141  138  136  138  145  160  177  197  213  227  239  253  266  278  283
  288  290  299  307  321  328  337  339  300                                   
    30.0-180.0 180.0   5.0 450.0                            LAT/LON1/LON2/DLON/H
  333  331  335  325  319  316  317  320  322  324  324  323  321  316  304  290
  273  258  242  229  212  193  170  152  140  132  130  133  138  145  152  155
  160  159  159  156  155  150  147  142  141  140  144  147  150  147  144  140
  137  134  130  127  127  135  149  168  188  205  219  233  250  266  285  298
  309  319  328  340  354  365  382  377  333                                   
    27.5-180.0 180.0   5.0 450.0                            LAT/LON1/LON2/DLON/H
  394  394  390  370  352  339  330  328  328  331  334  334  333  326  316  300
  284  269  251  232  208  185  163  150  146  150  159  174  190  203  212  217
  218  216  209  201  190  181  171  163  155  149  146  144  143  138  134  130
  127  122  117  112  112  119  135  155  176  196  212  226  246  267  290  311
  329  345  362  379  396  410  429  420  394                                   
    25.0-180.0 180.0   5.0 450.0                            LAT/LON1/LON2/DLON/H
  474  485  467  434  407  380  359  348  343  344  347  348  345  339  325  310
  290  273  250  224  195  170  155  153  165  185  209  235  259  277  287  290
  286  275  258  239  223  207  194  181  168  155  148  140  136  130  125  122
  118  113  106  103  102  110  126  148  172  191  209  225  247  272  299  328
  353  379  404  424  444  461  488  478  474                                   
    22.5-180.0 180.0   5.0 450.0                            LAT/LON1/LON2/DLON/H
  560  579  556  521  483  446  413  394  381  377  373  371  364  354  338  318
  297  272  243  210  178  159  155  170  198  236  276  312  337  351  353  347
  333  313  289  263  238  219  205  190  174  159  145  135  127  121  114  111
  105   98   91   87   90  101  123  148  175  196  216  233  258  282  312  345
  384  418  448  471  492  512  536  533  560                                   
    20.0-180.0 180.0   5.0 450.0                            LAT/LON1/LON2/DLON/H
  641  673  651  615  577  529  488  458  439  427  418  410  396  383  360  339
  310  281  241  204  173  163  174  207  253  308  355  392  407  410  399  379
  356  328  296  265  237  218  205  192  176  158  143  131  124  117  108  104
   96   90   82   80   85  100  125  155  187  211  232  252  275  300  332  371
  417  459  496  522  547  567  596  590  641                                   
    17.5-180.0 180.0   5.0 450.0                            LAT/LON1/LON2/DLON/H
  703  741  729  703  665  619  570  534  506  490  474  459  440  421  396  371
  339  300  258  217  192  193  217  266  326  386  427  447  447  430  404  370
  337  304  272  241  220  205  196  186  171  156  139  128  118  113  102   99
   94   87   81   76   83  100  128  165  201  231  254  275  297  320  354  396
  443  488  530  559  586  608  638  631  703                                   
    15.0-180.0 180.0   5.0 450.0                            LAT/LON1/LON2/DLON/H
  737  790  795  784  757  706  657  614  582  559  540  520  496  472  446  422
  386  347  300  264  243  256  292  354  414  461  479  474  452  416  382  339
  302  265  234  208  192  185  185  180  168  154  139  128  121  112  104   98
   94   88   80   77   86  107  140  179  219  250  276  297  321  343  379  423
  467  513  555  586  616  638  671  657  737                                   
    12.5-180.0 180.0   5.0 450.0                            LAT/LON1/LON2/DLON/H
  734  793  819  830  813  773  724  681  646  621  598  577  550  527  503  480
  449  411  367  336  326  346  389  441  482  500  487  450  406  359  323  284
  252  219  199  183  175  173  174  175  167  157  143  133  123  115  105  100
   97   90   83   80   91  115  153  192  232  264  289  312  339  367  399  441
  481  525  565  596  621  640  669  659  734                                   
    10.0-180.0 180.0   5.0 450.0                            LAT/LON1/LON2/DLON/H
  721  774  812  842  849  821  783  740  707  679  659  633  610  587  569  550
  521  488  448  430  430  458  493  525  536  510  463  395  335  284  259  224
  207  188  181  171  171  174  179  179  173  162  151  140  132  119  112  103
  103   96   91   91  103  129  165  202  242  269  293  319  350  381  416  454
  492  532  568  596  619  636  663  654  721                                   
     7.5-180.0 180.0   5.0 450.0                            LAT/LON1/LON2/DLON/H
  691  739  781  827  848  838  813  779  748  723  702  679  656  636  623  608
  586  559  525  516  522  548  571  573  544  480  400  313  254  214  200  185
