data/unet/pred1720.15i
     1.0            IONOSPHERE MAPS     GNSS                IONEX VERSION / TYPE
pyspatialgeodesy        IME             05-JAN-18 20:20     PGM / RUN BY / DATE 
Map Name                                                    COMMENT             
Predicted global ionosphere maps (GIM).                     DESCRIPTION         
  2015     6    21     0     0     0                        EPOCH OF FIRST MAP  
  2015     6    22     0     0     0                        EPOCH OF LAST MAP   
  7200                                                      INTERVAL            
    13                                                      # OF MAPS IN FILE   
  NONE                                                      MAPPING FUNCTION    
10.0                                                        ELEVATION CUTOFF    
One-way carrier phase leveled to code                       OBSERVABLES USED    
  6371.0                                                    BASE RADIUS         
 2                                                          MAP DIMENSION       
   450.0 450.0   0.0                                        HGT1 / HGT2 / DHGT  
    87.5 -87.5  -2.5                                        LAT1 / LAT2 / DLAT  
  -180.0 180.0   5.0                                        LON1 / LON2 / DLON  
    -1                                                      EXPONENT            
                                                            END OF HEADER       
[from data line 1716]
     5                                                      START OF TEC MAP    
  2015     6    21     8     0     0                        EPOCH OF CURRENT MAP
    87.5-180.0 180.0   5.0 450.0                            LAT/LON1/LON2/DLON/H
  164  177  188  190  193  193  193  194  194  196  196  198  198  199  199  201
  200  201  201  201  200  201  200  200  199  199  199  199  198  197  197  197
  196  195  195  195  194  194  194  195  194  195  195  197  195  197  195  197
  194  196  194  195  192  193  191  192  190  190  189  189  188  188  187  187
  187  187  186  186  185  183  185  173  164                                   
    85.0-180.0 180.0   5.0 450.0                            LAT/LON1/LON2/DLON/H
  176  183  183  194  196  196  198  199  201  201  204  204  206  206  209  207
  209  208  211  209  210  208  210  207  209  206  209  205  207  203  206  202
  204  201  205  201  204  200  204  201  204  201  205  202  205  202  205  201
  203  200  203  198  199  195  198  193  195  190  192  188  189  186  188  185
  187  185  185  183  185  181  186  170  176                                   
    82.5-180.0 180.0   5.0 450.0                            LAT/LON1/LON2/DLON/H
  185  179  182  187  188  191  192  195  195  198  197  201  199  202  201  204
  202  205  203  206  203  205  203  204  201  202  200  200  198  199  197  197
  196  197  196  197  196  198  197  199  198  199  199  200  200  201  201  201
  201  201  201  200  200  198  197  195  193  191  189  186  184  182  180  178
  178  176  175  173  175  170  173  176  185                                   
    80.0-180.0 180.0   5.0 450.0                            LAT/LON1/LON2/DLON/H
  188  182  178  182  183  184  187  187  189  189  190  190  191  191  193  193
  194  195  196  196  196  195  195  193  192  190  190  187  188  186  186  185
  186  185  187  187  188  189  190  191  192  193  195  195  197  197  200  200
  202  201  203  202  203  201  201  198  197  193  191  187  186  181  179  175
  174  171  169  169  170  164  166  171  188                                   
    77.5-180.0 180.0   5.0 450.0                            LAT/LON1/LON2/DLON/H
  184  186  182  185  186  189  189  190  188  188  187  187  186  187  187  189
  188  191  190  193  191  192  189  189  185  184  181  181  178  179  177  180
  178  182  182  186  186  191  191  196  196  201  202  206  207  211  212  216
  216  219  218  221  218  220  217  217  212  210  205  202  197  192  188  184
  181  177  174  172  171  166  167  170  184                                   
    75.0-180.0 180.0   5.0 450.0                            LAT/LON1/LON2/DLON/H
  186  184  184  186  186  188  187  186  183  182  180  178  177  176  178  178
  180  181  183  183  184  183  182  179  176  172  171  168  167  167  168  170
  172  176  179  184  186  192  193  198  199  205  206  211  213  218  219  224
  224  228  228  230  228  229  226  225  222  219  215  210  206  200  196  190
  187  182  179  178  177  170  171  175  186                                   
    72.5-180.0 180.0   5.0 450.0                            LAT/LON1/LON2/DLON/H
  190  191  188  189  188  187  185  182  178  174  171  167  165  165  164  166
  167  170  172  175  174  175  171  170  163  161  156  156  152  156  157  164
  166  174  178  186  189  196  199  205  207  212  215  221  224  229  232  236
  237  239  239  241  239  240  237  237  233  232  226  225  219  215  209  204
  199  194  190  186  186  180  178  180  190                                   
    70.0-180.0 180.0   5.0 450.0                            LAT/LON1/LON2/DLON/H
  196  192  191  190  189  185  183  177  172  166  163  156  155  152  154  153
  157  158  164  165  168  165  165  158  157  149  149  144  148  147  156  159
  169  174  184  191  197  204  209  214  217  222  226  230  233  238  239  242
  242  243  242  243  241  240  239  238  235  234  232  230  228  222  219  213
  211  203  202  196  197  188  187  191  196                                   
    67.5-180.0 180.0   5.0 450.0                            LAT/LON1/LON2/DLON/H
  198  197  192  189  185  180  176  167  162  153  150  143  141  137  138  138
  141  144  149  153  154  154  151  150  144  143  139  141  141  148  154  164
  171  184  192  202  208  216  220  225  228  233  236  240  243  245  247  247
  247  245  244  242  238  237  233  233  229  231  228  230  228  226  223  221
  218  213  210  205  205  197  194  195  198                                   
    65.0-180.0 180.0   5.0 450.0                            LAT/LON1/LON2/DLON/H
  205  196  193  188  184  176  172  161  156  146  142  133  131  125  126  125
  129  131  139  140  145  144  145  141  142  137  141  140  148  151  164  170
  184  192  204  213  220  228  232  237  240  245  246  250  250  251  251  249
  247  243  239  234  230  226  223  220  220  219  221  222  224  224  225  224
  224  219  218  214  214  204  205  208  205                                   
    62.5-180.0 180.0   5.0 450.0                            LAT/LON1/LON2/DLON/H
  207  202  194  188  181  171  165  152  147  136  132  123  120  114  114  111
  114  115  121  124  128  130  131  132  131  135  137  145  150  162  169  181
  190  203  214  224  232  239  243  248  251  254  257  258  259  258  258  254
  251  245  239  233  227  221  215  212  210  211  210  215  217  220  222  224
  225  225  224  222  222  215  214  215  207                                   
    60.0-180.0 180.0   5.0 450.0                            LAT/LON1/LON2/DLON/H
  216  204  198  189  181  169  161  149  142  132  127  119  115  108  106  102
  104  103  109  110  116  116  121  121  127  131  142  148  162  168  182  187
  201  211  222  232  240  247  252  256  258  262  264  265  267  266  264  259
  253  245  237  229  222  214  209  204  202  201  203  205  211  213  218  221
  225  225  228  227  230  220  226  229  216                                   
    57.5-180.0 180.0   5.0 450.0                            LAT/LON1/LON2/DLON/H
  220  214  203  195  185  170  161  144  137  126  122  113  110  101   99   93
   93   90   94   94   99   99  105  108  116  127  138  153  164  176  184  195
  203  215  226  237  244  252  257  262  264  268  271  273  276  274  273  266
  260  251  242  234  226  218  210  205  201  200  199  202  204  208  212  216
  222  225  229  232  236  230  233  234  220                                   
    55.0-180.0 180.0   5.0 450.0                            LAT/LON1/LON2/DLON/H
  230  220  214  204  193  177  164  149  139  127  121  113  108  101   96   90
   87   85   85   85   88   88   94   99  111  123  141  155  172  180  192  195
  207  214  227  237  246  254  260  263  268  272  277  281  284  285  282  277
  268  259  250  242  234  225  218  211  207  202  202  200  203  203  209  213
  220  223  230  234  241  234  246  247  230                                   
    52.5-180.0 180.0   5.0 450.0                            LAT/LON1/LON2/DLON/H
  237  234  225  216  205  187  173  153  142  128  121  113  108  100   95   88
   86   80   81   78   81   80   87   92  106  121  139  159  171  184  190  199
  204  216  226  238  247  256  261  267  271  277  283  289  293  294  291  285
  279  270  262  255  247  240  231  225  217  212  208  206  207  207  210  213
  220  225  232  237  244  243  252  250  237                                   
    50.0-180.0 180.0   5.0 450.0                            LAT/LON1/LON2/DLON/H
  247  240  237  227  217  200  184  165  150  135  126  117  111  104   97   92
   88   85   83   81   80   80   86   93  107  122  144  160  176  184  194  197
  207  213  227  238  250  257  264  268  276  282  291  297  304  307  303  301
  291  286  275  270  262  255  245  237  229  221  217  212  213  210  213  216
  222  226  233  239  248  245  260  261  247                                   
    47.5-180.0 180.0   5.0 450.0                            LAT/LON1/LON2/DLON/H
  252  249  244  237  226  209  195  173  158  141  132  121  116  108  104   97
   95   90   89   85   85   84   89   96  110  126  144  163  174  185  191  198
  205  217  227  242  253  262  269  276  282  291  298  307  311  315  312  308
  301  295  289  284  278  270  259  250  241  234  230  225  224  222  223  226
  231  235  240  245  254  252  261  259  252                                   
    45.0-180.0 180.0   5.0 450.0                            LAT/LON1/LON2/DLON/H
  254  246  245  238  230  216  203  184  167  152  141  130  122  116  110  107
  104  102  100   98   94   94   99  106  120  131  152  164  178  185  194  198
  210  218  233  245  260  267  277  283  291  298  307  314  321  323  321  319
  311  310  301  300  291  284  271  261  251  245  240  236  234  231  232  233
  238  241  247  252  258  254  262  264  254                                   
    42.5-180.0 180.0   5.0 450.0                            LAT/LON1/LON2/DLON/H
  254  245  238  233  225  213  204  187  173  157  148  136  132  123  120  115
  115  113  112  108  106  105  109  116  127  140  155  167  177  185  193  202
  211  223  239  253  267  277  285  293  300  307  313  321  325  327  325  321
  317  313  309  307  301  292  281  271  261  256  251  247  246  243  245  245
  252  254  260  262  267  261  262  260  254                                   
    40.0-180.0 180.0   5.0 450.0                            LAT/LON1/LON2/DLON/H
  250  236  229  221  215  206  198  186  175  164  154  145  139  132  127  126
  125  126  125  122  119  118  121  128  140  150  163  170  181  187  198  205
  216  226  242  256  272  284  292  300  307  314  321  328  331  333  331  329
  326  326  321  322  315  308  294  287  276  272  266  263  259  257  256  259
  263  270  272  276  276  267  262  263  250                                   
    37.5-180.0 180.0   5.0 450.0                            LAT/LON1/LON2/DLON/H
  247  229  216  205  199  190  186  177  172  162  157  149  146  139  137  133
  135  134  134  129  126  125  129  136  147  157  165  171  179  185  196  205
  218  228  245  259  274  286  295  304  310  318  324  330  335  336  339  337
  340  339  340  339  336  328  318  310  302  295  290  283  280  274  275  276
  284  287  291  290  290  277  264  260  247                                   
    35.0-180.0 180.0   5.0 450.0                            LAT/LON1/LON2/DLON/H
  242  221  204  192  184  177  173  170  165  161  156  154  150  146  142  142
  141  141  139  136  133  134  138  147  157  164  170  173  181  187  198  206
  218  226  242  256  272  286  296  310  317  326  332  337  341  344  348  352
  356  361  363  365  361  355  346  339  331  325  316  308  299  293  291  293
  299  305  306  305  302  285  270  267  242                                   
    32.5-180.0 180.0   5.0 450.0                            LAT/LON1/LON2/DLON/H
  244  220  200  184  175  167  164  159  159  157  157  154  155  150  148  145
  147  144  143  138  137  137  143  151  162  168  172  175  183  189  199  208
  220  228  241  252  268  282  294  307  316  328  333  342  345  354  363  372
  384  388  397  397  399  391  386  375  370  360  352  338  328  316  312  310
  315  316  318  314  312  294  279  270  244                                   
    30.0-180.0 180.0   5.0 450.0                            LAT/LON1/LON2/DLON/H
  250  224  204  186  175  165  160  158  159  159  161  161  161  158  154  151
  148  146  143  140  138  141  147  157  168  174  177  180  187  193  203  210
  221  227  238  248  263  278  293  308  320  332  340  348  355  365  378  392
  405  417  427  434  437  433  430  422  414  403  389  371  354  338  330  323
  324  322  323  321  317  301  288  282  250                                   
    27.5-180.0 180.0   5.0 450.0                            LAT/LON1/LON2/DLON/H
  262  236  217  197  185  173  168  164  166  166  169  168  168  163  159  153
  150  146  143  139  140  142  150  160  172  176  180  181  189  194  203  211
  219  226  235  243  256  268  284  298  313  324  335  345  356  370  387  404
  422  437  453  463  472  470  469  461  453  439  425  402  384  360  348  334
  332  326  327  324  321  310  296  285  262                                   
    25.0-180.0 180.0   5.0 450.0                            LAT/LON1/LON2/DLON/H
  271  252  232  211  200  186  180  174  176  176  179  179  178  173  166  160
  153  148  144  143  143  148  156  165  176  179  180  180  185  188  198  204
  214  220  227  235  247  262  276  292  306  318  331  342  354  372  391  412
  432  451  471  486  497  501  496  491  478  468  451  430  406  381  362  345
  338  331  329  325  322  313  306  298  271                                   
    22.5-180.0 180.0   5.0 450.0                            LAT/LON1/LON2/DLON/H
  277  268  255  237  222  207  199  193  191  190  193  193  191  184  175  166
  157  151  147  146  147  152  161  169  177  178  177  172  175  176  184  193
  203  210  218  226  240  251  268  282  299  312  322  335  347  368  389  413
  436  459  479  497  509  514  512  503  495  482  469  447  427  398  378  356
  346  335  332  326  320  313  307  295  277                                   
    20.0-180.0 180.0   5.0 450.0                            LAT/LON1/LON2/DLON/H
  281  278  272  260  247  230  216  208  204  201  202  200  199  192  184  171
  162  154  150  149  152  157  165  171  177  173  168  159  158  160  168  178
  187  196  208  220  236  249  266  279  296  307  320  330  345  365  387  411
  436  458  479  495  507  511  509  501  496  486  478  461  442  416  390  366
  355  341  336  326  323  312  310  300  281                                   
    17.5-180.0 180.0   5.0 450.0                            LAT/LON1/LON2/DLON/H
  281  282  277  273  267  253  239  226  219  214  214  213  210  204  193  182
  167  161  154  155  154  161  166  171  172  165  155  143  140  143  151  162
  172  185  200  217  235  252  270  284  299  312  322  333  347  366  386  411
  431  451  467  481  487  492  488  485  482  479  478  467  451  427  403  378
  364  349  342  332  323  314  306  294  281                                   
    15.0-180.0 180.0   5.0 450.0                            LAT/LON1/LON2/DLON/H
  279  279  275  271  270  259  248  236  226  220  216  215  213  205  198  186
  174  163  159  156  158  160  165  166  164  153  140  127  124  127  136  148
  162  177  198  217  239  256  278  289  310  320  335  341  358  373  391  409
  427  442  454  463  466  468  464  464  464  469  474  469  459  439  416  390
  374  358  352  339  331  317  306  294  279                                   
    12.5-180.0 180.0   5.0 450.0                            LAT/LON1/LON2/DLON/H
  273  272  264  261  257  249  241  232  226  220  218  216  214  208  200  191
  177  168  158  158  154  156  156  157  151  137  122  109  105  110  120  135
  152  174  196  219  242  267  287  305  321  334  344  352  365  377  392  407
  421  433  442  445  446  443  439  440  443  455  463  469  464  447  425  401
  384  370  360  350  337  322  305  287  273                                   
    10.0-180.0 180.0   5.0 450.0                            LAT/LON1/LON2/DLON/H
  270  269  259  247  242  226  221  214  214  210  211  209  206  201  195  186
  176  165  157  152  151  149  149  146  138  121  107   94   93   94  107  123
  147  167  196  217  244  267  293  309  332  340  355  359  375  381  396  406
  421  429  434  434  429  422  417  421  428  443  455  464  463  450  433  408
  393  377  370  355  344  324  305  287  270                                   
     7.5-180.0 180.0   5.0 450.0                            LAT/LON1/LON2/DLON/H
  269  268  255  242  227  213  207  202  203  203  204  201  198  195  189  182
  171  162  152  147  141  140  135  128  117  101   90   81   80   82   94  118
