data/unet/pred2910.15i
     1.0            IONOSPHERE MAPS     GNSS                IONEX VERSION / TYPE
pyspatialgeodesy        IME             05-JAN-18 20:20     PGM / RUN BY / DATE 
Map Name                                                    COMMENT             
Predicted global ionosphere maps (GIM).                     DESCRIPTION         
  2015    10    18     0     0     0                        EPOCH OF FIRST MAP  
  2015    10    19     0     0     0                        EPOCH OF LAST MAP   
  7200                                                      INTERVAL            
    13                                                      # OF MAPS IN FILE   
  NONE                                                      MAPPING FUNCTION    
10.0                                                        ELEVATION CUTOFF    
One-way carrier phase leveled to code                       OBSERVABLES USED    
  6371.0                                                    BASE RADIUS         
 2                                                          MAP DIMENSION       
   450.0 450.0   0.0                                        HGT1 / HGT2 / DHGT  
    87.5 -87.5  -2.5                                        LAT1 / LAT2 / DLAT  
  -180.0 180.0   5.0                                        LON1 / LON2 / DLON  
    -1                                                      EXPONENT            
                                                            END OF HEADER       
[from data line 4719]
    12                                                      START OF TEC MAP    
  2015    10    18    22     0     0                        EPOCH OF CURRENT MAP
    87.5-180.0 180.0   5.0 450.0                            LAT/LON1/LON2/DLON/H
  168  112   89   93   91   93   93   95   96   98  100  102  102  104  104  105
  104  105  104  104  102  102  100  100   98   98   96   96   94   93   92   91
   89   88   87   86   85   84   84   83   83   83   83   83   84   84   84   84
   85   85   85   85   85   85   85   85   85   85   85   85   85   86   85   86
   85   87   86   87   87   88   91  135  168                                   
    85.0-180.0 180.0   5.0 450.0                            LAT/LON1/LON2/DLON/H
   99   83   81   84   85   86   89   90   94   96  100  101  105  105  108  107
  108  106  107  104  104  101  100   97   96   92   91   88   86   84   83   80
   79   77   75   74   73   71   71   70   70   70   71   71   72   73   74   74
   75   76   76   77   77   77   77   77   77   77   77   76   76   76   76   75
   75   74   75   73   76   73   78  108   99                                   
    82.5-180.0 180.0   5.0 450.0                            LAT/LON1/LON2/DLON/H
   84   77   76   78   81   83   88   92   97  102  107  112  115  119  120  122
  121  121  118  116  112  110  105  102   97   94   90   86   83   79   77   74
   71   69   67   65   64   62   63   61   62   61   63   63   65   65   67   67
   69   69   72   71   73   72   74   72   74   72   73   71   72   69   70   68
   69   67   68   65   67   64   69   93   84                                   
    80.0-180.0 180.0   5.0 450.0                            LAT/LON1/LON2/DLON/H
   80   75   71   73   77   81   88   93  102  108  118  123  130  133  137  137
  137  134  132  126  123  115  111  103  100   93   90   83   81   75   74   69
   68   64   63   60   59   57   57   55   56   56   57   57   59   59   61   62
   63   64   65   66   67   67   68   69   69   69   68   68   67   67   66   65
   64   64   63   62   62   60   62   82   80                                   
    77.5-180.0 180.0   5.0 450.0                            LAT/LON1/LON2/DLON/H
   76   74   69   69   74   77   86   92  104  112  125  130  139  141  147  144
  146  140  138  129  124  114  108   98   93   85   82   76   73   68   66   62
   60   57   56   54   53   50   50   49   49   49   49   50   51   52   53   54
   54   56   56   58   58   60   59   62   61   62   60   61   60   60   60   59
   59   58   60   57   59   55   57   80   76                                   
    75.0-180.0 180.0   5.0 450.0                            LAT/LON1/LON2/DLON/H
   79   78   72   77   79   84   91  100  110  120  132  139  146  150  153  152
  149  144  138  129  121  110  102   93   86   80   76   71   68   65   63   60
   60   57   57   55   54   51   50   48   48   47   48   48   50   50   51   50
   51   50   51   51   52   52   52   53   54   54   53   54   54   55   55   56
   56   58   59   59   61   61   65   84   79                                   
    72.5-180.0 180.0   5.0 450.0                            LAT/LON1/LON2/DLON/H
   91   89   83   84   85   88   95  103  114  123  136  142  150  152  155  152
  149  140  134  123  114  102   94   83   78   71   68   65   63   61   60   60
   58   58   57   55   54   51   49   47   46   46   45   46   45   47   45   46
   44   45   43   44   42   44   43   45   45   46   45   47   47   49   50   51
   54   56   60   62   66   67   72   93   91                                   
    70.0-180.0 180.0   5.0 450.0                            LAT/LON1/LON2/DLON/H
  104  102   97   99   98  100  104  111  120  129  141  147  155  158  159  156
  150  141  132  121  111   98   90   79   74   67   65   62   61   59   60   59
   59   58   59   56   55   51   49   46   45   43   44   43   44   43   44   42
   41   39   38   36   35   35   36   36   38   38   39   41   43   45   47   49
   54   57   63   66   73   76   82  103  104                                   
    67.5-180.0 180.0   5.0 450.0                            LAT/LON1/LON2/DLON/H
  119  117  111  110  108  106  110  113  122  130  142  148  156  158  158  154
  148  138  130  118  108   95   87   77   70   65   61   59   57   58   57   58
   57   57   56   55   52   50   45   44   41   40   38   39   38   39   38   38
   35   34   31   30   27   28   27   30   30   33   33   37   38   42   44   48
   52   58   63   70   76   84   91  113  119                                   
    65.0-180.0 180.0   5.0 450.0                            LAT/LON1/LON2/DLON/H
  132  128  123  123  119  116  116  118  125  133  145  151  160  161  162  157
  151  142  133  122  114  102   94   83   77   69   65   61   59   57   56   55
   55   54   53   51   50   46   43   40   38   36   36   35   37   35   37   34
   34   30   28   25   23   23   23   26   28   29   32   35   39   41   46   49
   55   60   67   72   81   88   99  122  132                                   
    62.5-180.0 180.0   5.0 450.0                            LAT/LON1/LON2/DLON/H
  141  136  131  129  125  118  119  118  125  131  143  149  158  161  162  158
  153  145  139  131  125  115  106   94   85   76   68   63   59   57   53   53
   50   50   46   46   42   41   36   36   32   33   31   32   32   33   33   33
   30   28   24   23   20   21   20   24   25   29   29   35   37   43   46   51
   55   62   66   73   81   91  100  127  141                                   
    60.0-180.0 180.0   5.0 450.0                            LAT/LON1/LON2/DLON/H
  146  139  136  135  130  125  123  122  127  133  143  150  160  163  166  165
  161  156  152  147  142  133  124  111  100   87   78   70   65   61   57   54
   51   48   46   43   41   38   36   34   33   32   33   32   35   34   36   33
   32   28   25   22   21   21   23   25   29   31   34   37   42   46   53   57
   62   67   71   75   82   89  101  129  146                                   
    57.5-180.0 180.0   5.0 450.0                            LAT/LON1/LON2/DLON/H
  148  142  139  140  135  127  126  123  128  132  141  147  157  161  167  167
  168  165  165  162  159  150  140  127  114   98   87   77   71   65   60   56
   50   48   43   42   37   38   34   35   32   35   33   36   36   37   36   36
   32   30   25   24   21   24   24   30   31   36   35   42   44   51   56   63
   67   73   74   78   82   90   99  130  148                                   
    55.0-180.0 180.0   5.0 450.0                            LAT/LON1/LON2/DLON/H
  153  146  147  148  146  140  137  134  135  138  145  150  159  165  171  176
  178  179  180  178  175  167  157  142  129  113  102   91   84   77   72   65
   59   54   50   46   45   42   42   42   42   43   44   45   46   45   45   42
   40   35   33   29   30   30   34   36   41   42   45   47   52   57   65   72
   79   83   85   85   88   92  103  133  153                                   
    52.5-180.0 180.0   5.0 450.0                            LAT/LON1/LON2/DLON/H
  162  156  157  163  162  155  152  147  147  146  150  153  161  165  174  179
  185  188  190  188  185  175  166  151  140  125  116  105   99   91   84   76
   68   63   56   54   50   51   49   52   51   54   54   56   55   56   53   51
   46   44   39   39   37   41   42   48   49   52   50   54   56   64   71   80
   87   95   96   97   98  102  111  143  162                                   
    50.0-180.0 180.0   5.0 450.0                            LAT/LON1/LON2/DLON/H
  178  170  175  180  184  178  176  171  168  163  164  164  169  174  181  188
  193  196  198  196  192  182  173  161  151  139  132  122  117  108  100   90
   82   74   68   64   63   62   63   64   67   69   71   71   72   69   68   63
   62   56   55   53   55   55   60   61   65   62   62   61   66   72   82   92
  101  109  114  114  116  118  128  161  178                                   
    47.5-180.0 180.0   5.0 450.0                            LAT/LON1/LON2/DLON/H
  198  191  196  204  207  206  203  196  190  182  178  175  177  180  187  192
  197  199  201  198  193  183  175  164  158  148  143  134  129  119  111  101
   91   83   76   73   71   73   72   76   77   81   82   83   82   81   78   76
   72   71   68   69   68   72   73   77   75   74   70   70   72   80   89  102
  113  124  131  135  138  143  149  184  198                                   
    45.0-180.0 180.0   5.0 450.0                            LAT/LON1/LON2/DLON/H
  222  213  221  227  234  232  234  227  220  210  202  195  193  194  199  201
  204  204  203  199  195  186  180  173  169  160  155  145  138  126  116  105
   96   88   83   82   82   83   85   88   90   92   95   95   96   93   92   89
   88   85   87   85   88   88   92   92   93   86   84   81   85   91  102  114
  127  137  147  152  160  165  174  208  222                                   
    42.5-180.0 180.0   5.0 450.0                            LAT/LON1/LON2/DLON/H
  243  235  241  248  254  257  258  255  246  236  225  216  212  211  213  214
  214  212  210  206  201  195  190  185  180  171  162  150  139  125  115  103
   95   90   87   88   89   93   93   97   97  100  101  102  102  101  100  101
  100  101  100  102  102  105  105  106  103   99   92   92   93  101  112  125
  138  150  161  170  179  189  197  233  243                                   
    40.0-180.0 180.0   5.0 450.0                            LAT/LON1/LON2/DLON/H
  259  249  257  260  266  269  274  271  267  256  247  237  234  231  233  231
  230  227  224  221  218  213  209  203  197  184  171  151  138  121  111  101
   95   92   92   94   99  102  103  105  104  106  106  107  108  108  110  110
  113  113  116  116  118  118  120  118  116  109  105  103  107  114  126  138
  151  161  173  181  195  206  218  251  259                                   
    37.5-180.0 180.0   5.0 450.0                            LAT/LON1/LON2/DLON/H
  267  262  267  271  273  279  281  283  278  272  262  257  252  252  251  250
  248  246  243  243  241  238  231  223  209  192  171  150  132  116  106   99
   95   95   96  103  106  112  111  111  108  108  108  109  110  111  113  117
  119  122  124  125  126  127  127  126  121  116  110  112  114  126  137  150
  161  171  181  191  204  218  230  266  267                                   
    35.0-180.0 180.0   5.0 450.0                            LAT/LON1/LON2/DLON/H
  277  271  279  277  279  281  283  284  285  278  277  272  273  270  271  267
  267  264  265  265  266  260  254  239  221  195  173  147  130  115  109  106
  106  107  111  117  123  127  125  121  115  113  111  112  113  114  117  120
  124  125  128  128  131  130  132  129  126  119  117  118  125  136  150  161
  172  179  189  197  212  225  239  272  277                                   
    32.5-180.0 180.0   5.0 450.0                            LAT/LON1/LON2/DLON/H
  287  288  293  294  289  291  286  289  286  288  286  287  288  287  286  285
  283  285  284  288  285  280  267  248  225  197  171  149  134  126  125  126
  126  128  129  136  139  145  139  135  124  120  117  117  117  118  119  122
  123  124  124  125  125  128  128  128  123  119  115  121  128  145  159  173
  182  190  198  207  219  233  246  283  287                                   
    30.0-180.0 180.0   5.0 450.0                            LAT/LON1/LON2/DLON/H
  307  311  321  319  314  309  301  297  297  296  300  300  304  301  302  299
  301  301  303  302  300  287  273  248  226  195  177  159  153  151  158  160
  160  156  155  154  159  159  159  150  141  135  132  130  129  127  127  127
  128  124  122  118  121  123  126  124  121  115  114  118  132  150  168  183
  193  203  211  220  232  245  259  296  307                                   
    27.5-180.0 180.0   5.0 450.0                            LAT/LON1/LON2/DLON/H
  333  346  356  359  352  345  330  323  315  317  316  320  319  317  315  314
  313  314  314  312  304  289  267  245  223  202  188  182  184  194  206  210
  204  192  183  178  174  172  170  166  159  154  150  147  143  140  136  134
  127  121  112  108  106  110  113  115  111  109  106  116  128  152  171  192
  202  215  225  236  247  265  282  316  333                                   
    25.0-180.0 180.0   5.0 450.0                            LAT/LON1/LON2/DLON/H
  371  389  403  404  401  391  375  360  351  347  345  346  343  339  335  332
  332  328  325  315  304  281  261  237  226  211  214  216  237  253  272  267
  249  226  204  193  186  181  178  175  173  171  173  170  166  157  151  141
  132  120  109   99   98  101  107  109  106  101  100  109  126  149  173  196
  213  228  242  253  267  288  308  340  371                                   
    22.5-180.0 180.0   5.0 450.0                            LAT/LON1/LON2/DLON/H
  407  431  448  459  456  451  432  416  399  395  387  387  378  375  365  361
  354  346  335  320  300  275  253  239  236  238  252  272  300  318  330  320
  295  264  231  212  196  190  185  187  189  194  198  198  193  182  167  152
  134  118  101   91   89   92  100  103  102   97   96  108  124  150  174  202
  222  242  259  273  294  315  341  370  407                                   
    20.0-180.0 180.0   5.0 450.0                            LAT/LON1/LON2/DLON/H
  446  470  493  506  511  505  491  476  456  448  436  434  424  419  407  399
  387  370  352  330  308  277  262  251  263  275  306  330  359  371  377  363
  329  289  246  225  203  193  189  192  198  207  217  219  214  199  181  160
  140  121  106   95   92   95  102  106  104   98   97  107  125  152  178  207
  232  257  281  299  323  350  375  403  446                                   
    17.5-180.0 180.0   5.0 450.0                            LAT/LON1/LON2/DLON/H
  472  502  525  550  556  560  550  541  519  509  492  488  474  470  456  446
  428  407  379  353  325  299  287  290  309  335  365  385  403  407  406  383
  344  298  257  233  211  198  197  202  211  224  236  243  236  217  194  171
  146  128  110   98   94   97  105  107  107  102  100  111  128  155  183  213
  240  270  298  322  351  378  409  433  472                                   
    15.0-180.0 180.0   5.0 450.0                            LAT/LON1/LON2/DLON/H
  495  525  554  575  593  604  602  598  584  571  552  536  520  507  499  481
  469  444  415  384  361  340  338  346  372  393  415  419  424  416  404  374
  336  295  259  237  215  204  200  208  216  233  247  255  249  229  203  177
  155  135  119  106  101  102  109  110  110  105  104  114  131  159  188  219
  250  280  315  344  375  410  438  457  495                                   
    12.5-180.0 180.0   5.0 450.0                            LAT/LON1/LON2/DLON/H
  504  542  564  596  615  637  647  653  643  632  612  596  575  564  548  532
  511  483  459  434  412  403  406  421  440  450  452  437  426  401  378  343
  316  284  260  241  225  217  218  224  231  246  255  264  254  236  207  182
  160  142  127  115  109  106  111  110  111  106  107  117  136  164  194  226
  256  289  326  358  395  426  458  476  504                                   
    10.0-180.0 180.0   5.0 450.0                            LAT/LON1/LON2/DLON/H
  513  552  576  597  627  653  675  690  691  684  670  650  632  613  597  573
  550  514  493  473  470  469  477  489  499  490  472  435  408  369  343  313
  297  278  266  253  244  242  241  244  247  254  258  260  250  230  202  175
  156  140  129  117  110  106  109  109  108  105  106  118  138  167  200  231
  264  294  334  370  405  440  472  488  513                                   
     7.5-180.0 180.0   5.0 450.0                            LAT/LON1/LON2/DLON/H
  515  564  576  603  624  657  686  710  718  718  709  697  684  672  657  636
  609  577  551  536  534  540  547  553  545  516  478  424  379  335  308  290
