data/unet/pred2410.15i
     1.0            IONOSPHERE MAPS     GNSS                IONEX VERSION / TYPE
pyspatialgeodesy        IME             05-JAN-18 20:20     PGM / RUN BY / DATE 
Map Name                                                    COMMENT             
Predicted global ionosphere maps (GIM).                     DESCRIPTION         
  2015     8    29     0     0     0                        EPOCH OF FIRST MAP  
  2015     8    30     0     0     0                        EPOCH OF LAST MAP   
  7200                                                      INTERVAL            
    13                                                      # OF MAPS IN FILE   
  NONE                                                      MAPPING FUNCTION    
10.0                                                        ELEVATION CUTOFF    
One-way carrier phase leveled to code                       OBSERVABLES USED    
  6371.0                                                    BASE RADIUS         
 2                                                          MAP DIMENSION       
   450.0 450.0   0.0                                        HGT1 / HGT2 / DHGT  
    87.5 -87.5  -2.5                                        LAT1 / LAT2 / DLAT  
  -180.0 180.0   5.0                                        LON1 / LON2 / DLON  
    -1                                                      EXPONENT            
                                                            END OF HEADER       
[from data line 2145]
     6                                                      START OF TEC MAP    
  2015     8    29    10     0     0                        EPOCH OF CURRENT MAP
    87.5-180.0 180.0   5.0 450.0                            LAT/LON1/LON2/DLON/H
   66   87   81   84   82   81   80   81   80   80   78   79   77   77   75   75
   73   73   71   71   69   70   68   68   67   68   68   68   67   68   67   67
   65   66   65   65   64   64   64   64   64   65   65   65   66   66   66   67
   67   68   69   70   70   71   72   73   73   74   75   75   76   75   76   76
   77   77   78   79   80   78   78   76   66                                   
    85.0-180.0 180.0   5.0 450.0                            LAT/LON1/LON2/DLON/H
   93   89   93   92   92   89   92   90   91   88   90   87   89   85   87   84
   86   82   84   81   83   80   83   80   82   79   82   80   81   79   81   79
   79   77   79   77   77   76   77   76   77   77   78   78   78   79   78   79
   78   80   79   81   80   83   81   84   83   85   84   87   86   88   87   88
   88   89   90   89   90   89   94   85   93                                   
    82.5-180.0 180.0   5.0 450.0                            LAT/LON1/LON2/DLON/H
   83   90   91   91   88   86   88   88   88   87   87   87   86   85   84   84
   83   81   81   80   79   78   78   77   77   76   77   77   77   76   77   76
   77   75   76   74   74   73   72   72   72   72   72   72   72   73   73   74
   74   75   75   76   76   78   77   78   78   79   79   80   81   81   81   82
   82   82   83   83   84   86   90   84   83                                   
    80.0-180.0 180.0   5.0 450.0                            LAT/LON1/LON2/DLON/H
   82   81   79   79   77   77   78   78   78   76   76   76   75   74   73   74
   71   70   68   69   66   66   65   66   65   65   66   68   68   69   70   71
   71   70   70   70   69   69   68   68   68   69   69   70   70   71   71   74
   73   75   75   77   76   78   77   78   77   78   77   78   76   78   76   77
   75   77   75   76   75   75   80   81   82                                   
    77.5-180.0 180.0   5.0 450.0                            LAT/LON1/LON2/DLON/H
   75   72   72   72   69   70   69   69   68   67   67   67   67   65   65   64
   64   61   61   59   59   56   57   56   57   57   60   61   64   65   68   68
   70   70   71   70   69   68   68   67   67   68   69   70   71   74   75   78
   78   81   81   85   83   86   84   86   83   84   82   82   80   80   79   79
   77   77   76   76   75   75   78   66   75                                   
    75.0-180.0 180.0   5.0 450.0                            LAT/LON1/LON2/DLON/H
   69   65   66   66   63   63   63   62   61   59   59   59   59   58   58   58
   56   55   54   53   51   49   49   49   50   51   54   57   60   63   66   69
   71   71   73   71   72   68   71   67   70   69   73   73   76   79   83   85
   87   89   90   91   90   91   88   89   85   86   82   83   80   81   77   78
   75   76   73   75   71   74   73   66   69                                   
    72.5-180.0 180.0   5.0 450.0                            LAT/LON1/LON2/DLON/H
   66   62   62   62   59   59   58   57   56   54   54   53   53   53   53   52
   51   49   49   46   47   44   45   44   46   47   51   54   59   62   68   71
   74   76   77   77   75   74   74   73   73   74   78   80   84   88   93   95
   97   99   99   99   97   97   94   93   89   89   86   85   83   82   81   80
   78   76   75   74   72   70   72   60   66                                   
    70.0-180.0 180.0   5.0 450.0                            LAT/LON1/LON2/DLON/H
   65   58   59   61   59   60   58   57   55   54   53   53   52   53   50   52
   49   49   46   46   44   44   43   45   45   48   50   56   59   66   70   76
   78   81   81   82   80   79   78   77   77   80   83   89   93   98  103  105
  107  107  107  105  103  101   97   95   92   91   89   89   88   88   87   85
   83   82   78   77   73   73   71   65   65                                   
    67.5-180.0 180.0   5.0 450.0                            LAT/LON1/LON2/DLON/H
   64   58   60   60   58   57   56   55   53   51   51   51   51   51   51   52
   50   48   47   45   45   43   45   43   46   47   51   54   60   64   70   74
   78   81   82   82   81   80   80   79   81   84   90   95  101  105  110  111
  113  112  111  108  105  103   98   96   92   92   90   91   89   91   89   89
   86   86   81   79   75   71   73   63   64                                   
    65.0-180.0 180.0   5.0 450.0                            LAT/LON1/LON2/DLON/H
   66   58   59   61   60   61   59   59   56   55   53   54   51   54   51   54
   49   51   46   48   45   47   46   49   49   52   54   59   62   68   71   77
   79   83   84   85   82   82   81   83   83   90   94  102  106  113  115  117
  117  115  114  110  108  104  102   98   97   97   97   99   99  102  101  101
   97   95   91   87   81   79   77   69   66                                   
    62.5-180.0 180.0   5.0 450.0                            LAT/LON1/LON2/DLON/H
   67   59   60   61   59   57   57   55   54   52   52   52   52   53   53   54
   51   49   48   47   47   47   50   49   53   53   57   59   62   66   71   74
   78   80   82   83   82   82   84   84   88   92  100  105  111  114  118  117
  116  114  113  110  107  104  101   99   98  100  100  104  104  108  106  108
  102  102   96   92   86   80   79   70   67                                   
    60.0-180.0 180.0   5.0 450.0                            LAT/LON1/LON2/DLON/H
   70   60   60   62   60   61   57   57   54   53   51   53   50   53   51   54
   49   51   46   49   46   51   52   57   59   62   63   65   67   68   72   76
   79   82   84   85   85   86   87   90   94  100  106  112  117  120  121  119
  117  114  113  110  110  106  106  103  104  104  107  109  112  114  114  115
  111  110  104  101   94   90   83   74   70                                   
    57.5-180.0 180.0   5.0 450.0                            LAT/LON1/LON2/DLON/H
   73   64   62   61   58   55   54   50   49   45   46   46   46   47   47   47
   45   43   42   42   44   47   53   56   62   63   66   66   67   68   71   73
   77   80   84   85   87   90   93   96  101  106  114  117  122  121  123  118
  118  114  116  113  115  112  112  110  110  109  111  113  114  117  116  117
  113  113  109  106  100   92   88   76   73                                   
    55.0-180.0 180.0   5.0 450.0                            LAT/LON1/LON2/DLON/H
   80   68   65   64   59   58   53   51   45   43   41   42   41   42   42   43
   39   40   36   41   39   48   53   62   66   71   72   74   73   73   75   77
   81   84   89   93   96   99  104  108  114  119  127  130  134  131  131  126
  125  122  124  123  126  123  124  120  120  117  119  119  121  121  121  121
  118  118  114  112  107  103   93   84   80                                   
    52.5-180.0 180.0   5.0 450.0                            LAT/LON1/LON2/DLON/H
   84   75   70   66   60   55   52   45   42   36   35   34   34   34   34   34
   32   30   30   32   36   41   51   57   65   68   72   72   73   72   74   77
   81   86   91   97  103  108  114  118  126  131  138  140  143  141  140  135
  135  134  137  137  139  138  137  133  131  128  126  125  125  125  122  122
  118  118  116  114  111  105  101   88   84                                   
    50.0-180.0 180.0   5.0 450.0                            LAT/LON1/LON2/DLON/H
   93   80   75   71   65   61   54   50   42   38   33   32   30   30   29   30
   27   28   26   32   32   42   47   59   64   71   73   77   77   78   80   83
   88   93  100  108  115  121  128  133  141  146  154  157  159  157  154  151
  148  149  149  151  151  150  148  144  141  138  137  134  133  131  128  127
  123  124  121  122  118  116  106   97   93                                   
    47.5-180.0 180.0   5.0 450.0                            LAT/LON1/LON2/DLON/H
   97   87   81   75   68   62   58   50   45   37   34   29   28   26   26   25
   23   23   23   27   30   37   44   52   60   66   71   74   77   79   82   86
   91   97  105  115  122  130  137  143  152  158  165  168  171  171  168  165
  163  163  163  163  162  160  156  152  149  146  144  142  139  136  132  129
  125  125  125  123  121  116  111   97   97                                   
    45.0-180.0 180.0   5.0 450.0                            LAT/LON1/LON2/DLON/H
  103   89   84   79   72   68   63   58   50   45   38   36   30   29   26   26
   24   25   25   31   31   38   41   52   54   65   68   77   77   84   86   94
   98  106  113  125  133  140  148  155  165  172  181  186  190  189  186  183
  179  178  174  174  168  164  157  154  151  149  148  148  145  143  138  135
  131  132  129  130  125  124  114  107  103                                   
    42.5-180.0 180.0   5.0 450.0                            LAT/LON1/LON2/DLON/H
  102   92   87   81   73   70   67   62   58   51   47   41   38   33   30   28
   26   26   27   31   32   36   40   47   53   60   68   74   80   85   89   95
  101  108  117  129  138  146  155  163  173  181  191  197  204  203  201  196
  193  188  184  179  172  166  159  155  154  153  154  154  153  150  146  141
  137  134  133  130  126  121  117  106  102                                   
    40.0-180.0 180.0   5.0 450.0                            LAT/LON1/LON2/DLON/H
  104   90   85   79   74   72   70   69   65   62   56   53   47   44   38   37
   33   33   33   37   36   40   41   48   50   62   65   78   80   89   92  102
  106  117  123  137  146  154  164  172  184  193  205  213  218  219  216  212
  206  201  193  187  177  168  160  157  156  158  160  161  161  159  155  151
  145  142  137  135  128  125  116  113  104                                   
    37.5-180.0 180.0   5.0 450.0                            LAT/LON1/LON2/DLON/H
  101   90   83   77   71   70   71   71   70   68   66   62   58   53   49   44
   41   38   38   40   39   41   42   47   51   60   68   76   83   89   95  101
  109  118  126  139  150  161  172  181  192  204  217  225  232  231  232  226
  222  213  207  197  188  178  172  168  168  170  172  173  173  170  167  161
  155  148  144  135  129  121  117  110  101                                   
    35.0-180.0 180.0   5.0 450.0                            LAT/LON1/LON2/DLON/H
  102   85   78   72   68   68   69   72   73   75   74   73   68   64   58   54
   49   47   45   47   45   46   46   52   54   65   70   82   86   94   99  109
  115  127  134  148  160  170  185  192  208  217  231  237  243  243  245  241
  237  232  223  216  204  198  191  187  187  186  187  186  183  180  174  170
  161  156  145  140  129  125  117  116  102                                   
    32.5-180.0 180.0   5.0 450.0                            LAT/LON1/LON2/DLON/H
  104   91   80   73   67   66   67   71   73   76   77   78   76   72   67   62
   57   54   51   51   49   51   51   56   59   68   75   84   89   95  101  109
  119  129  141  155  170  183  196  208  223  235  249  251  257  256  260  256
  255  248  243  236  230  225  222  220  218  216  212  206  202  194  188  179
  172  161  153  139  131  122  119  115  104                                   
    30.0-180.0 180.0   5.0 450.0                            LAT/LON1/LON2/DLON/H
  113   95   85   80   72   70   69   72   73   78   79   82   81   79   75   71
   66   63   60   60   58   59   59   65   69   78   84   92   98  104  112  121
  131  142  154  170  186  196  216  224  244  248  263  263  269  268  274  274
  275  274  270  269  265  264  262  260  258  251  244  233  223  212  202  192
  181  170  156  149  137  130  121  123  113                                   
    27.5-180.0 180.0   5.0 450.0                            LAT/LON1/LON2/DLON/H
  125  108   96   90   83   80   77   77   77   80   81   84   84   84   80   78
   73   70   66   66   65   67   67   73   78   86   92   98  102  109  117  127
  139  152  166  181  198  211  229  241  258  265  276  276  283  282  289  290
  296  300  304  308  310  311  312  308  303  292  279  264  250  233  221  205
  194  178  168  152  146  130  132  128  125                                   
    25.0-180.0 180.0   5.0 450.0                            LAT/LON1/LON2/DLON/H
  142  126  112  105   99   95   90   87   84   84   84   87   86   87   86   83
   80   78   76   76   75   76   78   84   89   97  103  109  114  120  131  143
  157  172  186  201  218  226  251  255  276  276  291  288  297  298  305  309
  316  326  335  350  355  362  360  358  352  340  322  300  281  263  244  228
  211  195  178  168  157  146  143  139  142                                   
    22.5-180.0 180.0   5.0 450.0                            LAT/LON1/LON2/DLON/H
  160  144  130  121  112  108  101   98   94   92   90   90   89   90   87   87
   83   82   80   81   80   83   85   91   96  103  107  113  117  125  136  151
  166  182  200  214  233  247  266  276  291  294  304  306  311  316  322  327
  336  348  366  381  395  397  397  393  384  373  354  332  310  286  268  248
  231  212  197  182  176  158  158  154  160                                   
    20.0-180.0 180.0   5.0 450.0                            LAT/LON1/LON2/DLON/H
  175  161  146  138  132  130  120  114  106  102   97   94   93   91   91   89
   90   88   89   89   90   91   94   99  104  110  115  120  126  135  150  169
  184  204  219  235  257  265  289  293  311  312  321  321  321  328  339  346
  356  366  383  400  417  425  421  417  410  400  384  365  345  321  300  278
  260  238  220  205  193  179  177  172  175                                   
    17.5-180.0 180.0   5.0 450.0                            LAT/LON1/LON2/DLON/H
  191  172  162  149  147  141  134  127  120  113  107  101   96   93   91   91
   89   90   88   91   91   94   96  101  106  110  115  119  127  139  157  175
  194  215  236  256  278  293  306  320  328  339  333  343  338  359  368  377
  387  391  409  420  433  435  433  431  420  415  401  388  369  348  325  304
  284  263  244  228  214  199  195  197  191                                   
    15.0-180.0 180.0   5.0 450.0                            LAT/LON1/LON2/DLON/H
  208  178  166  155  157  154  148  147  137  131  121  111  105   97   95   91
   93   91   93   92   94   94   99  103  109  115  121  126  135  153  168  192
  207  231  250  270  289  302  316  327  339  346  346  354  360  376  390  396
  402  409  419  431  437  443  440  438  434  430  420  409  394  371  350  330
  307  291  268  259  241  222  218  227  208                                   
    12.5-180.0 180.0   5.0 450.0                            LAT/LON1/LON2/DLON/H
  224  190  179  166  166  157  161  154  150  142  132  121  111  101   94   92
   89   89   87   90   89   91   94   99  107  113  122  127  139  158  179  201
  219  243  264  284  300  315  327  347  355  377  370  391  392  413  424  424
  434  432  447  447  451  449  442  443  433  434  425  421  401  384  359  343
  321  309  287  280  263  248  234  240  224                                   
    10.0-180.0 180.0   5.0 450.0                            LAT/LON1/LON2/DLON/H
  236  201  189  172  167  160  158  159  157  152  144  131  121  107  100   90
   90   85   86   83   85   84   91   97  109  118  127  137  150  175  190  216
  230  255  274  291  306  319  330  348  363  382  389  407  413  430  439  439
  442  446  451  454  452  451  446  445  441  439  435  430  416  398  376  359
  339  328  306  301  283  269  255  266  236                                   
     7.5-180.0 180.0   5.0 450.0                            LAT/LON1/LON2/DLON/H
  250  217  204  190  181  170  169  163  164  158  151  138  127  113  103   93
   87   84   80   81   78   79   85   92  107  118  132  144  163  183  203  224
