data/unet/pred2540.15i
     1.0            IONOSPHERE MAPS     GNSS                IONEX VERSION / TYPE
pyspatialgeodesy        IME             05-JAN-18 20:20     PGM / RUN BY / DATE 
Map Name                                                    COMMENT             
Predicted global ionosphere maps (GIM).                     DESCRIPTION         
  2015     9    11     0     0     0                        EPOCH OF FIRST MAP  
  2015     9    12     0     0     0                        EPOCH OF LAST MAP   
  7200                                                      INTERVAL            
    13                                                      # OF MAPS IN FILE   
  NONE                                                      MAPPING FUNCTION    
10.0                                                        ELEVATION CUTOFF    
One-way carrier phase leveled to code                       OBSERVABLES USED    
  6371.0                                                    BASE RADIUS         
 2                                                          MAP DIMENSION       
   450.0 450.0   0.0                                        HGT1 / HGT2 / DHGT  
    87.5 -87.5  -2.5                                        LAT1 / LAT2 / DLAT  
  -180.0 180.0   5.0                                        LON1 / LON2 / DLON  
    -1                                                      EXPONENT            
                                                            END OF HEADER       
[from data line 3432]
     9                                                      START OF TEC MAP    
  2015     9    11    16     0     0                        EPOCH OF CURRENT MAP
    87.5-180.0 180.0   5.0 450.0                            LAT/LON1/LON2/DLON/H
  111  117  117  117  116  116  116  118  118  119  118  120  120  121  121  122
  122  123  123  123  124  123  124  123  123  123  123  122  123  122  122  122
  123  122  123  122  123  122  123  122  123  122  123  122  122  121  121  121
  120  120  119  119  118  117  117  116  116  115  114  115  114  114  113  114
  114  114  114  115  115  118  124  140  111                                   
    85.0-180.0 180.0   5.0 450.0                            LAT/LON1/LON2/DLON/H
   86  102   95   96   97   97   99   98  101  100  102  103  105  106  108  109
  110  111  112  113  114  114  114  114  113  113  112  111  111  110  110  109
  109  109  109  109  110  109  110  109  111  109  111  109  111  108  110  107
  109  106  108  104  107  103  104  101  102   99   99   96   98   95   96   94
   96   95   97   96   98   96  102  105   86                                   
    82.5-180.0 180.0   5.0 450.0                            LAT/LON1/LON2/DLON/H
   87   86   85   85   85   86   87   89   89   91   92   95   97   99  102  103
  106  108  109  111  111  113  111  113  110  112  107  109  105  107  102  104
  100  104  100  103  101  105  102  105  103  107  104  107  104  106  103  105
  102  104  101  102   98   99   96   96   92   93   88   89   86   87   83   84
   82   84   82   83   84   78   88   88   87                                   
    80.0-180.0 180.0   5.0 450.0                            LAT/LON1/LON2/DLON/H
   79   81   80   82   80   84   84   87   86   89   88   93   93   98   99  104
  105  110  111  114  115  118  115  119  114  117  111  114  106  109  102  105
   98  103   97  103   99  105  101  106  103  108  104  109  105  108  104  106
  102  105  100  102   97  100   94   96   91   92   87   88   84   85   81   83
   80   83   80   82   79   81   82   82   79                                   
    77.5-180.0 180.0   5.0 450.0                            LAT/LON1/LON2/DLON/H
   73   79   76   75   75   76   78   79   81   81   85   86   90   92   96   99
  103  105  111  113  117  117  119  118  117  115  112  110  107  104  100   98
   95   94   94   94   96   97   99  100  102  102  104  102  103  102  102  100
  100   98   99   96   95   93   92   89   88   85   84   81   81   78   78   76
   77   76   78   77   77   71   72   75   73                                   
    75.0-180.0 180.0   5.0 450.0                            LAT/LON1/LON2/DLON/H
   70   76   76   75   77   77   79   78   81   81   84   84   88   89   95   97
  103  107  114  117  122  125  128  128  126  125  121  117  113  108  104   98
   96   94   94   93   96   96  100   99  102  100  102   98  101   96   99   93
   97   92   96   91   94   88   91   84   86   80   82   76   79   75   78   74
   78   76   80   78   80   79   79   79   70                                   
    72.5-180.0 180.0   5.0 450.0                            LAT/LON1/LON2/DLON/H
   69   78   76   76   76   78   80   81   82   82   84   84   87   87   92   94
  101  104  113  117  124  127  133  132  134  129  127  120  116  109  104   99
   96   94   94   95   96   98  100  102  102  101   99   97   95   94   92   91
   91   92   91   91   90   89   87   85   82   80   77   75   74   73   73   73
   74   77   79   79   81   75   76   77   69                                   
    70.0-180.0 180.0   5.0 450.0                            LAT/LON1/LON2/DLON/H
   66   70   73   73   74   77   78   78   81   80   83   82   85   85   89   91
   98  102  110  117  124  130  135  139  139  137  132  127  120  113  107  101
   99   96   97   97  101  102  105  103  104   99   98   92   91   85   87   82
   85   81   87   82   86   80   84   76   79   72   74   68   72   67   72   69
   75   74   79   78   80   77   77   76   66                                   
    67.5-180.0 180.0   5.0 450.0                            LAT/LON1/LON2/DLON/H
   64   67   68   67   69   72   76   78   80   81   83   83   86   85   90   91
   97  100  110  115  125  130  140  142  146  142  140  131  126  116  112  105
  103  101  103  104  107  108  109  108  105  100   95   90   85   80   78   76
   76   75   77   77   77   76   75   73   71   69   66   66   65   66   66   68
   68   71   73   73   75   68   69   70   64                                   
    65.0-180.0 180.0   5.0 450.0                            LAT/LON1/LON2/DLON/H
   57   55   60   59   62   68   72   74   79   80   83   83   86   86   91   92
   98  101  110  116  125  133  140  147  149  149  145  139  131  124  117  112
  110  109  110  112  115  117  117  115  110  104   97   89   84   77   75   71
   71   69   72   70   72   69   71   66   67   62   63   59   62   59   62   60
   64   62   66   65   67   61   64   63   57                                   
    62.5-180.0 180.0   5.0 450.0                            LAT/LON1/LON2/DLON/H
   53   48   53   49   53   60   66   71   77   80   84   87   90   92   96   98
  103  104  112  116  125  132  141  147  153  151  150  142  138  128  124  118
  117  116  118  119  122  122  121  117  112  105   98   88   82   75   71   67
   67   66   66   66   66   65   63   61   59   59   56   57   55   56   55   56
   56   56   58   56   57   51   52   52   53                                   
    60.0-180.0 180.0   5.0 450.0                            LAT/LON1/LON2/DLON/H
   45   37   43   41   45   52   59   64   71   76   82   86   91   94   99  103
  108  110  115  118  124  131  138  146  151  154  151  149  141  137  128  127
  123  125  125  128  128  130  128  125  118  112  103   96   88   81   76   72
   70   68   67   64   63   59   59   55   56   53   53   51   52   49   50   47
   49   47   49   47   48   45   46   43   45                                   
    57.5-180.0 180.0   5.0 450.0                            LAT/LON1/LON2/DLON/H
   40   36   40   36   41   45   54   58   66   72   79   85   92   96  103  107
  111  113  117  117  122  127  134  140  147  149  153  150  148  141  138  134
  132  132  133  135  136  135  133  129  124  117  111  102   95   88   82   77
   73   70   66   63   58   56   53   52   51   51   48   49   47   47   44   44
   42   41   42   40   39   36   36   33   40                                   
    55.0-180.0 180.0   5.0 450.0                            LAT/LON1/LON2/DLON/H
   38   32   38   36   41   44   53   54   63   67   76   83   91   96  105  110
  115  116  118  119  121  126  130  137  141  148  150  153  148  148  142  144
  140  143  141  144  142  144  140  138  133  129  122  116  109  104   97   92
   85   81   73   68   61   57   52   51   50   49   47   46   46   43   41   38
   38   35   37   34   36   36   36   33   38                                   
    52.5-180.0 180.0   5.0 450.0                            LAT/LON1/LON2/DLON/H
   39   37   41   39   43   47   53   55   63   66   74   82   91   98  105  112
  116  118  120  119  121  122  125  129  135  139  145  148  151  150  151  150
  151  151  151  152  151  150  148  145  143  139  135  129  124  117  111  104
   97   90   81   75   66   60   54   53   51   51   48   49   46   44   40   38
   36   33   35   33   34   32   31   29   39                                   
    50.0-180.0 180.0   5.0 450.0                            LAT/LON1/LON2/DLON/H
   44   38   45   45   50   53   59   58   66   67   75   82   91   98  108  115
  119  121  121  120  119  121  122  128  130  137  139  147  148  152  151  154
  154  157  156  159  156  158  156  156  154  151  149  144  139  134  128  121
  113  106   95   87   76   70   63   60   57   56   54   52   51   47   45   39
   40   34   39   34   39   37   38   36   44                                   
    47.5-180.0 180.0   5.0 450.0                            LAT/LON1/LON2/DLON/H
   49   46   51   51   53   58   63   65   71   73   80   86   94  102  110  117
  120  122  122  120  119  118  121  124  128  132  137  141  146  149  153  154
  158  159  162  163  164  165  165  164  163  160  157  153  148  143  137  130
  122  115  104   96   86   79   74   71   68   67   62   61   55   54   49   46
   44   41   43   40   42   37   39   38   49                                   
    45.0-180.0 180.0   5.0 450.0                            LAT/LON1/LON2/DLON/H
   52   47   55   55   60   62   71   71   80   82   89   93  102  109  117  124
  127  127  126  123  121  123  125  129  131  137  138  144  145  150  154  156
  160  163  166  169  170  172  172  171  171  168  166  161  158  153  148  142
  135  128  118  110  100   94   88   85   82   79   74   71   66   62   58   55
   55   49   54   47   51   46   48   47   52                                   
    42.5-180.0 180.0   5.0 450.0                            LAT/LON1/LON2/DLON/H
   57   54   59   59   60   66   73   78   86   92   98  103  111  118  125  130
  133  132  130  126  125  124  129  131  138  141  146  147  151  150  157  157
  164  166  173  176  180  182  184  183  181  176  172  166  162  157  152  146
  140  133  125  117  109  104   99   97   94   91   85   83   75   73   67   66
   63   61   62   59   56   48   51   49   57                                   
    40.0-180.0 180.0   5.0 450.0                            LAT/LON1/LON2/DLON/H
   57   50   58   56   62   65   77   81   94  100  110  113  123  128  135  139
  140  137  134  130  130  133  135  142  144  152  151  156  156  158  161  164
  168  174  179  186  189  192  194  191  190  183  180  173  171  165  161  155
  148  143  134  129  120  116  110  109  105  103   96   93   87   83   78   76
   74   70   71   63   61   56   58   53   57                                   
    37.5-180.0 180.0   5.0 450.0                            LAT/LON1/LON2/DLON/H
   59   55   57   56   58   65   75   85   97  108  118  126  133  140  145  148
  148  145  140  136  137  137  144  148  156  160  165  164  168  163  170  171
  179  186  193  199  204  208  209  206  201  194  188  182  177  171  166  159
  153  145  138  132  125  120  115  115  110  109  102  101   95   95   88   88
   84   81   76   71   64   56   57   51   59                                   
    35.0-180.0 180.0   5.0 450.0                            LAT/LON1/LON2/DLON/H
   57   48   53   48   56   60   75   82  101  112  127  133  145  150  156  157
  157  152  149  143  144  146  151  158  165  172  177  178  182  178  183  187
  192  201  206  216  222  227  229  224  219  209  204  196  191  184  177  170
  161  154  144  138  129  124  118  116  111  109  104  103  100  100   97   95
   93   87   82   72   65   59   60   53   57                                   
    32.5-180.0 180.0   5.0 450.0                            LAT/LON1/LON2/DLON/H
   59   52   50   49   49   58   70   83  100  116  130  141  151  158  163  164
  162  158  154  150  151  153  159  164  175  181  190  188  195  193  199  206
  213  223  229  239  245  251  249  246  238  228  219  212  206  198  190  180
  170  160  148  138  130  123  118  114  108  106  101  103  100  104   99  102
   97   93   86   78   67   59   58   50   59                                   
    30.0-180.0 180.0   5.0 450.0                            LAT/LON1/LON2/DLON/H
   60   50   50   44   49   54   69   80  100  113  133  142  155  161  168  168
  168  163  161  157  158  162  166  173  183  192  203  205  215  211  219  224
  233  247  255  268  273  278  278  274  264  254  245  236  228  219  207  195
  184  170  156  144  134  127  119  115  107  105   99  101  100  104  104  105
  104   99   93   82   71   65   65   55   60                                   
    27.5-180.0 180.0   5.0 450.0                            LAT/LON1/LON2/DLON/H
   63   57   51   50   49   59   68   83   98  115  133  146  157  165  170  172
  171  168  165  165  165  169  173  177  189  196  209  215  225  230  237  251
  263  279  290  298  304  303  306  300  293  281  271  261  251  238  222  207
  193  177  160  147  138  128  124  118  111  108  103  104  104  107  106  111
  107  105   99   90   76   70   66   55   63                                   
    25.0-180.0 180.0   5.0 450.0                            LAT/LON1/LON2/DLON/H
   70   60   58   52   56   61   71   82   99  113  131  143  158  164  173  174
  177  174  174  174  176  179  182  187  198  207  225  230  246  249  262  279
  295  314  324  330  335  335  335  332  324  313  302  289  275  257  240  221
  204  183  166  154  145  137  131  126  117  115  108  109  107  109  108  113
  115  112  109   99   86   81   77   67   70                                   
    22.5-180.0 180.0   5.0 450.0                            LAT/LON1/LON2/DLON/H
   76   67   64   62   63   71   78   92  103  119  133  148  160  171  177  181
  183  183  183  186  188  190  193  194  204  214  231  243  262  275  293  313
  332  348  359  361  364  360  361  353  346  331  319  303  288  267  248  229
  210  190  174  163  154  145  143  134  127  120  116  114  115  114  114  118
  121  121  116  107   92   84   80   65   76                                   
    20.0-180.0 180.0   5.0 450.0                            LAT/LON1/LON2/DLON/H
   84   70   71   66   72   75   85   94  106  119  134  147  162  174  184  189
  194  196  198  200  204  206  208  212  221  229  250  260  283  301  322  348
  364  382  388  391  388  387  383  377  366  350  333  318  300  279  258  239
  223  204  189  178  168  158  155  148  138  131  122  121  121  121  118  124
  128  129  128  116  104   94   92   75   84                                   
    17.5-180.0 180.0   5.0 450.0                            LAT/LON1/LON2/DLON/H
   88   78   73   73   76   84   92  105  114  129  139  155  167  186  194  205
  210  216  218  222  226  224  226  224  234  243  263  281  310  332  359  380
  397  407  411  410  407  406  401  396  383  368  347  327  309  286  267  251
  237  223  207  196  182  173  168  159  149  138  130  127  129  128  127  130
  134  136  134  122  108  101   94   73   88                                   
    15.0-180.0 180.0   5.0 450.0                            LAT/LON1/LON2/DLON/H
   92   78   76   73   79   83   95  105  118  129  144  157  174  192  205  220
  228  237  240  246  247  248  248  251  259  266  288  307  335  363  388  412
  423  428  427  424  419  415  409  404  392  377  355  335  314  297  279  268
  256  242  229  214  199  189  183  174  161  150  137  136  134  135  134  137
  137  138  135  123  111  102  100   77   92                                   
    12.5-180.0 180.0   5.0 450.0                            LAT/LON1/LON2/DLON/H
   92   84   78   76   78   86   97  113  125  142  151  170  185  209  222  242
  251  262  267  272  274  269  271  269  281  290  312  336  368  396  416  434
  438  439  434  433  426  423  418  414  405  389  368  342  324  304  291  281
  270  257  243  229  213  204  195  184  170  157  146  141  141  136  136  134
  137  135  135  124  114  107  100   72   92                                   
    10.0-180.0 180.0   5.0 450.0                            LAT/LON1/LON2/DLON/H
   92   79   76   72   77   80   98  113  131  144  160  176  197  221  239  261
  271  288  295  301  296  296  293  302  309  321  342  366  396  421  437  446
  450  445  443  438  434  427  428  420  417  398  378  352  330  315  302  295
  284  272  256  241  224  214  203  192  177  165  150  146  143  140  135  131
  129  126  124  117  105   99   92   67   92                                   
     7.5-180.0 180.0   5.0 450.0                            LAT/LON1/LON2/DLON/H
   87   77   77   74   74   80   98  118  137  153  168  187  210  237  254  276
  291  311  320  323  320  313  314  315  329  342  368  391  420  438  448  454
