data/unet/pred0570.15i
     1.0            IONOSPHERE MAPS     GNSS                IONEX VERSION / TYPE
pyspatialgeodesy        IME             05-JAN-18 20:20     PGM / RUN BY / DATE 
Map Name                                                    COMMENT             
Predicted global ionosphere maps (GIM).                     DESCRIPTION         
  2015     2    26     0     0     0                        EPOCH OF FIRST MAP  
  2015     2    27     0     0     0                        EPOCH OF LAST MAP   
  7200                                                      INTERVAL            
    13                                                      # OF MAPS IN FILE   
  NONE                                                      MAPPING FUNCTION    
10.0                                                        ELEVATION CUTOFF    
One-way carrier phase leveled to code                       OBSERVABLES USED    
  6371.0                                                    BASE RADIUS         
 2                                                          MAP DIMENSION       
   450.0 450.0   0.0                                        HGT1 / HGT2 / DHGT  
    87.5 -87.5  -2.5                                        LAT1 / LAT2 / DLAT  
  -180.0 180.0   5.0                                        LON1 / LON2 / DLON  
    -1                                                      EXPONENT            
                                                            END OF HEADER       
[from data line 4290]
    11                                                      START OF TEC MAP    
  2015     2    26    20     0     0                        EPOCH OF CURRENT MAP
    87.5-180.0 180.0   5.0 450.0                            LAT/LON1/LON2/DLON/H
  180  155  141  144  143  143  142  144  144  145  145  147  147  148  148  149
  149  150  149  150  150  151  149  150  148  149  147  147  145  145  143  143
  141  141  138  138  136  136  133  134  131  131  129  129  128  128  126  127
  125  127  126  129  128  130  130  132  132  133  133  134  135  136  136  137
  137  139  139  140  141  141  141  158  180                                   
    85.0-180.0 180.0   5.0 450.0                            LAT/LON1/LON2/DLON/H
  135  128  127  130  130  131  132  134  137  138  141  142  145  146  148  149
  151  151  152  152  152  152  152  150  150  148  148  145  145  142  141  138
  138  135  134  131  130  127  127  123  124  120  122  118  121  116  119  115
  118  115  118  116  118  117  118  118  119  119  119  120  121  121  121  121
  122  122  123  122  123  120  123  140  135                                   
    82.5-180.0 180.0   5.0 450.0                            LAT/LON1/LON2/DLON/H
  127  118  116  119  118  122  121  127  128  134  136  141  144  149  150  154
  154  157  156  157  156  157  154  153  150  150  146  145  141  140  136  135
  131  130  127  127  124  124  120  121  118  118  115  116  113  114  112  113
  110  113  111  114  112  114  112  113  113  114  113  115  114  115  112  115
  112  115  112  115  111  111  106  119  127                                   
    80.0-180.0 180.0   5.0 450.0                            LAT/LON1/LON2/DLON/H
  118  100  101  101  105  106  112  115  121  124  131  135  142  145  150  152
  155  155  156  155  155  153  151  149  146  143  140  135  133  128  127  122
  122  117  118  114  115  112  111  109  108  105  105  102  102  100  100   98
   99   98  100   99  102  100  103  100  103  100  102  100  101   99  100   98
  100   98  100   97   98   96   95  106  118                                   
    77.5-180.0 180.0   5.0 450.0                            LAT/LON1/LON2/DLON/H
  105   93   91   92   95   98  104  107  115  120  129  135  144  148  154  156
  159  158  158  156  155  151  149  143  141  135  132  126  123  118  117  111
  111  107  108  105  106  104  104  102  101   99   98   96   95   94   93   92
   92   92   93   93   95   95   97   96   97   96   96   94   94   93   91   91
   90   90   89   87   85   85   84   90  105                                   
    75.0-180.0 180.0   5.0 450.0                            LAT/LON1/LON2/DLON/H
  104   91   92   94   97  101  107  112  120  128  138  146  155  160  166  168
  169  168  166  163  160  157  152  147  142  136  131  124  119  113  110  105
  104  101  102  101  102  101  102  101  100   98   97   95   94   93   92   91
   91   91   92   92   93   92   93   92   94   92   93   91   91   90   89   89
   88   87   88   85   85   84   89   94  104                                   
    72.5-180.0 180.0   5.0 450.0                            LAT/LON1/LON2/DLON/H
  107  101  101  104  108  110  118  122  132  139  151  159  169  175  179  181
  180  178  175  172  167  163  158  151  145  137  130  121  115  109  105  100
   98   95   96   96   97   98   98   98   97   96   93   92   89   89   87   88
   86   89   88   89   88   89   88   88   88   88   88   87   87   87   85   86
   83   85   84   84   84   85   91   98  107                                   
    70.0-180.0 180.0   5.0 450.0                            LAT/LON1/LON2/DLON/H
  114  109  114  116  119  124  130  136  145  155  166  176  186  191  195  196
  195  191  189  184  180  175  170  163  155  146  137  126  117  108  101   95
   91   89   89   89   91   91   92   91   91   89   88   86   85   83   84   83
   84   85   86   86   87   85   86   83   84   81   82   80   82   80   82   80
   82   81   84   83   87   89   99  107  114                                   
    67.5-180.0 180.0   5.0 450.0                            LAT/LON1/LON2/DLON/H
  119  122  126  131  134  135  143  148  160  168  182  192  204  211  214  216
  212  210  204  200  195  190  186  177  169  156  146  132  120  108   98   90
   85   82   82   82   83   83   84   83   82   80   78   76   74   73   74   74
   75   77   77   80   78   79   77   76   74   75   74   75   75   76   75   75
   73   75   76   78   82   88   99  111  119                                   
    65.0-180.0 180.0   5.0 450.0                            LAT/LON1/LON2/DLON/H
  125  128  139  141  146  149  156  161  172  183  197  210  222  230  234  236
  234  230  225  220  214  208  204  197  188  176  162  146  132  117  103   92
   84   79   76   74   75   74   74   72   72   68   67   64   64   62   64   64
   66   67   70   70   71   69   69   67   67   66   65   66   66   67   67   66
   66   66   69   71   78   84  100  114  125                                   
    62.5-180.0 180.0   5.0 450.0                            LAT/LON1/LON2/DLON/H
  122  130  139  149  153  156  162  168  180  192  208  223  236  245  250  253
  251  248  242  238  232  226  220  212  203  190  177  160  144  128  112   98
   87   78   74   69   68   65   64   61   61   57   55   52   52   49   50   50
   51   53   55   57   58   59   58   58   58   59   58   59   60   62   61   59
   57   57   57   60   66   75   93  112  122                                   
    60.0-180.0 180.0   5.0 450.0                            LAT/LON1/LON2/DLON/H
  121  129  143  152  160  165  172  179  190  204  219  234  247  257  263  267
  264  263  257  253  247  243  235  228  217  206  194  179  165  149  132  116
  102   89   80   72   66   61   58   54   52   49   47   45   45   43   44   42
   43   43   46   46   49   50   53   53   54   54   54   55   56   57   56   55
   53   51   51   52   59   67   86  107  121                                   
    57.5-180.0 180.0   5.0 450.0                            LAT/LON1/LON2/DLON/H
  119  129  139  155  164  171  178  186  198  211  226  242  253  265  270  273
  274  270  268  263  258  252  245  236  225  214  203  192  181  169  154  136
  121  104   92   79   71   62   59   53   52   47   48   44   45   41   41   37
   36   35   37   38   41   44   48   51   54   55   57   57   58   59   59   56
   53   49   49   49   54   62   79  101  119                                   
    55.0-180.0 180.0   5.0 450.0                            LAT/LON1/LON2/DLON/H
  122  132  146  162  174  185  195  205  215  227  239  249  261  269  275  280
  280  280  275  273  266  262  254  246  234  224  215  208  201  193  183  166
  148  129  111   95   83   73   67   62   59   57   56   55   54   52   50   45
   41   39   40   41   44   48   53   58   61   65   64   66   66   66   66   64
   61   58   57   55   59   66   84  101  122                                   
    52.5-180.0 180.0   5.0 450.0                            LAT/LON1/LON2/DLON/H
  131  142  153  173  187  202  212  223  233  244  250  261  268  276  281  285
  287  285  284  279  274  267  261  253  242  234  226  222  220  215  207  191
  173  149  130  110   99   86   81   74   74   70   72   70   71   68   64   57
   51   48   47   49   52   58   64   69   74   75   77   77   78   77   78   75
   74   70   72   69   72   78   90  110  131                                   
    50.0-180.0 180.0   5.0 450.0                            LAT/LON1/LON2/DLON/H
  146  156  172  189  207  226  238  251  258  264  269  273  279  282  287  291
  293  293  290  288  281  277  270  263  254  247  242  239  239  235  228  213
  193  168  146  127  112  103   96   92   89   90   91   91   92   89   85   78
   72   67   66   66   71   76   82   87   89   91   90   91   90   91   91   91
   91   90   92   93   98  102  117  133  146                                   
    47.5-180.0 180.0   5.0 450.0                            LAT/LON1/LON2/DLON/H
  166  176  188  208  230  249  263  275  281  287  286  292  293  297  299  303
  305  303  300  295  290  285  279  274  265  260  255  255  253  250  238  221
  200  174  153  133  123  113  110  105  105  103  106  107  108  106  102   96
   90   87   85   86   89   94   99  103  105  104  103  101  101  101  103  103
  104  107  110  115  121  129  138  160  166                                   
    45.0-180.0 180.0   5.0 450.0                            LAT/LON1/LON2/DLON/H
  185  198  213  230  250  272  286  299  306  310  311  313  313  314  315  317
  318  315  310  306  302  297  293  287  280  275  270  265  262  252  239  218
  196  171  151  137  129  123  120  117  114  115  116  118  120  118  116  111
  108  105  105  105  107  110  113  115  116  113  110  109  108  109  110  114
  114  120  126  134  146  155  170  190  185                                   
    42.5-180.0 180.0   5.0 450.0                            LAT/LON1/LON2/DLON/H
  201  217  227  247  267  287  301  316  323  332  330  336  333  337  334  338
  333  331  324  321  315  313  307  303  292  288  277  273  260  248  228  207
  182  161  144  135  131  128  127  122  121  118  119  121  123  122  121  121
  119  120  119  120  121  123  125  125  124  120  116  112  112  112  114  116
  117  122  128  139  154  171  187  216  201                                   
    40.0-180.0 180.0   5.0 450.0                            LAT/LON1/LON2/DLON/H
  213  236  247  265  281  301  314  331  340  349  352  355  354  356  353  355
  351  347  341  337  333  331  327  320  312  301  289  275  261  240  220  194
  173  154  144  140  140  138  136  131  126  121  121  121  124  123  124  125
  126  127  127  128  128  129  130  129  127  120  116  111  112  113  114  117
  116  121  126  138  157  177  201  228  213                                   
    37.5-180.0 180.0   5.0 450.0                            LAT/LON1/LON2/DLON/H
  216  240  250  271  288  307  319  337  348  362  366  375  372  378  371  374
  369  369  360  359  355  355  349  341  327  312  295  277  257  235  211  187
  169  154  150  147  150  148  147  139  132  124  121  121  123  123  123  124
  124  127  127  128  128  129  131  130  129  123  119  113  111  112  111  111
  109  109  111  122  143  170  200  234  216                                   
    35.0-180.0 180.0   5.0 450.0                            LAT/LON1/LON2/DLON/H
  218  248  258  282  298  319  332  350  363  376  385  391  393  396  390  394
  391  393  387  388  386  383  376  362  347  329  311  292  272  248  227  207
  192  180  177  175  177  175  170  161  150  141  135  134  133  133  129  129
  127  129  127  128  127  130  131  134  132  129  122  117  114  114  112  112
  106  103  101  108  128  157  193  228  218                                   
    32.5-180.0 180.0   5.0 450.0                            LAT/LON1/LON2/DLON/H
  218  242  258  283  306  324  340  357  372  389  398  409  410  416  408  414
  409  414  411  415  413  411  397  381  363  346  330  314  297  278  261  248
  238  229  221  220  215  211  203  190  178  166  160  156  153  148  141  135
  128  128  123  123  122  125  129  132  134  131  126  120  117  115  112  109
  102   96   92   95  116  147  186  230  218                                   
    30.0-180.0 180.0   5.0 450.0                            LAT/LON1/LON2/DLON/H
  224  249  268  294  317  339  358  375  392  405  415  422  425  426  421  424
  422  427  427  432  432  426  410  392  375  363  354  348  344  340  336  331
  321  311  298  284  274  262  250  235  218  207  197  196  187  181  165  155
  141  138  128  128  124  129  132  141  141  141  133  129  122  121  118  116
  111  105   99  101  118  148  191  236  224                                   
    27.5-180.0 180.0   5.0 450.0                            LAT/LON1/LON2/DLON/H
  237  256  277  301  328  354  376  396  409  426  429  438  434  436  429  435
  435  440  441  445  443  432  416  401  391  390  396  405  416  425  437  438
  434  419  399  373  354  331  307  283  263  247  239  231  225  208  193  173
  159  146  143  133  138  138  149  152  156  151  147  137  131  123  121  119
  119  115  113  113  127  159  200  247  237                                   
    25.0-180.0 180.0   5.0 450.0                            LAT/LON1/LON2/DLON/H
  255  269  294  320  347  375  402  422  437  450  452  462  457  455  445  447
  448  454  456  458  453  439  422  415  417  433  454  481  509  530  536  533
  521  491  453  424  403  382  362  340  320  299  286  275  263  244  224  200
  183  168  160  151  152  149  157  159  160  154  145  138  131  132  133  131
  131  130  132  135  149  181  223  263  255                                   
    22.5-180.0 180.0   5.0 450.0                            LAT/LON1/LON2/DLON/H
  276  285  313  335  368  396  427  449  467  480  485  492  485  477  465  461
  462  468  469  466  457  443  433  437  455  486  523  569  605  620  635  640
  624  577  526  471  438  415  391  370  350  338  320  317  304  285  261  233
  216  201  195  184  185  182  187  185  180  170  160  148  138  130  135  141
  153  155  159  162  180  209  248  287  276                                   
    20.0-180.0 180.0   5.0 450.0                            LAT/LON1/LON2/DLON/H
  298  302  339  362  397  428  459  487  502  523  528  544  525  522  496  495
  489  492  487  483  469  461  454  473  501  548  598  639  679  709  723  721
  682  622  555  499  458  429  405  383  366  350  338  331  325  309  292  263
  254  240  241  231  228  222  219  210  202  189  178  165  153  140  141  145
  157  166  181  189  206  235  268  307  298                                   
    17.5-180.0 180.0   5.0 450.0                            LAT/LON1/LON2/DLON/H
  315  329  368  392  425  453  483  508  533  555  571  581  572  557  538  526
  522  522  512  500  487  480  484  510  550  605  658  707  748  771  776  760
  708  635  562  502  455  421  394  379  359  352  333  336  325  320  305  289
  280  277  276  273  267  256  247  228  217  201  191  177  166  156  152  161
  167  181  189  211  229  262  290  331  315                                   
    15.0-180.0 180.0   5.0 450.0                            LAT/LON1/LON2/DLON/H
  338  352  400  422  459  481  515  539  570  599  608  621  607  609  583  579
  565  564  543  528  508  508  516  549  589  646  697  740  782  798  796  761
  692  612  541  477  437  403  381  366  352  341  328  328  325  321  310  305
  300  304  301  300  288  274  259  239  224  206  196  183  173  166  163  165
  171  179  191  209  236  265  301  339  338                                   
    12.5-180.0 180.0   5.0 450.0                            LAT/LON1/LON2/DLON/H
  345  378  425  455  485  509  534  559  589  616  633  639  638  637  626  620
  612  604  586  564  548  548  558  589  628  686  737  772  797  801  776  730
  651  576  499  450  411  383  365  355  342  332  314  316  314  314  311  314
  316  322  320  315  296  284  263  247  231  214  202  191  183  175  170  170
  171  180  187  208  232  274  307  350  345                                   
    10.0-180.0 180.0   5.0 450.0                            LAT/LON1/LON2/DLON/H
  363  391  446  473  510  528  557  585  617  646  656  671  664  677  670  679
  665  656  632  614  594  592  594  628  676  727  765  779  793  775  744  687
  611  525  467  428  395  376  364  359  344  334  319  318  318  319  319  324
  324  329  319  311  291  277  262  243  235  214  208  194  189  181  176  168
  164  166  175  195  224  263  304  349  363                                   
     7.5-180.0 180.0   5.0 450.0                            LAT/LON1/LON2/DLON/H
  361  404  458  497  530  554  584  612  643  665  674  682  687  702  709  719
  710  694  676  655  640  635  649  683  730  764  776  777  769  743  701  640
