data/unet/pred2460.15i
     1.0            IONOSPHERE MAPS     GNSS                IONEX VERSION / TYPE
pyspatialgeodesy        IME             05-JAN-18 20:20     PGM / RUN BY / DATE 
Map Name                                                    COMMENT             
Predicted global ionosphere maps (GIM).                     DESCRIPTION         
  2015     9     3     0     0     0                        EPOCH OF FIRST MAP  
  2015     9     4     0     0     0                        EPOCH OF LAST MAP   
  7200                                                      INTERVAL            
    13                                                      # OF MAPS IN FILE   
  NONE                                                      MAPPING FUNCTION    
10.0                                                        ELEVATION CUTOFF    
One-way carrier phase leveled to code                       OBSERVABLES USED    
  6371.0                                                    BASE RADIUS         
 2                                                          MAP DIMENSION       
   450.0 450.0   0.0                                        HGT1 / HGT2 / DHGT  
    87.5 -87.5  -2.5                                        LAT1 / LAT2 / DLAT  
  -180.0 180.0   5.0                                        LON1 / LON2 / DLON  
    -1                                                      EXPONENT            
                                                            END OF HEADER       
[from data line 429]
     2                                                      START OF TEC MAP    
  2015     9     3     2     0     0                        EPOCH OF CURRENT MAP
    87.5-180.0 180.0   5.0 450.0                            LAT/LON1/LON2/DLON/H
  127  122  124  119  121  117  123  122  127  124  129  125  129  126  130  125
  129  124  127  121  125  119  122  115  119  113  116  110  114  109  112  107
  111  106  110  105  110  106  110  106  111  107  112  109  114  111  116  113
  118  115  118  116  119  117  118  116  118  116  117  115  118  115  117  113
  118  114  118  115  121  115  118  135  127                                   
    85.0-180.0 180.0   5.0 450.0                            LAT/LON1/LON2/DLON/H
  120  133  118  124  121  121  122  124  125  127  127  128  128  129  129  129
  127  127  125  124  122  121  119  117  115  114  112  110  108  107  105  104
  103  103  103  102  102  102  103  103  104  104  105  106  107  109  110  112
  112  115  114  116  116  118  117  118  118  119  118  118  118  119  117  118
  118  117  118  118  118  114  119  122  120                                   
    82.5-180.0 180.0   5.0 450.0                            LAT/LON1/LON2/DLON/H
  124  126  126  126  125  121  127  125  131  128  134  132  137  134  138  134
  137  131  134  127  129  122  124  116  117  110  112  104  106  100  103   97
  100   95  100   94   99   95  100   96  102   99  105  102  108  105  112  110
  116  114  120  118  123  121  124  122  125  124  126  124  127  124  126  123
  126  123  126  124  127  119  127  120  124                                   
    80.0-180.0 180.0   5.0 450.0                            LAT/LON1/LON2/DLON/H
  130  130  127  129  129  127  131  132  135  136  139  139  143  141  144  140
  142  136  137  131  129  123  121  115  112  106  105   99   98   93   94   90
   92   89   91   89   92   90   94   92   96   95  100   99  105  105  111  112
  118  118  123  122  127  125  129  128  132  130  133  131  135  132  134  130
  134  130  134  130  132  123  127  121  130                                   
    77.5-180.0 180.0   5.0 450.0                            LAT/LON1/LON2/DLON/H
  134  135  131  134  130  133  134  138  139  143  144  148  148  151  149  150
  146  145  140  138  131  127  121  117  110  107  101   99   94   94   91   92
   89   90   88   90   88   91   90   92   92   95   97  101  103  108  111  116
  120  123  126  128  132  133  136  136  140  140  143  142  144  142  143  141
  142  139  140  137  136  132  133  123  134                                   
    75.0-180.0 180.0   5.0 450.0                            LAT/LON1/LON2/DLON/H
  141  137  136  136  136  134  139  139  144  145  150  148  152  149  151  146
  146  140  139  132  128  122  117  111  105  100   96   91   90   87   88   86
   87   85   86   85   85   85   86   86   89   89   94   94  100  103  109  112
  118  121  125  127  132  134  138  139  143  143  146  145  148  146  147  144
  146  143  145  141  140  136  139  129  141                                   
    72.5-180.0 180.0   5.0 450.0                            LAT/LON1/LON2/DLON/H
  145  143  139  139  134  136  136  140  141  145  145  148  146  148  146  145
  141  139  134  130  122  117  110  104   98   93   89   87   84   85   84   85
   84   85   84   83   81   81   79   80   80   82   84   88   91   97  102  108
  113  118  122  125  129  132  136  139  143  145  148  149  150  149  149  147
  147  144  146  143  142  141  145  136  145                                   
    70.0-180.0 180.0   5.0 450.0                            LAT/LON1/LON2/DLON/H
  151  146  145  143  141  138  143  142  147  146  150  148  150  147  146  142
  140  134  131  125  117  111  103   97   90   86   82   80   79   79   80   81
   81   80   79   78   74   73   71   71   71   72   76   79   85   89   96  102
  109  113  118  122  126  129  133  137  141  144  147  149  150  149  149  147
  149  146  149  146  147  146  151  144  151                                   
    67.5-180.0 180.0   5.0 450.0                            LAT/LON1/LON2/DLON/H
  155  151  150  147  139  140  140  143  144  147  146  149  146  147  142  141
  135  132  126  121  112  105   97   90   83   79   75   75   73   76   76   79
   77   77   74   72   67   64   60   60   58   62   63   70   74   82   87   95
  101  107  111  115  118  122  125  130  134  139  141  145  146  146  145  145
  145  144  146  148  148  150  154  148  155                                   
    65.0-180.0 180.0   5.0 450.0                            LAT/LON1/LON2/DLON/H
  162  157  156  152  147  143  145  146  149  149  151  149  149  145  143  138
  135  128  124  117  110  102   94   85   79   74   72   70   72   73   75   75
   74   73   68   65   59   56   52   50   51   52   57   61   68   75   83   90
   97  103  106  110  112  115  118  123  128  133  138  141  144  143  143  142
  143  142  145  146  149  151  157  153  162                                   
    62.5-180.0 180.0   5.0 450.0                            LAT/LON1/LON2/DLON/H
  166  161  160  157  149  148  147  149  149  151  149  150  146  145  139  138
  131  128  121  117  107  101   90   83   75   71   66   67   66   70   70   72
   69   67   62   57   51   47   43   42   42   45   48   55   61   69   77   85
   92   97  100  103  105  108  110  117  122  129  132  138  139  141  138  139
  137  139  141  146  149  154  159  154  166                                   
    60.0-180.0 180.0   5.0 450.0                            LAT/LON1/LON2/DLON/H
  170  165  165  162  157  152  151  149  151  149  151  146  148  141  141  134
  134  127  124  116  111  100   92   81   76   69   69   67   71   70   73   70
   69   64   58   53   48   43   40   39   40   42   47   52   59   66   74   82
   88   93   95   98  100  103  106  113  120  127  134  138  142  141  141  139
  139  139  142  144  150  152  160  155  170                                   
    57.5-180.0 180.0   5.0 450.0                            LAT/LON1/LON2/DLON/H
  174  170  168  166  159  156  153  152  151  150  148  148  145  143  138  137
  132  130  123  119  109  101   90   83   75   71   68   69   70   72   70   70
   66   62   56   52   47   43   40   40   41   44   48   52   59   65   73   80
   87   92   94   97  100  103  107  115  122  131  137  143  146  147  144  144
  142  142  144  148  152  157  162  153  174                                   
    55.0-180.0 180.0   5.0 450.0                            LAT/LON1/LON2/DLON/H
  181  176  176  174  171  163  160  154  153  147  149  142  147  138  141  133
  137  129  129  120  115  103   96   85   81   75   75   74   77   75   76   71
   69   63   60   55   52   48   48   47   49   50   54   57   62   68   74   80
   86   91   94   99  101  107  112  120  129  137  144  149  154  154  154  151
  150  149  151  153  158  157  165  158  181                                   
    52.5-180.0 180.0   5.0 450.0                            LAT/LON1/LON2/DLON/H
  188  184  183  183  177  172  165  159  155  150  148  146  145  142  139  138
  136  134  130  125  117  109   99   93   86   83   81   82   82   82   79   78
   73   70   66   64   61   59   58   58   59   60   62   63   68   72   78   85
   92   98  103  109  115  120  126  134  141  149  154  159  163  164  163  161
  159  158  159  161  166  167  172  162  188                                   
    50.0-180.0 180.0   5.0 450.0                            LAT/LON1/LON2/DLON/H
  198  194  196  196  193  183  177  166  161  152  151  144  147  137  141  134
  140  133  136  127  125  113  108   99   98   91   92   90   91   87   88   82
   82   77   77   74   74   71   71   69   71   70   71   71   74   77   82   89
   96  105  111  120  127  135  141  149  156  162  167  170  175  175  175  173
  172  170  171  172  175  173  179  171  198                                   
    47.5-180.0 180.0   5.0 450.0                            LAT/LON1/LON2/DLON/H
  205  204  206  209  203  197  187  177  170  162  157  152  149  145  143  141
  141  140  139  135  130  122  116  111  107  105  102  101   99   97   94   92
   90   89   88   88   87   86   84   82   82   80   81   78   81   83   89   96
  106  116  125  136  145  154  161  168  172  177  178  182  183  184  183  183
  181  180  179  180  183  184  186  179  205                                   
    45.0-180.0 180.0   5.0 450.0                            LAT/LON1/LON2/DLON/H
  214  213  218  218  216  208  201  188  181  171  169  158  158  146  149  141
  146  142  146  140  139  129  127  119  120  114  115  109  109  102  103   97
  100   97  100   97   99   95   94   89   89   87   88   85   87   89   95  103
  113  125  135  149  159  170  178  184  188  189  192  191  195  193  194  192
  192  189  189  188  191  189  193  191  214                                   
    42.5-180.0 180.0   5.0 450.0                            LAT/LON1/LON2/DLON/H
  217  218  221  225  221  217  210  202  194  186  180  172  166  159  155  152
  152  153  153  150  146  140  136  132  129  126  122  118  113  109  106  105
  105  107  108  108  106  103   99   95   93   91   92   89   92   93  102  111
  122  134  146  160  172  185  191  197  197  199  197  199  198  199  198  197
  196  195  193  193  196  197  199  199  217                                   
    40.0-180.0 180.0   5.0 450.0                            LAT/LON1/LON2/DLON/H
  224  223  227  228  226  221  218  210  206  198  195  183  181  168  167  159
  163  159  163  157  155  146  145  138  139  132  131  121  119  111  111  107
  111  110  113  110  110  104  101   94   95   93   95   92   94   96  105  114
  127  139  153  167  181  193  200  204  206  205  207  205  208  206  208  206
  207  203  202  200  202  200  205  208  224                                   
    37.5-180.0 180.0   5.0 450.0                            LAT/LON1/LON2/DLON/H
  233  228  229  230  226  223  221  218  215  212  208  201  194  184  178  173
  172  170  170  166  161  154  149  145  143  139  134  126  119  115  113  113
  115  115  117  114  112  106  103   98   98   98   99   97   98  101  109  119
  132  144  158  173  187  201  208  212  213  213  214  214  216  215  217  216
  216  213  211  209  211  211  212  218  233                                   
    35.0-180.0 180.0   5.0 450.0                            LAT/LON1/LON2/DLON/H
  247  237  238  235  229  226  226  222  223  220  220  213  211  198  195  184
  184  179  178  170  165  155  152  146  146  139  136  127  122  115  116  114
  117  116  117  112  110  103  100   96   97   97  100   97   98   99  108  118
  130  143  156  170  186  200  209  215  218  219  223  226  231  232  234  234
  234  231  228  224  225  222  228  234  247                                   
    32.5-180.0 180.0   5.0 450.0                            LAT/LON1/LON2/DLON/H
  271  255  250  244  240  236  237  235  236  235  233  230  225  218  210  200
  194  187  183  174  166  157  153  148  147  143  138  131  125  120  120  119
  121  119  119  114  111  106  102  101  102  104  104  102  100  102  108  117
  130  141  155  169  184  200  212  219  226  230  237  242  249  252  255  257
  257  254  249  245  245  245  248  256  271                                   
    30.0-180.0 180.0   5.0 450.0                            LAT/LON1/LON2/DLON/H
  298  284  283  274  265  261  258  255  251  248  244  241  239  231  225  211
  203  191  184  172  164  154  150  146  147  143  140  133  129  123  125  122
  124  120  118  112  108  103  102   99  102  102  102   96   94   94  100  109
  121  134  148  162  178  193  208  219  228  236  247  258  268  277  283  288
  288  286  279  274  271  268  274  284  298                                   
    27.5-180.0 180.0   5.0 450.0                            LAT/LON1/LON2/DLON/H
  336  327  326  317  308  304  299  292  285  277  269  264  258  251  239  225
  211  195  185  171  163  153  151  148  148  147  144  139  133  131  129  129
  127  124  119  114  110  108  106  107  106  106  103   97   90   90   94  104
  115  127  141  155  172  188  204  216  230  241  258  272  287  299  312  319
  323  319  315  308  305  308  307  313  336                                   
    25.0-180.0 180.0   5.0 450.0                            LAT/LON1/LON2/DLON/H
  372  376  377  374  366  364  356  348  333  319  301  289  278  269  253  233
  215  195  181  167  158  150  148  146  149  147  148  143  141  138  137  134
  133  128  121  116  111  108  107  104  104  101   97   88   83   81   87   96
  108  120  136  151  171  188  207  217  233  248  269  286  303  320  332  344
  351  352  350  343  343  346  344  350  372                                   
    22.5-180.0 180.0   5.0 450.0                            LAT/LON1/LON2/DLON/H
  403  415  421  425  424  424  415  405  388  369  346  328  311  294  272  245
  222  196  181  165  159  153  152  152  153  155  153  151  145  143  139  139
  134  131  122  118  112  113  108  108  103  101   93   87   79   79   82   93
  105  118  133  151  172  193  213  227  244  257  280  297  316  330  347  357
  369  371  374  371  373  383  381  381  403                                   
    20.0-180.0 180.0   5.0 450.0                            LAT/LON1/LON2/DLON/H
  430  444  453  465  471  477  471  464  445  425  397  375  350  328  296  262
  232  200  181  167  160  155  154  153  157  156  159  154  151  147  145  143
  139  133  124  120  114  113  109  104  100   94   89   82   78   76   81   90
  103  116  134  156  180  203  227  241  259  272  294  313  333  348  361  375
  384  390  393  392  398  407  411  412  430                                   
    17.5-180.0 180.0   5.0 450.0                            LAT/LON1/LON2/DLON/H
  439  453  467  482  498  504  507  501  488  470  442  415  387  355  322  280
  246  211  192  177  172  169  167  167  164  164  159  154  148  145  142  141
  135  131  123  120  114  113  105  102   93   90   82   81   76   77   78   87
   98  114  134  159  186  213  237  256  275  294  313  330  347  357  372  382
  395  399  404  406  411  420  426  428  439                                   
    15.0-180.0 180.0   5.0 450.0                            LAT/LON1/LON2/DLON/H
  446  459  472  490  508  523  527  528  518  506  481  454  423  392  355  312
  270  231  211  194  188  179  178  172  170  163  160  152  148  142  143  139
  136  128  124  119  115  112  105   97   89   83   83   80   79   77   79   83
   96  113  138  165  195  224  250  275  296  316  331  348  359  370  381  394
  403  411  414  416  423  433  439  443  446                                   
    12.5-180.0 180.0   5.0 450.0                            LAT/LON1/LON2/DLON/H
  443  457  471  486  509  521  531  534  530  524  503  480  446  413  377  333
  295  260  239  222  213  205  196  188  175  167  155  148  139  137  135  135
  130  125  119  116  111  108   99   91   81   77   77   80   78   78   76   81
   93  111  138  167  200  230  260  286  313  331  348  358  372  376  389  395
  407  412  419  423  431  437  445  447  443                                   
    10.0-180.0 180.0   5.0 450.0                            LAT/LON1/LON2/DLON/H
  445  457  469  481  498  514  521  530  530  527  514  494  465  435  401  362
  327  296  276  257  244  224  212  191  179  163  156  144  141  135  135  133
  131  125  120  116  111  106   95   85   76   74   79   79   83   77   76   74
   90  107  138  165  200  229  262  292  319  341  357  370  381  387  396  403
  413  419  426  431  440  448  455  457  445                                   
     7.5-180.0 180.0   5.0 450.0                            LAT/LON1/LON2/DLON/H
  449  459  468  476  488  497  506  513  516  516  506  494  467  441  410  375
  346  320  305  287  271  248  223  202  181  165  151  146  140  137  132  130
