data/unet/pred1050.15i
     1.0            IONOSPHERE MAPS     GNSS                IONEX VERSION / TYPE
pyspatialgeodesy        IME             05-JAN-18 20:20     PGM / RUN BY / DATE 
Map Name                                                    COMMENT             
Predicted global ionosphere maps (GIM).                     DESCRIPTION         
  2015     4    15     0     0     0                        EPOCH OF FIRST MAP  
  2015     4    16     0     0     0                        EPOCH OF LAST MAP   
  7200                                                      INTERVAL            
    13                                                      # OF MAPS IN FILE   
  NONE                                                      MAPPING FUNCTION    
10.0                                                        ELEVATION CUTOFF    
One-way carrier phase leveled to code                       OBSERVABLES USED    
  6371.0                                                    BASE RADIUS         
 2                                                          MAP DIMENSION       
   450.0 450.0   0.0                                        HGT1 / HGT2 / DHGT  
    87.5 -87.5  -2.5                                        LAT1 / LAT2 / DLAT  
  -180.0 180.0   5.0                                        LON1 / LON2 / DLON  
    -1                                                      EXPONENT            
                                                            END OF HEADER       
[from data line 3861]
    10                                                      START OF TEC MAP    
  2015     4    15    18     0     0                        EPOCH OF CURRENT MAP
    87.5-180.0 180.0   5.0 450.0                            LAT/LON1/LON2/DLON/H
  264  250  257  261  261  264  264  267  265  267  265  266  264  264  262  263
  260  260  258  258  255  254  251  250  245  244  240  239  234  234  231  232
  230  232  232  232  232  230  230  227  226  221  222  217  219  213  215  210
  214  209  214  212  217  216  222  222  227  228  232  233  238  239  241  244
  246  248  247  247  247  246  244  226  264                                   
    85.0-180.0 180.0   5.0 450.0                            LAT/LON1/LON2/DLON/H
  251  240  246  248  250  249  255  253  258  257  261  260  263  261  263  260
  261  256  255  250  249  243  243  237  238  231  234  227  230  223  227  222
  225  222  224  221  222  218  218  215  213  210  210  207  207  204  205  202
  203  203  205  206  208  212  214  218  220  223  225  227  229  230  232  232
  236  235  239  236  237  231  240  226  251                                   
    82.5-180.0 180.0   5.0 450.0                            LAT/LON1/LON2/DLON/H
  244  227  232  236  237  242  245  248  250  253  255  257  259  259  260  258
  257  253  250  246  242  238  235  231  228  225  222  219  215  214  211  212
  209  210  208  208  205  203  201  197  197  191  192  187  189  185  188  186
  188  188  192  193  197  199  203  205  209  210  213  214  218  219  221  223
  225  227  228  227  228  220  222  220  244                                   
    80.0-180.0 180.0   5.0 450.0                            LAT/LON1/LON2/DLON/H
  229  218  213  219  219  224  226  231  232  239  241  248  249  254  254  255
  254  251  248  243  238  234  229  226  219  218  212  212  206  207  202  204
  200  201  198  197  195  193  190  188  184  182  178  178  173  175  171  175
  173  177  177  182  183  188  190  193  196  198  201  201  206  205  208  209
  212  213  214  214  210  208  201  199  229                                   
    77.5-180.0 180.0   5.0 450.0                            LAT/LON1/LON2/DLON/H
  207  200  195  198  198  204  207  212  214  221  224  231  235  240  244  245
  247  245  244  240  236  232  226  222  215  211  206  202  199  196  195  194
  195  193  194  191  192  188  186  183  179  176  173  171  169  169  169  171
  171  175  176  180  182  186  187  190  192  194  194  196  196  198  196  199
  197  200  197  197  193  189  186  192  207                                   
    75.0-180.0 180.0   5.0 450.0                            LAT/LON1/LON2/DLON/H
  199  190  183  186  186  190  192  196  200  206  214  221  231  237  244  248
  253  251  254  248  248  238  233  223  216  210  205  201  199  197  197  197
  197  197  197  194  196  191  190  184  182  178  176  173  173  172  173  174
  175  177  180  182  184  185  187  187  188  187  187  187  187  186  184  184
  184  184  184  183  181  180  175  179  199                                   
    72.5-180.0 180.0   5.0 450.0                            LAT/LON1/LON2/DLON/H
  191  184  177  179  177  181  180  185  186  194  200  211  219  229  238  246
  253  257  259  258  256  249  239  230  220  213  207  204  201  199  200  199
  201  200  202  200  201  198  195  190  185  181  178  176  174  174  173  176
  175  179  178  181  180  183  182  183  182  181  179  179  177  177  174  175
  172  174  172  172  170  167  167  175  191                                   
    70.0-180.0 180.0   5.0 450.0                            LAT/LON1/LON2/DLON/H
  189  183  177  177  178  178  178  180  183  188  197  206  219  230  242  252
  262  267  274  271  275  264  260  242  236  221  217  210  209  205  207  206
  210  208  211  207  208  203  200  193  188  183  180  177  177  175  176  176
  178  178  179  178  178  175  173  172  171  168  168  165  167  163  163  160
  161  160  161  161  160  160  162  168  189                                   
    67.5-180.0 180.0   5.0 450.0                            LAT/LON1/LON2/DLON/H
  185  184  179  182  181  183  180  183  181  187  192  203  215  230  246  257
  270  277  283  283  284  276  272  257  250  237  231  224  220  216  215  214
  217  216  217  214  214  208  203  196  189  183  178  176  173  173  171  172
  171  172  170  169  165  162  158  156  153  151  150  150  150  149  148  147
  147  149  148  151  151  152  156  163  185                                   
    65.0-180.0 180.0   5.0 450.0                            LAT/LON1/LON2/DLON/H
  184  185  182  185  188  188  188  188  189  191  199  207  222  236  255  268
  283  290  299  296  300  291  290  276  272  258  256  243  241  231  231  226
  229  224  226  220  219  210  205  196  190  182  177  174  170  169  165  165
  162  162  159  157  153  148  144  140  139  137  138  136  138  136  135  133
  134  133  135  137  140  143  151  155  184                                   
    62.5-180.0 180.0   5.0 450.0                            LAT/LON1/LON2/DLON/H
  174  179  179  187  191  195  194  197  194  198  201  210  222  239  256  272
  289  296  302  301  300  294  291  281  279  271  268  261  256  250  246  242
  239  238  233  230  222  217  207  199  190  184  177  173  168  163  160  155
  152  148  145  142  137  132  128  124  123  122  123  122  124  122  121  121
  119  121  121  126  128  132  139  147  174                                   
    60.0-180.0 180.0   5.0 450.0                            LAT/LON1/LON2/DLON/H
  162  171  174  185  193  198  201  203  203  206  211  216  231  243  262  276
  291  299  304  306  304  301  299  294  293  287  287  278  277  268  266  257
  256  248  245  239  232  222  213  202  194  185  180  175  169  163  156  149
  143  137  134  129  126  120  119  114  115  112  114  113  113  110  109  107
  107  106  108  112  114  119  129  138  162                                   
    57.5-180.0 180.0   5.0 450.0                            LAT/LON1/LON2/DLON/H
  144  156  165  180  191  201  206  211  210  214  215  221  228  242  255  273
  287  298  302  304  301  300  298  297  296  295  295  290  288  284  279  276
  269  267  258  254  242  235  222  214  203  198  191  187  179  169  161  149
  141  133  127  122  117  114  112  112  111  112  111  111  108  107  102  101
   96   98   96  102  100  105  116  125  144                                   
    55.0-180.0 180.0   5.0 450.0                            LAT/LON1/LON2/DLON/H
  136  148  160  177  194  210  218  224  226  229  231  234  241  248  262  273
  286  296  300  305  301  303  301  305  303  307  306  304  301  297  295  291
  288  283  276  268  258  246  235  225  217  210  207  201  194  182  171  156
  147  134  130  122  120  116  116  116  117  117  117  115  112  109  105  101
   96   95   94   97   96   99  110  117  136                                   
    52.5-180.0 180.0   5.0 450.0                            LAT/LON1/LON2/DLON/H
  131  142  156  175  196  213  230  240  241  247  244  247  246  254  259  274
  283  297  299  305  302  306  305  314  313  321  316  319  312  312  307  307
  301  299  287  283  268  262  248  243  235  232  227  223  214  203  188  173
  159  147  137  132  126  127  127  131  131  133  129  127  122  119  112  109
  101  102   97  101   96   98  109  116  131                                   
    50.0-180.0 180.0   5.0 450.0                            LAT/LON1/LON2/DLON/H
  141  152  167  188  213  237  255  268  273  276  276  274  273  274  279  288
  297  304  305  310  305  311  307  318  315  328  323  328  325  324  323  318
  316  310  301  291  284  273  266  257  254  249  248  242  236  221  210  190
  179  164  156  148  145  144  146  147  151  149  148  143  139  134  130  125
  119  116  113  114  110  113  121  123  141                                   
    47.5-180.0 180.0   5.0 450.0                            LAT/LON1/LON2/DLON/H
  152  163  178  203  229  251  274  288  297  303  298  298  291  293  294  304
  310  317  311  314  307  314  311  324  324  338  336  346  340  346  339  339
  327  322  310  304  295  289  279  274  269  267  264  260  251  239  225  209
  194  180  170  164  160  160  161  166  167  169  166  162  156  151  147  144
  138  137  130  133  126  128  138  136  152                                   
    45.0-180.0 180.0   5.0 450.0                            LAT/LON1/LON2/DLON/H
  173  189  207  230  256  280  301  319  329  336  335  332  327  324  328  330
  337  335  328  322  314  318  312  327  324  342  337  349  343  348  345  342
  333  327  318  312  307  300  294  284  280  272  270  262  257  244  234  218
  207  192  184  175  172  169  172  173  178  178  178  174  172  168  168  164
  162  158  155  155  151  151  161  152  173                                   
    42.5-180.0 180.0   5.0 450.0                            LAT/LON1/LON2/DLON/H
  187  206  226  250  273  290  313  332  348  361  361  363  352  355  354  364
  363  357  342  334  321  326  320  335  334  352  348  361  354  360  352  351
  337  334  323  323  318  315  307  299  287  281  271  266  255  248  235  225
  214  203  194  186  179  176  176  178  180  184  184  183  183  184  182  181
  176  176  169  173  167  169  181  168  187                                   
    40.0-180.0 180.0   5.0 450.0                            LAT/LON1/LON2/DLON/H
  206  231  250  274  293  313  329  354  370  388  391  391  386  383  388  391
  393  382  365  351  337  336  328  343  340  359  351  364  350  356  343  343
  333  333  330  333  333  331  325  312  299  282  273  261  253  242  235  225
  219  208  200  191  185  178  177  175  179  181  184  185  189  191  194  192
  191  187  184  183  180  179  191  175  206                                   
    37.5-180.0 180.0   5.0 450.0                            LAT/LON1/LON2/DLON/H
  203  232  257  279  299  313  332  352  376  397  410  414  408  415  413  426
  421  414  388  374  354  359  348  362  356  373  364  375  363  366  357  361
  350  361  356  368  362  364  351  336  312  293  275  264  252  245  237  230
  223  216  208  201  193  187  181  179  180  181  184  186  190  194  197  197
  193  190  184  184  178  178  195  176  203                                   
    35.0-180.0 180.0   5.0 450.0                            LAT/LON1/LON2/DLON/H
  206  237  261  284  302  322  338  364  387  415  426  433  431  432  438  444
  447  436  416  400  384  380  370  377  370  381  373  384  371  380  368  381
  379  395  400  415  415  413  395  367  338  309  289  272  263  254  247  239
  233  226  217  207  200  194  191  189  190  187  189  187  193  195  201  201
  199  193  184  181  170  170  180  171  206                                   
    32.5-180.0 180.0   5.0 450.0                            LAT/LON1/LON2/DLON/H
  186  218  248  275  296  316  339  366  396  421  439  445  447  451  454  467
  467  466  446  437  415  419  400  408  393  404  396  407  403  413  413  432
  436  460  469  488  490  481  454  417  377  343  313  298  285  282  272  265
  251  246  233  229  220  217  205  206  202  206  206  205  212  207  209  203
  201  190  180  168  156  155  173  167  186                                   
    30.0-180.0 180.0   5.0 450.0                            LAT/LON1/LON2/DLON/H
  180  208  238  269  290  314  338  375  409  437  451  463  465  468  471  480
  487  485  472  464  446  440  425  421  412  416  418  433  436  454  464  489
  507  532  553  565  558  536  501  456  414  380  344  322  302  296  284  281
  272  269  263  256  256  254  252  242  238  236  234  233  228  219  216  216
  211  199  188  172  161  152  152  159  180                                   
    27.5-180.0 180.0   5.0 450.0                            LAT/LON1/LON2/DLON/H
  172  198  221  257  280  303  336  377  417  446  466  476  483  486  492  500
  508  508  501  493  472  466  446  443  433  445  450  473  488  520  534  556
  570  600  618  625  608  579  537  494  449  414  375  358  332  338  322  321
  310  295  287  274  273  268  275  273  279  276  280  281  279  269  256  234
  221  197  186  170  161  156  153  160  172                                   
    25.0-180.0 180.0   5.0 450.0                            LAT/LON1/LON2/DLON/H
  184  198  228  255  284  310  347  391  431  462  479  494  501  511  516  522
  528  528  521  513  491  479  460  453  451  464  485  517  546  569  589  611
  634  668  682  680  652  614  563  523  472  438  404  391  369  377  366  369
  350  340  327  318  327  325  338  325  317  312  306  301  300  291  287  270
  258  227  208  190  173  159  153  166  184                                   
    22.5-180.0 180.0   5.0 450.0                            LAT/LON1/LON2/DLON/H
  199  211  247  271  298  327  362  403  444  479  499  515  530  538  550  552
  559  554  548  533  512  492  480  471  481  497  530  568  589  617  627  664
  690  722  717  700  667  619  563  516  475  444  415  410  390  400  376  381
  362  356  343  352  351  374  371  370  367  349  338  323  315  304  295  280
  266  244  230  207  192  183  174  178  199                                   
    20.0-180.0 180.0   5.0 450.0                            LAT/LON1/LON2/DLON/H
  214  218  256  282  319  349  380  414  459  498  522  540  554  573  586  588
  593  587  580  561  538  518  501  498  510  535  575  610  631  662  686  721
  739  754  744  716  675  620  558  508  458  428  399  402  384  391  372  382
  370  365  363  365  376  385  385  391  390  381  362  345  327  304  292  282
  267  248  231  213  196  190  188  195  214                                   
    17.5-180.0 180.0   5.0 450.0                            LAT/LON1/LON2/DLON/H
  227  230  265  296  331  366  400  434  472  511  540  557  573  591  614  616
  630  625  619  594  573  544  534  529  550  579  615  652  664  701  711  741
  758  767  749  708  661  604  535  476  426  394  364  364  348  373  364  385
  382  375  381  378  395  394  403  399  405  400  388  360  340  310  296  282
  270  257  238  223  201  192  193  205  227                                   
    15.0-180.0 180.0   5.0 450.0                            LAT/LON1/LON2/DLON/H
  233  234  263  297  333  368  400  437  478  515  550  573  593  609  630  642
  657  662  662  638  617  585  574  569  595  625  666  696  713  736  746  768
  774  768  736  696  646  589  513  455  396  365  329  330  320  345  356  378
  388  388  398  400  406  404  407  406  399  400  389  363  328  301  281  270
  260  252  239  225  204  194  189  206  233                                   
    12.5-180.0 180.0   5.0 450.0                            LAT/LON1/LON2/DLON/H
  225  231  262  302  342  375  406  436  474  514  553  585  609  626  645  661
  686  698  706  690  671  642  629  627  649  678  700  725  743  758  763  767
  761  747  716  678  631  570  497  442  387  354  319  317  310  338  357  387
  407  416  434  424  435  422  426  405  398  378  374  346  329  295  279  264
  254  248  235  226  200  195  184  200  225                                   
    10.0-180.0 180.0   5.0 450.0                            LAT/LON1/LON2/DLON/H
  223  231  271  312  352  386  413  435  475  510  553  590  621  638  663  678
  711  729  744  731  715  690  682  681  698  715  743  762  778  780  776  770
  754  734  704  671  631  578  506  448  395  359  325  324  322  354  380  418
  434  450  456  448  442  430  418  399  373  357  336  317  290  273  255  243
  235  233  220  214  191  188  179  192  223                                   
     7.5-180.0 180.0   5.0 450.0                            LAT/LON1/LON2/DLON/H
  208  230  267  318  360  393  422  444  479  512  551  590  621  649  671  695
  727  757  771  757  748  727  721  720  728  747  767  784  792  788  776  767
