data/unet/pred1220.15i
     1.0            IONOSPHERE MAPS     GNSS                IONEX VERSION / TYPE
pyspatialgeodesy        IME             05-JAN-18 20:20     PGM / RUN BY / DATE 
Map Name                                                    COMMENT             
Predicted global ionosphere maps (GIM).                     DESCRIPTION         
  2015     5     2     0     0     0                        EPOCH OF FIRST MAP  
  2015     5     3     0     0     0                        EPOCH OF LAST MAP   
  7200                                                      INTERVAL            
    13                                                      # OF MAPS IN FILE   
  NONE                                                      MAPPING FUNCTION    
10.0                                                        ELEVATION CUTOFF    
One-way carrier phase leveled to code                       OBSERVABLES USED    
  6371.0                                                    BASE RADIUS         
 2                                                          MAP DIMENSION       
   450.0 450.0   0.0                                        HGT1 / HGT2 / DHGT  
    87.5 -87.5  -2.5                                        LAT1 / LAT2 / DLAT  
  -180.0 180.0   5.0                                        LON1 / LON2 / DLON  
    -1                                                      EXPONENT            
                                                            END OF HEADER       
[from data line 4290]
    11                                                      START OF TEC MAP    
  2015     5     2    20     0     0                        EPOCH OF CURRENT MAP
    87.5-180.0 180.0   5.0 450.0                            LAT/LON1/LON2/DLON/H
  209  188  182  185  183  182  182  182  184  184  186  185  188  187  189  188
  191  190  191  190  191  190  190  189  188  186  185  183  181  179  176  175
  172  172  169  170  167  168  165  167  164  166  164  167  166  169  168  170
  171  172  173  174  175  176  176  177  178  179  178  179  180  180  180  180
  180  181  181  181  181  180  176  191  209                                   
    85.0-180.0 180.0   5.0 450.0                            LAT/LON1/LON2/DLON/H
  173  171  174  176  175  173  174  174  178  178  181  181  185  184  188  187
  191  189  193  191  195  191  194  189  192  186  187  181  182  176  176  170
  171  166  167  163  165  161  163  159  162  159  161  161  163  163  165  166
  169  169  171  172  173  174  174  175  176  177  176  177  178  178  178  177
  178  177  178  176  176  172  170  183  173                                   
    82.5-180.0 180.0   5.0 450.0                            LAT/LON1/LON2/DLON/H
  168  165  167  169  167  167  166  170  171  175  176  181  183  189  189  195
  195  200  199  203  202  204  201  202  198  197  192  190  184  182  176  175
  168  169  163  165  160  163  159  162  158  162  159  163  162  166  165  168
  169  171  171  173  174  176  176  178  178  180  179  181  180  182  180  181
  178  180  177  178  174  171  159  165  168                                   
    80.0-180.0 180.0   5.0 450.0                            LAT/LON1/LON2/DLON/H
  165  152  151  151  152  150  154  154  160  162  169  172  179  182  189  192
  198  199  204  204  207  205  207  203  203  196  195  187  185  176  174  166
  164  157  157  152  153  150  151  150  151  150  152  153  154  155  157  157
  159  160  161  163  165  165  167  168  171  171  173  172  174  172  174  171
  172  168  169  165  165  156  149  156  165                                   
    77.5-180.0 180.0   5.0 450.0                            LAT/LON1/LON2/DLON/H
  156  146  143  142  142  141  144  145  152  154  162  166  175  180  188  193
  200  203  208  210  212  212  212  209  207  201  198  190  186  176  172  163
  160  153  153  149  149  148  149  149  150  150  152  151  152  152  153  151
  153  151  153  152  155  155  158  158  161  161  163  163  164  163  164  163
  163  162  162  159  157  149  140  146  156                                   
    75.0-180.0 180.0   5.0 450.0                            LAT/LON1/LON2/DLON/H
  158  145  143  143  144  143  146  147  153  156  164  170  179  186  194  200
  207  211  215  217  220  219  221  218  217  211  207  199  194  184  178  169
  164  158  155  153  152  152  152  153  153  153  154  152  152  150  149  146
  145  144  143  142  143  144  146  146  149  150  153  153  156  157  159  159
  160  159  161  159  159  150  145  154  158                                   
    72.5-180.0 180.0   5.0 450.0                            LAT/LON1/LON2/DLON/H
  165  156  155  156  156  154  156  157  162  164  172  177  186  192  199  204
  209  212  215  217  220  219  221  219  219  214  212  204  199  189  184  174
  171  163  162  158  159  158  159  159  160  159  158  155  152  149  145  141
  138  136  134  132  133  133  134  135  137  139  141  143  146  150  151  153
  154  156  158  159  159  156  152  163  165                                   
    70.0-180.0 180.0   5.0 450.0                            LAT/LON1/LON2/DLON/H
  178  171  171  172  173  171  173  172  177  179  185  190  198  202  208  212
  215  217  218  220  221  221  222  222  221  218  216  209  204  195  190  181
  178  170  169  166  167  166  168  166  167  164  162  156  152  146  141  135
  132  128  126  124  124  124  125  126  128  131  133  137  140  144  147  150
  152  156  158  162  165  163  164  176  178                                   
    67.5-180.0 180.0   5.0 450.0                            LAT/LON1/LON2/DLON/H
  193  189  189  191  192  189  191  189  194  195  200  204  209  213  215  217
  218  217  218  217  219  217  220  218  221  217  216  209  206  198  194  187
  184  178  177  173  174  172  174  171  171  166  162  154  148  141  136  129
  125  121  120  118  118  117  118  118  120  123  126  129  133  137  141  143
  146  150  155  159  165  170  172  188  193                                   
    65.0-180.0 180.0   5.0 450.0                            LAT/LON1/LON2/DLON/H
  204  203  206  209  210  209  209  208  211  212  216  219  222  224  224  226
  225  223  221  221  221  220  221  222  221  220  218  213  210  204  202  196
  193  188  186  182  182  178  178  174  173  166  160  151  143  134  128  121
  118  115  115  113  113  113  113  113  115  118  120  125  129  134  138  141
  144  148  152  158  165  172  179  196  204                                   
    62.5-180.0 180.0   5.0 450.0                            LAT/LON1/LON2/DLON/H
  209  210  213  217  218  217  218  217  219  221  223  226  227  229  228  228
  227  223  222  219  220  219  222  219  222  217  217  212  211  207  207  204
  202  197  194  189  187  181  180  174  172  163  156  144  136  126  121  114
  112  110  112  110  111  110  111  110  111  112  116  118  124  127  133  134
  140  140  148  149  158  168  176  198  209                                   
    60.0-180.0 180.0   5.0 450.0                            LAT/LON1/LON2/DLON/H
  208  211  217  220  221  222  223  223  226  227  230  232  233  234  232  232
  230  228  226  225  225  226  226  226  224  222  219  218  217  217  217  215
  215  209  206  198  194  186  184  176  173  162  155  142  133  123  118  111
  111  109  112  110  113  111  112  111  113  113  116  118  125  129  136  139
  143  145  149  151  156  167  175  199  208                                   
    57.5-180.0 180.0   5.0 450.0                            LAT/LON1/LON2/DLON/H
  206  209  214  218  219  220  222  222  225  228  229  233  232  234  232  232
  230  228  227  225  227  227  230  227  227  222  222  220  222  223  226  226
  225  220  214  205  199  189  186  177  174  163  156  143  134  124  118  112
  111  111  113  112  114  112  113  112  114  113  116  118  125  129  139  140
  148  146  152  148  153  158  167  192  206                                   
    55.0-180.0 180.0   5.0 450.0                            LAT/LON1/LON2/DLON/H
  203  209  215  219  220  222  224  224  229  230  233  234  234  235  233  235
  233  233  231  232  231  234  235  236  233  231  229  231  232  237  240  241
  239  232  226  213  207  195  192  183  180  170  164  150  142  131  125  119
  118  117  120  119  121  119  120  118  119  119  121  123  131  137  147  151
  157  160  162  162  161  170  175  198  203                                   
    52.5-180.0 180.0   5.0 450.0                            LAT/LON1/LON2/DLON/H
  208  213  218  223  224  226  228  231  233  236  236  237  235  235  234  235
  236  235  235  233  236  237  241  241  242  239  239  239  243  247  252  252
  249  240  231  219  211  200  196  189  186  178  171  160  150  140  133  126
  124  124  126  124  126  124  125  123  124  124  126  130  137  145  156  161
  171  172  179  172  176  174  179  201  208                                   
    50.0-180.0 180.0   5.0 450.0                            LAT/LON1/LON2/DLON/H
  216  225  232  236  239  242  244  246  249  248  249  246  244  241  242  242
  243  241  241  239  241  244  247  252  252  253  252  256  257  264  266  265
  259  248  240  225  219  207  207  197  197  186  182  168  161  150  143  136
  134  133  134  133  133  132  133  132  134  134  136  139  147  154  167  177
  187  194  199  201  200  203  204  221  216                                   
    47.5-180.0 180.0   5.0 450.0                            LAT/LON1/LON2/DLON/H
  235  244  249  253  257  260  263  264  266  266  263  261  256  253  251  251
  251  247  247  244  248  251  258  262  266  267  268  269  273  275  276  270
  261  250  240  229  222  215  211  206  200  193  185  176  165  159  150  146
  142  142  141  140  139  138  138  139  140  142  142  148  151  162  172  185
  196  206  215  216  220  219  219  240  235                                   
    45.0-180.0 180.0   5.0 450.0                            LAT/LON1/LON2/DLON/H
  253  265  270  276  280  284  285  288  289  288  285  282  278  272  271  268
  266  261  259  256  259  263  269  277  280  284  283  287  287  288  283  276
  266  253  246  236  232  224  222  211  206  194  187  176  169  161  156  152
  150  150  149  147  147  146  148  149  151  153  153  155  159  166  178  190
  204  217  229  237  244  245  250  265  253                                   
    42.5-180.0 180.0   5.0 450.0                            LAT/LON1/LON2/DLON/H
  272  287  292  298  300  304  305  308  309  310  307  305  300  296  292  288
  285  279  275  273  276  280  288  295  299  302  302  303  300  297  290  280
  268  258  250  246  241  236  229  219  207  195  184  175  168  164  160  158
  157  157  156  155  154  154  155  158  159  161  160  162  162  169  177  191
  205  221  236  247  258  262  265  286  272                                   
    40.0-180.0 180.0   5.0 450.0                            LAT/LON1/LON2/DLON/H
  286  300  307  316  316  321  320  326  327  330  328  329  326  323  318  314
  307  301  295  294  296  302  308  316  319  322  320  321  318  314  306  295
  286  276  271  264  259  250  242  226  211  195  183  174  168  165  165  163
  164  165  166  164  164  163  165  167  169  169  167  167  166  170  178  188
  206  223  244  260  274  280  286  301  286                                   
    37.5-180.0 180.0   5.0 450.0                            LAT/LON1/LON2/DLON/H
  294  307  316  326  327  329  331  335  340  346  348  352  352  351  347  342
  337  330  324  322  324  328  334  337  341  342  342  343  341  338  330  321
  312  305  298  290  282  272  259  242  223  204  190  181  175  173  173  172
  173  175  176  175  173  174  175  176  177  176  173  170  168  170  175  186
  200  220  240  258  275  287  290  309  294                                   
    35.0-180.0 180.0   5.0 450.0                            LAT/LON1/LON2/DLON/H
  300  312  327  337  339  343  342  349  355  364  368  376  377  379  376  374
  368  363  357  356  356  359  360  363  364  367  368  372  371  368  362  356
  350  345  337  328  315  298  281  260  240  221  207  198  192  188  188  185
  188  188  191  190  190  188  189  187  187  182  178  174  172  172  178  186
  204  219  244  260  283  289  300  310  300                                   
    32.5-180.0 180.0   5.0 450.0                            LAT/LON1/LON2/DLON/H
  304  316  329  341  346  347  351  358  369  381  389  399  404  407  406  405
  400  396  392  390  390  389  387  387  388  392  396  403  403  406  402  403
  398  394  381  370  351  327  304  282  264  247  236  226  218  211  207  204
  202  201  202  202  203  201  201  199  198  191  188  180  177  174  179  187
  202  218  239  255  274  289  295  307  304                                   
    30.0-180.0 180.0   5.0 450.0                            LAT/LON1/LON2/DLON/H
  311  322  341  348  354  358  360  374  385  402  410  424  431  436  434  433
  429  430  426  427  426  424  420  421  420  426  430  439  444  452  453  453
  447  438  423  403  379  350  326  303  286  273  265  256  245  235  226  218
  216  213  217  217  221  220  220  216  211  205  197  192  186  185  187  195
  208  224  242  257  276  287  301  307  311                                   
    27.5-180.0 180.0   5.0 450.0                            LAT/LON1/LON2/DLON/H
  323  332  352  366  373  376  380  391  406  423  435  450  462  468  467  466
  461  462  458  458  455  452  448  447  447  454  465  481  492  499  494  485
  478  468  450  423  394  363  342  324  311  303  296  289  277  265  250  239
  231  229  229  232  232  233  230  227  220  211  204  199  202  204  207  208
  218  226  244  255  276  289  303  314  323                                   
    25.0-180.0 180.0   5.0 450.0                            LAT/LON1/LON2/DLON/H
  338  344  370  388  396  403  407  423  440  461  476  491  499  505  504  504
  499  501  495  493  488  480  472  469  470  483  501  516  523  518  512  501
  489  477  456  432  400  363  345  329  328  318  319  302  294  271  260  241
  239  232  237  236  239  239  237  231  222  210  204  199  200  203  211  220
  235  245  256  265  281  297  310  324  338                                   
    22.5-180.0 180.0   5.0 450.0                            LAT/LON1/LON2/DLON/H
  343  357  384  409  426  433  444  457  479  501  520  535  544  550  547  545
  538  537  527  523  510  500  488  485  493  509  531  537  539  525  513  503
  490  475  446  420  385  353  331  324  319  322  317  311  298  283  267  256
  248  249  250  256  256  256  253  245  237  223  216  208  205  205  212  222
  236  249  267  276  287  301  313  338  343                                   
    20.0-180.0 180.0   5.0 450.0                            LAT/LON1/LON2/DLON/H
  355  368  399  428  446  455  463  484  511  537  559  577  589  597  597  593
  589  582  571  558  545  526  515  512  523  532  549  547  549  536  527  513
  497  473  439  406  362  322  303  293  296  299  304  293  293  277  273  261
  262  260  263  264  263  261  257  251  241  230  222  216  212  213  217  227
  236  251  263  278  293  305  316  349  355                                   
    17.5-180.0 180.0   5.0 450.0                            LAT/LON1/LON2/DLON/H
  354  373  410  437  459  474  486  505  537  560  589  610  631  641  649  647
  643  633  617  599  582  563  549  545  553  559  570  568  566  555  542  523
  497  467  430  385  335  296  270  264  266  276  278  278  277  275  272  271
  271  273  272  271  265  261  253  247  239  227  222  215  214  212  218  222
  235  246  258  271  288  307  318  355  354                                   
    15.0-180.0 180.0   5.0 450.0                            LAT/LON1/LON2/DLON/H
  354  371  412  441  464  481  492  516  546  577  607  637  659  676  684  693
  691  684  663  644  622  600  585  578  584  586  596  589  586  570  557  532
  501  467  422  373  316  278  249  238  239  239  249  250  264  265  278  277
  284  281  281  271  265  252  245  235  227  217  212  208  206  205  209  215
  225  237  247  261  277  297  315  357  354                                   
    12.5-180.0 180.0   5.0 450.0                            LAT/LON1/LON2/DLON/H
  339  364  409  436  459  480  491  516  548  579  615  647  674  695  710  718
  724  716  702  679  661  640  625  620  619  620  622  612  602  585  559  530
  499  465  426  375  319  277  248  235  229  225  229  239  255  271  285  294
  299  298  290  278  258  243  226  218  209  204  199  196  194  191  197  203
  213  221  233  245  262  284  308  349  339                                   
    10.0-180.0 180.0   5.0 450.0                            LAT/LON1/LON2/DLON/H
  334  352  398  422  450  466  485  506  543  573  609  640  670  698  717  728
  739  735  724  706  690  671  653  650  642  637  629  615  600  572  544  515
  486  456  424  381  330  292  266  251  240  228  229  236  256  275  300  306
  314  302  292  267  247  225  210  196  191  184  182  180  179  177  177  179
  183  192  202  221  240  267  298  344  334                                   
     7.5-180.0 180.0   5.0 450.0                            LAT/LON1/LON2/DLON/H
  322  347  389  416  443  464  479  503  535  563  595  627  654  684  707  727
  743  744  741  728  715  697  683  677  661  647  630  612  591  567  538  511
