data/unet/pred2280.15i
     1.0            IONOSPHERE MAPS     GNSS                IONEX VERSION / TYPE
pyspatialgeodesy        IME             05-JAN-18 20:20     PGM / RUN BY / DATE 
Map Name                                                    COMMENT             
Predicted global ionosphere maps (GIM).                     DESCRIPTION         
  2015     8    16     0     0     0                        EPOCH OF FIRST MAP  
  2015     8    17     0     0     0                        EPOCH OF LAST MAP   
  7200                                                      INTERVAL            
    13                                                      # OF MAPS IN FILE   
  NONE                                                      MAPPING FUNCTION    
10.0                                                        ELEVATION CUTOFF    
One-way carrier phase leveled to code                       OBSERVABLES USED    
  6371.0                                                    BASE RADIUS         
 2                                                          MAP DIMENSION       
   450.0 450.0   0.0                                        HGT1 / HGT2 / DHGT  
    87.5 -87.5  -2.5                                        LAT1 / LAT2 / DLAT  
  -180.0 180.0   5.0                                        LON1 / LON2 / DLON  
    -1                                                      EXPONENT            
                                                            END OF HEADER       
[from data line 3432]
     9                                                      START OF TEC MAP    
  2015     8    16    16     0     0                        EPOCH OF CURRENT MAP
    87.5-180.0 180.0   5.0 450.0                            LAT/LON1/LON2/DLON/H
  118  125  123  123  124  122  123  122  123  122  123  122  123  122  123  122
  123  122  123  122  123  122  123  122  123  122  123  121  122  120  121  120
  121  119  120  119  120  118  119  118  119  118  120  119  120  119  120  120
  121  120  121  120  122  121  122  121  122  121  122  122  123  122  123  122
  123  123  123  123  123  122  125  139  118                                   
    85.0-180.0 180.0   5.0 450.0                            LAT/LON1/LON2/DLON/H
  100  113  109  111  113  111  113  111  114  111  114  112  114  113  115  114
  115  114  115  114  115  113  114  113  114  111  112  110  110  107  107  105
  105  103  104  102  103  101  102  102  103  102  103  103  104  104  105  105
  106  106  107  107  108  108  109  108  110  109  111  110  112  111  113  111
  113  112  114  112  113  109  109  112  100                                   
    82.5-180.0 180.0   5.0 450.0                            LAT/LON1/LON2/DLON/H
  102  101  104  104  104  104  105  105  105  105  106  106  106  106  107  107
  107  107  108  107  108  107  108  106  107  105  105  103  103  101  100   99
   98   97   96   97   95   97   96   98   96   98   97  100   98  100   99  101
   99  101  100  102  100  102  101  102  101  102  101  102  102  103  102  103
  102  103  103  103  103   98  110   96  102                                   
    80.0-180.0 180.0   5.0 450.0                            LAT/LON1/LON2/DLON/H
   94   98  100  101  102  103  103  104  104  103  104  104  104  104  105  106
  105  106  106  107  107  107  107  108  107  107  105  106  103  103  100  100
   98   98   96   97   95   96   96   97   96   98   97   99   98   99   98  100
   99  101   99  102  100  102   99  102   99  101   99  102   99  101   98  101
   98  101   98   99   97   97   99   94   94                                   
    77.5-180.0 180.0   5.0 450.0                            LAT/LON1/LON2/DLON/H
   89   96   99   97  100   99  102  101  103  101  103  101  104  101  104  102
  105  102  107  105  109  106  110  109  110  108  109  108  107  105  104  102
  102   99  100   98   99   97   97   97   97   97   97   98   98   97   98   98
   98   98   99   99   99   99   99   98   97   96   97   96   96   95   96   95
   95   94   95   93   92   86   89   87   89                                   
    75.0-180.0 180.0   5.0 450.0                            LAT/LON1/LON2/DLON/H
   82   90   92   94   96   99  101  101  102  101  101  100  100   99  100   99
  101  101  104  105  108  109  113  113  115  115  115  113  112  111  108  107
  104  104  102  102  101  102  101  101  100  100  100  100   99   99   99   99
   99   99  100   99   98   97   97   94   94   92   93   91   92   91   92   90
   91   90   90   87   87   86   87   86   82                                   
    72.5-180.0 180.0   5.0 450.0                            LAT/LON1/LON2/DLON/H
   77   87   88   90   92   94   97   97   98   96   97   95   96   94   95   94
   96   96  100  102  106  109  113  115  117  117  118  117  116  114  111  110
  108  107  107  106  105  105  103  103  101  101   99   99   97   98   97   99
   98   99   98   98   95   94   92   90   87   86   85   85   84   85   84   85
   84   84   84   83   82   78   78   79   77                                   
    70.0-180.0 180.0   5.0 450.0                            LAT/LON1/LON2/DLON/H
   74   83   83   86   89   93   95   95   97   95   95   92   92   90   91   91
   93   94   98  101  107  111  118  120  124  123  124  122  120  118  116  114
  112  110  109  109  108  108  108  107  106  104  103  101  100   99   98   98
   98   98   97   95   94   90   88   85   82   80   79   78   78   79   79   79
   79   78   78   76   76   75   76   77   74                                   
    67.5-180.0 180.0   5.0 450.0                            LAT/LON1/LON2/DLON/H
   71   81   80   82   86   89   93   94   95   92   93   91   91   89   90   90
   91   93   97  101  106  110  118  121  125  125  126  124  123  122  120  119
  117  116  115  114  113  113  112  112  108  108  104  104  100  100   98   98
   97   97   95   94   90   87   82   79   74   73   71   72   71   72   72   73
   72   72   71   72   72   68   68   72   71                                   
    65.0-180.0 180.0   5.0 450.0                            LAT/LON1/LON2/DLON/H
   68   76   76   79   83   87   91   91   94   91   93   90   93   90   94   91
   94   94   99  101  108  112  120  123  127  127  128  124  125  123  123  122
  121  119  118  116  116  116  115  114  113  111  109  105  103   99   98   97
   97   96   96   92   90   84   80   74   70   67   66   65   66   67   67   67
   66   65   65   63   66   68   69   69   68                                   
    62.5-180.0 180.0   5.0 450.0                            LAT/LON1/LON2/DLON/H
   64   74   76   76   81   84   88   90   92   91   93   94   95   95   97   97
   99   98  102  102  109  111  119  120  125  124  126  124  126  126  126  126
  125  124  124  122  121  120  119  117  116  114  111  108  104  101   98   99
   97   98   95   94   88   84   76   72   66   64   62   62   62   63   62   63
   62   61   60   59   61   60   60   64   64                                   
    60.0-180.0 180.0   5.0 450.0                            LAT/LON1/LON2/DLON/H
   61   68   72   72   78   80   87   86   91   89   94   93   98   96  102   99
  103  100  104  103  109  109  117  118  123  122  123  124  126  127  129  129
  130  127  128  125  125  122  122  121  120  118  116  112  108  104  102  101
  102  101  100   98   93   86   79   72   67   63   63   61   62   61   60   59
   58   56   55   53   56   58   61   60   61                                   
    57.5-180.0 180.0   5.0 450.0                            LAT/LON1/LON2/DLON/H
   57   64   70   68   75   77   84   85   89   88   92   94   98   99  104  105
  107  104  107  106  110  109  115  116  119  119  122  124  128  130  133  136
  135  135  134  131  130  128  128  127  126  124  123  120  116  112  110  109
  108  108  105  103   95   90   81   76   69   68   66   66   64   63   60   59
   56   53   52   51   52   51   52   54   57                                   
    55.0-180.0 180.0   5.0 450.0                            LAT/LON1/LON2/DLON/H
   55   59   65   64   70   73   82   81   88   87   93   93   98   99  105  104
  106  103  105  102  106  106  113  113  118  120  123  126  130  135  139  142
  143  142  141  137  135  133  133  133  133  133  131  128  124  121  118  117
  117  117  113  109  102   95   86   81   76   74   73   71   70   66   62   57
   54   50   48   46   48   52   55   53   55                                   
    52.5-180.0 180.0   5.0 450.0                            LAT/LON1/LON2/DLON/H
   53   57   64   61   69   72   80   83   88   88   92   94   98  100  105  106
  108  105  107  106  108  107  112  114  119  121  126  129  135  141  146  150
  152  150  149  145  144  141  143  142  143  143  142  139  135  131  129  127
  126  125  120  116  107  100   92   87   82   82   81   80   76   73   66   61
   56   52   50   46   48   47   49   49   53                                   
    50.0-180.0 180.0   5.0 450.0                            LAT/LON1/LON2/DLON/H
   53   55   63   61   67   70   80   81   90   89   97   96  102  101  107  105
  106  102  104  102  104  105  112  116  122  127  131  136  142  150  154  159
  160  159  158  155  153  153  153  155  156  157  155  152  148  145  142  141
  139  138  132  127  117  110   99   95   91   92   91   90   87   81   74   66
   60   55   52   48   50   53   56   52   53                                   
    47.5-180.0 180.0   5.0 450.0                            LAT/LON1/LON2/DLON/H
   54   55   63   61   69   71   80   86   92   95  100  102  104  105  107  107
  108  106  106  107  108  111  116  122  129  134  140  145  150  158  163  167
  168  167  166  165  163  164  165  168  168  170  167  165  159  156  152  151
  148  146  140  135  124  116  106  102   98   99  100  100   96   91   83   77
   68   65   61   56   55   53   53   51   54                                   
    45.0-180.0 180.0   5.0 450.0                            LAT/LON1/LON2/DLON/H
   57   57   64   63   69   72   82   86   96   98  107  107  112  111  114  111
  112  108  109  107  112  114  123  128  138  143  149  155  160  168  171  176
  177  178  177  177  178  179  181  182  183  184  181  177  173  169  165  163
  160  158  151  145  134  125  115  110  107  109  108  109  106  101   95   88
   82   77   71   65   63   62   62   58   57                                   
    42.5-180.0 180.0   5.0 450.0                            LAT/LON1/LON2/DLON/H
   59   60   65   62   70   73   83   90  101  106  114  118  122  121  122  120
  118  116  117  118  121  124  132  139  147  152  159  164  170  176  180  183
  184  186  186  188  188  192  192  195  193  194  189  187  181  178  173  171
  166  164  156  151  139  131  121  116  113  113  114  115  113  110  105  102
   96   93   86   79   73   67   65   61   59                                   
    40.0-180.0 180.0   5.0 450.0                            LAT/LON1/LON2/DLON/H
   61   63   64   63   68   72   84   89  104  109  122  126  132  130  132  129
  128  125  126  127  131  134  143  149  157  165  171  178  182  187  190  195
  198  200  203  205  206  209  209  210  209  207  202  197  192  188  184  180
  176  171  163  157  147  138  128  122  118  119  118  121  120  119  116  115
  110  108  101   91   84   76   75   69   61                                   
    37.5-180.0 180.0   5.0 450.0                            LAT/LON1/LON2/DLON/H
   65   67   66   62   67   72   83   92  107  116  130  138  145  144  145  143
  140  138  139  141  143  148  154  162  168  176  183  189  194  196  203  206
  213  217  222  225  227  228  230  229  226  221  217  211  206  200  195  189
  182  175  164  159  147  140  130  125  120  119  120  123  123  125  125  126
  123  122  114  107   96   84   79   76   65                                   
    35.0-180.0 180.0   5.0 450.0                            LAT/LON1/LON2/DLON/H
   67   67   63   60   63   70   80   89  107  118  136  145  154  154  156  153
  152  149  152  153  156  161  167  172  179  188  194  200  204  207  215  220
  231  237  246  250  254  253  252  251  247  243  235  230  222  216  209  202
  192  184  172  165  153  145  134  127  121  120  119  122  124  127  130  131
  132  133  125  115  104   92   87   83   67                                   
    32.5-180.0 180.0   5.0 450.0                            LAT/LON1/LON2/DLON/H
   73   72   65   60   62   67   77   89  107  121  140  151  163  164  166  164
  163  161  165  166  170  174  179  184  191  199  206  212  219  223  232  240
  256  264  276  279  284  279  277  271  270  263  258  248  243  232  225  212
  199  186  173  165  154  147  137  131  125  121  120  123  124  129  132  136
  136  139  130  122  109   95   91   89   73                                   
    30.0-180.0 180.0   5.0 450.0                            LAT/LON1/LON2/DLON/H
   78   73   65   59   62   67   77   89  107  121  140  154  165  168  171  169
  168  168  172  175  179  184  189  194  199  208  216  225  232  241  252  267
  283  295  308  311  314  307  303  298  293  288  279  272  261  252  238  222
  204  189  175  167  157  151  142  136  130  126  123  126  125  128  131  134
  136  139  133  124  112  100   96   95   78                                   
    27.5-180.0 180.0   5.0 450.0                            LAT/LON1/LON2/DLON/H
   84   79   67   63   64   68   77   89  107  122  141  154  168  172  176  174
  176  175  179  182  187  191  196  199  205  214  225  237  248  262  276  295
  311  326  336  336  337  328  325  317  317  309  304  289  279  262  246  223
  201  184  169  161  154  150  144  139  135  128  127  128  127  128  130  132
  134  137  131  125  113  100   98   98   84                                   
    25.0-180.0 180.0   5.0 450.0                            LAT/LON1/LON2/DLON/H
   89   80   69   64   66   71   82   92  108  124  140  154  166  174  176  177
  177  178  182  186  191  196  199  203  208  220  233  249  265  285  302  325
  341  358  364  365  364  355  348  343  338  334  321  310  290  275  251  228
  202  183  165  157  151  149  145  143  139  135  131  131  128  129  127  126
  129  132  129  122  112  103   99  102   89                                   
    22.5-180.0 180.0   5.0 450.0                            LAT/LON1/LON2/DLON/H
   92   85   73   72   72   77   87   99  114  128  143  155  168  175  180  180
  180  180  185  188  196  199  204  208  216  228  244  265  286  309  329  352
  369  381  383  383  380  370  366  360  359  350  339  319  297  274  252  224
  198  175  159  149  146  146  145  145  144  136  132  128  127  123  123  120
  120  122  118  114  106   99   97   96   92                                   
    20.0-180.0 180.0   5.0 450.0                            LAT/LON1/LON2/DLON/H
   95   86   78   74   75   81   91  106  118  131  143  156  167  177  179  182
  180  183  186  192  198  204  209  215  224  238  257  279  302  330  350  377
  389  401  398  399  395  388  382  378  373  363  345  328  302  283  258  232
  203  178  161  151  148  147  147  148  146  141  135  132  124  121  116  115
  113  114  111  108  103   98   98   95   95                                   
    17.5-180.0 180.0   5.0 450.0                            LAT/LON1/LON2/DLON/H
   98   91   81   80   81   88   99  115  130  142  151  162  173  181  185  186
  187  187  192  196  204  209  216  224  234  249  270  296  323  351  372  392
  401  408  405  404  400  394  391  388  383  371  353  330  308  285  261  234
  203  178  164  153  149  147  148  150  150  142  136  129  123  115  113  105
  107  103  107  104  103   96   96   84   98                                   
    15.0-180.0 180.0   5.0 450.0                            LAT/LON1/LON2/DLON/H
   96   85   81   76   78   85   98  118  133  146  154  165  174  185  188  192
  193  196  198  204  211  217  224  233  246  262  284  312  339  368  387  407
  411  418  413  414  409  407  403  401  395  383  362  344  319  302  275  248
  217  192  176  163  158  152  153  152  153  146  138  130  121  115  107  103
  101  103  104  101   99   95   93   81   96                                   
    12.5-180.0 180.0   5.0 450.0                            LAT/LON1/LON2/DLON/H
   95   85   78   76   78   86  103  121  142  155  166  174  183  193  197  202
  204  207  210  213  220  225  235  245  261  278  302  330  356  382  397  411
  415  417  413  414  414  412  410  406  402  388  370  349  330  307  284  256
  226  199  182  168  161  156  154  156  155  148  140  131  122  112  106   96
   97   97  103  101  102   97   91   68   95                                   
    10.0-180.0 180.0   5.0 450.0                            LAT/LON1/LON2/DLON/H
   91   77   73   66   71   76   95  114  136  152  164  174  184  196  201  207
  211  215  219  221  227  233  246  260  278  296  318  345  369  395  407  419
  418  422  418  422  422  423  416  413  403  394  373  359  335  318  293  269
  238  212  193  176  168  159  158  157  157  150  142  134  124  115  106   98
   94   95  100   98   96   91   88   64   91                                   
     7.5-180.0 180.0   5.0 450.0                            LAT/LON1/LON2/DLON/H
   79   73   69   65   66   73   91  110  135  152  169  179  194  202  210  215
  219  222  227  228  237  244  258  273  294  311  335  357  380  400  409  418
