data/unet/pred2750.15i
     1.0            IONOSPHERE MAPS     GNSS                IONEX VERSION / TYPE
pyspatialgeodesy        IME             05-JAN-18 20:20     PGM / RUN BY / DATE 
Map Name                                                    COMMENT             
Predicted global ionosphere maps (GIM).                     DESCRIPTION         
  2015    10     2     0     0     0                        EPOCH OF FIRST MAP  
  2015    10     3     0     0     0                        EPOCH OF LAST MAP   
  7200                                                      INTERVAL            
    13                                                      # OF MAPS IN FILE   
  NONE                                                      MAPPING FUNCTION    
10.0                                                        ELEVATION CUTOFF    
One-way carrier phase leveled to code                       OBSERVABLES USED    
  6371.0                                                    BASE RADIUS         
 2                                                          MAP DIMENSION       
   450.0 450.0   0.0                                        HGT1 / HGT2 / DHGT  
    87.5 -87.5  -2.5                                        LAT1 / LAT2 / DLAT  
  -180.0 180.0   5.0                                        LON1 / LON2 / DLON  
    -1                                                      EXPONENT            
                                                            END OF HEADER       
[from data line 1287]
     4                                                      START OF TEC MAP    
  2015    10     2     6     0     0                        EPOCH OF CURRENT MAP
    87.5-180.0 180.0   5.0 450.0                            LAT/LON1/LON2/DLON/H
  108  135  134  131  135  129  133  128  134  129  133  126  132  125  130  123
  128  122  127  122  127  124  127  125  130  128  130  128  130  129  130  129
  130  129  130  130  132  131  132  132  133  133  134  133  135  134  134  135
  135  136  134  136  135  137  135  136  135  137  135  136  135  135  135  133
  134  132  134  132  137  133  147  118  108                                   
    85.0-180.0 180.0   5.0 450.0                            LAT/LON1/LON2/DLON/H
  122  132  121  124  126  123  124  124  125  124  125  124  125  122  123  121
  121  118  119  116  117  115  115  115  114  116  114  116  114  115  114  115
  115  116  116  118  119  121  121  124  125  128  128  131  130  134  132  135
  134  136  134  137  136  137  136  137  137  137  136  137  136  135  134  134
  132  132  130  131  129  121  132  135  122                                   
    82.5-180.0 180.0   5.0 450.0                            LAT/LON1/LON2/DLON/H
  112  115  112  116  117  116  117  119  122  121  122  121  122  121  120  120
  119  117  115  114  112  110  108  106  105  104  103  103  102  102  102  103
  104  105  107  108  113  114  120  122  129  130  136  137  142  142  145  145
  149  147  149  147  150  146  147  144  145  142  141  139  138  137  134  133
  131  129  126  124  123  116  121  119  112                                   
    80.0-180.0 180.0   5.0 450.0                            LAT/LON1/LON2/DLON/H
  112  106  104  104  105  104  106  107  111  110  113  113  114  113  113  110
  110  106  106  101  100   95   94   90   89   87   86   87   86   87   87   89
   90   92   94   97  101  106  112  117  124  129  136  141  148  151  155  156
  160  159  162  161  164  161  162  159  161  156  156  151  151  146  146  141
  139  132  131  124  120  111  111  115  112                                   
    77.5-180.0 180.0   5.0 450.0                            LAT/LON1/LON2/DLON/H
  105   99   92   91   92   91   93   94   98   98  101  101  103  101  101   98
   97   93   91   86   84   78   76   71   70   68   67   68   68   70   71   74
   75   80   83   89   93  100  105  114  120  130  137  147  153  159  163  166
  170  171  174  174  178  177  178  176  177  174  172  169  166  161  157  152
  149  141  137  130  123  109  111  109  105                                   
    75.0-180.0 180.0   5.0 450.0                            LAT/LON1/LON2/DLON/H
  109   93   86   82   80   79   78   81   81   85   86   90   88   90   87   88
   83   83   77   76   69   67   60   59   54   55   52   54   52   56   55   61
   60   65   68   74   79   86   93  101  110  121  133  142  154  158  166  168
  176  176  184  183  190  187  192  187  190  183  184  175  175  164  164  157
  155  148  146  137  131  119  118  114  109                                   
    72.5-180.0 180.0   5.0 450.0                            LAT/LON1/LON2/DLON/H
  111   96   84   79   76   71   70   69   71   71   73   73   75   74   75   72
   71   67   66   60   59   52   52   47   47   44   45   46   47   48   50   52
   54   57   59   65   70   78   85   93  103  116  129  143  154  163  171  177
  183  188  192  195  199  200  201  200  200  197  194  188  186  180  177  169
  166  160  158  150  143  131  127  123  111                                   
    70.0-180.0 180.0   5.0 450.0                            LAT/LON1/LON2/DLON/H
  122  101   87   79   73   68   64   65   64   65   64   66   65   67   64   66
   62   62   58   57   52   51   46   46   43   45   43   46   46   48   48   50
   50   52   54   58   63   68   78   83   97  109  125  137  154  161  172  176
  186  189  195  196  203  202  205  203  205  200  198  191  192  184  184  175
  176  167  167  160  155  143  139  132  122                                   
    67.5-180.0 180.0   5.0 450.0                            LAT/LON1/LON2/DLON/H
  130  111   95   85   77   70   65   62   63   60   61   59   61   59   59   58
   56   54   54   50   50   45   45   42   43   43   46   47   49   49   50   50
   50   50   51   54   58   65   73   82   95  110  126  141  155  165  172  181
  187  193  197  201  205  205  206  205  205  200  196  191  190  184  184  177
  177  171  171  165  160  152  145  141  130                                   
    65.0-180.0 180.0   5.0 450.0                            LAT/LON1/LON2/DLON/H
  139  121  102   89   79   72   66   64   62   61   58   58   56   57   54   55
   52   53   51   51   48   46   44   43   43   45   46   48   48   50   49   49
   47   47   46   48   52   57   68   76   92  107  125  139  155  164  173  180
  189  192  198  200  206  206  208  205  205  200  196  190  188  183  181  175
  175  169  170  165  163  157  156  148  139                                   
    62.5-180.0 180.0   5.0 450.0                            LAT/LON1/LON2/DLON/H
  144  127  109   96   84   77   71   67   65   61   62   58   58   56   56   54
   54   53   53   49   49   45   44   42   42   42   43   44   44   44   43   42
   40   40   39   42   47   55   66   79   95  113  129  145  158  168  175  183
  190  195  200  203  208  208  208  205  205  198  193  186  186  179  176  171
  168  163  163  159  156  155  152  150  144                                   
    60.0-180.0 180.0   5.0 450.0                            LAT/LON1/LON2/DLON/H
  149  134  116  102   88   81   71   69   64   63   60   59   57   57   56   57
   56   57   53   53   48   47   43   43   41   42   42   43   42   42   39   38
   36   37   36   40   46   54   67   80   98  117  134  152  165  175  183  190
  197  202  207  210  215  216  217  214  213  207  199  194  190  184  178  170
  164  158  157  154  153  151  151  149  149                                   
    57.5-180.0 180.0   5.0 450.0                            LAT/LON1/LON2/DLON/H
  155  138  122  108   95   86   78   73   69   65   64   61   60   58   58   58
   59   57   58   53   54   48   49   44   45   43   43   42   41   38   35   33
   31   32   34   40   48   58   72   88  106  125  143  161  173  184  193  200
  208  214  219  223  228  230  230  227  226  218  211  204  201  193  186  178
  167  160  155  153  150  151  147  144  155                                   
    55.0-180.0 180.0   5.0 450.0                            LAT/LON1/LON2/DLON/H
  159  143  126  112   98   91   79   75   69   67   64   61   61   60   61   59
   61   58   57   55   51   51   47   48   45   47   44   45   40   39   34   33
   30   33   34   44   52   64   78   94  113  132  150  168  183  195  203  212
  220  228  234  239  244  246  246  240  238  229  222  214  211  204  197  187
  175  165  159  155  151  150  146  144  159                                   
    52.5-180.0 180.0   5.0 450.0                            LAT/LON1/LON2/DLON/H
  167  149  138  123  110   97   88   81   75   71   67   65   63   62   61   61
   61   59   58   55   54   51   52   51   53   53   55   52   51   45   42   37
   37   38   44   51   63   75   90  106  126  143  163  179  196  209  220  229
  238  247  253  260  264  266  265  260  256  246  239  231  229  222  215  205
  192  181  172  166  161  158  154  145  167                                   
    50.0-180.0 180.0   5.0 450.0                            LAT/LON1/LON2/DLON/H
  175  161  148  135  121  108   96   88   81   75   72   67   67   63   64   59
   62   56   58   54   55   54   55   56   59   61   63   61   58   53   47   42
   40   43   49   61   73   86  100  117  135  153  173  189  208  223  235  245
  254  263  269  275  278  280  278  273  267  259  251  244  243  237  231  221
  211  200  192  184  178  171  162  156  175                                   
    47.5-180.0 180.0   5.0 450.0                            LAT/LON1/LON2/DLON/H
  186  170  164  150  139  121  110  100   91   85   78   75   71   69   65   63
   60   59   58   59   59   61   64   68   73   76   79   76   74   65   61   52
   52   53   62   74   89  102  119  133  149  165  185  203  223  239  253  262
  272  278  285  288  291  289  288  282  277  268  261  255  251  248  241  237
  226  220  210  204  199  188  179  166  186                                   
    45.0-180.0 180.0   5.0 450.0                            LAT/LON1/LON2/DLON/H
  194  183  175  163  155  136  124  110  102   91   87   78   79   71   71   63
   64   57   62   59   67   68   77   78   88   88   94   88   87   77   71   61
   61   61   72   83  101  112  131  141  159  171  194  212  233  249  263  274
  282  289  293  297  297  299  295  291  282  274  263  257  253  249  245  238
  233  228  225  221  218  203  191  183  194                                   
    42.5-180.0 180.0   5.0 450.0                            LAT/LON1/LON2/DLON/H
  203  188  182  171  165  148  137  123  113  104   97   91   87   83   78   73
   69   69   68   74   76   84   87   95   99  105  104  104   98   90   81   70
   67   69   81   95  113  127  142  157  169  187  206  227  247  261  276  283
  293  296  300  301  305  304  303  298  291  282  268  260  254  250  242  241
  234  235  231  231  229  217  204  192  203                                   
    40.0-180.0 180.0   5.0 450.0                            LAT/LON1/LON2/DLON/H
  206  195  183  173  171  154  147  132  124  111  106   95   96   86   88   77
   80   73   82   82   93   96  106  107  115  113  116  110  107   97   90   81
   77   77   90  101  119  132  152  162  183  195  221  236  255  268  281  290
  298  304  307  312  314  317  315  313  305  296  280  269  261  254  245  239
  235  234  234  234  236  224  212  204  206                                   
    37.5-180.0 180.0   5.0 450.0                            LAT/LON1/LON2/DLON/H
  206  191  176  165  160  148  144  135  129  118  114  107  106  102  100   95
   94   93   96  103  107  116  117  122  120  121  115  111  104   97   88   80
   77   79   90  103  120  138  154  173  187  208  229  249  265  276  289  294
  304  308  316  319  326  331  336  337  334  322  306  293  281  269  254  249
  238  237  235  237  239  229  217  208  206                                   
    35.0-180.0 180.0   5.0 450.0                            LAT/LON1/LON2/DLON/H
  205  187  166  153  147  138  138  131  130  120  119  111  115  107  111  101
  108  103  112  115  123  126  130  128  129  122  120  112  106  100   91   86
   79   82   91  103  122  138  164  176  199  214  241  257  274  282  296  302
  313  322  331  341  352  363  373  381  383  376  355  340  323  307  288  275
  261  252  245  243  244  236  228  221  205                                   
    32.5-180.0 180.0   5.0 450.0                            LAT/LON1/LON2/DLON/H
  207  186  160  142  134  126  127  122  122  117  117  114  117  117  118  116
  119  120  124  130  132  137  133  133  126  121  112  104   98   89   87   76
   78   76   90  101  123  142  165  184  203  223  247  265  279  286  303  310
  328  336  355  363  384  395  414  421  433  426  415  400  382  363  339  321
  294  281  267  262  259  249  240  231  207                                   
    30.0-180.0 180.0   5.0 450.0                            LAT/LON1/LON2/DLON/H
  216  187  159  139  129  119  120  116  117  114  117  113  121  120  125  122
  128  127  132  135  137  138  137  134  130  122  116  107   98   93   83   80
   75   75   82   97  117  140  165  186  206  225  251  265  284  290  311  321
  344  356  380  393  419  436  459  473  489  485  473  459  444  428  400  380
  347  325  302  288  281  270  258  255  216                                   
    27.5-180.0 180.0   5.0 450.0                            LAT/LON1/LON2/DLON/H
  236  199  173  150  135  123  118  114  112  111  111  111  115  120  122  126
  129  133  133  137  134  137  132  134  130  124  118  105  100   86   87   76
   79   72   82   91  116  138  166  187  210  225  247  266  284  295  317  331
  358  371  402  416  452  470  503  518  542  536  534  514  503  485  457  435
  401  375  347  321  309  298  277  275  236                                   
    25.0-180.0 180.0   5.0 450.0                            LAT/LON1/LON2/DLON/H
  266  226  193  169  150  133  127  121  116  115  112  111  116  116  123  123
  130  130  131  130  128  130  131  136  136  135  124  115  101   96   87   84
   79   76   75   89  108  136  159  187  204  222  242  261  283  299  324  342
  371  391  428  455  494  515  549  567  589  585  579  567  559  543  519  494
  457  429  398  369  349  334  308  307  266                                   
    22.5-180.0 180.0   5.0 450.0                            LAT/LON1/LON2/DLON/H
  305  264  233  206  182  160  148  136  129  121  118  117  114  115  115  118
  119  122  121  123  118  128  129  143  145  144  137  123  111  101   97   92
   87   79   82   91  116  139  169  187  208  222  239  255  279  302  328  351
  383  410  453  487  526  554  584  602  626  621  617  601  600  585  570  547
  516  480  448  419  396  379  339  340  305                                   
    20.0-180.0 180.0   5.0 450.0                            LAT/LON1/LON2/DLON/H
  353  310  282  257  224  200  181  163  151  142  132  127  123  118  118  114
  120  118  120  120  119  130  136  155  155  162  146  139  116  109   93   95
   87   81   81   89  112  136  162  186  203  219  237  254  278  305  332  360
  393  429  470  508  543  570  594  614  629  630  618  611  611  606  602  587
  564  533  494  463  440  420  387  379  353                                   
    17.5-180.0 180.0   5.0 450.0                            LAT/LON1/LON2/DLON/H
  391  371  346  321  287  257  230  207  186  165  152  141  131  125  115  113
  109  110  108  113  114  133  143  164  167  170  160  150  127  109   96   96
   89   82   85   93  115  136  162  183  200  219  237  256  280  309  335  369
  404  440  479  512  539  560  577  590  603  605  600  598  603  606  611  601
  584  560  527  498  474  455  421  408  391                                   
    15.0-180.0 180.0   5.0 450.0                            LAT/LON1/LON2/DLON/H
  427  412  399  380  347  318  284  257  227  204  183  166  154  143  132  127
  124  123  124  126  131  151  161  186  187  191  173  160  131  112  102  100
   91   82   81   86  110  128  154  177  196  215  237  258  281  310  341  377
  411  443  472  499  515  529  532  543  545  553  553  558  568  578  591  592
  583  566  543  518  495  480  455  434  427                                   
    12.5-180.0 180.0   5.0 450.0                            LAT/LON1/LON2/DLON/H
  447  442  439  421  393  365  332  305  274  245  217  195  177  163  150  140
  133  125  127  130  142  158  176  196  199  200  182  163  129  108  100   98
   90   84   80   92  107  128  151  175  194  217  241  264  289  322  353  390
  421  446  466  483  491  496  494  499  498  509  511  524  531  547  559  570
  565  558  539  522  505  492  472  450  447                                   
    10.0-180.0 180.0   5.0 450.0                            LAT/LON1/LON2/DLON/H
  462  456  457  442  420  393  364  341  314  289  256  232  210  194  179  173
  162  153  147  149  155  178  195  213  211  206  182  158  129  109  103   96
   85   77   80   86  105  124  147  169  190  212  239  262  293  326  363  397
  424  444  457  468  472  475  467  471  470  485  487  501  511  524  534  545
  543  540  529  517  504  494  486  460  462                                   
     7.5-180.0 180.0   5.0 450.0                            LAT/LON1/LON2/DLON/H
  469  467  469  450  428  405  377  357  336  315  291  268  245  227  214  200
  193  171  163  156  164  178  192  208  204  197  176  152  126  110  100   95
