data/unet/pred2440.15i
     1.0            IONOSPHERE MAPS     GNSS                IONEX VERSION / TYPE
pyspatialgeodesy        IME             05-JAN-18 20:20     PGM / RUN BY / DATE 
Map Name                                                    COMMENT             
Predicted global ionosphere maps (GIM).                     DESCRIPTION         
  2015     9     1     0     0     0                        EPOCH OF FIRST MAP  
  2015     9     2     0     0     0                        EPOCH OF LAST MAP   
  7200                                                      INTERVAL            
    13                                                      # OF MAPS IN FILE   
  NONE                                                      MAPPING FUNCTION    
10.0                                                        ELEVATION CUTOFF    
One-way carrier phase leveled to code                       OBSERVABLES USED    
  6371.0                                                    BASE RADIUS         
 2                                                          MAP DIMENSION       
   450.0 450.0   0.0                                        HGT1 / HGT2 / DHGT  
    87.5 -87.5  -2.5                                        LAT1 / LAT2 / DLAT  
  -180.0 180.0   5.0                                        LON1 / LON2 / DLON  
    -1                                                      EXPONENT            
                                                            END OF HEADER       
[from data line 5148]
    13                                                      START OF TEC MAP    
  2015     9     2     0     0     0                        EPOCH OF CURRENT MAP
    87.5-180.0 180.0   5.0 450.0                            LAT/LON1/LON2/DLON/H
  149  117  115  113  111  109  111  111  112  113  114  113  114  114  114  112
  113  111  111  109  109  108  108  106  107  106  107  105  106  105  105  104
  105  104  104  103  105  104  105  104  105  104  105  104  106  105  106  106
  107  107  108  108  110  109  110  110  112  112  112  112  112  112  111  110
  111  110  109  109  112  111  117  147  149                                   
    85.0-180.0 180.0   5.0 450.0                            LAT/LON1/LON2/DLON/H
  123  116  118  117  116  114  117  116  118  118  120  120  121  120  120  118
  118  116  116  113  113  111  111  109  109  107  108  106  106  104  105  103
  103  102  103  101  102  102  103  102  104  103  105  104  106  105  107  106
  108  108  110  109  112  112  114  114  116  116  117  116  117  116  116  114
  116  113  114  112  117  111  112  117  123                                   
    82.5-180.0 180.0   5.0 450.0                            LAT/LON1/LON2/DLON/H
  124  122  123  123  123  119  124  122  127  125  130  127  130  127  129  125
  127  122  123  118  120  114  116  111  113  108  111  106  108  104  106  102
  105  101  105  100  105  100  105  101  107  103  108  105  110  106  111  107
  113  109  114  112  117  114  119  117  121  119  122  119  123  119  122  118
  121  117  120  117  124  117  118  118  124                                   
    80.0-180.0 180.0   5.0 450.0                            LAT/LON1/LON2/DLON/H
  132  132  132  133  130  131  133  135  137  138  140  141  141  140  139  138
  136  134  131  129  126  124  122  120  117  116  113  112  110  109  108  107
  106  105  105  104  104  104  105  105  107  107  109  109  111  110  112  112
  114  114  116  116  118  119  121  122  125  125  126  126  128  127  127  126
  127  126  127  127  130  127  127  128  132                                   
    77.5-180.0 180.0   5.0 450.0                            LAT/LON1/LON2/DLON/H
  141  138  138  137  134  134  137  140  143  146  148  150  151  151  150  148
  146  142  139  136  133  130  127  124  122  119  118  115  114  112  111  109
  108  107  106  106  106  106  106  106  107  108  109  110  111  112  112  112
  113  114  114  116  117  118  120  123  125  127  128  130  130  131  130  131
  130  130  129  130  132  129  131  130  141                                   
    75.0-180.0 180.0   5.0 450.0                            LAT/LON1/LON2/DLON/H
  145  142  140  140  138  139  142  146  150  154  158  161  162  162  160  159
  155  152  148  144  140  137  134  131  127  125  122  121  118  117  115  114
  111  111  109  109  107  107  106  106  107  107  108  108  109  109  109  108
  109  109  110  111  113  114  117  120  123  125  128  129  131  131  132  131
  131  130  131  131  133  131  132  133  145                                   
    72.5-180.0 180.0   5.0 450.0                            LAT/LON1/LON2/DLON/H
  150  144  143  141  139  139  143  147  152  158  164  167  170  169  169  165
  162  157  153  147  143  139  135  131  128  125  123  120  118  116  115  113
  111  109  107  105  104  102  102  100  101  100  101  100  100   99  100   98
   99   98  100  101  103  105  110  112  117  120  123  125  128  128  129  129
  129  128  128  129  131  131  133  136  150                                   
    70.0-180.0 180.0   5.0 450.0                            LAT/LON1/LON2/DLON/H
  152  146  144  143  140  141  144  150  155  162  167  172  173  175  172  169
  163  160  153  149  143  139  134  130  125  123  120  118  116  115  113  111
  109  106  104  101   99   97   95   94   93   92   91   91   90   90   89   88
   88   89   91   92   95   98  103  107  112  115  119  122  125  125  126  126
  127  126  128  128  131  130  134  138  152                                   
    67.5-180.0 180.0   5.0 450.0                            LAT/LON1/LON2/DLON/H
  157  150  145  142  138  138  142  146  154  160  167  171  175  175  173  169
  165  160  154  148  142  137  131  125  120  117  115  112  111  109  109  106
  103   99   96   92   90   86   85   82   82   79   80   77   78   76   77   76
   77   77   80   81   86   88   94   98  104  108  113  116  119  120  122  122
  124  123  125  126  129  130  134  139  157                                   
    65.0-180.0 180.0   5.0 450.0                            LAT/LON1/LON2/DLON/H
  160  153  147  143  137  136  138  143  149  157  163  169  171  174  171  170
  164  160  154  149  141  136  128  123  117  113  110  107  106  104  103  100
   96   91   87   82   79   75   73   71   69   68   67   66   66   65   66   66
   68   69   72   74   77   81   87   92   98  103  108  112  116  117  119  120
  121  122  124  126  129  130  134  139  160                                   
    62.5-180.0 180.0   5.0 450.0                            LAT/LON1/LON2/DLON/H
  166  159  151  144  138  134  135  138  144  150  158  163  167  170  169  167
  164  160  155  150  143  136  128  121  115  110  106  103  102  100   98   94
   90   84   79   73   69   65   63   60   61   58   58   56   57   55   58   57
   60   60   65   65   71   74   81   86   94   98  104  107  112  114  116  116
  119  120  124  126  131  132  138  143  166                                   
    60.0-180.0 180.0   5.0 450.0                            LAT/LON1/LON2/DLON/H
  170  165  157  152  142  137  135  136  140  146  152  158  162  166  165  166
  163  161  157  154  147  140  131  123  116  110  106  103  101   98   95   91
   85   79   73   67   63   59   57   56   55   54   53   51   52   51   52   53
   55   57   60   62   66   71   77   84   91   98  102  106  111  113  115  118
  121  124  127  131  135  137  143  147  170                                   
    57.5-180.0 180.0   5.0 450.0                            LAT/LON1/LON2/DLON/H
  176  173  166  160  151  144  140  137  139  142  148  153  158  161  162  162
  162  161  160  157  152  146  137  129  121  114  109  105  103   99   95   90
   84   77   71   65   61   58   57   55   56   53   53   50   51   49   51   50
   53   53   57   59   64   68   77   84   93   98  104  107  112  114  117  119
  124  127  133  137  143  145  151  154  176                                   
    55.0-180.0 180.0   5.0 450.0                            LAT/LON1/LON2/DLON/H
  181  180  178  174  164  157  150  145  143  144  146  150  153  157  158  160
  161  163  162  162  158  153  145  137  128  122  116  113  108  105   99   94
   86   80   73   69   64   63   61   61   61   60   58   56   54   52   52   52
   54   55   58   60   65   71   79   87   95  101  106  109  114  116  120  124
  129  135  140  145  151  154  159  163  181                                   
    52.5-180.0 180.0   5.0 450.0                            LAT/LON1/LON2/DLON/H
  185  187  188  187  179  172  164  156  152  148  148  149  151  154  156  158
  160  162  165  166  165  160  154  146  138  131  125  121  117  112  105   99
   92   86   80   75   72   70   69   70   70   68   66   62   61   57   57   55
   57   57   60   62   68   73   83   91  100  106  111  113  118  121  125  130
  136  141  148  154  161  164  169  173  185                                   
    50.0-180.0 180.0   5.0 450.0                            LAT/LON1/LON2/DLON/H
  188  191  196  198  194  189  181  172  163  156  152  151  151  153  154  156
  159  163  166  169  169  166  160  155  147  142  136  131  126  120  113  107
   99   94   88   84   81   80   79   80   79   79   75   72   69   65   64   62
   63   63   66   69   74   80   89   99  108  114  117  120  123  126  131  137
  143  149  156  162  169  171  177  182  188                                   
    47.5-180.0 180.0   5.0 450.0                            LAT/LON1/LON2/DLON/H
  191  193  200  205  204  202  197  188  178  168  161  157  156  155  156  158
  160  164  169  172  173  171  167  162  157  152  146  141  135  128  120  114
  107  102   96   93   90   88   87   87   87   85   83   79   76   72   69   67
   68   67   70   73   78   85   96  106  116  122  126  128  132  134  139  144
  150  156  163  169  176  178  182  187  191                                   
    45.0-180.0 180.0   5.0 450.0                            LAT/LON1/LON2/DLON/H
  188  192  200  207  209  211  208  202  191  181  171  166  162  161  160  162
  163  168  171  176  176  175  171  167  163  160  154  150  142  135  126  120
  114  109  105  102   99   97   95   95   94   93   91   88   84   80   77   75
   74   74   77   79   86   94  105  117  127  132  135  137  140  142  146  151
  157  163  169  174  180  181  184  190  188                                   
    42.5-180.0 180.0   5.0 450.0                            LAT/LON1/LON2/DLON/H
  188  189  197  204  209  213  215  210  203  193  184  177  173  170  170  170
  172  174  178  181  182  180  176  172  169  166  162  156  148  139  131  124
  119  115  111  108  105  102  100   98   99   98   97   93   90   86   82   80
   79   79   80   84   91  101  114  126  136  142  145  146  149  151  155  159
  164  168  174  178  183  182  185  192  188                                   
    40.0-180.0 180.0   5.0 450.0                            LAT/LON1/LON2/DLON/H
  186  188  194  201  205  211  215  216  211  204  195  189  184  183  180  180
  180  183  185  189  189  186  180  177  173  171  165  160  150  141  133  127
  123  119  115  111  108  104  102  101  102  103  103  100   98   93   90   86
   86   84   86   89   98  109  123  134  145  149  152  154  157  159  163  167
  171  174  179  182  185  184  187  194  186                                   
    37.5-180.0 180.0   5.0 450.0                            LAT/LON1/LON2/DLON/H
  193  191  195  198  202  208  215  218  218  213  206  201  198  196  194  192
  193  195  198  200  200  195  188  182  178  175  170  163  153  143  135  129
  125  121  117  112  109  105  103  103  105  107  108  106  105   99   96   92
   90   89   89   93  103  114  130  142  153  158  161  163  166  169  173  176
  180  182  186  188  192  190  192  199  193                                   
    35.0-180.0 180.0   5.0 450.0                            LAT/LON1/LON2/DLON/H
  206  204  205  203  204  210  216  223  225  225  219  215  210  209  205  205
  204  207  210  212  209  204  194  187  181  177  171  164  152  143  135  131
  126  122  117  113  109  106  104  106  109  112  114  113  112  106  103   98
   95   92   93   96  106  119  135  147  159  165  170  172  177  180  184  186
  190  192  197  199  203  203  205  214  206                                   
    32.5-180.0 180.0   5.0 450.0                            LAT/LON1/LON2/DLON/H
  237  228  227  220  217  220  227  233  237  238  234  230  225  222  219  217
  217  219  224  224  222  213  202  193  185  179  173  164  153  144  137  132
  127  123  117  113  110  108  107  110  114  119  121  120  117  111  106  101
   97   94   93   97  107  121  137  152  164  172  179  183  189  192  196  198
  203  205  210  214  221  223  226  237  237                                   
    30.0-180.0 180.0   5.0 450.0                            LAT/LON1/LON2/DLON/H
  271  263  261  250  242  243  245  253  256  258  253  249  241  236  231  229
  228  231  234  235  230  221  207  197  187  181  172  165  153  145  138  133
  128  123  117  114  111  111  112  116  121  125  127  125  122  114  108  101
   96   91   90   94  103  117  133  148  161  172  180  188  195  200  206  210
  216  219  228  235  245  250  256  271  271                                   
    27.5-180.0 180.0   5.0 450.0                            LAT/LON1/LON2/DLON/H
  314  308  306  293  281  277  279  282  285  283  279  272  262  254  247  241
  240  240  243  242  238  227  213  201  190  182  174  165  155  147  140  135
  129  124  118  116  114  115  116  121  125  129  130  127  121  112  104   96
   90   85   83   85   95  107  125  140  155  166  178  188  199  208  216  223
  231  238  249  259  270  279  288  302  314                                   
    25.0-180.0 180.0   5.0 450.0                            LAT/LON1/LON2/DLON/H
  352  360  359  346  333  324  321  322  321  318  310  301  288  279  266  259
  251  250  249  248  242  232  217  203  191  182  173  166  156  149  141  137
  131  126  121  119  119  121  123  126  130  132  133  127  120  107   98   88
   83   77   75   78   86   99  115  132  149  162  176  189  202  213  223  235
  247  258  272  284  297  310  325  337  352                                   
    22.5-180.0 180.0   5.0 450.0                            LAT/LON1/LON2/DLON/H
  384  399  407  400  386  375  368  367  363  358  348  335  321  307  293  279
  269  261  257  252  247  236  222  207  193  183  175  168  159  152  145  139
  134  130  127  126  126  128  128  129  131  132  129  123  113  101   89   80
   74   68   66   67   77   87  104  122  143  159  176  189  206  219  234  249
  264  276  291  305  319  335  351  363  384                                   
    20.0-180.0 180.0   5.0 450.0                            LAT/LON1/LON2/DLON/H
  405  429  442  440  431  421  412  408  403  399  387  375  357  341  322  306
  289  277  266  260  250  241  225  210  195  185  176  171  162  156  148  144
  140  138  135  136  136  137  136  134  133  130  126  116  106   92   81   70
   64   58   55   56   63   76   94  117  141  161  180  195  215  229  248  264
  281  294  310  325  338  357  378  387  405                                   
    17.5-180.0 180.0   5.0 450.0                            LAT/LON1/LON2/DLON/H
  416  436  454  459  455  449  442  440  436  434  425  414  396  378  357  335
  316  296  282  270  259  248  232  215  199  188  179  174  167  160  153  149
  148  147  147  148  148  147  143  138  133  128  121  111  100   86   74   63
   54   48   44   44   51   63   83  110  141  164  185  203  225  240  262  279
  297  311  326  340  353  369  385  398  416                                   
    15.0-180.0 180.0   5.0 450.0                            LAT/LON1/LON2/DLON/H
  418  435  453  461  463  460  458  460  460  461  456  452  435  419  392  369
  344  323  301  287  272  259  240  222  202  191  181  177  170  166  159  157
  157  159  159  161  159  156  149  140  133  124  117  105   95   80   69   56
   49   43   39   40   45   59   80  110  144  170  193  214  235  252  275  294
  314  327  341  353  367  380  399  409  418                                   
    12.5-180.0 180.0   5.0 450.0                            LAT/LON1/LON2/DLON/H
  410  421  442  454  460  461  463  471  473  479  479  478  468  454  429  403
  374  348  326  305  289  272  251  229  207  194  184  180  175  171  166  165
  166  168  170  171  167  162  152  142  131  123  114  104   92   80   65   56
   47   41   37   38   43   58   79  111  148  179  204  225  247  265  287  307
  327  339  354  366  377  387  399  410  410                                   
    10.0-180.0 180.0   5.0 450.0                            LAT/LON1/LON2/DLON/H
  401  409  426  440  451  455  461  470  479  487  492  494  489  479  457  433
  401  376  348  327  305  287  261  236  212  197  187  184  179  176  172  172
  174  177  177  176  170  163  152  140  130  118  112  100   92   78   68   55
   49   42   38   39   46   59   80  111  150  184  210  233  256  276  299  321
  340  354  368  379  391  399  412  417  401                                   
     7.5-180.0 180.0   5.0 450.0                            LAT/LON1/LON2/DLON/H
  400  408  421  433  443  450  455  465  473  485  492  498  496  489  472  450
  422  394  367  342  320  296  268  240  215  199  190  187  183  180  176  175
