data/unet/pred2470.15i
     1.0            IONOSPHERE MAPS     GNSS                IONEX VERSION / TYPE
pyspatialgeodesy        IME             05-JAN-18 20:20     PGM / RUN BY / DATE 
Map Name                                                    COMMENT             
Predicted global ionosphere maps (GIM).                     DESCRIPTION         
  2015     9     4     0     0     0                        EPOCH OF FIRST MAP  
  2015     9     5     0     0     0                        EPOCH OF LAST MAP   
  7200                                                      INTERVAL            
    13                                                      # OF MAPS IN FILE   
  NONE                                                      MAPPING FUNCTION    
10.0                                                        ELEVATION CUTOFF    
One-way carrier phase leveled to code                       OBSERVABLES USED    
  6371.0                                                    BASE RADIUS         
 2                                                          MAP DIMENSION       
   450.0 450.0   0.0                                        HGT1 / HGT2 / DHGT  
    87.5 -87.5  -2.5                                        LAT1 / LAT2 / DLAT  
  -180.0 180.0   5.0                                        LON1 / LON2 / DLON  
    -1                                                      EXPONENT            
                                                            END OF HEADER       
[from data line 3003]
     8                                                      START OF TEC MAP    
  2015     9     4    14     0     0                        EPOCH OF CURRENT MAP
    87.5-180.0 180.0   5.0 450.0                            LAT/LON1/LON2/DLON/H
  117  132  139  138  137  136  135  133  134  132  133  131  133  131  133  131
  134  132  135  133  135  134  136  134  135  134  134  133  132  132  131  131
  129  130  129  130  128  129  128  129  128  129  128  129  128  130  129  131
  130  131  131  132  132  133  132  133  132  134  132  134  134  135  134  135
  135  136  136  138  136  137  146  130  117                                   
    85.0-180.0 180.0   5.0 450.0                            LAT/LON1/LON2/DLON/H
  112  126  124  124  127  126  128  127  130  128  130  130  132  131  132  132
  134  133  134  133  134  133  134  132  133  131  131  128  128  126  126  123
  123  121  121  120  120  119  118  117  118  116  116  115  116  115  115  114
  115  114  115  114  115  114  115  114  115  114  115  114  116  115  117  116
  118  117  120  119  122  122  127  127  112                                   
    82.5-180.0 180.0   5.0 450.0                            LAT/LON1/LON2/DLON/H
  112  111  118  116  120  118  121  121  123  123  125  125  126  126  127  128
  128  128  129  129  130  130  130  130  129  129  127  127  125  125  121  122
  119  119  117  117  116  115  114  112  113  110  112  108  112  108  112  109
  113  110  112  110  113  111  112  110  111  109  110  108  110  107  109  106
  109  107  110  108  109  109  116  108  112                                   
    80.0-180.0 180.0   5.0 450.0                            LAT/LON1/LON2/DLON/H
   96  100  100  104  107  107  111  110  114  112  116  115  118  116  119  119
  121  120  122  123  123  124  124  126  124  126  123  125  121  123  119  120
  117  118  115  116  114  114  113  112  112  110  110  108  109  109  109  108
  109  109  109  109  108  108  106  105  104  103  102  101  100   98   98   97
   97   96   96   96   93   96   94   95   96                                   
    77.5-180.0 180.0   5.0 450.0                            LAT/LON1/LON2/DLON/H
   79   84   85   88   92   95   99  100  103  103  106  106  108  107  111  111
  114  113  117  118  121  120  124  123  125  124  125  124  123  122  120  120
  117  118  114  116  111  114  110  112  108  109  105  107  104  106  104  106
  105  106  105  106  105  103  103  101   99   96   95   93   91   89   88   87
   84   84   82   82   79   79   79   80   79                                   
    75.0-180.0 180.0   5.0 450.0                            LAT/LON1/LON2/DLON/H
   69   71   70   75   80   82   88   88   93   93   97   97  101  100  104  104
  108  108  112  113  116  117  121  122  124  124  125  124  124  122  121  120
  118  118  116  116  113  114  112  112  111  110  108  106  106  105  106  105
  106  106  106  105  105  103  102   99   97   93   91   88   86   83   81   78
   76   74   72   70   69   70   69   68   69                                   
    72.5-180.0 180.0   5.0 450.0                            LAT/LON1/LON2/DLON/H
   58   60   61   63   66   70   73   77   81   83   87   88   92   93   96   98
  101  103  107  109  113  115  120  121  125  125  127  126  125  125  124  123
  120  122  118  120  116  119  115  117  112  113  108  109  105  107  104  106
  104  106  105  105  103  102   99   96   92   89   86   83   81   77   75   71
   69   67   65   64   62   60   61   59   58                                   
    70.0-180.0 180.0   5.0 450.0                            LAT/LON1/LON2/DLON/H
   54   53   51   54   58   60   66   67   73   74   80   83   88   89   93   94
   98   99  103  105  110  112  118  120  124  125  126  126  124  124  122  122
  119  119  117  118  117  117  116  116  115  113  110  110  107  106  105  106
  106  107  106  106  104  102   98   95   92   87   85   81   80   76   74   69
   68   64   62   59   58   56   57   53   54                                   
    67.5-180.0 180.0   5.0 450.0                            LAT/LON1/LON2/DLON/H
   50   48   46   47   50   52   57   60   65   69   74   78   83   85   90   92
   96   97  102  104  109  111  117  119  124  125  127  126  125  123  123  120
  119  118  117  118  116  118  116  118  114  115  110  111  106  107  104  107
  105  106  104  105  101   98   94   92   87   85   83   81   79   77   75   72
   68   65   62   60   56   53   56   50   50                                   
    65.0-180.0 180.0   5.0 450.0                            LAT/LON1/LON2/DLON/H
   50   43   39   39   43   44   50   52   59   62   70   73   80   82   88   89
   94   94   99   99  104  106  112  115  120  123  123  125  122  121  118  116
  114  113  111  113  112  114  113  114  113  113  110  109  106  106  104  105
  104  105  103  102   99   95   91   87   85   82   82   80   80   78   77   74
   73   68   65   59   57   52   55   50   50                                   
    62.5-180.0 180.0   5.0 450.0                            LAT/LON1/LON2/DLON/H
   52   42   37   36   36   38   42   46   53   58   67   73   79   82   88   89
   94   94   97   98  102  104  109  112  116  119  121  121  120  117  117  113
  113  110  109  110  109  112  110  114  111  114  109  110  106  106  102  104
  102  103  100   98   94   90   86   83   81   81   81   82   82   82   80   79
   75   72   68   63   58   53   57   49   52                                   
    60.0-180.0 180.0   5.0 450.0                            LAT/LON1/LON2/DLON/H
   55   41   34   30   32   31   36   38   46   51   62   66   77   78   87   87
   94   93   96   95   98  100  104  107  112  115  117  118  116  114  113  111
  110  107  105  106  105  107  107  111  110  112  109  110  106  106  103  104
  102  102  100   97   93   89   85   82   82   82   84   85   87   86   85   82
   80   75   73   66   62   55   57   50   55                                   
    57.5-180.0 180.0   5.0 450.0                            LAT/LON1/LON2/DLON/H
   58   46   37   33   30   28   31   34   42   48   58   67   76   82   88   92
   96   96   98   99  100  101  103  106  109  112  114  115  115  114  114  112
  113  110  109  108  106  108  107  113  111  116  114  115  113  111  109  107
  106  104  102   99   95   90   87   85   85   86   89   91   92   91   89   87
   82   79   74   70   63   58   58   50   58                                   
    55.0-180.0 180.0   5.0 450.0                            LAT/LON1/LON2/DLON/H
   62   48   40   34   32   28   31   30   38   42   54   59   73   75   87   90
   97   98  101  102  101  102  103  105  107  111  113  115  114  115  114  114
  114  114  111  111  109  111  112  116  117  120  121  121  120  117  115  112
  111  109  108  103  101   96   93   90   91   93   96   97   98   95   93   88
   86   81   78   73   69   63   61   55   62                                   
    52.5-180.0 180.0   5.0 450.0                            LAT/LON1/LON2/DLON/H
   67   59   49   45   40   36   36   35   40   44   54   63   73   79   88   96
  102  106  109  110  110  108  109  108  110  112  114  115  117  116  120  119
  122  121  121  120  118  120  119  125  124  130  129  130  128  124  122  119
  118  116  115  112  109  104  101   99   99  102  104  106  104  101   96   92
   86   83   79   75   71   65   65   60   67                                   
    50.0-180.0 180.0   5.0 450.0                            LAT/LON1/LON2/DLON/H
   77   68   61   57   54   45   46   39   43   45   55   60   72   77   88   95
  105  110  114  117  116  114  113  113  114  116  116  118  119  120  122  125
  126  127  127  127  127  128  130  132  136  137  139  138  137  133  131  129
  129  127  126  124  120  116  112  110  110  112  116  115  114  106  101   92
   89   84   82   77   76   73   72   69   77                                   
    47.5-180.0 180.0   5.0 450.0                            LAT/LON1/LON2/DLON/H
   83   82   75   73   68   62   58   53   54   54   60   66   76   82   91  102
  112  119  123  127  127  122  122  120  122  121  124  123  125  125  129  130
  135  136  138  139  139  142  142  146  146  148  147  147  144  142  140  139
  138  138  137  135  131  125  121  119  119  121  122  123  118  112  105   98
   92   89   86   84   81   79   80   76   83                                   
    45.0-180.0 180.0   5.0 450.0                            LAT/LON1/LON2/DLON/H
   92   90   87   86   85   76   74   63   64   61   67   71   80   84   96  106
  117  124  130  134  133  130  128  128  128  130  130  129  129  129  131  134
  138  142  144  146  149  152  155  156  158  156  157  154  153  150  150  148
  149  148  148  145  140  134  129  127  126  128  130  128  125  117  110  102
   97   92   92   87   87   86   87   88   92                                   
    42.5-180.0 180.0   5.0 450.0                            LAT/LON1/LON2/DLON/H
   94   97   95   95   93   89   85   77   75   73   77   81   90   94  104  115
  125  134  140  143  142  138  138  136  140  138  140  136  136  133  135  137
  142  147  152  157  160  166  168  172  170  169  164  161  158  156  155  156
  156  155  154  150  144  137  131  130  129  131  132  132  127  122  115  109
  103  101   98   95   92   90   94   90   94                                   
    40.0-180.0 180.0   5.0 450.0                            LAT/LON1/LON2/DLON/H
   99   97   96  100  101   95   93   84   84   80   87   87   99  100  114  120
  133  141  146  148  146  142  142  142  146  147  148  143  140  136  138  140
  146  153  160  167  174  181  187  189  190  182  180  172  170  166  166  166
  166  164  161  156  149  141  135  131  131  133  136  135  133  126  121  116
  112  109  106  100   98   91   97   97   99                                   
    37.5-180.0 180.0   5.0 450.0                            LAT/LON1/LON2/DLON/H
   96   94   91   94   94   94   91   87   86   86   92   97  107  113  122  132
  142  150  152  154  151  149  149  149  155  154  156  149  146  141  143  146
  154  164  174  186  193  204  210  215  213  206  198  189  185  180  181  179
  180  175  172  164  157  145  138  132  131  133  136  137  135  130  126  122
  119  116  113  107  101   97   99   93   96                                   
    35.0-180.0 180.0   5.0 450.0                            LAT/LON1/LON2/DLON/H
   97   87   82   86   87   86   85   83   85   86   96   98  114  116  133  138
  151  154  157  157  153  150  151  151  158  158  161  155  153  149  153  158
  169  182  193  206  217  230  239  242  240  230  221  209  204  198  200  196
  197  191  187  178  168  156  146  138  135  136  138  138  137  133  131  125
  125  120  119  108  104   94   96   93   97                                   
    32.5-180.0 180.0   5.0 450.0                            LAT/LON1/LON2/DLON/H
   94   82   74   74   71   74   74   75   78   84   93  103  116  126  138  148
  156  162  161  162  157  156  155  158  163  164  167  163  162  161  167  177
  189  206  222  236  251  263  273  275  271  259  249  234  231  223  224  217
  217  210  205  195  186  169  160  148  146  142  143  140  139  134  131  128
  124  122  119  112  106   98   99   88   94                                   
    30.0-180.0 180.0   5.0 450.0                            LAT/LON1/LON2/DLON/H
   99   79   67   65   62   65   65   68   72   80   92  100  119  126  143  148
  160  161  164  161  159  156  159  158  165  164  171  170  174  178  189  203
  224  244  262  276  288  297  305  307  301  293  280  270  263  259  257  250
  248  238  232  219  207  190  177  165  160  156  152  149  144  138  134  128
  128  124  123  115  110  100   97   90   99                                   
    27.5-180.0 180.0   5.0 450.0                            LAT/LON1/LON2/DLON/H
  102   85   68   62   55   58   57   62   64   74   84  100  115  127  140  151
  157  164  162  164  161  163  162  165  168  171  178  182  189  201  216  239
  262  284  302  315  324  330  334  336  333  325  316  304  296  293  289  286
  281  274  264  251  235  214  199  181  175  165  162  152  147  136  133  129
  125  126  122  120  114  108  105   95  102                                   
    25.0-180.0 180.0   5.0 450.0                            LAT/LON1/LON2/DLON/H
  113   90   73   66   58   58   57   61   63   73   82   97  114  125  139  146
  156  157  162  162  165  165  168  167  173  174  186  195  210  226  250  272
  298  316  332  339  347  351  356  361  359  360  352  346  337  332  331  327
  323  316  307  293  276  256  231  212  195  184  173  162  150  141  134  129
  128  127  126  123  121  117  111  105  113                                   
    22.5-180.0 180.0   5.0 450.0                            LAT/LON1/LON2/DLON/H
  119  106   88   81   70   66   63   64   64   72   78   96  108  126  135  145
  149  155  156  163  166  169  171  174  177  184  196  210  228  252  276  300
  323  338  354  359  365  369  372  379  380  385  382  378  372  368  364  363
  359  356  345  331  311  290  267  246  226  205  190  175  160  144  136  129
  129  129  127  128  125  125  122  119  119                                   
    20.0-180.0 180.0   5.0 450.0                            LAT/LON1/LON2/DLON/H
  129  116  101   95   85   81   74   72   67   73   79   92  107  121  133  140
  147  146  155  158  168  170  178  177  185  190  209  226  251  272  301  322
  346  357  371  372  376  376  382  388  396  401  404  401  397  395  393  392
  392  390  382  366  341  317  292  274  252  233  208  191  171  154  140  131
  131  129  130  131  130  130  126  126  129                                   
    17.5-180.0 180.0   5.0 450.0                            LAT/LON1/LON2/DLON/H
  129  128  113  107   98   91   84   80   74   74   76   89  101  119  129  141
  142  147  149  159  167  173  180  185  191  200  219  243  264  293  317  341
  361  371  383  382  383  382  385  394  400  411  414  415  412  414  410  417
  414  417  402  384  356  333  309  295  275  254  227  205  185  167  151  141
  136  135  132  134  130  130  131  134  129                                   
    15.0-180.0 180.0   5.0 450.0                            LAT/LON1/LON2/DLON/H
  133  130  118  114  103   99   90   86   78   78   76   84   97  112  128  135
  145  145  153  158  170  175  186  189  202  211  237  261  288  311  340  358
  378  384  392  389  388  383  389  394  408  417  424  425  422  424  418  425
  424  425  409  390  361  338  318  307  291  272  244  219  195  179  162  149
  142  138  139  136  134  133  128  132  133                                   
    12.5-180.0 180.0   5.0 450.0                            LAT/LON1/LON2/DLON/H
  132  129  117  113  103   97   91   87   79   79   75   85   93  115  127  143
  148  156  157  166  175  182  192  199  210  227  250  280  301  328  351  368
  382  388  394  393  391  388  391  400  410  424  429  432  429  430  423  429
  421  420  399  380  352  332  317  309  297  279  251  226  202  187  172  161
  154  148  147  142  139  131  129  133  132                                   
    10.0-180.0 180.0   5.0 450.0                            LAT/LON1/LON2/DLON/H
  128  122  110  107   99   94   86   83   75   76   74   83   95  109  128  139
  154  159  167  170  180  185  198  205  223  240  271  295  321  341  363  371
  384  387  392  393  394  395  399  408  416  429  431  435  426  425  417  420
  410  403  384  363  338  322  309  307  295  281  253  232  206  195  180  172
  160  157  154  148  143  131  124  125  128                                   
     7.5-180.0 180.0   5.0 450.0                            LAT/LON1/LON2/DLON/H
  120  114  104  100   92   83   78   73   69   69   69   80   91  115  131  155
  166  180  182  191  192  201  210  221  235  260  283  314  333  354  367  374
