data/unet/pred2240.15i
     1.0            IONOSPHERE MAPS     GNSS                IONEX VERSION / TYPE
pyspatialgeodesy        IME             05-JAN-18 20:20     PGM / RUN BY / DATE 
Map Name                                                    COMMENT             
Predicted global ionosphere maps (GIM).                     DESCRIPTION         
  2015     8    12     0     0     0                        EPOCH OF FIRST MAP  
  2015     8    13     0     0     0                        EPOCH OF LAST MAP   
  7200                                                      INTERVAL            
    13                                                      # OF MAPS IN FILE   
  NONE                                                      MAPPING FUNCTION    
10.0                                                        ELEVATION CUTOFF    
One-way carrier phase leveled to code                       OBSERVABLES USED    
  6371.0                                                    BASE RADIUS         
 2                                                          MAP DIMENSION       
   450.0 450.0   0.0                                        HGT1 / HGT2 / DHGT  
    87.5 -87.5  -2.5                                        LAT1 / LAT2 / DLAT  
  -180.0 180.0   5.0                                        LON1 / LON2 / DLON  
    -1                                                      EXPONENT            
                                                            END OF HEADER       
[from data line 2145]
     6                                                      START OF TEC MAP    
  2015     8    12    10     0     0                        EPOCH OF CURRENT MAP
    87.5-180.0 180.0   5.0 450.0                            LAT/LON1/LON2/DLON/H
  101  128  124  126  124  124  126  125  126  126  127  126  126  125  125  124
  124  122  122  121  121  119  119  118  118  117  117  116  116  115  116  115
  116  115  116  115  116  115  116  115  116  114  114  114  114  113  112  112
  112  112  111  112  111  111  111  111  111  110  110  110  111  110  111  110
  112  111  113  114  115  113  112  101  101                                   
    85.0-180.0 180.0   5.0 450.0                            LAT/LON1/LON2/DLON/H
  123  116  124  128  126  126  127  128  128  129  128  128  127  127  125  125
  124  124  123  123  122  123  122  123  122  124  123  124  123  125  124  126
  125  128  127  130  128  131  128  130  128  130  127  128  126  126  124  124
  123  122  120  119  118  116  115  113  112  111  110  109  109  108  108  108
  109  109  111  111  113  111  116  114  123                                   
    82.5-180.0 180.0   5.0 450.0                            LAT/LON1/LON2/DLON/H
  114  120  126  127  127  125  128  128  129  127  127  125  125  123  122  120
  120  118  118  118  118  117  118  118  119  118  119  119  120  120  122  123
  125  126  128  129  131  131  132  132  133  132  132  132  132  130  130  128
  128  125  124  122  121  118  117  113  113  109  108  105  105  102  102  101
  103  103  106  107  109  111  117  115  114                                   
    80.0-180.0 180.0   5.0 450.0                            LAT/LON1/LON2/DLON/H
  117  115  119  122  123  124  124  126  125  125  121  121  117  117  113  113
  110  110  108  109  107  108  107  109  107  109  108  110  109  112  113  116
  118  122  123  127  129  132  133  135  135  136  135  136  135  135  132  132
  130  128  126  124  122  118  116  112  109  105  103   99   97   94   93   93
   93   94   94   97   98  102  107  112  117                                   
    77.5-180.0 180.0   5.0 450.0                            LAT/LON1/LON2/DLON/H
  112  112  120  122  123  126  125  126  124  122  118  115  112  109  106  104
  102  101  101  101  101  101  101  102  101  102  102  103  103  106  107  111
  113  118  121  127  130  134  136  139  140  142  142  143  142  142  141  140
  138  137  135  133  130  127  124  120  116  112  108  104  100   97   94   93
   91   92   93   96   98  100  106  102  112                                   
    75.0-180.0 180.0   5.0 450.0                            LAT/LON1/LON2/DLON/H
  111  107  114  119  118  122  120  121  116  115  109  106  100   98   94   93
   90   91   90   91   91   92   92   93   92   93   93   94   94   97   99  104
  107  114  118  126  130  136  139  144  144  147  146  148  146  147  145  145
  143  142  141  139  136  134  131  126  123  118  114  108  104  100   97   94
   92   92   93   95   97  102  103  103  111                                   
    72.5-180.0 180.0   5.0 450.0                            LAT/LON1/LON2/DLON/H
  107  105  111  112  111  114  112  111  107  103   98   93   89   85   83   80
   80   80   82   82   84   84   85   85   85   84   84   84   85   88   90   96
  100  108  114  123  130  136  141  145  147  149  150  151  150  151  149  149
  147  146  145  143  141  139  137  132  129  124  120  115  111  106  103   99
   97   95   97   96  100  100  104  100  107                                   
    70.0-180.0 180.0   5.0 450.0                            LAT/LON1/LON2/DLON/H
  106   99  103  103  103  105  103  103   98   95   89   85   81   77   75   74
   74   74   76   78   79   81   81   81   80   80   80   81   81   85   87   94
   99  109  114  125  133  141  145  151  152  156  156  158  156  157  155  154
  151  150  148  148  146  146  143  142  137  134  129  125  120  116  112  110
  106  106  105  106  106  106  105  102  106                                   
    67.5-180.0 180.0   5.0 450.0                            LAT/LON1/LON2/DLON/H
  102   95   97   93   91   92   91   91   88   85   80   77   72   70   68   68
   68   69   72   73   75   76   77   77   76   76   77   77   79   81   85   92
   99  108  115  126  134  142  147  153  155  159  159  161  160  159  157  154
  152  150  148  147  146  145  145  143  141  138  135  131  127  123  121  118
  116  115  115  114  113  109  108  100  102                                   
    65.0-180.0 180.0   5.0 450.0                            LAT/LON1/LON2/DLON/H
  100   91   91   88   85   85   84   84   80   79   75   73   69   68   66   68
   68   70   71   73   73   76   74   76   74   77   76   79   79   84   87   96
  102  114  120  132  140  149  153  159  160  165  165  167  165  163  159  155
  151  149  146  146  145  145  145  145  143  142  140  139  136  134  132  131
  128  129  127  128  124  121  113  105  100                                   
    62.5-180.0 180.0   5.0 450.0                            LAT/LON1/LON2/DLON/H
   98   92   86   81   77   75   74   73   72   69   67   65   64   63   63   64
   65   66   68   69   70   71   72   73   74   75   76   79   82   85   91   99
  107  118  127  137  146  151  157  160  163  166  167  168  166  163  159  154
  150  147  145  144  144  145  145  145  144  143  142  141  140  140  139  139
  138  140  139  137  134  127  119  106   98                                   
    60.0-180.0 180.0   5.0 450.0                            LAT/LON1/LON2/DLON/H
  103   91   83   77   71   69   66   67   63   63   61   62   60   62   62   65
   64   66   64   67   65   68   67   73   72   77   77   83   84   91   95  107
  114  127  134  146  152  159  163  168  170  174  174  174  172  168  162  157
  152  149  146  145  146  146  147  147  146  145  145  145  145  146  146  149
  148  151  150  151  145  140  125  116  103                                   
    57.5-180.0 180.0   5.0 450.0                            LAT/LON1/LON2/DLON/H
  108   98   86   77   69   64   62   58   57   55   54   54   55   56   57   59
   60   60   60   60   61   62   65   69   72   77   80   84   88   94  101  111
  121  133  143  151  160  164  168  171  174  177  179  180  178  174  169  162
  158  154  153  152  153  153  154  153  152  151  150  150  150  152  152  153
  154  156  158  157  154  145  133  117  108                                   
    55.0-180.0 180.0   5.0 450.0                            LAT/LON1/LON2/DLON/H
  120  104   90   81   71   66   59   57   51   51   48   50   49   53   52   56
   55   57   54   56   54   59   61   69   72   80   82   89   91  100  106  120
  128  142  150  162  166  175  176  181  182  187  187  190  187  184  179  172
  166  162  160  159  160  159  161  159  158  157  156  155  156  156  158  159
  159  163  163  165  160  155  139  133  120                                   
    52.5-180.0 180.0   5.0 450.0                            LAT/LON1/LON2/DLON/H
  127  112  100   89   78   68   63   56   52   47   45   45   45   46   48   49
   51   50   50   49   51   55   60   67   74   81   85   91   95  102  110  123
  134  147  157  167  176  181  185  188  190  194  197  199  198  195  190  183
  177  174  170  170  168  169  168  167  165  165  163  163  162  164  163  163
  163  165  167  165  163  157  146  135  127                                   
    50.0-180.0 180.0   5.0 450.0                            LAT/LON1/LON2/DLON/H
  138  119  108   99   87   79   70   64   55   52   46   47   45   47   45   48
   46   48   46   48   49   56   61   71   77   85   89   96   99  109  114  130
  139  155  165  179  187  196  198  203  203  208  210  213  212  209  204  196
  191  185  182  177  177  174  174  172  171  171  170  170  169  171  170  170
  167  170  169  170  167  163  149  147  138                                   
    47.5-180.0 180.0   5.0 450.0                            LAT/LON1/LON2/DLON/H
  143  126  118  108   97   89   79   71   64   57   53   50   49   48   47   46
   46   45   45   46   50   56   63   73   80   88   92   97  101  109  117  129
  141  158  172  185  196  204  209  213  214  220  222  225  224  222  216  210
  202  197  189  186  181  179  175  176  173  175  174  175  175  176  176  175
  173  173  171  169  166  161  152  145  143                                   
    45.0-180.0 180.0   5.0 450.0                            LAT/LON1/LON2/DLON/H
  143  130  123  118  108  101   90   83   74   69   63   61   57   55   52   51
   49   49   48   51   54   62   69   80   87   94   98  103  106  115  122  136
  147  166  180  197  209  220  223  228  227  235  235  241  239  237  231  223
  215  205  197  188  183  177  175  173  173  175  175  178  178  180  180  180
  176  177  171  170  164  161  153  152  143                                   
    42.5-180.0 180.0   5.0 450.0                            LAT/LON1/LON2/DLON/H
  142  131  126  120  112  109  100   93   85   80   75   72   69   65   61   58
   56   54   54   56   59   66   74   84   92   99  102  106  109  116  124  136
  149  168  183  202  216  230  236  241  242  248  249  254  253  253  245  239
  227  218  205  197  186  181  174  175  174  178  178  181  181  184  184  182
  178  176  171  165  159  155  151  148  142                                   
    40.0-180.0 180.0   5.0 450.0                            LAT/LON1/LON2/DLON/H
  138  128  125  123  115  114  106  103   96   93   89   87   83   79   72   69
   65   64   62   65   67   74   81   92   98  106  109  114  117  125  130  144
  155  174  190  210  225  241  244  252  252  260  261  267  268  270  264  256
  246  233  221  206  198  187  182  180  181  183  185  185  186  187  187  187
  181  179  169  165  155  152  149  150  138                                   
    37.5-180.0 180.0   5.0 450.0                            LAT/LON1/LON2/DLON/H
  136  125  121  117  113  113  109  107  103  101   99   98   95   90   84   78
   74   72   70   71   72   78   84   93  101  108  113  118  121  127  134  145
  157  176  192  213  230  245  253  259  263  270  273  279  282  286  282  277
  265  253  239  227  214  206  198  198  196  199  198  197  195  195  194  192
  186  181  174  163  154  147  146  145  136                                   
    35.0-180.0 180.0   5.0 450.0                            LAT/LON1/LON2/DLON/H
  134  119  114  111  106  108  106  108  106  109  108  109  105  101   95   89
   84   80   77   78   77   83   88   98  106  115  121  127  132  139  144  154
  164  182  198  221  235  252  255  266  270  282  286  295  299  303  301  298
  289  277  265  249  239  226  219  214  214  213  213  208  206  202  202  199
  193  189  177  169  156  149  148  149  134                                   
    32.5-180.0 180.0   5.0 450.0                            LAT/LON1/LON2/DLON/H
  138  118  111  105  100  101  100  104  104  108  110  112  109  106  100   94
   89   85   81   80   80   83   88   97  107  116  124  131  137  142  148  157
  168  184  202  222  240  251  263  268  280  290  301  308  317  321  322  319
  313  305  294  280  269  257  250  244  243  241  238  232  225  218  216  210
  206  197  188  172  162  152  150  149  138                                   
    30.0-180.0 180.0   5.0 450.0                            LAT/LON1/LON2/DLON/H
  143  121  110  103   97   98   96   98  100  105  108  112  111  109  103   97
   92   88   84   83   83   88   93  104  114  124  133  142  148  154  157  166
  175  192  206  229  242  258  265  277  286  301  311  323  331  340  342  344
  339  334  327  315  308  293  287  276  275  268  266  256  250  240  234  228
  221  215  200  189  173  162  158  154  143                                   
    27.5-180.0 180.0   5.0 450.0                            LAT/LON1/LON2/DLON/H
  149  129  117  107  100   98   95   97   96  100  103  107  106  105  100   97
   91   88   84   83   84   89   96  106  116  127  136  144  151  155  161  168
  180  193  214  231  250  260  273  281  297  309  325  334  348  355  364  365
  366  363  359  353  348  338  330  318  311  302  295  284  276  265  258  247
  240  227  216  199  187  171  167  158  149                                   
    25.0-180.0 180.0   5.0 450.0                            LAT/LON1/LON2/DLON/H
  159  138  124  116  108  104   99   99   97   98  100  102  103  102   99   94
   90   87   85   84   88   96  104  114  124  135  145  152  158  164  168  178
  185  205  220  243  256  269  280  291  309  322  336  349  361  373  380  388
  390  394  394  393  391  383  376  363  355  339  331  315  304  290  281  268
  258  247  231  219  202  187  180  169  159                                   
    22.5-180.0 180.0   5.0 450.0                            LAT/LON1/LON2/DLON/H
  166  150  138  130  122  117  110  107  103  103  101  102  100   99   95   92
   88   85   83   85   90   98  107  118  126  136  144  150  156  160  169  177
  191  205  228  245  264  274  289  303  323  335  350  362  376  385  396  403
  411  416  422  423  426  418  409  396  386  372  360  346  334  318  306  289
  277  259  244  227  212  195  190  176  166                                   
    20.0-180.0 180.0   5.0 450.0                            LAT/LON1/LON2/DLON/H
  178  160  149  143  135  131  124  120  114  110  106  104  102   98   96   91
   87   84   84   87   94  105  114  125  134  142  149  154  159  167  174  186
  197  216  233  255  269  281  298  313  338  347  362  373  387  399  406  416
  423  435  443  450  454  449  441  426  415  398  387  372  364  344  331  309
  295  276  258  242  225  209  204  189  178                                   
    17.5-180.0 180.0   5.0 450.0                            LAT/LON1/LON2/DLON/H
  185  174  165  158  152  147  141  137  130  124  118  113  108  103   99   94
   90   85   85   88   96  105  115  124  131  138  144  148  155  162  175  184
  201  217  242  260  283  295  316  332  353  364  377  390  403  412  422  426
  438  443  460  462  470  465  458  443  431  416  405  396  388  372  357  332
  314  288  270  249  235  216  211  196  185                                   
    15.0-180.0 180.0   5.0 450.0                            LAT/LON1/LON2/DLON/H
  195  181  172  168  159  157  151  149  142  136  127  122  115  110  105   99
   94   89   88   90   97  106  114  123  130  139  145  152  157  171  178  195
  207  230  250  275  291  309  329  345  365  377  389  403  413  424  429  439
  445  458  467  475  480  479  473  459  448  433  426  418  413  396  380  351
  330  302  282  264  247  230  222  213  195                                   
    12.5-180.0 180.0   5.0 450.0                            LAT/LON1/LON2/DLON/H
  202  194  186  179  173  167  164  159  154  149  141  134  125  117  113  106
  102   94   94   92   98  102  108  115  122  132  138  146  156  167  180  194
  213  231  260  284  306  323  339  358  371  388  394  414  419  431  437  442
  453  456  470  470  478  475  469  459  453  445  439  435  429  415  395  367
  344  315  294  271  257  240  230  219  202                                   
    10.0-180.0 180.0   5.0 450.0                            LAT/LON1/LON2/DLON/H
  211  199  190  186  178  174  168  164  157  154  145  141  130  125  120  114
  112  102  103   96  101   99  104  108  117  130  137  154  161  178  189  208
  224  249  270  298  312  328  342  357  370  383  390  405  414  426  430  441
  447  457  464  469  472  471  469  462  465  458  456  449  443  425  404  375
  349  325  301  283  268  253  241  236  211                                   
     7.5-180.0 180.0   5.0 450.0                            LAT/LON1/LON2/DLON/H
  221  212  202  195  188  180  174  167  159  157  149  147  136  131  126  119
  117  107  105   98   97   94   94   99  109  122  137  150  163  178  194  209
