data/unet/pred1410.15i
     1.0            IONOSPHERE MAPS     GNSS                IONEX VERSION / TYPE
pyspatialgeodesy        IME             05-JAN-18 20:20     PGM / RUN BY / DATE 
Map Name                                                    COMMENT             
Predicted global ionosphere maps (GIM).                     DESCRIPTION         
  2015     5    21     0     0     0                        EPOCH OF FIRST MAP  
  2015     5    22     0     0     0                        EPOCH OF LAST MAP   
  7200                                                      INTERVAL            
    13                                                      # OF MAPS IN FILE   
  NONE                                                      MAPPING FUNCTION    
10.0                                                        ELEVATION CUTOFF    
One-way carrier phase leveled to code                       OBSERVABLES USED    
  6371.0                                                    BASE RADIUS         
 2                                                          MAP DIMENSION       
   450.0 450.0   0.0                                        HGT1 / HGT2 / DHGT  
    87.5 -87.5  -2.5                                        LAT1 / LAT2 / DLAT  
  -180.0 180.0   5.0                                        LON1 / LON2 / DLON  
    -1                                                      EXPONENT            
                                                            END OF HEADER       
[from data line 4290]
    11                                                      START OF TEC MAP    
  2015     5    21    20     0     0                        EPOCH OF CURRENT MAP
    87.5-180.0 180.0   5.0 450.0                            LAT/LON1/LON2/DLON/H
  228  212  205  206  204  203  203  203  204  204  203  203  202  203  201  201
  200  200  197  197  195  195  192  192  189  189  185  186  183  184  180  183
  179  181  178  180  177  179  176  179  176  180  177  181  179  182  181  184
  184  186  185  187  187  188  187  188  187  188  187  188  186  188  186  188
  187  190  189  192  192  195  193  203  228                                   
    85.0-180.0 180.0   5.0 450.0                            LAT/LON1/LON2/DLON/H
  198  204  204  205  203  202  203  204  206  207  207  208  208  208  207  207
  206  204  203  201  199  197  194  192  189  187  184  183  180  179  177  177
  176  175  174  174  174  173  174  174  175  175  177  178  180  180  182  183
  185  186  187  188  189  189  189  189  189  189  188  188  188  188  187  188
  188  189  189  190  190  192  192  203  198                                   
    82.5-180.0 180.0   5.0 450.0                            LAT/LON1/LON2/DLON/H
  197  196  202  205  203  205  204  208  209  212  212  214  213  215  214  215
  213  214  210  210  205  205  199  199  193  192  186  186  180  180  176  176
  172  173  171  173  170  174  172  176  175  179  178  183  182  186  186  189
  188  192  190  193  192  194  192  194  192  193  191  193  190  192  190  191
  189  191  189  190  187  189  185  190  197                                   
    80.0-180.0 180.0   5.0 450.0                            LAT/LON1/LON2/DLON/H
  196  191  193  196  197  197  199  202  204  206  208  209  211  211  213  212
  213  210  210  207  206  200  198  192  190  183  181  175  174  167  167  162
  163  159  161  158  161  160  164  163  168  167  172  172  176  176  179  179
  182  181  184  183  186  184  186  184  186  184  185  183  184  182  183  181
  182  180  181  178  180  179  179  184  196                                   
    77.5-180.0 180.0   5.0 450.0                            LAT/LON1/LON2/DLON/H
  186  184  186  189  190  190  194  196  200  201  204  205  208  209  211  211
  211  210  208  206  203  200  196  192  187  182  178  173  169  163  160  157
  154  152  152  152  153  154  157  159  161  163  166  167  170  170  173  172
  174  174  176  176  177  177  177  176  176  176  175  175  175  174  174  174
  174  173  175  173  173  173  170  174  186                                   
    75.0-180.0 180.0   5.0 450.0                            LAT/LON1/LON2/DLON/H
  184  180  184  185  187  187  191  192  196  197  202  204  208  209  212  211
  213  211  211  207  206  201  199  194  191  184  181  175  171  164  162  156
  155  151  152  151  153  154  158  158  161  161  165  164  167  165  168  166
  168  167  169  169  170  169  171  169  170  168  169  167  168  167  168  166
  169  167  170  168  171  170  171  176  184                                   
    72.5-180.0 180.0   5.0 450.0                            LAT/LON1/LON2/DLON/H
  183  183  185  186  186  186  187  190  193  196  200  203  206  208  210  211
  210  210  208  207  204  202  198  197  191  189  182  180  173  169  163  159
  156  154  153  153  154  156  158  159  161  161  162  161  160  159  159  158
  158  158  158  159  159  159  159  160  159  159  158  159  158  160  159  161
  162  165  166  169  170  173  172  177  183                                   
    70.0-180.0 180.0   5.0 450.0                            LAT/LON1/LON2/DLON/H
  192  189  192  192  192  191  192  194  197  200  203  206  209  210  212  212
  213  211  211  209  208  205  203  200  197  192  189  184  180  173  170  164
  162  159  160  159  162  161  164  163  165  163  163  159  158  154  154  151
  152  150  152  151  154  152  155  153  155  153  155  155  157  157  160  160
  164  165  169  171  175  176  178  183  192                                   
    67.5-180.0 180.0   5.0 450.0                            LAT/LON1/LON2/DLON/H
  203  202  202  201  200  197  198  198  201  201  205  206  209  209  211  210
  211  210  210  210  209  208  206  203  200  196  192  189  184  179  176  171
  169  166  167  166  168  167  169  168  168  165  162  157  153  148  146  143
  143  142  143  143  144  145  145  146  146  147  148  150  151  154  157  160
  163  167  171  176  180  184  182  186  203                                   
    65.0-180.0 180.0   5.0 450.0                            LAT/LON1/LON2/DLON/H
  215  211  211  210  208  207  206  208  209  210  212  214  215  215  216  216
  216  216  216  216  215  214  212  210  206  202  199  195  191  187  184  181
  179  177  177  176  177  176  177  175  174  169  166  158  153  148  145  140
  140  138  140  139  142  141  144  142  144  143  148  148  152  154  160  163
  169  172  179  183  188  190  191  194  215                                   
    62.5-180.0 180.0   5.0 450.0                            LAT/LON1/LON2/DLON/H
  222  220  221  220  217  213  213  211  213  211  214  214  217  215  217  215
  218  216  218  216  218  215  216  211  210  205  203  198  196  192  192  186
  187  183  185  181  183  182  182  180  177  172  166  159  152  145  141  136
  134  133  133  134  135  136  137  136  137  138  141  143  148  152  158  164
  169  175  181  187  192  197  196  197  222                                   
    60.0-180.0 180.0   5.0 450.0                            LAT/LON1/LON2/DLON/H
  226  222  222  223  223  221  220  220  219  219  219  220  221  221  221  221
  222  223  222  223  223  221  219  217  215  211  208  204  202  200  200  197
  197  196  196  193  194  192  192  189  186  180  174  165  158  150  145  139
  137  134  135  133  136  134  136  133  136  134  140  141  148  152  161  166
  174  179  187  192  196  201  202  204  226                                   
    57.5-180.0 180.0   5.0 450.0                            LAT/LON1/LON2/DLON/H
  227  226  224  227  226  225  223  223  222  221  221  221  223  220  223  221
  224  222  225  222  224  220  221  217  217  211  211  206  208  204  207  203
  206  202  205  200  202  198  199  196  192  187  180  172  162  155  149  143
  138  135  134  133  132  131  130  129  128  130  134  138  145  151  160  167
  174  180  186  193  197  205  203  204  227                                   
    55.0-180.0 180.0   5.0 450.0                            LAT/LON1/LON2/DLON/H
  229  227  229  231  231  231  230  231  229  229  227  227  226  225  225  225
  226  226  226  225  224  222  221  219  218  215  214  213  214  212  214  213
  215  214  215  211  212  210  210  206  204  197  192  180  172  163  158  150
  145  140  139  134  133  130  130  126  127  126  132  136  145  152  164  171
  179  186  193  198  202  209  210  212  229                                   
    52.5-180.0 180.0   5.0 450.0                            LAT/LON1/LON2/DLON/H
  231  233  234  239  237  239  237  238  235  234  231  230  229  227  227  226
  227  226  226  223  223  219  220  218  220  216  218  216  220  218  222  220
  224  221  223  219  220  217  218  214  212  205  197  188  177  171  162  157
  149  145  139  135  131  129  126  124  122  124  128  134  144  153  166  174
  183  189  195  201  204  214  212  216  231                                   
    50.0-180.0 180.0   5.0 450.0                            LAT/LON1/LON2/DLON/H
  233  235  240  245  246  250  249  250  247  245  240  239  237  235  234  232
  231  229  226  223  222  220  221  222  224  223  226  226  230  230  234  233
  236  233  236  231  233  230  233  226  225  214  208  195  186  176  171  162
  157  149  145  139  137  131  130  126  126  125  130  136  145  157  171  180
  191  198  205  210  214  221  222  225  233                                   
    47.5-180.0 180.0   5.0 450.0                            LAT/LON1/LON2/DLON/H
  240  242  246  255  256  261  261  262  257  254  248  246  243  242  241  237
  235  230  226  222  221  220  223  225  230  229  234  234  240  239  243  242
  243  242  244  243  244  242  243  236  231  222  213  201  189  182  174  169
  160  155  148  144  140  138  134  133  130  131  132  137  146  157  173  184
  197  205  213  218  221  229  226  232  240                                   
    45.0-180.0 180.0   5.0 450.0                            LAT/LON1/LON2/DLON/H
  250  252  258  265  268  273  273  276  271  268  260  259  254  254  251  249
  243  236  230  225  224  225  229  233  238  240  245  247  251  252  253  253
  254  256  260  259  262  258  258  250  245  233  223  208  197  188  181  174
  167  159  154  150  148  144  143  140  140  138  139  143  150  161  176  188
  203  215  225  230  235  238  239  243  250                                   
    42.5-180.0 180.0   5.0 450.0                            LAT/LON1/LON2/DLON/H
  264  266  272  277  282  284  287  287  283  279  272  270  266  266  264  260
  254  243  236  231  231  233  239  243  250  251  257  258  262  262  264  263
  266  268  273  273  275  271  270  261  254  241  229  215  203  197  189  183
  175  168  162  158  156  153  152  150  148  147  144  145  150  161  176  189
  207  219  234  240  244  248  246  252  264                                   
    40.0-180.0 180.0   5.0 450.0                            LAT/LON1/LON2/DLON/H
  275  276  285  287  291  292  295  297  293  292  287  288  284  285  281  278
  269  259  250  244  245  248  254  260  264  268  271  274  276  279  281  283
  287  291  294  295  294  291  287  278  268  254  240  224  213  205  198  192
  184  176  171  168  165  163  162  160  158  155  152  152  155  163  179  190
  209  224  242  251  256  256  258  261  275                                   
    37.5-180.0 180.0   5.0 450.0                            LAT/LON1/LON2/DLON/H
  287  291  296  299  301  300  307  306  306  304  303  303  302  302  300  295
  286  275  266  261  262  266  273  276  282  283  287  290  295  299  304  308
  310  313  315  312  310  305  301  290  281  265  252  236  225  218  211  205
  197  189  183  178  174  169  168  165  162  158  153  151  153  161  177  190
  209  226  245  253  259  263  259  269  287                                   
    35.0-180.0 180.0   5.0 450.0                            LAT/LON1/LON2/DLON/H
  299  298  304  303  304  304  309  314  317  318  319  323  325  326  324  318
  307  296  287  284  285  291  296  302  304  309  314  319  327  333  341  343
  346  346  343  338  333  325  317  305  294  280  269  252  241  231  224  215
  208  198  193  186  183  177  174  169  166  161  156  153  154  162  179  193
  214  231  252  263  271  270  274  277  299                                   
    32.5-180.0 180.0   5.0 450.0                            LAT/LON1/LON2/DLON/H
  306  308  312  314  313  314  321  326  332  333  338  341  349  349  348  338
  327  315  309  305  309  312  319  322  329  332  340  349  358  369  372  377
  374  373  364  355  345  335  324  312  299  289  279  268  256  247  237  228
  218  208  200  194  189  183  179  173  170  162  158  151  152  157  176  192
  216  236  253  263  270  274  274  285  306                                   
    30.0-180.0 180.0   5.0 450.0                            LAT/LON1/LON2/DLON/H
  315  312  319  318  318  320  329  337  345  352  360  367  380  379  377  362
  349  335  329  325  331  334  341  345  354  358  371  377  393  398  406  405
  406  396  385  369  355  340  327  312  301  289  283  272  264  252  241  228
  218  207  201  192  189  180  177  170  168  162  159  155  155  161  180  196
  223  243  262  270  278  282  287  292  315                                   
    27.5-180.0 180.0   5.0 450.0                            LAT/LON1/LON2/DLON/H
  322  323  328  332  333  339  347  356  365  374  387  398  414  414  408  389
  372  357  350  347  353  356  362  366  379  386  401  412  424  430  436  438
  435  422  404  381  360  338  320  303  293  282  278  271  265  255  243  232
  222  213  206  193  186  178  179  175  176  168  169  160  159  160  175  190
  219  242  263  272  281  285  289  299  322                                   
    25.0-180.0 180.0   5.0 450.0                            LAT/LON1/LON2/DLON/H
  332  332  345  348  352  361  373  384  397  408  422  435  452  452  447  424
  404  383  377  371  378  379  388  394  411  422  441  454  469  474  478  474
  464  441  418  388  363  333  312  291  284  274  273  265  263  248  239  226
  222  204  197  182  176  166  165  162  167  168  172  171  164  165  178  191
  222  246  271  282  292  299  305  315  332                                   
    22.5-180.0 180.0   5.0 450.0                            LAT/LON1/LON2/DLON/H
  338  345  356  369  376  392  408  428  440  453  464  478  488  492  481  465
  443  419  410  404  407  408  413  423  439  457  481  496  511  514  508  497
  476  449  420  386  354  322  296  278  271  267  265  264  257  247  236  221
  210  199  188  179  172  167  163  161  163  163  172  168  169  170  178  193
  218  245  271  286  299  306  316  328  338                                   
    20.0-180.0 180.0   5.0 450.0                            LAT/LON1/LON2/DLON/H
  345  351  369  378  393  412  436  457  475  489  499  510  518  520  514  501
  487  466  457  446  447  441  446  452  471  489  515  532  545  538  527  505
  479  443  414  375  341  304  282  263  260  254  260  255  255  237  227  211
  204  194  187  181  175  170  169  167  167  165  168  166  165  167  174  184
  210  230  260  277  296  306  323  339  345                                   
    17.5-180.0 180.0   5.0 450.0                            LAT/LON1/LON2/DLON/H
  344  357  375  390  408  434  459  484  504  521  530  542  547  556  553  547
  537  524  520  509  503  492  489  491  503  519  541  554  560  548  532  504
  475  438  408  372  337  305  284  270  265  265  267  264  254  240  224  213
  202  195  186  181  175  170  170  168  169  167  168  166  164  165  171  180
  197  221  246  270  291  308  327  348  344                                   
    15.0-180.0 180.0   5.0 450.0                            LAT/LON1/LON2/DLON/H
  350  364  387  398  422  443  472  492  518  532  545  558  570  583  586  585
  585  582  583  571  567  545  540  528  539  547  566  570  568  553  532  502
  472  435  407  371  336  305  285  274  272  272  276  263  260  242  233  218
  210  200  192  184  177  174  172  171  171  171  171  166  162  155  157  160
  176  196  225  250  277  297  325  349  350                                   
    12.5-180.0 180.0   5.0 450.0                            LAT/LON1/LON2/DLON/H
  346  368  392  409  430  451  475  496  520  537  552  571  587  608  615  624
  627  637  639  637  629  604  590  571  569  571  575  572  564  544  523  495
  467  437  410  375  345  321  308  299  294  288  287  283  272  260  247  237
  222  209  196  186  176  172  168  167  165  167  164  162  156  150  146  146
  157  177  207  237  267  296  323  352  346                                   
    10.0-180.0 180.0   5.0 450.0                            LAT/LON1/LON2/DLON/H
  354  369  399  412  438  450  476  490  515  527  546  566  585  607  621  637
  650  667  678  678  669  642  625  600  592  582  580  568  556  536  513  486
  462  431  398  371  349  336  327  321  314  306  304  295  287  271  264  249
  235  213  199  185  174  168  165  162  159  155  153  149  144  136  129  126
  136  156  189  220  253  286  317  346  354                                   
     7.5-180.0 180.0   5.0 450.0                            LAT/LON1/LON2/DLON/H
  349  373  403  420  443  457  475  484  503  516  534  555  575  599  616  641
  659  682  693  700  691  669  648  622  604  588  578  564  551  530  508  483
