data/unet/pred1990.15i
     1.0            IONOSPHERE MAPS     GNSS                IONEX VERSION / TYPE
pyspatialgeodesy        IME             05-JAN-18 20:20     PGM / RUN BY / DATE 
Map Name                                                    COMMENT             
Predicted global ionosphere maps (GIM).                     DESCRIPTION         
  2015     7    18     0     0     0                        EPOCH OF FIRST MAP  
  2015     7    19     0     0     0                        EPOCH OF LAST MAP   
  7200                                                      INTERVAL            
    13                                                      # OF MAPS IN FILE   
  NONE                                                      MAPPING FUNCTION    
10.0                                                        ELEVATION CUTOFF    
One-way carrier phase leveled to code                       OBSERVABLES USED    
  6371.0                                                    BASE RADIUS         
 2                                                          MAP DIMENSION       
   450.0 450.0   0.0                                        HGT1 / HGT2 / DHGT  
    87.5 -87.5  -2.5                                        LAT1 / LAT2 / DLAT  
  -180.0 180.0   5.0                                        LON1 / LON2 / DLON  
    -1                                                      EXPONENT            
                                                            END OF HEADER       
[from data line 3861]
    10                                                      START OF TEC MAP    
  2015     7    18    18     0     0                        EPOCH OF CURRENT MAP
    87.5-180.0 180.0   5.0 450.0                            LAT/LON1/LON2/DLON/H
  194  170  167  170  170  169  171  170  172  171  172  171  173  171  173  171
  173  171  172  169  170  167  168  164  166  162  163  160  161  158  159  156
  157  155  156  155  156  155  156  155  156  155  157  156  157  156  157  156
  157  156  156  155  155  153  154  152  154  152  153  152  155  153  156  154
  158  157  161  159  161  160  172  174  194                                   
    85.0-180.0 180.0   5.0 450.0                            LAT/LON1/LON2/DLON/H
  158  160  161  168  167  170  169  172  171  174  171  174  172  174  172  174
  172  174  171  172  169  170  166  167  164  164  161  161  158  158  155  155
  153  154  152  154  152  154  152  154  152  155  153  156  153  156  152  155
  152  155  151  153  150  152  148  151  148  151  147  150  148  152  149  152
  151  155  154  156  155  154  164  170  158                                   
    82.5-180.0 180.0   5.0 450.0                            LAT/LON1/LON2/DLON/H
  154  153  158  161  164  165  167  168  171  171  173  172  175  174  176  174
  176  174  175  173  174  171  171  167  167  164  163  159  159  155  154  151
  151  149  149  147  148  147  147  147  148  148  149  149  150  149  150  149
  149  148  149  147  148  146  147  144  146  143  144  142  144  142  144  142
  145  144  146  144  148  142  149  151  154                                   
    80.0-180.0 180.0   5.0 450.0                            LAT/LON1/LON2/DLON/H
  147  151  151  156  159  161  164  165  168  169  170  170  172  172  173  172
  173  172  172  171  170  169  167  166  164  162  158  156  152  151  146  145
  142  142  139  141  139  142  141  143  143  145  145  146  147  148  147  148
  147  147  147  146  146  145  144  142  142  140  139  138  137  137  136  136
  136  137  137  138  138  136  140  144  147                                   
    77.5-180.0 180.0   5.0 450.0                            LAT/LON1/LON2/DLON/H
  139  143  145  146  151  153  158  158  161  161  164  163  165  165  166  166
  167  166  167  166  167  165  166  163  162  158  157  152  150  145  143  139
  138  136  137  135  138  137  140  139  142  141  143  142  143  142  144  141
  143  141  143  140  142  139  140  137  137  133  134  130  132  129  131  128
  130  128  131  128  131  126  130  135  139                                   
    75.0-180.0 180.0   5.0 450.0                            LAT/LON1/LON2/DLON/H
  134  138  139  144  147  149  152  153  155  156  158  158  159  159  160  160
  161  161  163  164  165  166  166  166  164  162  158  155  150  147  142  139
  136  136  135  136  137  139  140  142  143  143  143  143  142  142  141  140
  140  140  140  139  138  137  135  133  130  130  127  127  125  125  124  125
  125  126  126  126  127  125  127  135  134                                   
    72.5-180.0 180.0   5.0 450.0                            LAT/LON1/LON2/DLON/H
  135  136  141  140  145  145  149  149  151  151  153  153  154  154  155  155
  156  156  158  160  161  163  165  165  164  163  160  157  152  147  143  138
  136  134  136  136  140  141  145  144  146  145  145  141  142  138  139  135
  138  134  138  134  135  131  132  128  127  123  123  120  121  119  121  120
  123  122  125  124  128  123  128  134  135                                   
    70.0-180.0 180.0   5.0 450.0                            LAT/LON1/LON2/DLON/H
  138  140  141  143  146  146  148  148  150  150  151  152  152  152  153  152
  153  153  155  157  160  162  165  166  166  165  163  158  154  149  144  139
  137  136  137  139  141  145  147  149  148  148  145  142  140  137  136  134
  135  135  136  135  133  132  129  127  123  122  119  119  118  120  119  122
  122  125  125  128  130  128  130  139  138                                   
    67.5-180.0 180.0   5.0 450.0                            LAT/LON1/LON2/DLON/H
  146  144  148  145  148  147  150  149  150  150  152  152  153  152  152  151
  151  150  151  153  156  158  162  163  164  163  162  158  154  149  144  139
  137  136  139  140  145  148  152  151  153  149  149  142  140  136  136  133
  136  134  137  134  135  130  130  125  122  119  118  117  118  117  121  122
  125  126  130  131  135  132  136  141  146                                   
    65.0-180.0 180.0   5.0 450.0                            LAT/LON1/LON2/DLON/H
  153  152  151  153  153  152  152  151  153  153  156  156  158  157  156  154
  153  151  152  152  155  157  160  163  163  163  161  158  155  150  146  142
  139  139  141  143  146  151  153  155  153  152  148  143  139  137  136  135
  137  138  138  138  135  133  129  126  121  119  116  117  116  120  120  125
  126  130  131  135  137  136  139  147  153                                   
    62.5-180.0 180.0   5.0 450.0                            LAT/LON1/LON2/DLON/H
  158  156  158  156  158  155  156  155  156  156  159  160  162  161  161  157
  156  152  153  151  154  154  158  158  161  158  160  156  154  150  148  144
  142  142  144  145  151  153  158  157  158  154  152  147  144  140  140  139
  142  141  143  140  139  133  130  124  120  116  115  114  116  117  121  123
  127  130  134  136  140  138  144  148  158                                   
    60.0-180.0 180.0   5.0 450.0                            LAT/LON1/LON2/DLON/H
  158  160  158  161  161  160  159  158  159  160  163  165  167  167  166  164
  161  157  155  154  153  155  155  157  156  157  156  155  154  152  151  149
  148  147  148  150  153  157  159  161  160  159  155  151  148  145  144  145
  146  146  145  143  138  134  128  123  119  116  113  114  114  116  117  121
  123  129  130  135  137  138  143  149  158                                   
    57.5-180.0 180.0   5.0 450.0                            LAT/LON1/LON2/DLON/H
  156  160  162  161  163  161  161  159  161  161  166  167  170  169  170  166
  165  159  158  154  154  152  154  152  154  152  155  154  156  155  157  155
  155  153  155  155  160  161  166  166  169  166  165  160  157  153  152  150
  152  150  149  143  139  131  126  120  117  113  112  110  111  110  113  114
  117  121  126  131  134  134  142  146  156                                   
    55.0-180.0 180.0   5.0 450.0                            LAT/LON1/LON2/DLON/H
  150  160  160  165  166  165  164  162  164  164  167  168  170  171  172  170
  168  164  160  157  154  153  152  152  152  152  154  157  159  162  164  164
  163  161  162  162  164  168  170  175  175  176  172  168  164  161  159  158
  157  155  149  144  136  130  123  118  114  113  111  110  108  109  107  108
  109  113  117  123  127  130  138  144  150                                   
    52.5-180.0 180.0   5.0 450.0                            LAT/LON1/LON2/DLON/H
  147  158  162  164  169  168  169  166  169  168  171  170  172  171  173  170
  170  165  163  157  155  152  152  150  152  152  157  159  165  167  172  171
  172  170  172  170  174  175  181  184  187  187  184  180  174  170  167  165
  162  158  152  143  136  126  121  115  115  112  112  109  108  105  103  101
  102  105  109  117  121  125  135  140  147                                   
    50.0-180.0 180.0   5.0 450.0                            LAT/LON1/LON2/DLON/H
  145  159  161  169  174  176  176  175  175  174  173  172  171  171  171  171
  171  168  165  161  157  155  154  153  154  157  161  166  171  175  178  179
  179  178  177  178  180  185  189  193  195  196  191  187  181  177  172  170
  165  161  152  144  134  126  121  117  117  116  116  114  111  108  102   99
   98  100  104  111  117  122  133  140  145                                   
    47.5-180.0 180.0   5.0 450.0                            LAT/LON1/LON2/DLON/H
  147  158  166  172  180  183  187  186  187  184  183  177  176  172  174  172
  173  169  168  163  160  156  157  156  159  160  167  171  177  180  184  184
  186  184  188  188  193  196  202  205  205  206  199  196  187  183  177  174
  169  163  154  145  135  126  122  118  120  120  121  119  116  110  104  100
   98  100  103  110  115  121  133  140  147                                   
    45.0-180.0 180.0   5.0 450.0                            LAT/LON1/LON2/DLON/H
  149  164  168  179  189  194  199  200  200  198  192  187  180  176  175  175
  175  173  172  167  165  163  163  163  165  168  173  178  182  184  187  187
  189  190  194  198  202  207  212  215  214  214  206  201  192  187  180  177
  170  165  154  146  136  130  125  123  125  126  127  125  123  118  111  107
  103  103  106  112  117  123  136  146  149                                   
    42.5-180.0 180.0   5.0 450.0                            LAT/LON1/LON2/DLON/H
  152  163  173  183  195  203  211  213  216  213  208  199  192  183  182  179
  181  179  179  174  173  169  171  169  173  174  180  183  186  187  190  190
  195  199  207  211  218  223  227  230  225  225  213  208  196  191  182  179
  172  167  157  149  140  134  130  129  131  131  134  132  131  126  120  115
  111  111  112  116  120  124  138  149  152                                   
    40.0-180.0 180.0   5.0 450.0                            LAT/LON1/LON2/DLON/H
  153  168  174  188  201  211  220  224  227  229  221  215  202  196  189  189
  188  188  188  184  183  180  181  180  182  183  187  190  191  191  192  195
  202  211  220  229  235  241  243  244  237  234  223  214  202  194  186  182
  175  172  162  156  148  143  138  137  137  138  140  138  138  134  130  126
  121  121  120  122  126  129  142  155  153                                   
    37.5-180.0 180.0   5.0 450.0                            LAT/LON1/LON2/DLON/H
  154  165  176  188  202  213  225  230  236  239  235  229  217  209  202  200
  200  199  199  196  196  193  194  192  194  194  198  199  202  200  203  208
  221  233  246  255  263  266  268  264  256  248  235  225  211  203  194  189
  182  178  171  166  160  154  149  146  145  144  145  145  144  142  139  135
  131  129  126  128  127  128  145  156  154                                   
    35.0-180.0 180.0   5.0 450.0                            LAT/LON1/LON2/DLON/H
  151  166  172  187  201  213  223  232  238  247  244  241  229  223  213  214
  212  215  212  211  209  207  207  207  208  209  212  214  216  218  224  235
  250  267  280  290  293  296  290  282  269  259  247  235  221  212  203  196
  189  183  178  173  169  164  159  154  150  147  147  147  148  146  145  143
  138  138  133  132  131  133  145  157  151                                   
    32.5-180.0 180.0   5.0 450.0                            LAT/LON1/LON2/DLON/H
  149  161  170  183  197  210  223  230  240  247  249  248  240  234  226  227
  227  229  227  226  225  224  224  224  226  228  233  239  244  250  259  274
  293  310  322  328  330  327  317  304  289  275  260  247  233  222  213  204
  196  189  184  179  177  172  166  158  154  149  149  149  150  149  147  145
  142  140  133  132  128  128  144  152  149                                   
    30.0-180.0 180.0   5.0 450.0                            LAT/LON1/LON2/DLON/H
  143  157  163  176  190  205  216  227  235  246  249  254  248  245  238  240
  238  242  240  242  241  241  241  243  246  251  258  266  273  284  296  316
  336  351  358  360  355  347  333  318  301  285  271  257  243  231  220  209
  200  191  187  184  182  177  171  161  155  148  148  145  149  146  147  144
  143  141  134  131  126  128  139  148  143                                   
    27.5-180.0 180.0   5.0 450.0                            LAT/LON1/LON2/DLON/H
  140  153  161  171  186  200  215  225  236  245  254  259  257  255  249  251
  250  254  253  256  255  257  259  263  268  276  286  299  309  321  337  356
  375  384  388  383  372  360  343  328  307  291  274  261  247  234  221  208
  195  186  182  179  177  173  168  159  154  148  148  148  147  147  144  142
  140  138  132  129  123  122  136  142  140                                   
    25.0-180.0 180.0   5.0 450.0                            LAT/LON1/LON2/DLON/H
  136  148  154  167  178  195  208  225  234  249  258  267  268  266  264  264
  265  267  268  269  271  272  276  282  290  301  314  329  341  356  370  389
  405  414  410  399  381  365  343  328  305  292  275  266  249  236  218  203
  187  177  171  169  167  165  161  154  149  144  146  143  146  139  140  132
  135  131  129  126  122  123  135  140  136                                   
    22.5-180.0 180.0   5.0 450.0                            LAT/LON1/LON2/DLON/H
  134  145  153  162  177  192  209  226  239  251  264  273  280  280  279  281
  279  282  281  284  286  289  294  301  311  326  339  355  368  382  397  413
  429  431  423  404  384  361  341  321  300  285  270  259  244  229  211  194
  175  163  155  153  151  150  151  149  146  143  143  143  142  139  134  130
  127  126  124  124  122  120  132  135  134                                   
    20.0-180.0 180.0   5.0 450.0                            LAT/LON1/LON2/DLON/H
  138  149  156  170  180  195  210  229  240  256  266  280  289  295  297  296
  299  298  300  298  303  305  312  320  332  346  360  376  388  402  413  429
  437  437  421  399  373  349  326  308  286  274  260  253  236  223  202  185
  164  151  142  141  137  140  140  144  144  142  143  139  141  134  132  122
  124  118  123  123  123  124  134  136  138                                   
    17.5-180.0 180.0   5.0 450.0                            LAT/LON1/LON2/DLON/H
  138  148  159  170  183  197  214  233  247  263  275  285  299  305  312  311
  315  313  317  316  322  324  332  341  350  365  377  392  405  413  425  432
  438  429  414  388  364  339  317  298  276  263  252  243  230  217  196  178
  156  143  133  131  129  134  138  141  141  141  141  139  137  134  127  120
  115  112  114  117  119  116  128  133  138                                   
    15.0-180.0 180.0   5.0 450.0                            LAT/LON1/LON2/DLON/H
  143  155  166  182  192  206  223  242  256  272  281  293  304  315  323  327
  331  331  332  331  338  342  352  361  370  385  393  406  413  423  423  429
  425  417  397  372  348  325  305  285  267  253  244  234  223  209  190  169
  149  134  125  120  119  124  130  138  140  142  140  137  136  129  124  114
  112  106  112  114  116  118  126  133  143                                   
    12.5-180.0 180.0   5.0 450.0                            LAT/LON1/LON2/DLON/H
  139  149  166  179  193  205  225  243  261  276  287  297  310  322  334  341
  347  347  348  348  354  360  369  379  389  400  407  414  422  423  425  421
  417  402  385  362  343  327  309  292  272  258  245  237  223  209  188  170
  149  136  123  118  116  123  130  140  141  143  138  135  131  128  120  112
  105  101  101  104  104  104  113  126  139                                   
    10.0-180.0 180.0   5.0 450.0                            LAT/LON1/LON2/DLON/H
  135  149  169  187  199  215  232  250  266  280  288  298  307  322  333  347
  352  358  357  360  364  375  382  398  404  414  416  425  424  426  418  415
  404  390  372  352  339  324  309  290  275  257  246  235  224  206  188  166
  149  132  122  115  115  121  130  138  141  141  136  132  127  121  117  108
  104   96   99   98   98   98  104  116  135                                   
     7.5-180.0 180.0   5.0 450.0                            LAT/LON1/LON2/DLON/H
  124  140  161  183  198  214  231  248  264  276  286  296  307  320  333  347
  356  363  364  368  373  384  394  407  415  422  427  428  432  425  423  411
