data/unet/pred3550.15i
     1.0            IONOSPHERE MAPS     GNSS                IONEX VERSION / TYPE
pyspatialgeodesy        IME             05-JAN-18 20:20     PGM / RUN BY / DATE 
Map Name                                                    COMMENT             
Predicted global ionosphere maps (GIM).                     DESCRIPTION         
  2015    12    21     0     0     0                        EPOCH OF FIRST MAP  
  2015    12    22     0     0     0                        EPOCH OF LAST MAP   
  7200                                                      INTERVAL            
    13                                                      # OF MAPS IN FILE   
  NONE                                                      MAPPING FUNCTION    
10.0                                                        ELEVATION CUTOFF    
One-way carrier phase leveled to code                       OBSERVABLES USED    
  6371.0                                                    BASE RADIUS         
 2                                                          MAP DIMENSION       
   450.0 450.0   0.0                                        HGT1 / HGT2 / DHGT  
    87.5 -87.5  -2.5                                        LAT1 / LAT2 / DLAT  
  -180.0 180.0   5.0                                        LON1 / LON2 / DLON  
    -1                                                      EXPONENT            
                                                            END OF HEADER       
[from data line 1287]
     4                                                      START OF TEC MAP    
  2015    12    21     6     0     0                        EPOCH OF CURRENT MAP
    87.5-180.0 180.0   5.0 450.0                            LAT/LON1/LON2/DLON/H
   30   67   61   57   60   57   62   61   65   65   68   68   70   69   71   70
   71   71   71   71   69   71   67   68   65   66   64   63   62   62   62   61
   62   61   63   60   64   60   64   59   64   59   64   57   63   57   62   56
   62   57   61   56   61   56   60   55   59   55   58   53   57   53   56   51
   55   51   55   53   58   50   71   32   30                                   
    85.0-180.0 180.0   5.0 450.0                            LAT/LON1/LON2/DLON/H
   63   67   63   60   66   64   66   67   69   70   71   75   73   77   73   78
   73   77   73   76   70   74   69   71   66   68   64   65   61   63   61   61
   61   61   62   60   63   61   64   63   65   63   66   64   66   64   65   64
   65   64   64   64   63   64   62   64   63   63   62   62   61   60   60   59
   60   57   60   58   61   51   71   62   63                                   
    82.5-180.0 180.0   5.0 450.0                            LAT/LON1/LON2/DLON/H
   59   64   58   61   60   64   66   68   72   71   75   73   76   69   73   64
   69   62   65   60   63   59   60   56   56   54   54   50   51   48   51   48
   51   47   53   48   54   49   55   50   56   52   56   52   57   53   58   54
   59   54   59   55   60   56   60   57   60   56   59   55   58   53   55   51
   52   49   51   48   49   43   55   54   59                                   
    80.0-180.0 180.0   5.0 450.0                            LAT/LON1/LON2/DLON/H
   63   56   56   54   57   59   62   67   69   74   76   80   77   80   73   76
   65   71   59   64   52   58   50   51   45   46   44   43   42   43   44   46
   46   48   48   51   49   54   51   56   52   58   54   59   56   59   57   60
   59   63   61   65   64   67   65   68   66   67   65   66   63   62   60   58
   57   55   55   54   51   43   47   50   63                                   
    77.5-180.0 180.0   5.0 450.0                            LAT/LON1/LON2/DLON/H
   56   56   51   53   54   57   58   66   66   73   71   78   74   77   73   73
   68   67   61   60   51   53   45   48   39   43   37   40   36   39   38   40
   41   43   46   46   49   47   50   48   50   49   52   50   53   52   55   55
   59   59   63   65   68   70   72   73   75   74   74   72   71   69   66   63
   62   58   59   55   52   44   52   53   56                                   
    75.0-180.0 180.0   5.0 450.0                            LAT/LON1/LON2/DLON/H
   63   55   53   50   51   55   55   65   66   75   74   80   77   79   74   72
   65   62   55   51   45   43   41   38   38   37   39   37   40   40   44   44
   47   47   49   50   49   52   48   52   46   52   46   52   46   54   49   58
   56   65   65   73   74   80   80   85   84   86   82   84   78   79   72   74
   65   68   61   64   55   50   52   56   63                                   
    72.5-180.0 180.0   5.0 450.0                            LAT/LON1/LON2/DLON/H
   56   52   49   46   49   49   53   57   60   65   68   70   70   70   70   67
   61   59   50   47   37   40   33   35   31   35   34   38   38   41   42   43
   45   46   49   48   50   49   52   49   52   49   51   49   52   52   56   59
   65   69   75   81   86   91   93   97   96   96   93   92   89   86   83   78
   75   69   69   63   61   51   59   58   56                                   
    70.0-180.0 180.0   5.0 450.0                            LAT/LON1/LON2/DLON/H
   64   56   47   44   43   48   45   56   53   63   61   69   65   72   65   66
   56   54   44   39   33   34   30   32   31   36   36   41   43   45   46   47
   49   47   48   47   48   49   48   48   48   48   47   48   50   53   57   64
   70   77   85   93  101  104  111  111  115  111  110  104  103   96   93   86
   81   77   72   69   65   56   57   64   64                                   
    67.5-180.0 180.0   5.0 450.0                            LAT/LON1/LON2/DLON/H
   58   52   47   42   45   42   45   47   51   53   58   60   62   64   61   63
   55   56   43   43   32   35   30   33   34   38   41   47   46   52   49   53
   50   51   49   48   46   46   43   44   43   45   45   49   53   58   65   72
   84   93  104  112  122  127  130  132  131  131  124  122  115  109  102   95
   91   84   82   74   72   62   66   68   58                                   
    65.0-180.0 180.0   5.0 450.0                            LAT/LON1/LON2/DLON/H
   67   58   46   41   43   43   41   49   45   54   52   60   59   65   61   64
   57   58   48   48   39   43   40   46   44   52   48   59   53   60   54   55
   53   49   47   43   42   40   39   40   39   42   43   49   55   61   71   79
   95  102  118  123  138  137  145  142  148  139  143  132  134  121  119  106
  102   91   87   78   72   64   66   73   67                                   
    62.5-180.0 180.0   5.0 450.0                            LAT/LON1/LON2/DLON/H
   59   54   47   42   45   41   45   46   50   49   55   55   60   61   63   65
   61   61   54   53   45   44   42   43   48   49   53   57   57   59   53   56
   51   49   46   44   41   40   37   39   37   42   41   51   54   66   75   92
  104  117  128  139  149  153  156  156  157  156  152  150  143  139  131  121
  113  102   95   86   78   71   74   78   59                                   
    60.0-180.0 180.0   5.0 450.0                            LAT/LON1/LON2/DLON/H
   69   60   48   40   47   39   44   43   43   46   45   51   51   59   58   66
   62   68   61   64   56   59   55   59   56   60   57   62   56   57   52   50
   50   43   44   37   38   33   36   33   39   39   50   54   69   74   93  100
  120  124  143  144  162  159  167  165  170  166  167  163  166  158  155  143
  134  121  108   97   85   76   77   78   69                                   
    57.5-180.0 180.0   5.0 450.0                            LAT/LON1/LON2/DLON/H
   65   59   49   46   48   41   46   43   46   43   47   45   51   51   57   58
   61   60   60   59   57   54   54   50   53   49   54   51   50   48   44   45
   42   41   38   36   33   32   30   35   37   48   53   69   77   95  103  117
  127  139  149  157  167  171  176  176  181  179  179  178  179  176  171  161
  151  136  123  108   94   87   88   84   65                                   
    55.0-180.0 180.0   5.0 450.0                            LAT/LON1/LON2/DLON/H
   72   61   46   37   46   34   43   37   41   39   40   42   43   49   51   60
   58   66   60   63   57   56   55   53   50   50   47   48   42   41   36   37
   37   36   36   34   32   33   35   38   46   54   68   79   96  105  118  125
  140  146  160  165  178  180  185  187  190  190  193  193  198  195  190  179
  168  156  140  124  107   94   93   84   72                                   
    52.5-180.0 180.0   5.0 450.0                            LAT/LON1/LON2/DLON/H
   79   66   49   43   42   35   39   35   39   35   38   36   43   43   51   51
   54   54   55   51   52   49   51   46   47   42   44   38   38   34   33   33
   34   34   35   33   32   31   34   37   48   57   72   88  105  117  129  141
  152  163  175  184  192  195  198  199  201  201  203  205  210  208  206  196
  183  165  151  136  120  107  107   90   79                                   
    50.0-180.0 180.0   5.0 450.0                            LAT/LON1/LON2/DLON/H
   87   72   48   41   42   34   39   35   38   33   35   34   39   45   45   54
   47   57   45   52   44   47   44   43   41   42   39   38   34   32   29   30
   31   34   36   38   37   40   40   48   55   73   82  105  114  133  141  156
  167  181  192  199  206  209  208  209  208  209  210  213  217  217  214  204
  191  175  162  149  136  121  115   98   87                                   
    47.5-180.0 180.0   5.0 450.0                            LAT/LON1/LON2/DLON/H
  103   85   61   51   48   42   44   38   41   35   35   35   40   42   47   49
   47   48   46   43   44   43   42   39   41   41   43   40   39   35   32   32
   35   37   42   43   46   46   52   56   68   80   98  111  126  142  159  174
  189  200  211  217  221  222  220  217  215  213  214  216  219  218  215  209
  195  180  168  156  144  132  128  107  103                                   
    45.0-180.0 180.0   5.0 450.0                            LAT/LON1/LON2/DLON/H
  111   94   69   65   57   53   51   50   49   45   44   44   46   49   48   54
   46   51   40   45   37   44   44   45   48   52   53   49   47   40   37   37
   39   43   48   52   52   59   60   71   78   99  108  129  136  157  173  194
  206  218  225  233  233  236  229  228  219  219  213  215  214  214  208  201
  191  178  169  158  150  136  131  118  111                                   
    42.5-180.0 180.0   5.0 450.0                            LAT/LON1/LON2/DLON/H
  125  102   82   72   66   61   58   55   55   52   49   53   53   54   57   54
   50   46   44   41   40   42   47   48   54   58   61   57   54   47   40   38
   40   45   52   56   60   68   75   86  100  117  133  143  158  172  192  209
  224  230  238  240  244  241  239  228  224  215  211  207  207  204  197  191
  180  174  165  158  150  139  137  121  125                                   
    40.0-180.0 180.0   5.0 450.0                            LAT/LON1/LON2/DLON/H
  131  104   82   81   74   74   67   70   64   68   63   68   69   68   68   65
   58   54   48   48   45   51   57   63   69   76   77   72   66   58   49   49
   47   54   58   64   67   78   84   97  109  128  140  153  167  182  203  221
  232  241  242  249  246  251  241  239  223  218  202  202  197  200  191  187
  180  175  171  161  155  139  139  127  131                                   
    37.5-180.0 180.0   5.0 450.0                            LAT/LON1/LON2/DLON/H
  135  103   96   83   83   76   79   75   79   75   78   78   84   82   88   79
   78   70   70   68   67   65   73   73   79   85   87   79   74   62   54   50
   50   53   59   64   70   81   90  107  120  139  154  167  182  196  216  232
  245  248  255  255  259  257  256  247  238  222  209  202  204  204  201  200
  192  188  179  168  158  139  138  124  135                                   
    35.0-180.0 180.0   5.0 450.0                            LAT/LON1/LON2/DLON/H
  138  104   89   81   82   74   81   79   83   84   84   87   94   91   96   87
   89   81   80   77   72   77   78   86   88   94   92   88   76   73   58   60
   55   62   63   70   75   87  100  114  133  148  165  172  189  202  221  236
  248  256  258  266  265  274  270  273  259  251  227  227  222  231  228  233
  228  222  210  191  174  151  147  132  138                                   
    32.5-180.0 180.0   5.0 450.0                            LAT/LON1/LON2/DLON/H
  145  103  102   85   89   79   86   85   93   93  101   99  115  110  121  109
  117  107  112  102   98   89   92   88   89   93   92   86   80   72   65   62
   62   62   68   69   80   88  102  120  139  159  176  185  198  210  227  240
  253  258  266  271  280  291  300  303  302  293  274  273  266  276  269  275
  268  265  251  222  197  164  159  135  145                                   
    30.0-180.0 180.0   5.0 450.0                            LAT/LON1/LON2/DLON/H
  153  111  104   85   87   76   81   75   85   84   92   98  107  110  117  113
  121  119  123  123  106  108   97  102   94  102   92   94   76   81   67   73
   66   69   70   76   83   93  109  128  152  168  187  192  205  215  229  244
  256  264  273  284  295  317  330  346  346  346  326  332  327  340  329  337
  324  324  304  275  238  199  183  160  153                                   
    27.5-180.0 180.0   5.0 450.0                            LAT/LON1/LON2/DLON/H
  177  129  124   96   97   82   85   79   90   93  104  110  121  121  129  123
  133  130  138  131  121  107  101   95   93   96   93   89   83   80   80   75
   79   73   79   80   89   95  113  131  158  177  193  203  212  223  236  249
  265  272  288  297  316  338  359  376  388  390  381  379  379  392  385  392
  385  383  363  328  284  236  210  184  177                                   
    25.0-180.0 180.0   5.0 450.0                            LAT/LON1/LON2/DLON/H
  199  151  147  116  109   93   88   81   82   87   93  102  110  116  122  124
  130  134  133  133  114  114  102  108  102  108  101  100   92   96   90   90
   86   84   83   86   93  104  120  143  166  189  202  211  220  231  245  257
  274  284  299  312  332  362  387  415  433  439  433  435  437  445  433  441
  432  435  415  386  338  292  256  234  199                                   
    22.5-180.0 180.0   5.0 450.0                            LAT/LON1/LON2/DLON/H
  244  189  180  147  135  110  105   89   95   91  102  105  116  116  123  120
  125  123  125  119  111  102  102  102  110  112  115  107  110  103  110   99
  101   90   90   86   96  105  124  142  172  193  211  221  231  242  257  269
  288  298  317  329  356  384  419  450  479  493  490  488  496  495  489  482
  476  470  460  432  390  354  302  286  244                                   
    20.0-180.0 180.0   5.0 450.0                            LAT/LON1/LON2/DLON/H
  283  229  219  183  177  153  143  124  114  116  108  117  116  121  119  120
  119  116  114  112  101  108  104  118  124  132  130  126  120  119  117  113
  110   98   95   88   99  112  130  158  180  204  218  232  245  255  270  284
  301  317  332  350  376  410  446  486  517  533  528  534  533  540  530  527
  515  509  493  469  432  405  357  340  283                                   
    17.5-180.0 180.0   5.0 450.0                            LAT/LON1/LON2/DLON/H
  334  277  256  226  209  185  179  152  143  132  131  125  130  123  127  120
  117  108  107  100  101  103  113  123  143  144  152  141  140  131  129  119
  113   98   92   85   98  108  134  160  190  214  233  251  265  276  292  307
  326  341  359  380  406  437  474  518  548  567  564  563  562  562  551  544
  534  527  516  493  463  440  400  378  334                                   
    15.0-180.0 180.0   5.0 450.0                            LAT/LON1/LON2/DLON/H
  373  335  302  264  247  228  224  201  197  181  167  163  144  146  133  133
  120  116  109  110  106  120  124  147  156  168  165  156  152  141  141  125
  121   99   97   87  101  115  140  174  198  224  243  267  282  296  311  331
  348  368  385  415  434  468  494  532  555  573  570  568  566  558  552  541
  537  528  522  503  484  465  438  413  373                                   
    12.5-180.0 180.0   5.0 450.0                            LAT/LON1/LON2/DLON/H
  403  373  345  311  281  268  260  248  238  216  206  183  173  159  154  145
  136  127  123  121  124  131  146  160  183  185  187  172  163  149  141  128
  116  100   96   88  103  114  148  179  212  237  258  286  302  324  336  357
  372  396  415  446  465  488  510  532  550  561  560  556  555  543  535  522
  518  516  514  500  487  475  453  430  403                                   
    10.0-180.0 180.0   5.0 450.0                            LAT/LON1/LON2/DLON/H
  422  389  365  331  299  289  286  289  280  268  249  228  209  198  183  183
  167  161  152  152  151  161  169  184  197  195  193  174  166  148  145  125
  120   98   99   86  103  119  152  188  212  241  256  290  306  333  349  372
  387  413  434  460  480  493  511  519  536  541  544  534  533  519  508  497
  492  491  491  481  475  470  462  437  422                                   
     7.5-180.0 180.0   5.0 450.0                            LAT/LON1/LON2/DLON/H
  421  395  374  344  311  306  303  316  308  302  279  254  237  218  216  208
  202  191  187  184  190  193  204  209  220  212  203  182  167  151  140  129
