data/unet/pred1590.15i
     1.0            IONOSPHERE MAPS     GNSS                IONEX VERSION / TYPE
pyspatialgeodesy        IME             05-JAN-18 20:20     PGM / RUN BY / DATE 
Map Name                                                    COMMENT             
Predicted global ionosphere maps (GIM).                     DESCRIPTION         
  2015     6     8     0     0     0                        EPOCH OF FIRST MAP  
  2015     6     9     0     0     0                        EPOCH OF LAST MAP   
  7200                                                      INTERVAL            
    13                                                      # OF MAPS IN FILE   
  NONE                                                      MAPPING FUNCTION    
10.0                                                        ELEVATION CUTOFF    
One-way carrier phase leveled to code                       OBSERVABLES USED    
  6371.0                                                    BASE RADIUS         
 2                                                          MAP DIMENSION       
   450.0 450.0   0.0                                        HGT1 / HGT2 / DHGT  
    87.5 -87.5  -2.5                                        LAT1 / LAT2 / DLAT  
  -180.0 180.0   5.0                                        LON1 / LON2 / DLON  
    -1                                                      EXPONENT            
                                                            END OF HEADER       
[from data line 1716]
     5                                                      START OF TEC MAP    
  2015     6     8     8     0     0                        EPOCH OF CURRENT MAP
    87.5-180.0 180.0   5.0 450.0                            LAT/LON1/LON2/DLON/H
  163  172  182  180  179  176  175  173  174  171  171  168  170  166  167  163
  167  165  169  168  174  175  180  181  186  186  189  189  191  190  192  191
  193  192  193  191  192  189  189  186  186  182  181  179  179  176  175  172
  172  170  169  167  167  165  165  163  165  163  164  163  164  163  164  164
  166  166  168  170  173  170  176  162  163                                   
    85.0-180.0 180.0   5.0 450.0                            LAT/LON1/LON2/DLON/H
  174  177  175  180  176  171  171  168  170  167  167  166  166  165  164  165
  165  167  167  171  173  176  180  181  187  187  192  190  193  191  194  191
  195  192  194  190  193  188  189  183  185  179  179  173  175  171  170  168
  168  166  165  164  165  164  162  162  162  162  161  161  161  161  160  161
  162  163  164  166  169  168  178  167  174                                   
    82.5-180.0 180.0   5.0 450.0                            LAT/LON1/LON2/DLON/H
  184  176  176  177  174  171  171  169  171  169  168  168  168  168  167  167
  167  168  168  170  172  174  177  180  183  186  188  189  190  192  191  192
  194  193  193  191  192  189  188  185  185  182  181  179  180  178  177  176
  176  175  175  174  174  174  172  171  170  169  168  167  167  165  164  164
  165  165  165  167  170  168  170  172  184                                   
    80.0-180.0 180.0   5.0 450.0                            LAT/LON1/LON2/DLON/H
  194  176  177  177  177  175  176  174  176  172  173  172  174  172  171  171
  170  170  170  171  172  174  175  178  180  182  184  185  187  187  190  190
  194  192  194  193  196  193  194  192  193  190  189  190  190  190  190  190
  192  191  191  192  192  191  189  188  187  184  182  181  180  177  175  174
  174  172  172  172  176  174  175  179  194                                   
    77.5-180.0 180.0   5.0 450.0                            LAT/LON1/LON2/DLON/H
  196  186  180  179  179  178  179  177  177  174  175  173  173  172  171  171
  170  171  171  173  173  174  175  176  178  179  180  183  185  188  190  194
  197  198  201  202  205  203  205  204  205  204  205  205  207  207  209  209
  210  209  211  210  210  208  207  206  204  201  199  198  195  192  189  187
  185  182  181  177  181  176  181  175  196                                   
    75.0-180.0 180.0   5.0 450.0                            LAT/LON1/LON2/DLON/H
  197  179  180  178  180  178  179  177  177  175  174  173  171  171  169  171
  169  172  172  175  173  175  174  174  174  175  176  178  182  185  189  194
  200  202  206  210  211  212  212  212  213  213  214  216  218  220  221  222
  222  222  222  222  221  220  218  218  215  215  212  212  207  206  201  199
  194  193  187  187  187  180  186  185  197                                   
    72.5-180.0 180.0   5.0 450.0                            LAT/LON1/LON2/DLON/H
  205  191  182  182  181  178  179  175  174  171  171  167  168  165  167  167
  168  170  173  174  175  174  173  172  170  171  172  176  179  185  190  198
  206  213  218  222  225  226  227  226  229  228  231  231  235  235  239  236
  238  235  236  232  233  227  227  223  223  221  221  219  218  215  213  208
  207  201  199  193  194  187  191  186  205                                   
    70.0-180.0 180.0   5.0 450.0                            LAT/LON1/LON2/DLON/H
  209  188  185  181  183  176  178  172  173  167  169  164  167  164  167  166
  167  169  171  173  171  172  170  169  168  167  169  172  178  184  191  201
  211  218  224  230  233  234  234  235  236  236  237  239  242  243  243  243
  242  239  237  234  231  227  224  222  222  222  222  223  223  222  220  218
  215  211  206  202  202  193  199  201  209                                   
    67.5-180.0 180.0   5.0 450.0                            LAT/LON1/LON2/DLON/H
  219  200  191  189  187  180  178  170  169  163  164  160  161  159  162  160
  163  163  166  166  167  166  165  163  161  163  164  170  175  185  193  206
  218  228  234  241  245  247  248  248  250  249  252  252  256  255  256  251
  251  244  242  234  231  223  221  217  219  218  221  222  225  224  225  223
  223  218  215  210  210  202  206  205  219                                   
    65.0-180.0 180.0   5.0 450.0                            LAT/LON1/LON2/DLON/H
  222  203  196  192  191  182  179  171  168  163  162  159  159  158  159  158
  160  160  162  163  163  162  161  158  158  158  163  168  178  187  198  212
  226  235  243  249  253  255  255  257  257  258  257  261  261  263  259  256
  250  245  236  230  222  216  210  210  210  213  215  220  223  224  224  225
  224  221  218  215  217  208  215  219  222                                   
    62.5-180.0 180.0   5.0 450.0                            LAT/LON1/LON2/DLON/H
  234  218  208  204  200  191  185  173  167  158  157  152  155  151  154  151
  153  150  154  151  153  151  152  151  151  155  160  170  178  191  202  217
  231  242  250  256  261  264  266  265  268  267  271  270  274  273  272  265
  260  250  243  231  225  214  211  207  211  212  216  219  223  223  225  223
  224  221  220  218  220  215  225  227  234                                   
    60.0-180.0 180.0   5.0 450.0                            LAT/LON1/LON2/DLON/H
  241  227  219  214  211  199  194  178  172  163  160  155  153  151  151  148
  148  145  147  142  144  142  145  144  149  151  162  169  184  193  208  222
  238  247  257  262  268  269  271  273  275  277  277  282  282  285  279  276
  265  258  244  236  224  218  211  211  212  215  218  222  224  223  223  222
  222  221  221  221  226  221  233  236  241                                   
    57.5-180.0 180.0   5.0 450.0                            LAT/LON1/LON2/DLON/H
  255  243  235  231  225  212  202  184  174  161  155  147  147  142  144  138
  140  134  136  130  132  130  134  137  143  152  162  174  185  198  211  227
  241  251  260  266  272  273  278  278  285  284  289  290  296  296  295  288
  281  270  260  248  240  231  226  225  226  227  229  230  230  227  225  224
  223  223  224  226  231  229  244  246  255                                   
    55.0-180.0 180.0   5.0 450.0                            LAT/LON1/LON2/DLON/H
  265  255  250  243  239  222  213  193  183  168  160  151  146  141  137  134
  130  126  124  122  121  123  128  133  144  155  170  179  194  203  219  229
  246  253  264  268  278  279  285  286  291  294  296  302  304  309  306  303
  292  286  272  265  252  247  240  240  239  241  239  240  237  234  230  229
  228  229  230  234  241  240  253  257  265                                   
    52.5-180.0 180.0   5.0 450.0                            LAT/LON1/LON2/DLON/H
  278  266  264  259  255  240  227  207  192  171  159  146  139  131  129  121
  121  114  116  111  114  115  123  131  143  159  173  186  197  210  222  236
  249  259  268  275  284  287  293  293  300  300  305  308  312  315  317  313
  309  302  294  285  275  268  262  260  258  257  253  250  245  241  236  234
  234  236  240  245  253  253  270  271  278                                   
    50.0-180.0 180.0   5.0 450.0                            LAT/LON1/LON2/DLON/H
  286  277  280  271  267  250  240  216  204  181  168  152  142  129  125  116
  116  111  112  109  112  115  124  134  150  166  183  193  208  215  231  239
  254  260  274  280  291  293  301  300  307  306  311  313  318  322  325  325
  322  321  313  309  297  292  283  281  275  272  264  259  253  248  243  241
  243  246  250  256  265  264  276  283  286                                   
    47.5-180.0 180.0   5.0 450.0                            LAT/LON1/LON2/DLON/H
  297  282  284  279  274  259  247  228  213  189  171  152  139  126  121  112
  113  109  112  109  112  115  124  138  153  173  186  200  208  220  230  243
  254  266  277  287  297  302  310  312  317  317  320  322  326  331  334  336
  336  336  333  328  318  310  303  297  291  284  275  267  260  255  252  252
  254  258  264  271  279  279  292  293  297                                   
    45.0-180.0 180.0   5.0 450.0                            LAT/LON1/LON2/DLON/H
  299  287  288  282  279  264  254  232  222  199  182  162  147  130  122  114
  116  115  119  117  121  123  133  146  164  180  197  206  217  223  237  245
  261  269  287  293  306  309  319  316  325  321  330  326  336  337  344  347
  349  355  352  352  341  335  321  316  304  297  283  276  266  263  261  264
  268  276  282  288  295  292  301  304  299                                   
    42.5-180.0 180.0   5.0 450.0                            LAT/LON1/LON2/DLON/H
  309  286  284  277  272  260  251  236  226  208  191  170  153  136  128  121
  123  123  129  128  131  132  140  153  167  187  199  211  217  229  237  252
  263  277  290  301  310  316  324  329  336  339  344  345  351  353  360  363
  367  372  371  370  361  352  339  328  316  304  293  284  278  272  275  278
  286  292  300  304  309  305  315  311  309                                   
    40.0-180.0 180.0   5.0 450.0                            LAT/LON1/LON2/DLON/H
  309  289  282  273  265  256  248  236  229  215  203  184  167  149  138  131
  132  134  140  139  143  143  151  160  178  193  207  214  224  231  245  254
  274  283  307  310  327  325  338  337  349  349  358  357  366  367  377  380
  388  394  397  398  391  382  369  356  340  326  310  304  293  292  292  299
  307  316  321  323  328  320  327  319  309                                   
    37.5-180.0 180.0   5.0 450.0                            LAT/LON1/LON2/DLON/H
  321  293  283  268  260  246  243  233  233  221  214  194  179  162  152  143
  144  143  151  149  152  152  157  167  182  198  208  216  223  234  247  261
  277  291  309  318  330  333  343  350  358  367  373  379  385  392  400  409
  417  425  429  430  427  420  408  393  375  357  340  327  319  314  316  322
  331  336  342  340  343  334  337  325  321                                   
    35.0-180.0 180.0   5.0 450.0                            LAT/LON1/LON2/DLON/H
  326  306  287  271  254  243  237  231  229  225  220  208  195  180  167  157
  154  152  157  155  159  159  166  173  192  203  216  222  234  242  261  271
  292  301  324  326  344  342  359  361  378  382  395  398  410  415  427  436
  447  456  464  471  471  469  460  447  430  409  388  371  355  349  344  349
  351  359  359  359  360  352  355  338  326                                   
    32.5-180.0 180.0   5.0 450.0                            LAT/LON1/LON2/DLON/H
  346  321  303  277  259  240  236  225  230  221  224  213  206  190  179  166
  162  157  161  159  162  164  170  182  197  211  220  230  238  251  268  283
  297  309  323  331  341  348  359  370  385  394  407  415  427  435  448  462
  477  492  505  515  521  521  513  501  486  465  443  421  402  388  380  375
  377  376  379  375  376  369  369  351  346                                   
    30.0-180.0 180.0   5.0 450.0                            LAT/LON1/LON2/DLON/H
  356  338  319  294  268  248  237  227  225  222  221  219  215  203  192  178
  169  160  161  158  165  167  178  189  207  217  229  236  248  259  278  287
  304  310  327  330  349  349  369  374  397  402  420  425  442  450  469  482
  505  522  543  562  580  588  587  573  555  530  505  479  455  436  418  408
  404  404  403  402  401  396  395  369  356                                   
    27.5-180.0 180.0   5.0 450.0                            LAT/LON1/LON2/DLON/H
  374  358  340  312  288  262  250  234  231  223  225  219  220  208  197  182
  170  160  159  158  165  171  181  197  211  224  230  240  248  261  276  285
  295  302  314  325  339  350  364  377  395  406  420  429  444  457  477  499
  524  553  577  607  625  633  629  619  604  582  558  528  501  476  454  439
  431  426  425  422  422  417  412  381  374                                   
    25.0-180.0 180.0   5.0 450.0                            LAT/LON1/LON2/DLON/H
  380  382  368  343  317  294  276  257  248  238  235  229  227  218  208  191
  177  163  160  159  168  177  190  205  219  227  234  239  249  260  271  279
  287  296  306  319  336  348  365  376  396  405  421  429  448  462  486  507
  540  568  601  627  649  655  653  642  625  609  590  568  540  512  485  466
  456  450  450  448  447  444  437  401  380                                   
    22.5-180.0 180.0   5.0 450.0                            LAT/LON1/LON2/DLON/H
  390  400  392  368  347  320  303  281  267  255  248  240  234  225  216  200
  184  171  165  165  174  182  195  208  219  225  228  234  239  248  259  268
  277  284  294  310  327  343  360  373  390  403  415  427  442  461  485  515
  543  577  604  632  652  657  656  646  629  611  597  578  558  533  507  488
  476  469  469  465  465  455  448  406  390                                   
    20.0-180.0 180.0   5.0 450.0                            LAT/LON1/LON2/DLON/H
  389  409  404  391  370  350  329  311  294  280  272  264  256  243  230  215
  200  185  179  177  185  192  200  212  219  222  223  223  228  235  244  253
  260  268  284  303  324  340  359  371  389  399  414  424  442  460  487  511
  539  565  590  615  639  647  644  635  619  607  596  581  563  544  519  501
  490  484  482  482  478  471  454  411  389                                   
    17.5-180.0 180.0   5.0 450.0                            LAT/LON1/LON2/DLON/H
  386  400  398  390  377  361  344  328  313  299  287  276  266  254  239  227
  215  203  196  193  196  198  208  211  216  214  211  209  211  215  224  233
  242  254  273  297  317  338  354  368  383  397  409  421  437  459  481  507
  526  547  560  580  592  608  607  608  595  586  575  566  555  539  522  509
  499  493  493  491  486  469  446  398  386                                   
    15.0-180.0 180.0   5.0 450.0                            LAT/LON1/LON2/DLON/H
  372  379  375  375  366  359  348  340  325  314  302  293  281  270  255  242
  232  221  213  207  205  205  207  209  210  204  199  193  190  193  202  210
  222  240  261  287  311  331  353  366  386  399  416  422  442  457  481  497
  513  526  532  542  548  555  557  557  553  554  551  551  543  536  522  514
  505  502  501  500  488  470  436  390  372                                   
    12.5-180.0 180.0   5.0 450.0                            LAT/LON1/LON2/DLON/H
  362  354  348  343  338  335  328  330  320  315  302  296  283  272  256  247
  240  233  229  220  217  210  209  205  201  193  183  175  168  172  178  192
  205  229  252  277  304  324  346  364  384  399  417  427  443  461  477  492
  499  508  504  509  506  512  511  519  517  524  523  528  530  528  523  516
  510  506  504  497  484  459  422  371  362                                   
    10.0-180.0 180.0   5.0 450.0                            LAT/LON1/LON2/DLON/H
  345  335  323  322  314  310  307  310  308  307  298  292  280  270  258  250
  245  239  233  226  218  209  202  195  189  178  168  154  150  151  160  175
  194  220  244  269  293  314  340  359  388  403  426  432  452  461  477  485
  491  497  490  493  486  493  491  504  507  518  520  529  531  534  524  521
  514  509  503  494  478  453  408  365  345                                   
     7.5-180.0 180.0   5.0 450.0                            LAT/LON1/LON2/DLON/H
  340  324  316  305  295  284  277  280  280  287  280  276  262  254  246  241
  239  235  232  223  214  201  193  181  172  162  148  137  129  134  141  162
