data/unet/pred0540.15i
     1.0            IONOSPHERE MAPS     GNSS                IONEX VERSION / TYPE
pyspatialgeodesy        IME             05-JAN-18 20:20     PGM / RUN BY / DATE 
Map Name                                                    COMMENT             
Predicted global ionosphere maps (GIM).                     DESCRIPTION         
  2015     2    23     0     0     0                        EPOCH OF FIRST MAP  
  2015     2    24     0     0     0                        EPOCH OF LAST MAP   
  7200                                                      INTERVAL            
    13                                                      # OF MAPS IN FILE   
  NONE                                                      MAPPING FUNCTION    
10.0                                                        ELEVATION CUTOFF    
One-way carrier phase leveled to code                       OBSERVABLES USED    
  6371.0                                                    BASE RADIUS         
 2                                                          MAP DIMENSION       
   450.0 450.0   0.0                                        HGT1 / HGT2 / DHGT  
    87.5 -87.5  -2.5                                        LAT1 / LAT2 / DLAT  
  -180.0 180.0   5.0                                        LON1 / LON2 / DLON  
    -1                                                      EXPONENT            
                                                            END OF HEADER       
[from data line 3432]
     9                                                      START OF TEC MAP    
  2015     2    23    16     0     0                        EPOCH OF CURRENT MAP
    87.5-180.0 180.0   5.0 450.0                            LAT/LON1/LON2/DLON/H
  147  154  155  157  156  157  157  158  159  160  161  162  163  163  164  164
  164  164  165  163  165  163  163  161  162  160  160  158  159  157  157  154
  154  151  151  148  148  145  144  142  141  139  138  138  138  138  138  138
  139  140  140  141  142  143  144  145  147  147  148  148  149  149  149  149
  150  151  151  152  153  152  153  159  147                                   
    85.0-180.0 180.0   5.0 450.0                            LAT/LON1/LON2/DLON/H
  127  145  147  149  152  152  155  155  159  160  163  163  167  167  169  168
  170  169  169  168  168  166  164  163  161  160  157  156  154  152  149  147
  144  141  139  136  133  130  126  124  121  119  116  117  115  117  115  118
  118  122  122  126  127  131  131  134  136  138  138  140  141  142  142  143
  144  144  145  146  146  142  143  132  127                                   
    82.5-180.0 180.0   5.0 450.0                            LAT/LON1/LON2/DLON/H
  120  118  125  125  128  130  134  137  141  145  149  152  156  157  162  160
  165  162  165  161  163  160  159  157  156  154  151  149  146  144  140  137
  132  129  125  121  116  111  107  103   99   95   94   92   93   92   95   96
  101  104  109  111  117  118  123  121  126  124  127  124  127  124  126  124
  125  124  123  123  123  117  126  108  120                                   
    80.0-180.0 180.0   5.0 450.0                            LAT/LON1/LON2/DLON/H
   91   89   96  100  102  106  110  114  118  121  125  128  132  135  139  143
  145  148  150  153  153  155  153  156  151  152  146  147  141  142  135  135
  127  125  117  115  106  102   94   90   82   79   74   74   72   75   75   81
   84   91   95  102  105  110  112  114  115  115  115  114  113  111  110  109
  108  107  105  101  100   96  100   90   91                                   
    77.5-180.0 180.0   5.0 450.0                            LAT/LON1/LON2/DLON/H
   70   68   72   74   75   79   84   89   93   98  102  106  110  113  119  122
  128  131  137  141  145  146  148  148  148  145  144  143  141  139  137  135
  129  125  118  113  104   97   88   82   74   68   65   62   63   63   67   70
   76   81   89   96  102  108  110  114  114  116  112  112  108  106  103  100
   97   94   91   85   79   73   77   71   70                                   
    75.0-180.0 180.0   5.0 450.0                            LAT/LON1/LON2/DLON/H
   58   52   59   54   62   62   70   69   77   79   87   89   98  102  113  116
  127  130  139  142  148  150  153  153  153  152  150  151  150  151  149  147
  141  136  128  122  111  105   93   86   76   71   63   61   59   62   64   70
   74   82   87   97  102  110  112  116  116  116  113  111  107  104  101   95
   93   88   86   76   71   65   72   65   58                                   
    72.5-180.0 180.0   5.0 450.0                            LAT/LON1/LON2/DLON/H
   59   52   53   49   54   57   63   66   73   78   85   92   98  106  113  123
  129  137  145  152  157  159  162  162  161  162  162  165  164  167  165  164
  159  154  145  137  125  117  105   97   86   79   72   68   65   65   67   72
   75   83   88   95   98  105  107  110  111  111  109  108  106  103  100   95
   91   87   81   75   65   61   65   61   59                                   
    70.0-180.0 180.0   5.0 450.0                            LAT/LON1/LON2/DLON/H
   58   52   57   51   56   57   63   64   70   75   80   89   97  107  117  127
  138  147  158  165  174  175  179  177  177  177  176  180  179  183  181  180
  176  171  163  155  144  134  123  114  103   96   88   85   81   81   81   84
   85   90   92   96   96  101  100  104  102  105  102  105  102  103  100   98
   94   89   86   79   71   67   70   65   58                                   
    67.5-180.0 180.0   5.0 450.0                            LAT/LON1/LON2/DLON/H
   66   62   63   56   62   63   67   69   75   79   87   97  106  119  128  142
  152  163  175  182  190  191  195  191  191  189  190  192  191  195  193  194
  189  185  178  171  161  151  139  129  119  112  103   97   90   87   84   83
   81   81   81   80   80   80   82   83   85   87   87   91   92   95   94   94
   92   90   86   81   71   67   69   68   66                                   
    65.0-180.0 180.0   5.0 450.0                            LAT/LON1/LON2/DLON/H
   64   59   64   59   65   63   70   69   77   80   89  100  110  126  138  153
  167  177  190  195  207  207  211  205  205  199  198  197  197  202  202  204
  202  197  190  182  175  165  156  146  138  129  122  115  107  102   94   89
   81   77   70   66   61   61   61   61   65   65   71   74   80   84   86   88
   88   87   85   78   72   70   70   69   64                                   
    62.5-180.0 180.0   5.0 450.0                            LAT/LON1/LON2/DLON/H
   62   58   59   58   61   64   67   70   76   81   91  103  117  134  147  163
  177  187  199  205  216  217  219  215  212  204  202  198  201  203  206  209
  208  203  196  188  180  172  164  157  150  143  134  125  114  102   90   80
   69   60   51   43   39   35   37   36   42   44   50   57   66   70   74   77
   77   78   76   72   63   63   62   62   62                                   
    60.0-180.0 180.0   5.0 450.0                            LAT/LON1/LON2/DLON/H
   48   42   47   45   53   53   61   63   72   76   89  101  118  135  152  167
  183  192  206  210  224  222  227  221  219  210  207  201  203  206  210  215
  213  209  203  195  187  178  173  167  162  155  147  137  126  112   96   82
   67   54   41   32   26   22   22   22   27   31   37   45   54   60   66   68
   69   70   68   63   59   59   57   52   48                                   
    57.5-180.0 180.0   5.0 450.0                            LAT/LON1/LON2/DLON/H
   41   37   34   38   39   45   48   55   64   74   85  101  117  136  153  170
  185  195  207  214  224  224  226  223  218  213  209  204  208  209  217  220
  220  215  209  199  191  183  177  174  169  165  158  148  134  118   99   82
   65   50   37   27   22   16   17   16   22   25   32   39   48   54   59   62
   61   59   59   57   52   52   46   40   41                                   
    55.0-180.0 180.0   5.0 450.0                            LAT/LON1/LON2/DLON/H
   33   28   33   30   37   39   45   51   62   72   87  102  122  137  158  171
  190  197  213  217  229  226  230  224  223  216  216  214  217  222  227  233
  231  229  218  208  199  191  186  182  179  174  168  158  147  130  111   93
   76   62   49   39   32   29   30   30   34   37   42   48   54   58   61   61
   61   58   58   56   53   53   49   36   33                                   
    52.5-180.0 180.0   5.0 450.0                            LAT/LON1/LON2/DLON/H
   44   40   34   38   35   42   43   53   61   76   90  108  125  142  161  177
  196  205  218  225  234  232  233  231  228  224  222  226  231  236  243  246
  245  240  230  217  208  198  193  188  184  180  175  168  158  141  124  108
   93   81   71   62   56   52   52   51   53   55   58   63   68   69   70   69
   66   63   63   63   60   59   54   43   44                                   
    50.0-180.0 180.0   5.0 450.0                            LAT/LON1/LON2/DLON/H
   60   54   54   48   53   53   57   63   72   85  100  116  134  149  169  185
  204  213  229  233  243  238  242  236  237  234  236  240  245  252  256  261
  257  254  241  229  219  210  203  197  193  189  184  178  170  156  143  129
  118  108  100   94   88   86   83   82   81   82   81   83   86   84   85   83
   83   78   79   76   76   76   77   63   60                                   
    47.5-180.0 180.0   5.0 450.0                            LAT/LON1/LON2/DLON/H
   89   82   73   74   67   71   68   77   82   98  110  128  143  160  178  195
  214  226  239  247  253  251  253  251  251  250  253  258  262  264  269  269
  266  257  248  234  227  218  213  205  202  196  192  186  180  169  158  148
  139  132  126  122  117  114  110  108  106  107  103  105  105  105  104  103
  100  100   97   97   94   95  100   90   89                                   
    45.0-180.0 180.0   5.0 450.0                            LAT/LON1/LON2/DLON/H
  111  101   95   92   91   88   88   90   96  111  124  141  156  171  189  205
  225  237  253  257  267  265  268  265  266  266  268  270  270  269  272  270
  266  257  249  240  236  229  225  218  211  203  198  191  187  178  171  161
  156  148  144  139  133  130  125  123  121  120  118  118  120  120  122  122
  122  122  121  118  121  121  129  121  111                                   
    42.5-180.0 180.0   5.0 450.0                            LAT/LON1/LON2/DLON/H
  127  118  111  109  101  100   95  100  105  121  134  152  166  181  199  217
  238  253  266  274  280  281  284  283  284  281  281  277  276  271  271  264
  260  251  246  243  244  242  239  232  224  213  205  197  191  183  175  168
  160  155  149  144  137  132  126  123  122  123  120  122  124  127  129  133
  132  135  131  133  132  137  144  140  127                                   
    40.0-180.0 180.0   5.0 450.0                            LAT/LON1/LON2/DLON/H
  131  120  118  112  111  105  104  105  113  127  144  162  177  191  210  228
  249  265  279  287  294  295  296  296  294  294  289  286  277  272  266  259
  256  249  252  252  259  258  258  249  238  224  212  202  196  186  179  170
  163  154  148  139  130  122  117  114  115  115  116  118  122  125  131  135
  139  137  137  134  137  138  146  144  131                                   
    37.5-180.0 180.0   5.0 450.0                            LAT/LON1/LON2/DLON/H
  128  115  114  111  107  102   99  102  112  129  149  169  184  200  219  241
  261  278  289  298  304  309  307  308  306  300  296  286  275  267  261  255
  253  255  262  271  281  287  285  275  258  243  228  216  206  196  185  174
  162  154  145  135  123  116  108  106  105  107  105  108  109  116  121  129
  129  130  125  123  121  125  132  136  128                                   
    35.0-180.0 180.0   5.0 450.0                            LAT/LON1/LON2/DLON/H
  114  101  103   98  100   91   93   95  109  128  152  173  193  210  231  250
  273  288  301  311  317  324  319  318  312  308  298  290  278  272  266  266
  269  278  288  303  314  321  318  305  286  265  248  233  221  208  196  185
  173  162  151  137  126  115  109  104  105  106  107  104  108  108  117  120
  124  120  116  108  106  106  111  120  114                                   
    32.5-180.0 180.0   5.0 450.0                            LAT/LON1/LON2/DLON/H
   95   85   88   87   85   78   79   85  100  124  150  178  200  220  240  262
  282  297  308  318  327  333  328  327  321  316  310  302  296  296  298  305
  316  329  342  353  367  370  363  345  321  301  278  263  249  233  220  206
  195  181  172  156  145  133  129  123  123  118  115  112  112  109  117  117
  119  114  107   98   89   91   90   98   95                                   
    30.0-180.0 180.0   5.0 450.0                            LAT/LON1/LON2/DLON/H
   81   74   79   78   78   72   75   76   96  117  149  178  207  227  249  267
  290  305  319  332  340  348  340  337  329  329  326  332  335  344  358  373
  387  404  414  424  429  430  416  396  370  348  323  307  287  271  258  249
  237  228  204  195  176  171  160  160  158  161  157  160  148  140  134  130
  128  125  118  109   99   92   87   79   81                                   
    27.5-180.0 180.0   5.0 450.0                            LAT/LON1/LON2/DLON/H
   74   72   74   73   72   62   59   63   83  119  145  183  212  237  258  278
  299  313  329  342  353  358  352  347  342  346  355  371  388  415  441  469
  489  505  507  505  501  490  472  450  426  404  384  363  343  319  304  289
  283  275  267  253  239  229  215  202  198  187  183  175  172  167  165  159
  153  142  135  120  109  101   88   73   74                                   
    25.0-180.0 180.0   5.0 450.0                            LAT/LON1/LON2/DLON/H
   76   69   65   68   65   64   60   58   81  114  153  185  220  245  267  285
  308  325  343  359  370  376  370  364  363  375  392  421  448  487  528  565
  589  602  597  585  565  550  525  509  484  467  434  415  381  362  339  335
  331  341  340  341  319  303  282  271  258  249  241  233  222  213  197  192
  176  176  161  144  127  107  102   91   76                                   
    22.5-180.0 180.0   5.0 450.0                            LAT/LON1/LON2/DLON/H
   84   76   75   69   68   58   53   52   70  108  143  196  224  254  272  295
  317  336  357  371  383  387  385  380  385  404  435  475  515  566  611  657
  682  691  677  652  622  597  575  557  539  516  493  466  438  411  392  389
  393  411  418  420  403  387  369  348  332  309  294  282  272  264  250  241
  228  216  200  179  158  138  120  121   84                                   
    20.0-180.0 180.0   5.0 450.0                            LAT/LON1/LON2/DLON/H
  106   88   84   75   73   73   80   82   97  129  162  201  232  257  279  301
  326  346  370  385  398  401  399  398  410  438  478  521  570  626  684  732
  755  757  732  701  660  635  609  602  580  568  541  519  480  448  424  421
  434  455  476  479  474  451  435  412  393  368  346  325  308  293  283  272
  259  250  231  223  203  178  150  151  106                                   
    17.5-180.0 180.0   5.0 450.0                            LAT/LON1/LON2/DLON/H
  123  108   99   91   82   89   92   93  104  131  161  207  233  264  283  315
  342  365  387  400  409  412  414  416  439  478  525  573  626  681  741  776
  788  785  760  724  683  655  638  635  628  615  593  562  519  476  451  445
  456  477  499  510  509  489  474  448  431  404  390  365  351  331  319  303
  283  275  260  244  229  208  187  176  123                                   
    15.0-180.0 180.0   5.0 450.0                            LAT/LON1/LON2/DLON/H
  129  116  108   95   87   91  102  108  129  151  183  215  241  267  292  328
  359  384  407  419  426  430  432  444  477  519  567  615  672  727  774  797
  797  786  758  726  689  667  654  662  657  654  631  602  554  505  471  455
  468  477  504  504  509  484  474  451  435  414  404  384  373  356  335  317
  295  280  265  253  238  220  200  179  129                                   
    12.5-180.0 180.0   5.0 450.0                            LAT/LON1/LON2/DLON/H
  132  126  108   95   86   92  102  116  133  163  195  226  248  276  303  346
  384  416  439  451  449  450  456  474  517  560  607  657  711  745  779  792
  789  773  746  716  687  672  669  679  676  671  652  623  572  514  473  450
  451  455  468  473  475  469  456  443  428  418  406  396  384  369  345  322
  297  280  260  251  235  212  199  172  132                                   
    10.0-180.0 180.0   5.0 450.0                            LAT/LON1/LON2/DLON/H
  113  116   96   91   83   89  104  124  150  178  215  241  267  293  324  374
  411  448  471  485  483  482  490  515  558  596  649  696  731  750  766  769
  760  742  720  701  684  681  682  686  681  682  661  635  585  527  482  448
  442  426  434  421  432  422  430  416  418  402  399  385  378  356  334  308
  281  260  244  232  211  197  187  154  113                                   
     7.5-180.0 180.0   5.0 450.0                            LAT/LON1/LON2/DLON/H
  101  108   91   80   79   85  103  126  155  191  228  259  286  317  354  403
  441  481  504  518  516  516  528  553  594  637  681  722  737  741  744  738
