data/unet/pred1600.15i
     1.0            IONOSPHERE MAPS     GNSS                IONEX VERSION / TYPE
pyspatialgeodesy        IME             05-JAN-18 20:20     PGM / RUN BY / DATE 
Map Name                                                    COMMENT             
Predicted global ionosphere maps (GIM).                     DESCRIPTION         
  2015     6     9     0     0     0                        EPOCH OF FIRST MAP  
  2015     6    10     0     0     0                        EPOCH OF LAST MAP   
  7200                                                      INTERVAL            
    13                                                      # OF MAPS IN FILE   
  NONE                                                      MAPPING FUNCTION    
10.0                                                        ELEVATION CUTOFF    
One-way carrier phase leveled to code                       OBSERVABLES USED    
  6371.0                                                    BASE RADIUS         
 2                                                          MAP DIMENSION       
   450.0 450.0   0.0                                        HGT1 / HGT2 / DHGT  
    87.5 -87.5  -2.5                                        LAT1 / LAT2 / DLAT  
  -180.0 180.0   5.0                                        LON1 / LON2 / DLON  
    -1                                                      EXPONENT            
                                                            END OF HEADER       
[from data line 858]
     3                                                      START OF TEC MAP    
  2015     6     9     4     0     0                        EPOCH OF CURRENT MAP
    87.5-180.0 180.0   5.0 450.0                            LAT/LON1/LON2/DLON/H
  169  168  155  152  153  149  151  150  153  152  153  151  152  150  151  147
  148  144  145  140  142  139  141  137  141  138  142  138  142  138  142  137
  142  138  142  137  141  137  142  137  141  138  142  138  142  138  142  138
  142  138  142  137  142  137  142  137  142  138  143  138  143  140  145  141
  146  144  149  149  154  146  159  165  169                                   
    85.0-180.0 180.0   5.0 450.0                            LAT/LON1/LON2/DLON/H
  174  160  147  150  147  144  145  147  148  148  148  147  146  144  143  141
  139  138  136  136  133  134  132  133  131  133  131  133  130  132  131  131
  130  130  130  129  129  129  130  129  130  129  132  130  132  130  133  131
  133  131  134  131  134  131  135  132  135  133  137  135  137  136  140  139
  140  141  145  147  149  144  153  158  174                                   
    82.5-180.0 180.0   5.0 450.0                            LAT/LON1/LON2/DLON/H
  156  150  149  156  149  152  151  158  156  158  156  158  153  153  149  149
  144  144  139  140  135  137  133  136  131  134  131  135  130  132  129  133
  128  131  129  132  128  131  130  132  130  133  132  134  133  135  135  136
  135  136  136  136  136  136  137  137  137  137  139  140  140  142  142  145
  143  147  148  153  153  148  153  147  156                                   
    80.0-180.0 180.0   5.0 450.0                            LAT/LON1/LON2/DLON/H
  160  155  160  163  161  163  165  169  170  169  170  168  168  164  163  159
  157  153  152  149  148  145  145  143  141  139  140  139  139  138  139  138
  139  139  141  141  143  142  144  144  146  145  148  148  150  149  152  150
  152  151  153  151  153  151  153  152  153  152  155  154  156  155  158  157
  157  158  160  161  164  153  157  148  160                                   
    77.5-180.0 180.0   5.0 450.0                            LAT/LON1/LON2/DLON/H
  165  159  158  164  162  165  169  171  172  171  172  170  169  165  164  159
  157  152  150  147  145  142  141  139  137  135  136  135  136  135  138  138
  141  141  144  146  147  148  150  152  151  153  154  157  156  158  159  160
  160  160  161  161  161  161  161  160  160  160  162  162  163  163  164  165
  163  165  166  166  167  159  161  152  165                                   
    75.0-180.0 180.0   5.0 450.0                            LAT/LON1/LON2/DLON/H
  160  157  158  162  161  165  169  171  172  171  170  168  167  163  161  155
  154  147  148  142  142  137  137  133  131  129  128  129  128  132  132  137
  138  142  145  149  150  153  155  156  157  159  160  161  163  164  166  167
  168  168  170  168  169  166  167  164  165  163  166  164  166  165  167  165
  166  166  167  167  171  160  165  154  160                                   
    72.5-180.0 180.0   5.0 450.0                            LAT/LON1/LON2/DLON/H
  167  159  157  163  163  166  169  171  171  170  170  167  166  161  159  154
  152  147  145  141  139  135  134  129  128  123  124  121  125  125  133  134
  141  143  150  153  157  159  161  162  163  163  165  166  170  172  175  177
  178  179  179  178  176  173  171  168  167  166  167  167  168  168  170  169
  169  169  171  170  174  165  167  159  167                                   
    70.0-180.0 180.0   5.0 450.0                            LAT/LON1/LON2/DLON/H
  163  157  158  161  163  164  167  169  170  167  167  164  164  158  157  152
  151  144  143  137  138  131  130  125  123  120  118  118  120  123  129  134
  142  145  153  155  161  161  166  163  167  164  171  170  177  177  183  183
  187  184  186  181  181  174  174  169  169  167  169  167  170  168  172  168
  172  170  174  172  178  167  171  158  163                                   
    67.5-180.0 180.0   5.0 450.0                            LAT/LON1/LON2/DLON/H
  170  161  159  164  164  165  167  169  169  167  168  165  164  159  157  152
  151  145  144  139  137  132  129  125  123  118  119  116  121  122  131  135
  144  147  155  159  164  164  167  166  168  168  173  176  182  186  190  193
  192  193  189  187  181  178  172  170  166  167  166  167  166  167  169  169
  171  171  175  175  181  171  172  164  170                                   
    65.0-180.0 180.0   5.0 450.0                            LAT/LON1/LON2/DLON/H
  167  162  160  163  164  164  166  167  167  165  165  164  163  159  157  152
  151  145  144  138  137  131  129  123  121  117  117  116  120  122  130  133
  142  145  154  155  163  160  165  161  167  165  174  175  186  187  195  195
  196  192  190  183  180  173  170  166  166  163  165  163  166  164  168  165
  170  169  175  175  184  173  176  165  167                                   
    62.5-180.0 180.0   5.0 450.0                            LAT/LON1/LON2/DLON/H
  174  167  164  169  168  167  167  168  168  168  168  166  165  160  158  154
  152  146  143  139  136  132  128  124  121  118  119  119  124  125  131  134
  141  143  149  152  158  157  160  160  165  168  175  181  189  196  198  202
  199  198  190  186  179  175  168  169  165  167  164  166  163  164  162  163
  164  167  170  174  184  176  177  172  174                                   
    60.0-180.0 180.0   5.0 450.0                            LAT/LON1/LON2/DLON/H
  175  172  168  170  170  167  167  167  167  165  166  165  165  161  159  155
  153  147  144  139  137  131  128  123  123  119  123  122  127  127  132  132
  138  137  145  145  154  153  159  159  165  169  177  184  193  198  202  203
  201  196  191  184  181  175  173  171  171  170  170  168  167  164  163  161
  165  165  170  174  185  176  181  176  175                                   
    57.5-180.0 180.0   5.0 450.0                            LAT/LON1/LON2/DLON/H
  182  178  175  179  175  173  171  170  169  168  168  167  166  162  160  156
  152  148  143  140  135  132  126  125  122  124  125  127  130  131  133  132
  133  133  136  140  148  152  157  162  168  174  182  191  198  206  206  210
  204  203  193  192  184  186  180  184  178  183  177  180  171  172  164  166
  162  166  165  174  182  179  182  185  182                                   
    55.0-180.0 180.0   5.0 450.0                            LAT/LON1/LON2/DLON/H
  188  189  188  188  185  179  176  171  169  167  167  166  166  164  162  158
  154  150  146  142  139  134  130  126  127  126  131  131  136  132  134  129
  130  127  133  135  145  150  158  164  171  179  188  196  204  210  212  212
  210  206  201  197  196  194  194  193  192  192  191  187  182  176  171  166
  165  165  168  174  184  180  189  190  188                                   
    52.5-180.0 180.0   5.0 450.0                            LAT/LON1/LON2/DLON/H
  200  199  202  204  199  193  188  180  176  173  171  170  169  165  161  158
  154  151  147  146  141  139  134  134  132  135  136  140  140  139  135  130
  126  125  127  132  143  151  160  168  179  187  197  205  213  219  220  222
  219  219  211  213  209  212  206  210  205  210  203  204  192  189  177  177
  171  173  170  180  186  188  193  203  200                                   
    50.0-180.0 180.0   5.0 450.0                            LAT/LON1/LON2/DLON/H
  210  217  221  221  217  208  202  193  186  178  175  172  170  168  163  160
  156  153  150  148  147  144  144  142  143  142  147  146  150  143  140  131
  128  124  129  132  144  153  165  174  185  195  206  214  222  227  230  230
  232  229  227  224  227  224  222  220  221  219  218  211  205  196  191  184
  184  182  184  189  197  195  206  211  210                                   
    47.5-180.0 180.0   5.0 450.0                            LAT/LON1/LON2/DLON/H
  225  231  236  242  233  227  219  210  201  192  186  181  176  170  165  161
  159  157  156  156  155  156  154  155  154  156  155  158  157  154  145  138
  130  129  130  135  147  157  169  180  193  203  216  224  233  239  244  246
  248  248  244  245  244  243  237  237  233  234  229  226  215  211  201  201
  196  199  195  206  206  213  217  228  225                                   
    45.0-180.0 180.0   5.0 450.0                            LAT/LON1/LON2/DLON/H
  240  248  254  254  249  241  232  223  214  204  196  188  181  174  168  164
  161  162  162  163  165  165  167  166  167  165  167  165  167  160  155  144
  139  134  136  139  151  159  172  182  196  207  219  227  238  242  252  253
  261  259  261  258  261  256  252  246  245  241  241  233  227  219  216  211
  213  213  215  221  224  224  236  240  240                                   
    42.5-180.0 180.0   5.0 450.0                            LAT/LON1/LON2/DLON/H
  257  262  264  270  260  257  246  239  229  220  211  201  191  181  172  168
  165  166  169  172  176  179  180  180  180  179  176  177  174  172  161  156
  146  144  143  148  158  164  175  184  200  210  225  231  245  248  259  261
  272  271  275  272  274  267  261  255  252  250  248  244  236  234  228  230
  229  235  232  243  242  251  256  265  257                                   
    40.0-180.0 180.0   5.0 450.0                            LAT/LON1/LON2/DLON/H
  275  279  280  277  271  267  258  250  241  233  223  212  201  189  178  172
  169  170  172  177  183  188  192  193  194  191  190  187  186  181  175  167
  159  154  150  154  160  166  172  181  198  209  224  230  247  251  266  268
  282  281  288  284  288  278  274  267  266  263  262  257  250  246  243  241
  247  249  254  260  264  268  278  283  275                                   
    37.5-180.0 180.0   5.0 450.0                            LAT/LON1/LON2/DLON/H
  296  298  293  294  279  280  268  265  254  248  237  228  215  201  189  180
  175  176  178  183  190  197  202  206  206  205  202  201  196  195  184  182
  169  167  163  163  168  171  175  182  199  209  227  235  252  258  272  280
  292  297  306  307  312  308  303  298  294  291  287  279  269  264  259  258
  262  268  275  283  292  301  308  310  296                                   
    35.0-180.0 180.0   5.0 450.0                            LAT/LON1/LON2/DLON/H
  315  314  309  300  288  284  275  270  263  257  247  238  226  210  196  186
  179  178  179  183  192  201  211  216  224  221  220  213  211  203  197  190
  182  174  167  163  165  167  174  179  199  210  229  238  258  263  281  286
  304  309  322  323  334  332  334  329  329  329  325  315  300  292  283  279
  284  287  294  302  311  321  332  334  315                                   
    32.5-180.0 180.0   5.0 450.0                            LAT/LON1/LON2/DLON/H
  339  332  320  317  294  297  280  285  274  274  261  255  239  226  208  197
  188  184  184  186  197  208  221  232  239  240  236  231  224  218  208  203
  193  188  180  174  173  173  179  184  206  218  240  250  266  276  289  302
  316  326  338  346  362  369  376  379  380  378  372  359  344  327  317  305
  311  307  316  324  341  353  363  364  339                                   
    30.0-180.0 180.0   5.0 450.0                            LAT/LON1/LON2/DLON/H
  363  347  342  325  308  302  292  291  285  281  271  262  248  234  217  204
  193  187  185  187  198  211  231  243  257  256  255  245  239  228  221  210
  203  191  185  175  177  173  181  188  210  222  245  252  271  278  297  307
  326  333  351  359  381  393  410  417  421  417  411  400  384  367  350  340
  338  337  339  352  361  379  391  393  363                                   
    27.5-180.0 180.0   5.0 450.0                            LAT/LON1/LON2/DLON/H
  383  371  365  349  325  321  303  309  294  297  280  278  259  249  228  217
  204  196  192  194  205  220  242  259  274  276  271  262  250  240  228  218
  208  199  192  188  184  181  187  192  214  227  250  260  274  285  300  313
  331  344  360  375  397  420  441  456  463  462  455  444  429  413  394  382
  375  370  370  376  390  409  424  420  383                                   
    25.0-180.0 180.0   5.0 450.0                            LAT/LON1/LON2/DLON/H
  401  394  397  379  360  351  334  329  314  307  293  284  271  255  238  224
  211  202  197  198  211  226  251  269  287  286  284  271  259  243  230  215
  205  192  190  182  182  176  182  188  207  221  242  253  268  277  293  307
  325  340  359  377  403  430  455  476  486  490  481  474  459  447  428  417
  404  398  390  398  402  421  445  442  401                                   
    22.5-180.0 180.0   5.0 450.0                            LAT/LON1/LON2/DLON/H
  423  425  429  413  396  388  368  363  335  327  297  298  276  273  249  239
  223  215  207  208  219  237  262  283  298  300  292  279  260  239  223  206
  195  181  178  173  173  173  175  180  197  213  233  246  260  272  287  303
  323  342  362  383  410  439  465  485  497  504  499  495  484  473  456  441
  427  417  410  415  424  444  466  462  423                                   
    20.0-180.0 180.0   5.0 450.0                            LAT/LON1/LON2/DLON/H
  443  451  458  448  433  430  408  402  369  352  316  310  293  284  267  254
  238  226  218  216  228  244  271  287  302  301  295  278  255  230  208  187
  171  159  158  155  157  155  157  163  176  193  214  232  250  262  282  298
  322  341  365  386  413  438  461  479  489  496  495  499  491  489  472  462
  443  436  427  431  436  452  475  476  443                                   
    17.5-180.0 180.0   5.0 450.0                            LAT/LON1/LON2/DLON/H
  461  468  477  469  463  460  443  433  399  379  335  328  298  300  278  273
  252  242  230  230  237  256  279  295  305  303  293  270  240  211  184  161
  147  139  140  141  140  138  139  144  157  172  195  214  237  251  273  292
  319  341  364  387  408  430  448  466  476  485  489  497  498  499  490  478
  461  453  446  451  454  472  483  482  461                                   
    15.0-180.0 180.0   5.0 450.0                            LAT/LON1/LON2/DLON/H
  474  486  490  486  485  483  467  454  420  394  351  335  308  303  288  282
  267  255  244  238  246  259  282  292  300  292  279  251  217  185  158  141
  130  124  124  123  120  119  118  124  138  154  182  204  232  247  275  293
  323  343  369  388  406  424  436  455  464  475  478  497  498  513  501  497
  476  471  462  469  472  478  488  486  474                                   
    12.5-180.0 180.0   5.0 450.0                            LAT/LON1/LON2/DLON/H
  480  490  495  493  494  492  480  463  428  399  356  340  308  308  290  291
  278  269  260  255  259  270  284  289  288  274  252  221  188  157  138  126
  117  113  111  108  106  101  102  107  121  139  168  192  220  240  269  293
  323  346  368  388  399  416  429  452  464  477  479  498  505  518  516  513
  498  491  488  490  491  497  492  491  480                                   
    10.0-180.0 180.0   5.0 450.0                            LAT/LON1/LON2/DLON/H
  488  497  499  496  498  499  486  467  430  399  358  335  310  302  291  289
  283  277  267  260  259  263  272  270  264  242  216  186  157  138  124  116
  108  103   99   98   94   90   90   96  112  128  161  184  216  236  269  292
  325  347  373  388  402  417  438  464  476  490  492  514  520  538  535  536
  519  516  507  510  505  502  501  498  488                                   
     7.5-180.0 180.0   5.0 450.0                            LAT/LON1/LON2/DLON/H
  494  502  503  505  501  503  488  467  426  393  353  331  307  297  288  286
  284  280  276  268  262  260  259  250  233  207  182  155  137  127  118  112
