data/unet/pred1530.15i
     1.0            IONOSPHERE MAPS     GNSS                IONEX VERSION / TYPE
pyspatialgeodesy        IME             05-JAN-18 20:20     PGM / RUN BY / DATE 
Map Name                                                    COMMENT             
Predicted global ionosphere maps (GIM).                     DESCRIPTION         
  2015     6     2     0     0     0                        EPOCH OF FIRST MAP  
  2015     6     3     0     0     0                        EPOCH OF LAST MAP   
  7200                                                      INTERVAL            
    13                                                      # OF MAPS IN FILE   
  NONE                                                      MAPPING FUNCTION    
10.0                                                        ELEVATION CUTOFF    
One-way carrier phase leveled to code                       OBSERVABLES USED    
  6371.0                                                    BASE RADIUS         
 2                                                          MAP DIMENSION       
   450.0 450.0   0.0                                        HGT1 / HGT2 / DHGT  
    87.5 -87.5  -2.5                                        LAT1 / LAT2 / DLAT  
  -180.0 180.0   5.0                                        LON1 / LON2 / DLON  
    -1                                                      EXPONENT            
                                                            END OF HEADER       
[from data line 2574]
     7                                                      START OF TEC MAP    
  2015     6     2    12     0     0                        EPOCH OF CURRENT MAP
    87.5-180.0 180.0   5.0 450.0                            LAT/LON1/LON2/DLON/H
  155  165  164  163  162  160  161  159  161  159  160  158  160  158  160  158
  161  159  161  160  162  161  162  161  162  160  161  159  160  159  159  158
  159  158  159  158  159  158  159  158  159  158  160  159  160  160  161  161
  162  162  163  163  164  164  165  164  165  164  164  163  164  162  162  161
  162  160  162  160  161  161  168  145  155                                   
    85.0-180.0 180.0   5.0 450.0                            LAT/LON1/LON2/DLON/H
  154  159  158  158  157  157  158  158  158  157  158  157  158  157  158  157
  159  157  159  158  161  160  161  160  162  161  162  160  162  160  161  159
  162  160  162  161  163  162  163  162  163  162  163  163  163  164  164  165
  164  166  165  166  165  166  165  165  164  163  162  161  160  159  158  157
  156  155  156  156  155  155  163  159  154                                   
    82.5-180.0 180.0   5.0 450.0                            LAT/LON1/LON2/DLON/H
  150  153  154  149  154  151  155  152  156  152  155  151  154  151  154  151
  154  151  154  152  156  154  158  155  159  156  159  156  160  156  159  157
  159  157  160  157  160  157  161  158  162  159  163  161  165  163  167  164
  168  164  168  163  168  163  167  160  164  157  161  154  157  150  153  146
  150  143  149  142  148  144  151  150  150                                   
    80.0-180.0 180.0   5.0 450.0                            LAT/LON1/LON2/DLON/H
  142  148  145  149  149  152  151  153  152  153  151  152  150  151  150  151
  149  151  149  152  151  153  153  154  154  154  155  155  156  156  157  156
  157  156  158  157  159  158  159  159  160  161  162  164  165  167  167  169
  169  170  170  171  170  170  169  168  165  164  161  159  156  154  151  148
  146  145  143  142  141  139  139  144  142                                   
    77.5-180.0 180.0   5.0 450.0                            LAT/LON1/LON2/DLON/H
  136  141  141  143  146  150  151  152  151  152  150  150  148  148  146  147
  145  146  145  146  146  147  147  149  148  150  150  151  152  154  155  157
  158  159  160  160  160  161  161  162  161  164  165  167  169  172  173  175
  175  177  177  178  177  178  176  175  172  170  166  163  159  156  152  150
  145  144  141  138  135  134  135  139  136                                   
    75.0-180.0 180.0   5.0 450.0                            LAT/LON1/LON2/DLON/H
  127  134  134  139  141  146  146  149  146  149  145  147  142  144  140  142
  138  141  139  142  141  144  143  146  144  147  147  150  150  154  155  159
  159  164  163  166  163  166  165  167  165  169  169  174  174  179  180  182
  182  185  184  185  183  184  181  180  177  175  171  168  163  160  155  151
  147  144  141  137  134  131  132  136  127                                   
    72.5-180.0 180.0   5.0 450.0                            LAT/LON1/LON2/DLON/H
  123  128  129  132  135  139  141  142  142  140  140  137  136  133  132  131
  130  131  131  133  133  136  136  138  138  140  141  144  147  151  155  159
  162  166  167  169  169  170  170  170  170  172  175  178  180  183  186  187
  187  188  187  187  185  185  183  182  178  176  173  170  166  162  158  154
  149  145  141  136  133  128  131  135  123                                   
    70.0-180.0 180.0   5.0 450.0                            LAT/LON1/LON2/DLON/H
  120  123  123  127  130  132  134  136  136  135  135  133  131  130  127  128
  126  128  128  131  132  134  135  136  136  138  139  143  145  150  154  160
  163  170  170  174  172  175  173  176  174  177  178  181  184  186  188  188
  188  187  186  184  182  181  180  178  176  175  174  171  169  166  163  159
  153  150  144  139  135  129  131  133  120                                   
    67.5-180.0 180.0   5.0 450.0                            LAT/LON1/LON2/DLON/H
  120  121  119  119  119  122  124  125  126  126  126  126  125  123  122  122
  122  123  124  126  129  130  131  132  133  134  136  138  142  146  153  158
  165  170  173  176  177  178  178  179  178  180  181  183  185  187  187  187
  185  183  181  179  177  176  175  175  174  174  174  173  173  171  169  165
  160  156  151  143  139  131  134  135  120                                   
    65.0-180.0 180.0   5.0 450.0                            LAT/LON1/LON2/DLON/H
  123  121  117  116  113  113  114  115  117  118  121  121  123  123  122  123
  123  125  125  128  130  131  132  133  132  134  134  139  141  148  153  162
  167  175  176  181  179  183  180  183  180  184  184  186  186  187  185  184
  180  179  175  175  171  172  170  172  171  173  174  175  176  177  175  173
  168  165  159  152  147  140  139  136  123                                   
    62.5-180.0 180.0   5.0 450.0                            LAT/LON1/LON2/DLON/H
  127  123  114  109  103  102   99  100  101  106  109  114  116  118  119  119
  120  121  123  124  127  127  129  130  130  131  132  135  139  146  153  160
  168  173  178  180  181  183  182  183  183  185  186  187  186  186  184  183
  179  178  176  174  173  171  173  173  175  175  179  180  184  182  183  179
  177  172  167  160  156  147  146  139  127                                   
    60.0-180.0 180.0   5.0 450.0                            LAT/LON1/LON2/DLON/H
  135  127  117  111  101   96   92   90   92   95  101  107  112  117  119  121
  121  124  123  126  127  129  129  131  130  132  133  138  141  150  156  165
  170  178  180  185  184  187  185  189  186  191  189  192  188  188  184  183
  178  178  174  175  172  174  174  176  178  179  183  185  189  189  188  185
  182  179  175  168  164  158  154  140  135                                   
    57.5-180.0 180.0   5.0 450.0                            LAT/LON1/LON2/DLON/H
  144  133  122  109   99   92   86   83   82   86   90   99  104  112  115  119
  120  121  122  123  123  125  126  127  127  129  131  136  141  150  156  164
  170  177  182  185  187  188  190  190  192  193  194  194  192  191  188  186
  182  182  179  178  178  178  180  181  185  186  190  192  196  194  194  190
  187  183  179  174  171  166  162  145  144                                   
    55.0-180.0 180.0   5.0 450.0                            LAT/LON1/LON2/DLON/H
  150  140  126  116  102   93   86   80   77   78   83   90   98  106  111  118
  118  123  122  126  125  128  127  130  129  132  134  140  144  154  159  169
  171  182  184  191  192  197  197  202  201  205  202  203  198  199  194  192
  188  187  185  184  184  185  186  188  191  194  196  198  199  200  197  193
  189  186  182  177  175  172  166  147  150                                   
    52.5-180.0 180.0   5.0 450.0                            LAT/LON1/LON2/DLON/H
  158  145  134  120  108   97   90   82   76   76   77   86   90  101  106  114
  116  121  121  124  125  126  126  128  129  132  134  140  146  154  160  168
  173  181  188  194  199  202  207  209  212  214  211  212  208  206  203  200
  197  196  194  192  193  192  193  196  199  201  203  205  205  204  200  195
  190  186  182  179  177  174  172  152  158                                   
    50.0-180.0 180.0   5.0 450.0                            LAT/LON1/LON2/DLON/H
  160  151  139  131  119  109   97   89   81   78   77   81   87   94  102  112
  116  124  125  131  129  133  132  134  135  138  141  147  151  159  163  172
  175  187  192  202  207  217  221  226  223  225  222  222  218  219  214  212
  207  206  203  201  200  200  200  204  206  209  209  212  211  209  204  199
  193  189  184  180  177  176  170  153  160                                   
    47.5-180.0 180.0   5.0 450.0                            LAT/LON1/LON2/DLON/H
  163  153  145  137  129  118  109   99   91   85   80   83   84   93   98  109
  115  125  128  134  134  137  136  138  138  142  143  149  154  160  166  173
  179  189  199  209  219  229  233  237  236  238  234  235  231  232  227  223
  218  216  211  208  206  205  205  209  211  216  216  219  217  215  208  203
  195  192  186  181  177  174  171  156  163                                   
    45.0-180.0 180.0   5.0 450.0                            LAT/LON1/LON2/DLON/H
  160  153  146  143  138  133  122  115  103   97   89   87   87   91   98  109
  119  130  136  145  145  150  147  150  148  152  151  157  158  167  168  179
  182  197  206  223  232  247  249  252  252  253  249  248  243  244  238  235
  227  224  215  214  208  211  208  214  216  219  218  220  218  217  212  207
  199  197  188  184  176  174  167  157  160                                   
    42.5-180.0 180.0   5.0 450.0                            LAT/LON1/LON2/DLON/H
  157  149  145  142  141  137  132  125  117  110  101   98   92   95   97  110
  119  136  143  154  155  159  157  158  156  157  157  160  164  169  175  183
  192  205  219  236  251  262  265  270  269  270  265  264  258  256  249  246
  238  232  224  220  216  216  215  220  221  224  221  225  221  222  215  212
  204  200  192  186  178  172  169  158  157                                   
    40.0-180.0 180.0   5.0 450.0                            LAT/LON1/LON2/DLON/H
  153  146  140  142  141  141  139  138  129  127  116  111  102  101  102  115
  126  143  154  168  170  176  171  174  168  171  166  172  170  178  181  192
  200  216  231  253  268  280  285  288  288  288  282  279  273  269  262  257
  248  242  233  231  226  228  225  231  232  232  228  227  224  224  218  216
  207  205  196  190  179  174  168  160  153                                   
    37.5-180.0 180.0   5.0 450.0                            LAT/LON1/LON2/DLON/H
  155  145  140  136  137  138  138  139  136  135  127  123  112  110  107  119
  129  149  161  177  180  187  184  183  178  178  174  178  180  186  192  202
  213  230  250  272  286  298  304  309  309  310  304  302  293  290  281  277
  269  264  256  253  247  248  245  247  247  245  238  236  230  230  224  220
  214  211  203  195  186  179  175  163  155                                   
    35.0-180.0 180.0   5.0 450.0                            LAT/LON1/LON2/DLON/H
  159  146  134  130  129  131  132  137  137  143  135  136  123  123  116  128
  135  156  168  187  192  202  199  201  191  192  185  190  190  199  205  216
  229  249  272  293  307  320  325  330  331  332  328  324  319  316  309  304
  296  293  284  283  279  279  275  275  271  263  252  246  239  237  230  225
  217  216  209  202  191  187  182  173  159                                   
    32.5-180.0 180.0   5.0 450.0                            LAT/LON1/LON2/DLON/H
  167  150  138  126  124  121  125  127  132  138  137  140  130  129  121  129
  135  154  168  187  196  208  208  209  201  198  194  198  204  211  221  232
  249  270  293  310  325  338  343  349  352  354  352  352  349  348  340  338
  331  330  325  326  320  319  309  308  298  289  272  260  251  246  239  233
  226  221  216  209  201  195  193  179  167                                   
    30.0-180.0 180.0   5.0 450.0                            LAT/LON1/LON2/DLON/H
  175  155  142  131  123  122  119  120  125  134  135  141  134  134  125  132
  135  153  166  187  199  215  215  219  209  209  204  211  215  226  236  251
  268  288  305  323  337  349  357  363  368  370  372  372  372  370  368  368
  363  369  367  374  366  364  350  342  326  310  291  276  265  258  251  243
  235  229  222  215  207  204  201  190  175                                   
    27.5-180.0 180.0   5.0 450.0                            LAT/LON1/LON2/DLON/H
  186  167  153  141  129  123  118  117  119  127  131  136  132  133  124  129
  130  147  160  182  198  216  219  221  216  214  215  221  231  240  255  269
  287  303  319  334  348  360  367  376  383  387  390  391  394  395  396  400
  401  409  411  418  412  408  393  381  361  339  312  288  275  264  256  247
  238  229  223  215  211  208  208  195  186                                   
    25.0-180.0 180.0   5.0 450.0                            LAT/LON1/LON2/DLON/H
  194  180  168  155  143  138  126  123  122  128  130  133  130  130  122  126
  126  142  154  179  195  216  220  224  219  222  224  233  244  257  273  285
  298  314  326  342  354  368  378  389  398  403  407  409  411  415  418  427
  431  444  446  455  448  441  424  408  383  355  326  298  279  267  257  248
  237  228  221  214  209  211  208  200  194                                   
    22.5-180.0 180.0   5.0 450.0                            LAT/LON1/LON2/DLON/H
  204  194  187  174  160  146  138  127  127  129  132  132  128  125  118  119
  120  135  148  172  191  210  219  222  223  225  233  244  261  273  289  300
  313  324  336  349  363  377  387  399  407  414  418  420  422  431  436  449
  456  470  475  482  476  471  451  434  403  371  338  306  283  265  253  241
  231  220  212  206  203  204  209  196  204                                   
    20.0-180.0 180.0   5.0 450.0                            LAT/LON1/LON2/DLON/H
  209  205  197  187  173  164  148  139  133  134  134  134  128  120  115  112
  113  127  140  164  181  204  210  220  221  227  238  251  272  283  298  307
  316  328  338  353  366  383  391  406  412  421  421  424  427  437  445  459
  469  485  491  498  492  482  461  439  408  374  340  308  284  262  248  235
  224  214  207  201  196  199  201  192  209                                   
    17.5-180.0 180.0   5.0 450.0                            LAT/LON1/LON2/DLON/H
  206  203  202  196  183  170  158  146  140  135  131  128  124  116  110  109
  110  121  134  156  175  195  206  215  220  229  243  261  283  296  310  319
  328  337  348  364  378  393  401  413  419  428  426  431  431  444  448  462
  469  482  487  491  485  479  456  435  403  372  339  312  287  262  247  231
  223  210  204  195  192  190  196  181  206                                   
    15.0-180.0 180.0   5.0 450.0                            LAT/LON1/LON2/DLON/H
  207  207  204  199  191  183  167  161  149  142  132  126  119  113  107  107
  108  115  126  149  164  186  195  208  216  226  247  264  289  304  317  330
  337  351  362  380  393  408  415  427  430  437  434  437  437  447  450  459
  463  473  475  476  471  463  441  423  396  366  338  310  282  256  238  225
  216  207  199  194  186  187  186  177  207                                   
    12.5-180.0 180.0   5.0 450.0                            LAT/LON1/LON2/DLON/H
  196  191  191  188  178  173  164  158  149  140  129  121  112  106  103  104
  107  117  128  146  160  178  190  205  216  233  253  275  298  319  332  345
  355  369  384  400  410  422  426  436  437  442  436  439  435  444  442  448
  446  452  452  455  446  443  424  412  386  362  334  306  278  249  234  220
  214  203  199  188  184  179  184  164  196                                   
    10.0-180.0 180.0   5.0 450.0                            LAT/LON1/LON2/DLON/H
  189  187  183  177  171  167  159  156  146  140  127  120  109  105  102  104
  108  115  125  139  153  171  184  199  219  235  258  280  304  326  340  357
  370  389  402  416  423  432  435  445  443  445  436  438  434  440  437  438
  434  438  436  438  432  426  414  402  381  357  328  296  263  236  220  212
  206  201  195  191  181  180  179  165  189                                   
     7.5-180.0 180.0   5.0 450.0                            LAT/LON1/LON2/DLON/H
  177  172  166  159  148  146  139  138  133  127  119  113  106  102   97  100
  104  114  124  140  151  167  182  202  224  244  267  292  315  339  353  370
