data/unet/pred2900.15i
     1.0            IONOSPHERE MAPS     GNSS                IONEX VERSION / TYPE
pyspatialgeodesy        IME             05-JAN-18 20:20     PGM / RUN BY / DATE 
Map Name                                                    COMMENT             
Predicted global ionosphere maps (GIM).                     DESCRIPTION         
  2015    10    17     0     0     0                        EPOCH OF FIRST MAP  
  2015    10    18     0     0     0                        EPOCH OF LAST MAP   
  7200                                                      INTERVAL            
    13                                                      # OF MAPS IN FILE   
  NONE                                                      MAPPING FUNCTION    
10.0                                                        ELEVATION CUTOFF    
One-way carrier phase leveled to code                       OBSERVABLES USED    
  6371.0                                                    BASE RADIUS         
 2                                                          MAP DIMENSION       
   450.0 450.0   0.0                                        HGT1 / HGT2 / DHGT  
    87.5 -87.5  -2.5                                        LAT1 / LAT2 / DLAT  
  -180.0 180.0   5.0                                        LON1 / LON2 / DLON  
    -1                                                      EXPONENT            
                                                            END OF HEADER       
[from data line 1716]
     5                                                      START OF TEC MAP    
  2015    10    17     8     0     0                        EPOCH OF CURRENT MAP
    87.5-180.0 180.0   5.0 450.0                            LAT/LON1/LON2/DLON/H
   31   46   45   45   46   46   49   50   52   53   56   56   57   58   59   59
   60   60   61   62   62   63   63   64   64   63   64   63   64   62   63   62
   63   61   62   60   62   60   61   59   60   57   58   56   57   54   55   52
   53   50   51   47   48   45   45   41   42   38   39   35   37   33   35   32
   34   32   35   35   38   34   39   36   31                                   
    85.0-180.0 180.0   5.0 450.0                            LAT/LON1/LON2/DLON/H
   33   56   49   56   54   58   58   63   63   67   67   70   69   72   70   73
   71   73   71   73   72   74   72   74   73   75   73   76   74   77   74   78
   74   78   74   78   74   78   74   78   73   77   72   75   69   73   66   69
   62   65   57   60   53   54   47   49   42   44   37   39   34   35   31   33
   31   33   33   35   36   34   38   29   33                                   
    82.5-180.0 180.0   5.0 450.0                            LAT/LON1/LON2/DLON/H
   29   48   42   46   45   52   54   61   61   65   65   68   67   69   68   69
   67   69   66   68   66   68   66   68   67   69   68   71   71   73   73   74
   74   76   76   77   78   79   79   80   80   80   79   78   77   75   73   71
   68   66   61   59   53   51   45   43   36   35   28   28   21   22   17   18
   15   17   16   19   19   19   24   18   29                                   
    80.0-180.0 180.0   5.0 450.0                            LAT/LON1/LON2/DLON/H
   26   44   36   39   42   48   51   55   57   59   60   60   61   59   59   57
   57   55   54   53   53   53   52   53   54   56   58   60   62   64   66   68
   69   71   73   75   77   79   81   82   83   83   84   83   83   82   81   78
   77   74   71   67   64   59   55   49   44   39   32   29   22   21   15   15
   11   12   11   11   12    9   17   12   26                                   
    77.5-180.0 180.0   5.0 450.0                            LAT/LON1/LON2/DLON/H
   24   45   39   39   44   47   52   55   55   55   55   54   52   50   48   46
   44   42   41   40   39   38   39   39   41   43   45   48   50   53   56   58
   61   62   66   69   72   74   78   79   83   83   87   86   89   88   89   88
   88   86   84   81   79   74   71   65   60   53   47   40   34   29   25   20
   17   15   15   13   15   11   20    8   24                                   
    75.0-180.0 180.0   5.0 450.0                            LAT/LON1/LON2/DLON/H
   29   45   38   41   43   48   51   51   52   49   50   45   45   39   40   34
   35   30   32   29   30   29   30   30   32   34   37   39   43   45   49   50
   55   56   61   65   67   72   74   79   82   85   88   91   93   96   97   98
   99   99   98   97   95   92   89   84   79   72   67   58   52   44   38   32
   27   25   23   21   20   17   23   12   29                                   
    72.5-180.0 180.0   5.0 450.0                            LAT/LON1/LON2/DLON/H
   36   52   40   41   41   44   45   46   44   43   40   37   35   32   29   26
   25   24   24   23   24   24   25   24   27   28   31   33   37   39   42   44
   47   50   54   57   62   65   71   74   81   83   90   92   98   99  104  105
  108  109  111  110  110  108  106  100   97   89   85   76   70   62   55   48
   42   37   33   30   29   25   30   20   36                                   
    70.0-180.0 180.0   5.0 450.0                            LAT/LON1/LON2/DLON/H
   42   48   41   41   44   42   47   43   46   38   40   31   34   24   28   20
   26   20   27   22   28   25   29   28   32   32   35   35   39   39   42   42
   47   47   53   55   61   65   70   76   82   88   94   99  103  107  112  115
  119  121  125  126  127  125  123  119  115  108  102   94   88   80   75   66
   61   54   50   44   42   35   39   29   42                                   
    67.5-180.0 180.0   5.0 450.0                            LAT/LON1/LON2/DLON/H
   48   55   43   41   40   41   42   42   39   37   33   30   27   25   23   23
   25   25   27   27   30   30   32   32   34   34   36   37   38   39   39   41
   42   45   48   51   56   60   66   72   80   86   93   98  104  108  113  118
  122  127  131  133  135  134  133  128  125  118  113  104   99   90   85   77
   72   66   62   57   53   44   47   39   48                                   
    65.0-180.0 180.0   5.0 450.0                            LAT/LON1/LON2/DLON/H
   49   51   40   39   39   40   43   40   42   35   35   28   30   25   28   26
   32   31   36   35   39   38   41   40   42   41   42   41   41   40   42   42
   44   45   49   51   57   61   67   74   81   89   94  100  105  110  115  120
  125  132  136  140  141  141  138  135  130  125  117  111  105   97   92   86
   82   76   73   66   64   52   54   44   49                                   
    62.5-180.0 180.0   5.0 450.0                            LAT/LON1/LON2/DLON/H
   51   56   40   37   37   38   40   41   40   36   34   31   30   28   29   30
   34   35   38   39   41   41   42   41   43   42   41   41   40   40   39   41
   42   45   47   51   55   60   66   74   81   88   93   98  103  107  112  118
  125  131  138  139  143  140  140  134  132  125  120  112  107  100   94   88
   84   79   76   71   67   57   57   49   51                                   
    60.0-180.0 180.0   5.0 450.0                            LAT/LON1/LON2/DLON/H
   50   50   36   33   33   35   39   40   41   37   37   33   34   31   34   34
   39   39   42   42   44   42   43   42   42   42   41   40   39   38   39   41
   45   47   52   55   60   65   70   79   85   93   97  101  104  109  113  121
  127  136  140  146  146  146  142  140  134  130  122  118  111  105   99   93
   89   84   81   76   73   61   60   49   50                                   
    57.5-180.0 180.0   5.0 450.0                            LAT/LON1/LON2/DLON/H
   55   60   40   34   34   36   38   40   41   39   39   37   37   36   36   38
   40   40   41   39   40   38   38   36   38   36   36   35   33   34   35   38
   42   47   53   57   62   69   75   83   89   96  100  103  106  111  116  124
  134  143  151  154  157  153  151  146  143  136  131  123  118  111  105   98
   92   86   82   77   74   65   63   53   55                                   
    55.0-180.0 180.0   5.0 450.0                            LAT/LON1/LON2/DLON/H
   61   59   43   38   36   37   39   40   42   40   41   39   40   39   39   40
   41   40   39   37   35   33   32   31   32   32   31   31   29   31   33   39
   46   52   59   66   71   78   83   92   98  105  107  111  113  119  125  135
  146  157  164  171  172  169  162  160  153  149  141  137  131  125  119  110
  103   94   90   84   82   71   70   60   61                                   
    52.5-180.0 180.0   5.0 450.0                            LAT/LON1/LON2/DLON/H
   73   76   55   48   45   44   44   43   43   42   42   41   41   41   39   39
   39   37   34   31   30   26   27   26   28   27   27   26   25   27   31   38
   46   56   64   72   78   85   91  100  106  114  116  120  124  130  139  149
  163  175  186  192  194  190  184  177  172  167  160  155  150  144  136  125
  113  103   96   90   87   79   79   71   73                                   
    50.0-180.0 180.0   5.0 450.0                            LAT/LON1/LON2/DLON/H
   87   80   65   58   54   53   50   48   45   44   44   43   44   42   43   41
   40   36   34   30   28   25   27   26   29   28   29   28   27   29   33   42
   52   65   74   85   91   98  104  114  120  127  131  136  140  147  157  169
  184  196  208  214  214  210  201  196  189  185  179  176  172  166  157  144
  131  117  108  100   99   90   89   85   87                                   
    47.5-180.0 180.0   5.0 450.0                            LAT/LON1/LON2/DLON/H
  101   99   82   74   70   64   60   55   50   47   45   45   45   44   43   42
   41   37   34   31   30   29   30   30   32   32   31   29   27   29   33   43
   54   70   80   92  100  108  115  125  133  141  146  150  158  166  178  189
  206  216  228  229  232  225  219  211  205  200  196  193  190  183  174  160
  144  127  116  108  105   99  100   98  101                                   
    45.0-180.0 180.0   5.0 450.0                            LAT/LON1/LON2/DLON/H
  111  101   91   86   80   74   70   62   57   52   51   49   51   49   49   47
   47   43   42   39   41   38   41   39   43   40   41   37   36   36   42   51
   63   82   92  107  114  123  129  141  149  158  163  170  177  185  195  209
  223  231  237  241  239  237  226  221  212  208  202  202  198  193  184  172
  155  139  126  116  113  105  106  107  111                                   
    42.5-180.0 180.0   5.0 450.0                            LAT/LON1/LON2/DLON/H
  114  110  102   97   92   85   80   71   65   59   56   56   55   55   54   53
   53   51   51   50   52   52   53   53   53   51   47   45   42   43   48   58
   71   88  102  116  125  134  142  153  164  173  181  187  197  205  217  225
  236  239  245  244  246  239  232  224  217  212  208  204  203  196  189  175
  161  143  129  118  113  107  108  111  114                                   
    40.0-180.0 180.0   5.0 450.0                            LAT/LON1/LON2/DLON/H
  110  104   99   97   94   90   84   76   70   65   63   62   63   63   64   63
   64   63   64   65   67   66   67   65   65   60   58   53   51   51   57   67
   81  101  115  130  140  150  158  171  182  193  200  208  216  225  234  242
  247  249  253  254  253  249  237  232  223  220  213  211  206  199  189  176
  162  146  131  119  112  103  106  107  110                                   
    37.5-180.0 180.0   5.0 450.0                            LAT/LON1/LON2/DLON/H
  100  100   95   94   92   90   88   81   76   71   70   69   70   71   72   73
   74   74   75   77   79   78   78   75   72   67   61   58   55   58   63   73
   88  106  124  138  152  161  175  187  202  211  222  228  239  245  253  254
  260  261  268  267  270  263  256  248  241  234  228  221  215  202  192  175
  163  146  132  118  108   98   99  100  100                                   
    35.0-180.0 180.0   5.0 450.0                            LAT/LON1/LON2/DLON/H
   86   85   77   80   82   84   83   80   76   75   74   75   78   81   83   85
   86   87   89   90   92   90   87   81   76   70   65   61   61   62   71   81
   96  117  135  152  167  180  194  208  223  232  243  250  262  265  271  274
  282  288  297  299  303  299  293  287  279  270  258  247  233  218  202  185
  171  154  137  122  108   93   92   89   86                                   
    32.5-180.0 180.0   5.0 450.0                            LAT/LON1/LON2/DLON/H
   76   80   69   69   74   75   78   76   75   75   76   78   82   86   90   93
   95   96   97   98  100   97   93   84   77   71   65   64   61   68   74   86
  101  119  142  158  179  193  213  227  245  255  268  276  285  287  295  299
  313  323  339  345  355  351  350  340  331  315  301  285  266  241  221  202
  187  168  152  131  115   99   94   81   76                                   
    30.0-180.0 180.0   5.0 450.0                            LAT/LON1/LON2/DLON/H
   75   78   61   60   64   67   69   70   70   73   75   81   85   91   97  103
  106  107  108  108  107  102   96   86   77   68   62   60   61   68   76   92
  105  127  148  172  193  212  232  247  265  275  294  301  313  314  326  334
  353  369  392  402  414  415  412  405  394  379  361  343  317  290  260  235
  218  197  179  157  139  120  110   89   75                                   
    27.5-180.0 180.0   5.0 450.0                            LAT/LON1/LON2/DLON/H
   94   90   77   71   71   69   71   69   69   71   74   79   83   90   97  102
  106  108  108  109  108  103   96   85   75   68   61   61   61   68   77   92
  111  128  154  178  206  227  248  267  283  298  316  327  340  347  361  375
  398  421  446  464  479  485  483  475  464  446  424  399  367  334  299  270
  247  227  210  186  171  151  135  102   94                                   
    25.0-180.0 180.0   5.0 450.0                            LAT/LON1/LON2/DLON/H
  113  107  100   88   85   80   76   71   69   70   73   78   81   91   96  105
  109  111  112  112  109  103   95   86   77   68   62   60   60   68   77   96
  113  136  161  189  214  244  266  284  304  319  340  353  369  381  401  419
  447  475  508  529  549  554  555  546  542  524  504  476  437  399  352  321
  291  275  255  233  211  194  157  132  113                                   
    22.5-180.0 180.0   5.0 450.0                            LAT/LON1/LON2/DLON/H
  151  143  134  115  111   97   94   82   81   75   77   77   81   85   91   97
  100  103  103  106  103  101   95   88   82   76   71   67   68   73   86  102
  125  144  171  199  228  255  281  302  324  342  362  381  399  420  438  465
  492  528  565  596  616  624  622  615  603  587  566  539  505  459  414  374
  342  321  305  283  249  233  202  170  151                                   
    20.0-180.0 180.0   5.0 450.0                            LAT/LON1/LON2/DLON/H
  189  195  185  162  146  125  114   98   92   81   81   79   79   83   85   91
   94   96   98   99  100   99   96   94   92   86   81   76   77   79   92  111
  135  151  183  212  240  271  294  316  342  362  387  408  435  453  480  504
  537  573  609  636  657  661  653  642  632  621  607  589  551  515  468  436
  401  385  360  342  301  288  249  219  189                                   
    17.5-180.0 180.0   5.0 450.0                            LAT/LON1/LON2/DLON/H
  254  254  246  217  196  170  149  127  112   90   87   80   85   81   84   85
   86   88   88   93   93   97   98  100  102  101   97   89   88   90  102  120
  145  163  195  224  252  278  304  330  356  381  408  437  461  489  509  538
  571  602  632  653  666  662  652  642  633  628  620  611  582  549  505  468
  436  418  403  384  357  348  307  276  254                                   
    15.0-180.0 180.0   5.0 450.0                            LAT/LON1/LON2/DLON/H
  309  322  296  272  244  219  191  168  145  118  106   94   90   84   81   80
   81   81   80   84   87   91   98  106  113  116  111  102  101   99  114  131
  156  174  206  236  260  287  312  339  371  398  433  461  493  514  535  561
  590  612  630  643  649  643  635  628  623  623  620  620  600  575  536  501
  466  449  431  415  393  385  358  323  309                                   
    12.5-180.0 180.0   5.0 450.0                            LAT/LON1/LON2/DLON/H
  358  369  341  321  290  259  235  208  186  155  136  115  107   94   89   83
   79   78   78   81   85   94  104  115  124  130  125  117  109  110  120  142
  166  185  215  240  265  286  314  347  378  413  445  480  507  530  550  571
  594  607  617  622  619  610  595  594  596  603  603  607  596  579  547  514
  484  463  448  433  418  413  399  364  358                                   
    10.0-180.0 180.0   5.0 450.0                            LAT/LON1/LON2/DLON/H
  374  393  365  353  328  306  274  252  226  201  176  152  135  116  105   98
   90   86   84   87   91  102  111  124  136  141  136  123  117  113  128  148
  173  193  218  245  264  289  314  349  385  419  457  488  520  535  554  570
  584  591  594  592  586  576  567  569  577  590  594  599  592  580  553  526
  497  478  463  448  435  431  419  387  374                                   
     7.5-180.0 180.0   5.0 450.0                            LAT/LON1/LON2/DLON/H
  395  409  391  384  359  338  309  287  262  234  212  187  165  140  127  112
  106   98   96   95  104  110  123  131  145  150  142  132  120  120  134  152
