data/unet/pred2320.15i
     1.0            IONOSPHERE MAPS     GNSS                IONEX VERSION / TYPE
pyspatialgeodesy        IME             05-JAN-18 20:20     PGM / RUN BY / DATE 
Map Name                                                    COMMENT             
Predicted global ionosphere maps (GIM).                     DESCRIPTION         
  2015     8    20     0     0     0                        EPOCH OF FIRST MAP  
  2015     8    21     0     0     0                        EPOCH OF LAST MAP   
  7200                                                      INTERVAL            
    13                                                      # OF MAPS IN FILE   
  NONE                                                      MAPPING FUNCTION    
10.0                                                        ELEVATION CUTOFF    
One-way carrier phase leveled to code                       OBSERVABLES USED    
  6371.0                                                    BASE RADIUS         
 2                                                          MAP DIMENSION       
   450.0 450.0   0.0                                        HGT1 / HGT2 / DHGT  
    87.5 -87.5  -2.5                                        LAT1 / LAT2 / DLAT  
  -180.0 180.0   5.0                                        LON1 / LON2 / DLON  
    -1                                                      EXPONENT            
                                                            END OF HEADER       
[from data line 1287]
     4                                                      START OF TEC MAP    
  2015     8    20     6     0     0                        EPOCH OF CURRENT MAP
    87.5-180.0 180.0   5.0 450.0                            LAT/LON1/LON2/DLON/H
   68   99   97   96   97   94   98   97  101  100  103  102  105  103  106  104
  107  105  107  105  107  104  106  104  105  103  105  102  103  101  102  100
  101   98  100   97   99   97   99   96   98   96   99   96   99   97  100   98
  100   99  101   99  101   99  101   99  101   98   99   97   98   95   97   93
   96   92   94   91   96   91  106   73   68                                   
    85.0-180.0 180.0   5.0 450.0                            LAT/LON1/LON2/DLON/H
   87   95   85   87   87   83   87   88   92   92   95   95   98   98  100  100
  101  101  101  101  101  100  100   99   98   97   97   96   95   94   94   93
   92   91   91   90   89   88   88   88   87   87   87   88   88   88   89   90
   91   92   93   94   95   95   96   97   97   97   97   97   97   95   95   93
   93   91   90   88   87   80   95   94   87                                   
    82.5-180.0 180.0   5.0 450.0                            LAT/LON1/LON2/DLON/H
   80   79   81   79   80   78   84   85   90   90   94   95   98   99  100  101
  102  102  101  102  100  100   98   99   96   97   95   96   93   94   92   93
   90   90   89   89   87   87   86   86   85   85   85   86   86   87   89   90
   91   93   95   97   98   99  101  102  102  102  103  102  102   99   99   96
   95   91   90   86   84   80   88   77   80                                   
    80.0-180.0 180.0   5.0 450.0                            LAT/LON1/LON2/DLON/H
   81   77   72   71   68   70   73   77   79   83   85   88   89   92   93   94
   94   94   94   94   92   91   90   90   88   88   87   87   86   86   86   86
   85   85   84   84   81   82   79   80   77   79   77   79   79   82   83   86
   88   91   94   97  100  102  104  106  107  107  107  107  106  103  100   97
   94   90   86   84   79   72   77   73   81                                   
    77.5-180.0 180.0   5.0 450.0                            LAT/LON1/LON2/DLON/H
   81   74   72   70   73   73   76   80   82   85   86   90   90   92   91   93
   91   92   89   90   86   86   82   83   79   81   77   80   77   81   78   82
   78   82   78   81   76   79   75   77   73   76   74   78   77   81   82   87
   88   94   97  103  104  110  111  115  115  117  115  117  112  113  107  107
   99   98   92   91   84   77   80   72   81                                   
    75.0-180.0 180.0   5.0 450.0                            LAT/LON1/LON2/DLON/H
   87   78   75   72   72   72   75   78   80   83   83   87   86   89   87   89
   86   87   83   82   78   77   73   73   69   70   68   70   69   72   72   75
   74   76   75   75   73   73   71   71   69   70   71   72   76   78   84   86
   93   95  104  107  113  115  122  121  125  123  125  123  123  119  117  113
  108  104  100   97   92   83   87   78   87                                   
    72.5-180.0 180.0   5.0 450.0                            LAT/LON1/LON2/DLON/H
   91   81   77   75   74   75   75   78   79   81   81   84   83   85   84   84
   82   81   79   77   73   70   66   64   60   60   59   61   60   64   65   70
   68   73   70   74   69   72   67   71   66   71   71   77   77   85   88   95
   98  106  109  117  118  124  125  129  129  131  129  131  127  127  121  120
  114  112  106  105   98   91   91   85   91                                   
    70.0-180.0 180.0   5.0 450.0                            LAT/LON1/LON2/DLON/H
   98   87   82   78   76   75   76   76   77   78   77   80   79   81   79   80
   76   76   72   69   65   61   57   54   51   50   49   52   52   56   59   63
   64   66   67   67   66   65   65   64   66   67   73   76   83   86   95   97
  105  107  114  114  119  118  123  122  126  124  128  126  129  126  127  123
  121  117  116  112  109   98   99   97   98                                   
    67.5-180.0 180.0   5.0 450.0                            LAT/LON1/LON2/DLON/H
  103   93   86   83   78   77   75   76   74   75   74   76   76   76   76   76
   74   72   69   67   62   58   53   51   47   46   45   48   49   53   55   61
   61   65   64   67   63   66   63   67   66   72   75   83   87   96  101  108
  110  113  113  115  113  114  114  116  117  120  120  123  123  125  124  124
  121  122  120  120  116  107  104  103  103                                   
    65.0-180.0 180.0   5.0 450.0                            LAT/LON1/LON2/DLON/H
  110  100   94   89   83   80   78   75   73   72   71   72   71   72   71   72
   69   68   64   61   57   53   49   46   42   42   41   44   44   49   51   55
   56   59   60   60   60   60   63   64   69   73   83   88   98  105  113  114
  117  114  115  110  109  106  107  105  109  109  113  115  119  119  122  121
  123  122  124  124  122  115  111  112  110                                   
    62.5-180.0 180.0   5.0 450.0                            LAT/LON1/LON2/DLON/H
  116  106   96   93   86   82   77   75   71   70   68   68   68   68   68   68
   66   64   60   58   53   50   46   44   41   40   41   42   44   46   49   53
   53   56   56   59   57   60   60   66   70   79   88  100  109  116  121  123
  122  119  114  110  105  102  100   99  101  103  105  109  111  115  116  118
  118  121  122  125  125  118  115  113  116                                   
    60.0-180.0 180.0   5.0 450.0                            LAT/LON1/LON2/DLON/H
  121  109  103   97   89   83   78   73   69   66   63   63   63   63   62   62
   60   58   53   51   47   45   41   40   38   39   38   41   41   43   44   47
   48   50   52   54   55   56   61   64   73   83   96  106  119  124  131  129
  130  123  121  112  109  104  102   99  101  102  104  106  110  112  114  114
  116  117  121  123  126  122  118  120  121                                   
    57.5-180.0 180.0   5.0 450.0                            LAT/LON1/LON2/DLON/H
  126  114  106  102   94   89   81   76   69   65   62   60   61   60   60   59
   57   53   49   45   42   39   38   37   38   37   38   38   40   40   42   42
   44   46   48   51   53   56   60   67   78   90  103  116  127  134  138  138
  137  134  130  126  120  116  112  110  110  111  111  113  114  114  114  114
  113  115  118  123  125  123  121  120  126                                   
    55.0-180.0 180.0   5.0 450.0                            LAT/LON1/LON2/DLON/H
  134  119  116  111  103   96   88   81   72   66   61   58   57   56   55   54
   51   48   43   40   36   35   33   35   35   37   37   39   38   40   38   40
   41   45   48   51   55   59   65   71   84   95  111  123  136  140  146  145
  147  143  143  138  138  132  129  125  125  123  123  122  123  120  119  115
  115  113  118  120  126  126  125  127  134                                   
    52.5-180.0 180.0   5.0 450.0                            LAT/LON1/LON2/DLON/H
  139  127  123  122  115  107   98   90   79   71   63   59   57   55   54   51
   50   45   41   36   34   32   32   32   34   34   36   35   37   36   37   36
   39   42   47   51   57   62   68   78   91  105  119  132  142  150  154  156
  157  158  159  158  158  155  151  148  145  143  139  138  133  131  126  121
  118  116  117  121  125  128  128  130  139                                   
    50.0-180.0 180.0   5.0 450.0                            LAT/LON1/LON2/DLON/H
  148  137  139  135  130  122  113  101   88   78   67   60   56   54   51   49
   47   43   39   36   34   32   32   33   34   35   35   36   35   36   34   36
   38   43   48   55   62   68   76   84   99  111  129  139  153  157  165  166
  172  173  177  177  179  175  172  164  162  155  153  147  146  139  136  128
  126  121  124  126  132  135  135  139  148                                   
    47.5-180.0 180.0   5.0 450.0                            LAT/LON1/LON2/DLON/H
  152  148  147  149  144  137  126  114   99   89   75   67   61   57   56   52
   51   47   45   40   40   38   38   36   38   37   38   35   36   34   35   36
   39   44   52   59   67   75   84   96  110  125  140  153  162  170  176  179
  184  187  192  193  195  191  187  178  173  166  162  158  154  151  145  139
  134  131  131  133  136  141  139  145  152                                   
    45.0-180.0 180.0   5.0 450.0                            LAT/LON1/LON2/DLON/H
  161  156  158  156  154  146  139  126  111   96   81   71   62   58   55   54
   52   50   48   45   45   43   44   42   42   40   39   38   37   36   35   37
   40   46   54   62   72   80   91  102  118  131  149  158  171  176  185  187
  193  196  200  202  203  196  190  180  174  165  162  157  157  151  148  142
  141  137  139  139  142  149  148  154  161                                   
    42.5-180.0 180.0   5.0 450.0                            LAT/LON1/LON2/DLON/H
  162  164  160  161  158  153  145  134  119  105   89   79   70   64   61   59
   59   58   57   56   55   54   54   51   50   45   45   41   40   37   38   38
   43   48   56   65   76   86   97  112  126  143  157  169  177  184  190  192
  199  201  206  206  207  198  191  179  173  166  163  161  160  157  155  152
  149  148  147  148  148  153  150  158  162                                   
    40.0-180.0 180.0   5.0 450.0                            LAT/LON1/LON2/DLON/H
  166  166  161  158  154  149  144  135  124  111   96   85   74   68   62   62
   62   63   63   62   63   63   62   59   56   52   48   45   43   42   40   42
   45   50   58   67   80   90  103  117  135  149  165  173  186  189  196  197
  202  204  208  208  208  202  193  183  176  169  164  163  163  161  160  157
  158  155  156  154  151  158  157  161  166                                   
    37.5-180.0 180.0   5.0 450.0                            LAT/LON1/LON2/DLON/H
  167  165  154  151  147  144  140  134  126  115  105   93   84   75   71   69
   70   71   73   73   74   74   74   69   67   59   57   51   50   46   46   45
   49   52   61   69   82   94  110  127  144  160  171  182  189  196  201  204
  209  212  216  216  219  214  209  200  194  189  183  180  178  175  173  172
  172  171  171  166  162  163  159  163  167                                   
    35.0-180.0 180.0   5.0 450.0                            LAT/LON1/LON2/DLON/H
  170  167  152  145  136  135  131  129  123  119  108  101   89   81   73   72
   71   74   75   76   77   79   78   76   71   66   61   58   55   52   51   50
   51   54   60   68   81   95  113  130  150  164  176  184  193  198  205  207
  215  219  226  230  237  237  234  229  223  217  209  203  197  192  188  185
  184  183  183  176  168  169  168  166  170                                   
    32.5-180.0 180.0   5.0 450.0                            LAT/LON1/LON2/DLON/H
  177  166  147  137  130  125  124  120  121  117  113  104   97   86   81   77
   78   77   81   80   84   84   86   82   80   73   70   64   63   58   57   54
   54   55   61   67   81   96  116  136  154  169  179  189  194  203  208  216
  224  230  241  250  263  269  274  271  269  260  250  239  228  217  209  203
  199  197  196  187  179  176  175  176  177                                   
    30.0-180.0 180.0   5.0 450.0                            LAT/LON1/LON2/DLON/H
  190  179  157  144  128  124  119  120  119  123  117  114  104   96   87   83
   81   81   82   84   87   90   90   89   86   81   77   72   69   65   62   59
   57   57   60   67   80   96  116  138  155  171  178  186  194  201  211  221
  233  244  258  272  291  305  315  319  319  312  299  284  267  250  235  223
  216  210  209  197  189  186  189  185  190                                   
    27.5-180.0 180.0   5.0 450.0                            LAT/LON1/LON2/DLON/H
  212  193  171  156  140  129  125  120  122  122  121  116  111  101   95   87
   88   84   88   87   93   94   98   96   95   89   85   79   75   71   68   63
   61   59   62   67   82   99  118  140  158  170  180  187  191  201  212  230
  242  257  273  293  318  339  356  365  371  362  349  329  309  289  268  253
  240  235  229  218  208  205  202  204  212                                   
    25.0-180.0 180.0   5.0 450.0                            LAT/LON1/LON2/DLON/H
  242  223  203  183  164  148  136  131  127  130  126  124  116  108   99   94
   91   89   91   92   97  102  105  106  103   98   92   85   80   74   69   65
   61   60   60   67   79   98  114  136  151  164  173  180  187  198  213  234
  249  267  285  311  340  368  388  402  404  396  380  360  339  318  297  279
  264  256  251  237  227  227  227  224  242                                   
    22.5-180.0 180.0   5.0 450.0                            LAT/LON1/LON2/DLON/H
  270  257  241  222  198  177  162  148  141  135  131  127  120  112  106   98
   97   92   97   96  104  106  112  111  109  103   96   88   81   74   70   65
   62   59   61   67   80  100  115  136  151  163  173  181  187  201  217  240
  258  275  296  323  357  385  409  421  426  414  401  382  362  345  328  311
  296  287  279  263  253  252  245  250  270                                   
    20.0-180.0 180.0   5.0 450.0                            LAT/LON1/LON2/DLON/H
  295  282  270  258  234  211  189  173  159  150  142  137  129  120  110  104
  100   98  100  102  110  114  118  119  116  109  101   90   83   75   68   65
   59   61   58   68   77  101  113  135  147  159  172  179  190  205  225  250
  265  286  308  338  367  395  412  425  428  419  407  392  378  363  349  333
  321  308  303  286  278  277  271  272  295                                   
    17.5-180.0 180.0   5.0 450.0                            LAT/LON1/LON2/DLON/H
  310  301  296  286  267  243  219  196  180  164  152  142  135  125  118  111
  108  104  106  107  115  118  123  121  119  110  100   89   80   71   66   61
   58   57   57   66   79  100  114  135  149  164  175  186  195  215  235  259
  275  294  317  342  368  389  401  409  412  408  402  394  387  381  371  361
  347  337  326  312  299  307  295  299  310                                   
    15.0-180.0 180.0   5.0 450.0                            LAT/LON1/LON2/DLON/H
  322  311  303  299  283  266  240  217  198  182  168  154  148  137  131  121
  118  113  113  113  121  123  127  126  121  111  100   86   76   67   60   59
   53   55   52   65   76  100  112  136  150  166  178  188  202  225  248  269
  284  306  327  349  366  383  387  395  395  395  393  391  390  387  383  373
  362  351  344  325  317  322  315  321  322                                   
    12.5-180.0 180.0   5.0 450.0                            LAT/LON1/LON2/DLON/H
  329  318  311  301  291  277  256  234  214  197  180  165  154  147  140  133
  126  121  118  117  122  122  126  123  117  105   94   79   71   60   57   54
   52   50   53   62   77   97  114  136  155  172  185  198  212  238  258  280
  295  317  333  350  362  372  373  376  379  384  389  391  395  398  396  390
  378  371  361  346  335  347  335  342  329                                   
    10.0-180.0 180.0   5.0 450.0                            LAT/LON1/LON2/DLON/H
  336  320  308  299  289  278  261  244  222  206  191  176  168  157  155  145
  141  132  129  123  127  124  127  123  113  101   89   75   65   59   54   53
   47   48   47   61   72   98  112  139  155  177  187  202  219  245  267  289
  305  326  341  354  362  369  368  374  377  385  390  393  397  399  400  395
  388  380  375  358  352  356  345  353  336                                   
     7.5-180.0 180.0   5.0 450.0                            LAT/LON1/LON2/DLON/H
  340  323  310  297  286  277  261  246  226  214  197  186  176  168  163  156
  150  141  135  127  126  121  122  114  106   91   84   69   63   53   52   50
