data/unet/pred0480.15i
     1.0            IONOSPHERE MAPS     GNSS                IONEX VERSION / TYPE
pyspatialgeodesy        IME             05-JAN-18 20:20     PGM / RUN BY / DATE 
Map Name                                                    COMMENT             
Predicted global ionosphere maps (GIM).                     DESCRIPTION         
  2015     2    17     0     0     0                        EPOCH OF FIRST MAP  
  2015     2    18     0     0     0                        EPOCH OF LAST MAP   
  7200                                                      INTERVAL            
    13                                                      # OF MAPS IN FILE   
  NONE                                                      MAPPING FUNCTION    
10.0                                                        ELEVATION CUTOFF    
One-way carrier phase leveled to code                       OBSERVABLES USED    
  6371.0                                                    BASE RADIUS         
 2                                                          MAP DIMENSION       
   450.0 450.0   0.0                                        HGT1 / HGT2 / DHGT  
    87.5 -87.5  -2.5                                        LAT1 / LAT2 / DLAT  
  -180.0 180.0   5.0                                        LON1 / LON2 / DLON  
    -1                                                      EXPONENT            
                                                            END OF HEADER       
[from data line 2145]
     6                                                      START OF TEC MAP    
  2015     2    17    10     0     0                        EPOCH OF CURRENT MAP
    87.5-180.0 180.0   5.0 450.0                            LAT/LON1/LON2/DLON/H
   71   99   95  100  100  105  105  109  107  111  109  113  110  114  111  114
  110  113  109  113  109  112  108  112  107  110  106  108  105  106  104  105
  103  106  104  107  105  108  105  107  104  106  103  104  101  102   99   99
   96   97   93   93   89   90   86   87   83   85   81   83   79   81   78   81
   79   82   80   84   82   85   88   77   71                                   
    85.0-180.0 180.0   5.0 450.0                            LAT/LON1/LON2/DLON/H
   93   80   82   90   91   97  100  107  106  114  111  117  114  118  114  117
  112  115  111  115  110  115  111  117  113  120  116  122  117  125  120  127
  122  129  124  130  124  130  124  128  122  125  120  120  115  114  109  107
  102  100   94   91   85   82   78   74   70   67   63   61   58   57   55   56
   55   58   58   60   65   67   78   72   93                                   
    82.5-180.0 180.0   5.0 450.0                            LAT/LON1/LON2/DLON/H
   74   81   79   87   89   93  100  104  107  110  112  113  113  113  111  110
  107  107  104  104  101  103  101  103  103  107  108  111  115  119  123  127
  130  136  137  142  142  145  144  145  143  143  140  139  134  132  127  123
  118  112  108  101   95   89   81   77   67   63   54   53   45   46   40   43
   39   43   41   47   48   55   62   59   74                                   
    80.0-180.0 180.0   5.0 450.0                            LAT/LON1/LON2/DLON/H
   78   81   78   83   86   92   98  102  105  107  109  108  107  105  104  101
   99   96   95   91   92   89   92   90   94   95  101  103  110  114  121  126
  134  139  147  150  156  157  161  160  163  161  163  158  158  152  151  144
  141  133  129  118  113  102   96   84   77   66   59   51   46   41   38   35
   36   35   37   38   43   47   58   55   78                                   
    77.5-180.0 180.0   5.0 450.0                            LAT/LON1/LON2/DLON/H
   73   81   80   85   88   93   96  101  102  104  103  103   99  100   93   94
   88   88   86   85   84   84   85   85   87   89   91   97  101  108  114  121
  130  137  147  153  160  164  170  171  174  176  177  177  177  174  174  170
  167  161  157  148  141  132  125  114  104   93   82   73   64   58   52   49
   47   44   45   45   49   51   59   51   73                                   
    75.0-180.0 180.0   5.0 450.0                            LAT/LON1/LON2/DLON/H
   71   77   79   86   87   92   97  100  101  101   99   95   92   87   85   81
   79   78   77   77   76   77   78   78   79   81   84   87   91   99  104  115
  123  135  145  157  164  175  177  186  184  194  192  198  196  200  201  200
  200  195  194  186  180  169  162  150  140  126  115  102   91   81   74   68
   64   60   58   57   56   59   63   54   71                                   
    72.5-180.0 180.0   5.0 450.0                            LAT/LON1/LON2/DLON/H
   71   78   79   85   86   89   94   94   97   95   94   89   85   80   76   73
   69   71   70   75   74   80   79   81   80   81   82   80   84   88   95  105
  117  131  143  156  168  178  184  192  194  201  203  209  210  214  219  221
  224  223  225  219  215  205  198  185  175  161  149  136  123  111  100   92
   83   78   73   67   68   66   70   60   71                                   
    70.0-180.0 180.0   5.0 450.0                            LAT/LON1/LON2/DLON/H
   71   71   75   79   82   85   91   91   93   89   87   79   76   70   67   64
   62   65   68   72   76   80   82   82   82   81   79   78   78   82   88   99
  111  128  142  157  166  182  183  196  194  209  207  219  219  230  233  240
  242  245  247  243  239  231  224  212  203  189  179  165  152  139  126  115
  102   95   85   81   74   72   72   60   71                                   
    67.5-180.0 180.0   5.0 450.0                            LAT/LON1/LON2/DLON/H
   67   67   67   72   74   74   83   83   87   83   83   76   72   65   62   58
   58   63   64   73   75   85   84   88   85   86   81   77   77   77   86   96
  112  130  146  165  173  190  189  202  199  214  213  225  228  238  244  250
  254  256  260  256  252  242  234  223  214  202  189  177  162  151  136  124
  110   99   90   84   78   71   73   60   67                                   
    65.0-180.0 180.0   5.0 450.0                            LAT/LON1/LON2/DLON/H
   64   57   59   62   64   71   77   82   84   82   80   74   68   63   60   58
   57   60   64   70   76   81   85   87   88   86   83   79   78   79   86   97
  111  130  147  167  178  193  194  204  204  214  216  227  231  241  247  255
  257  261  262  259  252  242  233  224  216  204  192  177  163  148  133  121
  105   96   85   84   76   71   68   54   64                                   
    62.5-180.0 180.0   5.0 450.0                            LAT/LON1/LON2/DLON/H
   63   55   50   53   54   58   66   71   76   75   78   72   68   63   60   57
   57   61   64   72   75   83   81   86   81   83   76   76   76   78   87  100
  117  139  159  180  193  208  209  217  215  222  221  231  234  242  248  254
  257  258  260  254  247  236  227  218  210  199  184  170  154  140  124  110
   95   85   78   74   70   63   63   53   63                                   
    60.0-180.0 180.0   5.0 450.0                            LAT/LON1/LON2/DLON/H
   59   49   47   51   50   58   64   70   75   76   77   73   71   64   62   58
   58   58   61   65   69   73   73   74   73   72   71   72   74   80   91  106
  125  147  168  190  206  217  221  226  226  228  229  235  239  243  250  253
  256  256  258  251  243  231  224  215  208  195  183  164  151  136  118  102
   86   79   72   71   66   62   58   48   59                                   
    57.5-180.0 180.0   5.0 450.0                            LAT/LON1/LON2/DLON/H
   67   57   50   51   46   52   57   62   68   70   74   71   69   64   61   57
   56   56   59   63   63   68   66   68   65   67   66   70   73   84   95  116
  135  157  181  201  218  228  234  238  237  241  241  248  250  255  257  258
  258  257  258  250  243  231  225  216  208  198  183  169  154  138  120  102
   87   76   70   69   68   64   64   55   67                                   
    55.0-180.0 180.0   5.0 450.0                            LAT/LON1/LON2/DLON/H
   72   63   60   58   52   56   56   63   65   70   72   71   71   66   64   58
   57   55   55   57   56   58   55   57   56   58   61   67   76   88  103  126
  144  168  188  213  228  241  246  253  253  259  259  269  269  273  269  268
  266  265  265  258  249  237  232  222  217  206  195  182  168  154  134  116
   98   88   80   81   79   78   74   65   72                                   
    52.5-180.0 180.0   5.0 450.0                            LAT/LON1/LON2/DLON/H
   93   85   76   70   58   58   57   60   63   67   70   70   71   66   63   59
   57   55   57   58   58   58   54   55   54   57   63   72   82   98  114  135
  155  177  199  222  238  253  260  269  272  281  286  295  296  296  292  286
  282  280  279  271  264  253  247  237  232  222  214  201  189  173  156  138
  121  107   98   99   97   95   93   88   93                                   
    50.0-180.0 180.0   5.0 450.0                            LAT/LON1/LON2/DLON/H
  106  101   92   84   73   70   63   66   64   68   68   72   72   70   67   64
   61   59   60   61   60   59   56   56   56   59   67   77   90  108  125  148
  166  188  211  234  251  266  275  288  291  303  307  316  314  313  305  300
  296  294  292  284  276  266  260  251  245  238  228  222  209  198  181  165
  146  132  121  121  118  116  111  107  106                                   
    47.5-180.0 180.0   5.0 450.0                            LAT/LON1/LON2/DLON/H
  129  123  112  101   88   80   74   71   69   70   72   74   77   74   73   69
   68   68   71   72   73   72   69   67   67   71   78   89  101  119  135  156
  173  197  219  244  259  276  288  300  307  318  323  329  329  324  318  311
  308  306  303  295  286  274  265  257  250  245  237  230  221  212  198  183
  167  153  140  134  133  130  127  126  129                                   
    45.0-180.0 180.0   5.0 450.0                            LAT/LON1/LON2/DLON/H
  135  134  122  119  107  103   91   88   81   81   77   82   81   83   78   79
   77   79   82   85   87   86   83   82   81   83   88   98  109  129  142  164
  180  203  226  251  268  286  297  311  318  331  335  339  335  330  321  317
  314  314  310  302  292  278  270  260  251  246  236  233  221  217  202  191
  173  161  146  142  136  133  132  133  135                                   
    42.5-180.0 180.0   5.0 450.0                            LAT/LON1/LON2/DLON/H
  143  137  129  130  121  116  108  100   97   92   92   93   94   94   92   91
   91   94   99  102  104  103   98   97   94   96  101  109  120  134  147  165
  183  206  230  256  274  292  305  321  330  342  346  347  342  334  328  322
  320  318  315  306  292  277  265  251  244  232  225  217  210  205  193  183
  167  154  139  132  126  123  125  127  143                                   
    40.0-180.0 180.0   5.0 450.0                            LAT/LON1/LON2/DLON/H
  130  129  124  132  127  132  122  120  110  108  103  105  102  104  100  102
  101  105  111  115  117  115  110  107  104  106  109  119  127  141  151  170
  187  211  238  264  284  301  313  328  337  348  350  349  342  335  330  327
  323  321  316  309  295  282  269  256  245  232  221  209  199  192  179  167
  151  138  121  117  110  106  108  109  130                                   
    37.5-180.0 180.0   5.0 450.0                            LAT/LON1/LON2/DLON/H
  119  116  113  124  123  132  126  126  119  115  111  112  114  114  112  112
  112  116  120  124  122  121  114  112  107  110  113  121  130  141  152  168
  185  211  239  268  290  307  321  337  344  356  356  357  350  346  342  337
  334  330  327  318  308  291  280  265  255  239  226  209  197  185  171  158
  142  126  110  101   95   88   88   89  119                                   
    35.0-180.0 180.0   5.0 450.0                            LAT/LON1/LON2/DLON/H
  101   98   97  107  111  124  123  124  118  116  113  117  117  120  119  118
  120  121  127  131  129  125  119  114  110  112  115  127  135  148  156  173
  188  213  242  274  295  314  332  348  360  370  374  377  377  376  376  372
  371  366  366  355  347  329  316  298  285  270  254  236  221  203  188  172
  155  136  114  103   92   83   80   71  101                                   
    32.5-180.0 180.0   5.0 450.0                            LAT/LON1/LON2/DLON/H
   94   90   85   92   95  107  109  113  110  110  109  114  117  122  122  124
  124  128  129  132  128  124  114  111  103  107  112  125  138  152  163  178
  193  218  248  282  304  321  342  361  376  388  398  407  412  415  416  416
  415  418  416  414  407  396  385  371  356  335  313  287  269  247  231  211
  194  171  150  127  111   91   84   69   94                                   
    30.0-180.0 180.0   5.0 450.0                            LAT/LON1/LON2/DLON/H
   93   82   75   74   81   90   98   99  101   99  103  107  114  117  123  122
  129  127  133  129  128  120  113  107  103  106  113  130  144  162  175  192
  205  230  255  294  313  334  355  377  395  411  423  435  444  453  458  464
  467  474  477  477  479  475  472  462  454  434  410  384  360  332  308  284
  262  240  212  183  158  128  112   88   93                                   
    27.5-180.0 180.0   5.0 450.0                            LAT/LON1/LON2/DLON/H
  115  102   86   79   73   78   82   83   85   86   90   96  105  112  118  122
  127  129  129  126  121  115  106  101   95  101  111  130  152  171  190  205
  221  243  268  305  330  350  375  394  418  434  451  465  481  492  504  516
  528  541  553  558  572  578  586  582  576  561  535  505  476  444  418  387
  358  329  299  259  226  185  162  127  115                                   
    25.0-180.0 180.0   5.0 450.0                            LAT/LON1/LON2/DLON/H
  150  134  110   84   76   69   75   69   79   75   86   87  101  102  113  115
  126  125  129  121  120  111  107  101   98  103  116  136  162  190  211  228
  236  265  286  324  347  379  399  425  447  469  489  506  528  545  568  585
  597  616  630  648  656  672  682  690  689  675  652  624  596  566  540  503
  468  440  405  360  312  262  229  203  150                                   
    22.5-180.0 180.0   5.0 450.0                            LAT/LON1/LON2/DLON/H
  218  202  161  123   98   85   78   76   77   76   81   86   95   98  105  112
  120  125  125  120  114  109  103  100   99  105  121  145  181  207  231  239
  248  277  302  340  371  403  426  446  474  496  522  546  572  598  626  642
  660  672  702  712  743  749  772  777  785  766  744  715  686  651  617  590
  563  548  518  468  413  351  312  281  218                                   
    20.0-180.0 180.0   5.0 450.0                            LAT/LON1/LON2/DLON/H
  300  282  227  176  144  112  102   87   87   78   87   84   96   92  102  104
  117  119  124  116  114  105  107   99  104  108  129  159  192  214  230  245
  261  292  322  367  395  431  456  483  508  531  557  583  616  642  674  697
  715  737  753  772  784  794  806  817  819  812  793  769  743  708  679  655
  632  617  594  556  513  443  393  371  300                                   
    17.5-180.0 180.0   5.0 450.0                            LAT/LON1/LON2/DLON/H
  378  344  288  239  193  159  142  124  117  107  105  105  107  102  104  105
  113  117  116  112  106  101  102  102  108  118  140  160  192  219  244  264
  282  311  339  381  417  453  481  506  530  554  577  606  633  667  698  723
  738  753  765  777  790  796  810  814  822  811  798  776  754  722  690  670
  648  636  621  593  558  514  467  438  378                                   
    15.0-180.0 180.0   5.0 450.0                            LAT/LON1/LON2/DLON/H
  424  398  343  292  256  222  191  170  154  134  127  115  114  105  106  105
  111  112  112  107  102  100  100  104  114  122  140  159  199  229  262  277
  303  332  361  399  428  458  499  524  550  569  593  619  650  680  712  728
  731  743  750  757  762  771  776  784  784  780  764  754  736  705  672  644
  622  611  601  583  558  524  500  468  424                                   
    12.5-180.0 180.0   5.0 450.0                            LAT/LON1/LON2/DLON/H
  435  417  364  323  294  268  248  220  198  176  161  142  137  118  118  111
  117  113  111  103  103   99  102  109  112  122  140  165  210  245  273  301
  318  344  375  407  436  464  499  527  556  577  598  627  656  686  706  710
  708  712  713  717  717  720  719  728  731  726  716  705  693  661  621  580
  554  541  540  532  525  505  497  466  435                                   
    10.0-180.0 180.0   5.0 450.0                            LAT/LON1/LON2/DLON/H
  420  410  373  350  323  310  293  275  246  217  192  171  154  132  125  116
  116  116  109  108  105  108  111  111  113  121  149  175  228  257  293  311
  334  361  385  421  450  475  510  538  563  584  608  632  660  680  693  692
  682  684  683  688  684  687  680  684  677  674  656  652  635  588  538  497
  464  446  444  448  450  452  468  436  420                                   
     7.5-180.0 180.0   5.0 450.0                            LAT/LON1/LON2/DLON/H
  387  388  361  343  329  324  312  307  281  253  225  202  181  157  144  132
  124  122  110  107  105  112  107  108  113  128  160  199  245  278  301  319
