data/unet/pred0520.15i
     1.0            IONOSPHERE MAPS     GNSS                IONEX VERSION / TYPE
pyspatialgeodesy        IME             05-JAN-18 20:20     PGM / RUN BY / DATE 
Map Name                                                    COMMENT             
Predicted global ionosphere maps (GIM).                     DESCRIPTION         
  2015     2    21     0     0     0                        EPOCH OF FIRST MAP  
  2015     2    22     0     0     0                        EPOCH OF LAST MAP   
  7200                                                      INTERVAL            
    13                                                      # OF MAPS IN FILE   
  NONE                                                      MAPPING FUNCTION    
10.0                                                        ELEVATION CUTOFF    
One-way carrier phase leveled to code                       OBSERVABLES USED    
  6371.0                                                    BASE RADIUS         
 2                                                          MAP DIMENSION       
   450.0 450.0   0.0                                        HGT1 / HGT2 / DHGT  
    87.5 -87.5  -2.5                                        LAT1 / LAT2 / DLAT  
  -180.0 180.0   5.0                                        LON1 / LON2 / DLON  
    -1                                                      EXPONENT            
                                                            END OF HEADER       
[from data line 3003]
     8                                                      START OF TEC MAP    
  2015     2    21    14     0     0                        EPOCH OF CURRENT MAP
    87.5-180.0 180.0   5.0 450.0                            LAT/LON1/LON2/DLON/H
  119  123  131  131  130  130  131  129  131  130  131  131  131  132  131  131
  130  132  130  132  130  133  131  134  131  134  132  133  132  132  131  131
  130  129  129  128  126  126  124  124  122  123  120  121  119  120  118  119
  118  120  119  121  120  123  121  125  123  127  124  128  126  129  127  131
  128  132  131  132  130  132  140  131  119                                   
    85.0-180.0 180.0   5.0 450.0                            LAT/LON1/LON2/DLON/H
  113  120  119  120  123  122  125  124  126  125  126  125  126  124  125  123
  125  124  126  125  127  127  129  129  130  131  132  131  132  132  133  131
  132  130  131  128  128  125  125  120  119  115  114  110  109  107  105  105
  105  105  106  106  108  108  111  111  114  114  117  116  119  118  119  118
  120  119  120  120  121  120  123  132  113                                   
    82.5-180.0 180.0   5.0 450.0                            LAT/LON1/LON2/DLON/H
  113  105  111  113  111  113  112  113  112  112  111  110  110  108  108  106
  107  106  108  108  111  111  115  115  121  121  126  125  131  128  133  130
  133  130  131  128  126  122  119  115  111  106  103   98   96   91   91   88
   90   88   91   91   94   95   99   99  103  103  106  107  108  109  108  109
  108  109  109  109  107  106  108  111  113                                   
    80.0-180.0 180.0   5.0 450.0                            LAT/LON1/LON2/DLON/H
   93   91   94   96   99   97  100   98   99   96   94   93   91   89   88   87
   86   88   88   91   92   96   98  104  107  114  117  122  126  129  132  132
  134  133  131  129  125  121  116  111  105  101   95   91   86   84   80   81
   80   82   82   85   86   88   90   93   94   97   97  100   99  100   98   98
   95   94   92   90   88   86   85   95   93                                   
    77.5-180.0 180.0   5.0 450.0                            LAT/LON1/LON2/DLON/H
   77   75   75   79   81   82   84   83   83   81   79   76   76   75   75   74
   74   76   76   80   80   85   88   95  100  110  116  125  129  136  140  144
  144  145  142  140  135  130  123  116  108  101   94   88   84   79   78   76
   77   78   80   81   84   85   88   88   90   91   91   92   91   91   88   87
   83   81   78   75   71   68   67   76   77                                   
    75.0-180.0 180.0   5.0 450.0                            LAT/LON1/LON2/DLON/H
   68   63   64   67   71   72   72   73   71   70   68   66   68   66   68   67
   68   70   71   76   79   86   90   98  105  118  125  137  143  151  155  159
  160  161  160  157  152  144  138  129  122  112  107   97   94   87   87   82
   83   82   86   85   90   90   94   93   96   96   97   97   97   95   92   88
   83   78   75   69   66   61   63   66   68                                   
    72.5-180.0 180.0   5.0 450.0                            LAT/LON1/LON2/DLON/H
   64   61   60   64   67   65   69   66   68   65   65   64   65   67   67   70
   70   76   77   86   89   99  103  118  124  139  145  157  161  173  174  183
  180  186  181  182  174  171  161  155  145  138  128  122  115  111  106  103
   98   97   96   94   95   97   98   98   98  100   99  102   99  100   94   93
   85   81   75   71   65   62   62   63   64                                   
    70.0-180.0 180.0   5.0 450.0                            LAT/LON1/LON2/DLON/H
   66   62   60   63   66   67   66   67   65   66   65   64   67   67   71   73
   76   81   87   96  103  116  123  137  144  159  162  175  177  188  190  200
  200  205  202  203  196  193  186  179  171  163  157  147  141  131  128  119
  117  109  108  101  100   97   97   95   96   97   97  101  101  102  101   97
   94   86   83   75   71   64   64   61   66                                   
    67.5-180.0 180.0   5.0 450.0                            LAT/LON1/LON2/DLON/H
   64   65   63   69   70   70   72   70   69   67   67   67   69   73   76   82
   85   96  102  116  124  140  147  162  166  178  180  191  193  201  203  209
  211  216  213  215  208  210  202  202  192  191  182  176  167  158  147  139
  130  123  116  108  101   96   91   89   85   86   84   89   89   94   94   96
   92   91   84   81   73   68   67   64   64                                   
    65.0-180.0 180.0   5.0 450.0                            LAT/LON1/LON2/DLON/H
   65   65   65   71   74   74   74   72   69   67   66   65   69   73   79   86
   95  105  115  130  142  155  163  174  178  189  189  199  199  208  207  217
  217  224  221  226  218  221  215  216  212  210  206  198  189  176  166  151
  140  126  117  101   92   81   74   68   68   64   67   70   74   79   83   88
   88   89   87   81   76   70   68   64   65                                   
    62.5-180.0 180.0   5.0 450.0                            LAT/LON1/LON2/DLON/H
   57   60   62   72   73   74   74   73   70   68   66   66   68   74   81   92
   99  114  124  144  154  170  177  189  192  200  201  206  207  210  212  217
  220  225  227  228  224  225  222  224  221  220  217  208  200  188  176  161
  146  129  117   97   84   70   60   53   48   46   46   51   55   62   66   74
   76   81   79   80   73   69   67   61   57                                   
    60.0-180.0 180.0   5.0 450.0                            LAT/LON1/LON2/DLON/H
   54   53   57   65   69   69   71   66   65   61   60   60   63   66   76   86
   98  111  125  144  158  173  182  193  195  201  200  204  205  208  209  217
  222  232  233  237  233  234  231  231  229  227  223  217  210  196  182  164
  148  128  114   91   76   59   49   39   37   31   33   35   39   47   53   62
   68   72   75   73   69   64   63   54   54                                   
    57.5-180.0 180.0   5.0 450.0                            LAT/LON1/LON2/DLON/H
   46   45   46   58   60   63   62   61   59   58   57   57   58   62   69   83
   93  110  123  145  158  176  187  198  201  206  205  208  208  212  214  224
  230  240  243  246  245  245  242  242  237  234  228  222  215  201  188  167
  153  132  119   95   80   64   51   42   37   32   31   31   36   40   44   53
   58   65   67   70   64   62   57   48   46                                   
    55.0-180.0 180.0   5.0 450.0                            LAT/LON1/LON2/DLON/H
   47   38   42   49   55   55   56   53   54   44   52   43   53   49   62   70
   86  102  120  140  155  174  187  198  201  206  206  210  214  219  225  237
  247  257  260  262  259  257  255  250  245  243  236  233  223  210  194  174
  158  141  128  107   93   78   69   60   52   48   41   41   39   43   45   51
   58   65   69   70   67   62   58   45   47                                   
    52.5-180.0 180.0   5.0 450.0                            LAT/LON1/LON2/DLON/H
   51   43   42   52   52   54   54   49   47   41   42   41   45   49   57   73
   87  107  124  147  159  181  190  205  207  216  217  226  232  241  250  262
  271  279  282  278  277  274  270  267  260  256  249  244  235  219  205  183
  173  155  147  129  118  106   95   90   81   74   65   62   58   57   57   61
   64   71   73   78   73   71   64   54   51                                   
    50.0-180.0 180.0   5.0 450.0                            LAT/LON1/LON2/DLON/H
   67   52   54   58   61   58   61   50   52   40   46   36   47   43   59   69
   89  108  129  151  165  187  196  210  214  227  233  242  250  260  271  283
  293  300  301  300  295  294  288  285  277  273  266  261  250  235  218  201
  187  173  164  151  142  134  126  121  113  105   94   90   82   80   75   79
   81   86   90   92   91   85   83   69   67                                   
    47.5-180.0 180.0   5.0 450.0                            LAT/LON1/LON2/DLON/H
   84   74   68   73   70   72   69   70   63   57   54   49   49   52   61   83
   99  124  144  168  182  202  209  224  228  245  251  263  269  280  289  300
  308  312  314  311  311  309  307  304  298  292  284  276  264  249  232  215
  204  189  181  170  162  156  146  143  132  126  115  112  104  103   97  100
   99  105  106  110  108  109  104   98   84                                   
    45.0-180.0 180.0   5.0 450.0                            LAT/LON1/LON2/DLON/H
  105   95   92   91   92   88   88   85   85   72   75   59   65   58   74   88
  111  133  160  182  198  217  222  237  245  262  268  277  284  292  300  308
  314  320  322  324  326  328  329  329  322  315  304  293  279  265  248  231
  218  203  192  182  173  165  156  150  142  135  128  124  119  118  116  120
  119  124  127  129  131  127  126  120  105                                   
    42.5-180.0 180.0   5.0 450.0                            LAT/LON1/LON2/DLON/H
  115  114  107  108  104  104  102  101   98   95   92   82   78   77   86  106
  127  157  178  204  216  233  238  253  263  276  280  286  289  294  298  304
  311  316  322  330  337  345  349  351  345  336  323  309  294  277  259  242
  227  210  198  185  171  160  146  140  130  127  121  121  119  122  122  128
  127  134  131  138  134  138  139  139  115                                   
    40.0-180.0 180.0   5.0 450.0                            LAT/LON1/LON2/DLON/H
  123  123  119  116  117  113  112  106  107  102  102   95   92   87   98  114
  143  167  198  216  229  241  248  264  273  285  287  291  292  294  295  300
  307  317  328  342  355  371  376  380  372  361  344  328  311  291  272  252
  233  212  196  178  164  147  134  122  116  111  109  110  111  118  120  127
  128  132  132  133  135  135  139  139  123                                   
    37.5-180.0 180.0   5.0 450.0                            LAT/LON1/LON2/DLON/H
  114  120  117  119  115  115  113  108  109  105  106  102  100   98  109  129
  156  185  209  227  241  252  260  271  282  289  291  290  290  288  292  296
  309  323  342  360  380  396  405  405  397  383  365  346  326  305  283  262
  239  214  194  175  155  139  121  110  101   97   95   99  100  105  108  115
  115  119  114  118  115  120  124  133  114                                   
    35.0-180.0 180.0   5.0 450.0                            LAT/LON1/LON2/DLON/H
  106  111  107  106  108  105  105   98  101   98  104  102  105  104  119  137
  169  192  218  233  245  257  266  278  285  292  294  292  291  291  296  307
  324  345  368  394  417  434  441  442  430  413  391  372  351  330  306  285
  259  234  209  187  171  151  135  117  106   97   97   96   98   99  102  107
  107  107  104  100   97   96  103  107  106                                   
    32.5-180.0 180.0   5.0 450.0                            LAT/LON1/LON2/DLON/H
   88   87   89   97   93   96   93   89   94   93   99   99  103  108  122  145
  171  197  219  236  252  265  275  287  294  299  300  302  302  310  320  340
  363  391  421  446  467  476  482  476  465  448  429  407  389  366  342  321
  297  275  253  232  214  198  181  162  147  132  124  117  111  109  108  107
  105  102   95   87   81   77   79   91   88                                   
    30.0-180.0 180.0   5.0 450.0                            LAT/LON1/LON2/DLON/H
   76   78   73   81   82   83   82   79   81   83   88   94  102  109  128  150
  179  199  224  240  259  272  285  295  301  307  314  320  328  342  365  388
  419  447  483  506  523  528  526  517  502  489  469  455  435  417  390  374
  353  337  318  306  284  264  238  220  201  193  186  178  162  149  137  128
  123  114  106   94   78   69   65   72   76                                   
    27.5-180.0 180.0   5.0 450.0                            LAT/LON1/LON2/DLON/H
   69   66   66   71   65   67   63   62   68   71   80   86   96  106  125  150
  177  200  226  246  266  281  294  305  313  323  334  349  367  393  420  459
  493  530  560  582  589  582  570  556  541  532  519  508  495  477  453  434
  417  409  393  382  372  356  335  312  284  266  245  237  223  211  200  188
  181  168  153  131  112   98   84   70   69                                   
    25.0-180.0 180.0   5.0 450.0                            LAT/LON1/LON2/DLON/H
   79   82   60   65   54   58   46   51   48   59   71   82   95  106  128  153
  184  205  234  253  278  292  309  317  329  341  362  381  410  443  487  529
  576  607  634  642  645  629  610  589  573  566  561  556  550  537  524  514
  505  501  492  487  477  464  435  411  372  353  328  324  297  283  252  236
  209  191  166  150  133  122  119   85   79                                   
    22.5-180.0 180.0   5.0 450.0                            LAT/LON1/LON2/DLON/H
   93   89   76   65   53   49   41   42   39   41   52   59   74   95  123  148
  179  208  241  263  288  305  320  334  348  367  390  421  453  499  544  601
  637  673  684  694  691  670  645  629  611  611  608  617  614  615  607  608
  608  606  604  594  585  562  534  492  457  424  403  390  372  348  319  295
  261  249  221  209  180  168  149  126   93                                   
    20.0-180.0 180.0   5.0 450.0                            LAT/LON1/LON2/DLON/H
  138  118  103   86   69   59   45   45   41   47   55   68   77  100  128  154
  187  219  251  279  304  320  339  351  370  389  423  457  504  547  604  650
  692  710  725  728  720  695  672  659  647  650  652  662  667  670  672  676
  679  678  673  669  654  636  606  571  534  499  474  460  439  424  392  372
  333  322  292  282  257  244  208  178  138                                   
    17.5-180.0 180.0   5.0 450.0                            LAT/LON1/LON2/DLON/H
  179  162  134  114   87   77   59   58   47   51   48   48   57   78  108  148
  186  225  263  292  319  336  355  369  387  414  445  487  537  590  638  684
  710  731  741  743  730  710  694  685  681  685  687  695  699  704  711  718
  721  714  696  678  658  633  605  570  546  518  503  491  480  465  442  420
  390  379  351  347  321  298  260  223  179                                   
    15.0-180.0 180.0   5.0 450.0                            LAT/LON1/LON2/DLON/H
  206  182  154  139  121  103   84   77   64   63   61   64   70   92  119  159
  194  237  278  313  337  358  375  387  412  438  476  518  572  617  663  692
  720  730  743  733  727  711  702  704  701  707  708  720  724  732  738  741
  736  714  680  653  623  596  565  533  513  495  498  498  494  487  469  450
  425  406  384  369  355  326  296  257  206                                   
    12.5-180.0 180.0   5.0 450.0                            LAT/LON1/LON2/DLON/H
  224  197  169  155  142  134  105   97   78   77   72   71   76   90  111  156
  188  236  273  325  351  373  391  409  431  465  505  557  600  639  669  695
  714  724  728  725  723  715  719  717  717  723  728  737  741  741  739  735
  717  685  643  599  555  512  479  454  443  446  452  468  467  470  454  446
  422  411  386  383  365  343  310  264  224                                   
    10.0-180.0 180.0   5.0 450.0                            LAT/LON1/LON2/DLON/H
  204  206  177  161  142  133  118  110   90   86   80   99   93  115  136  180
  208  255  286  339  367  396  415  431  463  495  541  586  621  648  670  688
  705  706  713  713  716  720  724  729  729  737  739  749  746  744  730  715
  685  650  589  526  482  444  418  399  399  404  424  436  443  444  438  430
  415  396  377  364  355  336  303  261  204                                   
     7.5-180.0 180.0   5.0 450.0                            LAT/LON1/LON2/DLON/H
  192  198  186  167  155  138  126  122  109  104   94  101  109  126  149  189
  215  256  276  334  369  395  417  449  481  529  578  613  637  656  670  684
