data/unet/pred3230.15i
     1.0            IONOSPHERE MAPS     GNSS                IONEX VERSION / TYPE
pyspatialgeodesy        IME             05-JAN-18 20:20     PGM / RUN BY / DATE 
Map Name                                                    COMMENT             
Predicted global ionosphere maps (GIM).                     DESCRIPTION         
  2015    11    19     0     0     0                        EPOCH OF FIRST MAP  
  2015    11    20     0     0     0                        EPOCH OF LAST MAP   
  7200                                                      INTERVAL            
    13                                                      # OF MAPS IN FILE   
  NONE                                                      MAPPING FUNCTION    
10.0                                                        ELEVATION CUTOFF    
One-way carrier phase leveled to code                       OBSERVABLES USED    
  6371.0                                                    BASE RADIUS         
 2                                                          MAP DIMENSION       
   450.0 450.0   0.0                                        HGT1 / HGT2 / DHGT  
    87.5 -87.5  -2.5                                        LAT1 / LAT2 / DLAT  
  -180.0 180.0   5.0                                        LON1 / LON2 / DLON  
    -1                                                      EXPONENT            
                                                            END OF HEADER       
[from data line 1287]
     4                                                      START OF TEC MAP    
  2015    11    19     6     0     0                        EPOCH OF CURRENT MAP
    87.5-180.0 180.0   5.0 450.0                            LAT/LON1/LON2/DLON/H
   24   66   60   60   59   58   60   59   61   60   61   60   60   60   59   59
   58   58   57   57   56   56   56   56   55   57   55   57   54   57   55   57
   54   58   56   58   55   57   55   57   54   57   55   56   55   56   56   56
   56   56   56   56   56   55   56   55   55   54   54   52   53   51   52   50
   52   50   52   51   55   54   72   33   24                                   
    85.0-180.0 180.0   5.0 450.0                            LAT/LON1/LON2/DLON/H
   56   60   60   61   59   59   61   63   63   65   65   66   66   65   65   64
   62   61   60   59   57   56   55   54   53   53   53   53   53   53   54   54
   53   55   55   56   54   57   55   58   55   58   57   58   57   59   59   60
   61   61   63   62   63   63   64   63   64   63   64   62   62   60   60   58
   58   56   57   57   56   52   64   42   56                                   
    82.5-180.0 180.0   5.0 450.0                            LAT/LON1/LON2/DLON/H
   45   53   49   48   53   50   57   55   61   57   63   59   64   59   63   56
   61   52   57   48   52   44   48   41   45   40   44   39   44   41   46   42
   48   44   49   45   50   47   51   47   52   48   54   49   56   51   60   55
   62   57   64   59   65   60   66   60   65   59   63   57   61   53   57   49
   53   46   51   43   46   38   57   33   45                                   
    80.0-180.0 180.0   5.0 450.0                            LAT/LON1/LON2/DLON/H
   43   48   41   41   39   45   46   54   53   60   58   63   59   62   58   59
   52   52   45   46   37   40   32   37   29   36   31   37   34   41   39   43
   42   47   47   48   48   50   50   52   50   53   52   55   53   57   57   61
   60   65   64   67   66   69   68   70   68   70   66   67   62   62   56   55
   49   48   44   44   37   33   38   26   43                                   
    77.5-180.0 180.0   5.0 450.0                            LAT/LON1/LON2/DLON/H
   40   41   36   34   38   41   44   49   51   55   55   59   57   60   57   58
   53   52   48   44   41   36   35   30   30   29   32   32   36   38   43   44
   48   48   52   49   51   49   51   48   48   48   50   51   51   56   57   62
   62   69   68   74   73   78   77   81   79   82   77   78   72   71   64   62
   55   52   48   45   40   30   40   22   40                                   
    75.0-180.0 180.0   5.0 450.0                            LAT/LON1/LON2/DLON/H
   42   42   35   34   34   40   40   47   47   55   54   60   58   62   59   61
   55   57   49   49   40   40   33   34   28   33   30   35   35   42   44   48
   48   51   49   49   45   47   42   44   39   45   44   50   50   58   62   67
   70   75   80   82   86   88   92   93   95   96   95   95   89   87   79   76
   66   63   56   52   44   36   42   23   42                                   
    72.5-180.0 180.0   5.0 450.0                            LAT/LON1/LON2/DLON/H
   48   43   37   34   39   39   44   45   49   51   54   56   57   59   58   60
   56   57   52   50   45   41   38   34   33   33   36   37   42   46   51   51
   56   53   55   46   48   38   42   32   37   35   44   45   54   61   70   76
   81   90   95  102  106  113  116  119  117  119  113  115  109  106   98   92
   82   77   70   65   57   48   51   28   48                                   
    70.0-180.0 180.0   5.0 450.0                            LAT/LON1/LON2/DLON/H
   55   50   41   39   40   39   40   42   43   46   49   52   55   57   59   61
   59   61   56   56   49   48   42   42   39   41   41   45   47   53   55   58
   56   58   51   50   41   41   33   34   30   36   38   47   55   66   77   82
   96  102  116  120  131  133  141  138  142  138  138  132  130  125  120  111
  103   93   86   78   69   58   59   37   55                                   
    67.5-180.0 180.0   5.0 450.0                            LAT/LON1/LON2/DLON/H
   65   58   51   43   47   42   49   43   50   47   52   53   54   56   57   60
   59   61   58   59   54   54   48   48   45   47   48   52   55   59   63   62
   64   58   57   46   44   34   33   27   32   33   45   50   63   74   86   99
  108  122  130  139  144  150  154  156  154  156  151  151  146  143  136  129
  118  111  101   94   84   72   73   47   65                                   
    65.0-180.0 180.0   5.0 450.0                            LAT/LON1/LON2/DLON/H
   73   66   55   50   49   43   46   41   45   43   48   47   52   53   58   61
   61   65   62   63   60   58   55   51   53   51   55   54   59   60   63   63
   61   58   52   45   37   32   26   25   26   33   44   58   70   85  100  110
  124  132  147  151  162  164  172  172  175  171  169  163  161  154  150  142
  133  122  114  103   94   82   82   58   73                                   
    62.5-180.0 180.0   5.0 450.0                            LAT/LON1/LON2/DLON/H
   80   70   61   51   52   42   48   40   48   43   50   48   51   53   56   58
   59   61   60   61   57   57   52   53   49   52   51   55   55   57   58   58
   57   50   47   37   32   22   23   19   27   33   51   63   80   97  110  123
  133  144  154  163  172  178  182  185  184  182  178  173  168  161  155  147
  137  128  117  110  100   90   93   67   80                                   
    60.0-180.0 180.0   5.0 450.0                            LAT/LON1/LON2/DLON/H
   84   75   60   54   49   41   44   37   45   39   47   44   48   48   54   57
   60   63   59   61   56   54   52   49   52   48   53   49   53   49   53   49
   51   45   43   36   31   24   24   24   32   43   60   77   94  109  123  133
  147  157  169  179  189  192  196  195  196  190  188  181  178  168  162  152
  142  131  122  113  104   94   95   75   84                                   
    57.5-180.0 180.0   5.0 450.0                            LAT/LON1/LON2/DLON/H
   92   77   65   51   49   37   43   35   45   39   47   44   47   49   51   55
   57   58   56   54   49   47   44   44   43   46   45   46   43   43   41   41
   40   39   36   32   29   24   26   29   42   53   74   91  106  120  132  145
  157  169  182  192  199  204  202  203  199  196  191  188  186  176  168  155
  144  133  122  114  106   97  101   80   92                                   
    55.0-180.0 180.0   5.0 450.0                            LAT/LON1/LON2/DLON/H
   99   86   65   55   48   40   42   36   44   39   47   43   47   45   49   52
   56   57   53   52   45   45   40   41   42   43   44   40   40   36   38   34
   38   36   39   34   36   31   37   42   56   72   88  106  120  132  148  161
  174  188  199  211  219  221  219  216  212  207  202  199  198  189  180  167
  154  140  129  119  110  101  105   90   99                                   
    52.5-180.0 180.0   5.0 450.0                            LAT/LON1/LON2/DLON/H
  115   91   76   60   57   44   48   41   48   43   48   44   47   46   48   52
   52   53   46   44   38   37   36   37   41   42   43   41   37   35   33   35
   36   38   40   40   42   43   48   59   72   89  106  121  134  147  162  175
  190  203  218  228  234  236  231  228  220  216  210  209  210  203  195  178
  163  148  137  126  119  107  113   98  115                                   
    50.0-180.0 180.0   5.0 450.0                            LAT/LON1/LON2/DLON/H
  125  108   84   74   63   53   52   48   52   48   50   46   48   45   49   49
   52   50   48   46   41   42   40   46   47   49   48   45   42   37   38   37
   41   42   46   47   50   51   57   68   84  101  117  132  145  160  174  190
  204  220  232  244  250  252  248  242  237  230  224  222  221  216  209  196
  177  161  148  136  126  114  120  109  125                                   
    47.5-180.0 180.0   5.0 450.0                            LAT/LON1/LON2/DLON/H
  140  119  105   90   85   70   67   60   61   57   56   52   52   50   51   53
   51   51   44   45   41   43   45   49   54   56   57   55   51   47   44   44
   47   50   55   58   62   66   72   85  100  119  133  147  160  173  189  202
  219  233  244  253  258  257  253  247  241  235  230  228  229  224  221  206
  190  171  160  147  137  125  129  116  140                                   
    45.0-180.0 180.0   5.0 450.0                            LAT/LON1/LON2/DLON/H
  146  135  117  110  101   92   82   78   72   67   64   60   58   56   57   56
   57   53   52   51   54   57   58   65   66   71   67   67   61   56   53   51
   53   56   61   65   70   75   82   95  111  129  143  157  171  186  201  218
  231  245  253  262  264  264  258  254  248  242  235  233  233  227  223  212
  195  176  162  150  137  124  133  121  146                                   
    42.5-180.0 180.0   5.0 450.0                            LAT/LON1/LON2/DLON/H
  144  135  128  121  120  107  102   94   89   82   77   73   71   68   66   66
   62   61   57   62   62   68   70   75   78   80   80   78   73   67   62   60
   61   66   73   80   84   91   96  112  126  145  157  172  184  199  214  229
  242  251  256  260  260  258  254  247  244  237  232  229  230  224  220  207
  194  176  163  151  139  127  132  121  144                                   
    40.0-180.0 180.0   5.0 450.0                            LAT/LON1/LON2/DLON/H
  136  134  128  130  127  122  113  110  101   96   91   85   85   81   79   75
   74   69   71   73   81   84   87   89   89   91   87   86   80   75   68   65
   65   69   75   83   89   96  104  121  139  157  170  184  198  215  228  242
  251  260  262  264  264  262  258  254  251  243  234  228  227  219  214  203
  188  171  156  145  131  116  126  114  136                                   
    37.5-180.0 180.0   5.0 450.0                            LAT/LON1/LON2/DLON/H
  118  118  115  118  122  116  114  109  106  103  101   99   99   96   93   90
   83   82   80   87   92   99  100  100   99   96   94   90   86   81   75   71
   71   78   83   92   96  105  114  136  153  173  187  199  214  228  241  252
  260  264  267  267  270  269  268  264  262  252  243  233  230  220  213  198
  184  169  154  143  128  115  121  103  118                                   
    35.0-180.0 180.0   5.0 450.0                            LAT/LON1/LON2/DLON/H
  105   97   95   99  104  103  106  105  106  106  108  109  114  111  111  103
  103   94  100  100  112  112  114  107  103   97   92   88   85   81   75   72
   70   76   82   90   98  108  122  145  166  186  201  215  229  243  255  266
  274  278  282  285  291  295  297  293  288  275  262  249  242  232  223  211
  193  175  159  147  132  113  116   95  105                                   
    32.5-180.0 180.0   5.0 450.0                            LAT/LON1/LON2/DLON/H
   96   86   77   78   82   82   87   88   93   98  103  109  117  119  121  116
  113  110  111  115  120  122  118  111  104   96   92   89   86   84   78   76
   74   79   83   92   98  114  130  158  178  198  215  229  244  256  270  279
  289  292  303  309  324  329  337  333  334  318  306  288  279  266  256  241
  224  202  181  167  150  128  127   99   96                                   
    30.0-180.0 180.0   5.0 450.0                            LAT/LON1/LON2/DLON/H
  100   75   62   63   62   62   68   72   81   88   98  106  118  122  127  124
  125  120  124  124  129  126  121  112  105   96   90   87   86   85   81   76
   75   76   81   86   97  113  133  162  184  206  225  243  260  274  288  297
  311  321  337  354  370  381  389  393  398  387  375  356  343  325  310  292
  274  248  220  201  179  157  143  122  100                                   
    27.5-180.0 180.0   5.0 450.0                            LAT/LON1/LON2/DLON/H
  123   91   70   63   59   55   57   58   67   74   84   94  108  116  124  126
  127  126  126  126  126  122  117  110  106   99   97   92   92   89   85   80
   76   77   80   87   95  113  136  168  193  213  231  252  272  287  305  316
  336  349  378  395  421  433  447  451  458  450  443  429  419  404  388  368
  347  316  284  257  229  202  183  165  123                                   
    25.0-180.0 180.0   5.0 450.0                            LAT/LON1/LON2/DLON/H
  168  115   93   82   67   61   57   59   64   70   79   88  102  109  119  121
  126  124  126  122  121  116  112  110  108  104  103   99   96   90   84   80
   82   83   91   94  101  114  141  174  198  218  236  260  285  305  324  337
  361  384  416  443  468  489  509  520  530  523  519  502  490  473  461  444
  427  398  367  335  303  263  231  218  168                                   
    22.5-180.0 180.0   5.0 450.0                            LAT/LON1/LON2/DLON/H
  228  160  137  116  100   84   81   74   76   74   76   81   88   96  103  109
  114  117  115  112  110  107  109  112  120  119  120  108   96   86   81   81
   83   86   92  101  106  121  147  181  207  228  244  270  299  322  346  362
  393  418  458  482  514  534  561  573  586  585  585  574  562  547  532  518
  503  480  453  423  396  357  311  294  228                                   
    20.0-180.0 180.0   5.0 450.0                            LAT/LON1/LON2/DLON/H
  313  225  205  177  151  134  118  109  104   99   93   92   94   95  101  102
  110  109  110  103  103  101  108  116  127  129  130  112   96   87   86   89
   94   94   97  104  110  125  150  185  211  234  255  283  316  343  369  393
  427  458  495  526  557  581  605  617  632  635  640  632  628  616  602  589
  573  547  521  497  480  450  406  377  313                                   
    17.5-180.0 180.0   5.0 450.0                            LAT/LON1/LON2/DLON/H
  393  321  291  246  218  201  179  165  153  138  123  111  101   97   93   92
   93   96   95   95   93  100  109  125  140  143  138  120   98   91   86   87
   87   86   89   96  108  127  156  190  217  246  266  300  331  361  391  420
  458  487  527  553  584  606  623  630  645  652  661  664  664  660  651  637
  622  594  570  549  539  520  490  449  393                                   
    15.0-180.0 180.0   5.0 450.0                            LAT/LON1/LON2/DLON/H
  451  399  371  329  295  265  240  229  216  198  177  156  137  122  110  101
   99   96   97   95   97  104  117  134  146  148  141  129  111  101   99   92
   94   87   90   95  103  128  157  190  222  249  276  309  346  378  410  444
  480  512  547  571  595  607  613  617  634  646  664  666  671  666  663  655
  639  613  589  574  571  555  534  499  451                                   
    12.5-180.0 180.0   5.0 450.0                            LAT/LON1/LON2/DLON/H
  483  445  425  389  357  335  311  294  275  255  227  201  177  154  129  108
   99   91   95   92   97  102  117  132  150  152  146  133  109  103   89   88
   83   81   83   88  102  126  160  194  226  258  283  320  358  390  426  457
  491  516  547  565  579  580  578  582  598  617  638  648  657  656  656  649
  639  615  596  588  589  587  568  534  483                                   
    10.0-180.0 180.0   5.0 450.0                            LAT/LON1/LON2/DLON/H
  488  461  447  420  396  373  359  349  333  312  282  253  222  194  161  132
  113  101   97   96   99  107  120  138  153  159  153  137  125  109  100   89
   89   79   84   86  100  128  160  196  233  262  294  329  371  406  442  471
  502  524  546  557  560  554  552  553  568  586  604  615  629  629  630  627
  618  601  585  580  589  583  567  541  488                                   
     7.5-180.0 180.0   5.0 450.0                            LAT/LON1/LON2/DLON/H
  479  457  452  428  410  393  379  378  366  342  321  290  262  233  196  161
  136  117  111  109  114  117  135  144  161  162  147  138  120  113   96   96
