data/unet/pred2700.15i
     1.0            IONOSPHERE MAPS     GNSS                IONEX VERSION / TYPE
pyspatialgeodesy        IME             05-JAN-18 20:20     PGM / RUN BY / DATE 
Map Name                                                    COMMENT             
Predicted global ionosphere maps (GIM).                     DESCRIPTION         
  2015     9    27     0     0     0                        EPOCH OF FIRST MAP  
  2015     9    28     0     0     0                        EPOCH OF LAST MAP   
  7200                                                      INTERVAL            
    13                                                      # OF MAPS IN FILE   
  NONE                                                      MAPPING FUNCTION    
10.0                                                        ELEVATION CUTOFF    
One-way carrier phase leveled to code                       OBSERVABLES USED    
  6371.0                                                    BASE RADIUS         
 2                                                          MAP DIMENSION       
   450.0 450.0   0.0                                        HGT1 / HGT2 / DHGT  
    87.5 -87.5  -2.5                                        LAT1 / LAT2 / DLAT  
  -180.0 180.0   5.0                                        LON1 / LON2 / DLON  
    -1                                                      EXPONENT            
                                                            END OF HEADER       
[from data line 1716]
     5                                                      START OF TEC MAP    
  2015     9    27     8     0     0                        EPOCH OF CURRENT MAP
    87.5-180.0 180.0   5.0 450.0                            LAT/LON1/LON2/DLON/H
   80   89   92   92   91   89   90   89   91   90   91   90   92   90   92   90
   92   91   93   91   93   92   94   93   95   94   96   94   96   94   96   94
   96   95   97   95   97   96   98   97   99   99  101  100  102  102  103  103
  103  103  104  103  103  102  102  100  101   99   99   97   97   96   95   94
   94   93   94   94   98   95  100   86   80                                   
    85.0-180.0 180.0   5.0 450.0                            LAT/LON1/LON2/DLON/H
   87   97   95   99   96   93   94   94   94   94   94   94   95   95   96   95
   95   95   97   95   97   97  100   98  101   99  103  101  104  103  106  105
  107  107  109  109  110  110  111  112  113  114  116  116  118  118  119  119
  119  119  118  118  117  116  115  114  112  111  109  108  107  106  104  103
  102  102  102  102  104  100  106   89   87                                   
    82.5-180.0 180.0   5.0 450.0                            LAT/LON1/LON2/DLON/H
   94   94   90   93   88   87   87   89   86   87   85   86   84   84   83   83
   82   81   83   82   84   83   86   86   89   89   92   92   95   96   98   99
  101  103  104  107  107  110  111  114  115  118  120  122  124  126  126  126
  126  126  126  124  124  121  120  117  116  112  111  107  107  103  103   99
  100   97   98   96   96   93   97   87   94                                   
    80.0-180.0 180.0   5.0 450.0                            LAT/LON1/LON2/DLON/H
   88   80   83   82   81   79   80   79   78   76   76   74   73   71   71   69
   69   68   69   68   69   69   71   72   75   76   79   80   84   85   89   90
   94   97  100  104  105  110  111  116  117  123  125  129  132  134  135  136
  137  135  136  133  133  129  128  123  122  116  114  108  108  102  101   96
   96   92   93   91   91   86   87   83   88                                   
    77.5-180.0 180.0   5.0 450.0                            LAT/LON1/LON2/DLON/H
   79   80   79   79   75   76   75   75   72   72   68   68   63   64   60   60
   56   57   56   57   56   58   59   62   64   67   70   73   76   79   82   85
   89   92   96  100  102  107  110  115  119  124  129  133  138  140  146  146
  149  147  150  146  146  141  140  135  132  126  122  117  114  108  106  101
   99   94   94   90   88   81   83   74   79                                   
    75.0-180.0 180.0   5.0 450.0                            LAT/LON1/LON2/DLON/H
   75   71   69   70   68   67   68   66   64   61   59   56   54   52   50   48
   48   47   48   47   49   49   51   53   55   58   61   64   68   71   75   78
   82   86   90   95   98  104  107  114  119  126  132  138  144  148  153  155
  158  158  161  160  159  155  152  147  142  136  132  126  122  116  111  107
  102   99   94   90   87   80   80   73   75                                   
    72.5-180.0 180.0   5.0 450.0                            LAT/LON1/LON2/DLON/H
   72   73   65   64   61   59   59   57   54   51   48   45   44   42   41   40
   40   40   41   41   42   43   44   46   48   51   54   56   60   63   67   70
   75   79   84   89   94  100  106  114  120  129  136  143  150  155  160  162
  166  168  172  173  173  170  168  163  159  152  144  137  132  126  121  116
  111  106  102   94   90   81   80   73   72                                   
    70.0-180.0 180.0   5.0 450.0                            LAT/LON1/LON2/DLON/H
   70   65   58   57   56   53   56   51   52   45   47   41   43   38   42   38
   43   40   45   42   46   44   48   46   50   49   54   54   60   62   67   70
   75   80   85   90   96  102  110  117  127  134  144  149  157  160  165  167
  170  173  175  178  178  177  175  172  167  161  154  148  143  136  132  126
  122  115  112  102   97   84   82   76   70                                   
    67.5-180.0 180.0   5.0 450.0                            LAT/LON1/LON2/DLON/H
   71   72   59   54   52   50   50   48   47   42   41   38   38   37   38   39
   41   42   44   44   45   45   45   45   45   47   48   51   55   58   62   66
   71   76   82   88   94  100  109  118  128  137  145  152  156  160  164  166
  169  172  175  177  178  177  176  173  169  162  157  151  148  142  137  132
  127  123  117  110  102   90   85   76   71                                   
    65.0-180.0 180.0   5.0 450.0                            LAT/LON1/LON2/DLON/H
   73   67   55   52   48   47   47   45   43   40   40   38   41   38   43   42
   48   47   51   49   50   48   48   47   47   48   50   52   57   60   65   69
   74   80   86   93  100  106  115  124  134  141  149  153  158  161  163  166
  168  172  173  176  176  176  173  171  167  161  154  149  147  143  140  137
  134  130  127  118  111   96   92   81   73                                   
    62.5-180.0 180.0   5.0 450.0                            LAT/LON1/LON2/DLON/H
   79   77   60   53   50   46   45   42   41   38   38   37   39   39   42   44
   48   48   50   49   48   47   45   44   44   44   46   48   52   56   61   66
   73   80   86   93  101  108  117  127  135  143  149  154  156  159  161  164
  167  170  173  174  176  174  173  169  167  158  154  147  147  142  140  137
  135  132  128  123  115  104   98   86   79                                   
    60.0-180.0 180.0   5.0 450.0                            LAT/LON1/LON2/DLON/H
   84   75   62   56   50   46   42   40   38   35   36   36   38   40   42   46
   48   49   49   48   46   44   42   42   41   42   44   47   51   55   61   68
   74   83   90  100  107  114  123  132  140  146  153  156  159  160  163  166
  170  173  177  178  179  178  176  173  170  161  155  148  147  143  141  137
  137  134  134  129  125  112  106   93   84                                   
    57.5-180.0 180.0   5.0 450.0                            LAT/LON1/LON2/DLON/H
   94   90   74   64   58   50   46   40   38   35   35   36   38   39   42   43
   46   45   45   43   41   38   37   36   37   38   41   43   48   53   59   65
   74   83   92  101  110  117  126  135  142  148  153  157  160  163  166  171
  175  180  185  187  189  187  187  182  179  170  165  157  154  148  144  138
  137  133  133  131  127  120  113  102   94                                   
    55.0-180.0 180.0   5.0 450.0                            LAT/LON1/LON2/DLON/H
  105   95   83   74   66   56   49   43   38   34   34   35   36   38   39   41
   41   41   39   38   35   35   32   35   34   38   39   44   46   52   57   67
   76   88   98  110  117  126  134  143  149  155  161  164  169  172  177  181
  189  193  200  203  206  205  202  199  194  184  178  169  165  157  152  145
  141  138  139  137  137  129  126  114  105                                   
    52.5-180.0 180.0   5.0 450.0                            LAT/LON1/LON2/DLON/H
  115  111   99   86   78   67   59   49   43   38   37   36   37   36   37   37
   37   36   35   32   32   30   32   33   36   39   40   43   45   50   55   64
   75   89  102  114  124  134  141  150  156  163  168  173  177  184  189  197
  203  211  217  220  221  219  215  211  205  199  191  184  177  170  163  154
  150  145  146  143  143  138  135  127  115                                   
    50.0-180.0 180.0   5.0 450.0                            LAT/LON1/LON2/DLON/H
  125  117  109   98   90   77   68   56   49   43   40   39   38   37   35   36
   35   34   32   32   30   33   33   39   40   44   43   46   46   51   55   67
   79   96  111  125  136  146  153  162  169  175  181  185  192  198  207  214
  223  229  235  237  236  234  228  224  217  211  205  200  193  187  179  170
  164  159  159  156  157  148  146  141  125                                   
    47.5-180.0 180.0   5.0 450.0                            LAT/LON1/LON2/DLON/H
  133  128  119  107   99   88   79   64   58   50   48   44   42   40   38   36
   35   34   34   34   35   37   41   44   49   50   49   49   47   50   56   66
   82  100  117  133  145  155  163  172  177  185  188  196  203  212  221  230
  237  243  245  244  240  235  229  224  218  214  210  208  204  199  192  183
  178  170  170  164  163  155  152  148  133                                   
    45.0-180.0 180.0   5.0 450.0                            LAT/LON1/LON2/DLON/H
  134  124  119  112  104   94   86   73   66   59   56   52   49   45   43   41
   40   39   40   41   43   47   50   56   56   58   54   54   50   53   58   70
   88  108  126  143  157  168  178  184  191  197  204  210  220  230  239  248
  254  257  256  253  245  239  230  226  220  217  214  216  213  214  206  200
  193  186  183  174  172  159  157  150  134                                   
    42.5-180.0 180.0   5.0 450.0                            LAT/LON1/LON2/DLON/H
  131  122  117  110  106   98   92   80   76   67   66   60   59   54   51   48
   49   48   50   52   56   59   63   66   67   65   61   57   54   54   61   72
   92  112  133  149  166  177  186  194  199  208  213  225  234  245  253  260
  264  265  261  255  246  238  230  225  220  217  216  219  221  221  219  212
  205  196  192  180  174  159  154  146  131                                   
    40.0-180.0 180.0   5.0 450.0                            LAT/LON1/LON2/DLON/H
  122  111  105  104  100   96   91   84   79   74   72   69   68   64   62   58
   59   58   62   63   68   71   73   76   74   71   65   60   56   57   63   76
   95  117  137  155  173  184  196  203  212  220  231  242  254  262  270  276
  280  277  274  265  257  249  240  236  231  226  225  227  228  231  227  224
  216  209  201  186  174  153  149  139  122                                   
    37.5-180.0 180.0   5.0 450.0                            LAT/LON1/LON2/DLON/H
  115  106   96   93   93   91   90   85   84   79   80   77   79   75   75   71
   72   71   75   76   81   82   84   82   79   73   67   61   57   59   66   76
   96  114  138  154  177  189  204  212  222  232  244  257  265  274  281  289
  291  293  288  283  276  271  265  261  255  249  245  243  243  242  240  234
  228  217  207  188  173  150  143  128  115                                   
    35.0-180.0 180.0   5.0 450.0                            LAT/LON1/LON2/DLON/H
  109   96   83   82   81   82   83   82   82   81   82   83   87   85   87   83
   85   82   86   86   91   90   91   88   82   75   67   61   58   60   68   79
   96  117  138  158  178  196  212  222  234  246  263  275  286  294  306  312
  322  323  325  321  320  315  311  305  300  290  283  274  266  260  252  248
  237  229  214  195  174  148  142  127  109                                   
    32.5-180.0 180.0   5.0 450.0                            LAT/LON1/LON2/DLON/H
  116  102   84   78   77   77   80   79   81   80   85   87   94   95   98   96
   97   95   98   96  100   97   97   90   84   76   67   62   60   62   71   80
   98  113  136  154  178  196  218  231  246  260  276  289  302  315  329  342
  354  362  368  371  373  370  368  361  355  342  329  312  298  284  274  263
  255  242  227  202  183  158  148  129  116                                   
    30.0-180.0 180.0   5.0 450.0                            LAT/LON1/LON2/DLON/H
  127  110   88   81   77   75   78   76   78   78   82   88   97  102  106  106
  107  103  105  103  105  102   99   92   83   74   65   59   59   62   71   82
   99  117  136  156  177  202  221  240  256  272  293  308  325  338  359  374
  393  406  421  430  439  441  437  432  420  403  387  366  346  324  304  291
  276  267  248  225  203  177  165  149  127                                   
    27.5-180.0 180.0   5.0 450.0                            LAT/LON1/LON2/DLON/H
  153  135  112  101   92   86   84   80   80   77   81   86   97  105  111  112
  112  109  111  106  108  104  101   93   85   76   66   62   61   64   77   85
  104  120  139  158  181  201  225  245  265  281  301  320  340  360  385  407
  431  450  471  488  502  507  505  499  488  468  445  416  391  361  339  319
  308  293  279  250  230  207  195  171  153                                   
    25.0-180.0 180.0   5.0 450.0                            LAT/LON1/LON2/DLON/H
  176  167  141  129  116  104   99   90   86   80   81   86   96  106  111  114
  115  112  112  109  108  105  101   94   87   76   68   61   63   65   81   92
  108  128  146  167  189  210  230  254  275  292  315  335  360  382  414  439
  469  492  522  546  568  575  578  568  553  527  501  472  442  411  384  362
  345  335  319  297  268  247  232  211  176                                   
    22.5-180.0 180.0   5.0 450.0                            LAT/LON1/LON2/DLON/H
  207  205  185  167  151  135  123  110  101   89   86   86   95  103  109  111
  112  110  110  106  106  104  101   97   91   82   73   66   69   70   85   95
  113  131  151  169  193  212  236  257  280  299  323  344  374  403  439  468
  500  529  566  596  614  625  626  620  600  572  540  511  483  453  425  399
  382  366  355  332  313  294  273  248  207                                   
    20.0-180.0 180.0   5.0 450.0                            LAT/LON1/LON2/DLON/H
  234  234  217  202  185  168  152  134  122  105   96   91   95  100  105  107
  109  107  106  103  102  100  101   97   96   84   77   66   72   70   90  100
  121  140  158  180  200  221  242  266  288  310  337  360  394  427  465  493
  527  554  590  611  631  639  643  635  623  601  574  549  521  494  465  440
  422  410  396  379  358  337  310  283  234                                   
    17.5-180.0 180.0   5.0 450.0                            LAT/LON1/LON2/DLON/H
  270  262  256  236  219  202  185  165  148  129  115  104  102  101  103  103
  103  103  101   99   97   98  100  102   97   87   80   71   73   75   91  104
  124  143  164  183  205  226  248  270  294  319  345  373  406  443  479  506
  535  559  584  600  609  613  609  606  597  591  579  565  543  518  492  469
  453  442  435  415  400  378  349  314  270                                   
    15.0-180.0 180.0   5.0 450.0                            LAT/LON1/LON2/DLON/H
  295  293  282  257  238  222  209  189  172  152  138  124  116  107  104   99
  100   97   97   93   93   95  101  100  100   89   84   72   73   75   94  106
  132  151  171  192  210  235  251  277  302  328  360  385  422  455  491  513
  535  547  560  568  567  566  561  562  564  568  570  570  556  539  518  499
  484  475  467  451  437  411  381  341  295                                   
    12.5-180.0 180.0   5.0 450.0                            LAT/LON1/LON2/DLON/H
  328  321  315  290  262  245  227  211  198  177  162  145  132  119  111  104
  101   99   95   93   91   94   98  103  102   94   89   79   78   81   97  108
  133  155  177  199  219  240  258  284  307  340  367  397  428  461  490  509
  523  526  525  521  514  511  504  512  518  534  541  552  551  539  524  510
  498  491  485  471  458  432  403  363  328                                   
    10.0-180.0 180.0   5.0 450.0                            LAT/LON1/LON2/DLON/H
  343  350  338  316  288  263  246  227  215  198  181  166  152  132  121  111
  111   99  100   91   93   93  101  104  107   96   90   82   81   85   95  108
  132  155  177  201  220  243  260  288  317  350  382  408  443  468  493  505
  512  509  499  493  483  483  478  490  500  515  527  540  545  537  525  515
  506  499  494  478  468  443  417  381  343                                   
     7.5-180.0 180.0   5.0 450.0                            LAT/LON1/LON2/DLON/H
  363  366  361  345  319  289  271  252  240  223  208  189  170  148  130  117
  114  112  104   98   96   98  107  108  111  101   96   88   88   87   96  109
