data/unet/pred2230.15i
     1.0            IONOSPHERE MAPS     GNSS                IONEX VERSION / TYPE
pyspatialgeodesy        IME             05-JAN-18 20:20     PGM / RUN BY / DATE 
Map Name                                                    COMMENT             
Predicted global ionosphere maps (GIM).                     DESCRIPTION         
  2015     8    11     0     0     0                        EPOCH OF FIRST MAP  
  2015     8    12     0     0     0                        EPOCH OF LAST MAP   
  7200                                                      INTERVAL            
    13                                                      # OF MAPS IN FILE   
  NONE                                                      MAPPING FUNCTION    
10.0                                                        ELEVATION CUTOFF    
One-way carrier phase leveled to code                       OBSERVABLES USED    
  6371.0                                                    BASE RADIUS         
 2                                                          MAP DIMENSION       
   450.0 450.0   0.0                                        HGT1 / HGT2 / DHGT  
    87.5 -87.5  -2.5                                        LAT1 / LAT2 / DLAT  
  -180.0 180.0   5.0                                        LON1 / LON2 / DLON  
    -1                                                      EXPONENT            
                                                            END OF HEADER       
[from data line 4719]
    12                                                      START OF TEC MAP    
  2015     8    11    22     0     0                        EPOCH OF CURRENT MAP
    87.5-180.0 180.0   5.0 450.0                            LAT/LON1/LON2/DLON/H
  177  130  117  121  120  120  120  120  121  121  122  121  122  122  123  122
  123  122  123  122  123  122  122  120  120  119  118  117  116  115  114  113
  112  111  111  110  109  109  109  108  108  108  108  108  108  109  109  109
  110  110  110  111  111  112  112  113  113  114  114  114  115  115  115  115
  115  116  117  117  118  117  120  154  177                                   
    85.0-180.0 180.0   5.0 450.0                            LAT/LON1/LON2/DLON/H
  124  115  115  118  119  118  120  120  121  122  123  123  125  125  126  125
  127  126  127  126  126  125  124  122  121  119  118  116  115  113  112  110
  109  108  107  106  106  105  105  104  104  104  105  104  105  105  106  106
  106  107  107  108  108  109  109  110  110  110  111  111  111  111  111  111
  112  112  113  113  114  114  116  137  124                                   
    82.5-180.0 180.0   5.0 450.0                            LAT/LON1/LON2/DLON/H
  117  117  119  121  121  121  124  124  126  127  129  130  131  132  133  133
  134  134  134  134  133  132  130  128  126  124  122  119  117  115  114  112
  111  109  109  107  108  106  107  105  107  105  107  106  108  107  109  108
  110  109  111  111  112  112  113  113  113  113  113  113  112  112  112  112
  113  113  114  113  115  113  116  131  117                                   
    80.0-180.0 180.0   5.0 450.0                            LAT/LON1/LON2/DLON/H
  120  119  117  121  119  122  123  126  127  130  131  134  135  137  138  140
  140  141  140  140  139  138  135  134  131  128  125  122  119  116  114  112
  110  110  108  108  107  107  107  107  107  107  107  108  108  108  109  110
  110  111  112  113  113  114  114  115  114  114  112  113  111  112  110  111
  110  112  111  113  113  113  113  122  120                                   
    77.5-180.0 180.0   5.0 450.0                            LAT/LON1/LON2/DLON/H
  116  119  117  118  118  118  123  124  128  130  134  136  140  140  144  143
  146  144  146  144  145  141  141  137  135  130  128  123  120  116  114  111
  111  109  109  108  108  107  108  107  108  107  108  108  108  108  109  109
  110  111  113  114  115  115  116  115  115  114  113  112  111  110  110  109
  109  109  111  110  112  109  109  116  116                                   
    75.0-180.0 180.0   5.0 450.0                            LAT/LON1/LON2/DLON/H
  113  117  113  117  116  119  120  125  126  131  134  139  140  144  145  147
  147  148  147  148  147  146  143  141  137  133  128  124  119  116  112  111
  109  109  108  109  108  109  108  109  107  108  107  107  105  107  106  108
  107  110  111  112  113  114  114  114  113  112  110  110  107  108  106  107
  105  108  107  109  109  109  109  118  113                                   
    72.5-180.0 180.0   5.0 450.0                            LAT/LON1/LON2/DLON/H
  110  116  113  114  115  115  119  121  126  129  135  138  142  142  145  145
  147  146  147  146  147  145  144  140  138  131  127  120  117  111  109  106
  106  105  107  106  108  107  108  106  106  104  104  101  101   99  101  100
  102  102  105  105  107  107  108  108  108  107  106  104  104  102  103  101
  103  103  105  105  108  106  108  116  110                                   
    70.0-180.0 180.0   5.0 450.0                            LAT/LON1/LON2/DLON/H
  109  115  111  114  113  115  117  121  125  130  134  139  141  143  144  145
  145  146  146  147  147  147  145  143  138  133  126  120  114  109  105  103
  102  103  103  105  106  107  105  105  102  100   97   95   93   92   92   92
   93   94   95   97   97   99   99  100  100  100   99   99   99   99   97   99
   99  101  102  104  107  106  108  119  109                                   
    67.5-180.0 180.0   5.0 450.0                            LAT/LON1/LON2/DLON/H
  109  116  113  113  113  113  118  120  126  129  135  137  141  141  143  142
  143  141  144  143  146  145  145  142  140  132  127  118  113  105  103   99
   99   99  101  102  104  103  103   99   97   92   90   86   84   82   82   82
   83   83   84   85   86   87   89   90   91   93   94   95   95   96   96   97
   98  100  102  104  108  107  109  120  109                                   
    65.0-180.0 180.0   5.0 450.0                            LAT/LON1/LON2/DLON/H
  113  119  115  116  114  117  119  122  126  131  136  140  141  143  143  143
  143  142  144  145  147  148  148  147  143  137  129  122  114  108  102  100
   98   99   99  101  100  100   98   95   90   86   82   79   75   74   73   73
   72   73   72   73   73   75   76   80   82   86   88   91   93   95   95   97
   98  100  103  106  110  110  114  126  113                                   
    62.5-180.0 180.0   5.0 450.0                            LAT/LON1/LON2/DLON/H
  118  123  119  119  118  117  122  123  129  132  137  139  143  142  144  142
  143  141  144  145  148  149  151  148  146  140  135  126  120  112  108  103
  102   99  100   99   99   97   95   89   85   80   76   72   69   67   66   66
   65   64   63   63   63   65   67   71   75   81   85   91   93   96   97   99
  100  102  104  108  112  113  116  129  118                                   
    60.0-180.0 180.0   5.0 450.0                            LAT/LON1/LON2/DLON/H
  124  130  125  125  123  124  125  128  131  134  138  141  143  144  144  144
  144  144  146  148  152  153  154  154  151  146  140  135  128  122  117  113
  109  106  103  102   99   97   93   89   83   79   74   72   69   68   65   64
   61   60   56   56   55   58   59   65   71   78   84   90   95   98  100  101
  103  105  108  110  115  114  121  135  124                                   
    57.5-180.0 180.0   5.0 450.0                            LAT/LON1/LON2/DLON/H
  131  136  132  132  129  128  131  130  134  134  139  140  143  143  144  143
  144  143  147  148  153  154  156  154  154  149  146  141  139  133  131  124
  121  114  111  106  104   99   96   91   86   82   78   75   73   71   68   66
   62   59   55   54   51   54   56   63   69   79   85   93   97  102  102  105
  105  107  109  112  116  117  121  138  131                                   
    55.0-180.0 180.0   5.0 450.0                            LAT/LON1/LON2/DLON/H
  137  143  141  141  139  138  137  137  137  138  139  141  143  144  144  145
  145  146  147  151  154  157  158  158  157  154  152  151  150  147  144  139
  133  126  119  113  108  105  100   97   93   90   87   85   81   79   75   72
   66   63   57   55   52   54   56   64   70   80   88   95  100  105  107  108
  109  110  113  114  119  119  126  143  137                                   
    52.5-180.0 180.0   5.0 450.0                            LAT/LON1/LON2/DLON/H
  145  150  148  149  147  146  146  143  143  141  142  141  144  143  145  143
  145  145  148  150  155  156  158  156  156  154  155  155  158  156  156  150
  145  134  128  119  116  110  108  104  102   99   98   94   92   87   84   78
   73   68   63   59   57   59   60   67   74   83   91   98  103  108  110  113
  113  115  116  118  121  122  126  147  145                                   
    50.0-180.0 180.0   5.0 450.0                            LAT/LON1/LON2/DLON/H
  151  157  156  159  157  157  155  153  150  148  147  147  147  147  146  147
  146  148  149  153  156  159  159  158  157  156  158  161  164  166  165  160
  153  143  134  126  121  117  115  113  111  110  108  106  101   98   92   87
   81   76   70   68   64   66   66   72   79   87   95  102  107  111  115  117
  120  121  123  123  128  126  133  153  151                                   
    47.5-180.0 180.0   5.0 450.0                            LAT/LON1/LON2/DLON/H
  158  163  162  165  165  165  165  162  160  156  156  152  153  150  150  147
  148  147  151  153  159  159  160  157  157  155  159  162  168  169  170  164
  158  146  139  130  128  123  124  121  121  118  118  114  111  104  100   94
   89   84   80   77   74   74   75   79   84   91   99  105  110  115  119  123
  126  130  132  133  134  134  136  160  158                                   
    45.0-180.0 180.0   5.0 450.0                            LAT/LON1/LON2/DLON/H
  164  169  170  174  174  175  175  174  172  171  168  166  163  161  156  154
  153  153  155  160  163  165  164  163  161  161  163  167  171  173  172  167
  160  150  142  136  133  131  130  129  128  126  125  122  116  112  105  101
   96   94   89   88   84   84   82   86   90   97  103  110  115  120  126  131
  137  141  145  145  148  145  149  170  164                                   
    42.5-180.0 180.0   5.0 450.0                            LAT/LON1/LON2/DLON/H
  172  176  176  180  180  183  185  185  185  184  183  180  177  171  165  160
  159  158  162  165  171  171  172  168  168  166  169  171  176  175  175  168
  163  153  149  143  142  138  139  136  136  132  132  126  123  116  112  106
  103  101   99   96   94   91   90   90   95  100  107  113  121  128  135  141
  149  155  160  161  162  160  158  184  172                                   
    40.0-180.0 180.0   5.0 450.0                            LAT/LON1/LON2/DLON/H
  182  185  186  190  191  195  197  199  200  201  200  200  194  188  180  175
  171  171  173  178  182  184  183  182  180  180  180  182  183  181  178  171
  166  159  157  153  151  148  147  144  142  139  136  132  126  122  116  114
  109  110  107  106  101   99   95   97   99  105  111  120  129  137  146  154
  164  171  177  177  180  175  175  198  182                                   
    37.5-180.0 180.0   5.0 450.0                            LAT/LON1/LON2/DLON/H
  193  196  197  199  201  204  208  211  215  217  218  217  213  205  196  190
  186  185  188  192  197  198  200  198  198  197  197  196  196  190  186  179
  175  170  170  166  164  159  157  151  150  144  143  137  134  127  125  120
  118  116  114  110  107  102  100   98  102  108  116  125  136  148  159  168
  179  187  193  196  197  194  188  214  193                                   
    35.0-180.0 180.0   5.0 450.0                            LAT/LON1/LON2/DLON/H
  205  210  213  215  216  220  223  227  232  237  239  240  234  226  216  211
  206  205  207  209  213  215  217  219  219  219  218  216  211  205  199  192
  189  185  185  180  178  171  167  160  157  152  149  144  138  134  129  127
  123  122  119  115  110  105  101  101  103  109  118  130  143  155  168  178
  191  199  207  210  213  209  207  227  205                                   
    32.5-180.0 180.0   5.0 450.0                            LAT/LON1/LON2/DLON/H
  220  224  228  230  233  235  239  244  250  256  258  260  255  246  236  229
  224  222  222  221  226  228  233  235  239  239  239  234  229  220  215  209
  206  203  201  195  189  180  173  167  163  159  157  151  147  139  137  131
  129  124  121  115  110  104  101   99  101  108  117  131  144  161  176  188
  200  210  219  224  227  225  220  242  220                                   
    30.0-180.0 180.0   5.0 450.0                            LAT/LON1/LON2/DLON/H
  235  242  247  251  254  256  258  263  267  275  275  280  274  267  257  252
  246  241  238  234  236  240  246  252  256  257  253  249  240  234  229  224
  222  217  214  205  196  183  178  169  168  164  163  158  151  145  139  135
  131  126  121  115  109  103   98   96   98  103  114  127  145  161  180  193
  207  216  227  232  237  235  235  252  235                                   
    27.5-180.0 180.0   5.0 450.0                            LAT/LON1/LON2/DLON/H
  251  258  267  272  277  278  281  285  288  296  297  300  294  288  277  272
  265  258  252  247  248  251  258  265  271  271  268  261  256  246  243  234
  231  221  215  203  193  181  174  168  167  166  167  161  156  146  142  135
  131  123  119  111  106   99   96   94   95  100  108  124  140  162  181  197
  210  222  231  239  245  246  243  263  251                                   
    25.0-180.0 180.0   5.0 450.0                            LAT/LON1/LON2/DLON/H
  265  274  284  293  299  303  306  310  311  319  319  325  319  314  301  297
  286  277  267  260  258  263  270  279  283  282  275  269  261  255  248  240
  233  221  212  198  187  173  168  163  164  164  166  162  155  146  138  130
  125  119  113  107  102   97   93   91   91   94  103  116  136  156  180  197
  212  223  233  240  248  250  252  268  265                                   
    22.5-180.0 180.0   5.0 450.0                            LAT/LON1/LON2/DLON/H
  276  284  297  308  319  324  331  335  339  348  349  354  350  345  333  326
  313  300  287  277  275  278  286  292  295  288  279  272  266  256  250  238
  229  214  203  187  173  160  155  152  154  157  161  158  150  138  128  119
  114  107  104   97   95   91   89   87   87   90   95  109  126  150  175  196
  212  224  233  242  250  256  258  276  276                                   
    20.0-180.0 180.0   5.0 450.0                            LAT/LON1/LON2/DLON/H
  285  294  308  320  333  343  349  358  362  373  375  382  378  377  365  360
  344  329  312  300  295  297  301  304  302  292  279  272  261  253  244  229
  217  197  184  166  156  143  142  139  144  148  154  151  142  128  118  109
  104   99   95   92   91   90   88   84   83   84   89   99  119  142  173  195
  213  224  234  242  250  257  263  281  285                                   
    17.5-180.0 180.0   5.0 450.0                            LAT/LON1/LON2/DLON/H
  293  302  317  329  344  354  365  375  383  394  398  407  407  408  399  394
  379  362  345  329  323  319  323  318  312  297  282  272  259  249  236  221
  206  185  172  155  142  131  129  128  133  139  143  140  129  117  105   97
   93   89   88   85   87   86   85   82   80   80   82   94  112  139  169  196
  214  226  235  243  251  260  267  286  293                                   
    15.0-180.0 180.0   5.0 450.0                            LAT/LON1/LON2/DLON/H
  300  309  324  335  348  360  370  381  390  405  411  425  428  434  427  425
  410  396  377  363  353  348  343  335  323  305  287  274  258  246  230  211
  195  171  159  142  135  125  126  124  131  133  138  132  121  108   98   91
   88   86   85   86   87   87   85   81   78   76   78   87  108  133  169  195
  216  227  236  243  253  261  272  292  300                                   
    12.5-180.0 180.0   5.0 450.0                            LAT/LON1/LON2/DLON/H
  307  317  329  339  350  360  373  382  394  409  421  438  446  453  451  448
  438  424  408  392  382  372  368  354  339  317  295  279  260  246  228  209
  192  174  162  149  140  135  132  131  132  134  135  127  115  103   92   87
   84   82   83   83   84   83   80   77   74   72   73   84  103  132  167  198
  217  231  238  248  257  268  279  302  307                                   
    10.0-180.0 180.0   5.0 450.0                            LAT/LON1/LON2/DLON/H
  315  325  337  343  351  360  370  379  389  407  420  440  451  462  460  463
  455  447  433  420  407  397  386  372  356  331  306  286  265  249  228  209
  194  176  170  159  159  153  151  145  144  139  138  127  115  103   95   90
   87   86   85   85   83   80   77   73   70   69   71   80  100  127  165  194
  218  231  242  250  263  273  287  310  315                                   
     7.5-180.0 180.0   5.0 450.0                            LAT/LON1/LON2/DLON/H
  325  338  348  355  357  364  371  377  386  402  415  437  449  460  462  465
  464  458  449  436  425  411  400  385  370  345  318  295  271  255  234  218
