data/unet/pred1790.15i
     1.0            IONOSPHERE MAPS     GNSS                IONEX VERSION / TYPE
pyspatialgeodesy        IME             05-JAN-18 20:20     PGM / RUN BY / DATE 
Map Name                                                    COMMENT             
Predicted global ionosphere maps (GIM).                     DESCRIPTION         
  2015     6    28     0     0     0                        EPOCH OF FIRST MAP  
  2015     6    29     0     0     0                        EPOCH OF LAST MAP   
  7200                                                      INTERVAL            
    13                                                      # OF MAPS IN FILE   
  NONE                                                      MAPPING FUNCTION    
10.0                                                        ELEVATION CUTOFF    
One-way carrier phase leveled to code                       OBSERVABLES USED    
  6371.0                                                    BASE RADIUS         
 2                                                          MAP DIMENSION       
   450.0 450.0   0.0                                        HGT1 / HGT2 / DHGT  
    87.5 -87.5  -2.5                                        LAT1 / LAT2 / DLAT  
  -180.0 180.0   5.0                                        LON1 / LON2 / DLON  
    -1                                                      EXPONENT            
                                                            END OF HEADER       
[from data line 429]
     2                                                      START OF TEC MAP    
  2015     6    28     2     0     0                        EPOCH OF CURRENT MAP
    87.5-180.0 180.0   5.0 450.0                            LAT/LON1/LON2/DLON/H
  150  149  149  146  147  145  147  145  148  147  148  146  149  146  147  144
  146  143  143  140  142  139  138  136  137  135  134  132  133  131  131  129
  131  129  129  128  130  129  130  129  132  131  132  131  134  134  136  134
  138  136  139  138  141  139  142  141  144  142  145  142  146  143  145  143
  146  143  145  143  147  142  145  158  150                                   
    85.0-180.0 180.0   5.0 450.0                            LAT/LON1/LON2/DLON/H
  146  159  146  151  150  149  150  150  151  151  150  150  151  150  149  148
  148  147  145  144  143  143  140  139  138  137  135  135  133  133  131  131
  130  131  129  130  130  132  131  133  133  135  135  136  137  138  138  139
  139  140  140  141  142  143  143  144  145  146  146  146  147  147  147  146
  148  147  148  148  149  143  152  149  146                                   
    82.5-180.0 180.0   5.0 450.0                            LAT/LON1/LON2/DLON/H
  151  154  155  159  158  156  158  157  160  158  159  157  159  156  157  154
  155  151  151  148  149  146  145  142  142  139  138  135  135  132  131  129
  130  128  129  129  131  131  132  133  136  136  139  139  142  141  143  142
  144  143  146  145  149  148  151  150  153  151  153  151  155  151  153  151
  155  152  156  153  158  150  156  149  151                                   
    80.0-180.0 180.0   5.0 450.0                            LAT/LON1/LON2/DLON/H
  157  157  160  161  162  159  162  160  162  159  161  157  160  156  157  153
  155  151  152  148  150  146  147  142  143  137  137  132  133  127  127  123
  125  122  124  122  127  126  129  129  134  133  137  136  141  139  143  141
  145  143  148  146  151  148  154  151  156  153  156  153  157  153  156  153
  157  154  158  156  160  154  157  151  157                                   
    77.5-180.0 180.0   5.0 450.0                            LAT/LON1/LON2/DLON/H
  163  165  166  168  165  165  166  165  166  164  164  162  161  158  158  155
  155  153  152  151  150  148  147  144  143  139  136  132  129  126  123  121
  120  120  121  122  125  127  131  132  136  136  140  140  143  142  145  144
  147  146  150  150  153  153  156  157  158  159  159  159  160  159  158  158
  159  159  160  162  162  161  162  155  163                                   
    75.0-180.0 180.0   5.0 450.0                            LAT/LON1/LON2/DLON/H
  165  164  167  167  167  163  166  163  166  162  162  157  158  152  152  147
  148  144  146  143  145  141  143  138  138  132  131  124  122  117  116  112
  114  112  116  116  123  124  130  130  136  135  140  138  142  140  143  141
  145  144  148  147  151  151  155  155  158  157  159  156  159  155  156  154
  157  156  159  159  161  159  165  156  165                                   
    72.5-180.0 180.0   5.0 450.0                            LAT/LON1/LON2/DLON/H
  165  166  167  167  164  163  165  164  165  162  160  156  153  149  145  142
  139  138  137  137  137  137  136  134  131  127  122  118  113  110  107  107
  106  108  110  114  119  124  128  132  135  137  140  140  142  141  143  142
  144  144  147  148  150  151  153  154  155  156  155  154  154  152  151  150
  151  150  155  155  157  157  164  157  165                                   
    70.0-180.0 180.0   5.0 450.0                            LAT/LON1/LON2/DLON/H
  163  163  164  164  162  161  163  163  164  161  159  154  151  145  140  135
  132  129  129  129  130  129  130  127  125  120  117  111  108  104  103  102
  103  105  109  113  120  124  130  132  136  137  139  140  141  142  142  143
  144  145  147  149  151  152  154  155  157  155  155  153  153  150  149  147
  148  148  151  153  154  155  163  157  163                                   
    67.5-180.0 180.0   5.0 450.0                            LAT/LON1/LON2/DLON/H
  165  162  162  161  159  159  161  162  163  162  158  155  149  144  136  132
  125  124  121  123  122  124  122  122  118  116  110  108  103  102  100  101
  101  105  107  114  117  124  126  131  133  136  138  140  142  143  144  145
  146  147  148  150  151  154  154  156  156  156  154  153  152  149  148  146
  147  147  151  152  154  156  163  154  165                                   
    65.0-180.0 180.0   5.0 450.0                            LAT/LON1/LON2/DLON/H
  165  161  160  159  157  156  158  160  161  160  158  154  149  141  134  127
  123  118  117  116  118  117  118  115  114  109  106  101  100   97   98   98
  101  103  107  111  117  120  125  127  130  132  135  138  140  142  143  145
  147  149  151  153  155  156  159  159  161  159  158  155  154  151  148  147
  147  148  150  152  154  155  163  155  165                                   
    62.5-180.0 180.0   5.0 450.0                            LAT/LON1/LON2/DLON/H
  168  162  159  157  154  153  155  158  159  160  157  155  150  145  135  130
  122  120  115  117  115  117  113  113  108  107  102  102   98  100   99  102
  102  106  106  110  111  116  117  121  122  127  130  134  137  142  144  147
  150  152  153  156  156  160  160  162  162  162  160  158  157  153  150  149
  148  149  152  154  156  159  166  154  168                                   
    60.0-180.0 180.0   5.0 450.0                            LAT/LON1/LON2/DLON/H
  172  165  162  160  156  153  154  155  157  158  157  154  152  145  139  131
  127  121  120  117  118  115  114  110  108  102  102   98  101   98  101  100
  103  101  103  103  106  107  110  111  116  118  124  130  135  141  145  149
  153  155  158  160  163  164  167  168  170  168  166  164  163  159  155  153
  152  153  156  157  160  160  169  158  172                                   
    57.5-180.0 180.0   5.0 450.0                            LAT/LON1/LON2/DLON/H
  178  172  168  166  159  156  156  156  158  158  158  158  155  152  144  139
  132  129  124  124  121  120  115  113  107  105  102  103  102  104  103  104
  101  102   99  101  100  102  102  106  108  114  120  128  135  143  148  153
  158  162  164  167  168  171  172  173  175  174  173  171  169  165  161  158
  156  157  160  163  165  169  174  159  178                                   
    55.0-180.0 180.0   5.0 450.0                            LAT/LON1/LON2/DLON/H
  187  180  179  176  170  164  161  159  158  157  157  157  157  153  150  143
  140  134  133  129  129  124  121  114  112  105  106  103  107  103  105  100
  100   94   95   91   93   92   95   96  101  106  115  124  133  143  149  156
  161  167  172  175  179  179  183  182  184  181  180  177  176  171  167  163
  162  162  166  168  171  171  180  167  187                                   
    52.5-180.0 180.0   5.0 450.0                            LAT/LON1/LON2/DLON/H
  194  191  189  188  179  174  170  165  163  160  160  160  161  159  156  152
  146  144  140  139  135  133  126  122  116  114  110  112  109  110  105  103
   97   95   90   90   89   91   91   95   98  105  113  123  133  144  152  159
  165  172  179  183  186  188  191  190  191  188  186  183  182  176  172  167
  165  165  169  173  177  181  186  172  194                                   
    50.0-180.0 180.0   5.0 450.0                            LAT/LON1/LON2/DLON/H
  203  200  203  201  195  188  181  175  168  165  163  162  163  161  160  155
  153  148  148  144  143  137  134  126  124  118  119  115  116  110  107   99
   96   89   89   85   88   86   90   90   95   99  110  120  131  143  152  162
  169  178  186  191  196  198  201  198  199  194  191  187  185  180  176  171
  170  170  176  179  184  185  194  183  203                                   
    47.5-180.0 180.0   5.0 450.0                            LAT/LON1/LON2/DLON/H
  209  209  210  212  205  200  193  186  180  175  173  170  171  169  168  164
  160  157  154  153  149  146  140  137  131  130  126  126  120  117  109  105
   97   95   91   92   91   93   93   96   98  104  112  122  133  145  155  165
  173  183  192  198  203  206  208  205  205  200  198  193  191  185  181  175
  175  175  181  186  191  196  200  188  209                                   
    45.0-180.0 180.0   5.0 450.0                            LAT/LON1/LON2/DLON/H
  217  216  222  222  219  214  208  201  192  187  181  179  176  174  172  167
  165  160  160  155  155  149  147  141  141  135  137  131  128  118  114  104
  102   95   99   96  100   98  101   98  102  104  113  120  131  142  155  166
  176  186  197  204  211  214  217  214  213  207  204  198  196  189  185  181
  181  183  190  193  199  200  207  199  217                                   
    42.5-180.0 180.0   5.0 450.0                            LAT/LON1/LON2/DLON/H
  222  221  225  229  226  223  219  213  206  200  195  190  188  185  183  178
  174  170  166  163  158  155  151  149  147  147  145  142  134  128  120  114
  109  109  109  111  111  111  109  109  109  111  117  124  132  144  154  167
  177  189  200  209  216  221  224  221  220  214  210  205  202  196  192  188
  189  190  197  203  208  212  214  206  222                                   
    40.0-180.0 180.0   5.0 450.0                            LAT/LON1/LON2/DLON/H
  232  231  237  238  236  234  232  228  221  216  208  203  198  194  190  184
  180  174  171  165  162  156  155  152  157  155  159  150  146  134  131  121
  123  119  125  122  126  121  123  118  121  119  125  126  134  141  154  167
  179  192  205  214  223  228  234  232  231  226  221  215  212  206  202  198
  200  202  210  214  220  219  226  219  232                                   
    37.5-180.0 180.0   5.0 450.0                            LAT/LON1/LON2/DLON/H
  242  238  241  244  242  241  241  238  235  229  224  217  213  208  204  198
  193  187  181  174  168  162  159  161  165  169  170  166  157  149  142  138
  136  137  137  138  136  134  130  128  127  127  129  132  136  142  153  166
  179  193  207  217  228  235  242  241  243  238  235  229  225  220  216  214
  215  218  223  229  235  238  240  235  242                                   
    35.0-180.0 180.0   5.0 450.0                            LAT/LON1/LON2/DLON/H
  258  255  258  257  255  254  255  255  251  248  239  233  226  221  215  209
  203  196  188  178  172  164  165  165  175  178  185  178  173  160  157  150
  152  148  152  147  148  140  141  135  139  135  138  134  138  141  152  164
  179  194  209  221  233  242  252  255  258  256  251  246  243  237  234  231
  235  236  243  246  254  251  258  255  258                                   
    32.5-180.0 180.0   5.0 450.0                            LAT/LON1/LON2/DLON/H
  277  275  272  273  270  270  271  272  271  266  260  251  244  238  232  227
  220  211  202  189  180  172  173  178  188  195  199  194  186  175  170  164
  163  161  159  156  151  146  142  141  140  140  139  138  139  142  151  164
  178  192  208  223  237  249  262  269  276  274  273  266  263  258  255  253
  255  257  261  267  272  275  277  277  277                                   
    30.0-180.0 180.0   5.0 450.0                            LAT/LON1/LON2/DLON/H
  301  303  301  302  298  299  300  301  298  293  283  274  263  256  248  242
  233  222  212  197  187  179  182  188  201  207  212  205  198  186  180  172
  169  162  160  151  149  140  142  137  142  138  141  135  137  137  147  160
  177  193  209  225  241  256  271  281  288  292  289  287  282  279  276  275
  276  276  281  285  293  293  300  300  301                                   
    27.5-180.0 180.0   5.0 450.0                            LAT/LON1/LON2/DLON/H
  323  328  328  333  331  333  332  334  331  325  315  302  290  279  269  260
  250  237  224  207  197  190  195  203  214  221  222  216  205  194  184  173
  164  158  150  146  141  139  136  137  137  138  136  134  132  134  142  156
  173  190  207  224  242  258  275  286  297  301  304  300  300  298  298  296
  296  295  299  305  314  319  320  321  323                                   
    25.0-180.0 180.0   5.0 450.0                            LAT/LON1/LON2/DLON/H
  346  354  359  366  369  372  374  374  372  367  355  343  327  313  300  286
  270  253  236  217  209  204  210  218  226  232  230  223  210  197  183  168
  155  142  137  129  131  125  130  126  131  128  131  126  126  124  134  147
  166  183  202  218  238  257  276  288  299  306  308  310  309  313  312  314
  311  311  312  319  331  336  339  342  346                                   
    22.5-180.0 180.0   5.0 450.0                            LAT/LON1/LON2/DLON/H
  358  371  377  388  394  399  404  407  406  402  393  379  363  345  329  311
  291  269  250  231  222  219  224  230  236  237  233  224  210  193  174  156
  138  129  120  120  118  121  120  122  121  123  119  119  116  117  124  139
  158  177  197  215  236  255  276  288  302  308  315  316  320  322  325  327
  328  326  328  334  344  351  354  357  358                                   
    20.0-180.0 180.0   5.0 450.0                            LAT/LON1/LON2/DLON/H
  372  384  394  407  416  425  431  436  436  434  428  418  402  384  365  342
  319  291  267  246  236  236  238  244  241  240  230  220  203  185  164  142
  122  108  103  100  108  106  112  108  113  110  112  108  110  107  117  129
  150  170  191  211  234  255  276  290  304  314  321  327  329  335  335  341
  338  340  339  346  357  362  365  372  372                                   
    17.5-180.0 180.0   5.0 450.0                            LAT/LON1/LON2/DLON/H
  375  389  402  417  431  438  446  451  453  453  449  442  428  408  388  364
  339  310  282  262  251  249  250  250  244  236  225  210  191  173  148  130
  106   95   87   91   95  100   99  101   99  101   97  100   98  100  107  120
  140  163  187  209  234  254  277  290  307  317  329  335  342  344  346  348
  349  349  351  357  366  373  372  379  375                                   
    15.0-180.0 180.0   5.0 450.0                            LAT/LON1/LON2/DLON/H
  384  395  407  422  435  445  451  461  463  465  464  459  450  435  415  392
  366  336  304  281  266  263  257  254  239  229  211  196  178  160  138  117
   97   82   80   79   88   88   91   88   92   89   93   91   94   92  102  113
  135  158  184  208  232  255  276  294  310  327  340  348  352  357  357  362
  360  365  364  373  384  385  384  393  384                                   
    12.5-180.0 180.0   5.0 450.0                            LAT/LON1/LON2/DLON/H
  387  398  410  423  436  440  449  454  459  463  463  463  454  442  423  400
  375  345  316  294  276  272  261  251  232  214  192  174  157  145  125  108
   87   77   73   76   80   83   80   79   78   79   78   82   80   83   89  102
  125  151  178  204  230  253  277  295  316  331  346  356  362  366  368  370
  371  375  379  388  396  397  393  401  387                                   
    10.0-180.0 180.0   5.0 450.0                            LAT/LON1/LON2/DLON/H
  398  407  416  423  432  435  438  445  447  452  454  454  450  438  424  404
  382  356  326  303  283  273  258  243  218  196  173  155  143  132  117  101
   85   75   73   75   77   75   71   69   71   68   73   72   76   74   82   92
  116  142  171  198  223  247  269  291  316  339  355  368  377  383  382  387
  387  394  394  405  412  409  406  411  398                                   
     7.5-180.0 180.0   5.0 450.0                            LAT/LON1/LON2/DLON/H
  405  413  422  426  431  428  430  429  430  432  433  435  427  420  403  387
  368  345  319  299  279  269  249  229  198  171  146  134  125  119  108   96
