data/unet/pred0350.15i
     1.0            IONOSPHERE MAPS     GNSS                IONEX VERSION / TYPE
pyspatialgeodesy        IME             05-JAN-18 20:20     PGM / RUN BY / DATE 
Map Name                                                    COMMENT             
Predicted global ionosphere maps (GIM).                     DESCRIPTION         
  2015     2     4     0     0     0                        EPOCH OF FIRST MAP  
  2015     2     5     0     0     0                        EPOCH OF LAST MAP   
  7200                                                      INTERVAL            
    13                                                      # OF MAPS IN FILE   
  NONE                                                      MAPPING FUNCTION    
10.0                                                        ELEVATION CUTOFF    
One-way carrier phase leveled to code                       OBSERVABLES USED    
  6371.0                                                    BASE RADIUS         
 2                                                          MAP DIMENSION       
   450.0 450.0   0.0                                        HGT1 / HGT2 / DHGT  
    87.5 -87.5  -2.5                                        LAT1 / LAT2 / DLAT  
  -180.0 180.0   5.0                                        LON1 / LON2 / DLON  
    -1                                                      EXPONENT            
                                                            END OF HEADER       
[from data line 5148]
    13                                                      START OF TEC MAP    
  2015     2     5     0     0     0                        EPOCH OF CURRENT MAP
    87.5-180.0 180.0   5.0 450.0                            LAT/LON1/LON2/DLON/H
  152  122  118  114  115  110  114  112  117  114  118  115  119  116  118  114
  117  113  114  109  112  106  108  101  104   98  101   94   98   92   95   89
   93   88   93   88   93   89   94   90   95   92   97   94   99   96  100   97
  101   99  102  100  102  100  102  100  102   99  101   98  100   98   99   97
  100   98  101  101  108  110  117  145  152                                   
    85.0-180.0 180.0   5.0 450.0                            LAT/LON1/LON2/DLON/H
  133  125  128  127  127  122  127  124  131  128  132  129  133  130  132  127
  129  124  124  118  118  112  110  103  102   95   94   86   87   80   80   74
   76   73   74   72   76   75   78   78   83   83   89   89   94   94   99   97
  102  100  104  102  105  103  105  103  104  101  102  100  101   99  100   98
  100  100  104  105  113  109  112  124  133                                   
    82.5-180.0 180.0   5.0 450.0                            LAT/LON1/LON2/DLON/H
  138  138  143  142  141  137  140  139  145  143  146  144  148  144  145  141
  142  136  134  127  126  118  113  105  101   92   87   79   77   69   67   62
   63   59   62   60   65   65   70   71   78   80   87   90   96   97  103  103
  107  106  110  107  111  107  110  105  108  102  106  100  104  100  105  102
  108  106  113  113  122  119  126  129  138                                   
    80.0-180.0 180.0   5.0 450.0                            LAT/LON1/LON2/DLON/H
  157  159  162  163  159  161  161  165  165  169  167  170  168  168  163  162
  158  155  149  145  139  133  124  118  109  101   90   84   76   70   64   61
   60   59   60   62   65   68   73   77   83   87   94   98  104  107  111  113
  115  116  118  117  117  115  115  112  112  109  110  108  109  109  112  114
  118  121  126  130  134  135  140  144  157                                   
    77.5-180.0 180.0   5.0 450.0                            LAT/LON1/LON2/DLON/H
  188  184  185  184  182  182  184  186  187  189  189  189  186  183  177  173
  167  162  156  151  146  140  133  126  117  107   97   88   79   71   65   61
   60   59   62   64   69   72   78   82   87   91   97  100  105  107  111  112
  114  114  114  113  112  110  109  108  107  105  105  105  106  107  112  116
  122  128  135  139  144  147  154  156  188                                   
    75.0-180.0 180.0   5.0 450.0                            LAT/LON1/LON2/DLON/H
  217  211  213  209  205  207  207  210  209  211  208  206  199  193  183  175
  167  161  156  152  148  145  139  134  125  117  107   98   88   80   73   69
   67   67   70   74   78   82   87   91   95   98  102  104  106  107  109  109
  109  108  108  106  104  103  102  101  100   99  100  100  103  105  111  117
  126  134  143  151  157  163  173  177  217                                   
    72.5-180.0 180.0   5.0 450.0                            LAT/LON1/LON2/DLON/H
  246  237  238  234  230  229  229  230  229  227  223  216  205  194  179  168
  157  149  145  143  142  141  140  137  132  125  117  107   99   90   85   80
   78   78   82   85   89   93   98  100  102  103  105  104  105  103  103  100
  100   97   97   94   93   90   91   89   90   89   91   93   97  101  109  117
  129  140  153  164  173  182  193  202  246                                   
    70.0-180.0 180.0   5.0 450.0                            LAT/LON1/LON2/DLON/H
  272  265  266  261  255  255  253  254  251  249  241  231  214  196  176  158
  144  134  130  129  131  133  136  136  132  127  120  113  105   97   92   87
   87   86   90   92   96   98  101  101  102  101  101   98   96   92   90   87
   85   82   82   81   80   79   80   79   80   81   84   88   95  101  110  120
  134  146  163  175  187  198  210  227  272                                   
    67.5-180.0 180.0   5.0 450.0                            LAT/LON1/LON2/DLON/H
  294  285  288  285  281  279  279  278  277  273  264  250  229  205  177  154
  134  121  115  115  119  123  128  129  129  124  119  111  104   97   93   89
   89   90   92   94   96   97   98   96   95   92   90   86   82   78   75   71
   69   66   68   68   69   69   71   70   72   73   78   83   92  101  111  123
  138  153  171  185  198  210  223  244  294                                   
    65.0-180.0 180.0   5.0 450.0                            LAT/LON1/LON2/DLON/H
  313  305  311  307  303  301  302  304  304  302  293  278  252  222  187  158
  134  117  110  107  112  115  121  122  122  118  112  106   98   93   88   86
   86   86   87   87   89   87   88   84   82   78   76   71   67   62   59   54
   54   54   57   58   60   62   64   66   68   71   77   84   95  106  118  130
  146  161  177  191  204  219  233  257  313                                   
    62.5-180.0 180.0   5.0 450.0                            LAT/LON1/LON2/DLON/H
  321  311  321  319  316  316  317  322  325  324  319  302  277  244  206  173
  145  125  114  109  110  111  113  112  110  106   99   93   86   81   77   75
   75   75   75   75   75   73   72   69   66   63   60   56   52   48   45   42
   43   44   48   50   54   57   61   63   68   72   79   88  102  114  127  141
  158  171  184  196  211  224  238  263  321                                   
    60.0-180.0 180.0   5.0 450.0                            LAT/LON1/LON2/DLON/H
  328  317  329  326  325  325  326  332  336  340  336  326  302  272  231  198
  167  144  129  119  116  111  108  102   97   91   84   79   73   69   65   64
   64   63   63   62   62   60   59   57   55   53   50   47   45   42   41   38
   41   42   48   50   54   58   61   65   69   75   83   96  112  127  143  157
  173  184  194  204  216  230  244  270  328                                   
    57.5-180.0 180.0   5.0 450.0                            LAT/LON1/LON2/DLON/H
  331  320  331  331  330  330  329  333  338  342  344  337  321  293  260  227
  196  172  153  138  127  116  104   93   83   75   68   63   59   57   55   54
   54   54   53   53   52   52   51   51   49   47   45   44   43   42   41   39
   43   44   50   52   58   61   65   68   73   79   90  104  124  143  163  177
  193  202  213  221  231  242  253  276  331                                   
    55.0-180.0 180.0   5.0 450.0                            LAT/LON1/LON2/DLON/H
  339  333  342  343  343  341  338  338  339  344  344  344  332  314  286  260
  230  205  180  160  141  121  104   86   74   63   58   53   53   53   53   53
   54   54   54   54   54   55   55   54   54   52   52   51   52   50   49   46
   51   50   57   59   65   67   71   74   79   86   97  114  138  160  181  198
  214  227  236  245  252  264  275  294  339                                   
    52.5-180.0 180.0   5.0 450.0                            LAT/LON1/LON2/DLON/H
  351  354  361  364  363  359  351  345  341  340  341  339  334  321  305  283
  261  235  207  183  157  132  107   87   71   60   54   53   54   57   59   60
   61   61   60   62   62   65   64   66   64   65   64   65   65   64   61   58
   61   61   66   69   73   75   78   81   86   94  106  124  152  176  201  219
  241  255  267  276  285  294  302  316  351                                   
    50.0-180.0 180.0   5.0 450.0                            LAT/LON1/LON2/DLON/H
  364  382  389  393  393  387  372  360  348  342  336  335  330  325  312  300
  280  258  228  200  169  141  115   92   77   66   63   62   66   69   73   72
   73   72   73   74   77   79   81   80   81   80   81   81   82   78   76   71
   74   72   77   78   82   84   88   90   96  103  116  136  164  190  214  238
  260  279  293  307  321  332  340  348  364                                   
    47.5-180.0 180.0   5.0 450.0                            LAT/LON1/LON2/DLON/H
  378  403  415  422  422  415  398  380  362  347  336  329  325  319  313  302
  287  265  239  211  180  155  129  110   94   86   82   82   86   88   89   87
   85   84   84   86   88   92   93   94   93   94   94   96   96   95   92   88
   88   85   88   88   91   94   98  100  106  115  129  150  178  202  228  251
  275  296  315  334  352  362  369  373  378                                   
    45.0-180.0 180.0   5.0 450.0                            LAT/LON1/LON2/DLON/H
  387  422  434  445  447  443  425  405  380  362  344  334  326  320  312  303
  287  267  242  217  191  169  148  131  120  111  106  104  104  102  100   95
   92   90   92   95   99  102  104  103  104  104  106  108  110  108  107  102
  101   96   97   97  101  105  108  111  118  127  142  163  189  211  234  256
  279  303  326  351  372  387  396  391  387                                   
    42.5-180.0 180.0   5.0 450.0                            LAT/LON1/LON2/DLON/H
  393  423  442  454  460  457  445  428  403  380  359  343  332  321  312  298
  283  261  241  221  201  187  170  157  144  134  126  120  115  110  103   97
   93   91   94   99  103  107  108  110  111  113  116  120  122  122  121  118
  114  108  107  105  110  114  119  122  131  143  160  179  202  220  242  258
  281  303  330  354  381  392  400  399  393                                   
    40.0-180.0 180.0   5.0 450.0                            LAT/LON1/LON2/DLON/H
  394  424  440  453  461  463  453  441  419  396  372  355  340  328  315  299
  280  260  241  226  215  205  194  180  165  150  137  126  117  108  100   93
   90   90   95  100  106  109  112  113  117  120  126  128  132  131  131  126
  123  116  113  113  118  122  127  132  144  158  176  194  215  231  247  263
  280  302  326  352  375  389  402  395  394                                   
    37.5-180.0 180.0   5.0 450.0                            LAT/LON1/LON2/DLON/H
  395  414  430  441  450  453  447  440  424  405  380  363  349  335  321  302
  282  262  247  238  231  225  213  197  175  155  137  123  111  102   95   89
   87   90   95  103  107  114  115  119  123  130  136  140  141  140  138  134
  130  122  119  117  123  126  134  142  158  174  191  209  228  242  257  268
  283  299  321  342  366  377  389  389  395                                   
    35.0-180.0 180.0   5.0 450.0                            LAT/LON1/LON2/DLON/H
  399  413  420  425  431  434  427  425  414  399  380  365  353  342  328  311
  291  274  261  256  251  243  227  203  177  150  131  116  108  101   98   94
   97  100  109  116  122  125  128  129  136  142  149  150  150  146  143  137
  132  124  120  119  123  128  136  146  163  180  201  219  239  251  263  275
  287  304  322  340  359  372  390  389  399                                   
    32.5-180.0 180.0   5.0 450.0                            LAT/LON1/LON2/DLON/H
  426  427  429  429  427  423  414  411  402  392  375  364  355  346  336  321
  304  290  281  277  269  255  231  199  167  141  123  115  112  114  115  118
  122  129  136  146  147  150  147  149  152  160  162  163  158  152  145  139
  132  124  119  117  122  126  135  146  163  183  205  227  247  262  273  286
  301  316  333  348  365  379  398  399  426                                   
    30.0-180.0 180.0   5.0 450.0                            LAT/LON1/LON2/DLON/H
  487  488  477  467  455  440  422  413  400  387  372  361  355  349  341  331
  318  308  301  295  281  258  225  189  157  134  127  127  137  147  157  165
  175  180  185  188  188  184  177  172  173  174  176  172  165  156  148  139
  132  124  119  117  119  122  130  139  158  179  206  231  255  273  285  302
  316  338  354  370  381  399  428  439  487                                   
    27.5-180.0 180.0   5.0 450.0                            LAT/LON1/LON2/DLON/H
  576  582  564  554  532  505  470  449  425  407  382  371  360  356  348  340
  329  323  316  305  282  250  213  178  153  140  144  160  183  206  225  242
  251  255  249  237  225  216  206  198  192  191  188  181  170  158  147  138
  130  122  118  114  114  115  122  133  154  176  206  237  267  288  302  321
  342  367  389  408  418  439  475  506  576                                   
    25.0-180.0 180.0   5.0 450.0                            LAT/LON1/LON2/DLON/H
  698  719  696  687  661  623  574  532  491  452  416  391  375  366  358  350
  340  332  321  302  272  236  203  175  166  170  190  219  256  290  316  333
  339  337  318  295  265  246  231  219  210  203  196  187  173  158  145  135
  126  118  114  108  106  105  113  128  153  181  212  251  281  311  327  360
  387  425  454  474  488  520  578  612  698                                   
    22.5-180.0 180.0   5.0 450.0                            LAT/LON1/LON2/DLON/H
  812  862  855  845  808  763  702  654  593  539  480  444  411  398  379  368
  350  337  317  290  257  224  200  190  197  217  253  295  336  368  391  404
  405  397  367  339  298  268  245  232  220  210  200  187  171  154  139  130
  118  112  104   98   92   93  104  124  155  190  229  271  307  342  370  418
  458  506  538  564  586  631  695  729  812                                   
    20.0-180.0 180.0   5.0 450.0                            LAT/LON1/LON2/DLON/H
  919  993 1007 1002  981  935  874  813  742  672  593  531  481  447  417  392
  368  342  314  281  250  224  215  223  250  289  335  379  416  439  453  455
  447  429  398  357  318  282  255  239  229  217  206  192  175  153  133  120
  111  102   98   88   88   89  106  132  165  211  254  300  339  382  431  488
  543  593  636  663  700  746  828  839  919                                   
    17.5-180.0 180.0   5.0 450.0                            LAT/LON1/LON2/DLON/H
  977 1055 1090 1100 1082 1048 1005  958  887  813  721  645  573  519  469  430
  392  357  319  285  258  245  253  279  323  374  418  448  468  476  475  467
  447  423  392  359  320  286  260  245  231  223  209  198  177  157  135  124
  111  103   94   86   85   89  111  139  181  234  281  330  375  430  484  546
  609  664  708  740  779  828  886  896  977                                   
    15.0-180.0 180.0   5.0 450.0                            LAT/LON1/LON2/DLON/H
 1009 1088 1134 1149 1150 1125 1099 1055 1007  946  861  768  684  612  545  487
  435  388  345  309  289  292  316  364  417  464  490  498  497  486  473  450
  426  399  372  340  310  281  265  249  236  229  218  204  186  165  145  129
  118  106   99   89   88   97  120  156  204  259  309  357  412  465  529  593
  660  713  761  789  832  877  915  916 1009                                   
    12.5-180.0 180.0   5.0 450.0                            LAT/LON1/LON2/DLON/H
  973 1069 1122 1149 1161 1153 1138 1111 1074 1021  953  870  784  705  628  563
  494  442  391  357  343  359  397  451  496  522  524  506  478  450  425  403
  378  360  339  316  297  280  271  261  246  240  229  217  197  178  159  141
  127  113  104   91   92   98  127  165  216  272  321  374  432  489  551  624
  683  742  779  814  844  880  905  896  973                                   
    10.0-180.0 180.0   5.0 450.0                            LAT/LON1/LON2/DLON/H
  921 1017 1070 1103 1129 1133 1139 1125 1107 1065 1018  947  875  793  719  644
  573  510  457  425  418  442  482  527  556  556  526  480  432  391  366  336
  326  311  307  292  288  280  281  272  259  250  239  225  204  184  168  147
  135  120  108   96   95  103  135  176  231  280  332  383  445  501  566  633
  694  748  788  817  846  868  894  867  921                                   
     7.5-180.0 180.0   5.0 450.0                            LAT/LON1/LON2/DLON/H
  834  916  960 1001 1038 1059 1080 1089 1090 1069 1038  986  924  860  796  725
  652  587  533  503  498  521  549  574  575  547  485  424  366  324  297  283
