data/unet/pred1860.15i
     1.0            IONOSPHERE MAPS     GNSS                IONEX VERSION / TYPE
pyspatialgeodesy        IME             05-JAN-18 20:20     PGM / RUN BY / DATE 
Map Name                                                    COMMENT             
Predicted global ionosphere maps (GIM).                     DESCRIPTION         
  2015     7     5     0     0     0                        EPOCH OF FIRST MAP  
  2015     7     6     0     0     0                        EPOCH OF LAST MAP   
  7200                                                      INTERVAL            
    13                                                      # OF MAPS IN FILE   
  NONE                                                      MAPPING FUNCTION    
10.0                                                        ELEVATION CUTOFF    
One-way carrier phase leveled to code                       OBSERVABLES USED    
  6371.0                                                    BASE RADIUS         
 2                                                          MAP DIMENSION       
   450.0 450.0   0.0                                        HGT1 / HGT2 / DHGT  
    87.5 -87.5  -2.5                                        LAT1 / LAT2 / DLAT  
  -180.0 180.0   5.0                                        LON1 / LON2 / DLON  
    -1                                                      EXPONENT            
                                                            END OF HEADER       
[from data line 858]
     3                                                      START OF TEC MAP    
  2015     7     5     4     0     0                        EPOCH OF CURRENT MAP
    87.5-180.0 180.0   5.0 450.0                            LAT/LON1/LON2/DLON/H
  190  189  177  182  181  185  183  188  187  191  188  191  189  192  189  192
  188  191  187  189  185  187  182  184  181  183  179  181  178  180  176  175
  173  172  169  168  169  167  167  165  166  164  164  160  162  158  158  153
  155  151  151  147  149  146  148  146  149  147  150  149  152  152  154  154
  157  157  158  160  163  159  172  182  190                                   
    85.0-180.0 180.0   5.0 450.0                            LAT/LON1/LON2/DLON/H
  192  195  184  197  193  200  196  204  199  206  201  207  202  208  202  207
  201  205  199  201  196  197  192  193  190  191  187  189  186  186  182  181
  179  178  173  173  172  173  169  170  168  169  164  164  162  161  156  156
  152  153  148  150  147  150  146  149  147  151  149  153  152  156  155  158
  158  162  161  167  166  164  173  177  192                                   
    82.5-180.0 180.0   5.0 450.0                            LAT/LON1/LON2/DLON/H
  180  185  186  195  195  198  201  203  205  206  208  208  209  208  209  208
  208  204  203  199  199  196  195  193  193  191  189  188  186  183  179  177
  174  173  168  170  169  171  167  170  167  168  163  164  160  159  152  152
  146  147  141  144  138  142  136  142  137  143  139  146  143  150  147  153
  151  157  154  162  161  162  165  167  180                                   
    80.0-180.0 180.0   5.0 450.0                            LAT/LON1/LON2/DLON/H
  182  186  190  193  198  201  205  207  209  209  211  211  211  211  211  211
  210  208  204  200  196  193  189  188  187  185  183  180  181  177  177  174
  176  174  175  175  177  177  176  177  177  175  173  171  170  166  162  159
  157  154  152  151  150  149  149  148  149  149  150  151  152  153  154  155
  157  158  159  161  163  158  163  163  182                                   
    77.5-180.0 180.0   5.0 450.0                            LAT/LON1/LON2/DLON/H
  185  185  186  190  196  200  204  206  206  207  207  207  206  207  206  207
  204  202  196  192  187  183  179  177  176  173  173  171  171  169  169  169
  171  173  174  178  179  181  181  183  180  180  177  177  173  169  165  164
  159  158  154  155  152  153  150  152  150  152  150  155  152  156  154  157
  155  158  156  159  160  156  163  160  185                                   
    75.0-180.0 180.0   5.0 450.0                            LAT/LON1/LON2/DLON/H
  186  187  186  191  199  203  207  207  208  206  208  205  205  203  204  203
  202  199  196  190  187  182  178  173  172  168  167  162  162  158  161  160
  167  168  175  176  183  183  186  184  186  183  183  177  178  171  171  164
  165  160  161  157  158  154  157  153  155  152  155  154  155  155  156  154
  155  153  155  153  156  150  161  161  186                                   
    72.5-180.0 180.0   5.0 450.0                            LAT/LON1/LON2/DLON/H
  193  185  185  190  195  200  201  203  201  201  199  199  195  194  192  193
  192  191  189  186  183  178  173  167  164  158  156  150  150  147  150  153
  159  164  170  174  180  182  186  185  186  185  184  181  180  176  174  171
  169  168  167  165  164  162  162  160  160  159  159  160  159  160  159  159
  157  157  155  156  157  154  160  160  193                                   
    70.0-180.0 180.0   5.0 450.0                            LAT/LON1/LON2/DLON/H
  193  185  184  190  197  198  202  200  201  199  199  196  193  188  187  185
  184  183  182  180  180  174  171  164  161  152  150  142  142  140  145  146
  155  158  166  170  178  179  183  183  187  184  186  182  184  180  179  175
  176  172  172  169  170  166  167  162  164  161  163  162  164  163  165  163
  162  160  159  157  159  153  161  163  193                                   
    67.5-180.0 180.0   5.0 450.0                            LAT/LON1/LON2/DLON/H
  196  181  182  187  192  194  196  197  197  198  196  194  188  183  177  176
  172  172  170  170  168  166  161  155  149  141  137  132  132  132  137  142
  148  154  159  165  170  173  176  178  181  181  183  184  186  186  184  184
  182  181  178  178  176  174  171  170  168  168  166  169  169  171  170  171
  169  168  165  165  165  160  163  164  196                                   
    65.0-180.0 180.0   5.0 450.0                            LAT/LON1/LON2/DLON/H
  198  187  185  188  192  190  194  193  196  195  196  192  188  179  175  166
  163  158  156  153  152  146  143  135  133  125  125  121  125  126  133  136
  143  146  152  156  162  164  168  169  175  176  182  182  188  188  190  187
  187  184  183  180  180  176  175  170  171  168  169  168  171  172  173  173
  171  171  169  169  168  164  167  171  198                                   
    62.5-180.0 180.0   5.0 450.0                            LAT/LON1/LON2/DLON/H
  207  189  190  191  193  192  195  196  198  199  199  196  189  180  170  161
  152  146  139  136  130  126  119  116  112  110  111  112  117  122  127  134
  138  143  146  150  154  157  161  164  170  174  180  185  192  195  196  196
  195  193  189  187  185  183  178  176  173  173  170  172  173  176  174  176
  173  176  172  174  174  174  175  176  207                                   
    60.0-180.0 180.0   5.0 450.0                            LAT/LON1/LON2/DLON/H
  213  203  199  199  198  194  198  195  199  198  199  195  189  180  174  161
  153  145  138  133  125  120  112  106  104  101  105  107  114  120  125  129
  132  135  137  141  144  148  152  157  166  171  183  187  200  203  208  206
  206  202  200  195  195  190  188  182  182  180  179  177  178  179  178  179
  177  180  178  181  180  179  181  183  213                                   
    57.5-180.0 180.0   5.0 450.0                            LAT/LON1/LON2/DLON/H
  224  207  211  209  209  207  208  207  206  206  204  203  197  190  179  168
  158  150  141  135  122  116  104  101   96   98   99  105  109  117  119  124
  125  130  131  135  141  145  152  158  168  177  190  200  211  218  221  222
  219  217  213  210  207  204  199  196  193  190  187  186  185  187  184  186
  184  187  185  188  188  190  190  192  224                                   
    55.0-180.0 180.0   5.0 450.0                            LAT/LON1/LON2/DLON/H
  235  225  226  225  222  219  220  215  215  211  209  204  200  192  184  173
  165  154  145  135  123  116  106  104   98  103  104  111  113  120  118  123
  120  126  124  130  131  140  146  156  167  179  194  204  219  226  233  232
  232  228  227  223  222  218  215  210  207  203  200  197  195  195  192  193
  191  193  193  195  198  198  201  202  235                                   
    52.5-180.0 180.0   5.0 450.0                            LAT/LON1/LON2/DLON/H
  246  231  242  240  241  236  236  230  227  224  219  215  208  205  196  188
  176  166  157  148  136  129  119  116  112  117  116  124  123  129  124  126
  121  123  122  126  130  137  148  158  172  184  200  213  226  236  241  243
  244  244  243  241  241  238  233  226  223  217  212  208  205  205  201  201
  198  200  199  203  204  207  209  215  246                                   
    50.0-180.0 180.0   5.0 450.0                            LAT/LON1/LON2/DLON/H
  257  249  257  260  259  258  255  249  243  236  231  224  217  212  205  196
  187  180  168  163  147  140  127  124  121  124  127  130  132  131  129  125
  122  121  121  122  127  132  142  155  172  186  205  215  232  240  249  252
  256  258  261  261  263  260  256  250  243  237  228  225  219  217  211  210
  207  208  207  211  213  215  219  221  257                                   
    47.5-180.0 180.0   5.0 450.0                            LAT/LON1/LON2/DLON/H
  261  250  268  270  275  272  273  264  259  251  243  237  228  225  216  211
  200  194  184  177  162  153  144  138  139  138  141  142  142  139  135  130
  127  124  125  125  129  134  144  157  174  192  209  224  238  250  256  264
  269  275  280  284  286  285  282  275  267  257  247  239  230  227  219  219
  216  217  215  219  220  222  222  229  261                                   
    45.0-180.0 180.0   5.0 450.0                            LAT/LON1/LON2/DLON/H
  270  265  275  283  288  291  291  285  276  269  259  252  241  237  227  222
  213  211  202  200  185  179  167  165  161  163  161  161  158  153  150  141
  140  135  135  132  137  137  147  156  176  192  213  223  240  250  260  267
  276  285  292  299  303  304  301  296  286  279  265  257  245  240  233  230
  227  228  225  226  226  224  230  233  270                                   
    42.5-180.0 180.0   5.0 450.0                            LAT/LON1/LON2/DLON/H
  274  263  281  284  291  295  301  295  289  280  272  266  253  248  236  232
  221  221  213  213  198  196  186  187  183  185  183  181  175  171  164  161
  157  153  151  144  146  143  152  160  177  196  211  227  242  253  264  274
  284  294  306  313  318  318  315  311  305  299  285  275  263  255  247  244
  240  239  236  236  236  235  236  245  274                                   
    40.0-180.0 180.0   5.0 450.0                            LAT/LON1/LON2/DLON/H
  290  280  286  290  297  305  309  311  304  300  290  281  269  261  246  242
  231  233  224  228  211  214  200  207  200  207  202  201  192  188  182  178
  176  171  168  159  156  151  158  164  181  196  215  225  244  253  268  277
  289  300  311  319  324  325  323  324  319  317  305  297  283  276  267  264
  259  258  253  252  251  246  251  256  290                                   
    37.5-180.0 180.0   5.0 450.0                            LAT/LON1/LON2/DLON/H
  310  288  295  292  297  303  313  313  314  308  302  296  283  275  256  248
  235  235  226  227  216  220  212  223  221  230  225  226  217  215  207  205
  200  196  189  176  168  161  165  170  183  199  214  230  244  258  272  285
  296  308  320  327  331  333  333  336  335  335  328  319  310  300  293  288
  284  282  278  277  277  274  273  280  310                                   
    35.0-180.0 180.0   5.0 450.0                            LAT/LON1/LON2/DLON/H
  345  320  316  309  309  317  322  330  327  330  320  317  300  289  269  257
  240  238  225  227  215  221  216  231  229  240  234  238  226  224  215  215
  210  207  194  181  169  162  165  173  187  199  218  228  246  257  274  284
  298  308  319  327  331  336  337  345  348  353  350  346  337  329  321  317
  313  311  307  307  308  304  306  309  345                                   
    32.5-180.0 180.0   5.0 450.0                            LAT/LON1/LON2/DLON/H
  382  354  345  336  331  336  340  341  342  337  334  327  314  303  280  264
  242  235  221  219  212  219  221  239  242  254  250  253  244  241  232  228
  223  216  202  186  173  165  167  172  187  198  215  227  242  256  270  283
  296  308  318  326  330  338  342  354  360  370  369  367  361  354  348  343
  340  339  338  340  341  339  341  345  382                                   
    30.0-180.0 180.0   5.0 450.0                            LAT/LON1/LON2/DLON/H
  424  402  390  380  372  373  369  370  361  363  353  352  334  320  293  272
  246  235  217  215  208  219  224  245  248  262  254  258  246  245  235  230
  220  211  193  179  163  160  160  169  181  195  210  222  239  250  267  276
  290  299  312  320  327  336  345  361  373  388  391  393  386  382  374  370
  366  366  365  366  367  369  377  379  424                                   
    27.5-180.0 180.0   5.0 450.0                            LAT/LON1/LON2/DLON/H
  450  441  433  431  422  419  408  399  389  378  372  362  345  329  302  280
  249  234  215  210  207  221  233  256  262  273  269  267  255  250  236  226
  209  194  175  161  150  150  150  160  172  186  200  215  228  242  257  270
  281  293  305  316  324  337  347  367  382  401  408  411  405  401  394  391
  386  388  386  389  393  399  401  410  450                                   
    25.0-180.0 180.0   5.0 450.0                            LAT/LON1/LON2/DLON/H
  476  482  480  484  477  474  461  448  430  418  399  390  368  354  318  291
  256  236  214  209  209  227  240  263  267  274  266  262  246  238  222  210
  192  175  156  147  136  138  137  148  157  173  186  203  219  233  249  261
  276  286  301  313  326  338  353  371  390  412  422  431  428  424  419  414
  410  407  405  408  413  419  427  431  476                                   
    22.5-180.0 180.0   5.0 450.0                            LAT/LON1/LON2/DLON/H
  488  505  516  526  526  524  510  493  468  448  423  403  379  357  327  300
  263  240  219  213  216  233  252  271  276  277  268  258  242  225  205  185
  165  147  131  126  115  121  120  133  141  159  173  193  208  223  239  253
  269  282  298  313  327  343  357  375  392  414  426  435  435  437  430  430
  421  420  416  420  427  435  436  443  488                                   
    20.0-180.0 180.0   5.0 450.0                            LAT/LON1/LON2/DLON/H
  496  520  537  558  564  566  555  535  509  482  452  427  401  382  346  317
  276  248  225  220  222  241  256  272  272  269  254  243  224  204  179  157
  138  124  110  106  101  105  106  116  124  141  158  181  197  214  232  247
  266  281  298  315  332  349  364  379  397  416  429  440  446  450  449  445
  442  435  434  434  439  442  450  450  496                                   
    17.5-180.0 180.0   5.0 450.0                            LAT/LON1/LON2/DLON/H
  485  515  541  566  581  585  578  555  527  497  462  433  405  379  350  323
  286  255  234  227  233  248  264  273  273  262  246  226  204  175  148  125
  109   97   85   85   83   88   88   96  103  119  142  164  188  204  225  243
  262  280  297  320  335  354  367  383  397  415  427  439  447  454  453  453
  449  446  444  442  443  447  446  448  485                                   
    15.0-180.0 180.0   5.0 450.0                            LAT/LON1/LON2/DLON/H
  472  498  525  557  575  583  580  562  535  505  471  439  410  388  359  333
  297  265  241  236  238  253  262  269  261  247  224  200  171  145  121  102
   85   73   65   66   67   70   71   77   85  101  126  154  178  202  225  244
  265  283  303  326  342  361  374  390  403  419  431  444  455  462  467  466
  467  461  460  455  448  449  455  453  472                                   
    12.5-180.0 180.0   5.0 450.0                            LAT/LON1/LON2/DLON/H
  451  475  500  529  547  555  556  540  518  488  456  422  394  371  347  327
  298  270  249  242  245  254  261  261  249  228  200  169  142  118   98   80
   67   59   56   57   57   62   62   66   75   90  121  147  175  197  223  244
  264  285  303  328  343  363  375  393  406  424  434  448  456  463  467  468
  467  463  459  453  447  449  449  449  451                                   
    10.0-180.0 180.0   5.0 450.0                            LAT/LON1/LON2/DLON/H
  440  452  473  495  510  518  520  507  488  464  435  403  376  357  338  321
  296  272  252  246  244  249  249  242  223  197  164  137  119   98   81   68
   56   52   49   48   46   47   48   51   60   78  107  141  171  197  224  245
  269  288  308  330  348  368  382  403  418  435  446  460  469  474  479  477
  478  471  468  460  450  452  455  453  440                                   
     7.5-180.0 180.0   5.0 450.0                            LAT/LON1/LON2/DLON/H
  435  443  453  464  469  478  473  464  445  425  397  368  342  326  314  303
  290  271  257  248  245  243  236  222  197  164  135  116  100   86   73   63
