data/unet/pred1700.15i
     1.0            IONOSPHERE MAPS     GNSS                IONEX VERSION / TYPE
pyspatialgeodesy        IME             05-JAN-18 20:20     PGM / RUN BY / DATE 
Map Name                                                    COMMENT             
Predicted global ionosphere maps (GIM).                     DESCRIPTION         
  2015     6    19     0     0     0                        EPOCH OF FIRST MAP  
  2015     6    20     0     0     0                        EPOCH OF LAST MAP   
  7200                                                      INTERVAL            
    13                                                      # OF MAPS IN FILE   
  NONE                                                      MAPPING FUNCTION    
10.0                                                        ELEVATION CUTOFF    
One-way carrier phase leveled to code                       OBSERVABLES USED    
  6371.0                                                    BASE RADIUS         
 2                                                          MAP DIMENSION       
   450.0 450.0   0.0                                        HGT1 / HGT2 / DHGT  
    87.5 -87.5  -2.5                                        LAT1 / LAT2 / DLAT  
  -180.0 180.0   5.0                                        LON1 / LON2 / DLON  
    -1                                                      EXPONENT            
                                                            END OF HEADER       
[from data line 429]
     2                                                      START OF TEC MAP    
  2015     6    19     2     0     0                        EPOCH OF CURRENT MAP
    87.5-180.0 180.0   5.0 450.0                            LAT/LON1/LON2/DLON/H
  184  185  190  188  187  180  179  175  175  171  170  166  168  165  165  162
  165  161  163  160  162  159  160  157  159  156  157  154  157  155  157  156
  159  158  161  159  162  160  162  159  162  160  162  160  163  162  165  164
  168  168  171  171  174  174  176  175  178  178  180  179  182  182  184  183
  187  187  188  187  186  185  180  188  184                                   
    85.0-180.0 180.0   5.0 450.0                            LAT/LON1/LON2/DLON/H
  184  195  187  190  187  181  179  176  175  173  172  170  171  169  169  167
  169  167  167  166  167  165  164  161  162  159  159  156  158  155  156  153
  157  154  157  154  157  155  156  154  155  154  156  155  157  158  160  161
  163  165  167  169  171  173  174  176  177  179  179  181  181  183  182  183
  185  186  186  186  185  181  186  181  184                                   
    82.5-180.0 180.0   5.0 450.0                            LAT/LON1/LON2/DLON/H
  189  189  194  193  192  183  184  180  182  178  179  176  179  176  177  174
  178  174  176  172  175  169  170  164  166  161  161  156  158  154  156  152
  155  152  155  152  155  151  154  150  153  151  155  153  157  157  161  161
  166  166  171  172  176  176  180  180  184  182  185  184  187  185  186  184
  188  186  190  186  189  183  185  175  189                                   
    80.0-180.0 180.0   5.0 450.0                            LAT/LON1/LON2/DLON/H
  193  193  196  197  195  190  189  188  188  186  186  184  185  182  183  181
  183  180  181  178  178  173  172  167  167  160  160  153  155  149  152  147
  151  146  150  147  149  146  149  147  150  149  154  154  159  159  164  166
  171  173  178  180  184  185  188  190  192  191  193  192  194  192  192  191
  194  193  194  193  192  189  192  184  193                                   
    77.5-180.0 180.0   5.0 450.0                            LAT/LON1/LON2/DLON/H
  194  197  198  201  199  196  195  193  194  191  191  188  189  186  187  184
  186  182  182  180  179  174  172  167  163  158  154  150  148  145  144  144
  145  146  147  147  148  148  148  149  150  151  154  157  161  164  169  173
  178  181  186  189  192  194  196  197  199  198  199  198  198  197  197  196
  198  197  199  198  196  196  194  185  194                                   
    75.0-180.0 180.0   5.0 450.0                            LAT/LON1/LON2/DLON/H
  198  198  201  201  202  197  197  194  195  192  192  188  187  184  183  180
  181  177  178  174  174  168  166  159  156  149  145  140  138  136  137  138
  141  143  146  147  149  149  151  151  153  154  158  160  166  169  176  180
  186  189  194  197  199  201  201  202  201  202  200  200  198  197  196  195
  196  196  198  198  197  195  200  189  198                                   
    72.5-180.0 180.0   5.0 450.0                            LAT/LON1/LON2/DLON/H
  196  198  199  202  200  197  198  196  197  194  194  189  188  183  180  176
  176  172  171  168  166  161  158  151  146  139  135  129  128  127  130  133
  138  142  146  149  151  151  152  152  154  154  159  162  168  172  180  183
  190  192  197  198  200  200  201  200  200  199  199  198  197  195  193  192
  193  193  196  197  196  197  197  188  196                                   
    70.0-180.0 180.0   5.0 450.0                            LAT/LON1/LON2/DLON/H
  199  197  199  199  201  197  200  198  201  199  200  194  192  185  183  177
  176  170  169  164  163  157  154  145  139  131  126  122  121  122  125  130
  136  143  148  152  155  155  156  156  157  159  163  167  174  179  186  191
  195  198  201  203  202  202  200  201  197  197  193  194  190  189  186  185
  186  187  191  192  192  192  198  190  199                                   
    67.5-180.0 180.0   5.0 450.0                            LAT/LON1/LON2/DLON/H
  195  193  193  197  195  195  197  199  202  202  204  200  197  191  186  180
  176  171  168  163  161  156  151  144  136  129  123  119  119  120  124  131
  136  144  149  154  155  156  156  155  157  158  163  167  175  179  187  190
  195  196  198  198  197  195  195  193  192  189  189  186  185  182  181  180
  181  182  186  189  190  193  193  186  195                                   
    65.0-180.0 180.0   5.0 450.0                            LAT/LON1/LON2/DLON/H
  197  192  192  192  194  192  197  199  205  206  210  206  205  198  193  185
  181  174  171  165  164  157  153  143  137  128  123  120  120  122  126  131
  139  145  151  154  156  156  156  155  157  159  165  171  178  184  191  194
  197  197  199  197  197  194  194  192  191  190  187  186  183  181  178  177
  178  179  183  185  189  189  194  186  197                                   
    62.5-180.0 180.0   5.0 450.0                            LAT/LON1/LON2/DLON/H
  196  191  188  192  188  189  192  196  202  206  210  210  209  204  198  191
  185  178  173  168  165  161  155  149  141  135  129  127  125  128  130  136
  139  145  148  152  152  152  152  152  154  157  165  171  179  185  191  193
  196  195  195  193  193  190  191  189  191  188  189  186  186  181  180  177
  178  179  183  188  190  194  191  183  196                                   
    60.0-180.0 180.0   5.0 450.0                            LAT/LON1/LON2/DLON/H
  200  193  192  192  191  189  191  194  200  205  211  213  214  210  205  197
  193  184  181  173  172  166  163  155  151  143  139  135  136  135  138  139
  142  143  146  145  147  146  148  147  151  155  165  173  181  187  192  195
  196  196  196  195  193  192  193  194  196  197  197  196  195  190  188  184
  184  183  187  188  193  191  195  185  200                                   
    57.5-180.0 180.0   5.0 450.0                            LAT/LON1/LON2/DLON/H
  203  198  195  198  192  189  189  190  195  200  207  211  214  213  210  205
  199  192  187  182  180  176  172  167  162  158  153  151  149  149  147  146
  143  142  140  140  139  140  141  143  148  155  165  174  182  188  194  195
  197  196  198  195  197  195  200  199  204  203  207  202  202  194  192  186
  185  185  188  192  196  196  194  188  203                                   
    55.0-180.0 180.0   5.0 450.0                            LAT/LON1/LON2/DLON/H
  211  206  208  209  203  199  194  194  195  200  204  211  214  216  214  210
  206  199  195  190  188  184  182  177  174  169  167  163  163  159  157  150
  145  138  137  133  135  135  139  141  149  157  168  177  184  191  196  199
  200  202  203  204  205  205  208  210  214  216  218  217  215  208  204  198
  196  194  195  198  201  199  201  193  211                                   
    52.5-180.0 180.0   5.0 450.0                            LAT/LON1/LON2/DLON/H
  218  218  218  222  215  210  205  199  198  198  202  207  211  214  215  214
  211  207  204  201  199  196  194  190  188  184  182  179  177  172  165  157
  146  139  133  131  131  133  137  143  149  160  168  178  185  193  200  203
  210  209  215  211  216  211  216  213  222  221  226  222  222  212  209  200
  199  194  197  199  205  205  205  201  218                                   
    50.0-180.0 180.0   5.0 450.0                            LAT/LON1/LON2/DLON/H
  229  229  234  239  234  230  222  216  209  208  206  212  213  218  218  219
  216  214  212  211  208  206  203  200  197  194  193  190  188  179  173  159
  149  138  135  131  134  135  141  145  153  162  172  180  188  196  204  212
  219  223  227  226  226  221  222  219  225  227  229  230  228  224  221  215
  212  210  208  213  214  216  216  212  229                                   
    47.5-180.0 180.0   5.0 450.0                            LAT/LON1/LON2/DLON/H
  234  239  243  251  248  244  238  229  221  214  211  211  212  215  216  218
  218  218  220  220  219  217  216  212  211  208  206  202  196  188  178  166
  153  144  139  137  138  141  145  150  156  165  172  180  188  196  207  216
  228  233  242  238  239  230  228  221  227  224  230  229  231  227  226  220
  220  216  219  220  226  225  225  222  234                                   
    45.0-180.0 180.0   5.0 450.0                            LAT/LON1/LON2/DLON/H
  244  247  253  263  263  263  255  250  237  230  222  222  218  223  221  224
  223  226  226  229  226  227  223  222  218  216  212  206  200  190  183  168
  160  149  148  145  148  148  153  155  162  167  174  178  186  195  207  219
  233  243  252  251  249  238  232  223  226  224  228  230  231  232  232  230
  230  231  231  236  237  237  236  233  244                                   
    42.5-180.0 180.0   5.0 450.0                            LAT/LON1/LON2/DLON/H
  248  250  256  264  267  266  265  258  250  239  232  227  225  224  224  224
  226  228  233  234  235  234  233  230  228  224  220  213  206  198  188  179
  170  163  159  158  158  157  158  161  166  169  175  177  185  190  204  216
  234  244  260  258  259  245  237  226  226  221  224  223  229  230  234  232
  237  235  242  241  250  245  244  242  248                                   
    40.0-180.0 180.0   5.0 450.0                            LAT/LON1/LON2/DLON/H
  258  257  260  270  269  274  271  272  262  257  245  244  237  238  233  236
  233  237  237  241  239  240  237  236  232  228  223  216  210  200  194  183
  180  171  172  167  167  162  163  162  166  166  170  173  180  187  198  212
  230  244  257  260  258  248  237  228  224  222  223  226  229  234  238  242
  246  251  254  259  262  258  256  254  258                                   
    37.5-180.0 180.0   5.0 450.0                            LAT/LON1/LON2/DLON/H
  268  265  268  267  268  268  271  270  268  261  257  252  249  244  241  237
  238  236  241  241  243  242  245  242  241  236  232  225  220  213  206  199
  192  187  183  179  174  168  164  164  168  167  170  171  181  184  197  207
  225  236  252  253  258  248  241  234  232  228  232  231  238  239  247  248
  257  259  269  269  277  270  268  268  268                                   
    35.0-180.0 180.0   5.0 450.0                            LAT/LON1/LON2/DLON/H
  287  281  279  278  273  274  272  278  273  274  267  268  262  261  252  252
  246  246  244  245  245  247  248  250  247  244  238  231  226  219  214  204
  199  191  187  178  172  165  162  163  167  166  169  168  176  181  191  203
  217  232  243  250  250  246  242  238  235  237  237  243  244  248  253  259
  268  274  282  287  294  288  289  288  287                                   
    32.5-180.0 180.0   5.0 450.0                            LAT/LON1/LON2/DLON/H
  312  306  304  297  288  282  280  281  281  278  278  276  275  270  264  256
  251  245  245  243  245  248  254  257  260  257  254  246  241  233  225  216
  205  197  188  179  170  166  162  167  171  173  174  173  177  178  188  195
  208  216  232  236  243  243  242  242  246  247  253  254  261  260  269  271
  281  286  298  302  314  310  312  316  312                                   
    30.0-180.0 180.0   5.0 450.0                            LAT/LON1/LON2/DLON/H
  347  346  347  337  324  313  307  305  301  299  294  294  290  289  278  274
  262  257  249  247  247  253  259  268  271  272  267  259  252  241  231  216
  203  190  180  169  163  156  160  160  170  168  173  168  172  169  176  185
  197  210  220  233  239  247  248  255  258  265  267  274  274  280  282  287
  293  300  311  321  333  337  341  346  347                                   
    27.5-180.0 180.0   5.0 450.0                            LAT/LON1/LON2/DLON/H
  381  390  398  391  377  362  351  344  334  326  320  315  309  303  292  282
  272  259  252  244  246  252  264  277  285  287  283  274  264  250  234  213
  197  180  169  161  155  156  156  165  169  174  173  170  167  163  167  173
  185  196  212  224  238  248  257  265  275  280  286  287  293  293  304  304
  311  316  328  337  354  360  364  377  381                                   
    25.0-180.0 180.0   5.0 450.0                            LAT/LON1/LON2/DLON/H
  421  437  454  450  441  427  415  403  389  373  359  347  335  323  308  297
  282  271  257  251  247  255  267  279  288  290  285  274  264  245  226  201
  177  161  150  143  146  143  152  152  163  161  165  155  156  147  154  157
  174  187  206  225  240  255  266  281  291  299  301  306  306  311  316  320
  323  330  340  351  371  380  390  403  421                                   
    22.5-180.0 180.0   5.0 450.0                            LAT/LON1/LON2/DLON/H
  447  465  488  494  492  482  473  458  441  420  400  382  363  344  324  310
  294  277  263  251  248  255  265  281  287  288  280  270  257  235  212  180
  158  139  131  128  130  134  138  144  149  152  149  143  142  136  140  147
  163  177  200  223  246  260  277  288  304  306  314  313  319  318  331  331
  338  341  350  360  381  395  404  423  447                                   
    20.0-180.0 180.0   5.0 450.0                            LAT/LON1/LON2/DLON/H
  467  485  512  524  532  527  523  512  496  472  447  421  396  371  347  328
  311  293  272  263  252  260  266  280  283  282  270  258  243  221  193  161
  136  118  113  109  117  119  128  130  135  132  131  122  124  118  126  132
  155  173  198  225  249  267  280  292  307  311  321  322  327  331  339  345
  351  353  360  369  390  401  416  432  467                                   
    17.5-180.0 180.0   5.0 450.0                            LAT/LON1/LON2/DLON/H
  462  486  515  533  551  552  557  547  535  510  483  454  424  397  370  348
  328  309  287  271  263  267  272  284  282  274  255  238  221  196  170  139
  119  104   99   98  105  108  114  113  115  112  111  104  107  103  113  122
  145  168  198  226  252  269  284  294  311  315  327  328  337  340  355  357
  364  363  369  379  396  409  419  436  462                                   
    15.0-180.0 180.0   5.0 450.0                            LAT/LON1/LON2/DLON/H
  457  477  504  527  547  558  566  568  561  541  518  487  456  422  395  371
  351  328  306  288  272  275  276  282  275  258  236  215  200  174  149  124
  109   96   94   95  101  104  107  104  104  101   99   94   97   95  107  118
  146  172  203  232  254  271  287  296  315  325  341  345  351  357  370  375
  380  381  386  393  409  415  421  437  457                                   
    12.5-180.0 180.0   5.0 450.0                            LAT/LON1/LON2/DLON/H
  443  462  487  504  526  538  555  558  561  545  530  502  470  437  406  385
  364  343  320  303  287  285  280  277  260  234  204  182  164  145  128  111
  100   92   89   89   93   97   95   91   88   87   87   84   88   88   99  112
  141  170  204  231  255  273  290  307  330  341  358  362  371  377  390  394
  399  402  406  414  424  424  426  437  443                                   
    10.0-180.0 180.0   5.0 450.0                            LAT/LON1/LON2/DLON/H
  442  449  469  475  490  503  518  532  539  537  527  506  479  447  418  392
  374  351  332  311  293  287  276  265  241  207  179  152  143  128  120  107
  103   93   93   91   95   95   94   87   85   84   86   84   87   86   96  109
  138  168  200  229  252  271  292  311  339  355  372  380  390  396  405  411
  416  419  426  432  442  435  431  436  442                                   
     7.5-180.0 180.0   5.0 450.0                            LAT/LON1/LON2/DLON/H
  443  447  457  458  465  474  487  498  512  511  510  493  471  441  410  385
  366  347  329  311  294  282  266  246  214  180  146  127  121  117  112  107
