data/unet/pred3000.15i
     1.0            IONOSPHERE MAPS     GNSS                IONEX VERSION / TYPE
pyspatialgeodesy        IME             05-JAN-18 20:20     PGM / RUN BY / DATE 
Map Name                                                    COMMENT             
Predicted global ionosphere maps (GIM).                     DESCRIPTION         
  2015    10    27     0     0     0                        EPOCH OF FIRST MAP  
  2015    10    28     0     0     0                        EPOCH OF LAST MAP   
  7200                                                      INTERVAL            
    13                                                      # OF MAPS IN FILE   
  NONE                                                      MAPPING FUNCTION    
10.0                                                        ELEVATION CUTOFF    
One-way carrier phase leveled to code                       OBSERVABLES USED    
  6371.0                                                    BASE RADIUS         
 2                                                          MAP DIMENSION       
   450.0 450.0   0.0                                        HGT1 / HGT2 / DHGT  
    87.5 -87.5  -2.5                                        LAT1 / LAT2 / DLAT  
  -180.0 180.0   5.0                                        LON1 / LON2 / DLON  
    -1                                                      EXPONENT            
                                                            END OF HEADER       
[from data line 3861]
    10                                                      START OF TEC MAP    
  2015    10    27    18     0     0                        EPOCH OF CURRENT MAP
    87.5-180.0 180.0   5.0 450.0                            LAT/LON1/LON2/DLON/H
  140  110  109  114  111  112  111  113  113  115  115  116  117  117  118  117
  118  115  117  112  115  109  112  107  110  106  108  105  107  104  105  103
  103  102  101  100   99   99   96   97   94   95   93   95   92   95   93   96
   94   98   97  100  100  103  102  104  105  106  106  106  107  108  108  107
  108  108  109  110  113  111  115  126  140                                   
    85.0-180.0 180.0   5.0 450.0                            LAT/LON1/LON2/DLON/H
   94   92   95  102  100  102  100  104  103  108  107  111  111  115  114  117
  117  117  117  117  116  116  114  114  112  111  110  109  107  106  103  102
   99   99   94   95   90   92   87   88   85   87   83   85   83   86   84   87
   86   89   89   92   92   95   94   96   96   99   98  100   99  101   99  101
   99  102  100  102  103   98  102  114   94                                   
    82.5-180.0 180.0   5.0 450.0                            LAT/LON1/LON2/DLON/H
   81   76   82   85   86   88   87   93   94  101  102  109  112  117  119  123
  123  126  125  127  124  126  122  123  117  118  113  112  108  106  102  100
   96   93   88   86   81   80   75   75   71   73   70   71   70   73   72   75
   75   79   80   82   83   86   87   88   90   92   93   93   95   95   96   95
   95   95   94   92   91   84   85   84   81                                   
    80.0-180.0 180.0   5.0 450.0                            LAT/LON1/LON2/DLON/H
   66   64   68   72   72   76   78   84   89   96  102  110  115  121  126  130
  132  134  135  136  134  132  129  127  122  119  115  113  108  107  102  100
   95   92   86   84   78   76   70   69   65   65   62   62   62   63   64   65
   68   70   72   73   77   78   82   82   86   85   88   87   90   89   91   88
   89   87   87   83   80   70   75   71   66                                   
    77.5-180.0 180.0   5.0 450.0                            LAT/LON1/LON2/DLON/H
   53   50   54   56   57   61   65   73   80   90   99  110  118  127  133  139
  142  145  146  147  144  143  140  137  132  128  125  119  117  110  108  103
  100   94   91   84   79   72   68   63   59   54   54   51   53   52   55   55
   59   61   65   66   70   71   75   74   78   78   80   79   82   80   82   79
   80   77   78   73   70   61   64   54   53                                   
    75.0-180.0 180.0   5.0 450.0                            LAT/LON1/LON2/DLON/H
   46   45   46   49   48   56   61   73   81   95  106  119  128  138  144  151
  153  157  157  158  154  153  148  146  139  136  129  126  120  117  112  108
  103  100   94   90   83   77   70   64   59   54   52   50   50   51   52   53
   55   58   59   61   63   64   65   66   67   68   68   70   70   72   71   72
   71   71   68   66   62   55   60   49   46                                   
    72.5-180.0 180.0   5.0 450.0                            LAT/LON1/LON2/DLON/H
   43   44   47   48   49   55   63   75   86  100  115  129  141  151  159  164
  168  171  172  172  170  167  163  159  153  148  141  136  131  126  121  114
  111  105  102   96   90   82   76   68   62   56   53   50   50   49   52   53
   56   57   59   60   60   60   60   59   60   60   60   60   62   62   63   63
   65   63   64   60   58   52   58   43   43                                   
    70.0-180.0 180.0   5.0 450.0                            LAT/LON1/LON2/DLON/H
   46   49   50   53   55   64   72   86   99  115  131  144  157  164  173  176
  181  182  186  185  184  181  177  171  162  155  149  144  137  132  126  121
  115  112  105  102   94   88   80   73   65   60   56   54   52   54   54   57
   57   60   59   60   57   57   54   53   50   50   49   51   51   53   54   55
   56   58   58   58   56   52   56   45   46                                   
    67.5-180.0 180.0   5.0 450.0                            LAT/LON1/LON2/DLON/H
   46   53   56   59   63   73   83   98  112  127  142  156  167  175  183  187
  191  193  197  199  198  197  192  186  176  169  161  153  147  140  136  128
  124  116  112  105   98   90   82   75   67   62   59   57   57   57   58   60
   60   61   59   58   54   53   48   47   43   43   41   43   43   45   47   48
   50   51   54   53   54   51   56   42   46                                   
    65.0-180.0 180.0   5.0 450.0                            LAT/LON1/LON2/DLON/H
   50   56   59   66   69   85   94  112  125  141  154  166  175  181  189  192
  197  199  207  207  211  208  205  197  188  178  168  161  152  147  141  135
  128  121  114  108   99   93   82   77   68   65   61   61   58   61   59   62
   59   61   56   55   50   49   44   43   39   39   36   39   38   41   41   43
   43   47   48   51   50   50   53   41   50                                   
    62.5-180.0 180.0   5.0 450.0                            LAT/LON1/LON2/DLON/H
   46   55   62   70   78   92  104  121  134  149  160  171  179  184  191  195
  201  204  211  215  218  219  215  209  198  188  178  170  162  155  151  143
  137  126  119  109  101   91   82   73   68   64   62   61   60   60   59   58
   56   55   51   47   43   41   39   36   36   34   35   35   37   37   39   40
   41   42   45   45   46   45   50   35   46                                   
    60.0-180.0 180.0   5.0 450.0                            LAT/LON1/LON2/DLON/H
   46   53   61   74   80   99  110  128  140  155  165  174  180  185  193  197
  204  208  217  221  227  225  223  215  205  194  185  178  170  165  158  152
  143  133  122  112  101   92   82   76   69   66   63   61   60   59   56   54
   51   50   46   43   40   39   37   37   36   37   37   39   40   41   41   41
   41   42   41   43   41   40   45   31   46                                   
    57.5-180.0 180.0   5.0 450.0                            LAT/LON1/LON2/DLON/H
   44   51   62   73   86  102  118  134  147  159  169  175  182  186  194  198
  205  210  220  226  230  230  227  221  210  201  194  189  184  179  174  165
  156  142  130  116  105   93   85   77   71   68   66   64   63   59   56   52
   48   45   43   39   39   36   37   35   38   38   42   43   46   45   48   46
   46   44   43   41   40   38   43   26   44                                   
    55.0-180.0 180.0   5.0 450.0                            LAT/LON1/LON2/DLON/H
   49   54   65   81   91  110  125  143  153  166  173  178  185  189  197  201
  209  214  224  229  233  231  230  223  215  206  202  200  198  196  189  180
  167  154  137  124  112  101   93   85   80   75   75   71   69   65   60   55
   50   47   45   42   41   40   41   42   43   46   50   52   55   56   56   56
   53   51   49   46   43   40   45   31   49                                   
    52.5-180.0 180.0   5.0 450.0                            LAT/LON1/LON2/DLON/H
   57   60   72   85  101  118  137  153  166  174  182  186  192  195  203  207
  214  219  228  232  235  233  230  225  218  212  211  213  214  213  209  198
  184  165  148  131  121  110  102   96   91   88   86   83   81   76   71   63
   59   54   53   49   51   48   51   51   56   58   63   66   69   69   70   68
   66   62   61   56   53   50   54   41   57                                   
    50.0-180.0 180.0   5.0 450.0                            LAT/LON1/LON2/DLON/H
   71   73   86  101  115  135  151  169  177  188  192  196  201  205  213  217
  225  229  236  236  238  232  231  224  219  215  217  222  226  226  221  208
  191  173  154  140  131  121  116  110  107  103  101   97   95   90   85   79
   73   70   67   66   64   65   64   68   69   74   77   81   82   85   84   84
   82   81   76   75   68   65   67   59   71                                   
    47.5-180.0 180.0   5.0 450.0                            LAT/LON1/LON2/DLON/H
   87   90  101  116  130  148  166  182  193  202  207  210  214  217  224  230
  235  238  241  242  240  237  234  228  223  221  227  233  237  236  230  216
  198  177  160  145  137  130  126  122  118  116  114  111  108  104  100   94
   90   86   85   83   83   82   83   84   87   89   92   94   96   97   99   98
   99   97   96   93   88   82   84   80   87                                   
    45.0-180.0 180.0   5.0 450.0                            LAT/LON1/LON2/DLON/H
  104  108  120  135  148  164  181  196  208  217  222  225  228  233  240  244
  249  248  250  246  246  239  239  232  229  228  234  240  242  238  229  213
  194  176  159  149  143  139  136  132  130  126  124  121  118  115  110  106
  102  101   98   97   95   96   94   96   96  100  101  104  104  108  108  112
  112  115  114  113  107  102  101   99  104                                   
    42.5-180.0 180.0   5.0 450.0                            LAT/LON1/LON2/DLON/H
  112  120  134  149  162  177  192  207  221  230  236  239  242  246  252  255
  256  256  255  254  251  247  245  241  238  239  244  247  246  238  227  209
  193  174  161  152  148  143  141  137  133  130  127  125  122  119  116  114
  110  108  106  104  103  102  102  102  104  105  107  107  109  111  115  116
  121  122  125  123  120  113  113  109  112                                   
    40.0-180.0 180.0   5.0 450.0                            LAT/LON1/LON2/DLON/H
  115  127  140  156  171  187  203  217  230  240  248  254  258  262  265  267
  267  263  264  258  259  255  256  251  250  250  253  253  247  236  221  205
  190  177  167  160  156  151  148  142  138  130  128  124  122  118  116  114
  112  109  106  105  102  103  102  104  104  107  106  109  110  115  117  122
  124  127  127  127  122  117  116  110  115                                   
    37.5-180.0 180.0   5.0 450.0                            LAT/LON1/LON2/DLON/H
  109  123  138  157  173  189  204  219  234  245  256  262  268  271  274  275
  272  271  270  269  268  265  266  264  263  262  263  259  250  237  223  211
  202  194  189  180  173  165  159  150  141  132  127  123  120  117  115  114
  110  108  104  101   99   98  100  102  104  104  106  107  110  113  117  120
  122  122  123  119  116  109  108  103  109                                   
    35.0-180.0 180.0   5.0 450.0                            LAT/LON1/LON2/DLON/H
  100  114  131  150  169  187  204  218  235  247  261  272  279  284  284  282
  280  277  278  276  278  275  276  274  274  273  273  267  258  246  237  231
  229  228  223  215  203  190  177  165  154  140  133  126  125  121  120  116
  112  107  103   99   96   97   97  103  102  105  105  108  109  114  117  118
  118  117  114  109  103   97   96   93  100                                   
    32.5-180.0 180.0   5.0 450.0                            LAT/LON1/LON2/DLON/H
   90  103  122  145  165  184  202  216  235  248  265  275  287  289  291  287
  285  284  285  286  287  284  283  281  281  281  281  276  269  264  265  272
  279  286  280  266  241  221  202  184  170  154  144  137  134  132  130  126
  120  113  107  101   99   99  103  106  109  109  110  110  111  113  116  115
  113  107  103   95   88   84   81   77   90                                   
    30.0-180.0 180.0   5.0 450.0                            LAT/LON1/LON2/DLON/H
   86   97  117  140  164  183  199  212  232  246  266  281  291  298  295  292
  289  287  290  290  291  287  285  282  285  288  293  293  294  298  306  321
  337  345  340  318  286  252  229  208  191  175  166  158  157  155  155  150
  143  134  127  121  118  119  119  122  121  121  118  118  117  118  117  114
  110  105   97   89   80   75   71   68   86                                   
    27.5-180.0 180.0   5.0 450.0                            LAT/LON1/LON2/DLON/H
   83   99  119  143  166  184  201  217  236  250  270  284  298  302  303  297
  294  291  293  293  294  287  284  282  286  294  304  314  322  336  354  381
  403  417  405  373  331  289  255  232  214  198  190  183  182  181  181  179
  171  164  152  139  128  130  134  138  138  136  134  128  125  121  119  116
  111  104   95   86   79   71   67   58   83                                   
    25.0-180.0 180.0   5.0 450.0                            LAT/LON1/LON2/DLON/H
   86  108  128  149  172  193  208  224  240  255  275  289  304  310  310  305
  300  295  294  292  291  284  281  281  290  304  321  338  359  382  413  450
  487  491  473  424  377  320  280  250  235  222  216  210  210  213  214  214
  204  188  167  152  140  139  142  145  145  140  136  131  130  130  127  121
  115  107   97   88   78   73   67   59   86                                   
    22.5-180.0 180.0   5.0 450.0                            LAT/LON1/LON2/DLON/H
   91  122  143  168  193  211  223  238  251  266  283  297  314  319  323  317
  312  303  300  294  293  284  283  286  299  318  341  367  398  437  482  527
  558  550  520  466  412  351  303  268  253  241  239  237  240  240  242  241
  229  215  195  178  164  159  161  160  159  151  146  137  134  129  129  123
  120  112  105   92   84   77   74   71   91                                   
    20.0-180.0 180.0   5.0 450.0                            LAT/LON1/LON2/DLON/H
  103  132  152  178  203  225  238  252  264  278  293  309  327  337  341  335
  327  316  309  301  300  294  295  301  319  342  372  408  450  495  542  575
  593  578  540  483  422  361  316  279  266  257  256  255  258  262  264  264
  254  239  220  201  191  180  177  174  172  164  156  144  140  130  128  119
  117  108  104   98   90   86   78   81  103                                   
    17.5-180.0 180.0   5.0 450.0                            LAT/LON1/LON2/DLON/H
  105  141  165  187  221  238  255  270  285  299  315  331  346  353  360  355
  350  336  329  320  320  315  322  329  350  378  414  456  501  542  580  600
  609  590  548  489  424  362  316  285  268  260  258  264  265  274  276  280
  274  259  247  232  220  206  197  190  183  175  164  153  144  138  135  127
  123  114  111  100   98   95   90   94  105                                   
    15.0-180.0 180.0   5.0 450.0                            LAT/LON1/LON2/DLON/H
  117  149  172  197  231  251  273  290  306  328  342  360  370  381  387  386
  380  367  359  348  349  350  358  373  395  432  466  506  546  574  603  609
  613  585  545  475  412  347  306  274  252  248  250  260  265  277  281  288
  288  284  273  259  240  222  211  201  192  182  169  158  149  142  137  129
  126  117  112  104   98   95   97   97  117                                   
    12.5-180.0 180.0   5.0 450.0                            LAT/LON1/LON2/DLON/H
  114  151  179  203  239  257  285  298  326  352  373  388  405  414  424  422
  419  406  402  392  395  400  415  435  461  489  517  545  574  590  608  608
  602  569  526  461  400  342  296  260  234  235  232  253  258  276  277  291
  291  294  284  271  250  232  216  208  196  187  171  162  150  146  138  134
  128  122  114  106  101   99   96   99  114                                   
    10.0-180.0 180.0   5.0 450.0                            LAT/LON1/LON2/DLON/H
  120  148  179  208  240  266  297  317  343  378  399  420  432  449  457  461
  461  453  453  451  462  471  488  506  524  543  554  569  587  594  601  589
  577  543  502  445  390  339  285  252  229  229  227  247  254  270  276  287
  293  295  288  272  251  229  215  207  197  188  174  165  154  148  140  135
  130  122  114  106  100   93   95   91  120                                   
     7.5-180.0 180.0   5.0 450.0                            LAT/LON1/LON2/DLON/H
  122  154  183  213  243  272  303  325  360  399  425  445  463  477  493  501
  508  504  510  515  526  539  555  569  575  577  580  580  591  586  585  571
