data/unet/pred1410.15i
     1.0            IONOSPHERE MAPS     GNSS                IONEX VERSION / TYPE
pyspatialgeodesy        IME             05-JAN-18 20:20     PGM / RUN BY / DATE 
Map Name                                                    COMMENT             
Predicted global ionosphere maps (GIM).                     DESCRIPTION         
  2015     5    21     0     0     0                        EPOCH OF FIRST MAP  
  2015     5    22     0     0     0                        EPOCH OF LAST MAP   
  7200                                                      INTERVAL            
    13                                                      # OF MAPS IN FILE   
  NONE                                                      MAPPING FUNCTION    
10.0                                                        ELEVATION CUTOFF    
One-way carrier phase leveled to code                       OBSERVABLES USED    
  6371.0                                                    BASE RADIUS         
 2                                                          MAP DIMENSION       
   450.0 450.0   0.0                                        HGT1 / HGT2 / DHGT  
    87.5 -87.5  -2.5                                        LAT1 / LAT2 / DLAT  
  -180.0 180.0   5.0                                        LON1 / LON2 / DLON  
    -1                                                      EXPONENT            
                                                            END OF HEADER       
[from data line 2574]
     7                                                      START OF TEC MAP    
  2015     5    21    12     0     0                        EPOCH OF CURRENT MAP
    87.5-180.0 180.0   5.0 450.0                            LAT/LON1/LON2/DLON/H
  165  180  183  182  184  180  182  180  185  181  185  181  186  181  184  180
  184  179  183  178  182  177  181  176  181  175  180  176  180  176  179  176
  179  174  177  172  175  170  173  169  172  168  172  169  173  170  173  171
  174  172  174  172  174  171  173  169  172  167  169  165  168  162  165  160
  165  160  166  161  165  162  169  149  165                                   
    85.0-180.0 180.0   5.0 450.0                            LAT/LON1/LON2/DLON/H
  161  167  167  167  169  165  170  170  176  173  178  176  181  178  181  179
  182  178  181  177  181  174  179  173  178  172  178  174  179  175  180  176
  180  175  179  174  177  172  175  170  173  168  173  168  173  168  172  168
  172  168  171  168  170  167  168  164  165  161  161  157  157  153  154  148
  151  145  150  144  147  148  157  164  161                                   
    82.5-180.0 180.0   5.0 450.0                            LAT/LON1/LON2/DLON/H
  151  157  158  157  161  159  163  165  171  169  174  172  178  174  179  177
  181  177  180  177  179  175  177  175  177  174  177  177  180  179  182  182
  182  180  180  178  177  174  174  172  172  169  171  169  171  168  171  168
  172  168  172  168  171  166  169  164  165  160  160  155  155  150  149  144
  143  138  139  134  136  136  140  153  151                                   
    80.0-180.0 180.0   5.0 450.0                            LAT/LON1/LON2/DLON/H
  142  150  151  156  158  161  162  167  169  170  171  173  174  175  175  176
  176  176  175  176  176  175  175  175  175  175  178  179  182  181  185  182
  184  181  182  178  178  173  175  171  172  168  172  170  173  171  175  173
  176  175  177  177  177  176  174  173  170  169  165  164  159  157  152  150
  146  143  140  136  131  132  127  146  142                                   
    77.5-180.0 180.0   5.0 450.0                            LAT/LON1/LON2/DLON/H
  136  142  144  149  152  158  158  164  164  167  166  169  167  169  168  170
  168  170  168  170  168  170  168  171  170  172  173  177  179  182  183  186
  184  185  182  182  177  178  174  176  172  174  174  176  176  179  180  183
  184  186  187  189  188  189  187  187  183  182  178  176  171  168  162  159
  152  150  144  139  133  130  127  143  136                                   
    75.0-180.0 180.0   5.0 450.0                            LAT/LON1/LON2/DLON/H
  130  135  138  143  149  152  154  158  159  163  161  165  163  165  163  164
  163  164  163  165  164  165  165  166  168  169  174  176  181  182  188  188
  189  189  188  186  183  182  180  179  176  177  179  180  182  185  187  190
  192  195  196  199  197  199  197  196  191  191  187  184  179  176  171  165
  160  155  151  142  136  131  129  142  130                                   
    72.5-180.0 180.0   5.0 450.0                            LAT/LON1/LON2/DLON/H
  128  131  134  137  140  147  146  152  153  156  156  158  157  158  156  157
  156  157  157  158  158  158  159  160  162  163  167  171  176  180  185  189
  192  193  193  192  189  188  187  185  184  184  186  188  190  193  197  200
  202  205  207  207  207  207  207  204  201  199  196  193  188  185  181  175
  170  163  158  148  142  134  136  141  128                                   
    70.0-180.0 180.0   5.0 450.0                            LAT/LON1/LON2/DLON/H
  129  130  130  134  138  140  141  147  147  152  151  156  154  157  154  157
  155  157  156  158  158  159  159  159  161  161  165  168  174  178  186  190
  195  198  198  198  196  195  193  190  190  190  192  193  197  199  203  204
  207  208  210  209  208  208  207  205  203  202  201  198  195  192  189  183
  178  172  167  157  148  141  139  140  129                                   
    67.5-180.0 180.0   5.0 450.0                            LAT/LON1/LON2/DLON/H
  132  130  129  129  129  133  134  138  141  144  145  149  149  151  150  152
  152  153  154  155  156  157  157  156  156  157  158  162  167  174  183  189
  196  200  202  203  201  200  199  198  197  199  201  204  205  209  210  212
  211  211  210  209  206  206  205  204  201  203  202  202  200  200  197  193
  188  182  176  164  157  145  147  139  132                                   
    65.0-180.0 180.0   5.0 450.0                            LAT/LON1/LON2/DLON/H
  134  129  125  126  123  125  124  130  130  138  138  146  145  150  149  153
  152  154  155  157  158  159  159  158  158  156  159  160  168  174  184  191
  198  204  206  207  205  205  203  202  202  204  207  209  210  211  211  209
  207  206  202  201  198  199  197  197  198  201  202  204  204  205  204  202
  197  191  184  172  162  154  150  141  134                                   
    62.5-180.0 180.0   5.0 450.0                            LAT/LON1/LON2/DLON/H
  137  128  122  118  115  114  113  116  118  125  127  135  138  144  145  148
  148  150  151  153  155  157  157  157  156  155  157  160  166  174  183  192
  199  206  208  211  209  210  208  210  209  213  216  218  218  218  215  212
  207  203  199  197  192  194  192  195  195  201  202  207  206  210  209  207
  202  198  189  178  168  156  157  138  137                                   
    60.0-180.0 180.0   5.0 450.0                            LAT/LON1/LON2/DLON/H
  136  122  116  112  106  102   98  100  103  110  115  125  130  138  142  145
  146  148  149  152  155  156  158  157  159  157  160  163  171  178  189  197
  205  212  214  217  216  218  216  217  217  222  222  224  221  220  215  209
  203  198  193  192  190  192  193  195  199  203  207  211  213  215  215  213
  209  205  196  183  171  164  155  137  136                                   
    57.5-180.0 180.0   5.0 450.0                            LAT/LON1/LON2/DLON/H
  139  124  113  105   99   93   90   89   90   97  102  112  119  129  134  140
  141  144  144  148  149  152  154  156  157  159  161  167  174  182  192  200
  211  216  221  223  224  226  226  228  230  234  235  235  233  229  225  217
  211  205  201  199  196  199  200  205  208  214  217  222  221  223  220  218
  210  207  198  186  176  164  160  135  139                                   
    55.0-180.0 180.0   5.0 450.0                            LAT/LON1/LON2/DLON/H
  144  123  111  103   94   86   83   78   78   82   88   99  108  119  127  133
  138  140  143  146  150  152  156  158  161  164  167  174  182  189  197  205
  213  222  225  231  232  237  236  241  240  246  244  246  238  237  228  223
  215  211  206  206  203  208  209  215  219  227  230  233  233  232  229  224
  217  212  204  191  181  174  163  139  144                                   
    52.5-180.0 180.0   5.0 450.0                            LAT/LON1/LON2/DLON/H
  153  132  118  108   94   85   80   76   73   76   78   91   97  109  116  127
  131  138  139  145  147  152  154  160  163  168  172  180  187  194  203  211
  220  227  235  239  245  247  250  253  255  258  259  256  252  247  242  237
  230  226  222  219  218  221  224  230  235  243  247  249  247  245  238  231
  221  216  207  196  188  177  175  143  153                                   
    50.0-180.0 180.0   5.0 450.0                            LAT/LON1/LON2/DLON/H
  162  137  123  113  100   89   84   78   74   72   75   84   92  103  113  122
  131  137  143  148  152  156  161  166  171  178  183  192  198  208  212  222
  226  237  241  253  254  262  265  272  274  280  276  276  265  263  251  250
  241  241  234  234  231  235  236  243  247  255  258  260  257  255  247  240
  229  222  214  202  192  187  181  151  162                                   
    47.5-180.0 180.0   5.0 450.0                            LAT/LON1/LON2/DLON/H
  170  152  140  127  111   99   92   86   79   78   75   84   87   99  106  120
  127  140  145  153  156  162  165  172  177  185  191  200  207  215  221  230
  236  248  254  264  270  279  285  294  294  301  295  294  283  277  268  263
  257  255  251  248  245  247  248  253  257  265  267  270  264  262  255  246
  236  227  218  207  198  191  193  156  170                                   
    45.0-180.0 180.0   5.0 450.0                            LAT/LON1/LON2/DLON/H
  179  161  149  139  126  113  105  100   91   87   83   87   90   98  106  119
  131  143  154  161  167  172  175  182  187  197  201  212  217  227  231  242
  243  260  263  279  286  301  307  320  319  326  317  317  300  300  282  281
  269  269  261  261  255  256  255  258  261  267  270  271  265  266  256  251
  240  231  223  210  201  196  197  166  179                                   
    42.5-180.0 180.0   5.0 450.0                            LAT/LON1/LON2/DLON/H
  184  171  162  152  140  127  119  111  103   98   92   95   94  101  106  121
  133  150  160  172  176  182  185  191  196  204  210  219  224  234  240  253
  258  275  283  298  306  322  328  340  340  346  337  336  322  319  304  299
  285  284  273  270  261  260  256  259  260  267  270  272  266  267  260  252
  243  231  223  211  201  196  201  167  184                                   
    40.0-180.0 180.0   5.0 450.0                            LAT/LON1/LON2/DLON/H
  187  171  163  156  148  138  128  123  115  113  105  106  103  107  110  125
  139  156  171  182  188  193  196  201  205  214  217  228  233  243  249  264
  268  288  297  317  328  345  350  363  361  368  358  360  343  342  324  320
  305  299  284  280  269  266  260  262  262  266  268  272  271  275  268  262
  248  238  228  214  203  196  199  175  187                                   
    37.5-180.0 180.0   5.0 450.0                            LAT/LON1/LON2/DLON/H
  187  171  162  155  150  143  138  132  127  123  118  115  110  112  114  128
  142  162  179  192  197  203  205  209  213  221  225  235  240  253  261  278
  286  306  317  338  347  366  371  387  387  397  387  391  373  371  351  348
  331  325  307  300  285  278  270  269  265  268  269  273  274  281  278  269
  259  243  233  216  205  200  201  174  187                                   
    35.0-180.0 180.0   5.0 450.0                            LAT/LON1/LON2/DLON/H
  188  172  159  152  148  144  140  139  134  134  127  126  117  119  119  133
  145  166  184  198  206  210  214  219  221  229  234  244  250  261  270  286
  295  317  332  356  368  392  398  418  420  435  426  430  410  406  386  383
  366  356  338  330  315  306  294  292  282  281  278  281  283  288  286  282
  270  258  246  230  216  208  202  184  188                                   
    32.5-180.0 180.0   5.0 450.0                            LAT/LON1/LON2/DLON/H
  194  178  166  156  149  147  143  144  140  140  135  132  125  124  124  135
  148  167  185  200  208  213  218  223  226  234  238  249  254  267  276  294
  307  329  347  374  392  413  426  447  456  473  467  473  451  451  429  429
  412  406  388  380  367  356  343  336  323  315  305  302  297  299  297  293
  282  267  254  236  225  219  212  186  194                                   
    30.0-180.0 180.0   5.0 450.0                            LAT/LON1/LON2/DLON/H
  183  183  168  156  150  143  143  143  146  147  141  140  130  131  128  139
  148  168  185  202  210  217  222  230  234  243  246  258  263  275  285  302
  318  342  364  394  413  437  453  478  488  508  506  512  495  491  474  474
  467  464  451  437  428  424  408  404  382  368  346  331  317  316  306  305
  291  282  263  247  235  225  215  200  183                                   
    27.5-180.0 180.0   5.0 450.0                            LAT/LON1/LON2/DLON/H
  187  197  180  168  160  153  146  146  145  151  149  149  139  137  132  141
  149  167  182  196  205  211  219  226  233  244  247  261  264  280  290  311
  331  357  389  411  438  454  479  502  518  538  539  551  536  539  527  534
  534  536  529  528  521  512  499  487  469  440  410  380  354  342  327  321
  304  292  273  257  245  235  232  207  187                                   
    25.0-180.0 180.0   5.0 450.0                            LAT/LON1/LON2/DLON/H
  201  208  192  178  165  157  154  152  148  153  152  156  153  150  143  148
  152  168  181  199  204  214  218  230  236  253  257  275  276  293  304  323
  344  377  405  435  453  480  498  524  534  554  554  567  560  568  562  573
  582  589  590  595  592  584  573  560  536  509  467  433  397  382  361  352
  332  318  292  278  263  250  243  230  201                                   
    22.5-180.0 180.0   5.0 450.0                            LAT/LON1/LON2/DLON/H
  220  234  216  201  182  171  159  155  155  156  153  154  154  157  148  150
  152  167  179  194  202  208  216  224  231  247  257  279  286  303  312  335
  366  397  431  450  476  495  516  537  551  571  577  594  594  604  608  623
  637  648  657  663  666  653  642  617  588  553  514  475  437  419  396  387
  360  347  316  302  286  271  265  255  220                                   
    20.0-180.0 180.0   5.0 450.0                            LAT/LON1/LON2/DLON/H
  242  251  238  221  205  189  175  162  154  156  153  155  154  159  159  159
  159  170  177  195  202  212  216  228  235  255  267  293  300  317  328  353
  383  411  442  467  487  511  525  545  556  573  580  596  601  612  621  639
  657  673  688  698  696  691  674  650  613  577  532  495  447  427  398  396
  369  359  329  315  305  289  280  279  242                                   
    17.5-180.0 180.0   5.0 450.0                            LAT/LON1/LON2/DLON/H
  259  269  255  238  223  208  193  177  164  157  156  153  149  151  153  160
  160  170  175  192  199  210  217  226  235  255  275  298  314  334  353  380
  412  437  468  489  511  529  545  558  577  589  603  621  627  641  652  671
  689  699  708  711  708  702  687  668  630  584  545  499  461  430  407  397
  378  366  335  325  308  302  300  297  259                                   
    15.0-180.0 180.0   5.0 450.0                            LAT/LON1/LON2/DLON/H
  273  277  266  247  237  221  207  187  172  160  154  151  144  147  147  160
  161  169  171  186  190  209  217  234  246  268  287  313  326  355  375  406
  434  463  488  516  530  551  564  577  590  603  610  622  631  640  651  667
  680  685  686  685  689  688  671  660  620  581  526  484  443  420  393  384
  367  358  334  325  314  306  312  307  273                                   
    12.5-180.0 180.0   5.0 450.0                            LAT/LON1/LON2/DLON/H
  280  284  270  252  237  222  209  189  174  160  154  147  138  137  137  146
  156  165  170  183  190  205  217  239  255  278  301  324  348  377  407  434
  466  491  516  539  559  579  591  601  615  621  635  644  650  660  663  674
  677  677  671  670  670  676  665  654  625  576  530  488  449  424  398  380
  366  356  339  333  320  319  322  314  280                                   
    10.0-180.0 180.0   5.0 450.0                            LAT/LON1/LON2/DLON/H
  280  281  266  246  236  218  207  186  173  159  151  145  133  131  128  134
  144  154  162  175  181  200  214  245  265  292  308  340  362  396  424  452
  486  507  529  553  574  592  602  612  622  628  631  633  636  637  641  639
  638  634  630  629  634  647  644  641  596  562  522  480  444  411  386  365
  350  343  331  326  317  313  317  311  280                                   
     7.5-180.0 180.0   5.0 450.0                            LAT/LON1/LON2/DLON/H
  276  276  261  242  229  211  198  177  165  153  150  141  127  122  117  120
  127  144  152  169  179  197  215  251  278  300  325  355  386  415  444  471
