data/unet/pred0650.15i
     1.0            IONOSPHERE MAPS     GNSS                IONEX VERSION / TYPE
pyspatialgeodesy        IME             05-JAN-18 20:20     PGM / RUN BY / DATE 
Map Name                                                    COMMENT             
Predicted global ionosphere maps (GIM).                     DESCRIPTION         
  2015     3     6     0     0     0                        EPOCH OF FIRST MAP  
  2015     3     7     0     0     0                        EPOCH OF LAST MAP   
  7200                                                      INTERVAL            
    13                                                      # OF MAPS IN FILE   
  NONE                                                      MAPPING FUNCTION    
10.0                                                        ELEVATION CUTOFF    
One-way carrier phase leveled to code                       OBSERVABLES USED    
  6371.0                                                    BASE RADIUS         
 2                                                          MAP DIMENSION       
   450.0 450.0   0.0                                        HGT1 / HGT2 / DHGT  
    87.5 -87.5  -2.5                                        LAT1 / LAT2 / DLAT  
  -180.0 180.0   5.0                                        LON1 / LON2 / DLON  
    -1                                                      EXPONENT            
                                                            END OF HEADER       
[from data line 3432]
     9                                                      START OF TEC MAP    
  2015     3     6    16     0     0                        EPOCH OF CURRENT MAP
    87.5-180.0 180.0   5.0 450.0                            LAT/LON1/LON2/DLON/H
  166  183  184  189  189  189  190  192  193  196  197  198  199  200  201  201
  202  203  204  204  204  204  204  203  202  201  200  199  197  196  194  191
  189  185  183  179  177  173  171  168  165  164  162  161  160  159  158  158
  158  158  158  159  160  162  163  165  166  168  169  171  173  174  175  177
  178  181  182  182  181  183  187  185  166                                   
    85.0-180.0 180.0   5.0 450.0                            LAT/LON1/LON2/DLON/H
  155  173  180  185  188  187  192  192  198  198  204  203  208  207  212  210
  214  212  216  213  216  214  215  212  212  209  209  205  204  200  199  193
  191  185  182  175  172  166  163  157  155  151  148  146  145  143  143  143
  144  145  147  148  151  154  156  159  162  164  166  167  170  171  174  173
  178  176  181  178  181  175  176  159  155                                   
    82.5-180.0 180.0   5.0 450.0                            LAT/LON1/LON2/DLON/H
  143  151  153  158  163  165  169  174  178  184  188  193  197  202  205  209
  211  214  214  216  215  216  213  212  208  207  203  201  197  194  188  185
  177  174  165  161  152  149  139  137  128  126  120  119  116  116  116  117
  118  120  123  125  129  132  135  139  142  145  147  150  151  153  154  155
  156  157  157  158  158  150  156  143  143                                   
    80.0-180.0 180.0   5.0 450.0                            LAT/LON1/LON2/DLON/H
  114  122  121  129  132  135  141  146  152  157  164  171  177  183  189  195
  199  202  205  208  209  210  208  207  204  202  200  198  194  192  186  182
  175  170  161  157  147  142  131  127  117  114  106  105  101  102  101  105
  105  110  112  117  120  125  128  132  134  137  137  139  138  140  137  139
  136  136  133  133  128  129  130  120  114                                   
    77.5-180.0 180.0   5.0 450.0                            LAT/LON1/LON2/DLON/H
   94  102   98  102  102  106  111  117  123  130  138  147  156  163  173  179
  187  191  197  200  204  205  206  204  203  199  199  194  193  188  186  179
  174  166  159  151  144  136  127  120  112  105  100   96   93   93   94   97
   99  105  108  115  118  125  128  134  135  140  138  141  138  139  134  134
  128  126  119  116  108  107  109  104   94                                   
    75.0-180.0 180.0   5.0 450.0                            LAT/LON1/LON2/DLON/H
   85   88   85   84   88   88   96   98  108  114  127  134  149  156  170  176
  186  189  196  197  202  205  208  207  206  204  203  201  199  196  193  189
  184  177  170  160  152  142  135  125  118  111  106  102   99  100  101  104
  106  112  116  121  124  130  134  137  140  141  142  140  140  136  134  129
  125  121  116  109  104  100  102   98   85                                   
    72.5-180.0 180.0   5.0 450.0                            LAT/LON1/LON2/DLON/H
   84   88   79   79   78   80   85   91   98  111  120  134  146  160  170  181
  188  196  200  206  209  215  218  219  219  219  217  214  212  209  207  203
  199  192  185  176  166  157  146  137  129  122  117  114  110  110  109  113
  113  118  119  123  124  128  130  135  136  139  137  138  135  135  129  128
  120  118  111  108  100   98  101   97   84                                   
    70.0-180.0 180.0   5.0 450.0                            LAT/LON1/LON2/DLON/H
   84   86   81   78   81   78   86   88  100  107  121  134  150  161  176  185
  197  204  211  216  225  230  235  235  235  233  231  229  226  225  223  221
  217  211  204  195  186  175  165  155  146  139  135  132  129  128  125  126
  124  127  126  127  124  128  127  131  131  135  134  135  133  130  127  122
  119  115  111  106  102   98  101   97   84                                   
    67.5-180.0 180.0   5.0 450.0                            LAT/LON1/LON2/DLON/H
   87   90   83   82   81   82   86   92  101  113  124  139  152  168  180  196
  207  219  225  235  244  252  257  256  255  252  250  246  244  241  240  237
  233  227  220  212  202  192  183  174  166  159  155  151  145  142  135  131
  126  123  120  115  113  112  113  113  115  117  117  119  117  116  111  111
  106  106  101  102   96   95   97   97   87                                   
    65.0-180.0 180.0   5.0 450.0                            LAT/LON1/LON2/DLON/H
   84   83   83   79   83   82   91   93  104  114  127  142  157  172  188  202
  216  227  240  250  262  267  275  272  273  268  264  261  256  256  251  251
  245  242  234  226  217  206  197  187  181  175  171  167  161  154  145  136
  126  118  109  102   95   93   91   94   94   98   98  102  101  101   99   98
   96   95   94   92   89   87   89   91   84                                   
    62.5-180.0 180.0   5.0 450.0                            LAT/LON1/LON2/DLON/H
   78   76   74   74   77   80   86   93  101  114  126  141  157  175  192  208
  223  236  249  261  274  281  289  289  289  284  280  275  272  268  266  263
  259  252  246  236  227  216  208  199  193  187  184  178  171  161  147  132
  117  104   93   82   77   72   72   73   76   78   78   81   81   83   79   81
   77   80   77   80   73   74   75   79   78                                   
    60.0-180.0 180.0   5.0 450.0                            LAT/LON1/LON2/DLON/H
   58   58   61   61   69   71   81   84   95  108  123  136  153  171  189  206
  222  237  250  265  275  283  288  291  294  289  287  283  280  279  275  277
  272  267  257  249  237  227  218  210  204  199  195  190  182  168  150  131
  112   97   83   71   63   58   56   57   61   62   64   66   66   67   66   67
   66   68   66   65   60   63   60   63   58                                   
    57.5-180.0 180.0   5.0 450.0                            LAT/LON1/LON2/DLON/H
   40   47   47   51   56   64   72   80   89  102  116  133  150  170  189  208
  226  240  255  266  274  282  288  292  295  295  295  293  292  289  291  288
  286  279  271  259  249  236  228  219  214  208  205  198  189  173  152  131
  109   93   80   68   60   55   53   53   55   57   57   59   59   61   58   60
   58   60   56   58   51   54   49   48   40                                   
    55.0-180.0 180.0   5.0 450.0                            LAT/LON1/LON2/DLON/H
   27   36   41   41   48   55   65   75   86  100  113  130  146  166  185  206
  222  240  252  266  271  280  282  286  292  293  301  300  306  305  307  305
  302  296  287  275  261  250  240  233  226  222  216  210  199  184  163  141
  120  105   93   82   75   70   68   68   67   67   66   67   66   67   64   65
   63   64   62   61   57   57   50   42   27                                   
    52.5-180.0 180.0   5.0 450.0                            LAT/LON1/LON2/DLON/H
   33   44   42   44   47   57   64   78   88  106  117  136  151  172  190  212
  230  246  260  270  277  282  285  291  297  302  309  315  323  324  327  324
  322  311  303  289  276  262  253  245  239  232  227  219  209  195  178  159
  139  125  115  106  101   97   95   93   91   90   86   86   82   82   76   77
   72   75   70   73   67   66   59   48   33                                   
    50.0-180.0 180.0   5.0 450.0                            LAT/LON1/LON2/DLON/H
   51   59   59   57   61   64   69   78   93  115  125  141  155  176  195  218
  238  259  271  284  283  291  291  299  303  310  323  330  341  341  348  343
  340  328  319  305  292  279  269  261  253  246  240  233  223  211  197  182
  167  157  148  142  136  132  127  125  121  118  113  111  108  107  102  101
   96   95   92   92   90   87   82   68   51                                   
    47.5-180.0 180.0   5.0 450.0                            LAT/LON1/LON2/DLON/H
   82   83   77   77   76   84   82   96  104  127  138  157  169  191  209  233
  253  275  288  296  298  302  305  312  319  329  340  347  357  355  362  353
  351  337  330  317  307  294  283  273  264  254  246  239  231  221  210  199
  190  182  177  170  163  157  151  147  142  139  132  131  127  129  124  125
  117  120  112  119  111  112  107   96   82                                   
    45.0-180.0 180.0   5.0 450.0                            LAT/LON1/LON2/DLON/H
  113  108  103  100  100   99  103  110  122  141  154  175  187  207  226  251
  274  296  305  315  315  321  321  330  336  345  356  359  367  365  365  360
  354  343  335  328  318  309  297  286  273  260  250  243  234  226  216  209
  203  197  193  186  178  169  161  156  152  149  144  143  141  143  143  144
  140  141  138  139  140  138  139  125  113                                   
    42.5-180.0 180.0   5.0 450.0                            LAT/LON1/LON2/DLON/H
  139  129  120  117  110  111  108  120  132  153  172  197  208  229  244  270
  290  307  318  325  328  333  338  348  356  362  370  371  373  367  363  356
  350  342  340  335  332  323  312  296  280  264  253  243  233  224  215  209
  204  199  193  185  176  168  159  154  150  148  143  145  143  149  148  153
  147  151  143  152  149  155  157  145  139                                   
    40.0-180.0 180.0   5.0 450.0                            LAT/LON1/LON2/DLON/H
  148  141  134  127  124  120  121  130  145  168  190  216  229  246  265  289
  308  321  331  338  341  348  353  364  370  376  379  378  372  366  358  354
  349  346  346  348  349  343  332  312  293  271  257  244  232  221  212  205
  202  194  187  174  165  152  145  139  138  137  136  136  138  143  147  150
  149  148  144  148  150  155  160  149  148                                   
    37.5-180.0 180.0   5.0 450.0                            LAT/LON1/LON2/DLON/H
  142  134  132  129  122  120  117  130  149  178  203  231  245  263  277  300
  315  326  334  341  348  358  368  378  385  387  389  384  377  368  361  359
  357  360  366  374  380  379  366  347  322  298  277  257  244  228  219  210
  204  195  185  169  156  143  136  132  131  130  128  130  130  136  138  145
  139  139  128  136  131  143  149  140  142                                   
    35.0-180.0 180.0   5.0 450.0                            LAT/LON1/LON2/DLON/H
  120  126  121  114  113  108  113  124  150  182  214  242  261  279  294  314
  328  337  345  351  360  373  382  393  395  396  395  390  385  379  376  378
  383  392  404  416  424  423  413  391  366  337  312  285  266  249  239  231
  224  210  196  175  160  144  139  134  136  132  131  127  128  128  132  133
  131  125  115  114  114  118  125  118  120                                   
    32.5-180.0 180.0   5.0 450.0                            LAT/LON1/LON2/DLON/H
   99  101  102  102  100   99   98  114  139  178  214  247  269  288  305  323
  337  344  352  359  372  387  396  404  405  402  404  402  406  408  417  431
  442  462  470  485  486  487  470  457  426  404  372  348  322  299  290  278
  272  256  239  217  199  184  179  175  172  166  155  147  139  134  134  133
  132  125  116  110  105  108  105   96   99                                   
    30.0-180.0 180.0   5.0 450.0                            LAT/LON1/LON2/DLON/H
   77   87   85   85   84   84   90  103  130  169  213  250  277  298  317  337
  351  361  367  379  391  404  410  415  413  411  416  421  435  449  470  498
  524  541  554  563  562  556  543  527  496  464  432  402  377  355  342  334
  328  315  297  271  249  233  224  218  214  208  201  197  189  180  176  173
  169  158  143  132  118  109  101   77   77                                   
    27.5-180.0 180.0   5.0 450.0                            LAT/LON1/LON2/DLON/H
   63   70   72   74   71   69   73   97  120  164  205  248  276  301  324  345
  362  372  383  396  412  420  424  420  419  421  436  451  481  516  551  591
  623  650  662  661  647  630  617  605  576  551  516  494  466  448  437  433
  430  420  402  380  355  339  322  317  304  295  271  259  234  223  211  208
  204  193  177  153  133  111   98   76   63                                   
    25.0-180.0 180.0   5.0 450.0                            LAT/LON1/LON2/DLON/H
   60   69   64   69   65   74   76   97  119  160  202  246  279  307  335  358
  378  391  405  423  435  440  437  432  430  441  461  493  538  582  631  683
  727  747  754  746  724  703  682  664  636  607  576  556  538  530  526  528
  531  523  510  487  463  438  421  408  389  371  343  322  300  285  269  266
  257  254  224  200  163  143  115   86   60                                   
    22.5-180.0 180.0   5.0 450.0                            LAT/LON1/LON2/DLON/H
   75   79   73   71   71   75   74   91  116  157  197  248  281  311  341  369
  393  409  431  448  463  459  455  444  450  465  503  548  602  655  713  759
  796  811  808  789  764  738  715  691  667  649  630  605  581  563  555  559
  570  576  569  554  536  515  493  480  454  435  406  388  358  343  320  321
  307  308  284  258  213  192  159  117   75                                   
    20.0-180.0 180.0   5.0 450.0                            LAT/LON1/LON2/DLON/H
  105  102   93   78   80   83   93  112  142  177  212  252  287  319  352  386
  410  432  456  474  486  481  473  468  480  509  555  606  667  716  779  820
  850  860  838  821  781  759  730  718  697  686  665  648  617  589  579  584
  602  612  613  596  577  553  530  510  492  471  455  438  413  394  373  370
  360  351  324  290  248  215  194  142  105                                   
    17.5-180.0 180.0   5.0 450.0                            LAT/LON1/LON2/DLON/H
  146  132  119  105   95   98  104  122  146  185  218  257  289  327  362  398
  429  452  478  498  507  500  495  499  519  559  609  663  717  772  821  854
  876  868  848  813  779  756  736  728  715  707  683  665  625  589  573  575
  594  613  619  612  594  571  542  521  501  483  469  455  441  425  409  406
  400  383  349  310  265  225  208  160  146                                   
    15.0-180.0 180.0   5.0 450.0                            LAT/LON1/LON2/DLON/H
  166  138  119  122  117  111  115  124  148  180  227  263  301  333  373  413
  443  472  497  517  530  522  528  537  568  611  669  715  767  810  839  861
  864  860  824  796  765  748  736  732  721  711  688  667  629  581  563  553
  573  584  598  589  578  554  534  511  496  480  469  457  444  432  413  405
  395  377  348  309  270  228  203  172  166                                   
    12.5-180.0 180.0   5.0 450.0                            LAT/LON1/LON2/DLON/H
  169  143  120  118  121  119  121  132  152  186  230  275  308  347  381  427
  465  495  525  543  552  552  560  578  615  665  719  760  804  818  840  839
  838  821  791  766  743  734  729  730  716  705  680  657  606  556  524  515
  521  538  549  556  538  522  499  486  473  464  451  439  429  417  398  384
  367  351  328  293  255  220  209  168  169                                   
    10.0-180.0 180.0   5.0 450.0                            LAT/LON1/LON2/DLON/H
  157  145  127  119  118  115  128  142  173  204  252  294  329  369  408  452
  491  523  555  566  581  580  597  625  673  723  773  806  823  829  825  822
  814  792  771  749  743  735  739  730  718  705  684  656  611  553  511  488
  486  490  491  487  470  465  462  458  462  453  442  421  411  393  368  344
  320  304  285  263  241  215  201  159  157                                   
     7.5-180.0 180.0   5.0 450.0                            LAT/LON1/LON2/DLON/H
  136  132  122  117  113  113  125  142  178  216  265  309  348  392  439  477
  518  551  582  593  605  610  632  671  716  766  806  822  829  821  815  804
