data/unet/pred3360.15i
     1.0            IONOSPHERE MAPS     GNSS                IONEX VERSION / TYPE
pyspatialgeodesy        IME             05-JAN-18 20:20     PGM / RUN BY / DATE 
Map Name                                                    COMMENT             
Predicted global ionosphere maps (GIM).                     DESCRIPTION         
  2015    12     2     0     0     0                        EPOCH OF FIRST MAP  
  2015    12     3     0     0     0                        EPOCH OF LAST MAP   
  7200                                                      INTERVAL            
    13                                                      # OF MAPS IN FILE   
  NONE                                                      MAPPING FUNCTION    
10.0                                                        ELEVATION CUTOFF    
One-way carrier phase leveled to code                       OBSERVABLES USED    
  6371.0                                                    BASE RADIUS         
 2                                                          MAP DIMENSION       
   450.0 450.0   0.0                                        HGT1 / HGT2 / DHGT  
    87.5 -87.5  -2.5                                        LAT1 / LAT2 / DLAT  
  -180.0 180.0   5.0                                        LON1 / LON2 / DLON  
    -1                                                      EXPONENT            
                                                            END OF HEADER       
[from data line 858]
     3                                                      START OF TEC MAP    
  2015    12     2     4     0     0                        EPOCH OF CURRENT MAP
    87.5-180.0 180.0   5.0 450.0                            LAT/LON1/LON2/DLON/H
   52   81   71   67   64   62   61   62   62   63   62   63   61   62   61   61
   60   60   59   59   58   58   58   56   57   55   56   54   56   54   56   53
   56   54   57   55   57   56   58   57   59   58   60   59   60   60   60   61
   61   61   62   62   63   63   64   63   64   64   65   64   65   63   64   63
   64   62   63   63   65   64   77   52   52                                   
    85.0-180.0 180.0   5.0 450.0                            LAT/LON1/LON2/DLON/H
   84   72   51   54   52   49   50   50   51   51   52   52   52   52   52   51
   51   49   49   47   48   46   46   44   45   43   44   43   45   43   46   44
   47   46   49   48   50   50   52   52   53   53   54   54   54   54   54   53
   54   53   54   53   54   53   55   53   55   53   55   52   55   52   54   52
   53   51   53   51   53   50   69   82   84                                   
    82.5-180.0 180.0   5.0 450.0                            LAT/LON1/LON2/DLON/H
   78   45   46   42   39   33   37   35   39   37   40   39   41   40   41   39
   38   37   35   33   32   30   29   28   27   26   27   27   27   28   29   31
   32   33   35   38   39   41   42   44   45   46   47   47   47   47   48   46
   48   45   49   44   48   43   48   43   48   43   49   44   48   44   48   44
   46   42   46   41   42   41   58   74   78                                   
    80.0-180.0 180.0   5.0 450.0                            LAT/LON1/LON2/DLON/H
   82   52   46   45   43   40   41   43   44   46   46   49   48   50   47   50
   45   46   40   40   36   33   30   29   27   26   25   26   26   28   29   32
   34   36   38   41   42   45   46   49   49   50   50   51   50   51   51   50
   51   49   51   49   51   48   51   50   52   51   53   53   55   55   56   56
   55   54   54   53   49   46   55   74   82                                   
    77.5-180.0 180.0   5.0 450.0                            LAT/LON1/LON2/DLON/H
   82   47   44   44   38   37   36   40   40   43   44   48   47   51   49   52
   48   48   43   41   35   32   29   26   24   22   23   23   24   26   28   31
   34   36   39   41   42   44   45   47   46   47   48   48   47   47   47   46
   46   45   46   45   47   47   49   50   52   54   56   59   60   62   62   63
   61   61   60   59   56   51   59   71   82                                   
    75.0-180.0 180.0   5.0 450.0                            LAT/LON1/LON2/DLON/H
   79   48   41   39   35   33   34   36   38   41   42   46   48   51   51   53
   51   49   46   41   37   31   29   24   23   21   22   22   24   27   30   32
   35   37   40   41   42   41   43   41   41   40   41   40   39   39   40   39
   40   40   43   41   44   44   48   49   53   56   60   63   66   68   69   69
   69   68   68   64   64   54   61   74   79                                   
    72.5-180.0 180.0   5.0 450.0                            LAT/LON1/LON2/DLON/H
   84   45   42   39   32   31   29   33   34   38   40   45   47   52   52   55
   53   52   48   46   41   35   33   29   28   25   27   27   30   31   35   37
   40   39   42   40   41   38   40   36   37   34   36   33   35   34   37   36
   38   39   41   42   43   46   50   53   57   62   65   71   73   77   78   80
   78   79   76   74   71   63   71   76   84                                   
    70.0-180.0 180.0   5.0 450.0                            LAT/LON1/LON2/DLON/H
   87   50   44   41   33   29   29   30   33   34   37   41   44   47   49   51
   52   50   49   45   44   37   37   32   33   30   33   32   36   37   40   41
   44   43   44   42   40   35   36   31   31   26   29   26   28   28   33   33
   37   37   43   43   49   51   58   60   67   69   77   80   85   88   90   90
   89   88   87   84   83   70   77   82   87                                   
    67.5-180.0 180.0   5.0 450.0                            LAT/LON1/LON2/DLON/H
   96   53   49   47   35   33   27   30   30   33   33   37   40   43   44   47
   47   47   47   45   45   40   39   36   37   36   38   39   41   43   45   47
   47   46   45   41   38   31   31   24   25   21   24   22   25   26   32   34
   38   41   45   49   54   60   64   70   74   82   87   94   96  100  101  101
   98   97   94   92   89   81   87   88   96                                   
    65.0-180.0 180.0   5.0 450.0                            LAT/LON1/LON2/DLON/H
  100   63   57   52   43   37   34   33   33   32   32   33   35   36   37   39
   42   41   44   41   43   38   39   36   39   37   41   41   45   45   47   48
   48   47   44   39   35   28   25   20   19   17   20   20   24   27   33   36
   42   45   53   58   67   73   82   85   94   98  108  112  117  118  118  116
  112  109  105  102   99   87   95   94  100                                   
    62.5-180.0 180.0   5.0 450.0                            LAT/LON1/LON2/DLON/H
  110   69   64   61   49   44   37   37   33   32   30   31   31   32   33   35
   37   38   39   39   39   37   37   37   38   39   42   43   46   48   47   49
   46   45   41   36   32   25   23   17   18   16   21   23   28   31   37   41
   48   53   60   71   79   88   95  104  111  120  127  131  133  134  131  128
  123  117  112  106  103   97  102   99  110                                   
    60.0-180.0 180.0   5.0 450.0                            LAT/LON1/LON2/DLON/H
  112   79   71   65   55   47   43   37   36   31   29   26   26   25   26   28
   31   30   32   30   33   29   31   30   36   36   41   41   45   44   45   44
   43   40   38   34   30   24   21   17   19   19   25   27   32   36   43   47
   54   61   73   82   94  101  114  119  130  135  142  143  145  144  141  137
  132  127  120  115  109  100  107  104  112                                   
    57.5-180.0 180.0   5.0 450.0                            LAT/LON1/LON2/DLON/H
  123   86   80   74   61   53   44   41   35   32   28   26   24   24   24   25
   27   27   27   26   26   24   25   26   32   35   40   41   43   42   42   40
   40   37   37   32   31   25   25   21   25   25   32   34   40   43   50   53
   62   71   84   95  107  118  129  136  145  149  153  153  154  152  149  144
  139  134  128  120  116  110  115  109  123                                   
    55.0-180.0 180.0   5.0 450.0                            LAT/LON1/LON2/DLON/H
  127   99   89   79   68   57   49   41   37   31   28   24   24   21   22   23
   25   23   24   20   21   18   22   23   32   33   42   40   45   40   42   38
   40   37   39   35   36   31   33   29   34   35   42   43   49   51   57   61
   72   84   98  108  122  133  144  149  157  158  161  161  161  160  157  153
  148  143  138  133  126  117  123  118  127                                   
    52.5-180.0 180.0   5.0 450.0                            LAT/LON1/LON2/DLON/H
  143  113  101   91   77   65   53   46   39   34   30   26   25   24   24   24
   26   25   22   19   18   17   21   24   33   37   44   46   47   44   43   38
   41   39   42   40   43   40   42   40   43   45   51   53   57   58   64   70
   82   95  110  123  138  147  158  161  166  166  167  165  166  165  162  158
  152  150  145  141  137  134  134  127  143                                   
    50.0-180.0 180.0   5.0 450.0                            LAT/LON1/LON2/DLON/H
  150  128  112  101   88   74   61   52   45   37   34   29   29   25   27   26
   29   26   25   20   21   19   24   28   39   42   52   50   55   48   47   43
   45   44   49   48   53   51   54   52   56   57   62   62   66   67   74   81
   96  110  127  139  153  161  169  171  174  172  171  171  173  172  171  166
  164  160  157  154  150  142  142  135  150                                   
    47.5-180.0 180.0   5.0 450.0                            LAT/LON1/LON2/DLON/H
  162  139  125  115  100   87   73   62   52   45   39   34   33   30   31   30
   31   29   28   24   25   25   31   36   46   52   57   60   59   55   52   48
   50   50   57   58   63   61   64   62   66   66   70   70   73   75   83   93
  110  126  143  154  168  176  181  181  181  178  176  174  176  176  176  173
  167  165  162  161  158  157  151  141  162                                   
    45.0-180.0 180.0   5.0 450.0                            LAT/LON1/LON2/DLON/H
  167  146  131  124  112   98   85   73   62   53   47   40   40   35   36   34
   37   34   34   32   35   36   43   48   59   62   69   68   69   62   60   54
   57   57   65   66   72   71   73   71   74   74   77   78   80   85   94  107
  125  141  155  169  179  188  188  188  184  182  177  177  178  179  179  174
  172  170  169  167  165  158  154  145  167                                   
    42.5-180.0 180.0   5.0 450.0                            LAT/LON1/LON2/DLON/H
  166  145  135  130  117  106   93   83   72   63   55   49   46   43   42   40
   41   41   41   40   45   47   55   61   67   74   74   75   71   68   63   60
   61   63   69   73   78   77   79   76   79   78   82   82   86   92  103  120
  136  150  164  175  185  189  190  188  186  182  177  176  177  177  175  173
  168  168  165  165  163  161  153  145  166                                   
    40.0-180.0 180.0   5.0 450.0                            LAT/LON1/LON2/DLON/H
  162  139  128  127  119  109   98   90   80   71   63   57   56   50   51   49
   51   50   53   55   61   63   70   74   80   80   81   77   76   70   68   63
   66   66   73   76   80   80   80   79   80   83   85   90   94  103  114  132
  147  159  170  177  185  190  191  190  190  186  182  181  181  180  178  175
  172  170  167  166  161  153  147  143  162                                   
    37.5-180.0 180.0   5.0 450.0                            LAT/LON1/LON2/DLON/H
  151  126  119  119  110  104   95   90   84   78   71   66   64   61   61   60
   62   63   67   70   76   81   84   87   86   86   81   78   74   71   68   66
   68   68   75   77   81   80   82   79   83   85   90   94  101  111  125  140
  154  163  172  176  185  189  195  195  198  194  191  188  188  187  184  181
  175  173  169  166  161  152  145  140  151                                   
    35.0-180.0 180.0   5.0 450.0                            LAT/LON1/LON2/DLON/H
  144  118  105  106  102   96   90   88   83   80   75   73   73   71   74   73
   77   79   84   87   94   96   96   94   92   87   83   77   75   72   71   69
   71   72   76   78   80   80   80   81   84   90   94  103  109  122  135  150
  162  169  175  178  188  194  204  206  213  209  208  202  203  201  201  197
  192  189  184  180  170  156  147  143  144                                   
    32.5-180.0 180.0   5.0 450.0                            LAT/LON1/LON2/DLON/H
  142  110   98   95   85   82   77   79   77   77   76   77   79   81   84   86
   90   94   98  103  106  107  104  100   93   89   82   79   77   76   76   74
   76   76   79   78   80   78   81   82   87   92   99  107  115  130  145  157
  170  174  180  183  194  203  215  222  230  230  229  226  226  225  226  223
  218  214  207  202  193  179  166  156  142                                   
    30.0-180.0 180.0   5.0 450.0                            LAT/LON1/LON2/DLON/H
  150  118   97   89   78   72   67   69   69   72   73   77   82   87   93   96
  101  104  107  110  111  110  106  101   95   91   86   85   85   85   86   86
   86   84   83   82   81   80   81   84   88   95  102  112  122  136  152  166
  177  183  189  195  209  221  239  248  259  261  262  261  264  264  269  268
  265  259  250  240  228  212  197  179  150                                   
    27.5-180.0 180.0   5.0 450.0                            LAT/LON1/LON2/DLON/H
  175  141  116   98   80   68   61   60   62   66   68   74   81   88   95  101
  105  109  111  113  111  110  105  101   95   94   92   94   95   98   98   99
   97   94   90   86   85   80   83   84   89   96  104  113  126  141  161  174
  187  192  202  211  231  250  270  284  296  302  302  303  307  314  320  324
  320  314  304  293  281  258  244  220  175                                   
    25.0-180.0 180.0   5.0 450.0                            LAT/LON1/LON2/DLON/H
  212  176  144  121   97   80   68   63   61   64   65   71   79   87   95  101
  105  107  108  108  106  104  102  100  100  102  104  108  111  112  112  111
  108  102   96   89   87   83   81   83   88   94  102  111  124  143  162  179
  192  203  216  233  257  279  299  314  324  335  332  342  347  360  369  378
  378  376  364  355  340  320  291  269  212                                   
    22.5-180.0 180.0   5.0 450.0                            LAT/LON1/LON2/DLON/H
  269  223  185  154  127  106   91   81   72   70   68   72   77   84   90   95
   99  100  100   99   98   96   98  102  105  112  116  121  122  125  123  121
  115  109  100   93   88   83   82   82   86   92  100  108  125  145  169  186
  203  212  234  257  287  312  331  347  357  368  370  380  387  401  414  427
  430  429  420  411  402  385  354  339  269                                   
    20.0-180.0 180.0   5.0 450.0                            LAT/LON1/LON2/DLON/H
  338  275  232  193  161  139  118  103   90   83   77   77   80   85   89   91
   93   90   90   86   87   89   98  107  116  125  132  135  134  133  129  127
  120  112  102   93   88   82   80   82   83   88   95  104  121  145  171  192
  209  224  248  276  305  329  345  363  376  390  394  409  414  430  445  464
  470  474  466  463  456  450  410  395  338                                   
    17.5-180.0 180.0   5.0 450.0                            LAT/LON1/LON2/DLON/H
  401  344  287  242  207  178  155  136  117  107   96   95   92   94   93   91
   89   83   82   78   83   89  103  116  127  139  142  145  141  138  132  127
  119  111  101   91   85   82   81   81   82   85   93  101  124  148  180  200
  224  241  270  297  326  349  365  384  397  415  423  436  446  460  475  489
  493  498  496  496  497  497  466  451  401                                   
    15.0-180.0 180.0   5.0 450.0                            LAT/LON1/LON2/DLON/H
  459  415  360  311  265  230  194  171  148  133  120  117  113  110  106  100
   94   85   82   79   86   97  113  128  142  151  154  152  144  138  128  122
  112  104   94   87   83   80   79   78   78   79   88   97  120  150  182  207
  231  256  283  312  336  361  377  396  413  429  441  455  465  482  492  504
  505  509  507  512  517  520  505  488  459                                   
    12.5-180.0 180.0   5.0 450.0                            LAT/LON1/LON2/DLON/H
  492  457  412  375  329  288  244  212  188  169  154  148  141  137  126  119
  108  100   94   92  100  111  128  143  155  165  162  157  146  137  125  114
  106   97   88   83   80   78   78   77   78   79   88   98  128  157  195  218
  248  270  299  324  348  372  390  408  425  442  452  465  476  486  494  500
  500  501  501  505  518  526  518  507  492                                   
    10.0-180.0 180.0   5.0 450.0                            LAT/LON1/LON2/DLON/H
  512  483  447  417  381  349  303  267  233  215  194  186  175  165  154  143
  132  122  116  114  122  132  148  162  176  177  172  159  144  132  116  108
   96   91   83   82   80   78   78   77   76   78   88  100  129  162  196  221
  247  274  299  326  348  371  389  407  424  440  451  467  476  486  491  495
  493  494  494  498  508  514  518  512  512                                   
     7.5-180.0 180.0   5.0 450.0                            LAT/LON1/LON2/DLON/H
  511  494  467  445  414  381  342  310  280  255  237  227  212  203  185  174
  158  152  143  144  147  158  171  186  191  190  177  160  143  127  115  102
