data/unet/pred0210.15i
     1.0            IONOSPHERE MAPS     GNSS                IONEX VERSION / TYPE
pyspatialgeodesy        IME             05-JAN-18 20:20     PGM / RUN BY / DATE 
Map Name                                                    COMMENT             
Predicted global ionosphere maps (GIM).                     DESCRIPTION         
  2015     1    21     0     0     0                        EPOCH OF FIRST MAP  
  2015     1    22     0     0     0                        EPOCH OF LAST MAP   
  7200                                                      INTERVAL            
    13                                                      # OF MAPS IN FILE   
  NONE                                                      MAPPING FUNCTION    
10.0                                                        ELEVATION CUTOFF    
One-way carrier phase leveled to code                       OBSERVABLES USED    
  6371.0                                                    BASE RADIUS         
 2                                                          MAP DIMENSION       
   450.0 450.0   0.0                                        HGT1 / HGT2 / DHGT  
    87.5 -87.5  -2.5                                        LAT1 / LAT2 / DLAT  
  -180.0 180.0   5.0                                        LON1 / LON2 / DLON  
    -1                                                      EXPONENT            
                                                            END OF HEADER       
[from data line 1716]
     5                                                      START OF TEC MAP    
  2015     1    21     8     0     0                        EPOCH OF CURRENT MAP
    87.5-180.0 180.0   5.0 450.0                            LAT/LON1/LON2/DLON/H
   30   45   48   48   50   49   51   51   52   52   54   53   54   54   55   54
   55   55   55   54   55   54   54   54   54   53   54   53   53   51   51   50
   50   49   49   47   48   46   46   44   45   43   44   42   43   41   42   40
   41   39   41   39   40   40   41   40   41   40   41   40   41   40   40   40
   41   40   42   43   45   43   46   46   30                                   
    85.0-180.0 180.0   5.0 450.0                            LAT/LON1/LON2/DLON/H
   35   56   47   56   52   57   55   61   57   63   59   65   60   66   61   66
   61   66   61   66   61   66   61   66   61   66   60   65   60   64   58   63
   57   61   55   59   53   57   51   54   49   53   47   51   46   50   45   49
   44   49   44   49   44   49   43   48   42   47   41   45   40   44   39   44
   40   44   40   44   41   42   41   39   35                                   
    82.5-180.0 180.0   5.0 450.0                            LAT/LON1/LON2/DLON/H
   35   54   43   48   46   51   50   57   55   60   57   63   58   63   59   63
   58   63   58   62   58   62   58   63   58   63   59   64   59   63   58   62
   56   59   53   56   50   53   47   49   44   47   42   45   41   45   41   45
   41   46   42   46   42   46   41   44   39   42   36   38   33   35   30   33
   28   32   28   32   28   28   30   26   35                                   
    80.0-180.0 180.0   5.0 450.0                            LAT/LON1/LON2/DLON/H
   33   44   34   40   38   45   44   52   50   56   53   59   55   59   55   59
   54   58   52   57   52   57   53   58   55   59   57   60   59   60   60   60
   59   57   56   54   52   50   48   46   44   44   43   44   44   46   48   50
   51   54   54   56   56   57   56   55   53   51   48   46   42   40   36   35
   30   31   26   27   23   21   23   22   33                                   
    77.5-180.0 180.0   5.0 450.0                            LAT/LON1/LON2/DLON/H
   29   42   31   30   33   36   39   43   45   48   49   51   50   51   49   49
   48   47   47   46   46   46   47   48   49   51   52   54   54   56   56   57
   55   56   54   53   50   49   47   46   45   45   47   48   51   54   59   62
   66   69   73   73   75   74   74   71   70   65   64   57   54   47   45   38
   35   30   29   24   24   19   24   13   29                                   
    75.0-180.0 180.0   5.0 450.0                            LAT/LON1/LON2/DLON/H
   27   37   26   29   31   35   37   42   43   46   47   49   48   50   47   49
   45   47   43   46   42   45   43   46   45   49   48   51   51   54   54   55
   55   55   54   52   51   49   49   47   49   49   54   56   62   68   76   81
   88   92   97   99  101  102  100   98   95   91   86   81   74   68   62   55
   48   43   37   32   29   23   25   13   27                                   
    72.5-180.0 180.0   5.0 450.0                            LAT/LON1/LON2/DLON/H
   28   42   27   27   28   30   33   36   39   41   43   45   45   46   45   45
   43   43   42   42   41   41   42   42   44   45   46   48   49   51   52   53
   53   53   52   52   49   49   48   50   51   55   61   67   76   84   95  103
  112  117  124  125  128  127  126  122  119  113  108   99   93   84   78   69
   63   53   48   40   36   29   31   19   28                                   
    70.0-180.0 180.0   5.0 450.0                            LAT/LON1/LON2/DLON/H
   27   38   29   28   30   31   35   37   40   41   44   46   47   48   47   47
   46   46   44   45   44   45   45   46   47   47   48   49   49   50   50   50
   51   50   51   49   49   48   51   53   60   65   76   86   98  112  123  133
  142  149  154  157  158  154  152  146  142  134  128  118  112  102   95   86
   79   70   63   53   48   37   38   24   27                                   
    67.5-180.0 180.0   5.0 450.0                            LAT/LON1/LON2/DLON/H
   30   46   33   30   30   31   34   36   38   41   42   45   45   48   47   48
   46   47   46   47   46   47   46   47   45   47   46   48   45   47   45   45
   44   45   45   46   46   49   53   59   67   76   91  105  120  133  146  157
  168  176  181  183  182  180  174  166  159  149  141  131  123  114  106   96
   89   77   71   60   55   44   45   31   30                                   
    65.0-180.0 180.0   5.0 450.0                            LAT/LON1/LON2/DLON/H
   31   45   34   31   30   31   34   36   39   40   43   47   49   51   51   52
   52   50   51   50   50   50   50   50   49   50   48   48   47   46   44   43
   42   42   44   45   48   52   62   71   85  100  114  129  142  156  166  177
  187  195  199  200  198  193  186  176  167  157  147  139  130  122  112  103
   93   84   75   66   60   48   49   36   31                                   
    62.5-180.0 180.0   5.0 450.0                            LAT/LON1/LON2/DLON/H
   35   52   38   34   32   32   33   35   36   39   41   44   46   50   50   53
   50   51   48   49   47   48   47   48   46   47   44   45   41   41   38   37
   36   37   39   44   50   58   71   85  101  116  133  145  159  170  179  189
  197  206  207  207  203  197  186  176  166  155  147  136  130  120  113  100
   92   80   73   63   59   49   51   37   35                                   
    60.0-180.0 180.0   5.0 450.0                            LAT/LON1/LON2/DLON/H
   35   48   36   34   30   32   31   33   33   35   38   43   46   50   52   54
   54   51   50   47   46   45   45   46   46   45   44   43   41   40   37   37
   35   38   42   49   59   73   89  105  122  138  152  166  175  185  191  200
  207  210  212  210  205  195  185  174  163  153  144  137  130  123  111  100
   88   77   68   61   58   47   47   39   35                                   
    57.5-180.0 180.0   5.0 450.0                            LAT/LON1/LON2/DLON/H
   38   54   41   36   34   33   31   33   31   33   34   39   42   47   49   53
   49   49   44   44   40   40   39   41   39   40   37   38   35   35   33   34
   33   38   44   56   71   86  105  122  139  154  169  182  190  198  201  210
  211  216  213  211  204  196  185  175  165  154  147  139  132  121  111   97
   85   71   64   55   53   46   48   37   38                                   
    55.0-180.0 180.0   5.0 450.0                            LAT/LON1/LON2/DLON/H
   39   50   39   38   34   35   31   32   30   30   31   35   39   45   48   50
   49   46   44   39   38   37   38   39   39   39   37   38   36   37   34   37
   38   45   55   72   88  107  126  143  159  174  189  199  207  212  216  218
  221  220  219  215  210  201  192  181  171  162  154  148  140  130  115  100
   84   72   63   56   54   45   47   40   39                                   
    52.5-180.0 180.0   5.0 450.0                            LAT/LON1/LON2/DLON/H
   45   60   46   42   40   38   35   34   30   30   28   33   35   42   43   47
   44   44   38   37   34   36   36   38   37   38   36   36   35   36   36   39
   42   53   67   86  107  126  146  162  180  193  205  214  218  226  224  229
  229  230  226  223  218  212  202  193  185  175  167  159  150  138  123  105
   90   76   68   60   58   50   55   43   45                                   
    50.0-180.0 180.0   5.0 450.0                            LAT/LON1/LON2/DLON/H
   48   60   48   47   44   43   39   37   33   30   29   31   35   39   44   46
   46   44   41   39   40   41   44   45   44   43   41   41   41   42   43   45
   53   65   82  106  128  148  166  184  199  211  221  227  235  236  241  239
  240  238  236  235  230  224  215  207  199  189  182  173  163  152  135  118
  101   87   79   72   69   59   61   52   48                                   
    47.5-180.0 180.0   5.0 450.0                            LAT/LON1/LON2/DLON/H
   58   72   58   54   52   50   46   44   37   35   31   34   34   40   41   46
   44   45   42   44   45   50   51   53   51   50   46   47   46   47   47   52
   60   75   97  121  146  166  187  200  215  223  231  238  243  250  251  251
  250  248  247  245  243  236  230  221  212  203  196  185  176  162  146  127
  113   99   91   83   80   71   74   61   58                                   
    45.0-180.0 180.0   5.0 450.0                            LAT/LON1/LON2/DLON/H
   62   71   59   59   57   56   53   50   45   42   39   39   41   44   48   50
   52   52   53   56   60   65   68   68   66   61   57   56   55   55   57   60
   69   87  111  138  162  184  203  217  227  235  243  250  258  263  265  264
  261  259  256  256  251  246  235  228  217  207  197  188  177  166  149  134
  120  108  102   95   92   81   81   68   62                                   
    42.5-180.0 180.0   5.0 450.0                            LAT/LON1/LON2/DLON/H
   67   79   66   63   63   61   59   58   54   52   48   48   48   51   53   56
   57   60   63   69   73   81   82   82   77   72   66   64   62   62   62   66
   76   94  121  146  175  195  215  226  237  242  252  259  269  275  277  274
  270  266  262  259  257  248  240  230  220  207  198  186  177  161  149  131
  122  110  107  100   96   88   88   75   67                                   
    40.0-180.0 180.0   5.0 450.0                            LAT/LON1/LON2/DLON/H
   68   74   63   63   62   63   61   63   61   61   58   58   59   60   63   66
   70   74   80   87   93   99  100   98   92   83   78   73   71   69   69   72
   82  102  127  155  182  205  222  235  243  253  261  271  282  288  289  287
  280  274  267  265  259  252  240  232  220  208  196  186  174  159  145  132
  123  113  110  104  101   91   89   74   68                                   
    37.5-180.0 180.0   5.0 450.0                            LAT/LON1/LON2/DLON/H
   69   75   63   61   62   61   64   66   66   69   68   70   70   72   74   77
   81   87   93  101  108  114  112  109  100   92   84   79   76   73   74   74
   85  103  130  155  186  206  226  238  249  257  270  279  293  299  302  298
  290  280  272  266  263  256  248  239  229  216  206  190  179  157  146  131
  124  112  109   99   95   86   86   72   69                                   
    35.0-180.0 180.0   5.0 450.0                            LAT/LON1/LON2/DLON/H
   69   74   60   58   57   59   60   65   66   72   74   78   79   83   85   89
   93  101  109  119  125  127  122  115  105   95   89   85   84   81   79   80
   89  107  130  158  185  208  226  241  253  267  278  291  307  316  319  316
  308  296  286  281  275  271  261  255  243  234  221  208  193  175  157  144
  131  121  110  101   94   84   81   72   69                                   
    32.5-180.0 180.0   5.0 450.0                            LAT/LON1/LON2/DLON/H
   73   79   65   60   59   58   60   63   65   73   76   83   86   90   93   97
  104  111  122  128  133  133  125  116  105   95   90   86   86   82   82   80
   90  104  129  153  184  205  227  240  257  272  288  305  323  333  339  335
  329  317  308  301  298  296  290  285  276  269  257  243  229  206  191  168
  153  133  121  103   93   83   84   74   73                                   
    30.0-180.0 180.0   5.0 450.0                            LAT/LON1/LON2/DLON/H
   84   88   72   65   60   61   58   61   62   68   73   82   87   94   97  105
  112  121  129  135  138  134  125  113  102   93   89   87   88   86   86   85
   91  106  125  150  176  201  224  244  268  287  307  327  347  359  367  363
  359  349  340  335  333  331  329  325  321  315  308  297  279  261  239  219
  198  172  148  127  112   95   93   88   84                                   
    27.5-180.0 180.0   5.0 450.0                            LAT/LON1/LON2/DLON/H
  106  116  101   88   79   73   69   66   63   68   71   81   86   94  100  106
  115  122  132  134  136  130  120  107   97   88   88   85   89   86   87   85
   91  104  128  148  175  199  226  248  277  302  331  351  370  383  392  393
  393  388  383  380  380  381  381  380  376  373  369  362  348  332  308  288
  261  233  201  172  150  129  124  111  106                                   
    25.0-180.0 180.0   5.0 450.0                            LAT/LON1/LON2/DLON/H
  140  157  139  126  109   97   84   78   70   70   70   78   83   92   96  106
  114  122  130  133  132  125  114  101   92   86   85   87   88   87   87   85
   93  106  133  157  184  208  235  260  297  323  355  376  394  407  419  419
  425  422  423  424  428  434  439  440  440  446  447  448  438  423  399  378
  351  325  289  246  213  187  172  159  140                                   
    22.5-180.0 180.0   5.0 450.0                            LAT/LON1/LON2/DLON/H
  187  210  194  177  159  135  118   99   87   80   76   80   82   89   93  101
  108  115  123  125  124  116  107   95   90   85   87   87   88   84   84   83
   93  112  142  169  194  217  244  271  309  341  375  393  416  427  442  449
  455  458  459  465  475  485  493  501  505  521  531  530  523  511  489  469
  442  422  386  344  300  257  231  222  187                                   
    20.0-180.0 180.0   5.0 450.0                            LAT/LON1/LON2/DLON/H
  238  258  242  227  207  181  157  133  111   97   87   85   85   89   90   97
  100  107  111  113  114  108  101   93   91   89   88   88   84   80   78   81
   97  120  155  186  213  233  262  290  332  359  393  409  430  444  464  470
  485  487  496  505  522  532  546  558  575  583  586  579  574  566  551  529
  505  482  452  421  390  345  306  294  238                                   
    17.5-180.0 180.0   5.0 450.0                            LAT/LON1/LON2/DLON/H
  294  313  296  272  250  221  197  169  147  126  112  101   95   94   91   94
   95  100  104  106  105  100   98   94   96   93   92   87   82   74   72   81
   98  129  164  198  225  247  275  307  348  375  405  421  445  462  483  494
  509  515  526  538  553  566  578  596  607  611  608  606  598  592  575  561
  542  524  499  474  443  407  386  362  294                                   
    15.0-180.0 180.0   5.0 450.0                            LAT/LON1/LON2/DLON/H
  335  351  337  313  286  249  225  198  176  157  138  125  113  106   99   96
   93   94   96   97   98   96   97   98  101  102   97   91   79   72   70   80
  102  136  172  208  235  259  289  324  362  386  413  428  456  474  500  510
  529  533  549  555  572  578  596  607  616  611  610  603  600  589  577  562
  548  536  519  498  471  438  414  396  335                                   
    12.5-180.0 180.0   5.0 450.0                            LAT/LON1/LON2/DLON/H
  357  369  363  340  314  276  250  222  205  185  170  154  140  126  114  106
   98   95   93   94   95   93   99  101  111  109  104   90   79   70   70   83
  105  145  181  218  244  271  303  341  374  397  415  437  462  486  511  527
  545  547  558  561  570  575  584  594  599  593  587  584  576  573  559  546
  534  521  508  492  473  444  421  407  357                                   
    10.0-180.0 180.0   5.0 450.0                            LAT/LON1/LON2/DLON/H
  357  372  368  349  327  296  270  246  227  208  192  177  161  145  130  120
  109   98   94   92   93   94   99  106  116  117  107   95   81   72   74   85
  109  150  187  225  249  282  310  347  377  397  421  441  469  492  518  531
  547  546  554  554  558  557  561  566  571  563  562  556  555  542  534  519
  511  497  485  475  457  433  410  389  357                                   
     7.5-180.0 180.0   5.0 450.0                            LAT/LON1/LON2/DLON/H
  344  348  352  339  323  298  279  261  249  232  218  202  185  168  150  137
  124  113  105  101  100   98  103  109  119  119  111   97   83   75   80   94
