data/unet/pred0500.15i
     1.0            IONOSPHERE MAPS     GNSS                IONEX VERSION / TYPE
pyspatialgeodesy        IME             05-JAN-18 20:20     PGM / RUN BY / DATE 
Map Name                                                    COMMENT             
Predicted global ionosphere maps (GIM).                     DESCRIPTION         
  2015     2    19     0     0     0                        EPOCH OF FIRST MAP  
  2015     2    20     0     0     0                        EPOCH OF LAST MAP   
  7200                                                      INTERVAL            
    13                                                      # OF MAPS IN FILE   
  NONE                                                      MAPPING FUNCTION    
10.0                                                        ELEVATION CUTOFF    
One-way carrier phase leveled to code                       OBSERVABLES USED    
  6371.0                                                    BASE RADIUS         
 2                                                          MAP DIMENSION       
   450.0 450.0   0.0                                        HGT1 / HGT2 / DHGT  
    87.5 -87.5  -2.5                                        LAT1 / LAT2 / DLAT  
  -180.0 180.0   5.0                                        LON1 / LON2 / DLON  
    -1                                                      EXPONENT            
                                                            END OF HEADER       
[from data line 3003]
     8                                                      START OF TEC MAP    
  2015     2    19    14     0     0                        EPOCH OF CURRENT MAP
    87.5-180.0 180.0   5.0 450.0                            LAT/LON1/LON2/DLON/H
  105  124  130  134  132  132  131  131  131  131  132  131  132  132  132  133
  132  134  133  135  134  135  134  134  132  132  130  130  128  127  126  126
  125  125  124  126  124  125  123  125  123  124  122  124  122  124  121  124
  122  126  123  127  125  129  125  130  127  131  127  131  128  132  128  132
  129  132  130  131  128  128  134  119  105                                   
    85.0-180.0 180.0   5.0 450.0                            LAT/LON1/LON2/DLON/H
  105  112  108  108  111  111  112  112  113  114  115  116  117  119  120  121
  123  124  126  126  127  127  128  128  129  129  129  127  127  126  126  124
  124  122  122  120  119  118  115  114  113  112  110  109  109  108  109  108
  109  109  110  110  112  112  114  114  115  115  116  116  117  115  115  114
  115  113  114  111  112  108  116  116  105                                   
    82.5-180.0 180.0   5.0 450.0                            LAT/LON1/LON2/DLON/H
  105   95   94   98   96   97   96   96   98   98  101  102  106  106  110  111
  115  116  120  119  124  122  127  125  131  130  133  134  134  134  133  133
  131  130  125  126  121  121  114  114  109  109  104  103  101  100  101   99
  102  100  104  102  107  105  109  108  111  110  111  111  111  111  109  109
  105  106  102  102   96   96   99   97  105                                   
    80.0-180.0 180.0   5.0 450.0                            LAT/LON1/LON2/DLON/H
   86   77   78   78   81   78   81   81   84   85   88   89   92   94   96   99
  101  105  107  113  115  118  121  122  127  127  130  131  132  133  132  133
  130  129  124  123  118  116  109  108  102  100   96   93   91   89   90   88
   91   90   94   94   98   98  102  102  105  104  105  104  104  101  101   98
   96   91   89   84   81   75   78   82   86                                   
    77.5-180.0 180.0   5.0 450.0                            LAT/LON1/LON2/DLON/H
   69   65   60   64   64   67   69   70   72   74   77   78   82   80   86   84
   92   90   98   99  105  109  115  118  123  125  129  131  134  134  137  136
  137  132  132  126  124  117  113  108  101   95   90   85   82   78   79   76
   79   79   84   86   88   91   93   96   98   99   99  101   98   98   95   93
   88   83   79   73   67   63   62   63   69                                   
    75.0-180.0 180.0   5.0 450.0                            LAT/LON1/LON2/DLON/H
   61   54   52   53   57   59   63   65   69   68   72   70   74   71   76   76
   81   84   91   94  102  106  114  118  122  128  130  136  139  144  145  148
  148  147  144  140  134  130  122  116  106  101   91   86   80   78   75   73
   73   76   79   83   86   89   91   95   97   99  101  100  100   97   95   90
   85   79   74   68   61   57   57   53   61                                   
    72.5-180.0 180.0   5.0 450.0                            LAT/LON1/LON2/DLON/H
   57   56   52   58   55   60   63   65   68   69   70   71   70   72   72   74
   77   80   88   95  103  115  119  130  129  141  137  147  145  154  153  161
  156  160  155  152  145  140  132  126  116  111  100   94   85   83   78   76
   74   75   76   80   83   86   87   92   93   97   96   98   97   97   94   91
   85   81   75   72   65   59   59   54   57                                   
    70.0-180.0 180.0   5.0 450.0                            LAT/LON1/LON2/DLON/H
   61   61   59   61   64   62   72   67   75   70   75   71   71   69   69   69
   73   78   86   95  105  120  127  138  140  146  146  151  153  158  161  167
  168  171  169  167  161  156  149  142  133  126  116  109  100   95   89   87
   85   82   82   80   82   82   84   85   87   88   88   89   91   91   92   90
   90   85   83   76   71   66   65   60   61                                   
    67.5-180.0 180.0   5.0 450.0                            LAT/LON1/LON2/DLON/H
   65   71   68   73   68   73   74   75   76   76   75   75   73   73   74   74
   78   84   91  106  115  131  139  147  151  153  153  156  156  161  166  169
  174  177  179  176  172  166  160  155  146  139  131  123  115  107  102   96
   92   88   85   83   81   78   76   76   74   74   72   76   76   80   82   86
   86   88   86   85   79   73   72   67   65                                   
    65.0-180.0 180.0   5.0 450.0                            LAT/LON1/LON2/DLON/H
   69   74   75   76   76   75   81   76   82   76   80   73   75   68   73   71
   79   86   95  111  123  139  147  159  157  165  157  161  156  158  157  162
  166  172  173  177  174  173  168  163  157  152  146  140  132  125  116  108
  102   94   89   83   77   72   65   62   59   57   55   57   60   65   70   77
   83   86   88   86   82   79   77   75   69                                   
    62.5-180.0 180.0   5.0 450.0                            LAT/LON1/LON2/DLON/H
   69   74   74   78   72   75   72   73   72   71   70   70   70   65   71   74
   84   92  105  122  133  147  155  162  165  164  161  157  153  154  156  157
  166  167  175  175  178  174  174  172  169  165  160  157  150  143  132  123
  112  103   93   85   74   66   58   51   47   43   39   41   42   48   54   65
   71   78   80   83   80   78   76   74   69                                   
    60.0-180.0 180.0   5.0 450.0                            LAT/LON1/LON2/DLON/H
   68   66   64   65   63   63   65   63   65   62   64   63   64   57   66   72
   83   93  108  122  135  147  156  165  164  167  160  161  153  158  154  163
  162  171  171  182  180  181  180  181  180  177  175  172  166  160  148  136
  124  110  100   88   75   65   53   45   39   33   29   29   33   36   43   54
   62   70   74   76   74   75   72   74   68                                   
    57.5-180.0 180.0   5.0 450.0                            LAT/LON1/LON2/DLON/H
   64   61   55   59   53   54   51   53   49   53   52   56   58   55   63   69
   85   94  112  125  141  152  158  165  165  165  164  159  157  158  163  168
  178  182  191  195  198  196  196  198  197  196  194  190  186  175  166  151
  137  122  110   94   81   68   57   46   39   32   28   29   29   34   41   50
   57   63   65   68   67   66   66   66   64                                   
    55.0-180.0 180.0   5.0 450.0                            LAT/LON1/LON2/DLON/H
   64   52   48   48   48   43   44   42   45   42   46   46   52   47   61   63
   84   94  116  128  145  153  158  161  161  162  161  158  161  165  172  183
  193  203  210  218  218  217  213  215  215  213  212  208  203  193  181  167
  152  140  124  111   95   84   69   58   51   41   38   35   39   40   48   54
   59   61   64   63   61   62   62   64   64                                   
    52.5-180.0 180.0   5.0 450.0                            LAT/LON1/LON2/DLON/H
   69   56   47   50   47   45   40   42   39   44   43   49   49   51   57   65
   85   98  120  133  151  155  161  163  162  162  162  163  171  177  193  205
  222  232  243  247  246  241  238  238  236  234  232  227  221  207  197  179
  168  151  142  125  113  100   87   76   68   59   56   55   58   61   65   68
   69   69   68   65   63   60   64   62   69                                   
    50.0-180.0 180.0   5.0 450.0                            LAT/LON1/LON2/DLON/H
   78   61   58   57   57   52   50   45   47   43   48   45   51   49   63   66
   89  102  126  145  159  164  168  168  167  166  166  170  178  188  206  221
  240  253  264  270  266  263  257  257  254  251  249  243  238  222  212  195
  184  171  160  149  136  124  111  102   93   86   81   80   84   88   89   88
   86   82   81   75   73   71   74   75   78                                   
    47.5-180.0 180.0   5.0 450.0                            LAT/LON1/LON2/DLON/H
   91   81   72   73   69   65   60   58   54   56   53   55   54   58   65   79
   99  120  141  160  172  175  177  176  174  174  174  178  188  199  222  234
  259  269  283  286  286  283  280  276  273  267  264  257  250  234  223  206
  198  184  179  164  155  140  130  119  112  106  102  103  105  107  108  107
  103   99   95   90   88   85   91   89   91                                   
    45.0-180.0 180.0   5.0 450.0                            LAT/LON1/LON2/DLON/H
  106   97   93   92   93   87   82   73   72   65   67   64   66   65   76   85
  108  130  153  170  184  187  190  187  187  187  187  192  200  213  230  246
  265  278  291  299  302  303  298  295  288  282  276  266  257  238  226  209
  202  190  186  174  167  154  145  133  125  120  116  119  122  125  123  122
  119  113  111  105  105  104  109  112  106                                   
    42.5-180.0 180.0   5.0 450.0                            LAT/LON1/LON2/DLON/H
  119  118  111  113  110  104   97   89   83   81   78   78   75   76   83  102
  121  150  168  188  196  200  199  201  199  199  200  203  210  218  234  247
  263  276  292  306  316  319  320  313  308  297  290  279  268  249  237  218
  211  197  193  178  171  155  147  133  125  117  115  118  122  126  127  126
  121  120  117  116  117  119  126  128  119                                   
    40.0-180.0 180.0   5.0 450.0                            LAT/LON1/LON2/DLON/H
  124  127  124  126  128  119  112  100   96   89   90   89   89   88   99  109
  134  154  178  193  209  210  215  213  214  216  214  216  217  223  233  244
  259  272  294  311  327  333  336  331  324  312  300  288  272  256  240  224
  217  203  201  184  177  160  150  133  123  113  109  112  116  121  123  122
  121  118  118  118  121  125  132  135  124                                   
    37.5-180.0 180.0   5.0 450.0                            LAT/LON1/LON2/DLON/H
  123  128  127  131  128  122  112  103   96   94   93   97   96   98  106  124
  145  170  189  203  213  219  221  225  226  226  225  223  223  228  232  246
  257  279  302  329  346  358  361  359  351  339  323  308  289  274  256  241
  226  213  205  190  180  162  152  131  122  106  105  104  107  111  113  114
  112  113  109  113  113  124  125  136  123                                   
    35.0-180.0 180.0   5.0 450.0                            LAT/LON1/LON2/DLON/H
  115  120  121  126  126  119  110  100   95   90   97  100  105  106  119  130
  157  173  199  203  221  225  233  234  237  236  236  232  233  234  243  253
  274  298  329  358  380  393  397  397  386  373  355  338  317  303  281  266
  245  234  221  211  197  186  168  153  133  120  110  104  104  105  106  107
  107  107  104  103  105  110  116  122  115                                   
    32.5-180.0 180.0   5.0 450.0                            LAT/LON1/LON2/DLON/H
  104  108  110  115  114  111  101   93   86   87   91  101  105  112  122  140
  163  184  201  212  223  234  239  247  247  248  247  247  247  258  264  285
  306  343  377  417  434  447  443  439  425  413  394  379  356  339  316  300
  280  264  247  234  223  213  202  184  170  147  138  122  120  112  115  109
  111  106  101   96   93   99   97  117  104                                   
    30.0-180.0 180.0   5.0 450.0                            LAT/LON1/LON2/DLON/H
   93   95   96  100  101  100   93   85   80   79   89   96  106  110  128  141
  171  184  210  214  236  241  256  257  264  260  265  264  276  289  308  332
  364  406  445  484  502  509  503  495  474  462  440  425  403  383  363  348
  329  317  298  290  275  271  255  244  225  210  194  179  165  150  142  132
  131  120  115  106   99   96   94  101   93                                   
    27.5-180.0 180.0   5.0 450.0                            LAT/LON1/LON2/DLON/H
   83   99   92   94   91   94   88   83   76   78   83   96  103  112  128  146
  175  193  214  226  244  256  264  272  276  279  282  294  310  335  360  396
  436  482  529  557  574  567  553  537  518  508  494  484  467  454  434  420
  401  388  377  370  366  364  359  345  326  293  267  247  231  219  210  195
  186  172  158  143  130  122  108   96   83                                   
    25.0-180.0 180.0   5.0 450.0                            LAT/LON1/LON2/DLON/H
   87   90   83   84   88   89   87   80   77   75   82   88  100  106  128  144
  182  197  225  235  260  267  282  284  296  296  310  327  353  385  420  475
  530  586  635  653  655  634  603  580  558  551  541  538  524  516  496  482
  464  455  447  445  447  447  445  429  402  376  345  332  300  286  259  245
  228  211  189  163  146  131  134  107   87                                   
    22.5-180.0 180.0   5.0 450.0                            LAT/LON1/LON2/DLON/H
  106  113   98   87   91   91   93   89   87   84   86   93   98  107  129  152
  190  215  242  259  278  287  297  304  310  320  339  367  397  442  497  561
  628  691  750  748  733  684  646  612  594  588  585  590  584  582  567  559
  543  537  526  527  525  528  522  497  465  440  409  401  376  356  320  300
  271  247  221  198  177  161  155  128  106                                   
    20.0-180.0 180.0   5.0 450.0                            LAT/LON1/LON2/DLON/H
  135  141  126  106   99   98  103   98   95   90   90   90   92  100  125  151
  194  222  258  275  298  305  319  320  333  347  373  408  445  504  569  640
  710  768  798  788  769  727  677  644  624  622  617  627  625  629  619  616
  603  596  585  583  582  574  555  531  508  491  476  471  448  424  383  358
  321  296  265  242  223  214  195  170  135                                   
    17.5-180.0 180.0   5.0 450.0                            LAT/LON1/LON2/DLON/H
  174  162  142  129  122  114  118  120  113  102  104   99  101  110  134  166
  206  243  278  300  321  328  334  342  353  380  410  452  498  564  631  693
  755  792  815  795  780  732  701  668  656  649  649  655  658  666  663  662
  653  647  632  624  594  574  547  526  503  497  487  495  475  458  426  395
  366  340  313  294  267  258  232  199  174                                   
    15.0-180.0 180.0   5.0 450.0                            LAT/LON1/LON2/DLON/H
  198  184  160  142  132  130  125  125  123  110  108  103  104  116  142  172
  218  253  290  314  339  347  355  365  384  417  446  491  541  602  662  703
  759  793  809  791  770  733  704  687  676  672  664  672  670  676  675  676
  669  662  640  610  568  545  516  499  483  483  485  493  486  473  445  416
  384  359  333  310  295  279  261  225  198                                   
    12.5-180.0 180.0   5.0 450.0                            LAT/LON1/LON2/DLON/H
  204  198  177  156  145  138  134  131  132  120  116  114  119  134  161  195
  235  269  304  331  353  367  371  390  410  447  477  527  578  627  675  703
  745  771  791  770  753  727  712  700  691  691  683  687  683  685  679  682
  671  656  606  563  522  492  468  447  430  437  438  455  451  451  429  404
  379  355  334  320  306  295  272  232  204                                   
    10.0-180.0 180.0   5.0 450.0                            LAT/LON1/LON2/DLON/H
  196  197  177  163  152  141  135  125  126  123  119  117  129  148  183  217
  263  293  327  351  374  384  396  421  448  480  512  556  600  636  668  683
  714  736  753  744  734  720  709  706  698  700  691  694  686  687  681  679
  665  634  578  536  484  455  422  413  399  408  408  420  418  416  395  376
  353  329  317  297  296  280  272  230  196                                   
     7.5-180.0 180.0   5.0 450.0                            LAT/LON1/LON2/DLON/H
  184  199  184  167  161  139  134  124  123  122  124  122  139  164  201  242
  285  312  342  367  387  402  421  450  475  513  548  588  625  646  666  677
