data/unet/pred0470.15i
     1.0            IONOSPHERE MAPS     GNSS                IONEX VERSION / TYPE
pyspatialgeodesy        IME             05-JAN-18 20:20     PGM / RUN BY / DATE 
Map Name                                                    COMMENT             
Predicted global ionosphere maps (GIM).                     DESCRIPTION         
  2015     2    16     0     0     0                        EPOCH OF FIRST MAP  
  2015     2    17     0     0     0                        EPOCH OF LAST MAP   
  7200                                                      INTERVAL            
    13                                                      # OF MAPS IN FILE   
  NONE                                                      MAPPING FUNCTION    
10.0                                                        ELEVATION CUTOFF    
One-way carrier phase leveled to code                       OBSERVABLES USED    
  6371.0                                                    BASE RADIUS         
 2                                                          MAP DIMENSION       
   450.0 450.0   0.0                                        HGT1 / HGT2 / DHGT  
    87.5 -87.5  -2.5                                        LAT1 / LAT2 / DLAT  
  -180.0 180.0   5.0                                        LON1 / LON2 / DLON  
    -1                                                      EXPONENT            
                                                            END OF HEADER       
[from data line 5148]
    13                                                      START OF TEC MAP    
  2015     2    17     0     0     0                        EPOCH OF CURRENT MAP
    87.5-180.0 180.0   5.0 450.0                            LAT/LON1/LON2/DLON/H
  177  153  161  160  158  156  158  158  159  158  159  158  158  157  157  155
  155  154  154  152  152  149  148  144  143  139  137  133  131  127  126  123
  122  120  120  118  118  116  117  115  115  113  115  113  115  113  116  114
  117  116  118  118  120  120  122  123  125  126  128  128  130  132  133  134
  136  136  137  138  142  141  141  170  177                                   
    85.0-180.0 180.0   5.0 450.0                            LAT/LON1/LON2/DLON/H
  160  164  173  173  171  169  171  169  171  169  171  169  170  168  169  166
  167  163  164  160  160  156  155  150  149  144  143  137  135  130  129  123
  122  118  118  114  114  111  113  109  111  107  110  107  110  108  112  110
  113  113  117  117  120  121  124  126  128  130  133  135  137  139  142  143
  145  146  148  149  153  148  148  145  160                                   
    82.5-180.0 180.0   5.0 450.0                            LAT/LON1/LON2/DLON/H
  178  182  185  186  185  184  185  184  185  183  184  183  183  181  182  179
  178  174  173  168  167  162  160  154  152  146  145  139  137  131  129  124
  121  117  115  111  109  106  106  104  104  102  103  102  104  103  106  106
  109  110  114  115  119  120  125  126  130  132  136  137  141  143  147  148
  151  153  155  157  160  157  156  156  178                                   
    80.0-180.0 180.0   5.0 450.0                            LAT/LON1/LON2/DLON/H
  197  197  203  204  203  203  202  203  201  200  199  199  197  197  195  194
  190  187  183  179  175  171  167  164  159  156  152  148  143  139  134  131
  125  122  117  115  110  109  107  107  105  105  105  105  104  105  105  106
  106  107  109  111  113  115  118  121  124  127  130  134  137  141  146  150
  153  157  161  165  169  169  170  174  197                                   
    77.5-180.0 180.0   5.0 450.0                            LAT/LON1/LON2/DLON/H
  213  212  219  221  222  221  221  220  218  216  215  212  210  207  205  200
  194  189  184  179  174  170  166  163  160  157  154  151  147  143  139  135
  131  127  124  121  117  116  114  114  112  111  110  110  108  107  106  105
  104  105  105  106  107  109  111  114  117  120  123  128  131  137  142  148
  153  159  164  171  176  178  181  188  213                                   
    75.0-180.0 180.0   5.0 450.0                            LAT/LON1/LON2/DLON/H
  235  234  244  248  249  249  247  246  243  240  237  233  227  221  212  204
  193  186  177  172  165  163  158  158  155  155  152  152  148  147  144  142
  138  136  132  130  127  126  125  123  121  119  117  115  113  110  108  105
  103  102  101  101  100  102  103  106  107  111  114  119  124  131  138  146
  154  162  169  177  186  189  194  205  235                                   
    72.5-180.0 180.0   5.0 450.0                            LAT/LON1/LON2/DLON/H
  266  261  275  280  282  282  280  277  274  268  262  253  243  230  215  201
  185  173  162  154  148  144  142  142  142  143  143  143  143  142  141  139
  138  135  133  130  129  126  125  122  121  118  115  112  108  106  102  100
   97   97   96   96   94   95   94   95   96  100  104  109  116  125  134  144
  155  165  175  185  196  202  208  224  266                                   
    70.0-180.0 180.0   5.0 450.0                            LAT/LON1/LON2/DLON/H
  300  298  314  318  319  318  317  313  308  302  292  279  261  242  220  199
  177  160  147  137  131  127  127  128  130  132  133  134  135  136  135  135
  133  131  129  125  124  121  121  117  117  112  110  105  103   99   97   94
   93   92   91   91   89   88   86   86   87   90   94  100  109  119  131  143
  158  170  182  194  207  217  226  247  300                                   
    67.5-180.0 180.0   5.0 450.0                            LAT/LON1/LON2/DLON/H
  331  332  349  352  353  355  353  350  345  337  327  308  285  258  230  202
  174  153  138  126  118  113  113  114  117  119  121  123  124  125  125  124
  124  121  119  115  112  109  107  104  102   98   95   91   88   86   83   83
   82   83   85   85   84   82   79   80   81   84   89   96  108  119  133  147
  164  177  192  206  222  234  244  266  331                                   
    65.0-180.0 180.0   5.0 450.0                            LAT/LON1/LON2/DLON/H
  353  361  377  382  384  390  388  389  383  377  362  343  314  282  247  213
  181  156  138  124  114  107  106  104  106  106  110  110  113  113  114  113
  113  108  106  100   98   91   91   84   85   79   80   74   75   71   72   70
   73   74   78   79   79   77   76   76   78   82   89   99  112  125  141  156
  176  189  205  221  237  251  264  286  353                                   
    62.5-180.0 180.0   5.0 450.0                            LAT/LON1/LON2/DLON/H
  364  372  388  396  401  409  410  415  410  405  390  370  342  306  270  234
  201  172  150  133  120  111  105  102  100   99  100  100  102  102  103  101
  100   96   92   87   80   74   69   66   64   62   61   60   59   58   57   58
   60   65   70   73   73   73   73   74   78   84   94  106  122  139  156  173
  192  206  222  238  254  266  278  300  364                                   
    60.0-180.0 180.0   5.0 450.0                            LAT/LON1/LON2/DLON/H
  365  375  390  400  405  417  418  429  425  425  409  392  363  332  296  260
  224  196  170  150  134  122  113  105  101   96   95   93   95   93   95   91
   90   83   80   71   67   56   56   49   52   48   53   50   54   50   52   49
   53   56   63   66   70   71   73   74   80   89  101  116  136  155  174  191
  210  226  240  253  267  280  291  310  365                                   
    57.5-180.0 180.0   5.0 450.0                            LAT/LON1/LON2/DLON/H
  360  368  383  393  398  404  409  416  417  416  408  392  372  345  317  284
  254  225  198  175  156  139  125  115  106   99   95   91   91   89   89   85
   82   75   70   63   56   50   46   44   45   45   49   50   52   50   48   47
   49   54   60   64   69   73   75   79   86   96  111  128  151  173  194  213
  234  248  260  272  284  294  301  317  360                                   
    55.0-180.0 180.0   5.0 450.0                            LAT/LON1/LON2/DLON/H
  357  365  377  385  388  394  395  405  402  407  397  391  372  355  333  308
  281  253  224  201  176  157  139  124  113  104   98   93   91   88   88   82
   79   71   68   60   57   51   52   49   54   53   61   60   64   58   58   52
   54   55   61   65   71   75   79   84   92  103  119  139  164  187  210  233
  253  269  281  292  304  314  318  328  357                                   
    52.5-180.0 180.0   5.0 450.0                            LAT/LON1/LON2/DLON/H
  360  370  378  382  383  383  383  384  384  381  378  370  363  350  339  321
  301  273  247  219  195  172  152  136  123  114  106  102   99   95   92   86
   81   76   73   71   68   68   67   68   69   72   75   77   78   74   69   63
   62   63   67   71   77   81   85   90   98  109  127  148  175  200  227  251
  272  289  302  315  327  334  336  342  360                                   
    50.0-180.0 180.0   5.0 450.0                            LAT/LON1/LON2/DLON/H
  374  391  394  398  396  393  385  383  376  375  366  362  354  349  342  331
  314  289  259  231  205  183  161  146  134  125  118  113  110  105  100   93
   89   83   84   83   87   85   87   85   88   89   95   94   96   89   84   76
   75   74   78   81   85   89   93   97  106  116  134  156  183  208  236  263
  285  304  321  335  348  355  356  357  374                                   
    47.5-180.0 180.0   5.0 450.0                            LAT/LON1/LON2/DLON/H
  394  416  421  424  421  414  404  394  384  372  362  351  348  342  340  330
  317  289  261  232  208  187  169  156  146  139  132  128  123  117  110  104
   98   96   97  101  104  106  105  105  103  107  109  112  110  105   98   92
   89   88   91   94   96   98  101  106  114  126  144  166  192  218  246  271
  294  316  335  353  367  371  371  368  394                                   
    45.0-180.0 180.0   5.0 450.0                            LAT/LON1/LON2/DLON/H
  416  445  449  455  453  451  436  428  408  394  373  363  352  348  343  334
  316  289  258  230  208  190  177  168  159  151  145  138  132  125  118  110
  106  105  109  113  120  121  122  118  118  118  123  123  124  118  113  107
  105  105  107  109  110  110  112  116  125  136  155  176  200  224  251  277
  299  321  343  362  378  385  386  379  416                                   
    42.5-180.0 180.0   5.0 450.0                            LAT/LON1/LON2/DLON/H
  432  460  467  475  477  477  467  457  439  417  392  373  361  351  346  332
  313  283  254  227  208  196  186  180  172  163  153  145  137  130  122  116
  111  113  116  125  129  134  130  129  124  126  128  132  131  129  123  119
  117  118  120  122  121  123  124  129  137  151  168  187  210  232  258  279
  302  323  344  364  382  389  392  386  432                                   
    40.0-180.0 180.0   5.0 450.0                            LAT/LON1/LON2/DLON/H
  441  471  478  486  488  489  481  476  458  440  411  391  374  365  354  338
  315  284  254  230  215  205  198  192  182  170  158  147  140  133  126  120
  118  119  126  133  140  143  141  137  134  132  137  137  140  136  133  128
  129  129  131  132  132  132  135  141  151  164  180  197  218  240  262  284
  304  324  344  363  382  392  400  392  441                                   
    37.5-180.0 180.0   5.0 450.0                            LAT/LON1/LON2/DLON/H
  444  468  476  480  480  478  474  469  459  442  420  398  382  370  360  342
  320  290  264  243  230  220  211  201  187  171  156  147  139  135  130  128
  126  130  135  143  147  150  146  142  136  137  138  141  141  139  135  132
  131  132  133  135  133  136  140  147  160  174  191  208  229  250  271  290
  310  327  344  363  381  393  401  396  444                                   
    35.0-180.0 180.0   5.0 450.0                            LAT/LON1/LON2/DLON/H
  455  477  478  476  470  464  456  453  445  435  417  402  386  377  366  351
  329  305  283  266  253  240  225  209  190  170  155  147  145  144  145  144
  144  147  152  158  161  162  157  152  147  145  147  147  146  143  138  135
  134  134  135  136  135  138  143  153  167  182  200  217  238  260  280  303
  322  338  355  370  387  400  417  408  455                                   
    32.5-180.0 180.0   5.0 450.0                            LAT/LON1/LON2/DLON/H
  476  487  485  475  462  448  437  431  425  417  405  394  385  377  369  356
  340  321  305  291  276  258  235  212  188  169  157  155  161  168  173  174
  173  174  176  179  178  176  168  163  156  155  153  152  148  143  137  132
  130  128  128  128  129  133  140  151  166  184  204  223  246  268  293  316
  339  356  371  385  399  417  432  423  476                                   
    30.0-180.0 180.0   5.0 450.0                            LAT/LON1/LON2/DLON/H
  521  532  518  501  478  455  433  421  411  403  392  386  382  377  370  360
  348  336  323  310  292  268  239  212  190  175  171  179  195  210  217  219
  216  213  210  208  201  195  185  179  171  166  163  157  150  141  132  125
  120  117  116  116  119  124  135  147  164  182  204  225  251  276  306  334
  359  378  395  409  426  444  471  457  521                                   
    27.5-180.0 180.0   5.0 450.0                            LAT/LON1/LON2/DLON/H
  586  597  581  561  528  494  460  441  422  411  394  390  384  381  374  366
  356  346  334  319  296  268  237  212  196  192  200  219  245  268  278  277
  267  254  243  233  220  212  200  193  184  177  168  158  145  133  121  111
  105  100   97   96  100  107  119  135  156  175  201  227  257  285  319  349
  377  397  419  436  455  478  506  500  586                                   
    25.0-180.0 180.0   5.0 450.0                            LAT/LON1/LON2/DLON/H
  677  704  687  671  638  592  542  504  471  443  421  409  400  393  383  372
  361  351  337  318  291  262  235  219  215  224  245  277  309  333  340  330
  308  286  267  253  236  224  213  206  194  184  172  157  142  127  113  103
   93   87   81   82   85   95  108  127  150  175  205  235  269  301  338  372
  404  433  459  479  498  520  560  564  677                                   
    22.5-180.0 180.0   5.0 450.0                            LAT/LON1/LON2/DLON/H
  759  802  804  797  766  718  660  610  555  514  475  457  437  425  405  389
  372  358  338  314  285  259  242  240  252  275  306  343  380  398  391  365
  332  300  275  259  243  229  217  210  196  184  166  150  132  118  101   94
   84   80   77   78   83   89  104  121  148  177  211  245  283  315  355  394
  434  467  497  519  541  567  613  621  759                                   
    20.0-180.0 180.0   5.0 450.0                            LAT/LON1/LON2/DLON/H
  834  900  918  921  910  865  808  744  678  620  563  527  498  472  444  417
  394  370  344  315  288  270  266  283  311  347  382  420  445  449  423  385
  337  303  278  260  242  229  218  208  195  182  162  144  128  115  101   95
   86   81   79   80   82   88  100  116  144  176  217  256  297  335  377  422
  466  505  541  565  592  621  681  692  834                                   
    17.5-180.0 180.0   5.0 450.0                            LAT/LON1/LON2/DLON/H
  866  932  964  979  984  959  927  869  797  731  665  617  571  536  494  461
  427  398  364  334  308  301  311  345  387  424  454  477  484  467  430  382
  332  296  273  254  237  225  213  208  194  181  158  142  124  115  106  101
   93   89   88   83   84   86   98  113  145  179  220  264  308  351  393  440
  485  528  566  599  630  666  730  734  866                                   
    15.0-180.0 180.0   5.0 450.0                            LAT/LON1/LON2/DLON/H
  878  942  976  996 1018 1007  994  952  906  831  766  706  657  607  558  515
  477  442  405  374  353  358  383  429  470  499  511  506  493  459  414  360
  317  283  266  245  233  219  210  201  192  177  160  142  127  119  114  106
   99   94   91   86   81   80   92  109  143  179  222  268  319  369  416  462
  509  548  590  620  663  698  769  761  878                                   
    12.5-180.0 180.0   5.0 450.0                            LAT/LON1/LON2/DLON/H
  843  921  953  977 1008 1013 1015  987  952  891  832  775  726  676  621  575
  532  501  466  443  427  442  471  514  543  551  534  506  465  419  373  328
  296  271  260  243  232  220  212  203  194  181  163  146  131  124  119  110
  103   96   92   84   83   82   99  119  151  186  227  274  328  383  428  477
  519  562  596  631  669  706  763  758  843                                   
    10.0-180.0 180.0   5.0 450.0                            LAT/LON1/LON2/DLON/H
  800  858  895  925  972  982 1000  981  962  911  870  822  788  733  686  633
  597  565  543  527  523  543  572  599  605  579  540  477  422  365  327  292
  276  260  256  240  230  219  211  200  192  182  172  156  143  133  129  120
  112  104   97   93   90   93  107  127  157  193  231  279  335  392  441  487
  532  567  604  633  672  704  755  744  800                                   
     7.5-180.0 180.0   5.0 450.0                            LAT/LON1/LON2/DLON/H
  729  765  781  809  850  888  915  918  905  878  858  834  816  779  738  691
  654  629  612  608  610  631  648  654  625  573  496  419  350  304  283  270
