data/unet/pred1070.15i
     1.0            IONOSPHERE MAPS     GNSS                IONEX VERSION / TYPE
pyspatialgeodesy        IME             05-JAN-18 20:20     PGM / RUN BY / DATE 
Map Name                                                    COMMENT             
Predicted global ionosphere maps (GIM).                     DESCRIPTION         
  2015     4    17     0     0     0                        EPOCH OF FIRST MAP  
  2015     4    18     0     0     0                        EPOCH OF LAST MAP   
  7200                                                      INTERVAL            
    13                                                      # OF MAPS IN FILE   
  NONE                                                      MAPPING FUNCTION    
10.0                                                        ELEVATION CUTOFF    
One-way carrier phase leveled to code                       OBSERVABLES USED    
  6371.0                                                    BASE RADIUS         
 2                                                          MAP DIMENSION       
   450.0 450.0   0.0                                        HGT1 / HGT2 / DHGT  
    87.5 -87.5  -2.5                                        LAT1 / LAT2 / DLAT  
  -180.0 180.0   5.0                                        LON1 / LON2 / DLON  
    -1                                                      EXPONENT            
                                                            END OF HEADER       
[from data line 3003]
     8                                                      START OF TEC MAP    
  2015     4    17    14     0     0                        EPOCH OF CURRENT MAP
    87.5-180.0 180.0   5.0 450.0                            LAT/LON1/LON2/DLON/H
  158  171  179  173  178  173  180  177  184  180  187  184  190  186  192  188
  194  190  194  191  195  192  196  193  196  193  195  192  194  191  191  188
  189  186  185  184  183  181  179  177  175  173  169  167  165  161  160  155
  156  152  153  149  152  148  151  148  151  148  151  148  151  148  151  148
  151  149  153  153  158  157  167  143  158                                   
    85.0-180.0 180.0   5.0 450.0                            LAT/LON1/LON2/DLON/H
  157  170  169  170  171  173  177  179  181  183  184  185  186  187  188  189
  190  191  190  191  192  193  193  194  194  195  194  194  193  192  191  189
  188  186  184  182  180  177  174  170  169  164  162  158  157  153  152  149
  149  146  146  144  146  143  145  142  144  141  144  141  145  142  146  142
  146  143  148  145  154  154  156  159  157                                   
    82.5-180.0 180.0   5.0 450.0                            LAT/LON1/LON2/DLON/H
  159  154  162  166  163  169  167  175  173  179  177  181  180  184  183  186
  186  187  187  188  189  191  191  193  194  197  196  197  196  197  193  194
  190  191  185  185  180  180  172  173  166  166  158  159  151  152  146  148
  142  144  139  143  138  141  136  140  135  138  134  138  134  138  135  138
  134  138  136  139  137  147  140  147  159                                   
    80.0-180.0 180.0   5.0 450.0                            LAT/LON1/LON2/DLON/H
  143  147  144  152  150  156  156  163  163  166  166  169  170  171  172  175
  174  177  175  179  178  181  180  183  185  186  187  188  189  190  189  190
  188  188  184  183  179  177  172  169  164  161  156  154  149  147  144  143
  140  139  138  138  137  136  136  135  135  132  134  132  132  130  131  129
  129  129  129  130  129  134  125  138  143                                   
    77.5-180.0 180.0   5.0 450.0                            LAT/LON1/LON2/DLON/H
  127  129  130  136  137  144  144  150  148  152  150  153  152  155  155  158
  159  162  162  165  165  168  169  173  173  176  177  180  181  183  183  184
  183  182  181  180  177  174  170  167  164  160  157  155  151  150  147  147
  144  144  143  143  143  142  142  141  140  138  139  137  135  134  132  131
  128  129  126  126  122  125  119  128  127                                   
    75.0-180.0 180.0   5.0 450.0                            LAT/LON1/LON2/DLON/H
  121  125  122  128  133  137  141  141  145  143  147  144  148  146  150  150
  153  155  158  159  162  162  166  167  171  173  176  179  181  183  185  186
  187  187  186  184  182  180  175  173  168  166  162  160  157  156  154  152
  151  149  150  148  149  147  148  146  147  142  144  138  140  133  135  128
  129  123  123  118  118  117  115  125  121                                   
    72.5-180.0 180.0   5.0 450.0                            LAT/LON1/LON2/DLON/H
  117  119  120  124  128  131  134  134  134  134  135  134  135  136  138  142
  144  148  150  154  157  159  162  166  169  173  175  180  182  185  186  189
  188  190  188  188  184  182  178  176  172  170  168  167  167  165  165  164
  163  162  159  159  158  157  156  155  153  151  150  146  145  140  138  133
  130  126  122  117  114  115  114  119  117                                   
    70.0-180.0 180.0   5.0 450.0                            LAT/LON1/LON2/DLON/H
  113  117  115  122  126  128  133  131  135  132  136  132  136  135  139  140
  144  147  152  156  161  164  169  172  176  178  181  183  186  186  187  189
  191  191  191  190  190  187  184  182  179  177  175  175  176  176  175  176
  174  172  169  167  165  162  159  157  155  153  150  147  144  139  136  129
  127  120  119  110  108  107  109  117  113                                   
    67.5-180.0 180.0   5.0 450.0                            LAT/LON1/LON2/DLON/H
  110  112  113  117  121  122  126  126  128  127  129  130  132  133  136  140
  143  146  151  156  161  165  170  175  179  183  183  187  186  189  188  192
  192  196  193  196  192  192  186  187  181  182  178  181  180  182  181  182
  180  177  172  169  165  160  157  153  150  146  143  140  136  131  128  122
  120  115  113  107  104  100  108  107  110                                   
    65.0-180.0 180.0   5.0 450.0                            LAT/LON1/LON2/DLON/H
  104  105  103  111  114  117  121  121  124  124  127  128  132  132  137  138
  143  147  151  157  162  169  174  181  185  190  190  193  191  191  189  192
  192  196  196  198  197  196  192  190  187  184  182  183  184  184  184  184
  182  178  172  167  163  157  152  147  144  139  135  131  127  123  118  113
  108  105  101   96   91   92   92  102  104                                   
    62.5-180.0 180.0   5.0 450.0                            LAT/LON1/LON2/DLON/H
   95   93   93   95   99  102  106  109  113  117  120  126  128  131  134  137
  141  145  149  154  160  166  172  178  185  187  190  189  190  186  188  188
  192  194  199  200  201  199  195  193  189  187  183  186  185  187  184  187
  181  178  169  165  158  152  146  141  137  130  127  120  116  109  104   98
   94   89   87   81   79   75   84   85   95                                   
    60.0-180.0 180.0   5.0 450.0                            LAT/LON1/LON2/DLON/H
   88   80   77   83   84   87   92   94  101  104  112  114  122  122  130  132
  139  142  147  151  156  161  168  173  181  185  189  191  191  193  191  195
  196  202  203  208  208  205  200  196  192  189  187  188  188  188  186  186
  181  175  168  162  158  151  147  141  138  131  127  119  114  104   99   90
   88   82   78   74   69   71   71   79   88                                   
    57.5-180.0 180.0   5.0 450.0                            LAT/LON1/LON2/DLON/H
   77   68   65   67   68   67   72   77   85   92  101  112  117  122  125  130
  133  137  143  148  152  155  161  167  174  181  187  191  196  196  201  202
  209  211  217  221  221  218  211  208  202  199  196  198  195  196  192  192
  186  182  173  169  163  159  155  151  147  141  135  128  120  110  101   94
   88   81   76   71   67   61   67   65   77                                   
    55.0-180.0 180.0   5.0 450.0                            LAT/LON1/LON2/DLON/H
   78   63   55   59   57   59   63   66   75   81   93  100  110  111  122  125
  134  137  144  145  151  149  157  159  169  174  184  190  199  204  210  218
  224  232  235  239  238  234  226  221  215  211  208  208  208  206  205  201
  197  192  186  181  178  175  174  171  169  163  155  146  136  126  114  101
   96   85   81   71   68   66   68   68   78                                   
    52.5-180.0 180.0   5.0 450.0                            LAT/LON1/LON2/DLON/H
   80   65   57   55   54   53   55   58   67   76   87   99  106  113  120  127
  135  140  146  149  151  152  156  161  168  179  184  196  203  214  222  234
  243  252  258  261  258  254  244  239  231  230  226  227  224  227  223  223
  218  213  206  202  200  197  198  194  194  186  181  169  161  147  137  123
  114  104   98   88   83   76   80   72   80                                   
    50.0-180.0 180.0   5.0 450.0                            LAT/LON1/LON2/DLON/H
  100   80   66   65   63   60   60   60   68   76   88   96  106  109  121  125
  139  147  155  159  162  164  168  172  178  182  192  198  210  220  232  246
  257  270  276  279  276  269  261  254  249  246  244  245  244  247  246  248
  243  239  233  229  227  224  225  222  224  216  210  198  188  176  162  148
  135  124  118  106  104   96  100   93  100                                   
    47.5-180.0 180.0   5.0 450.0                            LAT/LON1/LON2/DLON/H
  121  104   92   83   78   72   70   68   73   80   90  101  108  117  127  137
  151  163  171  177  177  179  180  185  191  199  204  215  221  232  241  255
  267  282  288  293  291  285  277  271  266  264  261  263  263  268  268  272
  268  266  258  254  250  245  245  241  242  235  232  218  213  197  191  172
  164  149  144  134  133  123  128  115  121                                   
    45.0-180.0 180.0   5.0 450.0                            LAT/LON1/LON2/DLON/H
  149  128  113  106  102   94   90   83   86   92  102  109  120  126  137  147
  160  176  183  195  191  200  195  208  209  220  220  227  231  236  246  258
  273  287  296  299  302  296  294  284  282  275  275  275  280  285  289  294
  290  290  280  278  267  260  252  250  248  244  239  230  224  214  206  194
  183  173  162  160  153  151  150  139  149                                   
    42.5-180.0 180.0   5.0 450.0                            LAT/LON1/LON2/DLON/H
  169  154  140  131  127  116  112  101  103  104  113  121  131  139  149  161
  176  193  200  211  209  214  214  223  229  233  238  242  243  249  251  265
  274  291  299  311  313  316  314  309  303  298  295  295  299  304  309  308
  307  302  292  284  271  259  248  242  239  235  234  230  227  218  216  204
  201  186  183  172  171  163  176  156  169                                   
    40.0-180.0 180.0   5.0 450.0                            LAT/LON1/LON2/DLON/H
  181  166  148  144  143  136  131  121  120  123  130  138  150  157  166  181
  193  211  215  229  224  237  233  251  249  261  256  261  256  260  263  273
  279  300  306  325  327  336  336  332  326  320  318  316  319  323  326  325
  318  314  300  292  271  257  238  229  222  218  218  216  217  214  210  206
  200  195  187  185  180  178  182  169  181                                   
    37.5-180.0 180.0   5.0 450.0                            LAT/LON1/LON2/DLON/H
  183  171  157  153  153  145  148  133  137  132  143  153  166  173  183  195
  209  224  232  243  244  253  256  267  273  276  278  276  276  280  280  289
  293  316  324  350  356  374  374  375  368  361  357  352  353  350  351  345
  340  329  317  304  285  267  246  235  222  216  211  209  210  207  210  204
  204  194  187  180  176  177  190  183  183                                   
    35.0-180.0 180.0   5.0 450.0                            LAT/LON1/LON2/DLON/H
  179  173  154  153  151  146  144  137  140  145  159  172  187  194  205  215
  229  246  253  266  261  277  275  291  293  301  298  304  300  307  307  318
  325  349  360  390  399  422  421  426  414  411  404  400  396  393  388  383
  372  365  350  341  316  288  260  246  229  221  217  219  221  210  212  207
  202  195  184  180  175  174  184  184  179                                   
    32.5-180.0 180.0   5.0 450.0                            LAT/LON1/LON2/DLON/H
  170  161  150  155  153  145  146  135  144  142  166  183  203  214  226  234
  249  261  274  283  288  294  301  308  318  321  328  333  338  344  350  363
  376  404  421  452  463  494  493  501  484  479  466  461  454  453  448  443
  430  417  389  381  357  343  312  299  278  257  236  224  220  220  230  236
  227  217  200  192  179  176  177  183  170                                   
    30.0-180.0 180.0   5.0 450.0                            LAT/LON1/LON2/DLON/H
  169  158  146  144  146  139  141  129  137  141  171  192  224  233  255  262
  278  287  299  310  313  319  322  325  334  340  352  371  377  398  404  430
  446  478  497  528  542  569  565  569  550  547  532  525  510  508  499  501
  484  471  451  439  423  408  385  369  335  318  283  275  244  246  230  243
  236  239  213  201  184  181  190  175  169                                   
    27.5-180.0 180.0   5.0 450.0                            LAT/LON1/LON2/DLON/H
  163  144  132  123  126  125  129  124  134  136  164  186  221  243  264  285
  298  312  321  333  335  343  343  350  356  369  383  406  423  453  473  504
  523  556  582  612  623  639  631  635  614  613  596  598  586  594  586  593
  580  571  557  546  530  515  491  468  440  411  378  358  325  321  301  304
  279  280  258  244  214  196  190  177  163                                   
    25.0-180.0 180.0   5.0 450.0                            LAT/LON1/LON2/DLON/H
  159  151  127  122  108  111  114  120  132  131  161  176  220  244  278  299
  317  331  342  347  357  356  363  362  375  390  415  451  477  520  545  581
  600  633  660  682  689  699  686  688  670  673  665  668  663  667  666  671
  677  671  657  635  623  603  580  553  519  495  459  446  417  415  385  385
  346  345  313  304  266  243  210  194  159                                   
    22.5-180.0 180.0   5.0 450.0                            LAT/LON1/LON2/DLON/H
  176  161  146  128  118  104  109  111  131  126  152  168  207  241  278  311
  332  350  357  372  376  379  380  386  395  419  452  497  532  580  607  647
  673  706  733  749  756  744  733  726  717  720  716  720  721  734  749  758
  755  740  708  680  662  648  635  608  581  563  536  518  490  470  453  444
  418  405  374  360  317  286  249  216  176                                   
    20.0-180.0 180.0   5.0 450.0                            LAT/LON1/LON2/DLON/H
  214  193  164  152  133  123  112  117  123  131  143  165  201  240  279  315
  342  363  380  396  402  406  405  416  428  464  499  545  581  627  663  701
  739  766  788  788  779  768  754  753  751  757  763  767  778  794  812  811
  799  778  744  702  679  652  649  633  619  606  590  586  560  540  512  489
  478  463  423  399  362  321  283  248  214                                   
    17.5-180.0 180.0   5.0 450.0                            LAT/LON1/LON2/DLON/H
  245  220  190  171  156  139  131  122  124  124  135  146  192  230  279  309
  347  366  393  411  424  427  432  444  459  504  540  589  620  668  704  747
  789  805  816  809  802  780  776  774  783  791  795  797  812  822  833  831
  819  781  741  676  649  620  624  610  614  611  614  611  603  577  553  525
  509  495  453  421  383  345  308  280  245                                   
    15.0-180.0 180.0   5.0 450.0                            LAT/LON1/LON2/DLON/H
  263  239  204  181  166  158  144  139  125  125  128  147  186  234  277  312
  347  377  398  428  435  452  456  474  496  538  582  621  655  695  734  774
  811  814  823  811  801  787  788  793  806  810  816  812  821  830  839  835
  808  773  708  647  610  580  583  585  589  610  610  625  610  595  566  541
  522  500  468  437  408  363  331  295  263                                   
    12.5-180.0 180.0   5.0 450.0                            LAT/LON1/LON2/DLON/H
  276  252  213  194  179  162  159  151  138  136  125  141  173  218  261  304
  346  377  411  439  453  468  469  487  510  565  611  659  695  732  770  806
  824  821  829  814  808  798  806  818  827  829  822  816  816  820  828  808
  783  727  661  583  541  527  530  540  552  581  590  607  593  581  546  532
  497  489  452  436  403  372  335  302  276                                   
    10.0-180.0 180.0   5.0 450.0                            LAT/LON1/LON2/DLON/H
  261  253  221  201  184  168  158  151  142  142  138  149  188  231  275  316
  357  396  426  460  475  494  502  519  554  604  652  693  731  759  796  814
  823  820  821  812  810  807  824  834  848  838  831  815  813  815  813  795
  762  702  629  543  505  479  489  505  531  556  572  585  570  556  518  496
  463  441  420  397  383  354  341  288  261                                   
     7.5-180.0 180.0   5.0 450.0                            LAT/LON1/LON2/DLON/H
  250  254  221  205  189  174  162  155  140  144  146  155  195  239  285  322
  365  410  442  480  488  513  517  547  594  653  702  743  769  796  814  820
