data/unet/pred1160.15i
     1.0            IONOSPHERE MAPS     GNSS                IONEX VERSION / TYPE
pyspatialgeodesy        IME             05-JAN-18 20:20     PGM / RUN BY / DATE 
Map Name                                                    COMMENT             
Predicted global ionosphere maps (GIM).                     DESCRIPTION         
  2015     4    26     0     0     0                        EPOCH OF FIRST MAP  
  2015     4    27     0     0     0                        EPOCH OF LAST MAP   
  7200                                                      INTERVAL            
    13                                                      # OF MAPS IN FILE   
  NONE                                                      MAPPING FUNCTION    
10.0                                                        ELEVATION CUTOFF    
One-way carrier phase leveled to code                       OBSERVABLES USED    
  6371.0                                                    BASE RADIUS         
 2                                                          MAP DIMENSION       
   450.0 450.0   0.0                                        HGT1 / HGT2 / DHGT  
    87.5 -87.5  -2.5                                        LAT1 / LAT2 / DLAT  
  -180.0 180.0   5.0                                        LON1 / LON2 / DLON  
    -1                                                      EXPONENT            
                                                            END OF HEADER       
[from data line 5148]
    13                                                      START OF TEC MAP    
  2015     4    27     0     0     0                        EPOCH OF CURRENT MAP
    87.5-180.0 180.0   5.0 450.0                            LAT/LON1/LON2/DLON/H
  263  261  266  268  268  267  267  265  266  264  264  262  262  260  260  257
  258  255  255  251  251  248  248  245  246  243  244  242  243  240  242  240
  241  239  241  239  241  239  241  238  239  238  239  238  239  239  240  239
  241  241  243  244  247  248  251  252  255  257  259  260  263  263  266  266
  269  268  269  268  271  266  258  251  263                                   
    85.0-180.0 180.0   5.0 450.0                            LAT/LON1/LON2/DLON/H
  275  274  281  281  281  280  281  280  281  280  282  281  282  281  281  279
  279  275  275  271  269  264  264  259  258  254  254  250  251  246  248  244
  245  242  244  241  243  241  243  241  243  241  243  241  244  242  245  244
  248  247  251  251  256  256  261  262  267  268  272  272  276  276  279  278
  281  280  281  280  284  278  272  262  275                                   
    82.5-180.0 180.0   5.0 450.0                            LAT/LON1/LON2/DLON/H
  279  274  278  280  277  280  279  282  282  285  286  289  289  290  290  289
  287  285  282  279  275  270  266  262  257  253  249  246  242  240  237  235
  233  232  231  231  230  231  231  232  232  233  233  234  234  236  237  239
  241  243  246  249  253  256  260  263  266  268  271  273  275  276  278  279
  280  280  280  281  284  279  268  269  279                                   
    80.0-180.0 180.0   5.0 450.0                            LAT/LON1/LON2/DLON/H
  268  263  267  265  263  265  268  271  274  279  282  287  288  292  292  294
  291  290  286  282  276  270  265  259  253  247  242  237  232  229  225  223
  220  220  218  219  219  220  221  222  222  223  223  224  225  226  227  229
  231  234  236  240  244  248  252  255  258  261  264  266  268  269  271  271
  272  272  273  273  277  273  266  264  268                                   
    77.5-180.0 180.0   5.0 450.0                            LAT/LON1/LON2/DLON/H
  257  253  254  254  252  255  258  263  267  274  280  287  290  295  296  298
  295  294  290  286  278  273  265  260  252  245  238  232  227  222  219  217
  215  214  214  215  215  216  217  218  217  218  218  219  219  220  220  222
  223  225  228  231  234  238  242  246  249  252  254  256  258  259  260  262
  262  263  263  264  268  266  261  257  257                                   
    75.0-180.0 180.0   5.0 450.0                            LAT/LON1/LON2/DLON/H
  254  249  251  248  246  249  253  258  265  274  283  291  297  303  305  307
  304  303  297  293  284  278  270  263  255  247  239  232  226  221  218  215
  214  213  212  213  214  214  215  214  214  213  214  213  212  211  211  211
  212  214  217  219  223  226  231  233  238  240  243  244  246  246  248  249
  251  252  254  255  261  261  257  254  254                                   
    72.5-180.0 180.0   5.0 450.0                            LAT/LON1/LON2/DLON/H
  258  252  253  249  245  246  250  255  263  275  285  295  303  309  312  314
  311  308  302  297  289  282  275  267  259  250  243  234  228  221  218  213
  212  210  210  208  210  209  209  208  208  206  206  204  203  200  201  200
  203  204  208  211  216  220  225  228  233  233  236  236  237  237  238  238
  241  243  246  249  257  259  258  256  258                                   
    70.0-180.0 180.0   5.0 450.0                            LAT/LON1/LON2/DLON/H
  265  258  259  254  249  248  251  255  264  276  288  298  306  313  315  316
  310  307  300  296  288  283  276  269  259  251  242  234  227  221  217  213
  211  207  205  203  202  200  199  196  196  192  192  189  188  184  185  185
  188  190  196  201  207  212  219  223  228  229  232  232  233  232  232  232
  234  236  240  245  254  259  260  261  265                                   
    67.5-180.0 180.0   5.0 450.0                            LAT/LON1/LON2/DLON/H
  275  269  270  265  259  256  256  260  267  279  291  302  311  316  319  316
  311  305  299  295  290  285  280  272  263  253  245  235  229  221  217  210
  206  199  195  190  188  183  181  177  177  173  173  170  169  167  169  171
  177  182  190  198  206  214  221  227  233  235  237  237  237  234  233  232
  234  235  240  245  257  263  264  264  275                                   
    65.0-180.0 180.0   5.0 450.0                            LAT/LON1/LON2/DLON/H
  284  280  281  276  268  262  261  263  270  281  293  304  312  317  316  314
  306  303  296  295  290  288  281  275  262  253  242  234  225  219  212  205
  198  191  183  175  169  163  160  156  155  151  152  148  149  147  151  154
  163  171  182  193  204  214  224  232  238  242  245  245  244  241  238  235
  236  237  240  246  257  264  265  267  284                                   
    62.5-180.0 180.0   5.0 450.0                            LAT/LON1/LON2/DLON/H
  293  289  291  286  277  269  265  265  271  282  294  305  313  317  316  312
  307  303  299  298  296  293  286  277  265  252  242  232  224  216  209  199
  191  178  168  157  150  143  139  135  135  131  133  130  132  132  137  143
  154  164  178  191  207  218  231  241  250  255  259  258  257  252  249  244
  244  242  245  249  259  264  265  268  293                                   
    60.0-180.0 180.0   5.0 450.0                            LAT/LON1/LON2/DLON/H
  298  296  298  293  283  274  268  267  271  281  292  303  310  314  313  312
  308  308  305  308  303  302  292  283  267  255  241  232  222  216  206  197
  185  171  158  145  136  129  124  122  121  119  120  118  120  120  125  132
  145  156  172  186  204  217  232  245  256  264  268  269  268  264  260  255
  253  250  250  251  258  262  264  266  298                                   
    57.5-180.0 180.0   5.0 450.0                            LAT/LON1/LON2/DLON/H
  303  300  304  300  290  280  273  270  272  280  289  300  307  312  314  315
  316  316  318  317  316  310  301  287  272  255  243  233  225  217  208  196
  183  167  152  138  128  119  116  113  115  113  115  113  115  114  119  125
  138  150  166  181  200  215  233  247  261  270  276  277  279  275  272  267
  265  260  259  258  263  264  262  264  303                                   
    55.0-180.0 180.0   5.0 450.0                            LAT/LON1/LON2/DLON/H
  308  309  314  311  302  293  284  280  278  283  288  296  301  308  312  317
  320  325  325  328  324  319  306  293  275  260  246  238  229  222  211  199
  184  167  152  137  127  119  116  115  117  117  118  116  117  115  118  123
  135  145  159  173  193  208  227  242  259  270  278  283  285  285  284  281
  279  275  273  270  272  271  267  267  308                                   
    52.5-180.0 180.0   5.0 450.0                            LAT/LON1/LON2/DLON/H
  318  322  329  330  322  315  306  300  294  292  292  295  300  306  312  319
  326  330  334  334  332  323  313  296  280  264  251  241  235  225  214  201
  185  169  154  140  131  125  123  122  126  126  127  125  125  122  124  127
  136  146  158  171  189  204  223  239  256  267  278  283  289  290  293  292
  294  291  291  288  290  287  279  279  318                                   
    50.0-180.0 180.0   5.0 450.0                            LAT/LON1/LON2/DLON/H
  332  343  352  357  355  350  341  334  323  314  305  302  300  305  311  320
  327  334  334  336  330  325  313  300  284  270  256  245  236  226  214  200
  185  169  156  144  137  132  132  133  136  137  139  137  136  134  135  136
  144  150  159  169  187  201  220  236  253  263  275  282  289  293  298  300
  304  305  308  307  311  307  303  302  332                                   
    47.5-180.0 180.0   5.0 450.0                            LAT/LON1/LON2/DLON/H
  349  367  379  386  388  389  383  375  360  344  326  314  309  309  315  322
  330  333  335  333  331  324  316  303  290  274  260  245  234  221  208  195
  180  166  155  146  142  140  142  143  147  148  150  149  149  146  147  148
  152  156  164  173  189  204  223  238  254  264  275  281  290  293  300  303
  312  316  324  327  334  334  332  333  349                                   
    45.0-180.0 180.0   5.0 450.0                            LAT/LON1/LON2/DLON/H
  370  393  405  416  422  427  426  420  403  381  356  337  323  321  322  328
  330  334  331  332  327  325  317  308  294  278  261  241  226  210  197  183
  171  159  151  146  145  145  150  151  156  156  159  159  160  159  161  161
  164  166  171  179  195  210  230  245  260  268  279  284  291  293  300  304
  315  323  336  344  358  362  366  367  370                                   
    42.5-180.0 180.0   5.0 450.0                            LAT/LON1/LON2/DLON/H
  395  417  429  440  449  457  458  456  441  417  387  363  346  339  338  338
  339  337  336  333  334  330  326  314  300  280  260  236  217  199  185  172
  161  153  149  148  150  153  158  161  164  166  169  170  172  173  174  173
  174  174  177  184  200  218  237  252  266  274  282  287  293  295  300  303
  317  327  346  361  382  391  398  398  395                                   
    40.0-180.0 180.0   5.0 450.0                            LAT/LON1/LON2/DLON/H
  426  440  451  459  469  476  481  482  471  450  420  394  376  366  358  354
  348  346  341  342  340  340  333  323  306  283  259  231  212  193  180  167
  161  154  154  154  160  163  170  171  176  177  181  183  187  187  188  187
  187  184  186  193  210  227  247  261  275  281  288  292  298  298  302  305
  319  333  356  378  406  418  433  428  426                                   
    37.5-180.0 180.0   5.0 450.0                            LAT/LON1/LON2/DLON/H
  459  463  472  475  481  488  492  496  488  472  447  425  407  396  384  375
  367  359  357  356  358  355  349  332  313  286  262  235  216  201  189  182
  176  175  173  178  180  185  188  191  195  198  201  203  205  205  203  200
  196  190  189  196  212  231  250  266  277  283  289  294  298  301  303  310
  323  341  365  392  422  441  456  452  459                                   
    35.0-180.0 180.0   5.0 450.0                            LAT/LON1/LON2/DLON/H
  494  497  496  495  497  499  503  505  502  489  471  453  438  427  412  400
  386  379  374  377  377  374  362  343  321  295  273  251  237  222  218  211
  215  209  213  209  215  214  220  219  225  226  230  231  230  226  222  215
  208  198  196  199  216  235  256  271  284  289  296  300  305  308  312  320
  334  353  376  403  436  457  482  479  494                                   
    32.5-180.0 180.0   5.0 450.0                            LAT/LON1/LON2/DLON/H
  529  532  527  521  518  515  516  517  514  504  489  475  462  453  440  426
  412  404  401  403  402  392  376  351  329  309  295  284  278  275  272  273
  273  269  264  261  259  257  255  257  258  260  258  258  251  243  232  222
  210  200  192  195  207  227  249  269  281  290  296  304  310  317  323  335
  351  368  389  413  443  467  491  497  529                                   
    30.0-180.0 180.0   5.0 450.0                            LAT/LON1/LON2/DLON/H
  563  576  568  564  559  552  546  544  538  527  513  500  489  480  467  455
  439  432  426  426  418  404  384  360  342  332  331  335  344  348  352  349
  346  334  325  315  309  302  296  295  294  292  289  281  272  256  242  226
  212  197  187  186  201  218  240  259  277  286  298  308  318  329  340  354
  372  388  405  423  451  472  508  523  563                                   
    27.5-180.0 180.0   5.0 450.0                            LAT/LON1/LON2/DLON/H
  599  617  616  615  611  600  587  578  570  556  544  529  518  506  493  480
  466  457  450  443  431  411  389  369  361  367  379  403  419  435  434  427
  408  389  368  358  344  339  330  332  323  320  307  296  275  259  237  219
  200  184  173  171  184  201  223  243  261  278  295  311  323  340  353  374
  394  413  425  441  461  482  521  550  599                                   
    25.0-180.0 180.0   5.0 450.0                            LAT/LON1/LON2/DLON/H
  625  658  668  681  683  671  654  639  624  606  592  576  561  543  525  509
  493  482  468  455  433  410  390  381  386  411  437  471  496  510  510  489
  460  424  399  378  362  353  349  348  341  327  313  291  269  242  221  198
  185  166  161  155  167  179  205  226  253  272  294  315  334  358  376  405
  427  448  459  472  486  498  545  584  625                                   
    22.5-180.0 180.0   5.0 450.0                            LAT/LON1/LON2/DLON/H
  647  691  716  732  742  735  715  702  685  668  648  629  609  586  562  539
  520  503  483  461  434  411  396  401  418  454  488  519  537  542  533  508
  468  431  400  381  354  350  340  348  331  323  297  279  249  227  203  185
  176  165  160  154  163  173  198  222  253  277  299  326  349  378  399  436
  464  491  503  516  524  531  573  623  647                                   
    20.0-180.0 180.0   5.0 450.0                            LAT/LON1/LON2/DLON/H
  668  715  750  776  796  790  779  766  754  739  721  696  668  637  608  580
  554  527  498  466  434  414  409  426  455  495  526  543  554  538  517  474
  440  405  378  353  335  328  326  327  314  299  281  257  239  210  194  175
  172  158  155  146  153  162  188  213  249  276  306  341  371  397  425  461
  492  522  540  554  566  565  605  650  668                                   
    17.5-180.0 180.0   5.0 450.0                            LAT/LON1/LON2/DLON/H
  683  739  779  804  824  824  817  812  801  794  781  760  727  688  654  624
  593  559  519  479  444  430  434  458  489  520  539  535  526  492  452  412
  381  357  329  314  295  298  293  299  280  271  245  233  215  198  183  172
  168  159  152  143  151  162  190  220  252  288  319  357  382  411  439  474
  506  537  561  581  599  597  627  670  683                                   
    15.0-180.0 180.0   5.0 450.0                            LAT/LON1/LON2/DLON/H
  695  744  787  812  838  837  839  834  836  833  827  813  779  737  696  664
  634  595  548  500  464  454  464  488  513  528  524  498  461  409  366  324
  310  279  272  258  259  264  269  269  255  235  219  201  198  180  174  162
  162  149  142  132  142  157  189  220  257  294  335  366  395  418  445  475
  509  543  572  597  623  619  645  676  695                                   
    12.5-180.0 180.0   5.0 450.0                            LAT/LON1/LON2/DLON/H
  691  736  775  797  820  830  834  831  833  840  843  837  810  769  730  696
  666  629  578  530  494  485  494  509  517  504  481  426  371  314  273  241
  232  223  223  231  239  255  255  252  231  216  194  185  180  172  162  153
  151  141  134  126  137  156  190  227  261  300  334  367  393  421  445  477
  508  544  578  610  644  638  651  681  691                                   
    10.0-180.0 180.0   5.0 450.0                            LAT/LON1/LON2/DLON/H
  687  720  746  764  786  800  808  813  817  830  838  843  821  790  752  725
  695  659  612  563  532  519  520  517  501  462  406  330  270  216  192  175
  183  186  201  218  231  242  247  235  217  195  184  172  176  164  155  144
  140  131  121  116  128  151  188  227  265  300  334  364  396  423  452  481
  515  549  587  622  658  655  659  682  687                                   
     7.5-180.0 180.0   5.0 450.0                            LAT/LON1/LON2/DLON/H
  684  712  719  731  745  758  767  773  780  792  806  816  806  780  755  731
  710  677  634  592  560  543  530  504  462  396  315  244  192  164  155  159
