data/unet/pred0300.15i
     1.0            IONOSPHERE MAPS     GNSS                IONEX VERSION / TYPE
pyspatialgeodesy        IME             05-JAN-18 20:20     PGM / RUN BY / DATE 
Map Name                                                    COMMENT             
Predicted global ionosphere maps (GIM).                     DESCRIPTION         
  2015     1    30     0     0     0                        EPOCH OF FIRST MAP  
  2015     1    31     0     0     0                        EPOCH OF LAST MAP   
  7200                                                      INTERVAL            
    13                                                      # OF MAPS IN FILE   
  NONE                                                      MAPPING FUNCTION    
10.0                                                        ELEVATION CUTOFF    
One-way carrier phase leveled to code                       OBSERVABLES USED    
  6371.0                                                    BASE RADIUS         
 2                                                          MAP DIMENSION       
   450.0 450.0   0.0                                        HGT1 / HGT2 / DHGT  
    87.5 -87.5  -2.5                                        LAT1 / LAT2 / DLAT  
  -180.0 180.0   5.0                                        LON1 / LON2 / DLON  
    -1                                                      EXPONENT            
                                                            END OF HEADER       
[from data line 2145]
     6                                                      START OF TEC MAP    
  2015     1    30    10     0     0                        EPOCH OF CURRENT MAP
    87.5-180.0 180.0   5.0 450.0                            LAT/LON1/LON2/DLON/H
   66   86   78   79   79   79   81   81   84   83   85   83   84   82   82   80
   80   78   78   76   76   75   74   73   72   71   71   69   70   69   70   68
   70   69   71   69   71   70   71   71   72   73   73   74   72   73   71   72
   69   70   67   68   65   67   64   65   63   65   63   65   63   65   63   65
   65   67   68   70   71   74   79   79   66                                   
    85.0-180.0 180.0   5.0 450.0                            LAT/LON1/LON2/DLON/H
   93   97  106  108  110  107  110  108  111  108  110  106  107  103  104  100
  101   97   98   94   96   93   95   92   95   93   96   95   96   97   98  100
   99  102  100  104  100  104  100  104   99  102   97   99   93   94   90   90
   86   85   82   82   79   78   76   76   74   75   74   76   75   78   78   80
   82   84   87   88   94   96  102   83   93                                   
    82.5-180.0 180.0   5.0 450.0                            LAT/LON1/LON2/DLON/H
   86  102  109  112  112  110  113  112  113  110  109  105  103   98   95   91
   88   85   83   81   79   79   78   80   80   83   82   87   86   93   92   99
   97  104  103  109  108  112  110  113  111  112  109  109  104  103   96   96
   89   88   81   80   73   73   66   67   61   63   58   61   58   62   61   66
   67   73   75   81   84   91   97   83   86                                   
    80.0-180.0 180.0   5.0 450.0                            LAT/LON1/LON2/DLON/H
   86   96  103  108  107  108  108  108  107  105  100   96   90   85   78   74
   68   65   59   59   55   57   54   58   57   62   62   68   69   76   78   86
   90   98  103  108  113  117  122  123  126  124  127  122  123  117  115  108
  105   97   94   84   81   73   70   63   60   55   54   52   52   52   53   56
   59   65   68   74   80   83   92   82   86                                   
    77.5-180.0 180.0   5.0 450.0                            LAT/LON1/LON2/DLON/H
   77   93  101  102  102  102  102  104  100   99   94   89   81   74   67   60
   54   48   45   41   40   41   42   45   48   52   56   60   66   71   78   83
   91   97  107  113  123  128  136  139  145  144  147  143  142  138  135  129
  125  117  112  103   97   88   83   74   69   61   59   54   55   52   56   55
   61   63   71   73   81   83   90   73   77                                   
    75.0-180.0 180.0   5.0 450.0                            LAT/LON1/LON2/DLON/H
   75   86   92   97   96   98   98   98   96   92   87   80   72   63   55   46
   39   34   29   28   26   30   30   37   37   45   47   55   57   66   70   80
   86   97  106  118  127  138  145  154  158  164  164  167  163  165  159  158
  149  146  136  129  120  110  102   91   82   72   66   61   57   56   56   59
   62   68   71   76   78   83   90   70   75                                   
    72.5-180.0 180.0   5.0 450.0                            LAT/LON1/LON2/DLON/H
   70   83   87   91   91   93   93   93   90   85   80   73   65   56   49   41
   36   31   30   29   30   33   37   40   44   48   53   56   60   64   70   76
   87   96  108  121  133  145  153  164  169  177  179  186  184  189  186  184
  178  173  167  156  148  134  126  113  103   92   82   74   70   66   66   66
   70   73   77   78   81   81   87   72   70                                   
    70.0-180.0 180.0   5.0 450.0                            LAT/LON1/LON2/DLON/H
   69   76   81   86   88   90   90   89   87   82   77   69   62   52   48   41
   37   35   36   38   40   46   48   54   55   59   60   63   62   66   70   75
   85   94  109  122  136  147  159  168  177  185  189  198  201  207  207  208
  204  199  191  181  169  156  144  132  121  108   98   88   82   76   75   74
   76   80   80   83   82   81   85   70   69                                   
    67.5-180.0 180.0   5.0 450.0                            LAT/LON1/LON2/DLON/H
   64   72   74   82   83   87   87   89   85   82   75   70   62   57   52   49
   48   49   51   55   59   64   69   71   72   72   71   71   69   69   72   75
   84   96  108  124  136  151  160  176  181  199  199  215  215  226  226  229
  225  221  214  203  189  175  159  145  131  119  106   96   87   81   77   76
   77   79   81   81   81   79   80   71   64                                   
    65.0-180.0 180.0   5.0 450.0                            LAT/LON1/LON2/DLON/H
   63   66   69   76   81   85   86   88   86   82   78   72   67   61   59   58
   58   61   64   70   74   80   83   86   86   85   82   79   75   74   73   77
   84   97  112  127  142  156  167  180  190  203  211  220  226  235  236  239
  238  233  227  215  202  187  171  155  141  126  115  101   93   83   79   75
   75   77   76   79   76   74   76   66   63                                   
    62.5-180.0 180.0   5.0 450.0                            LAT/LON1/LON2/DLON/H
   57   62   62   72   75   81   82   85   82   81   77   74   70   69   67   68
   68   73   76   82   86   90   93   94   92   91   84   82   73   74   70   77
   83   99  113  132  144  161  173  192  197  215  216  234  234  245  244  248
  245  238  233  222  209  193  177  162  148  133  118  104   91   81   73   70
   67   68   68   68   69   67   69   63   57                                   
    60.0-180.0 180.0   5.0 450.0                            LAT/LON1/LON2/DLON/H
   56   54   59   66   72   77   80   82   82   80   80   77   78   76   79   77
   78   77   81   82   87   88   92   91   92   87   83   77   74   73   71   78
   87  105  121  140  154  170  184  197  209  218  228  235  242  243  247  245
  244  236  231  219  209  193  182  165  153  138  124  107   94   80   72   67
   63   61   61   63   60   61   63   53   56                                   
    57.5-180.0 180.0   5.0 450.0                            LAT/LON1/LON2/DLON/H
   54   54   54   61   64   69   70   73   72   72   72   73   76   78   81   81
   81   79   79   80   82   83   84   83   81   78   72   71   65   69   71   82
   92  110  128  146  164  181  194  209  217  228  232  243  244  249  247  248
  243  237  229  221  210  199  188  177  164  149  135  118  103   87   75   66
   62   57   56   54   55   54   58   50   54                                   
    55.0-180.0 180.0   5.0 450.0                            LAT/LON1/LON2/DLON/H
   56   51   55   57   60   64   66   67   68   67   71   72   78   80   85   82
   83   75   76   70   73   70   74   70   70   66   66   63   65   69   78   90
  107  129  145  166  181  199  211  226  231  241  246  253  254  256  255  252
  249  242  237  227  218  207  200  190  181  168  154  138  121  105   89   77
   68   63   58   59   56   57   58   46   56                                   
    52.5-180.0 180.0   5.0 450.0                            LAT/LON1/LON2/DLON/H
   62   60   56   58   55   57   59   60   60   60   64   67   72   76   79   79
   77   72   69   65   62   58   60   61   62   60   60   61   65   74   87  103
  123  146  165  184  202  218  231  244  252  259  264  268  272  272  269  266
  260  255  249  241  231  222  214  206  200  188  176  161  146  127  111   94
   82   72   68   64   64   61   65   57   62                                   
    50.0-180.0 180.0   5.0 450.0                            LAT/LON1/LON2/DLON/H
   70   63   64   60   59   61   61   61   61   61   65   66   72   73   78   75
   74   69   66   57   57   47   57   52   63   58   61   63   71   81   96  120
  141  167  184  207  221  240  249  263  270  277  279  285  284  284  279  276
  272  267  262  251  243  232  226  218  214  205  196  184  169  153  134  117
  100   89   80   78   74   72   72   63   70                                   
    47.5-180.0 180.0   5.0 450.0                            LAT/LON1/LON2/DLON/H
   82   78   74   71   65   64   64   62   63   62   66   67   72   74   75   74
   72   66   66   58   59   53   60   60   67   64   66   70   80   93  110  133
  157  180  202  223  238  254  264  275  283  288  297  295  300  295  295  288
  286  280  276  266  256  244  234  224  220  212  206  196  185  169  150  131
  115  100   91   86   85   82   84   80   82                                   
    45.0-180.0 180.0   5.0 450.0                            LAT/LON1/LON2/DLON/H
   93   85   84   81   77   78   77   78   76   76   76   77   78   78   79   76
   75   72   72   68   70   69   78   80   79   78   75   81   89  106  122  147
  167  193  212  238  251  270  278  291  296  306  309  312  309  308  303  300
  297  291  287  275  264  249  236  225  218  213  207  203  191  179  159  143
  124  110   96   93   89   87   90   90   93                                   
    42.5-180.0 180.0   5.0 450.0                            LAT/LON1/LON2/DLON/H
  105   97   94   93   88   88   88   87   88   86   88   86   87   86   85   82
   81   79   82   83   88   90   93   94   93   89   89   93  102  117  131  151
  172  196  220  246  261  280  289  302  309  316  321  320  320  315  312  307
  305  300  295  283  271  253  236  221  212  206  200  195  186  174  158  140
  122  109   95   93   92   89   96  102  105                                   
    40.0-180.0 180.0   5.0 450.0                            LAT/LON1/LON2/DLON/H
  103   99   98  101   98  103  101  107  103  106  103  103  101   97   95   92
   91   94   95  102  102  110  107  111  103  103   97  107  112  129  138  157
  171  200  221  251  269  292  302  317  323  329  331  332  328  326  320  319
  315  310  303  291  276  258  237  222  209  203  194  191  178  170  151  137
  117  104   90   89   85   86   93  102  103                                   
    37.5-180.0 180.0   5.0 450.0                            LAT/LON1/LON2/DLON/H
  104   99  102  108  105  111  110  114  113  115  112  113  110  109  104  102
  102  104  110  114  119  122  122  121  115  111  108  114  121  134  142  156
  171  197  224  257  277  302  313  329  335  338  342  340  338  335  332  331
  328  323  315  305  290  269  249  230  217  208  199  192  179  168  149  133
  115  102   89   85   83   81   88  102  104                                   
    35.0-180.0 180.0   5.0 450.0                            LAT/LON1/LON2/DLON/H
   95   91   97  106  107  116  114  122  117  125  120  124  120  120  114  114
  112  118  120  127  128  131  129  127  120  117  114  124  132  146  152  166
  178  204  231  267  291  318  331  346  352  356  359  358  355  353  353  354
  354  350  345  335  321  300  280  261  248  239  228  222  204  190  166  148
  130  116  100   96   86   84   84   93   95                                   
    32.5-180.0 180.0   5.0 450.0                            LAT/LON1/LON2/DLON/H
   91   90   95  104  104  113  112  117  115  121  118  124  120  123  117  120
  119  123  129  133  135  133  131  125  120  118  118  129  139  155  161  182
  192  221  247  289  309  338  348  364  370  376  380  380  380  380  382  385
  386  383  377  372  362  348  327  309  294  286  275  264  247  227  201  183
  165  150  136  123  110   96   91   93   91                                   
    30.0-180.0 180.0   5.0 450.0                            LAT/LON1/LON2/DLON/H
   87   83   87   92   93  101  101  106  106  112  114  121  121  124  122  123
  123  128  134  137  136  132  128  122  119  117  121  137  153  171  186  204
  223  247  277  315  340  365  376  387  394  400  408  410  416  420  425  430
  433  429  430  424  424  413  401  386  373  364  347  334  312  288  263  244
  226  210  191  172  152  127  114  100   87                                   
    27.5-180.0 180.0   5.0 450.0                            LAT/LON1/LON2/DLON/H
   99   96   91   94   93   97   96   98   98  102  105  112  116  121  121  122
  125  127  135  133  136  127  124  119  115  118  125  145  163  188  211  233
  258  283  312  357  377  403  406  421  421  432  439  444  454  460  470  474
  482  479  483  477  483  471  465  452  446  436  428  412  393  362  336  316
  305  287  271  238  207  171  149  124   99                                   
    25.0-180.0 180.0   5.0 450.0                            LAT/LON1/LON2/DLON/H
  113  110  101   98   93   95   90   93   92   98  101  109  113  119  120  122
  125  128  134  132  130  124  121  116  117  120  134  152  180  211  245  270
  301  318  349  388  413  435  442  454  456  464  478  483  499  511  530  540
  547  552  558  561  568  565  562  557  552  547  535  521  488  461  426  408
  392  377  352  311  272  227  194  171  113                                   
    22.5-180.0 180.0   5.0 450.0                            LAT/LON1/LON2/DLON/H
  150  147  129  123  112  108  100   98   98  100  104  109  114  117  120  121
  124  127  131  129  128  122  120  120  120  128  140  161  194  234  279  304
  335  353  381  422  445  470  469  488  490  508  521  536  553  571  589  605
  617  624  634  640  647  641  640  636  634  633  625  612  586  554  515  500
  485  474  443  401  346  294  251  225  150                                   
    20.0-180.0 180.0   5.0 450.0                            LAT/LON1/LON2/DLON/H
  197  195  173  156  142  129  116  109  105  107  108  113  114  116  116  116
  121  121  127  124  125  122  122  123  128  131  145  172  215  257  304  326
  354  376  404  445  470  493  497  516  525  543  562  580  601  624  655  673
  688  695  694  696  697  702  698  698  699  703  696  680  649  617  588  572
  559  548  521  476  423  367  319  280  197                                   
    17.5-180.0 180.0   5.0 450.0                            LAT/LON1/LON2/DLON/H
  261  250  221  206  185  168  148  134  124  121  119  118  119  117  117  113
  117  117  122  123  123  124  122  129  129  135  149  180  231  270  313  333
  361  388  421  462  486  511  516  541  553  580  596  621  639  665  692  715
  724  720  723  721  721  721  719  716  718  720  717  704  679  651  621  604
  587  579  549  517  478  427  383  332  261                                   
    15.0-180.0 180.0   5.0 450.0                            LAT/LON1/LON2/DLON/H
  308  307  275  250  232  206  185  167  154  143  136  127  125  116  114  108
  109  107  115  113  119  121  125  128  132  142  166  190  239  271  313  336
  369  403  443  482  504  527  540  563  583  608  630  648  672  694  717  728
  732  726  727  723  723  720  717  711  711  710  709  700  681  655  625  606
  586  576  551  520  485  463  424  375  308                                   
    12.5-180.0 180.0   5.0 450.0                            LAT/LON1/LON2/DLON/H
  339  340  306  285  261  238  212  194  175  168  152  141  134  120  119  108
  110  105  111  111  119  121  126  129  137  147  171  203  245  276  310  340
  373  419  460  498  513  536  549  577  597  628  644  669  685  706  718  722
  722  715  709  705  696  694  684  682  676  680  676  671  652  626  594  572
  546  533  507  481  462  449  434  389  339                                   
    10.0-180.0 180.0   5.0 450.0                            LAT/LON1/LON2/DLON/H
  346  352  328  306  288  258  238  212  200  183  170  152  144  128  122  108
  109  102  110  106  119  115  129  132  151  156  184  208  251  279  313  345
  382  430  469  501  518  541  560  585  610  636  661  680  697  704  706  702
  698  686  681  672  665  662  657  652  647  648  646  638  618  589  548  520
  490  474  450  434  420  419  426  386  346                                   
     7.5-180.0 180.0   5.0 450.0                            LAT/LON1/LON2/DLON/H
  345  348  326  313  295  267  241  219  205  193  178  164  151  137  130  115
  105   99  104  110  123  121  133  136  149  161  187  227  265  291  319  349
