data/unet/pred1640.15i
     1.0            IONOSPHERE MAPS     GNSS                IONEX VERSION / TYPE
pyspatialgeodesy        IME             05-JAN-18 20:20     PGM / RUN BY / DATE 
Map Name                                                    COMMENT             
Predicted global ionosphere maps (GIM).                     DESCRIPTION         
  2015     6    13     0     0     0                        EPOCH OF FIRST MAP  
  2015     6    14     0     0     0                        EPOCH OF LAST MAP   
  7200                                                      INTERVAL            
    13                                                      # OF MAPS IN FILE   
  NONE                                                      MAPPING FUNCTION    
10.0                                                        ELEVATION CUTOFF    
One-way carrier phase leveled to code                       OBSERVABLES USED    
  6371.0                                                    BASE RADIUS         
 2                                                          MAP DIMENSION       
   450.0 450.0   0.0                                        HGT1 / HGT2 / DHGT  
    87.5 -87.5  -2.5                                        LAT1 / LAT2 / DLAT  
  -180.0 180.0   5.0                                        LON1 / LON2 / DLON  
    -1                                                      EXPONENT            
                                                            END OF HEADER       
[from data line 4719]
    12                                                      START OF TEC MAP    
  2015     6    13    22     0     0                        EPOCH OF CURRENT MAP
    87.5-180.0 180.0   5.0 450.0                            LAT/LON1/LON2/DLON/H
  228  192  182  183  181  182  181  182  181  182  181  183  182  183  182  183
  182  182  182  181  180  179  178  177  176  175  174  173  172  172  171  170
  169  169  168  167  166  166  165  166  165  165  165  166  166  167  167  168
  168  169  169  171  171  173  172  174  174  176  176  177  178  179  179  181
  182  183  183  183  181  181  187  207  228                                   
    85.0-180.0 180.0   5.0 450.0                            LAT/LON1/LON2/DLON/H
  208  195  195  197  195  194  195  195  196  196  197  197  198  197  198  197
  197  195  195  194  193  191  190  188  187  185  184  182  181  179  178  177
  175  174  173  172  171  170  169  169  168  168  168  169  169  170  170  172
  173  174  175  177  177  180  180  182  183  184  185  186  188  188  189  190
  192  192  193  191  192  187  191  212  208                                   
    82.5-180.0 180.0   5.0 450.0                            LAT/LON1/LON2/DLON/H
  213  202  201  204  201  204  203  206  205  208  206  209  207  209  207  208
  205  206  203  203  200  199  195  194  191  190  186  186  182  181  177  177
  173  173  170  169  167  166  164  165  163  164  164  166  165  168  168  171
  172  175  175  179  180  183  184  187  188  191  191  194  194  197  196  199
  200  202  201  202  199  199  199  219  213                                   
    80.0-180.0 180.0   5.0 450.0                            LAT/LON1/LON2/DLON/H
  221  209  207  205  207  206  210  209  213  211  216  214  217  215  217  214
  215  211  212  208  208  204  203  198  198  193  193  188  187  182  182  176
  177  171  172  167  169  164  166  162  165  161  165  163  167  166  171  170
  176  175  180  180  185  185  190  190  194  193  197  197  201  200  203  203
  207  206  209  205  206  201  200  217  221                                   
    77.5-180.0 180.0   5.0 450.0                            LAT/LON1/LON2/DLON/H
  222  212  207  205  207  209  213  214  218  219  222  223  225  224  225  224
  223  221  220  217  215  212  210  206  204  200  199  195  193  189  187  184
  182  179  177  174  173  171  170  169  169  169  170  171  173  175  177  180
  183  185  188  190  193  195  197  199  202  203  205  206  208  208  210  211
  213  213  215  212  211  208  207  221  222                                   
    75.0-180.0 180.0   5.0 450.0                            LAT/LON1/LON2/DLON/H
  223  213  209  207  209  211  216  217  223  223  229  228  232  230  233  230
  230  226  226  222  221  217  216  212  210  205  204  199  198  193  193  188
  188  184  184  180  180  177  178  175  177  175  178  177  181  181  185  186
  191  191  196  196  200  199  204  203  207  206  210  209  214  211  215  213
  218  216  220  214  215  210  208  221  223                                   
    72.5-180.0 180.0   5.0 450.0                            LAT/LON1/LON2/DLON/H
  224  218  211  209  210  214  218  221  225  229  233  237  238  240  238  238
  235  233  230  228  225  222  219  216  213  209  207  204  200  199  196  195
  192  192  189  189  186  186  184  184  182  184  183  185  186  189  191  195
  196  199  200  203  204  206  207  209  210  211  213  215  217  217  218  219
  220  222  223  221  219  216  215  228  224                                   
    70.0-180.0 180.0   5.0 450.0                            LAT/LON1/LON2/DLON/H
  230  221  215  213  215  217  221  224  230  233  240  242  246  245  246  243
  242  237  236  231  230  225  223  218  216  210  208  204  202  200  199  197
  197  195  196  193  193  190  190  187  188  186  187  186  189  190  194  195
  199  199  203  202  206  205  208  208  211  211  214  214  219  217  221  220
  225  224  229  223  225  220  219  229  230                                   
    67.5-180.0 180.0   5.0 450.0                            LAT/LON1/LON2/DLON/H
  235  228  221  218  218  221  224  228  233  239  244  250  251  254  252  251
  248  245  241  237  234  230  227  222  218  212  209  205  203  202  201  201
  200  200  199  198  196  195  192  191  189  189  186  188  187  190  191  194
  195  199  199  202  202  205  205  208  209  213  214  218  220  222  223  225
  227  229  231  230  228  226  224  237  235                                   
    65.0-180.0 180.0   5.0 450.0                            LAT/LON1/LON2/DLON/H
  246  235  231  227  227  228  230  233  239  243  252  254  261  260  262  258
  256  250  249  242  241  234  233  226  223  215  213  207  207  203  205  204
  205  203  204  201  200  196  195  191  190  186  187  184  185  184  188  188
  191  192  195  195  197  198  201  202  207  209  214  216  222  221  226  225
  231  230  237  232  236  231  232  241  246                                   
    62.5-180.0 180.0   5.0 450.0                            LAT/LON1/LON2/DLON/H
  254  247  241  236  234  234  235  238  242  249  254  261  265  268  267  266
  262  258  254  250  247  242  239  232  228  221  217  213  211  210  210  211
  211  210  208  205  202  199  195  193  189  188  184  183  180  181  180  183
  183  186  186  189  189  193  194  199  203  209  213  218  222  225  227  230
  232  235  238  238  239  240  239  251  254                                   
    60.0-180.0 180.0   5.0 450.0                            LAT/LON1/LON2/DLON/H
  265  257  254  247  246  243  244  244  249  251  261  262  271  269  274  269
  270  263  263  255  256  248  247  238  236  227  225  218  220  216  221  218
  221  216  216  208  206  198  197  192  191  186  185  180  179  175  176  174
  176  176  178  178  181  183  187  192  199  204  212  216  223  224  229  228
  234  234  241  238  245  242  247  258  265                                   
    57.5-180.0 180.0   5.0 450.0                            LAT/LON1/LON2/DLON/H
  271  265  264  261  255  254  252  253  253  258  261  266  269  272  274  273
  272  269  266  262  260  255  252  246  242  236  232  229  228  229  230  231
  230  227  222  215  208  203  199  196  193  191  186  183  177  175  171  171
  169  171  169  172  171  177  179  188  194  204  211  218  223  227  229  231
  234  237  241  243  247  250  253  266  271                                   
    55.0-180.0 180.0   5.0 450.0                            LAT/LON1/LON2/DLON/H
  280  274  278  273  271  266  265  262  263  262  266  264  271  269  276  272
  275  269  271  264  266  260  260  253  251  244  243  238  240  239  243  240
  242  234  230  219  215  206  204  199  199  194  192  184  180  173  170  166
  166  164  163  162  164  166  172  180  192  200  212  218  226  226  232  231
  238  236  244  241  250  248  255  270  280                                   
    52.5-180.0 180.0   5.0 450.0                            LAT/LON1/LON2/DLON/H
  284  282  287  286  283  281  278  277  274  272  270  270  271  272  274  274
  273  271  269  267  266  264  263  261  258  255  252  251  250  252  252  251
  248  241  235  226  218  213  209  208  205  203  196  192  182  178  170  168
  164  163  158  159  155  161  164  177  187  201  211  221  227  231  234  237
  242  243  247  247  252  255  259  276  284                                   
    50.0-180.0 180.0   5.0 450.0                            LAT/LON1/LON2/DLON/H
  292  289  299  298  300  297  298  293  291  285  282  276  277  274  278  273
  276  269  271  266  270  267  270  267  269  264  264  260  262  259  260  255
  253  244  239  229  225  218  217  214  213  208  204  195  188  179  175  169
  166  161  158  153  152  153  159  170  186  199  214  222  232  234  241  243
  252  250  258  253  261  258  264  282  292                                   
    47.5-180.0 180.0   5.0 450.0                            LAT/LON1/LON2/DLON/H
  298  300  309  311  314  317  318  317  312  305  297  291  288  285  284  280
  277  272  271  269  271  271  274  275  275  274  272  271  269  267  265  261
  257  249  242  235  231  227  225  225  222  218  210  203  193  187  180  176
  170  167  160  156  151  154  157  172  186  203  217  229  237  243  250  255
  263  264  270  268  272  270  274  292  298                                   
    45.0-180.0 180.0   5.0 450.0                            LAT/LON1/LON2/DLON/H
  310  312  323  324  333  336  342  339  336  326  318  308  305  297  297  286
  284  275  276  270  276  275  282  280  285  280  283  276  278  270  271  263
  261  252  249  242  241  237  238  235  233  225  219  209  202  193  188  182
  179  172  167  159  156  154  160  171  189  204  222  232  246  250  263  266
  280  279  289  281  290  281  288  303  310                                   
    42.5-180.0 180.0   5.0 450.0                            LAT/LON1/LON2/DLON/H
  323  331  337  340  348  356  364  365  362  354  345  335  328  320  313  302
  296  286  284  281  286  286  292  292  296  293  294  288  286  279  275  269
  265  260  258  254  254  252  252  248  244  236  228  219  211  204  199  194
  189  184  177  171  165  165  168  179  195  212  229  244  255  265  275  285
  299  301  307  302  306  302  306  320  323                                   
    40.0-180.0 180.0   5.0 450.0                            LAT/LON1/LON2/DLON/H
  344  345  357  355  368  372  385  385  389  380  374  365  357  347  337  320
  311  298  297  292  301  299  308  304  311  302  306  295  296  284  283  274
  275  269  272  268  271  268  269  261  258  246  240  230  226  218  216  208
  206  197  192  182  178  173  178  185  202  216  237  249  265  274  290  298
  318  317  328  321  327  319  329  335  344                                   
    37.5-180.0 180.0   5.0 450.0                            LAT/LON1/LON2/DLON/H
  362  370  377  378  385  394  405  409  413  410  405  399  389  381  363  346
  328  316  315  313  320  322  329  326  330  324  323  315  310  299  294  287
  286  284  286  286  290  287  285  276  271  259  254  245  242  236  233  227
  221  213  207  197  191  185  187  194  208  223  242  259  274  287  302  315
  332  335  343  341  345  344  348  351  362                                   
    35.0-180.0 180.0   5.0 450.0                            LAT/LON1/LON2/DLON/H
  385  390  403  398  411  413  428  429  439  436  438  431  424  411  393  372
  353  337  333  332  344  343  353  347  352  342  343  330  328  311  310  298
  303  296  303  302  308  305  305  295  289  274  272  263  264  255  254  243
  239  226  221  208  203  195  195  199  211  223  242  258  277  291  309  321
  340  343  355  353  361  359  366  364  385                                   
    32.5-180.0 180.0   5.0 450.0                            LAT/LON1/LON2/DLON/H
  401  413  422  426  434  440  451  455  465  465  469  465  457  445  425  402
  380  363  357  360  370  375  381  377  379  370  367  354  349  334  328  319
  318  312  315  315  318  318  317  309  305  293  292  285  286  279  273  261
  251  238  229  218  211  202  200  201  211  222  239  258  277  295  313  327
  345  352  361  364  371  375  380  379  401                                   
    30.0-180.0 180.0   5.0 450.0                            LAT/LON1/LON2/DLON/H
  418  428  440  444  458  459  471  473  485  487  497  494  492  477  457  432
  408  390  381  383  394  396  405  399  400  388  384  368  362  344  340  327
  326  317  321  320  323  322  323  316  314  306  307  301  304  294  288  269
  258  239  230  216  209  199  196  195  202  213  230  248  272  292  312  326
  344  351  364  367  376  382  392  390  418                                   
    27.5-180.0 180.0   5.0 450.0                            LAT/LON1/LON2/DLON/H
  424  440  451  463  473  482  491  495  506  513  524  526  523  512  491  466
  438  419  407  408  415  419  423  419  415  404  396  381  373  356  348  333
  326  316  314  313  312  312  311  311  312  311  316  315  316  305  295  273
  256  235  223  209  202  192  186  181  187  195  213  232  260  284  307  324
  342  352  365  371  380  388  398  398  424                                   
    25.0-180.0 180.0   5.0 450.0                            LAT/LON1/LON2/DLON/H
  430  444  460  471  490  498  511  514  527  536  550  556  554  547  528  503
  474  452  438  433  436  434  437  429  422  407  397  381  373  356  347  327
  317  304  300  295  294  289  290  289  296  299  308  308  308  296  285  261
  243  220  208  193  184  175  171  169  173  181  197  216  244  271  298  318
  337  350  362  371  379  388  400  402  430                                   
    22.5-180.0 180.0   5.0 450.0                            LAT/LON1/LON2/DLON/H
  426  444  463  483  501  520  531  539  552  564  579  588  588  580  564  542
  514  489  470  461  460  455  452  440  428  410  398  381  372  352  337  314
  298  283  274  264  258  248  246  249  262  272  284  285  285  274  261  240
  222  203  190  174  166  159  158  156  159  166  181  198  226  256  285  312
  333  351  363  374  381  389  398  404  426                                   
    20.0-180.0 180.0   5.0 450.0                            LAT/LON1/LON2/DLON/H
  427  442  465  484  509  528  546  556  569  583  602  614  617  612  597  579
  554  527  504  487  483  472  465  445  428  406  392  374  363  341  322  293
  277  256  248  229  223  208  210  211  229  240  253  253  252  239  228  211
  200  182  171  156  150  145  146  146  149  156  168  185  213  242  278  306
  333  351  363  374  380  387  396  404  427                                   
    17.5-180.0 180.0   5.0 450.0                            LAT/LON1/LON2/DLON/H
  422  441  463  484  506  527  545  561  576  594  614  630  635  634  623  611
  588  562  536  514  502  487  472  449  426  399  382  361  348  323  298  270
  250  228  215  197  184  171  170  174  191  201  212  210  207  196  189  178
  171  158  151  140  137  135  138  140  144  146  157  172  200  234  270  302
  333  352  366  375  381  387  394  404  422                                   
    15.0-180.0 180.0   5.0 450.0                            LAT/LON1/LON2/DLON/H
  423  437  457  473  494  512  532  549  567  588  609  627  635  642  634  627
  609  587  560  535  518  496  477  446  420  388  369  346  330  301  279  248
  230  202  194  173  166  152  154  157  170  175  181  176  172  163  160  156
  155  146  141  132  131  131  133  138  140  144  151  167  194  229  269  303
  337  355  368  377  381  386  398  407  423                                   
    12.5-180.0 180.0   5.0 450.0                            LAT/LON1/LON2/DLON/H
  421  436  446  463  476  491  508  526  545  565  587  606  619  630  630  630
  619  603  581  557  534  509  481  447  417  382  359  335  315  288  264  236
  218  196  188  173  165  155  153  154  159  159  159  150  144  137  137  138
  139  134  132  124  126  125  130  130  136  137  146  159  186  224  263  303
  335  356  370  377  384  392  403  415  421                                   
    10.0-180.0 180.0   5.0 450.0                            LAT/LON1/LON2/DLON/H
  428  440  447  450  464  472  489  503  522  542  561  580  592  609  612  619
  613  605  585  566  543  514  485  444  413  375  353  325  307  278  259  232
  221  202  199  186  182  174  172  170  168  163  155  143  134  130  132  133
  136  131  128  121  123  122  124  126  128  132  139  153  179  217  261  301
  337  356  373  380  388  398  417  425  428                                   
     7.5-180.0 180.0   5.0 450.0                            LAT/LON1/LON2/DLON/H
  443  462  456  462  464  472  481  491  505  520  536  551  563  577  585  596
  599  596  584  568  547  517  484  444  410  374  348  320  301  275  258  241
