data/unet/pred2390.15i
     1.0            IONOSPHERE MAPS     GNSS                IONEX VERSION / TYPE
pyspatialgeodesy        IME             05-JAN-18 20:20     PGM / RUN BY / DATE 
Map Name                                                    COMMENT             
Predicted global ionosphere maps (GIM).                     DESCRIPTION         
  2015     8    27     0     0     0                        EPOCH OF FIRST MAP  
  2015     8    28     0     0     0                        EPOCH OF LAST MAP   
  7200                                                      INTERVAL            
    13                                                      # OF MAPS IN FILE   
  NONE                                                      MAPPING FUNCTION    
10.0                                                        ELEVATION CUTOFF    
One-way carrier phase leveled to code                       OBSERVABLES USED    
  6371.0                                                    BASE RADIUS         
 2                                                          MAP DIMENSION       
   450.0 450.0   0.0                                        HGT1 / HGT2 / DHGT  
    87.5 -87.5  -2.5                                        LAT1 / LAT2 / DLAT  
  -180.0 180.0   5.0                                        LON1 / LON2 / DLON  
    -1                                                      EXPONENT            
                                                            END OF HEADER       
[from data line 2574]
     7                                                      START OF TEC MAP    
  2015     8    27    12     0     0                        EPOCH OF CURRENT MAP
    87.5-180.0 180.0   5.0 450.0                            LAT/LON1/LON2/DLON/H
  111  115  115  116  116  116  117  117  118  118  119  118  119  118  118  118
  118  118  118  118  118  117  117  117  117  116  116  116  115  114  113  113
  111  111  109  109  107  106  104  104  103  103  102  102  101  101  100  101
  100  101  100  102  102  102  102  103  104  105  105  106  107  107  107  108
  108  109  110  110  110  108  118  106  111                                   
    85.0-180.0 180.0   5.0 450.0                            LAT/LON1/LON2/DLON/H
  110  111  110  108  112  110  115  113  117  115  117  115  117  114  115  112
  113  111  112  111  112  112  113  113  113  114  114  114  114  113  113  112
  112  110  110  107  106  103  102  100   99   97   96   95   95   95   95   95
   96   96   97   98   98   99   99  100  101  101  102  102  103  102  104  103
  104  103  105  104  105  106  113  116  110                                   
    82.5-180.0 180.0   5.0 450.0                            LAT/LON1/LON2/DLON/H
  103  103  107  108  109  109  110  109  111  109  111  108  110  106  108  104
  107  104  106  104  107  106  109  108  111  110  114  112  115  112  115  112
  113  110  109  106  105  101   99   96   95   92   92   91   91   91   91   92
   94   95   96   97   99   98   99   99  100   99  100   99  100   98   99   98
   98   97  100   98   98   97   98  100  103                                   
    80.0-180.0 180.0   5.0 450.0                            LAT/LON1/LON2/DLON/H
   94   92   98  101  103  102  106  105  108  107  107  107  106  107  105  106
  104  105  103  104  104  106  107  108  109  110  111  112  112  112  113  112
  112  109  109  106  104  100   98   94   93   88   90   87   90   88   92   92
   97   96  100  100  103  101  103  101  103  100  102   98   99   95   96   93
   94   91   93   91   91   88   89   93   94                                   
    77.5-180.0 180.0   5.0 450.0                            LAT/LON1/LON2/DLON/H
   86   88   87   92   93   96   97   99   98   99   97   98   95   97   95   97
   95   97   96   99   98  101  100  104  102  106  105  109  107  110  109  111
  109  110  107  105  100   98   94   91   88   86   85   86   86   89   91   95
   97  102  104  106  106  108  107  107  104  104  101  100   96   94   92   90
   87   86   85   84   82   80   81   85   86                                   
    75.0-180.0 180.0   5.0 450.0                            LAT/LON1/LON2/DLON/H
   80   79   80   86   85   87   89   90   89   89   87   88   85   86   85   87
   86   88   89   89   91   91   93   93   94   95   98   99  101  103  106  107
  108  108  107  105  100   98   93   91   87   88   86   90   89   96   97  104
  105  110  111  114  113  115  113  112  110  107  105  101   98   94   91   87
   83   81   79   77   75   74   75   80   80                                   
    72.5-180.0 180.0   5.0 450.0                            LAT/LON1/LON2/DLON/H
   76   77   75   77   78   80   80   80   79   78   78   77   77   76   77   77
   78   80   79   83   82   86   83   86   84   88   87   91   93   98  101  104
  106  109  107  107  102  102   95   94   91   92   92   95   99  103  107  111
  115  118  120  120  121  120  119  116  114  110  108  103  100   95   91   86
   82   78   76   73   73   69   72   76   76                                   
    70.0-180.0 180.0   5.0 450.0                            LAT/LON1/LON2/DLON/H
   74   72   72   73   73   73   75   73   72   71   71   70   70   70   72   72
   73   75   77   78   80   80   81   79   79   78   80   80   85   88   96   99
  104  107  108  107  105  104   99   98   96  100  100  106  109  116  118  123
  124  127  125  125  123  121  119  115  113  109  107  102  100   95   92   85
   81   77   74   71   71   68   69   72   74                                   
    67.5-180.0 180.0   5.0 450.0                            LAT/LON1/LON2/DLON/H
   72   71   68   69   70   69   68   67   67   66   67   65   68   67   70   69
   72   72   74   76   76   79   77   77   74   74   73   73   77   81   89   95
  102  106  109  110  109  107  104  104  104  107  111  116  121  125  128  130
  131  130  127  124  121  116  113  110  107  105  104  101  100   96   93   87
   83   78   76   71   71   66   68   69   72                                   
    65.0-180.0 180.0   5.0 450.0                            LAT/LON1/LON2/DLON/H
   72   69   67   67   66   64   65   62   63   61   63   62   65   65   68   68
   70   72   74   76   76   78   77   77   74   72   70   70   72   77   85   93
  100  107  110  112  112  112  110  111  112  118  121  128  131  136  136  137
  135  133  128  123  119  114  110  106  106  103  104  101  102   99   97   92
   88   83   80   75   74   71   69   70   72                                   
    62.5-180.0 180.0   5.0 450.0                            LAT/LON1/LON2/DLON/H
   70   69   64   64   63   61   60   58   57   56   58   59   63   64   68   68
   71   71   72   73   74   76   74   76   71   71   65   67   67   73   79   88
   97  104  107  112  112  113  113  116  120  125  131  137  140  143  141  142
  137  133  126  121  115  110  106  103  102  102  103  103  104  102  100   96
   90   86   81   76   75   71   70   69   70                                   
    60.0-180.0 180.0   5.0 450.0                            LAT/LON1/LON2/DLON/H
   70   66   63   62   60   57   58   53   53   51   54   55   59   61   65   66
   69   68   70   71   72   76   75   78   74   73   69   70   70   75   81   91
   98  107  110  117  116  120  119  126  129  137  141  148  149  150  146  145
  139  135  128  123  117  113  109  107  106  106  108  109  110  109  107  103
   98   91   87   80   78   74   70   70   70                                   
    57.5-180.0 180.0   5.0 450.0                            LAT/LON1/LON2/DLON/H
   67   67   61   61   58   56   54   51   49   47   49   50   55   57   63   64
   67   66   69   69   71   73   74   78   74   76   71   75   73   80   84   95
  100  109  112  119  119  123  125  131  137  144  150  155  156  156  151  149
  142  139  132  130  124  122  118  117  116  117  118  120  119  119  114  110
  102   97   89   82   79   73   70   68   67                                   
    55.0-180.0 180.0   5.0 450.0                            LAT/LON1/LON2/DLON/H
   67   64   61   60   57   55   53   48   46   42   44   44   48   51   56   58
   61   60   63   63   66   70   72   80   78   83   79   84   82   90   92  103
  106  117  117  127  126  134  134  144  147  157  160  165  164  163  156  154
  147  146  140  140  135  136  131  133  129  132  130  132  129  128  121  117
  106  101   91   83   78   73   70   70   67                                   
    52.5-180.0 180.0   5.0 450.0                            LAT/LON1/LON2/DLON/H
   66   67   62   63   60   58   54   50   46   41   41   40   44   45   51   53
   57   57   60   62   65   70   74   80   82   87   87   90   91   96  100  109
  113  122  125  133  135  142  146  155  158  166  168  173  171  169  163  159
  155  154  152  153  152  152  149  148  146  146  145  145  141  139  131  124
  112  104   94   85   81   73   72   69   66                                   
    50.0-180.0 180.0   5.0 450.0                            LAT/LON1/LON2/DLON/H
   69   67   63   64   63   61   58   53   48   42   39   37   39   39   44   46
   51   53   57   61   65   71   76   84   88   95   94  100  100  106  108  117
  120  130  134  144  147  156  158  168  170  178  180  183  181  178  172  170
  165  168  165  170  167  169  164  164  159  161  157  157  152  147  138  130
  118  110   99   90   84   76   74   72   69                                   
    47.5-180.0 180.0   5.0 450.0                            LAT/LON1/LON2/DLON/H
   71   72   68   70   69   68   64   60   53   47   42   38   38   37   41   43
   48   52   58   64   69   74   80   88   94  100  101  106  106  112  114  123
  128  138  144  154  160  170  173  182  184  192  192  193  191  187  183  180
  179  180  180  181  182  179  176  172  170  169  167  166  161  156  147  138
  126  116  106   96   90   80   79   75   71                                   
    45.0-180.0 180.0   5.0 450.0                            LAT/LON1/LON2/DLON/H
   76   76   72   75   75   74   73   67   62   54   50   43   41   37   40   41
   47   53   61   68   74   80   85   94   99  106  106  112  111  117  119  127
  133  145  152  165  172  185  187  197  198  205  204  206  202  200  196  195
  191  193  189  189  185  183  176  176  172  174  171  171  166  161  152  143
  133  126  114  104   97   88   84   82   76                                   
    42.5-180.0 180.0   5.0 450.0                            LAT/LON1/LON2/DLON/H
   79   81   78   79   80   81   78   75   70   65   59   53   49   45   43   45
   50   57   66   74   81   86   92   99  105  111  112  116  115  119  121  129
  136  148  161  173  186  196  204  211  215  218  220  217  215  211  209  205
  203  200  195  191  185  179  173  173  170  173  171  173  168  166  156  150
  141  133  124  113  106   95   92   89   79                                   
    40.0-180.0 180.0   5.0 450.0                            LAT/LON1/LON2/DLON/H
   87   84   80   84   85   84   86   82   81   74   72   63   60   51   50   47
   54   59   71   79   87   94   99  106  110  117  117  121  119  125  125  135
  142  158  168  185  195  211  216  226  229  235  235  235  231  230  226  224
  216  212  200  194  183  179  172  174  171  176  175  176  172  169  161  156
  147  142  132  121  113  104   98   96   87                                   
    37.5-180.0 180.0   5.0 450.0                            LAT/LON1/LON2/DLON/H
   91   90   85   85   86   86   87   85   85   83   81   77   71   64   59   57
   58   66   76   86   93  101  104  111  114  120  121  125  123  127  129  138
  149  163  180  194  211  223  234  239  245  249  252  250  248  245  242  239
  232  224  210  200  192  185  180  179  179  183  183  184  178  176  167  162
  155  149  141  128  121  110  103  102   91                                   
    35.0-180.0 180.0   5.0 450.0                            LAT/LON1/LON2/DLON/H
   99   91   86   86   86   84   87   84   88   86   89   84   83   73   70   62
   65   69   82   91   99  107  111  116  119  125  126  131  129  136  138  149
  159  177  189  209  222  244  247  260  260  270  268  271  265  265  261  258
  250  241  225  217  207  203  196  197  196  200  197  194  187  181  171  165
  157  153  143  133  123  116  109  109   99                                   
    32.5-180.0 180.0   5.0 450.0                            LAT/LON1/LON2/DLON/H
  102   98   88   86   85   82   83   81   85   85   90   90   89   83   78   72
   71   75   85   97  105  113  115  121  122  129  131  136  137  143  148  159
  172  187  205  223  244  261  271  279  284  288  290  290  288  286  282  279
  271  260  250  241  238  233  233  231  234  231  228  219  209  196  186  176
  166  158  149  136  126  117  113  112  102                                   
    30.0-180.0 180.0   5.0 450.0                            LAT/LON1/LON2/DLON/H
  108  100   91   88   87   82   81   78   81   81   87   87   92   87   84   76
   77   77   89  100  109  117  120  123  126  133  137  145  147  156  161  173
  184  203  219  245  265  286  290  303  303  310  307  311  306  307  303  302
  297  293  288  285  283  280  276  275  273  271  261  248  232  215  200  185
  173  163  152  140  130  125  120  118  108                                   
    27.5-180.0 180.0   5.0 450.0                            LAT/LON1/LON2/DLON/H
  115  109   96   93   88   84   81   78   78   78   82   85   90   90   88   82
   80   82   92  105  113  123  123  128  128  137  141  151  157  167  176  189
  203  221  244  269  290  305  314  324  325  331  329  334  332  332  332  332
  333  331  334  333  335  331  328  324  318  307  294  278  261  238  218  199
  185  171  160  147  138  132  129  122  115                                   
    25.0-180.0 180.0   5.0 450.0                            LAT/LON1/LON2/DLON/H
  124  118  103   99   94   88   85   79   79   76   79   80   86   87   89   84
   84   88  100  111  121  128  129  131  131  141  145  159  165  179  188  206
  222  244  269  296  311  330  336  349  348  355  353  356  354  355  357  363
  369  377  383  389  389  387  380  376  361  349  324  304  281  257  231  209
  190  175  163  153  144  140  140  132  124                                   
    22.5-180.0 180.0   5.0 450.0                            LAT/LON1/LON2/DLON/H
  137  129  114  112  105   97   92   85   81   77   76   78   82   85   88   85
   87   90  102  115  124  132  131  135  133  142  149  163  175  191  205  225
  243  268  293  318  336  352  360  372  373  381  378  383  380  384  388  396
  406  414  428  434  440  436  430  418  401  376  351  322  298  271  246  220
  200  181  169  158  151  147  151  137  137                                   
    20.0-180.0 180.0   5.0 450.0                            LAT/LON1/LON2/DLON/H
  148  147  130  126  119  110  105   93   89   79   79   75   80   81   86   83
   87   93  106  120  129  136  135  138  134  145  152  171  183  204  218  241
  261  290  309  332  347  365  375  387  392  400  400  403  402  406  410  424
  436  451  465  479  481  480  463  450  421  396  363  337  306  277  251  227
  205  187  174  166  159  159  164  147  148                                   
    17.5-180.0 180.0   5.0 450.0                            LAT/LON1/LON2/DLON/H
  164  158  145  143  136  125  119  106   98   88   83   80   81   83   85   83
   87   96  109  120  129  137  136  137  138  147  158  177  195  220  235  259
  278  305  326  355  370  391  397  413  412  423  419  428  424  430  435  447
  463  477  494  501  505  495  478  454  426  394  363  332  308  279  257  237
  218  200  188  177  170  168  176  153  164                                   
    15.0-180.0 180.0   5.0 450.0                            LAT/LON1/LON2/DLON/H
  173  174  156  154  145  138  131  119  109   97   92   84   85   82   83   79
   84   90  107  119  129  137  136  140  137  154  164  186  204  233  248  275
  292  319  334  363  379  399  411  421  429  435  439  443  445  448  455  466
  483  499  512  518  516  505  479  455  423  394  358  329  302  278  257  241
  224  207  196  188  179  181  187  163  173                                   
    12.5-180.0 180.0   5.0 450.0                            LAT/LON1/LON2/DLON/H
  184  175  166  161  148  141  136  126  120  107  101   93   91   88   84   83
   84   94  105  117  125  132  137  141  146  158  176  200  221  247  263  286
  303  328  345  380  394  419  428  442  445  454  453  460  458  464  466  477
  488  501  510  512  507  491  466  440  411  381  348  316  295  274  260  248
  235  220  210  199  192  188  197  165  184                                   
    10.0-180.0 180.0   5.0 450.0                            LAT/LON1/LON2/DLON/H
  191  177  164  158  145  141  135  131  122  115  109  101   98   91   88   79
   83   84   99  110  119  132  138  149  155  176  190  215  233  259  274  297
  314  334  356  384  402  423  436  447  454  459  461  464  464  467  470  479
  489  500  505  505  499  482  456  431  404  374  338  315  290  275  261  252
  240  228  217  209  199  199  204  177  191                                   
     7.5-180.0 180.0   5.0 450.0                            LAT/LON1/LON2/DLON/H
  190  175  163  151  139  131  128  124  122  116  114  106  104   96   91   85
   84   90   96  110  121  132  145  157  172  189  209  229  248  266  282  301
