data/unet/pred2050.15i
     1.0            IONOSPHERE MAPS     GNSS                IONEX VERSION / TYPE
pyspatialgeodesy        IME             05-JAN-18 20:20     PGM / RUN BY / DATE 
Map Name                                                    COMMENT             
Predicted global ionosphere maps (GIM).                     DESCRIPTION         
  2015     7    24     0     0     0                        EPOCH OF FIRST MAP  
  2015     7    25     0     0     0                        EPOCH OF LAST MAP   
  7200                                                      INTERVAL            
    13                                                      # OF MAPS IN FILE   
  NONE                                                      MAPPING FUNCTION    
10.0                                                        ELEVATION CUTOFF    
One-way carrier phase leveled to code                       OBSERVABLES USED    
  6371.0                                                    BASE RADIUS         
 2                                                          MAP DIMENSION       
   450.0 450.0   0.0                                        HGT1 / HGT2 / DHGT  
    87.5 -87.5  -2.5                                        LAT1 / LAT2 / DLAT  
  -180.0 180.0   5.0                                        LON1 / LON2 / DLON  
    -1                                                      EXPONENT            
                                                            END OF HEADER       
[from data line 1716]
     5                                                      START OF TEC MAP    
  2015     7    24     8     0     0                        EPOCH OF CURRENT MAP
    87.5-180.0 180.0   5.0 450.0                            LAT/LON1/LON2/DLON/H
  100  112  116  117  114  112  112  113  114  113  113  112  114  113  113  112
  113  112  112  111  112  111  111  110  110  109  109  108  108  107  106  105
  104  104  103  102  102  102  101  100  100  100  100  100  100  100  100  100
  101  102  102  102  103  103  103  102  102  102  102  102  102  102  102  102
  102  104  105  106  107  104  104   98  100                                   
    85.0-180.0 180.0   5.0 450.0                            LAT/LON1/LON2/DLON/H
  105  120  120  125  121  120  122  123  124  124  123  124  124  124  123  123
  123  123  122  122  122  122  120  120  119  118  117  116  115  115  112  113
  111  111  109  110  109  110  109  110  109  111  110  113  113  115  115  117
  117  119  118  119  119  119  117  117  116  115  113  114  112  112  111  111
  110  112  113  112  112  107  108   96  105                                   
    82.5-180.0 180.0   5.0 450.0                            LAT/LON1/LON2/DLON/H
  109  116  122  122  122  120  122  123  125  124  126  125  127  126  126  126
  126  125  125  124  124  122  121  120  119  117  116  114  113  112  110  110
  108  109  108  109  108  111  110  113  112  116  116  119  120  123  123  126
  126  127  127  127  127  126  125  123  121  119  118  116  115  114  113  112
  111  111  112  111  108  107  105   95  109                                   
    80.0-180.0 180.0   5.0 450.0                            LAT/LON1/LON2/DLON/H
  103  107  115  115  114  114  115  117  119  118  119  119  121  119  119  119
  120  118  118  117  117  115  113  112  110  108  106  105  104  103  102  102
  102  101  102  103  106  106  109  111  114  116  120  122  127  128  132  132
  136  134  136  135  135  131  130  127  126  122  120  117  116  112  112  109
  109  108  108  105  105   98   98   92  103                                   
    77.5-180.0 180.0   5.0 450.0                            LAT/LON1/LON2/DLON/H
   95  102  107  106  108  106  111  110  113  110  113  111  114  111  113  111
  113  109  111  108  109  105  105  101  100   95   96   92   92   90   92   90
   92   91   95   95   99  100  104  107  112  114  120  123  129  131  136  137
  140  140  142  140  141  137  136  131  129  124  123  118  116  112  112  108
  108  105  107  101  102   99   97   84   95                                   
    75.0-180.0 180.0   5.0 450.0                            LAT/LON1/LON2/DLON/H
   98   97  102  102  102  101  104  103  105  103  105  103  105  103  104  102
  103  100  101   98   98   94   93   89   88   84   84   81   82   81   83   83
   86   87   91   92   96   97  103  105  112  115  123  126  133  137  142  144
  148  148  150  148  147  144  141  136  133  128  126  122  120  116  116  111
  112  108  110  104  107   98   99   90   98                                   
    72.5-180.0 180.0   5.0 450.0                            LAT/LON1/LON2/DLON/H
   99  100  101   99   99   96   98   97   99   96   97   95   96   93   94   92
   93   90   91   88   88   84   83   79   78   74   74   72   73   74   77   79
   83   85   89   92   95   99  103  108  113  119  127  132  140  143  150  151
  155  154  156  153  152  147  146  139  136  130  128  125  123  120  120  117
  117  114  116  109  109  106  104   90   99                                   
    70.0-180.0 180.0   5.0 450.0                            LAT/LON1/LON2/DLON/H
  105   99  101  100  100   96   97   95   95   92   92   91   91   88   89   86
   87   84   84   82   82   78   77   73   72   68   68   67   70   71   77   80
   85   88   93   95  100  102  107  111  120  124  135  140  149  151  157  157
  160  158  159  156  154  149  147  140  139  132  133  128  130  126  128  124
  126  123  125  119  121  111  109  101  105                                   
    67.5-180.0 180.0   5.0 450.0                            LAT/LON1/LON2/DLON/H
  108  105  105  101  100   95   95   92   92   87   89   86   87   83   84   80
   80   77   78   76   76   72   72   68   66   63   63   64   67   70   76   81
   86   90   95   99  101  106  110  116  123  130  141  147  155  157  162  160
  161  158  157  152  150  144  142  137  135  130  132  129  131  129  132  130
  131  129  131  126  125  120  115  102  108                                   
    65.0-180.0 180.0   5.0 450.0                            LAT/LON1/LON2/DLON/H
  116  110  111  107  104   97   95   91   89   86   86   85   85   82   81   79
   78   75   76   74   74   72   71   67   66   62   63   63   68   71   79   83
   90   93   99  102  106  109  116  120  131  139  152  157  164  164  165  162
  160  155  152  146  143  137  136  131  132  129  131  130  134  133  137  135
  138  136  138  132  134  125  122  116  116                                   
    62.5-180.0 180.0   5.0 450.0                            LAT/LON1/LON2/DLON/H
  120  117  118  112  109   99   96   90   88   83   84   81   83   79   79   75
   75   71   72   69   70   67   67   64   63   61   61   64   68   73   80   85
   92   96  100  104  107  113  118  126  136  146  160  164  171  168  169  161
  159  151  147  141  138  133  132  128  130  126  131  130  134  134  138  137
  139  138  140  135  135  130  128  120  120                                   
    60.0-180.0 180.0   5.0 450.0                            LAT/LON1/LON2/DLON/H
  128  122  125  120  115  104   98   90   86   81   80   79   79   78   76   75
   73   69   68   66   66   65   64   62   61   60   62   64   70   75   82   87
   93   96  102  105  111  116  125  133  148  157  170  173  178  174  171  164
  158  152  145  140  135  131  129  127  128  128  130  131  134  136  139  139
  140  140  142  138  141  132  134  132  128                                   
    57.5-180.0 180.0   5.0 450.0                            LAT/LON1/LON2/DLON/H
  134  132  135  129  123  109  102   92   87   79   78   75   77   73   75   70
   70   64   64   61   62   60   60   59   59   59   62   67   72   78   84   89
   93   98  101  108  112  123  131  144  158  168  181  183  190  182  182  170
  167  155  151  143  140  135  136  132  133  130  135  133  138  137  142  140
  142  139  143  138  140  136  140  134  134                                   
    55.0-180.0 180.0   5.0 450.0                            LAT/LON1/LON2/DLON/H
  144  139  143  140  132  117  108   95   87   78   74   72   71   71   69   68
   64   61   58   58   55   55   54   56   55   58   61   68   74   80   86   90
   95   98  104  111  121  130  144  155  171  181  192  195  199  194  188  179
  170  163  155  152  144  144  139  139  135  136  135  138  138  141  141  142
  141  143  143  142  146  141  147  149  144                                   
    52.5-180.0 180.0   5.0 450.0                            LAT/LON1/LON2/DLON/H
  152  149  152  149  141  126  114   99   89   78   73   68   69   65   67   63
   62   56   56   52   53   50   53   53   56   59   64   71   77   84   89   93
   97  102  108  119  128  141  153  167  182  194  205  208  214  206  203  191
  187  176  172  164  161  155  153  147  146  141  143  141  143  142  145  142
  143  142  146  142  147  146  154  149  152                                   
    50.0-180.0 180.0   5.0 450.0                            LAT/LON1/LON2/DLON/H
  164  154  159  158  150  135  122  106   94   80   73   67   65   63   61   60
   57   54   50   50   47   49   48   53   54   60   65   74   80   86   91   96
  100  108  117  128  141  153  168  180  195  205  214  219  222  216  211  203
  195  190  182  178  170  167  159  156  149  148  145  147  144  147  146  146
  145  147  148  148  154  153  160  160  164                                   
    47.5-180.0 180.0   5.0 450.0                            LAT/LON1/LON2/DLON/H
  170  161  164  164  155  141  129  112  100   85   78   68   67   61   63   58
   59   53   54   49   51   49   52   54   59   64   71   78   85   91   96  102
  107  116  125  139  150  165  178  192  203  215  225  230  235  230  228  219
  214  206  201  193  188  178  172  162  157  151  152  149  150  148  150  147
  149  148  153  153  160  160  166  157  170                                   
    45.0-180.0 180.0   5.0 450.0                            LAT/LON1/LON2/DLON/H
  175  160  163  162  157  145  134  118  106   91   83   74   70   65   63   61
   57   56   53   53   51   53   54   59   61   68   73   81   88   94  100  107
  114  124  135  150  164  177  190  201  211  221  229  236  240  238  235  229
  223  217  209  203  192  185  173  165  156  154  151  152  150  152  151  151
  153  155  159  161  167  167  172  169  175                                   
    42.5-180.0 180.0   5.0 450.0                            LAT/LON1/LON2/DLON/H
  175  160  159  158  152  142  133  121  111   98   92   82   79   71   70   64
   65   60   62   59   61   60   63   65   69   73   79   85   93   98  104  113
  121  132  144  158  172  185  195  206  214  225  234  242  248  249  248  242
  239  230  224  212  204  189  182  167  161  155  156  154  156  154  157  156
  160  161  167  167  173  173  176  166  175                                   
    40.0-180.0 180.0   5.0 450.0                            LAT/LON1/LON2/DLON/H
  174  156  151  149  145  136  131  122  116  105   99   91   87   80   75   71
   68   66   65   66   66   68   68   71   73   77   82   87   94  100  108  117
  128  139  152  166  180  190  199  208  217  225  234  243  252  253  254  248
  245  237  228  219  206  196  184  174  166  163  161  163  160  162  161  164
  167  171  175  176  181  178  181  175  174                                   
    37.5-180.0 180.0   5.0 450.0                            LAT/LON1/LON2/DLON/H
  173  153  145  139  135  127  126  120  117  110  108  100   98   88   86   77
   78   73   76   74   77   75   79   79   81   83   86   90   95  102  111  121
  132  144  156  168  180  190  197  208  215  227  235  247  254  260  262  259
  257  250  244  232  223  208  200  187  184  177  178  175  174  172  173  173
  178  180  186  184  187  184  186  174  173                                   
    35.0-180.0 180.0   5.0 450.0                            LAT/LON1/LON2/DLON/H
  176  154  140  133  128  122  121  118  117  114  112  109  103   97   90   86
   81   80   80   81   82   82   84   85   86   87   88   90   96  103  114  124
  136  146  157  168  177  186  194  203  214  224  234  245  256  262  265  263
  264  259  253  244  234  226  215  207  201  198  196  194  189  188  185  187
  189  194  196  193  196  190  193  186  176                                   
    32.5-180.0 180.0   5.0 450.0                            LAT/LON1/LON2/DLON/H
  183  163  145  132  127  118  118  114  118  115  118  113  113  102  100   90
   90   84   87   85   90   88   91   90   91   90   90   91   97  105  116  127
  139  148  156  164  173  181  188  200  210  224  233  246  255  265  268  269
  271  270  269  263  258  249  244  234  232  226  226  219  216  209  208  205
  208  207  208  201  202  196  200  190  183                                   
    30.0-180.0 180.0   5.0 450.0                            LAT/LON1/LON2/DLON/H
  196  175  154  141  132  123  120  117  117  118  117  118  114  110  101   97
   90   90   88   92   91   92   93   93   93   92   91   91   97  104  116  125
  137  145  153  160  167  174  184  193  208  219  234  243  255  261  267  269
  274  276  279  279  278  275  267  261  255  252  248  243  236  231  225  224
  222  223  220  214  213  206  212  206  196                                   
    27.5-180.0 180.0   5.0 450.0                            LAT/LON1/LON2/DLON/H
  214  197  175  159  148  134  132  124  126  121  125  121  122  113  109   99
   96   91   94   93   97   95   97   95   96   93   92   92   98  105  117  127
  136  144  151  158  164  171  180  192  204  219  231  244  253  260  266  271
  277  283  291  296  300  300  298  290  286  280  277  268  262  253  249  243
  243  238  237  226  225  218  225  213  214                                   
    25.0-180.0 180.0   5.0 450.0                            LAT/LON1/LON2/DLON/H
  230  213  192  179  165  153  143  136  130  127  123  123  119  116  106  102
   97   95   93   96   96   98   96   96   96   93   93   91   95  101  112  121
  131  140  148  155  164  172  183  193  208  218  232  241  251  256  262  265
  276  283  295  304  311  318  315  313  305  302  294  287  277  272  264  262
  257  256  250  242  238  233  239  231  230                                   
    22.5-180.0 180.0   5.0 450.0                            LAT/LON1/LON2/DLON/H
  247  231  212  201  191  173  165  150  145  136  132  126  124  116  112  103
  100   95   98   96  101   97  100   96   98   94   94   91   95   99  109  117
  127  134  143  152  163  173  185  197  210  221  232  243  251  256  262  266
  276  284  297  310  322  329  331  326  324  316  313  304  300  291  289  282
  281  273  270  256  254  248  253  237  247                                   
    20.0-180.0 180.0   5.0 450.0                            LAT/LON1/LON2/DLON/H
  255  240  221  215  204  192  178  166  155  147  138  132  124  119  110  106
  100   98   98   99   99   99   97   97   96   93   90   86   87   91   98  109
  120  130  141  153  167  180  192  207  218  228  237  244  252  256  263  267
  277  285  299  312  323  332  331  331  326  322  318  313  307  305  298  298
  292  288  281  272  267  262  265  247  255                                   
    17.5-180.0 180.0   5.0 450.0                            LAT/LON1/LON2/DLON/H
  257  243  227  220  214  200  192  177  168  158  149  140  132  123  117  108
  106  101  103  100  103   99  102   97   98   91   90   82   85   87   96  106
  116  125  136  150  169  183  198  211  222  232  239  247  254  259  267  272
  281  289  300  312  321  326  329  327  328  324  328  324  325  320  320  316
  313  306  300  286  281  278  273  248  257                                   
    15.0-180.0 180.0   5.0 450.0                            LAT/LON1/LON2/DLON/H
  253  237  219  214  207  199  188  180  171  164  154  145  136  128  119  113
  107  105  103  102  101   99   99   96   94   89   81   77   74   80   87  100
  112  125  137  157  173  193  204  222  230  242  247  252  259  265  274  278
  286  291  300  309  315  320  319  323  323  325  327  329  328  330  327  328
  322  319  308  298  290  286  279  253  253                                   
    12.5-180.0 180.0   5.0 450.0                            LAT/LON1/LON2/DLON/H
  249  229  212  204  199  189  187  178  175  167  161  152  142  132  124  117
  113  108  108  105  104  101  101   95   94   84   79   71   71   73   81   94
  107  123  137  155  175  192  209  221  233  243  251  257  265  272  281  287
  294  300  305  311  315  315  317  319  327  329  337  339  343  343  345  341
  339  330  322  308  298  294  283  252  249                                   
    10.0-180.0 180.0   5.0 450.0                            LAT/LON1/LON2/DLON/H
  244  224  201  193  184  179  173  172  168  166  158  151  142  134  125  120
  114  112  107  105  101   98   95   92   87   81   70   65   60   65   74   91
  105  126  139  162  175  196  205  224  232  244  251  259  268  277  289  298
  305  312  315  319  320  322  322  330  334  340  343  347  347  348  347  346
  339  334  325  313  304  299  284  255  244                                   
     7.5-180.0 180.0   5.0 450.0                            LAT/LON1/LON2/DLON/H
  246  223  201  186  175  168  167  164  164  159  154  146  139  131  125  119
  116  112  109  104  102   96   94   88   84   74   67   58   56   61   70   85
