data/unet/pred2610.15i
     1.0            IONOSPHERE MAPS     GNSS                IONEX VERSION / TYPE
pyspatialgeodesy        IME             05-JAN-18 20:20     PGM / RUN BY / DATE 
Map Name                                                    COMMENT             
Predicted global ionosphere maps (GIM).                     DESCRIPTION         
  2015     9    18     0     0     0                        EPOCH OF FIRST MAP  
  2015     9    19     0     0     0                        EPOCH OF LAST MAP   
  7200                                                      INTERVAL            
    13                                                      # OF MAPS IN FILE   
  NONE                                                      MAPPING FUNCTION    
10.0                                                        ELEVATION CUTOFF    
One-way carrier phase leveled to code                       OBSERVABLES USED    
  6371.0                                                    BASE RADIUS         
 2                                                          MAP DIMENSION       
   450.0 450.0   0.0                                        HGT1 / HGT2 / DHGT  
    87.5 -87.5  -2.5                                        LAT1 / LAT2 / DLAT  
  -180.0 180.0   5.0                                        LON1 / LON2 / DLON  
    -1                                                      EXPONENT            
                                                            END OF HEADER       
[from data line 1287]
     4                                                      START OF TEC MAP    
  2015     9    18     6     0     0                        EPOCH OF CURRENT MAP
    87.5-180.0 180.0   5.0 450.0                            LAT/LON1/LON2/DLON/H
   68  103  100   98   99   96   98   96   99   97   98   96   98   96   97   95
   97   95   95   93   94   92   93   91   92   90   91   90   91   91   91   91
   92   93   93   94   94   95   95   95   95   96   95   95   95   95   94   94
   94   94   93   93   93   93   93   93   93   93   93   92   93   91   92   90
   92   91   94   93   97   93  108   68   68                                   
    85.0-180.0 180.0   5.0 450.0                            LAT/LON1/LON2/DLON/H
   94  108   95   99   98   95   97   97   97   97   97   97   97   96   96   95
   95   93   93   91   91   88   88   86   86   84   84   84   83   84   84   85
   85   86   86   87   88   89   90   90   91   91   92   92   92   92   93   93
   93   93   93   93   93   94   94   94   94   94   94   93   94   93   94   92
   94   92   94   94   95   90  106  100   94                                   
    82.5-180.0 180.0   5.0 450.0                            LAT/LON1/LON2/DLON/H
   87   95   92   95   94   94   95   96   96   95   95   94   94   92   93   91
   91   88   88   85   84   81   80   78   77   76   75   75   73   74   73   76
   75   77   77   80   80   82   83   84   85   86   87   87   88   89   90   89
   90   90   91   90   92   91   93   92   93   92   92   91   92   91   92   91
   91   90   92   91   89   86   96   83   87                                   
    80.0-180.0 180.0   5.0 450.0                            LAT/LON1/LON2/DLON/H
   87   90   86   85   83   84   84   85   84   85   83   83   81   81   79   79
   76   76   73   72   69   67   64   63   60   59   58   57   56   57   58   60
   61   65   67   71   72   77   78   82   82   86   86   89   88   92   91   93
   92   94   92   94   93   94   93   94   92   93   91   92   89   90   87   88
   86   87   86   86   85   80   85   80   87                                   
    77.5-180.0 180.0   5.0 450.0                            LAT/LON1/LON2/DLON/H
   79   82   77   78   77   80   77   80   76   78   74   76   72   73   70   71
   67   67   64   64   60   58   55   54   50   48   46   46   46   46   48   50
   53   56   60   65   67   73   74   80   80   85   85   89   88   91   91   93
   92   94   93   95   93   95   93   94   91   92   88   90   86   87   83   86
   82   84   82   84   79   77   82   75   79                                   
    75.0-180.0 180.0   5.0 450.0                            LAT/LON1/LON2/DLON/H
   79   80   78   75   72   71   69   69   65   65   61   63   58   61   56   60
   55   58   53   56   50   52   46   47   41   41   38   39   36   39   39   42
   44   49   54   59   64   69   73   77   80   83   86   87   90   90   93   93
   96   96   99   99  100  100  100   99   98   96   94   93   90   89   87   87
   85   86   85   87   84   81   86   78   79                                   
    72.5-180.0 180.0   5.0 450.0                            LAT/LON1/LON2/DLON/H
   81   79   73   69   67   64   61   59   56   55   52   52   50   50   50   50
   51   51   52   52   52   49   47   43   42   37   37   34   35   33   37   37
   42   44   51   55   60   65   69   75   77   82   84   88   89   92   92   97
   97  100  101  105  104  105  103  104  102  101   98   98   94   93   90   90
   87   89   87   90   87   86   90   81   81                                   
    70.0-180.0 180.0   5.0 450.0                            LAT/LON1/LON2/DLON/H
   85   83   77   70   64   60   56   52   48   45   42   41   39   39   39   42
   42   46   47   50   49   50   47   46   42   39   37   34   33   32   33   35
   37   42   47   51   57   61   66   69   74   77   81   83   87   88   92   94
   98   99  103  104  107  107  107  107  107  105  104  102  100   98   97   96
   95   96   97   99   98   94   95   92   85                                   
    67.5-180.0 180.0   5.0 450.0                            LAT/LON1/LON2/DLON/H
   92   88   79   71   64   58   53   48   45   41   39   37   37   37   38   41
   44   46   50   52   53   53   52   50   48   44   43   39   38   34   36   35
   39   40   46   49   54   58   63   66   71   74   78   84   86   91   93   97
   99  102  105  108  109  111  110  111  108  109  106  107  103  104  101  103
  100  104  104  108  107  103  103   97   92                                   
    65.0-180.0 180.0   5.0 450.0                            LAT/LON1/LON2/DLON/H
   99   94   84   75   65   59   53   49   42   39   35   33   33   33   34   37
   40   44   47   51   53   55   54   54   51   49   45   42   39   37   36   36
   37   41   44   48   52   56   62   65   71   74   79   83   87   91   94   98
  100  102  105  107  109  110  111  111  112  111  110  109  107  105  105  104
  105  107  112  114  116  112  110  109   99                                   
    62.5-180.0 180.0   5.0 450.0                            LAT/LON1/LON2/DLON/H
  109  100   86   76   67   59   53   47   43   38   36   33   34   34   36   39
   41   44   47   50   51   52   53   52   51   49   47   43   41   37   36   34
   36   36   40   43   49   52   59   62   69   73   79   84   89   93   95   99
  101  104  106  109  111  113  113  115  112  114  111  112  108  109  106  108
  106  111  113  120  120  118  116  112  109                                   
    60.0-180.0 180.0   5.0 450.0                            LAT/LON1/LON2/DLON/H
  113  104   90   81   70   62   55   49   43   39   36   34   35   35   36   38
   39   41   42   45   45   48   46   49   47   48   45   43   40   37   35   34
   34   36   39   44   48   53   59   63   70   74   81   87   91   96   99  101
  105  106  110  111  115  116  118  118  118  118  117  115  114  112  110  108
  109  110  116  118  123  120  118  118  113                                   
    57.5-180.0 180.0   5.0 450.0                            LAT/LON1/LON2/DLON/H
  124  110   94   85   74   66   58   50   45   40   37   35   36   36   37   38
   38   38   38   38   39   38   40   40   42   41   42   39   38   35   33   30
   31   32   37   40   47   52   59   63   71   78   85   92   97  103  106  111
  112  116  118  122  124  128  128  131  129  130  126  126  122  120  115  114
  110  113  115  121  123  123  121  117  124                                   
    55.0-180.0 180.0   5.0 450.0                            LAT/LON1/LON2/DLON/H
  130  117  104   92   81   73   65   57   49   44   40   38   38   38   38   38
   36   35   33   33   31   33   32   35   36   39   38   39   36   35   32   30
   31   34   38   43   49   54   61   66   74   80   89   96  103  110  116  119
  124  125  130  131  137  137  140  139  140  138  136  133  131  128  124  120
  117  116  119  121  125  125  126  123  130                                   
    52.5-180.0 180.0   5.0 450.0                            LAT/LON1/LON2/DLON/H
  142  127  115  107   94   85   75   65   55   48   42   40   39   38   38   37
   36   33   32   30   30   29   30   31   34   35   37   36   36   33   32   30
   31   33   39   44   52   57   65   71   79   88   95  107  114  124  129  136
  138  144  144  149  150  155  155  156  154  154  150  149  145  142  136  131
  126  124  124  127  128  129  130  126  142                                   
    50.0-180.0 180.0   5.0 450.0                            LAT/LON1/LON2/DLON/H
  150  137  129  120  110   98   88   77   66   57   50   45   44   41   41   38
   37   35   33   32   30   32   32   34   36   38   39   40   38   36   32   32
   33   36   41   48   56   62   69   74   83   91  102  112  126  135  144  148
  155  156  161  162  168  169  170  169  169  166  163  159  157  153  148  143
  138  135  135  135  135  135  136  134  150                                   
    47.5-180.0 180.0   5.0 450.0                            LAT/LON1/LON2/DLON/H
  158  150  143  138  128  117  105   92   79   68   58   52   48   45   44   41
   41   38   39   36   37   37   40   41   44   44   46   44   44   40   37   35
   37   41   47   56   64   72   78   85   93  105  114  127  139  151  158  166
  171  176  177  179  182  182  183  181  180  176  173  170  169  166  162  158
  152  148  147  146  144  143  142  139  158                                   
    45.0-180.0 180.0   5.0 450.0                            LAT/LON1/LON2/DLON/H
  165  160  154  149  143  131  120  106   93   81   72   62   59   52   51   46
   47   45   47   47   49   50   52   53   54   54   53   52   48   45   39   38
   38   42   49   58   67   75   83   88   98  108  121  134  149  158  170  178
  184  185  187  186  188  189  187  186  182  178  174  171  171  170  167  165
  158  157  154  153  150  150  150  148  165                                   
    42.5-180.0 180.0   5.0 450.0                            LAT/LON1/LON2/DLON/H
  166  161  156  155  149  142  130  118  105   95   83   75   67   61   56   53
   54   54   58   60   65   66   69   68   69   66   66   61   57   51   46   43
   43   47   54   66   75   86   93  101  109  121  131  146  159  171  182  190
  196  196  196  193  194  191  190  185  183  178  174  171  172  172  172  171
  168  166  164  162  158  156  155  152  166                                   
    40.0-180.0 180.0   5.0 450.0                            LAT/LON1/LON2/DLON/H
  170  165  156  153  149  142  134  122  113  104   96   86   81   72   68   62
   64   64   70   73   80   81   84   83   81   77   71   67   60   56   48   45
   44   47   54   65   76   87   96  103  115  125  139  151  166  179  190  197
  203  202  201  198  198  197  192  191  186  182  175  173  171  173  172  175
  172  174  170  168  161  160  160  157  170                                   
    37.5-180.0 180.0   5.0 450.0                            LAT/LON1/LON2/DLON/H
  165  156  146  142  138  135  128  123  116  113  104  100   91   85   77   73
   73   75   81   85   92   94   97   95   92   86   80   74   67   61   54   49
   47   50   57   70   82   95  104  115  125  137  148  160  173  186  199  206
  215  212  214  209  212  210  209  207  203  199  191  187  183  182  180  182
  181  182  180  178  172  168  167  159  165                                   
    35.0-180.0 180.0   5.0 450.0                            LAT/LON1/LON2/DLON/H
  162  152  133  128  120  120  115  114  111  109  108  103  101   92   87   81
   82   83   89   93   98  101  102  100   95   88   80   74   67   62   55   51
   47   49   54   66   79   93  103  117  128  141  154  163  177  188  203  211
  222  224  227  229  232  238  234  239  232  230  218  212  202  198  191  191
  187  190  188  187  179  177  175  166  162                                   
    32.5-180.0 180.0   5.0 450.0                            LAT/LON1/LON2/DLON/H
  163  148  126  115  108  108  106  106  109  112  111  112  106  101   96   91
   90   90   94   97  101  104  105  103   97   91   83   76   69   64   59   51
   49   49   54   66   81   95  111  124  139  150  162  171  183  195  211  223
  238  244  255  262  274  282  286  291  286  283  267  258  240  232  219  214
  207  207  204  202  196  191  188  174  163                                   
    30.0-180.0 180.0   5.0 450.0                            LAT/LON1/LON2/DLON/H
  174  156  127  114   99   94   92   94   99  103  107  108  108  103  101   96
   95   95   95   97  100  102  102  101   96   90   81   75   68   64   59   53
   49   49   53   64   77   94  108  128  141  155  165  175  188  204  223  239
  257  271  286  305  319  338  343  355  349  347  328  315  291  274  254  244
  233  228  223  221  215  213  206  195  174                                   
    27.5-180.0 180.0   5.0 450.0                            LAT/LON1/LON2/DLON/H
  200  172  144  123  108  101   93   94   97  103  106  109  108  106  104  100
   99   95   96   94   97   99  101  100   97   91   83   75   69   63   60   52
   52   49   56   63   77   95  113  131  149  160  171  181  196  214  235  255
  276  296  320  344  368  388  402  410  409  402  388  370  347  322  297  282
  267  260  253  249  243  241  231  219  200                                   
    25.0-180.0 180.0   5.0 450.0                            LAT/LON1/LON2/DLON/H
  228  190  160  138  120  105   96   91   93   97   99  103  103  102  102   99
   99   97   94   93   93   96   99  101   98   93   84   76   69   63   60   55
   53   52   56   62   75   92  111  132  149  164  175  186  200  221  247  270
  294  320  349  383  408  437  449  464  458  450  432  413  389  367  343  324
  307  297  290  280  277  273  263  252  228                                   
    22.5-180.0 180.0   5.0 450.0                            LAT/LON1/LON2/DLON/H
  262  220  192  169  150  134  119  109  102  100  100  101  101  101  102  101
  101   96   92   89   89   94   97  100   99   95   86   77   70   62   60   55
   55   51   57   61   75   90  111  134  156  169  182  193  208  232  258  285
  312  341  376  411  442  465  480  490  487  476  464  445  428  406  386  369
  351  340  329  320  313  314  293  286  262                                   
    20.0-180.0 180.0   5.0 450.0                            LAT/LON1/LON2/DLON/H
  301  254  219  198  178  157  140  124  114  106  101  100   96   97   97   95
   97   92   89   87   88   94  100  104  104   99   90   80   73   66   62   58
   57   55   57   62   73   90  112  137  158  174  187  199  217  243  272  298
  327  360  396  432  457  481  491  500  497  490  483  471  461  443  425  410
  394  379  368  356  352  347  323  316  301                                   
    17.5-180.0 180.0   5.0 450.0                            LAT/LON1/LON2/DLON/H
  332  293  264  236  214  192  173  148  135  116  110  101   98   97   99  100
  101   97   94   92   93   99  105  108  109  102   94   83   71   58   54   49
   50   51   56   59   72   91  115  143  164  181  197  211  233  261  287  314
  344  374  410  438  461  475  481  485  482  480  481  477  477  466  456  442
  429  415  402  393  387  381  353  345  332                                   
    15.0-180.0 180.0   5.0 450.0                            LAT/LON1/LON2/DLON/H
  359  322  296  275  252  221  199  174  159  139  130  118  110  108  103  104
  102   99   97   94  101  103  111  112  112  105   96   83   68   59   53   51
   49   55   57   63   75  100  122  151  170  189  207  221  249  273  303  330
  359  388  415  441  454  465  466  468  466  468  473  479  486  486  481  471
  459  448  435  423  415  405  377  369  359                                   
    12.5-180.0 180.0   5.0 450.0                            LAT/LON1/LON2/DLON/H
  370  347  321  300  281  253  224  199  181  160  150  134  127  119  116  116
  117  112  112  110  112  113  115  115  114  105   90   75   63   53   50   48
   50   53   57   61   77  101  125  153  175  197  215  235  263  293  316  346
  371  394  418  435  446  448  447  443  446  450  460  470  483  489  489  483
  475  465  455  442  431  421  396  385  370                                   
    10.0-180.0 180.0   5.0 450.0                            LAT/LON1/LON2/DLON/H
  375  350  326  314  297  274  244  216  200  185  180  165  162  150  144  140
  137  133  123  120  119  115  119  117  114  103   87   76   64   59   53   53
   52   55   56   63   79  106  128  157  178  200  222  243  276  298  326  350
  376  395  414  428  433  435  431  428  429  436  446  461  475  486  488  488
  483  476  466  453  439  427  405  395  375                                   
     7.5-180.0 180.0   5.0 450.0                            LAT/LON1/LON2/DLON/H
  373  354  334  321  306  286  260  233  216  206  201  191  183  176  167  164
  157  151  140  134  126  121  116  113  107   97   85   74   66   61   58   57
