data/unet/pred1600.15i
     1.0            IONOSPHERE MAPS     GNSS                IONEX VERSION / TYPE
pyspatialgeodesy        IME             05-JAN-18 20:20     PGM / RUN BY / DATE 
Map Name                                                    COMMENT             
Predicted global ionosphere maps (GIM).                     DESCRIPTION         
  2015     6     9     0     0     0                        EPOCH OF FIRST MAP  
  2015     6    10     0     0     0                        EPOCH OF LAST MAP   
  7200                                                      INTERVAL            
    13                                                      # OF MAPS IN FILE   
  NONE                                                      MAPPING FUNCTION    
10.0                                                        ELEVATION CUTOFF    
One-way carrier phase leveled to code                       OBSERVABLES USED    
  6371.0                                                    BASE RADIUS         
 2                                                          MAP DIMENSION       
   450.0 450.0   0.0                                        HGT1 / HGT2 / DHGT  
    87.5 -87.5  -2.5                                        LAT1 / LAT2 / DLAT  
  -180.0 180.0   5.0                                        LON1 / LON2 / DLON  
    -1                                                      EXPONENT            
                                                            END OF HEADER       
[from data line 429]
     2                                                      START OF TEC MAP    
  2015     6     9     2     0     0                        EPOCH OF CURRENT MAP
    87.5-180.0 180.0   5.0 450.0                            LAT/LON1/LON2/DLON/H
  159  159  150  144  146  142  145  144  148  145  147  144  146  143  144  140
  142  138  139  136  137  134  136  132  134  131  134  130  134  130  133  128
  132  128  132  127  132  128  132  128  132  129  132  129  132  129  132  128
  131  128  131  128  131  128  131  128  131  129  133  130  134  132  136  134
  137  136  143  142  151  147  143  155  159                                   
    85.0-180.0 180.0   5.0 450.0                            LAT/LON1/LON2/DLON/H
  159  166  150  150  149  147  150  149  152  150  151  149  149  147  147  144
  144  142  142  140  140  138  139  136  137  134  136  133  134  131  133  130
  132  129  133  130  133  130  134  130  134  131  135  131  134  130  133  128
  132  127  131  126  130  126  130  125  130  126  132  128  133  130  136  133
  137  136  143  143  152  147  147  149  159                                   
    82.5-180.0 180.0   5.0 450.0                            LAT/LON1/LON2/DLON/H
  156  158  151  154  150  153  153  159  156  159  155  158  152  154  148  151
  144  147  141  144  139  142  137  140  135  137  133  136  132  134  130  133
  129  132  129  134  131  134  132  136  133  136  133  137  132  135  131  133
  128  131  127  130  126  129  125  129  126  130  128  133  131  136  135  140
  138  144  145  153  155  153  150  147  156                                   
    80.0-180.0 180.0   5.0 450.0                            LAT/LON1/LON2/DLON/H
  157  155  154  156  158  160  163  167  167  166  166  165  164  161  160  157
  157  152  153  149  150  145  146  141  142  137  138  134  135  131  132  130
  133  131  135  134  139  137  141  140  144  142  144  142  143  140  141  137
  138  134  136  133  134  131  134  131  135  132  137  136  139  139  143  143
  145  146  150  154  158  153  150  144  157                                   
    77.5-180.0 180.0   5.0 450.0                            LAT/LON1/LON2/DLON/H
  158  160  156  159  159  165  168  172  171  172  170  170  167  166  161  160
  155  155  151  152  148  148  144  144  138  138  133  134  129  130  128  131
  130  134  136  141  142  146  147  151  150  152  151  152  149  148  146  145
  142  141  140  140  139  139  139  140  140  141  143  144  145  147  148  150
  149  152  154  159  159  159  152  150  158                                   
    75.0-180.0 180.0   5.0 450.0                            LAT/LON1/LON2/DLON/H
  156  156  157  159  161  165  169  172  173  172  172  170  168  164  161  157
  154  151  151  148  149  145  145  140  137  133  130  129  125  125  123  126
  127  130  134  138  143  146  150  152  154  154  154  153  152  150  149  147
  147  145  145  144  144  142  143  141  142  141  144  143  145  144  147  145
  147  147  152  155  159  159  157  152  156                                   
    72.5-180.0 180.0   5.0 450.0                            LAT/LON1/LON2/DLON/H
  158  159  159  161  165  168  173  175  176  175  174  172  170  165  160  156
  152  151  148  148  147  147  144  143  139  136  131  128  124  124  124  126
  129  132  138  143  148  152  157  158  161  159  161  157  159  156  158  155
  158  155  157  154  156  152  154  150  152  149  152  150  152  150  153  150
  152  152  157  160  164  165  160  159  158                                   
    70.0-180.0 180.0   5.0 450.0                            LAT/LON1/LON2/DLON/H
  158  157  158  159  164  166  169  173  175  173  173  170  169  162  158  153
  151  147  146  144  146  143  143  139  137  132  127  125  122  122  122  124
  127  130  136  140  147  150  155  156  158  158  159  159  160  161  162  163
  164  165  165  163  163  160  159  157  157  156  157  156  156  154  155  152
  153  151  157  160  165  165  163  161  158                                   
    67.5-180.0 180.0   5.0 450.0                            LAT/LON1/LON2/DLON/H
  160  161  158  161  164  166  170  174  175  174  175  171  170  162  158  153
  149  146  144  145  144  146  143  143  139  136  132  129  127  125  126  127
  129  131  136  139  145  146  151  150  154  152  156  156  161  162  167  168
  172  169  172  168  170  164  166  160  162  157  161  157  159  155  158  154
  156  154  160  162  171  171  166  165  160                                   
    65.0-180.0 180.0   5.0 450.0                            LAT/LON1/LON2/DLON/H
  163  161  159  159  163  162  168  170  173  172  175  171  171  163  159  152
  149  144  143  141  144  142  143  139  138  135  132  130  129  128  128  126
  128  127  131  132  137  137  141  141  145  146  151  155  160  167  169  176
  174  177  174  173  171  168  166  164  163  162  162  160  160  157  157  153
  156  154  161  164  173  174  171  169  163                                   
    62.5-180.0 180.0   5.0 450.0                            LAT/LON1/LON2/DLON/H
  165  165  159  161  163  164  165  171  172  175  176  174  173  166  162  154
  150  146  144  144  144  146  143  143  140  139  137  136  136  134  132  131
  129  127  127  125  128  127  130  130  135  138  145  151  159  167  172  176
  179  178  178  173  174  168  169  164  167  163  167  161  163  157  157  151
  155  153  160  163  177  179  175  172  165                                   
    60.0-180.0 180.0   5.0 450.0                            LAT/LON1/LON2/DLON/H
  172  169  164  161  163  160  164  166  170  171  176  175  176  169  167  160
  156  150  149  147  149  146  146  142  144  140  142  140  142  138  137  131
  130  123  123  119  121  118  122  124  129  134  140  152  157  171  172  184
  178  186  176  179  174  174  171  172  170  171  169  169  167  164  161  157
  158  155  161  164  178  182  180  176  172                                   
    57.5-180.0 180.0   5.0 450.0                            LAT/LON1/LON2/DLON/H
  176  176  169  168  165  164  164  168  167  172  175  178  179  175  173  167
  163  158  157  156  156  156  152  150  148  147  147  148  148  146  141  135
  128  123  119  115  116  114  117  119  125  131  140  150  159  171  175  182
  182  184  181  178  178  175  176  174  176  173  177  172  172  165  165  158
  161  156  162  165  179  183  182  180  176                                   
    55.0-180.0 180.0   5.0 450.0                            LAT/LON1/LON2/DLON/H
  188  184  179  175  174  168  169  166  168  169  174  177  182  180  182  177
  176  171  172  168  170  165  163  156  155  151  155  153  156  151  147  136
  130  121  117  111  112  111  114  118  123  132  139  154  161  177  179  190
  185  193  182  188  182  186  182  186  180  186  180  183  176  176  168  166
  165  162  167  168  181  187  187  185  188                                   
    52.5-180.0 180.0   5.0 450.0                            LAT/LON1/LON2/DLON/H
  196  194  189  191  187  183  178  177  172  175  175  180  184  186  187  187
  187  185  185  185  186  181  176  170  166  164  163  164  163  159  150  142
  132  125  119  114  115  113  116  119  126  133  143  155  167  179  185  191
  194  195  192  191  193  192  192  190  192  190  192  186  185  178  176  170
  172  168  171  174  187  192  194  195  196                                   
    50.0-180.0 180.0   5.0 450.0                            LAT/LON1/LON2/DLON/H
  212  208  208  207  206  198  195  187  183  178  179  180  187  189  195  195
  199  196  201  198  201  193  190  180  177  170  172  168  170  162  155  142
  136  125  122  117  120  119  122  125  129  137  146  159  171  185  191  202
  201  209  201  209  205  209  206  209  204  208  202  202  194  192  185  184
  182  181  182  187  197  203  203  205  212                                   
    47.5-180.0 180.0   5.0 450.0                            LAT/LON1/LON2/DLON/H
  224  222  225  229  225  221  215  211  198  195  187  190  191  195  199  202
  205  208  211  211  213  207  204  194  188  183  179  177  173  167  156  148
  138  132  129  126  128  126  129  130  135  140  149  160  174  186  197  206
  213  215  216  217  221  220  220  219  218  215  215  206  202  196  194  190
  192  191  192  197  206  212  216  221  224                                   
    45.0-180.0 180.0   5.0 450.0                            LAT/LON1/LON2/DLON/H
  243  242  244  246  244  240  234  226  216  206  199  194  196  197  204  206
  214  215  221  219  222  215  212  201  199  189  188  181  179  169  162  150
  146  138  138  135  139  138  139  139  140  145  150  161  175  188  202  212
  222  229  231  238  239  243  242  242  238  235  232  223  217  212  210  207
  209  210  211  217  221  229  228  239  243                                   
    42.5-180.0 180.0   5.0 450.0                            LAT/LON1/LON2/DLON/H
  257  256  258  264  264  261  256  248  237  228  215  211  206  209  210  214
  218  222  225  225  225  219  217  208  205  199  194  189  184  176  165  160
  153  150  149  148  151  148  147  144  145  145  151  159  173  185  200  210
  225  230  239  242  249  248  249  248  247  244  241  232  225  220  217  216
  219  221  222  228  235  243  250  257  257                                   
    40.0-180.0 180.0   5.0 450.0                            LAT/LON1/LON2/DLON/H
  277  277  277  283  280  279  272  265  255  242  232  222  218  215  218  218
  224  224  229  226  226  220  218  212  212  206  205  197  194  183  178  171
  169  166  168  165  166  161  158  154  152  152  155  164  177  191  206  217
  233  239  252  256  265  264  269  267  269  264  260  249  244  237  236  234
  238  240  244  253  258  270  270  283  277                                   
    37.5-180.0 180.0   5.0 450.0                            LAT/LON1/LON2/DLON/H
  292  293  295  299  296  296  291  284  274  264  251  243  235  231  230  230
  231  233  233  230  226  221  219  217  220  218  216  212  206  200  190  188
  183  182  179  177  174  169  163  157  156  155  159  167  178  192  207  220
  234  246  259  267  278  281  283  284  283  280  277  265  256  249  245  245
  249  253  260  270  281  291  300  309  292                                   
    35.0-180.0 180.0   5.0 450.0                            LAT/LON1/LON2/DLON/H
  312  312  310  315  307  307  300  295  286  275  265  255  249  242  240  235
  238  236  237  231  228  223  223  224  231  231  232  226  222  213  209  203
  203  199  197  189  185  176  171  165  164  166  168  175  186  198  212  224
  240  252  268  277  291  294  303  301  311  305  309  292  287  273  271  264
  271  273  282  293  302  315  322  336  312                                   
    32.5-180.0 180.0   5.0 450.0                            LAT/LON1/LON2/DLON/H
  326  327  325  328  319  318  310  309  300  294  283  275  268  261  254  249
  248  247  243  239  233  229  230  237  246  251  250  246  238  233  224  224
  218  214  205  197  189  182  174  170  170  171  176  182  192  202  214  225
  240  252  269  283  300  309  318  322  326  326  325  316  306  296  289  284
  288  289  298  308  323  336  352  363  326                                   
    30.0-180.0 180.0   5.0 450.0                            LAT/LON1/LON2/DLON/H
  347  339  342  337  329  324  317  317  308  304  293  286  281  273  266  258
  258  252  250  242  238  235  242  251  264  271  274  268  262  251  247  236
  233  219  213  199  194  185  181  177  179  180  185  190  197  205  215  226
  239  252  267  283  300  314  330  336  346  345  349  340  335  323  319  310
  315  310  319  325  342  357  377  391  347                                   
    27.5-180.0 180.0   5.0 450.0                            LAT/LON1/LON2/DLON/H
  362  360  367  361  351  342  336  332  328  320  313  305  299  291  282  275
  268  263  257  251  244  246  254  269  282  293  293  287  279  269  263  254
  243  232  219  207  198  192  187  186  186  188  193  196  202  207  215  223
  236  248  266  280  300  316  335  347  358  364  366  363  359  349  345  339
  341  335  340  344  364  379  403  417  362                                   
    25.0-180.0 180.0   5.0 450.0                            LAT/LON1/LON2/DLON/H
  382  372  391  382  376  366  357  357  346  343  328  328  315  310  297  286
  280  269  265  255  254  256  270  287  304  312  311  302  291  279  270  256
  243  223  212  195  191  186  188  186  189  189  192  192  194  196  201  210
  223  241  259  278  295  313  332  351  365  377  382  382  381  374  372  365
  367  359  362  361  378  394  425  439  382                                   
    22.5-180.0 180.0   5.0 450.0                            LAT/LON1/LON2/DLON/H
  396  402  419  414  405  396  387  387  377  370  356  349  342  331  320  304
  291  282  271  265  261  268  284  304  321  326  323  311  298  284  271  256
  237  217  199  187  181  186  185  189  187  188  189  187  188  187  192  199
  214  231  254  271  293  310  330  347  365  376  387  390  393  393  393  387
  388  380  383  383  402  418  446  463  396                                   
    20.0-180.0 180.0   5.0 450.0                            LAT/LON1/LON2/DLON/H
  416  415  437  426  424  416  411  412  404  400  382  378  367  360  342  328
  309  291  285  272  277  281  303  321  334  333  325  311  292  277  261  239
  217  190  174  162  166  167  175  173  175  169  172  167  168  164  170  177
  195  219  244  268  289  310  326  346  360  374  383  393  399  405  407  407
  405  403  403  404  419  430  461  473  416                                   
    17.5-180.0 180.0   5.0 450.0                            LAT/LON1/LON2/DLON/H
  436  441  458  451  447  440  440  442  435  431  415  410  397  384  368  349
  327  307  293  286  285  296  316  330  340  333  322  304  283  265  242  220
  192  170  155  151  152  159  162  163  159  154  153  148  148  143  149  158
  183  208  239  262  285  303  324  343  358  368  383  398  411  421  426  425
  425  421  425  427  441  454  471  483  436                                   
    15.0-180.0 180.0   5.0 450.0                            LAT/LON1/LON2/DLON/H
  458  452  468  450  455  446  453  451  452  447  436  428  415  400  382  362
  341  319  303  292  295  303  323  332  334  321  302  280  261  237  220  192
  172  151  142  136  141  143  146  140  138  133  132  127  128  122  132  142
  170  202  235  261  281  300  319  343  359  373  385  403  415  431  434  443
  438  443  443  450  459  467  478  486  458                                   
    12.5-180.0 180.0   5.0 450.0                            LAT/LON1/LON2/DLON/H
  473  468  477  467  467  460  466  464  465  464  454  448  432  416  396  372
  352  328  307  297  296  305  321  325  317  300  277  252  228  210  190  174
  155  143  134  133  134  136  134  129  124  118  118  113  113  109  121  136
  167  200  234  257  278  294  322  350  372  384  397  415  429  442  454  461
  463  466  468  474  480  485  488  491  473                                   
    10.0-180.0 180.0   5.0 450.0                            LAT/LON1/LON2/DLON/H
  489  478  482  466  469  463  473  468  473  467  464  453  441  420  400  371
  350  324  306  290  290  292  304  304  289  266  241  215  198  180  173  157
  148  136  134  130  128  125  119  112  106  104  104  100  102   97  110  126
  158  192  228  250  270  292  326  359  382  401  413  431  442  459  467  479
  478  485  485  493  498  499  497  501  489                                   
     7.5-180.0 180.0   5.0 450.0                            LAT/LON1/LON2/DLON/H
  498  491  489  480  474  474  482  483  487  483  480  467  454  428  406  372
  347  316  299  282  278  277  284  277  256  229  203  182  167  165  159  155
