data/unet/pred0430.15i
     1.0            IONOSPHERE MAPS     GNSS                IONEX VERSION / TYPE
pyspatialgeodesy        IME             05-JAN-18 20:20     PGM / RUN BY / DATE 
Map Name                                                    COMMENT             
Predicted global ionosphere maps (GIM).                     DESCRIPTION         
  2015     2    12     0     0     0                        EPOCH OF FIRST MAP  
  2015     2    13     0     0     0                        EPOCH OF LAST MAP   
  7200                                                      INTERVAL            
    13                                                      # OF MAPS IN FILE   
  NONE                                                      MAPPING FUNCTION    
10.0                                                        ELEVATION CUTOFF    
One-way carrier phase leveled to code                       OBSERVABLES USED    
  6371.0                                                    BASE RADIUS         
 2                                                          MAP DIMENSION       
   450.0 450.0   0.0                                        HGT1 / HGT2 / DHGT  
    87.5 -87.5  -2.5                                        LAT1 / LAT2 / DLAT  
  -180.0 180.0   5.0                                        LON1 / LON2 / DLON  
    -1                                                      EXPONENT            
                                                            END OF HEADER       
[from data line 2574]
     7                                                      START OF TEC MAP    
  2015     2    12    12     0     0                        EPOCH OF CURRENT MAP
    87.5-180.0 180.0   5.0 450.0                            LAT/LON1/LON2/DLON/H
   89  100  106  109  113  114  119  119  123  122  126  126  129  129  130  129
  130  128  128  125  124  122  120  119  117  116  114  114  113  114  112  112
  110  111  109  109  107  106  104  103  101   99   97   95   93   90   88   86
   85   83   80   80   78   78   76   77   76   77   76   78   78   80   79   82
   83   87   88   93   95   93  105   87   89                                   
    85.0-180.0 180.0   5.0 450.0                            LAT/LON1/LON2/DLON/H
   87   84   90   95  101  103  110  110  115  115  119  119  122  121  124  123
  124  122  123  122  122  120  120  119  118  118  117  118  117  117  116  116
  114  113  112  110  108  105  104  101  100   97   95   91   89   87   81   78
   73   70   65   63   59   59   54   56   52   55   51   54   53   57   54   58
   58   63   63   68   71   78   86   96   87                                   
    82.5-180.0 180.0   5.0 450.0                            LAT/LON1/LON2/DLON/H
   80   76   82   85   91   95   99  103  106  109  111  113  116  116  118  118
  120  119  120  119  120  118  118  116  117  116  118  118  119  119  120  120
  121  120  120  118  116  113  109  106  101   96   92   86   82   75   71   66
   62   57   55   51   50   48   47   47   44   44   41   41   41   43   43   45
   47   49   51   53   57   58   65   72   80                                   
    80.0-180.0 180.0   5.0 450.0                            LAT/LON1/LON2/DLON/H
   75   69   70   70   81   82   93   93  101   99  105  105  110  107  112  109
  113  109  113  111  114  111  115  113  117  116  119  121  124  126  128  130
  132  133  133  133  131  129  125  121  118  111  108  100   97   89   85   79
   74   68   65   62   58   57   54   53   51   51   47   48   45   47   45   45
   47   46   49   46   50   47   58   62   75                                   
    77.5-180.0 180.0   5.0 450.0                            LAT/LON1/LON2/DLON/H
   71   65   61   65   70   74   78   83   85   88   89   93   93   94   94   95
   93   94   93   96   94   99   99  105  104  111  113  120  122  130  132  140
  141  146  148  150  150  147  145  140  137  132  127  121  115  110  104   98
   92   87   83   79   76   72   70   65   65   61   63   59   59   56   56   54
   54   54   54   52   49   48   52   56   71                                   
    75.0-180.0 180.0   5.0 450.0                            LAT/LON1/LON2/DLON/H
   72   59   58   58   65   65   71   72   77   76   79   79   81   78   79   75
   77   73   76   77   82   83   90   92  100  103  112  115  123  130  139  146
  153  158  163  166  170  172  170  169  163  160  156  151  145  141  135  129
  121  117  110  107  100   98   92   90   86   84   81   81   78   78   75   73
   70   68   64   61   56   55   57   60   72                                   
    72.5-180.0 180.0   5.0 450.0                            LAT/LON1/LON2/DLON/H
   73   66   57   63   63   66   68   70   71   71   71   69   68   66   65   61
   61   59   62   64   69   74   81   88   96  104  111  120  126  138  146  158
  165  173  179  183  189  190  194  190  190  183  182  174  173  167  166  159
  154  147  141  134  129  120  116  108  106   99   98   93   93   89   89   86
   84   82   77   74   66   64   63   68   73                                   
    70.0-180.0 180.0   5.0 450.0                            LAT/LON1/LON2/DLON/H
   78   68   63   64   70   68   75   70   75   69   70   66   64   59   57   52
   52   48   52   54   63   67   80   87  101  106  118  124  135  144  155  165
  176  185  194  202  208  215  214  215  213  211  206  202  200  196  192  184
  178  170  163  154  148  137  131  120  113  107  101  100   96   97   95   95
   93   92   87   83   74   74   72   75   78                                   
    67.5-180.0 180.0   5.0 450.0                            LAT/LON1/LON2/DLON/H
   79   75   65   70   71   73   74   74   74   69   66   62   57   53   49   46
   45   44   49   52   61   69   81   93  104  116  125  136  142  155  162  178
  185  198  204  216  223  228  230  229  232  229  228  223  226  222  219  209
  202  191  182  172  162  151  140  128  117  107  100   94   91   89   89   89
   90   91   88   85   80   76   75   84   79                                   
    65.0-180.0 180.0   5.0 450.0                            LAT/LON1/LON2/DLON/H
   78   74   70   67   78   73   81   75   80   70   71   62   59   53   50   46
   45   44   48   51   60   68   81   93  108  119  129  138  147  158  167  183
  193  207  215  229  235  243  242  246  246  249  247  248  248  247  238  230
  219  205  193  179  166  150  139  121  110   96   86   79   75   73   73   75
   78   80   80   79   76   77   77   84   78                                   
    62.5-180.0 180.0   5.0 450.0                            LAT/LON1/LON2/DLON/H
   69   71   64   68   70   72   75   75   75   70   67   61   57   51   48   46
   45   44   50   52   62   67   80   96  110  123  132  145  151  165  172  190
  199  212  223  235  241  245  248  250  254  254  257  257  263  259  250  237
  226  211  197  185  171  156  137  121  102   87   72   64   57   54   53   57
   61   65   69   71   70   68   69   83   69                                   
    60.0-180.0 180.0   5.0 450.0                            LAT/LON1/LON2/DLON/H
   67   65   62   61   70   65   75   68   77   65   70   58   58   49   50   47
   48   47   50   53   59   65   76   94  107  123  132  144  152  168  177  194
  206  220  232  244  248  252  255  260  262  266  266  273  272  273  259  247
  235  219  206  189  176  153  137  115   97   79   66   55   49   44   43   44
   48   52   57   60   60   63   66   75   67                                   
    57.5-180.0 180.0   5.0 450.0                            LAT/LON1/LON2/DLON/H
   64   63   57   57   60   60   64   64   67   62   62   56   53   49   49   47
   49   49   53   53   59   63   74   87  104  120  133  147  156  173  184  201
  211  229  240  249  252  256  261  266  269  273  279  283  285  279  267  254
  242  228  214  199  183  165  141  124  103   88   71   62   53   50   45   45
   46   49   53   56   59   60   61   69   64                                   
    55.0-180.0 180.0   5.0 450.0                            LAT/LON1/LON2/DLON/H
   71   58   54   52   56   54   62   57   66   56   62   51   55   46   51   47
   53   51   54   52   56   60   70   86  100  121  132  148  160  179  191  208
  223  240  252  261  264  270  271  281  280  289  288  300  295  294  282  273
  261  248  234  216  197  177  153  133  116  101   86   76   68   64   58   54
   52   53   55   59   60   63   66   65   71                                   
    52.5-180.0 180.0   5.0 450.0                            LAT/LON1/LON2/DLON/H
   78   64   55   52   52   51   53   54   58   54   57   50   50   45   49   47
   52   51   53   53   56   60   70   84  104  123  139  155  170  187  202  218
  233  252  260  271  274  280  283  288  294  298  306  309  308  303  297  286
  277  265  252  233  215  194  170  151  135  124  111  104   97   94   88   80
   74   69   70   70   72   70   71   72   78                                   
    50.0-180.0 180.0   5.0 450.0                            LAT/LON1/LON2/DLON/H
   93   71   64   58   59   56   61   54   62   55   61   52   55   48   54   50
   56   54   56   52   56   60   72   90  111  131  149  165  181  198  211  228
  245  262  271  283  289  297  296  306  306  318  315  323  319  320  312  307
  297  287  271  254  231  210  182  162  149  140  132  129  124  122  116  109
   97   89   85   85   83   87   87   84   93                                   
    47.5-180.0 180.0   5.0 450.0                            LAT/LON1/LON2/DLON/H
  105   91   79   73   71   69   70   66   69   65   67   59   59   52   54   52
   57   56   58   57   60   67   80  101  126  146  165  181  195  208  220  235
  251  268  277  290  298  305  309  316  324  328  333  331  332  328  325  315
  307  293  280  261  238  215  190  169  157  150  146  146  145  144  140  133
  123  111  106  101   99   98   99  105  105                                   
    45.0-180.0 180.0   5.0 450.0                            LAT/LON1/LON2/DLON/H
  118  108   98   93   94   90   92   85   86   79   81   73   73   65   66   61
   66   64   66   65   69   78   93  118  143  163  183  198  207  218  225  240
  253  269  281  297  310  319  325  337  339  346  339  342  337  337  330  325
  313  302  286  268  240  215  184  164  152  146  142  144  145  149  146  141
  131  124  117  113  108  112  112  121  118                                   
    42.5-180.0 180.0   5.0 450.0                            LAT/LON1/LON2/DLON/H
  125  121  114  112  113  107  109  100  100   93   94   86   86   75   75   69
   72   72   74   75   79   91  111  134  161  180  198  208  214  219  224  235
  248  264  280  302  320  333  344  352  359  359  356  351  349  342  337  324
  315  298  282  262  235  207  178  157  145  135  130  130  133  136  136  131
  127  120  120  114  113  112  119  132  125                                   
    40.0-180.0 180.0   5.0 450.0                            LAT/LON1/LON2/DLON/H
  126  126  122  122  128  125  124  115  113  109  108  104  101   91   88   83
   85   85   87   88   94  108  128  153  178  198  210  217  220  221  224  234
  247  265  289  313  340  355  367  379  380  382  368  368  357  354  341  333
  317  305  284  266  239  208  178  156  140  127  119  113  112  115  115  113
  112  110  111  108  108  109  114  126  126                                   
    37.5-180.0 180.0   5.0 450.0                            LAT/LON1/LON2/DLON/H
  119  121  121  124  130  129  130  122  121  116  116  113  110  100   98   94
   95   95   96   98  102  120  141  167  189  207  216  222  222  222  224  235
  251  274  302  329  359  376  393  400  406  403  394  387  378  369  358  345
  332  316  296  278  253  229  200  177  159  141  128  119  111  106  102  100
  101  101  104  102  102  103  104  116  119                                   
    35.0-180.0 180.0   5.0 450.0                            LAT/LON1/LON2/DLON/H
  112  110  113  118  129  131  133  124  125  121  123  122  119  112  107  105
  105  104  104  106  112  131  152  181  201  217  220  225  226  227  233  246
  267  294  329  358  390  408  425  437  437  440  424  424  408  402  385  378
  361  350  327  314  290  271  238  214  196  180  163  146  131  122  115  111
  108  101   97   90   93   94  103  102  112                                   
    32.5-180.0 180.0   5.0 450.0                            LAT/LON1/LON2/DLON/H
  111  106  107  112  120  125  128  125  122  120  120  123  119  114  111  110
  108  107  106  109  116  137  159  189  206  220  227  233  235  239  248  265
  291  324  361  393  424  444  464  470  475  473  468  466  456  450  435  428
  415  407  395  385  369  353  327  297  276  247  233  207  196  176  167  149
  138  123  112   98   92   91   91   80  111                                   
    30.0-180.0 180.0   5.0 450.0                            LAT/LON1/LON2/DLON/H
   97   93   96  109  116  118  122  117  117  114  118  120  121  114  113  108
  107  105  107  110  119  145  169  197  213  227  236  243  251  260  277  300
  336  369  414  445  478  496  512  520  520  523  514  517  508  503  491  484
  476  472  468  466  459  447  428  403  374  339  309  278  255  229  203  185
  170  160  142  127  118  107  107   77   97                                   
    27.5-180.0 180.0   5.0 450.0                            LAT/LON1/LON2/DLON/H
  104  111  110  104  114  122  121  117  113  111  110  115  113  109  104  103
  102  102  103  110  123  150  175  203  218  235  245  258  273  290  317  344
  388  421  465  494  526  544  565  570  577  577  577  581  574  577  564  566
  559  565  567  572  576  572  578  562  549  489  461  406  380  340  306  270
  245  217  198  171  158  131  123   86  104                                   
    25.0-180.0 180.0   5.0 450.0                            LAT/LON1/LON2/DLON/H
  128  119  116  125  121  118  117  110  110  104  109  109  112  105  104   97
  100   96  102  111  129  162  189  214  232  246  264  280  308  328  370  395
  448  477  529  549  585  602  623  630  634  638  638  646  644  648  644  648
  652  656  668  679  702  709  712  697  681  640  592  556  512  480  435  390
  347  310  271  236  204  182  162  140  128                                   
    22.5-180.0 180.0   5.0 450.0                            LAT/LON1/LON2/DLON/H
  172  163  144  133  135  137  134  124  114  108  107  108  105  103   96   94
   93   94  100  115  137  170  200  225  243  263  283  308  339  368  415  457
  509  546  580  607  638  656  673  682  686  693  693  706  701  714  711  719
  724  736  749  765  793  803  799  778  756  726  681  659  619  580  527  496
  453  419  378  334  289  249  221  191  172                                   
    20.0-180.0 180.0   5.0 450.0                            LAT/LON1/LON2/DLON/H
  219  199  173  163  149  151  143  144  128  118  112  105  107   99  102   92
   93   91   99  117  143  184  213  237  256  277  304  334  374  418  473  521
  569  595  632  645  677  685  705  714  721  729  733  739  743  747  749  752
  766  772  791  805  836  834  826  804  777  748  702  678  657  635  590  554
  507  478  443  405  370  321  285  255  219                                   
    17.5-180.0 180.0   5.0 450.0                            LAT/LON1/LON2/DLON/H
  270  238  214  185  169  153  151  155  152  137  125  118  112  112  105  102
   95   98  104  125  152  197  223  247  262  290  321  361  406  466  521  571
  605  634  659  679  697  711  727  740  746  759  760  770  766  768  769  776
  788  796  808  815  833  832  823  795  766  721  685  662  652  632  613  578
  546  509  478  449  424  379  334  302  270                                   
    15.0-180.0 180.0   5.0 450.0                            LAT/LON1/LON2/DLON/H
  299  276  250  221  187  172  154  153  147  151  139  130  119  113  108  104
  103  103  111  132  160  204  227  253  273  309  345  393  440  500  548  588
  622  651  674  680  698  706  731  738  758  765  774  775  779  779  783  788
  799  800  801  793  796  784  778  752  717  667  627  614  601  593  574  565
  533  512  477  451  426  389  361  327  299                                   
    12.5-180.0 180.0   5.0 450.0                            LAT/LON1/LON2/DLON/H
  312  290  276  243  211  185  165  156  151  152  151  144  131  127  115  111
  106  113  119  144  168  209  231  255  274  320  361  417  470  520  566  603
  637  660  674  682  692  709  731  747  765  780  785  790  786  788  787  794
  799  794  783  764  751  731  709  679  631  575  544  522  517  516  513  518
  502  491  462  440  420  390  371  336  312                                   
    10.0-180.0 180.0   5.0 450.0                            LAT/LON1/LON2/DLON/H
  302  290  270  250  221  192  170  161  146  143  138  141  135  131  119  117
  107  115  126  151  180  216  240  271  297  341  382  437  484  530  565  601
  627  649  654  658  674  691  718  734  761  771  783  783  785  785  784  789
  789  779  762  740  720  694  662  623  559  493  462  427  427  431  439  445
  444  441  429  419  400  374  366  324  302                                   
     7.5-180.0 180.0   5.0 450.0                            LAT/LON1/LON2/DLON/H
  282  285  274  257  228  200  181  165  151  141  134  134  134  132  120  117
  107  119  122  153  178  212  227  268  302  348  394  452  499  535  571  600
