data/unet/pred1980.15i
     1.0            IONOSPHERE MAPS     GNSS                IONEX VERSION / TYPE
pyspatialgeodesy        IME             05-JAN-18 20:20     PGM / RUN BY / DATE 
Map Name                                                    COMMENT             
Predicted global ionosphere maps (GIM).                     DESCRIPTION         
  2015     7    17     0     0     0                        EPOCH OF FIRST MAP  
  2015     7    18     0     0     0                        EPOCH OF LAST MAP   
  7200                                                      INTERVAL            
    13                                                      # OF MAPS IN FILE   
  NONE                                                      MAPPING FUNCTION    
10.0                                                        ELEVATION CUTOFF    
One-way carrier phase leveled to code                       OBSERVABLES USED    
  6371.0                                                    BASE RADIUS         
 2                                                          MAP DIMENSION       
   450.0 450.0   0.0                                        HGT1 / HGT2 / DHGT  
    87.5 -87.5  -2.5                                        LAT1 / LAT2 / DLAT  
  -180.0 180.0   5.0                                        LON1 / LON2 / DLON  
    -1                                                      EXPONENT            
                                                            END OF HEADER       
[from data line 1287]
     4                                                      START OF TEC MAP    
  2015     7    17     6     0     0                        EPOCH OF CURRENT MAP
    87.5-180.0 180.0   5.0 450.0                            LAT/LON1/LON2/DLON/H
  146  168  164  163  165  161  164  162  166  163  167  164  167  164  167  163
  166  162  164  160  162  159  161  158  160  157  159  157  159  156  157  155
  157  154  156  153  156  153  155  153  155  153  154  153  155  153  154  152
  155  152  154  152  154  153  153  152  153  152  152  152  153  152  153  152
  154  154  156  154  157  150  163  139  146                                   
    85.0-180.0 180.0   5.0 450.0                            LAT/LON1/LON2/DLON/H
  153  160  149  158  155  154  153  156  156  159  158  161  160  163  161  163
  161  162  159  160  157  158  155  155  153  153  152  151  150  149  148  147
  146  145  144  144  143  143  142  142  142  142  142  143  144  145  145  146
  148  149  148  150  151  152  151  152  152  153  152  152  152  152  151  150
  151  150  151  150  149  142  149  151  153                                   
    82.5-180.0 180.0   5.0 450.0                            LAT/LON1/LON2/DLON/H
  149  147  144  147  144  143  144  146  148  149  152  153  155  155  157  157
  158  156  156  154  153  152  150  149  147  147  145  146  143  143  141  141
  139  138  136  135  134  133  132  132  133  133  134  135  138  139  141  144
  147  149  151  154  157  158  158  160  159  160  158  158  157  158  154  155
  152  153  151  152  146  147  146  140  149                                   
    80.0-180.0 180.0   5.0 450.0                            LAT/LON1/LON2/DLON/H
  153  146  140  140  139  137  140  141  144  145  149  149  152  153  155  154
  156  154  154  151  151  148  147  143  142  138  137  134  133  131  130  129
  128  127  126  125  125  123  123  122  123  123  125  126  131  133  137  142
  148  151  156  159  163  164  166  166  168  166  167  164  165  161  161  157
  157  153  154  148  146  139  141  136  153                                   
    77.5-180.0 180.0   5.0 450.0                            LAT/LON1/LON2/DLON/H
  148  139  135  136  137  137  138  139  141  143  146  148  150  152  153  153
  153  152  151  148  145  142  138  134  131  128  125  124  122  123  121  122
  121  122  122  122  122  121  121  120  122  122  125  128  133  139  144  151
  158  163  168  173  177  179  180  181  182  181  181  180  179  175  173  169
  165  161  160  153  149  144  140  134  148                                   
    75.0-180.0 180.0   5.0 450.0                            LAT/LON1/LON2/DLON/H
  152  143  136  134  130  129  126  128  127  131  132  137  137  142  141  145
  141  144  138  139  131  130  122  121  113  114  108  110  106  111  109  113
  113  117  117  120  120  120  120  120  121  123  125  131  136  144  150  158
  165  173  179  183  187  188  190  188  189  187  187  184  183  179  177  172
  169  164  162  156  150  147  145  137  152                                   
    72.5-180.0 180.0   5.0 450.0                            LAT/LON1/LON2/DLON/H
  151  144  136  133  128  123  121  119  120  120  124  125  129  131  133  134
  135  132  130  125  121  115  111  105  101   96   95   93   95   97  101  106
  110  114  117  120  122  123  123  124  126  128  133  139  146  153  161  169
  179  185  191  193  197  195  197  193  194  190  191  188  188  185  184  178
  177  172  171  164  159  153  146  141  151                                   
    70.0-180.0 180.0   5.0 450.0                            LAT/LON1/LON2/DLON/H
  157  151  143  139  128  124  117  117  113  116  116  121  122  127  126  131
  128  130  123  122  113  111  101   98   89   87   82   85   85   91   95  102
  108  114  119  123  126  128  129  130  132  135  140  149  156  167  174  183
  190  193  196  194  196  190  190  185  186  182  185  183  187  183  184  179
  180  174  175  169  166  157  149  147  157                                   
    67.5-180.0 180.0   5.0 450.0                            LAT/LON1/LON2/DLON/H
  160  155  147  142  135  125  119  113  112  110  112  114  118  120  122  123
  124  122  120  116  111  104   98   90   86   79   78   77   81   85   93  101
  108  116  120  127  129  133  132  136  138  143  150  158  169  178  187  192
  197  197  198  193  191  183  180  173  173  171  174  175  180  180  182  180
  180  178  178  175  175  165  152  150  160                                   
    65.0-180.0 180.0   5.0 450.0                            LAT/LON1/LON2/DLON/H
  167  162  155  150  139  131  120  116  110  110  109  112  113  117  118  120
  120  119  115  113  106  101   92   87   79   76   72   74   77   83   91  100
  109  115  123  128  133  135  137  139  144  150  158  168  178  187  192  195
  198  194  192  183  178  167  162  156  155  154  157  161  167  169  173  172
  174  173  176  174  176  167  155  156  167                                   
    62.5-180.0 180.0   5.0 450.0                            LAT/LON1/LON2/DLON/H
  169  166  158  153  147  135  127  117  112  108  107  107  109  109  112  112
  114  112  111  107  103   96   91   84   79   74   73   73   77   82   91  101
  109  117  122  132  135  140  141  145  149  156  167  176  186  190  196  196
  198  192  187  177  169  159  153  148  147  147  150  153  159  163  167  168
  169  170  172  173  175  168  155  159  169                                   
    60.0-180.0 180.0   5.0 450.0                            LAT/LON1/LON2/DLON/H
  175  172  166  160  151  141  130  122  113  108  103  103  102  104  104  106
  107  106  104  100   97   91   85   79   76   71   72   72   77   82   91   99
  108  114  122  129  135  138  143  147  153  162  173  183  192  196  198  199
  198  191  185  175  168  158  153  149  146  147  147  152  156  160  162  163
  163  163  165  166  169  167  157  164  175                                   
    57.5-180.0 180.0   5.0 450.0                            LAT/LON1/LON2/DLON/H
  176  178  172  168  161  151  141  130  120  112  106  102  100   98   98   97
   99   97   97   93   92   85   83   77   76   72   74   74   79   84   92  100
  107  113  119  128  134  140  145  150  158  166  180  188  197  201  205  204
  204  198  192  185  178  171  165  161  159  156  157  159  162  163  165  164
  163  163  165  167  168  169  159  167  176                                   
    55.0-180.0 180.0   5.0 450.0                            LAT/LON1/LON2/DLON/H
  183  186  185  181  173  163  153  143  129  119  106  101   94   93   89   89
   90   89   88   86   84   80   78   74   74   73   75   75   81   84   92   99
  106  111  117  124  133  138  147  151  164  173  188  196  205  208  212  210
  211  206  203  199  197  191  187  180  174  172  168  170  168  170  168  167
  164  164  164  166  167  171  164  176  183                                   
    52.5-180.0 180.0   5.0 450.0                            LAT/LON1/LON2/DLON/H
  189  193  195  195  189  179  168  156  143  128  113  103   95   89   86   83
   84   82   83   80   81   76   77   73   76   74   78   79   84   88   94  100
  104  110  115  124  133  142  151  159  172  184  198  207  216  219  225  224
  226  223  223  221  223  220  218  212  205  197  190  185  183  179  177  173
  170  169  170  171  175  177  173  185  189                                   
    50.0-180.0 180.0   5.0 450.0                            LAT/LON1/LON2/DLON/H
  199  205  208  208  206  197  188  173  158  141  122  109   94   88   81   80
   78   78   78   77   77   75   75   76   77   79   82   84   88   91   97  100
  106  111  117  123  136  145  158  165  183  192  210  218  228  231  239  240
  243  242  243  244  246  245  244  236  230  220  210  203  196  192  186  184
  179  180  179  180  183  188  183  197  199                                   
    47.5-180.0 180.0   5.0 450.0                            LAT/LON1/LON2/DLON/H
  209  212  215  218  216  210  202  186  170  152  132  114  100   90   84   80
   80   78   80   78   81   79   82   80   84   84   88   89   92   95   98  101
  105  110  115  126  139  151  164  176  192  205  219  232  241  248  257  258
  263  262  265  266  271  270  270  261  252  241  231  221  214  206  202  197
  195  193  196  195  200  202  199  207  209                                   
    45.0-180.0 180.0   5.0 450.0                            LAT/LON1/LON2/DLON/H
  220  220  222  224  224  218  212  198  181  162  141  122  103   94   83   82
   79   81   81   83   84   86   87   90   91   93   94   96   98  100  103  105
  107  112  119  127  144  155  171  181  201  211  228  239  252  261  272  276
  280  279  279  279  283  281  284  273  266  254  244  233  225  219  213  211
  207  208  210  211  213  217  210  218  220                                   
    42.5-180.0 180.0   5.0 450.0                            LAT/LON1/LON2/DLON/H
  225  225  223  225  225  221  214  203  187  168  148  129  112  101   92   87
   87   87   90   93   96   98  101  101  103  102  102  101  102  103  104  105
  107  111  120  130  146  161  176  188  204  218  233  250  263  278  290  295
  300  298  299  298  301  299  298  291  283  272  260  249  240  232  229  225
  223  223  225  226  228  229  222  226  225                                   
    40.0-180.0 180.0   5.0 450.0                            LAT/LON1/LON2/DLON/H
  233  225  221  221  219  216  211  202  188  170  151  132  116  105   93   92
   89   94   95  102  105  111  113  115  114  114  110  110  109  110  110  111
  111  114  120  129  146  159  179  188  210  221  241  259  276  292  306  312
  316  313  314  312  314  311  312  303  298  288  278  267  257  249  243  240
  239  239  240  241  241  240  232  235  233                                   
    37.5-180.0 180.0   5.0 450.0                            LAT/LON1/LON2/DLON/H
  238  229  220  216  214  211  206  197  184  170  152  137  124  113  105  101
  101  103  108  114  120  125  129  130  128  125  120  118  115  116  118  119
  122  122  129  135  151  165  182  193  211  227  245  266  285  305  320  329
  333  332  334  333  335  334  333  327  322  315  305  293  282  272  265  261
  259  260  259  260  258  254  247  246  238                                   
    35.0-180.0 180.0   5.0 450.0                            LAT/LON1/LON2/DLON/H
  250  234  221  213  205  200  194  187  177  164  151  136  126  116  109  107
  106  110  115  125  130  139  142  144  142  137  131  130  125  127  127  128
  127  128  131  138  151  164  181  191  210  227  247  270  292  311  328  339
  346  349  352  354  358  358  359  355  353  344  336  322  312  297  289  281
  281  279  281  278  276  272  263  259  250                                   
    32.5-180.0 180.0   5.0 450.0                            LAT/LON1/LON2/DLON/H
  266  251  233  218  205  197  188  182  173  164  152  143  134  126  120  116
  116  117  123  131  141  149  155  156  154  147  142  139  136  137  140  139
  142  138  146  148  163  171  186  195  210  226  247  272  295  315  333  346
  356  365  374  381  389  393  395  393  391  383  374  358  346  330  319  309
  306  305  305  302  301  294  287  283  266                                   
    30.0-180.0 180.0   5.0 450.0                            LAT/LON1/LON2/DLON/H
  291  271  248  232  214  198  187  176  168  158  151  142  137  131  127  123
  122  123  128  138  148  158  164  166  165  158  152  151  146  146  143  143
  140  137  139  146  159  171  183  192  206  220  242  268  294  313  332  348
  362  376  392  409  423  434  439  440  435  425  412  395  380  362  350  338
  339  333  333  330  328  323  316  311  291                                   
    27.5-180.0 180.0   5.0 450.0                            LAT/LON1/LON2/DLON/H
  321  302  274  257  238  221  202  190  178  170  161  155  150  144  140  135
  132  130  134  141  153  162  170  172  173  166  161  158  157  153  155  147
  149  140  147  148  165  172  184  191  205  214  235  261  288  309  328  345
  362  380  404  427  449  467  476  480  474  465  448  428  411  391  378  368
  366  363  362  357  356  354  349  342  321                                   
    25.0-180.0 180.0   5.0 450.0                            LAT/LON1/LON2/DLON/H
  356  339  307  285  262  241  219  199  188  176  169  160  156  149  146  140
  137  134  138  146  158  169  177  178  179  173  168  165  159  155  150  146
  141  137  137  142  157  165  179  184  199  207  229  252  282  299  320  336
  355  381  411  443  470  495  508  513  507  494  476  457  439  421  406  395
  393  388  388  384  381  383  379  373  356                                   
    22.5-180.0 180.0   5.0 450.0                            LAT/LON1/LON2/DLON/H
  385  376  347  325  294  272  244  223  205  196  186  179  172  167  160  154
  147  143  143  150  161  171  179  180  181  176  170  164  159  150  144  135
  130  125  127  136  149  162  175  185  197  206  222  245  271  290  311  326
  345  374  410  446  475  505  518  528  521  511  492  474  458  440  427  417
  413  409  406  404  403  407  405  398  385                                   
    20.0-180.0 180.0   5.0 450.0                            LAT/LON1/LON2/DLON/H
  409  406  382  361  331  302  273  248  228  213  201  190  184  176  170  160
  155  148  152  156  168  176  185  184  184  177  170  162  154  143  134  123
  120  112  120  124  143  155  173  184  200  208  228  244  274  287  310  321
  344  373  409  444  471  500  514  526  522  512  497  483  473  458  447  439
  434  429  424  423  422  426  425  416  409                                   
    17.5-180.0 180.0   5.0 450.0                            LAT/LON1/LON2/DLON/H
  419  422  404  389  362  332  296  270  248  232  217  206  194  191  181  175
  165  160  158  163  171  178  186  186  182  176  165  155  141  127  114  103
   94   94   98  111  128  151  171  190  206  219  232  253  275  292  309  321
  343  371  403  433  454  476  491  508  509  505  493  486  478  469  459  453
  446  442  437  436  434  439  434  427  419                                   
    15.0-180.0 180.0   5.0 450.0                            LAT/LON1/LON2/DLON/H
  426  428  415  404  382  354  316  291  264  250  233  223  211  203  198  187
  179  170  170  171  179  182  190  186  181  170  158  143  130  112  103   88
   86   82   90   97  120  143  169  189  210  222  241  253  286  295  316  324
  348  372  399  419  433  450  465  481  492  489  488  485  485  480  474  468
  460  455  447  446  445  445  444  434  426                                   
    12.5-180.0 180.0   5.0 450.0                            LAT/LON1/LON2/DLON/H
  421  426  413  400  383  357  321  294  271  257  243  233  219  213  203  198
  186  181  176  177  181  183  184  180  170  162  143  130  112   97   85   76
   72   70   75   85  107  138  166  190  211  230  243  265  285  303  316  330
  348  370  390  404  412  426  438  460  473  481  481  485  487  485  480  476
  468  462  455  452  451  450  446  439  421                                   
    10.0-180.0 180.0   5.0 450.0                            LAT/LON1/LON2/DLON/H
  417  417  403  391  372  349  314  292  267  259  245  242  231  226  218  210
  201  193  191  187  188  185  182  172  160  147  131  116  104   91   83   73
   67   64   68   81  101  138  164  194  214  233  249  266  293  307  325  336
  356  374  393  403  407  417  430  450  470  483  489  493  495  496  491  487
  478  470  461  456  454  449  446  441  417                                   
     7.5-180.0 180.0   5.0 450.0                            LAT/LON1/LON2/DLON/H
  410  411  393  376  359  334  304  281  260  252  244  240  233  230  222  216
  204  198  193  187  185  178  171  159  144  131  114  102   90   81   76   66
