data/unet/pred3340.15i
     1.0            IONOSPHERE MAPS     GNSS                IONEX VERSION / TYPE
pyspatialgeodesy        IME             05-JAN-18 20:20     PGM / RUN BY / DATE 
Map Name                                                    COMMENT             
Predicted global ionosphere maps (GIM).                     DESCRIPTION         
  2015    11    30     0     0     0                        EPOCH OF FIRST MAP  
  2015    12     1     0     0     0                        EPOCH OF LAST MAP   
  7200                                                      INTERVAL            
    13                                                      # OF MAPS IN FILE   
  NONE                                                      MAPPING FUNCTION    
10.0                                                        ELEVATION CUTOFF    
One-way carrier phase leveled to code                       OBSERVABLES USED    
  6371.0                                                    BASE RADIUS         
 2                                                          MAP DIMENSION       
   450.0 450.0   0.0                                        HGT1 / HGT2 / DHGT  
    87.5 -87.5  -2.5                                        LAT1 / LAT2 / DLAT  
  -180.0 180.0   5.0                                        LON1 / LON2 / DLON  
    -1                                                      EXPONENT            
                                                            END OF HEADER       
[from data line 2574]
     7                                                      START OF TEC MAP    
  2015    11    30    12     0     0                        EPOCH OF CURRENT MAP
    87.5-180.0 180.0   5.0 450.0                            LAT/LON1/LON2/DLON/H
   73   72   65   69   64   65   62   63   60   61   59   60   58   59   57   58
   56   57   55   57   54   56   54   56   53   56   54   56   54   57   54   58
   55   58   55   59   56   60   58   62   60   63   62   65   63   67   65   68
   66   70   68   71   69   72   70   73   71   73   71   73   71   73   70   72
   69   71   69   70   69   69   75   76   73                                   
    85.0-180.0 180.0   5.0 450.0                            LAT/LON1/LON2/DLON/H
   76   74   63   60   59   57   58   57   56   55   54   53   52   51   50   49
   49   48   47   47   47   46   46   46   46   47   47   48   49   50   52   53
   55   56   58   58   60   60   63   62   65   64   66   66   68   68   69   69
   71   71   73   73   74   74   75   75   76   76   76   75   76   74   74   72
   72   69   70   66   67   67   72   73   76                                   
    82.5-180.0 180.0   5.0 450.0                            LAT/LON1/LON2/DLON/H
   77   66   56   56   51   51   47   49   45   46   42   43   39   40   36   38
   34   36   32   35   31   35   32   35   32   36   33   38   35   40   39   44
   42   47   45   51   47   53   50   56   52   58   53   60   55   61   56   63
   58   65   61   66   64   69   66   71   69   72   70   72   69   71   67   69
   65   66   62   61   58   57   55   54   77                                   
    80.0-180.0 180.0   5.0 450.0                            LAT/LON1/LON2/DLON/H
   63   52   48   47   46   45   45   43   43   40   40   37   37   33   33   30
   31   27   29   27   29   26   30   27   31   28   33   32   36   36   42   42
   46   47   50   50   52   52   53   53   53   53   54   53   53   53   54   55
   56   56   58   59   61   62   64   64   65   64   66   64   65   62   63   59
   60   56   56   51   52   44   44   45   63                                   
    77.5-180.0 180.0   5.0 450.0                            LAT/LON1/LON2/DLON/H
   57   47   38   39   37   40   37   40   36   36   34   34   30   30   28   28
   26   26   26   27   26   28   26   29   27   31   31   36   36   43   44   50
   49   55   53   58   54   59   54   58   52   56   51   52   48   51   48   50
   48   51   49   53   51   55   54   57   54   58   55   57   54   54   52   51
   48   47   44   43   41   37   36   31   57                                   
    75.0-180.0 180.0   5.0 450.0                            LAT/LON1/LON2/DLON/H
   51   42   37   37   37   38   37   37   37   35   35   32   33   29   31   29
   31   29   31   30   32   31   33   32   35   35   39   40   46   49   55   57
   62   65   68   69   70   69   69   65   63   60   58   55   53   51   50   49
   48   48   48   49   49   50   52   52   53   53   55   53   53   50   51   47
   47   43   43   39   39   32   36   30   51                                   
    72.5-180.0 180.0   5.0 450.0                            LAT/LON1/LON2/DLON/H
   50   44   34   37   36   38   36   37   36   36   34   34   34   33   34   36
   37   38   40   40   42   40   42   42   44   46   49   52   57   63   67   72
   75   81   82   86   85   87   82   81   74   73   67   63   59   57   54   53
   50   51   50   50   50   52   52   53   52   54   52   53   51   51   48   48
   45   44   40   38   37   33   36   28   50                                   
    70.0-180.0 180.0   5.0 450.0                            LAT/LON1/LON2/DLON/H
   51   44   38   38   39   40   41   40   41   38   40   37   39   39   42   43
   46   47   50   50   51   50   52   51   53   54   59   61   67   72   79   83
   88   94   98  101  101  101   98   95   89   85   80   75   69   66   62   58
   55   53   53   51   51   49   50   49   50   49   51   50   51   49   50   48
   48   45   45   41   42   36   39   36   51                                   
    67.5-180.0 180.0   5.0 450.0                            LAT/LON1/LON2/DLON/H
   52   47   37   41   40   42   41   42   41   40   40   41   41   44   47   50
   53   55   58   57   59   58   58   59   60   63   65   70   74   81   85   92
   96  104  107  112  112  115  110  109  101   98   90   86   79   76   70   66
   62   58   55   52   51   48   48   46   46   46   47   47   49   48   50   49
   49   49   48   46   45   41   42   39   52                                   
    65.0-180.0 180.0   5.0 450.0                            LAT/LON1/LON2/DLON/H
   52   44   40   39   41   41   43   43   43   42   43   43   46   48   51   54
   57   59   60   59   61   60   59   60   60   64   67   71   76   83   90   97
  103  112  117  123  121  126  121  122  112  111  102   99   90   88   79   75
   68   64   59   53   49   47   44   43   42   43   44   45   47   48   50   50
   52   51   53   50   51   45   45   47   52                                   
    62.5-180.0 180.0   5.0 450.0                            LAT/LON1/LON2/DLON/H
   50   44   36   37   37   39   40   42   41   42   42   44   46   48   52   55
   56   57   57   55   55   52   54   54   56   62   66   73   78   87   94  103
  110  118  123  127  127  130  127  127  121  117  112  107  101   95   89   80
   75   66   60   53   48   44   42   40   40   40   41   42   44   45   48   49
   51   52   52   52   52   46   48   48   50                                   
    60.0-180.0 180.0   5.0 450.0                            LAT/LON1/LON2/DLON/H
   46   37   35   30   34   34   38   39   41   40   43   43   46   48   51   53
   53   51   51   47   45   44   44   46   50   57   65   73   81   91   99  108
  115  125  127  134  131  137  132  135  125  126  119  116  107  102   92   85
   76   68   60   52   46   43   39   39   37   38   39   40   42   42   45   45
   48   48   52   51   51   46   46   49   46                                   
    57.5-180.0 180.0   5.0 450.0                            LAT/LON1/LON2/DLON/H
   44   39   29   26   27   28   31   34   36   38   39   42   45   46   49   50
   49   45   42   39   36   35   37   41   47   57   65   77   86   98  107  117
  124  132  134  137  137  139  137  136  133  131  128  123  116  107   98   87
   80   69   61   53   47   43   40   39   39   40   41   41   42   42   43   44
   44   47   48   48   50   45   47   47   44                                   
    55.0-180.0 180.0   5.0 450.0                            LAT/LON1/LON2/DLON/H
   43   37   31   23   26   26   30   31   36   36   41   41   45   44   47   45
   43   38   32   29   26   28   30   37   45   58   69   82   93  107  117  128
  133  142  141  147  143  148  142  146  139  143  135  133  122  115  103   93
   83   72   64   56   50   48   43   45   43   44   45   45   45   44   45   42
   44   43   47   48   48   45   46   47   43                                   
    52.5-180.0 180.0   5.0 450.0                            LAT/LON1/LON2/DLON/H
   47   43   31   27   25   25   27   31   34   36   40   42   44   44   46   43
   41   35   31   27   25   28   32   41   51   64   76   91  103  117  129  138
  144  149  151  152  152  153  152  153  152  152  148  143  135  125  114  101
   90   79   69   62   57   54   53   54   55   56   56   55   54   52   49   47
   45   45   46   47   50   46   50   51   47                                   
    50.0-180.0 180.0   5.0 450.0                            LAT/LON1/LON2/DLON/H
   53   49   43   34   35   31   35   34   38   39   44   43   45   44   45   42
   39   33   29   27   26   31   38   49   61   74   86  101  114  128  139  148
  153  159  158  162  159  164  161  165  162  165  158  157  146  138  125  113
  101   89   81   71   66   64   62   65   64   66   68   66   66   61   60   55
   52   50   51   52   54   52   56   55   53                                   
    47.5-180.0 180.0   5.0 450.0                            LAT/LON1/LON2/DLON/H
   64   64   53   50   45   43   41   43   44   45   49   48   51   48   49   45
   44   38   37   34   36   42   51   64   77   89  100  113  125  138  147  154
  158  161  163  165  168  169  173  174  176  175  173  169  161  152  141  126
  112  102   91   83   77   74   73   75   77   78   80   78   77   74   69   66
   60   58   57   57   61   58   63   67   64                                   
    45.0-180.0 180.0   5.0 450.0                            LAT/LON1/LON2/DLON/H
   71   74   69   63   63   55   55   52   54   53   55   55   56   52   52   49
   47   44   43   43   48   55   69   84   96  107  116  127  136  145  150  155
  158  163  166  173  175  182  185  188  186  187  183  181  174  167  156  141
  128  115  107   97   90   85   83   84   85   86   87   86   86   83   81   76
   71   67   65   65   67   67   72   76   71                                   
    42.5-180.0 180.0   5.0 450.0                            LAT/LON1/LON2/DLON/H
   78   85   78   78   73   68   64   62   62   62   65   64   65   59   60   55
   56   51   54   54   63   74   89  102  114  122  130  137  142  146  148  150
  153  158  166  173  182  188  194  193  195  191  191  187  183  177  166  153
  140  129  118  108   98   93   87   88   88   89   90   90   89   89   86   84
   79   74   73   71   73   71   77   86   78                                   
    40.0-180.0 180.0   5.0 450.0                            LAT/LON1/LON2/DLON/H
   79   85   84   81   83   75   75   71   72   73   75   74   73   67   67   63
   64   61   65   67   81   93  108  120  129  137  142  146  148  147  146  146
  151  158  168  182  192  203  207  207  204  201  197  195  190  184  174  163
  150  140  129  119  106   98   90   88   88   86   89   88   91   91   92   89
   84   79   76   73   74   73   79   86   79                                   
    37.5-180.0 180.0   5.0 450.0                            LAT/LON1/LON2/DLON/H
   75   83   81   83   81   78   74   73   74   76   81   81   83   75   75   69
   71   67   74   79   94  107  122  133  142  148  151  152  148  145  142  143
  149  160  175  190  206  214  219  215  212  205  202  198  195  189  180  170
  158  149  136  124  110  100   89   86   82   82   84   86   89   92   91   91
   87   81   78   73   74   69   74   86   75                                   
    35.0-180.0 180.0   5.0 450.0                            LAT/LON1/LON2/DLON/H
   68   71   74   71   78   72   74   71   76   79   86   87   89   81   81   75
   76   75   82   91  105  119  131  144  150  158  158  158  154  150  148  152
  160  176  192  212  226  235  236  233  225  219  213  209  204  201  191  183
  170  161  146  134  118  107   95   89   84   82   83   84   88   90   91   89
   84   78   74   70   67   65   68   74   68                                   
    32.5-180.0 180.0   5.0 450.0                            LAT/LON1/LON2/DLON/H
   58   59   60   60   61   61   62   64   68   76   85   89   92   85   85   78
   80   79   87   96  112  126  140  151  157  163  164  164  160  158  159  166
  177  195  218  236  252  255  258  248  244  234  232  224  223  216  210  200
  191  178  165  148  133  120  107  100   95   94   93   93   94   95   93   92
   85   79   73   67   65   57   58   69   58                                   
    30.0-180.0 180.0   5.0 450.0                            LAT/LON1/LON2/DLON/H
   53   46   47   44   50   49   52   54   62   70   81   86   91   85   85   80
   81   83   91  102  119  134  146  159  163  171  173  176  175  177  183  194
  212  235  257  276  284  288  284  279  268  264  258  252  246  238  231  222
  215  205  192  177  161  147  134  126  119  118  116  115  113  110  105   97
   88   79   72   66   60   57   57   56   53                                   
    27.5-180.0 180.0   5.0 450.0                            LAT/LON1/LON2/DLON/H
   52   44   39   38   39   40   40   46   51   63   73   81   87   83   84   79
   82   83   92  104  122  138  150  160  164  173  179  186  189  198  208  228
  250  275  296  311  319  316  313  305  302  296  293  286  277  268  259  251
  244  235  227  214  203  186  174  162  159  155  153  149  144  136  128  117
  105   92   83   74   69   61   57   59   52                                   
    25.0-180.0 180.0   5.0 450.0                            LAT/LON1/LON2/DLON/H
   62   47   38   33   37   36   39   41   47   56   66   73   80   78   78   76
   77   83   94  109  128  145  155  165  169  180  189  199  208  222  243  265
  296  321  340  352  350  347  337  337  331  335  330  328  317  309  297  291
  281  275  267  258  246  232  215  207  200  199  194  189  179  167  153  139
  126  112   99   88   78   77   71   59   62                                   
    22.5-180.0 180.0   5.0 450.0                            LAT/LON1/LON2/DLON/H
   69   59   44   38   35   35   39   42   44   52   58   67   71   72   74   72
   76   80   95  110  130  146  155  165  171  185  196  211  223  243  269  299
  333  357  374  379  377  369  365  365  367  372  372  371  363  354  343  335
  328  325  321  314  303  288  270  256  249  244  237  228  217  202  185  169
  153  137  128  114  104   97   88   78   69                                   
    20.0-180.0 180.0   5.0 450.0                            LAT/LON1/LON2/DLON/H
   83   67   54   43   43   39   43   41   47   49   54   60   64   64   66   67
   69   80   95  113  133  149  159  170  179  193  205  223  237  261  293  328
  362  385  397  399  389  384  381  390  396  406  406  409  402  395  383  377
  370  369  366  361  351  340  321  310  299  290  277  263  246  228  212  195
  180  165  155  141  128  127  114   95   83                                   
    17.5-180.0 180.0   5.0 450.0                            LAT/LON1/LON2/DLON/H
   98   92   72   63   56   51   51   48   48   47   48   55   57   62   62   65
   69   79   93  113  131  148  159  173  183  198  214  230  249  273  309  344
  378  399  409  405  398  393  397  411  421  434  437  440  432  426  417  412
  408  409  405  402  392  380  361  348  333  320  305  289  271  255  236  220
  205  191  180  168  158  152  138  118   98                                   
    15.0-180.0 180.0   5.0 450.0                            LAT/LON1/LON2/DLON/H
  114  108   91   79   70   64   61   57   56   48   46   47   54   56   58   61
   65   79   93  116  133  150  163  179  190  209  224  244  262  289  322  353
  381  399  404  400  393  394  402  419  436  455  462  466  459  451  446  442
  440  439  433  429  417  404  383  366  347  335  316  302  283  269  253  235
  221  206  196  184  172  165  156  134  114                                   
    12.5-180.0 180.0   5.0 450.0                            LAT/LON1/LON2/DLON/H
  124  124  109   97   84   74   69   64   62   56   51   49   54   58   60   65
   70   83   96  118  135  153  167  185  200  219  239  256  277  298  328  353
  379  391  396  396  392  399  411  434  451  472  476  480  472  467  460  459
  456  453  447  444  428  412  387  366  346  327  310  296  281  272  261  246
  232  215  205  191  181  169  158  140  124                                   
    10.0-180.0 180.0   5.0 450.0                            LAT/LON1/LON2/DLON/H
  130  123  110   99   91   79   75   69   64   59   53   52   56   60   64   66
   74   86  103  124  142  160  175  195  213  238  256  275  290  312  332  351
  366  385  387  394  392  403  416  440  457  478  481  483  477  472  468  466
  462  457  450  444  427  407  379  355  328  309  290  279  270  262  257  243
  232  214  204  190  176  166  158  142  130                                   
     7.5-180.0 180.0   5.0 450.0                            LAT/LON1/LON2/DLON/H
  129  122  109   99   89   81   75   71   68   62   59   56   61   65   72   76
   86   98  115  132  149  166  185  208  233  256  273  288  303  320  336  345
