data/unet/pred1090.15i
     1.0            IONOSPHERE MAPS     GNSS                IONEX VERSION / TYPE
pyspatialgeodesy        IME             05-JAN-18 20:20     PGM / RUN BY / DATE 
Map Name                                                    COMMENT             
Predicted global ionosphere maps (GIM).                     DESCRIPTION         
  2015     4    19     0     0     0                        EPOCH OF FIRST MAP  
  2015     4    20     0     0     0                        EPOCH OF LAST MAP   
  7200                                                      INTERVAL            
    13                                                      # OF MAPS IN FILE   
  NONE                                                      MAPPING FUNCTION    
10.0                                                        ELEVATION CUTOFF    
One-way carrier phase leveled to code                       OBSERVABLES USED    
  6371.0                                                    BASE RADIUS         
 2                                                          MAP DIMENSION       
   450.0 450.0   0.0                                        HGT1 / HGT2 / DHGT  
    87.5 -87.5  -2.5                                        LAT1 / LAT2 / DLAT  
  -180.0 180.0   5.0                                        LON1 / LON2 / DLON  
    -1                                                      EXPONENT            
                                                            END OF HEADER       
[from data line 4719]
    12                                                      START OF TEC MAP    
  2015     4    19    22     0     0                        EPOCH OF CURRENT MAP
    87.5-180.0 180.0   5.0 450.0                            LAT/LON1/LON2/DLON/H
  235  205  197  200  200  202  201  204  203  206  204  206  204  206  204  205
  203  204  202  202  200  199  198  196  195  192  191  188  187  184  182  179
  178  175  173  171  170  168  167  166  166  164  165  164  165  164  165  164
  165  165  167  167  168  169  171  172  173  175  175  177  178  180  180  182
  183  185  186  187  186  189  193  210  235                                   
    85.0-180.0 180.0   5.0 450.0                            LAT/LON1/LON2/DLON/H
  209  202  203  208  208  209  211  213  215  217  218  219  220  221  222  222
  222  221  221  219  218  215  214  210  208  204  202  197  194  189  186  181
  178  174  171  167  165  162  160  159  158  156  156  155  156  156  156  157
  158  159  161  163  166  168  170  173  176  178  179  182  184  186  187  189
  190  192  193  193  193  192  193  209  209                                   
    82.5-180.0 180.0   5.0 450.0                            LAT/LON1/LON2/DLON/H
  199  192  195  201  203  206  211  215  220  223  227  229  231  233  234  236
  235  235  234  233  231  229  225  222  217  213  208  204  198  193  187  182
  177  172  167  163  160  156  154  151  150  149  148  148  147  148  148  149
  150  152  153  157  159  163  165  170  172  176  177  181  182  185  185  188
  188  191  190  191  188  188  186  204  199                                   
    80.0-180.0 180.0   5.0 450.0                            LAT/LON1/LON2/DLON/H
  193  185  186  187  193  196  204  209  219  222  230  232  239  239  243  241
  244  241  242  238  239  234  234  229  227  221  218  211  206  197  192  185
  180  173  168  162  160  155  153  150  150  147  147  146  145  144  144  144
  145  146  148  150  153  156  160  164  169  171  175  177  180  181  183  183
  185  183  185  181  181  177  174  189  193                                   
    77.5-180.0 180.0   5.0 450.0                            LAT/LON1/LON2/DLON/H
  182  175  173  177  183  189  200  208  219  227  236  240  247  247  249  245
  245  241  241  238  238  236  236  233  233  228  226  219  213  204  198  190
  185  177  173  167  165  162  160  158  157  155  155  153  151  149  148  147
  147  147  148  150  152  156  159  163  168  171  174  177  179  181  181  182
  182  181  180  177  174  171  169  182  182                                   
    75.0-180.0 180.0   5.0 450.0                            LAT/LON1/LON2/DLON/H
  179  171  170  173  180  187  200  209  224  232  245  250  258  255  256  248
  246  238  238  232  235  232  236  234  237  233  233  226  223  213  206  197
  191  184  179  176  174  172  171  171  170  168  167  165  163  159  157  154
  153  151  152  152  155  156  161  163  169  170  175  176  180  179  180  178
  179  177  177  172  171  165  165  179  179                                   
    72.5-180.0 180.0   5.0 450.0                            LAT/LON1/LON2/DLON/H
  182  175  172  177  182  191  203  216  231  243  257  262  268  261  257  244
  238  228  225  219  222  222  226  229  233  233  233  229  224  216  208  198
  192  185  182  178  178  177  177  178  177  176  174  172  168  165  161  159
  155  155  153  155  156  158  161  165  169  172  174  177  178  178  177  177
  176  176  175  173  172  169  170  184  182                                   
    70.0-180.0 180.0   5.0 450.0                            LAT/LON1/LON2/DLON/H
  191  183  183  184  190  195  210  221  240  253  268  274  279  270  260  245
  232  218  212  205  209  208  216  220  227  227  230  225  222  212  205  194
  189  181  178  175  175  175  177  177  178  176  176  171  169  163  161  156
  155  152  154  153  156  156  161  163  168  170  173  174  176  175  174  173
  173  173  174  173  175  172  174  191  191                                   
    67.5-180.0 180.0   5.0 450.0                            LAT/LON1/LON2/DLON/H
  204  198  196  197  200  206  217  230  247  262  278  285  287  276  262  243
  225  208  200  193  195  198  205  211  217  220  220  216  211  203  194  185
  178  171  167  165  164  165  166  169  168  169  166  163  159  155  151  149
  147  147  147  149  150  153  156  160  163  166  167  169  170  170  169  168
  168  169  171  173  176  179  183  200  204                                   
    65.0-180.0 180.0   5.0 450.0                            LAT/LON1/LON2/DLON/H
  219  209  212  209  212  213  224  233  254  268  288  295  300  289  274  254
  233  213  201  192  194  193  201  204  211  210  211  202  199  187  182  170
  166  156  154  149  151  149  153  152  155  153  152  147  145  140  138  135
  136  136  139  139  143  144  148  150  155  156  160  162  164  164  164  163
  165  165  170  172  178  181  187  208  219                                   
    62.5-180.0 180.0   5.0 450.0                            LAT/LON1/LON2/DLON/H
  231  221  222  220  219  220  226  237  253  271  289  301  306  298  286  265
  245  224  211  200  199  198  201  203  205  202  197  189  182  174  166  158
  151  144  139  135  134  134  135  137  137  137  133  130  125  122  119  119
  119  122  124  128  130  134  136  139  142  145  148  152  155  157  158  159
  159  162  166  171  177  184  190  216  231                                   
    60.0-180.0 180.0   5.0 450.0                            LAT/LON1/LON2/DLON/H
  241  225  229  224  225  221  229  234  253  267  288  299  312  306  300  282
  266  247  233  217  215  210  211  207  205  197  191  178  173  163  160  151
  147  137  132  124  123  121  123  122  123  121  118  113  108  104  102  102
  103  106  110  113  117  119  122  123  128  130  135  140  146  150  153  156
  158  162  167  171  179  184  193  221  241                                   
    57.5-180.0 180.0   5.0 450.0                            LAT/LON1/LON2/DLON/H
  245  230  232  231  229  227  230  236  248  264  280  296  307  311  308  298
  285  269  256  242  236  227  226  217  210  198  188  176  170  164  161  156
  151  141  133  126  120  119  117  119  116  115  109  105   98   95   91   92
   91   95   96  101  103  107  108  111  114  118  123  132  137  146  150  157
  159  165  169  175  180  188  195  228  245                                   
    55.0-180.0 180.0   5.0 450.0                            LAT/LON1/LON2/DLON/H
  251  234  242  241  242  237  241  243  253  262  278  290  305  312  318  314
  309  296  287  272  265  250  246  231  224  208  201  189  185  180  180  173
  168  155  146  134  128  123  122  122  120  118  111  106   98   93   88   87
   86   87   88   92   93   96   98  101  105  109  116  124  134  144  155  161
  170  174  182  183  191  194  204  235  251                                   
    52.5-180.0 180.0   5.0 450.0                            LAT/LON1/LON2/DLON/H
  260  252  258  261  262  262  263  265  268  274  280  292  303  318  325  329
  328  321  313  299  290  275  268  254  245  230  223  213  211  208  207  200
  192  177  164  151  142  138  135  135  132  131  124  118  108  102   95   93
   89   89   88   90   90   94   96  101  104  110  115  126  135  150  161  173
  184  192  199  204  209  212  219  252  260                                   
    50.0-180.0 180.0   5.0 450.0                            LAT/LON1/LON2/DLON/H
  281  275  287  292  297  300  304  303  302  299  299  303  311  324  337  344
  347  342  337  323  315  300  294  279  275  261  259  248  249  241  240  225
  216  194  183  166  159  151  151  149  148  146  139  134  124  117  109  105
  100   97   95   95   96   98  101  105  110  116  124  132  145  158  177  189
  207  216  232  235  245  244  251  278  281                                   
    47.5-180.0 180.0   5.0 450.0                            LAT/LON1/LON2/DLON/H
  304  311  321  328  337  344  349  348  341  334  324  323  324  338  348  360
  362  360  352  342  333  323  318  310  307  297  295  286  284  273  266  248
  231  209  195  180  173  167  166  164  163  161  157  152  143  137  129  124
  117  112  107  107  107  111  114  120  124  131  136  148  158  175  192  211
  228  244  260  270  281  283  283  308  304                                   
    45.0-180.0 180.0   5.0 450.0                            LAT/LON1/LON2/DLON/H
  335  341  353  359  373  381  388  387  381  370  357  349  348  356  367  377
  380  374  368  355  350  341  344  339  343  334  333  319  316  296  286  258
  240  211  202  185  181  173  173  169  170  168  166  163  158  153  147  141
  134  127  123  122  124  127  132  136  141  146  153  162  175  189  208  227
  250  267  290  300  316  316  322  337  335                                   
    42.5-180.0 180.0   5.0 450.0                            LAT/LON1/LON2/DLON/H
  362  372  380  389  401  413  422  425  420  411  395  387  379  386  388  399
  396  391  380  369  363  361  364  366  369  364  360  345  333  307  290  260
  239  215  203  192  186  181  178  175  175  174  174  174  172  169  165  159
  152  145  140  138  141  145  150  155  159  165  170  181  192  208  224  245
  268  291  316  332  345  351  354  365  362                                   
    40.0-180.0 180.0   5.0 450.0                            LAT/LON1/LON2/DLON/H
  391  397  408  414  427  437  446  451  449  442  431  422  414  416  416  420
  417  408  400  386  386  381  391  389  396  385  380  356  340  305  288  253
  238  212  208  196  195  186  184  178  177  177  180  182  184  182  180  174
  167  161  156  156  159  165  171  173  175  178  183  193  206  221  239  258
  283  306  333  351  368  376  383  387  391                                   
    37.5-180.0 180.0   5.0 450.0                            LAT/LON1/LON2/DLON/H
  416  426  434  444  450  460  466  474  474  472  463  458  450  452  447  447
  438  430  420  411  406  406  412  413  415  403  391  363  340  304  285  255
  242  222  218  211  209  205  200  193  186  186  188  193  194  196  190  186
  176  171  166  168  172  179  183  185  185  186  191  203  218  235  250  271
  294  320  347  370  389  400  407  408  416                                   
    35.0-180.0 180.0   5.0 450.0                            LAT/LON1/LON2/DLON/H
  443  454  465  469  477  480  485  490  493  493  490  488  483  481  476  469
  461  450  444  434  433  428  435  430  432  413  400  364  342  309  296  273
  265  251  252  244  243  232  226  214  207  202  201  203  203  201  195  189
  179  175  168  170  173  181  184  188  184  186  189  208  224  246  262  284
  307  333  359  383  402  414  425  425  443                                   
    32.5-180.0 180.0   5.0 450.0                            LAT/LON1/LON2/DLON/H
  467  489  498  506  510  511  513  516  519  522  521  524  519  519  509  501
  489  480  471  464  458  455  454  449  445  427  409  376  356  331  325  312
  314  307  307  300  296  284  269  253  239  231  227  220  214  205  198  190
  185  178  175  174  176  181  182  183  180  181  188  203  227  253  276  300
  322  349  373  398  418  433  445  446  467                                   
    30.0-180.0 180.0   5.0 450.0                            LAT/LON1/LON2/DLON/H
  496  523  537  545  551  550  549  549  551  553  556  560  557  552  541  529
  520  509  501  490  482  472  469  461  457  441  423  398  382  372  376  381
  386  384  380  370  361  349  330  313  288  279  264  255  238  227  211  206
  198  193  189  186  184  184  180  177  167  170  172  193  212  246  270  304
  332  363  390  415  436  450  467  467  496                                   
    27.5-180.0 180.0   5.0 450.0                            LAT/LON1/LON2/DLON/H
  526  571  588  603  608  608  607  604  603  604  607  611  605  598  580  569
  555  545  533  522  507  492  481  475  470  459  448  434  435  437  448  450
  455  446  438  422  410  395  380  364  343  332  315  295  269  248  229  218
  208  207  202  199  194  189  184  175  170  165  176  188  214  239  275  310
  348  377  402  427  449  475  491  497  526                                   
    25.0-180.0 180.0   5.0 450.0                            LAT/LON1/LON2/DLON/H
  559  613  642  659  672  673  673  669  664  659  656  656  649  637  617  601
  588  574  563  546  531  508  497  489  491  490  488  486  482  491  506  520
  522  512  488  460  434  418  400  400  379  374  350  331  294  271  245  234
  218  215  208  207  197  192  179  171  162  159  163  180  205  246  275  324
  351  389  404  432  453  483  511  522  559                                   
    22.5-180.0 180.0   5.0 450.0                            LAT/LON1/LON2/DLON/H
  598  666  695  724  739  748  748  744  736  727  717  712  699  685  660  641
  626  612  598  577  558  537  524  520  524  529  527  525  534  548  566  578
  569  544  511  480  455  441  425  413  399  396  371  355  317  296  269  257
  238  233  222  218  204  196  179  172  164  161  170  178  208  244  292  328
  365  395  417  441  466  500  535  551  598                                   
    20.0-180.0 180.0   5.0 450.0                            LAT/LON1/LON2/DLON/H
  630  700  729  765  793  812  821  821  818  806  785  773  753  732  702  681
  661  639  621  597  580  559  552  551  554  559  568  575  587  606  611  615
  590  558  514  480  454  439  417  412  400  406  380  368  332  313  290  275
  261  251  244  233  220  202  186  170  161  158  162  176  203  247  290  332
  360  401  417  450  475  517  558  579  630                                   
    17.5-180.0 180.0   5.0 450.0                            LAT/LON1/LON2/DLON/H
  651  723  760  796  827  853  875  882  883  871  850  830  810  785  752  728
  704  678  653  624  606  589  580  577  591  600  613  616  616  614  602  589
  558  519  479  445  421  401  385  386  373  377  354  350  327  319  303  293
  279  271  258  250  229  215  190  178  161  161  160  177  205  241  293  329
  366  399  429  459  491  537  584  599  651                                   
    15.0-180.0 180.0   5.0 450.0                            LAT/LON1/LON2/DLON/H
  665  739  768  810  839  873  897  916  922  917  895  877  855  833  798  776
  746  719  686  655  633  614  612  615  630  641  643  633  609  586  554  525
  490  448  413  384  364  352  345  345  337  335  322  320  311  309  302  296
  285  278  264  255  232  219  192  181  161  162  160  179  205  245  288  330
  360  398  426  464  498  552  599  616  665                                   
    12.5-180.0 180.0   5.0 450.0                            LAT/LON1/LON2/DLON/H
  668  734  772  804  834  867  897  922  940  937  925  909  893  872  846  822
  797  766  732  696  674  663  666  678  690  687  661  621  568  519  472  436
  400  369  345  330  322  318  311  310  296  291  281  290  292  299  296  295
  284  277  260  251  226  212  183  175  158  165  163  180  203  235  282  320
  358  393  429  468  507  562  613  625  668                                   
    10.0-180.0 180.0   5.0 450.0                            LAT/LON1/LON2/DLON/H
  673  737  761  795  824  860  891  922  941  945  938  931  918  907  887  868
  845  817  781  746  720  712  714  724  717  697  647  591  519  448  392  346
  322  302  300  299  301  300  294  291  272  265  253  263  269  281  282  283
  272  264  243  235  205  192  166  169  157  162  156  171  192  232  274  320
  356  394  428  471  514  576  626  640  673                                   
     7.5-180.0 180.0   5.0 450.0                            LAT/LON1/LON2/DLON/H
  678  739  762  787  813  841  872  900  923  930  932  929  929  924  915  900
  883  857  829  796  774  762  760  761  729  687  615  542  460  388  334  301
