data/unet/pred1850.15i
     1.0            IONOSPHERE MAPS     GNSS                IONEX VERSION / TYPE
pyspatialgeodesy        IME             05-JAN-18 20:20     PGM / RUN BY / DATE 
Map Name                                                    COMMENT             
Predicted global ionosphere maps (GIM).                     DESCRIPTION         
  2015     7     4     0     0     0                        EPOCH OF FIRST MAP  
  2015     7     5     0     0     0                        EPOCH OF LAST MAP   
  7200                                                      INTERVAL            
    13                                                      # OF MAPS IN FILE   
  NONE                                                      MAPPING FUNCTION    
10.0                                                        ELEVATION CUTOFF    
One-way carrier phase leveled to code                       OBSERVABLES USED    
  6371.0                                                    BASE RADIUS         
 2                                                          MAP DIMENSION       
   450.0 450.0   0.0                                        HGT1 / HGT2 / DHGT  
    87.5 -87.5  -2.5                                        LAT1 / LAT2 / DLAT  
  -180.0 180.0   5.0                                        LON1 / LON2 / DLON  
    -1                                                      EXPONENT            
                                                            END OF HEADER       
[from data line 3861]
    10                                                      START OF TEC MAP    
  2015     7     4    18     0     0                        EPOCH OF CURRENT MAP
    87.5-180.0 180.0   5.0 450.0                            LAT/LON1/LON2/DLON/H
  221  199  195  200  201  202  202  204  204  205  205  206  205  206  205  206
  205  206  206  206  205  205  204  204  203  202  201  200  199  198  197  197
  196  195  194  194  193  192  192  192  191  191  191  191  191  190  191  190
  191  190  192  191  192  192  193  192  193  192  193  193  193  193  193  193
  194  194  195  193  193  192  202  195  221                                   
    85.0-180.0 180.0   5.0 450.0                            LAT/LON1/LON2/DLON/H
  198  195  196  201  201  203  203  205  205  207  207  208  208  209  208  209
  208  208  207  207  206  205  204  203  202  201  200  198  197  195  194  193
  191  190  189  188  187  187  186  186  184  186  184  186  184  187  185  188
  186  189  187  191  189  192  191  194  192  194  192  194  193  195  192  195
  193  196  195  195  193  189  199  198  198                                   
    82.5-180.0 180.0   5.0 450.0                            LAT/LON1/LON2/DLON/H
  201  196  198  200  203  205  207  208  210  210  212  212  214  213  214  214
  214  213  213  212  210  209  208  206  204  201  200  197  195  192  191  188
  186  184  183  181  180  178  178  177  177  176  178  177  179  179  181  181
  183  183  186  186  188  188  190  189  191  190  192  191  192  191  192  191
  193  192  194  191  192  184  190  191  201                                   
    80.0-180.0 180.0   5.0 450.0                            LAT/LON1/LON2/DLON/H
  201  196  193  197  200  201  204  206  208  209  211  212  214  213  215  214
  215  213  214  212  212  209  208  205  204  201  198  196  193  190  187  184
  182  179  177  175  174  172  171  170  170  170  171  171  173  173  176  176
  179  179  182  182  184  184  186  185  186  186  186  186  186  186  186  186
  186  187  187  187  185  183  182  185  201                                   
    77.5-180.0 180.0   5.0 450.0                            LAT/LON1/LON2/DLON/H
  196  193  189  192  194  199  200  204  204  207  208  210  211  213  213  214
  213  214  213  213  211  211  208  207  204  202  199  196  193  190  186  183
  180  178  175  173  170  170  167  168  166  167  166  169  168  171  172  175
  176  179  179  181  181  182  182  183  182  182  181  182  180  181  180  180
  180  181  181  180  178  176  177  185  196                                   
    75.0-180.0 180.0   5.0 450.0                            LAT/LON1/LON2/DLON/H
  198  192  186  190  194  196  199  200  203  204  208  207  210  208  212  209
  212  209  212  209  211  208  210  206  206  201  201  196  195  189  188  183
  182  177  177  173  172  169  168  166  166  164  166  165  168  167  171  171
  175  175  178  177  179  177  179  176  178  175  177  175  177  176  177  177
  179  179  180  179  178  177  178  187  198                                   
    72.5-180.0 180.0   5.0 450.0                            LAT/LON1/LON2/DLON/H
  203  196  191  194  194  199  199  203  203  205  207  208  208  209  209  209
  209  209  209  211  210  211  210  210  207  206  202  200  196  193  189  187
  184  183  179  179  174  174  170  170  166  167  165  167  166  169  170  173
  174  177  176  178  176  177  175  175  173  173  172  173  173  175  175  177
  177  180  179  180  178  179  182  194  203                                   
    70.0-180.0 180.0   5.0 450.0                            LAT/LON1/LON2/DLON/H
  213  203  196  199  201  202  204  204  207  206  209  207  209  206  208  205
  207  204  207  206  209  208  211  208  209  205  203  198  197  192  191  187
  187  183  183  180  179  175  174  170  170  167  168  165  168  166  170  169
  173  173  175  174  175  171  171  168  169  166  167  168  171  172  175  177
  181  182  185  185  184  186  189  200  213                                   
    67.5-180.0 180.0   5.0 450.0                            LAT/LON1/LON2/DLON/H
  222  212  207  208  207  209  208  208  208  209  210  209  209  208  208  206
  205  204  205  206  207  209  209  210  207  205  201  198  195  192  191  189
  187  188  185  185  181  181  176  176  172  172  169  169  167  169  169  171
  171  174  173  174  170  170  165  165  161  163  162  166  168  172  175  179
  182  186  187  189  189  191  197  208  222                                   
    65.0-180.0 180.0   5.0 450.0                            LAT/LON1/LON2/DLON/H
  234  222  215  216  216  214  215  213  215  214  217  214  216  211  212  206
  207  203  206  204  209  207  211  208  208  203  201  196  194  190  191  188
  190  187  189  185  185  181  181  177  177  174  174  171  172  169  171  170
  172  171  173  170  169  164  162  157  157  154  158  160  166  170  175  179
  183  187  191  193  194  198  203  214  234                                   
    62.5-180.0 180.0   5.0 450.0                            LAT/LON1/LON2/DLON/H
  239  229  225  225  221  220  217  216  215  216  216  216  216  214  213  209
  208  205  205  204  206  207  207  206  204  201  197  193  192  190  190  190
  190  191  190  190  187  186  183  184  181  182  179  178  175  175  173  174
  172  174  171  171  165  163  155  154  149  152  151  158  161  168  172  177
  181  186  189  192  194  199  207  219  239                                   
    60.0-180.0 180.0   5.0 450.0                            LAT/LON1/LON2/DLON/H
  242  235  228  231  230  226  225  221  222  222  225  224  226  222  222  215
  214  208  209  205  208  207  209  207  207  201  200  194  194  191  194  193
  196  193  195  191  191  187  189  187  190  187  188  184  183  178  177  175
  175  173  173  168  165  157  154  147  146  145  147  152  158  164  168  173
  176  182  186  190  191  198  206  219  242                                   
    57.5-180.0 180.0   5.0 450.0                            LAT/LON1/LON2/DLON/H
  236  234  232  235  231  229  225  223  220  222  222  224  225  224  224  219
  216  211  208  205  206  205  207  205  205  201  199  195  196  195  198  199
  200  201  198  197  194  193  193  195  196  198  196  195  191  187  182  181
  177  177  172  170  162  158  149  146  142  144  143  150  151  158  160  166
  167  173  174  179  182  189  203  212  236                                   
    55.0-180.0 180.0   5.0 450.0                            LAT/LON1/LON2/DLON/H
  230  233  231  236  236  234  233  230  230  229  232  232  235  233  236  229
  229  219  217  209  210  208  210  208  209  205  205  201  203  202  207  206
  210  207  207  201  201  199  202  203  208  208  209  204  201  193  189  184
  182  177  175  168  164  155  151  144  143  141  142  146  148  152  152  156
  156  162  163  170  172  183  194  204  230                                   
    52.5-180.0 180.0   5.0 450.0                            LAT/LON1/LON2/DLON/H
  218  228  231  239  238  240  237  237  234  235  233  234  233  235  235  234
  231  225  219  212  211  209  212  210  212  209  210  207  210  211  214  216
  216  216  213  210  208  208  210  213  217  219  219  216  210  203  196  191
  185  181  175  171  164  159  152  149  144  145  143  147  144  148  144  147
  144  150  149  157  161  170  188  193  218                                   
    50.0-180.0 180.0   5.0 450.0                            LAT/LON1/LON2/DLON/H
  211  225  231  241  247  249  253  251  252  249  249  246  247  244  247  243
  245  235  232  222  221  216  218  216  218  216  217  215  220  219  225  224
  228  224  224  219  220  218  222  224  229  229  229  224  219  209  203  194
  190  183  180  173  169  161  158  152  151  148  147  147  145  144  140  141
  136  143  142  151  154  165  181  186  211                                   
    47.5-180.0 180.0   5.0 450.0                            LAT/LON1/LON2/DLON/H
  203  222  231  246  253  261  264  266  264  263  259  257  252  252  250  251
  248  242  234  226  223  219  221  220  223  222  225  224  227  227  231  232
  233  233  232  230  231  231  235  236  240  239  239  233  226  217  208  200
  194  189  184  180  175  171  166  164  159  159  154  154  147  148  139  140
  133  139  137  143  147  156  178  182  203                                   
    45.0-180.0 180.0   5.0 450.0                            LAT/LON1/LON2/DLON/H
  203  222  234  251  265  274  284  286  289  285  285  276  274  267  268  262
  263  253  249  238  237  231  234  230  235  233  237  234  238  236  241  240
  245  243  247  244  248  248  252  252  254  251  249  242  236  225  218  208
  202  195  192  186  185  179  178  173  172  166  164  160  155  151  143  141
  135  140  137  143  149  156  176  178  203                                   
    42.5-180.0 180.0   5.0 450.0                            LAT/LON1/LON2/DLON/H
  201  222  236  256  269  285  293  301  302  304  300  295  288  285  279  277
  271  264  256  246  243  238  239  238  242  243  247  245  248  246  248  249
  252  255  259  261  267  269  272  271  270  265  260  252  245  234  225  216
  209  204  200  198  195  193  190  189  184  183  175  173  163  164  151  151
  142  145  140  145  148  154  177  182  201                                   
    40.0-180.0 180.0   5.0 450.0                            LAT/LON1/LON2/DLON/H
  203  224  237  258  276  293  306  315  324  325  327  320  316  307  304  294
  291  280  275  264  262  255  257  254  260  260  265  263  267  262  265  264
  271  273  282  285  294  295  299  295  293  284  277  267  259  248  239  228
  220  213  210  206  206  202  201  197  196  189  185  179  175  170  163  160
  154  153  150  152  156  158  178  179  203                                   
    37.5-180.0 180.0   5.0 450.0                            LAT/LON1/LON2/DLON/H
  201  221  237  256  274  291  305  320  328  339  339  339  332  330  321  314
  304  295  285  276  274  268  268  267  270  273  278  279  281  279  279  282
  288  296  306  313  321  323  324  319  313  303  294  282  273  260  250  238
  229  223  219  218  216  215  211  210  204  201  192  190  180  182  172  171
  161  160  153  152  154  155  179  184  201                                   
    35.0-180.0 180.0   5.0 450.0                            LAT/LON1/LON2/DLON/H
  199  221  233  255  272  292  309  325  340  352  361  361  360  353  347  336
  328  315  309  298  298  290  291  286  292  293  303  303  310  305  311  311
  323  329  342  346  352  350  350  343  337  325  316  302  292  276  265  250
  241  230  227  223  221  217  216  209  207  199  195  189  187  184  182  177
  172  167  160  157  157  156  174  178  199                                   
    32.5-180.0 180.0   5.0 450.0                            LAT/LON1/LON2/DLON/H
  193  213  230  247  266  283  302  321  338  361  371  382  378  378  366  357
  345  333  323  316  312  309  306  306  307  314  320  326  331  332  336  342
  354  364  373  376  376  374  368  361  352  342  331  317  304  288  274  258
  247  237  231  227  224  221  215  212  204  201  193  191  184  186  179  179
  169  167  158  152  152  149  173  180  193                                   
    30.0-180.0 180.0   5.0 450.0                            LAT/LON1/LON2/DLON/H
  189  213  224  245  259  281  297  320  343  367  387  399  402  399  393  380
  369  355  347  339  337  331  330  326  332  338  351  357  366  365  374  377
  393  398  407  401  402  392  388  375  367  353  343  327  314  294  279  261
  249  236  232  223  220  213  208  200  195  186  184  179  179  179  179  177
  173  168  162  155  153  148  165  175  189                                   
    27.5-180.0 180.0   5.0 450.0                            LAT/LON1/LON2/DLON/H
  183  203  222  238  255  270  290  313  338  367  391  413  419  425  414  405
  386  373  363  356  351  348  343  346  348  360  374  386  392  397  403  413
  425  431  431  425  416  408  396  385  370  356  342  327  310  291  272  256
  242  231  223  215  209  202  194  188  180  176  168  171  166  171  167  170
  163  163  155  152  147  144  165  174  183                                   
    25.0-180.0 180.0   5.0 450.0                            LAT/LON1/LON2/DLON/H
  184  208  220  239  250  271  286  311  334  365  394  419  434  439  435  425
  411  394  385  377  373  368  368  366  377  386  407  414  427  425  438  441
  456  453  453  437  429  411  402  382  369  349  336  316  301  279  263  244
  232  217  210  199  193  184  177  170  163  159  153  152  152  156  158  160
  159  157  154  150  147  142  159  170  184                                   
    22.5-180.0 180.0   5.0 450.0                            LAT/LON1/LON2/DLON/H
  183  202  218  235  250  266  282  302  327  359  390  418  436  449  449  446
  432  420  405  398  391  390  385  388  397  412  426  438  443  448  453  461
  468  469  455  440  420  406  386  370  349  332  313  295  277  261  244  228
  215  201  192  181  172  165  157  154  145  145  137  140  135  142  141  147
  144  150  147  149  144  144  162  172  183                                   
    20.0-180.0 180.0   5.0 450.0                            LAT/LON1/LON2/DLON/H
  185  207  222  240  250  268  279  303  322  352  382  411  431  448  454  455
  451  441  431  423  416  410  409  410  423  433  450  453  463  459  468  468
  476  465  454  429  413  391  374  351  332  308  290  269  255  237  225  209
  197  185  173  162  153  145  138  134  129  128  123  123  119  123  127  132
  136  140  146  146  146  145  161  171  185                                   
    17.5-180.0 180.0   5.0 450.0                            LAT/LON1/LON2/DLON/H
  183  203  220  236  250  265  280  296  316  342  371  399  420  441  451  459
  459  456  448  444  434  429  426  429  438  450  456  464  464  466  465  469
  463  455  432  412  389  371  349  329  304  283  260  244  227  214  202  190
  181  169  159  147  137  131  123  123  117  120  112  112  104  108  107  118
  121  132  137  145  142  145  161  169  183                                   
    15.0-180.0 180.0   5.0 450.0                            LAT/LON1/LON2/DLON/H
  180  203  220  237  249  266  277  298  312  335  357  386  407  429  444  454
  461  460  460  455  451  445  443  444  456  460  468  468  471  464  467  457
  455  436  421  397  380  359  340  317  293  265  243  223  210  196  187  177
  168  158  147  137  127  121  116  115  112  111  105  101   95   95   97  103
  111  120  131  135  139  139  156  161  180                                   
    12.5-180.0 180.0   5.0 450.0                            LAT/LON1/LON2/DLON/H
  170  194  212  231  245  261  275  289  305  323  345  370  391  416  432  451
  460  465  465  464  461  458  456  459  461  468  468  471  467  464  457  450
  435  421  399  382  362  348  327  308  281  255  230  211  198  185  178  169
  162  151  142  131  123  118  113  114  109  110  100   97   86   87   84   92
   96  108  115  125  124  131  145  151  170                                   
    10.0-180.0 180.0   5.0 450.0                            LAT/LON1/LON2/DLON/H
  157  183  201  219  236  253  266  285  299  320  332  356  378  403  422  441
  455  461  468  467  469  465  466  467  473  472  476  473  474  465  461  445
  434  413  399  381  368  353  334  315  288  258  233  213  199  187  178  169
  161  149  139  129  122  117  114  113  110  105   98   90   84   81   81   84
   88   94  102  109  114  115  131  132  157                                   
     7.5-180.0 180.0   5.0 450.0                            LAT/LON1/LON2/DLON/H
  138  164  187  209  227  247  263  278  293  309  325  344  363  387  407  430
  446  456  464  466  470  470  470  475  473  477  476  477  473  467  458  442
