data/unet/pred2130.15i
     1.0            IONOSPHERE MAPS     GNSS                IONEX VERSION / TYPE
pyspatialgeodesy        IME             05-JAN-18 20:20     PGM / RUN BY / DATE 
Map Name                                                    COMMENT             
Predicted global ionosphere maps (GIM).                     DESCRIPTION         
  2015     8     1     0     0     0                        EPOCH OF FIRST MAP  
  2015     8     2     0     0     0                        EPOCH OF LAST MAP   
  7200                                                      INTERVAL            
    13                                                      # OF MAPS IN FILE   
  NONE                                                      MAPPING FUNCTION    
10.0                                                        ELEVATION CUTOFF    
One-way carrier phase leveled to code                       OBSERVABLES USED    
  6371.0                                                    BASE RADIUS         
 2                                                          MAP DIMENSION       
   450.0 450.0   0.0                                        HGT1 / HGT2 / DHGT  
    87.5 -87.5  -2.5                                        LAT1 / LAT2 / DLAT  
  -180.0 180.0   5.0                                        LON1 / LON2 / DLON  
    -1                                                      EXPONENT            
                                                            END OF HEADER       
[from data line 5148]
    13                                                      START OF TEC MAP    
  2015     8     2     0     0     0                        EPOCH OF CURRENT MAP
    87.5-180.0 180.0   5.0 450.0                            LAT/LON1/LON2/DLON/H
  167  139  143  141  138  136  136  135  136  135  135  133  133  131  131  129
  129  126  126  123  123  120  120  116  116  112  112  108  109  105  106  102
  104  100  102   99  102   99  102   99  103  101  104  103  106  105  108  106
  109  108  111  109  112  112  114  114  117  116  119  119  121  121  123  123
  126  126  127  126  128  128  131  158  167                                   
    85.0-180.0 180.0   5.0 450.0                            LAT/LON1/LON2/DLON/H
  146  147  153  153  150  148  149  148  148  147  147  145  145  142  142  138
  138  134  133  129  128  124  122  117  117  111  110  105  105  100  100   95
   96   93   94   91   94   93   95   94   97   97  100   99  102  102  105  104
  107  107  110  109  113  112  116  115  119  119  123  122  126  126  129  129
  133  133  136  135  138  134  134  133  146                                   
    82.5-180.0 180.0   5.0 450.0                            LAT/LON1/LON2/DLON/H
  152  155  157  157  156  154  156  154  155  153  153  150  150  147  147  142
  142  137  136  131  130  124  122  116  114  107  106   99   99   92   92   87
   89   85   88   85   89   87   92   89   95   93   98   97  102  100  105  103
  108  106  111  109  114  112  118  116  121  120  125  124  129  128  132  131
  136  135  140  139  144  139  140  135  152                                   
    80.0-180.0 180.0   5.0 450.0                            LAT/LON1/LON2/DLON/H
  160  160  161  162  161  161  162  162  161  161  160  159  157  156  153  151
  147  145  141  138  134  131  126  122  117  113  108  104  100   96   94   91
   90   88   89   89   92   92   95   96  100  101  105  106  109  109  112  113
  115  115  117  118  120  120  123  124  126  127  129  131  133  134  136  137
  139  140  143  144  147  146  147  146  160                                   
    77.5-180.0 180.0   5.0 450.0                            LAT/LON1/LON2/DLON/H
  163  161  162  163  163  164  165  166  165  165  164  163  161  159  156  154
  151  148  145  142  139  135  130  126  121  116  111  106  101   97   93   90
   88   87   88   88   91   92   95   98  101  104  108  110  112  115  116  118
  118  119  120  121  122  123  124  126  127  129  130  132  134  135  136  137
  139  140  142  144  146  146  148  146  163                                   
    75.0-180.0 180.0   5.0 450.0                            LAT/LON1/LON2/DLON/H
  161  158  159  160  161  162  164  165  166  166  166  165  163  161  158  156
  153  150  148  145  142  138  134  130  125  120  114  108  103   99   95   92
   90   89   90   90   93   95   98  101  105  108  112  115  117  119  121  122
  123  123  124  124  125  125  127  128  129  130  132  133  134  135  136  136
  138  138  140  141  144  143  144  145  161                                   
    72.5-180.0 180.0   5.0 450.0                            LAT/LON1/LON2/DLON/H
  158  155  155  156  156  158  160  163  164  165  165  164  163  160  158  154
  152  149  147  143  141  137  134  129  125  120  115  109  104  100   96   94
   92   91   92   92   94   96   99  101  105  107  111  113  115  117  119  120
  121  121  122  122  123  123  125  126  128  128  130  131  133  133  134  133
  134  134  136  136  139  138  141  143  158                                   
    70.0-180.0 180.0   5.0 450.0                            LAT/LON1/LON2/DLON/H
  155  151  151  152  153  155  158  161  163  165  166  166  163  161  158  155
  151  148  145  142  139  136  132  129  125  121  116  111  106  102   99   97
   95   95   95   95   96   97   99  101  103  105  108  110  112  114  116  117
  118  119  121  121  122  122  124  125  127  128  130  131  133  133  134  133
  134  133  135  134  137  135  138  140  155                                   
    67.5-180.0 180.0   5.0 450.0                            LAT/LON1/LON2/DLON/H
  158  153  151  151  151  153  156  159  162  165  167  167  165  162  159  154
  151  146  143  139  136  133  130  127  124  120  116  112  108  105  102  100
   98   96   96   95   94   93   95   94   96   97  100  101  104  105  108  108
  111  111  114  115  117  117  120  121  124  125  128  129  132  132  134  132
  133  132  134  134  136  134  137  139  158                                   
    65.0-180.0 180.0   5.0 450.0                            LAT/LON1/LON2/DLON/H
  161  155  152  152  152  153  156  159  162  166  168  169  167  165  161  157
  152  148  143  140  137  133  130  127  124  121  117  114  111  108  106  103
  101   99   97   94   92   90   90   89   89   90   92   93   95   96   98   99
  102  104  107  109  112  113  116  118  121  124  127  129  133  134  135  134
  135  135  137  137  138  137  140  141  161                                   
    62.5-180.0 180.0   5.0 450.0                            LAT/LON1/LON2/DLON/H
  168  162  158  157  155  155  157  160  164  167  170  170  170  167  164  159
  155  150  146  142  138  135  131  128  125  122  119  116  115  112  110  107
  104  100   97   92   89   85   84   81   82   81   83   83   86   86   89   90
   94   95  100  101  106  108  112  114  120  122  127  129  134  134  136  135
  137  137  141  141  144  143  146  147  168                                   
    60.0-180.0 180.0   5.0 450.0                            LAT/LON1/LON2/DLON/H
  173  168  164  163  160  159  159  162  164  168  169  172  171  170  166  163
  159  155  151  147  144  141  137  134  131  128  125  123  121  119  117  113
  109  103   98   92   87   83   80   78   78   78   79   79   80   79   82   82
   86   88   93   96  101  105  110  114  120  124  128  131  136  137  139  139
  142  143  147  149  152  151  155  155  173                                   
    57.5-180.0 180.0   5.0 450.0                            LAT/LON1/LON2/DLON/H
  181  177  174  172  168  166  164  164  166  168  170  171  171  170  168  165
  162  159  156  153  152  149  146  143  141  138  135  133  131  128  125  120
  114  106   99   91   86   81   79   77   78   78   79   78   78   77   78   78
   82   84   90   94  101  106  113  117  125  129  134  137  142  143  144  144
  148  150  155  158  162  162  165  166  181                                   
    55.0-180.0 180.0   5.0 450.0                            LAT/LON1/LON2/DLON/H
  187  184  183  182  177  174  171  170  169  169  169  170  169  170  168  167
  165  164  163  163  162  161  159  158  156  154  150  147  143  139  134  128
  120  111  102   94   89   85   84   83   84   84   85   83   82   79   79   77
   81   83   91   95  104  110  119  125  133  138  143  146  151  151  153  153
  156  159  165  169  173  172  175  176  187                                   
    52.5-180.0 180.0   5.0 450.0                            LAT/LON1/LON2/DLON/H
  191  192  193  192  187  183  179  176  174  171  171  170  169  169  168  168
  168  169  169  171  173  173  173  173  172  170  166  162  157  151  143  135
  126  116  107   99   94   91   91   91   93   93   94   92   91   87   85   83
   85   88   95  102  111  119  129  137  145  152  157  160  163  163  163  163
  166  169  175  179  184  183  185  187  191                                   
    50.0-180.0 180.0   5.0 450.0                            LAT/LON1/LON2/DLON/H
  195  198  202  202  197  194  189  185  181  176  173  170  169  168  167  169
  170  173  176  181  184  187  187  188  188  186  182  178  171  163  153  143
  132  121  112  105  102  100  102  102  105  105  106  104  102   98   95   92
   94   96  104  110  120  129  140  149  159  166  171  174  176  176  176  177
  179  182  187  192  196  193  194  196  195                                   
    47.5-180.0 180.0   5.0 450.0                            LAT/LON1/LON2/DLON/H
  200  204  208  209  206  202  199  193  189  183  178  174  171  170  169  170
  174  177  182  187  193  197  200  202  203  202  198  193  185  175  163  151
  138  127  119  113  111  110  111  113  114  114  115  113  111  108  105  103
  103  106  112  120  129  139  151  162  173  181  187  190  192  192  192  193
  195  198  202  205  208  205  203  206  200                                   
    45.0-180.0 180.0   5.0 450.0                            LAT/LON1/LON2/DLON/H
  203  209  214  216  214  210  208  202  198  190  185  179  175  172  171  172
  176  181  187  194  201  206  210  213  215  214  212  206  198  185  171  157
  143  133  125  121  121  121  122  123  124  124  125  124  123  120  117  115
  115  116  121  128  137  148  161  174  186  195  201  205  206  207  207  209
  211  215  218  220  221  216  212  217  203                                   
    42.5-180.0 180.0   5.0 450.0                            LAT/LON1/LON2/DLON/H
  213  216  220  222  220  217  216  211  207  201  194  188  183  180  178  179
  183  186  193  200  206  211  216  220  223  223  221  216  208  194  179  163
  150  140  133  130  130  130  131  130  130  130  131  130  130  128  127  125
  124  125  129  135  145  157  171  184  198  208  215  218  221  221  223  225
  229  232  235  235  236  229  224  231  213                                   
    40.0-180.0 180.0   5.0 450.0                            LAT/LON1/LON2/DLON/H
  223  226  230  230  229  226  226  221  219  211  205  197  193  188  187  187
  191  195  200  206  212  216  221  224  229  229  228  222  214  201  185  169
  156  146  141  139  140  139  139  137  137  136  138  138  139  138  137  135
  134  134  136  141  150  163  178  192  206  217  223  229  231  234  236  241
  245  250  251  252  251  245  239  247  223                                   
    37.5-180.0 180.0   5.0 450.0                            LAT/LON1/LON2/DLON/H
  242  240  243  243  240  238  236  234  230  226  218  213  207  204  201  202
  205  208  212  216  220  223  226  228  232  234  233  227  220  207  192  176
  163  155  149  147  146  146  144  142  142  141  143  143  145  144  143  141
  139  138  139  143  152  166  182  197  212  223  232  237  243  245  250  254
  261  264  267  267  269  263  257  266  242                                   
    35.0-180.0 180.0   5.0 450.0                            LAT/LON1/LON2/DLON/H
  264  260  264  261  258  254  253  248  247  241  237  229  226  221  220  220
  223  225  226  227  229  230  232  234  238  239  238  233  225  212  198  182
  169  160  155  152  152  150  149  147  148  148  151  150  152  150  149  146
  142  140  139  142  149  162  180  196  212  225  233  242  246  252  256  263
  269  275  279  283  287  284  282  292  264                                   
    32.5-180.0 180.0   5.0 450.0                            LAT/LON1/LON2/DLON/H
  291  287  289  285  281  276  273  269  266  262  257  253  249  247  245  245
  247  246  245  243  242  242  243  244  247  247  246  240  232  217  202  186
  172  164  157  155  154  154  152  153  155  156  158  157  156  153  150  145
  141  137  136  137  144  156  174  192  210  224  235  244  252  258  266  272
  281  287  294  300  307  308  308  318  291                                   
    30.0-180.0 180.0   5.0 450.0                            LAT/LON1/LON2/DLON/H
  318  319  321  316  311  304  300  294  291  286  282  278  275  273  271  272
  273  271  265  261  258  258  257  259  261  260  255  249  238  222  204  187
  172  162  157  153  153  152  153  155  161  163  164  161  158  152  147  141
  136  131  128  128  133  146  161  182  202  218  231  243  253  263  270  279
  288  296  305  315  327  331  338  346  318                                   
    27.5-180.0 180.0   5.0 450.0                            LAT/LON1/LON2/DLON/H
  347  353  356  353  347  340  334  328  322  316  310  306  302  301  300  299
  300  295  289  282  279  277  278  278  279  275  269  258  245  225  204  185
  169  160  152  151  149  150  152  157  164  168  167  162  155  146  139  132
  128  122  119  118  123  134  151  171  194  213  231  244  257  268  278  287
  299  309  321  333  347  356  361  367  347                                   
    25.0-180.0 180.0   5.0 450.0                            LAT/LON1/LON2/DLON/H
  372  383  387  386  383  378  373  366  359  353  345  341  336  334  331  329
  327  321  312  305  300  299  299  299  297  291  280  268  249  227  202  181
  164  154  147  145  144  144  149  154  164  167  167  160  149  138  128  122
  117  112  108  108  112  123  139  161  185  208  228  247  261  275  287  299
  311  324  336  349  367  377  388  388  372                                   
    22.5-180.0 180.0   5.0 450.0                            LAT/LON1/LON2/DLON/H
  393  401  410  413  416  414  409  403  395  389  382  378  375  372  367  362
  357  346  337  327  324  322  322  319  313  302  288  269  249  224  198  175
  158  148  142  141  139  142  147  153  161  164  162  153  140  126  116  109
  105  101   99   97  103  112  131  152  180  205  231  250  270  284  300  313
  328  343  355  370  384  393  399  400  393                                   
    20.0-180.0 180.0   5.0 450.0                            LAT/LON1/LON2/DLON/H
  412  417  424  429  435  437  437  435  430  426  419  418  415  414  408  401
  391  377  362  352  346  345  340  336  323  307  286  267  242  217  189  167
  151  143  138  137  136  137  141  146  153  153  150  139  126  112  102   96
   93   90   88   87   92  103  123  148  178  205  235  258  280  299  317  333
  350  363  376  389  400  405  414  414  412                                   
    17.5-180.0 180.0   5.0 450.0                            LAT/LON1/LON2/DLON/H
  424  425  433  441  447  453  456  458  456  456  453  454  452  456  450  443
  429  410  391  377  368  363  355  343  324  301  276  253  230  205  179  159
  146  140  137  137  135  135  136  139  142  141  135  124  111   98   91   84
   82   79   77   74   83   93  120  146  178  208  240  265  290  313  335  356
  373  387  396  407  414  417  418  420  424                                   
    15.0-180.0 180.0   5.0 450.0                            LAT/LON1/LON2/DLON/H
  435  435  438  442  452  459  466  473  476  479  482  483  485  488  485  479
  464  443  419  402  389  380  364  347  317  289  259  237  214  192  169  152
  142  139  138  138  134  131  128  127  126  122  116  105   96   84   79   75
   72   72   67   66   77   89  115  145  179  212  246  274  304  329  355  375
  394  406  416  422  429  428  434  433  435                                   
    12.5-180.0 180.0   5.0 450.0                            LAT/LON1/LON2/DLON/H
  441  439  444  450  454  463  470  479  484  492  497  504  505  510  508  505
  490  471  445  424  404  390  366  339  302  267  237  216  197  180  162  149
  142  140  139  137  131  126  121  117  113  108  101   92   85   74   71   68
   67   63   59   59   73   87  114  145  182  216  249  279  312  341  367  390
  407  420  428  435  440  438  437  438  441                                   
    10.0-180.0 180.0   5.0 450.0                            LAT/LON1/LON2/DLON/H
  450  448  451  453  459  466  474  481  488  496  503  510  515  520  521  519
  508  491  464  442  415  394  362  327  282  244  215  198  185  173  160  151
  146  144  142  139  131  123  116  110  104   96   90   81   75   68   64   64
   63   61   58   60   75   89  116  144  181  216  251  283  320  349  376  397
  415  426  437  442  451  448  454  452  450                                   
     7.5-180.0 180.0   5.0 450.0                            LAT/LON1/LON2/DLON/H
  456  459  461  466  464  473  473  481  480  488  490  501  504  515  516  519
  511  499  473  449  416  387  349  305  259  221  195  183  176  168  160  152
