data/unet/pred0480.15i
     1.0            IONOSPHERE MAPS     GNSS                IONEX VERSION / TYPE
pyspatialgeodesy        IME             05-JAN-18 20:20     PGM / RUN BY / DATE 
Map Name                                                    COMMENT             
Predicted global ionosphere maps (GIM).                     DESCRIPTION         
  2015     2    17     0     0     0                        EPOCH OF FIRST MAP  
  2015     2    18     0     0     0                        EPOCH OF LAST MAP   
  7200                                                      INTERVAL            
    13                                                      # OF MAPS IN FILE   
  NONE                                                      MAPPING FUNCTION    
10.0                                                        ELEVATION CUTOFF    
One-way carrier phase leveled to code                       OBSERVABLES USED    
  6371.0                                                    BASE RADIUS         
 2                                                          MAP DIMENSION       
   450.0 450.0   0.0                                        HGT1 / HGT2 / DHGT  
    87.5 -87.5  -2.5                                        LAT1 / LAT2 / DLAT  
  -180.0 180.0   5.0                                        LON1 / LON2 / DLON  
    -1                                                      EXPONENT            
                                                            END OF HEADER       
[from data line 858]
     3                                                      START OF TEC MAP    
  2015     2    17     4     0     0                        EPOCH OF CURRENT MAP
    87.5-180.0 180.0   5.0 450.0                            LAT/LON1/LON2/DLON/H
  139  143  134  135  132  132  130  133  130  133  130  133  128  131  126  129
  124  127  122  126  121  126  121  125  121  124  120  122  118  120  117  118
  116  117  116  118  116  118  118  119  118  119  119  119  120  120  121  122
  122  124  125  126  126  128  128  129  128  131  130  133  131  134  133  135
  133  135  133  136  136  138  148  162  139                                   
    85.0-180.0 180.0   5.0 450.0                            LAT/LON1/LON2/DLON/H
  150  142  132  137  133  129  128  128  126  126  124  125  122  123  120  120
  118  118  116  116  113  114  111  112  108  111  106  110  103  109  103  108
  103  108  105  108  107  110  110  111  111  113  114  115  115  118  119  121
  122  125  127  130  131  135  136  139  140  144  145  147  148  150  150  152
  151  152  149  152  150  146  155  155  150                                   
    82.5-180.0 180.0   5.0 450.0                            LAT/LON1/LON2/DLON/H
  150  141  139  136  131  125  125  122  123  121  122  120  121  119  119  116
  116  111  113  107  109  103  105   99  100   96   98   94   95   93   95   93
   96   95   99   96  100   98  103  101  104  103  107  107  110  111  116  117
  122  124  133  136  144  145  153  154  163  162  171  168  175  171  176  170
  174  166  169  161  164  151  160  152  150                                   
    80.0-180.0 180.0   5.0 450.0                            LAT/LON1/LON2/DLON/H
  165  158  151  143  134  127  124  123  121  122  121  123  122  123  122  121
  120  118  116  114  111  108  106  104  100   99   96   96   92   93   91   94
   92   95   95   97   98   99  102  101  104  103  107  107  111  111  116  119
  124  129  137  142  149  154  162  167  176  180  188  189  195  194  197  195
  195  192  188  187  182  174  173  163  165                                   
    77.5-180.0 180.0   5.0 450.0                            LAT/LON1/LON2/DLON/H
  176  170  163  151  136  127  123  120  117  118  117  119  118  121  121  122
  121  120  119  117  114  111  108  104  100   97   95   93   91   91   90   91
   89   92   91   94   92   95   95   98   97   99  100  103  103  106  109  113
  120  127  138  145  156  164  176  184  194  200  208  212  217  220  222  223
  222  222  217  214  209  196  193  183  176                                   
    75.0-180.0 180.0   5.0 450.0                            LAT/LON1/LON2/DLON/H
  193  185  177  163  145  132  124  120  115  115  113  115  114  115  115  115
  115  113  114  110  109  104  102   97   94   91   89   86   85   84   84   85
   84   86   86   88   88   89   90   89   90   89   92   91   92   94   97  102
  108  119  132  143  157  168  184  194  205  212  220  225  229  234  237  241
  241  242  239  238  232  216  212  199  193                                   
    72.5-180.0 180.0   5.0 450.0                            LAT/LON1/LON2/DLON/H
  214  204  199  181  158  143  131  126  119  119  114  114  110  110  107  106
  104  103  103  100   99   96   95   91   90   87   87   84   84   83   83   83
   83   83   84   84   83   82   82   79   78   77   78   75   78   78   84   91
  102  115  131  145  162  176  193  205  217  224  230  236  241  247  252  256
  259  259  259  255  253  240  232  226  214                                   
    70.0-180.0 180.0   5.0 450.0                            LAT/LON1/LON2/DLON/H
  236  225  217  199  177  157  142  134  122  119  111  110  104  102   98   96
   93   91   91   91   90   89   90   87   88   85   85   82   82   80   79   79
   78   78   76   77   74   74   70   71   67   68   65   67   67   71   76   85
   98  116  133  150  167  183  198  211  223  232  238  245  251  257  262  266
  271  272  273  273  269  257  249  242  236                                   
    67.5-180.0 180.0   5.0 450.0                            LAT/LON1/LON2/DLON/H
  251  239  233  214  188  171  151  142  128  124  114  111  102   96   89   82
   78   75   76   78   77   79   79   82   79   82   79   80   78   78   76   75
   72   71   69   67   64   60   60   57   56   54   55   53   55   59   66   76
   93  115  134  150  170  187  204  218  231  240  246  253  258  262  266  270
  275  277  280  279  280  273  263  261  251                                   
    65.0-180.0 180.0   5.0 450.0                            LAT/LON1/LON2/DLON/H
  262  251  242  228  205  185  167  155  140  131  117  110   97   87   80   69
   68   64   68   69   71   74   77   79   81   80   82   79   79   74   73   69
   67   63   60   58   54   53   50   49   48   48   47   48   51   55   64   77
   98  120  140  159  178  196  210  228  239  249  254  260  264  267  270  272
  277  278  282  284  286  281  272  267  262                                   
    62.5-180.0 180.0   5.0 450.0                            LAT/LON1/LON2/DLON/H
  263  254  246  230  207  191  171  162  146  139  122  113  100   90   80   71
   64   63   62   66   66   71   71   75   75   79   76   78   73   72   67   65
   60   56   51   48   46   44   44   43   43   43   43   44   46   51   60   78
   99  124  145  164  185  202  219  235  247  256  261  266  269  270  271  272
  276  277  279  281  287  282  277  275  263                                   
    60.0-180.0 180.0   5.0 450.0                            LAT/LON1/LON2/DLON/H
  266  256  245  235  215  197  181  169  156  143  127  113  100   87   79   67
   65   61   63   65   66   69   70   73   75   76   77   74   73   66   64   57
   55   48   47   42   43   38   41   39   43   42   44   45   49   54   65   85
  108  132  154  175  196  215  232  246  259  267  270  274  276  277  276  278
  281  281  281  282  287  282  278  271  266                                   
    57.5-180.0 180.0   5.0 450.0                            LAT/LON1/LON2/DLON/H
  264  256  246  234  211  194  175  165  151  142  126  117  103   94   85   78
   72   72   69   71   69   72   70   73   73   76   74   75   71   67   62   57
   54   46   48   41   45   40   43   42   47   46   50   51   57   62   75   95
  117  141  164  185  208  227  244  257  271  277  281  283  287  287  287  287
  288  286  285  285  291  284  279  275  264                                   
    55.0-180.0 180.0   5.0 450.0                            LAT/LON1/LON2/DLON/H
  275  262  248  235  211  194  174  162  147  136  122  114  103   93   88   81
   82   77   78   76   75   73   71   71   73   73   75   72   71   64   63   55
   57   50   53   48   52   48   53   51   58   57   63   63   69   76   90  108
  127  149  173  197  219  238  255  266  282  286  294  297  303  307  308  306
  304  301  297  297  300  291  284  275  275                                   
    52.5-180.0 180.0   5.0 450.0                            LAT/LON1/LON2/DLON/H
  290  273  260  242  216  198  176  159  144  132  120  115  105  101   96   95
   94   91   88   86   81   78   73   74   74   77   77   76   73   70   68   64
   66   62   68   64   70   66   71   69   75   74   80   80   88   96  110  126
  144  165  189  209  231  248  265  278  291  299  307  313  320  325  326  326
  322  318  313  311  314  303  295  292  290                                   
    50.0-180.0 180.0   5.0 450.0                            LAT/LON1/LON2/DLON/H
  315  292  277  257  229  209  182  162  144  131  118  112  105  100   99   98
  101   96   95   89   87   81   80   79   82   82   85   82   82   76   76   73
   78   76   82   80   87   84   87   84   88   87   90   92  101  112  125  140
  157  181  202  223  243  257  276  287  301  309  319  327  336  341  344  342
  339  334  331  326  327  313  307  300  315                                   
    47.5-180.0 180.0   5.0 450.0                            LAT/LON1/LON2/DLON/H
  338  316  301  279  249  226  199  177  153  137  123  115  108  107  105  107
  107  104   98   95   90   88   86   89   91   95   95   94   89   87   84   86
   88   93   96  100  103  102  103  102  104  102  104  108  120  130  144  161
  180  200  221  240  253  268  281  293  304  314  323  335  343  350  351  352
  347  345  340  337  337  326  315  316  338                                   
    45.0-180.0 180.0   5.0 450.0                            LAT/LON1/LON2/DLON/H
  355  332  313  300  274  249  221  197  168  148  130  119  111  108  108  108
  108  101  100   96   96   94   98  100  107  107  109  104  102   95   95   94
  101  103  111  112  117  115  116  114  113  110  113  118  129  143  158  179
  196  217  236  252  265  277  291  300  312  320  329  338  348  354  354  353
  350  346  342  339  339  329  324  320  355                                   
    42.5-180.0 180.0   5.0 450.0                            LAT/LON1/LON2/DLON/H
  358  336  322  313  294  273  243  220  189  164  143  132  122  119  116  116
  110  108  102  102  103  106  110  116  120  121  119  115  108  104  101  103
  106  112  117  121  124  124  124  123  120  118  122  128  141  157  176  196
  217  234  252  264  275  286  298  308  316  323  329  337  345  350  348  346
  342  338  335  334  334  328  321  324  358                                   
    40.0-180.0 180.0   5.0 450.0                            LAT/LON1/LON2/DLON/H
  351  330  315  308  294  276  253  230  205  177  156  140  132  125  123  118
  116  107  109  109  116  119  126  129  135  132  130  121  117  110  110  108
  114  117  123  125  130  130  131  130  126  124  127  134  148  165  187  206
  226  242  256  269  280  293  309  319  329  335  337  343  347  350  346  343
  339  334  330  328  327  320  319  316  351                                   
    37.5-180.0 180.0   5.0 450.0                            LAT/LON1/LON2/DLON/H
  338  316  305  295  282  271  253  237  212  191  166  156  145  141  134  131
  122  119  118  123  129  134  139  142  142  138  132  126  119  117  113  115
  116  120  123  125  129  132  133  134  129  127  131  139  154  171  195  210
  230  241  257  266  282  296  315  327  340  345  348  350  352  351  347  344
  341  335  332  329  326  321  315  313  338                                   
    35.0-180.0 180.0   5.0 450.0                            LAT/LON1/LON2/DLON/H
  331  305  288  271  257  249  237  225  207  189  172  160  154  146  145  136
  134  128  134  137  146  148  152  148  145  138  134  127  126  123  123  122
  122  123  123  125  129  134  137  138  134  133  138  147  161  179  202  220
  236  248  260  275  289  306  327  344  358  363  367  367  369  369  369  366
  367  360  356  348  340  333  326  316  331                                   
    32.5-180.0 180.0   5.0 450.0                            LAT/LON1/LON2/DLON/H
  344  306  280  257  238  233  222  214  196  185  169  163  157  155  149  146
  140  142  145  153  159  160  156  150  142  136  133  133  135  137  136  135
  132  127  125  125  128  133  138  142  140  140  147  155  171  187  209  226
  242  253  264  282  300  323  346  366  380  384  387  388  394  398  402  404
  405  402  397  389  379  370  346  336  344                                   
    30.0-180.0 180.0   5.0 450.0                            LAT/LON1/LON2/DLON/H
  383  327  292  258  232  219  206  195  183  172  164  159  159  153  154  145
  148  146  155  159  166  161  157  145  139  134  138  143  152  156  155  152
  144  137  129  128  127  132  138  140  139  139  144  153  168  187  209  228
  242  254  267  289  312  343  370  394  410  416  420  421  434  445  459  463
  471  468  470  460  445  428  397  379  383                                   
    27.5-180.0 180.0   5.0 450.0                            LAT/LON1/LON2/DLON/H
  455  397  341  286  251  229  205  194  176  171  158  160  155  155  149  146
  144  148  152  158  160  158  151  143  139  143  153  165  178  183  186  176
  166  150  138  130  126  129  134  136  136  135  138  143  159  178  203  222
  243  256  277  300  334  372  405  429  443  453  458  466  481  499  517  530
  540  548  551  542  530  512  469  449  455                                   
    25.0-180.0 180.0   5.0 450.0                            LAT/LON1/LON2/DLON/H
  562  513  449  386  320  278  243  215  189  175  165  161  159  153  151  139
  142  138  144  145  150  146  146  142  148  157  176  193  211  217  215  204
  188  170  149  136  128  124  122  122  121  120  122  129  146  168  197  223
  248  267  293  323  363  407  446  469  482  491  501  513  536  559  586  608
  625  638  649  645  633  612  587  551  562                                   
    22.5-180.0 180.0   5.0 450.0                            LAT/LON1/LON2/DLON/H
  671  631  576  518  440  373  305  261  223  204  183  183  169  167  152  145
  136  135  131  133  135  140  142  152  163  184  208  234  250  250  240  223
  206  182  157  141  127  120  112  110  104  106  107  120  137  162  195  228
  259  286  323  362  405  456  493  516  527  537  546  561  585  617  651  683
  707  728  741  739  730  712  697  655  671                                   
    20.0-180.0 180.0   5.0 450.0                            LAT/LON1/LON2/DLON/H
  782  762  707  638  568  494  421  360  286  252  221  207  193  179  167  147
  143  129  128  124  130  139  154  171  198  223  261  282  294  276  259  239
  215  189  163  144  128  116  102   95   88   91   95  110  127  161  201  238
  276  307  352  395  448  492  527  547  557  564  577  597  625  667  702  743
  769  798  816  818  818  804  786  757  782                                   
    17.5-180.0 180.0   5.0 450.0                            LAT/LON1/LON2/DLON/H
  850  865  824  768  681  607  526  463  397  345  292  267  239  224  195  177
  161  147  137  135  139  155  174  206  240  283  316  331  324  295  270  240
  214  188  165  148  129  115  101   92   83   86   91  106  131  167  216  257
  301  335  380  425  474  514  546  565  575  588  602  628  661  699  733  767
  794  821  847  854  866  868  832  816  850                                   
    15.0-180.0 180.0   5.0 450.0                            LAT/LON1/LON2/DLON/H
  889  915  885  840  767  695  611  556  493  448  392  358  311  280  248  220
  200  177  167  161  171  188  220  260  312  352  380  369  348  297  265  232
  206  180  162  146  130  114  100   88   81   82   89  105  128  174  225  268
  315  350  397  439  483  515  546  564  584  597  624  655  691  728  754  782
  798  824  842  859  875  879  842  849  889                                   
    12.5-180.0 180.0   5.0 450.0                            LAT/LON1/LON2/DLON/H
  887  929  916  879  825  760  690  631  571  530  483  454  405  374  322  293
  262  244  228  223  228  249  285  342  383  415  421  401  354  300  258  220
  200  175  161  147  136  117  107   90   82   83   90  106  136  182  236  280
  328  363  407  446  484  512  539  559  583  606  635  671  709  733  753  769
  780  791  812  827  852  861  839  847  887                                   
    10.0-180.0 180.0   5.0 450.0                            LAT/LON1/LON2/DLON/H
  854  900  890  872  818  789  729  690  633  592  554  517  486  449  411  377
  345  324  310  303  315  338  380  418  450  453  450  403  350  282  239  209
  189  171  158  149  138  124  114   97   92   88   99  113  143  188  239  284
  328  365  404  440  478  497  529  546  581  605  641  680  717  737  752  760
  763  767  778  792  812  821  820  827  854                                   
     7.5-180.0 180.0   5.0 450.0                            LAT/LON1/LON2/DLON/H
  814  823  841  814  797  762  735  703  665  630  597  571  544  519  484  465
  436  425  408  415  420  440  461  481  487  475  444  392  326  263  227  197
