data/unet/pred3080.15i
     1.0            IONOSPHERE MAPS     GNSS                IONEX VERSION / TYPE
pyspatialgeodesy        IME             05-JAN-18 20:20     PGM / RUN BY / DATE 
Map Name                                                    COMMENT             
Predicted global ionosphere maps (GIM).                     DESCRIPTION         
  2015    11     4     0     0     0                        EPOCH OF FIRST MAP  
  2015    11     5     0     0     0                        EPOCH OF LAST MAP   
  7200                                                      INTERVAL            
    13                                                      # OF MAPS IN FILE   
  NONE                                                      MAPPING FUNCTION    
10.0                                                        ELEVATION CUTOFF    
One-way carrier phase leveled to code                       OBSERVABLES USED    
  6371.0                                                    BASE RADIUS         
 2                                                          MAP DIMENSION       
   450.0 450.0   0.0                                        HGT1 / HGT2 / DHGT  
    87.5 -87.5  -2.5                                        LAT1 / LAT2 / DLAT  
  -180.0 180.0   5.0                                        LON1 / LON2 / DLON  
    -1                                                      EXPONENT            
                                                            END OF HEADER       
[from data line 3861]
    10                                                      START OF TEC MAP    
  2015    11     4    18     0     0                        EPOCH OF CURRENT MAP
    87.5-180.0 180.0   5.0 450.0                            LAT/LON1/LON2/DLON/H
  137  105  103  108  107  107  108  110  110  113  113  115  115  116  116  117
  117  118  118  118  118  118  118  117  116  115  115  114  113  111  112  110
  110  107  109  106  107  104  105  103  104  102  103  100  102   99  101   97
  100   97   99   97   99   98   99   98  100   99   99   99   99   98   98   98
   98   97   98   98  102   99  106  116  137                                   
    85.0-180.0 180.0   5.0 450.0                            LAT/LON1/LON2/DLON/H
   91   89   91   97   97  100   99  102  103  107  107  110  110  113  113  115
  114  116  115  117  116  117  115  116  113  114  111  112  109  109  106  107
  104  104  101  101   99   99   97   96   95   95   93   93   92   93   91   92
   90   92   90   92   91   93   92   93   92   93   91   92   91   92   89   91
   88   90   87   88   90   86   91  104   91                                   
    82.5-180.0 180.0   5.0 450.0                            LAT/LON1/LON2/DLON/H
   79   76   82   84   88   89   91   94   97  101  104  107  110  113  115  117
  118  120  120  120  120  119  118  118  116  116  113  113  108  109  104  105
  100  100   95   95   90   90   86   86   83   83   81   81   80   81   81   82
   83   84   85   86   87   87   87   87   87   86   87   85   85   83   83   81
   81   80   79   78   79   73   75   77   79                                   
    80.0-180.0 180.0   5.0 450.0                            LAT/LON1/LON2/DLON/H
   68   69   71   75   77   79   83   86   91   96  101  106  111  115  118  120
  123  123  124  123  122  120  119  117  115  113  111  109  107  104  103   99
   98   94   92   89   85   83   80   78   75   74   72   73   72   74   74   77
   78   81   82   84   84   85   86   85   85   84   84   82   82   80   79   77
   76   74   72   71   71   63   69   69   68                                   
    77.5-180.0 180.0   5.0 450.0                            LAT/LON1/LON2/DLON/H
   56   58   63   63   67   68   72   75   82   87   95  101  108  113  119  122
  125  126  127  125  123  119  117  112  111  106  106  102  101   98   98   95
   93   90   88   83   80   75   74   69   68   65   66   65   67   68   72   74
   78   80   84   84   88   86   89   87   88   86   86   84   84   81   81   78
   77   74   73   69   69   60   62   61   56                                   
    75.0-180.0 180.0   5.0 450.0                            LAT/LON1/LON2/DLON/H
   52   53   55   57   57   60   63   68   73   82   90  100  108  116  123  127
  130  132  131  130  125  122  116  111  105  103   99   99   94   96   93   92
   89   87   84   80   75   73   67   65   60   61   59   62   62   68   69   75
   76   82   82   87   87   91   88   91   88   89   87   87   83   84   81   81
   76   76   71   70   67   60   64   66   52                                   
    72.5-180.0 180.0   5.0 450.0                            LAT/LON1/LON2/DLON/H
   53   52   55   53   55   55   58   62   68   77   89   99  111  119  130  135
  140  142  142  138  133  125  120  110  106   98   97   92   94   92   94   90
   90   86   84   79   75   69   65   60   57   56   57   59   63   66   71   74
   80   81   86   86   91   89   92   90   91   89   90   87   88   85   86   82
   82   78   76   71   70   62   66   64   53                                   
    70.0-180.0 180.0   5.0 450.0                            LAT/LON1/LON2/DLON/H
   57   53   55   55   55   57   58   64   69   80   90  104  117  128  140  148
  153  155  154  152  144  138  127  120  111  106  101   99   98   99   97   96
   93   92   86   82   75   69   63   59   55   55   55   60   62   68   71   76
   79   83   85   87   87   88   88   87   86   87   86   86   85   86   85   84
   82   81   77   75   72   64   68   70   57                                   
    67.5-180.0 180.0   5.0 450.0                            LAT/LON1/LON2/DLON/H
   58   55   57   56   58   59   62   65   72   81   95  109  124  138  153  162
  170  171  172  167  163  152  143  130  122  114  110  104  104  101  101   97
   96   92   88   80   74   66   61   56   53   53   54   57   61   65   71   73
   78   78   82   81   83   80   82   79   81   79   81   79   81   80   83   80
   81   79   78   74   73   64   67   67   58                                   
    65.0-180.0 180.0   5.0 450.0                            LAT/LON1/LON2/DLON/H
   57   54   55   57   58   63   64   71   76   88   99  117  132  148  163  174
  181  185  186  188  181  174  155  147  133  128  119  117  114  113  110  107
  102   98   91   82   74   65   60   55   53   52   54   57   60   64   66   68
   69   71   71   71   70   69   68   66   67   67   68   68   70   71   73   73
   73   73   71   68   67   60   63   64   57                                   
    62.5-180.0 180.0   5.0 450.0                            LAT/LON1/LON2/DLON/H
   51   50   52   54   58   63   68   73   81   90  105  122  139  155  172  184
  193  196  201  202  201  192  181  167  154  142  135  127  127  121  120  111
  108   99   92   80   72   62   58   53   52   51   54   56   59   59   61   60
   61   58   58   56   56   53   54   52   54   53   56   56   58   58   62   61
   63   61   62   58   58   51   52   54   51                                   
    60.0-180.0 180.0   5.0 450.0                            LAT/LON1/LON2/DLON/H
   46   45   44   51   55   64   68   77   85   96  108  127  142  159  175  188
  196  203  209  215  213  209  196  186  168  159  147  143  140  139  133  126
  118  108   96   84   75   64   59   54   54   53   56   57   59   58   57   54
   52   49   47   44   43   42   41   42   43   44   46   47   49   50   51   52
   53   53   52   50   48   44   44   44   46                                   
    57.5-180.0 180.0   5.0 450.0                            LAT/LON1/LON2/DLON/H
   39   40   42   47   56   64   72   80   91  100  113  129  145  160  176  188
  197  205  214  221  221  219  211  202  190  181  171  165  163  157  155  139
  131  115  104   88   79   68   64   57   58   57   60   60   60   57   55   49
   47   41   40   36   36   35   36   36   39   38   42   42   44   43   46   44
   46   45   46   43   42   38   37   36   39                                   
    55.0-180.0 180.0   5.0 450.0                            LAT/LON1/LON2/DLON/H
   41   43   40   51   57   70   76   89   96  109  120  135  148  162  173  185
  193  203  213  223  225  225  217  212  201  197  187  186  178  174  165  155
  142  128  114   98   88   77   74   67   68   65   68   66   67   62   58   50
   47   42   40   38   37   36   37   39   40   43   44   45   44   44   44   45
   46   47   46   46   42   38   40   40   41                                   
    52.5-180.0 180.0   5.0 450.0                            LAT/LON1/LON2/DLON/H
   48   46   49   57   68   78   89   97  108  118  130  141  152  162  172  181
  188  199  209  221  223  226  219  216  210  209  206  202  199  190  184  171
  159  140  128  110  101   89   85   79   79   76   78   76   75   70   65   57
   53   48   47   45   46   46   48   50   52   53   54   53   53   50   51   49
   53   53   55   54   52   47   47   48   48                                   
    50.0-180.0 180.0   5.0 450.0                            LAT/LON1/LON2/DLON/H
   62   62   61   73   81   93  100  112  120  132  139  149  156  164  171  179
  187  197  208  219  223  224  217  219  211  213  212  211  209  199  194  182
  173  153  143  125  118  104  102   94   96   91   94   89   88   81   76   69
   64   61   60   60   61   63   64   66   68   69   67   66   63   62   60   61
   63   67   68   71   68   63   64   70   62                                   
    47.5-180.0 180.0   5.0 450.0                            LAT/LON1/LON2/DLON/H
   81   79   83   92  102  110  119  127  136  144  151  157  163  167  176  183
  191  200  209  220  220  224  216  219  212  220  216  220  216  211  204  196
  183  167  153  139  130  120  116  111  108  106  105  102   99   93   88   82
   79   77   78   79   80   82   83   85   85   85   83   80   77   74   74   73
   77   79   85   87   87   84   85   87   81                                   
    45.0-180.0 180.0   5.0 450.0                            LAT/LON1/LON2/DLON/H
   98  100  103  112  122  130  138  145  152  158  164  168  173  178  185  191
  200  209  218  224  226  225  219  219  218  218  219  215  217  206  204  192
  186  169  161  147  142  133  130  124  121  116  116  110  107  101   97   92
   90   91   91   94   94   97   98   99   98   98   94   91   87   86   85   87
   89   94   98  101  103   99  102  106   98                                   
    42.5-180.0 180.0   5.0 450.0                            LAT/LON1/LON2/DLON/H
  107  114  120  128  141  145  157  161  170  175  181  183  190  193  200  208
  215  225  230  235  233  231  225  224  223  228  229  226  225  214  208  197
  189  174  166  154  149  142  139  132  128  122  119  114  110  105  100   98
   97   99  100  102  103  104  105  105  105  103   99   96   93   91   92   91
   96   96  103  103  110  106  111  107  107                                   
    40.0-180.0 180.0   5.0 450.0                            LAT/LON1/LON2/DLON/H
  107  121  128  136  150  156  170  176  188  191  199  202  209  213  221  227
  236  242  246  250  245  241  236  233  239  238  244  233  231  214  206  193
  186  175  168  161  156  151  149  142  137  128  123  115  113  106  103  100
  101  102  103  104  104  105  106  105  105  102   99   97   95   95   96   96
   97   96   98   97  101  100  104  104  107                                   
    37.5-180.0 180.0   5.0 450.0                            LAT/LON1/LON2/DLON/H
   95  113  122  132  150  158  176  187  202  209  217  222  228  233  241  248
  254  262  263  266  261  257  251  248  253  257  263  255  246  225  214  203
  195  186  179  171  167  161  160  150  143  131  124  116  112  106  102   99
   99  100  100  100  100  101  102  101  103   99   97   95   94   94   95   92
   92   89   89   87   91   92   94   87   95                                   
    35.0-180.0 180.0   5.0 450.0                            LAT/LON1/LON2/DLON/H
   81  105  113  129  146  166  177  197  213  223  235  240  248  251  258  263
  269  272  274  275  271  270  263  264  271  278  285  279  262  239  221  213
  202  201  193  191  181  179  171  164  151  140  131  121  117  109  105  100
   99   97   97   95   95   96   99   99  101   98   95   94   93   94   95   91
   90   88   84   83   76   81   77   72   81                                   
    32.5-180.0 180.0   5.0 450.0                            LAT/LON1/LON2/DLON/H
   47   75  100  115  142  155  178  197  217  234  244  253  260  266  272  278
  280  284  282  284  283  281  277  276  284  297  302  304  287  269  253  246
  242  235  230  219  210  200  190  179  167  149  140  130  125  117  111  105
  101   98   97   95   96   98  101  103  104  101   97   96   96   98   97   95
   91   86   81   71   65   61   64   48   47                                   
    30.0-180.0 180.0   5.0 450.0                            LAT/LON1/LON2/DLON/H
   27   68   84  107  130  164  181  211  225  247  257  271  280  286  291  292
  293  286  291  285  289  283  283  284  293  307  317  320  308  295  282  282
  279  279  269  257  242  232  215  202  185  169  157  148  143  135  129  120
  116  109  107  103  103  105  110  112  113  110  108  105  104  103  103  100
   97   91   82   74   59   58   57   38   27                                   
    27.5-180.0 180.0   5.0 450.0                            LAT/LON1/LON2/DLON/H
   13   62   86  106  131  155  175  207  227  249  262  278  286  296  299  299
  299  291  295  293  297  295  294  296  303  318  331  339  337  335  337  339
  347  340  332  308  291  267  249  227  208  192  181  173  168  160  153  143
  134  127  122  119  119  122  126  128  127  122  119  118  117  117  114  111
  104   95   84   70   56   46   46   31   13                                   
    25.0-180.0 180.0   5.0 450.0                            LAT/LON1/LON2/DLON/H
   23   74   84  110  129  167  181  223  233  269  275  296  300  313  311  308
  304  293  299  294  303  300  304  305  317  337  358  373  379  384  398  403
  413  406  396  368  342  308  282  256  235  220  208  203  196  190  179  170
  158  151  144  140  141  142  148  148  147  140  135  132  131  131  127  121
  115  107   97   85   73   65   63   43   23                                   
    22.5-180.0 180.0   5.0 450.0                            LAT/LON1/LON2/DLON/H
   43   88  107  129  150  162  183  217  238  277  285  305  309  319  316  312
  308  299  304  306  313  313  317  322  336  360  388  409  426  440  460  471
  483  474  458  423  384  344  309  282  259  244  235  230  223  215  206  193
  183  174  167  165  164  167  169  167  159  151  140  141  141  145  143  141
  130  121  110   98   89   75   73   68   43                                   
    20.0-180.0 180.0   5.0 450.0                            LAT/LON1/LON2/DLON/H
   76  116  131  159  184  202  213  241  264  301  308  328  327  337  328  324
  317  311  313  317  324  328  332  343  362  396  431  460  485  501  524  529
  541  519  500  457  414  369  333  305  284  271  263  259  251  246  232  224
  209  203  190  187  182  183  179  175  167  158  149  146  148  149  148  147
  140  138  126  117  107  100   97   93   76                                   
    17.5-180.0 180.0   5.0 450.0                            LAT/LON1/LON2/DLON/H
  105  141  158  187  204  215  231  246  278  309  331  347  348  353  345  337
  333  327  334  337  343  346  354  369  393  430  467  500  526  542  560  567
  563  543  512  471  424  380  343  319  300  289  280  276  271  267  255  247
  233  229  215  208  198  196  187  181  170  163  157  155  154  153  152  150
  146  143  138  132  124  117  118  130  105                                   
    15.0-180.0 180.0   5.0 450.0                            LAT/LON1/LON2/DLON/H
  132  170  181  218  236  257  272  298  320  354  369  387  386  394  383  377
  366  366  369  379  380  386  392  412  438  474  508  534  562  573  586  580
  574  543  517  474  431  389  358  337  322  311  303  300  289  284  268  263
  249  245  233  221  209  200  190  183  173  169  161  160  157  154  151  149
  144  146  141  138  129  125  127  143  132                                   
    12.5-180.0 180.0   5.0 450.0                            LAT/LON1/LON2/DLON/H
  140  173  200  234  251  271  291  312  345  371  401  408  421  424  423  416
  406  404  414  414  420  420  430  451  479  507  537  558  582  584  588  576
  557  533  505  468  426  391  365  350  337  329  317  310  301  295  278  278
  268  266  253  237  219  205  192  183  172  166  160  156  155  149  146  142
  142  138  139  131  130  125  132  152  140                                   
    10.0-180.0 180.0   5.0 450.0                            LAT/LON1/LON2/DLON/H
  147  182  212  248  271  302  323  353  376  406  424  445  456  470  465  469
  453  461  457  464  464  463  473  488  515  538  566  581  598  599  591  574
  551  529  501  472  433  401  378  364  354  342  331  324  311  303  290  287
  282  276  264  246  223  208  190  181  168  166  159  155  151  145  142  134
  135  130  129  122  116  117  122  136  147                                   
     7.5-180.0 180.0   5.0 450.0                            LAT/LON1/LON2/DLON/H
  147  177  211  247  278  309  341  361  398  420  453  467  493  498  506  505
  497  499  500  499  499  497  503  522  544  570  586  595  603  597  584  564
