data/unet/pred3220.15i
     1.0            IONOSPHERE MAPS     GNSS                IONEX VERSION / TYPE
pyspatialgeodesy        IME             05-JAN-18 20:20     PGM / RUN BY / DATE 
Map Name                                                    COMMENT             
Predicted global ionosphere maps (GIM).                     DESCRIPTION         
  2015    11    18     0     0     0                        EPOCH OF FIRST MAP  
  2015    11    19     0     0     0                        EPOCH OF LAST MAP   
  7200                                                      INTERVAL            
    13                                                      # OF MAPS IN FILE   
  NONE                                                      MAPPING FUNCTION    
10.0                                                        ELEVATION CUTOFF    
One-way carrier phase leveled to code                       OBSERVABLES USED    
  6371.0                                                    BASE RADIUS         
 2                                                          MAP DIMENSION       
   450.0 450.0   0.0                                        HGT1 / HGT2 / DHGT  
    87.5 -87.5  -2.5                                        LAT1 / LAT2 / DLAT  
  -180.0 180.0   5.0                                        LON1 / LON2 / DLON  
    -1                                                      EXPONENT            
                                                            END OF HEADER       
[from data line 858]
     3                                                      START OF TEC MAP    
  2015    11    18     4     0     0                        EPOCH OF CURRENT MAP
    87.5-180.0 180.0   5.0 450.0                            LAT/LON1/LON2/DLON/H
   50   80   72   68   70   66   68   68   70   69   71   71   71   72   72   72
   72   72   73   72   72   70   72   69   70   68   69   68   68   67   68   67
   67   67   68   68   67   68   69   70   70   71   72   73   73   74   74   75
   73   75   74   76   74   76   75   77   76   77   77   77   77   76   77   74
   77   73   76   74   79   73   84   54   50                                   
    85.0-180.0 180.0   5.0 450.0                            LAT/LON1/LON2/DLON/H
   84   75   55   58   58   55   56   57   58   60   61   63   63   65   66   67
   67   68   68   67   66   65   65   63   62   61   61   60   58   58   58   58
   58   59   60   60   60   61   63   64   64   65   66   67   66   68   68   68
   68   68   69   69   69   69   71   70   72   70   72   71   73   71   72   69
   71   68   68   67   67   61   75   88   84                                   
    82.5-180.0 180.0   5.0 450.0                            LAT/LON1/LON2/DLON/H
   79   51   48   51   44   43   42   45   46   47   50   52   55   56   60   60
   62   60   62   59   59   55   55   50   49   44   45   41   41   39   41   39
   42   40   45   44   48   48   53   53   57   56   61   59   63   59   64   60
   64   60   66   61   67   63   70   66   73   69   75   73   76   75   76   74
   73   72   71   69   68   62   71   85   79                                   
    80.0-180.0 180.0   5.0 450.0                            LAT/LON1/LON2/DLON/H
   82   54   48   47   41   41   39   43   43   47   49   56   57   63   65   69
   69   71   69   69   64   62   57   54   47   45   41   39   37   37   37   38
   38   41   43   47   48   52   54   58   59   62   63   65   65   66   66   66
   66   66   66   67   69   71   73   76   79   83   85   89   88   92   90   92
   87   88   83   83   79   71   72   87   82                                   
    77.5-180.0 180.0   5.0 450.0                            LAT/LON1/LON2/DLON/H
   92   53   47   44   35   31   29   32   33   37   40   47   50   58   60   67
   66   69   67   67   60   59   51   47   39   36   32   30   28   28   28   30
   31   35   38   42   44   49   52   55   57   59   60   62   61   62   61   62
   60   63   62   66   66   72   74   80   83   89   92   96   99  101  102  101
  100   97   95   91   87   77   81   88   92                                   
    75.0-180.0 180.0   5.0 450.0                            LAT/LON1/LON2/DLON/H
   98   58   49   43   33   28   26   26   28   31   36   41   45   51   56   60
   61   63   63   60   56   52   46   39   33   28   27   24   23   24   26   27
   29   33   37   40   43   47   50   53   54   57   58   58   59   58   59   58
   59   60   62   65   68   74   79   84   90   94  100  104  109  112  114  114
  113  110  108  103   98   87   89   94   98                                   
    72.5-180.0 180.0   5.0 450.0                            LAT/LON1/LON2/DLON/H
  111   64   59   53   39   31   26   26   25   28   31   36   40   46   50   55
   56   59   58   56   51   47   42   35   30   26   26   24   24   26   28   29
   32   34   38   40   43   45   49   50   53   53   56   55   55   55   55   55
   55   58   60   66   71   78   85   93  100  109  116  123  128  131  132  131
  130  128  124  118  111  103  104  101  111                                   
    70.0-180.0 180.0   5.0 450.0                            LAT/LON1/LON2/DLON/H
  118   78   69   62   48   39   33   30   28   28   31   33   37   40   45   48
   50   50   51   49   47   42   39   33   32   28   30   29   32   33   36   37
   38   40   41   43   43   45   46   47   48   49   50   51   52   51   53   52
   55   59   66   72   82   90  100  108  120  127  137  143  150  152  152  150
  147  144  142  138  128  116  118  112  118                                   
    67.5-180.0 180.0   5.0 450.0                            LAT/LON1/LON2/DLON/H
  130   87   80   74   59   49   39   37   31   31   29   32   31   35   36   41
   40   44   42   44   39   39   35   34   32   33   34   38   39   44   44   48
   45   47   45   44   42   41   42   41   42   42   44   45   46   46   47   49
   53   60   69   81   90  101  112  124  134  145  153  160  165  167  167  164
  159  155  151  148  142  132  129  121  130                                   
    65.0-180.0 180.0   5.0 450.0                            LAT/LON1/LON2/DLON/H
  134  100   88   80   68   59   49   46   40   39   35   34   33   32   34   35
   37   37   39   37   38   35   36   33   36   37   42   45   50   52   53   54
   51   49   45   41   37   35   35   34   34   35   38   39   41   41   45   48
   55   67   79   90  103  115  128  138  150  159  167  171  176  176  175  170
  166  160  157  155  149  137  137  128  134                                   
    62.5-180.0 180.0   5.0 450.0                            LAT/LON1/LON2/DLON/H
  139  100   92   85   70   63   52   52   45   44   38   37   32   32   29   31
   32   34   33   35   34   33   32   33   36   40   44   51   53   57   55   55
   50   47   41   36   33   28   28   26   29   30   34   36   38   40   45   50
   60   75   88  100  115  129  141  151  165  173  180  183  185  184  180  175
  168  162  157  154  151  145  140  133  139                                   
    60.0-180.0 180.0   5.0 450.0                            LAT/LON1/LON2/DLON/H
  139  107   94   84   73   62   55   52   49   46   43   40   37   32   32   30
   34   32   34   33   33   30   31   30   36   38   46   49   54   53   54   50
   46   40   37   31   28   23   23   21   25   26   32   33   38   40   47   54
   68   83   98  112  128  140  153  164  177  184  189  192  194  191  186  178
  172  166  161  158  153  143  142  136  139                                   
    57.5-180.0 180.0   5.0 450.0                            LAT/LON1/LON2/DLON/H
  145  109   96   85   68   59   50   49   45   45   40   40   36   35   31   33
   34   35   35   35   32   30   27   28   31   36   40   45   46   47   44   42
   38   34   32   27   26   21   23   22   27   28   34   36   42   45   52   62
   77   93  107  123  140  152  166  176  189  195  199  202  202  201  195  189
  180  174  167  164  159  155  147  141  145                                   
    55.0-180.0 180.0   5.0 450.0                            LAT/LON1/LON2/DLON/H
  149  122  106   90   73   61   50   45   42   39   38   37   37   35   35   35
   38   37   38   35   33   27   27   24   30   31   38   39   41   39   38   34
   32   31   31   29   29   26   28   27   32   33   40   41   48   51   61   74
   89  106  121  137  154  168  181  190  201  207  211  213  215  213  210  204
  196  189  183  179  171  163  159  151  149                                   
    52.5-180.0 180.0   5.0 450.0                            LAT/LON1/LON2/DLON/H
  168  139  121  103   82   68   55   45   39   36   33   35   35   37   36   39
   40   42   39   38   33   30   26   26   28   31   34   36   36   33   32   29
   32   32   36   35   38   35   38   37   42   43   48   50   57   62   72   88
  105  122  137  153  170  183  195  204  213  218  221  223  225  225  222  218
  210  205  195  192  186  184  175  165  168                                   
    50.0-180.0 180.0   5.0 450.0                            LAT/LON1/LON2/DLON/H
  181  159  141  124  103   85   69   55   44   36   32   33   35   36   38   39
   43   42   42   38   37   31   30   28   34   34   40   38   39   33   34   30
   35   36   43   45   50   48   51   49   53   52   57   59   67   74   89  106
  123  141  156  172  188  200  210  217  226  230  234  236  239  239  238  235
  228  221  215  209  203  194  192  178  181                                   
    47.5-180.0 180.0   5.0 450.0                            LAT/LON1/LON2/DLON/H
  201  183  165  149  126  110   90   74   57   45   37   36   36   40   40   42
   43   43   42   40   38   37   36   38   42   45   48   46   46   41   41   38
   43   46   54   57   63   61   64   60   62   61   65   69   78   90  107  126
  144  160  178  192  205  216  224  231  237  242  242  245  246  247  245  242
  233  228  220  217  212  208  201  190  201                                   
    45.0-180.0 180.0   5.0 450.0                            LAT/LON1/LON2/DLON/H
  209  195  183  168  151  134  116   96   75   58   46   42   42   43   45   44
   45   43   44   43   45   44   49   50   58   58   63   59   59   52   53   49
   55   59   68   70   76   74   75   70   71   70   73   79   90  106  125  147
  163  182  197  211  221  231  236  242  246  248  246  248  248  250  247  243
  234  229  226  221  216  208  208  195  209                                   
    42.5-180.0 180.0   5.0 450.0                            LAT/LON1/LON2/DLON/H
  210  197  184  180  165  153  134  118   96   78   62   54   52   52   51   49
   48   47   48   50   53   57   61   67   72   75   76   73   70   66   64   63
   66   70   76   79   83   80   80   75   75   74   80   87  101  123  143  165
  183  200  214  224  233  240  244  248  250  250  245  244  244  244  241  235
  226  223  217  214  207  204  199  192  210                                   
    40.0-180.0 180.0   5.0 450.0                            LAT/LON1/LON2/DLON/H
  197  183  171  168  165  156  144  130  113   93   76   68   65   64   63   59
   58   57   59   62   69   73   79   83   89   88   88   84   82   76   76   72
   76   77   83   84   88   85   84   81   80   80   86   97  113  137  159  181
  199  215  225  235  243  248  251  254  256  254  249  246  245  244  239  232
  222  219  214  208  200  192  193  184  197                                   
    37.5-180.0 180.0   5.0 450.0                            LAT/LON1/LON2/DLON/H
  181  162  147  150  147  148  141  135  120  107   92   84   81   79   78   74
   73   72   75   80   86   92   95   99   98   97   93   89   85   81   79   78
   79   79   83   83   88   85   83   81   81   83   91  104  124  148  172  192
  210  222  232  240  248  255  258  263  265  263  256  252  248  245  240  233
  223  219  213  207  195  187  179  176  181                                   
    35.0-180.0 180.0   5.0 450.0                            LAT/LON1/LON2/DLON/H
  166  139  124  124  124  129  127  127  118  109   98   94   93   94   95   93
   93   94   97  101  105  108  109  108  104   99   94   87   83   80   81   79
   80   78   83   83   87   85   84   84   85   90   97  114  133  156  179  199
  215  228  237  246  256  267  273  279  281  280  274  268  265  260  256  248
  239  235  228  219  207  189  184  175  166                                   
    32.5-180.0 180.0   5.0 450.0                            LAT/LON1/LON2/DLON/H
  170  135  112  105   99  103  103  108  105  103   98   98  100  103  106  108
  108  111  113  117  118  119  116  112  104   99   91   84   80   78   79   77
   79   76   81   81   86   85   85   86   88   94  103  119  140  162  185  202
  220  229  240  250  264  279  291  301  307  307  304  299  297  292  289  282
  275  271  260  249  235  221  205  191  170                                   
    30.0-180.0 180.0   5.0 450.0                            LAT/LON1/LON2/DLON/H
  185  145  116  101   86   85   81   89   88   92   90   96  101  108  114  119
  122  125  127  129  128  125  119  113  105   99   90   84   81   80   82   79
   81   78   80   82   84   85   85   89   91   98  105  126  145  168  187  205
  220  234  247  261  278  297  315  328  341  341  343  341  344  345  345  338
  331  326  320  307  293  260  246  224  185                                   
    27.5-180.0 180.0   5.0 450.0                            LAT/LON1/LON2/DLON/H
  238  192  156  126  104   91   83   81   81   85   84   91   97  106  114  122
  125  132  131  132  128  124  117  112  105  101   93   89   88   88   90   89
   85   85   83   82   82   85   84   91   92   99  107  125  149  171  192  206
  220  234  254  277  301  320  342  359  374  382  388  393  398  401  402  398
  394  394  390  379  371  345  308  281  238                                   
    25.0-180.0 180.0   5.0 450.0                            LAT/LON1/LON2/DLON/H
  319  258  219  179  137  117   96   90   83   84   83   87   92  101  111  120
  126  129  128  125  121  116  111  111  109  108  103  102  102  102  103  100
   97   94   89   87   85   86   84   87   87   94  102  123  146  173  194  210
  228  248  273  302  328  355  376  393  413  423  434  443  452  460  465  463
  463  465  466  460  451  437  395  366  319                                   
    22.5-180.0 180.0   5.0 450.0                            LAT/LON1/LON2/DLON/H
  418  373  316  255  205  171  138  117  106  101   96   95   94  102  106  115
  117  118  114  109  104  103  105  112  116  120  120  121  122  121  119  117
  110  106   98   90   86   87   83   86   85   90  100  118  150  177  204  224
  246  274  303  336  365  397  415  440  456  470  475  488  501  511  517  519
  521  528  535  530  529  529  494  464  418                                   
    20.0-180.0 180.0   5.0 450.0                            LAT/LON1/LON2/DLON/H
  529  496  442  388  314  262  196  164  135  123  115  109  105  105  108  112
  111  106   98   92   90   96  104  118  130  141  143  145  142  139  135  134
  124  120  107   98   91   90   84   81   76   82   92  115  147  182  212  238
  267  299  332  369  401  436  455  477  497  508  521  533  550  559  567  572
  577  584  594  594  591  602  593  562  529                                   
    17.5-180.0 180.0   5.0 450.0                            LAT/LON1/LON2/DLON/H
  620  604  556  507  438  378  294  233  193  166  148  136  127  127  121  122
  112  106   93   89   89  100  113  134  151  167  169  171  161  156  148  141
  134  125  112  100   93   93   85   82   75   81   94  118  160  197  234  260
  294  327  365  403  439  472  491  518  531  543  552  563  579  591  601  607
  609  618  630  629  635  659  662  630  620                                   
    15.0-180.0 180.0   5.0 450.0                            LAT/LON1/LON2/DLON/H
  689  696  652  608  547  488  402  338  268  231  196  177  164  157  151  145
  133  119  104   99   99  114  133  158  179  193  199  191  178  167  155  148
  135  127  112  102   96   93   86   77   73   77   92  120  163  207  243  274
  308  347  389  433  468  497  518  540  557  565  576  581  597  605  617  619
  623  628  640  639  647  675  690  668  689                                   
    12.5-180.0 180.0   5.0 450.0                            LAT/LON1/LON2/DLON/H
  712  732  712  689  634  575  487  421  353  312  259  231  215  206  193  184
  166  151  133  128  132  148  165  190  211  230  225  212  187  171  158  147
  137  125  112  102   98   95   88   80   76   82   99  133  180  223  260  292
  329  370  411  454  483  510  528  550  565  575  581  587  598  605  612  614
  616  621  628  627  638  665  681  668  712                                   
    10.0-180.0 180.0   5.0 450.0                            LAT/LON1/LON2/DLON/H
  707  731  731  712  677  619  544  476  418  379  338  314  277  266  252  241
  218  199  183  179  179  191  208  229  248  253  243  215  189  171  155  144
  129  122  106  102   98   94   89   79   78   84  105  141  187  228  263  299
  336  380  422  461  490  513  535  552  572  578  586  588  596  599  603  602
  605  603  608  604  611  628  651  644  707                                   
     7.5-180.0 180.0   5.0 450.0                            LAT/LON1/LON2/DLON/H
  671  701  711  709  678  631  564  511  459  432  400  387  356  339  311  300
  275  259  238  235  233  246  257  271  274  273  246  213  184  164  150  140
