data/unet/pred1740.15i
     1.0            IONOSPHERE MAPS     GNSS                IONEX VERSION / TYPE
pyspatialgeodesy        IME             05-JAN-18 20:20     PGM / RUN BY / DATE 
Map Name                                                    COMMENT             
Predicted global ionosphere maps (GIM).                     DESCRIPTION         
  2015     6    23     0     0     0                        EPOCH OF FIRST MAP  
  2015     6    24     0     0     0                        EPOCH OF LAST MAP   
  7200                                                      INTERVAL            
    13                                                      # OF MAPS IN FILE   
  NONE                                                      MAPPING FUNCTION    
10.0                                                        ELEVATION CUTOFF    
One-way carrier phase leveled to code                       OBSERVABLES USED    
  6371.0                                                    BASE RADIUS         
 2                                                          MAP DIMENSION       
   450.0 450.0   0.0                                        HGT1 / HGT2 / DHGT  
    87.5 -87.5  -2.5                                        LAT1 / LAT2 / DLAT  
  -180.0 180.0   5.0                                        LON1 / LON2 / DLON  
    -1                                                      EXPONENT            
                                                            END OF HEADER       
[from data line 1287]
     4                                                      START OF TEC MAP    
  2015     6    23     6     0     0                        EPOCH OF CURRENT MAP
    87.5-180.0 180.0   5.0 450.0                            LAT/LON1/LON2/DLON/H
  141  160  157  152  154  144  148  141  147  140  145  137  143  135  142  133
  140  133  140  133  139  134  140  135  139  136  140  137  140  139  142  140
  142  142  144  142  144  142  144  141  143  139  142  139  142  140  143  141
  144  143  146  145  148  147  150  148  151  150  153  150  154  152  155  152
  155  154  157  157  163  158  169  147  141                                   
    85.0-180.0 180.0   5.0 450.0                            LAT/LON1/LON2/DLON/H
  155  161  148  148  146  141  142  141  141  138  140  136  138  133  137  133
  136  131  136  132  135  130  136  132  134  130  135  132  134  131  135  132
  136  132  137  134  138  133  138  134  137  133  138  134  139  135  140  138
  142  139  144  142  146  143  148  145  149  146  151  148  151  148  152  150
  151  150  151  152  154  148  155  160  155                                   
    82.5-180.0 180.0   5.0 450.0                            LAT/LON1/LON2/DLON/H
  152  154  142  145  139  139  136  141  138  138  134  137  133  134  131  134
  131  133  131  134  130  133  128  133  126  131  125  131  124  130  123  130
  124  130  125  131  126  130  126  129  126  128  126  130  130  133  133  137
  137  141  140  145  144  148  147  152  150  154  152  156  153  157  154  158
  152  157  152  156  151  156  150  150  152                                   
    80.0-180.0 180.0   5.0 450.0                            LAT/LON1/LON2/DLON/H
  156  153  148  146  143  138  140  140  141  135  137  132  136  129  135  130
  135  129  136  130  135  128  133  127  130  123  128  123  126  121  126  123
  127  123  128  126  129  125  128  126  129  126  130  129  135  132  139  137
  142  140  146  145  150  148  153  152  156  154  158  157  160  158  162  159
  162  159  162  157  159  149  149  144  156                                   
    77.5-180.0 180.0   5.0 450.0                            LAT/LON1/LON2/DLON/H
  152  149  141  143  140  140  140  143  138  137  132  135  130  132  128  132
  129  132  130  133  129  131  127  128  121  124  118  122  116  122  118  126
  122  129  128  134  131  137  133  138  134  139  137  142  142  146  147  151
  151  155  154  159  158  162  161  165  164  167  167  170  168  170  168  168
  166  165  163  161  159  155  146  142  152                                   
    75.0-180.0 180.0   5.0 450.0                            LAT/LON1/LON2/DLON/H
  157  149  143  142  141  139  140  138  135  130  128  123  123  119  122  119
  123  120  125  121  125  120  122  115  116  109  110  106  109  108  114  114
  122  123  132  134  138  138  141  139  142  141  146  146  150  151  155  156
  159  161  163  164  166  166  168  168  169  170  173  173  174  174  175  172
  170  168  167  162  160  155  150  143  157                                   
    72.5-180.0 180.0   5.0 450.0                            LAT/LON1/LON2/DLON/H
  155  149  142  144  144  142  142  140  135  131  125  125  121  122  119  121
  120  122  121  124  122  122  118  118  111  109  104  106  105  109  113  120
  127  133  141  147  150  152  152  155  153  158  156  162  162  167  167  173
  171  175  172  175  173  174  172  173  173  175  176  177  178  178  179  177
  175  173  171  167  164  158  149  144  155                                   
    70.0-180.0 180.0   5.0 450.0                            LAT/LON1/LON2/DLON/H
  158  150  145  143  146  141  142  136  134  125  122  115  115  110  112  110
  114  112  117  115  120  114  115  108  107  100  100   97  102  103  113  116
  130  134  148  151  161  159  163  161  165  162  166  167  173  174  178  180
  181  181  180  179  178  174  174  171  172  170  174  173  177  175  180  175
  176  171  172  166  167  155  149  145  158                                   
    67.5-180.0 180.0   5.0 450.0                            LAT/LON1/LON2/DLON/H
  156  151  143  144  145  143  143  139  135  130  122  122  116  115  111  114
  113  117  116  120  117  119  113  111  104  102   99  101  103  110  117  126
  137  149  157  165  169  173  172  175  174  178  177  184  186  193  193  196
  194  194  188  186  181  177  170  168  165  165  166  168  170  172  175  174
  173  172  169  168  167  158  148  146  156                                   
    65.0-180.0 180.0   5.0 450.0                            LAT/LON1/LON2/DLON/H
  159  152  148  144  147  139  143  136  135  126  126  118  118  112  113  110
  112  112  114  113  114  110  109  102  101   96   98   99  105  110  121  128
  144  151  165  169  179  177  182  178  183  180  186  188  196  199  203  203
  202  197  194  186  181  171  166  158  157  152  156  154  160  159  168  164
  168  164  166  162  167  154  150  146  159                                   
    62.5-180.0 180.0   5.0 450.0                            LAT/LON1/LON2/DLON/H
  159  155  145  146  144  139  139  136  134  130  126  125  120  118  115  113
  113  112  111  112  110  108  103  101   97   97  100  104  111  118  128  137
  150  159  168  175  180  183  183  185  186  190  192  199  204  209  210  210
  206  201  193  186  176  168  159  152  147  145  145  147  150  152  156  158
  157  158  157  160  163  156  148  151  159                                   
    60.0-180.0 180.0   5.0 450.0                            LAT/LON1/LON2/DLON/H
  164  157  152  146  147  138  140  134  136  129  131  125  125  120  118  112
  111  107  102  103   99   97   94   90   91   90   97  102  111  119  128  135
  148  155  167  171  181  179  185  183  191  191  199  204  213  215  217  214
  210  203  195  186  177  167  158  150  145  140  141  141  145  146  152  150
  153  150  153  153  162  151  150  151  164                                   
    57.5-180.0 180.0   5.0 450.0                            LAT/LON1/LON2/DLON/H
  170  166  155  153  150  143  141  137  136  134  132  131  128  124  121  116
  113  107  103   96   96   88   88   82   87   86   97  102  115  121  130  133
  144  152  159  167  173  179  180  186  192  200  206  213  219  224  223  219
  212  207  197  191  178  173  162  157  149  146  143  144  144  147  149  150
  150  150  150  155  160  157  153  162  170                                   
    55.0-180.0 180.0   5.0 450.0                            LAT/LON1/LON2/DLON/H
  182  179  171  165  161  151  150  142  142  137  140  134  133  125  121  114
  108  103   95   93   84   84   76   80   79   86   92  102  110  121  123  133
  133  145  146  156  161  169  174  180  189  197  209  216  226  230  229  225
  217  212  204  197  187  180  173  165  159  153  152  149  150  149  152  149
  149  147  149  150  160  155  159  163  182                                   
    52.5-180.0 180.0   5.0 450.0                            LAT/LON1/LON2/DLON/H
  197  197  186  184  176  165  160  150  148  144  143  138  132  127  119  115
  107  105   99   92   90   78   79   71   78   77   90   93  107  109  118  117
  123  129  134  146  152  163  168  178  187  198  209  220  229  235  235  233
  225  221  212  209  199  197  188  183  173  169  164  161  159  156  156  153
  151  151  150  156  161  163  162  181  197                                   
    50.0-180.0 180.0   5.0 450.0                            LAT/LON1/LON2/DLON/H
  217  216  211  208  202  186  176  166  161  154  153  142  140  130  123  115
  106  106   98   95   86   83   74   80   74   89   86  104  101  116  107  124
  114  136  126  151  145  162  163  177  183  194  206  219  230  240  241  242
  237  234  227  224  218  215  209  201  194  186  182  176  175  169  167  162
  161  158  159  159  169  167  174  185  217                                   
    47.5-180.0 180.0   5.0 450.0                            LAT/LON1/LON2/DLON/H
  233  234  233  232  227  210  196  182  172  163  156  147  138  129  122  115
  112  111  109  105  102   93   95   86   92   89   98   97  105  104  109  113
  117  128  130  148  152  165  171  181  189  200  212  225  237  246  251  252
  252  251  246  243  238  235  230  223  215  206  200  193  189  182  179  174
  172  172  172  175  180  181  182  206  233                                   
    45.0-180.0 180.0   5.0 450.0                            LAT/LON1/LON2/DLON/H
  253  250  252  251  248  230  216  197  188  173  166  153  146  136  128  121
  117  116  111  109  103  101   96   97   96  102  100  108  103  110  103  118
  112  137  130  161  151  177  173  187  191  202  212  224  236  249  255  261
  262  264  260  257  253  249  247  238  230  221  218  211  208  200  198  191
  192  187  190  187  195  192  201  211  253                                   
    42.5-180.0 180.0   5.0 450.0                            LAT/LON1/LON2/DLON/H
  266  268  268  264  262  240  225  203  191  178  167  157  148  136  130  118
  124  118  124  117  115  110  111  109  119  114  123  113  119  110  113  115
  121  136  139  160  164  184  188  201  207  219  227  236  247  257  266  270
  277  276  277  273  270  265  261  252  243  235  231  226  223  216  214  208
  211  206  210  207  211  211  215  233  266                                   
    40.0-180.0 180.0   5.0 450.0                            LAT/LON1/LON2/DLON/H
  284  278  274  272  268  250  233  214  202  187  176  166  157  146  138  131
  132  131  131  127  123  124  121  126  128  129  130  126  125  118  117  121
  126  144  146  170  169  197  196  213  213  224  232  239  252  262  273  281
  288  290  290  288  287  283  281  273  265  257  253  249  246  241  238  235
  236  233  235  231  235  231  239  240  284                                   
    37.5-180.0 180.0   5.0 450.0                            LAT/LON1/LON2/DLON/H
  297  290  282  276  273  253  241  219  210  193  186  172  165  152  145  133
  140  132  141  133  136  130  138  138  148  144  151  141  144  135  135  137
  144  158  159  176  184  203  213  229  235  244  250  254  264  271  284  289
  301  301  307  304  307  304  304  296  288  281  277  276  276  273  270  268
  268  266  267  264  265  265  265  264  297                                   
    35.0-180.0 180.0   5.0 450.0                            LAT/LON1/LON2/DLON/H
  315  300  286  279  270  254  239  220  209  196  188  180  171  162  152  146
  148  144  151  145  147  147  152  157  165  167  168  163  159  154  149  153
  156  166  169  183  188  207  219  228  241  243  253  254  268  273  291  297
  312  317  323  324  330  333  337  331  327  320  317  313  312  307  304  301
  302  301  301  296  296  293  296  279  315                                   
    32.5-180.0 180.0   5.0 450.0                            LAT/LON1/LON2/DLON/H
  330  317  298  286  273  250  240  219  212  193  191  177  176  164  160  149
  153  147  154  150  154  154  166  171  184  183  186  180  177  172  172  172
  178  181  186  190  201  212  228  240  250  255  260  262  272  280  296  305
  320  328  339  345  357  364  374  372  372  366  358  352  349  343  337  334
  334  334  330  327  323  322  320  307  330                                   
    30.0-180.0 180.0   5.0 450.0                            LAT/LON1/LON2/DLON/H
  352  337  310  297  273  254  237  222  210  199  194  186  183  174  166  158
  159  154  164  158  168  168  183  190  199  201  200  195  191  179  180  172
  177  173  179  184  194  210  228  240  251  252  259  260  273  282  299  309
  325  337  348  361  377  394  408  417  421  415  409  398  392  377  369  360
  361  355  354  349  348  345  348  330  352                                   
    27.5-180.0 180.0   5.0 450.0                            LAT/LON1/LON2/DLON/H
  373  368  339  318  290  263  248  230  224  209  209  195  195  182  177  166
  166  160  169  168  178  183  196  203  214  213  212  205  198  185  178  167
  166  158  165  167  178  196  216  238  243  251  253  258  269  280  295  307
  321  334  351  367  389  411  436  451  463  460  456  445  434  414  398  388
  382  380  375  373  370  376  373  358  373                                   
    25.0-180.0 180.0   5.0 450.0                            LAT/LON1/LON2/DLON/H
  395  395  366  349  312  291  263  248  234  224  218  210  202  194  184  176
  172  168  176  177  191  195  211  216  224  220  217  203  198  176  173  152
  152  145  146  155  168  182  211  219  234  240  246  252  266  277  292  303
  318  334  354  375  401  429  456  477  489  488  486  473  463  438  420  404
  403  396  396  390  390  396  400  382  395                                   
    22.5-180.0 180.0   5.0 450.0                            LAT/LON1/LON2/DLON/H
  410  417  396  379  352  325  299  276  262  247  242  228  222  206  199  185
  183  174  184  188  203  212  227  232  234  226  215  200  187  169  156  135
  133  122  130  133  148  174  195  217  219  231  239  249  262  275  288  301
  314  332  356  380  410  436  462  482  496  497  497  486  477  453  432  422
  416  411  406  403  402  415  416  403  410                                   
    20.0-180.0 180.0   5.0 450.0                            LAT/LON1/LON2/DLON/H
  421  428  410  396  375  359  334  315  290  274  257  249  233  224  211  201
  190  186  191  197  212  221  238  240  243  226  218  188  184  151  147  123
  116  108  110  119  135  159  186  202  211  220  232  245  260  271  286  297
  315  335  361  384  410  435  458  476  487  491  492  486  480  455  437  424
  426  415  412  405  404  416  425  411  421                                   
    17.5-180.0 180.0   5.0 450.0                            LAT/LON1/LON2/DLON/H
  419  430  417  406  391  376  359  340  317  298  282  266  254  241  231  215
  205  198  204  209  224  235  250  249  244  225  209  184  167  141  127  102
   98   89   96  106  123  155  174  196  203  217  231  249  262  276  287  302
  320  341  366  385  407  426  441  454  462  469  471  473  469  453  437  431
  429  420  413  408  402  417  419  412  419                                   
    15.0-180.0 180.0   5.0 450.0                            LAT/LON1/LON2/DLON/H
  414  421  411  401  389  381  367  353  331  312  297  286  271  263  250  239
  225  218  218  219  233  241  252  244  242  213  200  166  159  127  118   89
   87   78   87   92  115  141  165  187  202  215  236  254  270  280  296  308
  333  348  374  386  404  414  422  431  436  446  451  456  458  447  438  432
  433  421  414  404  395  408  417  406  414                                   
    12.5-180.0 180.0   5.0 450.0                            LAT/LON1/LON2/DLON/H
  402  410  401  392  380  369  359  346  328  317  304  295  286  277  266  255
  241  233  228  230  237  243  247  236  225  199  179  156  140  114  102   80
   77   70   79   88  109  138  163  189  206  224  243  264  277  290  303  321
  339  358  374  386  395  399  401  406  411  421  427  437  442  441  436  436
  433  423  413  403  389  404  405  401  402                                   
    10.0-180.0 180.0   5.0 450.0                            LAT/LON1/LON2/DLON/H
  400  399  388  376  364  350  340  326  317  308  302  298  293  290  279  273
  259  252  243  236  237  233  231  213  202  170  156  131  121   96   86   66
   65   58   68   76   97  128  157  184  205  222  248  265  283  289  310  321
  347  358  380  388  397  396  394  398  403  414  421  430  438  440  440  441
  439  428  416  400  385  398  403  396  400                                   
     7.5-180.0 180.0   5.0 450.0                            LAT/LON1/LON2/DLON/H
  398  399  383  364  345  329  318  305  301  295  292  291  290  287  279  272
  261  254  241  233  224  219  207  193  176  150  132  110  103   82   79   63
