data/unet/pred2520.15i
     1.0            IONOSPHERE MAPS     GNSS                IONEX VERSION / TYPE
pyspatialgeodesy        IME             05-JAN-18 20:20     PGM / RUN BY / DATE 
Map Name                                                    COMMENT             
Predicted global ionosphere maps (GIM).                     DESCRIPTION         
  2015     9     9     0     0     0                        EPOCH OF FIRST MAP  
  2015     9    10     0     0     0                        EPOCH OF LAST MAP   
  7200                                                      INTERVAL            
    13                                                      # OF MAPS IN FILE   
  NONE                                                      MAPPING FUNCTION    
10.0                                                        ELEVATION CUTOFF    
One-way carrier phase leveled to code                       OBSERVABLES USED    
  6371.0                                                    BASE RADIUS         
 2                                                          MAP DIMENSION       
   450.0 450.0   0.0                                        HGT1 / HGT2 / DHGT  
    87.5 -87.5  -2.5                                        LAT1 / LAT2 / DLAT  
  -180.0 180.0   5.0                                        LON1 / LON2 / DLON  
    -1                                                      EXPONENT            
                                                            END OF HEADER       
[from data line 2574]
     7                                                      START OF TEC MAP    
  2015     9     9    12     0     0                        EPOCH OF CURRENT MAP
    87.5-180.0 180.0   5.0 450.0                            LAT/LON1/LON2/DLON/H
   85   90   89   91   89   89   88   89   89   89   89   90   89   90   89   90
   90   90   90   91   91   91   91   92   91   92   91   92   91   92   91   92
   91   92   90   92   90   92   89   92   89   91   89   91   89   90   88   90
   87   89   86   88   86   86   84   86   84   85   83   84   84   84   84   84
   84   85   85   85   85   84   91   85   85                                   
    85.0-180.0 180.0   5.0 450.0                            LAT/LON1/LON2/DLON/H
   90   87   83   79   81   80   83   82   84   82   84   82   84   82   85   82
   85   82   85   82   85   82   85   83   85   84   86   86   86   86   87   87
   88   88   88   88   89   88   89   89   89   89   89   88   89   88   88   87
   87   86   86   84   85   83   83   81   81   80   80   78   79   78   78   77
   78   78   79   78   78   81   86   89   90                                   
    82.5-180.0 180.0   5.0 450.0                            LAT/LON1/LON2/DLON/H
   87   83   80   79   79   77   78   77   78   76   77   75   77   75   77   76
   78   76   78   78   80   79   82   82   84   84   87   87   88   88   89   90
   90   90   90   90   90   90   90   91   90   90   90   91   90   90   89   89
   87   88   85   86   83   83   81   81   78   78   76   76   75   75   74   74
   74   74   74   73   72   72   74   72   87                                   
    80.0-180.0 180.0   5.0 450.0                            LAT/LON1/LON2/DLON/H
   77   72   75   75   76   72   76   72   75   70   73   70   73   69   73   70
   74   70   75   73   77   75   80   79   84   82   87   86   89   87   91   89
   91   89   91   90   91   90   92   91   92   91   93   92   93   92   93   91
   92   89   89   87   87   84   83   80   80   77   77   74   74   70   72   70
   71   69   71   69   70   67   67   66   77                                   
    77.5-180.0 180.0   5.0 450.0                            LAT/LON1/LON2/DLON/H
   70   69   66   66   66   65   65   64   64   62   63   61   62   61   62   62
   63   63   65   66   67   70   72   76   76   81   81   85   84   87   86   88
   86   87   86   88   86   88   88   89   88   90   91   93   91   93   92   93
   90   91   88   88   84   84   81   80   76   75   72   71   67   66   64   65
   62   64   62   64   62   60   61   59   70                                   
    75.0-180.0 180.0   5.0 450.0                            LAT/LON1/LON2/DLON/H
   62   58   61   60   60   58   60   57   59   55   58   56   58   56   58   57
   60   58   62   62   65   67   71   73   76   78   80   82   83   84   85   85
   84   84   84   85   83   85   86   87   87   90   90   92   91   94   93   94
   91   91   90   89   86   85   82   80   76   74   71   67   64   61   59   58
   57   57   57   57   57   56   58   56   62                                   
    72.5-180.0 180.0   5.0 450.0                            LAT/LON1/LON2/DLON/H
   56   58   54   54   54   52   54   52   53   51   52   52   53   52   54   55
   56   58   59   61   62   65   66   71   71   76   77   81   81   83   83   83
   83   83   83   82   83   83   85   86   87   91   91   94   94   96   95   95
   93   94   92   90   87   86   83   80   76   73   69   66   62   60   57   56
   54   54   53   53   54   51   56   52   56                                   
    70.0-180.0 180.0   5.0 450.0                            LAT/LON1/LON2/DLON/H
   53   50   52   47   50   47   50   47   50   48   50   49   51   51   53   54
   56   56   59   59   62   65   66   70   72   75   77   80   81   83   83   84
   83   84   83   83   83   85   85   88   88   92   93   96   95   97   96   95
   93   92   91   88   87   85   84   79   77   72   69   65   61   59   56   53
   51   50   50   49   51   51   54   50   53                                   
    67.5-180.0 180.0   5.0 450.0                            LAT/LON1/LON2/DLON/H
   52   52   46   45   45   44   45   45   46   46   48   49   50   50   52   54
   55   56   57   60   61   64   65   70   70   75   75   79   79   83   82   85
   83   85   84   84   84   86   87   89   90   95   95   98   97   98   97   95
   94   91   91   87   86   84   82   79   76   72   70   66   63   60   57   54
   51   50   48   48   48   46   51   46   52                                   
    65.0-180.0 180.0   5.0 450.0                            LAT/LON1/LON2/DLON/H
   49   47   45   40   42   40   42   41   43   42   45   46   49   50   52   54
   56   57   58   61   62   66   67   71   72   75   75   78   79   83   83   85
   84   86   85   86   84   87   88   91   91   96   97   99   97   98   96   94
   91   90   89   86   85   83   82   79   76   74   71   68   64   62   58   55
   52   49   49   47   49   47   50   45   49                                   
    62.5-180.0 180.0   5.0 450.0                            LAT/LON1/LON2/DLON/H
   49   50   42   40   38   37   36   37   37   39   40   43   45   48   50   53
   54   56   57   60   62   66   67   71   71   74   73   76   76   80   81   84
   83   86   85   86   85   87   89   92   93   97   97   99   98   97   95   92
   89   87   87   85   84   83   82   80   77   75   73   71   67   65   61   58
   55   52   50   47   48   45   49   42   49                                   
    60.0-180.0 180.0   5.0 450.0                            LAT/LON1/LON2/DLON/H
   48   47   44   37   37   34   35   33   33   33   37   39   43   46   50   52
   55   57   59   62   64   68   70   74   73   75   74   76   76   78   80   82
   83   85   85   86   85   87   88   91   92   96   98   99   97   96   94   91
   89   88   87   86   85   85   85   81   80   78   77   73   72   68   66   61
   58   54   53   50   52   48   50   44   48                                   
    57.5-180.0 180.0   5.0 450.0                            LAT/LON1/LON2/DLON/H
   53   53   44   41   38   33   31   30   28   28   29   34   35   41   44   49
   51   54   57   61   63   69   70   75   73   77   74   76   74   77   77   81
   81   85   86   87   86   89   89   93   94   99  100  101  100   99   98   96
   94   94   94   93   92   91   90   87   85   83   81   79   76   74   70   68
   63   60   57   54   53   49   51   43   53                                   
    55.0-180.0 180.0   5.0 450.0                            LAT/LON1/LON2/DLON/H
   54   56   52   43   43   35   35   29   29   25   29   29   35   37   43   46
   50   53   58   61   67   71   75   80   79   81   78   78   75   76   76   80
   80   85   86   89   87   90   91   95   97  101  104  103  103  103  103  102
  101  102  102  102  100   99   98   93   92   89   89   85   83   79   77   72
   69   65   63   59   59   56   56   50   54                                   
    52.5-180.0 180.0   5.0 450.0                            LAT/LON1/LON2/DLON/H
   59   63   55   53   49   43   38   33   28   25   25   27   28   32   35   41
   45   50   56   63   68   74   77   84   84   86   81   82   77   79   77   82
   82   88   90   93   93   96   97  102  104  109  111  112  112  113  115  114
  116  116  118  116  115  111  109  103  102   98   98   94   92   89   85   80
   75   71   68   64   63   58   61   53   59                                   
    50.0-180.0 180.0   5.0 450.0                            LAT/LON1/LON2/DLON/H
   63   68   67   59   61   52   51   38   37   28   31   27   33   31   39   40
   47   51   60   66   73   79   84   91   91   93   88   86   81   80   78   82
   84   91   92   98   99  103  106  110  114  116  121  120  123  122  126  125
  129  129  131  128  125  121  118  112  109  106  107  102  102   96   94   87
   82   78   76   71   70   67   67   63   63                                   
    47.5-180.0 180.0   5.0 450.0                            LAT/LON1/LON2/DLON/H
   69   74   71   71   69   65   60   52   44   37   33   32   31   33   34   39
   43   52   61   71   77   85   87   96   95   99   92   92   85   85   82   86
   88   94   99  103  107  112  116  120  125  128  132  133  136  136  141  139
  143  141  144  138  136  130  126  120  117  114  114  111  110  106  102   95
   89   83   80   73   73   68   72   67   69                                   
    45.0-180.0 180.0   5.0 450.0                            LAT/LON1/LON2/DLON/H
   71   79   79   78   80   77   75   64   60   48   46   38   41   36   41   41
   51   57   70   79   86   92   95  101  102  104   99   97   91   88   86   89
   92   99  105  111  118  122  130  132  141  141  148  146  150  148  151  149
  150  149  148  142  137  132  126  123  119  118  118  115  115  111  109  102
   97   92   85   80   76   73   77   78   71                                   
    42.5-180.0 180.0   5.0 450.0                            LAT/LON1/LON2/DLON/H
   75   80   80   84   85   85   83   78   70   62   54   50   44   43   40   44
   50   62   73   84   90   96   96  104  103  108  103  103   95   93   89   93
   97  103  112  118  127  132  142  145  152  154  159  160  163  161  162  157
  159  154  151  144  137  132  128  124  122  121  121  119  118  115  111  105
  100   93   88   79   77   72   79   80   75                                   
    40.0-180.0 180.0   5.0 450.0                            LAT/LON1/LON2/DLON/H
   75   81   82   84   88   92   92   88   82   74   68   60   57   50   51   50
   59   67   82   90   96  100  100  103  107  109  107  105  100   95   94   96
  102  108  119  125  138  142  155  157  169  168  177  175  179  174  174  166
  164  157  152  143  137  131  129  126  126  125  126  123  123  117  116  109
  105  100   91   85   78   76   81   86   75                                   
    37.5-180.0 180.0   5.0 450.0                            LAT/LON1/LON2/DLON/H
   77   80   78   84   85   90   91   92   88   84   77   72   63   59   54   57
   61   73   85   97  100  104  101  104  105  110  109  108  102  100   97  101
  106  114  124  134  145  153  164  169  178  181  189  188  193  188  188  179
  175  164  159  150  142  137  135  134  136  136  135  132  128  124  119  113
  107  101   94   85   80   77   82   86   77                                   
    35.0-180.0 180.0   5.0 450.0                            LAT/LON1/LON2/DLON/H
   79   80   78   79   84   87   89   92   90   88   83   78   72   65   63   60
   66   74   89   99  105  107  105  104  107  108  111  109  106  103  103  107
  114  122  135  144  158  166  179  183  194  197  206  206  211  207  205  195
  189  177  168  157  149  143  142  142  144  144  143  138  134  127  122  116
  111  106   98   91   83   81   85   91   79                                   
    32.5-180.0 180.0   5.0 450.0                            LAT/LON1/LON2/DLON/H
   81   81   74   79   77   81   83   86   86   87   84   83   77   72   67   65
   66   77   90  104  108  110  105  106  107  111  112  112  109  109  108  114
  121  131  143  155  169  181  194  202  212  215  224  226  231  227  228  219
  213  201  192  180  171  165  163  163  163  162  159  153  145  137  128  121
  116  109  102   94   86   84   86   89   81                                   
    30.0-180.0 180.0   5.0 450.0                            LAT/LON1/LON2/DLON/H
   86   83   78   76   77   75   79   79   83   83   85   83   81   75   72   66
   68   73   90  102  111  111  109  106  111  109  114  112  114  113  118  122
  133  144  159  171  190  202  216  225  230  237  241  248  253  257  254  252
  243  230  221  209  202  192  190  186  186  182  179  169  159  147  136  127
  123  117  109  102   92   90   91   96   86                                   
    27.5-180.0 180.0   5.0 450.0                            LAT/LON1/LON2/DLON/H
   93   90   81   82   78   76   74   77   76   80   80   84   82   80   76   70
   70   75   90  105  114  115  111  111  113  114  117  118  120  123  128  136
  147  160  175  191  210  224  237  246  252  259  264  273  280  287  288  287
  278  272  259  251  241  235  229  225  221  217  210  198  186  168  155  142
  135  128  121  111  101   97   95   93   93                                   
    25.0-180.0 180.0   5.0 450.0                            LAT/LON1/LON2/DLON/H
  105   98   92   87   88   78   79   75   77   77   80   80   84   79   78   69
   68   71   85  104  115  117  117  113  117  115  122  123  131  133  144  151
  167  180  201  219  240  252  258  270  272  283  287  299  307  318  318  320
  310  308  297  298  287  287  275  272  260  253  241  223  209  187  170  154
  146  139  131  124  114  109  105  106  105                                   
    22.5-180.0 180.0   5.0 450.0                            LAT/LON1/LON2/DLON/H
  120  111  106  103  100   92   87   83   78   80   78   79   81   80   77   72
   71   72   88  105  118  121  120  118  122  122  129  133  142  148  159  170
  186  203  225  246  266  274  284  290  296  304  308  320  328  339  341  345
  343  343  341  341  339  334  326  318  305  294  274  254  235  208  191  171
  161  151  146  137  129  121  120  112  120                                   
    20.0-180.0 180.0   5.0 450.0                            LAT/LON1/LON2/DLON/H
  134  131  124  120  121  108  104   93   88   83   78   74   76   72   73   67
   69   70   86  103  118  122  124  122  130  129  140  142  158  163  181  191
  213  231  256  273  286  296  303  312  317  327  328  341  347  358  358  367
  367  377  376  384  377  375  360  352  333  322  299  275  254  224  205  184
  171  162  156  154  144  141  135  128  134                                   
    17.5-180.0 180.0   5.0 450.0                            LAT/LON1/LON2/DLON/H
  152  145  140  139  138  127  121  107   98   90   80   73   71   68   68   65
   69   72   90  104  120  124  126  128  137  140  150  157  171  183  200  214
  236  254  277  291  305  312  322  330  333  343  341  358  360  374  374  387
  390  404  409  412  409  404  391  378  359  342  320  295  274  241  221  197
  183  169  168  163  161  154  155  138  152                                   
    15.0-180.0 180.0   5.0 450.0                            LAT/LON1/LON2/DLON/H
  158  163  157  158  149  145  134  121  107   93   80   70   67   63   64   61
   67   72   89  103  116  120  130  133  149  150  165  172  192  205  225  240
  261  277  291  306  315  326  331  341  341  353  352  370  372  386  389  405
  409  423  422  427  417  413  395  386  364  352  329  305  284  255  231  206
  188  176  170  174  168  172  166  153  158                                   
    12.5-180.0 180.0   5.0 450.0                            LAT/LON1/LON2/DLON/H
  171  167  164  162  152  148  140  126  115   97   81   70   63   60   60   60
   69   77   94  105  118  123  132  139  156  162  178  189  210  224  247  260
  282  294  312  323  335  348  351  365  363  375  370  387  384  402  402  420
  423  433  428  428  418  413  398  387  370  357  339  314  297  266  246  217
  198  181  178  177  179  177  180  160  171                                   
    10.0-180.0 180.0   5.0 450.0                            LAT/LON1/LON2/DLON/H
  176  175  166  165  156  154  142  132  116  101   83   70   63   59   60   62
   73   78   91  103  117  124  138  145  169  175  194  207  231  247  269  282
  298  311  321  337  342  354  354  370  365  378  369  387  384  405  406  426
  426  433  424  422  409  406  389  385  367  361  342  323  303  277  252  227
  206  191  183  187  182  191  184  176  176                                   
     7.5-180.0 180.0   5.0 450.0                            LAT/LON1/LON2/DLON/H
  183  170  163  159  149  145  135  124  115  100   85   72   63   58   60   62
   73   80   91  106  122  129  141  153  177  188  210  225  248  264  286  297
