data/unet/pred0230.15i
     1.0            IONOSPHERE MAPS     GNSS                IONEX VERSION / TYPE
pyspatialgeodesy        IME             05-JAN-18 20:20     PGM / RUN BY / DATE 
Map Name                                                    COMMENT             
Predicted global ionosphere maps (GIM).                     DESCRIPTION         
  2015     1    23     0     0     0                        EPOCH OF FIRST MAP  
  2015     1    24     0     0     0                        EPOCH OF LAST MAP   
  7200                                                      INTERVAL            
    13                                                      # OF MAPS IN FILE   
  NONE                                                      MAPPING FUNCTION    
10.0                                                        ELEVATION CUTOFF    
One-way carrier phase leveled to code                       OBSERVABLES USED    
  6371.0                                                    BASE RADIUS         
 2                                                          MAP DIMENSION       
   450.0 450.0   0.0                                        HGT1 / HGT2 / DHGT  
    87.5 -87.5  -2.5                                        LAT1 / LAT2 / DLAT  
  -180.0 180.0   5.0                                        LON1 / LON2 / DLON  
    -1                                                      EXPONENT            
                                                            END OF HEADER       
[from data line 4719]
    12                                                      START OF TEC MAP    
  2015     1    23    22     0     0                        EPOCH OF CURRENT MAP
    87.5-180.0 180.0   5.0 450.0                            LAT/LON1/LON2/DLON/H
  146   92   71   74   74   74   74   74   75   75   77   76   78   77   78   78
   79   79   79   79   80   79   80   79   80   79   81   79   80   79   80   78
   79   78   78   77   77   76   76   76   75   75   75   75   75   75   76   76
   76   77   77   77   78   78   78   78   79   79   79   79   78   79   78   78
   77   77   76   76   76   76   79  127  146                                   
    85.0-180.0 180.0   5.0 450.0                            LAT/LON1/LON2/DLON/H
   74   57   57   60   63   61   64   64   66   66   68   69   70   71   71   72
   72   73   72   73   72   73   72   73   72   72   71   71   70   69   69   68
   67   66   66   65   65   63   64   63   64   63   65   64   65   65   67   68
   69   69   70   71   72   72   73   73   73   72   72   71   71   70   69   68
   67   66   64   64   64   64   64   93   74                                   
    82.5-180.0 180.0   5.0 450.0                            LAT/LON1/LON2/DLON/H
   62   58   60   63   67   66   71   71   76   75   81   80   85   83   87   84
   87   83   85   82   84   81   82   81   80   80   79   79   77   77   75   75
   72   72   70   70   68   68   67   66   66   65   67   66   68   68   70   70
   73   73   75   76   77   77   78   77   78   77   77   75   75   72   72   69
   69   66   66   63   65   62   65   81   62                                   
    80.0-180.0 180.0   5.0 450.0                            LAT/LON1/LON2/DLON/H
   66   63   60   65   66   70   73   77   81   84   88   89   92   92   94   92
   92   90   89   87   86   84   84   83   83   83   82   84   83   83   81   81
   80   79   77   76   75   73   72   71   70   69   70   70   72   72   74   76
   78   79   81   83   84   86   85   87   85   86   82   83   78   78   73   73
   68   68   63   63   60   62   60   75   66                                   
    77.5-180.0 180.0   5.0 450.0                            LAT/LON1/LON2/DLON/H
   68   68   64   69   73   77   82   87   93   97  101  103  105  105  105  102
  100   95   93   89   87   83   83   81   82   80   82   82   83   82   83   82
   82   80   81   78   78   75   75   72   72   70   71   70   72   71   74   75
   77   79   81   83   84   86   87   87   86   85   83   81   78   76   73   70
   66   64   61   60   60   60   60   75   68                                   
    75.0-180.0 180.0   5.0 450.0                            LAT/LON1/LON2/DLON/H
   75   78   75   83   86   96  101  110  113  120  121  125  123  123  118  115
  108  103   97   92   88   83   79   76   75   75   75   77   78   80   80   80
   80   79   77   76   74   74   72   72   69   70   69   69   69   70   71   72
   73   75   77   78   81   82   84   84   84   83   80   79   75   74   70   69
   64   65   61   62   61   65   67   81   75                                   
    72.5-180.0 180.0   5.0 450.0                            LAT/LON1/LON2/DLON/H
   86   92   89  100  106  115  122  130  135  140  143  143  141  137  131  122
  115  106  100   92   86   80   74   70   67   67   67   70   71   74   75   75
   76   74   75   71   70   69   68   67   66   66   66   66   66   67   67   68
   68   69   70   72   74   76   77   78   77   76   74   72   70   67   65   63
   62   62   62   63   66   69   73   88   86                                   
    70.0-180.0 180.0   5.0 450.0                            LAT/LON1/LON2/DLON/H
   97  107  108  120  127  137  144  153  158  164  166  167  162  155  145  135
  123  113  102   95   87   80   72   66   63   60   61   61   66   67   70   69
   70   70   69   67   66   66   64   63   62   63   62   63   63   63   63   63
   63   64   64   65   67   68   69   69   69   68   66   64   61   60   57   57
   56   59   60   64   68   75   81   96   97                                   
    67.5-180.0 180.0   5.0 450.0                            LAT/LON1/LON2/DLON/H
  112  123  124  137  146  155  165  172  180  185  189  188  183  174  162  148
  134  120  110   99   91   81   73   65   59   56   53   55   56   59   60   61
   62   62   62   61   60   59   58   59   57   60   58   61   59   60   57   57
   55   56   55   56   56   58   58   60   59   59   56   56   53   51   50   50
   50   54   58   63   71   79   88  103  112                                   
    65.0-180.0 180.0   5.0 450.0                            LAT/LON1/LON2/DLON/H
  122  138  142  153  162  170  182  190  199  205  209  208  202  192  179  164
  149  134  122  110  100   89   78   67   58   51   46   43   43   44   44   46
   45   47   46   48   47   49   48   50   51   53   54   55   55   53   52   49
   47   46   45   45   46   47   48   49   49   49   47   46   44   42   41   42
   43   48   53   61   70   83   96  112  122                                   
    62.5-180.0 180.0   5.0 450.0                            LAT/LON1/LON2/DLON/H
  136  149  152  164  174  181  193  201  212  219  224  224  219  208  196  180
  167  152  140  127  116  101   89   74   62   51   43   38   35   33   34   32
   35   33   35   34   37   38   40   43   45   49   50   53   50   50   45   43
   39   38   34   36   34   38   37   41   40   43   40   40   37   37   35   36
   38   43   50   59   72   87  101  120  136                                   
    60.0-180.0 180.0   5.0 450.0                            LAT/LON1/LON2/DLON/H
  146  161  166  176  186  191  203  212  224  234  239  240  234  224  211  198
  183  173  161  150  137  121  105   88   72   56   45   37   31   28   25   25
   25   25   25   27   27   31   33   38   41   46   49   52   52   49   46   41
   37   34   30   30   30   31   33   35   37   38   37   38   36   35   33   34
   36   42   49   59   73   90  109  129  146                                   
    57.5-180.0 180.0   5.0 450.0                            LAT/LON1/LON2/DLON/H
  162  172  174  186  195  201  213  220  234  242  248  247  243  234  225  212
  201  191  182  171  159  143  125  105   87   70   56   46   38   34   30   27
   26   24   25   25   27   29   33   38   42   48   51   55   55   53   48   44
   37   35   30   30   29   31   32   36   37   40   39   40   38   37   35   36
   39   44   52   63   80   99  115  139  162                                   
    55.0-180.0 180.0   5.0 450.0                            LAT/LON1/LON2/DLON/H
  173  183  190  200  210  215  224  230  240  248  252  254  250  243  235  227
  217  211  200  193  178  164  145  126  106   87   74   61   56   47   45   40
   37   35   33   34   33   37   38   44   47   54   58   61   64   61   58   52
   47   42   38   37   35   37   37   41   42   45   44   45   43   43   40   42
   45   52   60   72   89  109  127  151  173                                   
    52.5-180.0 180.0   5.0 450.0                            LAT/LON1/LON2/DLON/H
  190  197  204  217  227  231  239  242  251  255  259  258  255  247  242  233
  227  219  213  204  194  179  164  146  128  109   96   83   75   68   62   57
   52   48   46   45   46   47   49   53   57   62   67   70   72   71   67   62
   56   53   48   48   45   47   46   49   50   52   52   52   50   50   49   50
   55   62   71   86  105  124  139  166  190                                   
    50.0-180.0 180.0   5.0 450.0                            LAT/LON1/LON2/DLON/H
  204  211  226  237  246  250  254  254  261  263  264  262  258  252  246  240
  234  227  219  212  202  191  177  163  146  130  115  102   96   86   81   73
   68   62   59   60   58   61   60   65   67   73   77   81   85   82   81   76
   71   67   63   62   58   59   56   58   57   60   58   60   57   58   57   60
   66   75   87  102  120  139  155  181  204                                   
    47.5-180.0 180.0   5.0 450.0                            LAT/LON1/LON2/DLON/H
  220  226  238  253  261  266  270  272  276  276  275  270  266  258  254  245
  239  229  221  213  206  197  187  177  164  150  135  123  114  105   96   88
   82   75   73   72   73   73   73   75   78   82   87   91   94   94   92   89
   84   82   78   77   74   73   69   69   68   69   67   67   65   65   65   69
   77   88  102  119  137  154  169  195  220                                   
    45.0-180.0 180.0   5.0 450.0                            LAT/LON1/LON2/DLON/H
  229  236  251  265  273  277  283  286  291  290  286  280  274  267  261  254
  244  234  223  218  212  205  198  189  178  164  150  136  127  115  106   98
   90   84   80   81   80   83   81   85   86   90   95   99  103  102  102   99
   96   95   92   91   87   85   80   79   76   75   72   72   69   69   70   76
   86   99  116  134  151  167  182  205  229                                   
    42.5-180.0 180.0   5.0 450.0                            LAT/LON1/LON2/DLON/H
  236  240  252  269  277  286  294  301  305  305  299  293  286  280  275  267
  256  242  231  224  218  213  207  200  189  174  159  144  132  120  111  101
   95   87   86   85   87   88   89   91   93   96  101  105  109  110  110  107
  105  103  103  101   98   94   89   86   83   81   77   75   72   72   73   80
   92  108  127  146  162  176  188  213  236                                   
    40.0-180.0 180.0   5.0 450.0                            LAT/LON1/LON2/DLON/H
  236  241  251  265  274  286  298  307  313  312  306  301  294  292  286  283
  269  258  245  239  233  228  221  211  198  181  163  145  132  118  110  102
   94   90   87   90   91   95   94   97   97  101  105  109  114  114  115  112
  111  110  110  109  106  102   96   92   88   84   79   78   74   74   76   84
   97  115  135  153  168  181  193  216  236                                   
    37.5-180.0 180.0   5.0 450.0                            LAT/LON1/LON2/DLON/H
  236  238  244  258  268  284  298  311  317  316  310  306  303  302  301  299
  290  276  264  255  249  242  232  220  201  183  161  144  129  117  110  104
   99   95   96   97  100  101  103  103  104  105  109  112  116  117  116  115
  113  112  112  111  109  105  100   96   91   87   82   80   77   76   80   88
  101  121  140  158  172  184  193  220  236                                   
    35.0-180.0 180.0   5.0 450.0                            LAT/LON1/LON2/DLON/H
  238  240  246  254  264  281  295  310  318  316  311  309  305  311  310  315
  307  299  285  277  267  258  244  228  206  184  162  144  131  121  116  113
  110  110  109  113  112  114  113  112  110  111  113  115  118  118  118  115
  114  113  113  112  111  109  104   99   92   88   81   80   76   78   82   92
  107  128  147  164  176  190  200  228  238                                   
    32.5-180.0 180.0   5.0 450.0                            LAT/LON1/LON2/DLON/H
  250  255  254  259  266  282  295  310  318  316  312  309  310  315  320  326
  324  316  306  295  283  268  250  228  205  182  162  148  140  135  135  134
  136  136  138  135  135  131  130  125  122  119  120  120  121  120  118  115
  111  110  109  109  108  108  104  100   94   89   83   81   79   82   88  100
  115  138  156  172  185  199  210  244  250                                   
    30.0-180.0 180.0   5.0 450.0                            LAT/LON1/LON2/DLON/H
  271  278  276  274  276  287  296  311  317  315  309  308  309  316  321  332
  331  329  319  310  294  276  253  229  205  183  167  158  156  155  159  161
  164  166  166  163  159  154  148  140  134  129  129  127  127  124  121  115
  112  107  107  107  108  108  105  101   93   88   82   82   80   85   94  109
  128  150  171  187  201  219  233  268  271                                   
    27.5-180.0 180.0   5.0 450.0                            LAT/LON1/LON2/DLON/H
  306  318  312  306  303  307  314  324  327  325  318  314  316  319  324  331
  334  329  324  313  298  275  251  226  206  189  180  179  184  189  197  200
  204  201  198  187  183  175  168  157  149  141  139  135  133  128  123  115
  109  103  102  101  102  103  102   98   93   87   83   83   85   92  102  121
  141  166  188  206  224  246  264  301  306                                   
    25.0-180.0 180.0   5.0 450.0                            LAT/LON1/LON2/DLON/H
  350  363  357  347  343  343  344  353  350  348  335  332  325  326  324  330
  330  328  322  311  294  272  248  225  211  200  200  205  219  225  235  236
  238  232  221  208  197  190  182  172  164  154  150  145  143  136  129  118
  110  102   99   97   98   99   98   94   88   83   80   81   84   94  108  130
  157  184  209  229  253  281  302  340  350                                   
    22.5-180.0 180.0   5.0 450.0                            LAT/LON1/LON2/DLON/H
  395  412  401  394  391  391  392  397  391  387  370  364  350  345  336  335
  331  325  317  303  289  266  247  229  223  221  227  240  257  268  279  281
  280  267  246  221  204  194  187  178  171  163  157  153  150  141  133  120
  110  101   97   95   96   96   96   91   86   81   78   80   84   94  111  138
  169  202  231  255  282  314  342  378  395                                   
    20.0-180.0 180.0   5.0 450.0                            LAT/LON1/LON2/DLON/H
  438  457  451  446  443  446  446  452  443  439  412  403  380  371  349  346
  333  328  316  303  286  268  253  244  245  247  258  270  289  301  308  314
  302  286  253  219  197  185  182  174  172  165  165  160  159  149  139  123
  111  100   97   94   94   93   91   86   81   75   74   76   82   94  114  147
  186  223  256  282  310  345  376  410  438                                   
    17.5-180.0 180.0   5.0 450.0                            LAT/LON1/LON2/DLON/H
  471  497  492  491  489  495  500  506  502  498  471  454  427  410  384  371
  351  343  328  315  299  285  278  278  281  286  293  303  318  327  331  325
  309  280  242  208  186  179  176  174  173  173  171  170  167  154  141  124
  111   99   96   92   93   91   88   82   77   71   70   73   81   95  118  156
  201  245  280  310  338  372  408  437  471                                   
    15.0-180.0 180.0   5.0 450.0                            LAT/LON1/LON2/DLON/H
  495  524  523  526  527  536  544  557  559  556  531  511  483  458  427  409
  382  372  352  342  326  316  313  315  317  318  318  322  332  333  332  319
  295  261  224  193  176  172  172  175  177  178  179  178  175  162  146  127
  114  101  100   94   95   90   86   79   73   67   66   70   77   96  122  166
  217  264  305  334  364  397  429  455  495                                   
    12.5-180.0 180.0   5.0 450.0                            LAT/LON1/LON2/DLON/H
  500  541  540  547  551  563  580  594  603  600  585  567  543  519  489  465
  438  422  400  386  373  367  368  365  365  354  345  339  337  331  322  303
  274  239  211  189  178  175  177  183  185  188  186  185  180  165  145  127
  114  104  103   97   97   90   85   76   71   65   64   66   74   94  124  173
  230  280  320  352  379  409  436  466  500                                   
    10.0-180.0 180.0   5.0 450.0                            LAT/LON1/LON2/DLON/H
  500  537  541  551  558  574  595  616  628  631  620  608  592  574  547  523
  495  473  449  434  425  419  421  418  410  390  366  350  335  321  304  280
  254  223  208  191  186  185  190  195  197  196  192  189  182  167  147  128
  117  109  109  103  101   93   88   80   77   70   69   71   79  101  132  185
  242  291  330  359  384  412  438  462  500                                   
     7.5-180.0 180.0   5.0 450.0                            LAT/LON1/LON2/DLON/H
  484  529  531  549  556  573  596  616  633  641  637  630  620  611  595  579
  554  529  506  490  481  471  472  465  451  421  388  360  333  312  287  268
