data/unet/pred0910.15i
     1.0            IONOSPHERE MAPS     GNSS                IONEX VERSION / TYPE
pyspatialgeodesy        IME             05-JAN-18 20:20     PGM / RUN BY / DATE 
Map Name                                                    COMMENT             
Predicted global ionosphere maps (GIM).                     DESCRIPTION         
  2015     4     1     0     0     0                        EPOCH OF FIRST MAP  
  2015     4     2     0     0     0                        EPOCH OF LAST MAP   
  7200                                                      INTERVAL            
    13                                                      # OF MAPS IN FILE   
  NONE                                                      MAPPING FUNCTION    
10.0                                                        ELEVATION CUTOFF    
One-way carrier phase leveled to code                       OBSERVABLES USED    
  6371.0                                                    BASE RADIUS         
 2                                                          MAP DIMENSION       
   450.0 450.0   0.0                                        HGT1 / HGT2 / DHGT  
    87.5 -87.5  -2.5                                        LAT1 / LAT2 / DLAT  
  -180.0 180.0   5.0                                        LON1 / LON2 / DLON  
    -1                                                      EXPONENT            
                                                            END OF HEADER       
[from data line 4719]
    12                                                      START OF TEC MAP    
  2015     4     1    22     0     0                        EPOCH OF CURRENT MAP
    87.5-180.0 180.0   5.0 450.0                            LAT/LON1/LON2/DLON/H
  188  161  153  155  154  153  154  154  154  154  154  154  154  154  155  155
  155  155  155  155  155  154  154  153  152  150  149  146  145  143  141  139
  139  137  136  135  135  133  133  132  133  131  133  132  133  133  134  135
  136  137  139  141  143  145  147  149  151  153  153  154  155  156  157  157
  159  159  160  158  158  157  161  179  188                                   
    85.0-180.0 180.0   5.0 450.0                            LAT/LON1/LON2/DLON/H
  156  155  156  160  156  155  154  154  154  154  155  155  157  157  158  158
  160  159  160  158  160  157  157  154  154  151  149  146  144  141  139  136
  136  132  132  130  130  128  129  128  128  128  130  131  133  133  136  138
  140  142  145  147  150  153  155  158  160  164  163  167  166  169  167  169
  168  170  168  167  165  162  160  174  156                                   
    82.5-180.0 180.0   5.0 450.0                            LAT/LON1/LON2/DLON/H
  155  156  153  156  152  153  152  155  154  157  157  161  160  164  163  166
  165  168  166  168  166  167  163  163  159  158  153  151  147  145  141  139
  136  134  132  130  129  127  127  126  127  126  129  129  132  131  136  136
  140  140  145  146  151  153  156  159  162  165  166  169  170  172  171  173
  172  173  170  169  163  161  159  171  155                                   
    80.0-180.0 180.0   5.0 450.0                            LAT/LON1/LON2/DLON/H
  163  163  157  156  155  156  156  160  161  165  167  171  173  176  177  179
  180  180  180  180  179  178  176  175  172  169  164  160  156  151  147  143
  140  136  133  129  129  126  127  125  126  125  126  126  128  128  130  132
  134  136  139  143  145  149  152  157  160  165  167  170  173  174  175  176
  176  176  174  171  167  163  158  168  163                                   
    77.5-180.0 180.0   5.0 450.0                            LAT/LON1/LON2/DLON/H
  170  170  163  160  160  161  165  167  172  176  182  185  190  191  194  193
  195  193  194  191  191  188  187  183  183  177  175  170  168  161  159  152
  150  144  142  137  137  133  133  131  131  129  130  129  129  127  129  128
  130  130  134  135  139  141  146  149  154  157  161  165  168  171  173  174
  175  175  175  171  170  165  163  174  170                                   
    75.0-180.0 180.0   5.0 450.0                            LAT/LON1/LON2/DLON/H
  182  181  176  176  174  178  180  185  189  195  201  207  211  213  214  212
  212  208  206  203  202  200  198  196  194  191  188  184  179  175  169  164
  159  154  149  146  144  142  140  139  137  136  134  133  130  128  126  126
  124  125  124  127  126  130  131  137  139  146  148  154  157  161  164  167
  170  172  175  173  175  173  173  188  182                                   
    72.5-180.0 180.0   5.0 450.0                            LAT/LON1/LON2/DLON/H
  200  202  197  195  197  197  203  205  213  216  225  228  234  233  232  227
  224  217  214  208  207  203  203  200  200  196  195  189  187  180  177  170
  166  159  156  151  149  147  146  143  142  138  136  133  130  126  124  121
  119  117  117  116  116  116  119  121  126  131  135  141  145  152  156  163
  166  172  176  180  183  186  187  207  200                                   
    70.0-180.0 180.0   5.0 450.0                            LAT/LON1/LON2/DLON/H
  224  224  224  223  223  225  226  229  233  239  244  249  252  251  246  240
  234  225  219  214  211  209  208  207  206  204  200  195  191  184  178  173
  166  160  154  150  147  145  144  142  140  137  133  129  126  121  118  114
  111  108  105  103  101  101  101  104  107  112  117  124  131  138  145  152
  160  168  176  182  190  196  202  224  224                                   
    67.5-180.0 180.0   5.0 450.0                            LAT/LON1/LON2/DLON/H
  245  248  250  249  250  246  250  249  254  256  262  265  266  261  253  244
  235  226  219  214  212  210  209  209  209  205  202  194  190  182  176  168
  162  155  148  143  141  138  137  134  132  129  125  121  117  112  108  105
  101   98   95   92   89   87   86   88   91   97  101  111  117  127  134  144
  152  164  174  185  196  207  214  241  245                                   
    65.0-180.0 180.0   5.0 450.0                            LAT/LON1/LON2/DLON/H
  264  266  276  275  276  271  273  270  275  277  281  282  279  274  261  252
  240  230  223  219  217  216  216  215  215  208  204  195  189  180  173  165
  157  148  140  135  130  128  126  125  122  120  116  111  106  101   97   94
   91   88   86   82   80   77   77   77   81   85   92   99  110  117  128  136
  148  159  173  184  199  211  225  253  264                                   
    62.5-180.0 180.0   5.0 450.0                            LAT/LON1/LON2/DLON/H
  276  281  293  294  293  288  289  287  290  292  295  296  292  285  271  261
  247  237  229  227  225  226  225  223  220  212  206  195  189  178  172  161
  155  143  136  128  123  119  118  115  114  110  106  100   95   91   87   84
   83   81   79   76   73   72   70   72   74   79   84   94  102  114  122  134
  144  157  171  185  200  215  228  261  276                                   
    60.0-180.0 180.0   5.0 450.0                            LAT/LON1/LON2/DLON/H
  286  291  308  309  310  305  307  301  305  303  308  305  300  293  279  271
  258  249  242  240  241  240  239  234  229  217  212  200  195  184  177  166
  158  145  137  127  121  116  113  112  109  106  101   96   90   85   82   80
   79   77   77   75   74   72   72   73   76   80   87   94  107  115  128  136
  149  159  174  186  202  215  233  266  286                                   
    57.5-180.0 180.0   5.0 450.0                            LAT/LON1/LON2/DLON/H
  293  303  319  326  326  325  323  320  321  319  320  318  311  302  289  283
  272  264  258  257  257  255  253  245  238  225  219  210  206  197  191  179
  171  155  146  133  127  119  117  112  111  106  101   93   88   82   80   76
   77   77   77   76   76   76   76   78   81   86   92  102  111  123  133  145
  157  168  181  194  206  221  236  273  293                                   
    55.0-180.0 180.0   5.0 450.0                            LAT/LON1/LON2/DLON/H
  307  318  339  346  348  348  347  343  343  338  337  331  323  313  299  295
  284  278  273  270  269  265  262  254  248  236  232  224  224  216  212  199
  186  168  156  142  136  128  124  120  117  114  107  102   94   90   86   84
   83   84   85   85   85   87   87   91   93   99  106  115  126  137  151  162
  176  186  200  209  222  235  251  285  307                                   
    52.5-180.0 180.0   5.0 450.0                            LAT/LON1/LON2/DLON/H
  323  342  362  374  377  383  378  377  373  367  362  354  345  330  317  305
  297  290  284  280  278  274  271  264  260  252  251  247  249  244  239  224
  208  187  171  157  150  141  137  132  129  124  119  111  105   99   96   93
   93   93   96   96   99   99  102  105  108  114  120  131  141  157  170  185
  198  211  224  235  247  259  271  306  323                                   
    50.0-180.0 180.0   5.0 450.0                            LAT/LON1/LON2/DLON/H
  348  370  393  402  412  417  414  409  403  397  390  383  369  355  335  322
  309  301  294  288  287  281  282  276  278  272  278  275  281  273  267  246
  225  201  182  167  158  151  146  143  139  137  132  127  120  116  112  111
  109  110  111  114  115  117  119  122  126  131  138  148  161  176  194  210
  226  240  257  268  283  293  305  333  348                                   
    47.5-180.0 180.0   5.0 450.0                            LAT/LON1/LON2/DLON/H
  374  401  417  435  446  456  453  448  438  431  424  416  404  384  362  340
  322  308  297  292  289  285  288  287  293  292  300  299  303  293  282  258
  235  209  190  175  168  160  156  152  150  147  144  139  135  131  129  127
  127  127  129  130  132  134  137  140  143  149  155  166  179  198  216  235
  253  270  288  303  319  329  338  361  374                                   
    45.0-180.0 180.0   5.0 450.0                            LAT/LON1/LON2/DLON/H
  406  424  442  457  474  482  483  479  473  464  457  448  434  414  388  368
  343  326  311  300  300  297  304  303  314  313  323  317  318  300  285  255
  233  206  189  175  170  164  160  157  156  155  153  150  149  147  147  146
  148  148  149  148  149  149  152  154  158  162  171  182  198  215  236  255
  275  293  314  331  347  360  370  386  406                                   
    42.5-180.0 180.0   5.0 450.0                            LAT/LON1/LON2/DLON/H
  430  448  462  483  496  510  514  515  509  500  489  477  464  444  419  398
  372  351  330  319  316  316  322  324  333  333  337  327  317  294  273  244
  222  201  188  179  175  170  167  163  163  162  163  162  162  161  163  163
  165  165  166  165  164  162  163  165  169  175  183  197  213  234  255  275
  293  313  335  356  376  391  401  412  430                                   
    40.0-180.0 180.0   5.0 450.0                            LAT/LON1/LON2/DLON/H
  453  463  481  494  513  524  533  538  537  529  521  503  495  474  448  429
  401  381  362  348  348  344  352  350  358  351  350  331  316  285  262  230
  216  198  196  188  188  179  179  173  173  170  175  174  177  175  178  179
  181  181  181  178  175  172  171  172  176  181  192  206  227  247  271  288
  307  324  347  370  392  412  424  432  453                                   
    37.5-180.0 180.0   5.0 450.0                            LAT/LON1/LON2/DLON/H
  467  480  492  510  525  541  550  560  564  561  550  533  525  506  481  462
  434  417  398  389  384  381  384  379  379  366  357  333  313  279  254  229
  219  212  213  212  208  199  192  187  187  186  188  190  191  190  190  190
  189  188  187  185  183  180  177  176  178  184  193  210  232  255  278  295
  313  331  353  377  403  424  439  447  467                                   
    35.0-180.0 180.0   5.0 450.0                            LAT/LON1/LON2/DLON/H
  477  489  504  517  536  548  560  574  583  579  577  558  550  527  509  489
  465  447  435  424  423  415  416  403  398  380  368  342  322  289  269  251
  251  251  259  260  255  241  228  218  212  209  211  210  211  209  203  199
  192  190  186  187  185  186  181  180  178  184  194  213  238  262  288  304
  323  336  357  376  403  426  445  453  477                                   
    32.5-180.0 180.0   5.0 450.0                            LAT/LON1/LON2/DLON/H
  484  503  517  537  552  567  578  595  605  605  604  594  580  560  540  521
  499  485  473  465  459  451  444  430  420  402  388  367  352  328  314  308
  317  328  337  338  324  305  282  269  251  246  242  235  228  219  210  200
  193  184  181  179  180  180  181  180  181  185  195  215  242  269  293  313
  328  343  356  376  401  424  448  457  484                                   
    30.0-180.0 180.0   5.0 450.0                            LAT/LON1/LON2/DLON/H
  496  520  540  555  574  584  601  616  628  632  640  627  617  588  569  546
  525  514  505  496  489  474  466  449  441  426  418  406  401  389  388  395
  414  428  428  421  396  371  343  329  314  304  287  272  257  243  228  213
  201  190  184  180  175  174  168  169  164  171  181  204  234  265  292  315
  334  349  364  377  402  423  451  460  496                                   
    27.5-180.0 180.0   5.0 450.0                            LAT/LON1/LON2/DLON/H
  509  552  575  598  611  622  633  648  656  666  668  664  647  626  601  578
  559  548  534  525  512  495  483  470  465  459  461  462  466  473  480  494
  516  532  517  494  451  421  389  377  362  348  329  307  285  263  247  228
  211  198  190  184  179  175  170  166  163  161  169  191  226  263  295  324
  343  362  373  391  408  433  460  473  509                                   
    25.0-180.0 180.0   5.0 450.0                            LAT/LON1/LON2/DLON/H
  537  587  622  643  661  663  676  685  695  708  712  704  690  663  641  607
  593  576  560  544  530  509  499  488  493  497  511  523  536  550  572  597
  619  626  595  552  497  454  422  408  395  384  360  340  315  294  267  245
  224  211  198  192  181  176  167  161  154  154  162  186  214  254  294  328
  350  370  383  398  421  445  475  487  537                                   
    22.5-180.0 180.0   5.0 450.0                            LAT/LON1/LON2/DLON/H
  568  634  669  705  719  724  725  732  742  756  759  755  736  713  686  656
  631  606  591  572  552  529  521  518  531  542  559  579  605  628  651  672
  686  676  635  576  514  462  432  422  416  404  382  360  340  321  297  272
  249  228  212  201  187  179  167  161  157  156  163  176  208  248  291  331
  357  381  394  415  432  464  496  513  568                                   
    20.0-180.0 180.0   5.0 450.0                            LAT/LON1/LON2/DLON/H
  602  667  711  750  772  777  780  782  796  809  813  811  796  771  742  710
  684  649  620  587  574  549  543  546  565  574  605  628  659  672  687  703
  705  675  621  551  486  438  417  415  415  409  388  373  353  342  321  297
  273  251  235  217  202  185  175  160  155  150  158  170  197  237  281  325
  354  383  402  426  452  487  527  544  602                                   
    17.5-180.0 180.0   5.0 450.0                            LAT/LON1/LON2/DLON/H
  629  698  745  789  813  826  826  828  841  854  859  860  848  829  800  774
  742  707  673  624  595  569  570  574  596  618  642  665  674  669  671  669
  660  621  561  488  430  396  386  389  395  388  372  358  345  339  327  310
  289  269  251  235  215  199  179  168  155  154  158  174  200  233  281  321
  358  385  411  437  470  513  559  578  629                                   
    15.0-180.0 180.0   5.0 450.0                            LAT/LON1/LON2/DLON/H
  647  720  761  807  838  853  856  858  872  888  898  902  895  883  858  835
  806  770  730  682  643  613  610  617  639  653  666  664  652  629  606  583
  557  513  457  394  357  338  340  349  353  350  336  331  324  326  323  313
  298  281  263  248  224  210  185  175  157  159  162  179  199  237  276  319
  351  385  408  442  476  532  580  601  647                                   
    12.5-180.0 180.0   5.0 450.0                            LAT/LON1/LON2/DLON/H
  661  732  773  815  845  862  865  870  890  911  928  936  936  931  913  897
  870  840  796  746  705  679  672  680  691  699  678  651  608  558  514  470
  431  397  353  320  305  302  312  321  321  310  297  293  294  300  303  300
  291  277  262  247  226  211  185  178  161  167  167  184  204  231  276  314
  353  383  413  449  491  549  601  615  661                                   
    10.0-180.0 180.0   5.0 450.0                            LAT/LON1/LON2/DLON/H
  671  744  776  816  848  865  871  877  898  925  948  965  969  973  961  951
  929  904  869  821  780  748  737  739  733  721  671  615  546  471  410  356
  316  292  280  272  279  289  302  308  295  281  264  262  267  274  281  282
  275  267  249  240  213  203  178  177  164  175  173  183  198  228  269  312
  351  385  417  460  505  567  617  631  671                                   
     7.5-180.0 180.0   5.0 450.0                            LAT/LON1/LON2/DLON/H
  685  757  786  822  850  862  869  875  900  925  954  971  985  991  990  982
  971  951  924  891  856  828  809  796  767  723  652  570  478  398  334  290
