data/unet/pred3580.15i
     1.0            IONOSPHERE MAPS     GNSS                IONEX VERSION / TYPE
pyspatialgeodesy        IME             05-JAN-18 20:20     PGM / RUN BY / DATE 
Map Name                                                    COMMENT             
Predicted global ionosphere maps (GIM).                     DESCRIPTION         
  2015    12    24     0     0     0                        EPOCH OF FIRST MAP  
  2015    12    25     0     0     0                        EPOCH OF LAST MAP   
  7200                                                      INTERVAL            
    13                                                      # OF MAPS IN FILE   
  NONE                                                      MAPPING FUNCTION    
10.0                                                        ELEVATION CUTOFF    
One-way carrier phase leveled to code                       OBSERVABLES USED    
  6371.0                                                    BASE RADIUS         
 2                                                          MAP DIMENSION       
   450.0 450.0   0.0                                        HGT1 / HGT2 / DHGT  
    87.5 -87.5  -2.5                                        LAT1 / LAT2 / DLAT  
  -180.0 180.0   5.0                                        LON1 / LON2 / DLON  
    -1                                                      EXPONENT            
                                                            END OF HEADER       
[from data line 2574]
     7                                                      START OF TEC MAP    
  2015    12    24    12     0     0                        EPOCH OF CURRENT MAP
    87.5-180.0 180.0   5.0 450.0                            LAT/LON1/LON2/DLON/H
   52   62   54   54   53   53   55   54   56   55   57   55   57   55   56   55
   56   54   54   53   53   52   52   51   51   49   49   47   47   44   45   42
   43   41   42   39   41   39   41   38   41   39   41   38   41   39   41   39
   41   39   41   39   41   40   41   40   41   41   41   41   42   42   42   42
   44   43   44   44   45   42   55   49   52                                   
    85.0-180.0 180.0   5.0 450.0                            LAT/LON1/LON2/DLON/H
   66   63   56   53   55   54   56   54   55   53   53   51   52   49   50   47
   48   45   47   45   46   44   46   44   45   45   46   45   46   45   46   45
   45   44   44   43   43   43   43   42   42   41   42   40   42   41   42   40
   42   41   43   41   44   43   45   43   47   45   48   46   49   47   50   48
   51   49   52   49   52   53   61   50   66                                   
    82.5-180.0 180.0   5.0 450.0                            LAT/LON1/LON2/DLON/H
   55   60   51   52   48   51   47   52   46   49   44   47   41   43   38   40
   35   36   33   35   32   35   33   37   34   38   36   40   37   41   37   41
   36   39   34   37   32   34   30   32   28   31   27   30   26   30   27   30
   27   30   28   31   29   33   32   35   33   37   35   38   36   39   38   40
   38   41   39   40   39   40   41   26   55                                   
    80.0-180.0 180.0   5.0 450.0                            LAT/LON1/LON2/DLON/H
   52   50   46   44   46   45   46   45   44   42   41   39   38   35   35   32
   33   28   30   27   29   27   30   30   33   32   36   35   37   36   39   37
   38   35   36   33   33   30   30   27   27   24   25   23   23   22   24   23
   24   23   27   25   29   28   32   30   34   32   36   33   37   34   38   35
   38   35   37   34   36   34   35   27   52                                   
    77.5-180.0 180.0   5.0 450.0                            LAT/LON1/LON2/DLON/H
   48   49   39   42   40   44   40   44   38   41   35   38   32   32   28   29
   25   25   23   24   22   24   24   27   27   30   32   35   35   38   37   40
   37   40   36   37   32   33   28   29   24   25   21   23   19   22   20   23
   21   25   24   27   27   30   31   33   34   36   36   37   36   37   35   36
   33   35   32   31   30   30   30   17   48                                   
    75.0-180.0 180.0   5.0 450.0                            LAT/LON1/LON2/DLON/H
   48   40   40   39   39   40   40   40   37   36   34   32   29   26   26   23
   23   19   21   18   20   19   22   23   26   28   32   34   37   40   43   45
   45   46   45   44   41   39   35   33   29   29   26   26   24   26   25   26
   26   29   30   31   32   34   36   38   39   41   43   43   43   42   42   39
   37   36   35   32   32   30   32   24   48                                   
    72.5-180.0 180.0   5.0 450.0                            LAT/LON1/LON2/DLON/H
   51   47   40   42   41   43   39   42   37   38   33   34   29   29   26   26
   23   23   22   22   22   23   24   25   28   30   34   37   42   46   50   52
   53   55   53   54   49   48   43   41   36   35   33   33   31   33   32   33
   34   35   36   36   38   39   41   41   44   44   46   46   47   46   45   43
   41   39   37   34   33   31   32   24   51                                   
    70.0-180.0 180.0   5.0 450.0                            LAT/LON1/LON2/DLON/H
   53   44   46   42   44   44   44   43   41   39   37   36   33   31   30   28
   27   24   25   23   25   24   26   26   29   31   36   41   46   53   56   63
   63   69   66   68   62   61   54   52   47   46   43   42   41   42   42   42
   42   42   43   42   42   41   42   42   44   45   48   48   50   49   50   47
   46   43   42   38   37   34   36   34   53                                   
    67.5-180.0 180.0   5.0 450.0                            LAT/LON1/LON2/DLON/H
   56   49   47   47   47   48   46   47   43   44   39   42   37   39   36   37
   34   33   32   32   31   31   31   31   33   34   38   43   50   58   63   71
   72   78   76   78   73   72   65   62   56   55   51   51   49   50   49   50
   48   48   46   43   42   40   40   38   41   41   45   45   48   48   50   47
   48   44   43   39   39   34   37   33   56                                   
    65.0-180.0 180.0   5.0 450.0                            LAT/LON1/LON2/DLON/H
   54   46   53   47   51   50   49   48   47   45   45   45   44   43   43   42
   40   38   37   36   35   35   35   35   34   36   39   46   52   64   70   79
   81   89   87   92   85   87   78   78   71   71   65   65   61   62   58   58
   52   52   46   43   38   35   32   31   31   33   38   40   44   45   48   47
   48   46   45   43   41   37   40   39   54                                   
    62.5-180.0 180.0   5.0 450.0                            LAT/LON1/LON2/DLON/H
   54   49   49   49   50   51   49   49   47   46   46   49   47   49   47   48
   44   43   40   39   38   37   38   36   36   37   40   46   54   65   72   83
   88   96   97  100   97   97   90   89   83   83   78   78   73   73   67   66
   58   55   49   44   38   32   29   25   27   28   32   36   39   42   44   45
   45   45   44   41   41   35   39   35   54                                   
    60.0-180.0 180.0   5.0 450.0                            LAT/LON1/LON2/DLON/H
   50   44   51   46   50   48   48   46   46   45   46   48   48   50   49   49
   46   44   41   40   38   39   37   38   37   40   43   50   58   70   79   90
   95  104  105  111  106  109  102  105   97   99   92   93   85   85   76   73
   62   58   48   42   34   28   23   21   21   23   27   29   33   34   38   39
   42   42   44   42   41   36   39   36   50                                   
    57.5-180.0 180.0   5.0 450.0                            LAT/LON1/LON2/DLON/H
   50   45   44   44   45   44   42   42   41   41   43   45   47   49   48   48
   43   42   38   38   36   37   37   38   38   41   47   56   65   79   88   99
  104  112  114  118  116  118  116  115  114  112  108  105  101   96   88   81
   71   64   54   48   39   33   28   25   25   26   29   31   32   34   35   38
   38   41   41   39   39   33   37   32   50                                   
    55.0-180.0 180.0   5.0 450.0                            LAT/LON1/LON2/DLON/H
   47   40   44   40   45   41   41   37   37   35   37   40   42   44   44   43
   37   35   29   31   28   33   32   37   38   45   54   66   77   91   99  109
  114  121  122  125  124  129  127  131  126  129  123  122  113  110   97   90
   77   72   59   54   42   38   32   31   30   31   32   33   33   34   35   36
   39   40   43   42   40   35   39   33   47                                   
    52.5-180.0 180.0   5.0 450.0                            LAT/LON1/LON2/DLON/H
   50   45   40   41   42   41   38   36   32   31   33   35   37   38   38   36
   31   27   24   25   25   29   33   39   43   53   63   79   89  103  112  122
  125  129  129  131  133  136  139  141  143  143  142  137  132  122  113  102
   92   84   75   66   58   52   48   45   44   44   44   43   41   40   40   40
   41   44   46   45   44   37   41   38   50                                   
    50.0-180.0 180.0   5.0 450.0                            LAT/LON1/LON2/DLON/H
   50   45   47   44   48   42   42   34   32   27   30   30   33   33   32   30
   23   21   16   19   17   25   29   40   48   62   74   91  101  116  123  131
  132  135  135  139  140  146  148  155  156  159  157  154  146  139  126  119
  105   99   86   81   70   66   60   58   56   56   54   53   50   49   47   47
   47   50   54   53   52   47   48   46   50                                   
    47.5-180.0 180.0   5.0 450.0                            LAT/LON1/LON2/DLON/H
   59   55   50   51   51   49   45   40   36   32   31   31   32   32   30   27
   24   20   19   20   23   28   37   47   58   73   85  104  112  127  131  137
  135  137  138  140  145  150  157  162  169  171  171  167  162  152  143  132
  121  111  102   93   85   78   72   69   67   66   65   63   60   58   56   54
   55   57   61   61   62   55   57   60   59                                   
    45.0-180.0 180.0   5.0 450.0                            LAT/LON1/LON2/DLON/H
   64   61   62   58   63   56   57   46   44   36   35   34   33   31   29   28
   24   22   19   23   23   32   39   53   65   83   93  113  120  134  135  138
  137  140  141  147  152  160  164  174  178  184  182  182  174  168  156  147
  135  125  113  104   93   86   78   74   71   69   68   67   65   64   64   62
   63   65   68   69   70   67   67   72   64                                   
    42.5-180.0 180.0   5.0 450.0                            LAT/LON1/LON2/DLON/H
   70   69   65   65   66   64   62   57   53   48   46   43   41   38   35   33
   31   29   29   31   33   39   48   61   74   92  102  120  126  136  134  136
  135  138  142  148  157  162  171  176  185  188  192  190  187  180  170  158
  148  136  124  111  100   89   78   72   69   67   66   66   66   66   68   67
   70   70   74   74   77   72   74   84   70                                   
    40.0-180.0 180.0   5.0 450.0                            LAT/LON1/LON2/DLON/H
   73   73   74   70   75   71   74   65   67   58   57   53   50   45   42   39
   36   35   34   37   39   46   55   69   81   99  109  125  129  138  135  137
  137  142  147  157  165  174  179  188  192  200  200  203  197  194  182  173
  160  148  133  120  105   92   79   70   65   61   60   61   63   65   69   70
   72   73   75   76   78   78   80   88   73                                   
    37.5-180.0 180.0   5.0 450.0                            LAT/LON1/LON2/DLON/H
   73   74   72   70   71   71   72   70   70   66   65   62   58   54   50   47
   44   42   42   44   46   53   64   79   91  109  117  130  132  138  134  136
  138  145  154  165  175  182  189  193  200  205  209  209  209  204  199  186
  176  160  146  128  115   98   84   70   63   59   58   59   63   66   72   73
   76   75   77   75   78   76   79   90   73                                   
    35.0-180.0 180.0   5.0 450.0                            LAT/LON1/LON2/DLON/H
   71   67   68   63   68   68   72   70   74   70   72   69   67   62   59   54
   53   49   48   48   52   61   73   90  102  117  123  135  136  140  137  140
  145  155  166  181  190  200  203  208  210  218  217  221  218  219  214  206
  195  181  164  147  129  112   96   82   69   63   59   62   64   70   75   78
   79   78   77   74   73   76   77   84   71                                   
    32.5-180.0 180.0   5.0 450.0                            LAT/LON1/LON2/DLON/H
   67   64   60   59   57   60   61   67   68   71   70   72   69   67   62   60
   56   55   53   56   58   70   83  102  113  127  133  144  143  147  143  150
  155  169  183  199  210  218  221  222  225  228  231  230  235  234  234  227
  219  206  195  174  159  137  123  105   95   86   83   82   84   88   90   91
   87   83   80   75   74   70   73   78   67                                   
    30.0-180.0 180.0   5.0 450.0                            LAT/LON1/LON2/DLON/H
   71   60   58   51   55   53   58   58   65   64   69   69   70   68   68   64
   63   61   61   63   67   80   95  114  125  138  144  155  157  162  163  171
  180  196  210  231  239  250  247  251  245  249  245  251  251  256  256  255
  249  240  230  218  204  186  168  152  137  127  119  118  115  117  113  111
  105   97   86   81   75   72   73   69   71                                   
    27.5-180.0 180.0   5.0 450.0                            LAT/LON1/LON2/DLON/H
   76   66   55   52   48   48   47   52   55   59   61   65   65   68   66   65
   64   64   66   70   74   90  105  124  136  150  158  171  175  185  187  197
  207  224  242  261  272  282  283  280  277  273  272  273  274  280  283  286
  282  277  270  262  255  241  228  211  198  183  174  167  162  157  148  140
  131  119  106   94   88   78   74   72   76                                   
    25.0-180.0 180.0   5.0 450.0                            LAT/LON1/LON2/DLON/H
   91   73   61   55   55   47   50   46   54   49   57   57   63   64   67   65
   69   70   75   81   86  104  118  136  149  162  173  187  195  208  213  227
  237  260  276  300  306  320  316  318  308  306  297  299  297  309  312  321
  318  322  317  319  310  303  287  272  256  239  226  216  209  202  190  178
  163  149  133  120  103   95   90   77   91                                   
    22.5-180.0 180.0   5.0 450.0                            LAT/LON1/LON2/DLON/H
  109   92   74   71   61   56   52   52   50   50   49   55   58   63   65   69
   73   78   86   95  102  116  129  145  159  174  187  204  216  229  241  252
  267  291  312  335  343  350  349  346  339  334  328  328  329  338  344  352
  355  362  367  373  373  367  353  332  315  293  276  261  253  241  228  212
  200  182  170  151  141  121  114   97  109                                   
    20.0-180.0 180.0   5.0 450.0                            LAT/LON1/LON2/DLON/H
  129  111   98   88   85   72   68   62   62   55   58   58   64   64   69   72
   83   89  102  114  119  132  142  159  171  187  201  221  234  254  265  285
  298  326  345  369  374  377  373  372  363  363  357  360  360  369  372  383
  385  397  402  412  412  407  394  372  350  329  308  298  286  275  256  241
  225  211  197  185  168  158  144  123  129                                   
    17.5-180.0 180.0   5.0 450.0                            LAT/LON1/LON2/DLON/H
  154  136  126  118  105   95   86   80   76   70   68   69   72   72   75   78
   89   98  114  125  133  141  152  167  181  197  213  233  253  271  291  310
  330  355  376  393  399  401  399  395  391  388  388  387  388  394  397  407
  410  420  428  435  438  434  417  393  369  345  329  315  306  290  274  257
  245  233  223  209  198  181  171  151  154                                   
    15.0-180.0 180.0   5.0 450.0                            LAT/LON1/LON2/DLON/H
  164  157  142  137  127  112  106   97   94   85   86   85   88   84   83   84
   96  107  126  139  144  153  164  183  196  213  229  253  269  295  314  338
  355  380  398  410  415  418  417  417  414  415  413  417  415  420  424  430
  433  439  442  447  445  434  414  387  361  342  328  317  306  293  275  263
  249  244  232  224  212  206  192  183  164                                   
    12.5-180.0 180.0   5.0 450.0                            LAT/LON1/LON2/DLON/H
  165  160  154  151  137  126  118  112  108  102  107  107  109  100   94   89
   98  111  130  147  152  165  175  194  209  226  247  265  290  312  337  358
  376  397  413  422  429  435  436  438  436  437  435  437  435  439  440  445
  444  448  448  452  444  430  402  374  346  325  309  300  291  282  267  257
  250  243  235  227  219  211  201  190  165                                   
    10.0-180.0 180.0   5.0 450.0                            LAT/LON1/LON2/DLON/H
  155  161  149  155  146  142  137  132  125  119  121  123  122  113   99   94
   99  112  130  150  163  176  189  209  227  248  265  286  306  333  352  370
  384  403  420  428  434  444  447  454  452  457  453  457  453  457  456  458
  454  455  451  449  438  417  389  358  326  304  289  281  271  266  253  248
  238  234  225  224  213  211  197  200  155                                   
     7.5-180.0 180.0   5.0 450.0                            LAT/LON1/LON2/DLON/H
  141  146  139  140  135  137  135  135  130  125  128  132  131  117  103   93
   96  109  128  150  165  183  199  223  248  267  287  302  328  348  365  376
