data/unet/pred2660.15i
     1.0            IONOSPHERE MAPS     GNSS                IONEX VERSION / TYPE
pyspatialgeodesy        IME             05-JAN-18 20:20     PGM / RUN BY / DATE 
Map Name                                                    COMMENT             
Predicted global ionosphere maps (GIM).                     DESCRIPTION         
  2015     9    23     0     0     0                        EPOCH OF FIRST MAP  
  2015     9    24     0     0     0                        EPOCH OF LAST MAP   
  7200                                                      INTERVAL            
    13                                                      # OF MAPS IN FILE   
  NONE                                                      MAPPING FUNCTION    
10.0                                                        ELEVATION CUTOFF    
One-way carrier phase leveled to code                       OBSERVABLES USED    
  6371.0                                                    BASE RADIUS         
 2                                                          MAP DIMENSION       
   450.0 450.0   0.0                                        HGT1 / HGT2 / DHGT  
    87.5 -87.5  -2.5                                        LAT1 / LAT2 / DLAT  
  -180.0 180.0   5.0                                        LON1 / LON2 / DLON  
    -1                                                      EXPONENT            
                                                            END OF HEADER       
[from data line 3861]
    10                                                      START OF TEC MAP    
  2015     9    23    18     0     0                        EPOCH OF CURRENT MAP
    87.5-180.0 180.0   5.0 450.0                            LAT/LON1/LON2/DLON/H
  154  121  118  119  120  118  121  120  123  122  125  125  127  127  129  129
  130  130  131  130  130  129  129  127  127  125  124  122  121  119  119  117
  117  114  115  112  113  111  112  110  111  109  110  108  110  108  110  108
  111  109  112  110  113  111  114  111  115  112  115  112  115  112  115  112
  115  112  115  112  117  113  124  136  154                                   
    85.0-180.0 180.0   5.0 450.0                            LAT/LON1/LON2/DLON/H
  108  103  105  111  111  113  113  116  116  120  120  123  123  127  126  128
  127  130  129  130  129  129  127  127  125  124  122  121  118  118  115  114
  111  111  108  107  104  104  102  102  100  100   98  100   98  100   98  101
  100  103  102  105  103  106  105  107  105  108  105  108  105  108  104  107
  104  106  103  105  105  102  110  126  108                                   
    82.5-180.0 180.0   5.0 450.0                            LAT/LON1/LON2/DLON/H
   97   91   94   96   99  100  103  105  109  112  116  118  122  123  126  127
  129  130  130  131  130  131  128  128  124  124  119  119  114  114  109  108
  104  102   98   97   93   92   88   87   85   84   83   83   83   84   85   86
   88   89   92   93   96   96   98   97   99   97   98   96   97   95   95   93
   93   92   92   90   92   87   92  101   97                                   
    80.0-180.0 180.0   5.0 450.0                            LAT/LON1/LON2/DLON/H
   83   82   82   86   88   90   94   98  104  108  115  117  124  126  131  132
  136  136  138  137  139  137  136  133  131  129  124  122  117  115  110  108
  103  101   95   93   88   86   81   79   76   75   72   73   72   75   74   77
   78   83   83   87   87   91   89   92   91   93   89   91   88   89   85   86
   82   83   79   80   78   74   80   86   83                                   
    77.5-180.0 180.0   5.0 450.0                            LAT/LON1/LON2/DLON/H
   68   67   71   71   75   78   85   89   96  102  110  115  121  126  131  134
  136  140  140  142  140  142  139  138  134  132  128  125  121  117  113  109
  104  101   95   91   86   81   77   73   69   67   65   64   64   65   67   70
   72   75   78   80   83   83   85   84   86   83   83   81   80   78   77   74
   73   71   70   68   68   62   66   72   68                                   
    75.0-180.0 180.0   5.0 450.0                            LAT/LON1/LON2/DLON/H
   59   60   61   66   69   75   80   87   93  102  109  116  123  130  134  139
  142  145  145  146  146  146  144  141  138  136  131  129  124  122  118  114
  110  105  100   95   88   83   77   73   68   65   61   61   59   61   62   65
   66   71   72   76   76   80   78   80   77   78   75   75   72   72   69   68
   65   65   62   63   60   57   62   69   59                                   
    72.5-180.0 180.0   5.0 450.0                            LAT/LON1/LON2/DLON/H
   55   57   61   63   67   72   78   84   92  100  109  116  124  131  137  142
  145  149  150  151  149  150  147  145  141  138  135  132  129  125  123  119
  115  111  106  100   94   87   81   74   69   64   61   58   58   58   60   61
   64   66   69   70   72   72   72   70   70   68   67   64   65   62   62   59
   60   58   58   57   58   52   59   59   55                                   
    70.0-180.0 180.0   5.0 450.0                            LAT/LON1/LON2/DLON/H
   57   57   62   66   69   75   80   86   93  102  111  119  127  135  141  146
  149  152  153  153  152  151  149  145  142  138  135  132  129  128  125  123
  120  118  112  107  100   94   87   81   74   69   63   61   59   58   59   60
   61   64   64   66   64   66   62   63   60   60   57   57   55   55   53   55
   53   55   53   56   55   51   60   61   57                                   
    67.5-180.0 180.0   5.0 450.0                            LAT/LON1/LON2/DLON/H
   58   59   66   69   74   78   85   89   97  104  114  121  130  136  143  147
  152  153  156  155  155  153  151  148  143  139  136  133  130  129  128  126
  125  122  118  113  107  100   93   85   78   72   67   63   62   60   60   61
   61   62   62   61   58   57   54   52   50   49   48   47   47   47   48   48
   50   49   52   52   53   50   58   54   58                                   
    65.0-180.0 180.0   5.0 450.0                            LAT/LON1/LON2/DLON/H
   59   60   68   74   78   84   89   94  100  108  117  125  133  139  146  149
  153  154  156  156  156  155  153  148  144  139  136  131  130  129  128  128
  127  126  123  119  113  107  100   93   85   79   73   70   66   64   63   61
   61   59   58   55   51   49   45   44   40   41   38   40   38   41   40   44
   43   47   46   50   49   46   56   55   59                                   
    62.5-180.0 180.0   5.0 450.0                            LAT/LON1/LON2/DLON/H
   56   59   69   75   82   87   94   98  105  111  119  127  135  140  147  149
  154  154  157  156  158  157  155  151  145  141  135  134  131  131  131  133
  132  132  129  125  119  114  106  100   92   86   80   76   72   68   66   63
   61   58   54   50   46   42   38   36   33   33   32   34   34   36   37   39
   40   41   42   44   45   42   50   46   56                                   
    60.0-180.0 180.0   5.0 450.0                            LAT/LON1/LON2/DLON/H
   53   55   66   76   83   90   96  101  106  112  119  126  133  137  144  146
  150  152  154  156  158  157  157  151  147  140  138  134  136  135  138  140
  140  139  136  132  126  120  113  107  101   95   88   83   78   73   70   65
   62   56   52   47   42   38   34   33   30   32   30   33   31   34   33   36
   35   38   36   39   37   35   45   43   53                                   
    57.5-180.0 180.0   5.0 450.0                            LAT/LON1/LON2/DLON/H
   48   52   64   75   84   92   99  103  109  114  121  126  133  137  142  144
  150  149  155  155  158  157  156  153  147  143  139  140  141  146  149  154
  152  152  146  141  134  128  122  116  109  103   97   91   85   78   73   67
   63   57   52   46   42   36   34   32   31   31   32   33   32   33   33   34
   33   34   34   34   35   33   39   33   48                                   
    55.0-180.0 180.0   5.0 450.0                            LAT/LON1/LON2/DLON/H
   46   52   61   76   85   95  101  106  112  116  122  127  133  135  139  141
  146  148  151  153  156  156  156  153  151  146  147  147  153  159  166  170
  168  165  160  152  145  138  133  126  121  114  108  101   94   87   80   73
   67   60   55   49   45   40   38   37   36   37   37   38   35   35   33   34
   31   33   31   32   31   29   38   34   46                                   
    52.5-180.0 180.0   5.0 450.0                            LAT/LON1/LON2/DLON/H
   47   53   63   77   88   98  105  110  115  120  126  130  135  137  139  141
  145  147  150  152  154  156  155  155  152  152  152  157  164  174  181  188
  184  181  171  165  156  151  144  140  133  126  119  111  104   95   87   79
   73   66   61   56   52   48   46   46   46   46   46   45   43   40   37   36
   34   35   35   36   36   35   38   32   47                                   
    50.0-180.0 180.0   5.0 450.0                            LAT/LON1/LON2/DLON/H
   52   60   67   84   94  106  113  118  124  128  133  137  140  141  142  143
  145  146  149  150  153  154  157  157  158  158  163  168  179  189  198  202
  198  192  184  176  170  162  158  152  147  139  132  123  115  106   98   89
   82   75   70   65   61   58   57   57   58   59   57   56   53   49   43   43
   39   42   40   43   42   40   47   42   52                                   
    47.5-180.0 180.0   5.0 450.0                            LAT/LON1/LON2/DLON/H
   60   68   76   92  101  113  119  126  131  137  141  145  147  147  147  149
  149  150  150  152  153  156  159  161  163  165  170  177  186  198  205  211
  205  201  191  187  179  176  169  165  156  150  142  134  124  115  105   98
   91   86   80   76   72   71   69   71   71   72   70   68   64   59   55   51
   49   51   52   55   55   53   56   52   60                                   
    45.0-180.0 180.0   5.0 450.0                            LAT/LON1/LON2/DLON/H
   71   81   87  104  112  123  130  138  144  151  155  158  158  157  156  155
  156  156  155  156  158  161  166  167  172  174  180  185  195  204  211  214
  208  204  199  196  191  189  183  177  169  160  152  142  133  123  115  106
  100   95   91   87   84   81   82   81   84   84   83   80   75   71   67   65
   61   65   64   69   67   65   71   71   71                                   
    42.5-180.0 180.0   5.0 450.0                            LAT/LON1/LON2/DLON/H
   79   90   98  113  121  131  139  148  155  163  168  171  170  168  167  166
  166  166  165  165  167  169  174  178  183  185  189  195  200  208  212  214
  209  209  205  206  203  202  194  188  176  167  157  148  138  129  119  113
  107  103   99   97   92   92   90   93   94   95   94   91   88   83   80   77
   75   76   77   81   81   77   82   83   79                                   
    40.0-180.0 180.0   5.0 450.0                            LAT/LON1/LON2/DLON/H
   87  101  107  125  131  143  151  161  169  178  183  186  185  183  180  179
  179  179  178  177  180  183  190  194  200  200  204  204  209  212  216  215
  213  214  216  220  219  217  210  199  187  174  163  151  142  133  124  117
  112  108  105  102   99   98   99  100  104  104  103  102   99   96   93   91
   88   90   88   92   89   87   92   95   87                                   
    37.5-180.0 180.0   5.0 450.0                            LAT/LON1/LON2/DLON/H
   89  104  114  128  137  148  157  168  177  189  195  200  199  198  195  195
  194  194  192  192  194  198  205  211  215  217  217  218  217  220  221  223
  225  231  239  244  243  238  226  213  194  180  166  155  144  135  126  119
  113  111  106  105  101  103  103  107  109  110  111  109  108  105  104  101
   98   96   94   94   91   87   93   98   89                                   
    35.0-180.0 180.0   5.0 450.0                            LAT/LON1/LON2/DLON/H
   91  108  118  136  144  158  167  179  188  200  207  214  215  214  212  211
  211  211  209  209  213  219  227  233  237  235  236  234  237  237  243  246
  258  267  282  285  283  267  250  228  208  188  173  159  149  138  129  120
  115  111  107  104  102  103  105  109  113  114  114  114  113  113  111  110
  105  103   97   96   89   87   92   98   91                                   
    32.5-180.0 180.0   5.0 450.0                            LAT/LON1/LON2/DLON/H
   90  105  120  136  149  161  172  184  194  208  217  226  228  230  229  230
  229  230  227  230  233  241  247  253  254  256  255  258  260  267  274  287
  301  318  328  332  319  300  271  245  221  200  181  167  154  142  131  121
  115  110  107  106  104  105  106  111  114  115  116  115  116  116  115  113
  109  103   96   90   85   80   87   94   90                                   
    30.0-180.0 180.0   5.0 450.0                            LAT/LON1/LON2/DLON/H
   92  109  125  146  157  172  181  194  201  214  224  233  239  244  245  246
  246  247  246  249  254  260  266  272  274  278  282  289  299  309  324  340
  361  377  386  382  365  333  300  262  236  211  193  175  164  150  140  128
  122  115  112  110  109  110  112  115  116  116  116  116  116  117  116  115
  110  105   96   91   81   79   84   92   92                                   
    27.5-180.0 180.0   5.0 450.0                            LAT/LON1/LON2/DLON/H
   99  113  132  150  165  179  189  199  208  219  230  242  249  257  261  264
  264  266  266  271  273  279  283  289  293  302  310  325  338  357  375  396
  418  434  438  427  396  359  316  280  247  224  204  188  173  159  147  134
  126  119  116  114  115  116  119  121  122  121  119  117  116  116  115  112
  109  103   96   89   82   76   82   90   99                                   
    25.0-180.0 180.0   5.0 450.0                            LAT/LON1/LON2/DLON/H
  108  125  143  165  177  193  199  208  216  226  235  247  258  269  276  282
  283  286  288  290  294  297  303  309  318  331  348  368  389  411  431  454
  480  494  498  476  437  384  335  295  261  235  219  201  188  171  160  145
  137  127  123  121  123  124  128  128  129  126  124  121  119  117  116  113
  109  106   99   95   85   83   87   92  108                                   
    22.5-180.0 180.0   5.0 450.0                            LAT/LON1/LON2/DLON/H
  119  133  156  177  192  205  212  219  224  231  241  252  268  280  292  301
  306  312  312  316  315  321  322  332  342  363  384  413  439  461  484  506
  528  539  533  503  454  396  341  304  271  249  231  216  201  185  172  157
  147  137  133  131  131  134  137  137  136  132  129  124  123  119  115  113
  111  108  104  100   93   87   92   95  119                                   
    20.0-180.0 180.0   5.0 450.0                            LAT/LON1/LON2/DLON/H
  129  146  170  191  206  218  223  230  233  239  249  262  277  292  310  321
  332  335  339  336  340  340  348  358  374  398  426  457  483  506  526  546
  562  566  553  518  467  408  351  312  283  259  244  230  219  203  192  178
  169  159  150  144  143  145  147  146  143  137  133  128  127  122  119  115
  113  114  110  108   99   95   97   98  129                                   
    17.5-180.0 180.0   5.0 450.0                            LAT/LON1/LON2/DLON/H
  135  149  173  196  213  225  234  238  240  246  255  271  288  306  328  344
  362  367  372  371  370  374  382  396  413  442  471  498  520  538  555  564
  573  565  545  510  460  405  352  315  289  271  254  243  231  219  210  200
  190  181  168  163  158  159  160  155  149  142  137  133  129  127  122  119
  115  115  111  109  102   97  100  100  135                                   
    15.0-180.0 180.0   5.0 450.0                            LAT/LON1/LON2/DLON/H
  137  153  177  201  218  231  238  245  249  258  269  286  305  325  347  369
  386  397  404  403  408  407  423  434  459  484  511  530  545  558  566  568
  567  552  531  498  453  405  357  324  299  281  265  253  246  236  230  221
  214  204  194  187  180  175  170  163  154  146  140  134  131  126  124  120
  119  117  113  110  100   96   97   98  137                                   
    12.5-180.0 180.0   5.0 450.0                            LAT/LON1/LON2/DLON/H
  131  148  171  197  215  231  243  253  261  270  284  302  324  343  366  388
  413  428  438  439  446  452  466  482  502  525  542  555  563  567  567  556
  547  527  504  474  438  401  363  335  310  293  274  265  256  250  243  238
  230  224  215  208  198  190  179  169  156  149  139  136  131  128  123  121
  118  115  111  104   97   90   94   96  131                                   
    10.0-180.0 180.0   5.0 450.0                            LAT/LON1/LON2/DLON/H
  123  143  164  191  210  230  244  259  269  285  297  318  339  361  382  408
  432  451  461  468  475  484  500  516  538  554  566  572  573  571  558  542
  526  505  484  461  435  408  380  355  330  309  293  280  274  267  261  254
  245  237  228  220  208  198  184  172  157  148  139  134  130  123  121  118
  117  114  109  102   90   81   86   84  123                                   
     7.5-180.0 180.0   5.0 450.0                            LAT/LON1/LON2/DLON/H
  111  135  159  184  207  230  250  267  284  299  317  338  362  381  404  427
  452  471  485  494  502  515  531  548  564  573  578  578  574  563  547  525
