data/unet/pred3270.15i
     1.0            IONOSPHERE MAPS     GNSS                IONEX VERSION / TYPE
pyspatialgeodesy        IME             05-JAN-18 20:20     PGM / RUN BY / DATE 
Map Name                                                    COMMENT             
Predicted global ionosphere maps (GIM).                     DESCRIPTION         
  2015    11    23     0     0     0                        EPOCH OF FIRST MAP  
  2015    11    24     0     0     0                        EPOCH OF LAST MAP   
  7200                                                      INTERVAL            
    13                                                      # OF MAPS IN FILE   
  NONE                                                      MAPPING FUNCTION    
10.0                                                        ELEVATION CUTOFF    
One-way carrier phase leveled to code                       OBSERVABLES USED    
  6371.0                                                    BASE RADIUS         
 2                                                          MAP DIMENSION       
   450.0 450.0   0.0                                        HGT1 / HGT2 / DHGT  
    87.5 -87.5  -2.5                                        LAT1 / LAT2 / DLAT  
  -180.0 180.0   5.0                                        LON1 / LON2 / DLON  
    -1                                                      EXPONENT            
                                                            END OF HEADER       
[from data line 429]
     2                                                      START OF TEC MAP    
  2015    11    23     2     0     0                        EPOCH OF CURRENT MAP
    87.5-180.0 180.0   5.0 450.0                            LAT/LON1/LON2/DLON/H
   76   60   56   44   51   42   49   42   49   42   48   42   48   42   48   41
   47   39   46   38   45   37   43   35   42   35   41   35   40   35   41   36
   42   38   44   40   47   43   49   46   53   49   55   51   58   53   59   55
   62   57   63   58   65   60   66   61   67   62   67   62   67   61   66   60
   66   59   65   58   68   55   68   70   76                                   
    85.0-180.0 180.0   5.0 450.0                            LAT/LON1/LON2/DLON/H
   64   70   50   49   49   45   45   44   45   44   45   45   46   45   47   46
   46   45   45   43   42   40   39   37   35   33   32   31   30   30   30   30
   31   32   34   36   38   39   43   44   48   49   53   53   56   55   59   58
   61   59   63   60   64   61   64   62   65   62   65   63   66   63   65   63
   65   62   64   61   62   57   60   83   64                                   
    82.5-180.0 180.0   5.0 450.0                            LAT/LON1/LON2/DLON/H
   67   64   57   57   50   49   46   50   48   51   50   54   53   56   55   58
   55   56   52   53   47   47   41   40   34   33   28   28   24   25   24   26
   26   28   30   34   36   40   43   48   51   54   58   62   64   66   67   69
   69   69   70   70   70   71   70   72   72   72   72   73   73   74   74   75
   75   76   76   76   74   67   79   94   67                                   
    80.0-180.0 180.0   5.0 450.0                            LAT/LON1/LON2/DLON/H
   75   70   63   58   59   52   54   52   55   54   58   59   64   64   69   68
   71   68   69   64   62   55   52   44   40   33   30   25   24   20   22   21
   24   24   31   33   40   42   50   52   60   61   68   68   73   72   75   73
   76   72   75   71   75   70   74   71   76   72   77   75   81   78   84   82
   88   85   91   87   88   78   80   93   75                                   
    77.5-180.0 180.0   5.0 450.0                            LAT/LON1/LON2/DLON/H
   87   84   75   75   62   63   57   62   57   63   61   70   69   77   76   84
   81   85   79   81   72   70   60   56   44   41   32   32   24   26   22   27
   25   32   33   42   43   52   54   63   64   72   71   78   75   79   75   79
   73   75   70   74   69   72   69   74   72   77   77   82   83   88   91   96
   98  103  104  106  102   98   98  104   87                                   
    75.0-180.0 180.0   5.0 450.0                            LAT/LON1/LON2/DLON/H
  101   96   88   84   75   71   66   65   63   65   66   71   74   79   82   87
   88   90   89   88   82   77   68   61   52   45   39   35   31   30   30   32
   33   37   40   45   49   55   60   64   68   72   75   76   75   75   73   71
   68   66   65   64   63   64   65   67   70   73   77   82   86   92   97  103
  108  114  119  122  121  116  113  112  101                                   
    72.5-180.0 180.0   5.0 450.0                            LAT/LON1/LON2/DLON/H
  120  113  105   98   85   79   72   71   65   67   65   70   69   76   78   85
   86   89   89   89   84   80   72   65   56   49   44   41   37   38   38   40
   40   44   46   50   51   56   59   63   64   67   68   69   66   66   62   61
   57   56   53   54   53   56   57   62   65   70   76   81   88   94  103  109
  118  123  132  135  138  134  132  124  120                                   
    70.0-180.0 180.0   5.0 450.0                            LAT/LON1/LON2/DLON/H
  133  126  117  112  101   93   84   80   75   72   69   69   70   71   75   78
   82   84   87   86   84   79   73   65   59   53   50   48   47   48   50   51
   52   53   54   55   55   56   58   59   61   62   63   63   60   58   55   52
   49   47   47   47   48   51   56   61   68   75   82   91   98  106  113  122
  129  137  144  151  153  150  147  136  133                                   
    67.5-180.0 180.0   5.0 450.0                            LAT/LON1/LON2/DLON/H
  150  143  134  127  112  104   95   90   81   78   70   69   63   65   64   69
   70   76   78   80   77   75   68   63   56   54   52   53   52   56   56   58
   57   57   55   54   50   50   49   50   49   52   52   52   48   47   45   43
   40   40   38   41   41   48   53   63   72   82   92  100  110  115  125  129
  138  144  154  158  164  162  159  146  150                                   
    65.0-180.0 180.0   5.0 450.0                            LAT/LON1/LON2/DLON/H
  157  148  140  136  124  116  107  100   92   86   77   70   64   60   58   59
   63   66   70   71   70   67   63   58   55   53   54   56   58   61   62   62
   60   57   54   50   46   44   42   43   43   46   45   46   43   43   40   39
   36   37   35   39   43   51   60   71   84   97  107  117  123  130  134  140
  144  151  157  164  167  168  165  154  157                                   
    62.5-180.0 180.0   5.0 450.0                            LAT/LON1/LON2/DLON/H
  165  156  145  138  126  119  111  105   97   91   78   72   60   56   50   51
   52   58   60   63   61   60   54   51   47   49   49   53   55   59   58   58
   53   50   44   40   35   33   31   32   34   36   38   38   38   37   35   34
   31   32   30   37   41   53   63   79   94  107  119  126  135  137  143  143
  149  151  160  163  168  168  169  158  165                                   
    60.0-180.0 180.0   5.0 450.0                            LAT/LON1/LON2/DLON/H
  164  155  144  141  129  122  114  109  102   95   84   75   64   56   50   48
   51   53   57   57   56   53   49   45   44   44   47   50   54   55   56   52
   49   43   38   34   30   28   27   30   31   35   37   39   39   39   36   35
   33   33   34   39   47   58   71   89  105  119  129  139  144  149  150  152
  154  156  160  165  166  169  168  160  164                                   
    57.5-180.0 180.0   5.0 450.0                            LAT/LON1/LON2/DLON/H
  169  162  150  142  128  121  115  108  102   95   85   76   65   58   50   50
   48   52   53   54   50   48   42   40   38   41   43   47   48   50   47   44
   39   36   32   29   28   27   28   29   32   35   39   40   41   41   39   38
   34   35   34   42   49   63   77   94  111  124  136  145  153  157  161  160
  161  161  167  166  171  171  172  164  169                                   
    55.0-180.0 180.0   5.0 450.0                            LAT/LON1/LON2/DLON/H
  177  168  156  150  137  129  120  113  104   97   86   80   70   63   58   54
   55   54   56   53   50   45   41   38   39   41   46   47   50   47   46   40
   38   35   35   34   35   35   37   38   41   44   47   48   49   49   46   45
   42   42   43   49   58   71   87  104  119  134  143  155  162  168  172  173
  173  174  177  180  180  181  180  172  177                                   
    52.5-180.0 180.0   5.0 450.0                            LAT/LON1/LON2/DLON/H
  194  188  175  165  149  139  127  117  105   97   85   80   71   68   61   60
   57   57   54   52   46   44   39   39   39   44   47   52   50   49   44   42
   38   40   41   44   47   48   49   50   51   53   55   56   56   56   52   51
   47   49   49   57   66   80   94  111  125  138  148  159  168  176  180  183
  185  186  190  191  195  194  194  185  194                                   
    50.0-180.0 180.0   5.0 450.0                            LAT/LON1/LON2/DLON/H
  210  203  192  184  171  158  142  130  114  102   88   83   75   72   68   65
   61   57   54   49   46   42   41   41   46   51   57   59   60   54   52   47
   48   50   56   60   65   66   67   65   66   65   66   66   67   65   63   61
   60   61   63   70   80   94  107  122  134  146  155  166  174  184  189  194
  197  200  204  207  209  209  208  198  210                                   
    47.5-180.0 180.0   5.0 450.0                            LAT/LON1/LON2/DLON/H
  230  228  217  209  194  179  162  144  125  109   93   85   78   76   72   69
   61   58   51   49   44   45   44   49   53   62   66   70   67   64   59   57
   57   63   69   77   81   83   81   78   75   74   74   74   74   74   71   71
   70   73   77   85   95  109  120  133  143  154  161  169  178  187  194  201
  206  211  216  220  225  222  221  211  230                                   
    45.0-180.0 180.0   5.0 450.0                            LAT/LON1/LON2/DLON/H
  240  237  228  227  215  202  182  164  140  123  104   94   85   83   77   71
   62   56   50   47   47   49   53   58   66   73   79   80   79   74   71   68
   71   77   86   93   99   99   97   90   87   84   85   84   86   84   84   83
   84   87   93  102  114  125  136  146  154  162  167  174  182  191  199  207
  212  217  222  226  229  230  229  219  240                                   
    42.5-180.0 180.0   5.0 450.0                            LAT/LON1/LON2/DLON/H
  243  243  236  235  226  215  197  177  155  134  114  103   92   89   79   74
   62   57   51   53   53   60   63   71   75   83   85   87   84   81   76   76
   78   85   93  101  105  105  101   95   90   89   90   92   92   93   91   93
   94  101  109  118  129  139  147  156  164  168  171  176  184  191  199  206
  212  217  222  225  229  229  229  219  243                                   
    40.0-180.0 180.0   5.0 450.0                            LAT/LON1/LON2/DLON/H
  234  231  226  228  222  214  199  186  164  146  125  114  103   97   88   80
   69   63   60   63   68   74   79   83   87   90   90   89   88   83   81   79
   83   88   97  103  107  106  104   98   97   96  100  101  105  104  104  103
  107  113  123  133  144  154  161  169  175  178  180  185  191  198  204  210
  213  216  219  222  222  224  224  212  234                                   
    37.5-180.0 180.0   5.0 450.0                            LAT/LON1/LON2/DLON/H
  222  219  213  210  206  200  193  181  166  149  133  121  111  105   95   87
   78   75   74   81   85   92   93   95   93   92   89   87   83   81   79   79
   81   85   93   96  101  101   99   95   95   99  103  108  111  113  111  114
  118  126  135  146  157  168  175  182  188  189  191  193  199  203  210  212
  215  216  220  220  219  218  218  205  222                                   
    35.0-180.0 180.0   5.0 450.0                            LAT/LON1/LON2/DLON/H
  216  210  197  190  183  181  175  171  160  150  137  128  120  114  106   99
   92   91   93   99  104  108  107  103   97   92   86   82   80   79   79   78
   80   84   88   93   97   98  100   99  104  108  115  118  124  121  120  119
  124  131  142  155  167  178  185  193  199  203  205  208  212  216  221  224
  226  227  230  226  224  223  226  211  216                                   
    32.5-180.0 180.0   5.0 450.0                            LAT/LON1/LON2/DLON/H
  230  222  201  182  169  162  157  153  149  142  134  128  122  118  111  107
  102  104  105  112  114  117  113  106   97   89   83   79   78   79   81   81
   83   83   87   88   93   96   99  102  106  115  119  124  124  125  121  123
  127  135  147  160  173  187  195  205  213  219  224  228  233  237  244  245
  249  250  254  250  247  245  249  235  230                                   
    30.0-180.0 180.0   5.0 450.0                            LAT/LON1/LON2/DLON/H
  263  254  224  197  175  159  150  144  139  136  130  127  123  121  116  115
  113  114  115  118  118  117  113  105   97   91   86   84   86   89   92   93
   92   91   89   92   96  100  105  109  116  121  127  128  128  123  119  119
  124  132  146  162  177  193  206  219  230  239  247  251  258  264  274  281
  288  291  295  291  289  288  289  276  263                                   
    27.5-180.0 180.0   5.0 450.0                            LAT/LON1/LON2/DLON/H
  329  323  278  240  211  183  165  149  140  134  129  124  120  118  115  114
  112  113  111  112  107  107  104  101   99   98   98   99  104  107  112  110
  109  103  102   99  103  104  110  113  117  122  122  122  117  114  110  112
  116  128  143  162  178  198  212  229  242  255  261  270  278  291  307  321
  330  340  349  348  354  359  359  337  329                                   
    25.0-180.0 180.0   5.0 450.0                            LAT/LON1/LON2/DLON/H
  422  423  382  323  273  232  199  173  154  143  133  128  121  119  114  114
  111  108  102   97   91   90   93   98  105  113  119  124  130  134  136  135
  130  125  117  113  113  115  117  118  118  117  115  110  104  100   97  100
  110  122  144  165  187  208  225  240  255  267  278  287  303  321  342  360
  378  390  404  412  425  443  451  421  422                                   
    22.5-180.0 180.0   5.0 450.0                            LAT/LON1/LON2/DLON/H
  527  537  494  439  381  320  266  220  191  168  153  139  129  121  113  110
  102   97   84   76   69   73   85  101  120  136  150  156  163  165  167  163
  158  146  135  122  119  116  118  114  111  103   99   92   87   84   85   91
  104  121  145  171  197  221  241  258  276  290  300  314  331  352  378  404
  425  443  459  472  490  513  533  501  527                                   
    20.0-180.0 180.0   5.0 450.0                            LAT/LON1/LON2/DLON/H
  624  640  618  569  512  442  367  296  239  207  181  163  147  136  124  116
  105   93   76   65   61   69   90  117  145  167  184  193  199  197  196  191
  179  167  147  131  122  115  111  106   98   92   85   79   73   72   71   81
   96  120  149  181  211  240  263  288  309  322  334  343  363  386  415  448
  474  494  515  529  549  581  600  586  624                                   
    17.5-180.0 180.0   5.0 450.0                            LAT/LON1/LON2/DLON/H
  669  707  695  675  635  562  477  393  318  263  229  199  180  161  147  132
  117  101   82   71   70   85  115  146  180  205  224  230  231  226  220  209
  193  174  153  132  122  109  104   92   85   74   69   61   61   57   63   72
   94  120  156  192  227  259  292  316  342  355  367  376  398  422  454  484
  510  531  552  563  588  621  646  639  669                                   
    15.0-180.0 180.0   5.0 450.0                            LAT/LON1/LON2/DLON/H
  688  731  729  726  712  661  590  494  409  343  285  246  219  200  182  166
  150  133  117  106  110  126  156  187  218  242  260  261  257  247  232  217
  193  174  151  133  120  108   99   91   79   73   62   60   56   58   60   76
   96  129  165  205  242  280  314  344  369  384  395  408  430  458  484  508
  533  552  570  583  607  646  669  672  688                                   
    12.5-180.0 180.0   5.0 450.0                            LAT/LON1/LON2/DLON/H
  667  713  723  736  738  708  660  577  494  419  357  309  273  245  225  208
  195  179  169  162  172  186  214  239  264  279  286  282  270  253  234  214
  189  166  147  130  120  105  101   89   81   70   64   56   56   54   62   78
  103  136  174  214  256  292  329  356  385  399  417  431  458  477  500  519
  541  555  571  579  601  634  660  667  667                                   
    10.0-180.0 180.0   5.0 450.0                            LAT/LON1/LON2/DLON/H
  627  671  690  717  737  722  695  625  557  487  429  377  337  307  282  263
  246  235  230  234  247  263  282  297  306  307  301  287  267  245  222  201
  177  158  143  128  119  110  105   99   89   82   73   68   64   61   69   84
  111  145  182  222  264  298  335  363  389  407  425  444  468  488  508  525
  540  553  562  572  587  612  629  646  627                                   
     7.5-180.0 180.0   5.0 450.0                            LAT/LON1/LON2/DLON/H
  575  608  640  673  705  709  698  645  592  536  485  440  399  367  343  324
  312  304  306  318  332  346  351  345  336  319  301  279  255  234  211  189
