data/unet/pred2930.15i
     1.0            IONOSPHERE MAPS     GNSS                IONEX VERSION / TYPE
pyspatialgeodesy        IME             05-JAN-18 20:20     PGM / RUN BY / DATE 
Map Name                                                    COMMENT             
Predicted global ionosphere maps (GIM).                     DESCRIPTION         
  2015    10    20     0     0     0                        EPOCH OF FIRST MAP  
  2015    10    21     0     0     0                        EPOCH OF LAST MAP   
  7200                                                      INTERVAL            
    13                                                      # OF MAPS IN FILE   
  NONE                                                      MAPPING FUNCTION    
10.0                                                        ELEVATION CUTOFF    
One-way carrier phase leveled to code                       OBSERVABLES USED    
  6371.0                                                    BASE RADIUS         
 2                                                          MAP DIMENSION       
   450.0 450.0   0.0                                        HGT1 / HGT2 / DHGT  
    87.5 -87.5  -2.5                                        LAT1 / LAT2 / DLAT  
  -180.0 180.0   5.0                                        LON1 / LON2 / DLON  
    -1                                                      EXPONENT            
                                                            END OF HEADER       
[from data line 5148]
    13                                                      START OF TEC MAP    
  2015    10    21     0     0     0                        EPOCH OF CURRENT MAP
    87.5-180.0 180.0   5.0 450.0                            LAT/LON1/LON2/DLON/H
  137  105  100   94   96   91   94   90   95   91   95   91   95   91   94   90
   94   90   93   89   92   88   90   85   88   83   85   80   83   78   81   76
   80   76   80   76   81   77   81   78   82   80   84   81   86   83   87   85
   89   87   91   89   93   91   95   92   96   93   95   92   96   92   95   91
   94   91   94   92  100   98  109  135  137                                   
    85.0-180.0 180.0   5.0 450.0                            LAT/LON1/LON2/DLON/H
  115   97   94   92   91   85   89   85   90   86   90   86   91   87   90   86
   89   85   87   82   85   79   80   74   75   69   68   62   63   57   57   52
   55   50   53   50   54   52   56   55   60   60   64   64   69   69   73   73
   78   77   82   81   86   86   89   89   93   92   94   92   95   93   94   91
   94   90   93   90   99   92   99  112  115                                   
    82.5-180.0 180.0   5.0 450.0                            LAT/LON1/LON2/DLON/H
  107   92   94   91   90   83   87   84   89   87   92   89   94   91   95   90
   94   88   91   84   86   79   79   71   71   62   62   53   54   46   48   41
   45   39   44   39   46   42   48   46   54   52   60   59   66   65   71   70
   77   75   81   80   86   85   91   90   96   95   99   96  101   98  101   97
  101   96  100   97  104   98  103  112  107                                   
    80.0-180.0 180.0   5.0 450.0                            LAT/LON1/LON2/DLON/H
  115  106  104  103   97   96   97   99  102  104  107  109  111  112  113  112
  111  108  106  101   98   93   88   83   79   72   68   63   60   55   54   50
   51   47   49   47   51   50   54   54   60   60   66   66   73   72   77   77
   82   81   85   85   90   91   96   98  104  106  109  111  115  116  117  117
  118  117  116  117  118  113  114  122  115                                   
    77.5-180.0 180.0   5.0 450.0                            LAT/LON1/LON2/DLON/H
  130  118  116  113  108  106  108  111  115  118  122  125  128  128  128  126
  124  120  116  111  107  102   98   92   88   82   79   74   71   66   64   60
   59   55   55   52   54   53   57   57   62   62   67   68   72   72   75   74
   76   75   78   79   82   84   89   93   98  103  108  113  116  120  122  125
  126  127  127  128  129  124  124  131  130                                   
    75.0-180.0 180.0   5.0 450.0                            LAT/LON1/LON2/DLON/H
  138  131  129  127  121  120  122  125  129  134  138  142  144  144  143  139
  134  128  123  116  112  107  102   98   94   91   88   85   82   79   76   72
   69   65   62   59   58   57   59   60   63   65   68   69   72   71   72   70
   70   68   69   69   72   74   79   84   91   98  105  111  117  122  126  130
  132  135  136  138  139  136  135  142  138                                   
    72.5-180.0 180.0   5.0 450.0                            LAT/LON1/LON2/DLON/H
  152  144  144  140  134  133  133  136  141  146  151  154  156  154  151  144
  137  128  121  113  108  104  101   98   97   96   95   94   93   92   90   86
   82   77   71   66   64   61   62   61   64   65   68   69   70   69   68   64
   62   58   58   57   59   62   67   73   81   88   97  104  113  119  124  129
  132  136  138  142  146  146  146  154  152                                   
    70.0-180.0 180.0   5.0 450.0                            LAT/LON1/LON2/DLON/H
  160  156  156  154  148  146  145  148  151  157  161  164  163  159  153  143
  133  122  114  106  101   97   95   94   95   96   98  100  101  102  100   98
   93   87   80   73   68   64   62   62   63   65   67   68   68   67   64   59
   55   50   49   48   50   53   60   66   76   84   94  102  111  117  123  128
  133  137  141  145  151  153  156  165  160                                   
    67.5-180.0 180.0   5.0 450.0                            LAT/LON1/LON2/DLON/H
  172  168  169  166  159  157  156  158  162  166  169  169  167  160  150  138
  125  113  104   96   91   87   85   85   87   89   92   95   98  100  100   98
   94   87   80   72   65   60   58   57   58   59   62   63   64   61   58   53
   48   43   42   41   44   48   56   65   76   85   96  104  113  119  124  127
  132  135  139  143  150  154  159  171  172                                   
    65.0-180.0 180.0   5.0 450.0                            LAT/LON1/LON2/DLON/H
  178  176  181  178  170  168  166  168  170  174  176  175  170  161  149  135
  121  108   99   91   86   81   80   78   79   81   83   87   90   93   93   91
   87   80   73   65   59   53   51   50   52   54   57   59   60   59   55   51
   46   42   39   39   42   48   57   67   80   91  103  111  120  124  129  130
  134  135  139  142  149  153  161  173  178                                   
    62.5-180.0 180.0   5.0 450.0                            LAT/LON1/LON2/DLON/H
  185  183  187  183  176  173  171  173  176  179  180  178  173  163  149  135
  121  110  100   93   87   81   76   73   71   70   71   73   76   78   79   76
   73   66   60   52   48   43   42   41   44   47   51   53   56   54   53   49
   45   40   38   37   42   47   58   70   85   97  109  118  127  131  134  135
  136  136  138  140  146  151  158  172  185                                   
    60.0-180.0 180.0   5.0 450.0                            LAT/LON1/LON2/DLON/H
  189  188  193  189  181  178  174  176  178  182  182  181  175  166  153  141
  129  119  111  104   97   89   81   74   68   63   61   60   62   62   62   60
   58   53   49   43   40   37   37   37   41   44   48   52   54   55   54   51
   47   43   41   40   44   50   62   75   92  105  116  125  134  138  143  144
  146  144  145  145  148  151  159  172  189                                   
    57.5-180.0 180.0   5.0 450.0                            LAT/LON1/LON2/DLON/H
  199  197  199  194  186  181  177  176  179  182  184  183  179  171  161  152
  144  136  128  121  113  103   91   81   71   62   57   53   53   52   52   50
   49   45   42   39   37   36   37   39   43   46   51   53   56   56   56   53
   51   47   45   44   47   52   63   77   94  108  121  131  141  148  154  157
  160  159  158  157  157  159  164  175  199                                   
    55.0-180.0 180.0   5.0 450.0                            LAT/LON1/LON2/DLON/H
  210  208  212  206  196  189  182  180  181  183  185  185  182  177  170  165
  160  154  148  139  129  117  103   90   78   68   61   56   55   54   53   52
   51   49   47   46   45   46   47   49   53   56   59   61   62   62   62   60
   59   56   53   50   52   56   68   81   99  113  126  137  149  157  166  172
  177  178  179  177  175  174  179  187  210                                   
    52.5-180.0 180.0   5.0 450.0                            LAT/LON1/LON2/DLON/H
  228  225  229  222  211  202  193  188  187  187  188  187  186  183  181  178
  175  170  164  154  143  128  114  101   90   80   72   68   66   65   64   63
   63   61   60   60   61   62   63   65   67   69   71   71   72   70   71   69
   68   65   62   59   59   63   73   87  103  118  131  144  158  169  180  189
  196  201  202  202  201  199  199  207  228                                   
    50.0-180.0 180.0   5.0 450.0                            LAT/LON1/LON2/DLON/H
  245  242  250  244  233  222  212  204  198  195  193  191  190  188  188  187
  184  179  171  160  148  134  122  111  101   94   87   84   82   82   80   80
   78   77   77   78   79   81   82   83   84   85   86   85   85   83   83   82
   82   78   76   71   71   74   84   97  113  126  139  151  166  179  193  205
  215  225  230  232  231  228  226  234  245                                   
    47.5-180.0 180.0   5.0 450.0                            LAT/LON1/LON2/DLON/H
  264  261  270  268  259  249  237  226  217  209  203  198  196  195  196  194
  190  182  173  161  149  137  128  120  113  108  103  101   98   97   95   94
   92   92   92   94   96   97   98   98   98   98   99   98   97   95   96   95
   96   93   90   86   85   89   98  110  124  137  149  162  177  192  207  222
  234  246  253  259  260  258  252  262  264                                   
    45.0-180.0 180.0   5.0 450.0                            LAT/LON1/LON2/DLON/H
  272  276  286  288  283  278  266  255  242  230  219  210  206  204  203  199
  192  181  169  157  146  138  133  129  126  122  118  114  110  107  105  103
  102  100  102  104  107  109  110  109  110  110  111  111  111  109  110  109
  110  108  106  103  103  106  115  126  141  152  164  175  189  204  218  235
  247  261  270  280  284  285  279  285  272                                   
    42.5-180.0 180.0   5.0 450.0                            LAT/LON1/LON2/DLON/H
  277  282  295  300  301  298  293  283  270  254  240  227  221  216  213  205
  195  181  168  155  148  143  141  139  136  131  125  119  113  108  105  102
  102  101  104  108  112  114  116  115  117  117  120  121  122  121  121  120
  122  121  121  119  120  124  133  145  159  172  182  192  205  218  235  249
  259  269  279  291  299  300  297  301  277                                   
    40.0-180.0 180.0   5.0 450.0                            LAT/LON1/LON2/DLON/H
  272  282  294  301  304  308  307  304  293  277  261  246  239  232  226  215
  200  184  171  161  156  152  151  147  143  134  126  115  108  101   97   94
   95   96  102  107  113  117  119  119  122  124  129  131  133  131  131  130
  131  132  133  133  134  140  150  163  178  189  198  207  219  234  247  259
  265  273  281  293  304  308  306  309  272                                   
    37.5-180.0 180.0   5.0 450.0                            LAT/LON1/LON2/DLON/H
  273  279  292  297  301  307  315  316  311  297  283  267  260  251  245  228
  213  195  185  176  172  167  163  155  145  132  119  106   97   90   86   85
   87   90   98  105  114  119  122  123  126  129  135  138  141  138  137  135
  137  138  140  141  144  150  162  176  191  202  211  219  235  249  262  270
  272  275  281  291  303  308  308  313  273                                   
    35.0-180.0 180.0   5.0 450.0                            LAT/LON1/LON2/DLON/H
  275  282  291  295  295  306  315  322  321  314  300  287  279  271  262  246
  229  212  203  196  192  183  172  157  142  125  110   96   88   83   81   83
   87   93  102  111  119  125  127  130  133  137  142  146  147  144  140  137
  137  137  139  141  145  153  166  179  196  206  216  226  241  257  271  280
  281  283  286  294  305  311  318  321  275                                   
    32.5-180.0 180.0   5.0 450.0                            LAT/LON1/LON2/DLON/H
  296  296  304  301  298  304  315  323  328  324  317  305  301  290  283  264
  250  233  226  219  210  195  176  155  136  118  104   94   89   89   90   97
  103  110  119  127  133  138  139  142  143  146  149  151  151  146  140  133
  131  129  129  129  135  144  158  173  191  203  215  227  244  262  279  290
  294  297  301  309  320  327  332  337  296                                   
    30.0-180.0 180.0   5.0 450.0                            LAT/LON1/LON2/DLON/H
  324  325  328  316  307  309  314  325  332  335  330  324  317  308  296  281
  266  253  245  235  219  197  172  147  130  117  110  108  109  115  119  128
  134  140  147  151  154  156  156  156  156  155  156  156  153  146  138  129
  123  118  115  115  120  130  144  160  179  194  207  221  239  260  283  302
  313  321  330  339  351  360  374  371  324                                   
    27.5-180.0 180.0   5.0 450.0                            LAT/LON1/LON2/DLON/H
  371  373  372  353  335  326  326  330  340  343  344  338  335  322  311  293
  280  265  255  237  215  187  160  140  130  129  133  142  152  163  170  176
  181  182  184  182  180  178  175  172  167  165  161  158  152  144  133  122
  115  106  102   98  104  111  126  143  164  181  197  213  235  259  288  313
  332  346  361  375  390  399  415  411  371                                   
    25.0-180.0 180.0   5.0 450.0                            LAT/LON1/LON2/DLON/H
  433  436  432  408  387  365  351  349  354  359  359  357  349  339  322  304
  286  269  252  228  199  170  149  139  144  159  175  194  210  223  231  236
  234  228  221  213  206  201  194  189  180  172  164  157  149  139  128  117
  106   98   90   87   89   98  111  131  151  171  187  208  231  260  291  325
  353  375  396  413  430  443  471  466  433                                   
    22.5-180.0 180.0   5.0 450.0                            LAT/LON1/LON2/DLON/H
  497  505  499  477  450  417  393  378  379  379  379  373  367  352  337  312
  293  268  243  211  180  155  145  153  175  205  234  263  283  294  300  295
  288  271  255  237  223  214  206  197  184  172  161  151  142  132  122  111
  101   89   82   76   79   89  105  126  151  173  194  214  240  268  301  335
  370  398  424  441  462  479  512  519  497                                   
    20.0-180.0 180.0   5.0 450.0                            LAT/LON1/LON2/DLON/H
  550  566  557  536  512  479  448  429  422  419  411  405  390  378  356  333
  306  275  239  201  173  156  164  189  228  274  313  341  356  359  356  340
  323  299  276  252  232  219  208  198  184  168  155  143  134  125  118  109
   98   85   74   68   71   81  103  128  158  187  211  235  261  287  318  352
  393  428  457  476  496  516  558  573  550                                   
    17.5-180.0 180.0   5.0 450.0                            LAT/LON1/LON2/DLON/H
  587  604  601  582  559  530  500  478  469  458  453  439  425  405  387  361
  335  294  253  211  187  183  205  248  304  358  392  406  406  391  375  349
  325  297  272  244  224  211  201  191  177  160  145  133  125  119  114  105
   92   79   70   62   66   79  104  138  175  209  238  265  289  311  339  372
  416  453  485  507  528  551  589  607  587                                   
    15.0-180.0 180.0   5.0 450.0                            LAT/LON1/LON2/DLON/H
  607  625  622  614  599  573  549  530  520  510  500  487  470  452  429  411
  380  341  294  253  234  242  282  341  398  440  452  446  425  398  370  337
  309  277  252  224  208  198  190  184  172  156  140  128  122  116  111  100
   90   75   67   61   68   86  117  157  198  235  268  295  319  339  365  399
  442  480  512  534  554  578  615  628  607                                   
    12.5-180.0 180.0   5.0 450.0                            LAT/LON1/LON2/DLON/H
  613  630  634  632  626  609  592  574  564  554  543  528  517  500  488  469
  446  405  362  324  314  334  384  438  478  493  480  447  411  368  334  300
  274  244  223  204  194  190  185  184  172  157  141  128  122  116  109  101
   90   79   69   65   74   98  134  174  217  256  290  315  339  361  386  420
  457  494  521  545  566  584  616  626  613                                   
    10.0-180.0 180.0   5.0 450.0                            LAT/LON1/LON2/DLON/H
  612  627  636  647  652  647  636  623  616  604  592  575  564  553  549  541
  521  487  444  416  411  444  485  527  534  516  474  420  369  318  284  251
  232  211  204  194  192  190  190  188  178  163  148  134  127  115  110  100
   95   83   76   73   86  113  150  188  230  267  302  328  356  379  407  437
  472  503  531  552  571  584  613  614  612                                   
     7.5-180.0 180.0   5.0 450.0                            LAT/LON1/LON2/DLON/H
  604  619  638  657  672  677  677  671  667  659  644  626  611  603  606  607
  599  569  529  508  509  539  570  579  556  504  440  368  307  263  233  210
