data/unet/pred0070.15i
     1.0            IONOSPHERE MAPS     GNSS                IONEX VERSION / TYPE
pyspatialgeodesy        IME             05-JAN-18 20:20     PGM / RUN BY / DATE 
Map Name                                                    COMMENT             
Predicted global ionosphere maps (GIM).                     DESCRIPTION         
  2015     1     7     0     0     0                        EPOCH OF FIRST MAP  
  2015     1     8     0     0     0                        EPOCH OF LAST MAP   
  7200                                                      INTERVAL            
    13                                                      # OF MAPS IN FILE   
  NONE                                                      MAPPING FUNCTION    
10.0                                                        ELEVATION CUTOFF    
One-way carrier phase leveled to code                       OBSERVABLES USED    
  6371.0                                                    BASE RADIUS         
 2                                                          MAP DIMENSION       
   450.0 450.0   0.0                                        HGT1 / HGT2 / DHGT  
    87.5 -87.5  -2.5                                        LAT1 / LAT2 / DLAT  
  -180.0 180.0   5.0                                        LON1 / LON2 / DLON  
    -1                                                      EXPONENT            
                                                            END OF HEADER       
[from data line 3861]
    10                                                      START OF TEC MAP    
  2015     1     7    18     0     0                        EPOCH OF CURRENT MAP
    87.5-180.0 180.0   5.0 450.0                            LAT/LON1/LON2/DLON/H
  119   84   81   85   83   85   84   87   88   90   92   94   95   95   96   95
   97   96   99   97  100   99  101  100  102  100  102  101  102  100  101   98
  100   96   98   94   96   91   93   88   90   86   88   85   86   84   85   84
   84   84   84   85   84   85   85   86   83   85   83   84   82   83   80   81
   79   80   79   81   82   82   90  105  119                                   
    85.0-180.0 180.0   5.0 450.0                            LAT/LON1/LON2/DLON/H
   72   72   71   75   74   76   75   78   80   83   84   88   89   92   93   95
   96   97   98   99  100  101  101  103  103  104  104  105  105  105  105  105
  104  104  103  102  100   99   96   95   91   91   86   87   83   85   79   82
   78   82   78   81   78   82   78   81   78   81   77   79   75   77   72   75
   70   73   69   73   71   72   82   95   72                                   
    82.5-180.0 180.0   5.0 450.0                            LAT/LON1/LON2/DLON/H
   66   61   61   63   64   64   65   67   69   73   77   81   85   88   93   96
   98  101  101  105  104  107  105  108  107  109  108  110  108  111  108  111
  108  110  106  107  102  103   96   97   90   91   85   86   81   83   78   80
   77   80   77   79   78   80   79   80   79   80   79   79   76   76   72   71
   69   68   66   66   65   62   65   68   66                                   
    80.0-180.0 180.0   5.0 450.0                            LAT/LON1/LON2/DLON/H
   63   59   57   60   60   62   62   65   67   71   74   79   82   87   91   94
   97   98  101  102  102  103  103  104  104  105  105  107  106  108  108  109
  108  108  106  106  102  101   97   95   90   88   85   83   82   81   80   80
   82   83   84   85   87   87   89   88   90   89   90   87   87   84   83   79
   77   74   70   68   63   58   62   63   63                                   
    77.5-180.0 180.0   5.0 450.0                            LAT/LON1/LON2/DLON/H
   54   56   53   54   52   52   53   57   59   65   68   76   80   87   93   97
  101  103  106  107  107  106  106  105  104  104  104  105  105  106  106  107
  107  107  107  106  103  102   99   96   93   90   88   86   86   86   87   88
   90   92   94   94   97   97   99   99  101  100  101   99   97   94   92   88
   84   81   77   73   67   58   58   57   54                                   
    75.0-180.0 180.0   5.0 450.0                            LAT/LON1/LON2/DLON/H
   58   58   54   56   53   55   53   58   59   66   71   80   85   95  100  109
  110  115  113  117  111  112  105  106  100  100   97   97   97   98   99  101
  101  102  102  102   98   97   93   91   88   86   83   83   83   85   86   90
   93   96   98  100  101  103  104  105  105  106  105  104  102  101   97   94
   89   87   81   79   70   62   62   66   58                                   
    72.5-180.0 180.0   5.0 450.0                            LAT/LON1/LON2/DLON/H
   57   59   58   57   54   52   52   55   59   65   73   82   94  103  116  122
  130  129  133  129  126  120  115  108  103   97   94   91   91   91   93   94
   97   97   99   98   95   94   89   87   83   83   80   82   83   86   89   91
   96   98  102  102  106  105  108  106  108  107  108  105  106  102  101   95
   93   89   87   82   76   67   68   66   57                                   
    70.0-180.0 180.0   5.0 450.0                            LAT/LON1/LON2/DLON/H
   65   69   64   66   61   62   59   63   65   71   79   89  104  118  134  145
  152  156  157  155  148  140  128  118  107   98   91   88   86   85   86   88
   89   91   92   92   88   88   82   82   76   78   75   79   79   85   85   92
   93   98   98  101  101  103  103  103  104  105  105  105  104  103  100   98
   95   93   88   87   79   73   74   75   65                                   
    67.5-180.0 180.0   5.0 450.0                            LAT/LON1/LON2/DLON/H
   63   71   69   69   65   61   61   64   68   75   86   99  118  135  156  171
  182  185  188  186  177  165  149  135  120  107   98   91   88   84   86   84
   87   86   87   86   83   81   75   75   69   71   69   74   74   81   83   88
   89   92   93   93   95   95   97   97   98   99  100  100  100   99   99   96
   94   91   89   85   81   74   77   73   63                                   
    65.0-180.0 180.0   5.0 450.0                            LAT/LON1/LON2/DLON/H
   66   76   72   75   70   69   67   71   75   83   96  109  131  152  174  189
  204  208  217  217  213  199  178  156  135  121  107   99   92   90   87   86
   84   83   80   78   74   72   67   66   61   62   60   65   64   72   71   78
   75   80   76   78   77   78   79   81   84   86   88   89   90   90   89   88
   86   85   81   79   76   71   75   73   66                                   
    62.5-180.0 180.0   5.0 450.0                            LAT/LON1/LON2/DLON/H
   57   70   70   72   68   66   69   74   79   89  104  122  145  167  192  209
  227  236  246  253  245  233  209  185  159  141  127  116  110  103  100   96
   91   85   80   74   69   65   61   57   54   54   53   56   55   58   58   61
   59   60   57   57   56   58   60   64   68   71   74   76   77   77   78   75
   75   71   71   68   68   62   71   62   57                                   
    60.0-180.0 180.0   5.0 450.0                            LAT/LON1/LON2/DLON/H
   55   66   66   68   65   67   70   77   87   97  115  132  156  177  202  220
  242  253  271  277  276  262  241  215  186  164  146  136  127  121  116  111
  102   94   83   76   68   62   57   53   50   48   48   49   47   50   47   49
   43   44   39   41   38   42   42   48   52   57   60   62   64   64   64   62
   63   60   60   58   56   52   63   52   55                                   
    57.5-180.0 180.0   5.0 450.0                            LAT/LON1/LON2/DLON/H
   42   56   59   61   62   64   71   81   96  110  128  144  166  184  211  229
  252  270  285  296  291  284  264  242  215  191  173  162  153  146  141  132
  122  107   95   82   71   62   56   52   48   46   46   46   45   45   43   42
   37   35   32   31   30   32   35   38   44   48   53   53   56   54   55   52
   55   51   52   49   48   46   55   38   42                                   
    55.0-180.0 180.0   5.0 450.0                            LAT/LON1/LON2/DLON/H
   42   51   51   55   56   65   75   90  108  127  146  162  180  196  221  238
  264  280  303  308  308  298  284  263  241  219  199  189  177  172  163  153
  140  125  109   94   83   71   64   58   56   51   52   49   48   45   42   41
   36   34   31   30   30   32   36   40   45   50   51   53   51   52   50   50
   51   50   50   47   45   43   52   33   42                                   
    52.5-180.0 180.0   5.0 450.0                            LAT/LON1/LON2/DLON/H
   28   46   47   49   54   66   84  103  126  146  166  180  195  208  232  248
  275  293  310  319  314  309  293  278  260  241  225  214  204  197  184  173
  157  141  123  108   94   83   73   67   64   60   59   57   54   51   46   45
   41   39   38   37   38   39   43   48   54   56   59   56   56   52   53   51
   53   51   53   49   49   46   53   28   28                                   
    50.0-180.0 180.0   5.0 450.0                            LAT/LON1/LON2/DLON/H
   38   53   49   55   59   76   96  121  149  173  192  204  217  225  245  258
  286  301  321  322  323  312  303  287  276  260  247  236  225  218  202  187
  172  154  139  123  111   98   91   83   79   74   73   69   68   62   60   56
   53   52   50   51   50   53   56   62   65   68   67   64   60   58   57   58
   60   61   61   59   55   53   58   37   38                                   
    47.5-180.0 180.0   5.0 450.0                            LAT/LON1/LON2/DLON/H
   37   56   55   59   68   87  110  141  170  197  213  224  236  245  262  277
  298  312  324  331  326  320  306  295  281  271  260  250  239  229  212  197
  180  164  148  136  123  114  105   98   93   88   85   82   79   75   72   71
   69   69   68   69   69   70   75   79   83   82   81   75   72   67   68   68
   72   71   72   69   67   63   68   48   37                                   
    45.0-180.0 180.0   5.0 450.0                            LAT/LON1/LON2/DLON/H
   56   70   69   73   84  103  132  163  199  225  241  251  261  268  283  293
  309  319  331  332  332  321  313  300  291  280  272  258  249  235  218  201
  186  170  157  144  137  128  122  114  110  103  101   95   94   89   87   86
   84   85   84   85   83   86   87   92   92   93   89   85   79   77   76   79
   82   85   85   83   78   76   76   64   56                                   
    42.5-180.0 180.0   5.0 450.0                            LAT/LON1/LON2/DLON/H
   57   74   78   83   99  120  148  184  218  244  260  275  285  295  304  314
  321  330  333  339  335  330  317  308  295  287  274  263  249  234  216  201
  185  172  159  151  144  138  132  125  119  113  108  104  100   97   95   94
   93   93   94   94   94   93   96   97  101   99   97   91   88   84   86   85
   90   89   91   88   87   82   86   72   57                                   
    40.0-180.0 180.0   5.0 450.0                            LAT/LON1/LON2/DLON/H
   71   86   90   98  118  139  174  210  245  268  286  298  306  317  323  329
  335  337  341  342  342  333  327  314  304  292  282  266  252  233  214  201
  187  175  165  156  154  147  145  136  131  122  118  111  109  103  101   98
   96   96   95   96   93   94   94   97  100  101  100   96   92   91   90   91
   93   94   94   91   89   86   90   73   71                                   
    37.5-180.0 180.0   5.0 450.0                            LAT/LON1/LON2/DLON/H
   62   82   93  105  127  151  186  220  252  277  298  316  328  338  342  346
  346  347  348  351  349  344  333  324  310  301  286  273  254  236  217  205
  193  184  176  169  164  160  154  147  138  130  122  116  112  106  102   97
   94   92   91   91   89   89   90   92   98   99  100   97   95   92   92   89
   90   87   87   84   86   82   90   68   62                                   
    35.0-180.0 180.0   5.0 450.0                            LAT/LON1/LON2/DLON/H
   62   84   94  112  135  165  199  234  265  292  314  333  345  357  360  363
  362  360  361  357  359  350  344  329  320  307  298  283  267  249  233  221
  213  205  199  190  187  178  174  163  155  143  135  127  122  113  107   99
   93   91   87   89   85   86   85   88   92   97   98   97   95   92   90   86
   83   81   78   75   76   76   81   60   62                                   
    32.5-180.0 180.0   5.0 450.0                            LAT/LON1/LON2/DLON/H
   41   67   89  110  137  168  202  234  263  292  317  340  359  371  376  377
  375  372  370  370  367  360  350  339  327  319  309  300  284  274  261  256
  245  241  230  222  214  205  197  186  174  162  151  143  134  124  115  103
   96   90   88   88   87   87   88   90   93   96   96   95   92   88   84   78
   74   69   68   65   69   65   73   44   41                                   
    30.0-180.0 180.0   5.0 450.0                            LAT/LON1/LON2/DLON/H
   31   61   78  109  139  180  211  249  270  304  322  350  363  381  385  387
  383  376  375  369  371  358  355  338  335  326  324  316  311  304  300  296
  293  284  277  262  252  237  229  215  202  191  182  174  165  153  140  125
  113  106  102  101  100  102  102  106  105  107  105  102   95   90   82   77
   70   66   59   60   59   58   61   33   31                                   
    27.5-180.0 180.0   5.0 450.0                            LAT/LON1/LON2/DLON/H
   13   50   77  112  148  187  219  250  276  305  327  350  370  383  393  392
  390  379  376  370  367  358  353  343  340  337  338  338  338  342  344  347
  342  334  320  306  289  277  260  247  233  221  212  205  196  183  167  151
  138  129  124  122  121  121  122  122  121  118  114  109  102   94   88   81
   75   66   62   57   59   50   55   21   13                                   
    25.0-180.0 180.0   5.0 450.0                            LAT/LON1/LON2/DLON/H
   17   54   73  118  155  207  230  272  288  328  340  368  375  392  392  397
  390  379  375  362  364  351  352  339  345  343  355  361  376  384  396  399
  402  392  379  358  339  317  300  281  266  255  245  240  231  221  204  190
  174  164  156  154  148  148  143  142  135  133  125  121  113  105   97   90
   83   77   71   69   63   55   56   19   17                                   
    22.5-180.0 180.0   5.0 450.0                            LAT/LON1/LON2/DLON/H
   20   61   88  129  177  217  251  283  309  337  355  369  382  393  399  404
  402  388  380  368  365  356  354  350  353  362  379  398  421  441  455  463
  459  449  428  414  387  364  339  319  299  285  273  269  259  251  235  224
  209  200  189  180  174  170  166  157  150  136  131  118  114  101   97   85
   85   82   88   84   83   68   70   28   20                                   
    20.0-180.0 180.0   5.0 450.0                            LAT/LON1/LON2/DLON/H
   38   81  101  144  195  239  268  307  331  371  381  405  394  414  405  420
  412  402  393  376  380  365  369  358  372  382  414  438  473  489  510  500
  502  484  475  449  423  397  369  349  329  314  299  293  285  280  268  261
  244  241  229  223  212  207  201  188  174  157  143  131  121  110  103   93
   91   90   92   99   93   83   81   41   38                                   
    17.5-180.0 180.0   5.0 450.0                            LAT/LON1/LON2/DLON/H
   52  101  125  165  216  249  285  312  351  382  405  410  418  424  431  436
  434  421  415  404  402  390  388  385  400  423  459  485  514  532  544  538
  533  518  501  482  448  417  383  361  339  329  313  314  302  305  291  290
  278  282  274  268  252  246  233  222  200  179  161  146  134  122  113  106
  107  104  109  107  110  103   98   55   52                                   
    15.0-180.0 180.0   5.0 450.0                            LAT/LON1/LON2/DLON/H
   67  119  140  189  241  279  316  348  386  426  443  467  456  477  466  474
  464  456  446  434  436  419  422  419  446  466  496  521  551  564  574  565
  562  539  521  497  463  433  396  373  347  338  318  322  312  316  309  310
  306  310  306  299  283  269  254  237  216  192  172  155  142  132  125  115
  113  110  112  113  110  108  106   63   67                                   
    12.5-180.0 180.0   5.0 450.0                            LAT/LON1/LON2/DLON/H
   76  128  156  205  256  296  334  366  418  455  484  493  501  512  516  520
  511  499  485  468  473  462  469  469  492  509  534  554  581  590  597  587
  575  550  528  504  473  441  403  377  348  335  315  311  303  305  306  313
  312  321  316  313  293  280  260  246  224  203  179  162  148  138  131  123
  121  118  120  119  116  112  106   72   76                                   
    10.0-180.0 180.0   5.0 450.0                            LAT/LON1/LON2/DLON/H
   77  136  160  223  275  325  362  404  454  497  530  550  550  573  570  576
  566  549  536  513  517  504  515  516  541  556  571  586  598  604  606  594
  575  551  524  507  470  446  402  377  341  328  300  297  285  294  293  297
  299  303  303  294  282  265  255  239  228  204  189  167  156  142  136  125
  122  117  117  114  111  104  102   70   77                                   
     7.5-180.0 180.0   5.0 450.0                            LAT/LON1/LON2/DLON/H
   79  132  164  227  283  332  376  419  474  512  550  567  587  608  621  634
  627  615  588  567  561  547  555  562  582  596  604  608  617  612  612  590
