data/unet/pred0160.15i
     1.0            IONOSPHERE MAPS     GNSS                IONEX VERSION / TYPE
pyspatialgeodesy        IME             05-JAN-18 20:20     PGM / RUN BY / DATE 
Map Name                                                    COMMENT             
Predicted global ionosphere maps (GIM).                     DESCRIPTION         
  2015     1    16     0     0     0                        EPOCH OF FIRST MAP  
  2015     1    17     0     0     0                        EPOCH OF LAST MAP   
  7200                                                      INTERVAL            
    13                                                      # OF MAPS IN FILE   
  NONE                                                      MAPPING FUNCTION    
10.0                                                        ELEVATION CUTOFF    
One-way carrier phase leveled to code                       OBSERVABLES USED    
  6371.0                                                    BASE RADIUS         
 2                                                          MAP DIMENSION       
   450.0 450.0   0.0                                        HGT1 / HGT2 / DHGT  
    87.5 -87.5  -2.5                                        LAT1 / LAT2 / DLAT  
  -180.0 180.0   5.0                                        LON1 / LON2 / DLON  
    -1                                                      EXPONENT            
                                                            END OF HEADER       
[from data line 1716]
     5                                                      START OF TEC MAP    
  2015     1    16     8     0     0                        EPOCH OF CURRENT MAP
    87.5-180.0 180.0   5.0 450.0                            LAT/LON1/LON2/DLON/H
   18   36   39   40   44   44   48   47   51   50   54   53   56   56   58   57
   59   58   60   58   60   59   60   59   59   59   59   58   59   58   58   58
   58   57   56   55   55   53   53   50   50   47   48   44   46   43   44   41
   43   41   43   41   41   40   41   39   39   38   38   36   37   35   36   34
   35   35   37   37   39   36   39   33   18                                   
    85.0-180.0 180.0   5.0 450.0                            LAT/LON1/LON2/DLON/H
   25   50   49   58   57   61   62   66   66   69   68   72   70   73   71   74
   70   73   69   73   68   72   67   72   67   73   67   73   67   73   66   72
   67   72   66   71   65   69   64   67   62   66   60   63   58   61   56   58
   53   56   50   53   47   52   46   48   43   45   40   43   38   41   38   40
   38   41   40   42   43   41   42   30   25                                   
    82.5-180.0 180.0   5.0 450.0                            LAT/LON1/LON2/DLON/H
   29   50   49   55   54   59   60   66   65   70   67   73   68   73   68   73
   67   71   66   70   65   69   65   70   65   70   66   71   67   71   67   71
   67   71   67   70   66   69   65   67   63   66   62   64   60   63   57   59
   54   57   50   53   47   51   43   45   38   41   33   35   29   33   27   31
   26   31   28   32   30   31   33   23   29                                   
    80.0-180.0 180.0   5.0 450.0                            LAT/LON1/LON2/DLON/H
   34   53   47   52   53   58   60   65   64   68   66   70   66   70   64   68
   63   66   61   64   60   62   60   63   62   63   64   65   67   65   68   66
   69   67   69   67   69   67   69   67   69   68   69   68   70   69   70   68
   70   68   69   66   65   63   60   57   54   51   47   43   40   37   34   33
   31   31   30   29   30   25   31   25   34                                   
    77.5-180.0 180.0   5.0 450.0                            LAT/LON1/LON2/DLON/H
   38   59   50   50   52   55   58   61   61   62   62   63   61   61   58   58
   55   54   53   53   52   51   52   53   54   56   58   60   60   61   61   63
   62   63   63   64   64   66   67   68   70   71   74   75   79   80   85   85
   88   87   89   86   87   83   83   77   75   69   66   59   56   50   48   43
   41   38   39   35   36   31   38   23   38                                   
    75.0-180.0 180.0   5.0 450.0                            LAT/LON1/LON2/DLON/H
   43   57   49   53   53   58   58   62   60   62   60   62   58   59   54   55
   51   51   49   49   47   48   48   50   51   54   55   56   57   58   58   59
   59   60   61   63   64   67   68   71   74   78   83   87   93   98  103  107
  111  113  116  115  116  114  111  106  101   95   89   82   76   69   66   60
   56   52   49   46   45   38   42   31   43                                   
    72.5-180.0 180.0   5.0 450.0                            LAT/LON1/LON2/DLON/H
   49   65   52   51   52   54   55   57   56   57   54   55   51   51   46   46
   43   43   42   43   43   44   45   47   48   52   52   56   54   56   53   55
   52   55   54   57   57   61   64   69   73   80   87   97  106  116  125  130
  136  139  145  144  145  141  138  130  125  116  109   99   92   83   80   73
   70   64   62   56   54   48   52   38   49                                   
    70.0-180.0 180.0   5.0 450.0                            LAT/LON1/LON2/DLON/H
   47   59   49   50   50   51   52   54   54   54   53   52   50   48   45   44
   42   42   43   43   44   46   48   51   53   56   57   57   56   55   53   52
   50   49   51   52   55   57   65   69   78   90  101  114  126  138  149  157
  165  171  177  177  178  173  169  158  151  140  130  118  109   99   94   86
   83   75   72   65   63   52   57   46   47                                   
    67.5-180.0 180.0   5.0 450.0                            LAT/LON1/LON2/DLON/H
   49   66   50   47   48   47   48   49   49   50   48   49   45   45   40   41
   38   41   41   44   45   48   50   54   56   59   59   60   55   55   50   49
   45   44   43   46   48   54   61   69   82   94  110  125  140  154  167  178
  187  196  202  204  204  199  194  182  171  157  146  133  123  111  104   95
   90   82   78   69   67   59   62   48   49                                   
    65.0-180.0 180.0   5.0 450.0                            LAT/LON1/LON2/DLON/H
   46   59   47   44   46   44   46   46   48   48   49   48   46   46   43   42
   42   43   45   48   51   54   56   60   62   63   62   61   58   55   49   47
   42   40   40   42   47   53   64   76   92  109  125  143  157  173  187  196
  208  216  225  226  227  221  213  200  188  175  161  148  136  126  114  105
   96   87   80   72   68   59   62   49   46                                   
    62.5-180.0 180.0   5.0 450.0                            LAT/LON1/LON2/DLON/H
   42   59   44   43   42   41   43   44   46   47   45   47   44   46   42   44
   41   45   45   49   50   54   56   60   60   63   61   61   56   54   47   45
   39   37   37   40   47   56   68   84  104  120  141  157  174  188  201  212
  221  230  236  237  235  230  221  207  197  185  172  157  147  134  122  110
  100   86   80   68   65   57   58   44   42                                   
    60.0-180.0 180.0   5.0 450.0                            LAT/LON1/LON2/DLON/H
   38   52   41   38   37   36   38   40   42   43   44   46   45   46   45   45
   46   46   48   50   52   55   57   59   60   61   59   58   54   51   46   45
   40   39   40   45   53   67   81  100  120  141  157  177  191  204  215  226
  235  239  243  246  243  237  226  216  205  196  182  171  157  146  130  115
  101   87   76   66   60   51   51   41   38                                   
    57.5-180.0 180.0   5.0 450.0                            LAT/LON1/LON2/DLON/H
   37   51   40   37   35   34   36   38   39   41   41   45   43   47   44   48
   45   47   45   48   46   51   50   54   52   55   51   52   47   48   43   44
   40   42   44   53   65   81   99  118  139  156  175  192  209  222  231  240
  243  249  250  251  247  242  233  224  215  206  196  184  171  156  139  120
  104   86   75   62   57   49   51   37   37                                   
    55.0-180.0 180.0   5.0 450.0                            LAT/LON1/LON2/DLON/H
   36   46   42   37   33   35   32   36   35   38   37   41   41   46   46   48
   48   48   47   46   46   47   48   49   49   48   46   45   43   45   43   46
   45   49   54   70   84  104  122  142  161  176  195  212  229  239  249  254
  258  258  257  257  254  249  238  233  224  219  210  201  188  172  151  131
  108   90   76   64   58   48   49   39   36                                   
    52.5-180.0 180.0   5.0 450.0                            LAT/LON1/LON2/DLON/H
   46   51   50   46   42   39   36   38   35   37   35   40   39   45   45   48
   46   47   43   43   40   43   42   45   43   45   40   42   39   43   42   48
   48   55   64   84  103  125  146  163  181  197  215  230  245  256  262  268
  272  272  269  266  260  254  246  240  235  229  223  212  202  183  161  138
  116   95   82   69   64   54   56   43   46                                   
    50.0-180.0 180.0   5.0 450.0                            LAT/LON1/LON2/DLON/H
   53   57   59   55   53   50   44   42   37   37   35   39   40   44   46   49
   50   48   46   44   44   43   46   47   46   45   42   41   41   43   45   51
   55   64   76  101  125  149  168  187  203  219  233  246  261  267  275  276
  280  276  270  268  262  258  249  248  242  240  232  225  211  193  171  150
  126  105   91   80   75   63   64   52   53                                   
    47.5-180.0 180.0   5.0 450.0                            LAT/LON1/LON2/DLON/H
   72   76   72   69   67   65   58   54   46   44   39   42   40   46   46   49
   48   48   46   46   45   48   49   54   51   51   46   45   42   46   47   54
   57   69   85  115  143  169  191  208  224  234  246  257  267  276  281  284
  288  281  276  270  264  257  253  248  244  240  235  223  212  191  172  150
  132  114  103   92   87   77   77   62   72                                   
    45.0-180.0 180.0   5.0 450.0                            LAT/LON1/LON2/DLON/H
   80   87   80   78   79   78   72   67   59   53   49   49   49   52   53   55
   57   55   55   55   57   61   65   67   66   62   58   53   52   51   54   57
   63   74   96  128  158  188  210  229  242  250  259  266  277  282  290  290
  290  280  274  267  260  256  248  247  241  238  229  219  203  187  167  151
  134  122  112  103   98   86   85   70   80                                   
    42.5-180.0 180.0   5.0 450.0                            LAT/LON1/LON2/DLON/H
   88   96   89   87   87   88   85   82   73   68   61   61   59   61   61   62
   63   62   63   65   68   75   78   82   79   77   69   66   60   60   58   61
   65   78  101  134  171  200  227  242  257  263  268  274  283  290  297  294
  293  283  276  265  259  251  245  239  236  230  222  207  194  175  158  140
  132  122  117  107  101   92   90   76   88                                   
    40.0-180.0 180.0   5.0 450.0                            LAT/LON1/LON2/DLON/H
   85   92   85   86   90   92   91   90   83   80   74   74   73   74   73   74
   75   75   77   82   87   93   97   99   96   89   84   76   72   67   66   66
   71   82  109  143  180  214  239  258  271  278  282  288  299  303  311  305
  304  294  286  276  269  262  251  247  240  235  222  211  194  177  157  142
  132  124  117  110  103   91   87   72   85                                   
    37.5-180.0 180.0   5.0 450.0                            LAT/LON1/LON2/DLON/H
   79   91   82   82   87   92   93   94   90   89   85   87   87   88   87   88
   88   89   92   97  102  108  113  112  109  100   93   87   81   76   73   72
   77   87  112  143  184  216  247  267  280  288  294  304  313  320  324  320
  322  314  311  299  293  282  274  266  259  252  241  226  211  188  167  145
  136  126  119  107  100   87   85   67   79                                   
    35.0-180.0 180.0   5.0 450.0                            LAT/LON1/LON2/DLON/H
   67   79   67   69   74   84   87   91   89   90   90   95   97   99   99  101
  102  104  107  113  118  123  125  122  116  106   99   92   88   83   79   81
   85   98  118  149  186  221  250  275  288  300  309  318  333  337  346  343
  351  348  348  341  337  329  317  310  299  291  279  265  247  223  196  170
  152  138  127  113  102   84   80   59   67                                   
    32.5-180.0 180.0   5.0 450.0                            LAT/LON1/LON2/DLON/H
   61   70   62   62   66   74   78   82   82   86   89   98  101  106  107  110
  113  114  120  123  128  131  131  124  118  107  102   96   93   88   87   87
   95  103  124  149  184  218  250  278  295  307  321  334  349  357  368  372
  384  387  397  396  399  390  383  371  361  348  333  314  294  267  240  208
  184  161  147  129  115   92   82   56   61                                   
    30.0-180.0 180.0   5.0 450.0                            LAT/LON1/LON2/DLON/H
   60   59   57   57   60   68   69   72   74   76   83   92  100  106  110  114
  120  123  128  132  134  135  131  123  113  102   96   94   92   93   91   96
  102  117  136  166  189  220  247  280  300  319  336  351  372  383  400  407
  426  433  451  460  473  473  476  466  461  445  436  419  396  357  318  280
  248  218  192  167  137  106   80   70   60                                   
    27.5-180.0 180.0   5.0 450.0                            LAT/LON1/LON2/DLON/H
   84   63   52   41   49   53   61   65   66   68   75   87   95  105  108  116
  122  125  131  132  135  131  126  116  103   94   90   90   93   93   94   99
  106  121  144  175  196  222  250  281  306  330  349  371  392  414  436  452
  477  492  522  539  570  585  589  581  565  551  537  524  501  463  420  374
  338  302  265  225  186  145  112  102   84                                   
    25.0-180.0 180.0   5.0 450.0                            LAT/LON1/LON2/DLON/H
  135  109   87   58   52   43   47   48   55   59   69   77   92   98  104  112
  121  125  129  131  130  125  116  104   92   85   82   85   89   96   96  104
  112  133  159  194  213  235  255  286  311  341  369  396  428  450  480  501
  542  564  603  626  648  656  661  658  649  640  632  626  608  579  527  478
  428  390  345  320  275  237  181  162  135                                   
    22.5-180.0 180.0   5.0 450.0                            LAT/LON1/LON2/DLON/H
  221  205  175  135  105   81   66   56   56   59   69   79   88   97  100  108
  115  119  124  123  122  115  105   96   86   79   80   82   91   97   96  105
  119  140  175  203  227  245  264  293  319  355  385  421  454  482  517  550
  591  625  669  689  707  721  724  720  712  706  702  699  687  657  610  567
  525  482  442  395  351  313  288  249  221                                   
    20.0-180.0 180.0   5.0 450.0                            LAT/LON1/LON2/DLON/H
  316  312  276  230  185  141  120   91   83   72   78   87   97   98  101  106
  112  115  118  117  114  107  100   92   87   78   82   85   94   95   98  106
  124  150  184  219  241  255  277  304  334  369  412  443  483  508  551  583
  634  671  705  719  737  740  745  736  733  727  735  735  731  705  661  618
  573  545  512  487  434  402  353  339  316                                   
    17.5-180.0 180.0   5.0 450.0                            LAT/LON1/LON2/DLON/H
  412  390  358  336  283  234  190  155  135  120  110  110  116  112  111  112
  114  115  115  115  109  106  100   94   90   86   87   90   93   94   99  102
  123  156  195  228  248  267  291  322  350  394  428  465  496  531  572  607
  646  686  710  723  730  728  725  720  715  720  727  735  735  715  679  640
  602  576  552  534  509  468  434  425  412                                   
    15.0-180.0 180.0   5.0 450.0                            LAT/LON1/LON2/DLON/H
  446  434  402  377  351  305  262  215  193  163  146  139  133  132  128  123
  122  117  116  112  111  107  105   98   98   93   93   94   91   93   96  108
  129  166  201  230  254  278  307  341  374  407  445  477  516  547  594  617
  660  682  703  703  706  692  687  682  679  680  690  698  706  691  666  634
  605  582  569  557  540  515  472  457  446                                   
    12.5-180.0 180.0   5.0 450.0                            LAT/LON1/LON2/DLON/H
  456  447  428  418  400  378  329  277  241  213  193  176  168  153  150  140
  138  129  126  120  116  109  102   94   92   97  101  100   97   92   97  109
  128  164  198  231  258  289  323  363  392  426  456  489  524  563  593  619
  643  660  661  664  660  648  634  632  628  635  640  653  660  656  642  621
  600  583  573  565  554  523  486  472  456                                   
    10.0-180.0 180.0   5.0 450.0                            LAT/LON1/LON2/DLON/H
  437  429  423  419  412  391  367  317  283  245  224  204  189  175  159  149
  136  129  121  119  107   96   81   86   88  102  102  103   96   93   96  108
  127  161  195  229  263  300  341  377  414  440  473  500  537  563  595  607
  632  632  637  624  620  598  589  589  590  595  602  611  622  625  622  611
  596  584  572  565  550  517  474  458  437                                   
     7.5-180.0 180.0   5.0 450.0                            LAT/LON1/LON2/DLON/H
  395  401  400  406  400  390  368  342  314  280  258  233  216  192  180  156
  149  122  121  103   98   75   73   76   93  104  109  104   97   97   97  104
