data/unet/pred0280.15i
     1.0            IONOSPHERE MAPS     GNSS                IONEX VERSION / TYPE
pyspatialgeodesy        IME             05-JAN-18 20:20     PGM / RUN BY / DATE 
Map Name                                                    COMMENT             
Predicted global ionosphere maps (GIM).                     DESCRIPTION         
  2015     1    28     0     0     0                        EPOCH OF FIRST MAP  
  2015     1    29     0     0     0                        EPOCH OF LAST MAP   
  7200                                                      INTERVAL            
    13                                                      # OF MAPS IN FILE   
  NONE                                                      MAPPING FUNCTION    
10.0                                                        ELEVATION CUTOFF    
One-way carrier phase leveled to code                       OBSERVABLES USED    
  6371.0                                                    BASE RADIUS         
 2                                                          MAP DIMENSION       
   450.0 450.0   0.0                                        HGT1 / HGT2 / DHGT  
    87.5 -87.5  -2.5                                        LAT1 / LAT2 / DLAT  
  -180.0 180.0   5.0                                        LON1 / LON2 / DLON  
    -1                                                      EXPONENT            
                                                            END OF HEADER       
[from data line 2145]
     6                                                      START OF TEC MAP    
  2015     1    28    10     0     0                        EPOCH OF CURRENT MAP
    87.5-180.0 180.0   5.0 450.0                            LAT/LON1/LON2/DLON/H
   60   82   76   76   75   77   78   80   79   81   80   81   79   80   78   79
   77   78   75   76   73   74   71   72   68   70   66   67   63   65   62   63
   60   62   60   60   58   60   59   60   59   61   61   61   60   62   61   62
   60   62   61   62   61   62   60   61   60   61   59   61   60   61   60   62
   62   64   64   68   69   70   72   74   60                                   
    85.0-180.0 180.0   5.0 450.0                            LAT/LON1/LON2/DLON/H
   89   87   87   95   89   93   91   99   96  102   98  102   96  100   93   96
   90   93   87   89   83   87   81   86   80   85   80   84   80   84   80   85
   81   85   82   85   82   85   83   85   82   83   80   81   78   77   75   75
   71   71   68   69   65   67   64   65   63   65   63   65   64   67   65   69
   69   73   73   76   79   83   84   73   89                                   
    82.5-180.0 180.0   5.0 450.0                            LAT/LON1/LON2/DLON/H
   78   89   91   96   95   94   99   99  102  100  101   98   97   93   91   88
   85   83   80   79   76   77   73   75   73   77   75   79   78   81   80   83
   82   84   84   85   84   86   84   86   83   85   82   84   79   80   75   76
   70   71   65   65   60   60   56   57   53   55   51   53   51   55   53   58
   57   62   63   69   72   78   81   71   78                                   
    80.0-180.0 180.0   5.0 450.0                            LAT/LON1/LON2/DLON/H
   76   82   87   90   90   89   94   95   98   96   96   92   90   86   83   77
   74   71   67   66   63   62   61   61   61   63   64   67   68   71   73   75
   78   79   83   83   86   86   89   87   90   88   90   87   87   84   83   80
   78   75   71   68   64   62   57   56   52   51   49   48   48   48   49   51
   53   56   59   62   67   69   74   67   76                                   
    77.5-180.0 180.0   5.0 450.0                            LAT/LON1/LON2/DLON/H
   61   73   80   87   84   90   89   95   92   94   89   88   81   78   73   69
   65   61   59   56   55   52   53   52   54   54   57   57   61   62   67   68
   73   76   82   84   88   90   95   96   98   99   99  101   98   99   96   96
   91   90   85   82   77   73   70   66   63   59   57   53   52   50   52   51
   55   55   59   60   66   66   71   56   61                                   
    75.0-180.0 180.0   5.0 450.0                            LAT/LON1/LON2/DLON/H
   57   63   73   75   77   79   83   87   86   89   84   84   76   74   67   65
   58   57   51   52   47   48   46   48   47   51   51   55   55   60   61   67
   69   75   79   85   87   95   96  104  105  114  114  120  116  122  118  119
  114  113  108  104   98   92   87   80   74   68   63   59   57   54   54   55
   56   59   60   63   63   66   71   52   57                                   
    72.5-180.0 180.0   5.0 450.0                            LAT/LON1/LON2/DLON/H
   51   58   65   71   71   77   78   82   81   83   80   77   72   67   63   59
   54   52   49   48   47   49   49   49   50   51   52   53   54   55   57   60
   65   70   77   83   92   97  107  112  121  127  135  139  143  145  147  144
  142  139  135  130  124  117  111  102   95   86   79   73   70   66   66   64
   65   65   66   64   65   64   68   50   51                                   
    70.0-180.0 180.0   5.0 450.0                            LAT/LON1/LON2/DLON/H
   49   48   58   60   65   69   74   76   79   79   79   75   71   67   63   58
   54   52   51   51   53   53   55   53   55   53   55   52   53   54   56   58
   66   71   82   88   99  106  116  125  134  147  152  162  167  173  174  172
  170  164  162  151  146  134  127  116  109   99   92   85   81   77   75   73
   72   71   70   69   66   64   68   47   49                                   
    67.5-180.0 180.0   5.0 450.0                            LAT/LON1/LON2/DLON/H
   46   50   53   58   60   66   70   74   75   75   76   71   70   65   63   58
   55   54   50   55   53   59   57   60   56   57   54   51   50   50   52   55
   63   73   80   94  101  114  123  136  147  161  172  184  191  195  198  195
  195  190  185  173  163  149  141  128  120  110  101   94   89   85   81   77
   75   73   72   69   66   61   64   46   46                                   
    65.0-180.0 180.0   5.0 450.0                            LAT/LON1/LON2/DLON/H
   47   47   50   53   55   62   67   72   73   75   75   74   71   70   66   64
   60   58   58   60   62   63   65   62   64   60   60   54   54   52   56   57
   69   77   89  101  111  124  134  147  158  175  187  201  210  214  218  216
  215  209  204  191  182  163  154  139  131  117  109   99   93   88   83   79
   75   74   71   70   64   61   65   43   47                                   
    62.5-180.0 180.0   5.0 450.0                            LAT/LON1/LON2/DLON/H
   49   53   50   55   56   63   65   71   71   72   73   70   72   68   69   65
   64   62   61   65   64   69   65   67   60   61   55   55   51   52   55   61
   71   85   96  112  120  135  142  160  173  190  205  216  226  228  232  232
  232  224  217  203  190  173  160  146  137  123  112  101   92   85   78   75
   69   68   66   64   62   58   62   45   49                                   
    60.0-180.0 180.0   5.0 450.0                            LAT/LON1/LON2/DLON/H
   49   51   51   54   54   61   60   67   67   69   68   69   68   69   67   67
   64   63   60   63   61   63   60   59   56   55   52   52   51   55   58   68
   79   95  109  127  136  148  157  172  188  199  216  225  234  237  241  242
  239  229  222  206  195  176  164  149  140  126  115  101   91   82   75   69
   64   62   60   63   59   58   64   44   49                                   
    57.5-180.0 180.0   5.0 450.0                            LAT/LON1/LON2/DLON/H
   54   58   54   56   54   59   57   63   60   64   63   65   64   65   65   61
   62   60   61   61   60   61   58   57   52   50   46   47   49   56   62   75
   88  106  125  141  155  166  176  191  204  217  227  235  240  243  248  249
  245  235  226  210  198  181  169  155  146  132  118  103   92   79   71   63
   58   55   56   56   58   58   62   47   54                                   
    55.0-180.0 180.0   5.0 450.0                            LAT/LON1/LON2/DLON/H
   58   58   57   57   55   58   54   59   56   59   58   59   61   60   61   60
   58   56   54   55   52   53   48   49   44   45   42   46   49   61   69   87
  101  125  141  162  170  184  193  209  219  231  238  245  249  254  257  258
  252  241  234  217  207  189  180  166  158  146  132  116  101   87   74   65
   59   55   54   59   59   62   66   52   58                                   
    52.5-180.0 180.0   5.0 450.0                            LAT/LON1/LON2/DLON/H
   69   68   62   62   57   58   55   59   55   59   56   60   59   60   59   56
   55   52   52   52   52   52   50   50   47   47   45   50   55   67   80   99
  117  139  159  176  188  202  211  227  234  245  249  255  259  264  268  265
  262  250  244  228  220  204  196  183  175  162  148  131  116   99   85   73
   65   61   61   62   65   68   71   63   69                                   
    50.0-180.0 180.0   5.0 450.0                            LAT/LON1/LON2/DLON/H
   77   70   68   64   60   61   58   61   57   61   58   60   57   58   57   56
   55   52   51   52   51   53   49   52   48   50   48   56   62   77   90  115
  132  159  174  197  204  220  226  240  245  254  258  266  268  275  275  274
  270  260  256  241  234  218  212  199  194  179  167  152  135  120  103   90
   80   74   71   73   73   77   79   72   77                                   
    47.5-180.0 180.0   5.0 450.0                            LAT/LON1/LON2/DLON/H
   88   81   74   72   65   67   65   68   66   68   65   65   63   61   61   57
   58   54   57   57   61   61   61   59   58   58   58   64   72   86  102  126
  145  169  186  206  218  231  237  247  250  259  265  271  276  277  281  275
  277  269  267  254  247  233  225  212  205  193  180  165  151  135  119  104
   94   87   81   80   82   85   88   85   88                                   
    45.0-180.0 180.0   5.0 450.0                            LAT/LON1/LON2/DLON/H
   96   82   79   74   71   74   73   78   76   80   74   75   68   68   64   64
   64   64   67   70   72   74   71   72   66   69   65   74   78   98  112  139
  156  182  198  221  229  243  247  257  259  268  271  279  280  285  285  285
  286  281  279  266  260  244  235  220  213  200  189  178  163  151  133  121
  106  101   90   90   88   90   93   90   96                                   
    42.5-180.0 180.0   5.0 450.0                            LAT/LON1/LON2/DLON/H
  100   88   81   79   74   80   83   90   91   93   89   87   82   79   76   74
   76   75   81   84   90   90   89   86   82   79   78   82   90  107  121  143
  160  183  202  224  237  249  253  262  262  271  274  280  284  286  289  286
  291  287  287  274  266  249  237  221  211  197  185  173  163  151  135  125
  112  105   93   92   90   91   96   96  100                                   
    40.0-180.0 180.0   5.0 450.0                            LAT/LON1/LON2/DLON/H
  100   83   80   77   79   84   92  100  102  105  100   99   91   90   84   84
   86   88   94   97  103  103  102   99   93   89   85   92   98  117  128  153
  166  192  207  232  245  258  265  272  272  280  282  289  290  293  293  295
  297  297  294  283  272  255  239  222  209  195  181  173  159  153  135  127
  112  106   93   92   86   87   90   89  100                                   
    37.5-180.0 180.0   5.0 450.0                            LAT/LON1/LON2/DLON/H
   96   84   78   78   77   85   92  103  109  112  109  108  101   99   95   94
   96   99  103  110  112  116  110  108  100   96   91   97  105  123  133  153
  166  190  210  235  250  264  272  279  282  288  292  297  300  301  303  302
  305  302  301  288  277  259  244  224  209  193  179  166  156  145  132  122
  110  102   87   84   81   79   83   83   96                                   
    35.0-180.0 180.0   5.0 450.0                            LAT/LON1/LON2/DLON/H
   91   76   74   73   77   84   97  104  112  115  115  113  110  105  103  101
  106  107  113  116  120  119  117  113  108  103  101  108  117  135  148  166
  178  201  219  245  262  276  286  294  298  307  315  322  323  326  325  327
  327  323  319  307  295  279  263  244  226  208  193  182  167  157  140  129
  115  105   90   87   79   75   75   70   91                                   
    32.5-180.0 180.0   5.0 450.0                            LAT/LON1/LON2/DLON/H
   85   78   70   73   72   81   87   98  105  111  111  114  109  110  105  108
  110  115  116  121  119  122  114  113  105  104  104  115  126  146  155  174
  185  206  228  255  271  289  300  311  320  332  344  354  359  357  358  354
  355  348  344  334  325  311  296  278  260  239  221  206  192  177  159  146
  132  121  106   98   89   78   76   70   85                                   
    30.0-180.0 180.0   5.0 450.0                            LAT/LON1/LON2/DLON/H
   81   70   67   64   65   73   81   89   97  102  107  109  109  108  110  111
  116  118  120  119  119  115  113  109  107  106  112  125  140  160  175  189
  201  219  240  266  286  305  320  336  347  366  383  395  400  401  398  395
  394  386  383  375  372  364  352  333  312  292  273  259  242  226  206  188
  173  159  146  135  115   98   88   74   81                                   
    27.5-180.0 180.0   5.0 450.0                            LAT/LON1/LON2/DLON/H
   88   86   76   73   68   71   73   80   84   93   96  102  102  107  106  111
  113  118  116  116  111  111  106  106  103  107  117  134  149  172  186  200
  215  232  255  281  303  323  341  363  378  399  418  430  438  436  437  430
  430  424  423  419  420  417  410  395  378  354  336  315  301  282  265  251
  238  221  204  183  163  132  116   91   88                                   
    25.0-180.0 180.0   5.0 450.0                            LAT/LON1/LON2/DLON/H
  100   94   88   79   74   74   72   74   78   86   93   97  100  101  105  107
  112  114  113  110  107  104  103  101  104  108  120  140  158  181  200  210
  229  247  270  294  319  342  362  390  406  428  449  465  471  473  474  474
  477  475  478  477  484  486  482  470  454  435  413  397  376  359  340  326
  315  301  286  258  227  187  157  127  100                                   
    22.5-180.0 180.0   5.0 450.0                            LAT/LON1/LON2/DLON/H
  129  129  113  107   94   90   83   77   79   83   89   94   96   99   98  104
  105  110  107  106  102  102  100  103  105  114  124  144  165  188  214  229
  254  270  292  316  339  369  389  421  437  460  481  495  505  507  513  516
  525  527  537  538  551  552  553  542  532  507  485  460  443  425  409  401
  389  382  362  332  297  259  219  171  129                                   
    20.0-180.0 180.0   5.0 450.0                            LAT/LON1/LON2/DLON/H
  168  177  157  137  127  112  103   88   90   84   93   93   97   94   96   95
  100  101  101   98   96   97   98  103  106  115  125  146  170  195  226  243
  272  292  313  339  361  394  412  443  463  488  511  528  539  544  549  559
  568  577  584  595  604  611  606  602  589  574  553  537  509  495  470  463
  447  443  427  399  364  319  283  231  168                                   
    17.5-180.0 180.0   5.0 450.0                            LAT/LON1/LON2/DLON/H
  221  223  206  191  171  151  130  117  107  101   99   98   98   95   94   93
   94   95   95   96   95   99  103  106  111  115  129  146  171  203  236  261
  287  309  328  370  386  427  437  475  487  518  538  557  564  572  581  593
  607  616  625  629  626  625  619  615  608  596  584  575  556  542  512  498
  472  471  452  433  403  375  343  280  221                                   
    15.0-180.0 180.0   5.0 450.0                            LAT/LON1/LON2/DLON/H
  258  264  248  235  218  190  163  137  132  115  115  103  106   98   98   91
   94   90   94   92   97  100  106  109  114  115  129  146  173  198  236  261
  294  326  351  394  415  447  461  490  513  540  564  580  586  591  600  611
  622  633  637  638  630  630  620  617  612  607  600  598  579  561  528  503
  465  456  440  423  399  385  375  317  258                                   
    12.5-180.0 180.0   5.0 450.0                            LAT/LON1/LON2/DLON/H
  295  291  277  264  248  223  192  167  150  139  128  120  113  107  105  101
   98   96   98   98  103  108  113  114  119  120  132  149  172  203  236  274
  301  341  372  424  439  471  478  511  523  550  568  584  586  595  604  612
  628  633  637  633  623  615  605  600  598  598  593  598  575  555  514  477
  437  421  402  390  377  379  386  333  295                                   
    10.0-180.0 180.0   5.0 450.0                            LAT/LON1/LON2/DLON/H
  309  313  302  292  277  248  222  196  177  155  145  127  122  113  112  104
  103  102  108  107  116  115  124  121  126  125  133  148  178  207  245  282
  310  353  391  437  456  482  495  515  535  562  583  591  601  598  605  605
  617  617  624  616  610  599  594  591  589  590  589  588  567  537  486  440
  400  380  362  350  343  357  380  334  309                                   
     7.5-180.0 180.0   5.0 450.0                            LAT/LON1/LON2/DLON/H
  321  318  307  305  287  263  236  213  194  174  158  142  134  126  125  116
  107  107  110  121  130  133  136  133  130  130  139  161  189  223  255  292
