data/unet/pred1360.15i
     1.0            IONOSPHERE MAPS     GNSS                IONEX VERSION / TYPE
pyspatialgeodesy        IME             05-JAN-18 20:20     PGM / RUN BY / DATE 
Map Name                                                    COMMENT             
Predicted global ionosphere maps (GIM).                     DESCRIPTION         
  2015     5    16     0     0     0                        EPOCH OF FIRST MAP  
  2015     5    17     0     0     0                        EPOCH OF LAST MAP   
  7200                                                      INTERVAL            
    13                                                      # OF MAPS IN FILE   
  NONE                                                      MAPPING FUNCTION    
10.0                                                        ELEVATION CUTOFF    
One-way carrier phase leveled to code                       OBSERVABLES USED    
  6371.0                                                    BASE RADIUS         
 2                                                          MAP DIMENSION       
   450.0 450.0   0.0                                        HGT1 / HGT2 / DHGT  
    87.5 -87.5  -2.5                                        LAT1 / LAT2 / DLAT  
  -180.0 180.0   5.0                                        LON1 / LON2 / DLON  
    -1                                                      EXPONENT            
                                                            END OF HEADER       
[from data line 1716]
     5                                                      START OF TEC MAP    
  2015     5    16     8     0     0                        EPOCH OF CURRENT MAP
    87.5-180.0 180.0   5.0 450.0                            LAT/LON1/LON2/DLON/H
  175  191  202  210  214  220  220  227  227  233  234  239  238  244  243  250
  247  254  252  258  254  260  256  260  256  259  255  257  251  252  248  249
  245  246  243  244  241  243  239  240  235  237  231  233  227  228  221  223
  216  218  212  214  207  209  203  204  198  198  193  193  189  188  185  185
  184  182  182  180  180  178  184  165  175                                   
    85.0-180.0 180.0   5.0 450.0                            LAT/LON1/LON2/DLON/H
  175  191  193  207  211  218  222  229  232  238  243  247  251  255  259  261
  264  266  269  270  272  271  273  271  272  269  271  266  267  263  264  260
  261  258  260  257  258  255  255  252  251  248  248  244  243  238  238  233
  232  226  226  220  219  213  211  205  204  197  195  189  188  183  182  179
  179  177  174  173  170  167  174  155  175                                   
    82.5-180.0 180.0   5.0 450.0                            LAT/LON1/LON2/DLON/H
  161  167  170  181  186  194  200  208  214  222  228  235  239  245  247  253
  254  259  258  262  260  263  260  261  258  258  255  254  252  250  249  248
  247  245  245  243  243  240  241  238  238  236  236  234  233  231  229  227
  224  222  219  217  213  210  205  202  197  193  186  183  178  173  169  166
  163  160  157  153  151  148  151  153  161                                   
    80.0-180.0 180.0   5.0 450.0                            LAT/LON1/LON2/DLON/H
  156  159  157  167  173  181  189  198  205  213  219  225  231  234  240  241
  246  245  248  247  248  246  245  241  240  237  235  232  231  228  228  227
  228  227  229  228  230  230  230  231  231  233  233  234  233  234  232  232
  230  229  227  224  221  218  214  209  206  200  196  189  186  179  174  168
  165  160  155  150  146  138  142  147  156                                   
    77.5-180.0 180.0   5.0 450.0                            LAT/LON1/LON2/DLON/H
  155  162  158  168  172  185  189  202  205  215  218  225  227  233  234  237
  237  239  237  237  233  232  225  223  216  215  210  210  207  207  206  208
  209  212  214  218  220  223  225  228  230  234  236  241  242  246  246  249
  248  250  247  247  243  242  238  236  232  228  222  219  213  207  200  195
  189  182  174  166  159  150  153  153  155                                   
    75.0-180.0 180.0   5.0 450.0                            LAT/LON1/LON2/DLON/H
  166  167  161  168  172  180  187  194  200  206  210  214  217  219  222  222
  223  222  222  219  216  210  206  199  194  189  186  184  183  185  186  189
  192  196  202  205  210  213  218  223  228  234  240  247  253  259  262  266
  266  268  266  266  262  263  259  259  254  252  246  245  238  235  228  224
  216  210  200  191  183  169  170  169  166                                   
    72.5-180.0 180.0   5.0 450.0                            LAT/LON1/LON2/DLON/H
  179  178  170  172  176  183  188  195  198  203  205  208  208  210  209  211
  210  211  209  207  202  197  188  182  171  168  162  163  162  168  170  177
  180  188  191  197  201  208  214  223  231  241  250  260  268  277  282  287
  287  288  286  285  282  281  278  277  273  271  266  264  260  257  252  248
  242  235  227  217  210  196  192  185  179                                   
    70.0-180.0 180.0   5.0 450.0                            LAT/LON1/LON2/DLON/H
  193  184  174  176  176  181  184  188  190  193  194  195  194  194  196  197
  199  200  202  199  197  190  184  173  164  156  153  151  154  158  165  171
  180  184  195  196  207  208  220  225  239  247  262  272  285  293  299  303
  302  303  299  298  292  292  287  287  282  280  275  275  271  269  263  263
  255  254  244  237  228  213  205  201  193                                   
    67.5-180.0 180.0   5.0 450.0                            LAT/LON1/LON2/DLON/H
  201  191  179  174  173  174  176  178  181  182  184  182  182  182  184  186
  189  193  194  195  191  186  176  169  156  151  146  148  149  157  164  175
  181  193  196  205  208  215  223  233  246  260  273  289  298  310  310  316
  310  312  303  302  294  292  285  282  278  274  271  270  269  267  266  265
  263  261  255  247  239  227  217  207  201                                   
    65.0-180.0 180.0   5.0 450.0                            LAT/LON1/LON2/DLON/H
  205  188  177  171  167  165  167  167  169  171  173  172  172  173  175  178
  183  187  192  192  193  187  182  170  163  152  152  146  155  156  171  175
  192  194  208  207  219  220  234  241  257  270  287  300  312  319  322  322
  317  313  305  299  290  284  277  272  267  263  260  259  259  259  257  261
  259  263  256  253  246  232  219  213  205                                   
    62.5-180.0 180.0   5.0 450.0                            LAT/LON1/LON2/DLON/H
  212  194  181  170  163  158  155  154  155  157  161  161  163  165  167  170
  174  181  183  188  185  184  175  170  161  157  154  154  159  166  177  188
  197  207  213  221  226  232  241  251  266  282  298  315  322  331  328  329
  320  317  305  299  288  281  271  265  259  253  249  247  247  246  247  250
  252  255  255  252  248  237  226  217  212                                   
    60.0-180.0 180.0   5.0 450.0                            LAT/LON1/LON2/DLON/H
  219  196  184  172  162  152  146  142  142  143  147  149  152  153  156  158
  163  167  175  176  179  175  174  165  163  154  159  153  165  165  183  186
  204  206  220  222  234  237  251  260  278  294  311  325  333  338  337  333
  326  319  309  300  289  281  271  264  257  250  245  241  240  237  239  241
  246  251  255  255  254  240  228  228  219                                   
    57.5-180.0 180.0   5.0 450.0                            LAT/LON1/LON2/DLON/H
  230  212  195  180  166  147  137  128  127  125  131  133  138  139  142  144
  146  151  155  159  157  157  152  152  149  150  151  155  162  171  181  195
  205  218  225  234  241  249  259  271  286  304  319  334  339  345  341  340
  332  328  318  312  301  294  283  275  265  257  250  246  244  240  241  242
  248  252  258  259  263  255  244  243  230                                   
    55.0-180.0 180.0   5.0 450.0                            LAT/LON1/LON2/DLON/H
  253  232  217  198  181  158  143  128  121  117  118  121  123  125  127  127
  129  130  134  135  137  136  135  135  138  140  147  149  160  167  180  190
  207  214  230  235  249  255  272  281  300  314  333  343  353  355  355  351
  347  342  337  331  323  317  307  297  287  277  270  264  262  257  256  254
  259  264  270  275  281  272  264  271  253                                   
    52.5-180.0 180.0   5.0 450.0                            LAT/LON1/LON2/DLON/H
  274  262  245  226  207  179  159  135  122  110  110  108  113  111  114  112
  114  113  116  115  115  113  113  117  122  132  138  149  154  168  176  195
  206  225  235  249  258  271  284  297  314  328  344  355  364  368  367  367
  363  363  357  356  348  345  334  327  316  310  302  297  294  288  285  281
  282  285  290  295  301  299  296  298  274                                   
    50.0-180.0 180.0   5.0 450.0                            LAT/LON1/LON2/DLON/H
  299  287  276  254  237  208  184  153  135  117  111  106  105  104  104  102
  102  101  102  101  100   98   98  105  113  127  138  150  158  169  179  196
  212  228  245  258  273  283  301  310  332  341  363  370  384  386  390  388
  387  386  384  381  375  369  360  352  343  336  332  328  325  319  315  308
  309  309  313  316  325  317  320  323  299                                   
    47.5-180.0 180.0   5.0 450.0                            LAT/LON1/LON2/DLON/H
  314  308  298  281  262  238  213  178  152  130  117  107  105  100  101   97
   98   95   96   94   91   88   89   95  107  126  138  154  161  176  184  204
  217  236  249  266  279  296  312  328  349  360  378  387  399  405  407  408
  405  406  400  401  390  388  375  371  359  358  353  353  351  347  343  334
  332  329  331  334  338  337  336  335  314                                   
    45.0-180.0 180.0   5.0 450.0                            LAT/LON1/LON2/DLON/H
  320  310  304  293  285  262  240  207  179  150  133  117  112  104  102  100
   99   98   98   96   92   89   90  100  112  133  148  165  175  188  199  214
  228  243  259  274  290  304  327  342  366  374  395  404  418  427  430  434
  431  431  424  422  411  403  390  381  371  368  364  364  366  363  361  353
  350  343  344  343  346  336  338  335  320                                   
    42.5-180.0 180.0   5.0 450.0                            LAT/LON1/LON2/DLON/H
  311  302  295  292  288  278  257  232  203  171  149  133  123  115  112  108
  109  106  107  104  101   97   98  106  119  140  155  174  184  199  208  224
  234  251  263  279  295  313  338  358  382  396  414  427  439  449  451  456
  451  451  440  439  424  417  399  395  382  380  372  374  373  375  373  366
  360  353  347  343  339  331  330  325  311                                   
    40.0-180.0 180.0   5.0 450.0                            LAT/LON1/LON2/DLON/H
  291  274  269  265  276  268  262  238  219  189  168  149  141  131  127  123
  122  121  122  118  115  113  115  124  136  155  170  186  199  210  221  231
  241  252  265  284  301  324  351  371  396  409  430  444  456  469  473  481
  477  477  466  464  449  440  424  413  400  393  384  382  381  382  380  375
  369  357  349  340  331  311  308  304  291                                   
    37.5-180.0 180.0   5.0 450.0                            LAT/LON1/LON2/DLON/H
  274  251  242  239  248  249  250  238  224  201  181  166  156  149  142  139
  138  135  136  133  131  128  131  138  148  164  179  196  208  220  228  240
  246  259  266  286  307  333  360  386  409  427  444  461  474  488  493  500
  498  499  488  486  472  470  453  446  433  420  410  401  399  394  393  385
  380  366  353  343  326  306  296  285  274                                   
    35.0-180.0 180.0   5.0 450.0                            LAT/LON1/LON2/DLON/H
  254  231  211  205  217  217  228  219  217  199  191  178  172  163  160  155
  154  151  152  148  147  146  150  156  166  178  193  204  216  221  227  234
  237  249  261  285  310  344  369  399  419  438  455  473  487  504  513  528
  531  538  535  536  529  531  520  512  497  481  461  449  436  427  419  411
  402  387  372  358  341  311  295  284  254                                   
    32.5-180.0 180.0   5.0 450.0                            LAT/LON1/LON2/DLON/H
  267  223  203  191  191  195  199  202  202  196  193  189  188  181  176  170
  167  164  163  159  159  158  165  173  184  198  210  219  226  229  229  234
  236  246  261  286  317  351  384  410  434  450  468  488  504  524  540  558
  572  588  601  604  605  604  605  600  590  567  545  512  492  474  464  454
  443  428  411  395  372  345  322  299  267                                   
    30.0-180.0 180.0   5.0 450.0                            LAT/LON1/LON2/DLON/H
  293  256  217  202  189  188  189  189  193  191  195  196  200  196  192  183
  179  175  173  169  172  174  184  192  204  211  219  218  219  215  217  219
  230  238  264  289  323  363  394  429  445  465  477  499  516  542  561  585
  613  634  652  669  679  688  687  689  677  663  640  613  580  563  540  532
  510  496  474  457  436  404  372  345  293                                   
    27.5-180.0 180.0   5.0 450.0                            LAT/LON1/LON2/DLON/H
  338  309  268  238  214  202  198  194  195  193  199  205  211  210  206  197
  191  184  182  178  183  187  199  211  219  225  223  218  210  207  205  215
  221  241  265  295  333  370  409  436  455  475  487  512  528  558  584  620
  654  685  719  744  770  781  789  788  784  767  744  716  684  660  628  612
  590  575  552  537  518  489  447  403  338                                   
    25.0-180.0 180.0   5.0 450.0                            LAT/LON1/LON2/DLON/H
  405  398  342  301  270  246  232  218  212  206  212  216  225  224  223  215
  209  200  198  195  201  208  219  225  230  225  219  203  196  190  196  203
  227  251  281  313  346  390  418  448  464  486  499  521  541  571  609  649
  692  732  781  819  853  874  883  888  879  868  839  817  783  762  734  718
  695  676  646  622  593  556  517  489  405                                   
    22.5-180.0 180.0   5.0 450.0                            LAT/LON1/LON2/DLON/H
  497  488  437  395  351  320  290  269  253  238  238  236  241  241  238  230
  223  213  209  207  214  220  232  236  237  229  218  201  187  186  183  209
  233  264  294  330  368  395  427  449  469  492  509  533  554  593  634  682
  730  779  828  874  907  932  942  949  945  928  908  886  862  841  815  798
  772  754  729  707  677  637  587  561  497                                   
    20.0-180.0 180.0   5.0 450.0                            LAT/LON1/LON2/DLON/H
  566  564  513  469  428  389  363  330  308  290  278  267  266  262  258  251
  243  233  227  226  228  233  239  243  240  228  208  186  175  170  188  216
  248  278  311  348  379  412  435  457  476  501  524  550  585  620  673  711
  762  805  855  892  925  945  957  963  958  949  932  922  906  895  875  855
  833  809  787  757  724  685  645  622  566                                   
    17.5-180.0 180.0   5.0 450.0                            LAT/LON1/LON2/DLON/H
  608  618  577  535  492  447  411  391  369  346  324  311  295  283  276  266
  257  243  239  233  238  240  250  248  244  223  200  175  161  166  190  219
  254  288  329  364  396  423  447  466  491  516  547  581  617  657  705  742
  782  821  854  881  903  918  927  933  934  928  925  919  920  911  900  882
  860  839  812  781  743  697  666  641  608                                   
    15.0-180.0 180.0   5.0 450.0                            LAT/LON1/LON2/DLON/H
  610  621  596  569  531  482  444  418  399  383  357  333  318  302  289  274
  268  257  250  247  249  253  257  253  242  215  188  159  157  160  193  223
  265  295  338  371  404  431  455  482  507  538  574  612  649  684  726  758
  790  814  839  855  867  876  883  888  887  884  884  890  897  901  895  882
  865  841  819  779  738  688  654  636  610                                   
    12.5-180.0 180.0   5.0 450.0                            LAT/LON1/LON2/DLON/H
  585  602  585  564  539  494  461  437  419  399  380  356  330  320  303  289
  275  264  257  248  253  254  253  242  225  193  167  148  147  158  192  229
  271  307  347  378  415  440  470  491  526  556  596  633  668  705  737  763
  786  800  813  818  826  832  836  841  838  835  836  846  863  870  871  857
  841  819  794  756  713  657  627  605  585                                   
    10.0-180.0 180.0   5.0 450.0                            LAT/LON1/LON2/DLON/H
  563  566  561  545  526  491  465  444  429  408  390  366  342  327  313  298
  283  268  260  252  253  248  245  224  200  166  147  132  139  150  190  223
  271  307  346  380  410  437  469  496  529  563  601  636  672  701  733  756
  775  786  791  795  798  804  804  809  804  800  802  816  831  842  840  826
  810  787  762  723  682  631  603  571  563                                   
     7.5-180.0 180.0   5.0 450.0                            LAT/LON1/LON2/DLON/H
  552  551  547  531  510  485  464  446  433  413  395  371  347  336  319  311
  289  275  258  249  241  234  220  199  172  145  132  126  128  148  179  219
