data/unet/pred2620.15i
     1.0            IONOSPHERE MAPS     GNSS                IONEX VERSION / TYPE
pyspatialgeodesy        IME             05-JAN-18 20:20     PGM / RUN BY / DATE 
Map Name                                                    COMMENT             
Predicted global ionosphere maps (GIM).                     DESCRIPTION         
  2015     9    19     0     0     0                        EPOCH OF FIRST MAP  
  2015     9    20     0     0     0                        EPOCH OF LAST MAP   
  7200                                                      INTERVAL            
    13                                                      # OF MAPS IN FILE   
  NONE                                                      MAPPING FUNCTION    
10.0                                                        ELEVATION CUTOFF    
One-way carrier phase leveled to code                       OBSERVABLES USED    
  6371.0                                                    BASE RADIUS         
 2                                                          MAP DIMENSION       
   450.0 450.0   0.0                                        HGT1 / HGT2 / DHGT  
    87.5 -87.5  -2.5                                        LAT1 / LAT2 / DLAT  
  -180.0 180.0   5.0                                        LON1 / LON2 / DLON  
    -1                                                      EXPONENT            
                                                            END OF HEADER       
[from data line 1287]
     4                                                      START OF TEC MAP    
  2015     9    19     6     0     0                        EPOCH OF CURRENT MAP
    87.5-180.0 180.0   5.0 450.0                            LAT/LON1/LON2/DLON/H
   66  102  100   98   98   95   96   95   98   96   98   97   99   98   99   98
   99   97   98   96   96   95   95   93   94   92   93   91   91   90   91   89
   90   89   90   89   90   89   91   90   92   90   93   90   93   91   93   90
   93   90   92   89   92   90   92   89   92   89   91   89   92   89   91   89
   91   90   92   91   94   91  107   67   66                                   
    85.0-180.0 180.0   5.0 450.0                            LAT/LON1/LON2/DLON/H
   88  101   88   91   89   87   88   89   90   90   90   91   91   92   92   93
   92   93   92   92   90   90   88   88   85   85   83   84   81   82   81   81
   80   81   80   81   80   80   80   80   81   81   82   82   83   83   84   84
   85   85   86   86   87   87   88   88   89   89   89   89   89   89   88   89
   88   88   87   89   86   83   98   96   88                                   
    82.5-180.0 180.0   5.0 450.0                            LAT/LON1/LON2/DLON/H
   77   84   81   82   82   80   83   83   86   85   88   87   90   89   91   90
   91   89   90   88   87   84   84   81   79   76   76   74   73   71   72   71
   72   71   73   72   75   74   76   77   79   80   80   82   83   84   84   86
   86   87   88   89   90   91   91   92   92   92   92   91   91   89   89   87
   87   85   86   84   81   76   86   75   77                                   
    80.0-180.0 180.0   5.0 450.0                            LAT/LON1/LON2/DLON/H
   76   79   73   72   69   70   70   72   72   74   74   76   76   79   79   81
   80   81   79   79   75   75   70   70   65   65   60   62   57   60   57   61
   59   63   62   65   65   68   68   71   71   74   75   77   79   81   83   85
   88   88   91   90   93   92   94   93   95   93   95   93   93   90   90   87
   86   84   83   82   79   72   75   73   76                                   
    77.5-180.0 180.0   5.0 450.0                            LAT/LON1/LON2/DLON/H
   71   71   64   62   61   61   60   62   61   63   63   66   66   69   69   73
   72   74   71   72   68   67   62   61   55   55   51   51   50   51   51   52
   53   56   56   60   59   63   61   66   65   69   69   75   75   80   81   86
   87   90   90   93   93   95   94   96   95   97   95   97   94   94   90   91
   86   86   83   82   77   69   75   69   71                                   
    75.0-180.0 180.0   5.0 450.0                            LAT/LON1/LON2/DLON/H
   74   71   65   59   55   54   52   53   50   52   52   55   55   59   59   64
   63   66   64   66   60   60   53   53   45   46   41   43   40   43   44   47
   49   52   53   55   56   58   58   61   62   66   67   72   74   79   83   87
   90   92   95   97   98   99  100  100  101  100  101  101  100   99   98   96
   92   91   89   87   83   76   79   76   74                                   
    72.5-180.0 180.0   5.0 450.0                            LAT/LON1/LON2/DLON/H
   77   71   61   57   53   50   47   45   43   42   42   44   46   50   53   57
   59   61   62   62   58   56   50   47   41   38   36   36   36   39   40   44
   44   50   49   54   52   55   54   58   58   63   64   72   74   82   83   92
   94   99  100  104  103  105  103  105  104  105  105  105  104  104  103  103
   99   98   95   94   89   81   85   81   77                                   
    70.0-180.0 180.0   5.0 450.0                            LAT/LON1/LON2/DLON/H
   83   76   68   59   53   48   44   40   37   35   35   35   38   41   45   49
   53   57   58   59   55   53   47   43   36   33   31   31   31   33   36   39
   43   46   49   51   53   51   54   55   59   62   67   72   78   86   90   97
  101  104  105  107  106  106  106  106  107  106  108  107  109  107  108  107
  107  105  105  102   99   90   92   92   83                                   
    67.5-180.0 180.0   5.0 450.0                            LAT/LON1/LON2/DLON/H
   90   80   70   63   56   50   45   40   36   33   32   31   33   35   41   45
   51   55   57   58   55   53   47   43   36   33   31   31   31   34   36   41
   42   46   46   50   49   51   50   55   57   63   67   77   82   93   97  104
  106  109  108  110  107  108  105  107  106  108  108  110  110  112  111  113
  111  112  111  112  108   98   99   98   90                                   
    65.0-180.0 180.0   5.0 450.0                            LAT/LON1/LON2/DLON/H
   96   86   78   67   59   53   47   41   37   33   31   29   31   33   37   42
   46   50   52   53   51   49   45   41   35   33   30   30   29   31   33   36
   39   41   44   45   46   47   49   52   58   63   71   82   89   98  102  108
  109  110  109  109  106  105  102  104  103  104  105  107  108  110  111  112
  112  113  114  115  113  105  106  106   96                                   
    62.5-180.0 180.0   5.0 450.0                            LAT/LON1/LON2/DLON/H
  102   90   79   72   62   56   48   43   38   34   32   29   31   31   35   39
   44   46   49   50   49   46   42   39   35   32   30   29   29   29   30   32
   35   37   38   40   42   44   47   52   59   68   77   88   95  103  107  112
  112  113  110  111  107  107  101  102  101  101  101  102  104  106  107  109
  110  112  114  116  115  108  108  109  102                                   
    60.0-180.0 180.0   5.0 450.0                            LAT/LON1/LON2/DLON/H
  105   92   85   73   64   57   51   45   40   36   34   31   31   30   32   35
   38   39   41   41   40   39   36   36   33   33   30   31   28   28   26   28
   29   31   33   36   39   43   48   53   63   72   82   92  100  107  111  114
  115  115  114  113  111  111  106  107  105  105  104  106  106  108  107  108
  109  110  113  115  115  110  111  112  105                                   
    57.5-180.0 180.0   5.0 450.0                            LAT/LON1/LON2/DLON/H
  111   97   86   79   69   63   53   48   43   38   35   31   31   28   30   29
   31   32   33   33   33   32   31   31   32   31   31   28   28   24   24   22
   25   25   30   33   39   44   51   58   69   81   91  101  108  116  118  122
  122  124  122  125  123  125  120  121  118  118  114  114  113  114  112  111
  111  112  114  116  116  112  113  113  111                                   
    55.0-180.0 180.0   5.0 450.0                            LAT/LON1/LON2/DLON/H
  120  104   97   85   77   67   60   52   47   42   39   35   33   29   28   27
   27   25   25   24   24   26   26   30   30   34   33   34   29   28   23   23
   22   26   30   35   41   48   56   63   74   84   96  104  113  120  123  126
  128  129  132  133  135  135  133  133  132  129  127  125  123  122  119  117
  115  114  116  118  118  115  117  117  120                                   
    52.5-180.0 180.0   5.0 450.0                            LAT/LON1/LON2/DLON/H
  132  116  106  100   89   81   69   62   53   47   41   37   34   29   27   23
   24   20   21   19   21   21   24   27   32   33   36   33   33   26   25   21
   23   25   32   38   47   55   63   72   83   96  106  116  124  132  135  139
  141  146  147  152  154  156  153  153  151  149  145  144  139  138  133  129
  126  123  123  123  123  121  121  122  132                                   
    50.0-180.0 180.0   5.0 450.0                            LAT/LON1/LON2/DLON/H
  143  130  125  117  107   95   85   73   63   55   49   43   39   34   30   26
   23   21   19   20   20   23   25   30   34   39   39   41   36   34   27   27
   26   31   36   45   54   62   71   78   90  100  112  121  133  138  145  148
  154  155  161  164  170  169  169  166  167  161  159  154  152  149  145  141
  137  134  133  132  132  130  130  130  143                                   
    47.5-180.0 180.0   5.0 450.0                            LAT/LON1/LON2/DLON/H
  153  147  140  136  126  115  101   89   75   65   56   48   44   37   35   29
   30   25   27   25   28   29   33   36   42   44   47   44   43   37   35   30
   33   36   45   55   64   74   83   93  105  117  126  138  147  156  161  166
  171  176  181  183  189  187  188  183  183  178  176  172  170  167  163  157
  153  147  146  145  143  142  139  140  153                                   
    45.0-180.0 180.0   5.0 450.0                            LAT/LON1/LON2/DLON/H
  161  160  154  149  140  129  115  102   87   78   67   59   52   46   41   37
   36   34   35   36   38   41   43   47   49   52   50   51   46   44   38   36
   37   41   49   59   71   79   89   99  111  122  135  143  158  163  173  177
  186  186  191  190  194  190  189  187  187  183  181  179  177  176  171  168
  161  157  155  154  152  149  146  147  161                                   
    42.5-180.0 180.0   5.0 450.0                            LAT/LON1/LON2/DLON/H
  164  163  156  155  148  140  127  114  100   89   78   68   61   53   51   45
   47   45   49   50   54   55   59   59   61   59   59   54   53   47   45   40
   43   46   55   65   78   87   98  109  123  135  147  159  170  179  188  193
  199  200  201  197  199  192  191  186  188  187  185  185  184  183  179  177
  172  168  166  164  161  158  154  152  164                                   
    40.0-180.0 180.0   5.0 450.0                            LAT/LON1/LON2/DLON/H
  165  163  153  152  145  138  128  117  105   97   87   80   72   66   61   58
   59   59   63   65   70   72   73   71   70   67   63   60   56   53   48   45
   46   50   59   68   81   92  103  118  131  143  157  167  180  189  199  204
  210  209  208  204  204  199  194  195  194  196  191  193  190  190  183  183
  178  179  175  173  169  164  159  154  165                                   
    37.5-180.0 180.0   5.0 450.0                            LAT/LON1/LON2/DLON/H
  163  152  141  139  134  129  122  116  108  103   96   89   83   76   73   69
   72   72   78   79   85   86   87   85   81   76   72   66   64   58   57   50
   53   53   65   72   88   97  116  127  145  154  169  178  192  202  211  217
  222  221  221  216  218  212  211  208  210  210  207  207  204  201  195  193
  190  189  190  186  182  177  169  158  163                                   
    35.0-180.0 180.0   5.0 450.0                            LAT/LON1/LON2/DLON/H
  160  146  126  123  114  112  107  105  102  101   99   94   90   85   82   81
   82   84   88   91   95   97   95   92   86   80   74   69   65   62   58   54
   52   55   60   71   84  100  116  133  149  161  176  186  202  210  221  228
  234  235  237  237  240  240  239  239  241  239  233  231  222  219  208  206
  200  203  203  202  194  190  182  167  160                                   
    32.5-180.0 180.0   5.0 450.0                            LAT/LON1/LON2/DLON/H
  164  145  121  110  103   96   93   92   95   97  100   98   97   92   91   88
   91   91   94   96  100  102  102  100   93   88   82   77   73   68   65   57
   57   55   64   75   90  106  128  143  163  173  189  199  214  227  238  246
  253  258  263  268  275  280  284  284  285  282  271  263  253  244  233  226
  220  222  224  222  214  208  199  183  164                                   
    30.0-180.0 180.0   5.0 450.0                            LAT/LON1/LON2/DLON/H
  182  161  130  113   94   83   78   76   83   87   95   96   99   96   96   95
   97   98   98  100  103  105  105  103   98   92   86   81   76   71   66   61
   54   58   60   75   87  107  125  146  162  176  193  204  222  236  250  260
  270  280  291  302  317  330  339  344  344  337  323  311  299  285  268  259
  248  251  249  249  237  238  228  213  182                                   
    27.5-180.0 180.0   5.0 450.0                            LAT/LON1/LON2/DLON/H
  218  188  157  128  107   91   80   77   80   85   92   95  101   99  102   99
  102   99  100   99  102  106  109  110  106  103   96   90   85   76   72   61
   59   56   64   75   89  109  127  149  167  183  196  212  227  246  260  275
  288  306  324  347  368  392  405  414  411  403  382  364  347  328  311  298
  286  287  285  285  276  278  259  250  218                                   
    25.0-180.0 180.0   5.0 450.0                            LAT/LON1/LON2/DLON/H
  266  223  189  160  132  112   95   82   81   83   88   94   97  101  101  101
  101   99   95   95   97  101  108  111  112  108  103   94   86   79   70   65
   60   62   64   75   87  108  125  149  164  180  194  208  229  248  267  287
  306  331  356  386  415  443  460  470  467  458  435  415  399  379  363  345
  330  328  323  324  317  328  307  296  266                                   
    22.5-180.0 180.0   5.0 450.0                            LAT/LON1/LON2/DLON/H
  315  266  231  199  171  147  126  109  101   93   95   95  100   99  105  102
  105   98   99   93   98  103  111  119  119  118  110  101   90   80   72   63
   62   61   65   73   87  108  127  151  166  184  197  210  227  252  271  296
  318  350  382  416  446  477  495  509  507  502  483  463  446  423  408  388
  373  369  363  362  356  371  349  338  315                                   
    20.0-180.0 180.0   5.0 450.0                            LAT/LON1/LON2/DLON/H
  359  307  272  246  214  192  162  140  124  115  105  106  102  103  102  100
   94   91   85   84   89   95  112  119  127  123  115  104   91   82   74   68
   67   64   68   73   87  107  129  148  167  182  200  212  232  257  282  306
  334  367  402  436  462  490  508  523  524  522  510  497  486  466  452  431
  416  407  403  398  394  405  390  373  359                                   
    17.5-180.0 180.0   5.0 450.0                            LAT/LON1/LON2/DLON/H
  390  351  322  289  255  232  200  170  152  133  124  114  111  104  108  102
  102   97   95   96  102  110  122  131  132  128  117  105   84   72   63   62
   63   61   65   72   86  108  129  150  167  186  201  217  233  263  287  315
  345  379  412  442  466  489  503  518  520  522  518  512  509  495  485  466
  451  440  432  427  425  435  417  397  390                                   
    15.0-180.0 180.0   5.0 450.0                            LAT/LON1/LON2/DLON/H
  411  376  349  325  288  271  232  207  180  165  150  136  127  119  112  110
  100  102   96   97  103  110  129  133  142  133  122   98   77   67   59   60
   62   64   65   72   86  107  129  152  169  187  205  222  244  273  299  327
  359  392  418  445  462  482  489  501  502  509  512  514  519  512  510  492
  480  465  458  449  445  447  436  411  411                                   
    12.5-180.0 180.0   5.0 450.0                            LAT/LON1/LON2/DLON/H
  422  394  370  346  316  297  261  235  207  187  172  155  145  132  129  121
  118  111  114  112  123  127  141  147  146  133  112   89   70   60   54   55
   60   60   66   71   88  108  132  153  172  190  209  229  255  282  308  338
  370  396  420  439  452  465  467  479  480  493  500  509  519  518  518  505
  493  480  471  459  454  450  436  415  422                                   
    10.0-180.0 180.0   5.0 450.0                            LAT/LON1/LON2/DLON/H
  415  388  361  338  318  300  274  255  230  215  199  184  177  157  156  144
  139  138  138  136  139  141  151  151  147  126  110   85   70   61   57   61
   61   63   64   71   90  111  133  156  174  192  212  235  265  290  316  343
  375  398  417  432  442  454  454  463  468  479  492  500  515  514  518  506
  499  485  478  462  451  443  431  409  415                                   
     7.5-180.0 180.0   5.0 450.0                            LAT/LON1/LON2/DLON/H
  406  387  361  342  321  302  279  267  248  237  219  207  197  185  178  169
  162  161  162  155  157  148  153  148  140  119  103   86   72   66   65   61
