data/unet/pred0590.15i
     1.0            IONOSPHERE MAPS     GNSS                IONEX VERSION / TYPE
pyspatialgeodesy        IME             05-JAN-18 20:20     PGM / RUN BY / DATE 
Map Name                                                    COMMENT             
Predicted global ionosphere maps (GIM).                     DESCRIPTION         
  2015     2    28     0     0     0                        EPOCH OF FIRST MAP  
  2015     3     1     0     0     0                        EPOCH OF LAST MAP   
  7200                                                      INTERVAL            
    13                                                      # OF MAPS IN FILE   
  NONE                                                      MAPPING FUNCTION    
10.0                                                        ELEVATION CUTOFF    
One-way carrier phase leveled to code                       OBSERVABLES USED    
  6371.0                                                    BASE RADIUS         
 2                                                          MAP DIMENSION       
   450.0 450.0   0.0                                        HGT1 / HGT2 / DHGT  
    87.5 -87.5  -2.5                                        LAT1 / LAT2 / DLAT  
  -180.0 180.0   5.0                                        LON1 / LON2 / DLON  
    -1                                                      EXPONENT            
                                                            END OF HEADER       
[from data line 2145]
     6                                                      START OF TEC MAP    
  2015     2    28    10     0     0                        EPOCH OF CURRENT MAP
    87.5-180.0 180.0   5.0 450.0                            LAT/LON1/LON2/DLON/H
   54   82   75   78   78   79   82   83   86   89   92   95   98  101  104  106
  108  110  111  111  112  111  112  110  110  108  109  107  108  106  107  105
  105  103  102  100   99   99   98   98   97   97   96   96   94   95   92   92
   89   89   86   85   82   82   79   79   77   77   75   75   75   74   74   73
   73   73   73   73   72   69   73   62   54                                   
    85.0-180.0 180.0   5.0 450.0                            LAT/LON1/LON2/DLON/H
   70   68   79   78   84   84   89   90   93   96   99  102  105  108  112  114
  117  120  122  125  125  128  128  130  129  133  132  135  132  136  134  135
  133  133  132  132  131  129  129  126  126  121  121  116  115  109  108  103
  102   95   94   88   87   80   80   73   74   68   68   63   64   61   61   59
   61   59   63   60   65   64   76   65   70                                   
    82.5-180.0 180.0   5.0 450.0                            LAT/LON1/LON2/DLON/H
   57   68   68   73   72   78   79   87   88   95   96  101  103  107  108  112
  113  117  118  122  123  126  127  130  131  135  135  139  139  143  141  145
  141  145  141  144  140  141  139  139  137  135  134  130  128  122  119  113
  110  103  100   93   89   84   80   75   70   66   61   59   54   54   50   51
   49   50   50   52   51   53   61   49   57                                   
    80.0-180.0 180.0   5.0 450.0                            LAT/LON1/LON2/DLON/H
   55   63   62   65   67   71   74   79   80   87   87   92   93   97   98  100
  102  103  106  108  110  112  114  115  117  120  122  127  129  135  136  141
  141  146  145  148  147  148  147  147  148  145  147  142  142  135  136  127
  129  118  120  107  108   95   95   84   81   72   69   63   60   56   54   52
   51   50   50   51   50   48   57   45   55                                   
    77.5-180.0 180.0   5.0 450.0                            LAT/LON1/LON2/DLON/H
   56   66   64   67   69   72   76   79   81   83   85   86   87   86   87   87
   88   89   90   93   93   96   97   99  102  104  110  112  119  123  131  135
  143  147  152  155  157  159  159  161  158  160  157  158  155  153  151  147
  147  141  141  132  132  121  121  109  107   96   92   84   81   76   72   71
   69   67   66   63   61   58   63   45   56                                   
    75.0-180.0 180.0   5.0 450.0                            LAT/LON1/LON2/DLON/H
   61   67   66   69   69   73   75   77   79   80   80   79   78   76   76   74
   76   76   79   78   81   81   84   83   85   87   90   94   99  106  113  121
  131  139  147  154  156  163  162  169  165  172  167  173  169  173  171  172
  171  170  170  165  165  156  155  144  141  130  126  117  112  104   99   94
   89   86   81   79   70   70   69   53   61                                   
    72.5-180.0 180.0   5.0 450.0                            LAT/LON1/LON2/DLON/H
   66   71   67   71   69   72   74   77   77   78   76   75   73   71   69   68
   68   69   71   73   75   78   78   80   80   82   84   87   91   99  106  117
  126  138  148  158  165  169  174  176  180  181  186  186  191  191  196  195
  200  199  203  199  200  193  191  182  176  166  158  149  142  133  126  118
  111  103   99   91   83   79   77   62   66                                   
    70.0-180.0 180.0   5.0 450.0                            LAT/LON1/LON2/DLON/H
   73   68   68   69   70   73   76   79   80   78   78   72   71   66   66   63
   65   64   67   68   71   74   75   78   78   81   82   85   89   96  103  115
  124  137  149  160  169  176  182  187  191  195  198  203  206  212  212  219
  219  225  225  227  225  223  217  211  203  193  183  171  161  152  141  133
  123  117  107  104   93   87   79   68   73                                   
    67.5-180.0 180.0   5.0 450.0                            LAT/LON1/LON2/DLON/H
   71   70   64   67   66   68   72   74   76   75   73   70   67   64   61   62
   62   65   68   72   75   79   80   83   83   85   84   86   89   97  106  118
  130  142  156  168  178  186  194  196  202  204  212  213  222  223  231  231
  236  237  239  238  236  232  229  221  214  203  192  180  166  154  142  131
  121  114  107  100   94   85   80   69   71                                   
    65.0-180.0 180.0   5.0 450.0                            LAT/LON1/LON2/DLON/H
   72   63   63   63   64   68   72   75   77   76   75   70   68   63   63   61
   64   66   71   75   79   83   86   86   90   86   89   88   93   99  108  122
  134  149  163  174  185  193  200  205  211  215  220  227  230  237  234  243
  239  246  241  244  237  235  230  224  216  205  192  176  161  147  132  120
  109  104   95   95   87   81   74   66   72                                   
    62.5-180.0 180.0   5.0 450.0                            LAT/LON1/LON2/DLON/H
   67   65   59   60   57   60   65   69   71   71   69   67   63   62   59   60
   61   66   70   76   79   84   84   87   83   85   82   86   88   98  108  123
  140  154  170  182  194  202  211  214  221  223  231  234  240  240  245  245
  245  243  242  238  234  228  224  217  210  198  186  168  153  136  121  105
   96   89   83   79   78   72   70   62   67                                   
    60.0-180.0 180.0   5.0 450.0                            LAT/LON1/LON2/DLON/H
   66   59   58   56   54   58   61   66   68   69   68   65   63   59   59   58
   61   65   70   74   76   79   79   78   78   76   77   80   85   95  105  124
  140  159  174  189  201  210  218  223  229  233  237  244  241  248  243  247
  240  242  235  234  228  224  220  215  209  197  186  167  152  136  117  102
   88   79   71   70   69   67   63   58   66                                   
    57.5-180.0 180.0   5.0 450.0                            LAT/LON1/LON2/DLON/H
   67   67   60   57   49   51   53   57   59   62   60   60   57   56   54   56
   57   62   65   69   71   72   70   71   68   70   70   74   80   90  103  121
  141  159  176  191  205  215  222  228  234  239  244  248  250  251  252  249
  245  243  239  235  229  224  221  216  211  201  192  176  164  144  127  108
   91   78   69   67   70   68   68   60   67                                   
    55.0-180.0 180.0   5.0 450.0                            LAT/LON1/LON2/DLON/H
   73   68   66   57   50   50   50   54   54   56   57   56   54   52   51   52
   54   57   61   62   62   62   58   58   56   59   61   67   75   87  100  122
  140  164  179  200  211  225  230  240  244  253  255  265  261  266  261  263
  254  256  248  246  238  235  232  228  225  217  210  199  186  171  149  128
  105   91   80   78   80   82   80   73   73                                   
    52.5-180.0 180.0   5.0 450.0                            LAT/LON1/LON2/DLON/H
   86   84   76   68   54   50   49   49   50   51   52   53   53   51   50   51
   52   55   57   58   58   55   52   51   50   54   59   67   76   89  103  124
  143  164  182  202  217  230  238  248  255  264  272  279  283  282  281  278
  274  271  268  262  257  250  250  246  245  236  232  220  213  198  178  155
  129  111   99   96   98  100   99   92   86                                   
    50.0-180.0 180.0   5.0 450.0                            LAT/LON1/LON2/DLON/H
  101   95   91   78   65   59   53   53   49   52   52   55   53   53   51   53
   53   56   57   57   55   50   46   46   46   52   58   69   79   94  108  131
  149  172  189  214  226  243  249  262  269  284  290  301  302  304  300  301
  293  295  288  284  278  273  272  267  267  261  255  249  241  230  207  184
  155  135  120  119  119  122  119  110  101                                   
    47.5-180.0 180.0   5.0 450.0                            LAT/LON1/LON2/DLON/H
  116  115  105   94   78   71   63   59   56   55   56   56   58   57   57   57
   59   61   62   62   58   53   49   47   50   56   65   75   87  103  118  137
  155  174  196  219  234  250  259  274  286  300  312  319  323  320  320  315
  315  311  309  302  298  290  288  280  278  269  264  257  252  241  223  199
  170  151  137  133  133  136  135  127  116                                   
    45.0-180.0 180.0   5.0 450.0                            LAT/LON1/LON2/DLON/H
  125  123  115  107   94   88   80   76   68   66   63   66   64   65   63   65
   65   70   70   69   65   59   55   55   58   66   75   88   98  116  128  148
  162  187  205  231  244  261  271  290  299  317  328  338  338  338  336  336
  333  332  327  321  313  305  297  288  279  271  261  254  246  237  218  195
  168  152  136  139  135  136  135  129  125                                   
    42.5-180.0 180.0   5.0 450.0                            LAT/LON1/LON2/DLON/H
  127  128  119  115  103   99   93   88   80   76   73   74   74   74   74   75
   79   81   83   82   77   71   66   66   69   77   87  101  113  129  140  157
  172  193  216  238  254  272  285  305  318  335  346  354  354  351  350  346
  346  342  339  330  320  306  295  279  270  254  245  233  226  214  195  173
  151  136  125  123  123  122  123  119  127                                   
    40.0-180.0 180.0   5.0 450.0                            LAT/LON1/LON2/DLON/H
  114  115  113  112  108  108  104  101   93   89   85   84   83   84   82   86
   88   93   93   90   86   78   74   73   78   87   97  113  123  139  148  167
  177  205  223  251  265  286  300  324  336  356  365  375  370  370  364  364
  358  358  350  343  328  315  298  281  266  247  231  216  205  189  171  150
  131  120  108  109  106  104  101  102  114                                   
    37.5-180.0 180.0   5.0 450.0                            LAT/LON1/LON2/DLON/H
  100  103  100  104  103  105  104  104   99   96   93   92   92   93   94   96
  100  102  102   99   92   86   78   78   82   92  103  118  130  144  155  170
  186  210  233  258  277  298  319  341  358  377  388  395  393  388  385  379
  376  370  366  354  342  323  308  287  273  252  232  209  193  176  157  138
  122  110  103   96   93   87   84   80  100                                   
    35.0-180.0 180.0   5.0 450.0                            LAT/LON1/LON2/DLON/H
   84   81   81   85   90   98  102  102  102   99   98   97   99  101  103  105
  108  109  110  104   98   89   81   79   84   94  106  123  135  151  161  180
  194  223  244  275  290  317  335  361  376  397  407  418  417  418  413  411
  405  402  397  387  377  363  347  329  307  284  261  238  215  195  173  156
  139  129  115  108   95   85   76   65   84                                   
    32.5-180.0 180.0   5.0 450.0                            LAT/LON1/LON2/DLON/H
   81   76   67   74   78   86   91   95   96   96   95   99  101  107  109  113
  115  115  113  108   99   90   82   80   83   93  106  121  136  153  167  187
  205  233  260  289  309  332  356  381  397  416  427  439  445  446  447  446
  446  443  443  439  436  429  419  401  381  353  326  299  275  253  232  215
  196  181  164  147  128  102   90   64   81                                   
    30.0-180.0 180.0   5.0 450.0                            LAT/LON1/LON2/DLON/H
   89   72   62   57   62   70   81   84   92   91   94   96  104  109  115  117
  120  119  117  109  101   91   83   80   84   93  106  124  140  162  177  202
  221  252  275  305  326  352  372  402  415  440  450  469  476  485  488  494
  496  499  499  500  502  506  502  496  482  461  435  412  383  362  337  320
  301  285  258  232  196  161  135   94   89                                   
    27.5-180.0 180.0   5.0 450.0                            LAT/LON1/LON2/DLON/H
  112  106   83   70   63   65   71   76   82   86   89   95  101  110  115  119
  120  119  116  108  100   91   85   80   83   90  107  125  148  169  190  213
  240  269  296  324  349  370  393  417  437  460  478  499  514  525  534  543
  553  559  568  574  585  594  606  614  617  607  596  574  551  528  503  472
  442  420  386  345  297  252  209  145  112                                   
    25.0-180.0 180.0   5.0 450.0                            LAT/LON1/LON2/DLON/H
  158  146  114   82   73   64   68   68   77   79   90   92  101  108  114  118
  120  118  116  108  103   95   89   86   87   96  111  138  163  193  211  239
  261  291  315  343  369  392  409  438  455  488  510  538  558  573  586  602
  614  632  644  668  672  695  705  722  727  721  707  686  668  647  623  594
  566  542  507  464  397  337  291  237  158                                   
    22.5-180.0 180.0   5.0 450.0                            LAT/LON1/LON2/DLON/H
  226  221  178  122   90   78   81   80   83   83   88   90   99  105  111  114
  116  114  111  106  103   97   94   90   94  100  123  155  188  214  235  261
  284  308  325  360  384  416  429  456  476  509  535  568  590  608  632  648
  675  690  716  732  755  773  787  798  805  795  788  776  763  741  714  691
  664  631  589  538  491  437  395  337  226                                   
    20.0-180.0 180.0   5.0 450.0                            LAT/LON1/LON2/DLON/H
  305  288  243  186  148  118  109  103  102   90   95   96  102  102  107  108
  112  107  108  102  105   99  100   98  102  113  139  168  200  225  245  272
  294  317  338  374  405  438  456  483  505  540  565  599  621  646  675  700
  715  742  754  785  796  814  827  843  847  849  849  842  829  800  764  731
  698  673  633  593  545  504  466  417  305                                   
    17.5-180.0 180.0   5.0 450.0                            LAT/LON1/LON2/DLON/H
  366  342  303  252  206  173  155  144  140  121  111  104  104  103  104  104
  106  103  102   99  100  102  105  105  113  118  141  172  207  237  257  285
  305  327  352  389  421  457  475  502  525  552  580  607  633  665  698  721
  743  758  776  792  804  817  829  844  854  853  858  852  842  809  768  727
  691  658  631  598  568  529  498  459  366                                   
    15.0-180.0 180.0   5.0 450.0                            LAT/LON1/LON2/DLON/H
  399  382  350  305  270  234  203  184  182  155  138  119  113  107  105  103
  106  102  101   97  100  101  110  108  108  113  138  167  214  241  270  295
  312  336  359  401  433  463  494  521  543  567  592  619  646  677  712  732
  738  758  761  772  776  786  793  802  815  817  821  811  797  762  721  683
  644  614  588  568  549  521  506  463  399                                   
    12.5-180.0 180.0   5.0 450.0                            LAT/LON1/LON2/DLON/H
  401  383  373  344  316  280  248  223  211  193  168  139  122  111  108  106
  106  105  105  103  106  108  112  107  106  115  141  178  220  258  279  302
  319  342  369  406  437  463  490  518  551  573  597  622  651  683  710  722
  727  730  730  727  729  729  732  739  754  755  755  747  733  703  655  612
  570  538  520  507  507  492  486  452  401                                   
    10.0-180.0 180.0   5.0 450.0                            LAT/LON1/LON2/DLON/H
  388  379  373  348  334  296  269  242  231  210  195  164  143  123  113  110
  108  105  103  104  102  104  101   96   99  111  144  187  238  269  289  308
  323  350  376  411  436  462  497  528  560  586  610  634  659  686  708  716
  709  713  704  700  694  690  687  693  700  700  700  689  671  635  589  539
  495  464  451  448  455  457  457  427  388                                   
     7.5-180.0 180.0   5.0 450.0                            LAT/LON1/LON2/DLON/H
  377  373  367  355  343  310  286  258  252  231  213  179  157  137  120  114
  108  106  102  104  102   98   93   93   98  116  152  200  245  274  294  307
