data/unet/pred1180.15i
     1.0            IONOSPHERE MAPS     GNSS                IONEX VERSION / TYPE
pyspatialgeodesy        IME             05-JAN-18 20:20     PGM / RUN BY / DATE 
Map Name                                                    COMMENT             
Predicted global ionosphere maps (GIM).                     DESCRIPTION         
  2015     4    28     0     0     0                        EPOCH OF FIRST MAP  
  2015     4    29     0     0     0                        EPOCH OF LAST MAP   
  7200                                                      INTERVAL            
    13                                                      # OF MAPS IN FILE   
  NONE                                                      MAPPING FUNCTION    
10.0                                                        ELEVATION CUTOFF    
One-way carrier phase leveled to code                       OBSERVABLES USED    
  6371.0                                                    BASE RADIUS         
 2                                                          MAP DIMENSION       
   450.0 450.0   0.0                                        HGT1 / HGT2 / DHGT  
    87.5 -87.5  -2.5                                        LAT1 / LAT2 / DLAT  
  -180.0 180.0   5.0                                        LON1 / LON2 / DLON  
    -1                                                      EXPONENT            
                                                            END OF HEADER       
[from data line 4290]
    11                                                      START OF TEC MAP    
  2015     4    28    20     0     0                        EPOCH OF CURRENT MAP
    87.5-180.0 180.0   5.0 450.0                            LAT/LON1/LON2/DLON/H
  234  208  201  207  203  206  203  208  207  211  211  214  214  218  218  221
  221  224  224  226  226  228  226  227  225  226  223  224  222  223  220  220
  218  217  214  214  212  211  209  209  207  207  205  205  203  203  200  200
  199  198  197  198  197  198  197  198  197  198  197  198  196  198  195  197
  194  197  193  196  194  199  192  201  234                                   
    85.0-180.0 180.0   5.0 450.0                            LAT/LON1/LON2/DLON/H
  191  185  193  196  194  194  196  197  201  203  207  209  213  214  218  218
  222  223  226  226  228  227  227  226  226  223  221  220  218  216  213  212
  210  208  206  203  202  200  200  197  199  196  198  194  196  192  194  190
  193  188  191  187  191  187  192  189  192  189  193  190  192  190  191  189
  189  188  187  187  187  186  182  200  191                                   
    82.5-180.0 180.0   5.0 450.0                            LAT/LON1/LON2/DLON/H
  179  172  184  187  187  189  192  197  200  206  209  215  216  222  223  228
  228  233  232  236  234  236  233  234  231  230  227  225  222  220  216  215
  210  210  205  205  200  202  197  201  196  200  194  200  194  198  192  197
  191  195  190  194  190  194  190  194  190  194  191  195  191  194  190  192
  188  189  186  183  180  182  172  181  179                                   
    80.0-180.0 180.0   5.0 450.0                            LAT/LON1/LON2/DLON/H
  171  163  174  174  176  177  182  185  191  194  200  206  211  215  220  223
  227  229  232  233  235  234  233  230  229  224  221  216  214  209  206  203
  200  197  195  194  191  190  189  188  188  188  188  187  188  186  186  184
  184  181  183  181  183  181  183  182  184  182  185  183  184  183  183  181
  181  179  178  173  174  171  162  171  171                                   
    77.5-180.0 180.0   5.0 450.0                            LAT/LON1/LON2/DLON/H
  166  159  170  171  174  175  180  184  189  195  200  208  213  220  225  229
  233  237  240  241  241  240  238  235  232  227  223  218  215  208  206  201
  199  195  195  192  193  190  191  189  191  189  190  189  189  187  186  184
  183  181  181  181  181  181  182  183  183  184  185  185  184  184  183  181
  180  178  178  171  168  169  160  167  166                                   
    75.0-180.0 180.0   5.0 450.0                            LAT/LON1/LON2/DLON/H
  173  167  174  175  175  176  180  183  189  194  202  209  219  223  232  234
  242  243  248  246  248  245  244  240  238  231  228  220  218  209  208  200
  199  196  196  194  195  194  195  194  194  193  192  191  189  186  182  180
  177  174  172  172  172  173  172  174  174  175  176  177  177  178  177  177
  175  174  173  168  168  167  163  173  173                                   
    72.5-180.0 180.0   5.0 450.0                            LAT/LON1/LON2/DLON/H
  186  180  186  187  188  190  192  197  202  209  215  226  232  240  244  249
  251  255  256  258  255  255  251  249  244  240  234  228  223  215  211  204
  202  199  198  197  199  199  199  200  200  198  196  193  190  185  180  175
  172  168  166  164  165  165  166  166  168  169  171  171  173  174  175  175
  175  176  175  174  173  177  173  181  186                                   
    70.0-180.0 180.0   5.0 450.0                            LAT/LON1/LON2/DLON/H
  199  197  201  201  200  202  204  207  213  218  227  235  243  249  255  256
  261  260  263  261  262  258  257  253  252  245  241  233  229  219  216  208
  206  203  202  202  204  203  204  203  203  200  197  193  189  181  176  169
  167  159  158  155  158  154  157  155  159  157  160  160  164  164  168  168
  171  172  176  175  179  183  184  193  199                                   
    67.5-180.0 180.0   5.0 450.0                            LAT/LON1/LON2/DLON/H
  213  213  217  217  216  217  218  221  225  232  238  249  255  263  265  268
  267  268  267  267  266  265  262  261  257  253  248  241  235  226  221  213
  209  206  204  204  204  203  203  201  199  196  191  186  179  172  165  159
  154  149  146  144  143  141  141  142  143  143  145  147  150  153  156  160
  164  168  173  176  182  191  192  199  213                                   
    65.0-180.0 180.0   5.0 450.0                            LAT/LON1/LON2/DLON/H
  221  224  225  227  226  228  227  230  233  239  245  255  260  269  270  273
  272  271  270  269  268  267  267  265  263  257  253  245  240  231  226  219
  215  211  207  206  205  203  201  197  196  190  185  177  172  162  156  147
  144  136  137  132  135  130  134  130  133  130  134  134  139  142  148  152
  158  162  169  173  183  193  198  206  221                                   
    62.5-180.0 180.0   5.0 450.0                            LAT/LON1/LON2/DLON/H
  225  228  229  231  231  232  231  233  236  241  248  257  264  272  275  278
  277  278  276  276  274  274  272  270  268  262  257  250  245  237  232  225
  221  216  209  206  201  198  193  190  185  181  175  168  161  152  144  137
  132  128  126  124  124  121  122  119  120  117  119  119  125  130  136  143
  150  156  163  170  180  192  195  204  225                                   
    60.0-180.0 180.0   5.0 450.0                            LAT/LON1/LON2/DLON/H
  219  225  228  230  230  232  232  234  237  242  249  258  265  273  277  281
  281  282  280  281  279  278  279  275  274  265  262  252  251  242  242  234
  232  223  219  210  206  198  195  187  184  177  172  162  156  144  137  128
  126  120  121  118  121  116  119  114  116  110  113  112  119  124  133  141
  150  155  162  168  179  189  191  203  219                                   
    57.5-180.0 180.0   5.0 450.0                            LAT/LON1/LON2/DLON/H
  215  222  224  227  228  228  228  231  235  242  248  256  264  271  276  281
  282  285  285  286  286  287  286  283  280  272  268  259  258  251  252  246
  242  235  226  218  209  202  196  190  184  179  172  164  154  146  137  130
  124  120  120  117  118  115  116  111  111  105  108  108  115  123  133  142
  152  159  165  171  178  188  186  200  215                                   
    55.0-180.0 180.0   5.0 450.0                            LAT/LON1/LON2/DLON/H
  209  220  226  229  230  230  230  235  239  247  253  260  266  272  278  284
  286  291  291  293  292  293  293  291  290  282  280  270  271  264  267  260
  257  247  238  227  217  208  202  196  191  184  178  168  159  148  141  132
  128  123  123  121  122  118  119  114  114  107  110  109  118  125  138  148
  160  167  174  177  184  189  190  205  209                                   
    52.5-180.0 180.0   5.0 450.0                            LAT/LON1/LON2/DLON/H
  215  224  230  238  241  242  242  245  250  258  263  270  273  279  284  289
  291  295  295  297  297  298  300  299  299  294  293  286  287  283  285  279
  274  263  251  240  228  219  213  207  201  196  186  179  168  161  150  144
  136  133  130  128  127  125  124  121  119  115  114  116  125  134  147  158
  169  178  185  189  192  197  195  212  215                                   
    50.0-180.0 180.0   5.0 450.0                            LAT/LON1/LON2/DLON/H
  223  235  244  255  260  264  266  269  272  279  282  287  289  295  297  303
  302  305  302  304  302  306  306  310  311  310  311  309  310  306  307  300
  291  280  268  257  243  234  226  218  212  205  197  188  178  169  162  154
  148  142  140  136  136  132  133  129  129  123  124  123  134  140  155  166
  179  189  197  201  206  209  210  225  223                                   
    47.5-180.0 180.0   5.0 450.0                            LAT/LON1/LON2/DLON/H
  242  253  263  276  284  288  291  294  296  303  305  309  310  315  317  320
  317  315  311  309  307  311  315  320  324  325  331  329  334  330  330  318
  309  294  283  269  257  245  236  227  219  212  203  196  185  180  172  168
  159  156  149  148  144  142  142  141  139  136  135  135  142  150  163  173
  187  197  208  214  219  224  225  239  242                                   
    45.0-180.0 180.0   5.0 450.0                            LAT/LON1/LON2/DLON/H
  259  275  284  297  305  311  316  319  322  328  329  334  334  340  340  342
  336  331  323  319  317  323  329  337  343  347  351  354  355  354  349  338
  323  309  295  281  269  256  247  236  228  219  210  202  192  186  180  175
  169  163  158  154  151  149  150  149  148  145  145  143  149  154  167  176
  191  204  217  226  235  240  248  260  259                                   
    42.5-180.0 180.0   5.0 450.0                            LAT/LON1/LON2/DLON/H
  280  294  305  316  325  329  337  339  345  349  352  357  359  364  365  366
  358  351  341  337  335  340  349  357  365  367  370  370  371  368  362  348
  332  317  301  289  278  267  256  244  233  222  214  206  199  194  189  185
  177  173  165  163  158  158  157  157  156  153  151  148  152  155  166  174
  190  203  220  232  245  257  265  278  280                                   
    40.0-180.0 180.0   5.0 450.0                            LAT/LON1/LON2/DLON/H
  296  312  323  333  339  344  350  355  362  367  371  376  380  386  385  386
  377  370  361  356  358  365  377  384  392  393  392  392  388  384  373  359
  340  325  312  304  294  285  272  259  246  233  223  216  208  203  198  193
  187  179  174  168  167  164  166  165  163  159  156  153  154  155  165  170
  186  201  222  237  253  266  281  294  296                                   
    37.5-180.0 180.0   5.0 450.0                            LAT/LON1/LON2/DLON/H
  310  325  337  345  351  352  361  365  375  381  390  395  403  407  409  406
  398  392  383  383  385  395  404  413  416  419  415  411  407  399  389  372
  356  342  334  326  319  306  290  273  258  245  236  229  222  215  211  203
  197  189  182  179  174  173  171  171  166  162  158  154  154  154  161  167
  181  195  218  232  254  270  285  301  310                                   
    35.0-180.0 180.0   5.0 450.0                            LAT/LON1/LON2/DLON/H
  319  334  348  355  360  364  369  377  386  397  407  417  427  434  435  430
  423  417  411  412  417  425  435  441  448  450  450  445  443  435  426  410
  396  385  376  367  357  344  326  308  286  274  262  256  247  241  232  223
  212  202  195  191  189  186  184  180  174  168  163  157  158  158  167  173
  187  199  219  235  251  271  287  301  319                                   
    32.5-180.0 180.0   5.0 450.0                            LAT/LON1/LON2/DLON/H
  329  342  351  360  366  370  378  383  396  409  425  438  451  459  462  458
  452  445  441  443  449  459  465  473  479  483  486  485  487  482  478  455
  436  412  409  398  392  378  369  352  336  318  303  293  281  270  259  246
  235  224  220  217  217  210  209  197  193  182  177  170  171  171  177  182
  195  207  224  235  251  265  285  301  329                                   
    30.0-180.0 180.0   5.0 450.0                            LAT/LON1/LON2/DLON/H
  341  353  365  372  378  387  395  404  418  432  449  463  469  481  479  484
  477  475  471  474  478  486  491  497  507  515  524  529  535  521  507  474
  465  439  440  431  426  416  404  393  385  372  356  342  325  312  292  278
  261  249  245  242  240  233  228  213  204  188  182  175  178  179  191  204
  213  225  236  246  257  274  291  303  341                                   
    27.5-180.0 180.0   5.0 450.0                            LAT/LON1/LON2/DLON/H
  360  370  380  386  397  404  420  432  453  468  488  496  504  510  510  512
  506  503  499  501  504  509  511  517  528  540  556  564  567  561  557  543
  536  516  509  488  471  449  432  417  408  401  392  386  378  357  337  316
  298  282  274  267  264  257  251  237  227  210  206  195  198  194  202  211
  226  243  262  265  268  274  295  318  360                                   
    25.0-180.0 180.0   5.0 450.0                            LAT/LON1/LON2/DLON/H
  377  385  400  403  413  423  445  463  494  517  538  547  550  555  547  549
  537  533  526  526  526  526  532  539  557  574  598  606  626  627  640  622
  616  589  571  540  509  479  454  442  433  430  419  411  401  392  373  351
  331  319  307  300  292  285  273  261  243  233  221  218  214  214  217  220
  236  251  266  276  288  292  306  330  377                                   
    22.5-180.0 180.0   5.0 450.0                            LAT/LON1/LON2/DLON/H
  393  404  433  439  454  467  485  508  539  562  588  598  605  604  595  588
  577  569  561  557  551  547  551  563  588  616  649  668  695  699  696  681
  661  634  607  561  521  479  451  436  435  430  426  414  409  400  395  377
  363  350  343  330  325  308  297  276  264  243  238  225  232  224  233  238
  254  269  278  284  288  302  323  356  393                                   
    20.0-180.0 180.0   5.0 450.0                            LAT/LON1/LON2/DLON/H
  411  422  456  473  485  498  519  543  575  599  625  638  647  649  637  631
  613  606  591  583  573  568  574  594  630  668  711  736  755  742  737  707
  679  638  592  534  484  442  411  398  396  397  395  392  391  391  394  388
  379  371  360  351  338  324  308  293  276  262  249  243  234  233  233  241
  258  275  288  296  299  308  328  375  411                                   
    17.5-180.0 180.0   5.0 450.0                            LAT/LON1/LON2/DLON/H
  408  426  474  496  511  523  536  565  597  625  650  665  684  685  682  668
  654  642  628  615  603  598  605  629  672  712  751  766  775  762  744  713
  671  610  546  485  436  389  361  349  351  351  358  358  366  372  379  381
  384  375  369  353  347  323  314  293  284  266  258  246  240  230  231  239
  256  272  286  293  301  313  332  389  408                                   
    15.0-180.0 180.0   5.0 450.0                            LAT/LON1/LON2/DLON/H
  412  432  482  513  531  539  552  575  606  637  664  687  704  716  716  702
  687  677  663  652  640  637  650  678  723  747  777  774  777  758  732  680
  615  546  482  422  364  316  290  289  298  300  305  312  326  336  353  369
  376  375  363  350  334  317  304  285  276  257  251  237  234  221  224  227
  242  259  270  286  296  315  339  391  412                                   
    12.5-180.0 180.0   5.0 450.0                            LAT/LON1/LON2/DLON/H
  403  427  475  511  525  543  550  571  598  633  664  689  715  730  737  726
  717  703  698  686  680  677  691  719  751  770  785  774  758  729  687  624
  559  496  440  377  318  267  247  249  265  269  277  277  288  304  328  349
  362  358  352  330  313  293  282  269  261  248  239  221  214  202  201  201
  216  233  254  270  287  314  333  385  403                                   
    10.0-180.0 180.0   5.0 450.0                            LAT/LON1/LON2/DLON/H
  402  429  476  509  529  538  554  571  597  634  660  690  711  733  742  742
  732  727  719  715  712  716  730  750  776  781  781  757  729  690  635  574
  513  462  406  345  290  244  230  236  251  255  260  257  270  288  312  336
  346  343  329  307  285  268  253  245  237  223  217  199  195  178  177  175
  191  210  230  251  272  302  330  377  402                                   
     7.5-180.0 180.0   5.0 450.0                            LAT/LON1/LON2/DLON/H
  392  431  469  506  523  535  545  563  586  617  641  669  692  714  734  738
  739  736  737  734  741  741  760  774  786  774  761  727  696  653  609  550
