data/unet/pred3370.15i
     1.0            IONOSPHERE MAPS     GNSS                IONEX VERSION / TYPE
pyspatialgeodesy        IME             05-JAN-18 20:20     PGM / RUN BY / DATE 
Map Name                                                    COMMENT             
Predicted global ionosphere maps (GIM).                     DESCRIPTION         
  2015    12     3     0     0     0                        EPOCH OF FIRST MAP  
  2015    12     4     0     0     0                        EPOCH OF LAST MAP   
  7200                                                      INTERVAL            
    13                                                      # OF MAPS IN FILE   
  NONE                                                      MAPPING FUNCTION    
10.0                                                        ELEVATION CUTOFF    
One-way carrier phase leveled to code                       OBSERVABLES USED    
  6371.0                                                    BASE RADIUS         
 2                                                          MAP DIMENSION       
   450.0 450.0   0.0                                        HGT1 / HGT2 / DHGT  
    87.5 -87.5  -2.5                                        LAT1 / LAT2 / DLAT  
  -180.0 180.0   5.0                                        LON1 / LON2 / DLON  
    -1                                                      EXPONENT            
                                                            END OF HEADER       
[from data line 3861]
    10                                                      START OF TEC MAP    
  2015    12     3    18     0     0                        EPOCH OF CURRENT MAP
    87.5-180.0 180.0   5.0 450.0                            LAT/LON1/LON2/DLON/H
   99   63   63   68   68   67   69   69   70   71   72   73   73   74   74   75
   75   75   75   75   74   74   73   72   72   71   71   70   70   68   68   68
   68   67   67   66   66   65   65   64   64   63   63   62   62   61   61   60
   60   60   59   59   59   59   58   59   58   59   58   58   58   58   58   59
   59   60   61   61   65   62   67   89   99                                   
    85.0-180.0 180.0   5.0 450.0                            LAT/LON1/LON2/DLON/H
   49   50   48   52   53   56   55   59   58   61   60   63   62   65   63   66
   64   66   64   66   63   64   62   63   61   61   59   60   58   59   57   59
   57   59   56   59   56   58   55   57   54   56   52   54   51   53   50   51
   49   50   48   49   47   48   46   47   45   47   45   46   44   46   44   46
   45   46   46   47   49   48   61   70   49                                   
    82.5-180.0 180.0   5.0 450.0                            LAT/LON1/LON2/DLON/H
   41   39   43   47   48   52   51   56   55   60   59   63   62   66   64   68
   65   68   65   67   63   65   61   62   58   59   55   56   53   54   52   53
   51   54   52   54   52   55   53   54   52   53   51   51   49   50   47   47
   45   46   45   45   44   45   43   44   42   44   41   43   41   44   41   43
   40   43   40   43   42   41   45   43   41                                   
    80.0-180.0 180.0   5.0 450.0                            LAT/LON1/LON2/DLON/H
   36   38   39   43   44   48   48   54   53   58   59   63   64   67   68   70
   70   71   70   70   67   66   62   60   56   54   51   50   48   48   47   48
   47   50   50   52   51   54   52   53   51   52   49   49   47   47   46   45
   45   45   44   45   44   45   44   45   44   45   44   44   43   44   42   43
   40   42   39   40   38   33   41   33   36                                   
    77.5-180.0 180.0   5.0 450.0                            LAT/LON1/LON2/DLON/H
   29   32   35   37   40   43   45   49   51   54   57   61   63   67   70   73
   73   75   74   74   71   68   64   60   55   51   48   46   43   42   43   43
   43   45   47   49   50   51   52   51   50   49   48   46   45   43   43   42
   42   42   43   43   44   45   46   46   46   47   47   47   46   46   45   44
   42   41   40   38   37   33   36   28   29                                   
    75.0-180.0 180.0   5.0 450.0                            LAT/LON1/LON2/DLON/H
   32   33   31   36   37   43   42   48   49   54   55   60   62   67   70   74
   76   78   78   78   75   73   67   63   56   51   47   43   40   39   39   39
   40   42   44   46   46   49   48   49   46   46   43   43   40   40   39   40
   40   42   42   45   45   47   47   49   48   50   50   50   49   50   48   47
   44   44   41   40   37   32   38   31   32                                   
    72.5-180.0 180.0   5.0 450.0                            LAT/LON1/LON2/DLON/H
   32   32   33   35   38   41   43   46   48   51   55   58   62   66   72   75
   79   82   85   84   84   80   77   70   63   55   50   45   41   38   38   38
   39   41   44   45   46   46   48   45   44   41   41   37   37   35   37   36
   39   39   43   43   47   47   51   50   52   51   54   52   53   51   53   49
   49   45   46   41   40   35   39   29   32                                   
    70.0-180.0 180.0   5.0 450.0                            LAT/LON1/LON2/DLON/H
   38   36   32   37   39   43   44   47   48   52   55   59   62   67   73   78
   83   87   91   93   92   90   85   79   71   64   57   51   45   42   39   39
   39   40   42   42   43   43   42   42   38   38   34   35   31   33   32   36
   36   40   41   44   45   48   49   50   50   52   52   52   53   53   53   51
   50   48   46   45   42   34   42   34   38                                   
    67.5-180.0 180.0   5.0 450.0                            LAT/LON1/LON2/DLON/H
   38   37   35   39   40   43   45   48   50   54   57   61   65   70   76   83
   89   95  101  105  106  104   98   93   83   75   67   61   54   49   46   42
   42   40   42   41   41   40   39   37   34   32   31   29   29   29   31   32
   35   36   40   42   44   45   47   47   48   47   50   49   51   50   52   50
   51   48   49   45   44   39   43   33   38                                   
    65.0-180.0 180.0   5.0 450.0                            LAT/LON1/LON2/DLON/H
   41   39   35   40   41   45   46   51   53   58   61   65   69   75   82   89
   96  104  111  116  118  116  111  106   96   89   78   72   63   58   52   48
   44   42   40   40   37   36   33   32   28   28   25   27   26   29   30   33
   33   37   36   40   39   42   41   43   42   44   44   45   46   47   48   48
   48   48   47   46   44   36   46   38   41                                   
    62.5-180.0 180.0   5.0 450.0                            LAT/LON1/LON2/DLON/H
   37   36   36   39   41   43   47   52   57   61   67   71   76   82   90   97
  106  114  122  128  131  129  125  119  110  101   93   84   76   68   63   55
   51   44   43   38   36   32   29   27   24   23   24   25   27   28   30   32
   33   34   34   35   35   35   37   36   38   37   40   39   42   41   44   44
   45   44   45   43   42   37   43   33   37                                   
    60.0-180.0 180.0   5.0 450.0                            LAT/LON1/LON2/DLON/H
   37   37   34   39   41   44   49   55   61   67   74   80   85   91  100  107
  116  124  133  137  139  137  134  128  119  111  103   96   86   80   72   66
   57   51   45   41   35   31   27   27   23   24   23   27   27   32   32   35
   33   34   32   33   31   33   33   35   34   36   37   38   39   40   42   41
   43   42   43   42   40   33   43   34   37                                   
    57.5-180.0 180.0   5.0 450.0                            LAT/LON1/LON2/DLON/H
   35   36   36   39   42   45   51   58   67   75   84   91   97  103  111  119
  127  135  140  145  145  143  139  134  127  120  115  108  101   91   86   76
   67   57   51   44   38   33   30   28   26   27   29   31   34   36   37   37
   36   33   33   31   32   31   35   34   37   36   40   37   39   38   41   40
   41   40   42   40   39   35   41   28   35                                   
    55.0-180.0 180.0   5.0 450.0                            LAT/LON1/LON2/DLON/H
   39   41   39   42   46   49   58   66   76   87   97  105  111  117  124  131
  139  144  149  150  151  146  142  136  132  127  123  119  112  105   97   89
   78   68   59   51   46   39   37   35   35   36   38   40   41   43   42   43
   39   37   35   34   32   35   36   39   41   42   44   43   43   43   43   43
   44   43   44   43   41   36   44   33   39                                   
    52.5-180.0 180.0   5.0 450.0                            LAT/LON1/LON2/DLON/H
   42   44   45   50   53   58   67   77   89  100  112  119  126  131  138  144
  150  154  156  156  154  149  143  139  135  132  132  129  126  117  111  100
   89   76   67   59   53   48   46   45   45   48   50   52   53   52   51   48
   45   42   40   38   40   39   44   45   51   49   53   49   50   46   48   45
   48   46   49   46   46   43   48   32   42                                   
    50.0-180.0 180.0   5.0 450.0                            LAT/LON1/LON2/DLON/H
   52   55   54   59   65   70   81   91  104  115  126  133  139  144  151  156
  161  162  165  161  158  151  148  143  142  140  141  140  136  129  121  110
   98   85   77   68   65   59   60   58   60   61   64   65   65   63   59   57
   52   51   47   48   47   51   53   58   60   63   63   61   58   56   54   54
   55   55   56   55   53   48   55   44   52                                   
    47.5-180.0 180.0   5.0 450.0                            LAT/LON1/LON2/DLON/H
   58   60   63   71   78   84   95  107  120  132  141  148  152  156  162  167
  171  173  173  170  164  159  155  151  150  150  152  150  145  136  128  113
  102   89   81   75   72   70   71   70   71   73   75   76   75   73   69   66
   64   62   62   60   62   63   68   70   75   74   75   71   68   62   63   59
   61   60   63   61   60   56   60   47   58                                   
    45.0-180.0 180.0   5.0 450.0                            LAT/LON1/LON2/DLON/H
   66   70   71   84   91   99  111  123  136  147  156  159  164  165  173  176
  183  182  183  178  176  169  167  164  165  165  164  160  152  141  130  116
  105   94   88   83   82   81   83   83   84   84   84   85   83   82   77   76
   73   75   73   76   75   78   79   82   83   84   81   78   72   70   68   67
   68   68   69   68   65   60   66   61   66                                   
    42.5-180.0 180.0   5.0 450.0                            LAT/LON1/LON2/DLON/H
   67   72   80   93  103  112  125  137  150  161  169  173  175  176  183  188
  192  193  193  192  188  184  181  181  180  179  176  167  156  139  127  113
  102   93   88   87   86   88   89   90   89   89   89   89   87   86   83   82
   82   83   86   86   87   86   87   87   88   86   84   79   75   71   71   67
   70   67   71   69   68   64   68   60   67                                   
    40.0-180.0 180.0   5.0 450.0                            LAT/LON1/LON2/DLON/H
   68   76   82  101  111  123  135  147  161  171  181  182  187  187  197  198
  204  203  206  202  203  198  198  197  195  192  183  172  156  137  123  110
  102   94   93   92   95   96   98   98   96   94   93   92   91   90   87   88
   87   91   90   94   90   91   86   87   84   84   79   77   72   71   69   69
   70   69   70   68   66   62   66   63   68                                   
    37.5-180.0 180.0   5.0 450.0                            LAT/LON1/LON2/DLON/H
   61   68   81  100  114  126  141  154  169  181  191  196  199  200  208  211
  213  213  214  216  213  215  212  213  206  201  188  176  156  137  123  113
  106  101  100  101  102  104  104  104  100   97   95   94   93   91   89   90
   89   92   93   93   90   87   84   82   80   77   75   73   70   68   68   66
   67   63   66   64   64   60   62   54   61                                   
    35.0-180.0 180.0   5.0 450.0                            LAT/LON1/LON2/DLON/H
   55   66   75   97  111  126  141  159  174  189  201  206  212  213  220  221
  224  222  225  224  227  225  224  221  214  206  192  178  159  141  131  123
  121  117  119  117  119  118  119  115  110  105  102   99   97   95   91   92
   88   91   88   90   82   82   75   76   73   73   69   68   67   67   66   66
   65   63   63   61   59   56   57   48   55                                   
    32.5-180.0 180.0   5.0 450.0                            LAT/LON1/LON2/DLON/H
   45   55   67   88  105  122  141  158  178  194  209  216  225  227  233  231
  232  229  230  231  230  232  227  225  214  208  192  182  165  156  149  148
  148  147  145  143  139  138  133  129  121  116  111  107  103   99   94   92
   87   87   83   82   76   74   71   70   69   68   66   66   66   67   67   66
   64   60   59   57   58   52   53   36   45                                   
    30.0-180.0 180.0   5.0 450.0                            LAT/LON1/LON2/DLON/H
   40   55   66   85  103  119  140  160  180  199  215  225  235  238  243  241
  237  233  232  233  234  232  229  223  215  208  198  191  184  181  185  190
  194  192  189  177  171  162  158  149  141  133  127  121  114  108  101   95
   90   86   81   79   73   73   70   74   72   73   69   67   68   69   69   68
   64   63   60   59   55   53   49   33   40                                   
    27.5-180.0 180.0   5.0 450.0                            LAT/LON1/LON2/DLON/H
   30   50   66   85  102  120  142  162  185  203  222  232  244  246  253  245
  241  234  234  233  232  229  223  218  211  210  206  210  211  224  235  250
  255  253  241  221  203  189  179  171  160  151  144  136  128  118  109  100
   91   85   80   77   73   74   76   79   81   80   79   77   75   76   74   72
   67   65   62   59   59   54   54   29   30                                   
    25.0-180.0 180.0   5.0 450.0                            LAT/LON1/LON2/DLON/H
   30   53   68   88  108  124  148  169  190  208  225  238  247  255  255  251
  240  236  231  231  229  225  219  216  215  220  227  241  257  279  299  315
  321  314  296  267  237  216  204  191  183  172  166  153  145  131  123  110
  103   94   89   84   81   85   89   93   94   94   90   86   84   83   79   77
   70   70   66   66   62   61   56   39   30                                   
    22.5-180.0 180.0   5.0 450.0                            LAT/LON1/LON2/DLON/H
   38   58   75   96  117  134  159  179  201  214  231  241  254  257  262  251
  244  233  232  228  227  222  219  218  223  236  254  280  307  335  359  373
  376  362  339  304  266  236  219  205  194  186  177  167  155  143  133  121
  114  105   99   95   94   96  102  105  107  105  103   99   97   95   90   86
   78   73   70   67   69   65   62   43   38                                   
    20.0-180.0 180.0   5.0 450.0                            LAT/LON1/LON2/DLON/H
   52   72   84  107  127  148  174  195  215  226  239  247  256  262  262  255
  244  236  232  230  226  224  223  231  244  269  295  330  358  389  408  421
  419  399  365  325  285  247  228  211  202  192  186  173  164  149  143  131
  127  118  114  108  106  106  112  113  117  112  112  106  107  101   98   93
   84   76   72   71   70   71   66   53   52                                   
    17.5-180.0 180.0   5.0 450.0                            LAT/LON1/LON2/DLON/H
   63   84  100  124  146  168  192  212  228  237  248  252  263  265  267  257
  250  239  236  232  230  230  238  251  275  304  340  371  406  430  453  459
  455  422  382  336  293  253  229  211  200  191  182  171  161  151  146  139
  136  132  127  121  117  117  120  120  121  118  116  114  112  110  105   99
   89   79   75   70   73   71   68   60   63                                   
    15.0-180.0 180.0   5.0 450.0                            LAT/LON1/LON2/DLON/H
   77  100  116  141  164  190  213  232  243  251  257  264  271  275  276  269
  260  252  248  244  242  247  259  284  314  351  382  413  438  459  473  471
  457  419  378  332  292  248  224  205  194  185  176  164  156  149  146  146
  145  144  139  132  126  123  124  122  122  116  116  111  113  109  106   97
   88   77   74   69   71   73   73   66   77                                   
    12.5-180.0 180.0   5.0 450.0                            LAT/LON1/LON2/DLON/H
   81  107  129  158  184  209  232  252  262  269  273  280  286  285  287  281
  276  268  264  259  259  268  288  319  354  387  416  440  459  471  477  465
  445  406  368  328  287  249  221  206  190  183  169  159  149  145  147  150
  152  155  150  143  134  130  128  127  123  118  113  111  110  109  104   96
   86   75   71   66   71   72   73   71   81                                   
    10.0-180.0 180.0   5.0 450.0                            LAT/LON1/LON2/DLON/H
   89  118  143  170  196  224  246  267  278  287  290  301  304  305  305  301
  299  293  291  286  290  304  332  364  396  423  441  456  465  466  462  442
  418  382  353  318  283  247  223  206  191  179  166  153  146  141  146  152
  157  160  158  150  140  135  131  129  125  118  112  107  109  106  104   92
   85   72   71   65   70   72   76   67   89                                   
     7.5-180.0 180.0   5.0 450.0                            LAT/LON1/LON2/DLON/H
   89  122  149  177  206  233  257  277  294  308  317  327  331  330  330  323
  324  320  317  316  321  340  367  400  429  450  458  463  464  456  446  422
