data/unet/pred2110.15i
     1.0            IONOSPHERE MAPS     GNSS                IONEX VERSION / TYPE
pyspatialgeodesy        IME             05-JAN-18 20:20     PGM / RUN BY / DATE 
Map Name                                                    COMMENT             
Predicted global ionosphere maps (GIM).                     DESCRIPTION         
  2015     7    30     0     0     0                        EPOCH OF FIRST MAP  
  2015     7    31     0     0     0                        EPOCH OF LAST MAP   
  7200                                                      INTERVAL            
    13                                                      # OF MAPS IN FILE   
  NONE                                                      MAPPING FUNCTION    
10.0                                                        ELEVATION CUTOFF    
One-way carrier phase leveled to code                       OBSERVABLES USED    
  6371.0                                                    BASE RADIUS         
 2                                                          MAP DIMENSION       
   450.0 450.0   0.0                                        HGT1 / HGT2 / DHGT  
    87.5 -87.5  -2.5                                        LAT1 / LAT2 / DLAT  
  -180.0 180.0   5.0                                        LON1 / LON2 / DLON  
    -1                                                      EXPONENT            
                                                            END OF HEADER       
[from data line 3003]
     8                                                      START OF TEC MAP    
  2015     7    30    14     0     0                        EPOCH OF CURRENT MAP
    87.5-180.0 180.0   5.0 450.0                            LAT/LON1/LON2/DLON/H
  129  143  147  147  145  146  145  147  146  147  147  148  147  148  147  148
  147  148  147  147  146  147  145  145  144  144  142  142  141  141  139  140
  138  139  137  138  137  137  136  137  136  137  136  138  137  139  139  140
  140  142  142  143  144  145  145  145  145  146  145  145  145  145  144  144
  144  144  144  144  142  144  157  135  129                                   
    85.0-180.0 180.0   5.0 450.0                            LAT/LON1/LON2/DLON/H
  133  137  133  134  134  134  135  135  136  136  137  137  137  137  137  137
  137  138  137  137  137  137  137  135  136  134  134  132  133  131  131  129
  130  127  128  125  126  124  125  122  124  122  125  123  126  126  129  128
  132  132  135  134  137  137  138  138  139  138  139  138  138  137  137  136
  136  135  135  135  135  134  139  137  133                                   
    82.5-180.0 180.0   5.0 450.0                            LAT/LON1/LON2/DLON/H
  135  127  129  129  129  129  130  130  132  131  133  131  133  132  134  133
  135  133  135  134  136  134  136  134  135  134  134  133  132  131  130  129
  127  126  123  123  120  120  117  117  116  117  117  119  119  121  123  124
  126  126  130  129  133  131  135  133  136  134  136  134  135  133  134  132
  134  131  133  131  132  129  140  123  135                                   
    80.0-180.0 180.0   5.0 450.0                            LAT/LON1/LON2/DLON/H
  128  121  121  125  124  124  125  126  127  128  128  128  128  129  129  129
  130  130  131  130  132  132  132  132  132  132  131  131  131  131  129  128
  125  125  121  120  116  116  112  113  111  112  112  114  116  118  121  123
  126  127  130  130  132  132  133  133  133  133  133  132  132  131  130  129
  128  127  127  126  125  123  124  119  128                                   
    77.5-180.0 180.0   5.0 450.0                            LAT/LON1/LON2/DLON/H
  117  114  115  117  120  120  123  122  124  122  124  123  124  122  124  122
  125  123  126  125  128  126  129  128  131  129  132  130  132  130  132  128
  128  124  122  118  116  113  111  110  108  110  111  113  115  119  122  125
  126  130  131  133  132  133  133  133  131  131  129  129  126  125  123  122
  121  120  119  119  117  115  118  110  117                                   
    75.0-180.0 180.0   5.0 450.0                            LAT/LON1/LON2/DLON/H
  114  105  109  114  116  117  119  119  121  120  122  120  122  120  123  120
  124  121  125  122  126  124  127  126  128  128  131  129  133  131  134  130
  131  126  125  119  117  113  111  108  109  108  111  113  118  120  126  126
  131  131  134  132  135  132  134  130  131  127  128  124  125  121  122  118
  119  116  116  113  115  110  113  110  114                                   
    72.5-180.0 180.0   5.0 450.0                            LAT/LON1/LON2/DLON/H
  109  105  106  110  113  115  117  117  118  118  119  119  120  119  120  120
  121  120  123  121  124  122  125  123  126  125  129  128  132  132  135  134
  134  131  129  124  121  116  114  111  111  112  115  118  122  127  130  134
  134  138  137  139  136  137  134  134  130  130  125  125  122  121  118  116
  114  113  112  111  109  107  112  106  109                                   
    70.0-180.0 180.0   5.0 450.0                            LAT/LON1/LON2/DLON/H
  106   97  101  107  110  111  115  114  117  116  119  116  120  117  122  118
  122  119  123  119  123  119  122  120  123  121  125  124  129  129  134  132
  135  131  131  125  123  118  116  113  114  115  120  123  128  131  136  137
  140  139  141  137  138  134  134  129  130  125  126  122  123  119  120  115
  115  110  110  105  106   99  107  105  106                                   
    67.5-180.0 180.0   5.0 450.0                            LAT/LON1/LON2/DLON/H
  101   98   96  101  106  108  111  113  114  115  116  117  118  119  121  121
  122  122  122  121  121  120  121  120  121  121  122  124  126  129  132  134
  136  135  134  131  128  123  121  119  120  123  127  132  136  140  142  144
  143  144  142  141  138  137  133  133  129  130  126  127  124  122  120  118
  115  112  108  105  101   96  103   99  101                                   
    65.0-180.0 180.0   5.0 450.0                            LAT/LON1/LON2/DLON/H
   95   88   89   94  100  103  107  109  112  113  116  116  120  120  124  122
  125  122  124  120  122  118  120  118  119  117  119  118  121  124  128  130
  134  133  134  130  129  124  125  122  126  128  135  137  144  144  148  146
  148  144  145  140  140  135  135  133  133  130  131  129  128  125  125  119
  119  111  110  102  100   89   97   97   95                                   
    62.5-180.0 180.0   5.0 450.0                            LAT/LON1/LON2/DLON/H
   90   87   83   86   92   97  102  106  108  111  114  118  121  123  125  126
  126  125  124  123  122  122  122  121  120  119  118  118  119  123  126  131
  133  135  136  135  133  130  130  130  133  138  143  148  150  153  153  154
  151  151  147  145  142  142  139  140  138  140  137  138  134  133  129  125
  120  114  110  103   97   86   92   91   90                                   
    60.0-180.0 180.0   5.0 450.0                            LAT/LON1/LON2/DLON/H
   85   77   76   79   86   89   95   97  101  105  109  113  118  121  125  125
  126  123  123  121  122  119  122  120  121  118  117  117  117  121  124  129
  133  135  137  134  135  132  134  134  140  143  151  152  157  155  157  153
  154  150  150  147  147  145  145  144  146  143  144  141  141  135  134  126
  124  115  111  101   97   81   85   89   85                                   
    57.5-180.0 180.0   5.0 450.0                            LAT/LON1/LON2/DLON/H
   82   77   73   75   81   84   88   92   95  100  104  110  116  120  124  126
  126  124  123  122  122  122  124  124  125  123  122  121  121  124  128  133
  137  141  142  142  140  140  141  144  147  153  157  161  161  162  160  159
  156  155  153  152  152  152  152  153  153  154  151  151  147  143  136  131
  125  118  111  103   94   83   84   84   82                                   
    55.0-180.0 180.0   5.0 450.0                            LAT/LON1/LON2/DLON/H
   82   71   70   73   78   80   85   85   89   91   97  102  110  114  121  121
  123  120  120  119  120  121  123  125  125  126  123  125  123  128  130  137
  140  144  146  145  146  144  148  149  155  158  164  165  167  164  165  160
  161  157  160  157  160  159  160  159  160  158  157  153  150  142  138  130
  126  117  112  100   97   80   81   86   82                                   
    52.5-180.0 180.0   5.0 450.0                            LAT/LON1/LON2/DLON/H
   84   76   72   74   78   80   85   87   89   92   95  100  106  113  118  122
  122  122  121  121  122  124  126  130  131  132  131  132  131  136  140  146
  150  154  156  157  156  157  158  161  163  169  171  175  174  174  171  170
  166  167  165  167  166  168  167  168  167  168  163  161  154  148  139  133
  127  121  114  107   99   88   88   90   84                                   
    50.0-180.0 180.0   5.0 450.0                            LAT/LON1/LON2/DLON/H
   90   80   77   78   81   80   86   85   89   88   92   95  103  107  115  118
  122  121  122  122  123  125  127  133  132  136  134  138  137  142  146  153
  157  161  164  164  167  165  170  169  174  176  180  180  181  177  178  174
  175  172  173  172  173  172  171  170  171  167  164  160  154  148  141  134
  129  121  117  107  105   90   91   96   90                                   
    47.5-180.0 180.0   5.0 450.0                            LAT/LON1/LON2/DLON/H
   97   89   86   86   86   87   90   92   94   95   97  101  105  110  117  121
  126  127  128  129  130  132  133  137  138  142  142  145  146  151  156  163
  168  173  175  178  180  182  184  185  186  189  189  190  188  188  185  185
  181  183  179  182  178  178  175  175  173  171  166  163  156  150  142  137
  130  127  121  116  111  103  104  105   97                                   
    45.0-180.0 180.0   5.0 450.0                            LAT/LON1/LON2/DLON/H
  107   98   95   93   93   91   94   94   96   97   99  102  107  112  119  125
  129  133  134  136  135  137  135  140  139  146  146  151  152  157  162  169
  175  180  185  187  193  193  199  197  200  199  201  198  200  197  197  193
  193  190  189  186  184  181  178  176  174  170  166  162  157  153  146  141
  136  130  128  120  121  111  109  111  107                                   
    42.5-180.0 180.0   5.0 450.0                            LAT/LON1/LON2/DLON/H
  111  105  104  101   98   98  100  101  104  105  108  111  115  120  127  130
  138  141  145  146  146  146  144  145  146  151  154  159  160  165  170  178
  185  192  198  204  210  215  219  219  217  216  214  214  213  213  210  209
  204  203  197  197  190  187  182  180  176  174  168  167  161  157  151  148
  141  141  133  133  127  124  124  121  111                                   
    40.0-180.0 180.0   5.0 450.0                            LAT/LON1/LON2/DLON/H
  117  110  108  103  101   99  101  103  105  110  113  117  122  128  134  140
  146  151  154  157  154  154  149  151  151  157  160  165  167  171  176  185
  193  201  210  215  227  230  239  236  237  231  232  228  230  227  226  221
  218  214  210  205  199  191  187  181  180  174  171  168  165  162  158  155
  150  145  143  136  137  128  126  122  117                                   
    37.5-180.0 180.0   5.0 450.0                            LAT/LON1/LON2/DLON/H
  116  110  109  104  101   99  104  103  111  114  123  126  134  137  145  147
  157  159  166  167  167  164  160  159  159  164  169  173  175  180  186  196
  206  216  226  236  246  255  261  260  258  252  250  246  246  243  241  237
  231  227  220  216  207  202  194  191  185  183  177  177  172  170  165  163
  155  156  145  147  137  135  136  126  116                                   
    35.0-180.0 180.0   5.0 450.0                            LAT/LON1/LON2/DLON/H
  117  110  104   98   95   94   96  101  105  116  123  133  139  148  153  160
  163  169  172  177  174  171  166  165  166  172  178  183  187  190  199  207
  220  232  246  255  270  277  286  282  281  272  270  265  265  261  259  253
  248  243  238  231  224  216  210  202  197  190  186  183  179  175  172  167
  165  157  155  145  144  134  132  124  117                                   
    32.5-180.0 180.0   5.0 450.0                            LAT/LON1/LON2/DLON/H
  117  105   99   96   91   90   94   95  105  112  125  135  146  154  162  165
  172  175  182  185  183  178  172  170  172  179  187  194  199  205  213  224
  239  255  270  284  296  305  312  310  307  299  295  290  290  285  281  274
  267  261  254  246  239  231  223  218  209  205  197  194  187  185  177  176
  166  165  152  153  142  139  139  130  117                                   
    30.0-180.0 180.0   5.0 450.0                            LAT/LON1/LON2/DLON/H
  118  107   93   89   83   83   84   88   95  107  120  135  147  159  166  171
  174  179  183  187  185  182  175  174  178  185  197  204  212  217  229  240
  261  279  299  312  327  333  338  335  333  324  322  317  316  310  305  298
  292  284  276  268  260  250  241  232  224  214  207  201  196  190  185  178
  173  163  160  148  148  136  135  127  118                                   
    27.5-180.0 180.0   5.0 450.0                            LAT/LON1/LON2/DLON/H
  121  102   94   90   84   84   84   86   93  103  115  131  143  159  166  172
  176  183  188  193  190  186  179  178  180  191  202  214  222  232  245  264
  289  311  330  343  353  358  361  358  356  350  348  344  342  335  330  322
  315  306  300  289  281  266  255  242  232  221  212  206  201  195  186  182
  171  168  156  155  145  143  141  134  121                                   
    25.0-180.0 180.0   5.0 450.0                            LAT/LON1/LON2/DLON/H
  124  109   94   91   83   83   78   83   87   97  111  123  142  153  167  169
  178  184  191  193  194  188  183  180  184  195  210  222  235  245  267  289
  318  339  360  370  380  382  385  383  382  379  377  375  371  363  356  347
  342  333  324  312  300  283  267  252  238  227  215  208  202  196  191  182
  177  166  162  153  152  144  140  135  124                                   
    22.5-180.0 180.0   5.0 450.0                            LAT/LON1/LON2/DLON/H
  131  108  100   97   90   88   84   84   86   94  103  118  133  150  158  168
  174  185  192  198  195  192  182  183  185  199  214  231  246  265  288  312
  338  359  375  385  390  393  394  396  396  398  396  397  391  385  375  370
  362  353  341  323  309  288  271  252  239  225  216  206  201  193  187  181
  174  169  160  158  151  151  147  143  131                                   
    20.0-180.0 180.0   5.0 450.0                            LAT/LON1/LON2/DLON/H
  130  117  106  103   96   93   86   85   82   87   97  110  129  141  157  163
  176  184  195  197  198  192  187  185  192  205  223  239  263  282  309  329
  355  372  388  393  398  402  405  409  412  414  417  417  413  405  397  391
  383  371  354  336  316  295  274  256  240  228  214  207  197  191  187  180
  177  168  165  156  155  151  147  144  130                                   
    17.5-180.0 180.0   5.0 450.0                            LAT/LON1/LON2/DLON/H
  132  116  113  111  103   99   93   91   86   88   93  106  122  135  148  158
  166  180  190  199  196  195  187  190  196  213  229  255  280  301  325  343
  364  379  388  394  394  400  402  412  416  423  423  427  419  417  405  403
  390  377  357  334  315  292  271  253  240  226  215  202  195  186  181  177
  172  169  161  159  151  151  147  146  132                                   
    15.0-180.0 180.0   5.0 450.0                            LAT/LON1/LON2/DLON/H
  127  118  114  111  108  101   96   92   87   87   89  102  117  134  149  160
  173  181  191  195  197  195  194  197  209  222  245  269  299  318  340  355
  373  385  393  396  398  405  411  422  427  434  437  437  432  427  418  412
  399  384  361  339  314  294  272  258  244  234  217  206  192  183  179  174
  174  166  163  153  149  145  141  139  127                                   
    12.5-180.0 180.0   5.0 450.0                            LAT/LON1/LON2/DLON/H
  123  116  112  110  103  101   97   95   92   91   92  101  115  131  145  154
  163  174  185  194  195  197  198  206  219  238  261  289  317  336  355  368
  382  391  396  400  401  408  414  425  431  440  439  440  432  430  420  415
  401  383  360  334  311  290  272  259  248  235  221  201  190  177  173  171
  168  166  156  151  141  138  134  135  123                                   
    10.0-180.0 180.0   5.0 450.0                            LAT/LON1/LON2/DLON/H
  117  107  104  101   99   95   92   91   90   91   92  102  116  134  148  160
  172  178  190  194  200  201  210  219  237  254  282  306  337  353  372  382
  392  399  405  410  414  420  425  437  441  449  445  444  435  432  420  414
  399  381  355  331  307  290  272  264  252  241  222  206  187  175  169  167
  167  159  154  143  136  127  121  122  117                                   
     7.5-180.0 180.0   5.0 450.0                            LAT/LON1/LON2/DLON/H
  110  104   96   93   88   87   86   90   88   92   93  105  116  132  145  155
  165  176  188  196  200  207  215  232  250  273  299  325  353  370  387  393
