data/unet/pred0250.15i
     1.0            IONOSPHERE MAPS     GNSS                IONEX VERSION / TYPE
pyspatialgeodesy        IME             05-JAN-18 20:20     PGM / RUN BY / DATE 
Map Name                                                    COMMENT             
Predicted global ionosphere maps (GIM).                     DESCRIPTION         
  2015     1    25     0     0     0                        EPOCH OF FIRST MAP  
  2015     1    26     0     0     0                        EPOCH OF LAST MAP   
  7200                                                      INTERVAL            
    13                                                      # OF MAPS IN FILE   
  NONE                                                      MAPPING FUNCTION    
10.0                                                        ELEVATION CUTOFF    
One-way carrier phase leveled to code                       OBSERVABLES USED    
  6371.0                                                    BASE RADIUS         
 2                                                          MAP DIMENSION       
   450.0 450.0   0.0                                        HGT1 / HGT2 / DHGT  
    87.5 -87.5  -2.5                                        LAT1 / LAT2 / DLAT  
  -180.0 180.0   5.0                                        LON1 / LON2 / DLON  
    -1                                                      EXPONENT            
                                                            END OF HEADER       
[from data line 2145]
     6                                                      START OF TEC MAP    
  2015     1    25    10     0     0                        EPOCH OF CURRENT MAP
    87.5-180.0 180.0   5.0 450.0                            LAT/LON1/LON2/DLON/H
   46   69   58   58   58   55   57   56   58   56   58   56   58   56   57   55
   56   54   55   53   53   53   53   52   53   53   53   52   53   52   53   52
   52   52   52   51   50   51   50   51   49   51   49   50   48   49   47   48
   46   47   45   45   45   44   44   43   43   43   43   43   43   43   44   43
   45   45   47   48   50   45   48   49   46                                   
    85.0-180.0 180.0   5.0 450.0                            LAT/LON1/LON2/DLON/H
   69   81   90   87   92   86   91   87   91   87   90   85   87   83   84   80
   80   77   77   74   73   72   71   70   69   70   69   71   69   73   71   75
   72   77   75   80   76   81   78   81   78   80   78   78   75   75   73   73
   70   69   67   66   64   63   62   61   61   61   61   61   63   63   66   66
   70   70   75   73   77   77   81   67   69                                   
    82.5-180.0 180.0   5.0 450.0                            LAT/LON1/LON2/DLON/H
   62   85   92   92   91   88   90   89   89   86   85   82   80   77   73   71
   67   66   63   62   59   61   58   59   57   59   58   61   60   64   63   67
   66   71   71   75   75   79   78   81   79   82   78   80   75   76   71   71
   65   64   59   58   53   52   48   48   46   46   45   46   47   49   51   55
   58   62   66   69   72   75   79   62   62                                   
    80.0-180.0 180.0   5.0 450.0                            LAT/LON1/LON2/DLON/H
   59   73   80   81   81   81   80   80   78   75   72   69   64   62   56   55
   50   49   45   45   43   44   42   43   42   44   44   46   48   51   53   56
   60   64   69   72   76   79   82   84   85   85   84   83   80   77   73   69
   64   60   55   52   46   43   38   37   33   32   30   32   31   34   36   40
   44   48   53   55   59   60   70   60   59                                   
    77.5-180.0 180.0   5.0 450.0                            LAT/LON1/LON2/DLON/H
   54   64   71   73   71   71   71   71   68   66   62   59   53   50   45   41
   38   35   36   34   36   35   38   37   39   38   41   40   43   44   50   51
   58   62   70   73   81   84   90   90   94   93   93   91   88   84   80   76
   70   66   60   56   51   47   41   38   33   31   28   27   26   26   28   31
   35   39   44   47   50   53   61   48   54                                   
    75.0-180.0 180.0   5.0 450.0                            LAT/LON1/LON2/DLON/H
   50   55   60   63   61   65   63   64   59   58   51   49   40   38   30   28
   24   25   24   27   26   31   30   35   32   37   34   37   35   41   41   48
   52   62   68   77   82   91   94   99  100  104  102  103   97   98   91   90
   82   80   75   71   65   60   55   50   44   38   34   30   28   27   28   30
   32   36   39   44   46   50   55   46   50                                   
    72.5-180.0 180.0   5.0 450.0                            LAT/LON1/LON2/DLON/H
   48   51   53   56   56   55   59   55   56   49   47   40   36   28   25   20
   20   18   22   23   28   31   35   37   38   39   37   37   37   39   41   45
   51   59   69   77   88   95  102  107  108  113  112  115  111  112  109  107
  102  100   96   91   87   79   74   66   60   51   45   39   36   33   33   33
   36   37   42   43   46   45   52   38   48                                   
    70.0-180.0 180.0   5.0 450.0                            LAT/LON1/LON2/DLON/H
   46   45   47   51   50   53   52   54   50   48   41   37   28   24   17   14
   12   15   17   23   28   37   40   45   45   47   44   42   42   42   44   48
   55   63   74   83   95  106  112  117  121  127  126  129  128  130  126  126
  122  122  118  116  110  103   95   87   78   69   61   54   49   44   42   41
   41   44   44   48   46   47   48   38   46                                   
    67.5-180.0 180.0   5.0 450.0                            LAT/LON1/LON2/DLON/H
   43   46   43   46   46   48   50   50   50   46   43   36   31   23   19   14
   14   15   20   25   33   40   47   51   52   53   48   47   43   42   43   48
   54   64   75   86   98  109  118  124  127  133  134  139  139  141  140  140
  138  136  135  131  127  119  111  102   92   81   72   64   57   51   48   45
   45   45   47   48   48   46   47   31   43                                   
    65.0-180.0 180.0   5.0 450.0                            LAT/LON1/LON2/DLON/H
   42   40   39   44   43   48   48   52   49   49   43   41   32   28   20   18
   15   17   21   28   36   44   50   55   56   56   54   51   49   45   48   50
   59   67   79   93  105  117  124  131  134  138  140  143  145  149  149  153
  151  154  147  147  138  134  123  115  102   92   80   71   63   56   51   48
   46   47   46   49   46   46   44   31   42                                   
    62.5-180.0 180.0   5.0 450.0                            LAT/LON1/LON2/DLON/H
   37   42   37   41   40   44   45   48   48   48   45   43   38   32   27   24
   21   21   24   30   37   45   51   55   55   55   51   50   46   46   46   53
   60   71   82   97  109  120  127  134  136  141  142  148  150  154  157  159
  161  159  157  151  146  139  129  118  106   94   82   72   63   54   48   44
   41   42   42   43   44   42   42   26   37                                   
    60.0-180.0 180.0   5.0 450.0                            LAT/LON1/LON2/DLON/H
   37   36   36   38   37   41   42   46   46   47   45   45   39   36   30   27
   23   23   24   29   34   40   45   49   49   50   48   48   47   48   52   59
   68   78   92  110  121  131  138  144  148  149  152  157  159  165  165  171
  167  169  161  158  147  141  128  120  107   98   85   74   64   54   47   42
   39   38   38   41   39   41   37   24   37                                   
    57.5-180.0 180.0   5.0 450.0                            LAT/LON1/LON2/DLON/H
   33   40   36   37   35   36   35   38   38   41   41   43   40   38   34   30
   26   26   25   30   32   37   39   41   42   42   43   45   48   53   59   69
   78   94  108  125  136  145  151  156  157  160  160  167  170  175  178  178
  176  173  168  159  150  140  129  119  109   98   86   75   64   54   46   39
   35   34   35   36   38   37   38   22   33                                   
    55.0-180.0 180.0   5.0 450.0                            LAT/LON1/LON2/DLON/H
   37   38   40   37   34   35   32   35   34   38   39   42   41   40   37   34
   30   29   27   30   29   33   31   35   32   36   37   44   49   59   68   80
   92  112  126  144  154  166  171  176  177  180  179  185  186  192  189  190
  183  182  170  164  149  140  128  121  111  103   91   81   69   58   48   41
   36   34   34   38   38   41   39   28   37                                   
    52.5-180.0 180.0   5.0 450.0                            LAT/LON1/LON2/DLON/H
   42   48   43   41   36   35   31   32   31   35   36   41   41   41   39   36
   34   33   32   33   33   34   33   31   31   32   37   43   53   64   77   93
  109  129  145  159  172  181  188  192  194  196  196  202  204  206  204  199
  195  189  180  169  158  145  137  126  119  109   99   87   76   66   55   48
   42   41   41   43   44   44   47   31   42                                   
    50.0-180.0 180.0   5.0 450.0                            LAT/LON1/LON2/DLON/H
   52   53   52   49   43   42   37   37   35   37   39   43   44   44   44   42
   40   41   40   42   41   42   37   37   33   36   37   49   57   72   85  106
  123  146  160  179  189  200  206  214  214  219  216  222  219  220  212  211
  202  201  188  179  165  156  144  137  128  122  111  101   88   78   68   60
   53   52   50   54   53   55   53   42   52                                   
    47.5-180.0 180.0   5.0 450.0                            LAT/LON1/LON2/DLON/H
   65   69   62   59   52   51   46   45   42   44   44   46   47   47   47   46
   47   47   50   52   52   52   48   44   41   42   45   54   64   78   94  113
  133  154  173  188  204  213  223  227  231  231  233  231  232  228  224  217
  213  207  198  187  177  164  156  144  138  128  121  110   99   90   79   72
   66   63   62   63   62   63   66   49   65                                   
    45.0-180.0 180.0   5.0 450.0                            LAT/LON1/LON2/DLON/H
   74   73   72   70   66   65   61   61   58   58   58   58   57   56   56   56
   57   61   64   68   69   69   64   61   55   55   55   64   72   86   99  121
  139  163  182  203  216  231  237  243  243  245  241  243  236  236  227  225
  218  217  206  199  185  177  162  154  142  135  124  116  106   98   88   82
   75   74   71   72   70   71   74   64   74                                   
    42.5-180.0 180.0   5.0 450.0                            LAT/LON1/LON2/DLON/H
   81   82   78   80   75   78   76   77   74   73   70   68   65   63   62   63
   67   70   76   80   83   81   77   71   66   63   65   72   80   91  102  119
  139  161  184  204  225  239  249  251  253  251  249  245  244  238  232  226
  223  218  212  204  195  181  170  156  145  132  123  113  105   98   91   85
   78   76   74   73   72   72   76   69   81                                   
    40.0-180.0 180.0   5.0 450.0                            LAT/LON1/LON2/DLON/H
   82   79   82   84   85   90   91   94   91   91   87   84   79   76   74   76
   78   83   88   94   97   97   93   88   80   77   75   82   88   97  108  123
  141  165  187  213  233  252  259  264  263  262  257  256  249  245  235  234
  227  229  219  214  200  190  173  159  144  132  119  111  102   97   88   84
   76   74   69   69   67   69   74   68   82                                   
    37.5-180.0 180.0   5.0 450.0                            LAT/LON1/LON2/DLON/H
   80   79   78   86   86   95   97  102  100  100   96   92   88   84   82   82
   85   89   95   99  102  104  100   94   87   84   83   89   95  103  110  122
  140  162  187  214  242  259  270  274  275  274  271  268  262  253  246  240
  237  233  227  217  207  192  178  161  147  131  120  108  100   92   86   80
   74   71   67   64   63   62   68   63   80                                   
    35.0-180.0 180.0   5.0 450.0                            LAT/LON1/LON2/DLON/H
   77   71   75   81   85   94  100  106  106  107  104  102   98   95   91   92
   93   98  102  106  111  112  109  103   96   94   93   98  106  113  122  130
  148  170  197  227  254  274  284  291  293  294  294  292  282  275  263  261
  252  253  239  231  213  201  183  168  152  139  126  115  102   95   86   81
   73   70   63   61   56   55   59   53   77                                   
    32.5-180.0 180.0   5.0 450.0                            LAT/LON1/LON2/DLON/H
   69   68   66   74   76   88   92  100  100  102  101  101  100   97   96   95
   97  101  105  110  110  111  106  101   96   94   97  105  115  122  130  136
  153  173  203  233  265  285  300  308  317  322  326  323  316  304  294  284
  281  272  259  243  227  212  198  183  171  158  147  134  122  109   99   91
   84   80   75   68   65   58   57   44   69                                   
    30.0-180.0 180.0   5.0 450.0                            LAT/LON1/LON2/DLON/H
   66   61   62   64   68   78   83   90   92   95   97   99  101  100   99   99
  101  105  109  110  111  109  108  102   98   97  101  113  127  135  146  150
  165  186  216  249  278  300  318  333  345  355  360  362  356  347  332  322
  311  304  287  272  249  236  220  210  198  188  176  166  152  140  127  120
  112  105   95   89   80   73   66   47   66                                   
    27.5-180.0 180.0   5.0 450.0                            LAT/LON1/LON2/DLON/H
   71   76   67   67   64   71   74   80   82   85   88   92   95   96   98   99
  102  107  109  110  107  106  101   97   96   97  108  120  137  150  160  166
  180  199  232  263  291  311  339  358  379  390  402  407  407  398  386  369
  357  342  326  308  285  269  256  245  239  231  221  210  198  183  169  157
  149  139  129  118  109   98   88   55   71                                   
    25.0-180.0 180.0   5.0 450.0                            LAT/LON1/LON2/DLON/H
   83   89   82   75   69   71   71   74   77   79   83   87   92   92   96   96
  101  105  107  107  106  102  100   95   98  101  113  127  146  159  173  183
  190  215  246  283  306  328  357  385  411  424  436  445  452  446  436  417
  401  386  367  352  328  315  299  294  287  280  270  258  247  232  220  205
  195  183  172  160  144  129  118   80   83                                   
    22.5-180.0 180.0   5.0 450.0                            LAT/LON1/LON2/DLON/H
  106  124  106   99   85   81   78   77   77   78   80   84   88   90   91   93
   98  103  104  104  100   96   94   92   99  103  118  128  148  162  185  186
  202  223  264  291  312  337  365  397  427  446  465  475  484  481  476  459
  449  429  413  389  372  359  349  344  339  329  319  304  294  277  268  254
  247  234  224  209  191  171  152  105  106                                   
    20.0-180.0 180.0   5.0 450.0                            LAT/LON1/LON2/DLON/H
  135  155  142  128  112  102   94   89   87   82   85   84   88   86   88   88
   93   98  100  100   97   94   94   98  105  107  120  127  146  168  189  203
  225  255  286  315  333  355  381  412  445  466  486  496  508  505  503  489
  483  467  448  429  410  403  395  394  388  378  369  351  340  320  310  296
  292  283  276  259  243  216  195  148  135                                   
    17.5-180.0 180.0   5.0 450.0                            LAT/LON1/LON2/DLON/H
  175  193  182  166  144  131  119  109  105   97   93   90   87   86   84   85
   87   92   93   93   91   88   92   96  108  107  118  124  145  170  199  209
  244  267  302  321  339  360  381  415  445  471  494  508  518  514  514  502
  502  485  474  452  444  438  436  432  427  415  403  386  375  356  345  329
  323  316  313  303  286  264  235  191  175                                   
    15.0-180.0 180.0   5.0 450.0                            LAT/LON1/LON2/DLON/H
  205  218  211  199  175  157  144  133  125  115  110   99   97   87   87   81
   85   84   88   87   87   86   92   99  105  105  110  122  142  173  208  234
  259  286  310  337  352  368  388  420  453  477  498  511  519  515  511  503
  501  492  479  469  462  465  464  461  454  443  429  411  396  375  363  346
  340  335  331  323  312  296  269  241  205                                   
    12.5-180.0 180.0   5.0 450.0                            LAT/LON1/LON2/DLON/H
  227  235  232  227  203  188  168  157  143  132  121  110  101   92   87   81
   81   80   82   82   84   85   94   96  104  100  107  119  145  173  212  237
  270  291  320  340  354  367  380  415  444  470  487  501  509  505  503  494
  494  478  478  466  473  474  476  470  462  450  435  416  402  380  367  349
  342  335  333  324  318  310  293  271  227                                   
    10.0-180.0 180.0   5.0 450.0                            LAT/LON1/LON2/DLON/H
  235  238  238  237  226  211  193  178  161  147  134  119  112   98  100   84
   89   79   85   81   86   88   94   99  100   98  107  123  151  180  220  244
  273  297  322  340  354  366  382  407  434  456  472  485  495  495  491  486
  481  475  470  471  476  481  480  475  465  454  438  419  405  381  366  345
  331  321  313  308  302  303  291  286  235                                   
     7.5-180.0 180.0   5.0 450.0                            LAT/LON1/LON2/DLON/H
  238  239  239  241  231  221  202  186  170  156  140  128  118  105  102   94
   91   86   85   85   89   92   96   96   94   94  106  130  158  187  221  251
