data/unet/pred3450.15i
     1.0            IONOSPHERE MAPS     GNSS                IONEX VERSION / TYPE
pyspatialgeodesy        IME             05-JAN-18 20:20     PGM / RUN BY / DATE 
Map Name                                                    COMMENT             
Predicted global ionosphere maps (GIM).                     DESCRIPTION         
  2015    12    11     0     0     0                        EPOCH OF FIRST MAP  
  2015    12    12     0     0     0                        EPOCH OF LAST MAP   
  7200                                                      INTERVAL            
    13                                                      # OF MAPS IN FILE   
  NONE                                                      MAPPING FUNCTION    
10.0                                                        ELEVATION CUTOFF    
One-way carrier phase leveled to code                       OBSERVABLES USED    
  6371.0                                                    BASE RADIUS         
 2                                                          MAP DIMENSION       
   450.0 450.0   0.0                                        HGT1 / HGT2 / DHGT  
    87.5 -87.5  -2.5                                        LAT1 / LAT2 / DLAT  
  -180.0 180.0   5.0                                        LON1 / LON2 / DLON  
    -1                                                      EXPONENT            
                                                            END OF HEADER       
[from data line 4719]
    12                                                      START OF TEC MAP    
  2015    12    11    22     0     0                        EPOCH OF CURRENT MAP
    87.5-180.0 180.0   5.0 450.0                            LAT/LON1/LON2/DLON/H
  141   83   60   63   61   61   62   62   63   63   64   64   64   64   64   64
   63   63   62   62   61   61   60   59   58   58   57   56   56   55   55   54
   54   53   53   53   53   53   54   54   54   55   56   56   57   57   58   58
   58   58   59   59   59   59   59   59   59   59   59   59   59   59   59   59
   59   59   59   58   59   59   63  113  141                                   
    85.0-180.0 180.0   5.0 450.0                            LAT/LON1/LON2/DLON/H
   68   51   49   52   53   53   54   55   56   57   58   58   59   58   59   57
   58   55   55   53   52   50   49   47   46   44   43   42   40   39   38   38
   37   37   37   38   38   40   40   41   42   44   44   46   46   48   48   49
   49   49   49   49   49   49   49   49   48   48   48   47   47   47   47   47
   46   47   46   46   47   47   47   80   68                                   
    82.5-180.0 180.0   5.0 450.0                            LAT/LON1/LON2/DLON/H
   55   48   48   51   52   52   55   56   60   60   64   63   66   65   67   64
   65   61   61   57   57   52   52   48   48   43   43   39   39   35   37   33
   35   32   35   33   37   35   39   38   43   42   46   45   49   47   50   48
   51   49   52   49   51   49   51   48   50   47   49   45   47   44   46   42
   45   41   44   40   44   40   44   66   55                                   
    80.0-180.0 180.0   5.0 450.0                            LAT/LON1/LON2/DLON/H
   56   47   43   48   48   51   54   57   60   64   67   70   71   72   71   70
   68   65   62   59   55   52   48   45   42   40   38   36   34   32   31   30
   30   30   30   31   33   34   36   38   40   43   44   46   48   49   50   50
   51   51   51   50   51   50   50   48   48   46   46   44   43   41   40   39
   38   37   36   36   36   37   35   56   56                                   
    77.5-180.0 180.0   5.0 450.0                            LAT/LON1/LON2/DLON/H
   51   44   39   42   42   45   48   53   57   62   67   70   73   72   73   69
   67   62   58   54   49   45   42   39   36   34   32   30   28   27   27   26
   26   26   27   28   29   31   32   36   37   40   41   44   45   47   47   47
   47   48   48   48   47   47   46   46   45   44   42   41   39   37   35   34
   32   32   30   30   30   31   31   54   51                                   
    75.0-180.0 180.0   5.0 450.0                            LAT/LON1/LON2/DLON/H
   52   45   40   44   45   48   51   56   62   67   73   76   79   78   77   73
   68   62   56   51   45   42   38   37   34   33   31   31   29   29   28   29
   28   30   29   32   31   34   34   38   38   42   43   46   47   48   48   48
   48   48   48   48   47   47   46   46   45   44   43   42   39   38   35   33
   31   31   29   30   31   33   35   56   52                                   
    72.5-180.0 180.0   5.0 450.0                            LAT/LON1/LON2/DLON/H
   58   53   48   50   49   52   54   59   65   71   77   80   84   81   80   72
   67   58   52   45   41   37   35   34   33   32   32   32   31   31   31   31
   32   32   33   34   34   36   35   38   38   42   42   45   45   46   45   45
   44   44   44   44   43   44   43   43   43   42   41   40   38   36   34   31
   30   30   29   30   33   36   38   62   58                                   
    70.0-180.0 180.0   5.0 450.0                            LAT/LON1/LON2/DLON/H
   67   61   57   60   59   61   63   68   73   81   86   90   92   89   85   77
   69   59   51   43   39   36   34   35   34   36   35   36   35   36   34   35
   34   36   35   37   35   37   35   37   36   39   40   42   43   43   42   41
   41   40   40   39   40   40   41   41   42   42   41   40   38   36   33   32
   30   30   31   33   36   40   46   68   67                                   
    67.5-180.0 180.0   5.0 450.0                            LAT/LON1/LON2/DLON/H
   79   75   70   72   70   71   72   76   82   89   96   99  102   97   93   82
   73   60   52   43   39   37   36   36   37   37   38   37   37   36   36   35
   35   35   35   36   35   34   33   34   32   35   34   37   37   38   37   36
   35   34   34   33   34   35   36   38   39   40   39   39   37   35   33   31
   30   31   33   35   41   46   51   74   79                                   
    65.0-180.0 180.0   5.0 450.0                            LAT/LON1/LON2/DLON/H
   88   86   82   85   83   83   83   88   93  102  107  111  112  107  101   91
   79   67   56   48   43   40   38   39   38   39   38   38   36   35   33   33
   31   32   30   31   29   29   27   28   26   28   29   30   32   31   32   30
   30   28   28   27   28   30   32   34   36   38   38   38   36   34   32   31
   30   31   34   38   45   51   60   81   88                                   
    62.5-180.0 180.0   5.0 450.0                            LAT/LON1/LON2/DLON/H
   98   97   93   96   93   92   92   95  102  109  116  119  121  117  112  100
   89   75   65   55   49   45   41   40   38   37   34   32   30   27   27   25
   24   24   24   24   23   22   20   21   19   22   22   24   24   25   25   24
   23   22   20   21   21   24   25   30   32   35   35   36   34   32   31   29
   30   32   36   41   49   56   65   86   98                                   
    60.0-180.0 180.0   5.0 450.0                            LAT/LON1/LON2/DLON/H
  104  105  103  106  104  103  103  106  111  118  124  129  131  127  121  112
  101   89   77   69   59   54   46   43   37   34   29   27   22   21   18   18
   16   18   16   18   16   16   14   16   15   17   19   21   23   23   22   22
   20   20   17   18   18   21   22   28   30   34   34   36   34   33   31   31
   32   35   40   45   53   61   71   93  104                                   
    57.5-180.0 180.0   5.0 450.0                            LAT/LON1/LON2/DLON/H
  112  115  112  116  115  113  112  113  118  122  129  134  138  135  133  124
  116  104   94   82   72   62   53   44   37   31   26   21   19   16   15   14
   14   14   15   16   15   15   14   15   15   18   20   23   24   24   24   23
   20   20   17   18   16   20   20   27   29   34   34   35   34   34   33   33
   36   39   45   51   59   67   77   99  112                                   
    55.0-180.0 180.0   5.0 450.0                            LAT/LON1/LON2/DLON/H
  120  125  124  129  130  129  127  127  129  132  138  141  146  145  144  140
  132  122  110   99   85   74   60   49   38   31   24   21   17   17   14   16
   14   17   16   19   18   20   19   21   22   25   28   30   32   32   31   30
   26   26   22   22   20   22   22   27   30   34   34   36   35   36   36   39
   43   49   55   62   70   78   87  110  120                                   
    52.5-180.0 180.0   5.0 450.0                            LAT/LON1/LON2/DLON/H
  131  138  137  145  146  145  143  140  140  140  144  145  150  150  152  149
  145  136  125  111   97   80   67   52   43   33   29   24   24   22   22   22
   23   24   25   27   28   28   29   30   32   35   38   40   42   41   40   38
   34   34   29   29   26   27   26   31   32   36   36   37   36   38   40   45
   51   59   67   75   85   93  100  124  131                                   
    50.0-180.0 180.0   5.0 450.0                            LAT/LON1/LON2/DLON/H
  143  150  153  163  168  168  165  162  159  156  156  154  156  156  158  158
  156  149  136  122  105   90   74   62   51   43   38   36   34   35   33   34
   33   35   35   39   38   41   41   43   45   48   52   54   56   55   53   51
   47   45   41   40   36   36   34   36   37   39   38   40   39   42   45   53
   62   72   82   92  102  109  116  140  143                                   
    47.5-180.0 180.0   5.0 450.0                            LAT/LON1/LON2/DLON/H
  158  165  170  182  188  189  187  182  176  170  166  161  160  159  161  162
  161  154  143  127  112   95   83   70   64   55   53   49   50   48   47   46
   45   46   47   50   52   53   54   55   57   60   63   65   67   66   64   62
   59   58   54   53   48   47   43   45   44   45   43   43   43   46   51   60
   71   82   95  108  120  127  132  158  158                                   
    45.0-180.0 180.0   5.0 450.0                            LAT/LON1/LON2/DLON/H
  173  179  188  200  209  212  211  206  198  191  182  177  172  169  168  170
  167  162  148  134  118  105   93   85   79   73   68   66   63   62   57   56
   52   54   54   59   60   63   64   65   67   69   73   75   78   76   75   73
   71   70   67   65   60   57   54   53   51   50   47   47   46   50   57   67
   79   93  107  121  134  143  149  174  173                                   
    42.5-180.0 180.0   5.0 450.0                            LAT/LON1/LON2/DLON/H
  186  191  200  214  223  230  229  225  215  206  197  189  183  178  177  175
  172  164  152  136  125  113  107   99   95   86   82   75   73   67   64   59
   58   58   61   64   68   69   70   70   72   74   78   80   83   81   81   79
   79   78   77   74   71   66   63   60   58   55   51   49   49   54   62   72
   85  100  114  130  145  154  159  188  186                                   
    40.0-180.0 180.0   5.0 450.0                            LAT/LON1/LON2/DLON/H
  195  198  208  220  231  237  237  235  227  221  209  205  196  194  188  187
  180  172  157  146  134  128  120  115  107   98   89   83   75   71   63   62
   58   61   62   69   71   74   73   74   75   77   81   84   86   85   85   83
   83   84   83   82   78   74   68   65   62   57   53   51   52   58   67   78
   91  105  120  135  150  160  169  197  195                                   
    37.5-180.0 180.0   5.0 450.0                            LAT/LON1/LON2/DLON/H
  199  200  208  220  228  236  236  237  231  228  221  217  213  207  201  196
  189  178  166  154  148  142  136  126  116  101   92   80   74   66   64   59
   61   62   68   72   76   77   77   76   77   79   83   85   87   86   85   84
   84   84   85   84   81   76   72   67   64   59   54   52   54   61   71   84
   96  111  123  138  152  164  172  204  199                                   
    35.0-180.0 180.0   5.0 450.0                            LAT/LON1/LON2/DLON/H
  202  201  208  215  222  225  227  230  229  229  226  228  224  222  213  211
  199  192  178  173  164  160  149  137  119  104   88   79   70   67   63   66
   66   73   76   82   83   84   82   81   81   84   87   88   90   88   86   85
   84   85   86   85   82   78   72   68   64   59   54   54   56   65   76   91
  103  117  128  141  154  166  178  209  202                                   
    32.5-180.0 180.0   5.0 450.0                            LAT/LON1/LON2/DLON/H
  207  207  209  214  215  217  217  221  224  228  231  236  237  234  229  222
  212  202  193  187  181  173  160  140  120   98   85   74   72   70   74   77
   84   88   95   95   96   93   91   89   89   90   93   93   93   90   88   85
   83   84   84   83   79   76   71   67   63   59   54   55   58   69   82   98
  112  126  135  147  158  171  182  215  207                                   
    30.0-180.0 180.0   5.0 450.0                            LAT/LON1/LON2/DLON/H
  220  219  222  222  216  214  213  217  222  228  234  241  245  245  238  233
  222  217  207  205  196  186  165  144  118  101   86   85   86   94  100  109
  114  119  120  120  114  109  103  103  102  104  104  105  102   99   94   91
   89   87   88   85   82   77   72   68   63   60   56   57   61   73   88  106
  122  136  146  155  165  178  191  225  220                                   
    27.5-180.0 180.0   5.0 450.0                            LAT/LON1/LON2/DLON/H
  242  245  247  245  234  228  222  224  227  232  239  247  253  253  247  241
  232  226  219  214  204  188  166  141  120  104  101  104  117  129  143  150
  155  153  152  143  136  125  119  116  117  118  118  116  113  107  101   95
   91   89   87   85   80   75   70   67   63   61   57   59   63   77   94  115
  133  148  157  165  176  190  204  239  242                                   
    25.0-180.0 180.0   5.0 450.0                            LAT/LON1/LON2/DLON/H
  272  279  287  279  266  260  249  248  245  248  251  256  260  259  252  247
  238  235  228  221  208  190  166  147  130  126  130  144  162  180  195  200
  198  188  180  167  155  143  135  133  133  134  133  130  127  120  114  107
  103   98   95   89   84   78   73   69   64   61   58   61   67   81  101  123
  143  159  169  178  190  207  223  257  272                                   
    22.5-180.0 180.0   5.0 450.0                            LAT/LON1/LON2/DLON/H
  306  322  328  325  315  308  297  291  284  281  277  276  274  270  260  254
  245  241  232  224  207  187  168  154  151  156  174  193  220  238  249  243
  234  216  204  185  171  158  151  149  149  150  148  144  140  132  126  117
  110  104  100   93   88   81   76   71   66   63   59   63   69   86  105  131
  152  172  183  195  208  226  245  279  306                                   
    20.0-180.0 180.0   5.0 450.0                            LAT/LON1/LON2/DLON/H
  340  360  368  369  364  361  351  344  333  325  314  307  296  285  270  262
  251  245  234  223  206  189  176  176  185  202  228  253  279  289  291  280
  264  242  221  199  181  166  159  159  161  160  159  154  150  142  137  130
  123  116  108  100   94   88   82   76   69   65   61   64   73   88  111  136
  162  182  197  209  224  246  268  300  340                                   
    17.5-180.0 180.0   5.0 450.0                            LAT/LON1/LON2/DLON/H
  369  394  401  410  415  416  413  404  391  378  364  351  333  314  292  277
  263  253  239  225  207  194  192  202  226  255  287  307  323  324  319  302
  280  254  230  205  186  171  166  168  170  172  169  164  158  151  146  138
  132  122  115  105  100   93   89   82   76   71   67   72   80   97  117  146
  170  193  210  225  241  263  287  320  369                                   
    15.0-180.0 180.0   5.0 450.0                            LAT/LON1/LON2/DLON/H
  393  420  429  447  457  467  464  461  445  431  411  397  375  353  323  304
  283  268  251  232  216  208  216  241  279  310  337  347  347  339  325  302
  278  254  231  208  188  173  169  169  174  172  171  164  160  153  151  145
  140  131  122  112  107  101   98   90   83   76   73   76   87  103  125  153
  180  204  223  239  256  280  308  337  393                                   
    12.5-180.0 180.0   5.0 450.0                            LAT/LON1/LON2/DLON/H
  406  434  447  471  487  500  505  504  494  480  459  442  421  397  364  340
  316  296  275  255  241  239  258  291  334  359  373  368  353  334  312  287
  262  241  223  205  187  178  174  177  179  178  174  168  162  156  153  148
  146  137  129  120  115  111  106   99   91   83   78   83   92  112  134  164
  188  213  235  252  270  295  323  352  406                                   
    10.0-180.0 180.0   5.0 450.0                            LAT/LON1/LON2/DLON/H
  416  443  458  482  501  519  525  529  521  510  491  475  455  434  405  382
  356  335  311  290  281  283  309  346  381  393  392  368  340  312  288  262
  243  227  218  205  194  186  186  183  185  179  176  166  163  155  155  151
  150  143  136  127  123  117  114  106   98   88   82   86  100  119  146  173
  199  222  244  261  280  308  337  362  416                                   
     7.5-180.0 180.0   5.0 450.0                            LAT/LON1/LON2/DLON/H
  417  445  460  485  505  523  533  540  538  532  519  507  491  474  449  429
  404  385  360  342  334  341  367  395  415  415  395  356  316  286  262  241
