data/unet/pred0130.15i
     1.0            IONOSPHERE MAPS     GNSS                IONEX VERSION / TYPE
pyspatialgeodesy        IME             05-JAN-18 20:20     PGM / RUN BY / DATE 
Map Name                                                    COMMENT             
Predicted global ionosphere maps (GIM).                     DESCRIPTION         
  2015     1    13     0     0     0                        EPOCH OF FIRST MAP  
  2015     1    14     0     0     0                        EPOCH OF LAST MAP   
  7200                                                      INTERVAL            
    13                                                      # OF MAPS IN FILE   
  NONE                                                      MAPPING FUNCTION    
10.0                                                        ELEVATION CUTOFF    
One-way carrier phase leveled to code                       OBSERVABLES USED    
  6371.0                                                    BASE RADIUS         
 2                                                          MAP DIMENSION       
   450.0 450.0   0.0                                        HGT1 / HGT2 / DHGT  
    87.5 -87.5  -2.5                                        LAT1 / LAT2 / DLAT  
  -180.0 180.0   5.0                                        LON1 / LON2 / DLON  
    -1                                                      EXPONENT            
                                                            END OF HEADER       
[from data line 4719]
    12                                                      START OF TEC MAP    
  2015     1    13    22     0     0                        EPOCH OF CURRENT MAP
    87.5-180.0 180.0   5.0 450.0                            LAT/LON1/LON2/DLON/H
  162  115   99  103  103  105  106  107  108  110  112  113  113  113  114  114
  114  115  115  115  114  115  114  114  112  112  111  109  108  106  105  104
  102  102  101  100   99   99   99   99   99   99  100  100  100  100  101  101
  102  102  102  102  102  101  101  101  100  100   99   98   98   97   97   96
   96   96   96   96   97   97   99  133  162                                   
    85.0-180.0 180.0   5.0 450.0                            LAT/LON1/LON2/DLON/H
   99   87   89   94   97   99  102  104  107  109  112  113  114  115  116  116
  117  116  117  115  115  113  113  110  109  106  105  102  100   97   96   94
   94   92   92   90   91   90   92   92   93   93   95   95   96   97   98   98
   98   98   98   98   97   97   95   94   92   91   89   88   86   84   82   81
   80   80   79   79   81   81   82  109   99                                   
    82.5-180.0 180.0   5.0 450.0                            LAT/LON1/LON2/DLON/H
   79   79   83   89   94   98  103  108  112  117  120  124  125  128  128  130
  128  129  126  126  122  121  116  115  110  107  103  101   98   95   93   91
   90   88   89   88   89   88   90   90   92   93   96   97   99  100  101  102
  102  103  103  103  101  101   99   97   95   92   90   86   83   79   77   73
   72   69   69   67   70   67   71   90   79                                   
    80.0-180.0 180.0   5.0 450.0                            LAT/LON1/LON2/DLON/H
   77   77   78   87   91  100  106  115  121  128  133  138  140  142  142  142
  140  137  134  129  127  120  118  112  110  104  102   98   96   92   90   89
   86   86   84   86   85   87   87   89   90   93   94   97   98  101  102  104
  105  105  106  106  105  104  103  101   97   95   90   88   82   79   73   70
   65   63   60   60   59   59   60   78   77                                   
    77.5-180.0 180.0   5.0 450.0                            LAT/LON1/LON2/DLON/H
   75   76   78   86   94  101  112  120  130  136  143  147  149  149  150  146
  144  136  133  124  120  112  108  100   98   92   91   87   86   83   84   81
   82   79   82   79   83   80   85   83   87   86   91   91   94   94   97   97
   99   99  101  101  102  101  100   98   96   91   88   82   79   72   69   62
   60   55   55   52   55   53   55   74   75                                   
    75.0-180.0 180.0   5.0 450.0                            LAT/LON1/LON2/DLON/H
   82   83   85   96  104  117  128  138  146  152  158  161  164  163  161  153
  147  137  129  119  111  101   94   87   83   79   79   75   75   72   75   74
   76   76   78   79   80   81   82   84   85   88   89   91   92   92   93   93
   94   93   95   94   96   94   95   91   90   85   83   77   74   69   65   61
   58   56   54   54   55   57   61   79   82                                   
    72.5-180.0 180.0   5.0 450.0                            LAT/LON1/LON2/DLON/H
   99  100  102  114  123  135  147  156  165  173  179  181  181  179  174  164
  154  140  128  114  103   91   82   75   70   67   68   66   66   66   67   69
   70   73   75   77   78   80   80   82   82   84   86   86   85   85   84   83
   83   82   83   83   83   83   83   82   80   77   74   70   67   63   61   57
   57   55   57   57   62   63   70   89   99                                   
    70.0-180.0 180.0   5.0 450.0                            LAT/LON1/LON2/DLON/H
  114  117  121  135  144  157  168  178  189  196  204  204  206  200  193  179
  166  150  133  117  104   91   82   74   69   65   63   61   60   59   60   61
   64   66   70   72   74   76   77   78   79   80   82   80   80   76   76   73
   73   71   72   70   73   71   73   71   72   68   68   63   62   58   57   55
   56   58   61   64   69   74   82  100  114                                   
    67.5-180.0 180.0   5.0 450.0                            LAT/LON1/LON2/DLON/H
  134  138  141  155  165  175  188  200  213  223  234  237  236  227  215  198
  177  160  141  124  110   98   87   79   72   68   62   60   55   55   54   57
   56   59   60   65   65   69   69   72   70   72   71   70   67   65   62   60
   58   57   56   57   57   58   60   60   61   61   59   57   55   54   53   53
   55   58   64   69   77   83   93  112  134                                   
    65.0-180.0 180.0   5.0 450.0                            LAT/LON1/LON2/DLON/H
  149  153  158  171  183  194  210  220  238  251  265  266  263  252  238  220
  198  177  159  143  128  114  104   92   83   73   65   58   52   47   45   44
   45   46   48   51   54   55   58   58   60   59   59   57   57   53   51   48
   47   46   46   47   47   49   50   52   53   54   52   52   50   49   49   50
   53   58   67   72   83   92  105  126  149                                   
    62.5-180.0 180.0   5.0 450.0                            LAT/LON1/LON2/DLON/H
  163  165  172  187  200  212  229  245  263  277  288  289  285  276  264  247
  226  206  184  168  150  139  122  110   95   82   70   61   54   48   43   39
   37   36   38   39   43   45   46   47   48   48   48   47   45   44   41   40
   37   37   36   38   38   41   41   46   46   50   47   49   46   46   45   47
   51   57   66   75   87   99  112  137  163                                   
    60.0-180.0 180.0   5.0 450.0                            LAT/LON1/LON2/DLON/H
  176  173  185  200  216  229  248  262  280  291  301  300  301  296  286  272
  253  239  216  201  183  166  148  129  112   93   77   62   54   45   41   35
   31   30   29   32   33   35   37   39   40   41   41   41   40   40   38   37
   35   34   34   34   35   37   39   42   44   46   46   46   45   45   44   46
   50   57   68   78   92  106  121  148  176                                   
    57.5-180.0 180.0   5.0 450.0                            LAT/LON1/LON2/DLON/H
  189  185  199  218  238  252  270  282  294  303  308  312  314  311  305  296
  283  273  254  241  219  201  173  150  127  103   84   67   57   48   44   37
   34   29   28   28   30   32   34   36   37   39   39   41   40   41   39   39
   37   36   34   35   34   37   36   41   41   46   45   48   46   46   46   48
   52   60   71   84  100  117  130  159  189                                   
    55.0-180.0 180.0   5.0 450.0                            LAT/LON1/LON2/DLON/H
  206  199  220  242  263  277  292  298  306  309  317  320  325  322  319  314
  306  302  285  277  253  232  203  172  145  118   97   77   67   56   52   46
   43   38   35   34   34   37   39   41   42   44   45   49   48   51   48   49
   45   44   41   40   39   39   40   42   46   47   49   50   50   50   51   52
   59   67   81   95  113  130  146  174  206                                   
    52.5-180.0 180.0   5.0 450.0                            LAT/LON1/LON2/DLON/H
  225  223  247  272  294  306  315  320  320  324  328  329  332  331  328  330
  325  322  310  300  281  258  226  197  165  136  111   91   80   69   64   58
   54   48   46   44   44   46   47   50   51   53   55   59   60   62   60   60
   56   54   50   49   47   47   45   49   48   53   52   55   55   56   56   60
   67   78   93  113  132  150  164  195  225                                   
    50.0-180.0 180.0   5.0 450.0                            LAT/LON1/LON2/DLON/H
  249  247  276  301  322  334  339  338  339  338  340  339  340  339  336  339
  335  332  320  312  294  274  245  215  184  155  131  111  100   87   81   72
   69   62   59   59   58   60   61   63   65   67   71   74   76   77   76   74
   69   66   62   60   57   55   54   54   56   56   58   58   60   61   64   68
   79   92  111  132  153  172  189  219  249                                   
    47.5-180.0 180.0   5.0 450.0                            LAT/LON1/LON2/DLON/H
  272  276  303  327  346  356  359  360  357  356  351  350  345  347  341  345
  338  333  323  312  298  280  256  230  203  174  150  130  116  103   95   84
   80   73   73   72   74   75   77   78   80   82   86   90   92   93   91   88
   82   78   74   71   68   66   62   63   61   63   61   63   65   67   71   77
   88  105  128  153  176  195  212  243  272                                   
    45.0-180.0 180.0   5.0 450.0                            LAT/LON1/LON2/DLON/H
  295  300  327  346  363  370  373  374  371  369  362  360  356  354  349  348
  338  332  317  309  296  282  266  241  218  189  165  145  129  115  103   92
   86   82   81   84   85   87   88   90   93   95  101  103  107  105  104  100
   95   90   86   82   79   75   72   70   69   67   65   65   67   70   75   83
   97  118  144  169  194  217  235  265  295                                   
    42.5-180.0 180.0   5.0 450.0                            LAT/LON1/LON2/DLON/H
  305  317  340  356  367  373  376  378  376  376  368  369  363  363  355  352
  342  333  318  307  298  288  273  253  229  205  175  156  135  120  107   94
   89   84   87   89   93   95   98   99  102  106  110  116  117  116  114  110
  105  100   95   92   88   85   80   78   74   72   67   68   69   72   79   88
  104  128  155  182  207  231  250  283  305                                   
    40.0-180.0 180.0   5.0 450.0                            LAT/LON1/LON2/DLON/H
  314  325  344  354  361  364  367  371  373  376  374  378  375  375  366  363
  350  341  324  320  311  304  292  269  244  214  184  160  138  121  106   95
   88   87   88   92   95   99  100  102  106  109  117  121  125  122  121  116
  113  108  104   99   96   92   88   83   79   73   69   68   69   74   80   92
  109  136  162  188  214  239  260  294  314                                   
    37.5-180.0 180.0   5.0 450.0                            LAT/LON1/LON2/DLON/H
  314  329  341  348  348  351  355  361  365  373  374  385  383  387  380  377
  364  356  342  338  330  322  304  278  247  215  181  157  135  117  104   92
   89   86   91   94   99  101  103  105  108  114  119  125  127  126  122  118
  115  111  107  103  100   97   93   88   82   77   70   69   68   73   81   95
  115  141  167  190  213  238  261  300  314                                   
    35.0-180.0 180.0   5.0 450.0                            LAT/LON1/LON2/DLON/H
  322  336  344  344  341  341  342  349  356  367  372  386  389  396  390  389
  377  372  361  362  352  343  320  287  251  212  178  151  132  117  108  101
   99   97  100  101  102  103  103  105  109  114  121  125  129  126  125  121
  120  116  112  107  105  103   99   95   89   81   73   70   68   73   81   99
  120  148  171  192  212  236  261  302  322                                   
    32.5-180.0 180.0   5.0 450.0                            LAT/LON1/LON2/DLON/H
  335  354  359  357  352  348  346  353  356  368  371  387  391  400  397  397
  388  386  379  381  373  359  330  290  248  206  173  150  133  124  121  117
  116  111  112  110  114  113  116  117  120  124  129  131  131  126  124  119
  117  112  109  106  105  104  101   98   91   86   76   73   71   75   86  106
  131  158  181  198  216  239  268  312  335                                   
    30.0-180.0 180.0   5.0 450.0                            LAT/LON1/LON2/DLON/H
  362  381  392  386  379  372  369  371  370  376  375  388  390  399  396  397
  392  393  391  395  389  372  340  291  249  204  179  157  149  144  150  149
  148  139  132  126  125  126  127  129  129  132  135  136  136  129  126  121
  119  114  110  107  107  107  107  105  100   92   83   77   75   80   94  118
  147  176  198  212  229  254  283  331  362                                   
    27.5-180.0 180.0   5.0 450.0                            LAT/LON1/LON2/DLON/H
  396  421  430  432  427  421  418  417  410  408  397  404  397  403  396  397
  390  395  396  403  396  378  341  290  251  212  192  179  180  184  197  201
  197  186  172  159  152  150  150  147  145  145  146  145  141  133  124  117
  112  108  104  103  103  106  105  105  101   96   90   87   84   90  106  135
  169  198  220  234  250  279  315  360  396                                   
    25.0-180.0 180.0   5.0 450.0                            LAT/LON1/LON2/DLON/H
  440  468  487  490  492  490  485  479  466  455  432  431  414  415  402  400
  392  396  400  403  398  373  339  291  261  228  216  210  225  238  261  270
  263  248  222  206  187  187  176  169  157  153  148  148  144  136  127  118
  113  105  103  101  106  107  109  105  104   96   94   90   95  101  124  156
  195  224  249  264  284  312  351  394  440                                   
    22.5-180.0 180.0   5.0 450.0                            LAT/LON1/LON2/DLON/H
  486  525  549  561  566  565  563  560  545  531  496  483  453  448  423  418
  401  403  402  407  397  375  343  307  282  263  261  266  291  315  343  351
  341  315  282  257  232  225  214  202  184  173  166  161  155  146  134  125
  116  108  101  101  103  107  107  105  101   96   93   95  101  112  143  184
  230  261  287  309  328  358  399  435  486                                   
    20.0-180.0 180.0   5.0 450.0                            LAT/LON1/LON2/DLON/H
  532  580  612  633  645  648  649  647  637  613  574  548  506  489  459  449
  426  422  418  413  404  380  358  333  320  311  318  335  362  376  395  398
  385  357  317  299  274  268  250  237  210  196  181  175  163  154  141  130
  120  111  104  100  104  105  108  102   99   92   90   92  101  117  155  204
  260  297  334  358  386  415  453  479  532                                   
    17.5-180.0 180.0   5.0 450.0                            LAT/LON1/LON2/DLON/H
  566  632  666  700  716  726  731  734  727  710  661  633  584  561  518  500
  472  463  445  438  421  405  387  374  370  373  389  392  408  419  435  432
  412  381  335  314  296  290  271  253  223  205  189  179  166  154  141  131
  123  115  109  106  106  108  107  103   98   95   92   96  105  126  168  224
  281  334  373  405  431  464  497  515  566                                   
    15.0-180.0 180.0   5.0 450.0                            LAT/LON1/LON2/DLON/H
  595  665  703  738  763  778  792  802  803  790  756  725  678  643  599  566
  532  514  491  471  454  435  429  424  432  433  435  432  438  443  450  441
  421  390  342  321  303  296  280  262  230  211  190  178  161  151  138  132
  124  122  117  118  118  121  118  112  106  101  100  101  113  134  180  234
  298  354  401  435  469  502  534  545  595                                   
    12.5-180.0 180.0   5.0 450.0                            LAT/LON1/LON2/DLON/H
  599  684  712  753  777  800  822  844  853  853  828  800  763  735  689  653
  607  577  546  526  507  492  489  489  495  491  484  467  456  452  446  442
  415  383  340  319  299  291  273  254  223  200  180  165  153  142  134  128
  127  124  125  126  129  130  126  121  114  110  108  111  121  148  192  250
  309  369  411  452  484  522  553  559  599                                   
    10.0-180.0 180.0   5.0 450.0                            LAT/LON1/LON2/DLON/H
  595  669  697  729  758  780  815  842  869  883  876  856  823  800  767  735
  685  645  610  581  567  552  554  555  559  545  526  493  472  453  442  425
  400  370  339  319  303  290  275  252  223  201  178  163  151  144  138  137
  135  136  137  140  144  144  140  132  125  120  120  122  133  159  206  260
  319  374  418  456  494  533  564  565  595                                   
     7.5-180.0 180.0   5.0 450.0                            LAT/LON1/LON2/DLON/H
  569  640  655  686  703  724  755  801  843  873  874  867  848  835  810  786
  751  716  677  650  632  618  616  619  618  595  558  513  473  444  418  403
