data/unet/pred3290.15i
     1.0            IONOSPHERE MAPS     GNSS                IONEX VERSION / TYPE
pyspatialgeodesy        IME             05-JAN-18 20:20     PGM / RUN BY / DATE 
Map Name                                                    COMMENT             
Predicted global ionosphere maps (GIM).                     DESCRIPTION         
  2015    11    25     0     0     0                        EPOCH OF FIRST MAP  
  2015    11    26     0     0     0                        EPOCH OF LAST MAP   
  7200                                                      INTERVAL            
    13                                                      # OF MAPS IN FILE   
  NONE                                                      MAPPING FUNCTION    
10.0                                                        ELEVATION CUTOFF    
One-way carrier phase leveled to code                       OBSERVABLES USED    
  6371.0                                                    BASE RADIUS         
 2                                                          MAP DIMENSION       
   450.0 450.0   0.0                                        HGT1 / HGT2 / DHGT  
    87.5 -87.5  -2.5                                        LAT1 / LAT2 / DLAT  
  -180.0 180.0   5.0                                        LON1 / LON2 / DLON  
    -1                                                      EXPONENT            
                                                            END OF HEADER       
[from data line 858]
     3                                                      START OF TEC MAP    
  2015    11    25     4     0     0                        EPOCH OF CURRENT MAP
    87.5-180.0 180.0   5.0 450.0                            LAT/LON1/LON2/DLON/H
   16   47   43   38   42   39   42   40   43   41   43   41   43   41   43   41
   43   40   43   39   42   39   42   39   42   40   42   40   42   40   41   40
   41   40   42   40   43   41   44   42   44   42   45   42   46   43   47   43
   47   44   48   45   49   46   50   46   50   46   50   45   49   44   49   42
   48   42   48   44   46   40   49   21   16                                   
    85.0-180.0 180.0   5.0 450.0                            LAT/LON1/LON2/DLON/H
   50   48   28   29   33   27   31   28   32   29   33   30   34   31   34   31
   34   31   33   30   32   29   31   28   30   28   30   28   31   29   32   31
   33   32   35   34   36   35   37   37   38   37   39   39   39   39   39   40
   40   40   41   41   41   41   42   42   43   42   43   42   43   42   42   41
   41   39   40   37   36   29   48   65   50                                   
    82.5-180.0 180.0   5.0 450.0                            LAT/LON1/LON2/DLON/H
   54   29   23   21   20   18   21   20   24   21   25   23   28   24   28   25
   27   23   25   21   22   18   19   16   17   14   17   16   19   18   21   22
   24   25   27   29   30   32   32   35   34   35   35   37   35   36   36   37
   37   37   38   38   39   39   41   41   43   43   45   45   46   45   45   44
   43   41   41   37   34   28   41   66   54                                   
    80.0-180.0 180.0   5.0 450.0                            LAT/LON1/LON2/DLON/H
   59   34   25   22   22   22   24   26   27   28   30   33   35   37   37   38
   36   34   32   30   26   23   20   19   17   16   15   17   17   20   21   25
   26   29   31   35   35   37   37   40   38   40   38   40   38   39   39   41
   40   42   43   46   46   49   50   54   56   58   60   62   62   63   62   62
   59   57   54   51   45   38   44   68   59                                   
    77.5-180.0 180.0   5.0 450.0                            LAT/LON1/LON2/DLON/H
   73   36   31   28   23   22   24   26   28   30   33   38   40   44   45   48
   45   44   40   37   31   27   23   19   17   14   15   16   18   19   22   26
   29   32   34   38   38   40   40   42   40   40   40   40   39   39   40   41
   42   44   46   49   52   55   59   64   67   71   74   77   77   78   77   76
   74   71   69   65   59   52   56   71   73                                   
    75.0-180.0 180.0   5.0 450.0                            LAT/LON1/LON2/DLON/H
   75   42   34   29   25   22   23   25   28   31   36   42   46   51   53   55
   53   50   47   41   35   28   24   18   16   13   15   16   18   21   25   28
   32   35   38   39   40   40   40   39   37   36   35   34   33   34   36   38
   40   43   47   51   56   60   67   72   77   80   85   88   89   90   90   89
   86   84   82   78   73   63   62   78   75                                   
    72.5-180.0 180.0   5.0 450.0                            LAT/LON1/LON2/DLON/H
   89   47   42   40   31   27   25   27   29   33   38   45   49   55   58   58
   57   54   51   46   39   33   28   22   20   17   20   19   24   25   31   33
   38   38   42   40   42   39   40   35   35   31   33   29   31   30   33   34
   39   42   49   54   61   67   74   80   86   91   96   98  101  102  104  102
  100   96   95   88   84   77   79   84   89                                   
    70.0-180.0 180.0   5.0 450.0                            LAT/LON1/LON2/DLON/H
   94   58   51   47   38   31   29   29   31   33   38   43   49   52   56   56
   57   52   51   44   40   32   29   23   24   20   24   24   31   31   38   38
   43   41   45   41   41   36   36   30   30   25   26   23   26   26   31   32
   40   44   54   60   70   77   88   92  101  104  111  114  117  117  118  115
  113  109  106  102   96   86   87   91   94                                   
    67.5-180.0 180.0   5.0 450.0                            LAT/LON1/LON2/DLON/H
  107   66   61   59   47   40   33   33   31   34   35   41   43   48   49   51
   49   48   44   42   36   32   29   26   27   25   29   30   35   36   41   41
   44   42   43   38   37   32   30   25   24   20   22   20   23   25   30   33
   42   48   58   69   80   88   98  104  112  118  126  129  132  132  132  127
  124  119  116  109  105   97   99   97  107                                   
    65.0-180.0 180.0   5.0 450.0                            LAT/LON1/LON2/DLON/H
  111   77   71   66   55   46   40   36   34   33   34   36   38   40   41   42
   42   40   39   35   34   29   29   26   29   29   34   34   39   40   44   43
   45   41   40   35   32   27   24   20   20   18   21   20   25   26   32   36
   46   54   69   79   93   98  111  115  126  130  139  141  144  143  141  136
  131  127  122  116  110  100  104  105  111                                   
    62.5-180.0 180.0   5.0 450.0                            LAT/LON1/LON2/DLON/H
  122   84   79   74   62   54   44   41   35   35   32   33   31   33   34   35
   35   34   33   32   30   28   27   27   30   32   36   37   40   41   42   40
   40   36   35   29   26   21   20   17   19   18   22   22   27   29   36   41
   51   62   77   89  101  110  121  127  137  143  149  151  153  151  148  142
  136  131  125  118  112  107  110  109  122                                   
    60.0-180.0 180.0   5.0 450.0                            LAT/LON1/LON2/DLON/H
  122   92   85   78   68   58   50   44   39   34   31   28   28   26   27   27
   29   27   29   26   27   23   25   26   30   32   36   37   40   38   39   36
   37   32   31   27   25   20   19   18   21   22   27   28   33   35   42   47
   59   71   87   97  111  119  131  134  145  149  155  157  159  157  155  149
  144  138  131  125  116  107  113  112  122                                   
    57.5-180.0 180.0   5.0 450.0                            LAT/LON1/LON2/DLON/H
  132   99   91   84   71   62   53   47   40   36   30   27   24   23   24   24
   26   26   25   24   23   22   23   24   29   31   35   35   36   34   33   30
   31   28   29   25   25   21   23   22   27   28   34   34   39   41   49   53
   67   79   94  106  120  128  139  143  153  157  162  164  166  166  164  161
  152  146  139  132  124  119  120  118  132                                   
    55.0-180.0 180.0   5.0 450.0                            LAT/LON1/LON2/DLON/H
  135  108   98   89   77   66   59   51   44   37   32   27   25   21   23   22
   25   23   25   22   23   20   23   24   30   32   37   36   37   32   32   29
   32   30   33   30   32   28   30   30   35   37   42   43   48   50   57   62
   76   89  104  115  129  136  146  150  158  163  167  171  174  176  177  172
  165  159  152  145  135  125  128  126  135                                   
    52.5-180.0 180.0   5.0 450.0                            LAT/LON1/LON2/DLON/H
  148  122  108   98   83   72   62   55   47   41   34   29   25   23   24   24
   26   26   26   24   24   22   25   27   34   36   41   39   38   34   33   30
   34   34   40   38   41   38   40   40   44   46   51   52   56   59   66   72
   85   99  112  125  138  145  154  158  166  169  173  177  181  185  187  185
  177  171  163  157  148  144  139  136  148                                   
    50.0-180.0 180.0   5.0 450.0                            LAT/LON1/LON2/DLON/H
  156  133  117  106   94   81   71   62   53   45   38   32   30   26   27   27
   30   28   29   26   27   26   30   33   41   44   50   47   48   40   39   37
   42   44   50   51   53   52   53   52   55   57   60   61   66   69   77   84
  100  112  126  137  149  155  164  169  175  177  181  185  190  194  197  196
  192  184  178  173  164  152  149  144  156                                   
    47.5-180.0 180.0   5.0 450.0                            LAT/LON1/LON2/DLON/H
  170  145  129  120  105   94   80   70   59   51   43   38   33   32   31   32
   32   32   33   31   32   33   38   43   51   56   60   60   57   52   48   46
   52   54   62   63   67   65   66   63   65   65   69   70   75   80   88  101
  113  128  140  148  160  169  176  180  184  184  186  189  193  198  201  202
  197  194  185  182  174  169  158  151  170                                   
    45.0-180.0 180.0   5.0 450.0                            LAT/LON1/LON2/DLON/H
  173  150  136  127  116  104   92   80   68   58   50   44   40   38   37   36
   36   35   37   36   40   41   50   54   64   69   75   72   70   63   61   57
   62   66   73   76   78   76   75   72   72   72   75   77   84   92  104  117
  133  144  153  162  171  181  186  189  189  189  188  190  193  198  201  201
  198  194  191  187  179  170  164  155  173                                   
    42.5-180.0 180.0   5.0 450.0                            LAT/LON1/LON2/DLON/H
  176  151  138  133  122  113  100   89   77   66   58   52   47   46   42   41
   39   40   43   44   49   54   62   69   76   82   84   82   79   73   69   66
   69   72   80   82   86   83   82   77   78   77   81   85   93  104  119  137
  148  160  166  173  182  188  192  192  191  187  185  184  187  191  193  194
  190  189  186  183  174  171  160  154  176                                   
    40.0-180.0 180.0   5.0 450.0                            LAT/LON1/LON2/DLON/H
  168  143  130  126  121  112  102   93   82   73   64   60   56   54   50   48
   47   48   52   57   64   70   78   83   88   90   91   88   85   80   76   72
   74   78   83   87   88   87   85   82   81   83   87   94  105  119  136  153
  163  172  177  182  190  194  197  196  196  191  188  186  188  190  193  192
  190  187  184  181  171  163  156  151  168                                   
    37.5-180.0 180.0   5.0 450.0                            LAT/LON1/LON2/DLON/H
  159  130  118  117  110  106   98   93   84   77   71   68   65   63   60   58
   57   60   65   72   80   88   90   94   93   94   91   89   85   81   77   74
   75   77   84   86   89   88   88   85   86   89   95  103  116  136  151  167
  176  183  186  190  196  200  204  203  204  198  195  191  191  192  195  195
  192  188  184  179  167  161  149  148  159                                   
    35.0-180.0 180.0   5.0 450.0                            LAT/LON1/LON2/DLON/H
  151  120  104   99   95   92   87   84   79   75   72   72   71   72   69   69
   69   75   82   90   95  100  101  100   97   94   91   86   83   81   78   76
   77   79   83   86   87   89   88   88   89   94  102  112  128  147  163  179
  186  191  194  197  205  210  215  215  218  213  213  206  208  207  211  210
  208  203  197  190  176  164  155  150  151                                   
    32.5-180.0 180.0   5.0 450.0                            LAT/LON1/LON2/DLON/H
  157  120   99   89   78   76   71   73   70   71   70   73   74   76   77   78
   81   88   94  102  105  107  104  101   94   91   86   82   79   78   77   76
   77   78   81   81   85   87   89   89   94   99  108  122  138  157  173  188
  195  199  203  208  217  225  232  234  240  237  240  235  239  238  243  241
  241  235  228  217  204  193  177  168  157                                   
    30.0-180.0 180.0   5.0 450.0                            LAT/LON1/LON2/DLON/H
  169  133  106   88   73   66   59   60   60   62   65   70   73   79   81   86
   91   97  103  108  110  109  104   98   92   88   83   80   80   81   81   81
   80   80   79   81   81   86   87   91   94  101  111  125  143  162  181  193
  201  205  213  222  236  247  257  262  272  273  280  279  286  287  294  294
  294  287  278  265  248  225  214  193  169                                   
    27.5-180.0 180.0   5.0 450.0                            LAT/LON1/LON2/DLON/H
  202  164  133  108   85   73   62   59   56   59   60   66   70   77   83   89
   94  101  106  109  108  106   99   95   89   88   84   83   83   86   87   87
   85   82   79   77   79   81   86   90   94  101  112  126  146  164  184  197
  207  214  226  240  258  272  284  293  307  313  325  330  338  345  353  354
  356  349  348  331  318  288  265  239  202                                   
    25.0-180.0 180.0   5.0 450.0                            LAT/LON1/LON2/DLON/H
  247  207  174  137  110   91   74   69   62   61   60   62   66   74   80   88
   93   97  100  100   99   94   91   88   88   90   91   92   94   98   98   99
   93   90   84   81   81   81   84   88   91   98  107  123  144  165  183  197
  212  224  243  261  286  302  315  323  336  344  361  374  388  401  410  413
  418  414  414  400  393  365  331  291  247                                   
    22.5-180.0 180.0   5.0 450.0                            LAT/LON1/LON2/DLON/H
  327  270  236  194  153  126  107   95   84   78   70   68   67   74   78   85
   87   90   89   89   85   82   82   87   92  100  105  107  110  110  110  108
  102   95   88   81   81   79   80   84   87   92  102  117  146  168  193  205
  226  239  266  287  315  332  346  351  367  373  393  405  426  436  456  457
  463  459  464  454  451  437  390  358  327                                   
    20.0-180.0 180.0   5.0 450.0                            LAT/LON1/LON2/DLON/H
  404  361  310  257  209  172  143  124  110   99   89   83   79   82   83   86
   84   82   78   74   72   71   79   88  102  115  124  127  126  125  120  118
  108   99   89   81   80   75   74   77   78   81   93  113  142  173  199  217
  240  263  293  320  347  364  378  386  399  407  426  439  456  473  491  494
  501  498  500  499  496  490  448  417  404                                   
    17.5-180.0 180.0   5.0 450.0                            LAT/LON1/LON2/DLON/H
  474  444  398  336  277  235  196  168  147  132  119  114  104  104  100   98
   88   81   73   68   67   71   83   99  122  138  149  150  146  138  130  122
  109   98   86   77   74   71   68   70   68   73   88  109  149  180  213  231
  258  283  316  347  373  393  408  417  431  442  458  470  487  502  515  519
  522  519  522  521  525  526  491  466  474                                   
    15.0-180.0 180.0   5.0 450.0                            LAT/LON1/LON2/DLON/H
  526  501  472  421  361  302  246  214  185  165  149  140  134  130  122  114
  100   85   75   68   71   76   95  115  141  161  172  173  160  146  132  121
  105   90   78   69   69   65   63   61   60   65   82  110  154  190  221  245
  271  301  337  366  395  412  427  434  452  463  483  493  507  515  525  525
  528  527  531  530  535  540  522  501  526                                   
    12.5-180.0 180.0   5.0 450.0                            LAT/LON1/LON2/DLON/H
  548  535  515  475  420  365  308  263  235  213  192  182  173  166  155  143
  126  111   99   92   94  104  122  143  167  184  193  188  170  150  132  116
   98   85   73   68   66   63   59   59   56   65   82  115  165  199  231  254
  282  312  345  379  402  422  435  444  463  477  492  500  511  515  519  516
  517  515  519  517  526  537  526  513  548                                   
    10.0-180.0 180.0   5.0 450.0                            LAT/LON1/LON2/DLON/H
  555  552  539  501  457  405  354  311  273  251  231  221  214  207  195  179
  160  142  131  127  129  136  150  168  186  201  199  191  169  144  125  106
   92   76   68   64   65   63   60   55   56   65   85  122  172  208  237  262
  293  318  352  379  405  416  430  440  464  478  495  501  505  508  504  500
  500  498  500  499  510  518  516  510  555                                   
     7.5-180.0 180.0   5.0 450.0                            LAT/LON1/LON2/DLON/H
  544  553  544  513  473  426  383  343  312  290  272  268  259  251  237  222
  201  184  171  167  165  172  179  194  204  209  202  190  163  139  118  102
