data/unet/pred3470.15i
     1.0            IONOSPHERE MAPS     GNSS                IONEX VERSION / TYPE
pyspatialgeodesy        IME             05-JAN-18 20:20     PGM / RUN BY / DATE 
Map Name                                                    COMMENT             
Predicted global ionosphere maps (GIM).                     DESCRIPTION         
  2015    12    13     0     0     0                        EPOCH OF FIRST MAP  
  2015    12    14     0     0     0                        EPOCH OF LAST MAP   
  7200                                                      INTERVAL            
    13                                                      # OF MAPS IN FILE   
  NONE                                                      MAPPING FUNCTION    
10.0                                                        ELEVATION CUTOFF    
One-way carrier phase leveled to code                       OBSERVABLES USED    
  6371.0                                                    BASE RADIUS         
 2                                                          MAP DIMENSION       
   450.0 450.0   0.0                                        HGT1 / HGT2 / DHGT  
    87.5 -87.5  -2.5                                        LAT1 / LAT2 / DLAT  
  -180.0 180.0   5.0                                        LON1 / LON2 / DLON  
    -1                                                      EXPONENT            
                                                            END OF HEADER       
[from data line 429]
     2                                                      START OF TEC MAP    
  2015    12    13     2     0     0                        EPOCH OF CURRENT MAP
    87.5-180.0 180.0   5.0 450.0                            LAT/LON1/LON2/DLON/H
   77   66   62   55   55   51   53   51   53   50   50   47   49   46   46   43
   46   42   44   40   43   39   41   36   40   35   39   34   38   33   37   33
   38   34   39   35   41   36   43   38   45   39   47   41   48   42   49   43
   50   44   51   46   52   47   53   48   54   49   54   49   55   50   55   50
   56   51   57   54   62   54   63   68   77                                   
    85.0-180.0 180.0   5.0 450.0                            LAT/LON1/LON2/DLON/H
   65   71   52   54   51   49   49   48   48   47   47   46   45   43   43   41
   40   39   38   37   35   34   32   31   30   28   27   26   26   25   25   25
   26   26   28   28   30   31   34   35   38   39   41   42   43   44   45   46
   46   46   46   47   47   47   47   47   47   47   47   47   47   47   48   48
   48   49   50   50   52   46   54   79   65                                   
    82.5-180.0 180.0   5.0 450.0                            LAT/LON1/LON2/DLON/H
   66   61   58   57   54   52   52   53   53   52   53   51   52   49   49   47
   46   43   41   39   37   34   31   30   27   26   24   23   22   22   21   22
   22   24   25   28   30   33   35   40   42   46   47   51   51   54   53   56
   53   55   52   54   51   52   50   51   50   50   49   50   50   51   51   52
   53   53   55   56   55   53   64   86   66                                   
    80.0-180.0 180.0   5.0 450.0                            LAT/LON1/LON2/DLON/H
   67   57   55   51   53   48   51   49   51   48   51   49   51   48   50   46
   48   42   43   38   38   31   31   25   26   20   20   16   18   14   17   14
   18   17   22   23   29   29   37   37   45   45   52   51   56   54   58   54
   57   52   54   49   50   45   47   43   45   41   45   43   47   44   50   48
   53   51   57   55   59   52   58   76   67                                   
    77.5-180.0 180.0   5.0 450.0                            LAT/LON1/LON2/DLON/H
   67   61   56   59   51   52   48   51   46   51   47   51   48   51   48   51
   46   48   42   44   37   37   30   31   24   25   20   22   17   20   16   21
   18   24   23   30   30   38   38   47   47   54   54   61   58   62   58   61
   55   55   49   50   43   44   39   41   37   40   38   42   41   45   46   51
   51   57   58   63   62   61   65   82   67                                   
    75.0-180.0 180.0   5.0 450.0                            LAT/LON1/LON2/DLON/H
   72   64   60   59   55   52   50   49   47   48   47   48   47   48   47   48
   46   45   43   42   39   37   33   32   28   26   24   23   21   22   21   23
   23   26   27   32   34   39   42   48   50   54   56   59   58   59   57   55
   51   48   44   41   37   35   32   32   31   32   33   36   37   41   45   50
   53   58   63   68   71   67   70   83   72                                   
    72.5-180.0 180.0   5.0 450.0                            LAT/LON1/LON2/DLON/H
   79   74   68   65   56   55   49   50   45   47   44   46   43   45   42   43
   41   41   39   39   36   36   33   34   30   30   28   28   27   27   27   28
   29   30   32   35   37   41   44   49   51   55   57   58   57   56   54   51
   46   42   38   34   30   28   26   26   26   28   31   34   37   41   47   51
   57   62   69   74   79   76   82   90   79                                   
    70.0-180.0 180.0   5.0 450.0                            LAT/LON1/LON2/DLON/H
   90   83   76   73   66   60   56   53   50   48   46   45   43   42   39   38
   37   36   36   36   37   36   37   36   37   36   37   36   38   37   38   37
   38   37   38   38   41   42   46   48   52   53   55   53   53   50   48   44
   40   36   32   29   27   25   26   26   29   31   36   39   44   49   55   59
   66   71   80   86   92   90   92   99   90                                   
    67.5-180.0 180.0   5.0 450.0                            LAT/LON1/LON2/DLON/H
  101   96   90   86   72   68   59   59   52   53   47   48   41   41   35   34
   31   32   30   33   32   36   35   38   37   41   40   43   42   44   43   44
   41   41   40   40   39   41   43   46   46   48   48   47   45   43   40   37
   32   30   27   26   24   26   28   30   35   38   45   49   55   59   66   70
   77   82   90   95  102  101  106  108  101                                   
    65.0-180.0 180.0   5.0 450.0                            LAT/LON1/LON2/DLON/H
  112  106  100   96   85   76   70   65   61   58   54   50   46   39   35   31
   29   28   29   30   33   34   38   39   43   43   47   47   50   49   50   47
   46   43   42   39   40   39   41   41   43   42   43   40   39   36   33   30
   27   25   24   25   27   30   34   40   47   53   60   66   72   77   82   85
   90   95  101  108  114  114  116  118  112                                   
    62.5-180.0 180.0   5.0 450.0                            LAT/LON1/LON2/DLON/H
  125  118  112  106   91   84   74   71   65   64   57   54   45   41   32   30
   26   27   27   30   31   34   34   37   38   42   43   47   48   49   47   46
   42   40   36   35   33   34   34   35   35   36   34   33   29   28   24   23
   20   21   21   24   28   34   41   49   59   66   76   82   90   94   99  101
  105  107  112  116  123  122  126  125  125                                   
    60.0-180.0 180.0   5.0 450.0                            LAT/LON1/LON2/DLON/H
  132  125  119  114  101   90   81   74   72   65   62   55   50   41   36   31
   30   28   30   30   33   33   35   34   38   38   42   43   47   45   46   41
   40   35   34   31   32   30   33   32   33   32   32   29   27   24   22   20
   19   20   23   27   33   41   51   62   73   83   92  101  107  112  116  118
  120  121  122  127  131  130  130  130  132                                   
    57.5-180.0 180.0   5.0 450.0                            LAT/LON1/LON2/DLON/H
  143  136  129  121  105   96   84   79   72   69   62   59   49   46   37   36
   32   34   33   33   32   32   31   30   31   33   36   38   39   40   38   36
   33   31   29   29   28   29   30   31   30   31   29   28   25   23   20   19
   18   21   24   30   37   48   59   70   83   94  105  112  120  124  130  130
  133  132  136  136  140  136  137  134  143                                   
    55.0-180.0 180.0   5.0 450.0                            LAT/LON1/LON2/DLON/H
  152  144  136  130  115  103   92   83   77   70   65   59   54   48   45   41
   41   39   39   37   35   31   30   26   28   29   34   35   38   37   38   33
   34   31   33   31   34   33   36   35   37   36   36   32   31   27   25   22
   23   25   29   35   45   55   67   80   93  105  114  122  128  133  138  141
  144  144  145  146  147  145  142  140  152                                   
    52.5-180.0 180.0   5.0 450.0                            LAT/LON1/LON2/DLON/H
  166  159  150  140  125  114  100   92   81   75   65   62   54   53   48   49
   46   47   43   41   35   31   26   24   24   27   30   34   35   36   35   34
   34   35   37   39   39   41   41   41   40   41   40   38   35   33   30   29
   28   32   34   42   50   62   73   86  100  109  118  124  132  137  145  149
  155  156  159  157  157  152  149  145  166                                   
    50.0-180.0 180.0   5.0 450.0                            LAT/LON1/LON2/DLON/H
  176  167  158  153  140  129  115  104   91   81   70   64   59   57   56   54
   53   50   47   41   37   30   27   23   27   28   35   36   41   39   41   39
   43   43   49   49   53   52   53   52   52   51   52   49   48   43   42   40
   42   41   46   51   62   72   84   97  107  116  122  129  135  143  151  158
  165  167  169  169  166  160  157  151  176                                   
    47.5-180.0 180.0   5.0 450.0                            LAT/LON1/LON2/DLON/H
  187  182  173  166  154  145  131  120  103   91   76   69   62   62   59   59
   55   54   48   44   37   34   28   29   30   35   39   44   45   47   45   47
   49   54   58   62   63   63   61   60   59   59   59   58   56   54   52   52
   50   53   54   63   71   83   94  105  113  120  125  130  137  144  155  163
  172  176  182  180  179  169  163  156  187                                   
    45.0-180.0 180.0   5.0 450.0                            LAT/LON1/LON2/DLON/H
  191  182  176  175  167  160  147  136  119  103   85   76   68   67   64   62
   58   54   49   45   42   38   37   36   41   44   50   52   56   54   56   55
   60   63   70   72   75   73   72   69   69   68   70   69   69   66   65   63
   64   64   68   74   83   95  106  115  121  127  129  134  139  148  158  167
  175  180  186  186  183  175  171  161  191                                   
    42.5-180.0 180.0   5.0 450.0                            LAT/LON1/LON2/DLON/H
  191  187  179  178  170  168  157  149  130  115   94   84   74   73   69   67
   60   57   52   52   48   49   46   49   50   56   58   62   62   63   60   63
   64   70   75   79   79   77   74   71   71   72   75   74   74   73   72   72
   70   73   75   82   93  104  115  122  129  132  133  136  142  148  158  165
  174  180  188  188  187  180  173  162  191                                   
    40.0-180.0 180.0   5.0 450.0                            LAT/LON1/LON2/DLON/H
  187  176  168  170  166  165  159  154  139  123  103   92   82   80   75   71
   65   62   61   62   64   64   64   63   66   67   70   70   71   68   68   67
   71   74   80   82   84   80   77   75   76   79   83   83   83   81   80   80
   80   82   85   94  105  117  126  135  139  142  140  144  148  155  162  168
  174  180  186  189  187  181  176  164  187                                   
    37.5-180.0 180.0   5.0 450.0                            LAT/LON1/LON2/DLON/H
  179  171  158  153  146  149  147  148  137  126  109   99   89   88   82   78
   73   73   75   80   82   85   81   80   77   78   77   76   74   73   70   71
   72   76   79   81   81   79   76   74   78   81   86   86   85   83   82   81
   82   84   92  101  116  126  138  143  150  149  151  151  157  160  167  169
  174  179  188  189  191  186  181  166  179                                   
    35.0-180.0 180.0   5.0 450.0                            LAT/LON1/LON2/DLON/H
  180  168  149  142  130  132  133  136  131  124  110  103   96   95   90   88
   85   88   93   99  103  102   99   92   88   85   83   81   80   77   77   74
   76   77   81   81   82   79   78   77   83   87   92   91   91   87   86   84
   85   88   97  108  124  139  150  159  162  165  164  166  169  173  178  178
  180  184  190  195  197  198  196  182  180                                   
    32.5-180.0 180.0   5.0 450.0                            LAT/LON1/LON2/DLON/H
  191  180  159  137  120  116  117  120  119  116  107  104  100  101   97   97
   97  103  109  116  117  115  107  100   92   89   85   84   81   81   79   79
   78   79   79   81   79   79   77   80   84   90   93   93   90   87   84   83
   86   91  102  115  135  149  165  174  181  181  182  180  186  186  192  189
  192  194  202  205  215  216  218  201  191                                   
    30.0-180.0 180.0   5.0 450.0                            LAT/LON1/LON2/DLON/H
  215  205  181  155  130  119  114  115  113  111  105  105  103  105  103  105
  108  114  121  126  125  118  109  100   95   92   91   90   90   90   91   89
   87   86   84   84   84   82   84   85   92   95  100   95   94   88   86   83
   85   91  103  121  144  164  184  196  205  209  210  209  211  214  218  219
  220  222  232  236  247  253  252  239  215                                   
    27.5-180.0 180.0   5.0 450.0                            LAT/LON1/LON2/DLON/H
  265  261  233  194  163  141  129  120  113  109  103  103  101  105  105  109
  113  120  124  125  119  112  101   96   92   95   95   98   99  101  102  100
   97   95   92   91   88   88   87   91   95   98   98   95   89   85   81   81
   85   91  106  126  153  177  200  218  230  235  237  234  236  241  247  249
  256  261  273  280  296  299  301  287  265                                   
    25.0-180.0 180.0   5.0 450.0                            LAT/LON1/LON2/DLON/H
  334  335  303  253  215  184  163  144  130  120  112  108  106  107  107  111
  115  119  118  114  105   97   91   91   96  102  107  111  114  118  117  116
  113  110  104  101   98   96   95   95   99   98   98   91   86   79   79   78
   84   92  109  130  161  187  214  233  250  258  261  259  262  267  279  288
  300  305  320  327  348  360  366  343  334                                   
    22.5-180.0 180.0   5.0 450.0                            LAT/LON1/LON2/DLON/H
  422  438  410  355  299  249  215  185  163  143  129  119  111  109  106  110
  111  112  105   96   85   80   80   89  100  113  121  127  131  133  134  133
  127  122  114  109  105  101   98   96   98   95   91   84   78   75   76   78
   85   94  112  138  170  201  229  254  271  278  279  277  282  291  308  321
  339  349  366  376  402  419  426  400  422                                   
    20.0-180.0 180.0   5.0 450.0                            LAT/LON1/LON2/DLON/H
  521  551  530  479  421  356  295  245  207  178  158  139  125  118  111  113
  109  106   92   81   70   72   82   99  117  131  141  147  148  151  149  149
  143  135  125  118  111  106  101   98   95   90   87   79   75   71   75   75
   86   96  120  149  184  218  250  274  296  303  307  306  314  326  342  358
  380  392  412  423  447  473  488  460  521                                   
    17.5-180.0 180.0   5.0 450.0                            LAT/LON1/LON2/DLON/H
  586  623  610  577  527  464  393  327  267  226  194  171  150  133  124  119
  113  104   86   74   68   78   97  120  141  155  164  165  166  165  163  157
  150  140  131  119  112  102   99   93   92   84   81   74   72   71   74   78
   88  103  129  163  200  236  265  295  314  327  332  339  347  359  375  395
  418  435  452  465  487  509  525  507  586                                   
    15.0-180.0 180.0   5.0 450.0                            LAT/LON1/LON2/DLON/H
  621  665  664  641  607  546  482  406  341  284  242  206  184  161  146  137
  127  116   97   87   89  105  130  154  171  180  183  182  176  174  167  163
  152  144  131  121  109  100   94   91   89   85   81   75   73   70   76   79
   93  111  141  178  217  250  279  307  333  348  360  367  378  390  407  424
  450  465  481  491  510  532  548  537  621                                   
    12.5-180.0 180.0   5.0 450.0                            LAT/LON1/LON2/DLON/H
  605  648  654  651  630  588  528  463  393  341  289  251  217  194  177  164
  155  139  126  121  132  153  178  197  209  210  204  194  184  176  169  160
  153  142  135  121  110   97   93   86   86   80   79   76   76   75   78   83
   98  121  154  194  232  264  295  323  349  367  377  389  398  414  431  450
  469  484  495  503  519  535  549  545  605                                   
    10.0-180.0 180.0   5.0 450.0                            LAT/LON1/LON2/DLON/H
  574  602  622  628  625  590  548  488  439  386  346  297  259  227  209  196
  185  175  165  167  182  205  227  238  237  228  214  199  186  176  168  163
  154  147  138  128  113  102   95   91   91   88   86   83   82   79   82   87
  107  131  168  206  241  272  302  326  356  373  387  401  415  433  449  464
  482  491  500  505  516  530  534  537  574                                   
     7.5-180.0 180.0   5.0 450.0                            LAT/LON1/LON2/DLON/H
  520  544  565  581  588  568  538  500  461  423  387  347  305  270  246  233
  225  216  216  224  243  264  276  274  261  239  219  202  188  179  171  163
