data/unet/pred0520.15i
     1.0            IONOSPHERE MAPS     GNSS                IONEX VERSION / TYPE
pyspatialgeodesy        IME             05-JAN-18 20:20     PGM / RUN BY / DATE 
Map Name                                                    COMMENT             
Predicted global ionosphere maps (GIM).                     DESCRIPTION         
  2015     2    21     0     0     0                        EPOCH OF FIRST MAP  
  2015     2    22     0     0     0                        EPOCH OF LAST MAP   
  7200                                                      INTERVAL            
    13                                                      # OF MAPS IN FILE   
  NONE                                                      MAPPING FUNCTION    
10.0                                                        ELEVATION CUTOFF    
One-way carrier phase leveled to code                       OBSERVABLES USED    
  6371.0                                                    BASE RADIUS         
 2                                                          MAP DIMENSION       
   450.0 450.0   0.0                                        HGT1 / HGT2 / DHGT  
    87.5 -87.5  -2.5                                        LAT1 / LAT2 / DLAT  
  -180.0 180.0   5.0                                        LON1 / LON2 / DLON  
    -1                                                      EXPONENT            
                                                            END OF HEADER       
[from data line 3861]
    10                                                      START OF TEC MAP    
  2015     2    21    18     0     0                        EPOCH OF CURRENT MAP
    87.5-180.0 180.0   5.0 450.0                            LAT/LON1/LON2/DLON/H
  176  142  141  140  143  139  143  140  144  143  147  147  151  151  154  154
  157  157  159  160  161  161  163  162  163  162  162  161  160  158  157  155
  153  152  150  149  147  147  144  145  142  144  141  142  140  141  140  141
  141  142  143  144  145  146  147  147  149  149  150  150  151  150  151  149
  150  148  150  147  150  146  155  166  176                                   
    85.0-180.0 180.0   5.0 450.0                            LAT/LON1/LON2/DLON/H
  132  128  125  131  129  131  130  133  133  138  137  142  142  147  145  150
  148  153  152  156  155  159  157  159  158  159  158  157  156  155  153  152
  149  148  146  144  142  141  138  137  134  134  131  132  129  131  129  131
  130  133  133  136  137  140  140  143  143  145  145  145  145  145  144  143
  141  141  140  138  138  133  140  158  132                                   
    82.5-180.0 180.0   5.0 450.0                            LAT/LON1/LON2/DLON/H
  120  111  113  115  114  117  118  121  124  128  131  135  139  142  145  148
  152  154  157  159  160  162  162  163  161  161  159  158  155  153  151  148
  145  142  139  137  133  131  128  125  122  121  118  118  116  117  116  118
  118  121  122  125  127  129  132  133  135  135  136  136  137  135  135  132
  130  128  127  124  123  116  119  130  120                                   
    80.0-180.0 180.0   5.0 450.0                            LAT/LON1/LON2/DLON/H
   98   94   90   96   94   99  100  107  110  116  121  128  133  139  145  148
  155  158  162  163  166  166  167  167  166  165  164  161  160  156  154  149
  146  141  138  133  130  125  122  117  114  110  108  106  106  105  105  106
  108  111  113  116  119  122  125  126  128  128  129  129  129  127  126  122
  121  116  114  109  107   98  100  112   98                                   
    77.5-180.0 180.0   5.0 450.0                            LAT/LON1/LON2/DLON/H
   81   74   75   78   81   86   91   97  104  110  119  125  135  140  149  154
  160  164  167  169  169  170  168  169  166  166  164  164  160  159  155  150
  145  141  135  131  124  119  112  107  102   97   94   91   90   90   91   92
   94   97  101  104  109  111  115  116  118  117  118  116  117  113  113  109
  107  102  100   94   90   83   81   91   81                                   
    75.0-180.0 180.0   5.0 450.0                            LAT/LON1/LON2/DLON/H
   69   67   62   73   74   83   86   98  103  114  121  133  140  152  158  166
  170  176  178  180  179  179  176  174  171  170  168  168  164  163  158  155
  148  144  137  133  125  119  109  104   95   92   85   84   81   82   81   84
   85   90   92   98  100  105  107  109  110  110  108  108  105  106  103  102
   98   96   91   87   80   73   75   82   69                                   
    72.5-180.0 180.0   5.0 450.0                            LAT/LON1/LON2/DLON/H
   66   64   64   70   76   82   91   99  110  120  132  141  153  161  171  177
  186  191  195  196  196  195  191  188  182  179  176  174  171  168  164  159
  154  149  141  135  126  120  109  102   92   87   80   78   74   75   75   76
   79   83   87   90   95   97  100   99  100   98   98   95   96   93   93   89
   89   85   83   78   73   67   69   69   66                                   
    70.0-180.0 180.0   5.0 450.0                            LAT/LON1/LON2/DLON/H
   69   68   67   75   82   89   96  108  118  129  142  153  165  175  186  196
  204  212  217  220  221  218  214  207  199  193  187  183  178  173  169  163
  159  152  146  136  129  119  111  102   94   85   80   74   71   69   70   71
   75   78   82   85   86   88   88   88   87   86   84   85   84   85   84   84
   83   81   79   76   71   66   70   70   69                                   
    67.5-180.0 180.0   5.0 450.0                            LAT/LON1/LON2/DLON/H
   70   69   72   81   87   96  105  117  129  142  155  166  178  190  201  212
  223  233  241  246  247  244  237  228  217  211  202  196  188  181  175  168
  163  155  148  138  128  118  108  100   90   84   77   73   69   67   66   67
   70   73   76   77   79   78   78   76   75   72   73   72   75   74   77   75
   77   74   75   71   68   63   69   66   70                                   
    65.0-180.0 180.0   5.0 450.0                            LAT/LON1/LON2/DLON/H
   70   70   74   83   92  101  111  123  137  151  166  178  190  203  215  227
  240  253  265  269  274  268  262  247  238  225  218  207  199  190  183  175
  168  159  150  139  127  116  107   98   89   82   77   72   68   65   64   62
   64   64   67   66   66   65   63   63   60   61   59   62   64   67   69   70
   71   71   71   69   65   63   68   66   70                                   
    62.5-180.0 180.0   5.0 450.0                            LAT/LON1/LON2/DLON/H
   63   63   72   81   91  100  112  126  140  158  172  187  200  212  225  238
  253  270  279  288  289  283  276  263  253  240  231  222  214  206  197  188
  177  165  153  138  124  111  101   92   86   79   76   70   67   62   61   58
   59   58   57   56   54   53   52   51   50   50   51   54   58   61   64   65
   67   64   66   62   61   57   63   61   63                                   
    60.0-180.0 180.0   5.0 450.0                            LAT/LON1/LON2/DLON/H
   57   59   66   76   85   95  109  127  143  164  180  197  210  223  234  248
  261  279  290  298  301  295  290  276  268  253  247  236  233  224  216  206
  192  178  161  146  128  116  103   97   89   85   80   76   69   63   58   55
   54   50   49   46   43   43   42   44   44   47   47   55   56   62   63   65
   64   64   61   61   56   53   56   56   57                                   
    57.5-180.0 180.0   5.0 450.0                            LAT/LON1/LON2/DLON/H
   49   51   58   66   78   91  105  125  143  167  184  203  216  230  242  256
  269  289  297  310  306  303  291  281  273  262  258  253  251  245  238  226
  211  193  175  155  137  121  109  101   94   89   86   80   75   66   61   55
   53   48   46   42   41   39   40   41   44   46   51   56   61   65   66   67
   65   62   60   57   55   49   53   48   49                                   
    55.0-180.0 180.0   5.0 450.0                            LAT/LON1/LON2/DLON/H
   47   51   55   63   72   89  103  126  146  175  194  215  227  243  253  268
  279  296  304  314  313  306  297  283  281  272  273  269  273  268  264  251
  237  215  195  173  154  136  123  114  108  103   98   93   86   75   68   60
   57   51   49   45   42   42   42   46   49   55   59   66   68   74   73   74
   70   69   64   62   56   52   53   47   47                                   
    52.5-180.0 180.0   5.0 450.0                            LAT/LON1/LON2/DLON/H
   49   52   57   66   80   94  112  132  155  181  202  224  238  253  264  280
  292  308  314  324  317  311  296  287  281  279  282  285  290  288  285  272
  257  236  212  189  170  153  139  129  120  115  111  105   98   88   80   72
   68   62   60   55   54   52   53   57   61   68   72   78   82   86   84   84
   80   76   73   69   65   59   60   50   49                                   
    50.0-180.0 180.0   5.0 450.0                            LAT/LON1/LON2/DLON/H
   62   66   72   81   91  106  122  146  169  197  218  239  253  266  279  294
  305  319  324  328  324  311  298  289  288  289  295  298  304  301  298  284
  271  248  228  203  188  170  158  146  139  131  126  119  113  103   96   88
   85   79   77   74   72   71   71   74   79   84   88   94   96   99   97   97
   93   92   87   85   78   74   74   65   62                                   
    47.5-180.0 180.0   5.0 450.0                            LAT/LON1/LON2/DLON/H
   78   82   89   98  114  129  147  168  190  214  234  254  267  283  295  312
  322  335  336  340  328  316  301  294  292  295  301  306  310  307  299  285
  271  249  230  211  197  183  171  160  150  142  137  131  126  117  111  105
  102   99   98   96   94   92   90   92   95   99  102  106  109  111  111  109
  107  105  103   99   96   90   91   85   78                                   
    45.0-180.0 180.0   5.0 450.0                            LAT/LON1/LON2/DLON/H
   97  105  115  128  143  158  178  198  219  242  262  278  292  305  317  332
  342  354  354  351  339  324  312  304  303  303  309  310  312  303  294  275
  260  239  227  212  204  191  182  171  164  153  148  140  136  128  124  118
  117  114  116  113  112  109  107  106  107  109  111  114  117  119  120  120
  120  121  120  119  115  114  115  103   97                                   
    42.5-180.0 180.0   5.0 450.0                            LAT/LON1/LON2/DLON/H
  107  119  132  146  165  182  204  222  241  262  280  299  309  324  335  352
  361  373  369  365  351  339  325  316  312  311  313  311  306  294  279  259
  242  225  218  210  205  196  188  179  170  160  153  146  142  136  132  128
  127  128  128  128  125  122  116  114  113  114  115  117  120  122  126  126
  128  128  129  129  129  125  129  118  107                                   
    40.0-180.0 180.0   5.0 450.0                            LAT/LON1/LON2/DLON/H
  116  130  146  164  187  202  226  243  265  283  305  319  332  343  357  373
  381  387  385  376  366  351  340  330  326  321  319  311  301  285  265  244
  229  218  218  214  211  203  198  189  180  168  161  153  147  141  136  132
  130  130  131  131  130  124  119  115  113  113  115  117  121  124  129  131
  132  135  135  135  133  131  134  120  116                                   
    37.5-180.0 180.0   5.0 450.0                            LAT/LON1/LON2/DLON/H
  104  123  141  162  188  206  230  247  269  290  313  330  342  357  372  389
  397  406  400  395  384  371  358  347  339  330  323  311  298  278  258  240
  230  229  232  233  228  221  213  202  191  178  169  160  153  146  140  134
  131  131  129  131  126  123  116  113  109  110  111  114  117  121  126  130
  131  130  129  127  127  123  129  116  104                                   
    35.0-180.0 180.0   5.0 450.0                            LAT/LON1/LON2/DLON/H
   96  110  129  151  179  200  227  251  278  302  330  347  366  380  395  408
  416  416  414  406  402  390  378  362  351  340  331  318  305  286  270  257
  257  261  271  272  269  254  243  226  214  197  186  174  166  157  150  143
  136  131  127  125  122  118  113  110  108  107  109  111  116  120  125  128
  126  124  118  115  108  105  110  105   96                                   
    32.5-180.0 180.0   5.0 450.0                            LAT/LON1/LON2/DLON/H
   68   89  108  135  166  188  217  241  270  299  331  356  376  395  409  421
  427  431  426  424  418  409  393  378  363  350  343  333  323  313  304  305
  310  324  332  337  327  308  284  261  240  221  207  192  185  175  168  159
  151  141  134  130  126  124  121  119  117  115  115  115  118  120  123  125
  122  115  106   97   94   89   94   89   68                                   
    30.0-180.0 180.0   5.0 450.0                            LAT/LON1/LON2/DLON/H
   49   68   87  117  150  182  210  244  275  311  345  374  396  413  425  434
  438  437  436  433  432  423  409  391  376  366  363  360  359  358  361  373
  388  409  424  425  411  384  349  315  283  258  240  226  215  206  196  190
  178  167  151  143  135  136  135  136  135  134  130  126  126  126  129  127
  123  117  104   95   80   79   77   74   49                                   
    27.5-180.0 180.0   5.0 450.0                            LAT/LON1/LON2/DLON/H
   34   58   79  111  145  182  210  243  274  315  350  387  408  425  436  445
  448  450  449  449  442  431  413  397  386  384  390  398  409  424  442  467
  497  523  538  530  503  462  418  372  333  305  283  267  255  246  237  229
  206  189  168  160  149  152  148  151  149  146  143  138  138  137  144  141
  141  127  115   95   82   74   73   62   34                                   
    25.0-180.0 180.0   5.0 450.0                            LAT/LON1/LON2/DLON/H
   43   65   73  109  144  191  212  254  281  334  368  413  427  452  455  465
  462  464  460  458  453  438  421  407  406  409  428  447  475  499  530  560
  592  618  628  612  576  532  472  422  375  344  318  309  295  295  285  282
  264  246  218  199  198  193  193  188  181  173  164  157  153  150  151  152
  150  142  126  110   88   80   74   63   43                                   
    22.5-180.0 180.0   5.0 450.0                            LAT/LON1/LON2/DLON/H
   61   86  100  132  168  209  231  265  290  345  383  426  442  468  473  484
  482  486  479  475  461  442  422  415  419  442  470  506  543  578  609  641
  675  699  701  679  626  562  502  448  403  366  342  340  334  346  341  338
  315  284  256  230  226  224  232  226  214  203  192  186  181  181  184  184
  183  171  158  130  112   98   83   80   61                                   
    20.0-180.0 180.0   5.0 450.0                            LAT/LON1/LON2/DLON/H
   96  110  123  156  195  232  255  289  311  367  398  452  458  495  492  512
  504  516  504  492  476  453  434  427  444  472  514  554  606  634  678  701
  725  742  736  707  658  588  516  467  415  384  360  360  361  374  381  382
  379  351  333  301  297  284  284  264  246  227  211  201  190  191  193  197
  199  191  178  160  135  122  105   98   96                                   
    17.5-180.0 180.0   5.0 450.0                            LAT/LON1/LON2/DLON/H
  127  147  158  193  225  254  277  302  326  376  412  462  481  511  517  532
  527  540  521  524  499  469  451  451  476  515  561  608  652  685  707  728
  744  752  736  703  650  583  514  456  412  381  367  373  381  401  409  418
  414  398  377  354  343  336  319  298  272  247  222  208  196  193  193  199
  199  194  178  163  145  139  123  119  127                                   
    15.0-180.0 180.0   5.0 450.0                            LAT/LON1/LON2/DLON/H
  149  165  183  222  257  288  314  329  359  400  437  502  520  562  554  577
  563  582  555  553  523  498  479  485  511  556  606  651  700  715  732  741
  746  739  719  686  634  571  507  453  414  386  372  376  387  403  426  429
  435  420  407  382  374  358  342  318  291  257  232  210  197  193  192  199
  200  196  179  168  148  142  136  135  149                                   
    12.5-180.0 180.0   5.0 450.0                            LAT/LON1/LON2/DLON/H
  156  172  200  239  269  298  324  346  377  411  453  501  545  577  597  611
  611  617  592  584  547  524  508  521  551  595  646  694  718  730  734  733
  723  711  685  655  601  550  495  457  414  393  374  379  380  401  414  425
  425  416  405  389  376  359  343  319  293  262  231  209  193  189  186  196
  196  199  185  174  152  148  130  134  156                                   
    10.0-180.0 180.0   5.0 450.0                            LAT/LON1/LON2/DLON/H
  157  173  209  253  288  321  346  382  409  449  481  534  574  618  633  662
  664  676  649  633  585  564  539  567  595  642  688  720  737  740  735  726
  704  684  654  623  580  538  500  464  432  406  388  381  385  392  409  414
  421  411  402  392  375  360  338  315  286  258  225  207  190  188  187  197
  193  196  183  170  154  146  131  132  157                                   
     7.5-180.0 180.0   5.0 450.0                            LAT/LON1/LON2/DLON/H
  147  168  203  258  294  319  355  390  437  473  510  553  595  630  664  687
  705  709  688  667  620  600  590  615  647  685  720  737  744  744  734  715
