data/unet/pred2950.15i
     1.0            IONOSPHERE MAPS     GNSS                IONEX VERSION / TYPE
pyspatialgeodesy        IME             05-JAN-18 20:20     PGM / RUN BY / DATE 
Map Name                                                    COMMENT             
Predicted global ionosphere maps (GIM).                     DESCRIPTION         
  2015    10    22     0     0     0                        EPOCH OF FIRST MAP  
  2015    10    23     0     0     0                        EPOCH OF LAST MAP   
  7200                                                      INTERVAL            
    13                                                      # OF MAPS IN FILE   
  NONE                                                      MAPPING FUNCTION    
10.0                                                        ELEVATION CUTOFF    
One-way carrier phase leveled to code                       OBSERVABLES USED    
  6371.0                                                    BASE RADIUS         
 2                                                          MAP DIMENSION       
   450.0 450.0   0.0                                        HGT1 / HGT2 / DHGT  
    87.5 -87.5  -2.5                                        LAT1 / LAT2 / DLAT  
  -180.0 180.0   5.0                                        LON1 / LON2 / DLON  
    -1                                                      EXPONENT            
                                                            END OF HEADER       
[from data line 1287]
     4                                                      START OF TEC MAP    
  2015    10    22     6     0     0                        EPOCH OF CURRENT MAP
    87.5-180.0 180.0   5.0 450.0                            LAT/LON1/LON2/DLON/H
   40   81   79   79   81   78   82   81   86   86   89   89   91   91   93   93
   95   95   96   96   97   97   98   98  100  100  100  100  102  101  103  102
  105  104  106  104  107  104  107  104  109  106  110  106  111  107  111  107
  111  108  111  107  109  105  106  101  102   97   96   91   92   87   87   81
   83   79   81   78   83   77   95   49   40                                   
    85.0-180.0 180.0   5.0 450.0                            LAT/LON1/LON2/DLON/H
   72   73   73   77   77   75   78   78   81   83   84   86   86   89   89   90
   89   91   90   91   89   91   89   90   88   89   88   88   87   88   88   88
   89   89   91   91   94   93   96   96  100  100  103  104  106  107  108  110
  111  111  112  111  112  110  111  107  107  103  101   97   97   91   91   86
   87   81   83   79   80   69   88   66   72                                   
    82.5-180.0 180.0   5.0 450.0                            LAT/LON1/LON2/DLON/H
   63   67   68   66   70   67   74   74   80   80   85   86   89   89   91   90
   92   89   91   87   89   85   87   83   85   81   83   79   82   78   82   79
   84   82   87   87   93   94   98  100  105  107  110  113  115  117  118  120
  121  122  122  121  122  119  120  115  115  108  107   99   99   90   90   82
   83   76   79   71   72   61   77   48   63                                   
    80.0-180.0 180.0   5.0 450.0                            LAT/LON1/LON2/DLON/H
   59   61   54   55   55   58   61   66   69   73   77   80   82   84   85   85
   85   84   83   82   80   80   78   77   75   75   73   73   72   72   73   73
   76   77   81   83   88   90   96   98  106  107  114  115  123  124  131  131
  137  136  141  139  141  139  139  137  134  128  122  115  107  102   93   90
   82   80   75   72   64   55   62   41   59                                   
    77.5-180.0 180.0   5.0 450.0                            LAT/LON1/LON2/DLON/H
   62   59   52   50   51   54   55   61   63   69   71   75   75   77   76   77
   74   74   71   71   68   68   66   66   63   64   62   63   61   62   61   63
   64   66   69   74   78   84   88   96  101  110  116  124  129  136  141  146
  151  154  158  161  162  163  161  160  155  150  142  136  126  118  108  101
   92   88   82   80   72   62   68   42   62                                   
    75.0-180.0 180.0   5.0 450.0                            LAT/LON1/LON2/DLON/H
   68   63   54   52   49   51   53   58   60   66   67   72   70   74   70   72
   67   69   63   66   60   63   59   62   58   61   58   58   56   56   55   56
   56   57   59   64   66   74   76   87   90  104  111  121  129  136  144  151
  158  164  171  175  180  182  183  182  179  172  163  154  147  137  128  118
  109  102   94   91   82   73   78   54   68                                   
    72.5-180.0 180.0   5.0 450.0                            LAT/LON1/LON2/DLON/H
   80   73   63   57   55   52   55   56   60   62   67   66   69   66   66   62
   61   58   59   57   57   56   57   57   59   58   59   57   57   54   53   50
   51   49   52   54   59   63   70   77   86   97  107  118  129  139  150  158
  169  177  186  192  199  202  205  204  203  198  191  182  172  161  149  140
  130  123  115  109  101   92   93   70   80                                   
    70.0-180.0 180.0   5.0 450.0                            LAT/LON1/LON2/DLON/H
   91   85   72   65   58   56   56   57   59   62   63   65   63   62   59   57
   54   54   53   55   54   58   58   61   62   63   63   61   60   55   53   49
   49   47   48   51   52   57   61   70   77   91  101  115  127  139  151  163
  175  187  198  207  216  222  226  225  224  217  209  201  194  182  171  158
  151  144  139  132  125  112  108   95   91                                   
    67.5-180.0 180.0   5.0 450.0                            LAT/LON1/LON2/DLON/H
  105   97   83   72   67   60   61   59   63   63   66   63   64   57   56   52
   51   50   51   53   55   58   61   65   68   69   70   68   66   61   57   52
   49   45   47   45   50   52   60   66   76   89  105  118  131  144  158  169
  183  195  209  218  229  234  239  238  237  230  222  212  205  194  185  175
  165  159  153  151  144  133  126  110  105                                   
    65.0-180.0 180.0   5.0 450.0                            LAT/LON1/LON2/DLON/H
  112  104   87   76   67   63   61   61   62   64   64   62   60   56   53   51
   49   52   53   58   59   65   66   71   72   75   74   73   69   65   59   53
   49   45   43   44   44   49   53   63   73   89  104  121  133  148  161  176
  189  203  216  228  241  248  253  253  252  243  233  220  213  200  191  180
  173  163  161  157  154  144  134  129  112                                   
    62.5-180.0 180.0   5.0 450.0                            LAT/LON1/LON2/DLON/H
  119  107   91   78   69   62   61   61   63   64   66   63   62   57   55   52
   52   54   55   58   59   63   65   69   72   74   74   73   69   64   57   51
   46   41   39   38   42   46   54   63   79   95  112  127  141  154  168  181
  195  208  224  235  249  256  263  262  263  254  243  228  219  206  195  185
  173  166  160  159  157  150  142  132  119                                   
    60.0-180.0 180.0   5.0 450.0                            LAT/LON1/LON2/DLON/H
  118  108   89   77   64   60   58   60   61   63   64   63   62   58   57   55
   57   59   61   63   64   66   67   70   70   74   70   71   64   62   51   48
   41   39   35   38   40   46   54   68   84  102  119  134  149  162  176  189
  202  217  231  246  260  269  274  275  273  264  250  236  227  214  203  190
  179  167  161  155  155  147  140  138  118                                   
    57.5-180.0 180.0   5.0 450.0                            LAT/LON1/LON2/DLON/H
  122  106   89   75   65   58   55   55   57   59   61   60   60   58   59   58
   60   61   62   62   59   59   58   60   63   65   64   62   59   54   47   41
   38   35   36   38   44   51   62   78   96  113  132  146  162  173  188  199
  214  226  244  256  272  278  286  284  284  273  262  248  239  228  215  203
  187  173  161  157  152  145  139  132  122                                   
    55.0-180.0 180.0   5.0 450.0                            LAT/LON1/LON2/DLON/H
  124  111   89   78   64   59   54   56   55   58   59   61   60   60   62   62
   66   66   68   63   63   59   58   59   60   64   59   61   53   52   43   42
   36   38   36   42   47   57   68   86  104  122  140  156  172  187  200  212
  226  241  258  272  286  295  300  300  297  290  275  262  254  244  233  218
  201  184  171  161  155  146  138  135  124                                   
    52.5-180.0 180.0   5.0 450.0                            LAT/LON1/LON2/DLON/H
  137  116   98   82   73   63   59   55   54   53   55   54   57   57   61   62
   65   65   65   60   56   53   50   53   55   58   59   57   54   48   45   41
   40   41   45   52   61   71   83  102  120  139  155  172  189  202  216  228
  244  256  276  288  304  309  317  313  314  302  292  279  273  263  252  238
  220  202  186  173  164  151  144  136  137                                   
    50.0-180.0 180.0   5.0 450.0                            LAT/LON1/LON2/DLON/H
  149  128  105   95   84   75   67   64   59   59   56   58   56   59   60   64
   67   66   68   61   61   54   57   57   62   65   65   64   58   55   48   47
   44   47   51   60   71   83   96  116  133  150  169  185  206  219  234  246
  261  276  293  308  320  327  329  329  326  319  307  297  289  281  270  257
  242  226  209  191  180  163  155  147  149                                   
    47.5-180.0 180.0   5.0 450.0                            LAT/LON1/LON2/DLON/H
  169  146  129  110  104   91   84   75   68   62   61   56   58   56   59   60
   63   62   62   59   56   56   56   63   66   72   72   70   65   58   55   51
   51   55   64   76   89  103  118  136  151  168  185  202  222  236  252  263
  278  288  307  319  332  335  339  334  332  323  315  305  301  293  283  273
  258  245  230  213  201  182  173  156  169                                   
    45.0-180.0 180.0   5.0 450.0                            LAT/LON1/LON2/DLON/H
  187  163  142  132  121  112  103   93   84   76   72   67   64   62   61   61
   63   63   65   62   65   63   72   74   85   84   87   81   76   67   61   58
   58   61   72   87  102  117  133  151  167  182  199  218  238  253  266  279
  292  304  317  331  337  342  342  340  336  329  319  313  305  302  289  281
  267  257  246  233  221  197  188  175  187                                   
    42.5-180.0 180.0   5.0 450.0                            LAT/LON1/LON2/DLON/H
  200  176  162  147  141  129  121  108   97   87   82   75   72   66   64   61
   62   63   64   66   67   73   77   88   92   97   95   90   82   75   69   65
   66   72   84  101  117  137  154  172  187  201  219  237  256  269  284  293
  306  315  328  336  344  344  346  342  340  331  321  315  310  306  295  287
  273  264  255  243  237  214  203  185  200                                   
    40.0-180.0 180.0   5.0 450.0                            LAT/LON1/LON2/DLON/H
  201  179  161  156  148  141  133  121  111  100   95   87   86   78   75   71
   72   73   77   78   85   86   98  101  110  107  106   96   89   80   75   71
   72   78   91  108  126  148  168  186  203  220  238  256  271  285  296  309
  318  330  339  348  352  356  355  354  350  344  332  328  319  313  297  289
  275  267  258  250  243  219  209  194  201                                   
    37.5-180.0 180.0   5.0 450.0                            LAT/LON1/LON2/DLON/H
  199  175  163  149  147  140  135  126  115  107  102   96   93   86   82   77
   77   79   83   88   92   98  103  111  112  112  105   96   88   82   77   74
   74   80   92  112  132  157  178  200  219  238  257  271  286  295  309  316
  329  336  348  355  363  365  371  370  371  364  355  348  339  330  312  299
  283  271  263  252  248  224  216  196  199                                   
    35.0-180.0 180.0   5.0 450.0                            LAT/LON1/LON2/DLON/H
  190  170  149  146  138  137  131  123  115  108  107  103  105   98   99   93
   97   97  105  106  113  114  119  120  120  113  107   97   89   83   78   77
   76   82   92  112  134  160  186  209  233  256  272  286  297  307  316  328
  338  351  361  374  383  392  399  406  407  406  398  391  379  366  342  324
  300  286  273  261  250  226  215  197  190                                   
    32.5-180.0 180.0   5.0 450.0                            LAT/LON1/LON2/DLON/H
  195  164  151  133  129  122  118  113  106  103  103  101  103   99  101  100
  104  108  113  117  119  120  118  120  115  111  101   93   86   81   80   77
   77   80   90  108  131  163  187  215  241  265  283  294  307  313  327  334
  350  359  378  390  410  421  437  444  455  455  452  445  434  417  390  365
  337  312  292  273  262  236  224  202  195                                   
    30.0-180.0 180.0   5.0 450.0                            LAT/LON1/LON2/DLON/H
  206  168  143  131  118  112  107  101   96   94   97   96  102  103  110  110
  119  121  128  127  131  127  125  121  119  112  105   97   90   88   84   83
   79   83   89  107  130  163  190  217  245  269  288  299  312  320  333  347
  365  382  402  424  447  466  486  500  515  521  519  511  498  482  452  426
  390  360  330  304  282  253  235  222  206                                   
    27.5-180.0 180.0   5.0 450.0                            LAT/LON1/LON2/DLON/H
  236  184  166  138  124  111  107   99   93   92   92   92   94   97  105  110
  118  121  126  126  123  120  115  117  115  115  108  101   98   94   94   89
   88   85   92  105  129  162  192  219  242  267  286  300  314  324  342  355
  382  399  431  455  486  507  538  557  587  596  602  591  580  556  525  494
  460  422  389  352  325  289  268  256  236                                   
    25.0-180.0 180.0   5.0 450.0                            LAT/LON1/LON2/DLON/H
  281  219  197  170  142  126  114  107   97   95   92   89   92   94  105  109
  120  120  124  120  119  114  119  121  127  128  124  120  112  112  106  107
   99   99   97  112  130  162  191  219  238  260  284  302  320  336  353  376
  402  431  468  505  539  569  603  628  649  661  666  667  661  644  616  579
  533  498  456  423  388  354  318  315  281                                   
    22.5-180.0 180.0   5.0 450.0                            LAT/LON1/LON2/DLON/H
  361  297  267  226  196  169  152  134  124  113  105   98   92   93   98  103
  107  107  104  103   98  103  110  125  135  142  143  137  135  124  124  120
  117  111  109  114  136  161  196  220  239  255  280  304  328  349  369  394
  427  466  512  554  591  627  652  676  702  719  724  726  724  709  690  661
  628  577  536  491  456  426  386  382  361                                   
    20.0-180.0 180.0   5.0 450.0                            LAT/LON1/LON2/DLON/H
  439  403  363  322  269  237  207  186  162  148  133  118  109  103  106  103
  107  101  101   95   98  105  121  139  155  170  170  164  143  136  125  124
  118  121  112  119  136  166  191  221  238  259  281  312  340  366  391  427
  468  513  561  601  636  658  678  704  726  746  752  764  764  755  741  714
  688  653  614  573  531  501  469  465  439                                   
    17.5-180.0 180.0   5.0 450.0                            LAT/LON1/LON2/DLON/H
  516  487  468  432  380  329  285  254  224  199  177  155  136  125  116  111
  103   95   89   86   92  107  131  153  181  196  191  173  150  137  130  124
  118  118  119  118  142  165  197  219  244  265  292  324  348  382  410  454
  501  549  594  633  657  674  688  708  726  743  755  770  780  781  775  754
  732  700  668  636  602  571  546  530  516                                   
    15.0-180.0 180.0   5.0 450.0                            LAT/LON1/LON2/DLON/H
  570  553  546  523  481  435  381  335  292  264  229  203  179  161  148  134
  121  109   98  100  104  125  150  186  207  222  204  190  158  149  138  131
  121  120  119  122  140  168  190  224  245  274  301  338  368  405  442  486
  531  576  616  647  659  675  684  698  708  724  734  753  767  779  780  770
  755  730  705  679  655  635  615  602  570                                   
    12.5-180.0 180.0   5.0 450.0                            LAT/LON1/LON2/DLON/H
  614  610  604  582  553  513  463  414  366  333  290  255  221  201  186  165
  144  123  117  114  127  144  178  205  219  225  210  192  164  151  144  137
  124  119  120  121  144  166  193  221  251  281  315  352  382  421  459  502
  545  583  616  637  651  656  659  667  677  686  701  719  742  760  769  768
  760  743  727  709  693  680  662  640  614                                   
    10.0-180.0 180.0   5.0 450.0                            LAT/LON1/LON2/DLON/H
  638  640  640  628  598  569  522  474  423  387  343  311  265  244  222  201
  175  157  142  148  156  180  199  227  231  236  214  194  170  158  149  137
  125  115  115  119  138  163  186  220  247  280  316  356  393  433  473  509
  548  579  606  623  631  635  633  640  649  658  671  690  715  735  746  747
  742  731  723  716  710  701  689  674  638                                   
     7.5-180.0 180.0   5.0 450.0                            LAT/LON1/LON2/DLON/H
  648  651  653  640  620  584  547  501  459  425  385  350  309  282  257  237
  210  187  176  168  177  189  210  230  236  233  213  190  169  156  146  135
