data/unet/pred0860.15i
     1.0            IONOSPHERE MAPS     GNSS                IONEX VERSION / TYPE
pyspatialgeodesy        IME             05-JAN-18 20:20     PGM / RUN BY / DATE 
Map Name                                                    COMMENT             
Predicted global ionosphere maps (GIM).                     DESCRIPTION         
  2015     3    27     0     0     0                        EPOCH OF FIRST MAP  
  2015     3    28     0     0     0                        EPOCH OF LAST MAP   
  7200                                                      INTERVAL            
    13                                                      # OF MAPS IN FILE   
  NONE                                                      MAPPING FUNCTION    
10.0                                                        ELEVATION CUTOFF    
One-way carrier phase leveled to code                       OBSERVABLES USED    
  6371.0                                                    BASE RADIUS         
 2                                                          MAP DIMENSION       
   450.0 450.0   0.0                                        HGT1 / HGT2 / DHGT  
    87.5 -87.5  -2.5                                        LAT1 / LAT2 / DLAT  
  -180.0 180.0   5.0                                        LON1 / LON2 / DLON  
    -1                                                      EXPONENT            
                                                            END OF HEADER       
[from data line 429]
     2                                                      START OF TEC MAP    
  2015     3    27     2     0     0                        EPOCH OF CURRENT MAP
    87.5-180.0 180.0   5.0 450.0                            LAT/LON1/LON2/DLON/H
  164  165  158  158  160  163  167  170  173  174  176  175  176  176  176  176
  176  176  175  174  172  170  166  162  158  154  150  145  143  139  137  134
  133  132  132  131  132  132  134  134  136  137  140  141  143  144  147  148
  151  152  155  156  160  161  162  163  166  166  165  165  165  164  161  159
  159  157  156  157  165  160  161  174  164                                   
    85.0-180.0 180.0   5.0 450.0                            LAT/LON1/LON2/DLON/H
  165  172  164  166  171  169  176  174  181  179  184  181  186  183  186  182
  184  180  181  175  175  168  168  159  157  150  149  141  140  134  134  128
  129  125  126  124  126  125  127  127  130  130  134  134  139  138  143  143
  148  148  153  154  160  160  164  164  170  168  172  169  173  169  171  166
  169  164  166  165  174  165  172  175  165                                   
    82.5-180.0 180.0   5.0 450.0                            LAT/LON1/LON2/DLON/H
  165  169  172  177  176  180  183  186  189  191  195  196  199  198  201  197
  199  193  194  186  185  176  173  162  158  148  145  135  133  125  125  117
  119  113  115  111  114  112  115  115  119  120  123  126  130  133  139  143
  149  153  158  162  168  171  175  178  183  184  186  186  188  186  186  183
  184  181  180  182  187  180  180  176  165                                   
    80.0-180.0 180.0   5.0 450.0                            LAT/LON1/LON2/DLON/H
  175  173  179  178  182  181  188  188  195  195  203  203  207  206  209  205
  205  200  199  191  188  177  174  161  157  143  139  127  124  114  115  107
  109  103  107  103  108  105  112  109  117  115  124  121  131  129  139  139
  149  150  159  163  172  175  183  185  194  194  198  197  201  198  200  196
  198  194  194  193  198  189  184  180  175                                   
    77.5-180.0 180.0   5.0 450.0                            LAT/LON1/LON2/DLON/H
  186  183  188  188  186  187  191  195  198  204  207  211  212  214  213  212
  209  206  202  197  191  183  176  166  158  147  140  129  124  117  114  109
  108  107  109  109  113  115  120  120  127  127  134  132  139  138  144  145
  151  156  163  169  178  183  190  194  200  203  207  207  211  210  211  208
  210  205  206  203  204  197  193  185  186                                   
    75.0-180.0 180.0   5.0 450.0                            LAT/LON1/LON2/DLON/H
  198  193  198  195  195  191  198  198  206  207  215  215  218  217  216  212
  210  204  201  194  190  181  177  166  161  149  145  135  133  124  126  118
  123  116  123  119  128  124  132  127  135  131  137  134  139  136  141  141
  146  149  158  164  176  181  190  194  203  205  211  211  216  215  218  216
  219  215  215  213  213  207  204  197  198                                   
    72.5-180.0 180.0   5.0 450.0                            LAT/LON1/LON2/DLON/H
  216  209  209  206  202  201  202  206  209  214  216  219  218  217  211  207
  200  195  189  185  179  174  168  161  155  147  142  136  133  128  127  124
  125  124  127  126  130  129  133  132  134  133  135  133  133  133  134  135
  138  142  148  157  166  177  184  193  200  207  209  213  216  217  219  219
  222  222  222  222  221  220  219  211  216                                   
    70.0-180.0 180.0   5.0 450.0                            LAT/LON1/LON2/DLON/H
  232  223  224  218  213  210  210  212  215  218  220  221  218  212  203  193
  184  175  170  164  162  157  157  151  149  143  142  136  136  131  133  130
  134  132  136  134  139  135  139  134  138  132  133  128  129  123  125  124
  128  132  141  151  163  174  186  195  205  209  213  214  218  218  221  222
  227  227  231  231  231  229  232  228  232                                   
    67.5-180.0 180.0   5.0 450.0                            LAT/LON1/LON2/DLON/H
  252  240  234  227  221  217  217  218  221  224  225  225  217  210  195  186
  172  164  154  152  146  147  142  142  137  135  130  129  125  127  125  129
  128  131  130  131  130  128  126  124  122  120  119  116  115  113  114  114
  118  124  133  146  161  175  187  200  208  215  215  216  217  217  218  220
  225  228  231  232  234  237  244  242  252                                   
    65.0-180.0 180.0   5.0 450.0                            LAT/LON1/LON2/DLON/H
  265  250  249  236  228  221  221  222  226  228  230  226  219  206  193  178
  165  153  146  140  138  135  135  132  129  125  121  118  116  116  118  120
  123  123  124  123  122  119  117  113  112  107  106  103  102   99  101  103
  109  116  130  145  164  179  196  208  219  225  225  224  225  222  224  222
  228  229  235  235  237  241  251  254  265                                   
    62.5-180.0 180.0   5.0 450.0                            LAT/LON1/LON2/DLON/H
  279  261  252  237  230  220  221  221  227  229  232  228  220  207  192  179
  164  154  143  140  134  133  129  126  119  114  108  104  103  103  104  108
  108  110  108  106  103  101   98   97   95   94   93   92   90   91   93   98
  105  115  131  148  167  186  202  217  228  234  235  234  233  229  228  226
  228  229  232  233  234  243  256  261  279                                   
    60.0-180.0 180.0   5.0 450.0                            LAT/LON1/LON2/DLON/H
  286  270  264  247  232  224  220  222  226  230  233  229  223  209  197  182
  171  159  152  144  140  134  130  121  115  106   99   94   93   93   94   97
   98   97   96   93   90   87   84   83   83   81   82   80   81   82   87   93
  104  117  137  155  176  193  213  228  241  248  248  249  247  245  241  238
  238  237  239  237  238  245  258  267  286                                   
    57.5-180.0 180.0   5.0 450.0                            LAT/LON1/LON2/DLON/H
  298  279  269  252  239  224  223  220  226  228  233  229  226  213  205  192
  184  173  166  158  151  144  134  126  114  105   95   90   88   88   89   90
   92   89   87   82   79   76   75   75   76   75   77   75   76   77   84   91
  105  121  143  163  183  203  222  239  254  261  265  266  268  264  263  258
  257  254  252  249  248  254  266  271  298                                   
    55.0-180.0 180.0   5.0 450.0                            LAT/LON1/LON2/DLON/H
  314  302  293  274  252  239  228  228  225  229  230  228  226  214  210  199
  195  183  179  168  163  151  144  129  120  105  101   92   93   90   93   91
   92   88   85   81   79   76   78   78   81   81   82   82   82   83   89   96
  112  128  152  170  191  209  230  246  262  272  279  285  288  289  287  287
  284  281  277  271  269  269  275  282  314                                   
    52.5-180.0 180.0   5.0 450.0                            LAT/LON1/LON2/DLON/H
  337  325  317  299  276  257  248  238  237  233  234  228  227  219  218  210
  207  198  192  182  174  163  152  140  128  120  111  107  103  104  101  101
   97   94   91   88   87   87   89   90   93   91   93   88   88   87   93  101
  117  137  159  181  200  222  240  258  273  285  296  302  311  312  316  315
  315  314  309  306  301  298  299  301  337                                   
    50.0-180.0 180.0   5.0 450.0                            LAT/LON1/LON2/DLON/H
  367  366  358  340  314  295  275  264  249  243  236  229  225  218  218  211
  210  198  195  182  179  166  162  149  144  133  130  123  123  117  115  109
  106  100   99   97   99  100  104  105  108  107  107  103  100   98  103  109
  128  145  170  189  212  231  252  269  284  297  309  319  328  332  338  341
  344  345  343  340  339  335  328  330  367                                   
    47.5-180.0 180.0   5.0 450.0                            LAT/LON1/LON2/DLON/H
  394  396  387  377  358  339  321  302  282  265  251  237  228  222  221  216
  212  203  195  186  181  175  171  165  160  154  150  146  141  136  128  122
  114  110  108  109  113  115  121  120  123  119  119  112  110  107  112  120
  137  159  183  207  228  252  269  287  301  316  325  336  345  350  356  360
  367  374  375  377  374  372  363  359  394                                   
    45.0-180.0 180.0   5.0 450.0                            LAT/LON1/LON2/DLON/H
  418  428  420  413  398  384  363  346  320  295  267  248  235  223  220  212
  208  195  190  180  181  174  178  173  176  169  170  161  157  145  137  125
  119  111  114  115  121  125  130  131  132  129  127  121  119  118  125  133
  152  173  200  222  248  268  287  303  320  332  342  352  360  364  369  375
  385  393  399  403  406  406  396  388  418                                   
    42.5-180.0 180.0   5.0 450.0                            LAT/LON1/LON2/DLON/H
  434  438  429  426  419  410  396  378  353  326  294  267  246  233  224  215
  205  195  186  182  182  183  186  187  188  186  182  175  164  153  139  131
  121  117  117  121  127  132  137  138  139  136  135  131  131  131  138  146
  165  188  216  243  270  292  311  329  342  355  361  372  378  382  386  392
  401  409  416  423  427  428  422  408  434                                   
    40.0-180.0 180.0   5.0 450.0                            LAT/LON1/LON2/DLON/H
  446  452  437  431  420  415  404  390  368  341  310  280  257  240  228  215
  204  191  187  182  189  190  198  197  200  191  189  175  168  150  139  127
  122  116  120  123  132  136  143  142  144  141  141  140  142  143  151  160
  179  203  231  259  286  309  330  347  360  372  381  392  397  401  402  408
  414  423  430  440  446  450  441  426  446                                   
    37.5-180.0 180.0   5.0 450.0                            LAT/LON1/LON2/DLON/H
  455  453  436  423  414  408  401  391  372  349  323  297  272  253  238  223
  210  199  195  196  203  208  210  209  204  198  188  178  164  152  140  134
  129  128  129  134  140  146  150  152  152  151  152  152  155  155  160  168
  186  208  240  268  299  324  349  364  380  392  405  413  423  423  424  424
  430  437  447  458  465  470  462  440  455                                   
    35.0-180.0 180.0   5.0 450.0                            LAT/LON1/LON2/DLON/H
  478  475  447  428  407  399  389  379  361  344  321  300  279  261  246  228
  217  205  206  208  220  221  220  211  204  191  185  171  166  154  153  145
  148  144  150  150  154  156  162  159  162  158  162  163  167  166  170  176
  192  215  242  273  300  332  355  379  395  414  426  441  448  451  449  449
  450  457  467  481  493  501  494  470  478                                   
    32.5-180.0 180.0   5.0 450.0                            LAT/LON1/LON2/DLON/H
  513  501  472  442  420  400  388  373  359  342  327  309  290  272  257  241
  228  220  220  227  234  232  223  212  201  195  187  181  175  174  175  179
  183  184  182  180  177  179  176  176  173  172  174  176  178  174  175  178
  193  214  241  268  298  325  354  377  399  416  435  451  467  469  473  471
  473  476  487  500  513  525  527  502  513                                   
    30.0-180.0 180.0   5.0 450.0                            LAT/LON1/LON2/DLON/H
  577  559  527  496  460  437  407  390  364  349  331  317  299  280  266  246
  237  227  230  233  239  233  221  207  202  197  201  197  203  204  215  222
  234  227  226  213  207  198  197  188  187  183  184  182  182  177  175  179
  192  214  237  266  288  317  342  372  387  409  428  455  476  494  497  505
  508  517  523  536  548  563  574  563  577                                   
    27.5-180.0 180.0   5.0 450.0                            LAT/LON1/LON2/DLON/H
  648  634  613  574  535  491  458  424  400  372  357  336  317  295  277  257
  244  234  231  232  233  227  217  214  214  224  229  238  244  260  276  294
  301  297  280  260  237  224  208  204  194  194  187  184  177  172  166  171
  186  206  231  255  280  306  334  361  377  395  415  444  474  499  515  527
  541  553  568  577  591  609  634  636  648                                   
    25.0-180.0 180.0   5.0 450.0                            LAT/LON1/LON2/DLON/H
  757  757  732  703  661  606  545  498  451  427  395  372  342  318  295  269
  254  237  232  226  226  222  223  227  246  264  287  306  322  341  355  366
  369  356  333  300  269  244  230  218  208  201  191  179  166  155  147  152
  165  195  223  255  279  313  341  368  381  405  421  453  485  522  542  570
  583  607  625  638  652  688  711  726  757                                   
    22.5-180.0 180.0   5.0 450.0                            LAT/LON1/LON2/DLON/H
  860  874  862  823  783  727  669  603  542  495  461  422  390  351  322  294
  273  252  237  227  223  229  237  266  297  336  362  386  399  408  416  420
  412  393  358  319  278  252  229  221  202  198  181  170  151  139  131  133
  150  176  210  242  281  315  345  368  390  409  431  464  497  536  565  596
  619  651  676  695  715  755  787  805  860                                   
    20.0-180.0 180.0   5.0 450.0                            LAT/LON1/LON2/DLON/H
  951  984  985  962  917  855  788  727  668  613  559  510  459  419  375  339
  309  281  262  243  244  252  281  324  376  418  449  468  472  474  466  460
  435  407  369  323  283  256  232  219  204  194  178  160  143  129  119  121
  138  165  201  243  283  322  351  383  406  433  453  493  527  567  598  633
  661  700  726  752  772  797  861  878  951                                   
    17.5-180.0 180.0   5.0 450.0                            LAT/LON1/LON2/DLON/H
  994 1032 1063 1053 1033  973  918  841  780  727  668  612  552  495  452  407
  370  335  305  291  287  313  348  407  457  496  517  523  518  499  481  457
  423  388  349  303  265  238  217  206  190  181  162  148  129  117  111  115
  133  163  206  252  295  331  366  398  431  459  489  530  563  599  623  663
  691  738  765  792  813  838  903  923  994                                   
    15.0-180.0 180.0   5.0 450.0                            LAT/LON1/LON2/DLON/H
 1014 1049 1087 1098 1096 1057 1017  959  896  834  774  724  657  600  549  507
  463  422  388  368  377  408  456  504  545  565  569  560  532  505  468  436
  398  361  320  279  245  226  210  196  179  167  152  141  123  111  106  112
  134  172  217  269  304  339  373  410  449  483  522  562  598  628  657  690
  723  770  796  823  845  864  915  950 1014                                   
    12.5-180.0 180.0   5.0 450.0                            LAT/LON1/LON2/DLON/H
  989 1027 1068 1093 1103 1087 1069 1019  981  921  867  804  753  699  645  610
  568  535  499  488  495  527  556  586  601  593  573  545  508  467  428  394
  356  318  280  244  222  202  186  176  156  144  132  131  117  105  101  109
  134  171  224  270  309  338  379  422  469  510  549  592  618  658  673  717
  744  789  817  843  859  887  905  940  989                                   
    10.0-180.0 180.0   5.0 450.0                            LAT/LON1/LON2/DLON/H
  964  990 1023 1050 1071 1067 1066 1039 1016  979  938  888  830  794  747  719
  687  658  629  614  622  634  653  650  643  605  557  516  465  424  385  350
  320  285  253  233  217  198  186  167  154  137  131  130  119  107  102  110
  135  179  228  276  309  342  381  425  474  513  554  593  630  660  690  725
  758  797  833  856  882  898  899  934  964                                   
     7.5-180.0 180.0   5.0 450.0                            LAT/LON1/LON2/DLON/H
  937  958  970  995 1012 1022 1021 1019 1011  991  966  924  885  844  815  796
  775  763  744  735  734  731  716  679  634  570  506  454  409  375  344  324
