data/unet/pred1400.15i
     1.0            IONOSPHERE MAPS     GNSS                IONEX VERSION / TYPE
pyspatialgeodesy        IME             05-JAN-18 20:20     PGM / RUN BY / DATE 
Map Name                                                    COMMENT             
Predicted global ionosphere maps (GIM).                     DESCRIPTION         
  2015     5    20     0     0     0                        EPOCH OF FIRST MAP  
  2015     5    21     0     0     0                        EPOCH OF LAST MAP   
  7200                                                      INTERVAL            
    13                                                      # OF MAPS IN FILE   
  NONE                                                      MAPPING FUNCTION    
10.0                                                        ELEVATION CUTOFF    
One-way carrier phase leveled to code                       OBSERVABLES USED    
  6371.0                                                    BASE RADIUS         
 2                                                          MAP DIMENSION       
   450.0 450.0   0.0                                        HGT1 / HGT2 / DHGT  
    87.5 -87.5  -2.5                                        LAT1 / LAT2 / DLAT  
  -180.0 180.0   5.0                                        LON1 / LON2 / DLON  
    -1                                                      EXPONENT            
                                                            END OF HEADER       
[from data line 3861]
    10                                                      START OF TEC MAP    
  2015     5    20    18     0     0                        EPOCH OF CURRENT MAP
    87.5-180.0 180.0   5.0 450.0                            LAT/LON1/LON2/DLON/H
  211  184  184  185  185  181  185  181  186  182  187  185  188  186  190  188
  191  189  193  191  193  192  195  192  194  191  194  190  191  187  189  185
  187  183  185  181  183  180  183  179  182  179  183  180  184  181  184  182
  185  183  185  183  185  183  184  182  185  183  185  182  185  183  185  183
  185  184  187  185  187  186  191  194  211                                   
    85.0-180.0 180.0   5.0 450.0                            LAT/LON1/LON2/DLON/H
  176  169  173  177  175  176  176  179  178  181  180  183  183  186  185  188
  187  191  190  192  191  193  192  193  192  193  191  191  188  188  186  185
  182  182  179  179  177  177  175  176  175  177  176  178  177  179  178  181
  180  182  181  183  182  184  182  183  182  183  181  183  181  182  179  180
  179  180  178  180  179  177  181  183  176                                   
    82.5-180.0 180.0   5.0 450.0                            LAT/LON1/LON2/DLON/H
  172  161  172  169  171  169  173  172  175  175  179  180  183  184  187  188
  190  192  194  194  194  196  196  195  194  194  193  191  189  188  185  183
  180  179  176  175  173  173  172  171  172  172  174  174  176  176  179  179
  181  181  183  183  184  183  185  184  185  183  184  182  183  180  181  178
  179  176  177  172  175  167  166  161  172                                   
    80.0-180.0 180.0   5.0 450.0                            LAT/LON1/LON2/DLON/H
  168  161  168  168  170  169  172  173  176  176  180  181  186  187  192  193
  197  197  201  200  203  201  203  200  200  197  197  194  191  188  184  181
  177  175  172  170  168  167  167  166  167  166  168  169  171  172  175  176
  178  179  182  182  184  184  186  185  187  185  187  185  185  183  183  181
  181  177  178  174  174  167  164  157  168                                   
    77.5-180.0 180.0   5.0 450.0                            LAT/LON1/LON2/DLON/H
  166  157  164  165  166  167  170  171  174  175  180  182  186  188  193  195
  198  199  203  203  205  203  206  203  203  199  200  195  193  188  186  180
  177  172  171  167  165  163  164  162  163  163  165  166  167  169  171  173
  174  176  177  179  180  181  182  183  183  183  184  183  182  182  181  179
  178  176  175  170  170  162  159  151  166                                   
    75.0-180.0 180.0   5.0 450.0                            LAT/LON1/LON2/DLON/H
  166  160  166  169  170  171  173  174  175  178  180  184  187  190  193  196
  198  199  202  203  205  204  206  205  205  202  201  197  194  190  185  180
  176  173  169  167  164  163  162  161  160  161  162  163  164  166  167  169
  169  172  172  174  174  176  176  177  177  178  178  179  178  178  178  177
  177  175  175  172  171  166  163  154  166                                   
    72.5-180.0 180.0   5.0 450.0                            LAT/LON1/LON2/DLON/H
  171  163  173  176  176  178  179  179  180  181  184  186  189  190  193  194
  197  197  200  200  203  203  205  205  204  203  202  197  194  189  186  180
  176  173  171  167  165  164  163  162  161  161  162  163  164  165  166  167
  167  167  168  168  168  168  169  168  169  169  171  171  172  172  174  173
  174  173  174  172  172  166  166  157  171                                   
    70.0-180.0 180.0   5.0 450.0                            LAT/LON1/LON2/DLON/H
  179  171  179  185  188  187  187  187  187  187  189  191  192  192  194  194
  196  195  198  199  201  203  204  205  205  204  202  199  196  192  188  183
  180  177  174  171  170  169  167  167  166  167  166  168  167  169  168  169
  167  167  165  165  163  163  161  161  160  162  162  164  164  167  168  169
  169  170  172  172  173  172  171  164  179                                   
    67.5-180.0 180.0   5.0 450.0                            LAT/LON1/LON2/DLON/H
  188  177  190  195  196  195  194  194  193  192  193  192  194  193  194  194
  194  193  196  197  199  200  202  203  203  202  202  198  195  190  188  181
  179  176  176  172  172  170  172  170  171  171  173  173  174  173  173  171
  169  166  164  161  159  156  155  153  153  153  154  155  157  159  162  163
  165  166  169  170  173  171  174  167  188                                   
    65.0-180.0 180.0   5.0 450.0                            LAT/LON1/LON2/DLON/H
  193  186  192  201  202  201  200  198  198  195  196  196  196  196  196  198
  195  196  196  200  199  204  203  207  203  205  200  200  194  192  187  184
  181  180  178  178  176  179  177  179  178  181  180  182  180  180  177  174
  170  167  163  160  155  153  149  147  145  145  145  147  147  151  153  156
  157  160  163  166  169  171  175  172  193                                   
    62.5-180.0 180.0   5.0 450.0                            LAT/LON1/LON2/DLON/H
  197  189  199  205  205  204  202  202  201  198  199  198  199  198  199  200
  199  198  198  199  200  201  203  204  203  201  200  196  192  187  186  181
  180  178  180  177  180  180  184  185  187  189  189  190  187  186  181  177
  171  167  162  157  153  148  145  141  139  138  138  140  140  144  146  149
  152  154  158  160  166  169  176  171  197                                   
    60.0-180.0 180.0   5.0 450.0                            LAT/LON1/LON2/DLON/H
  195  193  198  207  207  204  204  201  202  198  200  198  200  198  201  201
  200  199  199  201  200  202  202  204  200  199  195  192  187  183  181  180
  180  182  183  185  187  190  191  196  196  199  199  201  196  194  187  182
  175  170  164  159  152  148  143  139  136  134  132  134  133  137  139  143
  144  148  151  155  160  165  173  171  195                                   
    57.5-180.0 180.0   5.0 450.0                            LAT/LON1/LON2/DLON/H
  193  195  204  210  211  208  206  205  204  201  202  201  202  201  202  203
  202  202  200  202  200  202  202  203  200  198  195  190  186  182  182  181
  183  183  188  187  192  193  199  203  205  210  210  211  204  202  193  188
  178  173  166  159  153  148  144  138  136  131  131  130  130  133  135  138
  140  143  147  150  158  164  175  170  193                                   
    55.0-180.0 180.0   5.0 450.0                            LAT/LON1/LON2/DLON/H
  194  202  207  215  217  214  213  210  210  205  206  204  204  203  204  204
  203  202  201  201  200  200  201  201  201  198  196  192  188  185  184  185
  187  190  194  197  200  205  208  213  215  218  219  217  213  206  200  191
  184  176  169  162  155  151  147  141  138  134  133  131  130  132  134  137
  138  140  144  147  154  163  176  173  194                                   
    52.5-180.0 180.0   5.0 450.0                            LAT/LON1/LON2/DLON/H
  197  208  220  226  230  227  226  221  220  213  214  210  211  208  208  208
  206  205  202  202  199  200  201  202  203  202  201  198  195  193  192  192
  196  198  203  205  210  213  218  222  225  227  226  225  219  213  204  198
  186  182  172  166  159  154  152  147  144  139  138  136  134  135  136  139
  139  141  143  147  154  164  183  177  197                                   
    50.0-180.0 180.0   5.0 450.0                            LAT/LON1/LON2/DLON/H
  204  219  228  237  242  242  240  236  231  225  224  219  218  214  213  212
  211  208  206  203  201  200  203  203  207  206  208  205  205  202  202  202
  204  206  211  215  219  224  228  233  235  235  234  230  225  215  209  199
  192  183  177  169  164  159  157  153  150  146  145  142  141  140  141  142
  143  143  146  149  158  168  186  185  204                                   
    47.5-180.0 180.0   5.0 450.0                            LAT/LON1/LON2/DLON/H
  213  225  240  249  258  261  262  258  253  245  241  233  231  224  223  219
  218  214  210  208  203  205  204  209  210  216  215  218  214  216  213  214
  215  218  223  227  232  237  241  243  244  244  242  238  229  221  211  204
  193  189  179  175  167  164  162  159  157  155  154  151  149  148  148  148
  147  147  150  151  157  166  189  190  213                                   
    45.0-180.0 180.0   5.0 450.0                            LAT/LON1/LON2/DLON/H
  217  234  248  260  269  275  276  275  270  263  256  249  245  237  234  230
  228  224  219  216  213  213  215  218  222  225  227  227  227  225  225  224
  226  229  235  240  246  250  253  255  255  254  250  243  235  225  217  208
  200  192  186  178  173  169  167  165  164  163  163  160  159  157  155  154
  153  151  154  155  162  172  190  198  217                                   
    42.5-180.0 180.0   5.0 450.0                            LAT/LON1/LON2/DLON/H
  224  237  254  267  281  286  293  294  292  286  280  271  264  254  251  245
  241  236  229  229  223  228  225  233  231  238  235  240  235  240  235  238
  237  244  250  257  263  268  269  270  267  266  258  252  241  232  222  215
  205  200  190  186  176  174  170  170  169  170  172  170  168  165  163  160
  158  156  157  157  163  168  191  200  224                                   
    40.0-180.0 180.0   5.0 450.0                            LAT/LON1/LON2/DLON/H
  226  243  260  274  288  293  300  302  303  298  295  288  284  275  272  263
  258  250  243  242  240  244  245  250  250  253  251  253  251  253  252  255
  258  265  274  280  287  289  290  287  283  278  270  261  250  242  232  225
  216  208  200  191  182  176  175  173  174  174  177  176  175  171  169  166
  163  162  164  164  167  174  189  200  226                                   
    37.5-180.0 180.0   5.0 450.0                            LAT/LON1/LON2/DLON/H
  229  244  262  276  291  295  307  310  318  313  317  311  311  303  296  288
  278  269  260  260  258  265  264  272  267  274  267  273  267  275  270  279
  281  295  303  312  316  316  314  309  302  293  283  273  261  252  243  236
  226  217  207  199  188  182  177  177  175  178  180  181  180  178  176  172
  169  167  167  164  166  167  186  195  229                                   
    35.0-180.0 180.0   5.0 450.0                            LAT/LON1/LON2/DLON/H
  227  246  260  275  290  293  307  309  320  319  324  322  327  318  317  308
  301  289  281  281  283  290  291  296  293  297  293  298  296  303  305  315
  324  337  349  354  356  350  342  330  322  311  302  287  276  267  255  248
  238  228  219  210  201  194  189  184  184  185  189  188  189  184  183  179
  178  175  177  175  174  177  184  192  227                                   
    32.5-180.0 180.0   5.0 450.0                            LAT/LON1/LON2/DLON/H
  225  239  252  270  284  290  305  312  330  326  340  334  347  338  340  332
  324  314  304  308  311  322  321  328  320  328  323  335  334  350  352  369
  378  396  405  407  402  387  373  354  341  329  316  304  289  280  268  261
  251  243  229  219  208  200  193  191  188  193  197  204  207  201  196  192
  188  187  184  180  178  173  183  192  225                                   
    30.0-180.0 180.0   5.0 450.0                            LAT/LON1/LON2/DLON/H
  223  238  250  266  278  283  301  310  330  332  350  346  360  356  359  350
  345  335  330  336  343  353  352  356  349  359  360  379  384  406  418  440
  456  470  476  470  458  435  412  386  367  348  333  320  303  295  285  273
  260  247  235  226  220  210  209  206  209  209  211  209  210  208  212  208
  206  203  202  194  186  179  184  195  223                                   
    27.5-180.0 180.0   5.0 450.0                            LAT/LON1/LON2/DLON/H
  222  234  245  263  274  280  297  310  336  340  365  360  382  372  380  370
  368  359  358  366  375  388  387  393  385  402  409  436  446  475  488  511
  522  533  530  519  500  471  444  411  389  364  348  332  319  310  296  286
  271  258  236  231  219  219  212  217  217  226  232  239  240  232  229  225
  226  225  219  213  201  190  191  207  222                                   
    25.0-180.0 180.0   5.0 450.0                            LAT/LON1/LON2/DLON/H
  224  229  250  263  277  286  304  317  340  350  372  376  399  395  398  391
  389  384  385  395  406  418  420  421  423  441  461  488  512  538  556  574
  585  587  580  564  538  504  471  434  406  382  360  348  330  317  294  283
  263  251  233  223  218  217  216  220  225  235  247  257  262  262  260  249
  242  236  239  229  219  204  202  212  224                                   
    22.5-180.0 180.0   5.0 450.0                            LAT/LON1/LON2/DLON/H
  224  233  250  268  285  299  317  331  354  365  387  397  422  420  426  418
  419  418  419  433  441  456  455  463  466  494  516  552  572  600  612  626
  624  624  608  589  557  517  478  440  413  390  365  351  323  312  284  275
  245  232  209  212  209  222  219  228  231  246  252  269  273  282  280  277
  264  254  245  241  227  216  208  226  224                                   
    20.0-180.0 180.0   5.0 450.0                            LAT/LON1/LON2/DLON/H
  226  233  256  273  292  308  329  342  365  378  403  419  441  453  455  457
  451  453  455  466  479  490  498  501  516  541  575  607  630  646  653  654
  647  636  620  595  566  521  485  444  414  379  349  326  301  287  264  254
  233  218  205  210  213  226  221  236  237  255  259  275  279  286  284  287
  276  263  250  237  227  212  211  223  226                                   
    17.5-180.0 180.0   5.0 450.0                            LAT/LON1/LON2/DLON/H
  221  236  255  275  294  312  332  349  375  393  422  440  467  481  491  497
  496  498  499  511  520  537  538  552  565  595  623  652  667  679  672  664
  646  633  616  597  568  534  494  457  408  380  342  319  289  277  257  249
  230  217  199  209  210  226  225  237  240  250  254  265  268  277  271  278
  264  260  245  237  221  210  202  221  221                                   
    15.0-180.0 180.0   5.0 450.0                            LAT/LON1/LON2/DLON/H
  211  227  251  273  294  310  332  350  376  397  426  449  479  500  514  531
  534  542  543  551  564  574  584  593  614  640  665  685  691  692  675  661
  641  623  610  591  571  540  501  462  420  382  344  310  290  272  266  250
  241  222  210  209  216  231  231  245  243  253  252  256  255  260  257  260
  250  247  231  223  207  196  194  197  211                                   
    12.5-180.0 180.0   5.0 450.0                            LAT/LON1/LON2/DLON/H
  195  211  238  263  284  304  325  343  371  394  424  451  486  510  532  553
  565  577  579  588  595  612  618  633  649  673  691  702  699  691  663  642
  622  609  602  591  576  550  513  479  438  399  361  330  309  294  287  275
  263  243  227  225  226  233  234  240  241  242  237  236  231  235  230  235
  226  226  212  202  188  180  173  186  195                                   
    10.0-180.0 180.0   5.0 450.0                            LAT/LON1/LON2/DLON/H
  181  198  227  252  275  294  320  340  365  388  416  442  479  506  533  561
  580  599  607  616  627  640  651  663  680  696  704  707  696  678  651  628
  608  599  590  585  570  545  511  484  450  410  376  343  329  308  310  295
  290  264  251  240  241  241  232  240  233  233  223  215  212  211  211  211
  208  206  193  184  166  158  154  160  181                                   
     7.5-180.0 180.0   5.0 450.0                            LAT/LON1/LON2/DLON/H
  163  184  215  239  264  287  315  334  356  380  407  431  468  497  531  557
  585  607  619  637  646  663  668  684  693  703  706  703  682  663  634  613
