data/unet/pred1510.15i
     1.0            IONOSPHERE MAPS     GNSS                IONEX VERSION / TYPE
pyspatialgeodesy        IME             05-JAN-18 20:20     PGM / RUN BY / DATE 
Map Name                                                    COMMENT             
Predicted global ionosphere maps (GIM).                     DESCRIPTION         
  2015     5    31     0     0     0                        EPOCH OF FIRST MAP  
  2015     6     1     0     0     0                        EPOCH OF LAST MAP   
  7200                                                      INTERVAL            
    13                                                      # OF MAPS IN FILE   
  NONE                                                      MAPPING FUNCTION    
10.0                                                        ELEVATION CUTOFF    
One-way carrier phase leveled to code                       OBSERVABLES USED    
  6371.0                                                    BASE RADIUS         
 2                                                          MAP DIMENSION       
   450.0 450.0   0.0                                        HGT1 / HGT2 / DHGT  
    87.5 -87.5  -2.5                                        LAT1 / LAT2 / DLAT  
  -180.0 180.0   5.0                                        LON1 / LON2 / DLON  
    -1                                                      EXPONENT            
                                                            END OF HEADER       
[from data line 5148]
    13                                                      START OF TEC MAP    
  2015     6     1     0     0     0                        EPOCH OF CURRENT MAP
    87.5-180.0 180.0   5.0 450.0                            LAT/LON1/LON2/DLON/H
  198  177  178  179  178  177  178  178  180  180  180  179  180  179  178  176
  176  173  171  169  168  165  163  160  159  156  155  152  152  150  150  148
  149  148  149  148  150  149  150  149  151  150  151  149  151  150  151  150
  152  151  152  151  153  152  153  152  155  154  155  154  157  156  157  157
  159  160  162  163  167  166  163  185  198                                   
    85.0-180.0 180.0   5.0 450.0                            LAT/LON1/LON2/DLON/H
  177  183  188  189  190  189  191  191  193  192  193  191  193  191  190  187
  187  183  182  177  176  172  171  166  166  162  161  157  157  153  153  150
  152  149  150  148  151  149  151  149  151  151  152  151  153  152  153  152
  154  153  155  154  156  155  157  156  159  158  160  159  162  161  163  162
  165  165  168  169  174  170  169  161  177                                   
    82.5-180.0 180.0   5.0 450.0                            LAT/LON1/LON2/DLON/H
  181  187  188  192  193  192  195  195  198  196  198  196  198  195  194  191
  190  186  184  179  177  172  170  165  163  158  157  152  152  147  148  143
  145  141  143  140  143  141  143  141  145  143  146  144  147  146  149  147
  151  149  152  151  154  153  156  154  158  156  159  157  161  160  163  161
  166  164  169  169  175  171  168  161  181                                   
    80.0-180.0 180.0   5.0 450.0                            LAT/LON1/LON2/DLON/H
  181  186  187  192  191  194  196  199  199  201  200  202  200  200  197  196
  192  190  184  182  176  173  167  163  158  154  150  147  144  140  138  136
  136  134  134  134  135  135  136  137  138  139  141  141  143  143  146  146
  149  149  151  152  154  155  156  156  158  158  159  159  160  160  161  161
  163  164  166  169  173  172  168  162  181                                   
    77.5-180.0 180.0   5.0 450.0                            LAT/LON1/LON2/DLON/H
  180  181  181  185  185  188  191  194  195  197  197  198  197  196  194  192
  189  185  181  176  172  166  161  154  150  144  140  136  133  129  128  126
  126  125  127  127  129  129  131  132  134  135  137  139  140  142  143  145
  147  149  151  153  154  156  156  157  157  157  157  157  157  157  157  158
  158  159  160  162  166  165  165  158  180                                   
    75.0-180.0 180.0   5.0 450.0                            LAT/LON1/LON2/DLON/H
  178  177  177  178  180  181  186  187  190  191  193  193  193  190  190  185
  184  178  175  169  165  158  153  145  141  134  132  126  125  121  122  120
  122  121  124  124  127  127  130  130  133  133  136  136  139  139  143  144
  148  149  153  154  158  158  160  159  160  159  159  157  158  156  157  155
  157  155  158  158  162  161  160  154  178                                   
    72.5-180.0 180.0   5.0 450.0                            LAT/LON1/LON2/DLON/H
  179  175  173  173  173  174  178  180  184  185  187  187  188  185  183  179
  177  171  168  162  157  150  145  138  133  127  124  120  119  118  118  118
  120  120  123  124  126  127  129  129  130  131  133  133  136  137  141  143
  147  150  153  156  158  160  160  161  161  159  159  157  156  155  154  153
  154  153  155  156  159  158  159  153  179                                   
    70.0-180.0 180.0   5.0 450.0                            LAT/LON1/LON2/DLON/H
  180  175  172  171  171  171  174  177  181  183  187  186  187  184  182  177
  174  168  164  158  154  147  142  135  130  124  122  119  119  118  120  120
  123  124  127  128  130  129  130  129  130  128  131  130  134  135  140  142
  148  150  156  158  163  163  165  164  165  163  163  160  160  157  158  156
  157  155  158  158  160  159  160  154  180                                   
    67.5-180.0 180.0   5.0 450.0                            LAT/LON1/LON2/DLON/H
  187  181  176  174  171  171  173  176  180  184  187  188  188  187  184  179
  175  169  165  159  154  148  143  136  130  125  123  120  120  121  123  125
  128  129  131  131  131  130  129  127  127  126  128  128  131  134  138  142
  148  152  157  160  165  166  168  167  169  166  167  164  164  162  161  160
  160  160  161  162  165  164  165  158  187                                   
    65.0-180.0 180.0   5.0 450.0                            LAT/LON1/LON2/DLON/H
  196  188  184  180  176  174  175  177  181  185  189  190  192  190  188  183
  180  174  170  165  160  155  149  142  136  131  129  127  128  129  132  134
  137  137  137  136  135  131  129  125  124  122  124  124  128  130  136  139
  147  151  158  161  167  168  171  171  174  171  172  170  171  168  168  166
  166  166  168  169  172  171  172  165  196                                   
    62.5-180.0 180.0   5.0 450.0                            LAT/LON1/LON2/DLON/H
  208  200  195  190  185  181  179  180  183  187  190  193  195  195  192  189
  186  183  178  174  170  165  158  152  145  141  138  137  138  140  142  143
  144  143  141  137  134  129  126  121  120  118  119  120  125  129  135  140
  147  152  159  163  168  171  174  175  178  177  178  176  176  174  174  171
  172  171  174  175  179  180  181  173  208                                   
    60.0-180.0 180.0   5.0 450.0                            LAT/LON1/LON2/DLON/H
  219  211  208  203  195  190  187  186  187  189  192  195  197  198  197  195
  194  192  189  186  183  178  171  164  158  153  151  150  151  153  155  155
  154  150  146  140  135  129  125  120  119  116  118  119  125  128  135  140
  148  152  160  163  171  173  179  180  184  183  185  183  184  182  181  179
  179  178  180  182  187  188  190  182  219                                   
    57.5-180.0 180.0   5.0 450.0                            LAT/LON1/LON2/DLON/H
  230  222  222  217  209  203  197  194  192  193  193  196  198  201  201  202
  201  202  200  200  197  193  187  181  173  169  165  165  165  167  166  164
  160  154  147  139  133  127  123  119  119  118  120  122  127  132  138  143
  149  155  162  167  173  178  183  188  192  192  193  192  192  190  189  186
  185  184  186  188  194  196  198  191  230                                   
    55.0-180.0 180.0   5.0 450.0                            LAT/LON1/LON2/DLON/H
  237  231  235  232  224  218  210  205  200  198  196  197  199  202  203  205
  208  209  210  209  209  205  200  194  188  183  180  179  179  179  176  170
  164  154  146  138  133  128  125  123  123  123  125  127  132  135  141  145
  152  156  163  168  177  181  189  194  200  201  203  201  202  200  199  195
  194  190  192  194  200  203  205  199  237                                   
    52.5-180.0 180.0   5.0 450.0                            LAT/LON1/LON2/DLON/H
  243  239  246  246  241  236  228  220  212  206  200  198  198  202  203  207
  209  213  214  217  216  216  211  206  199  196  192  191  189  187  181  172
  163  152  143  136  132  129  128  127  128  128  131  133  137  140  144  148
  154  158  164  169  179  186  195  202  208  211  213  213  213  211  210  206
  203  198  197  199  206  210  211  208  243                                   
    50.0-180.0 180.0   5.0 450.0                            LAT/LON1/LON2/DLON/H
  247  244  255  258  256  253  247  239  229  218  208  203  201  204  205  210
  212  216  218  222  224  224  221  215  209  204  201  198  195  189  181  169
  159  147  140  134  132  131  132  132  134  135  137  138  141  143  148  150
  156  157  164  168  179  187  199  207  217  220  224  223  224  223  222  218
  215  209  206  206  213  217  217  215  247                                   
    47.5-180.0 180.0   5.0 450.0                            LAT/LON1/LON2/DLON/H
  248  247  258  266  268  269  265  259  248  235  221  212  206  208  208  213
  213  219  222  227  231  232  229  223  215  211  205  202  196  188  177  165
  153  144  137  134  134  135  137  139  140  141  142  142  145  147  151  153
  156  158  163  168  179  189  204  215  226  233  237  238  240  238  239  234
  231  223  219  217  222  224  223  222  248                                   
    45.0-180.0 180.0   5.0 450.0                            LAT/LON1/LON2/DLON/H
  251  249  263  273  278  283  282  279  268  254  238  225  218  216  216  219
  220  225  229  235  239  241  236  230  220  213  207  202  194  184  173  159
  149  139  136  135  138  140  144  144  146  145  145  144  146  148  152  153
  156  157  162  167  179  191  208  220  234  242  249  252  253  255  254  251
  247  239  233  230  233  233  229  232  251                                   
    42.5-180.0 180.0   5.0 450.0                            LAT/LON1/LON2/DLON/H
  255  253  265  276  283  290  294  294  287  275  258  244  233  230  226  228
  227  232  236  243  247  248  242  234  223  215  207  202  191  183  169  158
  147  141  139  140  143  146  150  149  150  148  147  145  148  148  153  153
  157  157  164  169  183  195  214  229  244  254  262  263  267  268  271  267
  264  255  249  244  247  245  240  241  255                                   
    40.0-180.0 180.0   5.0 450.0                            LAT/LON1/LON2/DLON/H
  265  263  272  281  287  295  303  308  305  295  280  264  252  245  241  240
  239  243  247  254  257  256  247  237  225  216  208  201  192  181  169  158
  150  145  145  145  149  151  154  152  153  149  147  145  147  148  152  153
  157  158  164  171  186  200  219  236  251  262  270  273  276  280  280  279
  275  269  262  258  260  257  251  256  265                                   
    37.5-180.0 180.0   5.0 450.0                            LAT/LON1/LON2/DLON/H
  283  279  284  289  292  301  311  319  321  315  301  287  273  265  258  255
  252  254  258  263  266  262  252  240  228  218  210  205  194  187  174  165
  156  153  152  152  154  155  157  155  155  152  150  147  149  149  154  154
  158  158  166  171  188  202  223  239  255  265  274  276  282  283  286  284
  282  277  272  269  272  270  264  268  283                                   
    35.0-180.0 180.0   5.0 450.0                            LAT/LON1/LON2/DLON/H
  309  306  307  306  308  315  326  336  341  338  326  313  298  288  279  274
  270  270  271  275  275  270  259  245  234  224  218  212  203  194  184  175
  167  161  160  158  159  158  160  158  158  155  153  150  151  152  156  156
  159  160  165  170  186  200  220  235  250  261  270  272  278  279  282  283
  283  280  280  279  286  285  281  288  309                                   
    32.5-180.0 180.0   5.0 450.0                            LAT/LON1/LON2/DLON/H
  343  342  343  339  338  342  350  358  364  362  353  339  325  313  302  293
  287  285  286  286  285  278  266  252  241  234  228  222  212  205  194  186
  175  170  165  163  161  160  161  159  161  158  157  155  157  156  159  160
  162  161  165  168  181  195  214  228  242  251  260  263  269  270  274  275
  279  280  284  288  297  301  303  309  343                                   
    30.0-180.0 180.0   5.0 450.0                            LAT/LON1/LON2/DLON/H
  379  390  388  384  382  382  387  393  398  397  388  377  360  347  331  319
  308  304  302  301  297  288  276  263  253  246  241  235  224  214  203  194
  183  176  168  163  160  158  160  160  162  162  161  160  161  161  162  162
  163  160  161  162  172  183  201  213  227  236  246  251  258  260  266  269
  278  283  292  299  314  322  329  335  379                                   
    27.5-180.0 180.0   5.0 450.0                            LAT/LON1/LON2/DLON/H
  411  427  430  432  432  430  432  435  437  435  425  413  397  383  365  349
  335  327  324  320  315  302  289  276  266  258  252  244  231  219  207  196
  183  173  164  157  154  152  155  156  161  161  163  161  164  161  162  160
  159  154  153  151  158  167  181  194  209  219  232  238  246  250  258  266
  278  287  300  310  330  340  348  356  411                                   
    25.0-180.0 180.0   5.0 450.0                            LAT/LON1/LON2/DLON/H
  433  457  467  476  479  480  479  482  482  479  468  459  442  427  405  387
  368  357  348  342  333  320  304  291  279  271  260  248  233  217  204  191
  177  165  155  147  143  144  148  152  157  160  161  161  160  158  156  152
  149  143  140  138  143  150  164  176  192  204  218  227  237  243  254  265
  281  294  309  322  343  355  366  374  433                                   
    22.5-180.0 180.0   5.0 450.0                            LAT/LON1/LON2/DLON/H
  442  468  489  507  515  519  518  522  520  516  506  496  483  470  449  430
  408  394  380  369  356  339  319  303  289  276  261  245  226  209  193  178
  163  151  141  134  132  134  140  144  151  153  156  153  153  147  144  137
  133  127  124  122  127  134  149  163  180  193  209  220  231  239  252  265
  284  299  314  327  347  360  372  384  442                                   
    20.0-180.0 180.0   5.0 450.0                            LAT/LON1/LON2/DLON/H
  443  477  502  527  541  550  552  557  557  554  545  537  525  513  493  476
  452  435  414  400  379  358  334  314  294  277  255  233  212  193  177  162
  147  136  127  122  122  127  133  139  144  146  145  144  141  135  128  122
  117  111  109  106  112  119  137  152  172  187  206  217  230  239  255  269
  290  305  320  332  352  364  380  389  443                                   
    17.5-180.0 180.0   5.0 450.0                            LAT/LON1/LON2/DLON/H
  437  468  499  529  549  562  567  573  574  574  570  565  557  546  529  513
  490  472  449  429  402  373  343  316  291  267  241  216  195  175  159  145
  131  122  115  114  115  122  128  133  137  136  135  131  128  121  115  110
  104   99   97   95  103  112  132  150  170  188  206  219  233  244  262  277
  299  312  325  335  351  362  377  389  437                                   
    15.0-180.0 180.0   5.0 450.0                            LAT/LON1/LON2/DLON/H
  429  459  489  520  545  559  568  576  580  583  584  585  583  576  562  546
  524  506  480  458  421  385  347  315  282  253  223  198  177  160  146  133
  123  116  113  113  117  124  129  132  131  128  123  120  116  111  104   98
   94   87   88   87   97  107  129  147  170  188  209  223  239  251  269  284
  305  318  329  339  352  363  381  389  429                                   
    12.5-180.0 180.0   5.0 450.0                            LAT/LON1/LON2/DLON/H
  418  440  468  496  518  533  544  556  564  570  576  582  588  587  579  564
  545  527  502  474  434  388  344  304  267  233  204  180  161  148  137  129
  121  117  116  120  125  133  136  135  130  123  117  113  110  105   99   93
   89   84   84   84   96  108  129  150  172  191  211  228  244  259  276  292
  312  325  336  343  352  363  379  389  418                                   
    10.0-180.0 180.0   5.0 450.0                            LAT/LON1/LON2/DLON/H
  416  433  453  473  493  503  516  527  539  547  559  570  582  587  584  574
  558  541  513  484  437  385  333  290  248  213  186  164  150  141  135  130
  127  125  128  133  140  145  145  140  132  122  115  110  109  103   98   90
   86   82   82   83   96  109  130  151  174  193  216  235  255  270  288  304
  322  335  346  351  356  365  386  393  416                                   
     7.5-180.0 180.0   5.0 450.0                            LAT/LON1/LON2/DLON/H
  423  433  450  459  469  475  482  493  504  515  528  542  557  566  569  563
  552  535  509  475  426  371  317  270  228  195  170  153  144  140  138  137
