data/unet/pred0080.15i
     1.0            IONOSPHERE MAPS     GNSS                IONEX VERSION / TYPE
pyspatialgeodesy        IME             05-JAN-18 20:20     PGM / RUN BY / DATE 
Map Name                                                    COMMENT             
Predicted global ionosphere maps (GIM).                     DESCRIPTION         
  2015     1     8     0     0     0                        EPOCH OF FIRST MAP  
  2015     1     9     0     0     0                        EPOCH OF LAST MAP   
  7200                                                      INTERVAL            
    13                                                      # OF MAPS IN FILE   
  NONE                                                      MAPPING FUNCTION    
10.0                                                        ELEVATION CUTOFF    
One-way carrier phase leveled to code                       OBSERVABLES USED    
  6371.0                                                    BASE RADIUS         
 2                                                          MAP DIMENSION       
   450.0 450.0   0.0                                        HGT1 / HGT2 / DHGT  
    87.5 -87.5  -2.5                                        LAT1 / LAT2 / DLAT  
  -180.0 180.0   5.0                                        LON1 / LON2 / DLON  
    -1                                                      EXPONENT            
                                                            END OF HEADER       
[from data line 5148]
    13                                                      START OF TEC MAP    
  2015     1     9     0     0     0                        EPOCH OF CURRENT MAP
    87.5-180.0 180.0   5.0 450.0                            LAT/LON1/LON2/DLON/H
  124  108  110  106  103  100  100   98   99   95   96   91   93   88   90   85
   88   83   86   81   85   81   85   80   84   80   83   79   82   78   81   77
   81   77   81   78   82   79   83   81   85   83   87   85   89   88   91   89
   91   89   91   89   91   88   89   86   88   85   86   83   85   81   84   80
   84   81   85   83   91   89   96  108  124                                   
    85.0-180.0 180.0   5.0 450.0                            LAT/LON1/LON2/DLON/H
  117  107  112  109  107  100  102   97  100   95   98   91   93   86   89   82
   84   79   80   76   77   74   74   71   71   68   68   64   65   61   63   59
   62   58   62   60   65   63   69   67   73   72   79   76   83   80   87   82
   88   84   89   84   89   84   88   82   86   80   84   78   82   77   81   76
   81   77   83   79   87   80   83   99  117                                   
    82.5-180.0 180.0   5.0 450.0                            LAT/LON1/LON2/DLON/H
  123  119  123  121  117  112  112  110  111  109  108  105  103   99   97   94
   93   89   88   85   84   80   79   74   72   68   65   61   59   55   54   52
   52   51   52   54   56   59   62   66   69   73   77   80   84   86   89   89
   91   91   92   91   91   90   90   88   88   86   85   83   84   83   84   83
   86   87   91   91   94   90   93  103  123                                   
    80.0-180.0 180.0   5.0 450.0                            LAT/LON1/LON2/DLON/H
  135  133  137  136  132  130  128  128  126  126  122  121  117  115  112  111
  107  104  100   97   92   88   83   78   73   67   62   57   53   49   47   45
   45   45   48   50   54   58   63   68   73   78   83   87   90   94   96   98
   98   99   98   98   96   96   94   93   91   90   89   89   88   89   89   92
   93   97  100  104  105  104  106  113  135                                   
    77.5-180.0 180.0   5.0 450.0                            LAT/LON1/LON2/DLON/H
  144  145  149  150  149  147  145  144  141  138  134  131  125  121  117  114
  110  105  101   95   91   85   81   74   69   61   57   50   46   41   40   38
   39   40   44   47   53   57   64   70   76   81   87   92   95   98  100  101
  101  101   99   98   95   94   90   89   86   85   83   83   82   83   84   87
   90   94  100  105  110  110  111  117  144                                   
    75.0-180.0 180.0   5.0 450.0                            LAT/LON1/LON2/DLON/H
  149  153  162  166  165  164  162  160  156  151  144  138  130  124  118  113
  108  103   99   94   89   84   79   73   67   61   56   50   46   42   40   39
   40   42   46   51   57   63   69   75   81   86   91   94   97   98   99   98
   97   95   94   91   90   86   84   81   79   76   75   73   74   74   76   79
   84   88   97  103  112  114  118  123  149                                   
    72.5-180.0 180.0   5.0 450.0                            LAT/LON1/LON2/DLON/H
  157  164  176  181  181  181  178  175  171  163  153  143  131  123  114  107
  101   96   92   88   84   80   77   72   68   63   59   54   51   47   46   46
   47   50   55   60   66   71   78   82   86   89   93   94   94   93   93   91
   88   86   84   83   81   79   77   74   71   68   67   65   66   66   70   72
   78   84   94  101  113  117  123  131  157                                   
    70.0-180.0 180.0   5.0 450.0                            LAT/LON1/LON2/DLON/H
  165  173  189  195  194  194  191  187  181  172  160  147  134  122  112  102
   95   89   86   82   80   77   75   73   71   67   65   61   59   56   56   55
   57   58   64   67   73   77   83   85   88   88   90   87   86   81   81   76
   76   72   73   71   72   70   70   66   66   62   62   61   63   63   68   71
   78   84   94  103  116  121  130  135  165                                   
    67.5-180.0 180.0   5.0 450.0                            LAT/LON1/LON2/DLON/H
  175  184  200  209  208  209  204  201  193  184  169  155  139  125  111   99
   90   82   80   76   76   74   75   74   74   72   71   68   67   65   65   64
   65   66   70   73   76   79   83   84   85   83   82   77   74   69   66   62
   61   59   60   60   62   61   62   61   61   60   61   61   63   66   71   75
   82   89   99  107  120  127  135  142  175                                   
    65.0-180.0 180.0   5.0 450.0                            LAT/LON1/LON2/DLON/H
  182  193  210  218  218  219  215  212  203  193  179  164  148  132  115  100
   89   80   76   73   73   73   74   75   76   76   75   75   74   73   72   71
   71   71   72   74   75   77   78   78   77   74   72   67   63   57   54   50
   50   49   50   51   54   55   57   57   59   59   63   64   69   72   79   83
   91   97  106  114  127  134  144  150  182                                   
    62.5-180.0 180.0   5.0 450.0                            LAT/LON1/LON2/DLON/H
  192  200  215  224  226  227  225  222  214  206  192  179  161  144  125  109
   94   83   77   73   73   73   74   75   75   75   75   75   74   73   71   70
   69   68   67   67   67   67   67   67   65   63   60   57   52   48   44   42
   41   41   43   45   49   51   55   56   61   62   67   70   76   82   90   97
  105  111  119  126  138  146  154  160  192                                   
    60.0-180.0 180.0   5.0 450.0                            LAT/LON1/LON2/DLON/H
  200  209  223  232  232  233  231  229  223  217  207  195  180  161  142  122
  107   93   84   78   76   74   73   72   71   70   70   71   69   69   67   66
   64   62   61   60   59   58   57   57   54   53   50   48   44   40   38   35
   35   34   37   40   46   50   54   58   64   66   73   77   87   95  106  115
  125  131  138  145  155  163  171  174  200                                   
    57.5-180.0 180.0   5.0 450.0                            LAT/LON1/LON2/DLON/H
  218  221  231  238  238  237  237  234  230  226  218  210  196  180  160  142
  125  111   99   90   84   78   74   69   65   62   60   60   59   59   58   56
   54   54   53   53   51   51   46   48   44   44   42   41   38   38   36   35
   34   33   37   41   48   51   57   62   69   74   81   88   99  110  124  137
  149  158  165  173  183  190  193  199  218                                   
    55.0-180.0 180.0   5.0 450.0                            LAT/LON1/LON2/DLON/H
  233  239  247  251  246  245  241  238  234  231  226  222  211  199  180  163
  147  131  117  103   92   81   73   63   58   52   49   49   49   51   50   49
   49   49   50   51   50   49   45   45   41   42   41   41   41   41   42   38
   40   37   41   44   50   54   61   68   76   81   91   99  113  126  145  159
  175  184  196  205  217  223  225  230  233                                   
    52.5-180.0 180.0   5.0 450.0                            LAT/LON1/LON2/DLON/H
  263  260  269  267  260  252  248  241  238  234  231  227  220  212  196  182
  166  150  133  117  101   86   74   61   53   46   43   42   42   44   44   45
   46   49   50   54   52   54   48   48   43   44   43   45   46   48   47   46
   47   45   47   48   54   59   66   73   81   88   98  110  126  143  162  180
  196  210  224  237  253  260  260  267  263                                   
    50.0-180.0 180.0   5.0 450.0                            LAT/LON1/LON2/DLON/H
  285  288  293  289  278  269  259  250  243  236  230  227  224  218  208  197
  182  165  147  127  108   88   75   60   52   44   40   39   39   41   41   44
   48   52   56   61   64   64   60   57   53   51   51   53   56   57   58   55
   57   53   53   53   59   64   72   79   88   96  107  119  138  156  176  194
  215  232  249  266  283  292  296  299  285                                   
    47.5-180.0 180.0   5.0 450.0                            LAT/LON1/LON2/DLON/H
  310  313  318  310  299  287  275  262  252  242  233  227  224  221  214  206
  192  175  155  133  113   94   80   67   58   51   47   46   44   46   47   50
   54   61   65   74   76   78   72   68   62   60   59   62   65   66   67   65
   67   62   62   61   65   70   78   85   94  102  114  128  148  167  187  204
  226  244  263  283  301  313  317  324  310                                   
    45.0-180.0 180.0   5.0 450.0                            LAT/LON1/LON2/DLON/H
  318  330  333  327  316  304  290  278  263  249  235  227  223  220  216  210
  197  178  158  136  117   99   89   76   69   63   58   55   53   53   54   56
   62   68   78   84   91   90   85   79   73   69   69   70   73   74   76   73
   75   70   68   68   72   76   83   91  101  109  121  135  156  174  193  209
  231  247  267  285  304  319  329  336  318                                   
    42.5-180.0 180.0   5.0 450.0                            LAT/LON1/LON2/DLON/H
  321  331  338  335  328  318  305  292  277  260  243  231  225  222  217  211
  198  179  159  139  122  110  100   92   84   79   72   68   63   62   62   64
   69   77   85   94   97   98   92   87   79   78   77   78   80   81   84   81
   84   79   78   76   79   83   90   97  108  117  129  143  166  184  202  217
  234  249  264  281  299  315  327  338  321                                   
    40.0-180.0 180.0   5.0 450.0                            LAT/LON1/LON2/DLON/H
  313  326  333  334  332  327  315  302  286  268  247  234  226  223  219  212
  198  180  161  144  131  121  115  107  101   94   86   80   73   71   69   70
   75   82   91   98  103  102   97   92   87   85   86   86   88   87   89   87
   89   86   85   83   87   89   98  105  120  128  142  156  180  197  217  233
  249  260  270  281  295  308  322  332  313                                   
    37.5-180.0 180.0   5.0 450.0                            LAT/LON1/LON2/DLON/H
  308  317  326  332  334  332  324  311  294  275  255  242  234  230  224  216
  201  184  167  154  144  138  131  123  115  106   96   88   80   77   74   76
   78   85   91   99  101  102   97   96   92   95   94   95   94   93   93   91
   94   90   89   86   90   92  102  112  128  140  154  172  193  213  235  255
  272  283  290  294  302  310  318  326  308                                   
    35.0-180.0 180.0   5.0 450.0                            LAT/LON1/LON2/DLON/H
  309  319  322  327  329  331  325  314  297  280  260  247  239  236  229  221
  205  190  175  165  157  151  144  134  124  112  102   94   87   84   82   82
   83   88   94   99  103  103  100   98   99  102  103  103  102   98   97   92
   94   90   88   87   90   93  107  117  137  149  165  182  208  231  262  291
  315  328  334  333  331  330  333  333  309                                   
    32.5-180.0 180.0   5.0 450.0                            LAT/LON1/LON2/DLON/H
  327  330  326  327  329  333  330  323  307  290  272  259  250  245  238  226
  211  199  187  180  170  163  152  138  125  114  105  100   95   96   95   98
   97  102  102  108  106  108  103  105  106  111  110  110  105  101   98   92
   91   87   84   82   85   89  102  117  135  151  170  193  222  255  296  336
  371  389  397  393  386  375  364  360  327                                   
    30.0-180.0 180.0   5.0 450.0                            LAT/LON1/LON2/DLON/H
  373  372  355  345  343  344  339  330  316  299  281  269  258  253  243  233
  218  207  198  191  180  168  153  137  125  115  112  111  113  116  118  119
  119  119  119  120  121  119  116  116  118  120  119  116  112  106  106   97
   96   88   86   82   85   88  101  115  135  153  179  206  246  288  345  400
  444  477  490  488  473  451  432  411  373                                   
    27.5-180.0 180.0   5.0 450.0                            LAT/LON1/LON2/DLON/H
  444  434  408  391  379  375  364  353  335  319  298  285  273  264  253  240
  225  215  204  198  183  168  149  135  125  124  127  136  141  150  153  156
  153  151  143  142  137  136  130  132  131  132  126  122  115  112  107  102
   95   86   79   75   77   79   94  109  130  154  186  225  267  323  391  456
  513  559  581  584  572  550  517  478  444                                   
    25.0-180.0 180.0   5.0 450.0                            LAT/LON1/LON2/DLON/H
  534  536  500  472  454  438  417  393  369  343  320  299  285  272  257  244
  229  219  208  199  181  164  146  135  134  142  156  169  182  190  196  198
  191  182  171  162  158  152  148  147  147  144  137  128  123  114  111  100
   93   79   74   67   71   74   91  107  130  157  196  240  293  357  436  515
  582  639  670  681  674  654  618  562  534                                   
    22.5-180.0 180.0   5.0 450.0                            LAT/LON1/LON2/DLON/H
  628  639  600  574  548  530  498  469  425  392  354  326  301  283  264  248
  232  221  207  195  175  160  145  145  154  174  195  215  227  236  239  237
  225  214  195  184  173  167  161  161  156  155  145  137  124  118  105   99
   83   73   63   59   59   66   82  101  127  162  205  253  307  379  458  541
  613  674  712  732  743  738  702  639  628                                   
    20.0-180.0 180.0   5.0 450.0                            LAT/LON1/LON2/DLON/H
  716  752  718  692  670  644  611  571  517  461  408  364  331  301  277  256
  237  222  205  190  172  159  154  165  188  215  244  264  276  280  276  269
  250  237  214  204  191  184  176  171  168  162  156  140  128  112  100   85
   76   62   58   49   55   62   84  104  133  174  217  266  323  397  478  559
  628  688  728  756  782  788  770  702  716                                   
    17.5-180.0 180.0   5.0 450.0                            LAT/LON1/LON2/DLON/H
  763  814  797  784  765  744  709  671  612  552  478  427  374  333  299  272
  248  228  206  189  173  170  175  197  228  261  289  303  310  308  301  290
  270  254  230  223  207  200  186  180  171  166  154  145  127  115   96   86
   70   60   52   48   51   63   86  109  144  186  233  279  340  410  479  549
  609  666  705  739  773  796  791  728  763                                   
    15.0-180.0 180.0   5.0 450.0                            LAT/LON1/LON2/DLON/H
  783  847  847  851  847  833  806  765  710  644  569  496  434  378  335  297
  270  242  215  196  187  190  207  237  275  307  326  332  330  323  309  299
  279  264  240  234  218  209  195  182  172  160  151  133  119  102   88   77
   68   58   55   54   60   74   98  122  162  205  252  302  361  425  481  536
  585  630  666  699  739  764  779  727  783                                   
    12.5-180.0 180.0   5.0 450.0                            LAT/LON1/LON2/DLON/H
  757  821  836  853  862  860  848  820  772  715  640  570  495  438  379  333
  297  264  234  214  210  221  247  281  320  341  350  345  335  324  310  301
  284  270  247  237  222  213  194  182  166  158  145  133  116  103   86   77
   67   61   61   60   70   84  109  136  178  218  267  317  374  427  469  509
  543  578  608  643  682  710  730  695  757                                   
    10.0-180.0 180.0   5.0 450.0                            LAT/LON1/LON2/DLON/H
  713  768  793  825  848  859  863  848  817  761  701  631  567  498  438  383
  339  300  269  250  252  269  296  330  357  367  362  350  334  322  308  299
  286  269  250  238  225  210  192  176  162  150  141  125  111   98   86   77
   71   67   69   72   81   97  124  153  192  232  281  329  383  426  461  485
  509  527  554  584  625  649  678  654  713                                   
     7.5-180.0 180.0   5.0 450.0                            LAT/LON1/LON2/DLON/H
  653  697  722  757  789  811  830  830  817  779  731  676  616  554  491  438
  391  346  313  297  302  318  343  367  379  373  358  341  326  314  308  299
