data/unet/pred1870.15i
     1.0            IONOSPHERE MAPS     GNSS                IONEX VERSION / TYPE
pyspatialgeodesy        IME             05-JAN-18 20:20     PGM / RUN BY / DATE 
Map Name                                                    COMMENT             
Predicted global ionosphere maps (GIM).                     DESCRIPTION         
  2015     7     6     0     0     0                        EPOCH OF FIRST MAP  
  2015     7     7     0     0     0                        EPOCH OF LAST MAP   
  7200                                                      INTERVAL            
    13                                                      # OF MAPS IN FILE   
  NONE                                                      MAPPING FUNCTION    
10.0                                                        ELEVATION CUTOFF    
One-way carrier phase leveled to code                       OBSERVABLES USED    
  6371.0                                                    BASE RADIUS         
 2                                                          MAP DIMENSION       
   450.0 450.0   0.0                                        HGT1 / HGT2 / DHGT  
    87.5 -87.5  -2.5                                        LAT1 / LAT2 / DLAT  
  -180.0 180.0   5.0                                        LON1 / LON2 / DLON  
    -1                                                      EXPONENT            
                                                            END OF HEADER       
[from data line 2574]
     7                                                      START OF TEC MAP    
  2015     7     6    12     0     0                        EPOCH OF CURRENT MAP
    87.5-180.0 180.0   5.0 450.0                            LAT/LON1/LON2/DLON/H
  156  165  164  162  161  158  159  157  159  155  157  154  156  153  154  152
  154  151  154  152  155  153  156  155  157  156  157  157  157  156  155  156
  155  155  154  154  154  154  154  155  156  156  157  157  158  159  159  160
  161  162  162  163  164  165  165  166  166  166  166  166  166  165  165  164
  164  164  165  162  162  160  163  148  156                                   
    85.0-180.0 180.0   5.0 450.0                            LAT/LON1/LON2/DLON/H
  152  156  154  152  151  150  152  151  153  150  152  150  152  149  152  149
  152  149  153  149  155  150  156  152  157  153  157  154  157  155  157  155
  156  155  155  154  155  154  156  155  157  156  159  159  161  161  162  163
  164  165  166  166  167  167  168  168  167  167  166  164  163  161  161  158
  158  156  156  153  151  153  155  168  152                                   
    82.5-180.0 180.0   5.0 450.0                            LAT/LON1/LON2/DLON/H
  147  149  150  145  148  145  148  147  150  148  150  148  149  148  149  148
  149  148  150  149  151  151  153  152  154  152  155  152  156  153  156  153
  155  152  154  152  154  152  154  153  156  154  158  157  162  160  165  164
  168  167  171  169  174  170  175  170  173  167  171  164  167  159  162  155
  157  150  154  147  150  147  150  158  147                                   
    80.0-180.0 180.0   5.0 450.0                            LAT/LON1/LON2/DLON/H
  138  144  141  141  143  144  146  146  147  146  148  146  148  145  148  144
  148  145  150  147  151  149  154  151  155  152  156  153  156  153  156  153
  156  153  156  153  155  152  155  153  156  155  159  158  162  162  166  166
  170  169  172  172  175  173  175  173  173  171  170  166  165  161  160  156
  154  150  150  145  144  140  138  154  138                                   
    77.5-180.0 180.0   5.0 450.0                            LAT/LON1/LON2/DLON/H
  130  132  134  132  134  138  140  141  142  141  143  142  142  142  142  142
  142  143  144  145  146  149  150  152  153  153  155  155  156  156  158  156
  157  156  156  155  154  153  154  153  154  155  157  159  161  163  166  167
  170  171  174  175  176  175  176  174  173  170  171  167  165  161  160  154
  152  147  145  139  138  133  134  146  130                                   
    75.0-180.0 180.0   5.0 450.0                            LAT/LON1/LON2/DLON/H
  119  124  124  123  129  131  136  136  138  137  138  138  137  138  137  137
  137  139  140  142  143  146  147  150  151  154  156  158  159  160  162  161
  161  161  160  159  157  157  156  156  155  158  158  162  163  167  168  170
  172  173  174  174  174  173  174  172  171  170  170  167  164  161  159  154
  151  146  145  136  134  129  130  141  119                                   
    72.5-180.0 180.0   5.0 450.0                            LAT/LON1/LON2/DLON/H
  115  118  120  118  122  127  130  132  133  132  133  132  133  132  133  132
  133  134  136  138  139  142  143  145  147  149  152  154  157  159  162  162
  163  163  163  161  161  159  159  158  159  160  163  163  167  168  171  172
  174  173  174  173  172  171  171  169  169  167  167  165  162  160  158  154
  150  145  141  135  132  127  129  139  115                                   
    70.0-180.0 180.0   5.0 450.0                            LAT/LON1/LON2/DLON/H
  114  117  117  113  119  121  126  127  130  129  131  131  131  132  132  133
  132  135  134  138  136  141  141  144  144  148  150  153  156  160  162  164
  165  166  165  165  163  162  161  161  161  163  165  167  169  172  173  174
  173  172  170  168  167  164  165  163  164  162  163  161  161  159  158  155
  151  148  143  137  134  129  131  134  114                                   
    67.5-180.0 180.0   5.0 450.0                            LAT/LON1/LON2/DLON/H
  115  117  119  114  114  119  121  122  125  125  127  127  130  129  133  131
  134  133  136  135  136  137  138  139  140  142  145  148  152  156  160  163
  166  166  167  164  165  162  164  161  164  164  169  168  172  171  173  171
  170  168  165  164  161  160  159  159  159  159  160  161  162  162  162  160
  157  153  148  142  138  131  135  136  115                                   
    65.0-180.0 180.0   5.0 450.0                            LAT/LON1/LON2/DLON/H
  120  120  120  116  117  115  120  117  120  121  123  125  127  129  130  132
  130  133  131  134  132  136  135  139  137  142  142  148  150  157  159  165
  167  169  169  168  166  166  165  165  165  168  170  172  173  173  171  168
  165  162  160  156  156  153  155  153  157  157  160  162  165  167  168  168
  165  163  157  152  146  141  143  139  120                                   
    62.5-180.0 180.0   5.0 450.0                            LAT/LON1/LON2/DLON/H
  124  122  124  118  115  113  113  110  112  113  116  120  123  127  129  131
  131  131  132  131  133  133  135  136  136  139  139  144  148  154  160  164
  170  168  172  167  169  165  167  164  168  167  173  172  175  172  170  165
  161  158  153  154  151  152  152  155  156  159  162  167  170  174  177  177
  176  171  166  157  153  144  148  140  124                                   
    60.0-180.0 180.0   5.0 450.0                            LAT/LON1/LON2/DLON/H
  128  125  124  122  118  110  110  104  106  105  109  114  117  123  122  128
  124  130  125  130  128  133  132  136  135  139  139  146  149  158  162  169
  172  174  174  174  172  171  170  170  171  173  175  176  176  173  170  164
  160  156  153  152  152  151  154  154  159  161  166  169  175  178  183  183
  182  178  171  163  157  151  154  143  128                                   
    57.5-180.0 180.0   5.0 450.0                            LAT/LON1/LON2/DLON/H
  131  124  126  120  115  107  103   96   96   94   97  103  107  115  116  122
  121  124  125  127  129  131  133  136  137  140  141  146  151  157  166  169
  177  175  180  176  179  173  177  173  178  177  183  181  184  179  175  169
  165  162  160  160  159  161  162  165  166  170  173  177  183  186  190  190
  189  183  176  166  161  153  155  141  131                                   
    55.0-180.0 180.0   5.0 450.0                            LAT/LON1/LON2/DLON/H
  132  123  123  121  115  104   98   89   86   84   88   92  100  104  108  113
  114  119  119  126  126  132  132  138  139  143  144  150  155  164  170  178
  181  185  186  187  187  186  185  184  186  188  191  191  193  188  184  176
  174  170  169  169  170  172  173  174  176  178  181  184  188  189  193  190
  189  184  177  167  161  154  155  141  132                                   
    52.5-180.0 180.0   5.0 450.0                            LAT/LON1/LON2/DLON/H
  131  121  121  118  112  101   95   86   82   76   79   83   89   94   98  105
  106  112  116  121  125  128  133  136  139  143  146  151  158  165  175  179
  187  187  194  192  197  194  198  195  201  200  207  208  212  206  202  193
  191  185  186  183  187  187  190  190  194  194  197  195  198  196  197  193
  191  186  178  168  164  156  156  138  131                                   
    50.0-180.0 180.0   5.0 450.0                            LAT/LON1/LON2/DLON/H
  132  121  119  119  112  102   93   84   77   71   70   73   79   85   92   96
  102  107  114  120  126  130  135  139  142  148  150  158  164  173  180  187
  191  198  201  206  207  210  211  212  215  218  223  226  229  224  220  210
  208  202  201  197  200  199  203  202  206  205  207  204  206  201  201  197
  194  188  181  171  164  157  154  139  132                                   
    47.5-180.0 180.0   5.0 450.0                            LAT/LON1/LON2/DLON/H
  133  121  120  119  114  105   98   89   82   72   71   69   75   79   89   94
   98  106  112  120  126  130  136  138  143  147  152  160  168  177  184  190
  195  200  208  213  220  222  227  227  232  235  241  246  249  247  243  235
  231  224  220  216  218  216  217  217  220  220  220  217  215  209  207  201
  198  193  185  176  170  162  158  139  133                                   
    45.0-180.0 180.0   5.0 450.0                            LAT/LON1/LON2/DLON/H
  135  122  120  121  115  109  102   94   86   76   70   68   69   73   82   90
   98  109  118  128  134  138  141  145  148  155  158  168  174  185  190  199
  202  212  218  230  236  244  246  252  252  256  259  265  267  265  262  256
  250  242  237  231  230  228  227  227  229  229  230  226  224  217  217  211
  209  202  195  183  173  165  159  142  135                                   
    42.5-180.0 180.0   5.0 450.0                            LAT/LON1/LON2/DLON/H
  137  125  121  121  117  112  109  101   95   83   76   69   70   72   82   92
  103  116  125  136  140  144  145  150  153  160  164  174  180  190  196  205
  212  222  232  246  258  266  271  273  275  277  280  284  287  286  283  278
  272  265  258  251  248  244  243  242  244  243  243  240  236  229  225  220
  216  209  201  189  183  171  165  146  137                                   
    40.0-180.0 180.0   5.0 450.0                            LAT/LON1/LON2/DLON/H
  141  125  120  121  117  115  112  109  103   93   83   76   73   74   79   91
  105  118  133  144  152  153  155  158  163  168  174  181  188  197  205  217
  226  241  251  274  284  300  299  305  303  307  306  310  310  310  305  302
  296  289  279  271  265  261  258  257  258  257  256  253  249  244  239  234
  231  223  215  202  191  181  172  151  141                                   
    37.5-180.0 180.0   5.0 450.0                            LAT/LON1/LON2/DLON/H
  146  129  122  118  114  113  114  112  111   99   91   81   78   73   80   88
  105  125  139  155  160  162  162  165  168  175  180  189  197  209  219  233
  247  263  280  300  313  326  328  332  332  333  332  335  336  337  333  330
  324  316  306  298  291  287  284  282  279  278  274  271  267  261  256  249
  242  233  224  211  204  190  185  161  146                                   
    35.0-180.0 180.0   5.0 450.0                            LAT/LON1/LON2/DLON/H
  155  136  122  118  112  111  114  115  116  108  100   91   82   79   76   89
  102  126  142  162  169  171  171  173  179  184  192  198  208  219  232  250
  265  290  305  330  342  357  357  363  359  363  360  366  364  367  362  358
  352  344  333  327  318  315  310  309  304  302  294  291  282  279  270  265
  254  246  234  224  210  201  193  169  155                                   
    32.5-180.0 180.0   5.0 450.0                            LAT/LON1/LON2/DLON/H
  165  148  131  123  114  111  114  115  119  112  107   98   92   84   84   88
  101  123  144  164  174  178  178  181  186  193  203  212  223  237  250  272
  294  318  337  359  374  385  387  390  388  391  388  392  391  394  390  388
  381  373  363  355  349  345  342  339  333  328  317  309  301  293  284  275
  262  251  239  227  218  207  205  178  165                                   
    30.0-180.0 180.0   5.0 450.0                            LAT/LON1/LON2/DLON/H
  176  162  138  129  118  114  116  115  123  117  117  106   99   92   85   90
   99  121  140  164  176  182  182  185  193  200  211  220  230  247  262  295
  314  348  365  390  399  412  412  416  411  415  410  416  414  420  417  417
  410  404  394  388  379  379  374  374  364  356  338  329  313  306  293  284
  266  256  241  231  217  215  212  185  176                                   
    27.5-180.0 180.0   5.0 450.0                            LAT/LON1/LON2/DLON/H
  187  173  154  142  131  129  125  123  125  123  121  114  108  100   94   95
  101  121  138  163  175  183  185  190  195  208  217  231  243  264  285  315
  342  370  388  403  412  422  424  430  425  430  425  433  431  441  440  441
  439  434  429  423  418  417  413  408  398  383  359  339  321  309  296  283
  266  252  238  226  217  214  218  187  187                                   
    25.0-180.0 180.0   5.0 450.0                            LAT/LON1/LON2/DLON/H
  195  185  166  153  141  135  132  128  130  126  126  115  112  103   99   96
  103  115  136  156  174  181  186  187  199  206  221  233  250  276  300  333
  358  383  400  413  420  431  432  439  435  442  438  447  446  458  459  464
  463  461  457  457  450  451  444  440  427  409  378  353  322  308  288  276
  259  248  231  221  210  214  218  189  195                                   
    22.5-180.0 180.0   5.0 450.0                            LAT/LON1/LON2/DLON/H
  202  190  179  164  155  149  142  141  139  139  134  127  118  111  106  104
  105  116  129  153  169  180  181  187  192  208  219  240  261  292  318  346
  372  393  408  413  419  424  428  436  433  443  441  453  454  467  469  476
  476  476  475  476  475  476  470  464  447  427  392  361  325  302  281  267
  251  237  222  210  203  207  213  182  202                                   
    20.0-180.0 180.0   5.0 450.0                            LAT/LON1/LON2/DLON/H
  200  190  180  169  165  156  154  143  146  139  139  127  121  108  105   99
  103  110  125  146  168  177  184  185  198  206  225  240  267  298  326  350
  378  393  410  410  412  418  419  431  431  445  444  457  460  472  477  482
  486  484  485  488  490  492  483  475  457  434  399  366  326  301  272  262
  245  234  216  210  196  205  208  178  200                                   
    17.5-180.0 180.0   5.0 450.0                            LAT/LON1/LON2/DLON/H
  195  191  184  176  172  167  160  154  151  149  145  136  128  115  110  107
  107  115  125  147  161  174  179  184  191  206  222  246  278  308  333  352
  377  389  405  401  402  404  408  423  424  443  442  459  459  472  475  482
  485  484  487  486  490  491  482  474  454  432  395  363  322  296  270  257
  244  229  219  205  198  200  206  167  195                                   
    15.0-180.0 180.0   5.0 450.0                            LAT/LON1/LON2/DLON/H
  190  183  175  173  173  172  168  159  158  149  150  137  131  118  115  112
  113  116  128  146  164  177  185  194  200  211  228  254  290  317  342  356
  381  391  403  397  395  399  402  422  423  446  444  461  461  473  478  483
  491  486  488  486  487  484  473  467  450  431  395  362  322  294  266  256
  243  235  222  214  199  202  202  164  190                                   
    12.5-180.0 180.0   5.0 450.0                            LAT/LON1/LON2/DLON/H
  181  176  171  171  172  173  171  164  160  155  153  145  136  125  119  117
  117  126  132  151  162  180  188  196  203  216  236  270  303  330  352  370
  393  405  408  408  397  409  404  431  429  454  451  468  464  476  478  484
  487  485  485  476  475  471  460  456  441  423  387  352  314  288  265  255
  247  235  227  214  204  199  201  155  181                                   
    10.0-180.0 180.0   5.0 450.0                            LAT/LON1/LON2/DLON/H
  173  168  161  162  168  172  171  166  163  155  156  143  137  124  121  117
  122  124  135  148  168  188  203  208  218  226  253  284  317  347  369  387
  412  426  429  427  419  431  425  450  445  467  459  471  468  476  481  484
  490  483  481  471  465  458  449  447  432  415  382  350  312  287  264  257
  248  242  231  221  207  204  201  155  173                                   
     7.5-180.0 180.0   5.0 450.0                            LAT/LON1/LON2/DLON/H
  166  162  156  158  161  164  165  160  157  152  152  142  136  123  121  116
  120  125  136  155  170  194  207  217  226  245  266  301  331  359  379  402
