data/unet/pred2750.15i
     1.0            IONOSPHERE MAPS     GNSS                IONEX VERSION / TYPE
pyspatialgeodesy        IME             05-JAN-18 20:20     PGM / RUN BY / DATE 
Map Name                                                    COMMENT             
Predicted global ionosphere maps (GIM).                     DESCRIPTION         
  2015    10     2     0     0     0                        EPOCH OF FIRST MAP  
  2015    10     3     0     0     0                        EPOCH OF LAST MAP   
  7200                                                      INTERVAL            
    13                                                      # OF MAPS IN FILE   
  NONE                                                      MAPPING FUNCTION    
10.0                                                        ELEVATION CUTOFF    
One-way carrier phase leveled to code                       OBSERVABLES USED    
  6371.0                                                    BASE RADIUS         
 2                                                          MAP DIMENSION       
   450.0 450.0   0.0                                        HGT1 / HGT2 / DHGT  
    87.5 -87.5  -2.5                                        LAT1 / LAT2 / DLAT  
  -180.0 180.0   5.0                                        LON1 / LON2 / DLON  
    -1                                                      EXPONENT            
                                                            END OF HEADER       
[from data line 3861]
    10                                                      START OF TEC MAP    
  2015    10     2    18     0     0                        EPOCH OF CURRENT MAP
    87.5-180.0 180.0   5.0 450.0                            LAT/LON1/LON2/DLON/H
  179  144  144  145  148  145  149  147  152  150  155  153  158  154  160  155
  161  155  162  156  163  156  163  157  163  159  163  159  161  157  158  154
  155  150  151  146  148  142  144  138  140  134  137  131  134  128  131  125
  130  124  129  123  129  123  129  123  129  125  130  126  132  128  134  130
  135  132  137  133  140  136  149  156  179                                   
    85.0-180.0 180.0   5.0 450.0                            LAT/LON1/LON2/DLON/H
  137  127  131  139  139  142  141  146  146  150  150  154  154  158  158  162
  161  164  162  165  163  165  162  164  161  162  158  159  155  155  150  150
  146  145  140  140  136  136  131  131  126  126  122  122  118  118  116  115
  114  114  113  113  113  114  114  114  115  116  117  118  119  120  121  123
  123  125  124  126  127  125  133  142  137                                   
    82.5-180.0 180.0   5.0 450.0                            LAT/LON1/LON2/DLON/H
  122  113  121  122  127  128  133  136  141  144  149  153  156  160  163  166
  167  170  170  172  170  172  169  169  166  165  161  160  156  154  150  148
  143  141  136  134  130  128  124  122  117  116  112  110  108  106  104  103
  101  100  100  100   99  100  100  100  100  101  102  101  103  102  105  104
  106  105  108  107  111  105  109  115  122                                   
    80.0-180.0 180.0   5.0 450.0                            LAT/LON1/LON2/DLON/H
  102  100  101  107  109  113  116  122  126  131  137  142  148  152  156  161
  162  165  164  167  165  166  163  164  158  159  152  153  147  147  141  141
  135  134  128  128  121  121  114  114  107  107  101  101   95   96   90   92
   87   90   85   89   86   90   86   90   86   90   86   90   87   90   87   91
   89   92   89   93   93   90   92   98  102                                   
    77.5-180.0 180.0   5.0 450.0                            LAT/LON1/LON2/DLON/H
   84   83   89   89   94   98  103  109  115  121  130  136  143  147  153  156
  159  161  162  162  162  161  160  157  155  152  150  147  144  141  139  136
  132  130  127  125  120  118  113  110  105  102   98   96   92   90   88   87
   85   84   84   84   84   84   84   84   84   83   83   82   82   81   81   80
   81   79   80   79   81   75   76   86   84                                   
    75.0-180.0 180.0   5.0 450.0                            LAT/LON1/LON2/DLON/H
   74   78   76   84   84   92   94  103  107  117  124  134  140  147  151  155
  156  158  158  159  157  157  154  154  150  149  145  143  140  138  135  134
  131  131  127  126  123  121  117  113  107  104  100   97   93   92   90   90
   87   88   86   88   86   88   85   86   82   83   80   80   77   77   75   76
   73   75   72   75   73   72   71   82   74                                   
    72.5-180.0 180.0   5.0 450.0                            LAT/LON1/LON2/DLON/H
   72   72   74   77   81   84   91   97  106  113  125  133  142  147  153  155
  158  158  159  158  158  155  156  151  151  145  144  138  137  133  132  131
  130  130  129  129  125  124  119  116  110  107  102   99   96   94   92   92
   91   91   91   91   91   90   89   86   85   82   80   77   76   73   74   71
   72   68   70   69   72   66   70   76   72                                   
    70.0-180.0 180.0   5.0 450.0                            LAT/LON1/LON2/DLON/H
   73   75   71   78   80   87   90   99  107  117  128  137  148  151  158  157
  160  158  159  159  159  159  157  156  151  149  144  142  137  135  133  133
  131  132  131  131  129  127  123  119  114  109  104  101   97   95   93   93
   92   93   92   93   91   91   88   86   83   81   77   76   72   72   69   70
   67   68   66   69   69   67   70   79   73                                   
    67.5-180.0 180.0   5.0 450.0                            LAT/LON1/LON2/DLON/H
   77   74   76   80   86   89   98  104  115  122  136  143  154  158  163  165
  165  164  167  165  168  167  167  164  162  156  153  145  142  135  135  131
  132  129  132  131  130  126  123  118  113  107  103   97   94   90   90   87
   89   86   88   86   87   84   83   78   77   72   71   67   67   64   66   63
   65   62   65   64   67   64   70   77   77                                   
    65.0-180.0 180.0   5.0 450.0                            LAT/LON1/LON2/DLON/H
   78   78   76   84   89   97  103  112  122  131  145  152  162  165  173  170
  175  170  173  173  174  175  174  174  167  165  157  152  144  141  135  134
  131  132  131  131  129  128  123  119  113  106  102   96   92   88   86   85
   84   84   83   82   81   79   76   73   70   67   65   64   62   64   61   63
   59   61   59   61   62   61   68   79   78                                   
    62.5-180.0 180.0   5.0 450.0                            LAT/LON1/LON2/DLON/H
   76   74   80   86   96  101  112  118  130  139  153  162  170  175  180  182
  180  182  181  183  183  185  183  182  177  173  166  160  154  148  144  140
  138  135  134  132  130  126  122  116  110  103   98   92   88   82   81   77
   78   74   75   71   71   67   66   62   61   58   57   56   57   56   58   55
   57   53   55   54   56   54   61   72   76                                   
    60.0-180.0 180.0   5.0 450.0                            LAT/LON1/LON2/DLON/H
   70   75   79   89   99  107  118  125  139  148  161  170  178  182  187  186
  188  183  187  186  189  189  189  187  181  177  171  166  162  158  154  151
  146  142  139  135  133  128  124  117  112  104   99   93   89   84   80   76
   74   69   68   64   63   60   58   57   56   55   54   56   55   57   55   56
   52   52   48   49   47   47   56   65   70                                   
    57.5-180.0 180.0   5.0 450.0                            LAT/LON1/LON2/DLON/H
   65   71   80   91  102  112  123  132  144  153  166  174  183  186  191  191
  189  190  190  195  194  198  195  195  187  186  178  178  172  173  169  166
  160  154  148  144  137  133  126  120  113  107  103   98   93   87   82   77
   72   67   63   60   58   56   56   55   55   55   56   58   58   59   59   58
   56   52   50   47   46   44   50   55   65                                   
    55.0-180.0 180.0   5.0 450.0                            LAT/LON1/LON2/DLON/H
   62   73   82   96  108  118  132  139  154  160  174  179  188  190  195  193
  196  192  199  196  202  199  202  197  195  191  189  187  187  187  187  182
  178  169  163  151  148  138  135  125  122  115  112  108  104   97   91   83
   76   70   65   61   59   58   58   60   60   63   62   66   65   67   65   64
   59   57   53   50   46   45   52   52   62                                   
    52.5-180.0 180.0   5.0 450.0                            LAT/LON1/LON2/DLON/H
   61   76   87  103  116  129  140  150  160  168  178  184  190  191  197  196
  198  198  201  203  204  206  204  205  198  202  196  203  200  208  203  202
  192  187  173  166  156  151  142  137  131  128  125  123  117  111  103   95
   86   79   73   70   67   67   68   70   71   74   75   77   77   78   77   74
   71   66   64   59   56   53   55   53   61                                   
    50.0-180.0 180.0   5.0 450.0                            LAT/LON1/LON2/DLON/H
   70   88   98  118  130  145  153  165  173  180  189  191  198  197  203  202
  205  205  209  210  214  213  214  210  208  207  208  214  218  224  225  220
  213  201  191  177  170  161  157  149  147  142  142  139  136  128  120  109
  100   92   86   83   81   82   83   86   87   90   91   93   92   93   90   89
   84   82   78   74   68   64   69   65   70                                   
    47.5-180.0 180.0   5.0 450.0                            LAT/LON1/LON2/DLON/H
   79   99  111  126  143  154  167  176  184  191  195  199  202  203  206  207
  211  214  218  222  222  223  221  220  216  220  220  229  231  240  235  234
  220  214  199  190  178  174  166  162  157  156  155  155  150  143  132  122
  112  105  100   97   96   96   99  100  103  104  105  106  106  106  104  102
  100   97   95   92   86   80   83   83   79                                   
    45.0-180.0 180.0   5.0 450.0                            LAT/LON1/LON2/DLON/H
   96  118  126  149  159  177  183  195  198  207  211  214  216  216  219  221
  223  226  228  232  234  234  232  229  228  229  233  238  245  248  248  241
  231  221  209  198  191  183  180  172  171  167  167  165  162  153  142  130
  121  114  109  107  106  107  108  110  113  115  116  117  117  118  117  115
  114  114  113  111  105   99  103  100   96                                   
    42.5-180.0 180.0   5.0 450.0                            LAT/LON1/LON2/DLON/H
  105  126  139  155  169  180  192  200  210  217  222  226  226  228  230  235
  238  242  245  248  249  248  247  244  243  244  246  250  252  254  249  243
  231  223  213  205  198  193  188  182  177  175  172  170  165  156  144  133
  123  118  114  112  110  110  111  113  116  118  120  122  124  125  124  125
  122  124  122  123  119  112  116  118  105                                   
    40.0-180.0 180.0   5.0 450.0                            LAT/LON1/LON2/DLON/H
  116  136  147  170  181  197  208  220  225  235  238  245  244  249  249  254
  255  259  261  264  263  262  258  257  255  255  258  257  261  257  255  245
  239  229  223  215  211  204  198  188  182  178  175  171  165  154  143  130
  123  116  113  109  107  106  107  109  113  116  119  123  126  128  128  129
  127  129  129  131  126  122  124  124  116                                   
    37.5-180.0 180.0   5.0 450.0                            LAT/LON1/LON2/DLON/H
  115  136  150  166  181  194  208  218  229  239  249  253  259  262  267  271
  273  277  277  280  279  278  275  270  269  266  269  267  269  265  262  255
  252  248  243  238  228  220  208  196  186  180  175  170  164  152  140  127
  120  115  112  108  105  103  102  104  106  111  115  120  123  127  126  128
  124  127  125  127  124  121  124  127  115                                   
    35.0-180.0 180.0   5.0 450.0                            LAT/LON1/LON2/DLON/H
  115  135  150  171  183  202  215  231  242  256  266  274  281  285  286  291
  289  293  291  294  291  290  285  282  280  277  281  277  284  276  282  276
  284  281  283  270  258  241  226  208  197  186  182  174  167  153  142  129
  122  115  113  109  106  103  101  102  105  109  114  118  123  126  127  126
  121  123  119  124  118  116  119  120  115                                   
    32.5-180.0 180.0   5.0 450.0                            LAT/LON1/LON2/DLON/H
  110  130  146  164  178  193  210  225  241  258  272  283  293  296  301  302
  305  306  308  310  308  303  299  290  292  287  294  294  302  302  308  311
  317  322  319  310  290  268  244  225  209  197  190  182  175  163  152  140
  133  128  123  119  115  112  110  111  111  116  119  122  125  128  127  126
  119  116  110  112  109  105  110  115  110                                   
    30.0-180.0 180.0   5.0 450.0                            LAT/LON1/LON2/DLON/H
  111  127  145  162  175  193  210  230  249  269  285  298  309  315  317  319
  319  322  324  325  322  315  309  298  298  298  309  314  328  331  344  347
  358  356  354  340  323  295  270  243  232  216  212  201  195  181  171  159
  153  145  142  135  133  129  127  127  126  129  132  134  137  138  137  133
  123  119  109  109  100   99  104  106  111                                   
    27.5-180.0 180.0   5.0 450.0                            LAT/LON1/LON2/DLON/H
  115  129  145  160  173  190  208  228  248  270  286  304  314  323  328  331
  335  339  340  340  334  326  319  309  311  314  330  343  360  371  388  396
  407  406  400  380  354  323  294  269  251  240  233  225  216  203  192  181
  174  168  168  158  151  138  134  130  135  139  145  149  149  151  147  140
  129  118  108  103   97   94  101  105  115                                   
    25.0-180.0 180.0   5.0 450.0                            LAT/LON1/LON2/DLON/H
  126  141  154  169  178  195  211  234  256  277  296  314  329  337  343  347
  352  356  359  354  349  338  329  322  322  333  354  378  402  425  446  459
  472  466  454  426  393  355  323  294  276  262  257  249  239  229  216  210
  203  196  190  183  181  168  164  154  154  150  152  156  163  166  162  153
  140  128  114  109  100   96  103  103  126                                   
    22.5-180.0 180.0   5.0 450.0                            LAT/LON1/LON2/DLON/H
  138  150  163  178  188  202  216  236  255  277  294  317  331  346  351  363
  368  378  378  375  363  352  344  339  349  368  397  425  459  482  510  525
  540  525  504  469  430  386  343  315  293  280  273  263  254  241  234  226
  218  214  208  207  205  200  196  188  182  176  173  169  170  171  171  162
  148  134  120  110  103  100  104  113  138                                   
    20.0-180.0 180.0   5.0 450.0                            LAT/LON1/LON2/DLON/H
  150  164  177  192  197  212  224  242  260  282  301  324  343  360  370  385
  395  405  410  403  392  377  371  369  386  409  448  486  515  543  566  582
  593  574  544  502  461  410  364  328  306  291  281  272  259  252  238  237
  230  232  227  227  227  224  223  217  213  203  198  190  186  179  176  171
  159  145  130  120  110  105  110  118  150                                   
    17.5-180.0 180.0   5.0 450.0                            LAT/LON1/LON2/DLON/H
  153  169  185  199  207  218  231  245  262  279  299  321  345  364  381  398
  415  431  437  437  426  417  410  420  437  468  504  533  559  578  599  612
  616  595  557  516  468  415  366  329  301  286  267  259  244  238  230  234
  233  239  236  242  241  242  240  233  228  217  214  207  200  189  180  171
  159  144  130  119  110  105  111  128  153                                   
    15.0-180.0 180.0   5.0 450.0                            LAT/LON1/LON2/DLON/H
  155  173  189  206  214  230  240  259  272  292  306  333  355  381  394  416
  434  457  472  472  469  462  465  475  501  525  555  574  588  598  612  619
  615  588  554  513  466  415  366  326  294  273  252  238  223  219  217  228
  234  240  242  243  246  245  244  236  232  223  221  213  205  194  184  172
  160  145  132  119  109  103  109  123  155                                   
    12.5-180.0 180.0   5.0 450.0                            LAT/LON1/LON2/DLON/H
  144  166  184  201  216  232  249  263  281  295  318  341  364  387  405  433
  457  483  502  513  516  519  522  537  550  569  582  593  596  601  598  601
  582  562  529  495  449  402  357  319  281  257  229  212  196  195  202  218
  229  239  242  248  246  247  240  232  224  220  216  213  203  194  181  168
  151  136  121  109  102   96  103  119  144                                   
    10.0-180.0 180.0   5.0 450.0                            LAT/LON1/LON2/DLON/H
  136  158  178  200  215  239  255  280  294  318  335  364  380  411  427  460
  481  507  526  539  553  561  577  585  597  602  608  601  595  587  584  574
  557  537  510  482  446  407  362  324  286  252  222  199  185  185  198  213
  223  233  239  241  240  235  229  219  213  209  207  204  196  185  173  160
  145  128  116  102   93   88   92  101  136                                   
     7.5-180.0 180.0   5.0 450.0                            LAT/LON1/LON2/DLON/H
  120  147  168  191  214  240  265  284  308  330  359  382  402  424  445  469
  496  526  550  569  585  598  612  617  620  616  611  599  582  574  559  549
