data/unet/pred1220.15i
     1.0            IONOSPHERE MAPS     GNSS                IONEX VERSION / TYPE
pyspatialgeodesy        IME             05-JAN-18 20:20     PGM / RUN BY / DATE 
Map Name                                                    COMMENT             
Predicted global ionosphere maps (GIM).                     DESCRIPTION         
  2015     5     2     0     0     0                        EPOCH OF FIRST MAP  
  2015     5     3     0     0     0                        EPOCH OF LAST MAP   
  7200                                                      INTERVAL            
    13                                                      # OF MAPS IN FILE   
  NONE                                                      MAPPING FUNCTION    
10.0                                                        ELEVATION CUTOFF    
One-way carrier phase leveled to code                       OBSERVABLES USED    
  6371.0                                                    BASE RADIUS         
 2                                                          MAP DIMENSION       
   450.0 450.0   0.0                                        HGT1 / HGT2 / DHGT  
    87.5 -87.5  -2.5                                        LAT1 / LAT2 / DLAT  
  -180.0 180.0   5.0                                        LON1 / LON2 / DLON  
    -1                                                      EXPONENT            
                                                            END OF HEADER       
     1                                                      START OF TEC MAP    
  2015     5     2     0     0     0                        EPOCH OF CURRENT MAP
    87.5-180.0 180.0   5.0 450.0                            LAT/LON1/LON2/DLON/H
  198  173  170  168  169  166  167  166  169  167  168  166  168  166  166  163
  166  162  162  158  160  155  154  149  150  145  144  138  139  134  134  130
  132  128  130  127  130  128  131  130  134  134  137  138  142  142  145  146
  150  151  153  154  157  157  159  159  162  161  163  162  165  164  165  163
  166  165  167  166  172  167  160  182  198                                   
    85.0-180.0 180.0   5.0 450.0                            LAT/LON1/LON2/DLON/H
  177  177  177  177  178  174  177  176  179  178  180  179  182  181  181  179
  181  178  177  173  173  167  165  158  157  150  148  141  140  134  133  128
  129  125  126  123  126  125  127  127  130  131  134  136  140  141  145  146
  150  152  155  156  159  160  162  162  166  166  168  167  171  170  171  170
  173  171  174  173  178  173  166  158  177                                   
    82.5-180.0 180.0   5.0 450.0                            LAT/LON1/LON2/DLON/H
  177  179  177  180  180  177  180  180  185  185  188  189  193  192  193  192
  194  191  189  185  183  178  172  165  160  153  148  140  137  131  129  123
  123  119  120  118  120  119  121  122  125  127  130  132  137  138  142  144
  149  150  154  155  160  160  163  163  167  167  170  169  173  172  174  172
  175  174  177  176  181  174  166  162  177                                   
    80.0-180.0 180.0   5.0 450.0                            LAT/LON1/LON2/DLON/H
  177  178  178  180  179  180  183  187  189  193  195  199  202  204  204  205
  206  204  201  199  195  190  183  176  169  161  153  146  141  134  130  126
  124  121  120  119  120  120  122  123  126  128  131  133  136  139  141  144
  147  150  153  156  159  162  164  167  169  171  173  175  176  177  177  178
  178  179  180  181  183  177  168  163  177                                   
    77.5-180.0 180.0   5.0 450.0                            LAT/LON1/LON2/DLON/H
  178  177  176  178  177  178  181  185  189  193  197  201  205  208  209  211
  211  210  208  204  201  195  188  181  173  164  155  147  141  134  129  124
  122  119  119  117  119  119  121  123  125  128  131  133  136  138  140  143
  146  149  151  155  158  161  164  167  170  173  174  176  177  177  177  177
  176  177  178  177  178  174  169  163  178                                   
    75.0-180.0 180.0   5.0 450.0                            LAT/LON1/LON2/DLON/H
  181  179  177  176  176  175  178  182  187  192  198  203  208  210  213  213
  215  212  211  207  204  197  191  182  175  165  157  147  142  133  129  124
  123  119  120  118  120  120  123  123  126  126  130  130  133  133  137  137
  142  142  148  149  154  155  160  162  167  167  171  171  173  172  174  172
  173  172  175  174  177  174  169  164  181                                   
    72.5-180.0 180.0   5.0 450.0                            LAT/LON1/LON2/DLON/H
  189  186  182  180  177  175  177  180  185  191  198  202  208  210  213  212
  213  210  209  204  202  195  189  180  172  163  156  147  141  134  130  125
  123  121  121  119  120  120  122  121  123  122  125  124  127  127  131  132
  136  138  143  145  150  152  157  159  163  164  167  168  170  169  170  169
  170  171  174  175  177  178  176  172  189                                   
    70.0-180.0 180.0   5.0 450.0                            LAT/LON1/LON2/DLON/H
  196  194  190  186  181  177  179  181  187  193  200  206  211  212  213  211
  210  207  205  201  199  193  188  179  172  163  156  148  142  135  132  127
  125  122  123  120  120  119  119  118  118  117  118  117  120  119  124  125
  131  132  140  141  148  149  156  157  163  163  167  167  169  167  169  167
  169  169  175  177  182  183  184  181  196                                   
    67.5-180.0 180.0   5.0 450.0                            LAT/LON1/LON2/DLON/H
  211  205  199  193  186  182  181  184  190  196  203  209  213  215  213  211
  208  205  202  199  197  192  186  178  170  162  155  147  142  137  133  129
  126  122  121  117  116  113  112  110  109  108  109  108  110  111  116  118
  124  129  137  141  148  152  157  160  165  166  169  170  170  169  169  168
  169  171  177  181  188  192  194  190  211                                   
    65.0-180.0 180.0   5.0 450.0                            LAT/LON1/LON2/DLON/H
  221  215  210  202  193  186  185  187  193  200  208  214  218  218  216  212
  208  205  202  199  197  193  186  179  170  162  155  148  143  139  136  131
  128  122  118  113  111  107  105  102  101   99   99   98  101  102  108  113
  121  127  137  143  152  156  162  165  171  173  177  177  179  177  177  174
  176  177  184  188  196  202  205  201  221                                   
    62.5-180.0 180.0   5.0 450.0                            LAT/LON1/LON2/DLON/H
  234  224  218  209  198  189  186  187  193  200  208  214  219  220  218  214
  211  208  205  203  200  196  188  181  171  163  155  149  144  141  138  134
  129  122  116  110  105  100   97   94   93   90   90   90   93   96  103  110
  120  128  139  147  156  161  168  173  179  183  186  188  190  189  188  185
  185  187  191  197  205  211  213  211  234                                   
    60.0-180.0 180.0   5.0 450.0                            LAT/LON1/LON2/DLON/H
  239  231  226  216  205  194  189  188  194  201  208  215  220  223  222  220
  218  216  213  211  208  202  194  185  175  165  157  152  148  146  143  138
  132  124  117  109  103   98   94   92   90   89   88   88   92   97  105  114
  124  133  144  152  162  168  176  182  189  195  200  203  205  204  204  201
  201  200  203  207  215  220  222  221  239                                   
    57.5-180.0 180.0   5.0 450.0                            LAT/LON1/LON2/DLON/H
  247  237  234  224  212  200  193  191  194  199  206  213  219  224  225  226
  227  226  224  222  217  213  202  194  181  172  162  158  153  152  148  145
  137  129  120  111  104  100   96   95   94   93   92   92   95  101  109  118
  128  137  147  156  166  174  183  191  202  210  218  224  228  228  227  224
  222  220  220  223  230  233  230  231  247                                   
    55.0-180.0 180.0   5.0 450.0                            LAT/LON1/LON2/DLON/H
  252  244  243  236  225  212  205  200  200  202  207  212  219  224  228  231
  235  236  236  234  230  223  213  202  192  181  172  165  162  159  156  152
  144  135  127  118  112  108  106  106  106  105  104  103  105  110  117  125
  134  142  150  158  169  178  190  201  216  227  239  246  252  252  253  250
  249  245  244  243  249  247  242  244  252                                   
    52.5-180.0 180.0   5.0 450.0                            LAT/LON1/LON2/DLON/H
  263  254  256  251  242  232  222  216  211  210  209  212  217  223  228  234
  239  244  244  245  241  236  224  215  202  194  183  177  171  169  163  159
  151  142  133  126  121  120  119  119  120  119  117  115  116  118  124  130
  138  145  153  160  171  182  197  210  228  244  259  268  275  277  281  280
  280  276  273  270  272  266  256  261  263                                   
    50.0-180.0 180.0   5.0 450.0                            LAT/LON1/LON2/DLON/H
  275  271  275  274  268  259  251  242  236  228  223  219  222  225  231  237
  243  248  251  253  251  246  237  227  217  205  196  187  181  175  170  162
  155  146  141  135  133  133  134  136  137  135  131  128  126  127  130  135
  141  146  153  160  172  183  200  216  236  254  271  283  290  295  301  304
  306  303  301  297  297  288  275  282  275                                   
    47.5-180.0 180.0   5.0 450.0                            LAT/LON1/LON2/DLON/H
  293  290  296  299  296  291  284  276  266  254  242  234  230  232  234  240
  246  251  256  258  259  257  248  241  228  219  207  198  188  181  172  166
  156  151  146  144  144  146  147  148  149  146  143  137  135  133  136  139
  144  148  154  161  174  186  206  222  244  262  280  291  301  307  317  322
  328  328  328  324  322  310  298  301  293                                   
    45.0-180.0 180.0   5.0 450.0                            LAT/LON1/LON2/DLON/H
  310  313  321  327  329  327  322  315  306  290  274  260  251  248  247  249
  252  257  261  265  268  267  263  254  243  229  218  205  195  183  173  163
  157  152  151  150  154  157  159  159  158  153  149  143  139  137  139  141
  146  150  157  163  177  190  211  228  251  269  285  298  307  316  326  336
  345  350  353  351  350  337  325  327  310                                   
    42.5-180.0 180.0   5.0 450.0                            LAT/LON1/LON2/DLON/H
  330  335  346  353  358  359  358  353  345  328  308  290  277  270  265  263
  263  266  270  275  279  280  274  268  253  241  224  213  197  187  173  167
  158  157  156  159  163  165  167  164  163  156  153  146  143  140  142  144
  149  153  161  168  183  198  219  237  257  274  289  301  311  321  333  345
  357  366  372  373  374  362  351  349  330                                   
    40.0-180.0 180.0   5.0 450.0                            LAT/LON1/LON2/DLON/H
  351  362  373  378  385  388  389  388  381  365  346  325  309  297  288  282
  278  279  282  288  293  295  290  280  266  249  234  217  205  191  180  170
  164  161  162  164  170  172  172  169  167  160  157  151  149  145  147  148
  153  157  166  175  192  207  229  246  266  281  296  307  319  330  344  357
  371  382  390  393  400  386  378  372  351                                   
    37.5-180.0 180.0   5.0 450.0                            LAT/LON1/LON2/DLON/H
  376  389  398  400  405  409  413  415  409  396  376  356  340  326  314  304
  299  297  299  306  310  310  301  290  272  257  239  226  211  202  188  181
  172  171  170  174  178  181  180  178  175  170  166  161  158  155  154  154
  157  161  170  179  195  211  233  248  265  279  292  305  318  333  350  365
  379  390  398  406  413  404  398  390  376                                   
    35.0-180.0 180.0   5.0 450.0                            LAT/LON1/LON2/DLON/H
  408  418  426  426  430  432  435  440  436  424  405  387  371  357  343  331
  323  321  321  327  328  325  313  297  280  262  249  236  227  216  208  197
  192  186  186  187  192  193  194  191  189  185  181  176  171  167  164  160
  160  162  169  178  193  207  229  242  259  268  285  296  315  335  358  374
  387  394  402  411  426  419  422  411  408                                   
    32.5-180.0 180.0   5.0 450.0                            LAT/LON1/LON2/DLON/H
  445  452  463  461  461  461  461  462  458  447  431  416  400  389  373  361
  350  347  346  348  344  336  319  301  281  268  256  252  246  241  231  225
  214  212  207  210  212  214  214  213  210  208  202  196  188  180  173  166
  163  161  164  171  182  196  214  227  242  252  265  278  299  324  351  371
  383  391  397  407  424  427  434  433  445                                   
    30.0-180.0 180.0   5.0 450.0                            LAT/LON1/LON2/DLON/H
  486  492  503  502  504  501  498  497  490  480  464  450  435  422  405  391
  379  374  369  366  356  341  321  300  286  277  276  276  280  276  272  260
  251  238  234  229  234  234  236  233  234  231  227  219  209  197  187  176
  169  163  163  165  174  185  203  214  230  240  257  274  298  327  355  378
  388  396  401  410  432  434  453  459  486                                   
    27.5-180.0 180.0   5.0 450.0                            LAT/LON1/LON2/DLON/H
  525  534  546  548  550  547  545  539  530  515  499  484  469  456  438  424
  408  400  390  380  362  342  319  301  292  291  297  307  315  317  313  299
  287  270  262  254  256  254  255  254  254  254  248  240  225  211  195  181
  169  161  156  157  163  175  190  205  220  235  251  273  299  325  354  376
  389  396  404  413  435  443  463  488  525                                   
    25.0-180.0 180.0   5.0 450.0                            LAT/LON1/LON2/DLON/H
  554  564  579  587  594  594  595  589  581  569  551  534  512  496  474  457
  436  421  403  384  362  337  319  306  306  314  327  341  351  354  348  332
  313  294  280  272  271  271  271  271  273  271  267  255  240  221  205  185
  172  157  151  147  155  166  187  202  222  237  259  281  309  335  360  382
  397  407  416  426  444  455  486  518  554                                   
    22.5-180.0 180.0   5.0 450.0                            LAT/LON1/LON2/DLON/H
  577  587  604  616  624  630  631  632  625  616  603  585  561  537  512  489
  463  440  414  389  361  336  323  319  329  343  360  371  375  372  359  340
  317  298  283  275  273  273  272  275  273  274  264  255  235  218  196  177
  159  145  138  135  142  156  179  201  223  245  265  290  310  337  359  383
  403  419  430  440  457  469  501  542  577                                   
    20.0-180.0 180.0   5.0 450.0                            LAT/LON1/LON2/DLON/H
  591  600  617  634  647  661  667  679  679  675  662  643  616  589  557  526
  493  462  427  392  365  343  336  342  355  373  381  384  379  368  352  332
  309  292  276  271  265  265  260  264  261  261  250  239  222  202  186  161
  147  130  129  122  132  144  172  197  228  252  278  301  327  348  373  395
  425  441  458  468  484  493  526  568  591                                   
    17.5-180.0 180.0   5.0 450.0                            LAT/LON1/LON2/DLON/H
  604  617  633  647  663  676  689  706  718  722  712  691  662  632  601  563
  524  487  446  408  378  364  361  374  384  394  392  381  365  347  329  310
  292  279  266  260  250  248  239  244  237  236  222  215  196  183  164  147
  135  124  119  117  127  140  170  201  231  261  287  314  336  360  384  415
  441  464  479  494  507  517  547  589  604                                   
    15.0-180.0 180.0   5.0 450.0                            LAT/LON1/LON2/DLON/H
  616  630  645  662  683  695  710  732  754  763  760  740  708  673  639  599
  557  513  469  426  399  386  385  394  395  389  374  348  328  306  297  280
  273  261  255  245  238  233  226  223  216  209  199  189  178  163  154  134
  130  114  116  110  122  135  169  202  234  263  293  320  346  367  399  428
  462  486  508  523  541  549  576  605  616                                   
    12.5-180.0 180.0   5.0 450.0                            LAT/LON1/LON2/DLON/H
  617  637  651  671  693  705  720  742  768  783  783  767  737  703  667  628
  586  542  498  459  429  416  409  410  399  375  344  309  282  263  260  253
  252  247  243  237  229  222  210  206  195  192  180  175  162  153  142  130
  123  113  110  106  113  128  160  194  228  259  289  319  347  377  405  439
  472  502  525  549  567  575  600  621  617                                   
    10.0-180.0 180.0   5.0 450.0                            LAT/LON1/LON2/DLON/H
  617  640  651  673  698  710  723  744  773  788  795  782  753  721  684  645
  607  565  527  491  467  446  431  411  386  339  302  260  241  225  231  229
  235  235  233  230  221  211  199  190  181  173  166  157  155  142  138  123
  122  109  105   97  103  118  146  182  218  252  286  319  350  377  412  444
  480  513  544  571  592  604  622  629  617                                   
     7.5-180.0 180.0   5.0 450.0                            LAT/LON1/LON2/DLON/H
  611  638  648  671  692  706  713  731  753  771  779  771  749  720  687  651
  618  585  552  526  501  478  449  414  366  307  259  225  211  210  218  226
