data/unet/pred1750.15i
     1.0            IONOSPHERE MAPS     GNSS                IONEX VERSION / TYPE
pyspatialgeodesy        IME             05-JAN-18 20:20     PGM / RUN BY / DATE 
Map Name                                                    COMMENT             
Predicted global ionosphere maps (GIM).                     DESCRIPTION         
  2015     6    24     0     0     0                        EPOCH OF FIRST MAP  
  2015     6    25     0     0     0                        EPOCH OF LAST MAP   
  7200                                                      INTERVAL            
    13                                                      # OF MAPS IN FILE   
  NONE                                                      MAPPING FUNCTION    
10.0                                                        ELEVATION CUTOFF    
One-way carrier phase leveled to code                       OBSERVABLES USED    
  6371.0                                                    BASE RADIUS         
 2                                                          MAP DIMENSION       
   450.0 450.0   0.0                                        HGT1 / HGT2 / DHGT  
    87.5 -87.5  -2.5                                        LAT1 / LAT2 / DLAT  
  -180.0 180.0   5.0                                        LON1 / LON2 / DLON  
    -1                                                      EXPONENT            
                                                            END OF HEADER       
[from data line 4290]
    11                                                      START OF TEC MAP    
  2015     6    24    20     0     0                        EPOCH OF CURRENT MAP
    87.5-180.0 180.0   5.0 450.0                            LAT/LON1/LON2/DLON/H
  178  160  144  150  146  147  144  147  144  147  143  146  143  145  142  144
  141  143  140  141  138  140  137  138  135  137  133  135  132  133  129  130
  127  128  125  126  124  125  124  125  124  125  124  125  124  125  123  125
  123  124  122  123  121  123  121  123  122  124  123  126  125  129  128  132
  130  135  134  140  139  143  140  165  178                                   
    85.0-180.0 180.0   5.0 450.0                            LAT/LON1/LON2/DLON/H
  140  145  146  150  150  147  148  148  149  147  147  146  146  145  144  143
  142  141  140  139  138  137  136  135  134  133  132  132  131  129  129  128
  126  124  124  123  123  121  123  122  122  120  123  121  123  120  123  120
  122  119  122  119  121  119  122  121  123  122  125  125  128  128  131  132
  134  136  139  141  144  142  141  159  140                                   
    82.5-180.0 180.0   5.0 450.0                            LAT/LON1/LON2/DLON/H
  144  145  150  156  152  153  152  155  152  154  152  154  151  152  150  151
  148  149  146  147  143  144  141  142  138  139  136  137  133  134  131  132
  128  130  127  129  125  128  125  128  124  127  125  127  124  127  124  126
  123  125  123  125  122  125  123  126  123  128  126  131  129  134  132  137
  136  140  140  143  142  143  137  147  144                                   
    80.0-180.0 180.0   5.0 450.0                            LAT/LON1/LON2/DLON/H
  149  143  148  149  147  145  146  146  147  146  147  146  147  145  146  145
  145  144  144  143  142  141  140  138  136  134  133  131  130  127  127  124
  124  122  123  122  122  122  123  122  123  121  123  121  122  120  122  118
  120  117  120  117  119  117  120  118  120  119  122  122  125  124  127  127
  130  131  132  133  136  135  133  140  149                                   
    77.5-180.0 180.0   5.0 450.0                            LAT/LON1/LON2/DLON/H
  145  142  143  147  143  144  144  145  144  145  144  145  144  145  145  146
  145  146  144  146  144  145  142  143  139  138  135  134  130  129  125  125
  123  123  122  124  123  125  125  126  125  126  125  125  124  123  122  122
  120  120  120  120  119  121  121  122  121  123  123  125  125  127  127  129
  129  131  132  132  133  133  129  132  145                                   
    75.0-180.0 180.0   5.0 450.0                            LAT/LON1/LON2/DLON/H
  141  135  140  142  141  142  142  142  142  141  143  142  144  143  145  143
  147  144  148  144  148  144  147  142  144  139  139  133  133  128  128  123
  124  122  124  124  127  128  130  130  132  130  131  128  128  126  125  123
  123  122  122  122  122  122  123  123  124  125  125  127  127  129  128  130
  129  131  130  131  132  131  129  131  141                                   
    72.5-180.0 180.0   5.0 450.0                            LAT/LON1/LON2/DLON/H
  141  138  140  143  142  143  142  143  142  142  143  143  143  144  144  145
  145  146  146  147  146  147  146  146  144  143  140  137  133  130  128  125
  124  124  125  127  129  132  135  137  137  138  136  135  132  131  129  128
  127  126  127  126  127  127  128  127  129  128  130  130  131  132  133  134
  134  135  135  136  135  135  130  129  141                                   
    70.0-180.0 180.0   5.0 450.0                            LAT/LON1/LON2/DLON/H
  143  137  143  146  146  145  145  144  145  144  146  145  147  146  148  148
  149  148  150  149  151  150  151  150  150  147  146  142  140  135  134  130
  129  128  130  131  135  137  141  142  144  142  142  138  137  133  131  128
  128  127  128  128  130  129  130  130  131  131  132  133  135  136  138  138
  139  138  139  138  138  137  134  133  143                                   
    67.5-180.0 180.0   5.0 450.0                            LAT/LON1/LON2/DLON/H
  149  145  148  151  150  150  149  149  149  148  150  150  151  151  152  152
  153  152  152  152  152  152  153  153  153  151  150  147  145  141  139  136
  134  133  134  135  138  141  145  147  147  146  143  140  136  133  129  127
  126  126  126  126  128  127  129  127  129  128  131  132  136  137  140  142
  142  143  143  144  143  143  137  134  149                                   
    65.0-180.0 180.0   5.0 450.0                            LAT/LON1/LON2/DLON/H
  155  147  154  159  157  156  155  154  154  153  155  156  158  158  159  159
  159  158  157  156  155  155  155  155  156  155  155  154  153  150  148  144
  142  140  140  140  142  144  148  148  149  146  143  137  133  127  125  121
  121  120  122  121  124  122  124  123  125  125  128  130  135  138  142  144
  146  146  147  147  148  147  144  143  155                                   
    62.5-180.0 180.0   5.0 450.0                            LAT/LON1/LON2/DLON/H
  161  155  159  164  162  161  160  159  159  159  161  162  165  164  166  165
  165  162  162  159  158  156  157  157  159  159  160  160  161  158  157  153
  151  147  146  144  146  147  150  149  149  145  141  134  129  122  119  114
  114  112  114  112  114  111  113  111  115  115  120  123  130  133  139  142
  144  146  147  149  149  150  146  146  161                                   
    60.0-180.0 180.0   5.0 450.0                            LAT/LON1/LON2/DLON/H
  164  156  163  169  168  167  165  165  164  163  165  166  169  170  171  171
  170  167  164  160  158  155  155  155  156  158  161  164  165  166  165  163
  159  154  152  149  150  150  152  150  149  144  139  131  126  118  114  109
  108  105  105  103  104  101  101   99  103  104  111  116  124  129  135  139
  143  144  147  147  150  150  150  152  164                                   
    57.5-180.0 180.0   5.0 450.0                            LAT/LON1/LON2/DLON/H
  167  160  165  171  171  171  170  170  168  167  168  169  172  173  176  176
  175  171  167  162  158  154  153  152  155  156  161  165  169  170  171  167
  164  159  155  152  152  151  153  150  150  143  139  130  124  115  111  105
  103   98   97   92   92   86   87   84   89   90   99  105  114  121  128  132
  136  138  141  144  148  150  147  151  167                                   
    55.0-180.0 180.0   5.0 450.0                            LAT/LON1/LON2/DLON/H
  165  157  166  173  174  175  174  175  172  172  171  173  174  176  179  179
  178  174  171  165  160  154  153  150  153  152  160  164  171  173  174  172
  169  162  159  154  155  154  155  152  150  144  138  130  122  114  109  103
  100   94   91   86   84   78   77   74   79   80   90   97  108  114  123  126
  131  133  138  140  143  146  147  153  165                                   
    52.5-180.0 180.0   5.0 450.0                            LAT/LON1/LON2/DLON/H
  164  159  165  173  176  178  179  180  179  177  177  177  178  179  181  181
  180  177  174  169  163  158  154  151  151  152  156  162  168  173  174  175
  170  167  160  158  156  156  156  153  151  144  139  129  124  115  111  102
  100   91   88   80   78   70   70   67   72   75   84   92  102  108  115  120
  125  128  134  137  142  145  143  150  164                                   
    50.0-180.0 180.0   5.0 450.0                            LAT/LON1/LON2/DLON/H
  160  155  164  173  176  180  182  184  183  183  182  183  182  183  183  183
  182  180  178  173  171  165  163  157  157  154  160  163  170  173  176  175
  174  168  166  161  162  160  161  157  154  146  140  131  125  118  113  106
  102   93   89   80   77   70   69   66   72   74   84   89   99  104  112  115
  122  125  131  135  138  141  141  149  160                                   
    47.5-180.0 180.0   5.0 450.0                            LAT/LON1/LON2/DLON/H
  159  157  163  174  179  184  187  190  191  193  192  192  190  190  188  186
  183  182  180  180  176  176  172  169  163  163  161  166  167  174  173  176
  174  173  169  168  167  168  167  163  158  150  143  133  129  121  118  110
  107   97   93   84   81   74   75   71   76   78   86   90   98  103  108  112
  119  124  130  135  140  143  139  148  159                                   
    45.0-180.0 180.0   5.0 450.0                            LAT/LON1/LON2/DLON/H
  157  154  164  175  181  185  189  193  197  199  202  202  201  199  194  191
  187  185  186  185  187  186  185  181  178  174  173  172  174  176  179  179
  182  179  180  177  180  177  177  170  165  155  147  137  132  126  123  115
  111  103   98   90   87   81   82   79   84   84   92   93  100  101  109  112
  120  125  132  137  141  144  142  151  157                                   
    42.5-180.0 180.0   5.0 450.0                            LAT/LON1/LON2/DLON/H
  159  157  164  175  181  187  191  197  202  209  212  216  214  212  205  199
  193  191  191  194  196  198  196  196  191  188  182  182  179  182  182  186
  188  191  191  191  192  190  187  180  172  161  152  142  138  132  130  123
  119  111  107  100   97   92   93   91   95   95   99   99  103  104  108  113
  119  127  135  142  147  150  146  156  159                                   
    40.0-180.0 180.0   5.0 450.0                            LAT/LON1/LON2/DLON/H
  161  158  166  173  179  184  190  196  205  213  221  227  229  225  217  208
  201  196  198  199  205  205  207  205  204  199  197  192  192  190  194  196
  205  204  210  206  209  202  199  188  182  168  160  149  145  138  137  129
  126  117  115  108  106  101  102   99  103  101  105  102  106  104  111  114
  124  131  140  148  153  155  153  164  161                                   
    37.5-180.0 180.0   5.0 450.0                            LAT/LON1/LON2/DLON/H
  168  165  169  175  180  183  190  197  208  220  231  241  243  241  233  224
  214  207  207  209  213  216  218  218  217  215  212  208  205  204  207  212
  219  223  227  225  224  217  211  200  190  177  169  159  155  149  146  139
  135  127  123  118  115  110  111  108  111  109  111  108  110  109  114  118
  126  135  144  153  160  163  158  172  168                                   
    35.0-180.0 180.0   5.0 450.0                            LAT/LON1/LON2/DLON/H
  173  170  174  175  180  181  189  196  210  223  238  249  256  254  249  238
  229  220  219  219  223  223  227  226  230  227  229  224  223  221  226  230
  240  243  248  243  240  229  221  206  197  182  176  163  161  154  153  143
  140  132  129  122  119  114  113  110  112  109  110  106  109  108  116  120
  130  138  149  158  165  167  166  182  173                                   
    32.5-180.0 180.0   5.0 450.0                            LAT/LON1/LON2/DLON/H
  183  180  178  182  185  188  194  202  215  229  246  259  269  270  265  256
  249  240  235  235  236  237  239  241  244  245  246  243  243  240  246  250
  262  264  269  260  253  237  226  210  200  188  181  172  168  162  158  150
  145  137  132  126  121  115  113  111  112  110  110  106  108  109  116  122
  132  141  151  160  169  173  171  188  183                                   
    30.0-180.0 180.0   5.0 450.0                            LAT/LON1/LON2/DLON/H
  188  186  187  187  190  193  199  207  219  232  250  265  278  280  280  271
  268  257  255  249  250  247  251  252  261  261  266  263  265  263  270  275
  286  287  291  276  264  240  226  207  199  185  182  171  170  161  160  148
  145  136  132  123  118  110  109  105  107  103  104  101  104  104  113  119
  132  141  152  161  170  176  177  196  188                                   
    27.5-180.0 180.0   5.0 450.0                            LAT/LON1/LON2/DLON/H
  197  196  194  199  203  207  215  224  234  245  262  276  291  294  297  290
  289  279  276  269  265  263  263  267  273  277  284  285  289  288  294  296
  307  304  304  282  264  236  218  201  194  186  182  177  172  165  158  150
  142  135  128  121  114  106  103  101  101   99  100   98   99  101  108  116
  128  140  152  162  173  182  183  202  197                                   
    25.0-180.0 180.0   5.0 450.0                            LAT/LON1/LON2/DLON/H
  200  203  207  209  216  220  229  241  251  261  275  289  303  308  313  308
  311  299  299  286  284  276  278  275  285  288  300  301  309  308  313  314
  320  311  302  275  253  222  205  189  184  175  177  170  170  160  155  141
  136  126  122  112  106   98   94   92   93   91   92   91   93   93  102  111
  125  138  152  164  176  186  190  210  200                                   
    22.5-180.0 180.0   5.0 450.0                            LAT/LON1/LON2/DLON/H
  207  211  213  220  228  239  250  263  274  282  294  306  319  323  332  330
  335  326  323  310  302  293  289  288  294  301  312  317  323  323  324  321
  319  304  283  255  227  199  184  173  168  167  168  167  164  156  147  135
  127  118  112  104   97   90   88   85   86   83   83   82   83   85   91  102
  116  131  149  163  179  194  198  219  207                                   
    20.0-180.0 180.0   5.0 450.0                            LAT/LON1/LON2/DLON/H
  211  220  226  233  245  256  269  282  293  300  310  320  331  338  348  349
  356  346  346  329  324  307  304  296  304  307  321  324  332  327  326  313
  305  281  259  227  201  178  166  156  154  152  156  156  155  147  140  125
  118  108  103   92   89   82   82   81   83   78   78   76   78   77   85   95
  111  128  148  165  182  198  204  224  211                                   
    17.5-180.0 180.0   5.0 450.0                            LAT/LON1/LON2/DLON/H
  216  223  228  240  254  270  283  297  307  315  323  332  343  353  366  369
  376  368  363  348  339  327  318  312  312  316  325  330  332  328  318  303
  282  259  233  206  179  164  152  145  143  144  149  150  149  143  135  122
  112  103   95   87   81   78   77   80   80   77   73   71   70   71   76   86
  101  120  143  161  182  200  209  229  216                                   
    15.0-180.0 180.0   5.0 450.0                            LAT/LON1/LON2/DLON/H
  222  233  240  249  267  279  296  306  317  322  330  336  346  357  370  378
  387  379  379  361  356  339  334  320  321  318  328  327  331  319  310  287
  265  238  215  187  167  153  143  138  136  138  142  144  143  137  130  116
  107   96   91   80   77   72   76   78   81   75   73   67   69   66   73   80
   98  118  143  163  182  205  214  231  222                                   
    12.5-180.0 180.0   5.0 450.0                            LAT/LON1/LON2/DLON/H
  226  235  241  252  268  281  295  306  316  323  328  335  345  358  372  381
  391  389  387  377  367  353  343  332  325  323  326  327  325  315  301  279
  253  230  206  183  170  157  152  144  145  143  148  150  150  143  133  121
  108   98   88   80   72   72   74   79   79   76   68   66   62   64   65   72
   89  108  135  154  178  200  215  233  226                                   
    10.0-180.0 180.0   5.0 450.0                            LAT/LON1/LON2/DLON/H
  233  245  250  256  269  276  290  296  307  311  319  322  332  341  358  368
  382  382  387  378  374  355  349  333  327  318  321  316  316  303  293  267
  248  222  203  183  174  164  162  155  155  151  154  153  153  143  135  118
  108   95   89   77   73   70   77   79   81   74   69   64   65   63   67   71
   87  107  134  155  177  202  218  233  233                                   
     7.5-180.0 180.0   5.0 450.0                            LAT/LON1/LON2/DLON/H
  243  250  254  258  267  270  277  283  291  297  304  309  318  329  344  358
  371  377  381  379  375  363  351  340  329  321  319  317  314  305  294  276
