data/unet/pred0190.15i
     1.0            IONOSPHERE MAPS     GNSS                IONEX VERSION / TYPE
pyspatialgeodesy        IME             05-JAN-18 20:20     PGM / RUN BY / DATE 
Map Name                                                    COMMENT             
Predicted global ionosphere maps (GIM).                     DESCRIPTION         
  2015     1    19     0     0     0                        EPOCH OF FIRST MAP  
  2015     1    20     0     0     0                        EPOCH OF LAST MAP   
  7200                                                      INTERVAL            
    13                                                      # OF MAPS IN FILE   
  NONE                                                      MAPPING FUNCTION    
10.0                                                        ELEVATION CUTOFF    
One-way carrier phase leveled to code                       OBSERVABLES USED    
  6371.0                                                    BASE RADIUS         
 2                                                          MAP DIMENSION       
   450.0 450.0   0.0                                        HGT1 / HGT2 / DHGT  
    87.5 -87.5  -2.5                                        LAT1 / LAT2 / DLAT  
  -180.0 180.0   5.0                                        LON1 / LON2 / DLON  
    -1                                                      EXPONENT            
                                                            END OF HEADER       
[from data line 4719]
    12                                                      START OF TEC MAP    
  2015     1    19    22     0     0                        EPOCH OF CURRENT MAP
    87.5-180.0 180.0   5.0 450.0                            LAT/LON1/LON2/DLON/H
  157  119  106  110  110  111  114  115  117  118  120  121  122  122  123  123
  122  123  123  123  121  122  121  121  118  119  117  117  114  114  112  112
  109  109  108  107  105  104  102  102  100  100   98   98   98   98   97   97
   96   97   96   96   96   97   96   96   96   96   96   95   96   95   95   95
   95   95   96   97   99   99  101  131  157                                   
    85.0-180.0 180.0   5.0 450.0                            LAT/LON1/LON2/DLON/H
  107   97   97  102  104  104  108  110  114  117  121  122  126  125  128  126
  128  125  127  124  124  121  121  118  116  113  111  109  107  104  102  100
   98   96   94   93   91   89   89   87   87   86   85   86   85   87   86   87
   86   88   87   89   88   90   88   89   88   88   87   86   86   84   84   82
   83   82   83   83   86   86   87  110  107                                   
    82.5-180.0 180.0   5.0 450.0                            LAT/LON1/LON2/DLON/H
   91   87   89   97   97  102  106  112  117  123  127  131  134  136  138  138
  138  136  134  132  128  126  122  119  114  112  108  105  101   98   95   92
   89   86   85   83   81   80   79   78   78   76   78   76   79   78   81   80
   83   83   85   85   87   86   87   85   86   84   84   82   81   79   78   77
   76   76   76   76   76   74   74   93   91                                   
    80.0-180.0 180.0   5.0 450.0                            LAT/LON1/LON2/DLON/H
   86   82   83   91   93  101  106  115  121  129  135  140  144  146  147  146
  145  140  136  130  126  118  113  109  105  101   97   95   92   90   87   86
   82   81   77   75   72   71   68   67   66   66   66   66   68   68   71   71
   74   75   78   79   81   82   82   82   82   81   80   79   77   75   73   72
   70   70   68   68   67   67   64   80   86                                   
    77.5-180.0 180.0   5.0 450.0                            LAT/LON1/LON2/DLON/H
   80   77   79   85   90   95  104  113  123  131  141  145  151  150  153  149
  146  137  131  121  113  104   98   91   87   82   81   78   77   75   75   73
   73   70   70   67   66   65   64   61   60   59   59   59   59   61   62   65
   67   69   71   74   75   76   77   77   77   76   75   73   71   69   67   64
   63   60   60   58   60   58   58   76   80                                   
    75.0-180.0 180.0   5.0 450.0                            LAT/LON1/LON2/DLON/H
   82   77   82   89   94  103  112  123  133  143  152  157  162  162  160  154
  145  133  121  106   94   83   72   66   61   60   56   58   57   61   60   63
   63   65   64   64   61   63   59   60   56   57   54   56   54   57   57   60
   62   65   67   70   71   74   74   75   74   75   72   71   69   67   64   62
   60   58   58   56   57   59   62   79   82                                   
    72.5-180.0 180.0   5.0 450.0                            LAT/LON1/LON2/DLON/H
   93   91   94  103  110  118  128  138  149  158  168  174  177  176  170  161
  148  134  116   99   83   72   59   53   46   46   43   45   46   51   53   55
   57   59   61   60   60   61   59   58   55   55   53   54   52   54   53   55
   56   59   61   63   65   67   67   68   68   67   66   64   62   60   58   56
   56   55   57   56   61   64   69   88   93                                   
    70.0-180.0 180.0   5.0 450.0                            LAT/LON1/LON2/DLON/H
  109  109  114  123  130  138  149  159  171  180  190  195  196  194  184  173
  156  138  117   98   82   66   53   45   39   36   35   36   38   43   45   49
   52   56   56   58   56   59   56   56   53   54   51   52   50   51   50   51
   52   52   55   56   59   59   60   60   61   60   59   58   57   55   54   54
   55   56   59   61   66   72   80  100  109                                   
    67.5-180.0 180.0   5.0 450.0                            LAT/LON1/LON2/DLON/H
  130  131  135  146  153  160  172  181  193  203  211  216  217  214  201  187
  168  149  127  106   88   72   58   51   43   41   37   39   37   41   42   46
   48   50   52   52   52   53   52   52   50   51   49   50   47   48   45   45
   44   44   45   47   48   49   50   50   50   50   49   49   48   48   48   49
   52   55   60   65   73   82   91  113  130                                   
    65.0-180.0 180.0   5.0 450.0                            LAT/LON1/LON2/DLON/H
  150  148  155  165  176  183  195  203  216  225  235  241  241  237  221  209
  188  169  148  125  106   86   73   62   52   44   40   36   35   36   37   38
   39   41   40   42   41   43   42   44   44   46   45   47   45   45   41   40
   37   37   36   37   38   38   39   39   40   40   39   39   39   40   41   44
   48   53   61   68   77   89  100  124  150                                   
    62.5-180.0 180.0   5.0 450.0                            LAT/LON1/LON2/DLON/H
  164  164  170  184  194  202  214  223  235  246  254  260  256  250  237  223
  203  184  163  144  122  103   88   74   63   51   46   39   37   32   33   30
   33   28   30   28   31   31   34   36   38   40   42   43   42   40   36   34
   30   28   27   26   27   28   29   30   31   31   30   31   32   34   35   39
   43   50   58   67   79   93  105  131  164                                   
    60.0-180.0 180.0   5.0 450.0                            LAT/LON1/LON2/DLON/H
  174  172  184  198  210  218  229  237  249  258  265  268  264  261  246  238
  217  204  180  163  142  120  103   86   72   59   49   41   35   29   27   26
   24   23   20   22   21   25   26   31   33   38   39   43   41   42   35   35
   27   27   22   23   21   23   23   26   26   27   26   28   28   29   32   35
   41   47   56   66   79   94  109  136  174                                   
    57.5-180.0 180.0   5.0 450.0                            LAT/LON1/LON2/DLON/H
  183  184  193  210  222  231  240  248  257  266  269  274  269  266  256  247
  231  217  197  180  160  140  118   99   83   67   57   46   40   32   29   25
   24   20   20   20   23   24   28   31   35   39   42   44   45   43   39   35
   29   27   23   23   21   23   24   27   28   29   28   29   29   31   32   36
   41   48   56   67   81   98  113  141  183                                   
    55.0-180.0 180.0   5.0 450.0                            LAT/LON1/LON2/DLON/H
  192  192  206  222  235  241  249  255  262  266  271  275  270  269  259  256
  242  234  214  200  178  158  136  115   97   80   70   57   53   43   41   37
   34   32   28   31   30   34   34   39   41   46   48   53   52   53   47   45
   37   36   30   30   27   31   30   34   33   36   33   35   34   35   37   40
   47   53   63   74   89  107  123  150  192                                   
    52.5-180.0 180.0   5.0 450.0                            LAT/LON1/LON2/DLON/H
  204  207  219  237  248  254  258  263  266  271  272  275  271  271  264  261
  252  243  228  212  194  174  153  133  113   96   86   74   68   60   56   50
   47   42   42   41   45   44   47   49   52   54   59   61   64   63   59   56
   50   47   43   42   40   41   42   45   45   45   42   42   42   42   44   48
   55   63   74   88  106  123  137  166  204                                   
    50.0-180.0 180.0   5.0 450.0                            LAT/LON1/LON2/DLON/H
  218  220  235  251  261  265  266  267  268  271  270  273  268  270  264  265
  256  251  234  224  206  190  169  152  132  115  104   92   88   77   72   67
   60   58   53   57   56   60   58   62   62   67   70   75   77   78   76   74
   67   66   60   59   56   58   56   59   57   57   53   53   52   52   54   59
   68   78   92  108  127  144  159  185  218                                   
    47.5-180.0 180.0   5.0 450.0                            LAT/LON1/LON2/DLON/H
  232  236  250  265  272  275  273  274  273  275  271  273  270  271  268  267
  260  251  239  227  215  202  186  171  154  137  126  114  107   95   89   79
   73   66   67   66   70   70   73   73   76   78   83   86   91   91   91   89
   85   83   79   77   75   74   74   74   72   70   65   64   61   61   64   69
   79   93  111  131  149  165  179  206  232                                   
    45.0-180.0 180.0   5.0 450.0                            LAT/LON1/LON2/DLON/H
  244  246  263  276  280  279  276  277  276  276  273  275  273  274  270  271
  263  255  241  232  223  213  200  189  173  158  144  131  120  106   95   85
   74   71   68   73   74   80   79   83   83   87   92   96  101  104  104  104
  100   99   95   93   90   90   87   86   83   79   74   72   69   69   72   79
   91  107  129  150  169  184  198  223  244                                   
    42.5-180.0 180.0   5.0 450.0                            LAT/LON1/LON2/DLON/H
  249  252  265  278  280  280  279  281  280  280  278  279  279  279  278  276
  270  257  246  234  230  222  214  203  190  173  158  141  128  110   97   83
   74   67   70   72   80   82   87   87   90   92   99  103  109  111  114  114
  113  111  108  104  101   99   97   94   90   85   79   77   74   74   77   84
   97  117  141  164  182  196  208  234  249                                   
    40.0-180.0 180.0   5.0 450.0                            LAT/LON1/LON2/DLON/H
  249  251  263  272  276  279  280  285  285  286  283  286  285  289  287  288
  280  270  254  247  240  236  227  217  201  182  162  143  126  107   91   78
   68   66   68   75   81   87   89   92   93   97  102  108  113  117  120  121
  121  119  116  112  109  105  102   98   93   87   81   80   77   77   80   88
  103  125  149  170  187  200  212  237  249                                   
    37.5-180.0 180.0   5.0 450.0                            LAT/LON1/LON2/DLON/H
  244  245  252  262  269  275  281  286  288  289  289  291  293  296  299  298
  294  281  270  259  253  245  237  222  206  184  163  141  123  103   89   77
   73   71   78   83   92   94   97   96   99  100  107  111  116  119  123  125
  125  123  120  116  112  109  105  101   95   90   84   83   80   81   84   92
  107  129  152  171  186  198  207  237  244                                   
    35.0-180.0 180.0   5.0 450.0                            LAT/LON1/LON2/DLON/H
  242  242  246  255  263  272  280  287  291  294  292  296  296  304  306  311
  305  298  285  278  267  259  247  229  207  183  160  138  122  106   97   92
   91   93  100  104  109  110  109  107  106  107  111  115  118  122  124  127
  126  125  121  118  113  111  108  103   97   91   84   84   81   83   86   96
  114  135  156  173  186  198  206  237  242                                   
    32.5-180.0 180.0   5.0 450.0                            LAT/LON1/LON2/DLON/H
  250  250  247  255  264  272  282  288  294  296  296  297  300  307  314  318
  318  310  302  292  283  271  254  231  205  180  160  143  132  125  125  124
  128  131  136  137  140  135  131  122  120  116  120  120  123  122  125  124
  123  120  117  114  111  110  107  104   97   92   85   85   83   86   91  104
  121  144  164  180  192  204  213  249  250                                   
    30.0-180.0 180.0   5.0 450.0                            LAT/LON1/LON2/DLON/H
  268  272  269  271  276  283  291  297  301  301  298  300  301  310  316  325
  325  324  313  308  295  282  259  233  207  183  165  156  156  158  166  174
  176  177  172  170  168  161  156  142  136  129  130  129  128  128  126  125
  120  118  113  113  111  112  110  107  101   96   90   90   90   94  101  116
  137  160  182  195  209  224  234  273  268                                   
    27.5-180.0 180.0   5.0 450.0                            LAT/LON1/LON2/DLON/H
  303  311  304  303  305  307  312  313  314  311  306  303  305  312  319  326
  330  328  322  314  303  287  261  234  212  194  185  184  195  209  227  242
  247  248  232  216  200  185  176  163  153  143  141  136  135  131  127  122
  116  112  107  106  105  107  108  105  100   96   91   91   92   99  109  129
  153  179  201  218  232  251  269  310  303                                   
    25.0-180.0 180.0   5.0 450.0                            LAT/LON1/LON2/DLON/H
  347  356  352  348  345  344  340  339  333  327  316  313  309  315  318  327
  329  331  324  319  305  289  263  240  221  213  211  224  246  274  301  326
  331  320  291  261  231  208  193  177  165  153  151  145  144  137  133  124
  118  112  106  104  104  106  106  105  102   98   96   97   98  105  118  141
  173  201  227  247  268  294  318  357  347                                   
    22.5-180.0 180.0   5.0 450.0                            LAT/LON1/LON2/DLON/H
  396  406  402  399  397  389  382  374  366  353  340  330  322  321  323  327
  330  329  325  318  307  291  271  255  247  247  258  278  309  346  384  407
  405  377  336  295  254  221  198  182  167  155  152  147  146  139  132  122
  114  107  103  101  102  103  102  100   96   95   97  101  106  115  131  159
  195  230  258  283  308  341  370  403  396                                   
    20.0-180.0 180.0   5.0 450.0                            LAT/LON1/LON2/DLON/H
  442  454  451  449  446  441  430  422  408  393  374  361  344  337  330  335
  333  334  326  323  310  300  284  282  279  290  304  337  371  413  450  463
  448  403  344  295  249  215  192  175  162  152  152  148  149  141  134  122
  114  105  101   98   99  100  100   96   94   91   93   98  103  116  136  173
  216  258  294  320  351  387  419  445  442                                   
    17.5-180.0 180.0   5.0 450.0                            LAT/LON1/LON2/DLON/H
  480  498  494  491  489  486  479  471  459  443  422  404  381  366  356  354
  351  348  340  334  323  315  308  312  320  342  365  395  427  462  489  489
  461  400  332  275  227  198  177  160  151  147  149  150  150  143  134  123
  113  104  100   95   95   94   94   92   88   87   87   92   98  114  138  182
  230  280  318  353  384  421  451  477  480                                   
    15.0-180.0 180.0   5.0 450.0                            LAT/LON1/LON2/DLON/H
  504  529  527  525  522  522  516  513  503  492  471  453  426  408  393  388
  382  377  364  357  344  338  336  352  372  398  418  439  459  479  489  474
  431  362  292  237  194  170  155  145  140  139  146  149  152  146  138  126
  117  107  102   97   96   95   94   91   88   86   85   89   93  112  139  191
  244  297  339  373  405  443  474  496  504                                   
    12.5-180.0 180.0   5.0 450.0                            LAT/LON1/LON2/DLON/H
  514  546  545  547  543  544  540  542  537  534  516  499  472  454  438  432
  424  416  402  392  380  378  384  405  427  449  459  461  463  463  455  426
  373  312  253  208  171  155  142  136  133  136  143  149  152  149  141  130
  119  110  104   99   96   93   92   88   87   86   85   88   94  114  147  202
  257  310  347  383  411  447  478  502  514                                   
    10.0-180.0 180.0   5.0 450.0                            LAT/LON1/LON2/DLON/H
  510  538  543  546  545  545  545  551  554  560  550  537  513  497  481  478
  470  461  446  437  427  428  439  461  482  491  483  465  445  423  395  357
  313  267  219  187  162  152  144  138  137  139  145  151  154  152  145  134
  123  115  110  104  101   96   96   93   94   91   91   92  102  123  163  218
  269  318  352  384  410  445  475  497  510                                   
     7.5-180.0 180.0   5.0 450.0                            LAT/LON1/LON2/DLON/H
  494  522  526  534  532  537  540  551  558  573  569  563  542  532  519  520
  513  508  494  486  481  485  496  511  521  515  491  453  413  374  337  306
