data/unet/pred3140.15i
     1.0            IONOSPHERE MAPS     GNSS                IONEX VERSION / TYPE
pyspatialgeodesy        IME             05-JAN-18 20:20     PGM / RUN BY / DATE 
Map Name                                                    COMMENT             
Predicted global ionosphere maps (GIM).                     DESCRIPTION         
  2015    11    10     0     0     0                        EPOCH OF FIRST MAP  
  2015    11    11     0     0     0                        EPOCH OF LAST MAP   
  7200                                                      INTERVAL            
    13                                                      # OF MAPS IN FILE   
  NONE                                                      MAPPING FUNCTION    
10.0                                                        ELEVATION CUTOFF    
One-way carrier phase leveled to code                       OBSERVABLES USED    
  6371.0                                                    BASE RADIUS         
 2                                                          MAP DIMENSION       
   450.0 450.0   0.0                                        HGT1 / HGT2 / DHGT  
    87.5 -87.5  -2.5                                        LAT1 / LAT2 / DLAT  
  -180.0 180.0   5.0                                        LON1 / LON2 / DLON  
    -1                                                      EXPONENT            
                                                            END OF HEADER       
     1                                                      START OF TEC MAP    
  2015    11    10     0     0     0                        EPOCH OF CURRENT MAP
    87.5-180.0 180.0   5.0 450.0                            LAT/LON1/LON2/DLON/H
  103   79   73   68   71   68   73   70   74   70   74   70   73   69   73   68
   72   67   71   66   70   65   69   64   68   63   66   62   65   61   64   60
   64   61   64   61   65   62   67   64   69   67   71   69   72   70   74   71
   74   72   74   72   74   71   73   71   72   70   72   69   71   68   71   67
   70   67   71   69   76   72   82   93  103                                   
    85.0-180.0 180.0   5.0 450.0                            LAT/LON1/LON2/DLON/H
   88   56   57   56   58   54   59   56   61   57   61   57   61   56   60   55
   58   53   56   51   53   48   50   45   47   43   43   39   40   37   38   36
   38   36   39   38   42   42   46   46   51   50   55   55   59   58   62   59
   63   60   64   60   64   60   64   60   63   60   63   59   62   58   62   57
   61   56   61   56   63   53   57   85   88                                   
    82.5-180.0 180.0   5.0 450.0                            LAT/LON1/LON2/DLON/H
   82   56   59   62   61   59   62   61   64   62   64   62   64   61   63   60
   60   56   57   53   53   48   48   43   43   38   37   33   33   29   31   27
   31   28   32   31   36   35   41   42   48   49   55   56   60   60   64   63
   65   64   66   65   66   65   66   65   66   64   66   64   66   64   67   64
   67   64   68   65   70   62   66   87   82                                   
    80.0-180.0 180.0   5.0 450.0                            LAT/LON1/LON2/DLON/H
   85   66   69   72   69   68   69   70   71   71   72   72   73   71   72   71
   70   67   66   63   61   57   55   51   48   43   41   37   35   32   31   29
   29   29   31   32   35   37   42   45   50   53   59   61   65   67   70   70
   71   70   71   70   70   69   69   69   69   69   69   69   70   71   73   74
   75   76   78   79   81   77   78   96   85                                   
    77.5-180.0 180.0   5.0 450.0                            LAT/LON1/LON2/DLON/H
   92   70   74   75   72   70   71   72   73   74   76   76   76   76   76   74
   73   70   68   66   63   60   58   54   50   46   42   38   34   31   29   27
   26   25   27   28   31   33   38   42   47   51   56   61   64   67   69   71
   70   71   70   70   68   68   67   67   66   66   66   67   67   69   71   73
   76   78   82   84   88   85   86  100   92                                   
    75.0-180.0 180.0   5.0 450.0                            LAT/LON1/LON2/DLON/H
   96   80   82   84   78   77   77   79   79   81   82   82   81   80   79   77
   74   71   70   68   66   65   62   60   56   52   48   44   39   35   33   30
   29   28   30   31   33   36   41   45   50   54   59   62   64   66   68   68
   68   67   66   66   64   64   63   63   61   62   62   63   63   66   69   72
   76   80   85   90   95   93   96  108   96                                   
    72.5-180.0 180.0   5.0 450.0                            LAT/LON1/LON2/DLON/H
  107   90   95   94   88   85   84   85   85   86   86   86   83   80   76   72
   67   64   63   61   61   61   61   60   58   55   52   48   44   40   38   36
   34   33   34   35   37   39   44   47   51   53   58   58   60   59   60   59
   59   58   57   57   56   55   55   55   55   55   57   58   60   62   66   69
   74   79   87   93  100  102  106  117  107                                   
    70.0-180.0 180.0   5.0 450.0                            LAT/LON1/LON2/DLON/H
  113  105  108  107   99   95   93   93   93   93   92   89   84   77   71   63
   58   53   53   52   54   55   57   58   58   57   55   53   49   47   44   42
   40   39   39   40   41   43   46   49   51   52   54   53   53   50   51   48
   48   47   48   47   48   48   49   51   52   54   56   59   61   63   67   70
   75   80   88   96  106  109  117  127  113                                   
    67.5-180.0 180.0   5.0 450.0                            LAT/LON1/LON2/DLON/H
  126  117  121  118  109  103  101  101  101  100   98   93   85   76   66   56
   48   43   43   42   46   48   53   54   57   57   57   56   53   51   50   47
   45   43   43   42   42   43   46   47   50   49   50   47   45   41   41   38
   38   37   40   39   41   42   46   48   52   55   59   62   66   68   71   73
   77   81   90   98  110  115  122  134  126                                   
    65.0-180.0 180.0   5.0 450.0                            LAT/LON1/LON2/DLON/H
  129  128  129  127  115  110  107  107  107  107  103   97   87   74   62   50
   42   37   36   37   40   44   48   52   54   56   56   57   55   55   53   51
   48   45   44   42   41   41   43   44   45   45   44   42   38   35   33   31
   31   31   33   35   38   40   44   48   54   59   65   70   74   77   79   80
   82   85   92  100  111  117  127  138  129                                   
    62.5-180.0 180.0   5.0 450.0                            LAT/LON1/LON2/DLON/H
  136  131  134  130  120  113  111  111  112  112  108  101   90   76   62   50
   41   35   35   35   39   41   46   48   51   52   53   54   54   53   51   49
   46   43   40   38   37   36   38   38   40   39   39   36   33   29   28   26
   26   27   30   32   35   38   44   48   56   62   69   76   82   85   88   88
   90   91   96  102  113  118  126  138  136                                   
    60.0-180.0 180.0   5.0 450.0                            LAT/LON1/LON2/DLON/H
  133  134  134  131  120  115  111  112  113  114  110  105   92   79   65   53
   44   39   37   37   39   40   42   43   45   46   47   49   49   50   49   47
   44   40   37   34   32   32   32   34   35   35   34   32   29   27   25   24
   25   25   28   30   34   36   42   47   56   63   73   82   90   95   99   99
  100  101  104  108  116  120  127  138  133                                   
    57.5-180.0 180.0   5.0 450.0                            LAT/LON1/LON2/DLON/H
  140  136  137  133  123  117  114  114  116  116  114  108   98   86   74   63
   56   50   47   45   44   43   42   41   41   41   42   44   45   46   46   43
   40   37   34   31   29   29   30   31   33   34   34   33   31   29   27   27
   27   28   30   32   35   37   42   46   56   65   76   86   97  104  109  113
  115  116  119  121  127  129  132  141  140                                   
    55.0-180.0 180.0   5.0 450.0                            LAT/LON1/LON2/DLON/H
  145  147  146  141  129  123  118  117  117  118  116  112  103   94   84   76
   69   63   58   53   48   44   40   37   37   37   38   40   43   45   45   44
   42   38   35   33   31   31   31   32   34   36   38   37   37   35   34   33
   33   33   35   35   37   37   41   46   56   66   79   91  105  114  123  129
  134  138  142  143  146  145  145  150  145                                   
    52.5-180.0 180.0   5.0 450.0                            LAT/LON1/LON2/DLON/H
  167  165  164  158  144  137  130  128  125  124  121  117  110  104   97   92
   85   79   71   63   54   46   40   36   35   36   38   40   44   47   47   46
   44   42   40   39   37   38   37   39   40   43   45   46   45   45   43   43
   41   41   41   41   42   42   44   49   58   70   83   97  111  124  136  147
  157  164  171  172  175  170  165  168  167                                   
    50.0-180.0 180.0   5.0 450.0                            LAT/LON1/LON2/DLON/H
  186  188  190  184  169  159  148  142  136  132  126  122  116  113  107  104
   98   90   79   68   56   46   39   36   36   37   40   44   48   51   52   51
   50   48   48   47   47   47   46   47   49   51   54   55   56   55   54   52
   51   49   50   48   49   49   51   56   66   76   91  105  122  136  153  168
  183  194  202  206  206  200  190  191  186                                   
    47.5-180.0 180.0   5.0 450.0                            LAT/LON1/LON2/DLON/H
  218  215  218  214  201  191  177  167  156  148  139  132  126  122  118  115
  108   99   85   71   58   49   43   40   41   43   47   49   53   54   54   54
   53   54   54   56   56   57   57   58   59   61   63   65   66   66   64   62
   60   59   59   59   60   61   62   68   76   88  100  116  132  150  169  189
  206  222  233  238  240  232  217  220  218                                   
    45.0-180.0 180.0   5.0 450.0                            LAT/LON1/LON2/DLON/H
  244  242  247  243  230  219  205  192  177  164  151  142  133  130  124  121
  111  101   86   72   60   53   49   49   51   53   55   57   58   58   56   54
   55   56   60   63   66   66   67   66   68   69   72   73   75   75   73   70
   69   68   69   71   73   75   78   83   93  103  115  129  147  166  188  209
  230  248  260  267  269  261  249  250  244                                   
    42.5-180.0 180.0   5.0 450.0                            LAT/LON1/LON2/DLON/H
  264  261  267  264  254  245  232  218  200  184  167  154  144  139  132  125
  114  102   87   74   65   60   59   60   62   63   63   62   61   59   55   54
   54   56   62   66   70   73   73   73   74   76   78   80   82   82   80   78
   77   77   78   81   85   90   94  101  109  120  131  145  162  182  204  227
  248  265  278  286  292  286  275  280  264                                   
    40.0-180.0 180.0   5.0 450.0                            LAT/LON1/LON2/DLON/H
  273  279  283  280  270  264  251  236  217  200  180  165  153  146  136  128
  115  103   89   80   73   73   73   74   74   72   68   65   61   57   53   50
   51   53   61   67   74   77   78   79   81   82   86   88   90   88   87   84
   84   84   87   92   98  104  109  117  127  136  149  163  181  201  222  244
  261  278  289  298  306  306  302  306  273                                   
    37.5-180.0 180.0   5.0 450.0                            LAT/LON1/LON2/DLON/H
  286  288  293  286  277  271  262  248  230  212  193  179  165  155  144  133
  121  109   98   91   89   89   89   88   85   79   72   67   62   57   53   50
   50   52   59   67   74   79   81   83   85   88   91   93   95   94   93   90
   89   89   93   98  105  112  119  128  140  151  165  181  199  219  239  257
  272  287  295  305  316  321  322  329  286                                   
    35.0-180.0 180.0   5.0 450.0                            LAT/LON1/LON2/DLON/H
  298  306  306  294  280  275  266  254  236  219  202  188  175  164  151  139
  127  118  110  107  105  106  103   99   91   83   74   68   64   61   57   54
   54   56   63   70   78   83   86   88   92   95  100  100  102   99   99   95
   95   93   97  101  108  114  123  133  147  161  178  193  213  234  254  271
  284  296  303  312  325  334  349  350  298                                   
    32.5-180.0 180.0   5.0 450.0                            LAT/LON1/LON2/DLON/H
  324  332  330  309  290  278  269  256  241  224  209  198  185  175  161  149
  138  131  126  124  122  119  112  104   94   85   78   75   73   73   72   71
   70   72   75   82   86   91   92   95   98  102  105  106  106  104  103  100
   99   96   98   99  105  110  120  131  148  165  184  203  225  249  270  289
  302  314  321  332  345  360  374  377  324                                   
    30.0-180.0 180.0   5.0 450.0                            LAT/LON1/LON2/DLON/H
  371  384  370  341  316  299  282  266  249  234  219  208  196  185  171  159
  150  145  141  138  132  125  114  103   94   89   87   90   94   99  101  101
  100   99  101  102  104  105  105  106  111  112  116  113  113  109  108  104
  103   98   98   95   98  102  112  125  143  163  184  207  231  259  285  309
  327  342  353  366  384  400  421  414  371                                   
    27.5-180.0 180.0   5.0 450.0                            LAT/LON1/LON2/DLON/H
  434  452  434  402  370  344  317  290  270  252  237  223  209  199  184  174
  164  159  152  145  134  123  109  101   96   99  105  116  127  138  143  146
  143  141  136  133  127  125  121  121  122  123  122  120  116  113  111  107
  106  100   98   93   92   94  106  119  139  161  185  211  239  269  302  334
  356  378  393  412  430  448  469  455  434                                   
    25.0-180.0 180.0   5.0 450.0                            LAT/LON1/LON2/DLON/H
  506  529  509  475  446  410  369  332  301  278  259  242  227  214  200  188
  177  169  158  145  130  114  103   99  105  118  135  151  167  181  190  193
  191  185  175  165  157  148  142  138  138  134  133  125  121  114  114  109
  109  102   99   92   89   90  101  117  138  161  186  215  246  281  322  359
  389  414  436  454  477  493  523  510  506                                   
    22.5-180.0 180.0   5.0 450.0                            LAT/LON1/LON2/DLON/H
  577  596  578  555  533  498  447  397  353  319  295  273  254  237  219  206
  190  178  159  141  120  106   99  106  123  147  170  195  212  230  238  244
  237  230  212  198  181  170  159  154  150  146  140  132  125  118  117  112
  111  104  101   93   91   92  105  124  148  173  200  230  264  299  343  384
  417  450  473  496  519  538  562  557  577                                   
    20.0-180.0 180.0   5.0 450.0                            LAT/LON1/LON2/DLON/H
  642  665  650  634  618  582  532  476  420  374  339  311  288  266  243  224
  205  185  159  136  116  104  107  124  153  187  217  246  265  280  287  289
  280  265  239  220  202  186  175  166  160  152  145  135  129  120  119  114
  113  107  103   96   94   98  115  139  164  195  224  256  291  326  368  407
  443  478  509  536  565  582  605  600  642                                   
    17.5-180.0 180.0   5.0 450.0                            LAT/LON1/LON2/DLON/H
  680  706  700  697  687  660  611  560  500  445  395  362  333  304  277  251
  225  200  168  142  123  119  129  157  193  231  264  286  300  308  311  311
  299  283  254  233  212  197  183  176  165  158  147  138  130  124  120  116
  114  109  105  100   99  109  130  160  189  224  257  288  321  354  389  430
  466  506  537  569  595  610  627  621  680                                   
    15.0-180.0 180.0   5.0 450.0                            LAT/LON1/LON2/DLON/H
  700  734  731  735  734  710  669  621  572  519  463  419  386  353  320  287
  254  222  191  165  152  154  173  206  244  281  305  318  322  323  321  318
  306  285  256  233  216  199  188  177  169  158  149  136  131  121  120  113
  111  106  102   99  103  118  146  179  214  252  288  319  349  378  413  452
  487  526  555  585  609  617  638  628  700                                   
    12.5-180.0 180.0   5.0 450.0                            LAT/LON1/LON2/DLON/H
  692  720  725  739  741  729  697  662  621  580  528  486  447  414  372  336
  297  265  231  212  203  212  232  266  300  323  332  330  326  321  319  314
  301  281  253  234  215  202  188  181  169  161  147  136  127  120  114  108
  105  101   97   98  106  125  158  193  232  272  309  338  366  393  422  459
  490  527  552  579  597  602  614  608  692                                   
    10.0-180.0 180.0   5.0 450.0                            LAT/LON1/LON2/DLON/H
  674  702  709  724  736  728  709  682  657  625  588  554  519  483  439  401
  359  325  295  280  278  289  312  336  354  358  348  333  323  317  315  311
  299  277  251  231  216  201  191  180  169  157  145  132  124  112  110  101
   99   94   92   95  107  127  162  198  239  277  316  346  375  404  434  467
  496  527  549  570  586  584  592  581  674                                   
     7.5-180.0 180.0   5.0 450.0                            LAT/LON1/LON2/DLON/H
  634  652  664  690  701  706  695  683  667  648  622  604  578  552  510  475
  432  403  374  365  365  378  388  397  393  374  348  326  316  312  314  313
