data/unet/pred1290.15i
     1.0            IONOSPHERE MAPS     GNSS                IONEX VERSION / TYPE
pyspatialgeodesy        IME             05-JAN-18 20:20     PGM / RUN BY / DATE 
Map Name                                                    COMMENT             
Predicted global ionosphere maps (GIM).                     DESCRIPTION         
  2015     5     9     0     0     0                        EPOCH OF FIRST MAP  
  2015     5    10     0     0     0                        EPOCH OF LAST MAP   
  7200                                                      INTERVAL            
    13                                                      # OF MAPS IN FILE   
  NONE                                                      MAPPING FUNCTION    
10.0                                                        ELEVATION CUTOFF    
One-way carrier phase leveled to code                       OBSERVABLES USED    
  6371.0                                                    BASE RADIUS         
 2                                                          MAP DIMENSION       
   450.0 450.0   0.0                                        HGT1 / HGT2 / DHGT  
    87.5 -87.5  -2.5                                        LAT1 / LAT2 / DLAT  
  -180.0 180.0   5.0                                        LON1 / LON2 / DLON  
    -1                                                      EXPONENT            
                                                            END OF HEADER       
     1                                                      START OF TEC MAP    
  2015     5     9     0     0     0                        EPOCH OF CURRENT MAP
    87.5-180.0 180.0   5.0 450.0                            LAT/LON1/LON2/DLON/H
  204  185  183  182  179  178  178  177  179  178  179  178  180  179  180  178
  180  179  181  181  183  184  186  186  188  187  188  186  186  184  184  181
  180  179  178  177  177  176  175  174  174  173  172  170  169  167  166  165
  166  165  167  166  168  168  170  170  173  173  174  174  177  177  178  178
  181  181  181  181  183  182  182  203  204                                   
    85.0-180.0 180.0   5.0 450.0                            LAT/LON1/LON2/DLON/H
  189  196  199  196  194  193  195  194  197  196  198  197  200  199  201  199
  201  199  201  199  201  200  201  199  199  197  196  193  192  190  188  187
  185  184  182  182  180  181  179  180  178  179  177  178  176  176  175  175
  176  176  177  178  180  182  183  184  187  188  189  189  192  193  194  194
  196  197  197  196  198  193  194  186  189                                   
    82.5-180.0 180.0   5.0 450.0                            LAT/LON1/LON2/DLON/H
  195  201  201  198  197  195  199  198  203  202  206  204  209  207  210  207
  209  206  208  204  206  202  202  198  197  192  190  186  184  180  179  176
  175  172  173  170  171  169  171  169  171  169  172  170  172  169  172  170
  174  173  177  176  182  181  187  186  192  191  195  193  199  198  201  200
  204  202  205  201  204  197  197  190  195                                   
    80.0-180.0 180.0   5.0 450.0                            LAT/LON1/LON2/DLON/H
  204  208  205  203  200  202  204  207  209  212  214  216  217  218  217  217
  216  215  214  212  210  208  206  202  198  194  190  186  181  178  175  173
  170  168  167  166  165  166  166  166  167  167  168  169  169  170  170  172
  173  176  178  180  183  186  188  191  194  197  198  201  203  206  206  209
  210  212  211  210  210  206  204  199  204                                   
    77.5-180.0 180.0   5.0 450.0                            LAT/LON1/LON2/DLON/H
  215  213  208  206  203  206  207  212  213  217  219  222  222  222  220  218
  216  214  213  211  209  207  205  202  199  195  191  186  182  178  176  173
  171  169  168  167  167  167  168  168  169  170  171  171  171  171  172  173
  175  177  179  181  184  187  189  192  194  198  199  202  204  207  207  211
  212  215  213  215  213  210  208  205  215                                   
    75.0-180.0 180.0   5.0 450.0                            LAT/LON1/LON2/DLON/H
  222  217  214  209  207  208  212  213  218  220  224  225  225  222  221  215
  213  208  208  204  204  200  200  196  195  191  189  185  180  178  175  173
  171  170  168  168  167  168  168  169  169  170  170  171  170  170  171  171
  173  174  177  178  182  183  187  189  193  195  198  199  203  205  208  210
  213  216  217  219  219  216  213  213  222                                   
    72.5-180.0 180.0   5.0 450.0                            LAT/LON1/LON2/DLON/H
  229  221  217  212  208  209  211  215  218  223  226  228  226  223  220  214
  209  205  202  199  197  196  195  193  191  188  186  183  180  176  175  172
  171  168  167  166  165  165  165  165  166  166  167  168  169  169  169  170
  171  172  174  176  178  180  183  185  188  190  191  193  196  198  201  204
  208  212  215  219  222  222  219  223  229                                   
    70.0-180.0 180.0   5.0 450.0                            LAT/LON1/LON2/DLON/H
  233  224  223  217  211  212  215  219  224  229  233  234  232  229  223  216
  210  204  202  198  196  194  194  192  190  188  185  182  178  176  172  171
  167  165  162  161  159  159  158  158  158  160  160  163  164  165  166  167
  168  169  172  174  176  178  181  182  185  186  188  188  192  193  196  199
  204  209  213  219  223  225  223  232  233                                   
    67.5-180.0 180.0   5.0 450.0                            LAT/LON1/LON2/DLON/H
  237  227  226  220  213  214  216  222  227  234  238  241  238  236  229  223
  215  210  206  202  200  199  197  196  193  189  186  181  178  174  171  168
  164  161  156  154  150  149  147  147  146  147  148  151  153  156  158  160
  163  165  169  171  174  177  179  181  184  184  186  186  188  188  191  193
  198  204  211  218  226  229  229  239  237                                   
    65.0-180.0 180.0   5.0 450.0                            LAT/LON1/LON2/DLON/H
  240  230  231  224  216  216  218  224  230  238  242  247  244  242  235  230
  222  217  214  211  207  207  203  202  196  193  186  182  177  175  169  167
  160  156  149  145  140  137  134  133  133  134  135  138  141  145  149  153
  158  162  167  171  176  178  181  182  186  186  187  185  186  186  187  189
  194  199  206  215  223  228  231  244  240                                   
    62.5-180.0 180.0   5.0 450.0                            LAT/LON1/LON2/DLON/H
  241  232  233  227  219  217  217  223  229  238  243  248  248  247  241  238
  232  228  225  222  220  218  215  211  205  198  191  184  179  174  170  164
  157  150  142  135  128  123  119  117  117  118  118  122  126  131  137  143
  151  157  165  170  177  180  184  186  190  190  191  189  190  188  189  189
  192  196  204  213  223  229  232  245  241                                   
    60.0-180.0 180.0   5.0 450.0                            LAT/LON1/LON2/DLON/H
  240  233  236  229  220  217  217  222  228  237  242  249  250  252  248  248
  243  244  239  240  235  235  229  224  214  206  196  190  181  177  170  165
  156  148  137  128  119  113  109  107  107  107  109  111  116  121  129  137
  146  153  163  170  179  183  189  192  197  197  198  197  197  196  196  195
  197  199  204  212  220  227  232  246  240                                   
    57.5-180.0 180.0   5.0 450.0                            LAT/LON1/LON2/DLON/H
  240  235  238  232  222  217  216  220  224  232  237  245  248  253  254  256
  256  257  256  256  253  250  246  238  229  217  207  197  189  181  174  165
  156  145  135  124  115  108  104  102  102  101  102  104  108  115  123  132
  143  152  163  171  181  186  195  199  206  209  211  211  211  210  209  209
  209  209  212  216  225  229  234  246  240                                   
    55.0-180.0 180.0   5.0 450.0                            LAT/LON1/LON2/DLON/H
  240  236  243  237  228  222  220  222  224  229  233  239  244  253  257  264
  265  270  269  272  268  266  260  254  242  231  216  207  195  188  178  170
  158  148  137  126  117  111  106  105  104  104  103  104  107  112  120  130
  141  150  162  171  182  190  201  210  218  224  228  230  230  231  228  228
  225  225  223  227  231  235  239  253  240                                   
    52.5-180.0 180.0   5.0 450.0                            LAT/LON1/LON2/DLON/H
  245  244  251  248  240  234  230  230  228  229  229  234  239  249  258  267
  274  278  281  281  281  277  274  266  257  243  232  218  208  197  187  176
  165  153  143  132  125  118  115  113  112  110  109  108  110  114  121  129
  141  151  163  173  185  195  209  221  233  243  251  254  257  255  255  251
  249  244  242  242  245  246  250  261  245                                   
    50.0-180.0 180.0   5.0 450.0                            LAT/LON1/LON2/DLON/H
  255  259  268  267  261  255  252  247  243  237  233  234  237  247  257  269
  275  280  281  284  284  284  282  277  267  256  242  231  217  207  194  183
  170  159  150  141  135  131  127  125  123  121  118  116  115  117  122  130
  140  150  162  173  187  200  217  233  248  262  269  276  277  278  276  274
  269  266  262  262  263  262  263  275  255                                   
    47.5-180.0 180.0   5.0 450.0                            LAT/LON1/LON2/DLON/H
  269  276  286  290  287  282  277  271  262  253  242  238  238  246  257  267
  275  278  281  282  286  288  290  285  278  266  255  242  230  216  203  189
  176  164  155  149  145  142  140  137  135  131  127  123  122  122  126  132
  141  150  162  173  189  203  225  242  263  274  286  289  295  292  294  290
  289  285  283  281  283  280  279  287  269                                   
    45.0-180.0 180.0   5.0 450.0                            LAT/LON1/LON2/DLON/H
  286  298  308  313  313  310  308  300  290  276  260  251  246  251  258  267
  270  273  275  280  286  292  295  295  287  279  265  254  239  225  209  193
  177  165  159  154  153  151  150  147  145  140  137  131  129  128  131  135
  142  149  160  172  189  206  230  251  271  287  296  302  304  304  303  302
  302  302  301  303  305  302  300  305  286                                   
    42.5-180.0 180.0   5.0 450.0                            LAT/LON1/LON2/DLON/H
  305  316  325  332  335  335  333  327  317  301  284  270  262  262  265  270
  273  275  278  284  293  300  306  303  298  286  274  260  246  228  211  192
  177  164  158  155  156  155  155  153  150  147  143  138  135  134  135  138
  143  149  159  170  188  207  233  255  278  292  303  306  310  308  310  308
  311  313  316  318  323  319  320  322  305                                   
    40.0-180.0 180.0   5.0 450.0                            LAT/LON1/LON2/DLON/H
  326  338  346  351  355  356  356  352  344  330  310  295  284  281  280  281
  281  284  288  297  307  316  319  316  306  294  279  265  248  230  211  192
  176  162  158  155  158  157  159  156  156  151  149  144  142  139  141  141
  144  149  157  168  185  204  232  255  280  296  306  313  316  318  318  320
  323  328  332  337  344  342  345  345  326                                   
    37.5-180.0 180.0   5.0 450.0                            LAT/LON1/LON2/DLON/H
  354  368  374  374  376  375  375  371  366  351  335  319  310  303  301  299
  300  302  309  318  328  334  333  325  313  297  281  265  248  230  210  192
  175  164  159  159  161  163  165  164  163  160  157  154  150  147  145  144
  145  147  153  161  177  196  222  246  272  289  303  310  317  321  326  330
  336  342  349  355  366  366  369  368  354                                   
    35.0-180.0 180.0   5.0 450.0                            LAT/LON1/LON2/DLON/H
  391  409  408  405  401  399  397  394  389  376  361  347  336  329  325  322
  321  325  332  342  349  351  345  334  317  300  284  268  252  233  215  196
  182  169  167  166  170  170  176  173  175  170  171  165  160  154  152  150
  149  149  151  157  171  188  213  238  263  281  299  314  327  337  345  352
  360  370  378  389  402  404  414  402  391                                   
    32.5-180.0 180.0   5.0 450.0                            LAT/LON1/LON2/DLON/H
  439  453  451  445  436  432  426  421  413  400  386  373  363  357  351  347
  345  349  356  363  367  364  352  336  319  302  287  274  258  242  223  209
  194  185  181  183  187  191  194  195  194  193  190  185  176  168  161  157
  153  150  147  151  161  177  200  224  250  268  288  306  328  345  360  374
  385  398  409  425  440  446  451  443  439                                   
    30.0-180.0 180.0   5.0 450.0                            LAT/LON1/LON2/DLON/H
  493  509  506  498  490  481  473  465  452  437  420  407  396  390  382  376
  372  376  380  387  383  374  357  340  324  309  298  288  278  263  245  226
  215  204  203  202  207  208  213  211  215  212  213  205  195  182  174  166
  159  153  146  147  153  168  190  217  243  265  288  309  337  359  379  400
  414  429  444  460  480  485  502  491  493                                   
    27.5-180.0 180.0   5.0 450.0                            LAT/LON1/LON2/DLON/H
  546  559  561  557  551  545  534  521  504  486  464  451  436  429  415  409
  400  402  402  403  394  380  361  345  331  323  314  311  301  289  271  252
  238  226  222  220  222  223  226  228  231  233  231  224  211  196  182  172
  161  152  142  140  144  158  180  207  232  258  282  307  334  362  385  412
  429  452  468  492  511  522  536  538  546                                   
    25.0-180.0 180.0   5.0 450.0                            LAT/LON1/LON2/DLON/H
  595  613  616  619  622  621  611  600  575  552  523  504  485  474  457  447
  434  431  423  420  404  389  371  360  354  350  347  343  334  317  297  272
  255  239  233  229  228  230  233  238  243  245  245  237  224  207  190  177
  164  150  139  133  139  152  176  203  233  259  290  316  348  374  404  429
  454  478  500  523  547  554  582  587  595                                   
    22.5-180.0 180.0   5.0 450.0                            LAT/LON1/LON2/DLON/H
  635  649  658  665  670  673  672  665  644  617  584  558  536  520  501  485
  467  456  442  431  413  399  384  384  383  386  381  374  358  337  310  277
  257  238  232  226  225  227  231  239  243  248  247  240  225  208  189  175
  158  144  129  124  134  147  174  201  231  261  291  321  351  386  415  445
  471  500  521  544  567  579  611  620  635                                   
    20.0-180.0 180.0   5.0 450.0                            LAT/LON1/LON2/DLON/H
  656  671  684  701  715  725  730  726  710  687  651  620  590  571  547  529
  505  487  467  451  431  420  414  419  426  426  419  399  372  339  307  268
  248  229  222  220  218  223  226  234  237  243  242  237  223  205  188  172
  159  140  129  121  134  150  177  206  240  270  304  333  371  400  438  464
  494  521  545  565  587  595  641  649  656                                   
    17.5-180.0 180.0   5.0 450.0                            LAT/LON1/LON2/DLON/H
  663  674  692  710  731  751  765  767  753  731  701  669  642  617  590  568
  542  518  492  472  450  444  439  452  453  452  433  402  363  325  286  251
  233  218  214  213  211  216  218  225  225  229  226  223  209  196  180  169
  155  139  126  117  129  146  179  210  245  278  309  345  381  416  448  479
  506  534  557  577  594  605  646  658  663                                   
    15.0-180.0 180.0   5.0 450.0                            LAT/LON1/LON2/DLON/H
  665  676  689  710  733  759  782  795  790  768  739  711  687  664  636  610
  582  555  528  504  484  477  480  489  486  470  437  390  342  297  262  233
  223  216  215  215  212  215  215  216  213  214  212  209  200  187  176  164
  154  138  128  119  132  151  187  219  257  285  321  352  396  428  464  490
  520  548  575  593  609  618  658  666  665                                   
    12.5-180.0 180.0   5.0 450.0                            LAT/LON1/LON2/DLON/H
  661  673  685  701  719  745  771  795  798  785  762  736  718  699  676  650
  620  592  561  536  513  509  508  509  491  453  408  352  306  264  238  221
  218  217  222  223  220  220  215  211  203  200  197  194  186  176  165  154
  145  132  122  115  130  151  190  227  262  293  326  364  401  437  466  495
  520  558  582  606  618  629  656  665  661                                   
    10.0-180.0 180.0   5.0 450.0                            LAT/LON1/LON2/DLON/H
  666  677  686  701  715  739  759  786  794  786  772  753  740  725  708  684
  657  626  596  570  550  545  537  527  488  430  371  311  273  237  225  218
  223  227  235  237  234  229  219  209  196  189  185  180  173  161  152  140
  135  124  116  114  127  151  189  226  263  293  328  368  412  447  480  503
  536  569  600  622  638  646  668  664  666                                   
     7.5-180.0 180.0   5.0 450.0                            LAT/LON1/LON2/DLON/H
  671  686  691  703  713  731  745  769  778  777  768  757  748  738  724  705
  682  656  626  601  576  566  545  512  454  380  320  274  245  224  225  226
