data/unet/pred2760.15i
     1.0            IONOSPHERE MAPS     GNSS                IONEX VERSION / TYPE
pyspatialgeodesy        IME             05-JAN-18 20:20     PGM / RUN BY / DATE 
Map Name                                                    COMMENT             
Predicted global ionosphere maps (GIM).                     DESCRIPTION         
  2015    10     3     0     0     0                        EPOCH OF FIRST MAP  
  2015    10     4     0     0     0                        EPOCH OF LAST MAP   
  7200                                                      INTERVAL            
    13                                                      # OF MAPS IN FILE   
  NONE                                                      MAPPING FUNCTION    
10.0                                                        ELEVATION CUTOFF    
One-way carrier phase leveled to code                       OBSERVABLES USED    
  6371.0                                                    BASE RADIUS         
 2                                                          MAP DIMENSION       
   450.0 450.0   0.0                                        HGT1 / HGT2 / DHGT  
    87.5 -87.5  -2.5                                        LAT1 / LAT2 / DLAT  
  -180.0 180.0   5.0                                        LON1 / LON2 / DLON  
    -1                                                      EXPONENT            
                                                            END OF HEADER       
[from data line 4290]
    11                                                      START OF TEC MAP    
  2015    10     3    20     0     0                        EPOCH OF CURRENT MAP
    87.5-180.0 180.0   5.0 450.0                            LAT/LON1/LON2/DLON/H
  151  125  107  115  112  114  113  117  116  119  119  122  122  125  124  127
  126  128  126  128  125  127  123  125  120  122  118  120  116  118  114  115
  111  113  109  110  107  109  105  107  104  106  103  104  102  104  102  103
  102  103  101  102  101  102  100  101  100  102  100  102  101  103  101  103
  101  103  101  103  105  107  102  138  151                                   
    85.0-180.0 180.0   5.0 450.0                            LAT/LON1/LON2/DLON/H
   97   97   98  104  106  106  110  112  115  117  120  123  126  127  129  130
  132  132  133  132  132  130  129  128  126  124  122  121  118  116  114  112
  109  107  105  102  101   98   97   94   94   91   92   89   91   88   91   87
   91   87   91   87   91   87   92   88   92   88   93   89   93   90   94   91
   94   91   94   92   97   93   92  113   97                                   
    82.5-180.0 180.0   5.0 450.0                            LAT/LON1/LON2/DLON/H
   83   83   89   94   96   99  102  108  112  118  121  127  129  135  135  140
  139  142  140  142  138  139  135  135  130  130  125  125  119  120  113  114
  107  108  102  103   96   98   92   93   88   91   86   88   84   87   84   85
   83   85   82   85   83   85   83   85   82   85   82   85   82   85   82   84
   81   84   81   83   82   80   78   88   83                                   
    80.0-180.0 180.0   5.0 450.0                            LAT/LON1/LON2/DLON/H
   72   69   73   77   81   84   90   95  102  107  115  121  127  131  136  138
  140  140  141  139  138  135  132  128  125  121  119  115  112  109  106  103
  100   96   94   91   88   85   83   80   79   77   77   74   75   74   75   73
   75   73   75   73   75   73   75   72   74   71   73   70   71   68   69   67
   67   65   65   63   65   62   61   71   72                                   
    77.5-180.0 180.0   5.0 450.0                            LAT/LON1/LON2/DLON/H
   58   59   61   67   69   75   82   89   97  105  113  120  127  132  137  139
  140  140  139  137  134  131  126  123  118  114  111  107  103  100   97   94
   90   88   85   83   79   77   74   72   70   69   67   67   67   68   68   69
   69   70   70   69   69   68   68   67   66   65   65   63   63   61   61   60
   59   57   56   55   54   53   54   58   58                                   
    75.0-180.0 180.0   5.0 450.0                            LAT/LON1/LON2/DLON/H
   52   53   57   63   66   73   78   86   94  103  113  122  130  136  140  143
  142  142  139  135  131  126  121  116  112  107  103  100   96   93   89   88
   84   83   80   78   73   72   68   67   63   63   62   62   62   63   64   66
   67   67   68   67   67   65   65   63   62   60   60   59   58   57   57   56
   55   54   53   51   52   49   53   58   52                                   
    72.5-180.0 180.0   5.0 450.0                            LAT/LON1/LON2/DLON/H
   54   57   60   66   68   75   81   89   98  108  119  128  136  141  146  146
  146  142  139  133  128  122  117  112  106  102   97   94   90   87   84   82
   80   79   76   74   71   69   64   62   59   59   57   57   58   60   61   63
   64   66   65   65   63   62   60   59   56   56   54   54   53   54   54   54
   53   53   53   52   51   52   57   58   54                                   
    70.0-180.0 180.0   5.0 450.0                            LAT/LON1/LON2/DLON/H
   62   64   68   72   76   81   87   93  102  111  122  132  140  145  149  149
  147  144  138  132  126  119  115  108  104   99   95   91   86   84   81   80
   77   76   73   72   68   66   61   58   55   54   54   54   55   57   59   61
   63   64   64   63   61   58   56   53   52   50   50   50   51   51   53   52
   54   53   55   54   56   56   62   66   62                                   
    67.5-180.0 180.0   5.0 450.0                            LAT/LON1/LON2/DLON/H
   73   75   76   83   85   90   95  102  110  119  130  139  148  151  155  153
  151  145  141  134  128  122  117  112  106  100   94   89   83   80   77   75
   73   72   69   68   64   62   57   55   51   51   49   50   51   54   56   58
   59   60   58   57   54   51   47   46   43   43   42   44   45   47   48   50
   51   53   54   56   58   61   68   70   73                                   
    65.0-180.0 180.0   5.0 450.0                            LAT/LON1/LON2/DLON/H
   81   83   86   92   95   98  103  109  116  125  134  144  150  155  157  156
  153  149  144  139  132  127  123  117  111  103   98   92   86   82   79   76
   73   71   67   66   60   58   53   51   48   48   47   48   50   52   55   56
   57   57   55   52   48   45   41   38   37   37   37   39   41   43   47   47
   51   51   55   56   61   64   73   80   81                                   
    62.5-180.0 180.0   5.0 450.0                            LAT/LON1/LON2/DLON/H
   87   92   92  100  103  108  112  117  125  131  141  149  156  159  162  160
  160  154  153  147  145  138  134  127  121  112  105   97   90   85   80   76
   73   71   65   64   58   55   50   48   45   45   44   45   46   49   50   52
   51   51   47   44   40   36   32   30   30   30   32   34   36   39   41   44
   46   48   51   54   58   65   75   81   87                                   
    60.0-180.0 180.0   5.0 450.0                            LAT/LON1/LON2/DLON/H
   89   94   98  107  110  115  118  123  128  134  141  151  156  161  162  164
  163  162  160  158  155  152  146  139  132  121  114  105  100   93   90   83
   79   73   68   64   59   55   50   48   45   45   45   46   47   48   50   50
   49   47   44   40   36   32   29   28   29   30   32   34   37   39   42   42
   47   47   52   53   60   65   77   87   89                                   
    57.5-180.0 180.0   5.0 450.0                            LAT/LON1/LON2/DLON/H
   92  100  101  112  117  123  127  130  136  141  148  155  162  166  169  170
  172  171  172  171  171  166  163  153  145  134  127  117  114  106  102   94
   88   81   74   69   64   60   55   53   51   51   50   51   51   52   51   51
   48   46   41   38   34   32   30   30   32   34   37   39   41   42   44   44
   47   49   52   56   60   67   77   88   92                                   
    55.0-180.0 180.0   5.0 450.0                            LAT/LON1/LON2/DLON/H
   94  103  108  119  124  131  134  138  141  146  152  159  165  170  173  177
  178  180  181  182  180  178  173  164  154  145  139  132  130  124  120  110
  103   92   84   78   72   68   64   62   61   61   61   61   61   60   58   55
   52   48   45   41   39   38   38   40   43   46   49   51   51   52   51   50
   53   54   58   60   67   70   82   96   94                                   
    52.5-180.0 180.0   5.0 450.0                            LAT/LON1/LON2/DLON/H
  102  112  115  128  135  142  147  149  154  157  163  170  176  182  185  188
  189  191  192  193  192  187  183  173  165  155  152  148  148  143  140  127
  118  106   97   89   84   80   77   76   76   76   76   77   74   72   67   63
   58   55   51   48   47   47   49   52   57   61   64   64   65   62   61   58
   61   62   68   71   76   81   90  105  102                                   
    50.0-180.0 180.0   5.0 450.0                            LAT/LON1/LON2/DLON/H
  110  122  129  142  150  156  161  163  167  170  175  180  187  192  196  199
  201  201  202  200  199  193  187  178  170  164  162  162  163  160  156  143
  132  118  108  100   96   92   91   91   90   93   93   94   91   87   82   76
   72   67   65   62   61   62   65   68   75   79   81   81   79   76   74   72
   73   75   81   85   91   96  104  120  110                                   
    47.5-180.0 180.0   5.0 450.0                            LAT/LON1/LON2/DLON/H
  129  140  145  160  169  176  181  184  188  191  196  201  206  212  214  218
  217  216  212  210  205  200  192  184  179  174  176  176  179  174  168  155
  142  126  117  109  107  104  105  103  106  106  109  109  106  102   95   89
   84   80   77   75   74   74   78   82   89   93   95   93   91   86   84   80
   83   85   92   99  107  113  118  135  129                                   
    45.0-180.0 180.0   5.0 450.0                            LAT/LON1/LON2/DLON/H
  142  155  164  179  188  197  202  205  209  213  218  221  226  230  232  234
  234  228  225  218  213  204  198  189  185  183  185  186  186  181  172  159
  145  130  121  115  115  113  115  116  116  120  120  122  119  115  108  102
   97   93   91   88   86   85   89   92  100  103  106  105  103   97   95   93
   94  100  107  116  124  132  136  153  142                                   
    42.5-180.0 180.0   5.0 450.0                            LAT/LON1/LON2/DLON/H
  162  170  181  196  207  216  222  228  234  240  244  248  253  255  256  256
  253  246  237  230  221  214  206  200  196  195  195  194  190  181  170  155
  142  128  123  118  120  119  123  121  125  124  128  128  126  122  116  110
  106  103   99   96   92   91   92   97  102  108  109  108  106  101   99   96
   99  103  114  123  135  144  148  165  162                                   
    40.0-180.0 180.0   5.0 450.0                            LAT/LON1/LON2/DLON/H
  173  184  195  211  220  229  238  245  254  260  265  268  274  273  274  271
  269  260  251  241  235  225  219  211  209  205  203  196  189  176  164  149
  138  127  124  122  126  126  130  128  129  129  132  132  131  126  122  115
  113  107  105   98   95   90   93   95  102  106  110  110  110  107  105  103
  105  110  120  131  142  153  159  173  173                                   
    37.5-180.0 180.0   5.0 450.0                            LAT/LON1/LON2/DLON/H
  186  191  202  218  228  238  248  259  270  279  286  290  297  294  295  290
  288  277  267  256  249  241  233  226  222  217  210  200  186  171  158  145
  136  129  129  130  135  134  138  134  134  131  134  133  132  128  124  119
  115  110  105   98   92   88   88   92   96  101  103  106  106  104  103  100
  104  107  120  130  144  156  160  175  186                                   
    35.0-180.0 180.0   5.0 450.0                            LAT/LON1/LON2/DLON/H
  191  200  210  224  234  242  256  267  281  291  301  306  315  312  313  307
  305  294  285  274  268  257  251  241  237  227  220  204  190  172  162  151
  148  143  146  148  153  151  153  146  144  139  140  136  135  130  126  119
  115  108  103   94   89   85   87   88   92   96   99  104  105  107  105  104
  106  112  123  133  148  160  168  181  191                                   
    32.5-180.0 180.0   5.0 450.0                            LAT/LON1/LON2/DLON/H
  199  201  209  224  235  244  255  269  286  300  313  322  334  331  335  326
  324  312  305  293  286  275  267  256  250  240  230  215  200  184  176  171
  172  171  173  173  174  171  168  158  154  147  145  141  138  132  128  121
  114  106   97   88   83   80   81   84   87   91   93   97   99  103  102  102
  105  109  122  133  149  161  167  185  199                                   
    30.0-180.0 180.0   5.0 450.0                            LAT/LON1/LON2/DLON/H
  203  209  218  230  238  246  258  271  291  306  322  334  348  349  354  346
  343  331  323  312  304  291  281  268  263  253  247  233  223  210  209  207
  214  212  212  207  201  193  186  174  167  160  156  151  147  141  135  127
  119  109   99   90   84   83   84   88   91   93   94   99  102  106  107  108
  108  115  128  141  158  171  182  199  203                                   
    27.5-180.0 180.0   5.0 450.0                            LAT/LON1/LON2/DLON/H
  215  213  221  233  242  249  258  272  292  310  330  345  362  367  374  368
  366  350  342  328  320  304  292  280  276  270  268  260  255  250  255  258
  268  265  257  243  229  212  203  188  181  171  168  159  156  146  141  131
  123  112  100   91   85   84   85   88   90   91   91   97   99  104  106  108
  110  116  130  145  164  181  193  213  215                                   
    25.0-180.0 180.0   5.0 450.0                            LAT/LON1/LON2/DLON/H
  229  230  240  249  255  260  267  279  298  317  337  356  373  381  390  389
  386  371  361  344  336  317  306  292  292  291  293  291  294  297  308  318
  326  321  304  277  250  230  215  204  195  190  183  178  169  162  153  144
  135  123  110  100   94   95   97   97   99   96   96   97  101  105  108  112
  116  125  140  157  179  195  213  228  229                                   
    22.5-180.0 180.0   5.0 450.0                            LAT/LON1/LON2/DLON/H
  249  247  258  268  272  275  278  289  307  329  349  368  388  397  409  412
  414  397  388  366  359  335  326  310  314  314  321  324  334  345  362  371
  377  367  342  303  263  235  224  210  206  198  195  185  180  169  162  151
  141  130  118  111  109  111  113  112  111  105   98  100  100  104  106  111
  117  127  144  162  183  204  223  241  249                                   
    20.0-180.0 180.0   5.0 450.0                            LAT/LON1/LON2/DLON/H
  261  262  278  286  290  293  294  306  321  342  358  379  396  411  426  432
  435  423  416  395  386  362  352  337  342  341  351  358  372  388  404  411
  409  392  361  313  265  237  222  216  209  209  201  197  187  180  171  162
  152  141  131  124  123  123  125  121  118  111  101  103  100  106  106  114
  120  135  151  172  190  208  227  246  261                                   
    17.5-180.0 180.0   5.0 450.0                            LAT/LON1/LON2/DLON/H
  267  272  292  303  309  315  318  326  339  357  373  394  417  437  457  462
  469  459  453  435  426  400  394  375  380  376  386  391  407  419  428  427
  418  394  358  308  262  232  222  213  209  204  199  191  187  179  176  166
  161  150  143  136  136  137  136  132  126  117  109  106  102  103  105  111
  118  133  152  172  191  211  229  253  267                                   
    15.0-180.0 180.0   5.0 450.0                            LAT/LON1/LON2/DLON/H
  272  281  306  321  331  344  347  358  365  383  394  421  444  474  490  500
  505  501  494  478  465  445  435  420  422  417  419  418  425  430  431  424
  407  378  336  289  249  225  212  208  201  198  191  186  182  180  177  174
  167  162  157  152  151  151  147  143  134  130  115  114  102  105  103  112
  117  135  154  178  193  212  232  254  272                                   
    12.5-180.0 180.0   5.0 450.0                            LAT/LON1/LON2/DLON/H
  272  287  315  332  349  368  375  386  394  409  427  452  485  513  536  546
  556  553  549  532  524  500  490  473  473  459  457  444  444  438  431  414
  393  357  318  276  248  227  218  208  206  195  192  183  183  179  181  176
  175  169  168  164  165  162  155  146  138  128  118  107  101   98  100  106
  115  130  148  173  191  211  229  257  272                                   
    10.0-180.0 180.0   5.0 450.0                            LAT/LON1/LON2/DLON/H
  278  295  324  344  364  389  397  414  422  441  456  490  519  551  565  581
  593  593  593  579  578  555  541  517  507  486  474  454  445  429  416  397
  372  335  302  270  253  236  227  215  207  196  190  182  180  180  183  182
  183  179  179  175  173  166  156  146  134  125  112  106   96   97   98  106
  114  128  147  170  187  206  226  253  278                                   
     7.5-180.0 180.0   5.0 450.0                            LAT/LON1/LON2/DLON/H
  281  306  333  352  377  407  421  435  448  464  487  518  550  570  590  606
  625  634  640  632  633  616  594  563  541  519  496  470  449  429  410  390
