data/unet/pred0530.15i
     1.0            IONOSPHERE MAPS     GNSS                IONEX VERSION / TYPE
pyspatialgeodesy        IME             05-JAN-18 20:20     PGM / RUN BY / DATE 
Map Name                                                    COMMENT             
Predicted global ionosphere maps (GIM).                     DESCRIPTION         
  2015     2    22     0     0     0                        EPOCH OF FIRST MAP  
  2015     2    23     0     0     0                        EPOCH OF LAST MAP   
  7200                                                      INTERVAL            
    13                                                      # OF MAPS IN FILE   
  NONE                                                      MAPPING FUNCTION    
10.0                                                        ELEVATION CUTOFF    
One-way carrier phase leveled to code                       OBSERVABLES USED    
  6371.0                                                    BASE RADIUS         
 2                                                          MAP DIMENSION       
   450.0 450.0   0.0                                        HGT1 / HGT2 / DHGT  
    87.5 -87.5  -2.5                                        LAT1 / LAT2 / DLAT  
  -180.0 180.0   5.0                                        LON1 / LON2 / DLON  
    -1                                                      EXPONENT            
                                                            END OF HEADER       
[from data line 1716]
     5                                                      START OF TEC MAP    
  2015     2    22     8     0     0                        EPOCH OF CURRENT MAP
    87.5-180.0 180.0   5.0 450.0                            LAT/LON1/LON2/DLON/H
   54   68   71   72   73   74   76   79   83   83   87   86   91   88   91   88
   91   88   90   88   91   88   90   86   89   86   87   84   86   83   85   82
   84   82   84   81   83   81   83   81   83   81   83   81   82   80   81   79
   79   78   77   75   75   73   72   70   69   67   66   64   64   63   62   61
   61   61   61   62   64   65   69   59   54                                   
    85.0-180.0 180.0   5.0 450.0                            LAT/LON1/LON2/DLON/H
   55   81   78   86   85   86   90   94   99  101  103  106  107  110  107  109
  107  108  104  105  102  103   99  100   98   98   97   96   96   96   96   96
   97   98   98   99   99  102  101  103  102  103  101  103  101  102   98   99
   95   96   91   92   86   87   80   81   74   75   68   69   63   65   60   63
   59   62   59   62   63   63   71   55   55                                   
    82.5-180.0 180.0   5.0 450.0                            LAT/LON1/LON2/DLON/H
   56   76   71   78   81   85   90   97  101  106  108  111  113  113  113  111
  111  107  105  101   99   95   92   88   87   85   83   83   82   84   83   86
   87   89   92   95   99  102  106  108  111  112  114  115  116  116  116  115
  114  112  110  106  102   99   94   89   82   76   70   65   60   57   52   50
   48   47   46   46   45   44   53   40   56                                   
    80.0-180.0 180.0   5.0 450.0                            LAT/LON1/LON2/DLON/H
   56   68   65   70   77   82   90   95  101  105  107  111  111  111  107  107
  101  100   91   90   81   78   69   67   61   61   58   59   58   62   63   68
   72   78   83   92   98  106  111  118  122  128  130  135  136  139  138  138
  137  135  134  130  127  122  118  110  104   96   89   81   75   67   63   57
   54   49   48   43   45   39   46   40   56                                   
    77.5-180.0 180.0   5.0 450.0                            LAT/LON1/LON2/DLON/H
   56   74   66   70   76   81   88   93   99  100  105  104  107  103  102   95
   93   84   81   72   67   58   55   48   46   42   42   41   44   45   51   54
   62   66   75   85   95  106  115  123  131  137  145  150  157  160  166  166
  169  166  169  164  162  155  152  144  137  126  118  108  101   91   84   77
   72   66   63   58   57   50   55   44   56                                   
    75.0-180.0 180.0   5.0 450.0                            LAT/LON1/LON2/DLON/H
   63   71   64   70   73   78   83   89   93   96   99   99   99   96   93   87
   81   76   68   62   54   49   43   39   36   34   33   33   36   38   43   47
   56   61   72   84   96  108  118  129  139  149  158  167  174  182  187  194
  198  203  205  206  203  199  193  186  176  167  155  146  134  124  114  106
   98   90   85   78   75   64   68   57   63                                   
    72.5-180.0 180.0   5.0 450.0                            LAT/LON1/LON2/DLON/H
   70   81   68   70   73   73   78   81   84   86   87   86   86   82   80   72
   69   60   56   49   46   40   38   34   34   32   33   33   35   37   43   45
   55   59   72   81   96  107  122  133  147  156  169  178  190  198  211  217
  233  237  247  244  246  240  239  228  223  209  198  184  172  158  146  134
  126  115  110   99   95   84   84   74   70                                   
    70.0-180.0 180.0   5.0 450.0                            LAT/LON1/LON2/DLON/H
   75   75   67   69   69   69   73   75   77   77   78   77   75   72   68   64
   58   56   49   48   42   43   40   42   41   42   43   44   45   45   49   50
   58   62   74   85   99  111  126  139  154  165  178  191  202  215  226  240
  252  264  273  276  277  273  270  262  254  242  230  216  202  189  175  164
  152  141  132  121  113   99   97   87   75                                   
    67.5-180.0 180.0   5.0 450.0                            LAT/LON1/LON2/DLON/H
   78   83   71   71   70   67   70   71   71   70   69   68   65   62   59   56
   52   49   45   44   43   45   47   50   53   56   58   59   58   58   58   59
   63   67   76   85  100  112  128  141  158  171  187  199  214  226  241  252
  268  275  286  286  291  287  288  278  271  258  248  234  222  206  194  179
  168  154  145  131  123  109  105   90   78                                   
    65.0-180.0 180.0   5.0 450.0                            LAT/LON1/LON2/DLON/H
   78   77   64   66   65   63   67   67   67   66   65   63   61   58   56   53
   50   48   45   47   47   53   56   63   66   72   72   73   71   67   64   63
   66   71   78   90  103  118  132  147  164  180  194  209  222  237  250  262
  272  283  287  290  290  291  287  284  275  265  252  242  228  214  200  186
  173  161  149  138  127  113  107   93   78                                   
    62.5-180.0 180.0   5.0 450.0                            LAT/LON1/LON2/DLON/H
   75   76   64   65   62   61   66   66   66   65   61   60   55   55   51   50
   47   46   45   48   50   56   62   70   76   81   84   82   79   73   68   65
   66   69   77   88  104  116  133  148  168  182  201  213  229  244  257  268
  278  283  287  285  287  283  282  277  271  261  250  240  228  215  201  184
  171  156  146  133  123  109  106   89   75                                   
    60.0-180.0 180.0   5.0 450.0                            LAT/LON1/LON2/DLON/H
   69   66   56   57   57   55   62   62   63   63   60   59   56   56   54   53
   52   50   49   50   53   59   65   74   80   87   86   85   79   72   64   62
   61   68   75   92  106  123  139  157  175  193  207  225  239  255  267  276
  285  287  288  287  282  281  275  275  267  260  246  240  228  218  202  186
  170  154  143  132  121  108  103   85   69                                   
    57.5-180.0 180.0   5.0 450.0                            LAT/LON1/LON2/DLON/H
   71   67   60   56   55   55   59   61   60   61   58   57   54   56   52   54
   50   50   47   49   50   55   60   68   74   78   79   76   70   64   56   56
   57   64   74   89  106  123  143  160  182  199  218  236  253  268  280  290
  294  295  294  289  286  280  278  271  268  259  252  244  237  225  211  192
  175  154  142  129  121  107  104   84   71                                   
    55.0-180.0 180.0   5.0 450.0                            LAT/LON1/LON2/DLON/H
   74   68   60   55   51   52   55   56   57   57   54   55   54   56   54   55
   54   51   51   49   50   52   57   62   67   71   69   66   59   55   49   51
   53   64   75   95  113  134  153  172  192  212  231  250  269  284  298  305
  310  308  307  300  297  294  290  287  280  274  262  261  250  244  226  210
  188  168  150  139  131  117  112   92   74                                   
    52.5-180.0 180.0   5.0 450.0                            LAT/LON1/LON2/DLON/H
   88   86   76   65   59   57   56   58   55   56   52   53   53   56   54   56
   52   53   49   50   47   50   50   55   56   58   56   54   49   46   43   46
   53   63   79   98  120  142  163  183  205  225  246  266  285  301  317  324
  326  325  324  318  316  311  310  302  299  287  281  273  270  260  245  226
  207  183  167  151  143  131  129  107   88                                   
    50.0-180.0 180.0   5.0 450.0                            LAT/LON1/LON2/DLON/H
  107  105   90   80   67   64   59   58   54   53   49   52   51   55   54   56
   54   53   52   52   52   52   53   53   54   54   53   49   46   43   43   48
   57   73   90  113  135  158  179  201  222  242  264  282  304  321  338  345
  348  345  346  339  338  333  332  324  320  309  298  294  287  283  266  249
  227  207  188  175  166  150  145  130  107                                   
    47.5-180.0 180.0   5.0 450.0                            LAT/LON1/LON2/DLON/H
  127  126  113  100   88   78   70   66   59   58   51   55   53   58   55   59
   55   58   55   59   56   59   55   56   52   53   50   48   45   44   45   51
   63   80  102  124  150  173  196  217  237  257  276  295  315  335  351  359
  362  362  361  356  354  347  344  333  330  314  310  301  299  290  278  256
  239  216  201  184  179  164  161  146  127                                   
    45.0-180.0 180.0   5.0 450.0                            LAT/LON1/LON2/DLON/H
  138  137  124  118  104   94   81   76   67   62   57   60   58   61   59   61
   60   62   64   67   68   68   67   63   63   59   59   53   53   50   54   59
   74   95  119  143  169  194  216  236  255  273  292  310  331  351  366  373
  378  377  379  371  368  358  353  342  334  322  309  303  295  291  277  260
  238  221  202  191  184  171  166  157  138                                   
    42.5-180.0 180.0   5.0 450.0                            LAT/LON1/LON2/DLON/H
  142  144  136  131  122  111  100   91   80   74   68   68   66   68   64   67
   65   70   72   78   80   81   78   77   73   71   68   65   61   57   58   64
   80  102  130  155  185  209  235  253  271  288  304  321  342  360  370  378
  383  385  385  380  374  364  355  343  334  317  306  294  288  279  268  248
  232  209  196  179  174  163  161  152  142                                   
    40.0-180.0 180.0   5.0 450.0                            LAT/LON1/LON2/DLON/H
  129  134  128  131  126  120  111  102   92   86   79   79   75   74   70   72
   72   76   82   88   91   92   90   87   86   81   81   74   73   65   67   70
   87  112  140  169  200  228  249  271  288  305  322  339  358  372  382  390
  396  398  399  395  386  374  361  350  335  321  300  290  276  269  255  239
  220  199  182  169  159  146  142  134  129                                   
    37.5-180.0 180.0   5.0 450.0                            LAT/LON1/LON2/DLON/H
  114  120  116  121  123  120  117  112  104   99   93   91   86   84   79   81
   80   86   92   97  101  100  100   97   97   94   92   85   80   69   67   69
   86  109  144  172  211  237  267  288  305  324  339  356  371  382  392  399
  407  410  414  411  406  394  380  364  350  330  310  293  280  268  255  235
  218  194  176  155  145  128  123  109  114                                   
    35.0-180.0 180.0   5.0 450.0                            LAT/LON1/LON2/DLON/H
   97  104   95  103  108  112  115  113  110  107  101  100   95   92   87   88
   89   94  100  105  108  107  106  104  105  101  102   94   87   75   70   71
   85  109  142  175  212  249  281  309  330  350  365  379  394  403  415  424
  433  440  444  443  437  427  412  394  377  356  336  317  302  289  273  254
  235  211  187  165  148  126  114   92   97                                   
    32.5-180.0 180.0   5.0 450.0                            LAT/LON1/LON2/DLON/H
   95   89   84   86   93   99  105  109  109  110  107  106  101  100   94   95
   96  102  105  108  110  106  107  105  109  105  105   97   88   75   69   71
   84  104  138  172  219  259  303  329  356  374  390  401  415  425  435  447
  460  470  479  483  482  476  467  453  438  413  392  368  350  330  317  296
  278  251  224  196  174  145  114   90   95                                   
    30.0-180.0 180.0   5.0 450.0                            LAT/LON1/LON2/DLON/H
  102   79   75   75   80   88   93  100  102  106  104  106  101  101   97   99
   99  105  107  109  108  105  105  105  109  106  104   97   86   74   68   70
   83  105  139  181  226  276  317  355  379  404  416  432  442  455  468  478
  495  507  522  533  542  547  549  545  537  517  501  481  464  440  415  387
  357  328  291  257  225  185  138  112  102                                   
    27.5-180.0 180.0   5.0 450.0                            LAT/LON1/LON2/DLON/H
  132  100   85   75   72   82   87   95   97  100  101  102   99  101   96  101
  101  105  107  106  105  103  105  105  110  105  104   94   85   73   66   69
   84  111  150  192  241  285  336  367  398  420  439  453  469  482  497  511
  531  552  578  600  624  638  643  640  634  617  604  590  578  564  551  520
  490  452  407  357  314  248  192  165  132                                   
    25.0-180.0 180.0   5.0 450.0                            LAT/LON1/LON2/DLON/H
  186  148  121   94   78   76   74   79   80   84   88   98   96   98   96   99
  101  104  104  103  103  101  106  107  110  106  101   94   81   72   67   76
   95  133  171  215  259  301  341  376  405  432  452  476  491  510  524  542
  567  597  641  673  694  709  721  728  725  712  701  689  678  661  645  623
  602  575  538  481  417  341  298  247  186                                   
    22.5-180.0 180.0   5.0 450.0                            LAT/LON1/LON2/DLON/H
  270  230  195  147  112   96   85   81   77   77   78   88   92   96   92   98
   97  101  101  101  101  103  109  111  113  106  102   90   82   75   74   90
  114  148  188  229  270  306  348  375  407  433  464  487  511  530  553  574
  607  650  698  726  752  773  791  801  808  799  793  790  782  771  754  734
  706  679  642  591  540  466  386  360  270                                   
    20.0-180.0 180.0   5.0 450.0                            LAT/LON1/LON2/DLON/H
  368  309  276  221  179  143  113  103   89   83   80   88   92   95   93   95
   96   98   96   98  100  104  111  114  112  106   95   89   79   79   79  103
  124  161  200  240  276  311  349  375  414  441  476  501  530  551  580  602
  648  692  740  764  795  813  835  844  853  851  853  856  856  847  835  814
  794  763  731  680  630  570  517  446  368                                   
    17.5-180.0 180.0   5.0 450.0                            LAT/LON1/LON2/DLON/H
  444  382  333  292  255  207  168  137  117  106  101  101  104  108  104  101
  100  101  100  101  104  109  116  117  115  102   93   86   80   84   90  109
  137  175  216  250  284  317  357  382  418  452  488  514  548  582  607  636
  673  721  757  783  804  823  835  845  853  858  865  873  881  873  866  845
  827  803  778  737  695  639  587  527  444                                   
    15.0-180.0 180.0   5.0 450.0                            LAT/LON1/LON2/DLON/H
  505  456  399  345  314  280  237  197  163  137  125  121  118  120  117  116
  111  107  103  101  103  109  115  120  113  103   87   85   81   87   95  118
  145  188  227  258  294  326  363  391  426  456  498  521  565  590  626  650
  693  726  763  776  794  801  809  813  820  827  839  854  863  864  855  836
  819  794  773  738  708  667  624  578  505                                   
    12.5-180.0 180.0   5.0 450.0                            LAT/LON1/LON2/DLON/H
  542  508  463  407  374  341  311  254  218  184  164  153  146  140  134  134
  133  124  119  111  113  116  120  121  113   94   82   86   87   89  102  124
  156  199  236  268  300  330  366  395  429  462  497  533  572  608  635  662
  693  724  748  758  765  768  768  768  770  776  788  803  815  815  806  789
  769  752  733  709  686  657  624  602  542                                   
    10.0-180.0 180.0   5.0 450.0                            LAT/LON1/LON2/DLON/H
  544  533  494  455  421  388  354  320  273  230  205  182  174  158  147  142
  135  136  129  129  121  118  114  116  104   91   78   86   87   97  107  133
  165  204  242  274  309  340  372  404  437  467  502  536  577  608  639  658
  690  709  729  732  736  735  733  730  728  732  741  759  768  771  758  742
  719  705  686  669  649  624  600  572  544                                   
     7.5-180.0 180.0   5.0 450.0                            LAT/LON1/LON2/DLON/H
  533  531  511  486  464  427  404  369  331  281  250  216  201  184  176  160
  149  140  133  128  125  114  108  107  102   85   81   86   98   99  116  141
