data/unet/pred1970.15i
     1.0            IONOSPHERE MAPS     GNSS                IONEX VERSION / TYPE
pyspatialgeodesy        IME             05-JAN-18 20:20     PGM / RUN BY / DATE 
Map Name                                                    COMMENT             
Predicted global ionosphere maps (GIM).                     DESCRIPTION         
  2015     7    16     0     0     0                        EPOCH OF FIRST MAP  
  2015     7    17     0     0     0                        EPOCH OF LAST MAP   
  7200                                                      INTERVAL            
    13                                                      # OF MAPS IN FILE   
  NONE                                                      MAPPING FUNCTION    
10.0                                                        ELEVATION CUTOFF    
One-way carrier phase leveled to code                       OBSERVABLES USED    
  6371.0                                                    BASE RADIUS         
 2                                                          MAP DIMENSION       
   450.0 450.0   0.0                                        HGT1 / HGT2 / DHGT  
    87.5 -87.5  -2.5                                        LAT1 / LAT2 / DLAT  
  -180.0 180.0   5.0                                        LON1 / LON2 / DLON  
    -1                                                      EXPONENT            
                                                            END OF HEADER       
[from data line 5148]
    13                                                      START OF TEC MAP    
  2015     7    17     0     0     0                        EPOCH OF CURRENT MAP
    87.5-180.0 180.0   5.0 450.0                            LAT/LON1/LON2/DLON/H
  184  157  158  158  157  155  158  158  161  160  161  159  161  158  159  156
  156  154  153  150  150  147  146  143  143  140  140  137  137  134  134  131
  132  129  130  127  128  127  127  126  127  127  127  127  129  128  129  128
  130  130  131  130  132  131  132  131  133  132  133  132  134  134  135  135
  138  138  141  141  146  145  144  169  184                                   
    85.0-180.0 180.0   5.0 450.0                            LAT/LON1/LON2/DLON/H
  160  164  167  169  169  167  170  170  172  171  173  171  173  171  171  168
  169  166  166  162  162  158  157  152  152  147  146  142  141  137  136  132
  132  128  128  125  126  124  124  122  124  123  124  123  126  125  127  126
  130  129  131  130  134  133  134  134  137  135  137  136  139  139  141  140
  144  144  148  148  154  149  147  142  160                                   
    82.5-180.0 180.0   5.0 450.0                            LAT/LON1/LON2/DLON/H
  160  165  167  169  170  169  172  171  174  174  176  175  176  175  175  173
  173  170  169  165  164  160  158  154  152  147  145  139  138  132  131  125
  126  120  121  116  118  114  116  113  116  114  117  115  120  119  122  121
  127  126  130  130  134  133  137  136  140  138  141  140  144  142  145  144
  148  147  152  150  156  151  148  142  160                                   
    80.0-180.0 180.0   5.0 450.0                            LAT/LON1/LON2/DLON/H
  160  163  164  168  169  172  173  176  177  180  180  182  181  181  179  179
  177  175  172  170  167  164  161  158  153  149  145  140  136  131  127  123
  121  118  116  114  114  112  112  112  113  113  115  115  118  119  122  124
  128  129  132  134  137  138  141  141  144  144  146  146  148  148  149  149
  150  150  153  153  155  153  149  144  160                                   
    77.5-180.0 180.0   5.0 450.0                            LAT/LON1/LON2/DLON/H
  157  158  158  162  164  167  170  173  175  177  178  179  179  178  177  176
  174  171  169  166  164  160  157  153  149  144  140  135  130  125  122  118
  116  113  112  111  111  112  112  113  114  116  117  119  121  123  125  128
  130  133  135  137  139  141  142  143  144  145  146  148  148  148  148  148
  148  148  149  148  149  147  146  142  157                                   
    75.0-180.0 180.0   5.0 450.0                            LAT/LON1/LON2/DLON/H
  154  152  152  154  157  159  164  166  170  171  174  174  175  173  172  168
  168  163  162  157  156  152  150  145  143  137  134  129  126  121  119  116
  115  113  113  112  114  114  116  116  118  119  121  122  125  126  129  130
  134  135  138  139  142  141  144  143  145  144  147  145  147  145  147  144
  146  143  145  142  143  141  141  139  154                                   
    72.5-180.0 180.0   5.0 450.0                            LAT/LON1/LON2/DLON/H
  151  148  146  149  150  152  157  160  164  167  168  169  169  167  164  161
  158  155  152  149  146  143  141  138  134  130  127  123  120  117  115  113
  113  112  113  114  115  116  118  119  121  122  124  126  128  130  133  134
  137  138  140  140  142  142  144  143  144  144  145  144  146  145  145  144
  144  142  142  140  140  139  139  138  151                                   
    70.0-180.0 180.0   5.0 450.0                            LAT/LON1/LON2/DLON/H
  147  145  143  145  147  148  154  158  163  165  169  168  169  165  163  158
  156  150  148  144  142  138  137  133  130  126  124  120  118  115  115  113
  114  114  116  117  118  119  122  123  125  125  128  129  132  133  137  137
  141  140  143  142  145  143  145  144  145  144  146  145  147  145  146  144
  145  142  144  141  141  139  139  137  147                                   
    67.5-180.0 180.0   5.0 450.0                            LAT/LON1/LON2/DLON/H
  149  146  143  145  145  147  153  158  163  167  170  171  170  167  164  159
  154  150  146  143  140  137  135  131  127  124  121  119  117  115  115  115
  115  115  117  117  118  119  121  122  124  125  127  129  132  133  136  137
  140  140  142  142  143  143  145  144  146  145  147  147  148  147  148  146
  146  145  146  145  146  143  141  137  149                                   
    65.0-180.0 180.0   5.0 450.0                            LAT/LON1/LON2/DLON/H
  149  147  145  145  146  147  153  158  164  168  172  172  173  170  166  161
  157  152  149  145  143  139  137  131  129  124  123  120  119  118  119  118
  119  117  118  117  117  117  118  118  120  120  123  124  127  128  132  132
  136  136  140  138  142  141  144  143  146  146  149  148  151  150  151  149
  150  149  150  150  151  148  145  139  149                                   
    62.5-180.0 180.0   5.0 450.0                            LAT/LON1/LON2/DLON/H
  154  151  147  147  146  147  152  157  164  168  173  174  175  173  170  165
  162  157  154  150  147  144  140  135  131  127  126  124  123  123  122  122
  121  119  117  114  113  111  111  110  111  111  114  115  119  120  124  125
  130  131  135  135  139  140  144  146  149  150  152  152  154  153  153  152
  152  151  153  153  155  152  149  141  154                                   
    60.0-180.0 180.0   5.0 450.0                            LAT/LON1/LON2/DLON/H
  158  155  153  151  149  147  152  156  163  167  173  175  177  176  174  171
  168  165  162  159  156  151  147  142  138  135  133  132  132  130  130  127
  125  120  117  112  109  106  106  104  105  104  106  106  111  111  117  117
  124  125  131  132  138  140  146  148  153  154  157  157  158  156  157  154
  155  154  156  156  158  156  154  144  158                                   
    57.5-180.0 180.0   5.0 450.0                            LAT/LON1/LON2/DLON/H
  164  162  159  157  152  150  152  155  161  166  172  175  178  179  179  177
  176  174  171  168  165  160  156  151  147  144  143  142  141  140  137  133
  127  121  114  108  104  100   99   97   97   97   98   99  103  106  111  115
  120  124  130  134  140  145  151  156  160  163  165  166  164  163  161  158
  157  156  158  158  161  161  158  148  164                                   
    55.0-180.0 180.0   5.0 450.0                            LAT/LON1/LON2/DLON/H
  170  170  170  166  161  156  157  157  162  165  171  174  179  181  182  182
  182  181  180  178  175  171  165  160  156  154  153  153  152  149  145  139
  132  123  115  107  103   99   98   96   97   95   98   97  101  102  108  111
  119  120  129  132  142  148  158  163  170  172  175  173  173  169  167  162
  162  160  163  162  165  165  165  154  170                                   
    52.5-180.0 180.0   5.0 450.0                            LAT/LON1/LON2/DLON/H
  181  182  182  179  172  166  163  162  163  165  168  173  177  181  183  185
  186  186  186  184  182  178  173  169  165  163  162  162  161  157  151  143
  133  123  114  107  102   99   99   98   99   99  100  100  103  104  109  113
  120  124  130  137  147  156  167  175  181  185  186  185  181  177  173  169
  167  166  168  168  171  173  174  164  181                                   
    50.0-180.0 180.0   5.0 450.0                            LAT/LON1/LON2/DLON/H
  189  194  196  193  186  179  175  171  170  168  170  173  177  181  184  186
  188  188  188  187  187  183  180  175  174  172  172  171  168  162  155  144
  134  123  115  107  105  103  104  104  107  107  109  108  110  111  115  117
  123  125  133  139  153  163  177  186  195  197  199  195  193  186  182  176
  176  174  178  178  180  182  184  177  189                                   
    47.5-180.0 180.0   5.0 450.0                            LAT/LON1/LON2/DLON/H
  204  208  210  207  200  194  188  182  178  175  174  175  178  182  183  187
  188  189  189  190  189  188  184  183  180  180  179  178  172  165  155  144
  133  122  115  109  108  107  110  112  116  117  119  120  121  120  123  125
  129  131  137  145  158  171  188  199  207  211  212  208  203  197  191  187
  185  185  188  190  192  195  198  190  204                                   
    45.0-180.0 180.0   5.0 450.0                            LAT/LON1/LON2/DLON/H
  215  221  224  222  215  208  202  195  191  185  183  181  183  186  187  189
  190  191  191  191  192  190  189  186  185  183  184  179  175  164  154  141
  131  121  117  112  112  113  117  121  127  130  133  134  135  133  135  133
  135  134  140  146  162  176  196  208  220  225  226  220  215  207  203  197
  198  198  203  204  206  210  213  208  215                                   
    42.5-180.0 180.0   5.0 450.0                            LAT/LON1/LON2/DLON/H
  231  233  237  235  228  222  215  208  202  197  191  189  189  191  191  194
  194  196  195  196  195  195  192  191  188  188  185  182  174  165  153  142
  132  125  121  117  118  119  124  129  137  142  146  147  148  146  146  143
  143  141  145  151  167  181  203  218  233  240  241  235  227  218  213  208
  208  210  215  218  223  227  229  227  231                                   
    40.0-180.0 180.0   5.0 450.0                            LAT/LON1/LON2/DLON/H
  243  245  249  246  239  233  228  222  217  210  204  200  200  200  200  201
  202  203  203  203  203  201  198  195  194  191  189  182  175  163  154  143
  137  130  129  124  125  125  132  138  147  154  159  161  161  158  156  152
  149  145  147  153  170  185  209  227  244  252  254  248  241  230  225  219
  221  224  231  237  242  246  248  248  243                                   
    37.5-180.0 180.0   5.0 450.0                            LAT/LON1/LON2/DLON/H
  258  258  259  255  247  241  237  232  228  223  216  213  210  212  210  213
  212  215  214  214  212  209  204  201  197  196  192  187  178  170  159  154
  147  144  140  138  136  135  139  145  155  163  169  171  172  167  165  159
  154  149  150  156  172  189  214  234  254  264  268  265  257  247  240  235
  236  240  248  255  264  268  268  269  258                                   
    35.0-180.0 180.0   5.0 450.0                            LAT/LON1/LON2/DLON/H
  270  271  272  263  255  248  245  240  241  236  232  228  226  226  225  227
  228  229  229  228  226  219  212  206  205  201  199  192  186  176  171  164
  162  158  158  152  150  145  147  151  162  171  177  180  179  174  169  162
  155  149  148  154  171  190  216  235  258  270  277  277  271  260  254  247
  249  254  264  274  284  291  291  293  270                                   
    32.5-180.0 180.0   5.0 450.0                            LAT/LON1/LON2/DLON/H
  289  287  286  278  268  261  257  255  255  253  249  247  243  243  242  244
  244  246  246  244  239  230  219  213  210  209  205  202  194  189  182  180
  177  176  173  169  163  157  154  158  167  175  181  182  181  175  169  161
  154  147  146  151  167  187  214  236  258  273  283  286  283  275  267  262
  264  270  280  292  303  311  314  315  289                                   
    30.0-180.0 180.0   5.0 450.0                            LAT/LON1/LON2/DLON/H
  308  310  310  301  293  286  283  281  282  280  277  272  269  267  264  265
  265  266  263  259  251  241  229  221  220  219  217  213  208  202  198  193
  192  188  185  179  171  162  158  158  168  175  179  180  177  169  163  155
  148  141  140  145  159  179  207  228  252  267  281  287  289  284  278  274
  277  283  295  307  321  331  338  339  308                                   
    27.5-180.0 180.0   5.0 450.0                            LAT/LON1/LON2/DLON/H
  330  336  337  331  325  319  315  314  313  313  307  303  297  294  289  287
  286  283  279  272  264  252  239  231  229  230  228  226  220  216  210  204
  199  193  187  180  170  161  154  156  163  170  173  172  168  158  152  143
  137  130  130  134  148  167  193  217  242  259  276  284  292  290  288  286
  289  296  308  320  335  348  359  359  330                                   
    25.0-180.0 180.0   5.0 450.0                            LAT/LON1/LON2/DLON/H
  352  366  368  366  364  361  358  356  357  355  349  343  336  329  320  314
  306  302  293  286  273  262  250  242  241  241  239  237  232  226  218  208
  201  191  182  172  162  151  147  147  154  159  161  159  153  143  135  127
  120  115  115  120  134  154  177  201  230  249  269  281  293  297  296  297
  301  308  321  334  350  368  381  382  352                                   
    22.5-180.0 180.0   5.0 450.0                            LAT/LON1/LON2/DLON/H
  370  390  395  395  397  396  395  396  397  397  392  387  378  370  356  344
  332  320  308  297  285  272  260  252  250  248  243  240  234  225  213  200
  188  174  164  155  145  138  134  136  142  147  147  142  135  124  117  108
  101   95   96  102  120  141  164  188  218  243  266  280  297  302  306  308
  313  320  332  344  360  377  393  395  370                                   
    20.0-180.0 180.0   5.0 450.0                            LAT/LON1/LON2/DLON/H
  385  405  413  418  426  428  433  437  443  445  441  436  425  417  397  380
  360  344  325  312  296  284  272  264  259  254  245  238  229  217  203  185
  171  154  143  134  127  123  121  124  132  134  134  128  121  110  100   92
   85   80   82   89  105  128  153  179  210  237  264  281  301  311  316  319
  324  332  343  356  371  387  403  406  385                                   
    17.5-180.0 180.0   5.0 450.0                            LAT/LON1/LON2/DLON/H
  390  413  424  433  442  448  456  465  474  481  480  477  467  458  437  420
  393  370  348  328  309  296  282  271  263  253  240  228  216  202  185  165
  149  132  121  114  110  110  109  114  120  124  122  117  109   98   87   79
   72   69   72   80   94  116  143  174  204  235  264  285  307  318  326  330
  336  344  353  366  379  391  402  407  390                                   
    15.0-180.0 180.0   5.0 450.0                            LAT/LON1/LON2/DLON/H
  393  413  425  433  449  457  470  481  495  504  508  508  501  492  472  454
  424  397  367  344  322  307  291  278  263  246  228  212  199  183  166  146
  130  114  106  102  101  101  104  107  114  114  115  108  104   93   84   75
   69   66   69   76   89  108  135  168  202  234  265  289  313  326  335  339
  346  354  363  374  387  396  408  410  393                                   
    12.5-180.0 180.0   5.0 450.0                            LAT/LON1/LON2/DLON/H
  388  408  421  431  446  457  469  482  497  510  518  523  519  514  496  481
  450  423  388  361  335  316  296  276  256  233  211  194  181  167  151  134
  119  108  103  103  102  105  106  109  111  111  108  103   98   89   81   73
   68   65   67   73   83  103  129  165  198  234  264  290  316  332  343  350
  359  368  376  386  395  401  405  411  388                                   
    10.0-180.0 180.0   5.0 450.0                            LAT/LON1/LON2/DLON/H
  385  402  412  420  436  446  461  471  490  502  515  521  522  518  505  491
  463  437  400  372  342  320  295  270  245  217  194  177  166  155  144  129
  120  112  114  114  117  115  115  112  112  106  103   97   96   89   84   75
   70   65   67   70   80   97  124  158  194  231  264  293  322  339  352  361
  370  378  386  395  403  406  413  413  385                                   
     7.5-180.0 180.0   5.0 450.0                            LAT/LON1/LON2/DLON/H
  384  398  410  416  428  438  450  459  474  487  499  509  512  512  502  492
  469  446  411  382  348  319  289  259  231  202  179  165  156  149  140  130
