data/unet/pred2090.15i
     1.0            IONOSPHERE MAPS     GNSS                IONEX VERSION / TYPE
pyspatialgeodesy        IME             05-JAN-18 20:20     PGM / RUN BY / DATE 
Map Name                                                    COMMENT             
Predicted global ionosphere maps (GIM).                     DESCRIPTION         
  2015     7    28     0     0     0                        EPOCH OF FIRST MAP  
  2015     7    29     0     0     0                        EPOCH OF LAST MAP   
  7200                                                      INTERVAL            
    13                                                      # OF MAPS IN FILE   
  NONE                                                      MAPPING FUNCTION    
10.0                                                        ELEVATION CUTOFF    
One-way carrier phase leveled to code                       OBSERVABLES USED    
  6371.0                                                    BASE RADIUS         
 2                                                          MAP DIMENSION       
   450.0 450.0   0.0                                        HGT1 / HGT2 / DHGT  
    87.5 -87.5  -2.5                                        LAT1 / LAT2 / DLAT  
  -180.0 180.0   5.0                                        LON1 / LON2 / DLON  
    -1                                                      EXPONENT            
                                                            END OF HEADER       
[from data line 4719]
    12                                                      START OF TEC MAP    
  2015     7    28    22     0     0                        EPOCH OF CURRENT MAP
    87.5-180.0 180.0   5.0 450.0                            LAT/LON1/LON2/DLON/H
  181  136  124  127  126  126  126  126  127  127  127  127  128  127  128  127
  128  126  127  126  126  125  124  123  122  121  120  118  117  116  115  114
  113  112  112  112  111  111  111  111  111  111  111  110  111  111  111  111
  111  112  112  112  113  113  114  114  115  115  116  116  117  118  119  119
  120  121  122  123  123  123  126  159  181                                   
    85.0-180.0 180.0   5.0 450.0                            LAT/LON1/LON2/DLON/H
  132  124  125  129  129  129  130  130  131  132  133  133  133  134  134  133
  133  133  132  131  130  129  127  125  123  122  120  118  116  114  112  111
  109  109  107  107  106  106  106  106  106  106  106  106  106  107  107  107
  108  108  109  109  109  110  111  112  112  113  113  114  114  116  116  117
  118  120  120  121  122  122  125  143  132                                   
    82.5-180.0 180.0   5.0 450.0                            LAT/LON1/LON2/DLON/H
  126  126  126  129  129  130  131  132  133  134  135  136  136  137  136  138
  136  137  134  135  132  132  129  127  124  122  119  117  114  111  109  106
  105  103  103  102  102  101  102  101  102  102  103  103  104  104  105  105
  106  106  107  108  108  108  109  109  110  110  110  111  111  112  112  114
  114  116  117  119  119  119  123  137  126                                   
    80.0-180.0 180.0   5.0 450.0                            LAT/LON1/LON2/DLON/H
  128  129  126  128  128  129  131  132  133  135  135  137  137  138  139  139
  139  139  138  137  135  134  132  130  126  123  119  117  113  110  106  105
  102  101  101  101  101  101  101  102  102  103  103  104  104  105  105  106
  106  108  108  109  108  109  108  109  108  108  107  108  108  109  109  111
  111  114  114  116  116  116  117  126  128                                   
    77.5-180.0 180.0   5.0 450.0                            LAT/LON1/LON2/DLON/H
  123  125  123  123  124  124  128  128  131  131  134  134  136  136  138  137
  138  137  138  137  137  134  133  130  127  123  120  115  111  107  104  101
  100   99   99   99  100  100  101  102  102  102  104  103  104  104  106  106
  107  107  108  108  108  107  107  106  106  104  104  103  103  102  104  104
  106  107  110  109  112  109  113  119  123                                   
    75.0-180.0 180.0   5.0 450.0                            LAT/LON1/LON2/DLON/H
  118  121  117  120  120  122  123  126  127  129  131  133  134  135  136  137
  137  137  137  137  137  136  134  132  128  124  120  115  110  106  103  101
   99   99  100  100  102  102  104  104  105  104  104  104  104  104  105  106
  106  107  108  108  107  107  106  105  103  101  100   99   98   98   98   99
  101  103  105  105  108  107  111  120  118                                   
    72.5-180.0 180.0   5.0 450.0                            LAT/LON1/LON2/DLON/H
  113  117  114  115  116  117  120  120  124  124  128  129  131  131  132  132
  133  133  134  134  134  134  133  129  126  121  118  112  108  103  101   98
   99   98  100  101  103  104  105  105  104  103  102  102  101  102  102  103
  104  104  105  105  104  104  103  101  100   98   96   95   95   94   95   95
   98   99  102  104  106  105  109  119  113                                   
    70.0-180.0 180.0   5.0 450.0                            LAT/LON1/LON2/DLON/H
  110  115  112  114  114  116  117  120  122  125  127  130  131  132  132  133
  133  133  133  134  135  134  133  131  128  123  118  113  108  104  101  100
  100  100  102  103  106  106  107  105  104  101  100   97   97   96   98   98
  100  100  101  101  101  100   99   98   97   95   94   93   93   93   93   95
   97  100  103  103  107  105  109  120  110                                   
    67.5-180.0 180.0   5.0 450.0                            LAT/LON1/LON2/DLON/H
  109  115  112  112  112  113  116  117  121  124  128  130  132  132  132  131
  131  131  132  132  133  132  133  130  127  121  118  111  108  103  102  100
  101  101  103  104  106  106  105  103  100   96   93   91   90   90   90   92
   92   93   93   94   92   93   91   92   91   92   90   91   92   93   94   96
   98  100  104  105  107  107  110  120  109                                   
    65.0-180.0 180.0   5.0 450.0                            LAT/LON1/LON2/DLON/H
  111  116  114  115  115  116  118  120  124  128  131  134  136  136  136  135
  134  133  133  134  135  135  135  133  131  126  122  117  113  109  107  105
  105  106  107  108  109  107  106  101   98   92   89   85   85   83   84   84
   85   85   85   85   85   84   85   86   88   88   90   91   94   95   97   98
  101  103  107  107  111  109  112  123  111                                   
    62.5-180.0 180.0   5.0 450.0                            LAT/LON1/LON2/DLON/H
  114  120  118  118  117  118  119  121  125  128  133  136  138  138  138  136
  135  133  134  134  135  135  137  134  133  128  126  120  119  114  113  111
  110  109  109  109  109  108  104  101   95   91   86   83   80   80   78   79
   77   78   76   77   75   77   76   81   81   87   87   92   93   98   98  102
  103  106  109  110  112  111  114  125  114                                   
    60.0-180.0 180.0   5.0 450.0                            LAT/LON1/LON2/DLON/H
  118  124  122  123  123  122  123  125  127  131  135  139  141  142  141  140
  138  137  137  138  139  140  141  140  138  135  133  130  129  126  124  122
  120  118  117  114  113  110  107  102   97   91   88   83   81   79   78   76
   75   73   71   69   69   69   71   75   80   85   89   93   97  100  103  105
  108  110  113  112  116  113  116  127  118                                   
    57.5-180.0 180.0   5.0 450.0                            LAT/LON1/LON2/DLON/H
  121  128  127  128  125  126  126  126  127  130  134  137  141  141  142  140
  139  137  138  138  141  141  143  141  141  138  139  137  137  135  134  131
  128  125  121  118  114  112  107  104   98   94   89   87   83   82   78   77
   72   71   65   65   62   65   65   73   77   86   88   96   97  103  103  108
  109  112  113  114  116  115  117  128  121                                   
    55.0-180.0 180.0   5.0 450.0                            LAT/LON1/LON2/DLON/H
  124  131  131  133  132  131  131  129  130  131  135  137  141  142  143  142
  141  140  141  142  144  146  146  146  146  145  147  147  149  148  148  143
  139  133  128  123  120  116  112  107  104  100   97   93   91   88   85   81
   76   71   67   64   62   63   66   72   80   88   94   99  102  105  107  110
  113  115  116  116  118  115  119  131  124                                   
    52.5-180.0 180.0   5.0 450.0                            LAT/LON1/LON2/DLON/H
  129  136  137  140  137  137  137  135  134  133  135  136  139  140  142  140
  141  139  141  142  145  145  147  146  147  147  151  153  157  158  157  152
  146  139  132  127  122  119  115  113  109  107  103  102   98   97   91   88
   80   77   69   68   63   66   67   76   82   92   96  103  102  107  107  112
  113  116  116  118  118  118  119  132  129                                   
    50.0-180.0 180.0   5.0 450.0                            LAT/LON1/LON2/DLON/H
  135  141  142  147  147  147  147  144  143  140  141  140  141  141  142  142
  141  141  143  145  147  149  150  150  151  153  158  161  167  167  166  159
  152  143  137  131  128  124  122  119  118  115  114  111  110  106  102   96
   90   83   78   73   71   71   74   80   89   96  103  106  109  110  112  114
  118  121  123  123  125  121  125  138  135                                   
    47.5-180.0 180.0   5.0 450.0                            LAT/LON1/LON2/DLON/H
  142  149  150  154  155  156  158  155  153  149  147  145  145  143  144  142
  142  141  144  144  148  149  151  151  153  155  161  166  171  172  170  163
  155  145  138  133  131  128  126  124  122  120  118  118  116  114  108  104
   96   92   84   83   77   79   79   86   93  101  105  110  110  113  113  119
  122  127  129  130  129  128  129  144  142                                   
    45.0-180.0 180.0   5.0 450.0                            LAT/LON1/LON2/DLON/H
  151  157  157  163  166  167  169  167  165  161  159  155  153  151  150  147
  147  146  148  149  152  154  156  157  160  162  168  171  177  176  173  164
  156  146  141  136  135  134  132  129  127  125  125  124  122  120  115  111
  106  101   96   92   89   87   88   92  100  106  112  114  117  118  121  125
  131  136  140  139  141  136  140  154  151                                   
    42.5-180.0 180.0   5.0 450.0                            LAT/LON1/LON2/DLON/H
  162  166  165  170  172  176  179  180  179  176  172  168  165  161  158  154
  153  151  154  154  157  158  163  163  167  169  175  177  181  178  175  165
  158  149  145  141  141  140  138  135  132  130  129  128  127  125  120  117
  112  110  105  103   98   96   94   99  104  111  115  120  121  126  128  137
  142  149  152  153  152  149  149  167  162                                   
    40.0-180.0 180.0   5.0 450.0                            LAT/LON1/LON2/DLON/H
  172  176  173  177  181  184  189  189  191  188  187  182  179  173  170  165
  163  161  162  162  166  169  173  175  180  182  186  186  188  183  179  170
  163  156  152  150  150  149  147  144  140  138  136  136  133  132  127  124
  120  118  115  112  108  104  102  103  109  114  120  124  130  134  140  147
  155  162  167  166  168  162  164  183  172                                   
    37.5-180.0 180.0   5.0 450.0                            LAT/LON1/LON2/DLON/H
  184  187  183  184  187  190  195  198  201  201  200  197  194  188  182  177
  174  171  172  172  176  179  185  188  194  196  199  197  197  190  185  177
  171  165  162  160  159  157  154  151  148  147  144  143  141  138  133  130
  126  126  122  120  114  110  105  106  109  115  120  129  134  144  152  162
  169  177  181  183  182  180  177  199  184                                   
    35.0-180.0 180.0   5.0 450.0                            LAT/LON1/LON2/DLON/H
  197  199  195  195  197  199  203  205  210  210  213  210  209  202  198  191
  189  185  187  186  190  194  202  206  213  214  216  211  209  201  195  188
  183  178  175  172  170  168  164  161  157  156  154  153  149  144  139  135
  131  129  127  124  118  112  107  105  108  112  121  129  140  150  163  172
  181  187  193  193  196  192  194  214  197                                   
    32.5-180.0 180.0   5.0 450.0                            LAT/LON1/LON2/DLON/H
  211  212  207  205  206  206  210  213  219  223  227  227  226  220  215  208
  204  201  201  200  203  207  215  222  228  228  228  221  217  209  205  199
  195  191  187  184  179  176  171  169  165  164  162  160  156  149  142  137
  132  130  126  123  117  111  104  102  103  109  116  129  141  157  170  182
  190  198  202  206  208  209  208  230  211                                   
    30.0-180.0 180.0   5.0 450.0                            LAT/LON1/LON2/DLON/H
  228  227  223  222  221  221  222  225  231  238  242  244  245  238  235  226
  224  219  219  215  218  220  230  234  242  238  238  227  225  216  215  210
  208  202  199  192  187  180  176  172  170  168  167  164  158  151  143  136
  130  126  122  118  113  106  101   97   98  102  112  124  141  156  174  185
  196  203  210  214  220  219  223  245  228                                   
    27.5-180.0 180.0   5.0 450.0                            LAT/LON1/LON2/DLON/H
  245  244  240  237  238  236  239  242  249  255  262  264  266  261  257  251
  248  243  240  233  233  233  240  244  248  243  239  230  225  220  217  216
  214  211  203  197  187  181  175  172  169  168  166  163  157  149  139  131
  124  119  115  111  107  101   96   92   92   97  104  119  134  154  172  189
  198  208  214  222  227  232  235  258  245                                   
    25.0-180.0 180.0   5.0 450.0                            LAT/LON1/LON2/DLON/H
  261  260  260  260  261  260  260  266  271  280  284  287  286  283  281  276
  275  267  266  255  254  248  254  252  256  246  243  230  229  220  221  217
  216  209  203  192  184  174  169  165  162  160  158  154  148  139  131  123
  116  110  106  102   99   94   92   88   87   88   96  110  129  148  171  187
  200  210  219  226  235  239  246  268  261                                   
    22.5-180.0 180.0   5.0 450.0                            LAT/LON1/LON2/DLON/H
  272  275  279  281  284  284  285  289  296  304  307  310  309  308  306  305
  301  295  288  277  269  262  261  256  254  243  236  226  221  217  214  213
  208  205  195  186  174  167  160  156  151  149  146  142  134  127  117  110
  104   99   96   93   93   91   89   86   84   85   89  103  119  143  164  186
  199  213  223  234  242  249  254  279  272                                   
    20.0-180.0 180.0   5.0 450.0                            LAT/LON1/LON2/DLON/H
  282  286  295  301  306  309  308  316  321  331  329  334  331  333  333  333
  331  323  315  299  289  275  274  262  258  242  237  224  222  214  211  205
  201  193  185  172  163  154  148  141  136  132  129  125  119  112  104   98
   93   90   88   87   89   87   87   82   79   77   83   95  114  137  164  187
  204  218  231  241  251  255  263  288  282                                   
    17.5-180.0 180.0   5.0 450.0                            LAT/LON1/LON2/DLON/H
  288  297  307  316  322  327  329  336  343  352  352  356  355  359  360  363
  360  354  342  325  309  292  282  267  256  239  230  219  215  209  203  199
  191  185  173  163  152  145  137  130  122  119  114  112  105   99   91   87
   84   82   83   83   85   85   85   82   77   76   77   90  106  133  159  187
  205  224  238  251  259  263  269  295  288                                   
    15.0-180.0 180.0   5.0 450.0                            LAT/LON1/LON2/DLON/H
  294  304  316  326  333  339  342  352  358  369  370  375  374  381  382  389
  387  383  370  352  334  311  296  276  263  242  232  218  213  204  199  191
  183  173  163  152  144  136  128  120  113  108  104  102   98   92   86   82
   80   79   80   80   83   81   81   76   73   70   74   85  104  129  161  187
  212  230  248  258  266  269  276  302  294                                   
    12.5-180.0 180.0   5.0 450.0                            LAT/LON1/LON2/DLON/H
  297  309  320  330  337  344  348  359  366  378  381  388  389  396  399  408
  408  407  395  379  357  330  308  284  266  246  231  217  210  202  195  187
  178  169  158  149  140  134  124  118  108  105  100  101   95   92   84   81
   78   78   79   79   81   80   79   76   72   70   71   82   98  126  157  189
  212  235  254  266  274  276  282  309  297                                   
    10.0-180.0 180.0   5.0 450.0                            LAT/LON1/LON2/DLON/H
  303  315  325  333  339  346  350  361  367  381  385  395  396  405  406  418
  418  420  409  397  375  347  321  296  276  253  237  221  212  201  193  185
  176  165  157  148  142  136  128  121  112  108  106  105  103   97   91   85
   83   80   80   77   79   75   75   70   68   65   68   78   97  123  159  188
  216  238  260  271  280  283  291  318  303                                   
     7.5-180.0 180.0   5.0 450.0                            LAT/LON1/LON2/DLON/H
  308  324  330  335  337  342  347  357  364  377  383  393  395  404  405  416
  417  423  414  407  385  360  331  304  282  259  242  225  214  203  195  188
