data/unet/pred2210.15i
     1.0            IONOSPHERE MAPS     GNSS                IONEX VERSION / TYPE
pyspatialgeodesy        IME             05-JAN-18 20:20     PGM / RUN BY / DATE 
Map Name                                                    COMMENT             
Predicted global ionosphere maps (GIM).                     DESCRIPTION         
  2015     8     9     0     0     0                        EPOCH OF FIRST MAP  
  2015     8    10     0     0     0                        EPOCH OF LAST MAP   
  7200                                                      INTERVAL            
    13                                                      # OF MAPS IN FILE   
  NONE                                                      MAPPING FUNCTION    
10.0                                                        ELEVATION CUTOFF    
One-way carrier phase leveled to code                       OBSERVABLES USED    
  6371.0                                                    BASE RADIUS         
 2                                                          MAP DIMENSION       
   450.0 450.0   0.0                                        HGT1 / HGT2 / DHGT  
    87.5 -87.5  -2.5                                        LAT1 / LAT2 / DLAT  
  -180.0 180.0   5.0                                        LON1 / LON2 / DLON  
    -1                                                      EXPONENT            
                                                            END OF HEADER       
[from data line 4719]
    12                                                      START OF TEC MAP    
  2015     8     9    22     0     0                        EPOCH OF CURRENT MAP
    87.5-180.0 180.0   5.0 450.0                            LAT/LON1/LON2/DLON/H
  178  129  116  120  119  118  119  119  119  119  120  120  121  120  121  120
  120  119  120  118  119  118  118  117  117  115  115  114  114  112  112  110
  110  109  109  108  108  107  107  106  106  106  106  106  106  107  107  107
  108  108  109  109  110  111  111  111  112  112  113  113  114  114  114  114
  115  115  116  117  118  117  121  156  178                                   
    85.0-180.0 180.0   5.0 450.0                            LAT/LON1/LON2/DLON/H
  120  112  112  117  116  116  117  117  118  119  120  121  121  122  123  123
  123  123  122  121  121  120  119  118  117  116  115  113  112  110  108  107
  105  104  103  102  101  101  100  100  100  100  100  101  101  102  102  103
  104  105  106  106  107  108  108  109  110  110  110  111  111  112  112  112
  112  113  113  113  114  114  117  138  120                                   
    82.5-180.0 180.0   5.0 450.0                            LAT/LON1/LON2/DLON/H
  114  114  116  118  117  117  119  120  122  123  125  126  129  129  131  131
  133  132  133  131  132  130  129  127  126  123  122  119  117  115  113  110
  109  106  105  104  103  102  102  101  101  101  102  102  103  104  105  106
  107  108  110  110  112  112  113  114  115  115  115  115  116  116  116  116
  116  116  116  116  116  113  117  131  114                                   
    80.0-180.0 180.0   5.0 450.0                            LAT/LON1/LON2/DLON/H
  117  118  115  118  116  118  119  122  124  127  129  132  134  137  138  140
  140  140  140  140  140  138  137  135  133  130  127  125  121  119  115  113
  110  108  105  105  102  102  100  100   99  100   99  101  101  104  103  107
  106  110  109  113  112  115  114  116  115  117  115  118  116  118  116  118
  116  118  116  117  115  115  114  124  117                                   
    77.5-180.0 180.0   5.0 450.0                            LAT/LON1/LON2/DLON/H
  115  119  116  116  117  117  122  123  128  130  135  137  141  142  146  146
  149  147  149  147  147  145  144  140  139  135  133  128  125  121  119  115
  112  109  108  105  104  102  102  101  100  100  101  101  102  104  105  107
  109  110  112  113  114  114  116  115  116  115  116  115  116  116  117  116
  117  116  117  115  117  112  113  120  115                                   
    75.0-180.0 180.0   5.0 450.0                            LAT/LON1/LON2/DLON/H
  114  118  115  119  118  122  123  128  131  136  139  144  146  150  151  153
  153  153  152  152  150  149  146  144  141  138  134  131  126  124  120  118
  114  113  109  109  106  106  103  103  101  102  100  102  101  104  104  108
  108  111  111  113  112  113  112  113  111  112  111  112  112  113  113  115
  115  116  116  116  116  114  114  123  114                                   
    72.5-180.0 180.0   5.0 450.0                            LAT/LON1/LON2/DLON/H
  114  120  118  120  121  123  128  129  135  138  145  147  152  153  156  155
  157  154  155  152  151  148  147  143  141  135  134  128  126  120  119  115
  114  111  111  109  108  106  105  103  101  100  100   99  100  101  103  104
  106  107  108  108  108  107  107  106  106  105  106  106  108  109  111  112
  114  115  117  116  118  115  114  123  114                                   
    70.0-180.0 180.0   5.0 450.0                            LAT/LON1/LON2/DLON/H
  115  122  121  125  125  128  130  135  139  144  148  153  156  158  158  159
  157  156  154  153  151  149  146  143  138  135  130  126  122  119  115  114
  111  111  109  109  106  105  103  100   98   96   94   94   94   96   96   99
   99  101  100  100   99   98   97   96   96   96   98   99  102  105  107  110
  112  114  116  117  119  116  117  127  115                                   
    67.5-180.0 180.0   5.0 450.0                            LAT/LON1/LON2/DLON/H
  117  125  125  127  128  129  134  136  142  145  152  155  160  159  161  159
  159  155  155  151  151  147  146  140  138  130  128  121  119  114  113  109
  110  107  107  105  104  101   99   95   92   89   88   86   87   87   89   89
   91   90   90   89   88   87   86   87   87   89   91   94   98  101  106  109
  112  114  117  118  121  119  119  128  117                                   
    65.0-180.0 180.0   5.0 450.0                            LAT/LON1/LON2/DLON/H
  120  128  128  132  132  134  136  140  144  149  153  158  160  162  162  162
  159  158  155  155  152  151  147  143  137  132  126  121  117  114  111  110
  107  106  103  102  100   97   93   89   85   83   80   80   80   81   81   82
   81   81   79   78   76   75   75   76   78   81   85   89   94   99  104  108
  111  114  117  118  122  121  122  132  120                                   
    62.5-180.0 180.0   5.0 450.0                            LAT/LON1/LON2/DLON/H
  123  131  132  135  135  135  139  141  146  148  154  156  161  161  163  161
  161  157  157  155  155  152  150  144  141  133  130  122  120  114  114  109
  108  104  103   98   97   91   89   83   81   76   76   74   76   75   76   75
   75   72   71   68   66   66   67   69   72   77   82   88   93   99  104  108
  111  114  116  118  122  122  123  134  123                                   
    60.0-180.0 180.0   5.0 450.0                            LAT/LON1/LON2/DLON/H
  126  134  136  139  138  139  140  143  145  148  152  157  159  162  162  163
  161  160  158  160  159  159  155  152  146  141  135  130  126  123  120  117
  112  109  103  100   95   91   86   83   79   77   75   76   75   76   74   74
   71   68   64   62   59   59   60   65   69   76   82   90   95  101  105  108
  111  112  114  116  120  121  124  136  126                                   
    57.5-180.0 180.0   5.0 450.0                            LAT/LON1/LON2/DLON/H
  128  137  139  143  142  141  143  142  145  146  150  152  157  158  161  159
  160  158  160  160  163  161  161  155  153  145  143  137  137  132  131  125
  121  113  109  102   98   91   89   84   82   80   80   79   80   79   77   74
   70   66   61   58   55   56   58   63   69   76   83   91   97  103  106  110
  110  111  112  114  118  120  124  135  128                                   
    55.0-180.0 180.0   5.0 450.0                            LAT/LON1/LON2/DLON/H
  132  141  143  148  146  145  145  145  144  145  147  152  154  158  158  160
  159  160  160  163  165  167  165  164  159  155  151  149  148  146  144  139
  132  124  115  109  102   98   94   92   89   89   88   89   87   87   83   80
   73   69   61   59   55   57   59   66   71   80   86   94   99  105  108  110
  110  111  111  112  117  120  126  139  132                                   
    52.5-180.0 180.0   5.0 450.0                            LAT/LON1/LON2/DLON/H
  137  147  148  154  152  151  151  148  148  146  147  148  151  152  156  154
  156  155  159  161  166  167  169  165  163  158  158  155  158  155  156  149
  143  132  124  115  109  104  102   99   98   98   98   98   97   95   90   85
   79   73   66   63   60   62   64   69   76   83   89   96  100  107  109  112
  112  113  113  114  119  121  126  140  137                                   
    50.0-180.0 180.0   5.0 450.0                            LAT/LON1/LON2/DLON/H
  144  153  154  160  159  158  157  155  152  150  149  150  151  154  154  155
  154  156  157  162  165  170  170  171  167  165  163  165  166  167  165  160
  152  142  132  124  118  114  110  109  107  108  107  107  106  103   97   92
   85   80   73   71   67   69   70   76   81   88   92   99  103  108  111  114
  115  116  117  119  124  125  132  147  144                                   
    47.5-180.0 180.0   5.0 450.0                            LAT/LON1/LON2/DLON/H
  151  161  161  168  167  166  167  164  161  157  155  154  154  154  154  152
  153  152  156  159  166  169  173  171  171  168  170  169  173  171  170  164
  156  146  139  132  127  123  121  119  118  118  117  116  113  110  104   99
   92   87   82   80   78   78   78   82   86   92   96  102  105  112  115  121
  123  126  127  129  132  133  136  151  151                                   
    45.0-180.0 180.0   5.0 450.0                            LAT/LON1/LON2/DLON/H
  158  167  167  174  175  175  176  176  172  169  165  164  161  160  158  158
  155  156  158  164  168  174  175  177  175  175  174  176  176  176  172  167
  159  152  145  142  137  135  132  130  128  126  124  123  119  115  109  104
   99   96   91   90   87   87   86   89   91   96   99  106  109  116  122  129
  133  138  140  142  144  144  148  162  158                                   
    42.5-180.0 180.0   5.0 450.0                            LAT/LON1/LON2/DLON/H
  165  173  173  180  182  185  188  188  187  183  179  176  171  169  165  162
  160  159  162  166  173  177  182  182  183  181  182  181  182  178  174  168
  162  156  153  151  150  148  145  141  138  136  132  130  125  121  115  111
  107  105  102  100   97   96   93   94   96  101  105  111  116  124  132  141
  148  154  156  158  158  156  154  171  165                                   
    40.0-180.0 180.0   5.0 450.0                            LAT/LON1/LON2/DLON/H
  171  178  178  184  187  190  195  199  198  196  192  189  183  180  175  173
  169  170  171  177  181  187  191  193  193  193  192  191  187  182  176  170
  166  163  163  163  162  160  157  152  148  144  140  136  131  126  121  118
  115  114  111  109  106  103   99   99  100  105  109  118  125  136  145  155
  163  169  172  174  173  169  167  183  171                                   
    37.5-180.0 180.0   5.0 450.0                            LAT/LON1/LON2/DLON/H
  176  182  181  188  191  196  202  207  209  208  206  202  197  192  186  183
  180  180  182  186  193  197  204  205  207  206  205  201  196  188  181  175
  173  174  175  178  177  175  170  164  158  154  149  144  138  134  129  126
  124  123  120  117  112  107  102  102  104  109  116  126  136  148  159  170
  179  185  189  189  187  182  175  193  176                                   
    35.0-180.0 180.0   5.0 450.0                            LAT/LON1/LON2/DLON/H
  183  189  188  196  198  202  209  215  218  220  219  217  212  207  201  198
  196  195  197  201  206  211  216  219  222  222  220  215  208  197  190  185
  185  187  191  191  189  184  179  172  167  162  158  151  145  139  135  132
  129  128  125  121  115  110  104  103  106  111  121  133  146  159  173  184
  194  200  203  203  200  194  189  205  183                                   
    32.5-180.0 180.0   5.0 450.0                            LAT/LON1/LON2/DLON/H
  194  196  197  204  206  210  217  224  229  232  233  233  229  224  218  214
  211  211  212  214  218  222  229  232  237  236  233  226  220  210  203  200
  200  203  204  202  197  191  185  180  176  172  167  161  153  147  141  138
  135  132  128  122  116  109  103  101  104  111  121  136  151  168  183  195
  205  210  214  213  210  205  197  218  194                                   
    30.0-180.0 180.0   5.0 450.0                            LAT/LON1/LON2/DLON/H
  207  207  210  217  217  222  227  235  240  246  247  249  245  240  233  229
  226  223  224  224  228  231  237  242  249  249  248  242  235  222  217  210
  211  209  209  205  200  191  187  182  181  178  176  168  160  150  144  137
  134  129  125  119  113  107  101  100  102  109  121  137  155  172  190  202
  214  219  222  222  219  212  211  231  207                                   
    27.5-180.0 180.0   5.0 450.0                            LAT/LON1/LON2/DLON/H
  225  223  226  231  232  235  240  247  252  258  260  262  260  254  248  242
  239  235  233  232  234  237  244  249  256  258  258  255  248  237  227  221
  218  217  212  207  198  191  184  182  182  184  181  175  165  153  144  135
  130  124  120  112  108  102   98   96   98  105  116  134  151  173  192  207
  218  225  229  228  227  223  223  247  225                                   
    25.0-180.0 180.0   5.0 450.0                            LAT/LON1/LON2/DLON/H
  246  245  245  251  251  256  256  266  269  277  277  282  279  275  266  260
  255  249  246  243  244  248  254  260  267  270  272  269  262  250  238  229
  225  218  212  200  191  182  177  175  179  180  181  174  164  149  139  128
  123  115  111  105  102   99   96   94   94   99  110  125  146  168  191  207
  221  228  234  235  235  232  240  263  246                                   
    22.5-180.0 180.0   5.0 450.0                            LAT/LON1/LON2/DLON/H
  267  266  269  275  277  278  280  285  290  295  296  300  297  293  284  275
  269  261  255  252  253  257  262  268  274  276  277  272  266  251  239  228
  221  212  200  188  177  168  164  166  170  175  175  170  158  142  129  118
  111  103  100   95   94   93   92   89   88   91   97  114  131  160  185  208
  223  232  239  241  245  246  254  280  267                                   
    20.0-180.0 180.0   5.0 450.0                            LAT/LON1/LON2/DLON/H
  286  286  290  297  299  303  303  309  312  319  318  323  318  316  305  299
  289  282  274  270  269  271  273  276  280  280  278  271  263  247  236  223
  213  197  184  170  162  152  152  153  162  165  167  160  149  132  121  109
  104   95   92   87   89   89   89   86   83   81   88  100  123  149  182  207
  226  236  244  249  255  256  270  296  286                                   
    17.5-180.0 180.0   5.0 450.0                            LAT/LON1/LON2/DLON/H
  302  303  307  314  319  321  327  329  336  340  341  344  340  339  329  324
  313  306  296  292  285  286  285  286  287  281  277  266  256  239  228  213
  200  183  168  156  144  138  137  142  149  155  155  148  136  121  109   99
   93   87   84   82   84   86   86   82   77   75   77   92  111  144  177  208
  229  243  253  259  266  271  283  311  302                                   
    15.0-180.0 180.0   5.0 450.0                            LAT/LON1/LON2/DLON/H
  313  316  317  325  331  337  343  349  355  361  364  369  366  367  358  354
  342  334  324  317  310  308  302  300  295  285  276  261  248  229  219  200
  188  168  156  144  136  131  133  136  145  147  148  138  129  114  105   95
   90   83   81   79   82   84   84   79   74   68   71   81  106  135  176  208
  235  249  263  269  278  283  298  325  313                                   
    12.5-180.0 180.0   5.0 450.0                            LAT/LON1/LON2/DLON/H
  323  325  324  332  339  346  355  360  371  377  382  388  389  392  386  384
  373  365  354  346  338  332  322  317  306  292  277  259  243  227  211  195
  181  165  154  143  136  134  135  139  143  145  142  135  124  112  102   93
   88   81   79   77   79   82   81   77   70   66   65   78   98  133  172  211
  235  255  269  280  289  298  312  340  323                                   
    10.0-180.0 180.0   5.0 450.0                            LAT/LON1/LON2/DLON/H
  331  333  331  336  343  352  359  367  376  384  389  398  402  407  403  401
  392  386  377  370  361  351  339  330  318  301  283  260  243  223  207  190
  178  162  155  147  146  144  148  148  150  146  145  136  128  114  105   95
   90   83   80   78   79   80   79   74   68   63   64   74   97  128  172  208
  240  257  277  288  301  311  328  354  331                                   
     7.5-180.0 180.0   5.0 450.0                            LAT/LON1/LON2/DLON/H
  342  347  341  345  349  357  362  371  376  386  390  402  406  415  411  412
  406  403  395  389  379  368  353  344  330  313  291  270  250  231  213  198
