data/unet/pred1800.15i
     1.0            IONOSPHERE MAPS     GNSS                IONEX VERSION / TYPE
pyspatialgeodesy        IME             05-JAN-18 20:20     PGM / RUN BY / DATE 
Map Name                                                    COMMENT             
Predicted global ionosphere maps (GIM).                     DESCRIPTION         
  2015     6    29     0     0     0                        EPOCH OF FIRST MAP  
  2015     6    30     0     0     0                        EPOCH OF LAST MAP   
  7200                                                      INTERVAL            
    13                                                      # OF MAPS IN FILE   
  NONE                                                      MAPPING FUNCTION    
10.0                                                        ELEVATION CUTOFF    
One-way carrier phase leveled to code                       OBSERVABLES USED    
  6371.0                                                    BASE RADIUS         
 2                                                          MAP DIMENSION       
   450.0 450.0   0.0                                        HGT1 / HGT2 / DHGT  
    87.5 -87.5  -2.5                                        LAT1 / LAT2 / DLAT  
  -180.0 180.0   5.0                                        LON1 / LON2 / DLON  
    -1                                                      EXPONENT            
                                                            END OF HEADER       
[from data line 4290]
    11                                                      START OF TEC MAP    
  2015     6    29    20     0     0                        EPOCH OF CURRENT MAP
    87.5-180.0 180.0   5.0 450.0                            LAT/LON1/LON2/DLON/H
  166  137  118  123  120  120  119  119  118  119  117  118  117  117  116  116
  115  115  113  114  113  114  112  113  112  113  111  112  111  112  110  111
  110  111  109  110  109  110  109  109  109  110  109  110  110  111  111  112
  112  113  113  114  114  115  115  116  116  117  116  117  117  118  117  118
  118  119  119  120  121  121  120  152  166                                   
    85.0-180.0 180.0   5.0 450.0                            LAT/LON1/LON2/DLON/H
  122  119  118  119  122  116  120  116  120  115  119  114  118  114  118  113
  117  112  117  112  116  111  115  110  114  108  112  107  111  105  110  104
  109  103  108  103  107  102  106  102  107  103  108  104  109  106  111  108
  112  110  114  111  115  113  116  113  116  114  117  114  118  115  118  115
  119  116  120  116  121  117  119  142  122                                   
    82.5-180.0 180.0   5.0 450.0                            LAT/LON1/LON2/DLON/H
  125  123  122  125  122  122  121  123  121  123  120  123  120  122  120  123
  119  122  119  122  118  121  117  120  116  118  114  116  112  114  111  113
  109  111  108  110  107  109  107  109  107  109  108  110  109  111  111  113
  113  115  114  116  116  118  117  118  117  119  118  119  118  120  119  120
  119  121  120  122  121  120  118  133  125                                   
    80.0-180.0 180.0   5.0 450.0                            LAT/LON1/LON2/DLON/H
  130  121  120  120  119  118  120  118  120  118  120  118  120  118  121  118
  121  118  120  117  120  117  119  116  118  114  116  112  113  109  111  107
  108  104  106  103  105  102  104  102  104  102  105  103  106  105  108  108
  111  110  113  113  116  115  118  116  118  116  118  116  118  115  118  115
  118  115  118  115  120  116  115  130  130                                   
    77.5-180.0 180.0   5.0 450.0                            LAT/LON1/LON2/DLON/H
  127  122  119  118  118  117  118  117  119  117  119  118  120  119  121  120
  122  120  122  121  122  120  122  120  121  118  119  116  116  113  113  110
  110  106  107  104  105  103  104  103  103  103  104  104  105  105  107  107
  108  109  111  112  113  114  115  115  115  115  115  115  115  114  115  114
  114  114  115  115  116  115  113  123  127                                   
    75.0-180.0 180.0   5.0 450.0                            LAT/LON1/LON2/DLON/H
  128  119  118  122  120  121  121  121  121  122  123  123  124  125  126  127
  128  129  129  130  130  131  130  130  129  127  126  124  122  119  119  115
  114  111  111  108  108  105  106  103  104  103  104  103  104  104  106  106
  109  109  112  112  114  114  115  115  116  115  116  115  116  115  116  115
  116  115  117  116  117  115  114  128  128                                   
    72.5-180.0 180.0   5.0 450.0                            LAT/LON1/LON2/DLON/H
  129  122  120  122  121  120  121  121  122  122  124  124  127  127  130  130
  133  132  135  134  136  135  136  133  134  130  130  126  125  121  120  116
  116  112  112  109  108  107  106  104  104  104  104  103  103  102  103  103
  105  105  108  108  109  109  111  110  111  110  112  111  112  112  113  112
  113  114  115  115  116  116  114  126  129                                   
    70.0-180.0 180.0   5.0 450.0                            LAT/LON1/LON2/DLON/H
  133  123  123  125  124  124  125  124  126  126  128  129  132  134  137  137
  140  140  142  142  144  143  143  141  140  136  134  130  128  124  122  119
  118  115  114  112  111  109  108  106  106  105  104  103  102  102  103  102
  105  105  107  106  108  107  108  108  109  108  110  109  111  111  113  112
  114  115  117  117  120  118  117  130  133                                   
    67.5-180.0 180.0   5.0 450.0                            LAT/LON1/LON2/DLON/H
  137  128  127  128  128  126  127  125  127  126  130  130  136  136  142  142
  146  145  147  145  148  145  147  142  142  137  135  129  128  123  123  118
  119  115  116  113  113  111  111  109  108  106  105  102  101   98   99   98
  100  100  101  101  102  101  101  100  100  101  102  104  106  107  110  111
  113  114  117  119  122  122  120  131  137                                   
    65.0-180.0 180.0   5.0 450.0                            LAT/LON1/LON2/DLON/H
  142  132  133  135  134  133  133  132  133  132  135  137  142  144  149  151
  153  153  154  153  154  152  152  149  147  142  138  134  130  127  126  124
  123  121  120  118  117  116  115  113  111  109  107  104  101   99   98   97
   99   99   99   99   98   97   95   95   95   96   99  101  105  106  110  112
  115  117  121  122  128  127  125  136  142                                   
    62.5-180.0 180.0   5.0 450.0                            LAT/LON1/LON2/DLON/H
  148  139  140  141  140  138  138  135  136  134  138  139  145  147  153  153
  157  154  156  153  155  152  154  149  149  142  140  133  133  128  130  126
  128  124  126  122  123  121  120  118  117  113  110  105  101   97   95   93
   94   94   94   92   90   89   86   85   85   87   90   95   99  103  108  110
  114  117  121  124  129  131  129  140  148                                   
    60.0-180.0 180.0   5.0 450.0                            LAT/LON1/LON2/DLON/H
  152  144  148  149  149  147  146  142  143  140  143  144  150  151  158  157
  161  158  159  156  159  156  158  155  154  148  146  141  140  138  138  137
  137  137  135  134  132  131  129  128  125  122  117  111  105  100   97   95
   95   94   93   91   89   85   81   79   80   82   86   90   98  101  107  110
  115  118  123  126  133  134  133  145  152                                   
    57.5-180.0 180.0   5.0 450.0                            LAT/LON1/LON2/DLON/H
  156  151  153  155  154  152  151  147  146  143  144  144  149  151  156  156
  159  155  156  153  156  154  159  154  157  149  150  143  147  143  148  144
  149  144  145  141  141  138  138  135  133  128  123  115  109  101   98   95
   94   93   92   88   84   79   74   72   71   74   79   86   92   98  103  107
  111  115  121  124  130  133  133  146  156                                   
    55.0-180.0 180.0   5.0 450.0                            LAT/LON1/LON2/DLON/H
  157  153  158  160  161  160  159  155  154  148  149  146  152  150  157  154
  157  153  155  152  156  156  162  160  162  158  158  154  157  157  160  160
  162  160  158  155  153  152  151  149  144  140  132  124  115  108  102   99
   97   95   93   89   83   77   71   68   68   71   77   83   91   96  103  105
  111  115  121  125  131  134  135  151  157                                   
    52.5-180.0 180.0   5.0 450.0                            LAT/LON1/LON2/DLON/H
  158  156  160  163  163  165  164  162  158  154  151  148  150  150  152  151
  152  148  149  146  152  153  160  160  165  160  163  159  165  163  172  168
  173  167  167  160  161  158  158  153  151  143  137  126  118  110  104  100
   97   96   93   88   82   75   69   64   64   68   73   81   87   94   99  103
  108  113  119  123  129  132  134  151  158                                   
    50.0-180.0 180.0   5.0 450.0                            LAT/LON1/LON2/DLON/H
  159  158  164  167  169  172  174  171  169  163  161  155  155  151  154  150
  152  147  149  146  152  155  163  165  170  169  173  171  176  178  184  183
  184  181  178  173  172  170  169  165  160  153  145  135  125  117  111  106
  103  100   97   93   86   79   72   67   67   70   77   83   90   95  101  105
  111  116  123  127  133  136  138  157  159                                   
    47.5-180.0 180.0   5.0 450.0                            LAT/LON1/LON2/DLON/H
  162  161  165  168  171  176  178  179  176  174  167  163  160  156  154  151
  150  146  147  145  152  154  164  165  173  172  178  177  184  184  192  188
  192  185  186  178  179  175  176  169  166  156  149  138  129  121  114  110
  105  103  100   97   90   83   76   72   71   74   79   86   90   95  100  106
  111  118  124  129  134  138  141  158  162                                   
    45.0-180.0 180.0   5.0 450.0                            LAT/LON1/LON2/DLON/H
  164  167  170  173  176  183  186  187  187  185  183  176  173  164  163  155
  156  150  152  150  156  159  169  172  180  182  188  189  194  197  200  200
  200  197  194  191  190  189  187  182  176  167  157  148  138  131  124  119
  114  112  109  106  100   93   87   83   82   85   89   93   98  101  106  111
  119  125  133  137  143  146  150  166  164                                   
    42.5-180.0 180.0   5.0 450.0                            LAT/LON1/LON2/DLON/H
  171  171  172  175  179  186  191  196  196  198  194  191  184  177  170  164
  160  157  157  156  161  163  172  175  185  186  195  194  203  201  208  205
  208  203  204  199  201  197  197  190  184  172  164  153  145  138  131  125
  120  118  116  113  109  104   98   94   92   94   95   98  100  104  108  115
  123  132  138  144  148  153  157  172  171                                   
    40.0-180.0 180.0   5.0 450.0                            LAT/LON1/LON2/DLON/H
  179  182  182  186  188  196  201  206  210  212  214  208  205  193  187  176
  174  167  169  166  171  173  182  186  194  199  205  209  213  215  217  218
  220  218  220  217  218  215  214  206  197  186  177  168  160  154  146  140
  134  131  130  127  123  118  113  110  107  107  108  108  110  111  117  124
  133  142  149  154  159  163  168  182  179                                   
    37.5-180.0 180.0   5.0 450.0                            LAT/LON1/LON2/DLON/H
  189  191  189  190  195  200  208  214  221  227  229  229  222  215  204  196
  187  183  181  180  182  184  192  194  204  207  217  219  226  226  230  231
  234  235  236  235  234  232  227  219  208  196  187  178  172  166  158  151
  145  142  140  139  135  131  125  123  117  117  114  114  112  115  120  129
  138  148  154  160  164  170  176  189  189                                   
    35.0-180.0 180.0   5.0 450.0                            LAT/LON1/LON2/DLON/H
  200  202  200  204  205  214  218  227  236  246  252  253  250  240  230  217
  211  202  201  196  199  199  206  209  218  224  233  238  243  246  250  252
  258  259  261  257  256  251  245  233  222  209  201  192  188  181  176  166
  160  155  154  151  148  143  137  133  129  126  122  120  120  122  127  136
  147  156  163  168  173  177  184  199  200                                   
    32.5-180.0 180.0   5.0 450.0                            LAT/LON1/LON2/DLON/H
  207  210  209  211  216  219  228  235  249  260  270  275  272  266  252  243
  231  225  218  215  214  215  220  224  233  239  249  255  262  267  271  278
  281  284  281  278  271  266  256  245  230  218  208  201  196  192  184  178
  168  166  160  160  153  150  142  139  132  129  123  122  120  124  128  139
  147  157  162  168  174  181  188  207  207                                   
    30.0-180.0 180.0   5.0 450.0                            LAT/LON1/LON2/DLON/H
  216  219  220  226  227  237  239  250  260  275  285  293  292  289  277  269
  257  248  240  232  230  229  235  240  249  258  268  277  285  290  296  300
  305  303  300  289  282  271  263  248  237  223  216  208  204  197  191  182
  175  170  166  161  155  149  142  137  131  126  122  120  121  124  132  142
  152  160  166  172  178  184  193  212  216                                   
    27.5-180.0 180.0   5.0 450.0                            LAT/LON1/LON2/DLON/H
  218  223  226  231  238  242  251  256  271  282  296  307  309  310  302  295
  283  275  263  255  250  247  253  256  267  275  287  296  305  311  315  320
  322  319  309  297  282  271  258  247  233  224  215  210  204  200  190  185
  174  171  161  157  147  142  133  129  122  120  115  116  116  122  129  140
  148  157  163  170  176  186  194  214  218                                   
    25.0-180.0 180.0   5.0 450.0                            LAT/LON1/LON2/DLON/H
  225  230  236  244  250  262  265  276  283  298  311  324  330  334  329  324
  312  304  291  281  273  269  271  274  284  293  304  315  325  329  334  333
  335  325  314  295  280  264  252  240  230  219  214  207  202  195  188  179
  171  163  154  145  135  128  121  117  113  109  107  106  110  116  127  137
  147  156  164  172  180  187  196  216  225                                   
    22.5-180.0 180.0   5.0 450.0                            LAT/LON1/LON2/DLON/H
  226  235  240  250  261  271  280  286  297  310  326  340  349  357  354  353
  343  334  320  307  298  291  292  293  300  308  319  329  337  342  342  341
  336  327  310  292  272  256  241  230  220  212  205  200  195  188  180  171
  161  154  141  132  119  113  106  105  100  100   96   99  101  111  120  132
  142  154  163  173  182  193  199  219  226                                   
    20.0-180.0 180.0   5.0 450.0                            LAT/LON1/LON2/DLON/H
  233  238  248  259  270  287  295  307  314  330  344  358  370  380  382  384
  377  370  352  341  325  318  312  311  315  322  331  340  346  348  347  342
  335  322  305  283  265  247  234  223  215  206  201  194  189  180  172  161
  153  142  131  118  106   99   93   93   91   90   89   90   94  100  112  124
  139  151  166  177  188  198  204  223  233                                   
    17.5-180.0 180.0   5.0 450.0                            LAT/LON1/LON2/DLON/H
  235  244  252  265  277  292  304  316  327  344  357  378  388  405  408  417
  410  406  387  373  356  342  334  327  329  334  341  347  350  349  344  338
  328  315  297  276  258  241  228  218  209  202  195  188  181  172  163  151
  142  131  118  105   93   87   82   83   81   83   80   83   84   94  101  118
  131  149  166  181  193  205  208  227  235                                   
    15.0-180.0 180.0   5.0 450.0                            LAT/LON1/LON2/DLON/H
  244  249  258  269  279  296  310  325  338  354  370  389  405  422  432  442
  442  439  421  405  384  368  354  345  345  346  352  353  355  351  345  334
  323  307  290  271  256  240  230  220  212  202  197  188  182  170  161  146
  137  122  111   97   87   80   78   79   78   78   77   78   79   84   92  105
  123  142  165  182  197  209  214  231  244                                   
    12.5-180.0 180.0   5.0 450.0                            LAT/LON1/LON2/DLON/H
  246  256  266  276  285  298  313  328  341  358  372  396  409  432  441  458
  458  463  449  435  410  391  374  363  359  361  360  361  357  351  340  330
  315  302  283  269  254  242  232  224  214  206  197  190  180  168  157  142
  129  117  104   93   82   79   76   79   76   77   72   74   72   77   82   96
  112  138  160  183  199  213  216  236  246                                   
    10.0-180.0 180.0   5.0 450.0                            LAT/LON1/LON2/DLON/H
  256  262  271  280  285  299  312  329  341  358  371  391  408  430  445  461
  468  474  465  454  429  407  389  375  373  371  370  367  362  352  340  327
  313  298  283  270  258  250  242  234  223  212  203  194  185  171  158  142
  129  114  103   92   83   79   78   78   76   74   71   70   69   71   74   85
  103  128  155  176  197  211  221  236  256                                   
     7.5-180.0 180.0   5.0 450.0                            LAT/LON1/LON2/DLON/H
  256  268  281  287  294  302  314  328  341  354  365  382  395  418  433  454
  463  473  468  460  435  415  397  387  382  383  377  373  361  350  334  322
