data/unet/pred1600.15i
     1.0            IONOSPHERE MAPS     GNSS                IONEX VERSION / TYPE
pyspatialgeodesy        IME             05-JAN-18 20:20     PGM / RUN BY / DATE 
Map Name                                                    COMMENT             
Predicted global ionosphere maps (GIM).                     DESCRIPTION         
  2015     6     9     0     0     0                        EPOCH OF FIRST MAP  
  2015     6    10     0     0     0                        EPOCH OF LAST MAP   
  7200                                                      INTERVAL            
    13                                                      # OF MAPS IN FILE   
  NONE                                                      MAPPING FUNCTION    
10.0                                                        ELEVATION CUTOFF    
One-way carrier phase leveled to code                       OBSERVABLES USED    
  6371.0                                                    BASE RADIUS         
 2                                                          MAP DIMENSION       
   450.0 450.0   0.0                                        HGT1 / HGT2 / DHGT  
    87.5 -87.5  -2.5                                        LAT1 / LAT2 / DLAT  
  -180.0 180.0   5.0                                        LON1 / LON2 / DLON  
    -1                                                      EXPONENT            
                                                            END OF HEADER       
     1                                                      START OF TEC MAP    
  2015     6     9     0     0     0                        EPOCH OF CURRENT MAP
    87.5-180.0 180.0   5.0 450.0                            LAT/LON1/LON2/DLON/H
  189  158  151  147  146  143  145  145  147  145  146  143  143  140  140  137
  137  134  135  131  132  128  130  126  129  125  128  123  126  122  125  119
  123  118  122  117  121  117  121  117  121  118  122  118  122  119  123  119
  123  120  124  121  125  122  126  123  128  125  130  127  132  130  135  133
  137  136  142  143  153  153  151  173  189                                   
    85.0-180.0 180.0   5.0 450.0                            LAT/LON1/LON2/DLON/H
  165  164  162  158  157  154  158  157  159  156  157  153  151  147  146  141
  141  136  136  132  132  129  129  125  126  122  123  120  120  117  118  113
  115  111  114  110  113  110  114  110  114  111  116  113  117  114  118  114
  118  115  120  116  120  117  122  119  124  122  127  126  131  130  136  135
  140  141  149  151  162  158  151  146  165                                   
    82.5-180.0 180.0   5.0 450.0                            LAT/LON1/LON2/DLON/H
  162  166  166  165  162  162  164  166  166  165  163  160  157  153  150  146
  143  138  137  133  131  127  126  123  122  118  119  115  115  111  111  108
  109  106  108  106  108  107  110  110  112  112  115  115  117  116  119  118
  120  118  121  119  122  120  124  123  126  126  130  130  134  135  140  141
  145  147  153  158  167  163  152  147  162                                   
    80.0-180.0 180.0   5.0 450.0                            LAT/LON1/LON2/DLON/H
  160  168  170  170  167  172  174  178  177  177  174  173  168  166  160  157
  152  149  144  142  138  136  132  130  126  125  122  121  117  116  113  113
  111  112  111  113  113  115  116  119  119  122  123  126  126  128  127  129
  128  129  128  130  129  130  129  132  132  135  136  140  140  144  145  149
  149  154  157  163  169  167  154  148  160                                   
    77.5-180.0 180.0   5.0 450.0                            LAT/LON1/LON2/DLON/H
  160  167  169  171  169  175  178  183  182  183  180  180  175  172  166  162
  156  152  148  144  141  139  136  133  130  127  126  123  121  118  117  116
  115  115  117  119  120  123  125  128  129  131  132  136  135  138  137  138
  136  138  136  138  136  137  136  138  137  140  141  144  144  148  149  152
  151  156  158  163  168  167  156  149  160                                   
    75.0-180.0 180.0   5.0 450.0                            LAT/LON1/LON2/DLON/H
  155  162  165  165  168  174  179  184  184  186  184  184  180  176  171  165
  160  153  151  146  145  141  140  137  134  131  129  126  123  121  119  119
  119  120  122  124  126  129  131  134  135  137  139  140  141  142  143  142
  143  142  143  142  142  141  141  140  141  141  143  144  145  147  149  150
  150  153  156  162  166  166  154  148  155                                   
    72.5-180.0 180.0   5.0 450.0                            LAT/LON1/LON2/DLON/H
  156  159  162  165  166  173  178  184  185  188  187  188  184  181  175  170
  164  160  155  152  149  148  144  143  139  137  133  131  127  127  125  126
  125  128  129  133  134  137  138  141  141  144  144  146  146  147  147  148
  148  149  149  149  148  148  146  146  145  146  147  147  147  149  150  151
  151  154  158  162  168  169  158  153  156                                   
    70.0-180.0 180.0   5.0 450.0                            LAT/LON1/LON2/DLON/H
  153  157  159  159  163  169  175  182  185  189  190  192  190  187  182  177
  172  167  163  158  156  153  151  147  144  141  137  134  131  131  130  131
  132  132  134  136  138  138  140  140  141  140  142  142  144  145  147  147
  150  150  153  152  153  152  152  150  151  150  152  150  151  151  152  152
  152  154  158  163  170  170  160  155  153                                   
    67.5-180.0 180.0   5.0 450.0                            LAT/LON1/LON2/DLON/H
  156  158  157  160  160  167  172  181  183  190  192  195  195  194  190  186
  181  176  170  167  162  160  155  153  147  145  141  140  137  137  136  137
  137  138  138  139  138  138  137  136  134  134  135  136  138  141  143  146
  148  151  152  154  154  155  154  154  153  154  154  154  153  153  153  153
  153  155  159  164  173  175  166  159  156                                   
    65.0-180.0 180.0   5.0 450.0                            LAT/LON1/LON2/DLON/H
  157  161  160  159  160  165  171  179  184  191  195  200  201  201  198  195
  190  185  180  175  170  165  161  156  152  148  145  143  143  142  142  141
  141  140  139  136  135  131  130  125  125  121  124  125  130  132  137  140
  145  147  151  152  155  154  156  154  156  155  156  155  156  154  154  152
  154  155  160  165  177  179  172  165  157                                   
    62.5-180.0 180.0   5.0 450.0                            LAT/LON1/LON2/DLON/H
  163  165  162  163  161  166  170  179  183  191  196  201  203  205  203  201
  198  194  189  183  178  174  167  164  157  156  152  152  150  151  148  148
  144  143  138  134  129  125  120  116  113  113  113  116  120  125  129  135
  139  143  147  149  152  154  155  155  156  156  157  157  157  155  154  153
  153  156  160  167  181  186  181  173  163                                   
    60.0-180.0 180.0   5.0 450.0                            LAT/LON1/LON2/DLON/H
  169  172  170  166  165  167  171  178  184  191  197  203  206  208  208  207
  205  201  196  191  186  180  175  169  166  162  161  159  159  157  156  152
  148  142  138  131  127  118  114  107  106  103  106  108  114  118  125  129
  135  139  144  147  152  154  157  157  159  158  160  159  159  156  155  153
  155  156  161  168  184  191  188  180  169                                   
    57.5-180.0 180.0   5.0 450.0                            LAT/LON1/LON2/DLON/H
  177  181  177  176  170  173  174  181  183  191  196  202  205  209  209  211
  209  207  204  199  194  190  184  180  175  174  171  171  168  167  161  158
  150  145  137  131  124  117  110  106  103  103  104  106  111  116  120  126
  130  136  140  145  150  154  157  158  160  160  161  161  159  158  155  154
  154  157  161  170  186  195  195  187  177                                   
    55.0-180.0 180.0   5.0 450.0                            LAT/LON1/LON2/DLON/H
  186  192  189  185  181  180  181  184  186  191  197  202  206  210  212  214
  214  212  211  207  205  200  196  190  188  183  183  180  178  174  168  161
  154  146  140  132  126  118  113  108  106  104  106  107  112  115  121  124
  131  134  141  145  153  157  162  163  165  165  167  165  165  161  160  155
  158  157  163  170  188  197  199  193  186                                   
    52.5-180.0 180.0   5.0 450.0                            LAT/LON1/LON2/DLON/H
  196  202  199  199  194  194  192  195  193  197  198  202  205  209  211  215
  215  217  216  215  213  212  208  204  200  198  194  193  187  183  174  167
  157  150  142  135  129  124  119  115  113  112  113  114  117  120  124  128
  132  137  140  148  155  162  166  169  170  172  171  170  167  165  160  159
  159  161  165  174  191  201  205  200  196                                   
    50.0-180.0 180.0   5.0 450.0                            LAT/LON1/LON2/DLON/H
  205  215  214  214  211  210  209  209  207  206  205  206  208  211  213  216
  219  221  222  222  224  222  221  216  214  208  205  200  195  187  177  168
  160  152  146  140  137  132  129  126  124  123  122  123  125  127  130  132
  137  140  146  151  163  168  175  178  182  183  185  181  179  174  172  168
  171  170  175  182  200  207  212  209  205                                   
    47.5-180.0 180.0   5.0 450.0                            LAT/LON1/LON2/DLON/H
  221  228  229  232  229  230  230  230  225  221  214  213  211  213  214  218
  221  224  227  230  232  233  232  228  224  218  212  207  199  191  178  170
  162  156  151  147  144  141  139  137  136  134  133  133  135  136  139  141
  144  147  152  159  170  179  186  192  196  198  199  196  191  186  182  180
  181  183  187  196  210  216  221  219  221                                   
    45.0-180.0 180.0   5.0 450.0                            LAT/LON1/LON2/DLON/H
  231  243  243  245  246  249  252  252  248  242  232  225  220  219  219  223
  226  231  237  241  246  246  245  238  233  224  218  209  202  191  180  170
  165  159  158  155  154  152  150  148  146  144  142  141  143  143  147  146
  151  152  158  165  177  186  197  203  210  213  217  213  209  203  199  196
  199  201  206  212  224  228  233  234  231                                   
    42.5-180.0 180.0   5.0 450.0                            LAT/LON1/LON2/DLON/H
  246  253  256  261  262  268  271  273  269  263  251  241  232  228  226  229
  232  238  245  251  255  255  252  244  238  230  221  214  204  195  181  176
  169  169  167  167  166  164  161  159  157  154  153  151  153  153  156  154
  158  158  164  171  182  194  204  214  223  230  233  231  226  222  217  216
  218  222  225  232  240  244  248  250  246                                   
    40.0-180.0 180.0   5.0 450.0                            LAT/LON1/LON2/DLON/H
  258  269  271  273  278  284  288  292  290  285  272  261  250  243  239  240
  242  249  256  263  267  266  262  252  245  235  228  219  210  200  189  182
  179  178  180  179  179  176  174  170  169  166  165  163  166  166  169  166
  168  166  172  177  190  201  214  224  237  244  250  248  245  240  237  235
  239  242  247  252  261  263  268  273  258                                   
    37.5-180.0 180.0   5.0 450.0                            LAT/LON1/LON2/DLON/H
  273  282  284  287  290  297  302  306  307  302  292  280  268  258  253  251
  252  258  265  272  277  274  268  258  251  246  238  233  222  215  202  199
  193  196  195  197  194  191  185  182  181  180  179  180  182  183  184  182
  180  179  182  190  201  216  227  243  252  264  269  271  265  261  257  255
  258  263  269  275  285  288  292  299  273                                   
    35.0-180.0 180.0   5.0 450.0                            LAT/LON1/LON2/DLON/H
  286  295  297  296  300  305  311  316  319  317  310  299  286  276  270  266
  266  271  277  285  289  287  282  272  267  261  257  250  242  230  219  213
  210  210  211  208  205  200  197  193  195  195  197  197  200  201  201  195
  194  188  192  195  210  222  239  252  268  278  287  286  285  279  275  271
  275  279  286  293  305  309  318  327  286                                   
    32.5-180.0 180.0   5.0 450.0                            LAT/LON1/LON2/DLON/H
  302  304  309  306  308  310  316  322  330  332  328  319  307  296  286  280
  278  283  289  296  301  299  295  287  284  282  280  276  268  256  241  234
  227  229  226  224  218  211  207  205  209  212  216  219  220  221  216  211
  201  197  194  200  213  231  247  265  278  291  298  303  300  300  295  293
  294  297  302  309  324  331  342  355  302                                   
    30.0-180.0 180.0   5.0 450.0                            LAT/LON1/LON2/DLON/H
  318  315  320  313  316  314  322  328  341  343  345  337  328  317  306  298
  296  298  302  310  314  314  312  306  306  307  307  306  296  283  266  255
  246  241  237  230  224  216  215  215  223  227  235  237  238  235  228  219
  208  201  198  202  214  230  251  268  285  295  307  309  314  311  313  309
  312  312  315  321  335  344  364  380  318                                   
    27.5-180.0 180.0   5.0 450.0                            LAT/LON1/LON2/DLON/H
  332  328  333  326  327  324  331  340  355  359  362  355  349  338  328  317
  313  311  316  323  327  327  326  325  326  330  332  329  318  303  286  272
  261  253  246  236  229  222  222  224  234  241  247  249  245  239  227  218
  204  198  193  197  205  222  242  264  283  299  308  319  322  330  330  335
  333  334  333  337  350  362  381  402  332                                   
    25.0-180.0 180.0   5.0 450.0                            LAT/LON1/LON2/DLON/H
  344  336  346  336  343  335  349  352  373  373  381  371  370  357  350  339
  333  330  331  336  339  340  343  344  347  353  351  347  331  314  293  278
  264  253  244  231  225  218  221  225  236  242  248  247  240  232  219  207
  194  187  183  186  194  210  229  254  276  297  311  321  331  337  346  348
  352  348  348  348  360  371  399  418  344                                   
    22.5-180.0 180.0   5.0 450.0                            LAT/LON1/LON2/DLON/H
  359  349  363  357  361  356  366  374  391  397  399  396  392  383  374  363
  358  351  351  352  354  355  358  362  365  369  364  355  335  314  290  274
  259  247  233  221  213  210  213  220  229  233  235  232  222  213  199  187
  176  170  166  169  177  192  213  236  262  284  302  318  330  345  353  364
  363  368  364  371  379  392  412  435  359                                   
    20.0-180.0 180.0   5.0 450.0                            LAT/LON1/LON2/DLON/H
  375  361  376  369  376  368  383  386  408  409  420  413  417  407  403  392
  384  378  374  372  372  371  375  377  378  376  365  350  326  302  278  261
  243  228  215  204  197  197  200  206  212  214  213  208  198  188  173  163
  155  150  150  153  162  178  198  224  248  274  293  313  330  347  362  371
  378  380  384  388  398  405  431  444  375                                   
    17.5-180.0 180.0   5.0 450.0                            LAT/LON1/LON2/DLON/H
  396  382  397  390  393  388  399  403  420  426  435  437  440  435  431  422
  416  405  401  395  392  390  389  389  384  375  356  334  306  282  258  238
  219  205  195  187  184  184  187  189  190  188  184  178  169  159  149  140
  136  133  134  139  150  165  186  211  237  262  283  307  330  353  368  383
  389  399  402  412  418  427  440  453  396                                   
    15.0-180.0 180.0   5.0 450.0                            LAT/LON1/LON2/DLON/H
  419  406  414  405  406  400  409  409  426  430  447  448  460  455  455  446
  441  431  420  412  404  398  395  390  380  362  335  307  278  255  233  215
  198  191  184  182  179  182  180  179  173  167  159  153  144  137  129  125
  122  121  123  130  141  158  178  206  231  257  280  307  333  357  376  390
  401  410  419  428  437  442  455  459  419                                   
    12.5-180.0 180.0   5.0 450.0                            LAT/LON1/LON2/DLON/H
  442  428  433  423  423  417  421  421  431  436  451  459  471  474  474  469
  466  453  441  425  414  404  398  386  367  338  305  276  249  227  210  196
  188  184  183  183  184  184  181  173  162  152  142  135  130  124  122  117
  116  114  116  124  135  152  175  200  228  256  280  312  339  364  383  401
  412  425  433  448  454  458  461  466  442                                   
    10.0-180.0 180.0   5.0 450.0                            LAT/LON1/LON2/DLON/H
  461  451  450  442  442  438  439  436  442  443  459  463  481  481  489  479
  476  461  446  426  411  397  388  373  346  310  275  246  222  206  195  190
  187  190  191  195  195  195  187  176  158  145  132  127  124  122  119  118
  115  113  113  121  129  146  169  197  227  258  286  319  346  371  393  410
  423  435  449  460  472  472  477  476  461                                   
     7.5-180.0 180.0   5.0 450.0                            LAT/LON1/LON2/DLON/H
  477  470  468  463  459  458  456  455  454  457  466  474  486  491  495  488
  481  465  449  426  408  390  375  353  319  281  247  220  203  194  193  193
