data/unet/pred1820.15i
     1.0            IONOSPHERE MAPS     GNSS                IONEX VERSION / TYPE
pyspatialgeodesy        IME             05-JAN-18 20:20     PGM / RUN BY / DATE 
Map Name                                                    COMMENT             
Predicted global ionosphere maps (GIM).                     DESCRIPTION         
  2015     7     1     0     0     0                        EPOCH OF FIRST MAP  
  2015     7     2     0     0     0                        EPOCH OF LAST MAP   
  7200                                                      INTERVAL            
    13                                                      # OF MAPS IN FILE   
  NONE                                                      MAPPING FUNCTION    
10.0                                                        ELEVATION CUTOFF    
One-way carrier phase leveled to code                       OBSERVABLES USED    
  6371.0                                                    BASE RADIUS         
 2                                                          MAP DIMENSION       
   450.0 450.0   0.0                                        HGT1 / HGT2 / DHGT  
    87.5 -87.5  -2.5                                        LAT1 / LAT2 / DLAT  
  -180.0 180.0   5.0                                        LON1 / LON2 / DLON  
    -1                                                      EXPONENT            
                                                            END OF HEADER       
[from data line 429]
     2                                                      START OF TEC MAP    
  2015     7     1     2     0     0                        EPOCH OF CURRENT MAP
    87.5-180.0 180.0   5.0 450.0                            LAT/LON1/LON2/DLON/H
  172  171  174  173  172  171  173  171  173  171  173  171  172  170  172  170
  171  169  170  167  169  165  166  162  163  159  160  154  156  151  152  147
  149  145  147  143  145  141  143  139  142  139  142  139  142  140  144  141
  146  144  148  146  151  149  153  151  156  153  157  155  159  156  159  157
  162  160  162  160  163  162  167  177  172                                   
    85.0-180.0 180.0   5.0 450.0                            LAT/LON1/LON2/DLON/H
  169  181  173  177  176  175  176  176  176  177  176  176  176  176  175  175
  174  174  173  172  172  170  169  167  165  163  161  158  156  153  151  149
  147  145  144  142  141  140  139  139  139  139  139  140  141  141  143  144
  145  147  148  150  151  153  154  156  156  159  158  160  160  162  161  162
  164  165  165  166  166  163  171  167  169                                   
    82.5-180.0 180.0   5.0 450.0                            LAT/LON1/LON2/DLON/H
  173  175  178  180  180  178  181  179  182  179  182  179  181  179  180  178
  180  177  179  175  177  172  174  168  169  163  164  157  157  150  151  144
  146  140  142  137  139  134  137  134  137  135  139  138  143  142  146  146
  151  150  155  154  158  158  161  160  164  162  165  163  166  164  166  165
  169  168  171  169  173  167  173  160  173                                   
    80.0-180.0 180.0   5.0 450.0                            LAT/LON1/LON2/DLON/H
  177  175  177  180  181  179  182  181  182  180  182  180  181  179  179  177
  178  174  176  172  173  168  169  163  163  156  155  148  147  140  140  135
  136  131  133  129  132  129  132  129  134  132  137  136  142  142  147  148
  152  153  157  158  161  161  163  163  165  164  165  163  166  163  166  163
  168  164  169  166  170  166  171  161  177                                   
    77.5-180.0 180.0   5.0 450.0                            LAT/LON1/LON2/DLON/H
  175  176  173  178  177  180  180  181  179  180  179  179  177  177  175  175
  172  172  171  171  169  167  165  161  157  153  148  144  140  137  134  133
  132  131  131  132  132  133  134  135  137  139  142  145  148  151  154  157
  159  161  164  165  166  167  168  168  168  168  168  168  167  167  166  166
  167  166  167  168  168  169  172  157  175                                   
    75.0-180.0 180.0   5.0 450.0                            LAT/LON1/LON2/DLON/H
  173  171  172  173  175  174  177  175  177  175  176  173  173  170  170  167
  168  165  166  163  163  159  158  152  149  142  139  132  131  126  127  124
  127  126  130  130  135  134  138  138  142  143  149  150  156  158  163  164
  169  169  173  172  174  173  175  173  173  171  170  168  167  163  163  160
  162  159  162  161  164  161  169  156  173                                   
    72.5-180.0 180.0   5.0 450.0                            LAT/LON1/LON2/DLON/H
  168  167  164  168  166  168  169  170  169  170  168  167  163  163  159  159
  156  157  155  156  153  152  148  145  138  134  127  124  119  119  117  120
  121  125  127  131  133  136  137  140  142  146  150  154  158  162  165  168
  169  171  172  173  172  172  171  171  169  168  166  165  162  161  157  156
  156  154  156  156  158  160  166  154  168                                   
    70.0-180.0 180.0   5.0 450.0                            LAT/LON1/LON2/DLON/H
  166  162  161  162  162  161  165  165  167  166  167  164  163  159  159  154
  154  151  152  149  149  145  143  137  132  124  120  114  113  110  113  115
  120  124  130  133  139  140  144  145  149  151  158  160  166  169  174  174
  178  176  179  176  177  173  174  171  171  168  167  163  162  157  155  152
  153  150  153  152  155  155  164  153  166                                   
    67.5-180.0 180.0   5.0 450.0                            LAT/LON1/LON2/DLON/H
  165  161  157  158  155  156  158  160  161  162  161  161  158  157  152  152
  147  147  144  146  142  142  136  134  124  121  113  112  107  109  109  115
  118  125  129  135  137  140  141  144  145  150  154  160  164  169  172  175
  175  175  174  173  169  168  166  165  162  162  159  158  155  154  150  149
  148  147  150  151  154  156  162  152  165                                   
    65.0-180.0 180.0   5.0 450.0                            LAT/LON1/LON2/DLON/H
  167  161  157  154  153  152  155  156  160  161  163  162  162  159  158  153
  153  148  147  144  143  138  136  128  124  115  113  106  106  105  109  112
  119  123  130  134  138  139  142  142  146  149  156  161  168  171  178  177
  180  177  177  172  172  167  167  163  164  161  162  158  158  153  152  147
  148  145  149  149  154  153  162  153  167                                   
    62.5-180.0 180.0   5.0 450.0                            LAT/LON1/LON2/DLON/H
  171  164  158  155  152  151  153  154  158  160  162  163  162  162  159  157
  154  151  147  146  141  140  134  132  123  120  112  111  107  110  110  116
  119  124  127  131  132  133  134  136  138  143  150  156  163  169  174  175
  175  173  170  167  164  161  159  158  158  158  158  157  156  153  149  147
  146  145  148  151  155  159  165  156  171                                   
    60.0-180.0 180.0   5.0 450.0                            LAT/LON1/LON2/DLON/H
  176  168  163  158  155  151  152  153  156  160  162  164  166  165  164  161
  161  156  154  149  148  142  140  132  130  121  121  113  115  111  114  115
  120  120  124  123  126  125  127  127  132  137  146  153  162  167  173  174
  175  172  172  168  167  163  163  162  164  164  166  164  164  159  157  151
  152  149  153  154  160  159  170  160  176                                   
    57.5-180.0 180.0   5.0 450.0                            LAT/LON1/LON2/DLON/H
  183  176  171  167  162  157  158  155  159  159  163  166  168  169  168  167
  166  162  159  156  152  150  144  142  135  133  127  127  122  123  119  121
  119  119  118  118  118  117  118  119  124  130  140  148  157  163  168  169
  171  168  170  166  166  163  165  163  166  167  169  168  167  162  158  155
  153  153  155  159  165  169  177  167  183                                   
    55.0-180.0 180.0   5.0 450.0                            LAT/LON1/LON2/DLON/H
  190  184  183  178  173  166  164  160  160  161  162  165  168  169  171  170
  171  165  165  160  159  153  152  146  146  140  142  135  136  128  127  120
  120  113  114  110  112  109  112  113  120  126  137  145  154  160  166  168
  171  171  173  173  173  173  175  176  177  179  180  179  178  173  170  164
  164  160  164  165  173  173  184  175  190                                   
    52.5-180.0 180.0   5.0 450.0                            LAT/LON1/LON2/DLON/H
  196  194  194  192  186  179  177  170  169  165  167  167  172  173  175  175
  175  172  169  166  163  161  158  157  154  153  151  149  144  140  132  128
  119  115  110  109  108  108  109  112  118  125  134  142  150  158  165  169
  173  175  180  180  184  182  184  182  184  184  185  184  182  177  173  168
  166  165  167  172  180  183  192  184  196                                   
    50.0-180.0 180.0   5.0 450.0                            LAT/LON1/LON2/DLON/H
  204  204  209  206  201  193  190  181  177  172  170  169  172  173  176  175
  177  173  173  167  168  164  165  161  165  160  165  158  157  146  140  127
  121  111  109  105  108  106  110  112  120  125  135  141  149  155  164  169
  177  182  189  193  198  199  200  199  198  198  196  195  192  187  183  178
  177  175  179  181  189  188  198  193  204                                   
    47.5-180.0 180.0   5.0 450.0                            LAT/LON1/LON2/DLON/H
  210  212  216  218  213  208  206  198  194  185  183  178  180  178  181  181
  182  179  177  173  171  170  170  170  171  171  172  169  163  154  142  133
  121  115  109  109  109  110  112  117  121  127  134  141  147  155  163  172
  182  191  200  205  209  210  210  208  205  203  201  198  195  190  186  182
  182  182  186  191  199  199  206  201  210                                   
    45.0-180.0 180.0   5.0 450.0                            LAT/LON1/LON2/DLON/H
  219  221  228  229  226  221  220  212  208  197  193  186  185  183  185  184
  186  181  182  175  176  172  175  173  178  176  181  173  171  156  147  132
  125  115  115  111  115  114  118  119  125  128  135  139  146  152  163  173
  186  197  208  214  220  221  223  220  218  214  210  206  203  198  195  193
  194  197  201  205  209  206  214  210  219                                   
    42.5-180.0 180.0   5.0 450.0                            LAT/LON1/LON2/DLON/H
  229  226  232  235  233  232  231  226  223  214  211  202  201  196  196  195
  195  192  188  183  180  178  180  181  185  186  187  182  174  161  149  138
  128  123  119  120  119  120  120  124  126  131  134  139  144  153  163  177
  190  203  214  222  227  228  229  225  223  219  215  211  207  203  201  199
  203  206  213  217  221  219  222  217  229                                   
    40.0-180.0 180.0   5.0 450.0                            LAT/LON1/LON2/DLON/H
  241  237  242  244  243  241  242  238  237  228  225  214  211  205  205  202
  203  197  195  186  184  180  184  185  192  190  193  184  179  163  154  140
  135  128  128  125  127  125  126  126  130  132  135  137  144  151  164  178
  194  207  218  225  232  233  236  233  233  229  226  221  218  215  214  215
  219  224  230  234  236  230  234  233  241                                   
    37.5-180.0 180.0   5.0 450.0                            LAT/LON1/LON2/DLON/H
  257  244  249  251  252  253  254  253  250  244  241  232  230  224  222  219
  219  212  206  195  189  185  189  192  199  199  200  192  185  170  159  150
  143  138  136  133  131  129  127  129  131  135  137  140  145  153  165  181
  196  210  219  227  233  236  240  239  240  237  236  232  230  227  227  227
  233  238  245  249  252  247  248  247  257                                   
    35.0-180.0 180.0   5.0 450.0                            LAT/LON1/LON2/DLON/H
  275  264  269  268  268  268  269  267  265  260  257  249  243  236  235  230
  230  222  215  200  193  187  192  196  204  205  206  198  192  175  167  155
  153  145  145  139  137  132  131  130  134  136  139  140  145  153  165  180
  196  209  219  226  234  238  245  247  251  251  251  250  248  246  246  248
  252  258  263  268  272  265  267  270  275                                   
    32.5-180.0 180.0   5.0 450.0                            LAT/LON1/LON2/DLON/H
  302  284  287  288  288  290  290  288  283  279  275  267  263  257  253  249
  247  237  225  207  194  187  194  199  210  212  215  208  201  187  176  166
  160  153  150  143  138  133  130  131  133  139  141  143  147  154  166  180
  194  207  216  224  233  240  250  254  262  264  267  266  267  265  265  265
  269  273  279  286  292  290  288  291  302                                   
    30.0-180.0 180.0   5.0 450.0                            LAT/LON1/LON2/DLON/H
  326  319  324  323  321  318  317  313  306  301  296  290  281  275  268  264
  259  249  236  216  201  194  200  209  217  222  223  216  209  192  184  169
  164  152  148  140  136  130  130  130  135  138  141  142  145  151  161  174
  188  199  210  219  231  241  254  262  273  277  282  285  287  287  286  286
  286  290  295  303  312  309  312  317  326                                   
    27.5-180.0 180.0   5.0 450.0                            LAT/LON1/LON2/DLON/H
  349  348  354  357  355  353  348  343  333  327  320  313  304  296  286  282
  276  264  246  223  206  199  208  216  227  231  233  225  216  199  185  170
  159  148  140  132  129  125  126  127  132  136  139  140  142  146  156  167
  179  190  202  214  227  241  256  266  278  284  294  297  303  303  305  304
  304  306  309  320  330  333  334  335  349                                   
    25.0-180.0 180.0   5.0 450.0                            LAT/LON1/LON2/DLON/H
  366  377  383  389  390  388  384  377  368  359  350  340  329  318  305  297
  288  275  256  234  217  214  222  232  240  243  241  230  220  198  183  161
  149  134  125  120  117  116  119  122  128  131  135  134  135  137  145  155
  168  178  192  207  224  240  256  267  280  287  296  304  313  317  322  322
  321  321  324  336  351  352  358  361  366                                   
    22.5-180.0 180.0   5.0 450.0                            LAT/LON1/LON2/DLON/H
  374  385  393  407  411  415  413  410  400  392  379  369  356  344  329  318
  306  290  268  245  230  228  236  244  250  250  246  234  219  196  174  151
  133  120  110  105  106  106  112  115  121  124  127  126  127  128  134  144
  157  169  185  200  220  239  257  270  283  290  301  307  318  325  335  338
  338  337  339  351  363  369  373  372  374                                   
    20.0-180.0 180.0   5.0 450.0                            LAT/LON1/LON2/DLON/H
  383  397  403  419  429  434  436  435  428  421  409  399  385  372  355  340
  324  304  278  258  246  245  251  256  256  251  241  226  210  182  161  134
  115  101   91   89   90   95  100  104  111  114  116  116  116  116  121  129
  145  159  178  197  218  239  257  269  283  289  300  310  321  332  342  349
  353  353  355  365  379  381  387  390  383                                   
    17.5-180.0 180.0   5.0 450.0                            LAT/LON1/LON2/DLON/H
  382  393  403  419  430  438  443  445  443  438  429  421  408  396  378  362
  342  321  294  273  260  259  263  263  258  247  234  215  193  168  146  122
  101   87   77   76   79   83   89   93  100  103  106  105  106  106  110  120
  134  150  172  193  218  240  260  274  287  294  305  314  326  335  349  359
  364  368  369  379  386  391  391  391  382                                   
    15.0-180.0 180.0   5.0 450.0                            LAT/LON1/LON2/DLON/H
  387  397  402  419  428  437  443  451  451  452  445  439  429  418  401  383
  361  336  308  289  275  272  270  266  252  236  217  194  174  149  131  107
   86   74   66   66   68   72   77   79   87   91   97   98   99   98  103  110
  126  144  167  191  217  241  259  274  288  295  306  317  329  342  357  370
  379  383  386  391  399  400  404  405  387                                   
    12.5-180.0 180.0   5.0 450.0                            LAT/LON1/LON2/DLON/H
  388  393  400  408  417  421  432  439  447  449  450  446  440  430  413  395
  372  348  320  301  286  280  273  262  242  220  194  170  152  135  119   99
   80   71   62   62   61   63   65   67   73   80   86   90   92   93   96  104
  119  138  163  189  217  242  263  279  294  304  316  323  338  349  367  381
  389  396  398  403  406  408  408  406  388                                   
    10.0-180.0 180.0   5.0 450.0                            LAT/LON1/LON2/DLON/H
  397  398  400  406  409  411  417  429  436  445  447  449  445  436  422  403
  381  356  331  310  294  282  269  251  225  196  171  147  137  123  112   94
   79   70   62   60   57   56   56   59   67   73   83   87   91   89   93   98
  114  134  160  186  213  238  257  277  294  308  319  331  342  359  376  391
  403  408  412  414  418  417  421  420  397                                   
     7.5-180.0 180.0   5.0 450.0                            LAT/LON1/LON2/DLON/H
  405  403  403  401  404  398  406  410  421  428  436  438  438  430  417  398
  377  354  329  309  290  275  257  234  204  173  144  131  124  119  110   97
