data/unet/pred1200.15i
     1.0            IONOSPHERE MAPS     GNSS                IONEX VERSION / TYPE
pyspatialgeodesy        IME             05-JAN-18 20:20     PGM / RUN BY / DATE 
Map Name                                                    COMMENT             
Predicted global ionosphere maps (GIM).                     DESCRIPTION         
  2015     4    30     0     0     0                        EPOCH OF FIRST MAP  
  2015     5     1     0     0     0                        EPOCH OF LAST MAP   
  7200                                                      INTERVAL            
    13                                                      # OF MAPS IN FILE   
  NONE                                                      MAPPING FUNCTION    
10.0                                                        ELEVATION CUTOFF    
One-way carrier phase leveled to code                       OBSERVABLES USED    
  6371.0                                                    BASE RADIUS         
 2                                                          MAP DIMENSION       
   450.0 450.0   0.0                                        HGT1 / HGT2 / DHGT  
    87.5 -87.5  -2.5                                        LAT1 / LAT2 / DLAT  
  -180.0 180.0   5.0                                        LON1 / LON2 / DLON  
    -1                                                      EXPONENT            
                                                            END OF HEADER       
[from data line 1716]
     5                                                      START OF TEC MAP    
  2015     4    30     8     0     0                        EPOCH OF CURRENT MAP
    87.5-180.0 180.0   5.0 450.0                            LAT/LON1/LON2/DLON/H
  132  148  159  159  161  156  160  158  164  161  167  163  168  164  168  163
  167  162  166  161  167  163  170  167  176  172  181  176  184  179  184  178
  182  176  178  172  175  168  169  163  164  159  158  154  155  151  152  148
  151  148  150  146  149  146  148  145  147  144  146  143  145  143  144  142
  143  143  147  145  147  143  148  135  132                                   
    85.0-180.0 180.0   5.0 450.0                            LAT/LON1/LON2/DLON/H
  140  159  159  162  160  159  162  162  167  166  171  170  175  174  177  176
  179  179  180  181  183  183  186  186  190  190  192  191  195  192  193  190
  192  188  188  183  184  180  178  175  173  170  168  166  165  163  161  160
  160  159  158  157  157  157  157  156  155  155  155  154  153  153  152  151
  150  151  153  151  151  142  151  134  140                                   
    82.5-180.0 180.0   5.0 450.0                            LAT/LON1/LON2/DLON/H
  148  157  155  156  155  153  154  158  159  162  164  168  171  174  176  179
  180  182  184  187  187  189  189  191  191  193  192  195  194  196  195  197
  195  196  194  194  192  190  187  185  183  180  178  176  174  174  171  171
  170  170  168  169  167  168  166  167  165  166  164  165  163  163  161  160
  157  158  156  155  151  146  141  133  148                                   
    80.0-180.0 180.0   5.0 450.0                            LAT/LON1/LON2/DLON/H
  157  157  158  154  152  150  151  152  156  156  161  163  169  170  175  177
  181  183  185  189  190  192  190  193  190  191  189  192  192  193  194  196
  199  199  200  201  202  199  199  194  195  189  189  186  188  185  186  184
  187  184  187  184  187  183  186  182  185  180  184  180  183  177  179  174
  175  170  172  165  164  156  149  141  157                                   
    77.5-180.0 180.0   5.0 450.0                            LAT/LON1/LON2/DLON/H
  163  166  161  155  153  148  147  147  148  149  151  155  159  163  167  171
  174  177  179  181  182  182  181  180  178  176  174  174  175  177  179  185
  187  193  194  200  200  203  201  203  201  201  200  201  202  204  206  208
  209  210  211  212  212  211  211  210  208  208  206  206  204  203  201  198
  195  192  190  181  177  170  164  143  163                                   
    75.0-180.0 180.0   5.0 450.0                            LAT/LON1/LON2/DLON/H
  178  170  165  159  153  147  143  141  139  139  138  141  144  148  153  157
  161  163  166  167  168  165  164  160  157  153  154  152  157  158  166  171
  181  185  192  196  202  203  207  206  208  209  210  214  217  222  223  228
  227  232  231  234  231  233  230  229  225  225  224  224  222  222  221  219
  215  215  212  203  199  186  182  166  178                                   
    72.5-180.0 180.0   5.0 450.0                            LAT/LON1/LON2/DLON/H
  192  185  175  165  159  148  142  136  133  129  129  127  130  131  137  139
  146  147  152  151  153  148  146  139  137  131  132  131  137  141  150  159
  171  180  188  196  200  206  208  211  213  216  219  224  229  235  238  242
  244  246  248  247  246  244  243  239  236  234  234  233  232  233  233  233
  232  231  231  221  217  204  201  177  192                                   
    70.0-180.0 180.0   5.0 450.0                            LAT/LON1/LON2/DLON/H
  201  186  180  171  163  151  143  135  130  124  121  120  120  121  125  129
  135  138  142  144  143  139  134  129  123  120  119  120  126  132  143  155
  168  180  191  199  205  210  214  216  220  221  227  231  238  242  247  249
  253  252  255  252  252  247  245  240  236  233  233  232  232  233  235  236
  236  238  237  228  228  214  212  197  201                                   
    67.5-180.0 180.0   5.0 450.0                            LAT/LON1/LON2/DLON/H
  207  198  187  177  169  154  145  134  129  119  117  112  114  112  117  119
  125  128  132  132  133  128  125  118  115  109  111  111  120  127  141  152
  168  181  193  203  208  215  216  221  224  229  233  240  245  251  254  257
  258  259  258  256  251  247  241  235  228  225  222  222  221  225  226  229
  229  232  234  226  226  216  216  196  207                                   
    65.0-180.0 180.0   5.0 450.0                            LAT/LON1/LON2/DLON/H
  204  192  184  177  167  154  143  133  125  118  113  110  108  109  110  114
  116  121  124  127  127  126  119  116  109  109  107  113  119  134  143  161
  171  188  198  209  214  220  223  227  231  235  241  247  253  258  261  263
  263  263  260  256  248  244  233  226  216  213  208  207  205  209  210  212
  214  217  219  214  217  211  216  205  204                                   
    62.5-180.0 180.0   5.0 450.0                            LAT/LON1/LON2/DLON/H
  206  197  186  176  166  151  141  129  122  113  111  105  106  103  107  107
  111  112  116  116  118  113  112  105  104   99  105  107  121  130  148  160
  177  190  201  213  218  225  226  232  234  241  243  252  255  262  262  266
  264  264  259  254  246  238  227  216  205  199  195  192  190  192  193  195
  196  200  203  201  206  203  210  198  206                                   
    60.0-180.0 180.0   5.0 450.0                            LAT/LON1/LON2/DLON/H
  207  195  184  176  164  149  136  125  116  110  105  103  100  102  100  102
  101  103  104  106  106  106  102  101   97  100  103  112  121  140  151  171
  180  196  206  216  223  229  232  238  241  246  250  256  260  263  264  265
  264  262  257  252  243  233  221  210  201  193  190  186  186  186  188  187
  190  192  197  195  203  203  213  208  207                                   
    57.5-180.0 180.0   5.0 450.0                            LAT/LON1/LON2/DLON/H
  218  208  195  180  168  148  134  120  111  104  101   98   98   96   97   94
   95   92   95   93   95   92   93   90   93   93  102  107  124  135  155  169
  185  198  209  220  226  236  236  245  243  253  251  260  259  265  262  265
  263  264  258  255  247  238  226  215  207  200  199  194  196  193  195  192
  194  194  201  200  210  209  220  211  218                                   
    55.0-180.0 180.0   5.0 450.0                            LAT/LON1/LON2/DLON/H
  231  221  207  193  176  155  136  120  107   99   95   94   93   92   90   88
   86   84   84   84   84   85   84   86   88   93   99  109  122  140  151  174
  184  201  210  221  230  239  244  251  255  261  263  267  268  270  269  271
  271  274  271  270  263  253  244  234  228  224  224  221  220  218  216  212
  210  213  216  219  229  229  238  236  231                                   
    52.5-180.0 180.0   5.0 450.0                            LAT/LON1/LON2/DLON/H
  251  247  232  213  196  167  147  125  110   99   92   90   90   88   88   83
   82   77   80   75   79   77   82   82   87   91  100  107  123  134  154  168
  187  198  213  226  234  248  251  263  263  274  270  279  273  279  274  281
  279  286  284  286  282  275  268  260  256  253  254  252  251  246  244  238
  239  236  242  242  251  249  259  250  251                                   
    50.0-180.0 180.0   5.0 450.0                            LAT/LON1/LON2/DLON/H
  269  264  252  235  218  192  164  140  119  105   95   91   89   87   85   81
   79   75   78   75   79   79   83   85   91   96  105  114  126  141  153  171
  185  201  213  226  240  251  261  270  277  286  287  291  289  292  289  294
  295  304  302  309  305  302  294  288  283  282  281  279  275  271  267  264
  260  261  263  266  275  270  280  272  269                                   
    47.5-180.0 180.0   5.0 450.0                            LAT/LON1/LON2/DLON/H
  283  280  271  256  240  214  189  159  136  117  104   96   93   89   87   82
   81   78   82   80   85   84   89   92   98  103  112  119  131  141  156  169
  186  200  214  230  241  260  266  281  288  298  299  305  301  306  301  308
  307  315  316  321  322  319  316  308  305  300  300  294  291  285  283  279
  279  278  280  282  289  285  291  277  283                                   
    45.0-180.0 180.0   5.0 450.0                            LAT/LON1/LON2/DLON/H
  287  277  271  264  252  232  209  184  155  134  118  109  103   98   93   89
   88   87   90   91   96   96  101  104  110  115  124  130  140  150  163  177
  195  209  227  240  255  268  280  293  302  311  314  319  319  322  318  323
  321  331  329  339  337  339  332  326  320  316  312  306  300  297  293  292
  289  289  289  289  292  286  293  280  287                                   
    42.5-180.0 180.0   5.0 450.0                            LAT/LON1/LON2/DLON/H
  276  264  256  252  248  234  219  198  177  154  138  125  117  109  104   99
  100   99  104  105  111  111  114  117  122  127  132  138  147  154  167  181
  197  214  230  247  259  277  289  304  314  322  326  332  332  335  331  336
  333  340  340  348  348  350  345  339  333  324  320  311  306  301  299  297
  296  294  290  289  285  279  281  260  276                                   
    40.0-180.0 180.0   5.0 450.0                            LAT/LON1/LON2/DLON/H
  246  235  221  223  223  221  215  205  188  169  154  142  133  125  118  113
  112  113  116  120  123  123  124  128  132  136  142  148  155  163  175  188
  203  218  234  250  268  282  301  314  331  337  346  350  354  356  354  358
  354  362  359  370  366  370  360  357  347  340  331  323  315  311  307  308
  305  301  294  286  279  267  262  239  246                                   
    37.5-180.0 180.0   5.0 450.0                            LAT/LON1/LON2/DLON/H
  213  205  190  186  191  193  197  194  189  177  167  157  151  141  135  128
  129  127  131  132  134  132  132  132  135  139  145  150  159  165  175  188
  202  218  232  250  266  288  307  329  343  354  363  370  376  379  380  382
  381  384  386  390  392  390  388  381  372  363  357  348  342  336  332  330
  325  318  305  293  278  262  251  215  213                                   
    35.0-180.0 180.0   5.0 450.0                            LAT/LON1/LON2/DLON/H
  186  187  161  154  155  160  166  170  173  172  172  167  164  156  150  145
  143  141  142  141  141  137  135  134  137  140  145  150  157  164  173  186
  199  212  228  242  265  289  316  339  360  372  386  393  403  407  411  415
  417  421  424  431  432  434  428  426  418  413  405  399  390  383  375  372
  364  354  337  320  300  279  252  214  186                                   
    32.5-180.0 180.0   5.0 450.0                            LAT/LON1/LON2/DLON/H
  195  181  162  136  135  135  140  146  153  159  166  170  171  167  163  158
  156  151  150  147  146  140  138  135  136  139  143  147  153  162  170  183
  193  210  221  243  264  294  319  349  367  387  401  414  426  435  443  451
  459  466  473  482  487  491  488  486  485  482  487  481  484  470  466  452
  443  420  397  374  349  318  282  238  195                                   
    30.0-180.0 180.0   5.0 450.0                            LAT/LON1/LON2/DLON/H
  228  205  171  132  114  108  113  125  137  144  157  165  174  174  174  169
  165  158  155  151  151  145  143  138  137  136  138  139  146  152  166  175
  187  199  215  237  263  297  326  360  380  402  421  436  455  466  483  497
  513  525  543  562  578  587  590  587  592  591  598  596  596  583  576  557
  540  511  478  450  419  387  343  294  228                                   
    27.5-180.0 180.0   5.0 450.0                            LAT/LON1/LON2/DLON/H
  312  276  231  174  140  120  109  116  130  146  153  164  176  181  181  178
  173  166  161  158  158  154  152  145  140  138  137  138  140  149  158  173
  183  202  214  241  264  300  330  366  388  414  435  461  480  503  521  546
  565  592  611  639  651  663  664  672  677  686  697  704  707  702  688  675
  650  621  584  541  507  460  420  383  312                                   
    25.0-180.0 180.0   5.0 450.0                            LAT/LON1/LON2/DLON/H
  401  345  305  255  209  176  148  133  133  144  164  168  182  186  190  186
  183  174  170  167  170  167  164  154  148  142  140  133  136  142  158  172
  188  211  225  252  277  314  338  379  400  429  452  483  505  532  558  589
  616  640  675  690  712  721  737  745  766  777  803  812  826  819  808  787
  763  728  688  644  605  569  513  487  401                                   
    22.5-180.0 180.0   5.0 450.0                            LAT/LON1/LON2/DLON/H
  480  433  375  317  297  261  223  194  173  171  176  188  193  197  198  197
  193  186  180  178  182  180  174  165  156  147  139  132  133  141  156  174
  194  217  236  260  288  320  350  382  408  438  463  496  522  551  579  614
  641  677  707  732  749  768  782  801  818  842  867  890  905  906  891  875
  846  816  773  728  684  639  604  574  480                                   
    20.0-180.0 180.0   5.0 450.0                            LAT/LON1/LON2/DLON/H
  541  507  451  389  355  327  302  271  239  214  201  202  210  212  211  206
  205  195  192  188  192  188  184  171  162  149  138  127  131  139  156  178
  202  232  247  279  300  336  358  390  419  446  475  503  533  559  592  626
  663  688  723  742  767  778  797  809  835  856  890  910  937  936  934  913
  893  858  824  777  738  689  654  639  541                                   
    17.5-180.0 180.0   5.0 450.0                            LAT/LON1/LON2/DLON/H
  564  537  519  475  449  405  371  342  320  280  247  233  229  231  229  222
  217  209  204  199  199  194  186  171  158  144  134  129  131  135  156  175
  212  236  259  282  313  339  365  393  422  454  482  511  539  564  597  630
  659  689  714  735  752  764  773  790  809  835  862  888  912  919  921  906
  887  858  825  785  747  698  669  655  564                                   
    15.0-180.0 180.0   5.0 450.0                            LAT/LON1/LON2/DLON/H
  566  549  541  523  512  475  441  400  366  335  299  264  245  239  239  237
  233  218  215  204  204  194  185  169  147  137  128  129  120  128  145  179
  209  240  260  289  314  343  367  396  428  461  492  518  547  566  599  621
  658  675  701  713  726  731  739  750  768  788  813  833  856  862  869  857
  845  820  796  761  724  674  643  623  566                                   
    12.5-180.0 180.0   5.0 450.0                            LAT/LON1/LON2/DLON/H
  536  525  542  539  552  528  504  458  422  377  344  305  273  254  252  250
  249  233  224  210  201  188  178  160  148  138  134  127  121  125  146  174
  214  238  264  283  316  337  368  396  431  463  498  526  555  575  601  621
  644  667  683  691  695  700  701  712  723  741  756  777  792  806  809  802
  786  771  747  719  677  621  589  577  536                                   
    10.0-180.0 180.0   5.0 450.0                            LAT/LON1/LON2/DLON/H
  505  503  516  528  539  538  519  488  452  407  372  340  304  276  267  257
  255  243  231  212  202  184  163  148  133  131  123  116  105  115  130  168
  204  233  261  287  312  345  366  398  430  459  497  521  557  575  603  616
  646  655  676  680  682  682  682  691  700  708  719  730  747  755  760  756
  742  729  703  674  630  573  537  509  505                                   
     7.5-180.0 180.0   5.0 450.0                            LAT/LON1/LON2/DLON/H
  479  484  484  498  506  505  499  482  457  430  397  363  329  297  284  270
  263  248  232  211  195  172  155  142  137  130  121  110  103  107  124  159
