data/unet/pred2840.15i
     1.0            IONOSPHERE MAPS     GNSS                IONEX VERSION / TYPE
pyspatialgeodesy        IME             05-JAN-18 20:20     PGM / RUN BY / DATE 
Map Name                                                    COMMENT             
Predicted global ionosphere maps (GIM).                     DESCRIPTION         
  2015    10    11     0     0     0                        EPOCH OF FIRST MAP  
  2015    10    12     0     0     0                        EPOCH OF LAST MAP   
  7200                                                      INTERVAL            
    13                                                      # OF MAPS IN FILE   
  NONE                                                      MAPPING FUNCTION    
10.0                                                        ELEVATION CUTOFF    
One-way carrier phase leveled to code                       OBSERVABLES USED    
  6371.0                                                    BASE RADIUS         
 2                                                          MAP DIMENSION       
   450.0 450.0   0.0                                        HGT1 / HGT2 / DHGT  
    87.5 -87.5  -2.5                                        LAT1 / LAT2 / DLAT  
  -180.0 180.0   5.0                                        LON1 / LON2 / DLON  
    -1                                                      EXPONENT            
                                                            END OF HEADER       
[from data line 5148]
    13                                                      START OF TEC MAP    
  2015    10    12     0     0     0                        EPOCH OF CURRENT MAP
    87.5-180.0 180.0   5.0 450.0                            LAT/LON1/LON2/DLON/H
  110   79   73   68   71   66   71   67   72   68   72   68   72   68   71   67
   70   66   70   65   69   65   68   64   67   63   66   62   65   62   65   61
   64   61   64   60   63   60   63   60   63   60   63   60   63   60   63   60
   64   61   65   62   66   63   67   64   68   65   68   65   69   65   69   66
   70   66   70   67   75   71   82  100  110                                   
    85.0-180.0 180.0   5.0 450.0                            LAT/LON1/LON2/DLON/H
   88   57   61   60   60   55   60   57   61   58   62   58   62   58   61   57
   60   55   58   53   55   51   52   47   49   44   46   41   44   39   42   38
   41   37   40   37   40   37   41   38   42   38   43   40   44   41   45   43
   47   45   50   47   52   50   55   53   57   54   59   55   60   56   60   57
   61   57   61   57   64   54   57   83   88                                   
    82.5-180.0 180.0   5.0 450.0                            LAT/LON1/LON2/DLON/H
   83   61   63   65   63   60   63   62   66   64   68   66   69   67   70   67
   69   64   65   61   61   55   55   50   49   44   44   38   39   34   36   32
   34   31   34   31   35   32   36   34   38   35   39   37   42   40   44   42
   47   45   50   49   54   52   58   56   61   59   63   61   65   63   66   63
   67   64   67   65   68   61   65   84   83                                   
    80.0-180.0 180.0   5.0 450.0                            LAT/LON1/LON2/DLON/H
   88   72   75   77   73   72   73   75   77   78   80   81   83   84   85   85
   85   82   81   77   74   69   66   60   57   51   48   43   41   38   37   35
   35   34   36   36   37   38   40   40   42   42   44   44   46   46   48   48
   50   50   53   54   57   58   62   63   66   67   70   70   73   73   75   75
   77   77   79   79   79   75   76   92   88                                   
    77.5-180.0 180.0   5.0 450.0                            LAT/LON1/LON2/DLON/H
   96   80   83   83   80   78   80   81   83   84   87   89   92   93   95   95
   95   92   90   85   82   75   71   63   58   51   48   42   40   36   36   34
   35   35   37   37   39   40   42   42   44   43   44   44   45   44   46   45
   47   46   49   50   53   54   58   59   63   64   68   69   72   73   76   77
   79   80   84   84   86   83   83   95   96                                   
    75.0-180.0 180.0   5.0 450.0                            LAT/LON1/LON2/DLON/H
   98   88   89   92   87   86   86   88   90   92   95   98  100  102  103  103
  102  100   97   93   87   81   74   67   60   54   49   45   41   40   39   39
   39   41   42   44   45   46   47   47   47   47   46   46   45   44   44   43
   43   44   45   46   48   50   53   56   59   62   64   67   69   72   74   76
   78   81   85   88   90   88   90  100   98                                   
    72.5-180.0 180.0   5.0 450.0                            LAT/LON1/LON2/DLON/H
  108   96   99   99   93   91   91   92   94   96   98  101  102  103  103  103
  101   99   96   92   86   80   73   66   59   53   49   45   43   42   43   44
   45   46   48   49   50   50   50   49   48   47   46   44   43   41   41   39
   39   37   39   39   41   43   47   49   53   55   59   62   65   66   69   71
   75   77   83   86   91   91   94  103  108                                   
    70.0-180.0 180.0   5.0 450.0                            LAT/LON1/LON2/DLON/H
  108  103  106  105   99   96   97   96   98   99  101  101  102  101  100   97
   95   92   90   86   82   75   70   63   58   52   49   46   46   46   48   49
   50   51   52   52   52   51   50   48   47   45   45   42   41   38   38   36
   35   33   34   34   37   38   42   45   49   52   57   59   62   63   66   67
   71   74   80   84   90   92   97  107  108                                   
    67.5-180.0 180.0   5.0 450.0                            LAT/LON1/LON2/DLON/H
  117  111  113  111  104  101  100  100  101  101  101  101   99   96   93   90
   86   84   81   79   74   70   65   59   54   50   48   47   47   48   51   52
   53   53   53   52   50   48   47   44   43   40   40   38   37   35   35   32
   32   30   31   30   32   33   38   41   46   49   54   57   61   62   65   66
   69   72   78   83   89   93   98  108  117                                   
    65.0-180.0 180.0   5.0 450.0                            LAT/LON1/LON2/DLON/H
  117  115  116  114  107  103  102  101  102  102  102  100   96   91   86   81
   78   75   73   71   69   65   61   56   52   49   48   48   50   51   53   54
   55   53   51   48   45   42   39   37   36   35   35   34   34   33   33   31
   31   29   29   28   30   31   35   39   45   50   55   59   63   65   67   68
   71   72   78   82   88   91   98  108  117                                   
    62.5-180.0 180.0   5.0 450.0                            LAT/LON1/LON2/DLON/H
  125  119  118  114  106  103  101  101  102  102  101   98   93   87   80   75
   71   69   67   66   63   60   56   52   48   46   46   46   48   49   52   51
   51   47   45   40   37   32   30   28   28   27   29   29   31   30   31   29
   29   27   27   25   27   28   33   37   45   50   57   62   67   70   73   74
   76   77   80   83   88   91   96  107  125                                   
    60.0-180.0 180.0   5.0 450.0                            LAT/LON1/LON2/DLON/H
  122  119  116  112  104   99   97   97   99   99   99   96   91   84   77   72
   69   67   66   64   62   58   54   49   46   44   44   45   47   48   49   48
   46   41   37   32   29   24   23   21   23   23   26   27   29   29   30   29
   28   26   25   23   25   26   31   36   45   52   60   66   73   77   81   83
   84   84   86   86   89   90   95  106  122                                   
    57.5-180.0 180.0   5.0 450.0                            LAT/LON1/LON2/DLON/H
  130  124  118  113  104  100   96   96   98   99   99   96   92   86   80   75
   73   71   69   66   63   58   52   47   43   41   41   42   44   44   44   42
   40   35   31   26   23   20   19   19   21   23   26   28   30   31   31   30
   28   26   24   22   24   25   30   35   45   53   63   70   79   85   90   93
   95   95   95   94   95   95   97  104  130                                   
    55.0-180.0 180.0   5.0 450.0                            LAT/LON1/LON2/DLON/H
  131  127  123  118  108  101   98   96   98   98   99   97   94   89   85   81
   80   78   75   71   66   59   52   46   42   40   40   40   42   42   42   39
   37   33   29   24   23   20   21   21   24   26   29   31   33   33   33   30
   29   25   24   21   23   24   30   36   47   56   67   75   84   92   99  104
  107  108  107  106  105  103  103  109  131                                   
    52.5-180.0 180.0   5.0 450.0                            LAT/LON1/LON2/DLON/H
  141  138  132  128  117  112  105  104  102  103  102  101   99   97   94   92
   90   88   84   78   70   62   54   47   42   40   39   39   40   40   40   39
   37   34   31   29   27   27   28   29   31   34   36   37   38   38   36   33
   30   27   24   23   24   26   32   39   50   59   69   77   86   95  103  111
  116  119  119  119  117  115  113  115  141                                   
    50.0-180.0 180.0   5.0 450.0                            LAT/LON1/LON2/DLON/H
  148  147  145  142  133  125  118  113  110  108  107  106  106  104  103  101
  100   96   91   82   74   64   56   49   45   42   41   40   41   40   40   39
   38   37   36   35   36   36   38   39   41   43   44   45   45   44   41   37
   34   30   28   27   29   32   38   46   57   66   74   81   89   97  107  116
  123  128  130  131  131  128  125  125  148                                   
    47.5-180.0 180.0   5.0 450.0                            LAT/LON1/LON2/DLON/H
  158  159  158  158  150  144  135  129  123  120  117  116  115  115  114  113
  110  106   97   88   78   70   61   55   51   48   46   44   43   43   43   43
   43   43   43   44   46   47   49   50   52   53   54   55   54   51   47   43
   40   37   35   35   37   42   49   58   68   75   82   86   93  100  109  120
  128  135  138  141  141  140  136  135  158                                   
    45.0-180.0 180.0   5.0 450.0                            LAT/LON1/LON2/DLON/H
  162  167  173  177  171  165  155  148  140  135  130  127  127  126  125  122
  118  111  102   92   83   75   69   64   60   57   53   50   48   47   47   47
   48   49   51   53   55   57   58   59   61   62   63   63   62   59   55   50
   47   45   44   45   48   53   62   71   81   88   92   95  100  105  114  123
  132  139  145  149  152  151  147  146  162                                   
    42.5-180.0 180.0   5.0 450.0                            LAT/LON1/LON2/DLON/H
  169  174  181  188  186  183  174  167  157  151  145  142  140  139  136  133
  126  119  108  100   91   86   80   77   72   68   62   57   53   51   50   50
   53   54   56   58   61   63   64   65   67   68   70   71   71   67   63   59
   56   55   55   56   60   65   74   84   94  100  103  105  107  112  119  128
  136  144  148  154  158  159  155  157  169                                   
    40.0-180.0 180.0   5.0 450.0                            LAT/LON1/LON2/DLON/H
  168  177  187  194  194  194  189  184  174  169  161  159  155  153  147  142
  135  125  116  108  102   98   94   90   85   78   71   63   58   55   54   54
   56   58   60   62   65   66   68   69   71   73   76   78   79   76   72   68
   65   64   65   65   69   75   85   95  107  113  116  117  120  123  130  136
  144  149  155  161  166  166  162  164  168                                   
    37.5-180.0 180.0   5.0 450.0                            LAT/LON1/LON2/DLON/H
  172  178  186  193  193  195  193  192  186  183  177  175  171  168  162  155
  146  138  128  123  117  115  109  105   96   88   77   69   62   59   58   58
   59   60   62   64   66   68   69   71   73   77   81   84   85   83   79   75
   73   71   72   72   76   81   92  103  115  122  127  129  133  137  144  150
  156  162  166  171  176  176  172  173  172                                   
    35.0-180.0 180.0   5.0 450.0                            LAT/LON1/LON2/DLON/H
  176  185  193  195  193  194  195  196  195  195  192  191  187  183  175  166
  156  148  140  135  131  126  120  111  101   91   80   71   65   62   62   61
   63   63   65   66   69   70   72   73   76   80   85   88   90   88   84   79
   76   73   73   72   76   82   94  106  120  128  135  139  146  152  162  169
  175  179  185  189  194  192  187  187  176                                   
    32.5-180.0 180.0   5.0 450.0                            LAT/LON1/LON2/DLON/H
  200  200  205  203  196  197  196  199  200  203  203  205  202  199  188  180
  168  161  152  148  140  134  123  113  100   91   81   74   69   67   67   66
   67   67   69   71   73   75   76   77   79   83   88   91   92   89   85   80
   76   71   70   68   72   78   93  106  122  132  143  150  160  170  181  190
  197  203  209  215  220  219  212  215  200                                   
    30.0-180.0 180.0   5.0 450.0                            LAT/LON1/LON2/DLON/H
  232  231  234  224  212  208  206  206  208  213  215  218  216  211  200  189
  177  167  158  149  139  128  116  103   93   85   80   77   75   74   75   74
   75   75   78   79   83   85   85   86   87   89   92   93   93   89   85   78
   74   68   65   62   65   73   88  103  121  133  148  159  175  188  204  215
  225  233  242  250  256  255  247  253  232                                   
    27.5-180.0 180.0   5.0 450.0                            LAT/LON1/LON2/DLON/H
  284  277  275  261  244  235  227  224  223  227  229  231  230  223  210  198
  182  171  157  146  130  118  102   92   84   82   82   84   84   86   86   86
   86   87   89   92   95   98   98   99   98   98   97   96   93   88   83   77
   71   63   59   54   58   65   81   97  117  131  148  164  184  204  224  242
  256  268  279  290  301  302  297  301  284                                   
    25.0-180.0 180.0   5.0 450.0                            LAT/LON1/LON2/DLON/H
  339  339  336  316  294  276  260  251  246  248  248  249  244  237  220  204
  184  168  149  133  115  100   86   80   79   84   90   96  100  102  101  100
  100  101  104  107  111  114  115  114  111  107  102   96   92   85   80   72
   67   58   53   50   53   61   77   94  113  129  147  164  188  214  240  266
  288  307  324  340  355  360  359  356  339                                   
    22.5-180.0 180.0   5.0 450.0                            LAT/LON1/LON2/DLON/H
  395  393  391  375  351  327  304  289  280  276  274  269  261  249  231  211
  186  165  140  122  101   89   78   79   85   97  107  117  120  122  118  116
  114  116  118  123  127  132  132  130  125  118  109  101   92   85   77   70
   64   56   50   46   47   55   73   92  113  130  148  167  193  222  253  283
  314  341  366  386  407  411  414  407  395                                   
    20.0-180.0 180.0   5.0 450.0                            LAT/LON1/LON2/DLON/H
  443  450  451  434  412  381  352  328  314  304  297  290  280  266  243  221
  191  164  136  115   96   89   85   94  107  122  134  143  145  142  136  131
  128  128  132  138  142  147  147  144  137  127  117  104   94   84   78   69
   64   56   49   43   42   53   70   93  116  135  153  172  200  230  263  302
  338  372  401  425  447  451  458  449  443                                   
    17.5-180.0 180.0   5.0 450.0                            LAT/LON1/LON2/DLON/H
  473  481  487  484  467  438  403  377  355  339  326  314  302  284  261  234
  202  170  139  120  106  107  111  128  144  159  166  171  167  161  150  143
  137  137  141  146  152  156  156  153  146  136  123  110   97   86   77   69
   63   55   45   38   38   49   69   95  123  146  163  184  211  241  273  314
  352  387  420  444  466  470  480  473  473                                   
    15.0-180.0 180.0   5.0 450.0                            LAT/LON1/LON2/DLON/H
  486  503  515  519  515  489  459  428  403  379  361  343  329  308  284  256
  223  188  157  138  135  140  156  173  189  197  200  196  187  174  161  149
  143  143  146  152  158  163  163  159  152  141  130  114  102   88   79   69
   63   52   43   37   37   51   72  101  130  155  174  195  223  252  284  328
  365  401  431  456  476  478  491  486  486                                   
    12.5-180.0 180.0   5.0 450.0                            LAT/LON1/LON2/DLON/H
  480  497  516  534  540  527  504  482  456  434  409  390  368  343  316  289
  259  227  199  185  185  195  211  227  237  234  227  213  199  182  167  156
  149  148  148  154  160  164  163  160  151  142  130  116  102   88   77   68
   59   49   41   35   38   54   77  107  138  165  186  208  236  263  296  335
  369  403  433  458  476  478  485  483  480                                   
    10.0-180.0 180.0   5.0 450.0                            LAT/LON1/LON2/DLON/H
  469  487  510  535  553  549  538  524  504  480  456  436  414  386  358  330
  303  277  254  243  245  256  270  280  278  264  243  221  203  185  173  164
  158  155  151  156  161  164  163  160  152  140  130  115  103   87   76   64
   57   45   39   36   40   57   81  110  142  167  191  216  245  273  305  342
  375  409  438  459  476  476  485  481  469                                   
     7.5-180.0 180.0   5.0 450.0                            LAT/LON1/LON2/DLON/H
  455  472  496  526  549  557  555  550  538  523  500  484  462  440  410  385
  359  335  319  311  312  316  323  318  303  277  249  223  206  191  183  177
