data/unet/pred1010.15i
     1.0            IONOSPHERE MAPS     GNSS                IONEX VERSION / TYPE
pyspatialgeodesy        IME             05-JAN-18 20:20     PGM / RUN BY / DATE 
Map Name                                                    COMMENT             
Predicted global ionosphere maps (GIM).                     DESCRIPTION         
  2015     4    11     0     0     0                        EPOCH OF FIRST MAP  
  2015     4    12     0     0     0                        EPOCH OF LAST MAP   
  7200                                                      INTERVAL            
    13                                                      # OF MAPS IN FILE   
  NONE                                                      MAPPING FUNCTION    
10.0                                                        ELEVATION CUTOFF    
One-way carrier phase leveled to code                       OBSERVABLES USED    
  6371.0                                                    BASE RADIUS         
 2                                                          MAP DIMENSION       
   450.0 450.0   0.0                                        HGT1 / HGT2 / DHGT  
    87.5 -87.5  -2.5                                        LAT1 / LAT2 / DLAT  
  -180.0 180.0   5.0                                        LON1 / LON2 / DLON  
    -1                                                      EXPONENT            
                                                            END OF HEADER       
[from data line 4719]
    12                                                      START OF TEC MAP    
  2015     4    11    22     0     0                        EPOCH OF CURRENT MAP
    87.5-180.0 180.0   5.0 450.0                            LAT/LON1/LON2/DLON/H
  179  146  138  141  141  140  142  140  142  141  143  142  143  142  143  142
  141  140  140  139  138  137  136  135  135  134  133  132  132  131  131  130
  130  130  130  130  130  130  131  131  131  132  132  132  133  133  133  132
  132  132  132  131  131  130  131  130  130  130  130  130  131  130  131  130
  131  131  132  132  135  135  136  158  179                                   
    85.0-180.0 180.0   5.0 450.0                            LAT/LON1/LON2/DLON/H
  132  134  139  144  145  146  148  151  150  153  153  156  154  155  155  156
  153  153  151  152  147  148  144  145  140  140  136  137  132  132  129  130
  126  128  125  127  125  128  127  130  129  132  132  134  134  135  135  135
  135  135  135  135  134  134  135  135  134  134  135  136  135  135  134  136
  134  135  133  137  137  141  135  145  132                                   
    82.5-180.0 180.0   5.0 450.0                            LAT/LON1/LON2/DLON/H
  118  124  134  142  143  145  148  151  153  155  158  162  162  163  163  164
  162  161  159  158  155  152  150  147  144  140  138  135  132  128  127  125
  124  122  123  123  123  124  126  128  129  130  132  134  135  135  136  136
  136  135  135  136  134  134  134  135  134  134  134  135  134  134  134  134
  133  132  132  131  131  133  129  128  118                                   
    80.0-180.0 180.0   5.0 450.0                            LAT/LON1/LON2/DLON/H
  116  120  127  132  134  136  141  145  149  153  157  161  163  165  166  166
  165  163  161  158  156  152  149  145  141  136  132  127  123  119  115  113
  110  110  109  111  110  113  114  118  118  122  122  125  125  126  126  127
  125  125  123  124  122  122  121  122  121  122  122  124  124  124  124  124
  123  122  121  120  121  124  117  117  116                                   
    77.5-180.0 180.0   5.0 450.0                            LAT/LON1/LON2/DLON/H
  110  113  120  126  129  132  140  144  151  155  162  165  169  170  172  171
  170  167  165  161  159  155  152  147  144  138  133  126  122  115  112  106
  106  102  104  103  106  106  110  111  114  115  118  118  119  118  118  116
  115  113  112  110  109  108  109  108  110  110  113  114  116  116  117  117
  117  116  116  113  114  114  112  105  110                                   
    75.0-180.0 180.0   5.0 450.0                            LAT/LON1/LON2/DLON/H
  110  113  118  126  129  135  140  149  154  162  167  173  175  178  177  176
  173  169  166  163  161  157  154  150  147  141  135  128  122  115  110  106
  103  101  100  101  101  104  104  108  108  111  110  112  110  110  107  106
  102  100   96   95   93   93   92   94   95   98  100  104  106  109  110  111
  111  111  111  110  110  113  112  108  110                                   
    72.5-180.0 180.0   5.0 450.0                            LAT/LON1/LON2/DLON/H
  114  120  125  133  138  143  151  157  165  171  178  182  185  184  183  178
  175  168  166  160  159  155  156  151  150  143  139  130  125  116  112  105
  105   99  101   98  101  100  103  103  105  103  105  102  103   99   98   94
   92   88   87   83   83   81   83   83   87   89   94   96  102  104  108  109
  111  111  112  111  113  117  117  113  114                                   
    70.0-180.0 180.0   5.0 450.0                            LAT/LON1/LON2/DLON/H
  124  134  138  147  150  157  160  169  174  182  187  193  194  192  187  181
  174  167  162  158  157  155  155  154  153  147  142  135  128  119  113  108
  105  102  100  100   99  100   99  100   99   99   96   95   92   90   86   84
   81   78   75   74   72   72   73   75   79   83   89   94  100  105  108  111
  113  114  115  117  119  125  126  126  124                                   
    67.5-180.0 180.0   5.0 450.0                            LAT/LON1/LON2/DLON/H
  139  149  154  161  165  169  174  180  187  193  200  202  204  199  194  182
  177  166  163  157  157  154  157  155  156  150  146  137  132  121  117  109
  108  101  102   98   99   95   97   92   93   88   88   83   83   78   77   74
   73   71   70   69   69   68   70   71   77   81   89   94  102  106  111  113
  116  118  121  124  129  134  135  137  139                                   
    65.0-180.0 180.0   5.0 450.0                            LAT/LON1/LON2/DLON/H
  152  165  168  175  176  181  184  190  196  202  209  212  213  208  201  192
  182  172  166  161  159  157  159  159  159  153  149  140  134  125  119  113
  109  105  101   99   96   94   90   89   84   82   77   75   70   70   67   68
   66   68   66   68   67   69   70   74   79   85   91   99  105  112  115  119
  120  123  124  130  134  141  145  151  152                                   
    62.5-180.0 180.0   5.0 450.0                            LAT/LON1/LON2/DLON/H
  166  176  179  185  188  189  193  196  204  207  215  215  219  212  208  196
  190  178  175  168  167  163  166  162  163  155  153  143  139  128  126  116
  115  106  105   97   97   89   89   81   81   73   73   66   67   63   65   64
   66   66   68   68   70   71   74   76   82   87   95  100  109  114  119  121
  124  125  128  133  140  147  151  160  166                                   
    60.0-180.0 180.0   5.0 450.0                            LAT/LON1/LON2/DLON/H
  172  184  188  196  196  198  200  204  209  213  218  222  224  221  216  208
  200  192  185  179  177  173  172  169  168  160  156  147  144  135  131  124
  120  112  105   98   93   88   83   79   75   72   67   66   63   63   62   65
   66   69   69   74   74   77   78   82   85   91   97  104  111  119  122  127
  127  131  133  139  146  152  158  170  172                                   
    57.5-180.0 180.0   5.0 450.0                            LAT/LON1/LON2/DLON/H
  180  190  194  203  207  205  210  210  216  216  222  221  227  223  223  214
  209  200  196  189  188  183  182  177  175  168  165  156  155  146  143  135
  132  120  115  103  100   90   90   82   83   77   77   72   72   69   71   70
   73   73   75   76   80   80   83   83   89   92  100  105  115  120  127  129
  132  135  138  144  152  157  161  174  180                                   
    55.0-180.0 180.0   5.0 450.0                            LAT/LON1/LON2/DLON/H
  185  197  204  216  219  220  224  224  226  225  227  230  232  233  232  228
  221  214  208  203  201  196  193  188  185  178  175  169  167  160  157  149
  142  130  120  110  103   97   94   91   90   89   86   85   82   82   81   82
   82   82   82   84   85   87   87   90   92   96  100  109  116  125  130  135
  138  142  145  152  159  166  172  185  185                                   
    52.5-180.0 180.0   5.0 450.0                            LAT/LON1/LON2/DLON/H
  196  206  214  226  235  236  243  240  243  237  239  236  240  238  241  235
  234  224  222  214  213  207  206  199  198  192  193  187  189  183  179  168
  160  145  136  122  117  110  109  106  108  105  105  101  102   97   99   95
   95   92   92   91   93   92   94   93   98   99  106  112  123  130  140  144
  150  155  160  166  173  178  180  195  196                                   
    50.0-180.0 180.0   5.0 450.0                            LAT/LON1/LON2/DLON/H
  205  217  227  243  253  260  265  266  265  258  255  252  251  251  250  248
  245  240  235  229  226  221  217  214  211  208  207  206  207  201  196  185
  173  156  145  133  128  122  121  123  124  124  123  122  121  118  117  114
  112  107  104  102  102  102  101  103  102  107  110  120  128  139  147  156
  162  170  176  184  189  195  198  212  205                                   
    47.5-180.0 180.0   5.0 450.0                            LAT/LON1/LON2/DLON/H
  221  230  242  257  271  279  289  290  292  282  278  268  267  261  263  255
  256  249  248  240  240  232  233  227  230  225  228  223  225  214  210  195
  185  167  158  145  141  135  136  136  140  139  142  138  140  135  136  128
  127  119  117  113  114  112  113  110  113  114  121  127  139  148  161  169
  180  189  198  206  212  216  213  228  221                                   
    45.0-180.0 180.0   5.0 450.0                            LAT/LON1/LON2/DLON/H
  235  245  257  276  287  301  307  315  314  309  300  292  286  281  275  270
  267  263  259  256  254  250  249  246  248  244  244  237  233  220  210  197
  186  171  164  153  150  146  147  150  153  154  157  156  157  154  152  148
  143  137  131  128  127  125  123  122  121  123  128  137  147  160  171  182
  194  205  215  225  231  237  238  249  235                                   
    42.5-180.0 180.0   5.0 450.0                            LAT/LON1/LON2/DLON/H
  250  260  271  288  301  311  324  330  336  329  327  317  314  303  298  286
  284  274  276  268  271  264  268  262  267  259  258  243  235  216  206  191
  184  173  168  161  159  156  157  160  162  165  166  168  169  166  166  159
  157  148  144  139  139  135  134  128  128  128  136  143  157  169  184  193
  208  220  232  243  252  258  256  269  250                                   
    40.0-180.0 180.0   5.0 450.0                            LAT/LON1/LON2/DLON/H
  263  273  283  301  310  322  331  343  348  347  346  342  338  329  319  308
  301  294  290  287  286  284  282  280  281  272  263  244  228  209  195  183
  179  173  174  170  171  171  171  174  174  176  176  179  180  179  177  175
  171  166  160  156  154  149  144  136  134  133  140  149  163  176  192  203
  218  231  244  257  265  273  277  289  263                                   
    37.5-180.0 180.0   5.0 450.0                            LAT/LON1/LON2/DLON/H
  281  286  296  307  316  322  336  344  357  358  365  363  365  355  347  333
  327  315  314  305  308  300  300  292  293  277  266  240  223  200  189  177
  178  177  180  182  184  188  186  191  187  191  188  192  190  191  188  184
  180  173  169  164  161  156  149  139  135  132  140  149  168  182  199  209
  225  238  254  267  279  286  291  306  281                                   
    35.0-180.0 180.0   5.0 450.0                            LAT/LON1/LON2/DLON/H
  298  301  308  316  321  326  337  349  362  370  380  385  389  386  376  364
  353  344  334  328  322  316  310  306  299  284  266  241  221  200  189  181
  183  186  192  195  200  205  206  208  205  205  203  204  203  201  196  192
  186  180  174  171  169  163  155  146  141  140  148  160  179  197  212  222
  236  250  264  276  285  291  305  322  298                                   
    32.5-180.0 180.0   5.0 450.0                            LAT/LON1/LON2/DLON/H
  323  323  328  331  336  336  347  355  372  380  396  404  414  413  408  395
  387  373  364  350  344  330  324  315  310  292  276  252  233  214  208  201
  207  211  217  219  221  227  227  232  227  227  222  223  217  215  205  198
  190  182  175  170  166  162  153  146  139  141  148  165  184  205  221  231
  245  258  273  284  293  301  315  338  323                                   
    30.0-180.0 180.0   5.0 450.0                            LAT/LON1/LON2/DLON/H
  349  349  352  355  358  359  365  375  389  401  416  427  437  438  435  425
  417  405  390  375  359  346  332  325  315  304  288  271  255  240  235  234
  244  251  254  253  248  252  251  258  255  255  249  250  242  236  220  209
  197  190  178  174  166  160  146  141  131  137  143  163  188  212  234  250
  263  278  290  301  304  309  331  355  349                                   
    27.5-180.0 180.0   5.0 450.0                            LAT/LON1/LON2/DLON/H
  383  381  383  389  394  394  401  408  425  436  448  455  463  463  461  452
  446  432  417  395  379  362  350  339  330  320  311  300  291  286  289  293
  302  304  301  294  288  290  288  289  286  285  277  274  265  255  240  227
  212  201  189  183  174  167  156  148  138  138  146  164  195  222  246  264
  281  299  315  324  328  334  348  376  383                                   
    25.0-180.0 180.0   5.0 450.0                            LAT/LON1/LON2/DLON/H
  414  414  419  429  440  448  455  470  487  496  501  501  501  498  491  483
  475  463  443  421  399  383  367  359  349  343  337  335  337  341  350  355
  359  352  343  330  325  326  324  325  316  312  302  297  288  276  258  241
  224  206  193  182  173  165  153  146  139  143  152  168  193  229  259  283
  301  319  333  347  357  364  377  400  414                                   
    22.5-180.0 180.0   5.0 450.0                            LAT/LON1/LON2/DLON/H
  450  452  460  480  498  512  527  544  564  573  574  567  558  550  539  526
  513  496  474  449  427  407  393  382  372  369  368  374  381  388  398  400
  401  387  367  350  341  345  342  343  335  333  322  318  306  298  277  258
  236  219  202  191  180  171  161  154  150  150  160  177  208  240  274  305
  328  345  357  368  382  398  409  432  450                                   
    20.0-180.0 180.0   5.0 450.0                            LAT/LON1/LON2/DLON/H
  474  484  496  526  548  575  589  617  636  651  651  645  629  615  596  581
  559  539  510  485  457  437  420  411  400  399  401  407  415  416  423  420
  412  389  364  347  338  343  341  345  337  338  330  329  320  312  292  272
  248  228  211  195  185  172  165  158  154  156  164  182  212  246  280  316
  342  365  375  391  405  419  435  457  474                                   
    17.5-180.0 180.0   5.0 450.0                            LAT/LON1/LON2/DLON/H
  497  518  538  574  597  624  645  672  698  720  725  721  700  683  658  642
  618  596  567  533  504  481  464  451  436  430  429  428  426  421  420  409
  392  369  345  333  327  335  334  340  332  334  326  328  320  316  299  281
  260  240  220  204  189  179  168  165  162  167  176  190  219  247  287  320
  352  375  392  410  425  444  460  484  497                                   
    15.0-180.0 180.0   5.0 450.0                            LAT/LON1/LON2/DLON/H
  511  541  563  602  628  660  677  713  743  773  786  788  772  754  726  707
  678  654  622  591  556  531  512  494  475  459  445  426  414  400  389  371
  351  332  316  313  315  327  331  334  328  325  321  323  320  318  301  284
  263  242  222  207  189  180  167  169  161  173  175  189  211  244  279  319
  348  378  397  423  440  465  487  508  511                                   
    12.5-180.0 180.0   5.0 450.0                            LAT/LON1/LON2/DLON/H
  522  558  587  624  649  675  697  731  769  805  825  840  831  820  796  776
  747  717  684  650  616  588  560  537  505  475  442  411  384  362  340  325
  309  299  295  304  315  331  334  339  329  325  317  320  318  317  304  285
  266  245  224  209  190  183  170  174  170  172  176  185  208  235  276  311
  347  375  401  429  452  480  505  525  522                                   
    10.0-180.0 180.0   5.0 450.0                            LAT/LON1/LON2/DLON/H
  532  574  601  634  659  683  706  740  783  821  848  865  864  865  848  835
  806  778  741  706  666  637  599  565  521  476  430  389  354  322  301  288
  282  282  289  306  325  340  346  348  338  329  319  319  316  312  296  279
  257  240  217  205  182  179  165  168  155  161  160  175  194  227  264  304
  336  369  396  428  451  487  518  537  532                                   
     7.5-180.0 180.0   5.0 450.0                            LAT/LON1/LON2/DLON/H
  545  590  619  650  667  687  707  738  778  817  839  862  869  880  875  871
  849  824  789  750  711  680  640  597  540  486  426  379  334  306  282  279
