data/unet/pred3300.15i
     1.0            IONOSPHERE MAPS     GNSS                IONEX VERSION / TYPE
pyspatialgeodesy        IME             05-JAN-18 20:20     PGM / RUN BY / DATE 
Map Name                                                    COMMENT             
Predicted global ionosphere maps (GIM).                     DESCRIPTION         
  2015    11    26     0     0     0                        EPOCH OF FIRST MAP  
  2015    11    27     0     0     0                        EPOCH OF LAST MAP   
  7200                                                      INTERVAL            
    13                                                      # OF MAPS IN FILE   
  NONE                                                      MAPPING FUNCTION    
10.0                                                        ELEVATION CUTOFF    
One-way carrier phase leveled to code                       OBSERVABLES USED    
  6371.0                                                    BASE RADIUS         
 2                                                          MAP DIMENSION       
   450.0 450.0   0.0                                        HGT1 / HGT2 / DHGT  
    87.5 -87.5  -2.5                                        LAT1 / LAT2 / DLAT  
  -180.0 180.0   5.0                                        LON1 / LON2 / DLON  
    -1                                                      EXPONENT            
                                                            END OF HEADER       
[from data line 858]
     3                                                      START OF TEC MAP    
  2015    11    26     4     0     0                        EPOCH OF CURRENT MAP
    87.5-180.0 180.0   5.0 450.0                            LAT/LON1/LON2/DLON/H
   24   59   52   50   51   50   51   50   52   50   51   50   51   49   51   47
   50   46   49   44   47   44   47   43   46   44   46   44   46   46   46   46
   47   47   48   48   49   49   50   49   51   50   52   51   52   51   52   51
   52   51   52   51   53   51   53   51   53   51   53   50   53   50   52   49
   52   49   52   50   52   47   65   34   24                                   
    85.0-180.0 180.0   5.0 450.0                            LAT/LON1/LON2/DLON/H
   59   63   41   45   46   43   44   43   45   43   45   43   44   42   43   41
   41   38   39   36   36   33   34   32   33   31   33   31   33   32   35   34
   37   36   39   39   42   41   44   44   45   45   46   46   47   47   47   47
   47   47   47   48   48   48   48   48   49   48   49   49   49   48   48   48
   48   47   47   46   46   40   62   76   59                                   
    82.5-180.0 180.0   5.0 450.0                            LAT/LON1/LON2/DLON/H
   63   39   35   33   32   30   33   32   35   32   35   33   36   33   34   31
   32   28   29   25   25   21   21   18   19   15   18   15   19   16   21   19
   25   24   29   28   32   32   36   36   39   38   40   40   42   40   42   40
   42   40   42   41   43   41   44   43   45   44   46   46   46   45   46   45
   45   43   44   41   38   34   50   74   63                                   
    80.0-180.0 180.0   5.0 450.0                            LAT/LON1/LON2/DLON/H
   68   45   37   36   35   35   36   38   38   39   39   41   41   41   39   40
   37   35   31   30   26   24   21   20   18   17   17   17   18   19   21   24
   27   30   32   36   38   41   42   45   46   47   47   48   48   48   47   47
   47   46   47   48   48   49   50   52   53   55   56   57   58   58   58   58
   57   55   54   51   47   40   51   72   68                                   
    77.5-180.0 180.0   5.0 450.0                            LAT/LON1/LON2/DLON/H
   73   41   38   38   34   34   35   37   38   39   40   42   43   44   43   44
   41   40   35   33   28   26   23   20   18   17   17   17   18   20   23   25
   28   31   35   38   40   43   46   47   49   49   50   50   50   49   50   48
   49   49   50   51   52   54   57   59   61   64   65   67   67   69   68   68
   66   64   63   60   54   49   58   73   73                                   
    75.0-180.0 180.0   5.0 450.0                            LAT/LON1/LON2/DLON/H
   74   44   38   35   32   31   32   34   36   37   40   42   44   44   46   45
   43   41   38   34   29   26   23   20   18   17   19   19   21   22   26   28
   31   34   37   39   42   44   46   47   47   47   48   47   47   45   46   45
   46   46   49   51   54   57   62   65   69   71   75   76   77   77   77   76
   74   72   71   68   65   56   61   78   74                                   
    72.5-180.0 180.0   5.0 450.0                            LAT/LON1/LON2/DLON/H
   84   43   41   41   33   31   30   32   34   36   38   41   42   44   44   45
   43   41   39   36   32   28   27   23   23   21   24   24   27   27   32   32
   35   36   39   40   42   42   44   43   45   42   44   41   42   39   41   41
   43   44   49   52   58   63   70   74   79   82   87   87   89   90   90   88
   86   84   82   77   73   67   75   83   84                                   
    70.0-180.0 180.0   5.0 450.0                            LAT/LON1/LON2/DLON/H
   89   52   46   43   36   32   31   31   34   33   37   37   41   39   42   40
   42   38   39   34   34   29   29   25   28   26   31   29   35   33   38   37
   40   37   40   38   40   37   39   37   38   35   37   33   35   33   37   36
   42   43   52   57   67   72   84   87   96   97  102  102  104  103  105  103
  100   98   95   90   87   76   84   91   89                                   
    67.5-180.0 180.0   5.0 450.0                            LAT/LON1/LON2/DLON/H
  103   58   54   52   41   37   32   33   31   32   32   34   35   35   36   36
   37   35   36   34   33   30   31   29   31   32   35   36   39   40   41   41
   40   38   38   35   35   32   33   31   32   29   30   28   29   29   32   34
   40   46   55   66   76   86   95  101  108  111  117  118  122  121  120  117
  113  108  105  100   97   90   96   97  103                                   
    65.0-180.0 180.0   5.0 450.0                            LAT/LON1/LON2/DLON/H
  108   71   63   59   48   41   37   35   34   31   32   30   32   30   32   31
   33   31   33   31   32   30   32   31   35   34   40   40   44   43   45   42
   41   37   35   31   29   26   26   24   25   23   25   23   25   26   29   33
   42   51   64   75   89   97  109  114  121  124  130  132  135  134  132  128
  124  121  116  110  105   96  103  105  108                                   
    62.5-180.0 180.0   5.0 450.0                            LAT/LON1/LON2/DLON/H
  121   79   71   67   55   48   40   39   35   33   30   30   28   27   27   28
   29   29   31   30   31   30   31   32   35   37   40   43   44   45   43   41
   38   34   31   27   25   22   23   22   24   23   25   24   26   26   31   36
   45   57   71   85   97  107  117  123  130  134  139  141  143  142  140  134
  130  125  120  114  109  106  111  109  121                                   
    60.0-180.0 180.0   5.0 450.0                            LAT/LON1/LON2/DLON/H
  123   89   78   71   60   51   45   40   38   32   30   26   27   23   25   24
   27   26   29   27   29   27   29   29   35   35   40   40   44   41   41   37
   36   31   29   24   23   20   20   20   24   23   27   26   28   28   34   40
   52   65   81   93  107  116  126  129  135  140  144  146  149  147  145  139
  135  131  125  121  115  108  114  114  123                                   
    57.5-180.0 180.0   5.0 450.0                            LAT/LON1/LON2/DLON/H
  132   96   85   77   65   56   48   43   38   34   30   27   25   24   25   25
   28   27   30   28   28   27   27   28   32   33   37   38   39   37   36   33
   32   29   28   24   24   21   24   23   29   29   33   31   35   35   41   47
   58   73   87  100  114  123  133  135  141  145  149  150  152  150  149  144
  138  133  129  124  120  117  119  117  132                                   
    55.0-180.0 180.0   5.0 450.0                            LAT/LON1/LON2/DLON/H
  135  106   92   82   72   61   54   47   42   36   32   28   27   24   27   26
   31   29   32   29   29   25   27   26   32   32   38   37   39   35   35   32
   34   32   33   29   31   27   31   30   36   36   41   40   43   44   50   56
   69   83   98  109  123  130  139  141  147  151  155  156  158  158  157  151
  146  141  137  134  128  122  125  123  135                                   
    52.5-180.0 180.0   5.0 450.0                            LAT/LON1/LON2/DLON/H
  146  116  103   93   79   69   59   51   44   39   34   30   29   29   30   31
   34   34   36   32   31   28   29   29   34   35   40   39   40   35   36   33
   37   37   40   38   40   38   40   40   45   45   50   49   53   54   61   67
   80   93  107  119  132  139  148  150  156  158  161  162  164  164  163  158
  152  148  144  141  138  136  133  129  146                                   
    50.0-180.0 180.0   5.0 450.0                            LAT/LON1/LON2/DLON/H
  151  126  112  102   91   78   68   59   50   42   37   33   33   32   35   34
   39   37   39   35   35   31   33   33   41   42   48   46   48   41   41   40
   45   47   52   52   56   53   55   53   57   57   60   60   64   66   73   81
   95  106  119  129  141  147  156  159  163  166  166  168  170  170  170  166
  162  158  155  154  148  142  139  133  151                                   
    47.5-180.0 180.0   5.0 450.0                            LAT/LON1/LON2/DLON/H
  160  134  124  116  103   92   78   68   56   48   41   38   37   36   38   39
   41   41   43   40   40   38   41   44   51   55   60   59   57   52   50   49
   54   58   65   67   70   67   68   65   66   66   68   70   74   79   86   96
  109  120  132  138  151  155  164  167  172  171  171  171  174  175  177  173
  168  165  163  160  156  152  143  138  160                                   
    45.0-180.0 180.0   5.0 450.0                            LAT/LON1/LON2/DLON/H
  161  137  127  123  114  102   90   77   65   55   47   43   43   41   42   41
   44   44   46   45   48   47   53   56   66   70   76   73   72   64   62   59
   65   70   78   81   84   82   82   77   77   75   78   80   86   92  102  113
  125  135  143  148  157  165  170  175  175  176  172  173  174  177  179  176
  173  171  170  167  160  151  145  139  161                                   
    42.5-180.0 180.0   5.0 450.0                            LAT/LON1/LON2/DLON/H
  159  134  128  126  117  109   97   87   74   64   55   51   49   47   46   45
   45   47   51   52   56   60   66   73   80   86   87   86   81   75   71   69
   73   78   85   90   91   91   89   84   83   82   85   89   95  105  114  129
  138  147  152  156  163  168  174  175  178  174  170  169  172  174  178  175
  172  171  169  164  158  152  144  139  159                                   
    40.0-180.0 180.0   5.0 450.0                            LAT/LON1/LON2/DLON/H
  150  125  118  117  113  107   99   91   81   71   62   59   57   54   52   49
   50   53   58   63   70   76   83   88   94   96   96   94   90   83   79   76
   79   83   90   94   98   96   95   91   89   89   93   97  107  117  130  144
  152  158  160  164  166  173  176  179  180  177  173  171  174  175  178  176
  173  171  170  166  157  145  141  135  150                                   
    37.5-180.0 180.0   5.0 450.0                            LAT/LON1/LON2/DLON/H
  142  110  104  104   99   99   92   89   82   76   70   67   65   62   59   57
   57   62   69   79   86   93   96  100  101  102   99   96   91   85   82   79
   81   85   89   95   97   97   96   92   92   93   98  105  114  131  142  156
  162  165  167  166  172  175  182  183  185  181  178  177  179  181  183  182
  177  175  172  168  159  150  141  135  142                                   
    35.0-180.0 180.0   5.0 450.0                            LAT/LON1/LON2/DLON/H
  135  102   90   88   85   86   85   84   81   79   73   74   72   70   67   67
   68   75   84   93  100  106  107  106  106  102   99   94   89   86   84   84
   83   87   89   94   96   97   96   94   93   98  104  111  124  140  153  166
  170  174  174  176  181  187  194  195  198  195  193  191  193  195  198  197
  193  190  187  183  172  158  149  140  135                                   
    32.5-180.0 180.0   5.0 450.0                            LAT/LON1/LON2/DLON/H
  142  102   83   76   67   69   67   72   71   74   73   76   76   76   75   75
   79   86   95  105  110  113  111  108  103   99   93   88   84   83   83   83
   83   85   87   90   94   94   96   93   96   99  108  116  131  147  160  172
  178  181  184  186  195  202  211  214  218  216  216  215  218  218  222  220
  218  216  212  204  195  185  170  158  142                                   
    30.0-180.0 180.0   5.0 450.0                            LAT/LON1/LON2/DLON/H
  154  112   88   72   60   56   53   59   62   68   68   74   76   79   79   83
   87   94  103  110  114  114  111  106  101   96   89   85   82   86   86   87
   86   86   87   90   91   94   93   95   95  101  107  119  134  151  167  179
  187  191  197  202  214  226  237  242  247  247  251  251  256  257  262  259
  257  252  248  240  229  212  201  182  154                                   
    27.5-180.0 180.0   5.0 450.0                            LAT/LON1/LON2/DLON/H
  183  142  110   91   70   61   51   53   53   61   62   70   73   78   81   85
   90   98  105  110  110  109  104  100   97   93   89   86   86   89   91   90
   90   87   86   86   89   89   92   91   95   98  107  120  138  156  175  190
  199  205  215  222  239  255  269  278  285  286  289  290  295  300  307  305
  305  299  296  286  277  256  242  221  183                                   
    25.0-180.0 180.0   5.0 450.0                            LAT/LON1/LON2/DLON/H
  217  171  145  116   94   78   63   58   55   58   59   64   69   76   79   85
   89   95  100  100  100   97   95   93   94   94   94   93   94   96   99   98
   95   92   89   88   88   88   87   90   90   95  101  117  137  160  180  196
  213  224  240  254  276  294  311  320  329  330  338  340  343  347  355  357
  360  357  355  343  337  312  292  272  217                                   
    22.5-180.0 180.0   5.0 450.0                            LAT/LON1/LON2/DLON/H
  282  227  200  164  130  107   93   83   73   70   65   67   68   75   78   83
   85   88   90   88   84   82   84   89   96  103  106  108  109  109  110  106
  101   95   88   86   85   81   82   83   85   88   96  111  140  164  191  207
  229  242  267  284  312  333  351  361  370  377  387  389  393  397  405  411
  416  412  410  397  396  383  352  338  282                                   
    20.0-180.0 180.0   5.0 450.0                            LAT/LON1/LON2/DLON/H
  363  306  269  221  179  144  121  107   97   88   79   77   76   80   80   83
   81   80   77   72   69   70   79   91  107  118  126  128  128  124  121  115
  107   99   89   85   83   77   74   75   75   78   87  109  138  170  200  220
  245  264  292  315  345  366  383  392  406  416  429  434  436  439  446  452
  459  460  459  453  450  446  421  405  363                                   
    17.5-180.0 180.0   5.0 450.0                            LAT/LON1/LON2/DLON/H
  441  402  362  301  249  206  169  145  127  118  106  102   96   97   94   93
   87   79   73   66   65   70   85  104  124  142  151  153  148  139  133  118
  109   97   87   81   78   73   70   69   68   70   83  107  145  178  212  232
  262  282  314  342  375  396  412  420  438  449  466  468  470  468  474  476
  483  486  493  488  492  491  471  457  441                                   
    15.0-180.0 180.0   5.0 450.0                            LAT/LON1/LON2/DLON/H
  499  473  440  389  328  267  216  186  160  144  132  128  127  124  119  113
  103   92   82   76   76   86  103  123  149  167  179  177  166  148  136  121
  107   96   83   78   75   69   66   62   61   65   80  111  152  189  222  247
  277  300  332  359  392  406  424  429  450  461  480  483  484  482  485  488
  493  496  505  507  511  514  504  491  499                                   
    12.5-180.0 180.0   5.0 450.0                            LAT/LON1/LON2/DLON/H
  521  507  482  445  389  329  272  232  207  187  170  165  160  160  152  143
  130  117  106  101  101  113  129  151  177  198  204  195  178  152  136  117
  104   90   82   76   74   69   65   62   61   67   84  118  164  199  232  256
  287  310  339  370  395  409  422  428  445  458  474  475  478  477  483  487
  492  491  497  496  507  515  507  499  521                                   
    10.0-180.0 180.0   5.0 450.0                            LAT/LON1/LON2/DLON/H
  521  519  502  470  429  378  325  284  245  225  208  204  203  201  195  182
  167  151  141  137  140  149  166  184  208  217  214  197  176  149  131  113
   98   86   79   73   74   68   65   59   61   68   88  125  173  209  239  265
  295  315  342  365  391  398  411  415  433  442  460  462  466  469  477  482
  488  487  490  489  494  502  498  490  521                                   
     7.5-180.0 180.0   5.0 450.0                            LAT/LON1/LON2/DLON/H
  495  513  506  481  446  407  364  323  290  261  246  243  242  245  238  228
  211  198  189  188  190  199  213  225  233  229  212  189  168  142  123  107
