data/unet/pred0890.15i
     1.0            IONOSPHERE MAPS     GNSS                IONEX VERSION / TYPE
pyspatialgeodesy        IME             05-JAN-18 20:20     PGM / RUN BY / DATE 
Map Name                                                    COMMENT             
Predicted global ionosphere maps (GIM).                     DESCRIPTION         
  2015     3    30     0     0     0                        EPOCH OF FIRST MAP  
  2015     3    31     0     0     0                        EPOCH OF LAST MAP   
  7200                                                      INTERVAL            
    13                                                      # OF MAPS IN FILE   
  NONE                                                      MAPPING FUNCTION    
10.0                                                        ELEVATION CUTOFF    
One-way carrier phase leveled to code                       OBSERVABLES USED    
  6371.0                                                    BASE RADIUS         
 2                                                          MAP DIMENSION       
   450.0 450.0   0.0                                        HGT1 / HGT2 / DHGT  
    87.5 -87.5  -2.5                                        LAT1 / LAT2 / DLAT  
  -180.0 180.0   5.0                                        LON1 / LON2 / DLON  
    -1                                                      EXPONENT            
                                                            END OF HEADER       
[from data line 3861]
    10                                                      START OF TEC MAP    
  2015     3    30    18     0     0                        EPOCH OF CURRENT MAP
    87.5-180.0 180.0   5.0 450.0                            LAT/LON1/LON2/DLON/H
  217  181  188  187  187  181  184  178  181  175  179  172  176  169  174  166
  171  162  170  161  168  160  169  163  171  166  174  171  176  173  178  175
  178  174  178  173  176  172  175  171  175  170  175  170  175  171  175  172
  177  174  179  177  182  181  185  184  188  187  191  189  193  192  195  193
  196  195  197  196  199  197  199  192  217                                   
    85.0-180.0 180.0   5.0 450.0                            LAT/LON1/LON2/DLON/H
  184  173  179  183  181  180  176  177  173  173  170  170  167  167  164  165
  162  164  160  164  160  164  161  167  163  170  167  173  171  174  172  173
  172  172  171  171  169  169  167  167  166  166  165  165  165  166  165  167
  167  169  169  171  172  174  174  177  177  180  180  183  182  185  183  186
  184  186  185  188  189  184  188  186  184                                   
    82.5-180.0 180.0   5.0 450.0                            LAT/LON1/LON2/DLON/H
  179  162  172  170  170  168  167  166  164  163  162  161  160  159  160  160
  160  160  160  162  161  164  163  167  166  170  169  173  171  174  172  174
  170  173  169  172  168  170  167  169  165  167  165  166  164  166  164  165
  163  165  165  166  166  167  168  168  170  170  172  171  173  173  174  173
  174  173  174  174  176  168  171  163  179                                   
    80.0-180.0 180.0   5.0 450.0                            LAT/LON1/LON2/DLON/H
  165  157  156  158  156  156  153  153  150  150  149  149  149  150  150  152
  151  154  153  157  156  161  161  165  165  168  168  170  169  170  169  169
  167  167  165  166  163  164  161  162  158  159  155  156  153  155  153  155
  152  155  153  157  156  158  158  160  160  162  162  163  164  164  164  164
  163  163  162  163  162  155  160  154  165                                   
    77.5-180.0 180.0   5.0 450.0                            LAT/LON1/LON2/DLON/H
  149  145  147  145  146  145  145  142  142  140  142  142  144  144  148  149
  152  152  157  158  162  163  168  168  172  171  174  173  174  172  172  170
  169  168  166  166  164  164  161  161  156  155  152  152  149  150  150  150
  150  151  153  153  155  155  157  155  157  155  157  155  156  154  155  152
  152  150  152  149  149  143  145  142  149                                   
    75.0-180.0 180.0   5.0 450.0                            LAT/LON1/LON2/DLON/H
  136  137  137  141  143  143  142  142  141  140  141  143  145  146  149  151
  154  157  161  165  168  172  175  178  180  180  182  181  180  177  175  172
  169  168  167  167  163  165  160  160  153  153  146  148  143  146  143  147
  146  149  149  151  151  152  151  152  150  150  147  147  144  144  141  141
  138  139  139  139  137  133  136  139  136                                   
    72.5-180.0 180.0   5.0 450.0                            LAT/LON1/LON2/DLON/H
  127  130  136  137  142  141  144  142  145  143  147  148  152  153  158  160
  164  168  174  179  183  186  191  192  195  194  196  192  191  184  182  175
  174  170  171  168  167  165  163  158  155  149  146  142  141  140  141  142
  144  146  148  149  151  149  150  146  146  141  140  136  135  131  131  126
  126  124  126  125  126  123  128  129  127                                   
    70.0-180.0 180.0   5.0 450.0                            LAT/LON1/LON2/DLON/H
  123  129  132  140  146  148  153  151  156  155  162  161  168  168  174  175
  183  185  193  197  203  207  213  215  217  215  214  209  204  196  191  184
  180  178  177  176  173  172  167  164  156  151  143  140  135  136  135  137
  138  142  142  145  143  145  141  142  136  136  130  129  123  123  118  116
  112  112  111  113  112  111  118  124  123                                   
    67.5-180.0 180.0   5.0 450.0                            LAT/LON1/LON2/DLON/H
  119  122  133  142  151  154  161  162  169  169  178  178  185  185  191  195
  199  204  212  219  226  232  236  239  241  237  236  227  220  208  202  192
  188  184  183  182  180  176  172  166  157  148  140  133  128  125  126  126
  128  130  132  133  133  132  131  128  126  122  119  116  113  109  107  102
   99   96   97   97  100   99  108  113  119                                   
    65.0-180.0 180.0   5.0 450.0                            LAT/LON1/LON2/DLON/H
  115  121  128  141  153  159  169  172  180  182  192  193  200  201  209  211
  219  222  233  237  245  250  256  257  258  254  251  242  232  221  213  205
  199  196  193  192  188  185  178  172  161  151  140  131  123  119  116  115
  115  117  117  119  118  119  115  114  110  108  104  103   99   98   93   90
   85   83   80   82   84   86   95  103  115                                   
    62.5-180.0 180.0   5.0 450.0                            LAT/LON1/LON2/DLON/H
  108  113  123  138  154  162  175  179  188  192  201  203  211  213  220  223
  229  234  242  247  254  258  264  267  268  266  262  254  246  237  230  222
  216  211  209  207  201  196  186  177  166  154  140  128  119  111  105  101
  101  101  102  103  103  103  101   99   96   95   93   92   89   87   84   80
   75   71   69   67   72   74   83   89  108                                   
    60.0-180.0 180.0   5.0 450.0                            LAT/LON1/LON2/DLON/H
  103  114  119  133  148  162  175  181  193  195  205  207  215  218  226  228
  236  239  246  249  256  259  265  269  270  270  267  264  256  251  246  239
  233  228  224  222  217  210  200  188  176  164  149  135  123  113  104   97
   94   92   92   93   93   94   92   91   89   88   88   86   86   83   81   76
   71   68   64   64   64   69   74   80  103                                   
    57.5-180.0 180.0   5.0 450.0                            LAT/LON1/LON2/DLON/H
   99  108  118  134  153  166  180  187  196  200  206  209  215  217  224  226
  232  236  242  244  250  254  259  263  267  270  270  270  267  268  266  264
  257  255  246  244  234  227  214  203  188  176  162  147  133  121  109   99
   92   88   87   87   88   90   90   90   90   90   89   89   87   86   82   79
   75   71   68   65   66   67   71   70   99                                   
    55.0-180.0 180.0   5.0 450.0                            LAT/LON1/LON2/DLON/H
  100  113  121  140  156  174  188  193  203  203  212  211  216  218  224  226
  232  235  241  241  246  249  255  259  264  269  273  276  278  282  285  285
  281  276  266  260  252  245  232  220  208  195  184  169  156  141  127  113
  105   97   95   94   96   99  101  101  103  102  103  100  100   96   94   90
   86   84   79   78   73   76   77   75  100                                   
    52.5-180.0 180.0   5.0 450.0                            LAT/LON1/LON2/DLON/H
  105  117  130  153  175  192  207  212  217  218  222  223  223  225  227  229
  232  234  238  238  241  243  248  254  259  268  274  283  290  300  307  311
  307  301  290  284  270  263  247  239  226  217  205  193  179  164  147  133
  122  114  111  110  113  115  119  121  122  122  120  119  117  115  112  108
  104  101   98   93   91   86   88   86  105                                   
    50.0-180.0 180.0   5.0 450.0                            LAT/LON1/LON2/DLON/H
  121  135  146  172  193  215  228  233  240  235  241  236  239  237  239  242
  243  244  245  243  244  245  250  256  263  272  281  291  306  316  330  329
  332  322  309  299  284  277  262  255  245  237  229  218  206  191  176  159
  150  139  138  135  139  140  144  143  147  144  145  140  141  138  137  134
  131  128  124  121  114  112  114  109  121                                   
    47.5-180.0 180.0   5.0 450.0                            LAT/LON1/LON2/DLON/H
  136  147  166  188  218  238  255  259  265  263  263  262  261  260  260  261
  261  259  258  253  251  250  254  262  269  280  290  305  319  336  348  349
  350  337  325  312  297  288  274  268  257  251  243  235  223  211  196  184
  172  166  162  161  161  164  165  167  166  165  163  160  158  156  157  154
  155  152  151  149  142  133  140  134  136                                   
    45.0-180.0 180.0   5.0 450.0                            LAT/LON1/LON2/DLON/H
  158  172  187  217  240  264  280  290  296  293  295  293  294  292  289  289
  287  285  278  272  268  266  271  278  288  298  309  322  339  354  366  365
  368  352  342  324  311  297  287  278  268  261  253  246  235  224  213  203
  195  190  186  182  182  179  182  180  182  177  176  172  173  173  174  174
  174  174  173  175  169  164  166  158  158                                   
    42.5-180.0 180.0   5.0 450.0                            LAT/LON1/LON2/DLON/H
  175  188  207  230  260  281  304  314  326  327  333  333  332  332  326  325
  316  310  301  293  286  286  288  299  307  319  326  341  353  368  376  377
  376  362  354  338  328  315  302  294  276  268  255  247  235  228  220  217
  208  207  201  198  194  192  190  189  187  186  182  182  181  183  184  183
  184  182  185  186  185  177  188  175  175                                   
    40.0-180.0 180.0   5.0 450.0                            LAT/LON1/LON2/DLON/H
  188  206  219  252  276  305  323  340  358  366  373  373  371  368  363  353
  345  334  327  319  314  312  316  321  332  339  348  360  375  386  395  393
  393  383  378  362  357  343  332  314  291  277  262  251  238  233  228  224
  218  214  210  206  201  197  195  189  191  183  185  181  186  187  189  189
  185  186  186  190  187  185  191  187  188                                   
    37.5-180.0 180.0   5.0 450.0                            LAT/LON1/LON2/DLON/H
  186  205  225  252  287  309  335  358  384  395  408  408  411  402  397  386
  374  363  352  344  339  341  343  349  355  362  367  381  392  404  409  411
  418  419  422  415  412  396  370  343  313  295  270  262  243  240  230  229
  221  220  213  206  201  196  195  194  196  189  187  185  186  188  188  185
  179  175  174  172  173  173  189  186  186                                   
    35.0-180.0 180.0   5.0 450.0                            LAT/LON1/LON2/DLON/H
  180  204  223  260  287  321  340  376  403  422  437  441  444  441  429  416
  402  386  377  368  369  371  377  378  386  390  397  411  427  439  450  459
  476  484  497  492  486  450  407  366  330  310  279  275  251  253  238  241
  228  233  224  225  217  214  208  202  200  195  197  191  194  192  196  188
  183  172  169  160  158  159  172  180  180                                   
    32.5-180.0 180.0   5.0 450.0                            LAT/LON1/LON2/DLON/H
  166  195  221  257  290  315  345  379  414  434  458  464  477  467  461  441
  428  416  408  400  400  405  408  413  414  423  426  445  458  484  500  523
  545  563  576  581  574  544  503  448  395  356  321  299  279  276  272  276
  266  266  255  257  248  250  241  240  233  225  218  211  212  210  210  201
  187  171  157  144  136  137  147  163  166                                   
    30.0-180.0 180.0   5.0 450.0                            LAT/LON1/LON2/DLON/H
  169  189  223  256  290  319  343  382  415  444  466  482  492  494  485  471
  456  445  437  433  436  437  440  441  446  454  464  485  509  540  576  603
  632  653  674  684  675  647  585  533  475  432  394  361  332  321  308  305
  298  301  297  294  285  285  281  281  273  267  256  249  240  234  224  211
  193  178  163  155  144  144  134  155  169                                   
    27.5-180.0 180.0   5.0 450.0                            LAT/LON1/LON2/DLON/H
  168  192  229  268  301  321  348  380  416  442  470  486  513  509  516  496
  492  478  470  465  467  464  465  466  472  487  502  533  567  614  658  694
  730  740  754  747  735  697  641  579  519  472  448  425  408  388  373  366
  356  355  348  349  344  342  337  332  326  317  308  300  297  290  286  274
  246  217  188  164  150  140  132  151  168                                   
    25.0-180.0 180.0   5.0 450.0                            LAT/LON1/LON2/DLON/H
  186  200  242  280  317  337  358  390  423  449  472  501  518  534  533  535
  520  512  500  498  498  494  496  493  506  528  559  604  657  715  760  777
  788  795  795  790  766  728  663  595  540  503  471  446  426  415  407  406
  401  401  399  410  408  411  402  393  384  366  352  336  317  307  298  288
  275  249  228  199  179  158  147  159  186                                   
    22.5-180.0 180.0   5.0 450.0                            LAT/LON1/LON2/DLON/H
  210  217  256  296  329  349  373  399  437  459  489  508  538  550  564  562
  561  545  536  532  530  521  521  522  545  574  624  680  744  782  811  828
  837  841  840  819  790  735  667  595  542  507  487  461  446  430  427  426
  433  440  450  460  458  460  453  447  438  423  400  366  345  321  313  303
  291  277  258  237  215  193  174  170  210                                   
    20.0-180.0 180.0   5.0 450.0                            LAT/LON1/LON2/DLON/H
  221  222  266  307  341  364  387  416  454  482  506  532  552  581  586  601
  593  591  573  576  566  557  558  566  597  640  704  751  800  829  860  876
  878  876  861  831  789  734  662  588  534  494  477  456  440  427  428  436
  449  461  479  495  500  511  503  496  474  461  426  392  358  333  318  307
  297  289  276  259  240  218  200  193  221                                   
    17.5-180.0 180.0   5.0 450.0                            LAT/LON1/LON2/DLON/H
  227  223  270  318  353  384  405  434  476  508  536  557  583  602  617  629
  639  636  630  619  606  601  601  618  656  712  761  790  835  867  897  905
  905  882  860  821  776  717  644  562  501  462  446  429  421  412  429  444
  476  494  521  533  545  547  538  526  503  481  439  399  369  336  326  310
  312  301  291  277  255  231  222  216  227                                   
    15.0-180.0 180.0   5.0 450.0                            LAT/LON1/LON2/DLON/H
  225  224  265  309  348  388  416  452  493  529  560  580  598  622  636  661
  672  689  680  674  653  648  650  679  723  755  796  824  868  899  918  916
  893  868  835  796  757  699  618  532  466  426  403  384  380  378  403  436
  475  500  535  548  561  562  554  538  510  479  440  399  361  327  313  301
  300  292  286  275  257  233  227  218  225                                   
    12.5-180.0 180.0   5.0 450.0                            LAT/LON1/LON2/DLON/H
  211  218  247  296  339  385  421  466  514  550  576  599  620  646  666  693
  716  733  737  722  712  704  711  734  772  794  831  854  894  908  920  900
  875  840  810  774  748  677  600  516  449  401  370  350  349  356  397  438
  488  514  539  551  561  555  533  508  477  449  418  377  343  314  302  288
  291  281  276  259  243  224  219  212  211                                   
    10.0-180.0 180.0   5.0 450.0                            LAT/LON1/LON2/DLON/H
  203  211  239  281  328  377  423  476  524  562  591  616  642  673  702  736
  761  781  777  773  765  763  769  790  820  838  864  886  903  916  909  893
  855  822  788  766  737  673  600  520  437  378  341  318  326  342  388  441
  495  522  542  546  540  532  505  483  445  420  382  347  315  287  275  264
  263  254  249  231  221  203  202  199  203                                   
     7.5-180.0 180.0   5.0 450.0                            LAT/LON1/LON2/DLON/H
  193  204  230  273  326  376  424  480  535  580  605  634  663  702  736  773
  798  813  816  812  807  807  822  840  868  877  897  897  907  902  896  872
