data/unet/pred2370.15i
     1.0            IONOSPHERE MAPS     GNSS                IONEX VERSION / TYPE
pyspatialgeodesy        IME             05-JAN-18 20:20     PGM / RUN BY / DATE 
Map Name                                                    COMMENT             
Predicted global ionosphere maps (GIM).                     DESCRIPTION         
  2015     8    25     0     0     0                        EPOCH OF FIRST MAP  
  2015     8    26     0     0     0                        EPOCH OF LAST MAP   
  7200                                                      INTERVAL            
    13                                                      # OF MAPS IN FILE   
  NONE                                                      MAPPING FUNCTION    
10.0                                                        ELEVATION CUTOFF    
One-way carrier phase leveled to code                       OBSERVABLES USED    
  6371.0                                                    BASE RADIUS         
 2                                                          MAP DIMENSION       
   450.0 450.0   0.0                                        HGT1 / HGT2 / DHGT  
    87.5 -87.5  -2.5                                        LAT1 / LAT2 / DLAT  
  -180.0 180.0   5.0                                        LON1 / LON2 / DLON  
    -1                                                      EXPONENT            
                                                            END OF HEADER       
[from data line 2145]
     6                                                      START OF TEC MAP    
  2015     8    25    10     0     0                        EPOCH OF CURRENT MAP
    87.5-180.0 180.0   5.0 450.0                            LAT/LON1/LON2/DLON/H
   93  117  113  115  114  113  114  114  115  115  116  116  117  117  118  118
  118  117  118  117  117  115  115  114  113  112  111  109  109  107  106  105
  104  104  103  102  101  101  100  100   99   99   98   99   98   99   99   99
   99  100  100  101  101  102  102  103  104  104  105  104  106  105  106  106
  107  107  108  108  109  109  108  101   93                                   
    85.0-180.0 180.0   5.0 450.0                            LAT/LON1/LON2/DLON/H
  116  107  117  119  119  119  121  122  124  124  125  125  127  126  127  126
  128  127  128  127  128  127  127  126  127  126  125  124  123  123  121  120
  119  118  116  114  113  111  110  109  108  107  107  106  107  106  107  106
  106  106  106  105  106  105  105  104  105  104  104  103  104  104  103  104
  105  105  106  106  108  106  115  110  116                                   
    82.5-180.0 180.0   5.0 450.0                            LAT/LON1/LON2/DLON/H
  102  107  114  116  117  117  120  121  124  123  126  125  127  126  127  125
  127  125  126  125  126  125  126  125  126  125  125  124  124  123  122  121
  119  118  116  114  113  111  110  107  107  105  106  104  106  105  107  106
  108  106  108  106  107  105  106  103  103  100  101   99  100   98   98   97
   98   98  100  100  103  103  109  114  102                                   
    80.0-180.0 180.0   5.0 450.0                            LAT/LON1/LON2/DLON/H
  102   97   99  102  102  104  107  109  111  111  113  113  114  113  114  113
  113  113  113  112  112  112  112  112  113  113  114  113  114  113  114  112
  112  110  110  107  107  103  104  101  102  100  102  101  104  104  107  107
  109  109  111  110  110  109  108  107  105  103  101   99   97   95   93   92
   90   90   89   90   91   91   97  105  102                                   
    77.5-180.0 180.0   5.0 450.0                            LAT/LON1/LON2/DLON/H
   94   90   91   92   93   97   98  101  102  104  103  105  104  105  103  104
  102  103  100  102  100  101  100  102  100  103  102  105  103  107  105  108
  105  107  103  104  101  101   99   99   98  100  102  104  107  111  113  117
  119  121  122  123  122  122  119  118  115  113  109  107  102  100   95   94
   90   89   86   87   86   86   91   88   94                                   
    75.0-180.0 180.0   5.0 450.0                            LAT/LON1/LON2/DLON/H
   88   80   80   84   83   87   88   91   91   93   92   94   91   93   91   92
   90   91   89   89   87   89   87   89   87   91   90   96   95  101  100  105
  102  106  102  104  100  102   99  101  100  104  107  112  115  121  125  129
  132  134  135  136  134  134  131  129  124  122  117  114  108  106   99   97
   90   91   85   86   83   84   87   83   88                                   
    72.5-180.0 180.0   5.0 450.0                            LAT/LON1/LON2/DLON/H
   83   78   75   75   75   77   79   80   82   82   83   83   82   82   83   82
   82   81   81   80   79   78   77   77   78   80   82   86   88   93   96  100
  101  104  104  105  103  104  103  105  106  110  116  121  127  133  139  143
  145  147  148  147  145  143  139  136  131  127  121  119  113  110  103  100
   93   91   86   84   83   79   84   78   83                                   
    70.0-180.0 180.0   5.0 450.0                            LAT/LON1/LON2/DLON/H
   82   71   69   71   70   73   74   76   76   78   76   77   76   77   77   77
   77   77   76   76   74   73   72   71   72   75   77   82   85   92   94  101
  102  108  106  111  107  111  108  114  114  122  126  136  141  149  152  156
  156  157  155  155  150  148  143  140  134  131  126  124  119  117  110  107
  101   98   92   90   86   83   84   78   82                                   
    67.5-180.0 180.0   5.0 450.0                            LAT/LON1/LON2/DLON/H
   81   73   68   67   66   67   68   70   70   71   71   72   72   73   74   74
   74   74   73   72   70   69   68   68   69   71   74   77   82   86   91   97
  100  105  107  109  110  111  113  116  122  127  137  143  150  156  159  162
  160  159  155  153  148  145  140  136  131  128  125  123  120  119  114  112
  105  103   97   94   90   84   85   76   81                                   
    65.0-180.0 180.0   5.0 450.0                            LAT/LON1/LON2/DLON/H
   83   72   66   66   63   66   65   68   66   69   67   70   69   71   72   74
   74   74   74   73   71   69   69   69   70   72   74   79   81   89   90  100
  100  109  108  115  111  118  115  125  126  138  143  156  159  166  166  167
  162  159  153  150  144  140  134  131  127  125  123  123  123  123  121  120
  115  113  106  104   98   94   92   81   83                                   
    62.5-180.0 180.0   5.0 450.0                            LAT/LON1/LON2/DLON/H
   84   77   69   65   61   61   61   61   61   62   62   64   65   67   68   70
   71   71   70   69   68   68   67   70   70   73   75   78   81   85   89   96
  100  105  108  112  114  115  120  124  132  140  150  158  163  168  167  166
  159  155  148  145  138  135  129  126  123  121  119  121  122  124  123  123
  119  118  113  110  105   98   97   84   84                                   
    60.0-180.0 180.0   5.0 450.0                            LAT/LON1/LON2/DLON/H
   88   77   69   66   60   60   57   58   56   57   56   58   59   62   63   66
   66   67   66   66   66   67   68   72   74   78   79   84   84   90   91   99
  100  108  108  115  114  121  121  131  136  148  155  167  169  173  169  166
  158  153  146  143  138  135  130  127  123  122  121  124  125  128  127  129
  125  126  120  119  112  109  104   92   88                                   
    57.5-180.0 180.0   5.0 450.0                            LAT/LON1/LON2/DLON/H
   93   86   74   67   61   58   56   53   52   50   49   50   51   54   55   57
   58   59   57   59   59   63   65   72   76   81   83   86   88   91   92   97
  100  106  109  114  118  120  126  132  142  150  160  168  172  174  171  166
  159  153  149  146  143  141  138  134  130  128  127  128  129  132  130  131
  128  128  123  122  117  112  109   95   93                                   
    55.0-180.0 180.0   5.0 450.0                            LAT/LON1/LON2/DLON/H
  101   87   77   70   61   60   54   52   47   46   43   44   43   46   46   49
   49   50   48   51   52   59   62   73   77   85   87   92   91   96   95  101
  102  109  110  118  119  126  128  139  145  158  166  176  178  180  175  171
  164  161  157  157  155  155  150  147  142  140  136  137  137  139  136  137
  131  133  127  128  123  123  117  106  101                                   
    52.5-180.0 180.0   5.0 450.0                            LAT/LON1/LON2/DLON/H
  107   96   85   75   66   61   57   52   47   43   40   38   37   38   38   40
   39   40   39   42   45   53   59   70   78   86   90   94   95   97   98  102
  105  111  115  121  127  130  137  143  153  162  172  180  184  184  181  176
  172  169  169  170  170  171  166  163  156  152  147  147  146  145  142  140
  135  133  129  129  126  124  123  110  107                                   
    50.0-180.0 180.0   5.0 450.0                            LAT/LON1/LON2/DLON/H
  117   98   90   80   72   67   61   56   49   44   40   37   35   35   34   35
   34   35   33   37   40   50   57   71   78   89   91   97   96  101  100  107
  108  116  120  129  133  141  144  154  160  173  181  191  192  194  191  188
  184  184  184  185  186  185  181  175  169  164  158  158  155  156  151  149
  141  141  132  135  131  132  128  121  117                                   
    47.5-180.0 180.0   5.0 450.0                            LAT/LON1/LON2/DLON/H
  122  106   98   87   78   73   68   62   56   50   45   41   38   37   35   34
   32   32   31   35   38   48   55   68   76   86   89   95   96  100  101  107
  110  118  126  134  143  147  155  160  170  179  189  195  199  200  200  197
  196  194  195  196  195  194  186  183  174  171  165  164  162  160  157  152
  147  141  137  135  134  132  131  121  122                                   
    45.0-180.0 180.0   5.0 450.0                            LAT/LON1/LON2/DLON/H
  123  107  100   93   85   80   77   71   65   59   54   49   46   44   41   40
   37   37   36   40   43   51   58   70   77   87   90   96   96  103  104  112
  115  125  132  144  151  161  165  175  180  192  199  208  209  213  212  212
  209  208  206  205  201  195  187  182  175  173  168  170  165  167  162  161
  152  151  143  142  137  135  133  129  123                                   
    42.5-180.0 180.0   5.0 450.0                            LAT/LON1/LON2/DLON/H
  125  111  105   97   90   87   84   80   74   70   65   61   57   54   51   49
   46   45   44   47   49   55   61   69   75   84   86   93   94  101  104  111
  117  127  138  149  161  169  177  184  191  201  209  216  219  223  223  223
  221  218  213  208  199  193  182  179  173  173  170  171  170  168  166  162
  158  153  148  142  138  134  133  128  125                                   
    40.0-180.0 180.0   5.0 450.0                            LAT/LON1/LON2/DLON/H
  124  108  104   99   93   91   87   85   82   80   77   73   71   67   63   62
   57   57   53   57   58   63   66   73   78   85   88   95   96  104  107  116
  120  132  142  158  168  180  187  197  203  216  222  231  234  240  239  239
  235  231  222  214  203  194  183  178  175  176  174  175  172  174  169  170
  163  162  152  149  140  134  132  132  124                                   
    37.5-180.0 180.0   5.0 450.0                            LAT/LON1/LON2/DLON/H
  123  107  103   97   92   91   89   89   87   87   86   84   81   78   74   72
   67   66   63   65   66   68   71   75   79   85   88   94   97  104  108  117
  123  134  147  160  176  186  197  205  215  226  235  244  250  255  255  255
  250  244  235  225  213  203  194  190  188  189  187  187  184  181  179  174
  170  165  158  147  140  131  129  127  123                                   
    35.0-180.0 180.0   5.0 450.0                            LAT/LON1/LON2/DLON/H
  121  104   99   93   87   87   85   87   88   91   92   92   92   89   86   83
   77   75   71   73   73   74   75   79   83   89   93  101  104  112  115  123
  128  139  153  168  184  197  208  219  230  242  250  262  266  273  272  274
  269  264  256  247  236  226  218  214  212  211  208  204  198  194  188  185
  177  175  161  154  139  131  128  130  121                                   
    32.5-180.0 180.0   5.0 450.0                            LAT/LON1/LON2/DLON/H
  120  102   95   89   84   83   83   86   87   92   94   96   95   95   91   89
   82   80   76   76   76   76   77   80   84   92   97  105  109  117  120  129
  135  147  163  178  197  209  223  232  245  255  268  277  285  289  292  292
  292  288  282  275  267  261  253  250  248  245  239  232  224  214  208  200
  193  184  171  157  144  131  128  128  120                                   
    30.0-180.0 180.0   5.0 450.0                            LAT/LON1/LON2/DLON/H
  124  105   98   89   83   80   79   81   84   88   93   95   99   97   97   94
   88   83   79   78   78   78   80   83   90   99  106  117  121  128  130  138
  145  158  173  191  209  223  236  248  261  274  284  296  303  311  315  318
  320  320  322  318  316  309  305  299  295  287  279  266  254  242  230  222
  209  202  182  169  148  136  132  134  124                                   
    27.5-180.0 180.0   5.0 450.0                            LAT/LON1/LON2/DLON/H
  131  112  103   96   88   84   82   83   83   88   90   94   95   97   95   93
   87   83   78   79   78   79   80   86   92  103  112  122  126  134  137  148
  155  170  186  205  224  238  252  262  278  287  302  309  322  327  337  340
  350  355  363  364  366  363  358  352  345  334  320  304  290  273  260  246
  234  219  203  182  163  145  139  138  131                                   
    25.0-180.0 180.0   5.0 450.0                            LAT/LON1/LON2/DLON/H
  142  127  119  108   99   91   86   83   83   86   89   90   94   93   97   93
   89   83   79   79   78   79   82   88   98  110  120  130  135  143  146  158
  165  181  197  220  236  252  263  277  290  301  316  326  339  351  362  370
  383  393  406  411  418  415  413  406  400  386  370  349  329  308  289  276
  258  246  223  203  177  162  154  147  142                                   
    22.5-180.0 180.0   5.0 450.0                            LAT/LON1/LON2/DLON/H
  152  140  133  127  117  107  100   95   91   90   90   90   90   92   91   91
   86   82   77   79   78   81   83   92   99  113  120  131  136  145  151  165
  174  190  209  232  249  264  277  288  305  314  332  341  359  370  386  393
  409  421  437  446  456  456  455  448  440  426  411  392  371  347  323  301
  281  265  245  220  197  177  167  155  152                                   
    20.0-180.0 180.0   5.0 450.0                            LAT/LON1/LON2/DLON/H
  162  155  151  143  134  124  115  106  100   95   91   88   89   88   91   88
   86   80   77   77   78   80   85   92  104  114  124  131  137  149  156  173
  181  201  218  241  258  275  285  301  316  328  345  358  375  392  406  419
  432  448  464  478  486  489  487  482  476  463  450  432  413  385  356  328
  301  286  264  244  217  197  188  170  162                                   
    17.5-180.0 180.0   5.0 450.0                            LAT/LON1/LON2/DLON/H
  171  171  168  161  155  143  135  122  115  107  101   92   89   88   87   86
   83   80   76   77   76   80   83   93  100  113  118  128  135  146  157  173
  186  203  225  248  267  285  299  314  332  344  362  375  392  408  424  435
  449  461  480  489  503  505  503  498  490  482  472  459  439  412  382  352
  325  301  281  259  239  218  204  179  171                                   
    15.0-180.0 180.0   5.0 450.0                            LAT/LON1/LON2/DLON/H
  181  186  183  174  167  158  147  135  123  116  107   98   93   88   87   85
   83   78   76   74   76   77   84   91  103  111  118  124  134  148  162  180
  193  215  234  259  277  298  310  328  347  361  377  386  403  419  434  449
  462  479  490  504  510  513  508  503  499  495  490  479  460  432  401  370
  341  318  295  275  256  239  225  196  181                                   
    12.5-180.0 180.0   5.0 450.0                            LAT/LON1/LON2/DLON/H
  193  199  195  187  181  169  161  144  135  122  116  105   98   91   87   84
   81   76   74   73   73   76   80   90   98  110  115  124  134  149  165  186
  201  220  243  267  286  307  321  341  361  376  390  400  414  428  442  453
  466  476  491  498  506  506  497  497  493  496  489  481  460  435  405  376
  350  328  310  289  274  259  241  209  193                                   
    10.0-180.0 180.0   5.0 450.0                            LAT/LON1/LON2/DLON/H
  205  211  204  193  184  173  163  151  138  130  121  112  105   96   90   83
   80   72   71   69   70   71   79   88  100  109  119  127  140  156  175  197
  212  236  255  277  293  312  326  347  370  384  398  407  420  432  443  457
  465  479  484  495  497  497  491  491  495  498  496  483  463  437  406  378
  353  335  319  301  285  274  260  227  205                                   
     7.5-180.0 180.0   5.0 450.0                            LAT/LON1/LON2/DLON/H
  216  221  211  200  189  177  169  155  145  134  127  117  109  100   91   83
   76   70   68   66   67   69   76   86   99  112  123  135  148  167  186  207
