data/unet/pred2290.15i
     1.0            IONOSPHERE MAPS     GNSS                IONEX VERSION / TYPE
pyspatialgeodesy        IME             05-JAN-18 20:20     PGM / RUN BY / DATE 
Map Name                                                    COMMENT             
Predicted global ionosphere maps (GIM).                     DESCRIPTION         
  2015     8    17     0     0     0                        EPOCH OF FIRST MAP  
  2015     8    18     0     0     0                        EPOCH OF LAST MAP   
  7200                                                      INTERVAL            
    13                                                      # OF MAPS IN FILE   
  NONE                                                      MAPPING FUNCTION    
10.0                                                        ELEVATION CUTOFF    
One-way carrier phase leveled to code                       OBSERVABLES USED    
  6371.0                                                    BASE RADIUS         
 2                                                          MAP DIMENSION       
   450.0 450.0   0.0                                        HGT1 / HGT2 / DHGT  
    87.5 -87.5  -2.5                                        LAT1 / LAT2 / DLAT  
  -180.0 180.0   5.0                                        LON1 / LON2 / DLON  
    -1                                                      EXPONENT            
                                                            END OF HEADER       
[from data line 2574]
     7                                                      START OF TEC MAP    
  2015     8    17    12     0     0                        EPOCH OF CURRENT MAP
    87.5-180.0 180.0   5.0 450.0                            LAT/LON1/LON2/DLON/H
  103  110  110  110  109  110  111  112  112  112  113  113  114  114  114  114
  114  114  114  114  114  114  113  113  113  113  112  112  111  111  109  109
  107  107  105  105  103  103  101  102  100  100   98  100   98   99   97   99
   98   99   98  100   99  100   98  100   99  100  100  101  100  101  101  102
  101  103  103  103  103  101  110  100  103                                   
    85.0-180.0 180.0   5.0 450.0                            LAT/LON1/LON2/DLON/H
  107  106  105  100  103  102  106  105  109  108  111  110  113  111  114  112
  115  112  115  112  116  113  116  113  117  114  117  114  116  114  114  112
  112  109  109  106  105  104  102  101  100   99   98   98   97   98   97   98
   98   98   98   98   99   98   99   97   99   96   99   95   98   95   98   94
   98   94   98   94   96   97  102  108  107                                   
    82.5-180.0 180.0   5.0 450.0                            LAT/LON1/LON2/DLON/H
  106  101  102   99  101   99  103  101  105  103  108  105  109  107  110  108
  111  108  111  109  112  111  114  112  116  115  118  116  118  117  117  115
  113  112  110  108  105  104  101  100   98   99   96   98   96   99   97  100
   99  101  100  101  100  101  100   99   98   97   97   96   95   94   94   93
   93   91   92   89   91   90   90   90  106                                   
    80.0-180.0 180.0   5.0 450.0                            LAT/LON1/LON2/DLON/H
   93   94   96   96   97   98  101  102  103  104  105  105  105  105  105  105
  105  105  105  106  107  108  110  110  113  113  116  115  118  116  118  115
  116  112  112  108  107  102  103   99   99   97   98   97   99   99  102  102
  105  104  107  106  108  105  107  103  104  100  101   97   98   93   94   90
   91   88   89   85   86   85   79   86   93                                   
    77.5-180.0 180.0   5.0 450.0                            LAT/LON1/LON2/DLON/H
   85   85   88   90   90   93   93   95   95   96   96   96   94   95   93   94
   92   95   95   97   97  100  102  104  106  109  111  113  114  115  115  116
  113  112  109  107  103  101   99   98   95   95   96   97   98  101  103  106
  107  110  111  112  110  110  109  108  104  103  100   99   95   94   91   89
   85   84   82   79   80   78   75   78   85                                   
    75.0-180.0 180.0   5.0 450.0                            LAT/LON1/LON2/DLON/H
   74   74   82   82   83   84   87   86   88   88   89   87   86   86   85   85
   84   86   86   88   88   91   94   96   99  102  106  108  110  113  113  114
  112  112  108  105  101   99   96   94   92   93   93   94   96  100  104  106
  109  112  115  114  115  113  113  109  107  104  103   99   96   93   91   87
   84   82   80   77   76   74   68   77   74                                   
    72.5-180.0 180.0   5.0 450.0                            LAT/LON1/LON2/DLON/H
   69   68   72   72   73   77   76   79   78   80   79   80   78   79   77   79
   75   78   76   78   77   82   83   87   90   95   98  103  105  109  111  113
  113  113  110  108  103  104   98   99   95   99   97  101  101  108  109  113
  114  119  120  119  119  117  116  111  109  105  103   98   96   92   90   85
   82   78   76   71   72   67   67   72   69                                   
    70.0-180.0 180.0   5.0 450.0                            LAT/LON1/LON2/DLON/H
   63   59   67   61   66   65   70   68   72   70   74   73   74   75   76   74
   73   73   73   72   72   75   77   80   83   88   93   96  100  104  107  109
  111  112  112  109  107  106  103  102  101  102  103  104  107  111  114  115
  118  120  122  120  120  116  116  110  109  104  104   98   98   94   93   87
   85   79   77   71   70   66   63   71   63                                   
    67.5-180.0 180.0   5.0 450.0                            LAT/LON1/LON2/DLON/H
   60   56   60   55   58   59   61   63   64   66   68   70   72   74   75   75
   72   73   69   70   69   71   72   75   77   82   85   90   93   98  102  106
  109  111  112  111  110  109  108  108  108  111  110  112  112  116  117  116
  118  118  120  116  116  114  112  108  107  103  103   99   99   95   95   89
   87   80   79   70   69   62   63   67   60                                   
    65.0-180.0 180.0   5.0 450.0                            LAT/LON1/LON2/DLON/H
   59   52   58   53   54   54   58   57   60   60   65   66   71   73   76   76
   75   75   72   72   69   71   71   74   75   79   82   86   88   93   97  101
  106  108  114  111  114  112  114  113  114  115  117  116  117  116  118  115
  116  114  116  113  113  110  109  105  104  102  103  101  101   99   99   94
   92   85   82   72   70   65   62   68   59                                   
    62.5-180.0 180.0   5.0 450.0                            LAT/LON1/LON2/DLON/H
   59   54   54   51   52   49   52   51   54   54   59   62   68   72   76   78
   76   76   71   73   69   71   69   73   72   77   77   82   83   88   92   98
  103  106  112  112  116  114  117  116  119  120  121  121  120  117  116  112
  112  110  110  108  108  106  105  103  103  103  103  103  103  102  102   98
   95   88   85   76   72   64   64   66   59                                   
    60.0-180.0 180.0   5.0 450.0                            LAT/LON1/LON2/DLON/H
   59   54   57   53   52   49   50   47   49   47   52   55   62   66   73   76
   77   77   74   74   71   71   71   74   74   76   78   81   83   86   91   96
  103  105  114  113  119  116  120  119  124  124  127  124  123  120  117  112
  111  107  109  107  108  106  106  104  106  106  108  107  108  107  106  101
   98   92   89   78   75   69   65   67   59                                   
    57.5-180.0 180.0   5.0 450.0                            LAT/LON1/LON2/DLON/H
   62   59   58   55   54   48   48   44   44   42   46   48   55   60   68   71
   73   73   71   72   69   71   71   75   74   78   78   83   83   88   92   98
  103  108  114  116  120  119  124  124  128  129  131  129  127  122  118  113
  112  110  111  112  113  113  113  112  112  114  114  114  113  112  110  105
  101   95   92   83   78   71   69   66   62                                   
    55.0-180.0 180.0   5.0 450.0                            LAT/LON1/LON2/DLON/H
   63   61   60   58   55   50   49   42   41   34   37   38   45   48   57   62
   66   67   68   68   68   70   72   75   77   80   81   84   86   90   95  100
  106  110  118  119  125  123  128  129  135  135  139  136  136  129  125  120
  119  118  120  121  123  123  123  122  123  122  124  121  121  117  114  108
  103   98   93   84   80   76   71   69   63                                   
    52.5-180.0 180.0   5.0 450.0                            LAT/LON1/LON2/DLON/H
   65   65   64   62   59   53   50   44   39   34   33   33   38   42   49   55
   60   62   64   65   66   69   72   77   79   83   84   89   90   95   99  105
  110  116  122  125  130  131  135  137  143  143  148  144  144  137  134  129
  129  129  131  133  135  134  134  132  133  132  132  130  128  124  119  112
  107  101   96   88   83   77   76   69   65                                   
    50.0-180.0 180.0   5.0 450.0                            LAT/LON1/LON2/DLON/H
   68   67   64   65   62   56   54   45   41   30   30   26   31   31   39   44
   51   55   59   61   65   68   74   78   82   86   89   92   95   99  104  109
  116  119  127  130  136  136  142  143  151  149  154  150  150  144  141  138
  138  138  141  143  144  144  144  142  142  141  141  138  136  131  126  118
  112  105  100   92   87   83   78   74   68                                   
    47.5-180.0 180.0   5.0 450.0                            LAT/LON1/LON2/DLON/H
   69   69   69   67   65   60   56   50   43   36   31   29   28   30   35   40
   47   53   58   62   66   70   74   80   83   88   92   96  100  104  109  115
  120  127  133  139  143  146  151  153  159  159  163  159  159  154  152  149
  149  148  149  149  150  149  149  147  147  147  147  144  143  138  133  125
  119  112  106   97   92   85   83   75   69                                   
    45.0-180.0 180.0   5.0 450.0                            LAT/LON1/LON2/DLON/H
   74   69   67   67   66   63   61   53   50   38   36   29   30   26   33   35
   44   49   57   62   68   71   77   80   86   89   96   99  106  107  114  117
  126  131  140  146  152  155  161  163  169  168  169  166  165  161  159  156
  153  153  151  152  150  150  149  150  151  151  152  150  148  145  140  134
  127  120  113  104   97   91   85   82   74                                   
    42.5-180.0 180.0   5.0 450.0                            LAT/LON1/LON2/DLON/H
   76   72   71   68   68   65   64   60   55   49   43   39   35   33   34   38
   44   52   59   67   71   76   79   84   86   92   97  103  108  111  116  121
  129  137  146  155  161  166  172  174  179  177  179  175  175  172  170  165
  162  157  154  150  149  148  148  149  151  153  154  153  152  148  146  140
  135  128  121  110  104   93   92   84   76                                   
    40.0-180.0 180.0   5.0 450.0                            LAT/LON1/LON2/DLON/H
   83   74   69   68   68   67   67   64   62   55   53   45   44   37   40   39
   49   53   64   69   77   79   84   84   90   93  101  104  113  112  121  123
  134  142  153  163  172  179  185  189  192  191  190  187  185  182  178  172
  166  160  154  150  147  148  147  151  154  157  159  158  156  155  151  149
  142  138  130  121  112  102   96   93   83                                   
    37.5-180.0 180.0   5.0 450.0                            LAT/LON1/LON2/DLON/H
   88   81   74   71   71   69   71   69   68   65   61   57   52   49   46   48
   52   59   67   76   80   86   87   91   92   97  102  108  114  115  122  126
  136  147  161  173  183  191  199  203  206  205  205  203  201  199  192  184
  178  170  164  159  156  155  155  158  160  163  163  163  162  159  158  154
  150  145  139  129  120  108  104   98   88                                   
    35.0-180.0 180.0   5.0 450.0                            LAT/LON1/LON2/DLON/H
   97   85   76   72   72   71   72   71   71   69   68   63   60   54   54   51
   58   59   72   77   86   87   93   91   98   98  108  110  120  118  128  131
  144  154  168  183  193  204  211  219  221  223  221  222  218  216  208  199
  190  181  174  169  166  164  165  166  169  170  170  169  167  167  162  160
  154  152  145  136  125  117  108  108   97                                   
    32.5-180.0 180.0   5.0 450.0                            LAT/LON1/LON2/DLON/H
  105   96   83   80   77   74   74   74   75   74   72   70   67   63   60   60
   62   67   75   85   90   95   96   99  101  106  111  118  123  125  132  138
  150  162  179  194  208  219  227  235  238  241  240  242  239  238  229  222
  212  205  198  194  191  190  189  189  189  188  185  180  175  170  166  160
  155  152  145  138  129  119  115  114  105                                   
    30.0-180.0 180.0   5.0 450.0                            LAT/LON1/LON2/DLON/H
  114  105   91   85   83   78   78   75   75   73   72   71   70   66   65   63
   66   68   79   87   97   97  102  100  107  108  118  122  132  132  142  147
  164  176  195  210  225  238  246  257  257  262  257  265  259  264  253  249
  238  235  229  226  223  219  217  211  210  206  199  191  182  175  168  162
  155  153  146  139  130  126  120  122  114                                   
    27.5-180.0 180.0   5.0 450.0                            LAT/LON1/LON2/DLON/H
  122  115   99   95   89   83   80   77   75   74   73   72   73   70   70   68
   70   75   83   95  101  105  106  108  110  116  122  130  136  140  150  158
  173  187  208  225  245  260  267  279  277  285  280  290  287  297  286  286
  274  274  266  269  264  264  255  247  240  231  221  206  195  182  173  162
  154  149  143  138  132  128  125  128  122                                   
    25.0-180.0 180.0   5.0 450.0                            LAT/LON1/LON2/DLON/H
  130  124  107  100   97   88   86   78   77   72   72   70   72   71   71   70
   74   79   90   99  109  109  112  110  116  118  129  133  145  148  162  170
  190  202  227  246  265  280  283  299  297  307  302  314  312  325  315  318
  306  312  306  315  309  313  295  287  266  255  237  220  204  189  176  163
  154  149  142  138  132  132  127  135  130                                   
    22.5-180.0 180.0   5.0 450.0                            LAT/LON1/LON2/DLON/H
  134  127  114  109  101   93   88   81   77   74   72   70   73   72   75   73
   77   83   95  106  115  116  117  116  119  122  131  138  149  157  171  184
  200  215  242  262  283  298  305  319  320  329  327  338  340  349  343  343
  338  341  342  350  349  343  326  312  291  275  254  234  215  195  181  165
  154  146  140  135  132  129  131  136  134                                   
    20.0-180.0 180.0   5.0 450.0                            LAT/LON1/LON2/DLON/H
  137  133  120  114  109   99   96   83   83   73   74   70   74   72   76   74
   80   87  101  111  122  121  124  120  125  126  136  141  158  167  184  196
  216  231  258  278  296  312  320  335  337  349  347  358  358  365  359  363
  356  364  365  378  372  367  344  329  304  288  266  243  222  202  187  171
  159  151  142  137  129  128  126  138  137                                   
    17.5-180.0 180.0   5.0 450.0                            LAT/LON1/LON2/DLON/H
  137  130  122  118  114  104  100   89   85   78   76   75   77   74   79   75
   82   87  103  114  127  125  129  124  130  130  140  147  165  178  195  208
  226  243  271  290  312  328  337  351  357  367  367  375  375  380  375  376
  372  377  379  388  381  372  349  332  307  293  274  254  233  211  195  177
  165  152  146  136  132  124  128  134  137                                   
    15.0-180.0 180.0   5.0 450.0                            LAT/LON1/LON2/DLON/H
  136  130  123  120  116  108  103   91   91   80   81   77   81   77   80   76
   81   86  102  113  127  127  132  130  136  135  147  155  175  188  207  220
  241  257  283  302  321  338  346  363  367  379  376  383  379  385  379  382
  377  386  384  390  377  367  342  325  306  296  279  260  240  220  201  184
  171  161  150  143  130  127  125  134  136                                   
    12.5-180.0 180.0   5.0 450.0                            LAT/LON1/LON2/DLON/H
  136  127  122  121  118  108  106   95   94   85   83   80   81   78   81   77
   81   81   95  104  120  121  132  133  142  143  155  166  185  200  217  230
  253  267  293  309  334  347  359  372  379  384  385  385  383  383  380  379
  378  384  383  382  369  356  331  319  306  298  285  267  251  230  213  193
  181  167  160  145  137  127  131  130  136                                   
    10.0-180.0 180.0   5.0 450.0                            LAT/LON1/LON2/DLON/H
  136  127  124  120  118  110  105   95   95   87   88   81   84   79   80   76
   79   78   88   94  112  114  130  135  150  153  169  178  197  211  230  244
  266  279  301  319  339  354  362  376  379  387  381  385  377  383  379  384
  383  390  387  384  370  354  334  323  312  307  293  277  258  239  217  199
  184  173  162  151  138  137  133  131  136                                   
     7.5-180.0 180.0   5.0 450.0                            LAT/LON1/LON2/DLON/H
  140  129  125  122  118  108  105   96   97   90   91   83   82   77   79   75
   77   75   82   88  102  106  125  138  158  165  181  192  209  221  240  251
