data/unet/pred3240.15i
     1.0            IONOSPHERE MAPS     GNSS                IONEX VERSION / TYPE
pyspatialgeodesy        IME             05-JAN-18 20:20     PGM / RUN BY / DATE 
Map Name                                                    COMMENT             
Predicted global ionosphere maps (GIM).                     DESCRIPTION         
  2015    11    20     0     0     0                        EPOCH OF FIRST MAP  
  2015    11    21     0     0     0                        EPOCH OF LAST MAP   
  7200                                                      INTERVAL            
    13                                                      # OF MAPS IN FILE   
  NONE                                                      MAPPING FUNCTION    
10.0                                                        ELEVATION CUTOFF    
One-way carrier phase leveled to code                       OBSERVABLES USED    
  6371.0                                                    BASE RADIUS         
 2                                                          MAP DIMENSION       
   450.0 450.0   0.0                                        HGT1 / HGT2 / DHGT  
    87.5 -87.5  -2.5                                        LAT1 / LAT2 / DLAT  
  -180.0 180.0   5.0                                        LON1 / LON2 / DLON  
    -1                                                      EXPONENT            
                                                            END OF HEADER       
[from data line 429]
     2                                                      START OF TEC MAP    
  2015    11    20     2     0     0                        EPOCH OF CURRENT MAP
    87.5-180.0 180.0   5.0 450.0                            LAT/LON1/LON2/DLON/H
   80   76   71   63   65   57   62   56   60   54   59   53   58   52   57   51
   56   50   55   49   54   48   53   47   52   47   51   46   51   46   51   47
   52   48   53   51   56   54   59   57   63   60   66   64   69   66   71   68
   73   70   74   70   75   71   75   71   75   70   75   70   75   69   74   69
   74   69   75   72   79   68   76   74   80                                   
    85.0-180.0 180.0   5.0 450.0                            LAT/LON1/LON2/DLON/H
   81   88   69   68   68   63   64   61   62   59   61   58   60   58   60   57
   58   56   57   55   55   52   52   50   48   46   46   45   44   43   43   44
   44   45   47   49   51   53   57   59   62   64   68   69   72   73   75   76
   77   77   78   77   78   77   77   76   77   76   77   76   77   75   77   76
   78   76   79   76   80   74   79   93   81                                   
    82.5-180.0 180.0   5.0 450.0                            LAT/LON1/LON2/DLON/H
   84   83   73   78   68   70   62   68   61   66   59   66   60   66   60   67
   60   66   58   64   54   58   48   52   42   44   36   40   33   36   32   36
   34   39   39   45   46   53   55   63   65   71   73   79   79   83   83   87
   85   87   84   86   83   84   80   82   79   81   78   81   79   82   80   85
   83   88   86   93   90   86   95  108   84                                   
    80.0-180.0 180.0   5.0 450.0                            LAT/LON1/LON2/DLON/H
   97   93   86   80   81   71   72   66   68   63   66   64   68   66   70   68
   71   68   70   65   65   58   56   48   47   38   37   30   30   24   27   24
   29   28   35   37   46   49   59   62   73   73   83   83   91   88   94   90
   95   88   91   85   87   80   83   77   81   76   81   79   84   82   88   87
   94   93  100  100  103   97   97  105   97                                   
    77.5-180.0 180.0   5.0 450.0                            LAT/LON1/LON2/DLON/H
  116  114  104  104   92   87   79   78   71   72   69   73   71   76   75   81
   78   82   79   81   74   74   64   63   52   49   40   39   30   31   26   31
   28   35   37   47   49   60   64   76   78   88   90   98   96  100   97  100
   94   94   89   88   82   81   76   78   75   77   78   80   83   86   92   96
  102  107  114  119  119  117  118  120  116                                   
    75.0-180.0 180.0   5.0 450.0                            LAT/LON1/LON2/DLON/H
  131  129  119  115  105   96   87   81   75   72   70   71   71   74   76   79
   81   83   83   83   80   76   72   65   59   51   46   41   37   34   33   34
   35   40   44   50   57   64   71   78   84   89   94   96   98   97   96   92
   90   84   82   76   73   69   67   66   65   68   69   74   77   85   90   99
  105  115  125  132  134  134  135  131  131                                   
    72.5-180.0 180.0   5.0 450.0                            LAT/LON1/LON2/DLON/H
  156  150  142  133  118  106   95   87   78   74   69   70   68   70   71   75
   76   80   81   82   79   79   73   70   61   58   51   49   43   43   42   43
   44   47   51   57   61   68   73   79   83   87   90   91   90   88   86   82
   77   73   69   66   62   60   58   58   60   62   68   72   79   86   97  105
  116  126  140  147  151  153  153  146  156                                   
    70.0-180.0 180.0   5.0 450.0                            LAT/LON1/LON2/DLON/H
  168  164  155  147  133  121  108   99   89   82   76   71   68   67   67   69
   72   74   78   78   80   77   77   71   69   63   63   59   60   57   59   57
   61   60   65   65   71   72   77   79   83   83   86   84   84   80   78   72
   70   64   62   58   58   56   56   57   62   66   73   80   89   98  107  117
  127  139  151  160  164  165  167  160  168                                   
    67.5-180.0 180.0   5.0 450.0                            LAT/LON1/LON2/DLON/H
  181  179  170  160  144  132  118  109   97   90   81   76   68   66   62   64
   64   68   70   74   73   76   73   73   68   69   66   68   66   69   68   69
   68   68   68   69   68   70   70   71   71   72   72   70   67   64   62   59
   56   54   53   52   52   53   55   60   67   75   86   94  105  113  123  130
  140  148  161  167  174  176  177  169  181                                   
    65.0-180.0 180.0   5.0 450.0                            LAT/LON1/LON2/DLON/H
  185  181  173  166  152  141  129  120  109  101   91   82   72   66   61   58
   60   61   66   67   71   70   71   69   70   68   72   72   76   76   79   76
   77   73   73   69   69   65   66   64   64   63   62   59   58   55   53   50
   49   47   47   47   51   54   61   70   80   94  104  116  123  132  137  144
  150  159  168  174  177  180  184  178  185                                   
    62.5-180.0 180.0   5.0 450.0                            LAT/LON1/LON2/DLON/H
  189  187  177  167  152  142  131  125  114  108   95   87   73   66   56   55
   53   57   57   62   62   66   63   65   62   66   67   72   73   77   75   75
   71   68   63   61   57   55   53   52   51   49   48   46   45   43   42   41
   39   40   40   43   49   57   68   80   98  110  124  133  142  147  153  156
  162  165  173  174  179  183  187  180  189                                   
    60.0-180.0 180.0   5.0 450.0                            LAT/LON1/LON2/DLON/H
  187  182  173  166  153  144  134  128  120  113  102   93   79   69   60   56
   56   56   60   60   63   61   61   59   60   60   65   67   71   72   72   68
   65   60   57   53   52   48   47   46   45   45   44   43   42   40   39   37
   37   37   38   43   51   63   76   94  111  128  140  152  159  165  167  171
  172  175  178  180  180  184  188  182  187                                   
    57.5-180.0 180.0   5.0 450.0                            LAT/LON1/LON2/DLON/H
  191  189  178  167  153  143  134  128  119  113  101   93   79   71   61   59
   55   58   58   61   58   59   55   55   52   55   57   61   61   63   59   56
   51   48   45   43   42   41   41   40   41   41   42   42   42   41   39   38
   36   37   38   45   55   68   86  104  125  137  154  164  173  177  182  182
  186  184  191  187  189  189  192  184  191                                   
    55.0-180.0 180.0   5.0 450.0                            LAT/LON1/LON2/DLON/H
  196  190  181  171  159  149  139  131  122  116  105   97   84   78   68   64
   63   62   64   61   61   56   55   50   51   51   54   55   57   55   53   47
   44   41   42   40   43   43   45   45   46   48   48   49   49   48   46   43
   42   42   43   50   61   77   95  115  133  149  162  174  182  189  193  197
  198  200  202  199  198  198  198  191  196                                   
    52.5-180.0 180.0   5.0 450.0                            LAT/LON1/LON2/DLON/H
  212  208  198  187  172  161  148  138  126  117  104   96   85   80   72   70
   65   66   62   61   56   55   50   50   48   51   52   54   52   51   46   43
   38   39   40   42   46   48   50   50   52   53   55   57   57   57   54   52
   49   50   51   59   70   85  103  122  142  155  169  179  190  196  203  207
  212  213  219  213  214  209  209  200  212                                   
    50.0-180.0 180.0   5.0 450.0                            LAT/LON1/LON2/DLON/H
  232  223  215  206  194  180  166  152  136  123  109  100   90   87   80   76
   71   66   64   58   57   53   53   51   54   56   59   59   58   53   50   44
   42   43   48   52   57   59   61   62   64   66   68   69   70   69   68   64
   63   62   65   73   85  100  117  135  150  164  175  186  196  204  212  220
  224  227  232  229  229  225  223  214  232                                   
    47.5-180.0 180.0   5.0 450.0                            LAT/LON1/LON2/DLON/H
  250  247  238  232  220  208  191  172  151  132  115  103   93   89   83   79
   70   66   58   56   52   54   53   57   59   65   67   68   66   61   55   51
   49   52   58   63   69   70   72   70   72   73   76   78   79   79   77   76
   76   78   82   92  105  120  135  149  163  173  182  192  202  210  219  227
  234  238  244  242  243  238  235  224  250                                   
    45.0-180.0 180.0   5.0 450.0                            LAT/LON1/LON2/DLON/H
  259  254  250  249  241  231  213  195  168  147  126  113  103   98   90   83
   73   64   58   53   55   56   62   65   72   76   80   79   78   71   67   62
   63   66   73   78   83   84   83   82   83   85   87   89   90   90   90   89
   91   94  101  114  128  143  153  165  174  183  189  197  207  215  225  233
  239  243  247  246  245  244  242  233  259                                   
    42.5-180.0 180.0   5.0 450.0                            LAT/LON1/LON2/DLON/H
  261  260  254  257  254  246  232  214  186  161  138  123  110  104   93   86
   72   65   56   58   58   66   70   78   82   89   90   90   87   83   77   74
   74   77   84   89   92   91   89   86   86   88   91   93   95   96   96   97
  101  108  119  133  147  160  170  179  187  193  196  202  211  218  226  231
  236  238  244  242  242  241  241  231  261                                   
    40.0-180.0 180.0   5.0 450.0                            LAT/LON1/LON2/DLON/H
  252  250  247  254  252  248  235  223  196  174  150  136  123  115  104   94
   80   71   67   68   74   80   87   92   96   99  100   97   96   90   87   83
   85   87   93   96   98   96   94   91   93   95   99  101  103  103  104  106
  112  122  136  152  165  178  185  194  200  205  208  213  221  226  233  234
  237  237  239  238  235  238  238  227  252                                   
    37.5-180.0 180.0   5.0 450.0                            LAT/LON1/LON2/DLON/H
  244  243  235  240  241  238  230  219  200  179  159  144  132  123  111  101
   88   83   81   87   92  101  103  107  105  106  102  100   97   95   91   89
   90   92   95   97   98   96   93   92   94   98  102  104  107  106  108  110
  120  131  148  163  179  190  199  205  214  217  221  224  231  234  238  237
  238  236  240  234  235  235  237  223  244                                   
    35.0-180.0 180.0   5.0 450.0                            LAT/LON1/LON2/DLON/H
  239  235  226  227  224  222  214  208  192  180  163  153  141  134  122  114
  104  102  102  108  114  118  119  116  112  108  103   99   98   96   96   93
   94   92   95   94   96   95   96   97  102  106  111  112  113  110  109  111
  122  135  152  170  186  200  210  220  228  234  238  242  250  252  254  251
  252  247  251  245  245  246  245  232  239                                   
    32.5-180.0 180.0   5.0 450.0                            LAT/LON1/LON2/DLON/H
  253  249  231  224  216  207  196  190  179  172  161  153  143  137  127  121
  116  118  120  127  129  131  127  122  113  107   99   96   95   97   98   96
   95   92   91   90   93   94   98  101  106  111  115  114  113  108  108  110
  120  133  154  171  193  210  225  235  247  253  260  264  274  277  282  281
  280  277  281  274  279  275  271  256  253                                   
    30.0-180.0 180.0   5.0 450.0                            LAT/LON1/LON2/DLON/H
  284  277  255  237  219  203  186  178  169  165  157  154  145  140  132  129
  126  129  131  136  136  134  128  121  113  107  101   99  100  103  106  105
  104   97   95   93   96   99  104  110  115  119  121  119  115  108  106  107
  115  126  147  170  193  214  235  249  263  272  282  288  301  310  316  319
  321  320  326  323  329  328  322  301  284                                   
    27.5-180.0 180.0   5.0 450.0                            LAT/LON1/LON2/DLON/H
  345  344  309  277  249  222  197  180  167  162  155  152  143  138  130  129
  127  131  131  133  129  126  119  116  112  111  108  108  112  116  120  118
  114  106  101   98  102  102  112  114  120  120  121  115  110  103  100  100
  108  119  142  167  194  217  236  255  270  282  291  304  319  335  349  362
  366  373  381  387  399  403  396  365  345                                   
    25.0-180.0 180.0   5.0 450.0                            LAT/LON1/LON2/DLON/H
  432  430  401  350  304  264  227  202  180  171  161  157  146  139  131  129
  127  126  122  119  111  109  108  112  117  123  126  131  136  141  144  142
  137  127  120  113  114  114  118  121  121  122  117  111  105   97   93   92
  100  112  139  169  199  228  248  263  279  289  303  318  340  363  383  403
  416  425  438  452  468  484  488  453  432                                   
    22.5-180.0 180.0   5.0 450.0                            LAT/LON1/LON2/DLON/H
  532  541  508  455  405  343  286  243  214  193  178  168  154  143  129  126
  118  114  103   95   86   87   95  110  126  141  152  158  165  168  167  164
  158  146  137  125  123  119  122  118  119  113  109   99   93   84   82   83
   92  108  137  168  205  235  260  278  295  311  323  338  359  387  417  446
  461  476  491  511  535  557  571  549  532                                   
    20.0-180.0 180.0   5.0 450.0                            LAT/LON1/LON2/DLON/H
  636  650  624  571  518  452  377  312  258  226  202  186  170  155  138  128
  118  107   91   79   72   78   97  121  149  171  184  193  196  194  190  184
  176  162  150  138  129  123  119  116  111  106   97   90   82   77   73   78
   89  109  139  175  212  248  276  301  322  338  351  368  391  423  462  493
  516  531  548  571  608  642  659  642  636                                   
    17.5-180.0 180.0   5.0 450.0                            LAT/LON1/LON2/DLON/H
  706  730  707  666  622  551  478  400  335  279  243  216  196  175  156  141
  124  109   87   76   71   85  111  144  178  204  223  229  230  222  213  203
  192  176  162  148  137  125  120  109  104   94   86   75   70   65   64   75
   90  113  147  184  226  266  303  329  354  372  385  400  426  460  501  533
  557  574  593  617  660  699  725  708  706                                   
    15.0-180.0 180.0   5.0 450.0                            LAT/LON1/LON2/DLON/H
  743  759  750  722  694  635  563  484  413  350  294  252  222  202  181  163
  147  127  110   97  102  117  149  181  215  241  257  259  254  240  226  212
  198  181  165  152  139  128  119  109  100   92   83   76   68   65   66   76
   97  124  159  203  245  291  326  359  382  404  414  436  463  499  534  563
  589  605  624  648  691  732  759  744  743                                   
    12.5-180.0 180.0   5.0 450.0                            LAT/LON1/LON2/DLON/H
  736  756  749  733  723  683  630  547  481  416  361  306  265  234  214  195
  181  164  153  147  154  172  198  227  256  276  285  281  270  250  235  222
  204  187  173  158  145  132  123  111  101   91   81   72   66   67   68   84
  105  137  174  217  264  307  342  374  404  424  441  460  489  517  548  575
  596  613  628  649  687  721  749  741  736                                   
    10.0-180.0 180.0   5.0 450.0                            LAT/LON1/LON2/DLON/H
  709  721  721  718  717  697  660  591  530  470  418  363  319  278  252  233
  222  209  204  204  218  237  262  283  296  303  300  289  275  253  237  220
  202  186  169  159  147  135  126  115  107   98   90   82   75   73   77   89
  113  146  184  231  273  316  349  384  410  443  455  477  499  527  554  576
  595  609  621  638  666  691  709  717  709                                   
     7.5-180.0 180.0   5.0 450.0                            LAT/LON1/LON2/DLON/H
  657  676  680  682  693  683  666  610  562  509  468  418  379  337  308  288
  276  269  266  277  292  312  324  327  325  316  305  289  271  251  234  218
