data/unet/pred0810.15i
     1.0            IONOSPHERE MAPS     GNSS                IONEX VERSION / TYPE
pyspatialgeodesy        IME             05-JAN-18 20:20     PGM / RUN BY / DATE 
Map Name                                                    COMMENT             
Predicted global ionosphere maps (GIM).                     DESCRIPTION         
  2015     3    22     0     0     0                        EPOCH OF FIRST MAP  
  2015     3    23     0     0     0                        EPOCH OF LAST MAP   
  7200                                                      INTERVAL            
    13                                                      # OF MAPS IN FILE   
  NONE                                                      MAPPING FUNCTION    
10.0                                                        ELEVATION CUTOFF    
One-way carrier phase leveled to code                       OBSERVABLES USED    
  6371.0                                                    BASE RADIUS         
 2                                                          MAP DIMENSION       
   450.0 450.0   0.0                                        HGT1 / HGT2 / DHGT  
    87.5 -87.5  -2.5                                        LAT1 / LAT2 / DLAT  
  -180.0 180.0   5.0                                        LON1 / LON2 / DLON  
    -1                                                      EXPONENT            
                                                            END OF HEADER       
[from data line 4719]
    12                                                      START OF TEC MAP    
  2015     3    22    22     0     0                        EPOCH OF CURRENT MAP
    87.5-180.0 180.0   5.0 450.0                            LAT/LON1/LON2/DLON/H
  173  122  107  110  109  109  109  110  111  111  113  113  115  116  117  117
  118  119  119  119  119  119  119  118  118  117  116  115  114  113  112  111
  110  109  108  107  106  106  105  106  105  106  107  108  108  109  110  111
  111  112  113  114  114  115  116  117  117  117  116  117  116  117  116  116
  115  115  113  113  113  111  114  148  173                                   
    85.0-180.0 180.0   5.0 450.0                            LAT/LON1/LON2/DLON/H
  110   95   94   97   97   97   98   99  101  103  105  107  110  111  114  115
  117  117  118  118  118  117  117  115  114  112  110  108  106  104  102  101
   99   97   95   94   93   93   92   93   93   94   96   97   99  101  103  105
  106  108  110  111  112  114  115  116  117  117  116  116  116  115  113  112
  111  109  108  105  105  101  103  126  110                                   
    82.5-180.0 180.0   5.0 450.0                            LAT/LON1/LON2/DLON/H
   92   87   88   89   88   88   92   94   99  102  107  111  115  120  122  126
  127  129  128  129  127  127  124  123  119  118  114  112  108  105  102   99
   95   93   90   88   87   86   85   85   86   88   91   92   96   98  102  105
  108  111  113  116  117  120  121  123  122  124  121  122  119  119  115  114
  111  109  106  102  100   95   96  113   92                                   
    80.0-180.0 180.0   5.0 450.0                            LAT/LON1/LON2/DLON/H
   88   84   79   81   79   82   86   90   95  102  109  116  123  128  133  136
  139  140  141  140  139  137  135  132  129  126  123  119  115  111  107  102
   98   94   90   87   85   83   82   81   82   83   85   88   91   94   99  101
  106  108  113  114  119  119  123  122  125  123  123  122  121  119  117  114
  111  109  104   99   95   89   87  100   88                                   
    77.5-180.0 180.0   5.0 450.0                            LAT/LON1/LON2/DLON/H
   85   84   78   77   77   78   84   89   98  105  116  124  133  139  146  149
  151  151  152  150  149  146  144  140  138  134  131  127  123  118  113  108
  102   97   93   89   85   83   80   80   79   81   82   85   87   92   95   99
  102  106  109  112  113  115  117  118  119  119  118  118  117  115  113  110
  109  106  103   97   94   86   84   97   85                                   
    75.0-180.0 180.0   5.0 450.0                            LAT/LON1/LON2/DLON/H
   89   91   83   87   85   89   92  100  108  119  130  140  149  155  161  162
  163  161  160  156  155  151  150  147  145  142  140  137  133  129  124  119
  112  106  100   96   90   88   83   83   81   83   83   86   89   92   95   98
  100  102  104  105  105  107  107  108  109  108  108  108  107  107  106  105
  104  104  102   99   97   91   92  105   89                                   
    72.5-180.0 180.0   5.0 450.0                            LAT/LON1/LON2/DLON/H
  101  104   99   99   97   98  103  109  119  130  142  153  162  166  169  167
  165  160  158  153  152  148  148  145  145  143  142  139  137  133  129  123
  118  110  106   99   95   91   87   85   84   84   84   87   88   92   92   94
   94   94   94   94   94   93   94   94   95   96   95   96   97   99   99  100
  101  102  103  103  102   99  101  118  101                                   
    70.0-180.0 180.0   5.0 450.0                            LAT/LON1/LON2/DLON/H
  115  119  115  116  114  116  118  125  134  145  158  167  175  177  177  173
  167  161  155  151  149  147  146  145  145  144  142  140  138  134  130  125
  119  113  107  101   96   92   88   87   85   86   86   88   88   90   90   89
   87   86   84   82   81   80   79   80   81   81   82   84   88   90   93   96
   99  102  106  107  110  108  112  132  115                                   
    67.5-180.0 180.0   5.0 450.0                            LAT/LON1/LON2/DLON/H
  128  133  132  131  129  128  131  136  145  156  168  177  183  183  181  173
  164  156  150  145  144  142  143  142  142  139  137  133  131  126  124  118
  114  107  102   96   91   87   84   83   82   83   83   85   84   86   83   82
   77   75   72   70   68   66   66   66   67   68   70   73   77   82   87   91
   95  100  105  110  114  117  121  142  128                                   
    65.0-180.0 180.0   5.0 450.0                            LAT/LON1/LON2/DLON/H
  140  144  144  144  142  141  142  148  155  166  177  186  191  190  186  177
  167  158  152  148  147  146  147  145  142  137  132  127  122  118  114  110
  105   99   94   88   84   80   78   78   78   80   81   82   81   81   78   75
   70   67   64   61   59   58   57   58   59   60   62   66   71   76   82   86
   93   98  105  109  116  119  126  148  140                                   
    62.5-180.0 180.0   5.0 450.0                            LAT/LON1/LON2/DLON/H
  146  148  148  149  148  145  148  152  159  169  180  188  193  192  188  179
  169  160  155  152  152  151  151  147  142  134  126  118  113  107  105  100
   96   90   85   80   75   72   70   70   70   72   74   75   74   73   70   66
   61   58   54   53   51   51   51   52   53   56   56   60   65   72   78   83
   89   94  100  106  111  118  124  149  146                                   
    60.0-180.0 180.0   5.0 450.0                            LAT/LON1/LON2/DLON/H
  148  150  150  152  151  150  152  156  162  171  182  189  196  195  193  185
  177  170  165  163  163  161  160  153  145  134  124  114  107  101   98   94
   90   84   79   73   68   65   64   65   66   68   69   70   69   67   64   60
   56   52   50   49   50   50   51   52   54   54   55   58   64   71   78   82
   89   93   99  102  108  112  120  146  148                                   
    57.5-180.0 180.0   5.0 450.0                            LAT/LON1/LON2/DLON/H
  151  150  150  153  153  150  154  155  162  168  178  186  193  195  194  190
  184  178  175  174  173  170  166  158  147  134  123  112  105  100   97   93
   88   82   76   70   65   61   60   60   61   62   64   63   62   59   56   53
   49   47   46   47   48   51   52   54   55   56   55   59   64   72   78   84
   89   94   98  102  105  108  116  143  151                                   
    55.0-180.0 180.0   5.0 450.0                            LAT/LON1/LON2/DLON/H
  155  154  154  158  160  159  161  163  167  172  180  186  194  197  199  197
  194  191  188  187  187  181  176  163  151  136  125  113  108  102  102   97
   92   85   78   72   67   64   62   63   63   64   63   63   61   59   55   52
   49   48   49   50   54   57   59   61   61   60   60   62   68   75   84   89
   97  100  106  107  112  112  119  148  155                                   
    52.5-180.0 180.0   5.0 450.0                            LAT/LON1/LON2/DLON/H
  169  167  166  171  175  173  175  173  176  176  182  186  193  197  202  201
  201  198  196  195  193  188  181  169  156  143  132  124  120  117  116  113
  107   98   90   82   76   71   70   69   69   68   68   66   64   60   57   53
   51   50   51   55   58   62   65   67   66   65   63   66   71   80   89   98
  105  112  119  123  126  126  128  161  169                                   
    50.0-180.0 180.0   5.0 450.0                            LAT/LON1/LON2/DLON/H
  189  188  191  195  200  200  202  200  199  195  197  197  202  205  210  211
  210  208  205  204  201  196  190  178  169  156  148  141  140  137  136  131
  124  114  105   96   90   85   81   81   78   78   76   75   72   70   65   63
   60   59   60   63   67   70   74   75   75   71   70   72   79   87  100  108
  120  128  140  144  152  151  154  186  189                                   
    47.5-180.0 180.0   5.0 450.0                            LAT/LON1/LON2/DLON/H
  219  219  224  230  236  237  241  236  232  222  217  210  212  212  217  216
  217  213  211  208  205  201  195  188  180  172  166  163  161  159  155  148
  140  130  122  113  109  101   98   93   91   88   87   86   84   81   78   73
   71   67   68   69   72   75   78   79   79   77   75   78   86   97  109  121
  134  147  160  171  179  183  183  216  219                                   
    45.0-180.0 180.0   5.0 450.0                            LAT/LON1/LON2/DLON/H
  249  251  267  271  278  280  280  277  270  257  246  233  230  227  230  227
  225  221  217  216  213  211  209  203  198  191  188  183  181  173  167  156
  150  139  135  127  127  118  115  107  102   97   95   94   94   93   90   87
   82   80   78   78   79   81   84   85   87   84   84   88   97  107  122  133
  148  162  179  192  206  214  220  248  249                                   
    42.5-180.0 180.0   5.0 450.0                            LAT/LON1/LON2/DLON/H
  275  285  301  307  313  316  319  316  309  293  277  260  251  244  245  241
  239  232  229  227  227  227  226  224  217  211  205  199  190  179  169  157
  149  140  140  137  139  132  130  119  114  105  105  104  106  105  103   98
   94   89   87   83   83   84   86   88   90   90   90   96  106  119  132  144
  158  174  191  210  226  240  248  277  275                                   
    40.0-180.0 180.0   5.0 450.0                            LAT/LON1/LON2/DLON/H
  301  312  327  330  340  340  344  344  339  326  308  288  275  264  261  256
  252  246  240  242  244  247  248  244  239  230  222  209  199  182  171  155
  149  141  147  148  153  146  143  132  124  114  112  111  113  112  111  107
  102   97   93   90   88   88   90   92   96   97  101  108  119  131  145  155
  167  181  199  219  239  256  270  296  301                                   
    37.5-180.0 180.0   5.0 450.0                            LAT/LON1/LON2/DLON/H
  315  332  342  349  354  357  361  364  362  352  336  317  302  287  283  275
  271  264  263  266  272  277  278  273  262  249  234  217  202  184  172  156
  152  147  159  161  169  161  157  141  133  121  120  118  120  119  117  113
  107  102   97   93   90   88   91   93   97  100  106  115  129  142  154  163
  171  183  199  221  243  264  280  308  315                                   
    35.0-180.0 180.0   5.0 450.0                            LAT/LON1/LON2/DLON/H
  336  351  360  361  366  364  371  376  378  372  359  343  326  313  305  298
  294  288  287  296  303  310  308  297  282  260  243  225  210  195  181  169
  167  171  185  191  194  183  173  158  145  134  128  126  125  122  120  114
  109  104  100   95   91   89   92   96  102  106  113  124  138  150  163  167
  174  183  199  218  241  262  282  313  336                                   
    32.5-180.0 180.0   5.0 450.0                            LAT/LON1/LON2/DLON/H
  350  369  375  380  378  382  385  391  392  389  379  365  351  337  329  323
  320  317  322  331  343  348  340  324  301  279  262  245  235  220  212  201
  203  208  224  225  224  203  187  166  157  145  140  135  132  127  120  114
  106  102   97   92   86   85   87   92   98  104  113  124  140  154  167  172
  177  186  200  220  241  263  286  321  350                                   
    30.0-180.0 180.0   5.0 450.0                            LAT/LON1/LON2/DLON/H
  372  390  396  398  398  399  403  406  408  404  398  387  375  364  355  349
  345  346  350  365  372  374  363  341  316  294  284  276  271  268  258  258
  255  266  273  277  263  238  209  186  171  162  154  148  141  131  122  111
  103   96   92   87   81   79   81   90   96  106  114  128  144  159  175  181
  188  198  216  234  256  276  302  337  372                                   
    27.5-180.0 180.0   5.0 450.0                            LAT/LON1/LON2/DLON/H
  394  415  422  434  433  439  438  441  437  434  425  416  404  394  383  373
  367  367  371  382  387  387  374  357  338  327  324  328  330  335  333  336
  330  335  331  326  304  271  235  206  188  178  169  160  151  140  127  117
  110  106  103   99   95   93   91   93   96  105  114  129  147  164  182  196
  204  219  236  258  278  304  330  366  394                                   
    25.0-180.0 180.0   5.0 450.0                            LAT/LON1/LON2/DLON/H
  425  446  459  471  481  486  485  480  475  468  460  452  442  431  416  404
  392  387  387  392  394  387  378  365  357  355  368  382  399  409  420  419
  411  400  384  361  327  294  254  231  210  199  187  176  166  155  143  137
  131  131  128  126  119  116  106  103   97  101  112  128  149  171  192  211
  226  243  267  287  312  340  374  402  425                                   
    22.5-180.0 180.0   5.0 450.0                            LAT/LON1/LON2/DLON/H
  456  479  500  525  538  549  547  544  533  526  515  509  494  485  463  446
  425  414  405  404  398  393  385  384  388  403  429  451  480  498  509  503
  489  468  435  395  346  309  273  253  239  228  218  206  197  188  180  178
  171  164  158  148  141  131  124  117  109  104  113  127  146  171  194  218
  237  259  284  312  343  377  412  440  456                                   
    20.0-180.0 180.0   5.0 450.0                            LAT/LON1/LON2/DLON/H
  489  513  546  573  600  612  614  609  597  583  572  564  553  539  513  492
  468  450  433  423  411  401  398  403  420  445  480  510  544  555  561  547
  531  501  452  399  347  312  281  266  257  249  243  235  226  218  204  199
  187  180  170  158  144  132  126  122  117  111  115  123  143  166  196  222
  246  271  302  335  368  406  449  475  489                                   
    17.5-180.0 180.0   5.0 450.0                            LAT/LON1/LON2/DLON/H
  516  551  588  628  657  676  680  679  666  656  643  637  619  603  579  560
  528  510  483  466  444  432  430  443  467  497  537  563  587  590  586  563
  533  488  430  377  332  303  287  280  276  277  269  262  249  239  228  219
  208  196  181  165  147  136  128  125  121  114  120  125  145  167  202  230
  259  285  317  351  384  424  470  503  516                                   
    15.0-180.0 180.0   5.0 450.0                            LAT/LON1/LON2/DLON/H
  543  584  628  671  710  733  743  741  732  723  716  709  694  668  642  616
  588  570  540  517  489  472  472  487  515  544  576  587  597  588  565  524
  476  429  377  336  305  288  282  288  295  299  288  279  262  253  242  234
  220  207  188  169  149  138  128  124  120  122  124  131  147  173  206  238
  270  297  330  364  397  442  492  524  543                                   
    12.5-180.0 180.0   5.0 450.0                            LAT/LON1/LON2/DLON/H
  560  604  653  707  740  771  782  784  779  777  779  782  771  747  713  683
  655  634  611  588  556  536  534  548  574  592  608  600  588  556  505  450
  398  362  323  303  286  283  286  303  313  320  308  293  275  261  254  244
  231  215  190  175  153  145  130  130  123  128  130  136  155  178  215  247
  283  310  341  372  405  451  502  537  560                                   
    10.0-180.0 180.0   5.0 450.0                            LAT/LON1/LON2/DLON/H
  574  622  673  728  766  795  809  808  810  807  820  831  829  811  778  744
  712  691  667  648  619  600  594  603  623  626  621  594  552  491  424  366
  324  303  286  281  284  294  307  325  332  334  316  300  278  265  253  246
  229  214  184  172  148  142  129  131  126  127  130  139  158  186  222  258
  294  321  349  380  413  464  515  549  574                                   
     7.5-180.0 180.0   5.0 450.0                            LAT/LON1/LON2/DLON/H
  580  628  678  739  769  799  808  807  808  812  832  852  856  847  818  791
  763  742  721  707  683  663  651  655  661  650  626  577  505  432  359  312
