data/unet/pred2340.15i
     1.0            IONOSPHERE MAPS     GNSS                IONEX VERSION / TYPE
pyspatialgeodesy        IME             05-JAN-18 20:20     PGM / RUN BY / DATE 
Map Name                                                    COMMENT             
Predicted global ionosphere maps (GIM).                     DESCRIPTION         
  2015     8    22     0     0     0                        EPOCH OF FIRST MAP  
  2015     8    23     0     0     0                        EPOCH OF LAST MAP   
  7200                                                      INTERVAL            
    13                                                      # OF MAPS IN FILE   
  NONE                                                      MAPPING FUNCTION    
10.0                                                        ELEVATION CUTOFF    
One-way carrier phase leveled to code                       OBSERVABLES USED    
  6371.0                                                    BASE RADIUS         
 2                                                          MAP DIMENSION       
   450.0 450.0   0.0                                        HGT1 / HGT2 / DHGT  
    87.5 -87.5  -2.5                                        LAT1 / LAT2 / DLAT  
  -180.0 180.0   5.0                                        LON1 / LON2 / DLON  
    -1                                                      EXPONENT            
                                                            END OF HEADER       
[from data line 1287]
     4                                                      START OF TEC MAP    
  2015     8    22     6     0     0                        EPOCH OF CURRENT MAP
    87.5-180.0 180.0   5.0 450.0                            LAT/LON1/LON2/DLON/H
   87  118  119  117  121  117  122  120  125  123  127  125  128  126  129  126
  128  125  128  124  127  123  125  122  125  121  124  121  123  121  123  120
  122  120  122  120  121  119  120  118  119  117  118  115  117  114  116  113
  115  113  114  112  113  111  113  111  112  109  111  108  110  107  109  105
  110  106  110  108  114  109  123   86   87                                   
    85.0-180.0 180.0   5.0 450.0                            LAT/LON1/LON2/DLON/H
  106  119  110  116  115  115  117  119  120  122  122  123  123  124  123  123
  123  122  121  120  120  118  118  116  116  114  114  113  113  112  113  112
  113  113  113  113  113  113  113  113  113  112  113  112  112  111  111  111
  110  110  110  110  110  110  109  110  109  109  107  107  107  105  105  104
  105  104  106  105  106  100  113  110  106                                   
    82.5-180.0 180.0   5.0 450.0                            LAT/LON1/LON2/DLON/H
  101  107  110  112  113  113  117  118  121  120  122  121  123  121  122  120
  121  118  119  116  116  114  113  112  110  109  108  107  107  106  106  107
  107  108  109  110  110  110  110  109  109  108  109  108  109  107  109  108
  108  107  109  108  109  108  110  109  109  108  107  105  106  103  103  100
  101  100  102  101  102   99  108   96  101                                   
    80.0-180.0 180.0   5.0 450.0                            LAT/LON1/LON2/DLON/H
  102  106  104  105  105  106  110  110  112  112  113  112  112  112  111  111
  109  108  107  106  104  103  101  100   98   97   95   95   94   94   94   95
   96   97  100  101  103  104  106  106  107  107  109  108  109  108  109  108
  109  107  109  108  110  108  110  108  108  106  104  103  101   99   96   95
   93   94   93   94   94   89   96   95  102                                   
    77.5-180.0 180.0   5.0 450.0                            LAT/LON1/LON2/DLON/H
  100  102  100  102  102  106  105  108  106  108  105  107  104  104  102  102
  100   99   97   97   94   94   91   90   86   86   83   83   80   81   80   82
   81   85   86   92   93   98   98  102  102  105  105  108  107  109  110  112
  110  113  113  115  114  116  114  115  112  112  107  107  102  100   95   95
   91   92   90   93   91   89   94   90  100                                   
    75.0-180.0 180.0   5.0 450.0                            LAT/LON1/LON2/DLON/H
  103  103  102  101  100  100  100  100   98   97   94   93   90   90   87   88
   84   87   84   87   81   84   78   80   74   76   70   71   66   69   66   70
   68   75   75   82   84   89   92   96   98  100  104  104  107  107  111  111
  114  114  118  117  120  119  121  119  118  115  112  109  106  103   99   97
   93   93   92   94   93   89   98   93  103                                   
    72.5-180.0 180.0   5.0 450.0                            LAT/LON1/LON2/DLON/H
  103  102   98   99   98   98   96   96   92   90   86   85   81   80   79   79
   78   78   79   79   78   77   76   74   71   68   65   63   60   59   59   61
   62   66   69   75   79   85   88   94   96  101  101  106  106  110  111  115
  115  119  120  123  123  125  123  124  120  120  115  113  109  107  103  101
   97   97   94   97   95   93  100   96  103                                   
    70.0-180.0 180.0   5.0 450.0                            LAT/LON1/LON2/DLON/H
  107  105  103   99   97   95   93   89   86   81   77   73   71   68   67   67
   68   69   71   73   73   74   71   71   67   64   60   58   54   53   51   54
   54   58   61   68   71   79   82   88   91   95   98  102  104  107  111  114
  116  118  123  123  126  124  126  123  122  118  117  114  113  109  107  105
  103  103  102  104  103   97  103  105  107                                   
    67.5-180.0 180.0   5.0 450.0                            LAT/LON1/LON2/DLON/H
  110  106  101   99   94   92   87   86   78   76   69   68   63   63   61   64
   64   66   69   71   72   72   71   69   66   63   59   56   53   51   51   51
   52   55   59   65   69   76   80   88   90   97   99  106  106  112  113  119
  119  123  123  126  125  125  122  122  117  116  112  112  109  110  107  109
  106  109  108  113  110  106  109  109  110                                   
    65.0-180.0 180.0   5.0 450.0                            LAT/LON1/LON2/DLON/H
  113  109  105   99   94   90   86   82   76   71   66   62   60   57   57   57
   59   61   64   66   68   68   67   66   63   60   57   55   52   51   50   51
   50   54   56   61   66   72   77   84   88   95   99  105  108  113  116  120
  120  123  124  125  124  122  119  116  114  111  108  107  107  106  106  107
  107  110  112  115  116  110  112  115  113                                   
    62.5-180.0 180.0   5.0 450.0                            LAT/LON1/LON2/DLON/H
  118  111  102   99   90   87   80   77   70   66   61   58   55   55   54   56
   56   59   60   62   62   62   61   60   58   55   53   52   50   50   49   49
   50   51   56   59   65   70   76   84   90   98  103  110  114  120  121  125
  125  127  127  127  126  122  118  114  110  108  103  104  102  104  103  107
  106  112  113  120  120  118  117  116  118                                   
    60.0-180.0 180.0   5.0 450.0                            LAT/LON1/LON2/DLON/H
  122  113  107  100   92   87   81   76   69   66   60   58   56   55   54   54
   55   55   55   55   55   54   53   52   51   49   48   48   49   49   49   51
   50   54   55   61   65   71   77   84   91   99  105  114  120  123  126  126
  126  126  126  124  123  120  116  112  109  105  102  102  102  103  103  106
  107  111  115  120  124  119  118  122  122                                   
    57.5-180.0 180.0   5.0 450.0                            LAT/LON1/LON2/DLON/H
  130  119  111  106   95   90   81   76   69   64   59   56   55   54   53   52
   52   50   48   47   45   44   43   42   42   40   41   42   44   45   47   48
   51   52   56   59   67   72   79   88   96  105  112  123  129  135  135  137
  135  135  133  133  131  130  124  120  116  114  108  108  106  109  106  110
  108  114  115  124  126  124  122  121  130                                   
    55.0-180.0 180.0   5.0 450.0                            LAT/LON1/LON2/DLON/H
  137  125  121  114  106   98   90   83   74   68   61   60   56   56   53   53
   50   49   43   43   38   39   35   37   34   36   34   38   39   43   45   49
   49   54   56   64   68   75   81   90   98  108  119  128  138  142  145  144
  143  140  140  139  139  137  133  128  124  122  117  118  117  117  116  116
  115  116  120  124  129  126  125  130  137                                   
    52.5-180.0 180.0   5.0 450.0                            LAT/LON1/LON2/DLON/H
  143  136  131  127  117  111   99   91   79   71   62   59   56   54   53   51
   50   45   42   38   36   33   32   31   32   31   32   33   37   39   43   45
   49   52   59   64   74   81   89   98  107  118  129  141  149  156  158  160
  157  158  156  157  156  156  152  149  144  140  134  134  132  133  128  129
  122  126  124  130  132  131  130  131  143                                   
    50.0-180.0 180.0   5.0 450.0                            LAT/LON1/LON2/DLON/H
  148  143  141  137  132  125  116  104   92   81   69   64   59   57   54   53
   51   47   42   40   35   36   33   36   33   34   31   35   35   39   40   45
   48   54   60   70   78   87   94  105  113  125  138  148  160  167  172  173
  174  173  174  173  174  172  169  162  156  150  146  146  147  145  143  139
  136  133  134  134  139  136  134  142  148                                   
    47.5-180.0 180.0   5.0 450.0                            LAT/LON1/LON2/DLON/H
  155  153  150  150  143  139  129  117  102   90   76   68   62   58   56   54
   53   49   46   42   41   39   40   41   41   40   38   37   38   38   42   44
   50   54   65   74   85   97  106  117  125  137  149  160  171  179  185  188
  189  190  190  190  189  187  183  177  170  165  160  162  161  163  157  156
  146  145  140  142  143  142  138  142  155                                   
    45.0-180.0 180.0   5.0 450.0                            LAT/LON1/LON2/DLON/H
  159  156  157  155  153  149  142  129  114   99   86   75   68   62   60   57
   58   53   53   49   48   49   50   52   52   50   47   44   43   42   43   45
   49   57   65   79   89  104  111  123  130  142  154  166  179  188  195  198
  202  202  204  203  202  198  193  185  177  169  164  165  168  168  166  162
  157  152  152  150  153  148  144  153  159                                   
    42.5-180.0 180.0   5.0 450.0                            LAT/LON1/LON2/DLON/H
  161  160  157  159  155  155  148  138  122  108   93   84   74   68   62   60
   60   58   58   55   56   57   60   62   63   60   55   52   48   47   47   47
   52   58   69   83   97  112  122  133  140  151  162  173  186  196  204  209
  212  214  216  215  212  207  201  192  184  177  172  174  176  179  175  173
  166  163  160  159  157  154  147  152  161                                   
    40.0-180.0 180.0   5.0 450.0                            LAT/LON1/LON2/DLON/H
  162  160  158  156  153  153  149  140  127  114  104   92   85   75   73   66
   69   64   68   63   68   66   74   72   77   70   69   61   59   54   53   52
   54   62   70   86   99  115  124  135  142  153  163  176  190  200  210  215
  220  222  225  224  220  215  209  201  191  185  177  179  182  183  183  181
  178  175  174  170  170  160  153  160  162                                   
    37.5-180.0 180.0   5.0 450.0                            LAT/LON1/LON2/DLON/H
  162  156  152  150  146  146  142  136  125  119  108  101   91   84   76   73
   71   70   71   68   71   72   78   79   81   78   73   68   64   62   60   58
   60   64   74   88  104  118  130  140  148  158  168  178  193  203  215  223
  229  233  236  236  232  227  223  216  210  204  198  198  198  199  194  192
  190  188  186  183  179  167  157  159  162                                   
    35.0-180.0 180.0   5.0 450.0                            LAT/LON1/LON2/DLON/H
  166  160  150  143  136  135  132  128  123  120  117  109  104   92   89   79
   81   74   80   72   80   76   87   81   89   79   81   72   73   69   68   65
   63   67   73   88  100  116  126  138  146  156  166  177  191  204  218  228
  236  241  247  251  250  249  245  241  236  231  223  222  219  216  211  208
  205  204  202  197  191  177  167  170  166                                   
    32.5-180.0 180.0   5.0 450.0                            LAT/LON1/LON2/DLON/H
  173  162  149  138  130  124  123  119  118  118  118  115  109  101   93   85
   82   77   79   74   80   80   88   86   90   83   85   79   80   75   77   69
   70   67   77   86  102  115  128  139  148  159  169  178  192  206  225  236
  248  256  267  274  281  284  285  283  279  273  263  257  250  243  234  228
  224  221  220  214  207  192  181  179  173                                   
    30.0-180.0 180.0   5.0 450.0                            LAT/LON1/LON2/DLON/H
  188  180  161  144  132  122  118  116  114  118  120  119  116  106  100   89
   88   80   85   77   85   81   93   85   91   81   85   80   83   81   80   75
   70   70   74   86   96  112  121  135  145  157  165  177  189  208  227  244
  256  269  283  299  314  327  334  338  334  327  311  300  289  276  263  254
  247  243  239  230  223  211  198  200  188                                   
    27.5-180.0 180.0   5.0 450.0                            LAT/LON1/LON2/DLON/H
  208  198  178  157  142  125  121  113  114  115  120  120  118  109  102   93
   90   83   87   84   92   93  101   97  100   90   94   86   93   84   89   77
   77   70   77   82   97  108  121  133  145  157  166  176  188  206  229  249
  265  281  301  323  345  367  382  392  389  383  365  350  332  314  298  284
  275  269  263  253  245  233  223  223  208                                   
    25.0-180.0 180.0   5.0 450.0                            LAT/LON1/LON2/DLON/H
  239  228  209  185  166  146  134  122  117  118  119  121  117  110  102   93
   90   85   89   87   96   95  104   98  100   91   94   89   91   88   84   80
   73   72   72   81   90  106  116  130  140  154  164  175  185  205  228  253
  272  294  317  346  373  403  421  437  436  432  412  395  376  356  336  316
  302  293  287  274  267  258  251  250  239                                   
    22.5-180.0 180.0   5.0 450.0                            LAT/LON1/LON2/DLON/H
  268  260  245  218  195  172  157  137  130  123  124  120  118  109  103   93
   93   88   96   98  109  115  121  120  119  109  109   99  100   90   88   77
   76   68   73   77   89  104  114  128  141  154  166  177  189  205  231  258
  282  306  333  364  397  428  447  463  463  460  445  428  411  391  373  352
  335  323  315  303  295  289  280  278  268                                   
    20.0-180.0 180.0   5.0 450.0                            LAT/LON1/LON2/DLON/H
  297  291  274  252  229  202  182  161  146  136  130  126  119  113  104   97
   95   92   98  102  111  117  124  123  122  113  110  103  100   91   84   76
   71   67   69   76   87  102  112  127  140  155  166  178  190  210  236  266
  292  320  347  382  414  443  460  476  478  476  465  451  439  421  403  382
  365  350  341  327  321  315  309  307  297                                   
    17.5-180.0 180.0   5.0 450.0                            LAT/LON1/LON2/DLON/H
  321  317  303  284  262  233  207  182  165  147  139  129  122  112  107   98
   99   97  106  111  123  132  139  142  138  131  118  111   98   90   77   70
   66   63   65   74   85  101  113  130  146  160  173  185  199  219  247  275
  301  328  358  389  418  442  457  470  472  472  465  459  450  437  421  405
  390  375  367  356  348  348  338  334  321                                   
    15.0-180.0 180.0   5.0 450.0                            LAT/LON1/LON2/DLON/H
  344  340  323  304  285  257  228  201  180  162  148  138  128  122  116  111
  109  108  114  118  126  134  142  144  140  131  120  109  101   85   77   66
   64   60   63   71   82   99  111  131  147  164  176  192  206  233  260  289
  314  342  369  397  419  440  451  461  464  465  463  461  457  449  437  423
  410  398  389  378  370  370  360  362  344                                   
    12.5-180.0 180.0   5.0 450.0                            LAT/LON1/LON2/DLON/H
  360  358  340  319  299  275  248  218  195  175  161  146  137  129  125  118
  118  117  122  124  132  137  141  144  136  131  113  108   87   80   66   61
   57   56   60   67   80   97  114  136  155  172  186  201  218  245  273  298
  324  348  372  393  410  425  432  441  446  450  450  454  454  451  442  433
  423  415  407  400  392  396  387  384  360                                   
    10.0-180.0 180.0   5.0 450.0                            LAT/LON1/LON2/DLON/H
  372  369  348  328  306  282  255  226  202  185  172  159  150  146  143  138
  137  133  134  133  134  135  138  136  132  120  115   97   94   77   72   63
   60   57   58   64   74   94  110  135  155  175  189  206  227  256  281  307
  333  355  376  393  403  417  419  432  438  447  449  454  456  455  449  444
  437  431  425  416  411  411  403  403  372                                   
     7.5-180.0 180.0   5.0 450.0                            LAT/LON1/LON2/DLON/H
  378  376  356  336  313  289  262  236  213  196  183  171  162  160  156  152
  148  144  141  136  131  129  125  126  116  114  100   97   81   72   65   60
