data/unet/pred2570.15i
     1.0            IONOSPHERE MAPS     GNSS                IONEX VERSION / TYPE
pyspatialgeodesy        IME             05-JAN-18 20:20     PGM / RUN BY / DATE 
Map Name                                                    COMMENT             
Predicted global ionosphere maps (GIM).                     DESCRIPTION         
  2015     9    14     0     0     0                        EPOCH OF FIRST MAP  
  2015     9    15     0     0     0                        EPOCH OF LAST MAP   
  7200                                                      INTERVAL            
    13                                                      # OF MAPS IN FILE   
  NONE                                                      MAPPING FUNCTION    
10.0                                                        ELEVATION CUTOFF    
One-way carrier phase leveled to code                       OBSERVABLES USED    
  6371.0                                                    BASE RADIUS         
 2                                                          MAP DIMENSION       
   450.0 450.0   0.0                                        HGT1 / HGT2 / DHGT  
    87.5 -87.5  -2.5                                        LAT1 / LAT2 / DLAT  
  -180.0 180.0   5.0                                        LON1 / LON2 / DLON  
    -1                                                      EXPONENT            
                                                            END OF HEADER       
[from data line 1716]
     5                                                      START OF TEC MAP    
  2015     9    14     8     0     0                        EPOCH OF CURRENT MAP
    87.5-180.0 180.0   5.0 450.0                            LAT/LON1/LON2/DLON/H
   64   78   79   78   78   78   79   81   82   83   85   86   87   88   89   90
   90   91   92   92   92   93   93   93   93   93   93   93   93   92   93   92
   92   91   91   90   90   88   88   87   87   86   85   85   84   83   83   82
   82   81   81   80   80   79   78   78   77   76   76   75   75   73   73   72
   72   71   72   72   75   73   74   66   64                                   
    85.0-180.0 180.0   5.0 450.0                            LAT/LON1/LON2/DLON/H
   68   82   80   83   82   83   85   88   89   90   92   93   94   95   97   97
   99   99  101  100  102  101  102  102  103  103  104  103  104  103  103  102
  102  102  100  100   99   98   96   95   94   93   92   91   90   90   87   88
   86   86   84   85   83   83   81   82   79   80   77   77   75   76   73   74
   72   74   72   74   76   73   76   69   68                                   
    82.5-180.0 180.0   5.0 450.0                            LAT/LON1/LON2/DLON/H
   68   78   72   76   74   78   79   84   84   87   86   90   89   92   91   94
   93   95   95   96   96   97   97   98   97   99   98  100   99  101  100  101
  100  100   98   99   96   96   93   93   91   91   89   90   88   89   87   88
   86   87   85   86   84   84   82   82   80   78   76   74   72   70   69   67
   66   65   65   64   64   63   67   62   68                                   
    80.0-180.0 180.0   5.0 450.0                            LAT/LON1/LON2/DLON/H
   61   65   64   66   67   69   72   75   76   77   78   79   80   81   82   83
   83   84   83   84   83   84   84   85   85   87   87   90   90   92   92   93
   93   93   93   92   91   89   87   87   86   85   85   86   86   87   87   88
   89   89   89   89   89   88   87   85   83   80   78   75   72   69   66   64
   62   60   59   58   59   52   57   57   61                                   
    77.5-180.0 180.0   5.0 450.0                            LAT/LON1/LON2/DLON/H
   55   65   60   60   60   62   65   67   67   69   69   71   70   72   72   73
   72   72   71   71   70   70   70   70   71   73   75   77   79   82   83   85
   86   87   87   86   85   83   83   81   82   81   83   84   87   88   91   92
   95   95   98   97   98   95   96   92   91   87   86   81   79   74   72   67
   65   61   61   57   58   53   56   48   55                                   
    75.0-180.0 180.0   5.0 450.0                            LAT/LON1/LON2/DLON/H
   60   59   56   55   56   56   60   60   60   60   61   61   60   61   61   61
   59   60   59   58   58   57   57   56   58   59   62   65   68   72   75   78
   80   82   82   82   82   81   80   79   80   80   84   86   90   92   97   98
  102  103  106  105  106  104  103   99   98   94   92   87   85   80   77   72
   69   66   64   61   61   54   58   52   60                                   
    72.5-180.0 180.0   5.0 450.0                            LAT/LON1/LON2/DLON/H
   61   63   53   52   51   50   51   51   50   50   49   50   49   50   51   51
   52   51   51   49   49   47   47   45   46   46   50   51   56   58   63   67
   71   74   76   77   77   77   76   76   78   80   84   88   93   97  102  105
  109  110  113  112  113  110  110  106  104  100   98   94   92   87   86   80
   78   73   72   67   66   61   63   55   61                                   
    70.0-180.0 180.0   5.0 450.0                            LAT/LON1/LON2/DLON/H
   66   57   53   49   49   46   49   46   48   45   48   45   50   46   52   48
   53   50   51   48   48   45   45   42   43   42   45   47   52   55   60   65
   69   73   75   77   78   77   78   78   81   84   90   94  102  105  112  114
  119  118  121  118  119  115  114  110  109  105  104  100  100   96   95   91
   89   84   83   78   77   67   69   62   66                                   
    67.5-180.0 180.0   5.0 450.0                            LAT/LON1/LON2/DLON/H
   68   64   52   48   44   42   42   40   41   39   41   41   42   44   46   47
   48   48   48   47   45   43   41   39   38   37   38   40   44   48   54   58
   63   67   70   73   74   74   76   77   81   86   92   98  104  110  114  117
  118  118  117  115  113  109  107  105  103  101  101  100  101   99   99   96
   95   91   89   85   83   76   74   65   68                                   
    65.0-180.0 180.0   5.0 450.0                            LAT/LON1/LON2/DLON/H
   72   62   53   47   42   39   40   38   39   38   40   39   43   43   48   47
   51   49   51   48   47   45   43   41   39   38   38   39   44   47   53   57
   63   67   70   74   75   76   78   80   85   90   98  105  111  116  119  121
  120  118  115  111  108  104  101   98   98   97   98   99  102  102  103  102
  100   98   97   93   92   82   81   73   72                                   
    62.5-180.0 180.0   5.0 450.0                            LAT/LON1/LON2/DLON/H
   75   70   54   45   39   35   34   33   34   33   35   36   38   40   42   45
   46   46   46   45   44   43   40   38   37   35   36   37   40   44   49   54
   59   63   67   69   72   74   77   81   86   93  100  107  113  117  118  116
  114  110  106  101   98   93   91   88   88   88   91   93   98   99  102  101
  101   98   98   95   94   87   84   75   75                                   
    60.0-180.0 180.0   5.0 450.0                            LAT/LON1/LON2/DLON/H
   78   68   55   47   39   35   33   31   31   31   33   35   37   38   41   41
   44   43   44   43   42   41   40   40   39   38   39   40   42   45   50   55
   61   65   69   74   75   79   80   86   91  100  106  114  118  121  120  118
  113  109  103  100   95   92   88   86   86   86   89   93   98  100  103  103
  103  102  101   99  100   91   89   84   78                                   
    57.5-180.0 180.0   5.0 450.0                            LAT/LON1/LON2/DLON/H
   85   80   61   50   41   35   31   28   28   27   29   30   33   34   36   37
   38   38   37   37   37   36   36   36   38   37   39   39   42   44   48   52
   58   62   67   71   75   78   82   87   93  101  109  116  120  122  120  118
  113  109  104  100   97   94   91   88   88   88   91   93   98  100  103  102
  102   99  100   99  101   96   93   87   85                                   
    55.0-180.0 180.0   5.0 450.0                            LAT/LON1/LON2/DLON/H
   94   84   70   60   48   41   34   30   27   25   26   27   29   31   32   33
   33   31   31   30   30   31   32   35   37   40   41   43   45   47   50   55
   60   66   71   77   79   84   86   93   98  107  113  121  124  126  125  122
  118  115  111  110  107  104  100   97   96   95   97  100  103  106  106  105
  103  102  102  102  105  101   99   99   94                                   
    52.5-180.0 180.0   5.0 450.0                            LAT/LON1/LON2/DLON/H
  106  101   83   71   60   49   41   34   29   25   24   24   25   27   27   28
   27   27   24   24   24   25   28   30   36   37   42   41   45   46   49   53
   59   66   72   77   83   86   91   96  102  110  117  124  128  131  129  129
  126  125  123  122  120  118  114  110  109  106  107  108  111  111  111  108
  105  102  102  103  107  106  106  103  106                                   
    50.0-180.0 180.0   5.0 450.0                            LAT/LON1/LON2/DLON/H
  116  105   96   86   76   63   53   43   35   29   26   25   25   25   26   26
   26   24   23   21   23   23   27   30   35   39   42   45   47   49   52   58
   65   73   79   87   92   97   99  105  110  118  124  131  135  138  139  139
  139  138  137  137  136  133  130  125  123  119  119  119  122  121  120  117
  113  109  109  109  115  113  112  113  116                                   
    47.5-180.0 180.0   5.0 450.0                            LAT/LON1/LON2/DLON/H
  125  119  108   98   88   77   66   53   43   36   30   28   26   27   26   27
   26   26   24   23   24   25   28   30   36   37   43   43   47   48   52   58
   65   75   82   90   98  101  107  110  117  123  130  136  142  146  147  150
  149  150  149  149  148  145  140  136  133  129  129  128  130  129  127  124
  118  115  113  115  119  119  117  115  125                                   
    45.0-180.0 180.0   5.0 450.0                            LAT/LON1/LON2/DLON/H
  129  119  116  108  101   90   79   66   53   44   37   33   31   30   30   30
   30   29   29   28   30   29   34   33   38   38   42   43   47   52   56   63
   71   83   90  102  108  115  117  123  127  133  138  145  151  156  159  161
  162  162  159  158  155  150  144  141  137  134  133  135  137  138  138  135
  131  128  126  126  129  125  122  121  129                                   
    42.5-180.0 180.0   5.0 450.0                            LAT/LON1/LON2/DLON/H
  128  124  118  112  105   97   87   74   63   52   45   40   37   37   36   37
   36   36   36   36   38   38   41   39   42   40   43   44   49   52   58   65
   74   85   96  105  115  121  127  130  137  140  146  152  160  166  170  173
  174  172  168  163  158  150  144  139  139  136  139  139  144  145  146  144
  141  138  134  133  131  128  124  122  128                                   
    40.0-180.0 180.0   5.0 450.0                            LAT/LON1/LON2/DLON/H
  124  116  114  110  107   99   92   81   70   60   53   49   46   45   44   44
   44   44   45   44   48   46   49   44   45   41   43   44   49   55   61   70
   78   91  101  114  123  132  136  143  147  153  158  165  172  179  184  186
  189  183  178  169  163  152  146  141  142  142  144  149  152  155  156  156
  155  152  149  144  141  131  126  122  124                                   
    37.5-180.0 180.0   5.0 450.0                            LAT/LON1/LON2/DLON/H
  116  112  106  101   97   92   87   78   72   63   59   55   54   53   53   52
   53   52   53   52   56   55   56   50   49   44   43   45   50   57   62   72
   80   93  103  114  127  136  146  150  160  162  170  175  184  192  197  203
  202  200  193  185  176  165  159  155  158  158  163  163  167  167  168  168
  166  163  159  149  140  132  125  121  116                                   
    35.0-180.0 180.0   5.0 450.0                            LAT/LON1/LON2/DLON/H
  111  102   93   87   86   78   78   72   69   65   64   61   62   61   62   62
   62   60   62   59   64   60   62   53   51   44   45   45   52   58   66   75
   85   98  108  121  134  146  154  163  170  176  184  190  200  208  216  220
  225  221  219  210  203  192  185  183  183  185  183  186  183  183  179  179
  175  174  168  158  149  135  128  125  111                                   
    32.5-180.0 180.0   5.0 450.0                            LAT/LON1/LON2/DLON/H
  110  102   87   77   71   66   65   61   62   62   65   64   67   67   70   69
   70   66   67   64   67   65   65   58   53   47   44   47   50   59   66   77
   86   98  109  122  138  150  166  171  183  187  197  205  215  226  234  245
  248  253  252  250  246  240  234  232  230  226  224  221  218  210  205  199
  194  188  182  167  154  141  135  131  110                                   
    30.0-180.0 180.0   5.0 450.0                            LAT/LON1/LON2/DLON/H
  119  102   86   74   65   56   55   51   56   57   63   64   70   71   78   78
   81   74   76   68   74   67   70   58   55   46   46   44   53   57   69   77
   87   99  112  130  145  164  176  188  195  202  213  221  236  245  262  270
  283  290  301  302  304  299  294  291  285  278  268  262  251  242  230  225
  214  211  198  184  172  156  149  149  119                                   
    27.5-180.0 180.0   5.0 450.0                            LAT/LON1/LON2/DLON/H
  138  119   99   83   69   56   52   48   52   54   61   64   72   76   84   85
   88   80   80   74   76   72   71   64   56   53   46   50   50   60   65   76
   86   97  112  132  151  170  184  196  207  216  226  238  251  269  282  301
  316  335  350  362  369  369  364  356  350  338  326  312  300  281  268  254
  245  236  226  206  192  176  170  165  138                                   
    25.0-180.0 180.0   5.0 450.0                            LAT/LON1/LON2/DLON/H
  163  141  119  102   83   67   59   49   54   53   62   63   73   79   87   93
   94   88   86   77   82   74   77   65   63   52   50   45   51   56   68   78
   91  103  120  141  162  180  196  209  220  232  243  257  273  289  313  333
  357  380  403  417  430  435  430  426  414  397  380  359  343  326  307  293
  275  269  254  236  222  207  198  198  163                                   
    22.5-180.0 180.0   5.0 450.0                            LAT/LON1/LON2/DLON/H
  188  171  152  131  110   92   77   65   61   59   64   65   72   77   87   92
   96   89   88   82   84   79   78   73   64   62   52   53   50   59   65   80
   89  106  122  145  165  186  201  218  229  245  256  273  288  311  334  363
  386  415  436  460  470  480  476  473  462  447  430  407  391  367  350  329
  312  297  283  260  245  231  229  222  188                                   
    20.0-180.0 180.0   5.0 450.0                            LAT/LON1/LON2/DLON/H
  212  202  182  164  143  124  104   87   75   71   72   71   77   80   91   96
  102   95   95   86   89   82   83   76   73   65   58   54   55   61   70   81
   99  113  136  155  185  196  217  225  244  255  271  287  307  330  359  387
  413  438  464  483  496  502  498  497  489  477  464  445  431  409  388  365
  345  330  313  293  276  258  260  252  212                                   
    17.5-180.0 180.0   5.0 450.0                            LAT/LON1/LON2/DLON/H
  236  231  214  195  178  156  135  115   99   90   86   82   83   84   90   93
   98   95   95   90   91   88   88   83   78   74   66   63   60   64   72   84
  102  120  143  166  193  212  228  241  256  269  283  300  321  348  376  403
  426  452  473  494  500  505  495  497  491  486  478  468  460  442  424  397
  378  357  340  318  300  281  282  266  236                                   
    15.0-180.0 180.0   5.0 450.0                            LAT/LON1/LON2/DLON/H
  245  250  234  221  203  184  162  142  123  113  101   97   92   90   93   95
  100   96   99   92   96   91   94   90   87   81   72   64   59   63   71   85
  109  127  154  175  205  218  237  248  268  278  298  316  342  370  397  417
  437  454  471  485  491  488  480  480  481  481  481  480  479  467  452  430
  410  388  370  347  328  304  305  283  245                                   
    12.5-180.0 180.0   5.0 450.0                            LAT/LON1/LON2/DLON/H
  260  268  258  245  231  208  187  166  149  136  125  115  105   99   97   94
   97   94   96   92   95   93   96   94   93   87   79   69   66   66   79   89
  112  132  160  184  210  226  242  257  273  287  307  328  354  381  404  422
  437  449  459  470  469  465  453  454  456  462  467  474  478  475  464  448
  433  413  394  370  348  325  319  289  260                                   
    10.0-180.0 180.0   5.0 450.0                            LAT/LON1/LON2/DLON/H
  263  277  266  258  244  223  200  181  166  156  145  136  121  113  106  101
  102   96   99   93   98   95  101  100   99   92   84   74   70   72   81   90
  112  132  159  183  208  226  243  261  279  295  319  341  369  391  411  423
  432  440  445  449  446  439  428  433  441  448  455  463  471  470  465  458
  448  435  415  389  367  341  331  303  263                                   
     7.5-180.0 180.0   5.0 450.0                            LAT/LON1/LON2/DLON/H
  276  286  278  270  258  235  216  196  183  173  165  155  141  129  117  110
  106   99   99   94   96   95  101  103  104   98   90   82   79   78   86   96
