data/unet/pred3180.15i
     1.0            IONOSPHERE MAPS     GNSS                IONEX VERSION / TYPE
pyspatialgeodesy        IME             05-JAN-18 20:20     PGM / RUN BY / DATE 
Map Name                                                    COMMENT             
Predicted global ionosphere maps (GIM).                     DESCRIPTION         
  2015    11    14     0     0     0                        EPOCH OF FIRST MAP  
  2015    11    15     0     0     0                        EPOCH OF LAST MAP   
  7200                                                      INTERVAL            
    13                                                      # OF MAPS IN FILE   
  NONE                                                      MAPPING FUNCTION    
10.0                                                        ELEVATION CUTOFF    
One-way carrier phase leveled to code                       OBSERVABLES USED    
  6371.0                                                    BASE RADIUS         
 2                                                          MAP DIMENSION       
   450.0 450.0   0.0                                        HGT1 / HGT2 / DHGT  
    87.5 -87.5  -2.5                                        LAT1 / LAT2 / DLAT  
  -180.0 180.0   5.0                                        LON1 / LON2 / DLON  
    -1                                                      EXPONENT            
                                                            END OF HEADER       
[from data line 5148]
    13                                                      START OF TEC MAP    
  2015    11    15     0     0     0                        EPOCH OF CURRENT MAP
    87.5-180.0 180.0   5.0 450.0                            LAT/LON1/LON2/DLON/H
  116   94   90   84   85   81   85   82   86   83   86   83   85   82   84   81
   83   80   82   78   80   77   80   76   78   75   77   74   76   73   76   73
   75   73   75   73   76   73   76   74   77   74   77   75   78   75   79   76
   80   77   80   78   81   79   82   80   83   80   83   80   83   79   82   78
   82   78   82   80   88   84   92  100  116                                   
    85.0-180.0 180.0   5.0 450.0                            LAT/LON1/LON2/DLON/H
  103   80   82   80   80   74   78   75   80   76   80   76   80   75   79   74
   76   71   74   68   71   66   68   63   65   60   62   58   60   56   59   55
   58   55   58   56   60   57   61   59   64   62   66   65   69   67   71   69
   73   71   75   73   77   75   79   76   80   77   80   76   79   75   78   73
   77   73   78   74   81   71   74   97  103                                   
    82.5-180.0 180.0   5.0 450.0                            LAT/LON1/LON2/DLON/H
   98   83   85   85   82   78   80   79   82   80   83   81   83   80   82   79
   80   76   76   72   72   67   68   63   62   57   58   53   54   50   52   49
   51   49   52   50   54   53   57   56   61   60   65   64   69   67   72   71
   75   73   77   76   80   78   82   79   83   80   83   80   84   80   83   79
   83   80   85   82   86   79   81   98   98                                   
    80.0-180.0 180.0   5.0 450.0                            LAT/LON1/LON2/DLON/H
  100   90   90   92   87   87   86   87   86   87   88   89   89   89   89   87
   86   83   82   79   76   72   69   64   61   57   54   51   49   47   47   46
   47   46   48   49   51   53   56   57   60   62   65   66   69   70   72   72
   75   75   77   77   79   79   81   81   83   83   84   85   86   86   87   87
   88   89   91   92   91   86   88  104  100                                   
    77.5-180.0 180.0   5.0 450.0                            LAT/LON1/LON2/DLON/H
  108   96   98   97   93   91   91   91   90   90   91   92   92   92   92   91
   89   86   84   81   77   72   68   62   57   52   49   45   43   42   42   41
   42   43   45   46   49   50   53   55   57   59   61   62   64   64   66   65
   67   67   68   68   70   70   71   71   72   73   74   76   77   78   79   81
   83   86   89   91   92   89   93  105  108                                   
    75.0-180.0 180.0   5.0 450.0                            LAT/LON1/LON2/DLON/H
  114  107  108  107  102  100   97   96   95   95   95   95   95   94   93   91
   88   86   83   80   76   71   66   61   55   51   47   44   42   42   42   44
   45   47   48   51   52   54   56   57   58   59   60   60   60   60   60   59
   59   59   59   60   60   61   61   61   62   62   64   65   67   69   72   75
   79   83   89   92   95   95  100  111  114                                   
    72.5-180.0 180.0   5.0 450.0                            LAT/LON1/LON2/DLON/H
  130  125  126  122  114  111  106  104  101  100   98   97   95   93   90   88
   84   82   79   76   72   68   63   57   53   48   45   43   42   42   44   45
   48   50   52   53   55   56   57   58   58   58   58   57   56   54   54   52
   51   50   51   50   51   49   50   49   51   51   54   54   58   60   64   68
   75   81   89   95  101  105  111  121  130                                   
    70.0-180.0 180.0   5.0 450.0                            LAT/LON1/LON2/DLON/H
  143  144  144  139  130  124  119  115  111  108  105  101   97   92   88   84
   81   78   76   73   70   65   61   55   51   47   46   44   44   45   48   50
   52   54   56   57   58   57   58   58   57   56   55   53   52   49   48   46
   45   44   44   43   44   43   43   43   46   47   49   51   55   58   63   68
   76   83   94  102  110  115  126  133  143                                   
    67.5-180.0 180.0   5.0 450.0                            LAT/LON1/LON2/DLON/H
  162  163  163  157  145  139  132  128  122  119  113  109  101   95   87   82
   77   75   72   71   68   65   60   55   50   47   45   44   45   46   49   51
   53   54   55   55   55   54   55   53   53   51   51   48   47   44   44   41
   41   39   40   38   39   38   40   40   43   45   49   52   57   61   67   71
   80   87   99  109  119  126  135  143  162                                   
    65.0-180.0 180.0   5.0 450.0                            LAT/LON1/LON2/DLON/H
  172  175  177  170  158  150  142  137  133  129  123  117  108   98   89   80
   76   72   71   69   68   65   61   55   51   48   46   45   46   47   49   50
   51   51   51   50   49   48   48   47   47   46   46   45   44   42   41   39
   39   38   37   36   37   37   38   39   43   47   52   58   65   70   76   81
   88   95  106  115  125  133  145  152  172                                   
    62.5-180.0 180.0   5.0 450.0                            LAT/LON1/LON2/DLON/H
  180  181  182  175  164  156  148  143  140  137  131  124  114  103   91   82
   76   72   70   69   68   65   61   56   51   48   45   44   44   45   46   45
   45   42   42   39   40   38   39   39   40   40   42   41   41   40   39   37
   37   36   36   35   37   36   38   39   45   50   57   65   75   81   88   93
   99  105  113  121  131  139  148  158  180                                   
    60.0-180.0 180.0   5.0 450.0                            LAT/LON1/LON2/DLON/H
  180  182  185  178  165  158  149  146  143  141  137  131  121  109   96   86
   79   74   73   71   69   66   62   56   51   47   45   43   42   41   40   38
   37   34   33   31   31   31   32   33   35   37   40   41   41   40   39   37
   37   36   36   35   36   35   37   40   47   54   64   74   87   94  103  108
  113  117  123  129  137  143  153  161  180                                   
    57.5-180.0 180.0   5.0 450.0                            LAT/LON1/LON2/DLON/H
  184  185  186  179  167  158  151  148  147  146  142  136  127  116  103   94
   87   82   79   76   73   68   62   56   50   48   44   43   41   40   37   34
   32   28   27   26   27   28   29   32   35   39   42   43   43   42   40   39
   38   38   37   37   38   37   39   41   49   57   70   82   96  106  116  123
  128  132  136  140  145  151  157  166  184                                   
    55.0-180.0 180.0   5.0 450.0                            LAT/LON1/LON2/DLON/H
  189  194  197  189  174  166  157  154  151  150  145  140  132  122  112  102
   96   90   86   80   75   68   61   54   50   48   45   44   43   41   37   34
   31   28   27   27   29   31   34   37   41   45   48   49   49   47   44   41
   40   40   39   40   41   41   42   45   53   62   76   89  105  117  130  137
  145  149  153  155  158  163  170  176  189                                   
    52.5-180.0 180.0   5.0 450.0                            LAT/LON1/LON2/DLON/H
  210  210  213  205  191  181  171  166  162  158  152  146  138  131  121  115
  107  101   93   86   78   70   62   56   52   51   50   51   49   48   44   40
   37   35   35   36   38   41   43   47   50   54   56   57   56   53   49   46
   45   45   45   46   47   47   48   50   58   67   81   95  112  126  141  152
  163  169  172  175  178  181  185  192  210                                   
    50.0-180.0 180.0   5.0 450.0                            LAT/LON1/LON2/DLON/H
  230  232  238  232  217  207  194  186  176  168  159  152  144  137  129  123
  116  107   98   88   79   70   64   58   57   57   58   59   59   57   54   50
   48   47   47   49   52   54   57   59   62   65   67   68   66   62   57   53
   52   52   53   55   56   56   58   61   69   77   90  103  121  136  153  167
  180  188  193  196  199  202  204  213  230                                   
    47.5-180.0 180.0   5.0 450.0                            LAT/LON1/LON2/DLON/H
  254  252  261  258  247  236  223  210  196  183  168  160  150  145  137  131
  122  113  101   91   81   74   68   66   65   67   68   71   71   70   66   63
   60   60   61   64   66   69   70   72   73   76   77   78   75   71   66   62
   61   61   64   65   67   68   70   74   81   90  101  114  130  146  164  180
  195  206  213  218  223  226  224  233  254                                   
    45.0-180.0 180.0   5.0 450.0                            LAT/LON1/LON2/DLON/H
  262  270  280  280  272  267  251  237  217  201  180  168  158  152  143  135
  125  113  102   92   84   79   76   75   75   78   79   81   81   79   75   71
   70   70   72   75   78   80   81   81   83   85   87   88   86   82   77   73
   72   72   75   77   79   81   84   89   97  105  115  127  142  157  175  191
  207  220  228  235  241  245  243  249  262                                   
    42.5-180.0 180.0   5.0 450.0                            LAT/LON1/LON2/DLON/H
  267  270  282  285  284  280  269  254  235  214  192  178  166  159  149  140
  127  116  104   96   91   89   87   87   87   88   87   88   86   84   79   76
   74   75   78   81   84   86   86   87   88   91   94   95   94   91   87   83
   83   83   86   87   90   93   97  103  112  121  131  141  155  169  185  200
  217  229  239  246  254  257  252  260  267                                   
    40.0-180.0 180.0   5.0 450.0                            LAT/LON1/LON2/DLON/H
  256  261  271  275  276  277  269  259  241  223  201  186  173  165  154  144
  131  118  108  103  101  102  101  100   98   96   93   91   88   84   79   76
   75   76   80   83   87   89   91   92   95   98  102  104  104  101   98   94
   93   92   95   96  100  103  108  115  126  135  147  157  171  183  198  212
  228  239  247  254  262  265  261  264  256                                   
    37.5-180.0 180.0   5.0 450.0                            LAT/LON1/LON2/DLON/H
  247  245  252  252  255  257  254  248  235  220  202  190  178  170  159  148
  135  125  118  116  116  117  115  112  106  100   94   90   86   82   78   75
   73   75   78   83   86   90   92   95   99  103  107  110  111  109  107  104
  101  100  101  102  106  109  116  124  136  148  161  173  186  198  212  227
  240  249  254  260  269  271  266  270  247                                   
    35.0-180.0 180.0   5.0 450.0                            LAT/LON1/LON2/DLON/H
  241  241  240  235  232  234  233  229  222  211  199  189  180  173  163  152
  142  134  130  129  130  128  124  117  108  100   93   87   84   81   79   76
   77   77   82   85   90   94   99  102  108  111  116  117  118  116  115  110
  107  103  103  103  108  112  121  130  146  158  174  187  201  215  230  244
  256  263  268  272  280  284  285  285  241                                   
    32.5-180.0 180.0   5.0 450.0                            LAT/LON1/LON2/DLON/H
  260  252  246  233  223  220  217  214  207  202  193  188  181  176  167  159
  150  146  142  141  139  134  126  116  106   97   92   89   88   88   87   86
   86   88   91   95   98  103  107  112  116  119  120  120  120  119  117  113
  109  104  103  102  107  112  123  134  152  166  184  199  216  233  250  264
  275  283  286  290  300  307  310  313  260                                   
    30.0-180.0 180.0   5.0 450.0                            LAT/LON1/LON2/DLON/H
  302  296  284  261  240  230  221  213  206  200  194  190  185  180  172  165
  159  155  151  146  139  128  119  108  102   97   97   99  103  106  108  109
  111  111  114  115  117  120  124  126  130  129  129  125  123  119  117  111
  107  100   98   96  100  107  119  133  154  170  190  207  227  247  267  286
  301  314  318  324  336  346  362  357  302                                   
    27.5-180.0 180.0   5.0 450.0                            LAT/LON1/LON2/DLON/H
  374  368  352  325  298  278  257  242  227  217  207  202  193  187  178  174
  168  163  155  144  130  117  106  100  100  104  111  120  128  137  142  145
  146  146  144  142  139  139  139  141  141  138  134  127  122  116  112  106
  102   94   91   87   91   97  112  128  150  170  192  211  234  256  281  304
  328  347  354  365  378  393  414  409  374                                   
    25.0-180.0 180.0   5.0 450.0                            LAT/LON1/LON2/DLON/H
  465  473  455  422  391  360  328  298  273  255  237  224  210  201  190  183
  177  169  155  137  118  101   95   96  107  120  136  152  166  179  187  190
  190  186  179  170  162  157  154  153  152  145  139  128  120  111  108  102
   98   89   84   81   84   92  107  125  148  169  193  213  237  263  293  325
  355  381  394  411  429  449  480  472  465                                   
    22.5-180.0 180.0   5.0 450.0                            LAT/LON1/LON2/DLON/H
  558  573  562  546  517  479  429  386  349  317  288  264  241  222  206  196
  185  173  152  129  105   92   91  105  125  150  173  196  214  229  238  239
  232  221  205  189  174  167  160  158  154  147  137  125  115  106  105   99
   96   86   77   72   77   86  106  128  152  174  198  220  247  272  308  344
  376  403  424  448  473  499  535  537  558                                   
    20.0-180.0 180.0   5.0 450.0                            LAT/LON1/LON2/DLON/H
  639  666  661  661  650  616  557  499  441  396  354  317  283  257  233  216
  198  180  153  127  104   96  106  129  161  194  219  246  265  280  284  281
  268  247  221  197  180  169  161  157  151  141  130  117  110  104  102   98
   93   83   72   68   72   87  112  138  165  188  214  236  264  290  326  362
  395  424  453  484  523  551  587  592  639                                   
    17.5-180.0 180.0   5.0 450.0                            LAT/LON1/LON2/DLON/H
  683  715  725  742  745  718  667  608  541  481  424  379  335  297  266  242
  217  191  161  135  118  120  139  173  211  245  270  289  302  310  309  299
  279  252  219  192  172  165  156  152  143  133  122  112  108  104  100   95
   87   76   65   63   71   90  120  152  181  210  236  259  286  311  346  377
  410  441  476  514  557  589  622  623  683                                   
    15.0-180.0 180.0   5.0 450.0                            LAT/LON1/LON2/DLON/H
  695  729  752  781  801  784  742  691  628  565  497  443  391  351  311  280
  246  216  185  163  156  169  198  238  276  305  318  324  327  324  318  300
  275  241  206  181  166  159  153  146  138  129  121  112  111  105  101   93
   87   79   70   71   80  104  137  170  204  236  261  284  308  331  361  388
  422  455  492  529  573  600  637  635  695                                   
    12.5-180.0 180.0   5.0 450.0                            LAT/LON1/LON2/DLON/H
  670  697  723  762  796  796  769  729  679  624  561  504  451  406  363  321
  286  254  226  214  216  237  273  311  341  351  347  334  324  314  303  282
  255  221  190  173  160  157  150  148  139  132  124  118  115  109  100   94
   87   80   74   78   91  117  150  186  222  255  279  301  326  346  374  399
  429  461  496  530  565  589  617  616  670                                   
    10.0-180.0 180.0   5.0 450.0                            LAT/LON1/LON2/DLON/H
  627  643  669  711  755  771  763  736  701  658  606  556  506  463  418  375
  333  301  277  274  284  315  349  381  389  379  353  325  306  289  275  254
  227  200  180  169  164  163  159  155  148  141  134  126  121  112  103   96
   93   87   85   91  105  129  160  196  233  265  287  312  335  357  381  407
  436  467  497  525  554  571  593  590  627                                   
     7.5-180.0 180.0   5.0 450.0                            LAT/LON1/LON2/DLON/H
  574  576  598  641  687  717  726  718  698  668  631  590  551  513  472  432
  390  356  339  338  357  385  410  421  409  374  334  297  273  257  247  230
