data/unet/pred0250.15i
     1.0            IONOSPHERE MAPS     GNSS                IONEX VERSION / TYPE
pyspatialgeodesy        IME             05-JAN-18 20:20     PGM / RUN BY / DATE 
Map Name                                                    COMMENT             
Predicted global ionosphere maps (GIM).                     DESCRIPTION         
  2015     1    25     0     0     0                        EPOCH OF FIRST MAP  
  2015     1    26     0     0     0                        EPOCH OF LAST MAP   
  7200                                                      INTERVAL            
    13                                                      # OF MAPS IN FILE   
  NONE                                                      MAPPING FUNCTION    
10.0                                                        ELEVATION CUTOFF    
One-way carrier phase leveled to code                       OBSERVABLES USED    
  6371.0                                                    BASE RADIUS         
 2                                                          MAP DIMENSION       
   450.0 450.0   0.0                                        HGT1 / HGT2 / DHGT  
    87.5 -87.5  -2.5                                        LAT1 / LAT2 / DLAT  
  -180.0 180.0   5.0                                        LON1 / LON2 / DLON  
    -1                                                      EXPONENT            
                                                            END OF HEADER       
[from data line 3432]
     9                                                      START OF TEC MAP    
  2015     1    25    16     0     0                        EPOCH OF CURRENT MAP
    87.5-180.0 180.0   5.0 450.0                            LAT/LON1/LON2/DLON/H
   92   96   97   99  101  100  101  100  101  102  103  103  104  104  105  106
  107  108  109  110  110  111  112  113  113  114  114  115  114  115  115  115
  114  115  114  114  113  114  113  114  113  114  113  114  113  113  112  113
  112  112  112  111  111  110  109  109  108  107  105  105  104  102  101  100
  100   99   99   97   98   96   99  115   92                                   
    85.0-180.0 180.0   5.0 450.0                            LAT/LON1/LON2/DLON/H
   64   75   67   68   72   72   75   75   78   78   80   81   83   84   86   88
   89   92   93   96   97   99  100  101  101  103  103  104  104  104  105  104
  104  104  104  104  104  104  104  103  103  103  103  101  101  100  100   98
   97   96   95   94   92   91   88   88   85   84   80   79   77   74   72   70
   69   66   67   64   66   65   68   75   64                                   
    82.5-180.0 180.0   5.0 450.0                            LAT/LON1/LON2/DLON/H
   58   48   44   50   48   52   52   57   56   61   60   64   64   68   68   71
   74   76   80   80   87   85   91   89   94   91   96   92   96   92   96   92
   95   93   96   95   97   96   97   97   97   97   97   96   96   95   93   91
   89   86   85   82   79   79   76   76   72   72   67   66   61   60   56   55
   50   50   47   46   45   40   52   51   58                                   
    80.0-180.0 180.0   5.0 450.0                            LAT/LON1/LON2/DLON/H
   45   37   36   38   38   42   42   46   46   50   49   54   53   59   58   64
   64   70   71   78   79   84   84   87   86   88   86   87   86   86   85   86
   86   87   86   87   87   88   86   88   86   87   85   86   85   85   83   83
   79   79   75   75   71   72   67   68   64   65   60   61   54   55   48   48
   42   42   37   36   33   32   39   38   45                                   
    77.5-180.0 180.0   5.0 450.0                            LAT/LON1/LON2/DLON/H
   39   32   33   31   34   36   39   41   43   44   45   45   46   46   49   50
   55   59   66   70   76   79   83   84   85   83   84   79   79   75   76   74
   74   72   73   71   71   70   70   68   68   66   67   65   66   64   66   65
   66   64   65   63   62   61   61   59   59   57   57   54   53   49   48   42
   41   35   37   30   32   23   30   28   39                                   
    75.0-180.0 180.0   5.0 450.0                            LAT/LON1/LON2/DLON/H
   37   32   36   36   41   41   45   44   46   44   46   44   47   45   50   50
   56   60   69   75   83   89   93   92   92   89   88   82   81   77   76   73
   73   72   71   68   67   64   62   58   57   54   55   51   54   52   56   53
   57   56   60   57   59   57   60   57   60   57   59   56   56   53   52   48
   46   42   41   35   36   32   38   32   37                                   
    72.5-180.0 180.0   5.0 450.0                            LAT/LON1/LON2/DLON/H
   41   41   46   42   44   45   49   47   49   46   49   47   49   48   52   53
   60   66   80   89  102  108  114  113  113  109  105  100   96   91   87   82
   80   77   75   69   67   62   58   51   49   46   45   42   43   44   46   46
   49   51   55   56   59   59   60   62   63   63   63   63   62   60   58   56
   53   50   48   43   43   37   42   35   41                                   
    70.0-180.0 180.0   5.0 450.0                            LAT/LON1/LON2/DLON/H
   50   47   54   49   55   52   57   51   55   49   54   48   54   49   57   57
   69   79   96  113  127  135  140  137  136  129  125  117  113  106  101   95
   93   89   87   81   76   69   61   54   49   43   41   36   38   37   41   40
   46   46   52   54   59   60   64   64   67   65   68   66   67   63   65   61
   60   56   57   50   52   48   55   45   50                                   
    67.5-180.0 180.0   5.0 450.0                            LAT/LON1/LON2/DLON/H
   56   58   59   57   58   57   60   56   59   55   58   54   56   53   59   63
   75   91  114  133  152  159  170  165  169  158  158  145  143  132  128  119
  116  108  105   95   89   78   70   58   51   43   37   33   31   31   32   34
   39   42   48   51   57   58   63   65   68   69   70   71   70   68   68   66
   64   62   60   57   56   51   58   49   56                                   
    65.0-180.0 180.0   5.0 450.0                            LAT/LON1/LON2/DLON/H
   61   56   62   56   62   57   62   55   60   53   60   53   60   54   65   69
   86  105  131  153  177  188  197  197  197  190  184  173  167  162  155  150
  144  137  129  119  107   94   83   72   61   52   44   39   35   34   34   35
   38   41   45   48   53   54   60   61   65   65   66   64   65   63   64   60
   62   57   59   53   55   52   61   51   61                                   
    62.5-180.0 180.0   5.0 450.0                            LAT/LON1/LON2/DLON/H
   53   55   57   57   58   58   58   56   57   54   57   55   59   59   67   75
   93  114  142  164  191  204  215  218  219  214  211  200  196  188  187  180
  176  166  156  142  128  111   96   83   72   61   53   46   40   37   34   36
   36   37   40   42   46   47   53   55   60   59   61   58   58   55   55   53
   52   51   49   47   46   43   49   44   53                                   
    60.0-180.0 180.0   5.0 450.0                            LAT/LON1/LON2/DLON/H
   46   43   52   48   53   50   54   48   51   47   54   52   61   60   74   80
  101  120  150  172  199  217  227  232  235  233  231  227  223  219  213  212
  203  195  178  165  146  129  111   97   85   76   65   59   51   47   40   39
   37   37   37   38   39   41   45   46   50   50   51   48   48   44   45   41
   43   40   42   37   40   38   42   38   46                                   
    57.5-180.0 180.0   5.0 450.0                            LAT/LON1/LON2/DLON/H
   32   36   43   43   46   46   46   44   44   44   49   55   62   67   77   88
  105  127  154  176  200  215  228  236  239  241  243  242  243  242  240  236
  228  218  200  183  161  142  124  110   96   87   77   70   61   53   46   41
   38   36   36   34   36   36   41   41   46   45   47   44   42   38   38   36
   35   34   33   33   31   29   31   27   32                                   
    55.0-180.0 180.0   5.0 450.0                            LAT/LON1/LON2/DLON/H
   26   30   42   37   43   42   43   39   41   42   50   55   67   71   86   94
  115  132  160  177  201  216  229  237  244  245  251  253  257  259  257  254
  246  236  218  199  177  157  140  127  113  104   94   87   77   69   58   53
   45   43   39   39   38   38   41   41   46   45   45   41   39   36   36   33
   35   34   37   32   33   30   34   26   26                                   
    52.5-180.0 180.0   5.0 450.0                            LAT/LON1/LON2/DLON/H
   26   35   43   42   45   45   43   42   42   46   53   62   72   80   93  105
  124  143  168  182  202  213  225  233  240  247  254  260  264  268  267  265
  257  245  227  207  185  166  151  138  127  118  109  101   90   79   69   62
   54   52   50   47   46   45   48   49   54   52   51   47   44   40   39   37
   39   38   39   38   35   33   36   25   26                                   
    50.0-180.0 180.0   5.0 450.0                            LAT/LON1/LON2/DLON/H
   36   41   50   46   51   50   51   48   49   51   60   66   78   85  102  112
  135  152  177  188  207  215  227  233  245  248  259  263  268  268  269  263
  256  244  228  209  192  176  164  154  144  134  126  118  106   96   84   77
   68   65   60   59   57   58   60   61   64   62   61   56   53   49   48   46
   50   48   52   48   49   45   48   38   36                                   
    47.5-180.0 180.0   5.0 450.0                            LAT/LON1/LON2/DLON/H
   52   57   60   60   62   63   61   58   59   63   69   77   86   94  110  125
  149  168  190  198  214  219  229  235  244  252  260  265  266  266  262  255
  247  235  222  208  195  183  174  165  157  148  140  130  119  106   96   87
   81   77   75   73   72   71   74   75   78   76   74   70   65   61   59   58
   59   60   62   63   60   58   60   48   52                                   
    45.0-180.0 180.0   5.0 450.0                            LAT/LON1/LON2/DLON/H
   68   65   69   65   72   69   73   67   71   73   81   85   96  101  120  137
  163  180  200  209  224  229  241  247  258  262  269  267  266  258  252  241
  233  223  216  205  199  190  183  175  168  158  150  140  130  117  106   98
   91   89   85   86   82   84   85   86   88   87   84   79   76   71   71   67
   72   69   74   70   73   69   76   66   68                                   
    42.5-180.0 180.0   5.0 450.0                            LAT/LON1/LON2/DLON/H
   79   77   76   77   81   82   85   82   86   86   93   98  107  115  134  151
  178  193  213  222  236  240  253  259  268  270  272  267  259  248  236  226
  218  212  209  204  201  194  189  180  174  164  157  147  136  123  114  105
  100   96   95   93   91   92   92   94   96   94   91   88   83   80   77   75
   75   75   75   76   75   75   81   74   79                                   
    40.0-180.0 180.0   5.0 450.0                            LAT/LON1/LON2/DLON/H
   81   75   79   75   85   80   89   86   94   95  105  109  120  127  146  161
  188  202  224  234  249  256  269  275  282  280  275  266  253  239  226  217
  213  210  211  208  208  202  196  187  179  171  162  152  142  129  119  110
  103   99   96   94   92   93   93   95   95   94   92   88   87   83   83   78
   79   74   76   72   75   76   86   80   81                                   
    37.5-180.0 180.0   5.0 450.0                            LAT/LON1/LON2/DLON/H
   79   77   76   80   83   85   90   91   98  105  114  123  134  141  156  172
  196  209  232  243  258  266  280  284  288  282  273  262  248  235  227  223
  223  223  224  222  220  213  206  194  186  177  169  159  146  135  123  115
  108  101   97   94   90   90   90   91   92   91   88   87   84   82   79   75
   70   64   60   61   63   68   78   76   79                                   
    35.0-180.0 180.0   5.0 450.0                            LAT/LON1/LON2/DLON/H
   70   68   74   72   81   76   86   86  100  107  125  133  148  151  169  178
  203  213  237  248  266  277  289  292  292  285  271  260  247  243  240  246
  251  256  256  253  245  236  222  209  195  187  178  168  157  143  133  122
  114  106  100   94   91   89   88   87   87   84   83   80   80   78   78   71
   66   55   54   50   57   60   69   70   70                                   
    32.5-180.0 180.0   5.0 450.0                            LAT/LON1/LON2/DLON/H
   57   62   64   68   70   72   78   82   94  109  127  142  157  163  178  189
  206  219  241  254  270  280  292  290  290  279  270  263  261  265  275  289
  299  307  304  295  280  260  244  225  211  199  191  180  166  154  142  135
  126  119  111  104   99   96   93   90   89   85   84   82   81   79   75   70
   61   53   46   44   45   52   58   57   57                                   
    30.0-180.0 180.0   5.0 450.0                            LAT/LON1/LON2/DLON/H
   46   52   58   60   66   66   72   74   90  103  130  144  166  170  190  194
  214  223  246  259  276  285  292  289  286  279  273  278  284  306  324  349
  358  368  359  346  323  300  273  252  234  222  210  199  188  175  165  156
  150  141  134  126  120  114  109  104   99   94   92   89   90   87   86   80
   77   67   61   53   55   54   58   55   46                                   
    27.5-180.0 180.0   5.0 450.0                            LAT/LON1/LON2/DLON/H
   42   53   56   60   59   65   66   75   84  105  125  149  171  183  198  208
  221  231  250  262  276  281  286  281  282  278  290  304  332  362  398  429
  443  446  426  401  369  339  310  283  262  245  233  220  211  202  194  185
  177  171  165  155  147  139  131  123  116  110  105  105  103  102   98   97
   91   90   80   73   67   67   60   53   42                                   
    25.0-180.0 180.0   5.0 450.0                            LAT/LON1/LON2/DLON/H
   48   55   60   62   65   65   69   72   87  104  129  150  178  191  211  215
  233  240  258  268  281  283  284  281  284  292  312  343  382  432  477  515
  528  524  491  463  414  385  348  323  300  280  258  246  235  230  224  219
  214  209  202  192  181  170  159  150  138  129  122  120  120  119  118  116
  113  113  108   99   90   79   75   60   48                                   
    22.5-180.0 180.0   5.0 450.0                            LAT/LON1/LON2/DLON/H
   61   67   67   70   67   71   72   81   90  115  131  163  185  207  222  233
  243  253  266  274  282  279  283  279  292  309  346  385  448  496  555  586
  601  576  544  504  457  416  384  357  334  313  291  273  260  253  252  250
  248  246  240  225  212  198  186  176  163  150  140  137  137  136  137  137
  135  131  129  119  105   92   82   66   61                                   
    20.0-180.0 180.0   5.0 450.0                            LAT/LON1/LON2/DLON/H
   74   72   77   76   74   73   76   81   98  121  142  167  192  214  232  242
  258  265  280  287  293  290  290  297  313  342  388  441  511  556  615  638
  644  615  568  531  480  449  410  388  359  342  319  304  289  279  275  276
  277  276  270  256  239  222  209  197  186  172  161  155  156  156  157  157
  153  150  141  129  114  100   87   75   74                                   
    17.5-180.0 180.0   5.0 450.0                            LAT/LON1/LON2/DLON/H
   79   77   85   88   79   80   80   90  106  133  151  181  199  228  244  261
  271  281  291  297  302  298  303  314  342  378  436  487  556  589  647  657
  661  623  584  534  496  462  436  407  382  361  341  326  311  298  292  292
  292  293  287  273  259  242  230  216  204  191  181  174  172  173  175  172
  168  160  155  135  126  110   96   80   79                                   
    15.0-180.0 180.0   5.0 450.0                            LAT/LON1/LON2/DLON/H
   84   72   79   86   81   78   85   95  118  147  172  194  215  239  256  273
  284  298  308  316  319  322  328  347  374  420  479  525  580  605  645  643
  641  605  570  534  496  477  448  426  398  378  356  338  322  308  301  297
  298  297  292  279  264  251  240  225  214  198  189  179  180  176  177  174
  169  161  154  135  125  113  102   89   84                                   
    12.5-180.0 180.0   5.0 450.0                            LAT/LON1/LON2/DLON/H
   79   72   74   80   79   80   87  101  130  164  187  215  233  261  273  292
  301  315  324  332  338  344  355  377  412  459  514  545  581  593  618  608
  602  570  546  513  496  477  460  435  412  388  365  345  327  310  300  292
  290  288  282  271  259  248  239  228  216  202  190  184  181  180  176  175
  167  156  148  134  125  112  102   80   79                                   
    10.0-180.0 180.0   5.0 450.0                            LAT/LON1/LON2/DLON/H
   72   59   64   64   70   69   85   98  136  169  202  228  255  277  293  309
  319  333  342  353  356  368  382  415  453  501  538  558  571  574  581  564
  555  531  516  504  492  484  462  442  418  396  371  349  330  307  294  280
  276  271  267  255  246  235  230  220  212  198  188  179  179  174  174  167
  163  146  140  126  117  107   96   81   72                                   
     7.5-180.0 180.0   5.0 450.0                            LAT/LON1/LON2/DLON/H
   60   63   60   63   63   63   73   95  134  173  204  237  266  291  307  328
  340  352  361  368  375  385  411  448  495  530  554  554  554  545  543  527
