data/unet/pred0520.15i
     1.0            IONOSPHERE MAPS     GNSS                IONEX VERSION / TYPE
pyspatialgeodesy        IME             05-JAN-18 20:20     PGM / RUN BY / DATE 
Map Name                                                    COMMENT             
Predicted global ionosphere maps (GIM).                     DESCRIPTION         
  2015     2    21     0     0     0                        EPOCH OF FIRST MAP  
  2015     2    22     0     0     0                        EPOCH OF LAST MAP   
  7200                                                      INTERVAL            
    13                                                      # OF MAPS IN FILE   
  NONE                                                      MAPPING FUNCTION    
10.0                                                        ELEVATION CUTOFF    
One-way carrier phase leveled to code                       OBSERVABLES USED    
  6371.0                                                    BASE RADIUS         
 2                                                          MAP DIMENSION       
   450.0 450.0   0.0                                        HGT1 / HGT2 / DHGT  
    87.5 -87.5  -2.5                                        LAT1 / LAT2 / DLAT  
  -180.0 180.0   5.0                                        LON1 / LON2 / DLON  
    -1                                                      EXPONENT            
                                                            END OF HEADER       
[from data line 1716]
     5                                                      START OF TEC MAP    
  2015     2    21     8     0     0                        EPOCH OF CURRENT MAP
    87.5-180.0 180.0   5.0 450.0                            LAT/LON1/LON2/DLON/H
   39   57   60   62   63   63   66   67   70   72   75   76   79   80   81   81
   81   81   81   80   80   80   80   80   80   81   80   81   80   80   79   80
   79   80   79   79   78   78   78   78   77   78   78   78   78   78   77   78
   78   79   78   79   77   78   76   76   75   74   72   71   70   69   67   66
   63   63   62   62   61   57   60   54   39                                   
    85.0-180.0 180.0   5.0 450.0                            LAT/LON1/LON2/DLON/H
   45   65   63   71   69   75   77   84   86   92   92   96   97   99   99   99
   98   99   97   97   96   96   95   95   94   95   94   95   94   95   96   96
   96   97   99   98  100  100  102  101  102  102  103  103  103  104  103  104
  102  103  101  100   99   97   95   92   89   86   82   79   76   73   69   65
   61   60   56   58   57   54   61   53   45                                   
    82.5-180.0 180.0   5.0 450.0                            LAT/LON1/LON2/DLON/H
   47   64   62   66   71   74   83   88   94   98  100  102  102  101   99   97
   95   91   90   86   86   82   83   79   80   78   79   79   80   81   82   84
   85   88   90   92   94   97   99  103  103  108  108  113  113  116  116  118
  118  118  117  116  115  111  109  103  100   92   88   80   77   69   65   59
   55   51   49   47   44   41   43   42   47                                   
    80.0-180.0 180.0   5.0 450.0                            LAT/LON1/LON2/DLON/H
   46   58   60   67   74   80   89   95   99  103  104  104  104  101   98   93
   91   85   82   76   73   68   65   61   60   60   59   61   61   65   66   70
   74   77   83   85   91   94  100  103  109  113  119  123  128  131  134  136
  139  139  142  139  141  136  135  127  122  112  106   96   90   80   74   66
   61   54   51   46   45   34   38   43   46                                   
    77.5-180.0 180.0   5.0 450.0                            LAT/LON1/LON2/DLON/H
   45   65   64   69   76   83   92   97  103  104  107  104  105  100   97   91
   87   81   76   69   64   59   55   51   51   50   52   52   57   59   64   67
   73   77   83   88   93   99  104  111  116  125  132  142  148  155  161  165
  171  173  177  174  176  172  171  162  157  145  135  122  114  103   95   85
   79   69   64   56   53   43   45   43   45                                   
    75.0-180.0 180.0   5.0 450.0                            LAT/LON1/LON2/DLON/H
   52   63   63   72   78   86   95  100  105  105  107  104  103   98   94   88
   83   77   71   64   58   52   49   44   43   42   45   45   50   53   60   63
   71   74   82   85   92   97  104  112  122  133  145  155  169  178  189  194
  204  207  215  216  217  215  212  205  196  185  172  160  147  136  123  111
  100   90   80   71   65   53   56   54   52                                   
    72.5-180.0 180.0   5.0 450.0                            LAT/LON1/LON2/DLON/H
   54   68   68   73   81   85   94   97  101   99  101   98   96   92   88   84
   80   75   69   65   57   54   49   46   45   45   47   50   54   58   63   68
   73   79   86   91   97  103  110  121  130  143  157  171  184  198  210  221
  234  243  255  255  260  256  257  248  243  228  215  199  186  171  157  143
  131  115  106   91   84   70   72   68   54                                   
    70.0-180.0 180.0   5.0 450.0                            LAT/LON1/LON2/DLON/H
   61   67   66   73   76   85   89   96   95   96   96   93   92   88   87   82
   80   76   73   67   64   58   57   51   53   49   55   54   61   63   69   73
   81   85   92   93  101  104  116  125  141  153  173  185  203  214  230  241
  259  270  283  285  290  287  288  281  275  264  248  235  218  206  190  175
  160  145  131  113  103   85   85   78   61                                   
    67.5-180.0 180.0   5.0 450.0                            LAT/LON1/LON2/DLON/H
   63   73   67   70   76   78   87   88   90   90   89   87   85   84   83   82
   80   77   76   73   70   67   64   63   61   61   62   64   66   69   71   75
   81   84   90   93   99  107  117  131  145  163  180  195  210  224  240  253
  271  282  293  295  300  297  299  292  287  275  262  249  237  221  208  192
  179  163  151  131  118  100   98   81   63                                   
    65.0-180.0 180.0   5.0 450.0                            LAT/LON1/LON2/DLON/H
   62   67   59   65   66   73   76   83   82   84   83   84   81   84   83   83
   83   81   81   78   78   75   76   72   74   71   74   72   75   75   77   80
   83   87   92   94  101  108  121  134  153  171  188  206  220  233  248  261
  275  284  292  291  294  293  295  293  287  279  265  257  243  230  215  203
  189  175  162  143  128  108  103   84   62                                   
    62.5-180.0 180.0   5.0 450.0                            LAT/LON1/LON2/DLON/H
   61   64   55   57   59   62   70   74   76   77   79   77   79   80   82   84
   84   83   84   81   82   80   81   80   79   79   77   78   74   75   71   74
   75   79   84   88   97  106  121  137  156  173  193  210  225  239  252  266
  277  284  287  285  285  283  285  282  279  272  261  251  241  228  216  201
  189  174  164  145  132  112  108   78   61                                   
    60.0-180.0 180.0   5.0 450.0                            LAT/LON1/LON2/DLON/H
   57   50   46   47   48   54   58   65   66   70   70   72   73   77   79   82
   83   83   83   80   81   79   81   79   81   79   78   76   73   70   67   69
   69   75   82   91  101  113  129  146  165  185  204  223  239  251  263  274
  282  286  288  282  280  277  275  276  273  269  257  251  242  231  218  204
  188  176  162  149  135  115  106   79   57                                   
    57.5-180.0 180.0   5.0 450.0                            LAT/LON1/LON2/DLON/H
   62   52   48   44   45   46   52   56   61   63   65   66   70   72   76   78
   80   78   78   74   74   72   74   74   75   74   72   68   63   59   56   58
   61   68   76   90  102  119  137  156  176  196  217  234  249  262  272  283
  287  290  288  283  278  275  275  274  273  267  260  253  245  236  223  206
  191  173  163  147  137  119  112   78   62                                   
    55.0-180.0 180.0   5.0 450.0                            LAT/LON1/LON2/DLON/H
   74   60   52   44   44   44   47   50   54   57   58   60   64   67   71   72
   74   71   70   66   65   64   65   66   67   67   64   61   57   54   51   53
   59   69   82   99  116  135  153  173  193  214  233  251  268  281  293  301
  306  306  304  299  293  292  288  288  284  279  270  266  259  248  234  217
  201  185  171  161  148  131  121   93   74                                   
    52.5-180.0 180.0   5.0 450.0                            LAT/LON1/LON2/DLON/H
   94   86   72   61   54   48   50   50   51   51   51   53   58   64   66   68
   67   64   62   58   58   56   59   60   62   61   59   54   51   46   46   48
   58   71   88  108  128  149  169  190  210  230  249  268  283  301  310  321
  321  324  320  318  314  311  310  307  306  295  287  277  272  260  247  229
  214  195  183  170  163  146  140  112   94                                   
    50.0-180.0 180.0   5.0 450.0                            LAT/LON1/LON2/DLON/H
  119  112   92   81   70   62   58   53   52   49   49   50   57   61   64   64
   65   61   60   55   56   55   58   59   62   62   60   56   51   48   47   51
   63   81  104  127  149  170  190  210  230  249  269  287  306  321  335  343
  344  345  341  339  335  332  329  326  322  313  304  296  289  281  266  250
  231  215  201  192  184  169  157  141  119                                   
    47.5-180.0 180.0   5.0 450.0                            LAT/LON1/LON2/DLON/H
  142  135  120  109   93   79   72   65   58   54   52   54   55   61   62   65
   62   63   60   59   59   60   62   65   66   66   63   59   54   50   51   56
   71   91  116  142  167  188  209  229  247  267  283  303  321  340  349  359
  359  363  359  357  353  348  343  337  332  322  314  300  295  284  273  254
  239  221  209  198  195  182  176  163  142                                   
    45.0-180.0 180.0   5.0 450.0                            LAT/LON1/LON2/DLON/H
  155  151  134  126  111   98   85   76   70   64   63   62   64   65   67   67
   67   67   67   67   69   70   72   74   76   75   72   67   63   58   58   65
   81  104  134  161  188  212  232  252  271  287  306  324  345  360  371  379
  380  381  377  371  365  355  348  339  333  322  313  303  295  287  274  261
  243  227  211  203  197  190  182  171  155                                   
    42.5-180.0 180.0   5.0 450.0                            LAT/LON1/LON2/DLON/H
  154  155  146  139  128  114  102   90   83   79   76   76   73   74   72   74
   73   76   76   81   82   84   86   86   87   85   81   75   68   65   65   74
   91  116  145  177  205  229  252  272  288  305  321  342  358  374  381  391
  393  394  388  381  371  357  344  333  323  313  301  291  284  274  264  250
  237  218  204  190  184  175  174  165  154                                   
    40.0-180.0 180.0   5.0 450.0                            LAT/LON1/LON2/DLON/H
  134  144  132  133  125  118  108   99   92   89   88   88   84   83   81   81
   81   85   88   92   95   97   98   99   98   94   90   81   75   70   70   76
   96  122  155  187  218  247  272  293  310  326  343  359  375  387  396  404
  406  405  399  389  375  358  342  328  316  304  291  282  274  265  254  242
  227  208  191  177  163  153  151  139  134                                   
    37.5-180.0 180.0   5.0 450.0                            LAT/LON1/LON2/DLON/H
  113  125  117  120  118  114  110  104  102   99  101   99   97   93   90   91
   91   96   99  104  107  108  109  107  105   99   94   85   77   72   71   78
   94  121  154  191  225  257  286  309  324  342  354  370  381  395  402  411
  414  414  409  398  383  363  343  329  317  305  291  280  271  260  249  235
  223  202  186  162  150  132  130  112  113                                   
    35.0-180.0 180.0   5.0 450.0                            LAT/LON1/LON2/DLON/H
   89   98   86   92   93   98   98  101  103  105  108  107  105  103  100   99
  100  104  107  112  115  116  114  112  109  101   97   86   78   69   70   72
   89  117  151  190  228  269  299  324  341  358  370  384  396  408  418  429
  433  437  434  428  413  396  374  360  344  332  317  306  294  279  266  251
  236  217  198  174  152  128  115   93   89                                   
    32.5-180.0 180.0   5.0 450.0                            LAT/LON1/LON2/DLON/H
   88   70   69   71   76   82   86   93  101  105  110  110  110  108  105  106
  106  110  112  116  118  116  116  112  110  103   97   86   78   70   67   70
   86  111  148  190  229  273  308  336  353  370  383  397  408  419  431  441
  455  461  468  465  458  444  427  416  403  387  372  352  336  315  300  286
  274  257  236  205  182  146  125   92   88                                   
    30.0-180.0 180.0   5.0 450.0                            LAT/LON1/LON2/DLON/H
  101   67   63   51   59   63   70   77   89   94  102  106  107  109  107  109
  111  113  115  117  117  115  114  111  110  101   97   84   79   68   69   69
   89  114  152  195  235  281  318  350  368  386  400  414  429  440  458  469
  485  500  510  518  514  512  501  503  492  487  468  452  429  404  375  364
  346  336  309  275  238  199  154  125  101                                   
    27.5-180.0 180.0   5.0 450.0                            LAT/LON1/LON2/DLON/H
  150  100   82   56   58   54   65   72   81   86   96   98  104  105  107  109
  111  113  113  113  114  112  113  111  111  102   97   87   81   73   73   79
  100  128  163  204  245  289  327  359  380  397  415  431  451  465  487  500
  522  544  568  581  593  597  604  606  598  587  577  559  540  513  494  485
  471  462  428  388  334  280  231  185  150                                   
    25.0-180.0 180.0   5.0 450.0                            LAT/LON1/LON2/DLON/H
  219  182  145   97   83   61   64   61   71   73   83   90   94  100  102  106
  110  111  111  112  111  112  114  114  114  104   99   91   86   79   83   87
  110  142  172  216  253  298  333  370  393  414  433  454  477  492  516  539
  569  604  641  665  679  683  685  689  685  676  662  653  634  618  596  592
  579  578  552  516  452  393  338  280  219                                   
    22.5-180.0 180.0   5.0 450.0                            LAT/LON1/LON2/DLON/H
  335  298  239  177  138  104   84   68   65   62   73   76   88   95  100  103
  107  108  109  108  110  112  117  118  119  110  103   96   91   87   86   96
  122  154  189  231  266  308  341  376  403  429  452  475  501  522  555  583
  621  669  712  733  745  755  762  768  768  758  747  740  727  711  691  684
  676  674  651  622  572  522  446  396  335                                   
    20.0-180.0 180.0   5.0 450.0                            LAT/LON1/LON2/DLON/H
  439  405  349  275  229  183  147  110  100   79   82   79   88   92   92   97
  106  105  108  108  112  115  123  125  124  114  106   98   94   86   89  106
  133  166  202  245  279  319  353  387  419  447  474  500  529  553  589  621
  682  726  765  781  798  806  815  820  823  817  813  812  806  794  776  768
  760  754  734  701  661  613  563  498  439                                   
    17.5-180.0 180.0   5.0 450.0                            LAT/LON1/LON2/DLON/H
  528  497  430  386  324  271  211  178  141  117  106  103  106  103  103  105
  108  109  110  110  116  120  128  130  129  118  105   94   85   88   97  117
  145  180  217  257  293  326  361  392  424  457  488  519  556  586  617  660
  713  764  790  803  815  821  826  829  834  834  835  844  845  838  822  810
  800  791  775  743  711  673  633  580  528                                   
    15.0-180.0 180.0   5.0 450.0                            LAT/LON1/LON2/DLON/H
  571  558  476  445  409  367  300  258  216  182  158  142  144  127  121  110
  112  109  115  112  121  127  135  134  133  116   99   92   86   92  105  126
  154  194  235  267  305  337  372  401  434  467  503  538  578  602  638  675
  732  767  788  791  798  799  801  801  808  810  823  838  849  846  836  817
  806  789  777  749  726  694  662  626  571                                   
    12.5-180.0 180.0   5.0 450.0                            LAT/LON1/LON2/DLON/H
  584  583  512  489  458  434  382  344  282  249  220  201  190  172  161  150
  139  134  130  127  132  131  137  127  123  105   94   90   91   96  107  131
  161  204  241  279  316  345  379  405  435  470  507  546  589  618  647  682
  724  753  766  766  765  763  761  760  762  770  783  803  816  817  807  792
  777  761  746  720  706  677  654  631  584                                   
    10.0-180.0 180.0   5.0 450.0                            LAT/LON1/LON2/DLON/H
  566  553  511  482  469  446  427  391  333  307  277  262  241  223  199  175
  164  145  145  133  136  131  123  128  121  113   98  101   95  102  114  132
  169  206  248  284  325  355  385  411  443  471  511  548  589  616  647  668
  706  723  732  730  727  727  725  723  730  736  752  768  779  779  768  754
  738  720  704  684  668  646  626  603  566                                   
     7.5-180.0 180.0   5.0 450.0                            LAT/LON1/LON2/DLON/H
  521  515  490  480  457  448  435  413  376  356  330  316  297  271  250  221
  201  183  174  161  143  130  128  123  125  113  104  104  100  105  116  138
