data/unet/pred3040.15i
     1.0            IONOSPHERE MAPS     GNSS                IONEX VERSION / TYPE
pyspatialgeodesy        IME             05-JAN-18 20:20     PGM / RUN BY / DATE 
Map Name                                                    COMMENT             
Predicted global ionosphere maps (GIM).                     DESCRIPTION         
  2015    10    31     0     0     0                        EPOCH OF FIRST MAP  
  2015    11     1     0     0     0                        EPOCH OF LAST MAP   
  7200                                                      INTERVAL            
    13                                                      # OF MAPS IN FILE   
  NONE                                                      MAPPING FUNCTION    
10.0                                                        ELEVATION CUTOFF    
One-way carrier phase leveled to code                       OBSERVABLES USED    
  6371.0                                                    BASE RADIUS         
 2                                                          MAP DIMENSION       
   450.0 450.0   0.0                                        HGT1 / HGT2 / DHGT  
    87.5 -87.5  -2.5                                        LAT1 / LAT2 / DLAT  
  -180.0 180.0   5.0                                        LON1 / LON2 / DLON  
    -1                                                      EXPONENT            
                                                            END OF HEADER       
[from data line 5148]
    13                                                      START OF TEC MAP    
  2015    11     1     0     0     0                        EPOCH OF CURRENT MAP
    87.5-180.0 180.0   5.0 450.0                            LAT/LON1/LON2/DLON/H
  137  111  107  103  102   99  102  101  104  103  105  104  106  105  108  106
  108  106  108  106  107  105  105  103  102  100  100   97   96   93   93   90
   90   87   88   85   87   84   86   82   85   82   85   82   86   83   86   84
   87   85   88   85   89   86   89   87   90   87   90   87   90   88   90   87
   90   89   92   93  100   98  102  125  137                                   
    85.0-180.0 180.0   5.0 450.0                            LAT/LON1/LON2/DLON/H
  117  102  109  108  108  102  107  103  109  105  110  106  111  107  112  108
  111  107  111  106  108  103  105   99  100   95   96   90   91   85   86   80
   82   77   80   75   78   73   77   72   76   71   76   72   77   74   79   76
   81   78   84   81   86   83   87   84   88   86   89   86   90   87   90   88
   92   89   94   92  100   92   92  108  117                                   
    82.5-180.0 180.0   5.0 450.0                            LAT/LON1/LON2/DLON/H
  119  113  117  120  116  114  115  116  117  117  119  119  120  120  121  119
  119  117  118  115  114  110  109  105  103   99   97   93   90   87   85   81
   80   76   77   74   74   71   74   71   73   70   74   72   76   74   79   78
   82   82   86   85   89   88   91   89   93   91   94   93   97   95   98   97
  101  101  104  104  108  103  103  112  119                                   
    80.0-180.0 180.0   5.0 450.0                            LAT/LON1/LON2/DLON/H
  125  125  127  130  125  126  125  128  127  129  129  131  129  131  130  130
  128  127  125  124  120  118  114  112  107  105  100   98   93   91   87   85
   81   80   78   77   75   75   75   75   75   75   76   77   78   78   81   82
   84   85   87   88   90   90   92   93   95   95   97   98  100  101  103  105
  108  110  113  116  118  116  114  122  125                                   
    77.5-180.0 180.0   5.0 450.0                            LAT/LON1/LON2/DLON/H
  137  135  139  141  137  137  137  138  138  138  138  138  137  136  134  133
  130  129  126  124  121  119  115  113  109  107  103  101   97   96   92   91
   86   85   82   81   78   78   76   76   75   75   75   75   75   75   76   78
   79   80   81   83   84   85   87   88   90   91   94   96   99  101  104  107
  110  114  118  122  127  125  125  129  137                                   
    75.0-180.0 180.0   5.0 450.0                            LAT/LON1/LON2/DLON/H
  142  145  149  152  147  148  146  148  145  146  143  142  138  135  132  129
  125  123  120  118  114  113  110  108  105  105  102  101   99   99   96   95
   92   91   88   86   83   82   79   78   77   76   76   76   75   74   75   74
   75   75   76   77   78   79   81   83   85   88   90   94   97  101  104  109
  113  118  124  130  134  135  136  138  142                                   
    72.5-180.0 180.0   5.0 450.0                            LAT/LON1/LON2/DLON/H
  151  154  158  159  155  155  153  153  150  149  144  142  134  129  122  117
  110  107  102  100   97   96   94   94   93   94   93   94   93   94   93   93
   91   91   88   86   82   81   77   77   74   73   72   72   69   68   66   66
   64   64   64   65   66   68   71   73   77   80   85   89   94   99  104  108
  114  120  127  134  142  146  147  151  151                                   
    70.0-180.0 180.0   5.0 450.0                            LAT/LON1/LON2/DLON/H
  155  159  167  167  162  159  158  156  154  150  145  138  130  119  111  100
   94   85   82   77   76   74   75   75   77   79   81   83   85   87   88   89
   89   88   86   84   80   78   75   73   71   69   68   65   63   59   58   54
   53   51   51   52   54   57   61   65   71   76   82   88   95  100  107  112
  118  124  133  141  151  155  160  163  155                                   
    67.5-180.0 180.0   5.0 450.0                            LAT/LON1/LON2/DLON/H
  165  167  176  175  168  165  164  163  160  157  150  141  129  116  103   90
   79   70   65   60   58   56   58   59   60   63   66   71   73   78   79   83
   81   82   78   77   72   71   67   66   63   62   59   58   54   52   48   44
   41   39   40   40   45   48   53   59   67   75   83   90   99  106  112  117
  123  130  139  148  158  163  167  173  165                                   
    65.0-180.0 180.0   5.0 450.0                            LAT/LON1/LON2/DLON/H
  169  175  183  182  175  172  171  170  169  165  159  148  135  119  104   87
   76   65   60   53   52   49   50   48   50   50   55   57   63   66   71   71
   74   71   69   64   63   58   57   54   55   52   53   50   49   45   42   36
   34   31   32   33   38   42   49   57   67   77   87   96  106  113  120  125
  132  138  147  154  164  169  175  181  169                                   
    62.5-180.0 180.0   5.0 450.0                            LAT/LON1/LON2/DLON/H
  180  182  189  187  178  175  174  175  176  174  169  160  146  129  111   95
   82   70   64   57   55   50   49   46   45   43   45   48   52   56   59   62
   61   60   57   54   51   49   46   46   45   47   47   47   46   44   41   35
   32   29   30   31   35   40   48   58   70   81   92  103  114  122  130  136
  142  148  156  162  171  175  180  190  180                                   
    60.0-180.0 180.0   5.0 450.0                            LAT/LON1/LON2/DLON/H
  187  191  197  191  182  177  176  178  181  181  177  169  156  140  122  106
   93   82   74   68   63   58   54   49   46   43   44   45   49   51   55   56
   57   53   52   48   47   43   43   41   44   45   49   49   51   48   45   39
   35   31   31   31   36   42   50   62   75   87   99  110  123  131  142  148
  156  161  169  174  180  184  190  199  187                                   
    57.5-180.0 180.0   5.0 450.0                            LAT/LON1/LON2/DLON/H
  208  206  210  203  191  185  182  183  186  187  184  178  167  153  138  123
  111  100   92   84   78   70   64   57   52   48   47   48   50   52   54   54
   53   51   49   48   45   45   43   45   47   51   55   58   59   58   53   48
   42   39   38   38   42   47   55   67   79   92  104  117  131  142  154  163
  171  177  184  189  195  198  201  213  208                                   
    55.0-180.0 180.0   5.0 450.0                            LAT/LON1/LON2/DLON/H
  230  230  232  222  206  198  192  191  191  192  188  183  174  163  151  139
  128  118  109  100   91   82   73   64   58   54   52   52   54   55   56   54
   54   52   52   50   51   50   52   52   57   60   67   70   72   70   66   60
   55   51   50   50   53   57   64   75   87   99  111  124  139  151  166  175
  186  193  203  208  213  216  220  231  230                                   
    52.5-180.0 180.0   5.0 450.0                            LAT/LON1/LON2/DLON/H
  263  258  262  250  233  222  212  207  204  200  194  188  180  172  162  154
  144  135  124  114  103   93   82   74   67   63   61   62   62   63   62   61
   59   58   58   59   60   63   62   66   69   74   78   83   84   83   79   74
   69   66   64   64   65   68   74   82   93  105  117  130  147  160  175  188
  200  210  220  227  236  238  239  253  263                                   
    50.0-180.0 180.0   5.0 450.0                            LAT/LON1/LON2/DLON/H
  292  298  298  286  267  255  240  230  222  213  203  194  185  179  171  164
  156  145  133  121  110   98   89   81   76   72   71   72   73   72   70   67
   66   65   68   70   74   76   78   79   84   86   92   95   98   96   92   87
   83   80   78   78   80   82   87   94  104  114  125  137  154  167  184  198
  214  227  240  249  258  261  265  274  292                                   
    47.5-180.0 180.0   5.0 450.0                            LAT/LON1/LON2/DLON/H
  318  325  327  318  302  290  276  263  250  234  218  205  194  187  178  173
  162  152  137  125  113  103   95   90   86   85   84   85   85   84   81   78
   75   76   78   83   86   91   91   93   94   97  101  105  106  105  102   99
   95   93   92   92   94   96  100  106  115  125  135  147  161  174  191  207
  224  240  253  264  276  279  281  291  318                                   
    45.0-180.0 180.0   5.0 450.0                            LAT/LON1/LON2/DLON/H
  331  349  349  344  332  324  309  298  281  262  239  221  207  198  188  179
  167  153  138  125  115  107  101   97   95   95   94   94   94   92   89   84
   83   83   88   92   99  101  104  103  105  105  111  113  116  114  111  108
  105  103  104  105  108  109  114  120  129  137  147  155  168  180  196  212
  230  248  261  274  286  292  297  306  331                                   
    42.5-180.0 180.0   5.0 450.0                            LAT/LON1/LON2/DLON/H
  335  347  353  355  350  348  338  328  312  291  266  244  226  214  199  188
  170  156  139  129  119  115  110  108  105  105  103  102  100   98   94   90
   88   89   93  100  105  109  110  110  110  111  116  119  121  120  118  115
  113  112  114  116  120  122  128  134  145  153  160  168  178  189  203  218
  235  249  262  274  289  295  299  312  335                                   
    40.0-180.0 180.0   5.0 450.0                            LAT/LON1/LON2/DLON/H
  327  342  350  355  358  361  354  348  334  318  292  271  251  234  216  199
  179  161  146  136  130  126  122  119  115  111  108  105  103  101   97   93
   91   92   97  102  109  112  115  113  115  116  122  124  127  125  124  120
  118  118  122  125  130  133  140  147  160  167  175  181  192  200  213  226
  239  251  262  274  287  294  302  314  327                                   
    37.5-180.0 180.0   5.0 450.0                            LAT/LON1/LON2/DLON/H
  318  327  337  346  352  360  360  358  349  335  314  295  274  257  235  214
  190  173  158  151  145  142  136  130  122  116  110  107  105  104  100   97
   95   96   99  105  109  114  115  116  117  120  125  128  130  129  127  124
  122  124  127  131  136  141  150  159  172  180  190  197  206  215  227  237
  246  254  263  274  286  293  300  315  318                                   
    35.0-180.0 180.0   5.0 450.0                            LAT/LON1/LON2/DLON/H
  315  323  331  337  344  354  357  361  354  346  329  315  297  279  256  230
  207  189  176  168  162  155  146  135  124  115  109  106  106  106  106  103
  102  102  105  108  114  116  119  119  123  126  132  134  135  133  130  126
  125  127  131  136  140  146  155  164  178  188  199  207  218  229  241  250
  258  265  273  282  292  299  314  325  315                                   
    32.5-180.0 180.0   5.0 450.0                            LAT/LON1/LON2/DLON/H
  330  335  340  339  341  348  353  357  354  348  338  327  313  296  270  247
  222  207  193  186  175  164  149  135  122  114  110  110  113  116  117  118
  115  115  115  117  117  119  120  122  126  130  135  136  136  133  129  125
  124  125  129  132  137  142  151  162  177  189  202  213  226  240  256  266
  275  281  291  299  309  317  334  348  330                                   
    30.0-180.0 180.0   5.0 450.0                            LAT/LON1/LON2/DLON/H
  370  374  369  358  354  354  353  355  351  349  341  336  324  309  284  259
  237  220  207  195  180  162  145  130  121  116  117  122  129  134  138  138
  136  133  132  130  128  126  126  126  130  132  136  136  135  130  125  121
  120  120  122  125  128  134  142  153  169  183  197  210  227  244  264  280
  293  305  317  327  338  351  380  385  370                                   
    27.5-180.0 180.0   5.0 450.0                            LAT/LON1/LON2/DLON/H
  433  431  424  404  388  375  368  362  356  350  345  339  331  316  292  269
  246  230  212  196  173  152  135  125  122  127  135  146  155  163  166  167
  162  158  152  146  138  134  130  129  129  129  131  130  128  123  118  113
  112  110  110  110  113  119  129  141  158  174  190  206  226  247  272  293
  314  330  346  360  375  394  427  430  433                                   
    25.0-180.0 180.0   5.0 450.0                            LAT/LON1/LON2/DLON/H
  510  515  500  471  449  427  403  386  368  356  346  342  333  321  298  276
  253  233  210  186  160  138  126  124  134  148  164  181  193  202  204  201
  195  185  174  163  152  143  138  132  130  126  126  122  120  113  109  103
  100   97   96   96   98  105  115  130  148  165  183  201  224  250  277  307
  335  358  381  400  419  444  487  492  510                                   
    22.5-180.0 180.0   5.0 450.0                            LAT/LON1/LON2/DLON/H
  592  596  575  550  528  499  465  433  400  376  360  351  342  329  307  285
  259  235  204  174  146  128  124  137  158  185  207  226  238  244  242  237
  225  211  193  177  161  152  142  136  129  122  118  114  111  104  100   93
   90   85   81   78   83   89  103  121  144  164  184  204  232  260  292  325
  358  385  414  435  460  495  532  548  592                                   
    20.0-180.0 180.0   5.0 450.0                            LAT/LON1/LON2/DLON/H
  658  668  649  622  605  576  542  502  455  418  387  371  356  343  321  299
  271  242  203  169  143  131  142  168  203  236  261  279  285  284  276  265
  249  227  205  184  169  157  148  139  130  119  114  107  105   96   92   82
   78   71   66   64   68   77   92  116  143  167  190  215  245  275  310  346
  381  414  444  470  500  540  575  595  658                                   
    17.5-180.0 180.0   5.0 450.0                            LAT/LON1/LON2/DLON/H
  685  706  694  677  665  642  612  574  526  475  432  404  382  364  343  320
  291  257  214  178  155  155  178  218  260  294  316  323  320  309  292  274
  254  230  205  186  169  161  151  143  130  118  110  105  100   95   87   80
   72   66   60   57   61   71   90  117  150  177  205  231  263  291  329  364
  402  436  469  495  528  565  595  612  685                                   
    15.0-180.0 180.0   5.0 450.0                            LAT/LON1/LON2/DLON/H
  692  717  715  703  703  687  668  633  590  538  487  450  420  399  375  352
  322  285  241  207  193  203  237  286  328  353  359  351  336  315  292  269
  246  221  198  181  169  161  155  146  135  121  113  106  105   95   88   77
   70   63   55   51   55   68   90  121  159  189  220  248  279  308  345  381
  419  453  482  509  536  568  599  610  692                                   
    12.5-180.0 180.0   5.0 450.0                            LAT/LON1/LON2/DLON/H
  668  694  699  699  706  702  692  668  632  587  540  501  469  444  420  395
  364  326  285  257  250  271  312  362  390  396  380  354  326  298  272  248
  225  205  186  175  164  162  157  153  139  128  117  113  107  100   89   81
   71   63   55   50   55   69   94  127  167  202  235  262  292  322  356  390
  425  457  483  506  530  552  578  585  668                                   
    10.0-180.0 180.0   5.0 450.0                            LAT/LON1/LON2/DLON/H
  636  655  665  674  695  696  696  679  656  617  581  547  520  497  476  451
  419  382  347  325  328  353  396  431  438  418  380  335  298  269  244  221
  204  187  176  168  164  163  164  158  148  135  126  118  113  101   90   81
   72   65   56   54   58   76  102  135  175  209  243  272  303  336  370  403
  435  464  486  504  523  535  557  557  636                                   
     7.5-180.0 180.0   5.0 450.0                            LAT/LON1/LON2/DLON/H
  587  602  611  632  660  673  677  670  655  630  603  580  561  542  525  503
  476  443  410  396  405  435  463  477  455  407  350  297  256  230  212  198
