data/unet/pred1350.15i
     1.0            IONOSPHERE MAPS     GNSS                IONEX VERSION / TYPE
pyspatialgeodesy        IME             05-JAN-18 20:20     PGM / RUN BY / DATE 
Map Name                                                    COMMENT             
Predicted global ionosphere maps (GIM).                     DESCRIPTION         
  2015     5    15     0     0     0                        EPOCH OF FIRST MAP  
  2015     5    16     0     0     0                        EPOCH OF LAST MAP   
  7200                                                      INTERVAL            
    13                                                      # OF MAPS IN FILE   
  NONE                                                      MAPPING FUNCTION    
10.0                                                        ELEVATION CUTOFF    
One-way carrier phase leveled to code                       OBSERVABLES USED    
  6371.0                                                    BASE RADIUS         
 2                                                          MAP DIMENSION       
   450.0 450.0   0.0                                        HGT1 / HGT2 / DHGT  
    87.5 -87.5  -2.5                                        LAT1 / LAT2 / DLAT  
  -180.0 180.0   5.0                                        LON1 / LON2 / DLON  
    -1                                                      EXPONENT            
                                                            END OF HEADER       
[from data line 1716]
     5                                                      START OF TEC MAP    
  2015     5    15     8     0     0                        EPOCH OF CURRENT MAP
    87.5-180.0 180.0   5.0 450.0                            LAT/LON1/LON2/DLON/H
  146  158  171  172  177  176  180  180  185  186  192  193  198  200  204  206
  208  210  212  212  213  212  213  211  212  210  210  208  208  206  206  204
  202  200  199  197  195  193  193  191  190  190  190  190  189  190  189  190
  188  190  187  189  184  187  182  184  180  182  177  180  175  177  172  174
  171  172  170  170  166  166  168  155  146                                   
    85.0-180.0 180.0   5.0 450.0                            LAT/LON1/LON2/DLON/H
  145  156  157  169  167  170  172  176  179  184  189  194  199  204  210  214
  217  221  224  225  226  227  228  227  227  225  226  223  223  219  220  215
  215  210  211  205  204  199  199  194  194  191  192  190  190  188  190  187
  188  186  187  184  184  182  182  179  179  176  175  172  171  168  166  164
  163  161  159  157  154  150  153  142  145                                   
    82.5-180.0 180.0   5.0 450.0                            LAT/LON1/LON2/DLON/H
  140  142  144  149  151  156  160  167  170  178  182  190  193  202  205  212
  213  219  220  224  223  225  223  224  221  221  219  218  217  215  214  210
  208  205  204  200  198  194  194  190  190  188  188  187  187  187  188  187
  187  186  186  185  183  182  179  177  174  171  167  164  160  155  152  148
  146  142  141  136  136  131  135  140  140                                   
    80.0-180.0 180.0   5.0 450.0                            LAT/LON1/LON2/DLON/H
  143  137  136  138  140  145  151  157  162  168  173  180  184  191  196  202
  204  209  210  212  211  212  209  209  205  205  202  202  200  199  198  195
  195  192  192  189  188  187  187  186  187  187  189  189  192  192  195  195
  197  197  198  197  197  195  194  191  189  184  182  176  174  167  163  156
  154  146  143  138  137  127  128  136  143                                   
    77.5-180.0 180.0   5.0 450.0                            LAT/LON1/LON2/DLON/H
  146  141  139  137  141  146  151  156  160  166  170  176  180  186  188  195
  195  200  199  201  198  197  193  191  187  185  182  181  179  179  179  179
  179  180  180  181  182  184  185  187  189  193  196  202  205  211  213  218
  218  222  222  225  222  224  220  222  217  216  210  209  202  199  190  185
  177  171  162  156  151  140  139  142  146                                   
    75.0-180.0 180.0   5.0 450.0                            LAT/LON1/LON2/DLON/H
  158  148  144  143  147  149  154  157  161  165  168  170  173  176  179  181
  184  185  186  184  182  179  175  170  165  162  158  158  157  160  161  165
  166  171  173  177  179  183  186  191  194  201  207  215  221  228  233  237
  240  243  244  246  245  246  244  244  242  241  238  236  232  227  221  216
  209  201  193  184  177  158  155  157  158                                   
    72.5-180.0 180.0   5.0 450.0                            LAT/LON1/LON2/DLON/H
  174  160  155  152  153  157  158  162  162  165  165  166  165  167  167  170
  171  173  173  172  168  163  157  150  144  138  136  135  137  141  147  154
  159  167  171  177  180  185  190  196  202  211  220  231  239  249  253  259
  260  265  264  266  263  265  261  263  259  261  256  258  253  252  246  244
  237  232  222  213  205  187  177  174  174                                   
    70.0-180.0 180.0   5.0 450.0                            LAT/LON1/LON2/DLON/H
  185  168  163  158  160  159  163  163  166  166  167  164  165  162  165  165
  168  167  170  166  164  156  151  141  135  129  126  126  130  136  145  153
  163  169  178  180  187  190  197  203  212  222  234  244  254  261  267  272
  274  275  275  275  272  272  269  270  267  268  266  267  266  264  261  259
  256  250  243  234  227  204  191  190  185                                   
    67.5-180.0 180.0   5.0 450.0                            LAT/LON1/LON2/DLON/H
  190  171  163  158  157  158  159  163  163  165  163  162  159  159  158  161
  161  165  166  166  161  157  148  140  131  124  121  122  126  135  145  158
  166  177  182  190  192  198  202  210  218  232  242  256  263  272  276  281
  280  283  277  278  271  272  265  267  263  266  262  266  264  266  262  263
  260  258  252  245  237  218  200  195  190                                   
    65.0-180.0 180.0   5.0 450.0                            LAT/LON1/LON2/DLON/H
  189  169  161  155  152  151  154  156  159  160  162  160  160  158  161  160
  166  166  171  169  169  161  155  143  137  127  128  124  134  139  154  162
  176  181  192  193  201  202  211  217  228  239  253  263  275  281  287  287
  286  282  278  272  267  262  259  256  255  254  255  256  258  258  258  258
  257  255  251  246  241  219  203  203  189                                   
    62.5-180.0 180.0   5.0 450.0                            LAT/LON1/LON2/DLON/H
  186  170  157  147  140  138  140  142  146  147  151  151  151  152  153  156
  159  165  168  170  168  165  157  149  139  134  131  133  137  147  157  170
  177  189  193  201  202  210  214  225  234  249  259  276  282  293  292  295
  287  285  275  271  262  259  252  251  246  248  245  248  247  248  247  249
  249  249  247  244  241  223  205  199  186                                   
    60.0-180.0 180.0   5.0 450.0                            LAT/LON1/LON2/DLON/H
  189  171  158  147  138  130  131  129  133  135  140  141  144  145  148  149
  155  158  164  164  166  160  156  146  141  134  135  134  143  147  161  167
  178  184  194  196  205  208  220  227  241  254  271  283  294  301  303  300
  293  286  278  269  263  257  252  248  246  244  244  244  244  243  244  244
  246  244  246  242  243  220  207  211  189                                   
    57.5-180.0 180.0   5.0 450.0                            LAT/LON1/LON2/DLON/H
  203  188  171  153  139  129  123  118  117  119  124  127  130  130  133  135
  138  143  147  150  148  146  140  135  130  129  129  133  138  147  153  165
  170  182  186  197  200  212  218  233  244  264  277  295  303  313  311  311
  299  295  282  279  269  267  260  259  254  253  250  251  249  248  246  246
  246  247  248  247  247  232  219  218  203                                   
    55.0-180.0 180.0   5.0 450.0                            LAT/LON1/LON2/DLON/H
  229  208  195  176  159  141  129  117  111  109  112  116  119  122  123  124
  126  128  130  130  129  124  121  117  116  118  122  127  134  141  148  157
  165  173  183  190  202  209  226  237  258  274  295  308  322  325  327  324
  316  311  302  297  290  287  281  278  273  271  269  268  267  265  264  262
  262  261  264  261  266  244  242  251  229                                   
    52.5-180.0 180.0   5.0 450.0                            LAT/LON1/LON2/DLON/H
  263  246  228  208  187  164  146  127  114  105  104  105  108  110  111  110
  110  111  110  110  107  105  101  101  101  109  115  124  130  137  143  152
  157  170  177  192  200  217  229  250  268  291  309  326  335  340  340  339
  331  329  320  320  312  314  306  307  299  299  294  295  293  293  290  287
  285  282  283  282  284  272  272  276  263                                   
    50.0-180.0 180.0   5.0 450.0                            LAT/LON1/LON2/DLON/H
  297  275  264  243  225  198  176  151  130  115  107  105  105  106  105  104
  102  100   98   95   93   88   86   86   89  100  108  119  126  134  141  149
  158  166  182  192  209  220  242  260  286  307  332  343  357  358  362  359
  355  354  349  347  343  342  337  336  329  328  326  326  326  323  322  315
  314  307  310  307  314  298  308  313  297                                   
    47.5-180.0 180.0   5.0 450.0                            LAT/LON1/LON2/DLON/H
  319  302  291  278  255  232  207  176  151  131  117  110  107  104  103  100
   98   95   92   88   83   79   75   77   82   93  106  117  127  133  140  147
  156  166  181  195  211  228  250  275  299  325  346  360  372  376  379  379
  375  375  367  369  360  361  354  354  346  347  344  346  346  346  343  340
  336  330  327  328  329  318  329  328  319                                   
    45.0-180.0 180.0   5.0 450.0                            LAT/LON1/LON2/DLON/H
  332  314  312  302  285  259  237  206  178  156  137  126  119  115  110  107
  102   99   94   89   82   77   74   74   82   96  110  122  134  140  150  155
  168  174  192  202  222  239  265  291  318  343  366  378  396  400  406  406
  401  402  395  393  385  381  373  369  362  362  361  363  362  364  360  357
  352  344  342  338  341  328  339  338  332                                   
    42.5-180.0 180.0   5.0 450.0                            LAT/LON1/LON2/DLON/H
  328  310  305  306  291  279  252  228  201  178  158  146  136  129  123  116
  113  108  103   96   90   83   80   81   87   99  114  127  138  148  156  165
  174  181  197  209  230  249  277  304  331  356  380  398  415  423  428  431
  426  426  414  413  398  393  379  374  365  366  363  367  366  369  367  367
  361  352  345  340  336  320  327  322  328                                   
    40.0-180.0 180.0   5.0 450.0                            LAT/LON1/LON2/DLON/H
  308  292  289  292  283  277  258  238  218  198  180  168  159  149  142  135
  130  123  117  108  100   94   90   90   98  108  122  135  148  157  167  175
  184  190  205  219  241  264  294  324  351  377  404  423  442  451  458  462
  458  456  446  439  424  412  397  388  379  377  372  372  371  373  372  374
  366  357  346  338  328  309  305  306  308                                   
    37.5-180.0 180.0   5.0 450.0                            LAT/LON1/LON2/DLON/H
  274  253  248  253  249  249  240  233  219  206  190  182  175  167  159  151
  148  139  133  122  114  106  103  105  110  120  130  144  157  169  178  186
  195  200  213  226  250  274  304  334  359  387  413  440  458  473  481  489
  487  488  477  472  455  442  423  412  401  394  386  385  380  386  383  389
  378  369  350  336  320  292  277  270  274                                   
    35.0-180.0 180.0   5.0 450.0                            LAT/LON1/LON2/DLON/H
  236  224  212  215  212  215  216  217  213  206  198  194  192  186  181  172
  168  160  153  140  130  122  118  120  126  134  143  157  167  181  189  198
  205  213  224  241  268  295  325  355  381  409  434  460  481  498  510  520
  523  527  523  520  507  494  476  462  446  440  428  427  420  425  422  427
  413  403  376  357  331  292  266  263  236                                   
    32.5-180.0 180.0   5.0 450.0                            LAT/LON1/LON2/DLON/H
  231  215  197  188  182  185  187  193  194  197  195  197  199  199  196  191
  184  176  167  156  144  137  133  137  143  152  161  171  180  188  197  204
  212  220  230  253  276  310  339  371  396  424  447  475  499  519  540  556
  569  580  585  590  582  575  558  546  533  522  514  509  502  508  502  508
  489  475  434  406  362  316  277  264  231                                   
    30.0-180.0 180.0   5.0 450.0                            LAT/LON1/LON2/DLON/H
  258  243  214  197  181  178  176  183  185  191  194  202  208  210  211  205
  200  189  182  170  161  152  150  154  160  169  178  186  193  200  207  213
  219  231  241  270  295  331  359  393  414  442  465  494  518  545  574  603
  627  645  659  665  673  668  666  650  640  618  604  591  582  581  574  575
  562  546  513  485  448  385  332  312  258                                   
    27.5-180.0 180.0   5.0 450.0                            LAT/LON1/LON2/DLON/H
  334  316  271  235  210  195  187  186  188  194  197  207  214  221  221  219
  211  200  190  180  172  167  167  172  177  185  192  198  202  209  214  221
  223  239  249  281  307  349  377  410  428  456  475  506  532  569  604  642
  669  696  720  736  754  760  761  751  736  717  698  685  669  664  649  647
  626  616  584  567  526  476  424  384  334                                   
    25.0-180.0 180.0   5.0 450.0                            LAT/LON1/LON2/DLON/H
  449  436  375  312  271  243  228  216  213  211  214  221  228  233  235  230
  224  211  202  192  185  182  183  187  191  198  203  208  208  219  219  230
  230  252  265  303  330  373  396  429  444  472  491  523  551  599  640  680
  715  751  785  811  838  849  857  848  836  814  800  783  770  759  745  732
  712  695  665  637  603  564  500  482  449                                   
    22.5-180.0 180.0   5.0 450.0                            LAT/LON1/LON2/DLON/H
  543  535  474  410  357  316  284  271  261  252  243  244  246  248  245  241
  235  222  213  203  199  196  198  203  207  210  211  210  211  217  221  230
  238  258  279  317  348  388  413  442  460  487  508  546  579  630  672  717
  757  795  833  865  894  911  922  915  907  886  873  858  847  835  822  803
  783  761  731  697  664  622  580  553  543                                   
    20.0-180.0 180.0   5.0 450.0                            LAT/LON1/LON2/DLON/H
  607  604  565  507  425  370  333  327  308  298  288  276  273  266  258  250
  245  232  224  215  212  210  214  215  217  219  214  215  208  213  212  232
  246  274  301  341  372  408  431  458  478  506  534  574  614  659  709  748
  787  825  864  896  924  937  947  942  934  918  903  895  886  877  866  849
  833  807  784  746  712  668  626  608  607                                   
    17.5-180.0 180.0   5.0 450.0                            LAT/LON1/LON2/DLON/H
  622  638  603  565  503  432  391  366  356  347  323  317  305  291  275  264
  253  242  233  222  220  219  226  224  225  217  207  199  192  194  204  233
  257  290  322  360  391  423  449  476  501  533  564  609  642  690  735  771
  805  837  867  894  912  921  926  923  917  905  898  897  895  890  878  862
  847  826  804  767  729  683  644  630  622                                   
    15.0-180.0 180.0   5.0 450.0                            LAT/LON1/LON2/DLON/H
  618  631  615  593  539  496  442  414  390  372  359  337  320  307  294  275
  264  250  241  232  230  232  232  232  223  211  194  185  180  186  213  242
  277  308  348  381  414  443  469  498  527  561  600  638  679  717  760  785
  815  834  855  872  882  887  890  886  881  870  869  870  876  871  865  847
  832  810  796  756  724  677  641  615  618                                   
    12.5-180.0 180.0   5.0 450.0                            LAT/LON1/LON2/DLON/H
  588  600  603  586  561  516  479  445  424  397  375  363  338  314  302  290
  273  258  247  235  233  232  234  230  215  200  180  174  171  183  207  247
  285  322  363  398  431  458  489  514  551  587  628  664  701  740  773  796
  814  821  833  835  840  841  841  839  836  833  829  838  843  845  837  821
  804  787  769  732  694  648  615  588  588                                   
    10.0-180.0 180.0   5.0 450.0                            LAT/LON1/LON2/DLON/H
  559  564  571  576  551  530  491  471  446  417  392  373  348  316  302  286
  280  264  250  236  227  222  221  214  201  187  172  165  167  175  207  247
  294  329  374  404  440  466  493  527  562  599  643  671  716  742  782  791
  809  808  813  813  814  817  821  820  818  814  813  813  821  818  811  791
  776  762  742  708  667  622  590  544  559                                   
     7.5-180.0 180.0   5.0 450.0                            LAT/LON1/LON2/DLON/H
  538  551  556  558  545  518  504  477  466  433  411  387  355  325  307  288
  277  261  246  228  220  211  206  197  187  176  162  153  155  167  199  244
