data/unet/pred1370.15i
     1.0            IONOSPHERE MAPS     GNSS                IONEX VERSION / TYPE
pyspatialgeodesy        IME             05-JAN-18 20:20     PGM / RUN BY / DATE 
Map Name                                                    COMMENT             
Predicted global ionosphere maps (GIM).                     DESCRIPTION         
  2015     5    17     0     0     0                        EPOCH OF FIRST MAP  
  2015     5    18     0     0     0                        EPOCH OF LAST MAP   
  7200                                                      INTERVAL            
    13                                                      # OF MAPS IN FILE   
  NONE                                                      MAPPING FUNCTION    
10.0                                                        ELEVATION CUTOFF    
One-way carrier phase leveled to code                       OBSERVABLES USED    
  6371.0                                                    BASE RADIUS         
 2                                                          MAP DIMENSION       
   450.0 450.0   0.0                                        HGT1 / HGT2 / DHGT  
    87.5 -87.5  -2.5                                        LAT1 / LAT2 / DLAT  
  -180.0 180.0   5.0                                        LON1 / LON2 / DLON  
    -1                                                      EXPONENT            
                                                            END OF HEADER       
[from data line 3861]
    10                                                      START OF TEC MAP    
  2015     5    17    18     0     0                        EPOCH OF CURRENT MAP
    87.5-180.0 180.0   5.0 450.0                            LAT/LON1/LON2/DLON/H
  259  239  244  246  247  247  247  248  249  249  250  251  252  252  252  252
  253  253  253  253  253  253  252  252  251  251  250  250  249  248  247  246
  244  243  242  240  239  237  236  235  234  232  233  231  232  230  232  231
  232  232  233  233  234  233  234  234  235  235  236  235  237  236  237  237
  240  240  241  237  236  231  232  224  259                                   
    85.0-180.0 180.0   5.0 450.0                            LAT/LON1/LON2/DLON/H
  236  225  229  231  231  232  236  236  240  241  245  245  249  249  253  252
  256  254  258  256  258  256  257  256  256  253  253  251  250  247  246  243
  242  238  238  234  233  230  230  227  227  224  225  223  224  223  224  224
  225  225  227  226  228  227  230  229  231  229  231  229  231  229  231  228
  231  228  232  226  226  217  225  223  236                                   
    82.5-180.0 180.0   5.0 450.0                            LAT/LON1/LON2/DLON/H
  231  211  214  214  216  219  221  225  228  231  235  238  243  246  251  253
  256  258  261  261  262  261  261  259  257  254  253  250  247  243  240  236
  233  228  226  222  220  217  216  214  213  212  213  213  213  214  215  217
  217  219  221  223  224  226  226  228  228  229  228  229  228  228  227  227
  226  226  225  220  218  208  208  214  231                                   
    80.0-180.0 180.0   5.0 450.0                            LAT/LON1/LON2/DLON/H
  225  208  200  203  202  205  207  210  214  219  224  229  235  240  247  250
  256  257  262  262  264  263  262  259  258  253  250  246  242  237  232  227
  222  218  214  211  207  204  202  201  200  201  201  203  204  206  208  211
  213  215  217  219  221  222  223  225  226  226  226  227  226  227  225  226
  224  225  221  220  212  208  199  201  225                                   
    77.5-180.0 180.0   5.0 450.0                            LAT/LON1/LON2/DLON/H
  218  200  195  195  194  198  199  204  207  213  219  225  232  238  247  251
  258  260  265  265  268  266  266  262  260  255  251  245  241  234  230  223
  218  212  208  204  200  197  195  195  194  196  197  200  201  205  207  211
  212  215  216  219  219  222  222  224  224  225  225  226  225  226  224  224
  222  222  219  215  211  204  201  204  218                                   
    75.0-180.0 180.0   5.0 450.0                            LAT/LON1/LON2/DLON/H
  223  205  195  196  195  195  198  199  205  209  217  222  231  237  246  250
  257  259  265  264  269  266  268  261  261  253  252  242  240  230  228  219
  217  208  206  198  197  192  193  190  194  192  197  197  202  202  208  207
  212  211  215  213  216  214  218  216  220  218  221  219  223  220  223  221
  222  221  222  218  214  211  204  207  223                                   
    72.5-180.0 180.0   5.0 450.0                            LAT/LON1/LON2/DLON/H
  230  213  207  207  203  206  205  208  210  216  222  229  236  243  249  255
  259  262  266  267  268  267  266  263  259  255  250  245  240  235  229  224
  218  213  207  203  199  197  195  196  196  199  200  203  204  208  209  211
  211  212  212  213  212  213  212  213  213  214  214  216  216  219  218  221
  220  223  221  221  219  215  216  221  230                                   
    70.0-180.0 180.0   5.0 450.0                            LAT/LON1/LON2/DLON/H
  245  230  222  223  220  219  220  218  222  223  231  234  243  246  253  256
  263  263  269  267  272  267  269  262  263  255  254  246  245  237  235  226
  224  216  214  207  206  201  203  200  203  201  206  204  208  206  209  206
  208  205  207  203  205  202  204  201  204  202  206  204  209  208  211  211
  215  218  221  223  223  225  223  231  245                                   
    67.5-180.0 180.0   5.0 450.0                            LAT/LON1/LON2/DLON/H
  257  242  239  240  237  237  236  235  235  237  242  246  251  256  261  265
  267  270  272  271  272  269  267  262  260  255  253  249  247  243  240  236
  231  227  221  218  214  212  210  210  209  211  210  211  210  210  208  207
  204  203  200  200  197  197  195  195  194  194  194  195  197  199  200  205
  205  212  214  219  222  226  232  241  257                                   
    65.0-180.0 180.0   5.0 450.0                            LAT/LON1/LON2/DLON/H
  266  255  251  256  255  254  254  251  253  250  255  254  263  263  270  271
  276  276  280  277  279  274  273  265  264  258  257  253  253  249  248  242
  240  234  233  226  225  219  220  216  218  215  216  213  212  208  206  201
  199  194  194  190  190  186  187  183  184  180  182  181  184  185  188  191
  194  201  205  213  216  225  230  240  266                                   
    62.5-180.0 180.0   5.0 450.0                            LAT/LON1/LON2/DLON/H
  264  257  259  265  264  266  263  263  261  261  262  264  266  270  273  276
  278  281  283  282  281  277  273  267  263  258  257  255  254  253  252  250
  246  244  240  236  232  230  227  226  224  224  222  219  214  210  204  200
  194  192  188  188  184  184  180  179  176  176  173  173  172  175  174  179
  180  189  192  200  205  214  225  236  264                                   
    60.0-180.0 180.0   5.0 450.0                            LAT/LON1/LON2/DLON/H
  255  257  258  267  270  273  273  271  272  269  272  269  273  271  276  277
  283  285  290  289  289  284  279  273  267  264  261  260  261  261  260  257
  256  251  250  244  244  238  239  235  236  232  232  226  222  213  208  199
  195  188  187  183  182  178  177  173  172  166  166  163  164  164  165  167
  170  176  181  188  194  204  215  222  255                                   
    57.5-180.0 180.0   5.0 450.0                            LAT/LON1/LON2/DLON/H
  237  247  252  263  267  272  271  272  268  269  267  268  267  269  270  274
  278  283  287  289  289  286  282  275  272  268  267  266  266  267  266  265
  262  259  256  253  251  248  248  246  246  245  242  238  231  223  213  205
  197  194  188  188  183  182  177  175  171  168  163  163  159  161  159  163
  162  170  171  179  184  190  203  207  237                                   
    55.0-180.0 180.0   5.0 450.0                            LAT/LON1/LON2/DLON/H
  224  240  247  258  265  270  272  272  271  269  269  266  267  265  268  270
  276  281  288  291  293  290  288  283  279  277  276  276  276  278  277  276
  274  269  268  262  263  259  261  258  261  257  258  249  245  234  226  214
  208  200  196  191  188  184  182  176  174  167  164  160  160  159  160  161
  163  168  171  176  180  185  196  197  224                                   
    52.5-180.0 180.0   5.0 450.0                            LAT/LON1/LON2/DLON/H
  214  229  240  251  262  267  269  271  268  269  265  265  260  262  261  267
  268  277  281  288  290  292  289  287  286  285  285  285  285  286  285  284
  281  279  276  273  273  271  273  273  274  275  271  266  257  247  236  227
  217  212  204  201  195  194  189  187  181  179  173  171  166  169  166  170
  169  173  175  178  182  181  194  193  214                                   
    50.0-180.0 180.0   5.0 450.0                            LAT/LON1/LON2/DLON/H
  217  231  242  254  267  272  276  276  277  273  273  267  265  262  263  264
  269  274  281  286  292  294  296  295  295  296  296  298  297  297  297  295
  295  290  291  286  290  287  292  288  294  289  289  278  272  257  249  235
  229  218  213  205  201  197  195  191  190  184  182  177  176  175  176  179
  180  184  185  189  192  193  202  200  217                                   
    47.5-180.0 180.0   5.0 450.0                            LAT/LON1/LON2/DLON/H
  223  237  248  258  271  278  283  281  283  281  279  275  269  267  264  268
  268  276  277  287  289  297  297  301  302  304  306  307  307  307  307  304
  304  300  302  301  307  306  311  309  311  308  302  291  279  267  254  244
  234  227  218  212  205  203  201  202  200  199  194  193  188  191  188  192
  191  193  196  196  202  197  212  210  223                                   
    45.0-180.0 180.0   5.0 450.0                            LAT/LON1/LON2/DLON/H
  237  250  262  274  286  291  297  296  299  296  297  289  286  278  278  275
  277  279  284  289  295  301  306  311  315  318  322  322  325  321  324  317
  322  315  324  320  331  325  333  327  332  322  318  300  289  270  261  247
  240  228  222  212  209  203  205  204  207  203  203  200  199  199  199  200
  201  203  206  211  215  216  225  227  237                                   
    42.5-180.0 180.0   5.0 450.0                            LAT/LON1/LON2/DLON/H
  252  268  276  286  296  304  309  308  311  311  312  307  301  296  292  291
  288  292  291  299  302  312  317  325  330  334  337  339  341  339  339  335
  338  336  344  344  353  349  353  348  348  338  327  310  294  278  266  255
  245  236  226  218  211  208  208  211  213  215  213  213  208  212  207  211
  209  211  216  218  226  224  238  241  252                                   
    40.0-180.0 180.0   5.0 450.0                            LAT/LON1/LON2/DLON/H
  268  283  292  304  312  320  325  327  330  331  333  329  326  317  315  309
  308  306  309  312  319  327  336  344  349  353  356  358  361  358  361  356
  362  359  370  367  377  372  378  370  368  354  342  321  307  286  277  262
  255  242  236  224  219  211  213  213  218  217  218  218  217  218  217  217
  219  219  225  228  235  238  246  252  268                                   
    37.5-180.0 180.0   5.0 450.0                            LAT/LON1/LON2/DLON/H
  280  296  302  311  320  329  333  336  340  343  347  346  343  340  335  333
  329  330  330  336  341  351  357  366  369  374  376  380  382  382  384  383
  386  388  393  397  403  403  402  394  383  369  353  334  319  302  290  278
  267  256  245  237  229  223  221  221  224  226  225  226  224  227  226  227
  225  226  230  232  238  240  256  260  280                                   
    35.0-180.0 180.0   5.0 450.0                            LAT/LON1/LON2/DLON/H
  286  301  309  320  329  339  343  348  351  356  361  363  364  364  364  361
  362  359  363  364  369  375  382  386  389  393  398  404  409  413  417  419
  423  426  434  437  446  443  441  429  415  397  380  360  344  326  314  294
  280  266  252  240  234  228  229  231  238  236  239  238  240  240  240  239
  240  236  241  238  244  247  259  264  286                                   
    32.5-180.0 180.0   5.0 450.0                            LAT/LON1/LON2/DLON/H
  286  300  308  318  331  339  347  351  360  368  375  379  384  386  391  392
  393  395  396  402  403  411  410  418  415  423  426  438  444  452  456  460
  469  479  491  495  500  492  483  465  446  427  407  390  368  351  327  317
  295  285  268  262  255  254  252  250  250  249  250  252  257  259  258  253
  253  249  248  238  242  243  262  268  286                                   
    30.0-180.0 180.0   5.0 450.0                            LAT/LON1/LON2/DLON/H
  284  295  304  318  329  342  351  361  371  384  392  398  405  412  420  425
  430  433  439  442  448  447  446  441  443  448  461  474  486  496  512  525
  543  554  562  561  556  544  524  504  480  461  442  417  394  370  349  329
  312  303  291  286  282  280  281  284  285  288  286  286  284  282  276  271
  267  264  265  258  254  252  260  268  284                                   
    27.5-180.0 180.0   5.0 450.0                            LAT/LON1/LON2/DLON/H
  282  286  294  300  320  333  352  365  383  398  411  420  429  439  450  458
  466  470  478  482  488  485  481  475  475  483  498  517  532  551  574  595
  612  619  619  611  598  571  545  514  491  471  453  430  401  381  352  343
  318  317  304  309  303  303  302  308  310  322  325  338  335  338  328  322
  306  293  282  265  262  253  264  276  282                                   
    25.0-180.0 180.0   5.0 450.0                            LAT/LON1/LON2/DLON/H
  289  283  295  305  320  337  356  375  395  414  428  442  455  468  481  489
  498  504  514  521  525  522  517  509  511  521  543  564  594  621  649  665
  670  666  664  655  641  606  563  529  497  474  450  430  411  390  365  350
  329  327  319  324  319  326  324  332  334  342  349  359  366  368  369  366
  360  353  331  304  281  260  259  275  289                                   
    22.5-180.0 180.0   5.0 450.0                            LAT/LON1/LON2/DLON/H
  296  288  300  307  322  340  364  383  407  426  447  462  482  497  514  523
  535  543  553  559  564  560  557  549  553  565  590  622  656  678  690  695
  694  692  686  673  654  612  562  515  474  447  422  406  387  378  355  351
  329  332  323  331  332  340  339  344  347  355  363  374  382  386  385  388
  385  382  367  345  316  285  263  275  296                                   
    20.0-180.0 180.0   5.0 450.0                            LAT/LON1/LON2/DLON/H
  295  285  306  316  330  344  366  390  417  440  460  484  504  527  545  555
  570  578  592  598  602  598  591  585  592  611  648  680  700  709  718  718
  717  712  701  686  657  621  558  510  467  435  407  390  376  369  351  346
  332  330  330  330  334  341  340  347  348  358  366  381  388  385  381  383
  384  381  368  347  316  294  272  263  295                                   
    17.5-180.0 180.0   5.0 450.0                            LAT/LON1/LON2/DLON/H
  294  296  309  331  342  352  375  398  430  453  479  503  525  550  566  581
  599  614  629  638  643  641  633  632  640  667  688  704  717  722  727  723
  717  709  699  680  650  604  548  494  447  410  382  367  350  342  327  324
  318  315  319  319  323  323  325  327  333  339  353  360  372  366  363  364
  366  367  356  339  307  285  269  260  294                                   
    15.0-180.0 180.0   5.0 450.0                            LAT/LON1/LON2/DLON/H
  281  287  314  330  351  356  378  404  437  462  488  518  538  567  584  604
  624  644  662  673  679  677  679  678  688  695  708  721  729  736  731  727
  711  703  691  675  639  598  545  490  441  400  373  352  334  323  316  312
  314  302  311  305  317  316  316  319  317  323  327  338  337  331  321  324
  325  331  324  309  280  257  252  241  281                                   
    12.5-180.0 180.0   5.0 450.0                            LAT/LON1/LON2/DLON/H
  263  275  299  329  346  358  379  408  441  466  496  525  547  576  597  621
  644  666  690  702  710  713  711  709  710  714  720  727  735  734  726  715
  700  691  682  666  634  595  552  497  450  405  374  347  325  311  306  304
  310  298  306  300  310  307  306  301  298  297  298  303  309  295  290  285
  292  294  291  279  250  236  225  225  263                                   
    10.0-180.0 180.0   5.0 450.0                            LAT/LON1/LON2/DLON/H
  240  251  285  312  340  351  382  413  450  474  501  532  556  587  611  634
  660  685  710  726  738  742  742  734  733  733  733  741  741  742  728  716
  698  688  679  665  638  604  568  518  470  423  390  361  339  321  319  316
  324  308  313  300  311  307  301  299  287  284  276  275  271  261  247  250
  250  255  247  234  213  201  199  201  240                                   
     7.5-180.0 180.0   5.0 450.0                            LAT/LON1/LON2/DLON/H
  217  237  264  296  328  352  383  419  460  481  506  533  555  588  613  640
  666  696  721  742  754  763  760  755  751  746  746  746  747  742  731  717
