data/unet/pred0890.15i
     1.0            IONOSPHERE MAPS     GNSS                IONEX VERSION / TYPE
pyspatialgeodesy        IME             05-JAN-18 20:20     PGM / RUN BY / DATE 
Map Name                                                    COMMENT             
Predicted global ionosphere maps (GIM).                     DESCRIPTION         
  2015     3    30     0     0     0                        EPOCH OF FIRST MAP  
  2015     3    31     0     0     0                        EPOCH OF LAST MAP   
  7200                                                      INTERVAL            
    13                                                      # OF MAPS IN FILE   
  NONE                                                      MAPPING FUNCTION    
10.0                                                        ELEVATION CUTOFF    
One-way carrier phase leveled to code                       OBSERVABLES USED    
  6371.0                                                    BASE RADIUS         
 2                                                          MAP DIMENSION       
   450.0 450.0   0.0                                        HGT1 / HGT2 / DHGT  
    87.5 -87.5  -2.5                                        LAT1 / LAT2 / DLAT  
  -180.0 180.0   5.0                                        LON1 / LON2 / DLON  
    -1                                                      EXPONENT            
                                                            END OF HEADER       
[from data line 4719]
    12                                                      START OF TEC MAP    
  2015     3    30    22     0     0                        EPOCH OF CURRENT MAP
    87.5-180.0 180.0   5.0 450.0                            LAT/LON1/LON2/DLON/H
  174  143  134  135  135  133  135  132  135  132  135  132  134  131  133  131
  132  130  130  129  129  128  127  127  126  126  126  125  125  124  124  123
  123  121  122  120  121  119  120  119  120  119  121  120  122  122  124  124
  126  126  129  129  132  132  135  135  138  138  140  139  141  140  141  140
  141  140  142  139  141  140  143  162  174                                   
    85.0-180.0 180.0   5.0 450.0                            LAT/LON1/LON2/DLON/H
  131  131  133  135  134  133  133  133  133  132  134  133  134  133  135  133
  135  133  134  133  134  132  132  131  131  130  130  129  127  126  124  123
  121  119  118  116  115  114  114  114  114  114  115  116  118  120  122  124
  126  128  130  133  135  139  139  142  142  146  144  147  146  148  146  147
  145  146  144  143  144  142  140  154  131                                   
    82.5-180.0 180.0   5.0 450.0                            LAT/LON1/LON2/DLON/H
  125  131  132  135  134  134  135  137  138  139  141  144  145  146  148  150
  149  150  150  151  149  150  148  149  146  146  144  143  140  137  135  132
  129  126  124  122  120  118  118  117  118  117  120  120  123  124  128  129
  133  134  138  140  143  145  147  149  151  152  153  154  154  154  153  153
  150  151  147  147  144  143  140  149  125                                   
    80.0-180.0 180.0   5.0 450.0                            LAT/LON1/LON2/DLON/H
  131  135  133  136  135  137  137  141  143  147  151  154  157  160  162  163
  164  163  162  162  160  159  158  157  156  154  153  151  149  146  142  138
  135  130  127  124  121  118  117  116  116  115  117  119  120  122  125  128
  131  134  138  140  143  145  148  150  153  154  156  158  158  159  157  158
  155  155  150  150  145  143  138  146  131                                   
    77.5-180.0 180.0   5.0 450.0                            LAT/LON1/LON2/DLON/H
  133  140  137  138  140  140  146  148  156  160  168  172  178  180  183  182
  182  179  177  174  172  170  169  168  168  167  166  164  163  158  156  150
  147  140  137  132  130  125  125  122  123  121  123  123  126  127  131  131
  135  136  139  140  143  143  146  146  150  150  153  154  156  156  158  156
  156  154  153  149  148  143  141  147  133                                   
    75.0-180.0 180.0   5.0 450.0                            LAT/LON1/LON2/DLON/H
  141  148  148  151  152  156  161  167  175  182  191  198  204  206  207  205
  200  196  190  186  181  179  176  176  175  174  173  171  169  165  162  158
  153  148  143  139  134  133  129  129  126  128  126  129  129  132  132  134
  134  135  135  135  135  135  135  136  138  139  142  144  147  148  150  151
  152  152  152  151  150  148  147  156  141                                   
    72.5-180.0 180.0   5.0 450.0                            LAT/LON1/LON2/DLON/H
  155  164  164  169  172  175  181  186  197  205  216  221  227  227  226  219
  214  206  200  192  188  183  181  179  179  178  177  174  172  168  165  159
  156  150  147  141  140  135  134  131  132  130  133  132  135  133  135  133
  133  131  130  127  126  123  123  122  123  125  127  130  134  137  141  143
  146  149  152  154  156  155  156  172  155                                   
    70.0-180.0 180.0   5.0 450.0                            LAT/LON1/LON2/DLON/H
  173  185  187  192  194  197  202  207  217  225  236  240  245  243  240  232
  224  214  207  200  193  188  185  184  183  180  177  173  169  163  159  154
  151  147  143  140  136  135  131  131  129  131  129  132  131  132  130  129
  125  123  118  115  111  109  107  106  107  109  112  116  121  125  130  134
  140  145  152  156  162  165  169  189  173                                   
    67.5-180.0 180.0   5.0 450.0                            LAT/LON1/LON2/DLON/H
  195  205  208  211  214  214  219  220  231  235  248  250  258  255  252  241
  232  218  211  202  199  192  190  186  184  179  174  168  163  156  151  146
  143  137  136  131  130  126  126  123  124  121  122  120  122  119  119  115
  113  107  104   98   96   91   90   88   89   91   95  100  107  113  120  126
  133  142  150  159  167  176  183  208  195                                   
    65.0-180.0 180.0   5.0 450.0                            LAT/LON1/LON2/DLON/H
  213  225  228  232  230  229  229  231  238  243  254  260  267  267  263  254
  242  230  221  214  209  202  197  193  187  179  172  163  156  147  142  136
  133  129  125  123  120  119  115  115  112  111  109  109  107  106  103  100
   96   92   87   84   80   78   75   76   76   79   82   88   96  103  112  120
  130  139  150  159  171  183  195  223  213                                   
    62.5-180.0 180.0   5.0 450.0                            LAT/LON1/LON2/DLON/H
  231  240  242  244  242  235  236  230  239  242  255  259  269  269  269  258
  251  239  232  222  220  211  209  201  193  182  173  161  154  144  141  133
  131  124  122  116  115  110  109  104  103   98   97   93   92   89   87   82
   80   75   75   71   71   68   69   68   71   73   78   84   92  101  110  121
  130  142  152  164  176  190  201  234  231                                   
    60.0-180.0 180.0   5.0 450.0                            LAT/LON1/LON2/DLON/H
  242  251  260  260  252  246  239  236  238  242  250  258  267  271  270  266
  260  254  247  241  236  229  221  214  203  190  177  165  157  148  144  138
  134  127  121  117  112  109  104  101   96   93   87   85   81   78   74   72
   68   67   65   66   66   67   67   69   71   75   79   87   95  105  116  124
  137  146  158  167  179  192  207  243  242                                   
    57.5-180.0 180.0   5.0 450.0                            LAT/LON1/LON2/DLON/H
  255  262  275  275  271  258  252  240  242  239  247  251  262  265  271  267
  269  262  262  255  254  245  238  225  214  199  190  176  171  162  160  153
  149  139  132  123  119  113  109  103   99   92   88   81   78   72   69   65
   64   63   64   64   68   70   73   75   79   83   88   96  105  116  126  138
  148  159  168  177  185  198  210  248  255                                   
    55.0-180.0 180.0   5.0 450.0                            LAT/LON1/LON2/DLON/H
  265  277  294  296  292  283  271  260  251  247  246  252  258  264  269  272
  273  272  271  269  266  261  252  241  226  214  202  193  187  182  178  170
  164  151  143  134  128  122  117  112  107  101   94   90   83   79   75   72
   70   70   71   73   76   80   84   87   91   95  100  108  118  129  142  153
  166  175  186  190  198  209  224  260  265                                   
    52.5-180.0 180.0   5.0 450.0                            LAT/LON1/LON2/DLON/H
  284  299  316  321  323  313  307  288  281  266  261  257  261  263  270  271
  277  275  277  272  273  266  262  251  244  231  224  215  215  208  207  197
  187  172  160  148  141  132  129  124  121  114  109  101   97   91   88   83
   82   81   84   85   90   93   98  101  105  108  114  121  133  146  161  174
  188  199  209  216  221  232  243  279  284                                   
    50.0-180.0 180.0   5.0 450.0                            LAT/LON1/LON2/DLON/H
  304  322  340  348  351  349  341  327  315  298  282  275  269  270  273  276
  279  278  277  273  271  268  263  261  256  252  247  244  243  236  232  219
  205  187  170  160  150  143  137  135  133  129  125  122  117  114  109  107
  103  102  102  104  107  110  115  117  120  122  128  136  149  162  180  195
  211  224  238  246  255  265  279  307  304                                   
    47.5-180.0 180.0   5.0 450.0                            LAT/LON1/LON2/DLON/H
  331  351  364  375  383  383  383  368  358  336  319  302  290  282  282  280
  283  277  277  268  270  265  269  268  273  273  277  275  276  268  257  239
  220  200  179  167  156  146  142  139  141  140  141  138  137  134  133  128
  127  123  124  123  126  128  132  133  136  137  141  149  163  179  198  216
  234  251  269  282  295  305  316  339  331                                   
    45.0-180.0 180.0   5.0 450.0                            LAT/LON1/LON2/DLON/H
  359  374  387  397  410  417  418  411  400  379  355  335  313  303  293  291
  287  282  277  269  268  269  273  281  287  294  297  300  297  285  269  244
  222  200  178  170  157  152  144  146  148  151  155  156  156  157  155  153
  149  147  145  144  145  146  149  149  151  150  155  163  178  194  215  233
  253  272  294  312  330  339  354  368  359                                   
    42.5-180.0 180.0   5.0 450.0                            LAT/LON1/LON2/DLON/H
  387  399  407  423  437  451  457  452  444  423  401  378  352  335  318  307
  300  289  285  274  279  279  290  297  307  313  317  315  309  291  268  240
  218  196  179  170  159  154  147  148  151  156  164  167  171  172  172  170
  168  163  162  159  160  160  163  164  164  165  169  179  193  210  230  248
  268  289  315  340  361  376  387  397  387                                   
    40.0-180.0 180.0   5.0 450.0                            LAT/LON1/LON2/DLON/H
  413  418  426  437  457  471  481  480  476  459  437  413  385  365  345  333
  318  310  302  296  298  303  311  320  324  329  328  322  310  287  261  230
  210  192  182  176  167  165  158  157  158  162  171  174  180  182  185  184
  182  179  176  174  174  175  178  178  179  178  183  192  209  226  246  260
  278  299  325  352  376  397  411  420  413                                   
    37.5-180.0 180.0   5.0 450.0                            LAT/LON1/LON2/DLON/H
  433  438  440  454  469  486  498  501  503  492  473  453  427  407  383  367
  349  337  331  326  333  336  344  345  345  341  336  325  310  283  257  229
  216  206  206  204  197  194  181  180  171  174  174  180  184  188  191  192
  190  187  184  184  184  188  190  193  191  191  192  203  218  235  253  265
  280  300  326  356  383  410  426  436  433                                   
    35.0-180.0 180.0   5.0 450.0                            LAT/LON1/LON2/DLON/H
  449  453  455  461  477  489  503  510  516  511  498  480  458  438  414  399
  381  374  370  370  378  382  383  377  367  357  347  334  321  294  275  254
  250  251  256  259  247  239  217  209  195  193  190  189  191  194  198  198
  195  192  191  191  194  201  203  205  201  197  199  208  226  243  263  272
  287  301  326  349  382  409  433  441  449                                   
    32.5-180.0 180.0   5.0 450.0                            LAT/LON1/LON2/DLON/H
  463  473  471  480  490  501  514  521  533  531  523  506  492  474  451  436
  416  411  408  412  423  422  421  408  394  379  365  356  347  332  321  310
  316  321  336  337  331  311  284  268  248  245  230  223  215  215  214  211
  205  200  197  195  198  202  206  208  205  201  204  216  235  255  275  287
  296  309  328  350  380  414  437  447  463                                   
    30.0-180.0 180.0   5.0 450.0                            LAT/LON1/LON2/DLON/H
  480  495  500  505  515  520  532  536  546  544  540  525  514  496  476  465
  447  446  445  450  458  453  447  428  414  398  390  389  392  389  393  398
  411  426  433  425  398  381  347  328  305  293  278  265  255  250  244  238
  226  217  210  205  205  205  204  203  194  191  189  205  223  253  275  295
  308  323  338  357  385  416  446  455  480                                   
    27.5-180.0 180.0   5.0 450.0                            LAT/LON1/LON2/DLON/H
  502  534  543  554  563  565  571  570  577  575  572  560  545  524  508  493
  479  475  472  476  478  470  462  446  438  431  435  445  460  470  488  504
  513  525  513  496  461  439  410  389  369  350  329  311  294  284  274  263
  247  236  222  216  210  208  208  200  195  187  191  197  220  251  281  303
  323  339  353  376  397  434  459  471  502                                   
    25.0-180.0 180.0   5.0 450.0                            LAT/LON1/LON2/DLON/H
  531  575  597  614  627  626  628  623  623  622  617  601  585  558  537  521
  506  504  495  496  496  484  477  465  468  472  488  512  540  565  589  608
  618  617  595  563  523  484  453  432  413  397  371  354  330  321  303  291
  269  250  231  220  211  210  204  202  189  186  180  195  214  250  280  314
  332  355  368  388  411  440  473  489  531                                   
    22.5-180.0 180.0   5.0 450.0                            LAT/LON1/LON2/DLON/H
  563  623  649  683  698  701  695  686  682  680  673  658  632  604  574  553
  536  527  515  509  502  492  487  486  501  518  548  582  618  648  669  676
  673  664  631  587  538  495  467  451  439  423  401  383  363  357  337  322
  290  273  244  234  215  210  199  196  185  180  183  186  213  241  288  318
  346  371  389  411  429  459  491  514  563                                   
    20.0-180.0 180.0   5.0 450.0                            LAT/LON1/LON2/DLON/H
  593  657  697  735  758  761  759  754  755  754  743  726  695  655  621  596
  573  566  545  533  518  508  511  520  547  573  611  650  683  704  706  708
  695  669  622  563  510  469  452  448  438  427  407  394  379  376  361  342
  313  287  264  244  227  212  200  189  178  173  169  183  200  240  279  327
  350  383  401  426  450  480  514  540  593                                   
    17.5-180.0 180.0   5.0 450.0                            LAT/LON1/LON2/DLON/H
  617  682  733  779  805  817  813  813  818  820  811  794  760  724  679  652
  626  610  587  563  542  533  540  560  594  628  658  692  705  703  691  674
  650  615  560  499  449  426  417  421  413  406  387  382  370  380  367  354
  324  298  274  249  233  217  200  191  175  170  164  179  204  238  288  327
  364  389  415  441  470  509  549  568  617                                   
    15.0-180.0 180.0   5.0 450.0                            LAT/LON1/LON2/DLON/H
  637  703  756  801  835  852  849  848  856  863  859  845  813  782  744  714
  684  667  634  613  588  580  592  613  650  679  700  708  690  666  629  593
  555  513  460  404  376  366  369  377  370  360  345  342  344  356  355  346
  321  298  271  254  230  220  198  195  175  174  167  185  204  250  290  335
  362  394  417  451  479  530  573  592  637                                   
    12.5-180.0 180.0   5.0 450.0                            LAT/LON1/LON2/DLON/H
  651  711  765  811  845  864  863  865  876  889  893  884  859  836  806  778
  751  725  697  668  647  642  655  678  706  720  714  690  641  586  530  480
  436  400  360  333  322  328  333  343  330  320  300  303  306  327  328  328
  307  289  265  249  225  216  194  188  172  175  171  191  213  250  295  327
  363  392  425  457  494  546  595  607  651                                   
    10.0-180.0 180.0   5.0 450.0                            LAT/LON1/LON2/DLON/H
  663  728  766  812  846  869  869  873  882  901  911  914  899  884  861  838
  812  789  758  731  712  708  722  739  751  744  709  653  574  490  420  362
  325  303  292  285  295  308  318  324  304  287  264  266  274  293  299  298
  285  273  252  238  214  205  183  180  167  178  176  197  213  250  286  324
  356  392  423  464  501  562  610  622  663                                   
     7.5-180.0 180.0   5.0 450.0                            LAT/LON1/LON2/DLON/H
  675  739  775  814  845  866  870  869  884  902  921  929  923  915  899  881
  860  841  817  796  779  774  782  788  780  751  684  603  498  405  335  289
