data/unet/pred1620.15i
     1.0            IONOSPHERE MAPS     GNSS                IONEX VERSION / TYPE
pyspatialgeodesy        IME             05-JAN-18 20:20     PGM / RUN BY / DATE 
Map Name                                                    COMMENT             
Predicted global ionosphere maps (GIM).                     DESCRIPTION         
  2015     6    11     0     0     0                        EPOCH OF FIRST MAP  
  2015     6    12     0     0     0                        EPOCH OF LAST MAP   
  7200                                                      INTERVAL            
    13                                                      # OF MAPS IN FILE   
  NONE                                                      MAPPING FUNCTION    
10.0                                                        ELEVATION CUTOFF    
One-way carrier phase leveled to code                       OBSERVABLES USED    
  6371.0                                                    BASE RADIUS         
 2                                                          MAP DIMENSION       
   450.0 450.0   0.0                                        HGT1 / HGT2 / DHGT  
    87.5 -87.5  -2.5                                        LAT1 / LAT2 / DLAT  
  -180.0 180.0   5.0                                        LON1 / LON2 / DLON  
    -1                                                      EXPONENT            
                                                            END OF HEADER       
     1                                                      START OF TEC MAP    
  2015     6    11     0     0     0                        EPOCH OF CURRENT MAP
    87.5-180.0 180.0   5.0 450.0                            LAT/LON1/LON2/DLON/H
  205  183  182  180  179  174  174  172  174  170  171  167  169  165  165  160
  161  157  157  153  154  151  150  147  149  145  145  141  143  139  139  135
  137  133  134  130  133  129  131  127  131  129  132  129  135  134  137  137
  142  142  146  145  150  150  153  152  157  156  159  157  162  160  163  162
  166  166  169  168  172  170  169  191  205                                   
    85.0-180.0 180.0   5.0 450.0                            LAT/LON1/LON2/DLON/H
  190  196  199  199  198  193  194  191  192  190  189  186  187  183  182  177
  178  174  172  167  168  164  162  158  158  154  152  148  149  144  143  138
  139  135  134  131  132  129  130  127  131  130  132  132  138  139  143  144
  150  152  155  156  161  162  164  164  168  168  171  170  174  174  176  175
  180  180  183  183  187  184  181  174  190                                   
    82.5-180.0 180.0   5.0 450.0                            LAT/LON1/LON2/DLON/H
  198  205  207  208  207  203  204  201  203  199  200  195  197  192  191  185
  186  180  178  173  174  169  166  161  160  155  152  146  146  140  139  134
  135  131  132  128  131  128  131  128  133  131  135  135  142  142  147  148
  155  156  161  160  167  166  170  169  174  173  176  175  179  178  181  180
  185  185  189  189  193  191  188  182  198                                   
    80.0-180.0 180.0   5.0 450.0                            LAT/LON1/LON2/DLON/H
  205  213  215  218  216  216  214  215  214  214  211  210  206  204  200  197
  194  191  187  185  182  179  175  172  168  164  158  154  151  146  143  140
  140  139  138  138  140  140  141  142  145  146  148  151  156  158  162  164
  169  170  173  174  177  178  179  180  182  182  183  184  186  187  187  189
  191  193  195  198  199  199  195  190  205                                   
    77.5-180.0 180.0   5.0 450.0                            LAT/LON1/LON2/DLON/H
  208  215  219  222  222  222  222  222  222  220  218  216  213  208  204  200
  198  193  191  187  186  182  180  176  173  167  162  156  152  148  145  143
  143  143  144  145  148  149  152  153  156  157  161  162  167  169  173  175
  179  180  182  183  185  185  186  186  187  187  188  188  189  189  190  190
  192  193  195  197  199  199  198  193  208                                   
    75.0-180.0 180.0   5.0 450.0                            LAT/LON1/LON2/DLON/H
  209  214  219  223  223  224  225  225  225  224  222  218  215  209  205  199
  196  191  189  186  185  183  182  178  175  170  165  158  155  150  148  145
  147  147  151  153  157  159  163  164  167  167  171  171  176  177  182  182
  186  187  189  189  191  191  191  191  191  190  190  189  189  188  188  187
  189  188  192  192  194  196  196  192  209                                   
    72.5-180.0 180.0   5.0 450.0                            LAT/LON1/LON2/DLON/H
  207  211  215  218  220  221  222  223  224  223  222  218  214  207  202  196
  191  187  185  183  182  181  180  178  175  169  164  158  153  149  146  145
  147  149  153  157  161  165  167  169  170  171  173  174  178  180  183  184
  188  189  191  192  194  194  194  193  192  190  190  188  187  185  184  182
  183  183  186  187  190  193  195  191  207                                   
    70.0-180.0 180.0   5.0 450.0                            LAT/LON1/LON2/DLON/H
  202  208  210  213  215  216  219  221  223  224  223  219  216  209  203  196
  191  186  184  182  183  182  183  180  177  171  166  159  155  150  148  147
  150  153  159  162  167  170  173  172  174  172  174  174  178  179  183  185
  189  191  194  195  197  197  197  196  196  193  192  189  188  184  184  180
  182  181  186  185  189  192  194  191  202                                   
    67.5-180.0 180.0   5.0 450.0                            LAT/LON1/LON2/DLON/H
  203  207  207  209  210  212  215  218  222  225  225  223  218  212  204  196
  190  186  183  182  182  183  183  181  177  171  165  159  154  150  148  148
  151  154  159  163  166  169  170  169  168  166  166  168  171  175  179  184
  188  191  195  196  199  199  200  199  199  196  195  192  190  186  185  182
  182  182  185  187  190  194  195  191  203                                   
    65.0-180.0 180.0   5.0 450.0                            LAT/LON1/LON2/DLON/H
  205  208  208  209  209  210  213  217  223  227  229  228  224  217  209  201
  194  189  186  185  185  185  185  182  179  173  167  160  156  152  152  150
  154  156  161  163  166  167  167  164  163  159  160  160  165  169  176  181
  187  191  195  198  201  202  203  202  203  201  200  197  196  191  190  185
  187  184  189  189  194  197  198  194  205                                   
    62.5-180.0 180.0   5.0 450.0                            LAT/LON1/LON2/DLON/H
  213  213  211  210  210  210  212  218  224  229  232  233  230  223  215  206
  199  193  188  187  187  186  186  184  182  176  171  164  160  157  156  155
  156  157  160  161  163  161  160  156  153  150  149  151  157  162  170  177
  184  189  194  197  201  203  205  206  207  206  206  204  202  197  195  191
  190  188  192  193  199  202  203  198  213                                   
    60.0-180.0 180.0   5.0 450.0                            LAT/LON1/LON2/DLON/H
  219  218  216  215  214  213  215  219  226  231  236  238  236  231  222  214
  206  200  195  192  191  190  190  188  186  182  177  173  170  167  166  164
  164  162  163  161  162  158  156  150  148  143  144  145  151  157  165  173
  182  188  194  198  203  205  209  211  214  213  215  212  211  205  203  197
  197  193  198  197  204  206  208  203  219                                   
    57.5-180.0 180.0   5.0 450.0                            LAT/LON1/LON2/DLON/H
  227  224  222  220  219  217  219  221  227  232  236  239  238  234  227  219
  212  206  201  198  197  196  196  194  193  190  188  185  184  181  178  175
  171  167  165  162  160  156  153  147  144  140  140  142  148  154  163  171
  180  187  194  199  205  209  214  217  221  222  223  221  219  213  209  203
  201  199  201  201  208  211  212  207  227                                   
    55.0-180.0 180.0   5.0 450.0                            LAT/LON1/LON2/DLON/H
  232  230  229  228  227  225  226  227  230  233  236  238  238  235  229  224
  218  214  209  207  206  205  204  203  201  200  199  199  199  197  194  188
  182  174  170  164  163  158  156  150  147  143  143  144  149  154  162  169
  178  185  193  198  207  211  219  223  229  230  232  229  227  220  217  209
  208  203  206  205  212  213  216  213  232                                   
    52.5-180.0 180.0   5.0 450.0                            LAT/LON1/LON2/DLON/H
  240  237  238  238  238  236  235  234  235  234  234  233  233  231  228  226
  224  221  219  218  217  216  215  213  212  212  211  212  213  212  208  200
  191  181  174  169  167  163  161  156  153  149  149  149  153  157  164  169
  177  183  193  200  210  216  225  231  237  239  240  237  233  226  221  214
  211  207  209  208  215  217  220  218  240                                   
    50.0-180.0 180.0   5.0 450.0                            LAT/LON1/LON2/DLON/H
  248  245  249  251  252  250  249  246  245  239  235  231  229  226  226  225
  226  227  227  228  227  228  226  225  223  222  222  223  224  223  219  210
  200  188  181  175  174  172  171  168  164  160  159  159  160  163  166  169
  175  181  192  200  212  219  231  237  246  247  248  244  239  231  227  218
  217  212  216  214  220  222  225  225  248                                   
    47.5-180.0 180.0   5.0 450.0                            LAT/LON1/LON2/DLON/H
  259  256  263  266  269  267  266  263  258  250  241  233  227  224  223  226
  229  232  235  237  239  239  239  238  236  234  233  233  233  230  225  216
  205  193  187  182  182  181  182  179  177  172  172  170  171  171  173  174
  178  184  194  204  217  226  239  247  255  255  256  250  245  235  231  223
  223  220  223  222  228  230  232  233  259                                   
    45.0-180.0 180.0   5.0 450.0                            LAT/LON1/LON2/DLON/H
  274  274  281  285  288  288  288  284  280  268  256  244  236  229  228  229
  234  239  244  249  251  253  253  252  248  247  243  242  239  235  230  220
  212  201  196  191  193  193  195  193  190  187  184  184  182  182  180  180
  182  187  197  207  222  233  248  256  263  263  263  257  252  243  239  233
  235  232  237  236  242  242  243  245  274                                   
    42.5-180.0 180.0   5.0 450.0                            LAT/LON1/LON2/DLON/H
  296  296  303  306  310  311  311  309  304  294  279  265  252  245  240  241
  244  250  256  262  266  267  268  265  262  258  254  250  245  240  235  227
  220  211  207  204  206  207  210  206  205  199  199  195  196  193  192  189
  191  194  205  214  230  240  255  262  271  269  271  265  262  254  251  247
  249  249  254  255  261  262  260  263  296                                   
    40.0-180.0 180.0   5.0 450.0                            LAT/LON1/LON2/DLON/H
  322  326  331  334  337  339  339  338  335  325  309  294  279  268  261  259
  260  266  271  278  282  285  285  283  278  274  269  264  257  252  247  240
  235  228  226  223  225  224  225  221  219  214  212  211  209  208  204  202
  202  205  213  223  237  249  264  272  281  280  282  277  276  268  269  265
  270  271  279  281  288  286  284  285  322                                   
    37.5-180.0 180.0   5.0 450.0                            LAT/LON1/LON2/DLON/H
  353  359  366  368  370  370  371  369  367  358  344  329  312  299  288  282
  282  285  290  297  303  305  305  301  296  291  286  281  274  270  266  262
  259  253  251  247  247  243  243  236  234  229  230  226  226  221  219  213
  214  214  222  229  242  252  267  276  287  288  292  289  289  285  286  284
  290  293  302  307  316  316  311  310  353                                   
    35.0-180.0 180.0   5.0 450.0                            LAT/LON1/LON2/DLON/H
  385  401  406  406  408  406  406  405  404  395  382  368  352  337  323  314
  310  312  315  323  327  330  326  322  317  313  308  304  298  296  295  292
  292  288  285  279  274  266  261  253  249  243  243  242  241  237  232  227
  225  224  228  234  245  254  267  278  291  295  300  299  301  299  302  302
  310  314  326  334  347  347  343  338  385                                   
    32.5-180.0 180.0   5.0 450.0                            LAT/LON1/LON2/DLON/H
  415  430  439  444  445  444  443  443  442  435  423  409  392  377  360  349
  341  340  341  348  351  352  347  341  335  333  328  327  323  323  322  321
  322  320  318  311  301  289  279  269  264  257  258  254  254  247  243  236
  233  229  230  232  240  248  260  269  283  291  298  300  305  306  311  313
  321  328  341  354  372  376  368  366  415                                   
    30.0-180.0 180.0   5.0 450.0                            LAT/LON1/LON2/DLON/H
  443  465  478  485  488  486  485  482  481  473  463  449  434  418  400  387
  376  371  370  373  375  373  367  361  357  357  353  353  350  351  351  349
  348  345  339  329  315  300  288  277  272  266  267  264  262  253  247  238
  233  226  224  224  230  236  248  259  275  284  293  298  306  310  318  322
  332  339  355  371  393  398  399  391  443                                   
    27.5-180.0 180.0   5.0 450.0                            LAT/LON1/LON2/DLON/H
  458  485  504  522  525  528  523  522  517  509  496  484  469  455  436  422
  406  400  393  395  392  391  380  377  373  374  372  374  370  370  367  361
  356  348  341  327  313  297  286  276  273  269  269  266  261  252  242  230
  222  213  209  206  210  217  231  245  263  276  286  293  301  307  317  322
  332  341  357  375  399  410  412  408  458                                   
    25.0-180.0 180.0   5.0 450.0                            LAT/LON1/LON2/DLON/H
  469  505  531  556  564  570  565  565  559  550  538  522  508  491  473  455
  438  426  417  413  410  404  396  392  388  390  389  391  384  380  370  361
  348  338  322  311  294  281  270  263  263  260  261  256  251  238  226  211
  202  192  188  184  189  198  214  232  254  269  281  290  299  307  317  324
  335  345  361  379  407  418  429  421  469                                   
    22.5-180.0 180.0   5.0 450.0                            LAT/LON1/LON2/DLON/H
  466  505  539  572  587  600  598  599  593  585  572  556  539  521  501  482
  462  448  434  429  420  416  403  399  392  393  389  388  376  365  351  333
  317  300  287  272  260  249  244  241  244  243  243  238  229  214  200  185
  178  170  168  166  174  183  201  221  245  262  274  285  297  305  316  324
  336  347  362  380  406  420  430  430  466                                   
    20.0-180.0 180.0   5.0 450.0                            LAT/LON1/LON2/DLON/H
  465  506  543  580  602  620  622  626  623  616  603  585  569  550  532  509
  490  472  457  445  434  424  413  405  396  390  379  368  349  333  311  294
  272  256  239  230  220  215  214  213  218  216  217  210  201  185  172  159
  152  146  146  147  158  172  191  214  241  260  274  285  298  310  323  334
  346  357  373  389  415  426  442  439  465                                   
    17.5-180.0 180.0   5.0 450.0                            LAT/LON1/LON2/DLON/H
  459  492  531  564  593  614  624  632  634  630  620  605  590  574  554  536
  514  496  475  459  443  429  414  404  388  374  352  330  308  287  265  242
  221  205  195  188  186  185  188  188  192  190  189  181  173  159  147  136
  131  125  127  130  147  162  185  210  241  261  277  290  305  318  334  347
  359  372  386  401  421  432  441  443  459                                   
    15.0-180.0 180.0   5.0 450.0                            LAT/LON1/LON2/DLON/H
  461  488  518  548  577  598  613  623  629  629  624  615  605  591  575  556
  538  517  495  471  450  429  412  396  373  344  313  284  259  237  217  196
  181  171  166  164  165  168  171  170  171  165  163  155  149  138  128  119
  116  110  113  118  135  155  179  207  240  262  279  296  313  330  348  363
  378  391  406  418  437  441  454  450  461                                   
    12.5-180.0 180.0   5.0 450.0                            LAT/LON1/LON2/DLON/H
  468  482  504  526  549  565  581  591  602  607  610  609  605  598  586  574
  556  539  511  485  457  431  407  385  349  311  273  241  219  199  182  167
  161  157  158  160  165  167  168  163  158  149  145  138  133  125  117  112
  108  105  107  112  130  149  175  202  237  260  280  301  324  345  364  382
  396  410  425  438  451  454  457  459  468                                   
    10.0-180.0 180.0   5.0 450.0                            LAT/LON1/LON2/DLON/H
  484  491  503  514  533  543  557  563  573  580  588  593  597  597  593  585
  573  557  531  499  463  429  397  364  322  276  238  208  192  176  167  161
  161  162  168  173  177  178  175  165  155  143  136  130  128  122  117  113
  111  108  111  114  131  148  174  199  235  257  282  305  333  356  381  399
  416  430  447  456  468  465  475  470  484                                   
     7.5-180.0 180.0   5.0 450.0                            LAT/LON1/LON2/DLON/H
  507  508  514  517  523  528  532  537  542  551  559  571  580  589  590  591
  582  570  542  509  465  426  384  341  293  247  213  190  179  173  173  175
