data/unet/pred3610.15i
     1.0            IONOSPHERE MAPS     GNSS                IONEX VERSION / TYPE
pyspatialgeodesy        IME             05-JAN-18 20:20     PGM / RUN BY / DATE 
Map Name                                                    COMMENT             
Predicted global ionosphere maps (GIM).                     DESCRIPTION         
  2015    12    27     0     0     0                        EPOCH OF FIRST MAP  
  2015    12    28     0     0     0                        EPOCH OF LAST MAP   
  7200                                                      INTERVAL            
    13                                                      # OF MAPS IN FILE   
  NONE                                                      MAPPING FUNCTION    
10.0                                                        ELEVATION CUTOFF    
One-way carrier phase leveled to code                       OBSERVABLES USED    
  6371.0                                                    BASE RADIUS         
 2                                                          MAP DIMENSION       
   450.0 450.0   0.0                                        HGT1 / HGT2 / DHGT  
    87.5 -87.5  -2.5                                        LAT1 / LAT2 / DLAT  
  -180.0 180.0   5.0                                        LON1 / LON2 / DLON  
    -1                                                      EXPONENT            
                                                            END OF HEADER       
[from data line 429]
     2                                                      START OF TEC MAP    
  2015    12    27     2     0     0                        EPOCH OF CURRENT MAP
    87.5-180.0 180.0   5.0 450.0                            LAT/LON1/LON2/DLON/H
   76   60   52   46   47   44   45   44   46   44   44   43   43   41   41   40
   40   38   38   36   36   35   35   33   33   32   33   31   31   31   31   31
   32   32   34   34   36   36   38   38   39   40   41   41   42   42   43   43
   45   44   46   45   48   46   48   46   49   47   49   47   50   48   50   47
   50   48   51   49   55   48   59   70   76                                   
    85.0-180.0 180.0   5.0 450.0                            LAT/LON1/LON2/DLON/H
   59   66   46   47   47   45   46   46   47   46   46   46   45   44   43   42
   41   39   38   35   34   31   30   28   26   25   24   23   22   22   23   23
   23   24   25   27   28   29   31   32   33   34   36   36   37   38   39   39
   41   40   42   42   43   43   43   43   44   44   45   45   46   46   47   46
   47   47   48   47   48   42   49   73   59                                   
    82.5-180.0 180.0   5.0 450.0                            LAT/LON1/LON2/DLON/H
   60   59   51   53   52   52   52   52   54   51   53   50   53   49   52   47
   49   43   44   38   38   32   33   27   27   22   24   21   22   19   22   20
   24   21   26   24   29   27   33   31   36   34   39   38   42   40   44   42
   44   43   45   44   45   44   45   45   46   45   46   46   47   47   49   49
   51   51   53   53   52   48   64   80   60                                   
    80.0-180.0 180.0   5.0 450.0                            LAT/LON1/LON2/DLON/H
   62   55   51   50   54   50   53   52   55   53   56   54   58   55   58   56
   56   52   51   46   43   38   35   30   27   23   22   20   20   18   20   20
   22   22   26   27   30   31   35   36   40   39   44   43   47   45   48   45
   48   44   47   43   45   41   44   40   44   40   44   42   47   45   50   48
   53   51   56   53   56   48   57   74   62                                   
    77.5-180.0 180.0   5.0 450.0                            LAT/LON1/LON2/DLON/H
   61   57   51   57   50   53   50   55   52   57   56   61   61   66   65   68
   65   66   60   59   51   49   41   39   31   31   26   28   23   27   25   30
   28   33   33   38   37   41   41   45   44   49   48   53   50   54   50   53
   48   49   44   45   40   41   37   39   36   39   38   43   42   47   47   52
   51   56   55   60   58   55   64   79   61                                   
    75.0-180.0 180.0   5.0 450.0                            LAT/LON1/LON2/DLON/H
   65   59   54   57   55   54   55   55   56   58   60   64   67   71   73   76
   75   75   71   67   60   56   49   44   38   36   33   33   32   34   36   38
   39   42   44   46   46   48   50   51   51   54   54   56   56   56   55   53
   50   47   44   41   38   35   33   32   32   34   35   39   41   46   49   53
   55   60   62   65   66   61   66   80   65                                   
    72.5-180.0 180.0   5.0 450.0                            LAT/LON1/LON2/DLON/H
   71   67   62   62   58   58   56   58   56   60   60   66   68   75   76   82
   80   81   76   73   64   60   52   48   41   40   37   40   38   43   43   48
   47   51   51   53   51   53   52   54   52   55   54   57   54   56   52   51
   45   44   38   36   30   30   26   28   27   31   33   39   41   48   51   58
   60   65   68   72   73   69   76   85   71                                   
    70.0-180.0 180.0   5.0 450.0                            LAT/LON1/LON2/DLON/H
   81   76   68   71   67   63   62   59   60   59   63   65   70   75   79   82
   83   81   77   72   65   59   53   48   44   42   42   44   46   50   52   55
   56   58   57   57   54   54   52   52   51   52   53   53   53   52   51   47
   44   39   36   31   29   25   26   26   30   32   38   42   49   53   61   65
   72   74   80   82   84   79   84   92   81                                   
    67.5-180.0 180.0   5.0 450.0                            LAT/LON1/LON2/DLON/H
   93   89   83   83   76   74   67   68   62   65   62   67   67   74   74   80
   77   79   72   69   61   56   49   47   42   44   43   49   48   56   55   61
   58   61   57   57   52   51   47   47   45   47   47   49   46   48   44   43
   37   35   30   29   24   25   24   29   31   38   42   50   55   63   68   75
   79   84   89   92   94   91   97   99   93                                   
    65.0-180.0 180.0   5.0 450.0                            LAT/LON1/LON2/DLON/H
  106  101   92   95   89   83   78   72   70   65   65   65   67   69   70   72
   73   70   67   62   56   50   46   42   42   42   45   48   52   56   58   60
   59   58   54   52   47   44   40   40   39   40   43   44   45   44   43   39
   37   32   30   27   27   28   31   35   42   47   55   61   70   74   83   86
   94   96  103  105  106  103  106  107  106                                   
    62.5-180.0 180.0   5.0 450.0                            LAT/LON1/LON2/DLON/H
  118  113  106  105   97   93   85   81   73   71   65   66   62   65   62   66
   62   63   56   54   46   43   38   38   36   40   41   49   48   55   52   56
   51   52   46   45   38   36   31   32   30   34   35   39   38   39   36   35
   30   29   25   27   26   31   34   42   47   56   62   71   78   85   91   96
  102  105  111  113  114  113  118  113  118                                   
    60.0-180.0 180.0   5.0 450.0                            LAT/LON1/LON2/DLON/H
  127  120  113  115  107  101   93   86   80   72   67   63   62   59   58   57
   56   53   50   46   42   36   34   32   35   35   40   42   47   47   48   46
   45   41   39   36   33   29   28   27   29   30   35   37   38   37   35   33
   31   28   28   29   32   36   44   51   60   67   77   85   93   99  105  109
  114  116  121  123  123  123  124  121  127                                   
    57.5-180.0 180.0   5.0 450.0                            LAT/LON1/LON2/DLON/H
  139  132  126  123  114  109   99   93   84   78   68   66   59   58   52   54
   49   49   43   41   34   32   28   30   30   34   35   40   39   41   37   37
   33   33   29   30   26   27   24   27   28   31   33   37   36   36   32   31
   28   28   27   31   34   42   49   58   66   76   86   95  104  110  116  118
  124  125  130  131  133  131  136  128  139                                   
    55.0-180.0 180.0   5.0 450.0                            LAT/LON1/LON2/DLON/H
  149  140  133  132  125  117  108   99   90   80   73   65   61   54   52   48
   48   44   41   36   33   28   27   26   29   31   35   36   39   35   35   31
   31   28   30   29   31   29   30   31   35   37   41   42   42   41   37   35
   34   32   34   37   44   51   60   68   78   87   97  106  114  121  126  128
  132  135  139  142  143  144  144  139  149                                   
    52.5-180.0 180.0   5.0 450.0                            LAT/LON1/LON2/DLON/H
  161  154  148  143  134  127  116  107   96   88   76   70   61   58   51   51
   45   45   39   38   32   31   27   28   30   33   35   37   37   36   32   30
   28   31   31   36   35   38   37   40   42   45   46   48   45   45   40   40
   36   38   37   44   49   58   66   75   85   93  103  112  122  128  133  134
  138  140  145  148  152  154  155  147  161                                   
    50.0-180.0 180.0   5.0 450.0                            LAT/LON1/LON2/DLON/H
  171  163  156  155  147  138  126  116  104   92   82   73   66   58   55   50
   49   44   43   38   37   33   33   31   35   35   39   39   42   37   37   33
   35   35   41   43   47   47   49   50   52   55   56   57   56   54   51   48
   48   46   49   52   61   67   77   85   95  104  112  122  130  137  141  144
  145  148  150  155  157  160  160  154  171                                   
    47.5-180.0 180.0   5.0 450.0                            LAT/LON1/LON2/DLON/H
  180  177  170  165  157  150  137  126  112  101   88   80   70   66   57   55
   49   48   43   44   40   41   38   39   41   43   45   46   46   45   41   41
   41   46   49   55   57   60   59   60   61   63   63   64   62   61   58   57
   54   56   55   62   67   77   86   94  104  111  122  130  139  144  150  150
  150  151  153  158  160  164  164  155  180                                   
    45.0-180.0 180.0   5.0 450.0                            LAT/LON1/LON2/DLON/H
  188  180  174  174  168  160  148  136  121  110   96   87   78   70   63   56
   53   48   48   46   48   46   48   45   49   48   52   52   54   52   51   49
   51   54   60   65   69   70   69   69   70   72   73   73   73   71   71   68
   68   66   69   72   81   89   98  107  114  124  131  142  148  154  156  156
  153  152  153  156  159  162  163  156  188                                   
    42.5-180.0 180.0   5.0 450.0                            LAT/LON1/LON2/DLON/H
  189  186  179  177  171  166  154  144  129  118  104   96   85   79   68   62
   55   53   51   53   53   57   55   55   54   56   56   58   58   59   56   56
   55   61   64   70   72   73   72   71   72   75   76   78   77   78   75   76
   73   74   73   79   85   97  105  113  122  129  138  147  155  159  162  158
  154  151  150  153  153  156  156  150  189                                   
    40.0-180.0 180.0   5.0 450.0                            LAT/LON1/LON2/DLON/H
  187  178  173  175  174  167  157  149  134  125  110  104   92   85   74   65
   60   55   57   59   64   65   66   63   63   60   62   61   63   62   61   58
   59   60   65   69   73   74   74   75   78   81   84   85   86   86   87   85
   85   83   85   88   97  107  116  125  133  141  147  158  163  168  167  164
  157  153  150  149  148  150  151  142  187                                   
    37.5-180.0 180.0   5.0 450.0                            LAT/LON1/LON2/DLON/H
  180  174  165  166  162  162  153  147  135  128  115  111  100   93   80   74
   66   65   65   70   73   77   74   73   67   66   62   63   63   62   59   57
   54   56   60   64   68   69   70   72   77   81   86   88   87   89   88   90
   88   88   88   93  102  113  123  132  140  147  155  163  170  172  174  169
  163  157  154  149  147  145  145  139  180                                   
    35.0-180.0 180.0   5.0 450.0                            LAT/LON1/LON2/DLON/H
  177  166  156  158  157  154  148  145  132  128  116  113  104   98   87   80
   74   72   74   78   83   85   84   79   74   69   66   64   64   61   58   53
   52   52   56   61   65   68   69   74   79   86   91   93   94   94   95   94
   94   93   95  100  111  122  134  142  151  158  165  173  178  181  183  180
  174  170  165  162  155  154  153  143  177                                   
    32.5-180.0 180.0   5.0 450.0                            LAT/LON1/LON2/DLON/H
  181  170  154  151  145  145  140  137  128  125  116  114  107  104   95   91
   84   83   84   88   90   93   88   84   75   70   65   63   61   58   55   51
   50   50   54   58   64   66   69   73   80   86   92   94   92   93   92   94
   94   96   99  107  119  132  143  152  161  170  176  182  187  189  195  193
  192  188  188  181  177  172  168  160  181                                   
    30.0-180.0 180.0   5.0 450.0                            LAT/LON1/LON2/DLON/H
  200  183  165  158  150  146  139  138  126  124  115  114  109  108  102   98
   94   92   92   93   94   94   90   85   79   74   69   67   65   63   59   57
   56   56   59   65   67   73   72   78   83   90   96   96   95   93   94   93
   96   97  103  113  128  143  155  166  176  185  193  200  204  208  214  215
  216  216  216  209  204  200  197  184  200                                   
    27.5-180.0 180.0   5.0 450.0                            LAT/LON1/LON2/DLON/H
  232  219  193  176  162  157  147  141  129  124  115  113  110  111  105  106
  100  100   96   95   92   92   87   86   80   79   76   74   73   71   71   68
   69   70   73   76   79   78   79   80   85   90   94   93   89   88   88   91
   93   98  106  118  134  151  165  179  190  202  211  219  225  230  240  245
  250  252  256  248  245  242  239  220  232                                   
    25.0-180.0 180.0   5.0 450.0                            LAT/LON1/LON2/DLON/H
  277  266  238  213  191  178  165  156  141  131  119  115  110  111  107  107
  103  100   94   89   86   84   84   84   87   87   88   88   86   86   85   87
   87   90   87   91   88   90   83   86   87   90   91   88   84   82   82   84
   89   96  108  123  141  161  177  195  212  226  239  248  254  259  271  279
  288  295  304  297  294  292  287  272  277                                   
    22.5-180.0 180.0   5.0 450.0                            LAT/LON1/LON2/DLON/H
  332  332  302  265  236  216  197  182  161  147  129  122  113  111  106  107
  101   98   88   82   75   76   78   85   91   99  102  104  105  103  106  106
  108  108  104  103  100   95   89   85   86   84   83   76   72   70   72   76
   84   94  110  127  150  171  190  212  236  253  265  274  280  288  305  314
  326  334  345  343  346  344  342  325  332                                   
    20.0-180.0 180.0   5.0 450.0                            LAT/LON1/LON2/DLON/H
  391  401  379  336  296  266  237  215  192  170  147  132  119  114  106  107
   99   93   83   74   70   72   81   92  106  116  122  124  125  126  125  128
  124  125  116  111  103   97   86   84   80   78   73   67   60   60   62   69
   77   93  111  133  156  179  200  226  255  278  296  303  312  323  338  350
  361  369  383  383  391  398  392  373  391                                   
    17.5-180.0 180.0   5.0 450.0                            LAT/LON1/LON2/DLON/H
  445  463  439  404  369  334  295  263  229  202  172  152  132  122  112  108
   99   92   80   73   70   76   89  106  121  134  141  143  146  142  144  140
  137  131  123  115  105   92   84   76   77   69   65   54   52   50   57   61
   75   90  115  138  166  188  212  239  272  301  322  334  343  352  366  378
  390  402  417  420  429  438  431  411  445                                   
    15.0-180.0 180.0   5.0 450.0                            LAT/LON1/LON2/DLON/H
  492  516  495  464  430  398  359  319  276  239  203  177  154  138  122  116
  104   98   87   83   85   95  111  128  144  154  158  160  159  157  153  150
  140  134  122  113   99   88   76   74   69   67   61   54   47   49   53   62
   74   96  121  151  176  200  223  252  286  318  346  360  369  375  388  398
  414  426  441  441  448  465  462  442  492                                   
    12.5-180.0 180.0   5.0 450.0                            LAT/LON1/LON2/DLON/H
  512  533  524  498  474  439  403  367  321  282  239  209  184  163  145  130
  120  111  106  105  112  124  142  157  169  173  175  172  171  163  157  149
  141  131  121  110   99   86   80   74   75   66   63   51   50   46   55   60
   78   98  129  159  187  210  233  262  300  332  361  376  386  392  403  409
  425  436  448  447  452  468  468  458  512                                   
    10.0-180.0 180.0   5.0 450.0                            LAT/LON1/LON2/DLON/H
  518  540  536  521  496  464  433  399  363  321  278  246  218  195  172  158
  146  139  138  142  151  162  177  187  193  192  187  181  173  164  156  147
  138  128  118  108   97   89   82   82   82   77   70   62   57   56   61   68
   84  106  136  168  194  218  239  268  305  339  366  381  392  397  406  413
  427  434  446  442  446  462  466  462  518                                   
     7.5-180.0 180.0   5.0 450.0                            LAT/LON1/LON2/DLON/H
  506  519  525  513  496  466  442  417  385  352  312  284  255  230  206  189
  179  174  178  185  197  209  219  221  219  208  196  185  173  163  154  145
