data/unet/pred3270.15i
     1.0            IONOSPHERE MAPS     GNSS                IONEX VERSION / TYPE
pyspatialgeodesy        IME             05-JAN-18 20:20     PGM / RUN BY / DATE 
Map Name                                                    COMMENT             
Predicted global ionosphere maps (GIM).                     DESCRIPTION         
  2015    11    23     0     0     0                        EPOCH OF FIRST MAP  
  2015    11    24     0     0     0                        EPOCH OF LAST MAP   
  7200                                                      INTERVAL            
    13                                                      # OF MAPS IN FILE   
  NONE                                                      MAPPING FUNCTION    
10.0                                                        ELEVATION CUTOFF    
One-way carrier phase leveled to code                       OBSERVABLES USED    
  6371.0                                                    BASE RADIUS         
 2                                                          MAP DIMENSION       
   450.0 450.0   0.0                                        HGT1 / HGT2 / DHGT  
    87.5 -87.5  -2.5                                        LAT1 / LAT2 / DLAT  
  -180.0 180.0   5.0                                        LON1 / LON2 / DLON  
    -1                                                      EXPONENT            
                                                            END OF HEADER       
[from data line 2145]
     6                                                      START OF TEC MAP    
  2015    11    23    10     0     0                        EPOCH OF CURRENT MAP
    87.5-180.0 180.0   5.0 450.0                            LAT/LON1/LON2/DLON/H
   35   59   47   49   48   47   49   48   49   48   49   48   48   47   47   45
   46   44   44   42   43   42   42   41   42   41   41   40   41   40   40   39
   40   39   40   39   40   39   40   39   40   40   41   39   40   39   39   38
   38   37   37   36   36   36   35   35   35   34   35   33   35   33   35   33
   36   35   38   37   39   37   40   39   35                                   
    85.0-180.0 180.0   5.0 450.0                            LAT/LON1/LON2/DLON/H
   57   67   73   71   74   70   74   71   74   71   72   69   70   67   68   65
   66   63   64   61   63   60   62   59   61   59   61   60   61   60   62   62
   63   63   65   65   66   66   67   66   66   65   65   63   63   60   60   57
   57   54   53   51   51   49   50   49   50   49   51   51   53   52   55   55
   58   58   61   60   61   62   66   56   57                                   
    82.5-180.0 180.0   5.0 450.0                            LAT/LON1/LON2/DLON/H
   54   72   72   73   72   69   72   71   72   68   68   66   65   61   60   57
   56   53   53   51   51   50   51   50   51   51   52   52   53   53   54   55
   57   58   59   61   63   63   64   64   65   63   63   61   60   57   55   52
   50   47   45   43   43   41   41   41   41   41   41   43   43   45   46   49
   50   53   55   56   57   59   62   47   54                                   
    80.0-180.0 180.0   5.0 450.0                            LAT/LON1/LON2/DLON/H
   52   62   62   63   62   62   62   63   61   59   56   55   50   47   44   43
   38   37   34   35   33   34   33   36   35   37   37   40   40   42   43   47
   49   52   55   58   61   63   65   67   67   68   66   66   63   62   57   56
   51   49   45   44   41   41   38   39   36   37   35   38   37   39   40   43
   43   45   47   47   48   48   56   47   52                                   
    77.5-180.0 180.0   5.0 450.0                            LAT/LON1/LON2/DLON/H
   48   54   53   54   54   53   56   54   54   49   48   44   41   35   32   28
   26   22   23   21   23   22   25   26   28   29   32   32   35   36   39   41
   45   49   55   60   65   69   73   77   78   79   79   78   75   73   69   67
   62   60   56   55   51   50   47   46   43   42   40   40   40   40   41   41
   42   43   44   45   44   45   48   32   48                                   
    75.0-180.0 180.0   5.0 450.0                            LAT/LON1/LON2/DLON/H
   46   46   46   50   47   51   50   51   48   46   41   39   31   28   21   19
   15   14   14   15   16   19   20   24   24   28   29   31   32   33   36   39
   43   49   56   63   69   77   82   88   90   92   92   92   89   87   83   80
   77   74   72   69   67   63   62   58   56   52   51   49   48   47   47   47
   46   46   45   45   45   44   45   31   46                                   
    72.5-180.0 180.0   5.0 450.0                            LAT/LON1/LON2/DLON/H
   43   44   42   45   45   45   48   46   46   41   39   32   29   21   18   13
   13   10   14   15   20   22   27   29   32   33   35   34   36   34   38   38
   45   48   59   66   77   84   94   99  105  107  109  107  106  103  100   98
   95   93   92   88   85   81   77   73   69   64   61   57   55   53   53   51
   51   49   50   47   46   43   44   24   43                                   
    70.0-180.0 180.0   5.0 450.0                            LAT/LON1/LON2/DLON/H
   40   38   39   42   41   45   45   48   44   42   36   34   25   22   15   15
   12   15   16   22   25   32   35   40   41   43   42   41   39   39   40   42
   47   54   62   73   82   95  103  115  118  124  124  127  124  124  120  120
  116  115  113  110  107  100   95   87   82   74   70   65   62   59   58   57
   55   55   53   54   49   48   45   27   40                                   
    67.5-180.0 180.0   5.0 450.0                            LAT/LON1/LON2/DLON/H
   39   41   39   40   41   42   46   46   46   42   39   33   29   23   21   17
   19   20   25   29   36   40   46   48   50   49   48   44   43   40   42   43
   50   56   68   78   91  103  116  124  131  135  138  139  139  138  138  134
  134  130  131  124  122  111  105   94   86   76   71   64   61   56   56   54
   54   53   55   53   51   48   48   25   39                                   
    65.0-180.0 180.0   5.0 450.0                            LAT/LON1/LON2/DLON/H
   40   39   38   39   37   42   43   47   44   44   38   38   30   29   24   26
   24   30   32   40   43   49   52   55   54   54   51   49   46   45   46   49
   55   64   74   88  100  115  124  135  139  147  147  151  147  149  144  144
  141  141  138  134  127  117  107   96   85   75   69   62   58   54   53   52
   51   53   53   56   53   53   51   32   40                                   
    62.5-180.0 180.0   5.0 450.0                            LAT/LON1/LON2/DLON/H
   40   45   40   39   39   39   43   44   45   43   40   38   34   32   31   31
   34   35   40   42   47   49   53   53   53   50   49   45   45   44   48   52
   62   70   82   95  109  121  133  139  146  151  154  154  153  150  149  147
  146  144  143  136  129  115  103   90   80   67   62   53   51   44   44   41
   43   43   48   50   52   52   53   32   40                                   
    60.0-180.0 180.0   5.0 450.0                            LAT/LON1/LON2/DLON/H
   43   44   40   37   34   36   37   41   40   41   36   38   33   36   33   38
   36   41   41   45   45   47   47   48   46   45   43   44   43   48   51   62
   70   83   93  109  119  132  139  148  153  159  158  160  154  155  149  150
  146  147  143  138  127  115  100   88   77   66   60   51   48   41   39   36
   36   39   42   50   50   55   53   37   43                                   
    57.5-180.0 180.0   5.0 450.0                            LAT/LON1/LON2/DLON/H
   46   48   41   37   33   32   33   35   35   36   34   35   33   36   36   38
   40   40   41   39   39   37   38   36   36   34   35   36   40   46   56   68
   80   93  106  118  129  137  145  151  157  161  162  160  159  156  155  152
  151  150  148  139  129  114  101   87   77   67   61   54   50   43   39   35
   33   34   38   43   49   53   56   38   46                                   
    55.0-180.0 180.0   5.0 450.0                            LAT/LON1/LON2/DLON/H
   52   50   44   37   31   30   30   32   31   33   30   33   31   36   35   41
   39   42   37   38   31   32   28   29   27   29   29   36   40   53   63   81
   92  111  121  135  140  149  154  165  165  171  167  171  164  167  160  163
  156  160  151  147  130  119  103   93   82   75   70   65   60   54   48   41
   36   37   39   47   51   58   59   47   52                                   
    52.5-180.0 180.0   5.0 450.0                            LAT/LON1/LON2/DLON/H
   56   58   48   42   34   32   29   31   29   30   29   31   30   33   35   39
   39   39   36   32   29   25   25   24   25   26   29   35   42   56   71   87
  105  122  134  143  150  156  164  170  174  175  177  175  176  174  174  171
  172  168  164  153  142  127  114  103   94   87   83   80   75   69   61   54
   47   45   46   50   55   60   64   49   56                                   
    50.0-180.0 180.0   5.0 450.0                            LAT/LON1/LON2/DLON/H
   65   63   56   49   42   38   35   36   33   34   32   34   31   36   35   42
   39   42   36   35   29   30   27   30   28   33   34   44   51   67   80  103
  118  138  146  158  161  171  175  184  184  189  185  190  185  190  184  189
  183  185  174  168  151  140  124  116  106  103   98   97   92   88   80   72
   63   60   57   62   62   67   68   58   65                                   
    47.5-180.0 180.0   5.0 450.0                            LAT/LON1/LON2/DLON/H
   72   73   64   60   51   49   44   44   40   40   38   37   36   37   39   41
   42   41   40   38   37   37   38   38   39   42   45   53   59   74   88  109
  127  144  153  160  169  176  184  189  194  195  196  196  199  198  201  200
  199  194  189  175  163  149  137  126  118  113  110  107  104  100   92   85
   77   73   71   70   69   72   74   61   72                                   
    45.0-180.0 180.0   5.0 450.0                            LAT/LON1/LON2/DLON/H
   79   78   75   72   67   63   60   58   54   54   50   51   46   48   45   50
   47   50   48   51   48   53   52   56   54   59   60   69   74   88  100  123
  136  154  161  173  181  189  196  203  206  207  206  209  206  212  209  214
  207  205  193  185  166  157  140  133  121  118  111  111  106  106   99   95
   86   84   79   80   76   77   79   70   79                                   
    42.5-180.0 180.0   5.0 450.0                            LAT/LON1/LON2/DLON/H
   81   85   80   82   78   77   71   71   67   66   63   61   58   55   54   54
   56   55   58   59   62   64   66   67   68   71   73   79   84   95  107  124
  138  152  164  175  188  197  207  211  217  213  215  212  216  216  220  218
  215  206  198  184  172  157  143  130  120  110  105  101   99   98   96   94
   89   86   85   82   78   77   81   69   81                                   
    40.0-180.0 180.0   5.0 450.0                            LAT/LON1/LON2/DLON/H
   81   82   86   86   87   85   83   82   79   80   77   76   71   69   64   66
   65   69   70   75   75   80   80   82   80   84   86   93   98  108  117  132
  143  157  171  186  200  212  223  226  229  225  221  220  220  224  225  226
  221  215  205  194  179  165  147  134  119  109   98   94   89   90   88   90
   85   87   82   83   77   78   79   68   81                                   
    37.5-180.0 180.0   5.0 450.0                            LAT/LON1/LON2/DLON/H
   74   79   79   84   84   86   83   84   82   86   85   85   82   77   74   71
   73   74   78   81   84   88   87   87   85   88   92   99  106  116  123  133
  144  160  177  197  214  228  241  243  245  238  233  227  228  228  232  230
  230  223  217  204  195  177  165  145  133  115  105   93   88   83   83   83
   81   82   82   78   73   72   75   60   74                                   
    35.0-180.0 180.0   5.0 450.0                            LAT/LON1/LON2/DLON/H
   68   67   71   72   77   78   80   81   83   87   91   92   91   88   84   83
   82   87   88   94   93   96   92   90   87   92   98  110  119  130  136  145
  156  173  194  218  238  254  263  267  265  257  248  243  241  244  246  248
  247  247  240  233  220  208  191  174  156  139  123  109   97   91   85   85
   80   82   78   78   70   70   70   53   68                                   
    32.5-180.0 180.0   5.0 450.0                            LAT/LON1/LON2/DLON/H
   57   58   55   59   60   64   65   69   72   81   86   92   93   92   89   88
   88   90   93   97   96   95   88   83   81   86   98  114  127  139  146  157
  168  187  209  237  259  275  286  291  290  282  274  267  266  267  273  273
  278  277  277  269  263  249  237  221  205  185  170  149  136  122  112  102
   95   91   87   81   75   70   70   51   57                                   
    30.0-180.0 180.0   5.0 450.0                            LAT/LON1/LON2/DLON/H
   54   47   44   44   49   50   54   55   62   70   81   88   94   94   94   94
   95   98   99  102   98   94   86   80   80   87  104  123  143  157  167  177
  191  208  235  260  282  297  309  315  313  310  301  301  298  304  309  316
  321  328  327  330  323  319  307  295  278  256  234  210  190  173  156  144
  127  119  106  100   87   83   75   51   54                                   
    27.5-180.0 180.0   5.0 450.0                            LAT/LON1/LON2/DLON/H
   55   49   37   36   35   37   40   42   48   59   69   81   86   90   92   93
   94   98   98   99   93   86   78   73   76   87  108  129  153  169  182  194
  208  228  254  281  301  316  329  336  339  338  337  337  341  345  357  363
  377  384  397  399  406  401  399  385  371  343  319  286  263  237  218  199
  181  161  146  130  113  104   93   60   55                                   
    25.0-180.0 180.0   5.0 450.0                            LAT/LON1/LON2/DLON/H
   61   52   40   31   33   33   38   37   43   49   62   71   82   85   90   92
   95   97   97   96   91   83   77   73   81   94  118  141  168  186  201  216
  235  257  284  303  321  334  346  357  362  371  370  378  380  393  405  419
  435  452  466  479  487  491  490  481  468  439  410  371  340  306  278  254
  231  212  191  173  152  136  119   84   61                                   
    22.5-180.0 180.0   5.0 450.0                            LAT/LON1/LON2/DLON/H
   78   65   50   37   35   32   34   35   38   44   53   63   71   78   81   86
   89   92   90   89   82   76   73   74   85   99  124  147  176  194  215  233
  260  282  307  328  341  354  366  379  390  400  409  417  427  437  455  471
  496  515  539  553  571  574  580  569  559  522  489  447  413  375  344  308
  284  260  238  214  193  170  150  113   78                                   
    20.0-180.0 180.0   5.0 450.0                            LAT/LON1/LON2/DLON/H
  100   86   67   45   42   42   46   37   42   44   54   57   67   70   76   80
   86   88   89   85   83   77   80   82   95  109  135  157  184  204  233  256
  287  309  331  347  359  371  383  400  413  429  444  457  472  490  508  527
  544  573  591  612  616  622  618  615  601  582  556  512  475  432  398  361
  333  307  285  262  235  209  185  150  100                                   
    17.5-180.0 180.0   5.0 450.0                            LAT/LON1/LON2/DLON/H
  134  129  101   77   57   53   60   53   50   50   53   56   61   66   70   75
   78   83   83   82   78   78   80   86  101  118  142  164  193  216  247  271
  303  316  343  357  371  385  402  423  439  459  475  495  514  524  539  552
  575  600  623  628  631  630  629  623  613  590  572  548  518  471  431  394
  367  340  324  304  280  251  222  188  134                                   
    15.0-180.0 180.0   5.0 450.0                            LAT/LON1/LON2/DLON/H
  177  174  145  120   97   85   89   76   70   63   64   61   67   68   71   72
   75   77   79   78   78   76   82   89  107  126  152  179  205  232  264  287
  312  330  352  371  385  402  422  447  467  487  508  530  544  556  563  584
  597  619  625  628  619  618  607  607  597  581  561  539  515  475  438  405
  381  358  342  325  310  289  257  230  177                                   
    12.5-180.0 180.0   5.0 450.0                            LAT/LON1/LON2/DLON/H
  204  204  181  164  135  119  113  102   88   77   72   69   71   70   72   73
   74   76   77   77   76   75   80   89  111  131  163  193  225  248  274  293
  321  337  365  381  399  420  441  470  486  509  523  539  552  562  574  588
  603  611  606  599  589  582  575  570  562  546  523  498  475  444  417  389
  370  352  342  329  316  303  280  250  204                                   
    10.0-180.0 180.0   5.0 450.0                            LAT/LON1/LON2/DLON/H
  223  213  200  187  166  148  138  119  108   92   86   79   79   76   77   75
   77   76   79   75   75   71   79   89  114  142  178  213  240  259  282  300
  325  347  369  392  406  430  452  476  498  514  534  548  558  571  577  594
  600  602  590  577  561  552  545  537  525  505  481  454  433  404  385  360
  348  333  328  320  314  305  285  266  223                                   
     7.5-180.0 180.0   5.0 450.0                            LAT/LON1/LON2/DLON/H
  227  209  197  189  171  164  149  129  114  101   93   89   85   83   84   82
   82   79   80   76   74   70   79   91  122  153  197  224  250  266  284  302
