data/unet/pred3530.15i
     1.0            IONOSPHERE MAPS     GNSS                IONEX VERSION / TYPE
pyspatialgeodesy        IME             05-JAN-18 20:20     PGM / RUN BY / DATE 
Map Name                                                    COMMENT             
Predicted global ionosphere maps (GIM).                     DESCRIPTION         
  2015    12    19     0     0     0                        EPOCH OF FIRST MAP  
  2015    12    20     0     0     0                        EPOCH OF LAST MAP   
  7200                                                      INTERVAL            
    13                                                      # OF MAPS IN FILE   
  NONE                                                      MAPPING FUNCTION    
10.0                                                        ELEVATION CUTOFF    
One-way carrier phase leveled to code                       OBSERVABLES USED    
  6371.0                                                    BASE RADIUS         
 2                                                          MAP DIMENSION       
   450.0 450.0   0.0                                        HGT1 / HGT2 / DHGT  
    87.5 -87.5  -2.5                                        LAT1 / LAT2 / DLAT  
  -180.0 180.0   5.0                                        LON1 / LON2 / DLON  
    -1                                                      EXPONENT            
                                                            END OF HEADER       
[from data line 5148]
    13                                                      START OF TEC MAP    
  2015    12    20     0     0     0                        EPOCH OF CURRENT MAP
    87.5-180.0 180.0   5.0 450.0                            LAT/LON1/LON2/DLON/H
  121  101  101   99   93   87   85   83   82   80   78   76   74   71   71   68
   69   65   67   63   65   62   65   61   64   61   64   61   64   61   64   61
   64   62   65   63   65   64   67   65   68   67   70   69   71   71   73   73
   75   75   77   78   79   80   82   82   83   84   86   85   87   87   90   89
   91   89   90   89   95   92   94  111  121                                   
    85.0-180.0 180.0   5.0 450.0                            LAT/LON1/LON2/DLON/H
  113   91   94   91   86   79   78   74   75   71   70   65   65   60   61   54
   56   50   52   46   48   43   46   41   44   40   43   39   42   38   42   39
   42   39   44   41   46   43   48   46   51   49   55   53   59   57   63   62
   67   65   71   69   73   72   77   75   78   77   81   79   82   81   84   82
   85   83   85   81   86   80   83   95  113                                   
    82.5-180.0 180.0   5.0 450.0                            LAT/LON1/LON2/DLON/H
  116  102   98   94   89   84   83   80   79   76   75   72   70   67   65   61
   60   55   55   51   50   46   46   42   43   39   40   38   39   37   39   38
   40   40   43   43   46   46   50   50   54   55   59   60   64   65   69   70
   74   74   78   78   81   81   85   83   86   85   88   86   89   87   90   88
   90   88   89   87   89   81   83  101  116                                   
    80.0-180.0 180.0   5.0 450.0                            LAT/LON1/LON2/DLON/H
  123  108  104  102   97   93   91   90   87   86   83   83   80   78   75   73
   70   67   65   62   59   56   54   50   49   46   46   44   44   43   45   46
   47   48   51   53   55   57   60   62   64   66   70   72   74   76   79   81
   82   84   87   88   89   89   91   90   91   90   91   91   91   90   92   91
   92   92   93   93   93   88   92  108  123                                   
    77.5-180.0 180.0   5.0 450.0                            LAT/LON1/LON2/DLON/H
  119  107  106  104  101   97   95   94   92   91   89   89   86   84   81   78
   75   72   69   66   62   58   56   52   50   47   47   46   47   47   50   51
   54   56   59   62   64   66   69   70   72   74   77   78   80   82   84   85
   86   87   90   90   90   90   91   89   89   87   87   85   85   84   85   84
   85   86   89   90   91   87   92  108  119                                   
    75.0-180.0 180.0   5.0 450.0                            LAT/LON1/LON2/DLON/H
  115  106  109  110  106  102  101   99   98   97   96   95   93   90   87   84
   80   77   74   70   67   63   60   57   55   53   54   53   54   56   59   61
   64   67   71   72   74   76   77   78   79   80   81   82   83   85   86   87
   87   88   89   88   88   87   87   85   83   80   79   75   74   72   73   73
   75   76   82   83   88   86   91  106  115                                   
    72.5-180.0 180.0   5.0 450.0                            LAT/LON1/LON2/DLON/H
  115  108  113  115  111  108  105  104  104  103  102  100   98   96   92   88
   83   80   77   73   69   66   64   61   59   59   60   60   62   64   67   70
   73   75   79   79   80   79   80   79   79   79   80   81   81   83   83   84
   83   84   83   82   80   78   76   73   70   67   64   60   58   57   56   57
   60   64   69   75   82   84   90  106  115                                   
    70.0-180.0 180.0   5.0 450.0                            LAT/LON1/LON2/DLON/H
  117  112  121  122  118  114  113  112  112  111  110  107  105  100   95   89
   85   80   76   72   70   68   67   65   66   65   67   67   70   72   76   78
   81   82   84   83   82   80   79   76   76   75   76   76   78   78   79   78
   79   77   77   73   73   69   68   62   61   55   53   47   47   43   46   44
   51   53   63   67   80   84   96  110  117                                   
    67.5-180.0 180.0   5.0 450.0                            LAT/LON1/LON2/DLON/H
  128  125  134  136  132  129  127  126  125  123  121  116  111  104   97   90
   83   77   73   70   68   67   67   67   68   69   71   72   75   77   81   82
   84   84   84   81   78   75   72   69   67   67   67   69   70   72   72   72
   70   69   67   65   63   62   59   55   52   49   45   42   40   39   41   43
   48   54   62   71   83   91  104  116  128                                   
    65.0-180.0 180.0   5.0 450.0                            LAT/LON1/LON2/DLON/H
  140  141  150  152  147  144  142  141  139  137  132  125  118  108   99   89
   82   75   71   68   67   67   68   68   71   72   75   77   80   82   84   84
   84   82   80   75   71   66   63   57   58   55   59   58   62   62   63   61
   61   58   58   55   55   53   53   50   49   45   44   41   42   43   47   51
   57   64   73   82   93  103  116  127  140                                   
    62.5-180.0 180.0   5.0 450.0                            LAT/LON1/LON2/DLON/H
  155  157  166  167  162  160  158  156  154  150  144  135  124  111   99   88
   79   72   68   66   65   64   65   66   68   70   74   76   79   80   81   79
   77   73   69   64   59   54   49   46   44   45   47   50   51   53   52   51
   49   47   46   46   46   46   47   46   46   44   44   44   48   51   58   63
   72   77   87   95  106  114  126  137  155                                   
    60.0-180.0 180.0   5.0 450.0                            LAT/LON1/LON2/DLON/H
  163  167  177  178  173  171  168  168  165  160  153  142  129  114  101   88
   80   72   68   64   63   62   62   63   66   69   72   75   77   77   75   72
   68   63   58   51   48   41   40   35   37   36   41   41   46   43   44   40
   40   36   37   36   39   39   42   42   43   43   45   49   55   61   69   76
   84   91  100  107  116  124  136  145  163                                   
    57.5-180.0 180.0   5.0 450.0                            LAT/LON1/LON2/DLON/H
  173  176  184  185  181  180  178  176  174  168  159  147  134  118  104   92
   82   75   69   65   62   60   58   58   60   62   66   68   69   67   65   60
   56   51   46   42   38   35   33   32   34   36   39   41   42   41   39   35
   33   30   30   30   34   35   39   41   44   46   50   55   65   72   82   90
  100  107  115  122  131  137  145  154  173                                   
    55.0-180.0 180.0   5.0 450.0                            LAT/LON1/LON2/DLON/H
  178  183  192  193  188  187  185  183  179  172  162  150  137  121  109   97
   89   79   73   66   62   56   54   52   54   56   60   62   63   60   56   51
   47   43   41   37   38   35   36   36   39   40   44   45   47   43   41   35
   32   28   28   28   32   35   39   42   46   50   55   63   73   82   93  102
  113  122  131  138  145  150  157  163  178                                   
    52.5-180.0 180.0   5.0 450.0                            LAT/LON1/LON2/DLON/H
  187  190  199  200  198  196  193  190  185  176  166  154  141  128  116  106
   96   87   78   70   62   55   50   48   49   51   55   58   58   56   51   47
   43   41   40   41   43   43   45   46   48   50   53   55   54   51   46   40
   36   31   31   32   36   39   44   47   51   55   61   69   80   90  101  112
  124  134  145  153  162  165  167  174  187                                   
    50.0-180.0 180.0   5.0 450.0                            LAT/LON1/LON2/DLON/H
  199  202  211  212  210  208  203  198  190  179  167  156  145  133  123  113
  105   92   83   71   63   54   50   45   47   49   53   55   56   53   50   46
   44   43   46   48   52   53   56   56   59   60   63   63   63   59   55   47
   43   39   39   40   45   49   53   56   61   64   70   77   89   98  109  120
  134  145  158  169  177  178  179  183  199                                   
    47.5-180.0 180.0   5.0 450.0                            LAT/LON1/LON2/DLON/H
  214  213  222  225  225  222  217  210  199  186  173  162  152  143  133  123
  112  101   88   77   68   60   54   51   51   53   55   57   57   55   52   50
   49   50   53   58   62   64   66   67   68   71   73   74   73   69   64   59
   55   51   51   52   57   61   65   68   71   74   79   86   96  104  114  125
  138  151  166  177  186  188  187  194  214                                   
    45.0-180.0 180.0   5.0 450.0                            LAT/LON1/LON2/DLON/H
  225  227  236  241  240  240  232  224  211  196  181  169  160  151  142  131
  120  106   93   82   75   68   64   60   59   59   60   60   60   57   55   53
   54   55   60   64   70   72   75   75   77   79   82   83   83   79   76   71
   68   66   66   67   72   75   79   81   83   86   90   95  104  110  119  128
  142  155  171  182  193  196  197  204  225                                   
    42.5-180.0 180.0   5.0 450.0                            LAT/LON1/LON2/DLON/H
  234  233  245  251  254  252  248  237  223  208  192  180  171  162  152  140
  126  113  100   92   86   82   78   75   72   70   68   66   64   61   58   57
   57   60   63   68   73   75   77   78   80   84   87   90   90   89   86   83
   81   79   79   80   84   86   90   91   93   96  100  104  112  116  123  131
  143  156  172  183  194  200  202  213  234                                   
    40.0-180.0 180.0   5.0 450.0                            LAT/LON1/LON2/DLON/H
  234  237  248  256  258  259  254  246  232  217  201  189  180  170  160  147
  134  119  108  102  100   98   95   91   86   80   74   70   67   63   61   59
   60   62   65   69   73   75   78   79   83   87   92   95   98   97   96   93
   91   88   88   88   91   92   95   97  101  104  109  114  122  126  133  139
  150  160  175  185  194  200  206  215  234                                   
    37.5-180.0 180.0   5.0 450.0                            LAT/LON1/LON2/DLON/H
  230  231  242  249  254  255  254  246  236  222  208  198  188  180  169  156
  141  129  119  117  117  118  114  108   99   90   81   75   70   67   65   64
   63   64   66   68   71   74   75   78   82   88   94   99  103  103  102   98
   96   93   92   91   94   94   99  101  107  112  119  125  134  138  144  150
  159  168  179  186  194  200  205  217  230                                   
    35.0-180.0 180.0   5.0 450.0                            LAT/LON1/LON2/DLON/H
  220  225  234  239  241  245  245  243  233  222  211  203  196  187  177  163
  150  139  133  133  135  135  130  120  108   96   85   78   74   72   71   70
   70   69   70   70   73   74   76   78   84   90   99  104  109  108  106  101
   97   92   91   88   91   93   98  103  111  118  127  135  146  152  161  164
  172  178  187  191  196  201  209  219  220                                   
    32.5-180.0 180.0   5.0 450.0                            LAT/LON1/LON2/DLON/H
  219  218  225  227  229  233  236  235  229  220  212  206  201  195  184  173
  162  153  149  150  150  148  139  127  112   99   89   84   82   82   82   82
   80   79   78   78   77   79   79   81   86   94  103  108  112  109  106  100
   95   89   88   85   89   92  100  105  116  125  136  146  159  166  175  180
  187  192  198  200  205  209  214  228  219                                   
    30.0-180.0 180.0   5.0 450.0                            LAT/LON1/LON2/DLON/H
  223  223  226  224  224  229  231  232  227  221  213  208  204  199  190  180
  172  164  160  159  157  151  139  125  111  101   95   94   97  100  101  101
   99   96   93   91   90   89   88   88   95  100  111  114  116  111  106   99
   92   86   84   83   87   91  100  108  121  132  147  159  175  183  195  200
  208  212  218  220  224  227  234  247  223                                   
    27.5-180.0 180.0   5.0 450.0                            LAT/LON1/LON2/DLON/H
  246  241  243  238  236  239  243  242  237  228  220  214  208  204  195  188
  180  174  167  163  155  145  131  119  109  105  106  113  118  125  127  127
  121  118  112  110  105  104  100  101  104  109  117  118  118  112  107   98
   92   85   84   82   87   91  102  112  127  141  157  171  188  200  213  223
  235  241  248  249  252  253  260  274  246                                   
    25.0-180.0 180.0   5.0 450.0                            LAT/LON1/LON2/DLON/H
  277  273  276  270  266  271  272  270  262  251  237  228  218  211  202  195
  187  179  168  157  145  131  118  110  109  114  124  136  146  153  155  152
  146  139  133  129  125  121  118  114  117  118  124  123  121  114  108   99
   92   86   85   84   88   93  103  114  130  146  161  177  195  210  228  243
  259  272  280  282  285  289  300  311  277                                   
    22.5-180.0 180.0   5.0 450.0                            LAT/LON1/LON2/DLON/H
  319  313  325  321  319  323  323  318  306  288  270  252  237  224  211  202
  191  180  163  147  129  116  106  107  115  131  148  164  176  183  181  175
  165  157  150  146  141  137  131  128  126  128  130  128  124  116  109  101
   95   90   89   88   92   96  107  119  136  152  168  184  202  221  244  265
  287  304  317  320  326  331  341  354  319                                   
    20.0-180.0 180.0   5.0 450.0                            LAT/LON1/LON2/DLON/H
  373  374  385  384  387  390  385  376  361  341  316  291  265  245  226  212
  196  178  156  135  117  105  103  113  133  155  178  196  206  208  201  191
  181  171  165  160  155  149  143  137  136  134  136  132  127  119  113  106
  100   97   95   95   98  103  112  125  142  158  174  191  211  233  261  288
  316  340  356  365  375  384  397  404  373                                   
    17.5-180.0 180.0   5.0 450.0                            LAT/LON1/LON2/DLON/H
  430  435  447  449  459  464  459  446  424  398  369  335  303  273  248  225
  203  178  150  128  110  106  112  133  159  187  208  223  229  224  214  203
  191  181  175  170  163  159  150  146  142  140  138  134  127  119  116  109
  107  103  103  103  106  111  119  132  149  167  185  204  227  252  283  316
  349  377  397  408  421  429  443  450  430                                   
    15.0-180.0 180.0   5.0 450.0                            LAT/LON1/LON2/DLON/H
  483  495  502  511  527  533  529  514  488  456  420  383  346  309  276  246
  217  185  154  130  121  121  139  164  196  222  239  245  243  233  220  208
  198  187  182  175  169  161  155  148  144  140  139  133  127  121  118  115
  113  112  111  113  114  118  125  137  155  175  195  218  243  270  305  341
  376  405  425  439  452  463  482  486  483                                   
    12.5-180.0 180.0   5.0 450.0                            LAT/LON1/LON2/DLON/H
  519  532  542  556  575  584  582  569  544  509  469  427  387  345  309  273
  240  203  172  152  148  156  178  205  236  256  264  258  248  236  221  210
  198  190  184  178  169  162  154  149  143  139  135  130  124  118  117  115
  117  117  118  119  120  123  129  143  164  187  210  233  260  287  325  361
  396  422  445  460  474  485  498  506  519                                   
    10.0-180.0 180.0   5.0 450.0                            LAT/LON1/LON2/DLON/H
  539  561  572  590  609  615  615  603  584  552  513  468  424  378  338  298
  265  228  199  184  187  199  223  251  273  282  274  260  244  232  220  209
  200  192  186  179  170  162  154  148  144  137  135  127  121  116  115  116
  118  121  122  124  124  126  132  147  170  196  221  248  275  306  340  374
  405  429  450  467  483  494  511  514  539                                   
     7.5-180.0 180.0   5.0 450.0                            LAT/LON1/LON2/DLON/H
  545  565  579  599  619  627  624  617  602  577  542  500  455  409  366  322
  291  257  234  224  233  249  273  291  302  294  276  254  236  226  216  209
