data/unet/pred3530.15i
     1.0            IONOSPHERE MAPS     GNSS                IONEX VERSION / TYPE
pyspatialgeodesy        IME             05-JAN-18 20:20     PGM / RUN BY / DATE 
Map Name                                                    COMMENT             
Predicted global ionosphere maps (GIM).                     DESCRIPTION         
  2015    12    19     0     0     0                        EPOCH OF FIRST MAP  
  2015    12    20     0     0     0                        EPOCH OF LAST MAP   
  7200                                                      INTERVAL            
    13                                                      # OF MAPS IN FILE   
  NONE                                                      MAPPING FUNCTION    
10.0                                                        ELEVATION CUTOFF    
One-way carrier phase leveled to code                       OBSERVABLES USED    
  6371.0                                                    BASE RADIUS         
 2                                                          MAP DIMENSION       
   450.0 450.0   0.0                                        HGT1 / HGT2 / DHGT  
    87.5 -87.5  -2.5                                        LAT1 / LAT2 / DLAT  
  -180.0 180.0   5.0                                        LON1 / LON2 / DLON  
    -1                                                      EXPONENT            
                                                            END OF HEADER       
[from data line 1287]
     4                                                      START OF TEC MAP    
  2015    12    19     6     0     0                        EPOCH OF CURRENT MAP
    87.5-180.0 180.0   5.0 450.0                            LAT/LON1/LON2/DLON/H
   -9   27   27   24   27   26   29   29   31   30   31   30   30   30   30   29
   29   28   29   28   28   28   29   28   28   29   30   30   30   30   32   31
   32   32   34   33   34   33   34   33   33   32   32   31   30   29   29   27
   27   25   26   23   25   22   25   21   24   21   24   21   24   20   25   20
   25   21   25   24   27   22   26    2   -9                                   
    85.0-180.0 180.0   5.0 450.0                            LAT/LON1/LON2/DLON/H
   34   23   33   29   35   30   39   35   42   37   43   37   42   35   41   34
   37   31   36   29   33   28   34   28   33   28   36   31   37   33   40   36
   42   38   44   40   44   40   44   39   44   38   42   35   38   32   36   28
   31   25   29   23   27   21   26   20   25   19   25   19   25   19   25   19
   24   19   26   22   29   18   33   10   34                                   
    82.5-180.0 180.0   5.0 450.0                            LAT/LON1/LON2/DLON/H
   29   36   34   33   35   35   40   40   43   41   44   42   44   40   42   38
   39   34   36   31   33   28   31   27   30   26   30   28   31   30   34   32
   36   35   39   38   41   40   42   41   43   40   42   39   40   36   37   33
   34   30   32   28   31   27   29   25   29   25   28   25   27   25   27   25
   26   24   27   24   26   23   40   12   29                                   
    80.0-180.0 180.0   5.0 450.0                            LAT/LON1/LON2/DLON/H
   30   32   31   25   28   30   34   37   38   40   39   41   38   39   35   35
   29   30   24   25   18   21   17   19   15   19   17   21   20   25   25   29
   28   34   34   38   36   41   39   42   39   42   38   39   34   36   31   32
   27   28   25   26   23   24   23   23   22   23   22   22   21   22   21   21
   19   20   19   20   18   15   22   12   30                                   
    77.5-180.0 180.0   5.0 450.0                            LAT/LON1/LON2/DLON/H
   23   29   28   27   30   33   38   41   43   45   45   46   43   42   39   36
   32   29   27   23   21   19   18   17   16   17   18   19   20   23   26   28
   30   34   37   39   40   42   43   44   42   43   42   41   38   37   36   34
   33   32   32   31   31   31   31   32   31   32   31   32   30   30   28   28
   26   25   25   24   22   16   24   10   23                                   
    75.0-180.0 180.0   5.0 450.0                            LAT/LON1/LON2/DLON/H
   25   26   32   25   29   33   38   42   43   46   45   47   41   43   37   37
   29   30   24   25   18   22   18   20   17   20   20   22   22   26   28   30
   31   36   38   41   41   43   44   44   43   43   43   41   40   39   38   37
   37   38   39   40   42   43   45   45   47   47   48   47   45   44   42   41
   37   37   34   33   30   24   30   15   25                                   
    72.5-180.0 180.0   5.0 450.0                            LAT/LON1/LON2/DLON/H
   23   25   27   25   27   29   35   39   41   44   44   44   41   39   36   34
   29   27   25   23   21   21   21   20   21   22   23   24   24   27   28   29
   30   33   35   37   37   39   39   40   39   40   39   39   37   39   38   41
   41   45   46   51   51   56   56   60   58   61   58   60   56   57   52   53
   47   47   42   41   36   28   33   15   23                                   
    70.0-180.0 180.0   5.0 450.0                            LAT/LON1/LON2/DLON/H
   26   25   29   23   23   26   31   35   37   39   39   39   37   35   32   31
   27   26   25   25   24   26   26   27   28   30   31   30   30   31   32   30
   31   31   34   33   33   34   34   33   34   33   35   33   36   36   41   42
   49   51   58   60   67   67   73   72   76   74   77   73   74   71   70   66
   63   59   57   53   47   37   39   20   26                                   
    67.5-180.0 180.0   5.0 450.0                            LAT/LON1/LON2/DLON/H
   28   24   28   22   24   24   29   31   34   34   36   35   33   31   29   27
   25   25   25   27   27   31   32   34   35   38   38   38   37   37   36   34
   33   33   33   32   32   31   31   30   31   30   33   33   37   39   44   49
   55   61   67   74   77   83   82   87   85   87   84   85   81   81   76   75
   69   68   64   61   54   44   46   23   28                                   
    65.0-180.0 180.0   5.0 450.0                            LAT/LON1/LON2/DLON/H
   31   27   31   25   22   25   27   31   31   33   33   33   31   30   29   28
   27   28   30   32   33   36   38   41   42   44   44   43   41   39   38   34
   33   30   30   28   26   26   25   25   25   26   29   32   37   42   50   55
   65   70   81   88   96  100  104  102  104  100  102   98   97   92   89   84
   80   76   73   70   62   53   52   30   31                                   
    62.5-180.0 180.0   5.0 450.0                            LAT/LON1/LON2/DLON/H
   39   34   32   26   25   23   27   27   29   28   29   28   28   26   26   27
   27   28   29   32   33   36   38   42   43   45   45   45   42   40   38   35
   33   29   29   26   25   21   21   19   22   21   28   30   39   44   55   63
   74   85   94  103  108  113  112  112  109  108  106  105  101   98   92   87
   81   79   75   73   66   57   58   35   39                                   
    60.0-180.0 180.0   5.0 450.0                            LAT/LON1/LON2/DLON/H
   42   37   35   29   25   25   26   27   27   28   26   28   28   28   29   29
   31   32   32   34   33   36   36   39   40   42   41   40   37   34   32   30
   28   26   25   23   20   19   17   18   19   22   28   35   43   51   62   74
   86   97  107  114  120  121  122  119  119  115  117  114  114  107  104   95
   89   83   80   77   70   62   61   42   42                                   
    57.5-180.0 180.0   5.0 450.0                            LAT/LON1/LON2/DLON/H
   54   48   41   35   31   28   29   27   29   26   26   25   27   26   29   29
   31   30   31   29   30   27   30   29   33   32   34   31   30   27   26   24
   24   22   24   21   21   17   18   16   22   23   34   38   51   57   72   83
   98  107  116  122  125  127  125  123  122  120  120  119  118  116  109  102
   93   88   83   81   73   67   67   47   54                                   
    55.0-180.0 180.0   5.0 450.0                            LAT/LON1/LON2/DLON/H
   61   51   46   40   36   32   32   31   30   29   28   30   29   31   32   35
   35   35   32   32   27   28   24   28   27   29   28   28   25   25   24   24
   24   25   25   25   23   22   21   23   26   31   41   48   59   70   81   94
  107  115  123  128  132  131  131  128  129  127  130  129  132  128  125  115
  106   95   89   85   76   72   72   56   61                                   
    52.5-180.0 180.0   5.0 450.0                            LAT/LON1/LON2/DLON/H
   73   64   55   50   45   40   38   34   34   29   30   28   30   30   33   33
   36   32   31   25   24   19   20   19   22   22   23   22   21   21   21   22
   23   25   28   27   28   25   27   27   34   39   50   57   68   78   90  102
  114  122  128  134  136  138  136  136  135  137  138  142  142  141  135  127
  115  104   96   91   82   77   79   62   73                                   
    50.0-180.0 180.0   5.0 450.0                            LAT/LON1/LON2/DLON/H
   83   71   59   55   52   47   46   41   40   36   34   35   34   36   36   39
   38   38   32   31   25   25   21   24   24   27   27   27   26   25   25   26
   27   29   31   32   32   32   33   36   42   49   60   68   79   89  101  110
  123  130  137  141  145  143  145  141  145  145  151  153  157  152  151  141
  129  116  105   99   87   83   85   71   83                                   
    47.5-180.0 180.0   5.0 450.0                            LAT/LON1/LON2/DLON/H
   93   87   69   65   61   57   55   49   47   41   40   37   38   37   40   39
   40   36   34   29   28   26   26   28   30   33   34   34   31   31   29   30
   31   34   37   39   39   41   42   46   52   61   69   79   86   99  108  120
  130  140  145  151  153  156  153  154  153  157  160  164  166  165  158  151
  139  125  115  107   97   93   95   75   93                                   
    45.0-180.0 180.0   5.0 450.0                            LAT/LON1/LON2/DLON/H
   99   90   71   69   65   61   61   57   55   51   49   47   45   46   45   45
   42   42   38   39   37   38   38   42   44   46   46   46   42   40   36   35
   35   38   40   42   43   46   50   55   64   72   82   88   99  107  120  130
  141  149  156  159  163  162  162  159  161  161  166  167  168  162  160  151
  141  128  117  110   97   95  100   82   99                                   
    42.5-180.0 180.0   5.0 450.0                            LAT/LON1/LON2/DLON/H
  101   99   79   76   73   69   68   63   62   57   56   52   52   50   50   47
   45   42   43   43   46   48   50   54   56   60   59   59   53   51   44   43
   42   44   45   49   49   54   57   67   73   85   91  103  107  121  128  141
  150  158  163  167  170  170  167  163  160  160  160  162  161  159  155  148
  138  127  117  110  100   97  102   84  101                                   
    40.0-180.0 180.0   5.0 450.0                            LAT/LON1/LON2/DLON/H
   98   96   75   76   74   71   71   70   69   66   65   63   63   61   58   55
   52   52   53   58   62   66   67   70   72   74   73   71   64   59   50   49
   44   47   46   50   52   58   64   75   86   98  107  114  122  130  142  151
  161  167  172  176  178  177  173  167  165  160  158  155  155  151  149  142
  134  126  116  111   98   95   99   83   98                                   
    37.5-180.0 180.0   5.0 450.0                            LAT/LON1/LON2/DLON/H
   95   95   77   76   76   75   76   73   74   71   73   70   71   68   65   61
   59   59   63   69   74   79   80   83   82   85   82   80   72   68   58   55
   50   50   49   52   55   63   72   86   97  113  120  129  133  144  154  164
  172  177  181  182  187  183  180  173  170  164  160  159  155  153  149  144
  138  131  122  116  102   98   99   82   95                                   
    35.0-180.0 180.0   5.0 450.0                            LAT/LON1/LON2/DLON/H
   90   88   69   73   71   72   74   75   77   77   80   80   80   78   75   71
   69   71   75   83   89   93   93   94   91   91   87   83   76   70   62   57
   51   50   48   51   54   64   76   93  109  125  135  141  148  157  167  175
  184  189  190  193  194  193  190  184  182  176  172  167  162  158  157  153
  148  144  134  126  108  100   99   82   90                                   
    32.5-180.0 180.0   5.0 450.0                            LAT/LON1/LON2/DLON/H
   93   85   67   67   67   67   71   71   75   76   82   81   87   83   83   78
   77   80   85   93   98  101   99   98   93   93   87   85   77   73   65   61
   56   52   50   53   57   68   82  102  120  138  147  157  162  172  180  189
  194  197  199  202  208  209  211  208  209  204  202  198  194  189  184  178
  173  169  161  149  130  113  109   89   93                                   
    30.0-180.0 180.0   5.0 450.0                            LAT/LON1/LON2/DLON/H
  100   85   66   66   62   61   65   66   72   74   81   84   90   89   89   86
   85   89   94  100  104  105  101   98   94   92   89   84   79   75   71   65
   60   56   53   54   57   69   84  107  128  148  160  169  177  186  195  203
  205  209  210  216  224  233  239  242  246  247  246  245  240  236  229  223
  211  202  189  178  156  133  122  103  100                                   
    27.5-180.0 180.0   5.0 450.0                            LAT/LON1/LON2/DLON/H
  120   97   74   67   63   60   59   59   64   68   75   80   87   88   91   88
   90   93   98  103  104  103   99   97   93   93   88   85   82   79   78   72
   67   62   58   59   62   73   88  113  136  159  172  186  194  205  213  220
  221  223  226  234  248  260  273  280  292  296  302  304  302  296  288  277
  263  252  232  214  190  166  145  125  120                                   
    25.0-180.0 180.0   5.0 450.0                            LAT/LON1/LON2/DLON/H
  143  111   87   78   68   61   59   56   62   63   73   75   85   85   90   87
   89   92   95   98   98   96   93   94   93   94   93   89   88   84   83   75
   68   69   64   65   67   77   94  120  145  169  185  198  211  223  231  239
  238  242  243  256  272  291  307  322  336  347  355  358  357  353  346  332
  316  301  276  252  221  198  173  153  143                                   
    22.5-180.0 180.0   5.0 450.0                            LAT/LON1/LON2/DLON/H
  174  136  114   96   86   76   70   65   63   64   67   69   74   77   81   80
   83   85   88   91   89   90   90   94   97  100   99   96   94   85   77   69
   66   68   69   68   69   80   98  127  154  180  196  212  228  240  250  254
  258  259  266  277  298  319  342  360  384  397  409  408  408  402  398  389
  374  359  332  305  267  237  204  184  174                                   
    20.0-180.0 180.0   5.0 450.0                            LAT/LON1/LON2/DLON/H
  214  162  139  123  106   94   86   78   76   67   71   67   75   72   78   74
   77   77   79   79   80   82   87   94  103  107  109  103  100   86   81   72
   73   71   74   71   72   85  103  133  160  186  206  220  238  255  265  272
  272  278  283  301  324  353  376  401  424  442  454  453  452  442  441  429
  417  401  377  355  323  289  247  228  214                                   
    17.5-180.0 180.0   5.0 450.0                            LAT/LON1/LON2/DLON/H
  252  196  175  151  134  122  112  102   97   86   79   73   74   72   73   69
   70   68   71   73   77   82   91  103  115  119  119  110   98   88   82   79
   74   75   72   70   71   87  108  142  170  196  216  233  254  270  281  285
  290  293  305  323  351  380  406  431  454  473  486  489  485  479  474  465
  452  438  420  395  372  344  296  280  252                                   
    15.0-180.0 180.0   5.0 450.0                            LAT/LON1/LON2/DLON/H
  297  236  210  189  166  153  141  131  125  112  104   88   86   79   80   71
   73   69   72   71   79   84   99  109  125  127  132  112  106   89   92   83
   84   78   76   70   75   90  113  148  177  204  226  245  267  285  294  303
  305  317  329  356  382  411  430  454  472  488  500  500  500  492  489  477
  467  453  439  418  399  380  345  325  297                                   
    12.5-180.0 180.0   5.0 450.0                            LAT/LON1/LON2/DLON/H
  335  283  257  227  198  185  172  164  156  144  130  115  104   96   91   82
   80   75   80   81   91   99  114  125  140  141  137  119  107   97   93   91
   87   85   74   71   78   96  124  160  189  214  238  260  281  298  309  317
  325  337  354  379  403  426  442  459  474  488  496  497  495  491  488  479
  469  458  448  429  419  406  378  368  335                                   
    10.0-180.0 180.0   5.0 450.0                            LAT/LON1/LON2/DLON/H
  363  316  298  270  236  214  202  196  191  177  164  143  133  119  114  103
   99   92   96   98  108  114  128  136  150  149  145  126  122  104  108   97
   96   84   78   74   83  100  130  168  194  221  247  266  290  307  318  329
  340  354  374  396  415  434  442  459  470  481  486  486  485  482  480  474
  465  454  446  430  424  421  403  392  363                                   
     7.5-180.0 180.0   5.0 450.0                            LAT/LON1/LON2/DLON/H
  383  351  334  302  273  248  229  215  213  205  193  178  164  150  143  129
  125  117  122  124  136  139  151  154  164  157  150  135  122  113  103   99
