data/unet/pred0440.15i
     1.0            IONOSPHERE MAPS     GNSS                IONEX VERSION / TYPE
pyspatialgeodesy        IME             05-JAN-18 20:20     PGM / RUN BY / DATE 
Map Name                                                    COMMENT             
Predicted global ionosphere maps (GIM).                     DESCRIPTION         
  2015     2    13     0     0     0                        EPOCH OF FIRST MAP  
  2015     2    14     0     0     0                        EPOCH OF LAST MAP   
  7200                                                      INTERVAL            
    13                                                      # OF MAPS IN FILE   
  NONE                                                      MAPPING FUNCTION    
10.0                                                        ELEVATION CUTOFF    
One-way carrier phase leveled to code                       OBSERVABLES USED    
  6371.0                                                    BASE RADIUS         
 2                                                          MAP DIMENSION       
   450.0 450.0   0.0                                        HGT1 / HGT2 / DHGT  
    87.5 -87.5  -2.5                                        LAT1 / LAT2 / DLAT  
  -180.0 180.0   5.0                                        LON1 / LON2 / DLON  
    -1                                                      EXPONENT            
                                                            END OF HEADER       
[from data line 429]
     2                                                      START OF TEC MAP    
  2015     2    13     2     0     0                        EPOCH OF CURRENT MAP
    87.5-180.0 180.0   5.0 450.0                            LAT/LON1/LON2/DLON/H
  144  145  143  134  138  131  135  129  134  127  130  123  127  120  123  116
  120  114  117  110  114  109  113  107  112  107  111  105  110  104  108  102
  107  101  106  100  106  100  106  101  107  103  109  106  111  109  114  112
  117  116  120  120  122  123  124  126  126  128  128  130  131  133  133  135
  135  138  138  142  149  146  144  162  144                                   
    85.0-180.0 180.0   5.0 450.0                            LAT/LON1/LON2/DLON/H
  150  148  139  139  139  134  135  130  132  127  128  123  125  121  122  118
  119  116  115  113  112  110  109  107  105  103  102  100   99   98   96   95
   94   93   93   92   93   93   94   94   96   96   98   98  102  102  106  106
  110  110  115  114  119  117  122  120  124  123  127  126  131  129  134  133
  137  136  141  142  148  143  148  163  150                                   
    82.5-180.0 180.0   5.0 450.0                            LAT/LON1/LON2/DLON/H
  158  148  147  149  142  141  137  136  133  132  129  128  127  125  126  123
  124  119  120  115  116  109  110  103  104   96   98   91   93   86   89   84
   87   83   85   84   86   86   87   89   89   92   92   96   96  100  101  105
  105  110  110  115  114  119  119  124  124  130  130  137  137  143  145  151
  152  156  157  163  164  157  161  168  158                                   
    80.0-180.0 180.0   5.0 450.0                            LAT/LON1/LON2/DLON/H
  173  158  158  154  152  145  143  140  136  133  131  130  128  127  126  125
  124  121  120  117  115  110  107  101   98   92   89   84   82   79   78   76
   78   77   80   80   83   83   86   88   91   92   95   96   98   99  101  101
  104  104  109  108  114  113  120  121  128  130  139  143  152  155  166  168
  178  177  184  183  187  174  176  176  173                                   
    77.5-180.0 180.0   5.0 450.0                            LAT/LON1/LON2/DLON/H
  190  181  178  173  163  158  152  148  142  139  135  134  130  130  127  128
  124  125  121  122  116  114  107  105   97   94   87   85   80   79   76   77
   75   79   79   83   83   88   88   93   92   95   94   97   95   97   95   97
   96   98   97  101  100  106  108  117  120  131  138  150  157  168  177  184
  191  197  202  206  207  198  197  197  190                                   
    75.0-180.0 180.0   5.0 450.0                            LAT/LON1/LON2/DLON/H
  208  203  197  190  178  170  162  157  150  146  140  137  132  130  126  125
  121  119  118  117  114  111  107  102   98   92   88   84   82   79   79   79
   81   83   85   88   91   93   95   96   97   97   98   97   96   96   95   93
   93   91   90   91   91   96  102  111  118  129  139  153  163  177  187  198
  206  213  220  223  228  219  221  216  208                                   
    72.5-180.0 180.0   5.0 450.0                            LAT/LON1/LON2/DLON/H
  234  230  223  214  201  190  182  171  165  156  150  141  135  127  122  116
  111  108  107  107  105  104  101   98   93   89   84   81   78   77   78   80
   83   85   88   90   92   94   96   96   96   95   95   92   91   90   89   88
   86   84   82   82   81   84   90  101  111  125  138  153  166  181  193  204
  215  223  233  239  245  240  241  236  234                                   
    70.0-180.0 180.0   5.0 450.0                            LAT/LON1/LON2/DLON/H
  252  252  246  234  222  210  200  191  180  171  162  152  142  131  121  111
  104   98   98   97   98   98   97   94   91   86   82   78   78   76   79   81
   85   88   90   93   93   96   95   95   94   94   93   92   91   89   88   85
   83   79   75   75   74   81   87  101  113  132  146  165  179  194  207  216
  226  234  244  251  260  259  260  256  252                                   
    67.5-180.0 180.0   5.0 450.0                            LAT/LON1/LON2/DLON/H
  273  275  269  258  245  233  223  212  203  192  181  167  151  136  119  105
   93   88   84   86   87   90   89   89   84   82   77   74   72   74   75   79
   83   85   89   88   89   87   87   85   84   82   81   80   80   80   80   77
   74   72   69   69   70   75   84   99  116  138  156  177  192  207  218  227
  236  243  254  260  273  272  275  270  273                                   
    65.0-180.0 180.0   5.0 450.0                            LAT/LON1/LON2/DLON/H
  286  288  285  270  257  247  237  230  220  212  198  185  166  147  127  108
   94   85   82   83   86   88   88   86   82   77   72   68   67   66   70   70
   75   76   79   78   77   76   74   73   73   73   75   75   77   78   77   74
   70   67   64   65   69   79   92  112  133  157  178  199  215  226  234  241
  247  253  262  268  279  282  285  281  286                                   
    62.5-180.0 180.0   5.0 450.0                            LAT/LON1/LON2/DLON/H
  294  300  292  280  268  258  249  242  235  225  213  197  176  156  131  112
   93   85   81   84   84   88   85   84   77   72   64   61   57   59   58   62
   63   65   66   65   63   61   60   58   59   59   63   64   68   69   69   67
   65   63   61   63   70   82   98  122  146  174  194  216  231  241  249  254
  260  263  271  274  285  286  289  287  294                                   
    60.0-180.0 180.0   5.0 450.0                            LAT/LON1/LON2/DLON/H
  300  301  297  283  269  262  252  247  239  235  220  207  185  165  141  122
  106   95   90   90   91   90   87   81   76   67   61   56   56   52   57   54
   58   55   56   53   52   50   50   50   53   55   60   63   66   67   66   64
   60   59   58   63   75   90  112  138  165  191  216  235  253  264  269  274
  276  277  283  283  291  293  295  291  300                                   
    57.5-180.0 180.0   5.0 450.0                            LAT/LON1/LON2/DLON/H
  304  308  300  286  275  266  256  250  243  235  224  208  190  171  149  132
  115  107  100  100   97   96   89   83   73   67   58   55   51   52   49   51
   49   49   46   46   44   45   47   48   52   54   60   61   65   64   64   61
   59   58   59   66   81   99  122  153  179  210  232  255  272  283  290  294
  297  297  301  298  305  303  300  299  304                                   
    55.0-180.0 180.0   5.0 450.0                            LAT/LON1/LON2/DLON/H
  316  312  310  295  282  271  259  253  241  236  221  210  191  177  158  144
  133  123  117  112  108  101   94   84   77   68   64   59   60   57   60   55
   57   51   51   47   50   51   55   56   62   64   69   70   70   70   66   65
   59   60   62   74   91  112  139  168  196  223  249  268  287  301  309  312
  314  313  317  314  319  315  312  306  316                                   
    52.5-180.0 180.0   5.0 450.0                            LAT/LON1/LON2/DLON/H
  329  330  325  311  298  283  269  258  245  233  220  204  191  178  164  154
  142  134  126  119  112  105   96   87   79   73   67   66   64   66   64   64
   62   60   57   57   59   62   67   69   73   76   80   79   80   77   74   70
   67   67   72   85  103  127  153  182  207  236  256  280  297  313  324  329
  332  334  339  335  342  334  325  323  329                                   
    50.0-180.0 180.0   5.0 450.0                            LAT/LON1/LON2/DLON/H
  350  348  349  335  323  304  285  269  250  237  218  205  190  181  169  161
  152  143  132  125  114  108   98   91   84   81   78   77   79   77   78   74
   75   71   71   71   76   78   85   85   91   91   95   93   91   88   82   80
   74   77   81   98  117  142  169  195  220  245  265  285  305  322  334  339
  346  350  357  356  362  357  343  335  350                                   
    47.5-180.0 180.0   5.0 450.0                            LAT/LON1/LON2/DLON/H
  365  369  371  364  353  336  313  288  264  243  224  205  192  181  171  163
  154  143  133  123  115  108  103   98   94   91   89   89   88   88   85   84
   83   83   82   86   90   94   98   99  102  103  104  104  101   97   93   90
   87   90   97  112  134  157  183  206  228  252  267  291  308  328  340  350
  356  363  370  372  381  372  357  351  365                                   
    45.0-180.0 180.0   5.0 450.0                            LAT/LON1/LON2/DLON/H
  376  384  388  386  384  368  343  311  280  255  231  213  196  186  174  167
  156  146  132  126  115  114  107  108  103  104  101  100   99   94   92   89
   90   90   94   96  103  103  110  109  114  113  117  115  112  109  103  102
   98  103  111  129  149  175  198  222  241  260  275  294  312  331  342  351
  358  365  373  378  386  384  367  358  376                                   
    42.5-180.0 180.0   5.0 450.0                            LAT/LON1/LON2/DLON/H
  375  383  389  395  396  386  364  334  301  272  244  222  206  191  178  167
  154  143  131  126  121  122  121  121  118  115  112  107  102   97   91   89
   89   92   96  101  107  109  113  113  115  118  120  120  119  115  114  111
  111  113  125  139  164  186  209  231  250  268  279  297  316  333  344  353
  358  364  373  378  392  382  367  361  375                                   
    40.0-180.0 180.0   5.0 450.0                            LAT/LON1/LON2/DLON/H
  371  379  384  389  395  387  371  347  317  285  255  235  218  203  186  175
  160  149  137  137  134  139  135  135  128  124  116  110  102   94   89   86
   89   93   99  104  110  111  114  114  118  121  126  126  126  124  121  121
  119  124  134  152  172  198  219  241  259  274  287  306  323  341  354  362
  369  375  381  387  396  388  370  358  371                                   
    37.5-180.0 180.0   5.0 450.0                            LAT/LON1/LON2/DLON/H
  362  364  366  367  370  366  357  341  321  297  269  246  232  215  198  181
  167  156  150  151  154  157  154  147  139  128  120  110  101   92   86   86
   90   95  101  105  109  109  112  112  118  121  129  127  131  127  128  124
  126  127  142  153  178  200  225  246  264  279  293  310  331  351  365  377
  384  392  398  407  414  399  375  360  362                                   
    35.0-180.0 180.0   5.0 450.0                            LAT/LON1/LON2/DLON/H
  368  365  358  347  345  340  335  327  314  295  274  256  240  228  209  194
  179  172  167  172  173  174  167  155  142  130  120  114  108  101   99  100
  106  110  113  115  116  115  115  116  120  125  131  132  133  130  128  127
  126  131  140  158  178  202  227  250  271  285  300  321  342  367  386  402
  416  427  439  446  455  440  413  384  368                                   
    32.5-180.0 180.0   5.0 450.0                            LAT/LON1/LON2/DLON/H
  393  384  368  342  329  319  315  311  304  290  275  260  250  235  220  203
  191  185  184  189  191  188  174  158  143  131  126  124  123  121  122  127
  135  139  138  136  135  129  128  124  129  130  135  131  133  127  127  121
  125  128  142  157  181  205  232  254  275  291  304  323  349  377  405  433
  453  470  483  498  507  497  467  438  393                                   
    30.0-180.0 180.0   5.0 450.0                            LAT/LON1/LON2/DLON/H
  467  450  424  379  351  327  314  306  298  286  273  262  252  242  227  213
  201  196  195  198  196  190  172  155  143  139  143  148  157  157  164  169
  181  182  177  170  159  149  142  139  137  137  137  133  129  122  122  119
  121  127  140  159  185  213  244  269  292  310  325  343  365  399  442  483
  517  540  559  580  593  582  554  526  467                                   
    27.5-180.0 180.0   5.0 450.0                            LAT/LON1/LON2/DLON/H
  578  563  520  457  411  367  342  319  305  289  277  264  256  243  231  217
  206  200  197  197  189  181  162  150  146  153  166  180  193  205  216  225
  237  236  223  209  191  176  160  154  149  147  142  134  127  118  115  112
  114  120  135  155  182  213  247  277  305  323  341  363  387  431  491  552
  587  617  638  667  687  684  655  635  578                                   
    25.0-180.0 180.0   5.0 450.0                            LAT/LON1/LON2/DLON/H
  720  726  679  598  524  455  407  368  337  307  284  270  260  247  235  221
  208  198  191  183  174  164  153  150  159  174  199  220  248  265  283  293
  299  289  255  232  210  188  175  166  161  150  144  131  125  115  112  107
  111  118  138  163  195  232  268  302  325  345  361  388  419  480  547  617
  661  695  717  743  772  767  771  753  720                                   
    22.5-180.0 180.0   5.0 450.0                            LAT/LON1/LON2/DLON/H
  848  872  821  745  669  574  503  438  395  348  312  286  271  254  241  224
  209  195  179  168  154  151  146  161  182  212  241  278  307  331  346  356
  349  321  279  250  215  197  176  181  164  160  141  132  116  106   98   95
   98  110  134  169  209  251  286  319  347  367  388  416  458  527  597  669
  713  750  774  803  830  837  864  850  848                                   
    20.0-180.0 180.0   5.0 450.0                            LAT/LON1/LON2/DLON/H
  936  970  946  879  801  711  639  551  480  412  357  321  289  265  247  229
  213  191  169  151  144  145  160  183  222  256  296  329  362  379  393  393
  371  335  294  260  229  197  180  169  165  151  141  124  113  101   96   93
   96  112  140  184  227  274  308  344  376  403  424  454  496  564  630  704
  746  786  813  838  868  873  921  910  936                                   
    17.5-180.0 180.0   5.0 450.0                            LAT/LON1/LON2/DLON/H
  976 1022 1011  962  901  814  734  649  571  489  424  370  329  290  265  240
  223  201  177  162  154  172  194  236  281  324  348  377  392  406  405  400
  365  335  290  260  223  205  179  176  158  151  138  127  110   96   94   88
   95  113  149  197  250  291  329  364  403  435  462  497  535  591  648  713
  756  795  822  845  869  875  929  926  976                                   
    15.0-180.0 180.0   5.0 450.0                            LAT/LON1/LON2/DLON/H
  969 1007 1015  979  946  882  809  729  651  567  496  433  382  335  294  265
  241  218  196  181  186  205  246  294  352  379  391  397  404  401  392  376
  344  311  276  240  211  185  167  152  140  125  123  115  106   92   92   92
  102  123  163  215  263  308  347  387  425  466  501  538  572  618  657  719
  745  788  810  830  848  842  893  908  969                                   
    12.5-180.0 180.0   5.0 450.0                            LAT/LON1/LON2/DLON/H
  921  957  972  952  936  896  846  779  705  633  559  491  437  387  347  306
  275  250  229  223  231  270  317  377  414  429  413  403  388  374  354  339
  314  287  251  228  198  179  160  151  136  123  117  112  102   90   92   92
  105  127  169  215  269  308  358  394  437  481  527  566  595  636  670  714
  738  770  790  806  817  802  835  862  921                                   
    10.0-180.0 180.0   5.0 450.0                            LAT/LON1/LON2/DLON/H
  857  876  893  893  893  869  844  802  739  678  616  550  492  439  398  361
  329  303  280  282  301  345  398  439  462  445  412  377  352  325  302  282
  264  249  226  199  181  163  156  145  135  123  122  117  108   96   94   98
  109  131  174  221  269  318  362  397  442  484  532  573  606  642  678  716
  735  758  768  780  782  770  786  807  857                                   
     7.5-180.0 180.0   5.0 450.0                            LAT/LON1/LON2/DLON/H
  788  812  818  828  840  832  822  796  752  701  655  596  543  488  450  416
  385  362  342  348  371  415  454  480  478  442  392  348  315  284  258  244
