data/unet/pred1270.15i
     1.0            IONOSPHERE MAPS     GNSS                IONEX VERSION / TYPE
pyspatialgeodesy        IME             05-JAN-18 20:20     PGM / RUN BY / DATE 
Map Name                                                    COMMENT             
Predicted global ionosphere maps (GIM).                     DESCRIPTION         
  2015     5     7     0     0     0                        EPOCH OF FIRST MAP  
  2015     5     8     0     0     0                        EPOCH OF LAST MAP   
  7200                                                      INTERVAL            
    13                                                      # OF MAPS IN FILE   
  NONE                                                      MAPPING FUNCTION    
10.0                                                        ELEVATION CUTOFF    
One-way carrier phase leveled to code                       OBSERVABLES USED    
  6371.0                                                    BASE RADIUS         
 2                                                          MAP DIMENSION       
   450.0 450.0   0.0                                        HGT1 / HGT2 / DHGT  
    87.5 -87.5  -2.5                                        LAT1 / LAT2 / DLAT  
  -180.0 180.0   5.0                                        LON1 / LON2 / DLON  
    -1                                                      EXPONENT            
                                                            END OF HEADER       
[from data line 858]
     3                                                      START OF TEC MAP    
  2015     5     7     4     0     0                        EPOCH OF CURRENT MAP
    87.5-180.0 180.0   5.0 450.0                            LAT/LON1/LON2/DLON/H
  141  150  135  131  132  128  131  129  133  131  135  132  135  132  136  132
  135  131  134  129  132  127  130  125  128  124  127  122  125  120  124  118
  122  117  121  116  120  117  121  117  122  120  124  122  126  125  128  127
  130  129  131  130  132  131  132  131  133  132  134  134  135  135  136  136
  136  137  138  140  142  137  148  140  141                                   
    85.0-180.0 180.0   5.0 450.0                            LAT/LON1/LON2/DLON/H
  164  145  134  137  134  133  133  136  136  138  137  140  137  140  138  140
  137  138  136  136  132  132  129  129  126  125  123  123  120  120  118  117
  116  115  115  114  115  115  115  117  117  120  120  124  125  127  129  131
  132  133  135  136  137  138  139  140  140  142  142  145  143  146  144  147
  144  147  146  149  148  142  149  154  164                                   
    82.5-180.0 180.0   5.0 450.0                            LAT/LON1/LON2/DLON/H
  151  138  133  138  132  133  133  138  137  140  140  143  141  144  143  145
  142  143  140  140  135  134  130  129  124  123  119  120  114  115  111  112
  107  108  105  108  106  109  108  112  112  117  118  124  124  129  130  135
  135  139  139  144  143  147  146  150  148  152  150  154  151  153  151  153
  150  151  149  151  149  144  149  145  151                                   
    80.0-180.0 180.0   5.0 450.0                            LAT/LON1/LON2/DLON/H
  151  140  139  140  138  139  141  145  146  148  150  152  152  155  154  157
  154  156  153  153  148  147  142  140  134  132  127  125  120  119  115  114
  111  111  110  111  112  112  116  117  120  122  127  129  135  136  142  143
  148  148  153  154  158  158  162  162  164  164  166  167  167  166  167  165
  164  162  161  158  158  145  150  141  151                                   
    77.5-180.0 180.0   5.0 450.0                            LAT/LON1/LON2/DLON/H
  155  143  138  141  138  139  142  145  146  146  148  150  151  152  154  155
  155  154  154  153  150  147  143  139  133  129  124  119  115  112  109  108
  106  106  106  109  110  113  115  118  120  125  128  133  137  142  146  151
  154  157  160  163  164  166  167  169  169  171  172  174  174  175  175  174
  172  170  168  164  164  156  156  144  155                                   
    75.0-180.0 180.0   5.0 450.0                            LAT/LON1/LON2/DLON/H
  147  142  134  134  134  133  137  139  140  140  141  142  143  144  145  146
  146  146  146  145  142  139  135  130  124  118  113  108  104  101   99   99
   97  100   99  104  105  109  112  114  118  121  127  131  138  142  151  152
  159  160  166  165  169  167  171  169  171  170  174  174  177  178  180  179
  178  174  173  168  168  157  160  147  147                                   
    72.5-180.0 180.0   5.0 450.0                            LAT/LON1/LON2/DLON/H
  151  144  136  140  138  137  139  141  140  139  139  138  137  136  137  138
  139  138  140  139  138  134  131  125  119  111  106  100   96   93   93   93
   95   98  100  103  106  110  112  116  118  124  129  135  142  148  156  159
  167  168  173  172  174  172  172  171  171  171  173  175  177  178  181  181
  181  179  179  173  177  165  164  149  151                                   
    70.0-180.0 180.0   5.0 450.0                            LAT/LON1/LON2/DLON/H
  149  147  138  137  139  135  139  138  139  135  136  132  131  128  128  127
  129  128  131  131  132  128  125  117  112  104   99   93   91   89   89   92
   93   98   97  105  105  111  112  117  120  124  130  136  145  150  159  161
  170  170  176  173  176  172  173  168  170  167  171  169  173  173  178  176
  179  176  178  174  177  164  166  152  149                                   
    67.5-180.0 180.0   5.0 450.0                            LAT/LON1/LON2/DLON/H
  154  147  140  144  141  140  141  143  141  139  138  134  129  124  124  121
  123  122  126  127  127  124  121  114  108  101   95   91   89   88   89   92
   94   99  100  105  106  112  111  118  121  128  134  142  151  157  167  170
  177  178  181  179  177  174  170  168  164  165  164  166  166  168  170  171
  172  171  173  170  176  166  165  153  154                                   
    65.0-180.0 180.0   5.0 450.0                            LAT/LON1/LON2/DLON/H
  153  151  144  142  142  138  142  141  142  136  138  132  128  121  119  116
  116  115  118  119  120  117  113  108  103   96   92   88   87   87   89   90
   90   98   94  104  101  109  106  115  115  126  131  143  151  161  168  174
  178  178  182  175  178  170  169  163  162  159  161  159  161  159  163  161
  163  161  164  163  170  159  164  153  153                                   
    62.5-180.0 180.0   5.0 450.0                            LAT/LON1/LON2/DLON/H
  159  152  143  146  141  139  139  142  141  140  139  136  129  123  119  114
  112  109  112  112  113  110  107  102   97   91   87   84   84   84   85   86
   89   93   93   98   96  104  101  112  117  129  136  149  159  169  177  183
  188  189  189  185  181  176  169  166  160  160  156  157  154  156  154  155
  153  154  155  156  162  158  161  154  159                                   
    60.0-180.0 180.0   5.0 450.0                            LAT/LON1/LON2/DLON/H
  160  158  147  143  142  135  138  137  139  134  137  132  129  122  117  112
  109  106  106  106  106  104  100   96   92   87   85   83   84   84   83   84
   82   89   84   95   90  103   99  111  115  133  137  155  161  175  180  189
  190  192  192  186  186  178  175  168  165  161  160  158  158  155  155  152
  151  149  152  153  160  151  161  154  160                                   
    57.5-180.0 180.0   5.0 450.0                            LAT/LON1/LON2/DLON/H
  169  163  152  151  144  139  137  137  136  135  136  135  131  127  120  114
  108  104  102  100   99   96   94   89   87   84   83   83   83   83   81   79
   80   81   83   89   88   98   98  111  120  137  147  161  171  183  191  197
  201  203  200  198  193  189  182  179  171  169  163  164  159  160  155  155
  149  150  148  153  159  158  162  161  169                                   
    55.0-180.0 180.0   5.0 450.0                            LAT/LON1/LON2/DLON/H
  177  178  166  159  152  141  140  135  136  131  134  129  130  124  120  113
  106  101   98   96   94   92   89   86   84   84   86   87   88   88   84   81
   74   79   76   87   84   99   98  113  120  144  150  170  174  191  194  203
  203  207  206  203  202  196  194  187  183  177  176  173  171  169  165  161
  158  154  155  157  165  158  170  169  177                                   
    52.5-180.0 180.0   5.0 450.0                            LAT/LON1/LON2/DLON/H
  193  192  183  177  166  156  149  144  139  136  134  134  131  129  123  117
  109  103   98   95   93   90   88   85   86   88   92   95   96   96   91   84
   81   79   80   86   87   98  100  113  126  144  158  171  184  194  203  207
  212  213  212  210  210  206  202  199  193  192  187  190  185  187  180  179
  172  169  166  168  175  175  180  188  193                                   
    50.0-180.0 180.0   5.0 450.0                            LAT/LON1/LON2/DLON/H
  213  217  211  201  192  175  166  154  148  139  137  131  131  123  122  113
  107  100   96   94   93   91   90   90   93   97  103  107  109  106  102   94
   84   87   83   95   93  109  106  124  129  154  162  184  188  206  206  215
  215  219  218  218  220  215  214  208  208  205  205  206  207  208  205  202
  198  193  189  189  193  189  201  206  213                                   
    47.5-180.0 180.0   5.0 450.0                            LAT/LON1/LON2/DLON/H
  234  237  233  231  217  204  188  176  164  155  146  142  134  130  121  115
  107  103  100   99   99   97   99  100  103  109  115  121  121  119  112  107
   98   98   96  105  104  116  116  131  141  159  173  188  199  209  216  218
  226  226  230  230  233  229  226  222  220  221  218  227  225  235  231  234
  228  225  219  217  217  220  224  228  234                                   
    45.0-180.0 180.0   5.0 450.0                            LAT/LON1/LON2/DLON/H
  252  256  254  244  239  224  213  194  182  164  155  142  135  125  120  110
  107  102  102  104  105  106  108  110  115  122  129  132  136  131  124  118
  108  111  107  118  116  127  125  138  146  166  174  198  203  221  221  231
  232  238  241  243  247  241  241  234  233  231  233  239  245  251  254  256
  256  254  249  246  242  243  249  246  252                                   
    42.5-180.0 180.0   5.0 450.0                            LAT/LON1/LON2/DLON/H
  266  263  261  257  247  242  230  218  200  187  170  159  144  137  123  119
  111  112  112  117  118  121  124  126  132  137  142  145  144  141  133  129
  126  128  125  132  131  139  135  148  152  174  184  203  211  225  229  235
  245  244  257  255  265  258  256  249  248  248  250  256  260  269  274  279
  281  280  274  272  270  273  269  269  266                                   
    40.0-180.0 180.0   5.0 450.0                            LAT/LON1/LON2/DLON/H
  278  276  262  256  250  245  241  226  216  195  181  161  151  137  128  119
  116  116  121  126  131  132  137  140  147  151  155  155  156  150  145  143
  142  146  142  148  145  148  148  152  165  176  192  205  219  230  238  247
  256  263  269  272  278  274  275  268  273  271  278  278  288  292  301  304
  309  309  303  304  297  301  294  289  278                                   
    37.5-180.0 180.0   5.0 450.0                            LAT/LON1/LON2/DLON/H
  296  273  265  251  245  243  237  235  219  210  189  180  160  154  137  135
  125  132  133  142  143  147  152  155  162  164  166  165  162  159  154  156
  157  161  161  159  156  157  157  166  175  191  204  219  230  243  251  260
  272  277  290  290  301  296  299  297  303  308  317  322  329  335  341  348
  352  354  345  346  337  335  319  317  296                                   
    35.0-180.0 180.0   5.0 450.0                            LAT/LON1/LON2/DLON/H
  327  292  268  246  238  244  234  235  224  209  197  178  168  151  143  135
  135  137  144  147  153  156  163  168  177  180  184  182  184  177  177  177
  177  178  172  169  162  164  163  175  188  206  214  226  238  251  265  275
  290  297  309  310  320  317  324  328  342  353  366  375  379  387  392  403
  405  409  400  403  392  387  366  357  327                                   
    32.5-180.0 180.0   5.0 450.0                            LAT/LON1/LON2/DLON/H
  388  339  307  271  251  244  233  232  218  216  196  194  173  170  152  153
  144  152  153  159  162  167  175  183  195  200  204  203  201  199  194  195
  194  191  181  177  173  174  177  190  207  223  235  241  256  267  283  293
  306  313  326  327  339  336  349  359  384  404  424  436  444  455  462  476
  474  482  469  477  469  469  428  417  388                                   
    30.0-180.0 180.0   5.0 450.0                            LAT/LON1/LON2/DLON/H
  466  421  368  316  275  255  237  235  222  211  202  187  182  167  161  151
  152  153  158  160  166  173  185  197  214  223  232  232  231  223  220  214
  210  200  188  179  176  177  181  194  211  226  237  243  254  271  287  302
  313  323  333  337  347  357  376  399  426  461  475  498  499  520  517  541
  537  548  538  550  549  541  510  482  466                                   
    27.5-180.0 180.0   5.0 450.0                            LAT/LON1/LON2/DLON/H
  540  509  459  408  351  305  272  257  238  229  205  205  188  187  169  171
  159  165  163  167  173  184  199  217  237  251  260  260  256  251  242  234
  223  210  194  186  180  182  184  196  208  221  235  242  256  268  291  305
  318  328  340  349  367  390  419  456  489  525  548  575  591  605  607  614
  610  612  605  615  619  616  592  559  540                                   
    25.0-180.0 180.0   5.0 450.0                            LAT/LON1/LON2/DLON/H
  623  599  556  505  443  391  324  286  261  238  220  205  198  186  177  168
  165  162  164  166  175  188  210  233  263  279  288  286  282  270  261  243
  227  210  197  186  183  181  182  190  201  213  227  236  248  263  284  302
  317  334  349  365  389  414  448  482  525  567  597  633  648  676  676  689
  676  679  664  682  688  687  677  644  623                                   
    22.5-180.0 180.0   5.0 450.0                            LAT/LON1/LON2/DLON/H
  697  698  664  616  553  493  420  357  300  274  242  230  208  207  185  187
  168  171  166  172  183  200  224  256  286  303  309  305  296  285  269  251
  227  211  195  186  179  177  174  179  185  197  211  225  241  258  280  300
  323  343  367  392  425  458  488  527  565  607  642  678  702  716  728  732
  728  725  721  729  745  748  740  707  697                                   
    20.0-180.0 180.0   5.0 450.0                            LAT/LON1/LON2/DLON/H
  768  786  766  722  667  602  523  453  370  311  271  244  224  209  197  188
  178  174  173  179  192  210  242  277  307  320  322  315  304  287  270  244
  221  203  190  180  173  169  166  167  172  183  202  218  239  258  281  304
  331  356  383  411  445  477  507  538  578  615  655  695  716  738  742  760
  751  760  752  769  779  788  785  768  768                                   
    17.5-180.0 180.0   5.0 450.0                            LAT/LON1/LON2/DLON/H
  802  842  843  806  761  701  628  553  464  388  311  282  245  237  210  207
  184  190  182  193  204  230  262  298  320  330  327  312  295  278  258  233
  210  194  182  174  163  155  147  147  148  165  186  212  237  259  285  312
  342  370  400  435  469  499  525  560  591  627  666  696  716  732  742  757
  759  764  767  773  788  795  795  777  802                                   
    15.0-180.0 180.0   5.0 450.0                            LAT/LON1/LON2/DLON/H
  813  859  872  847  814  770  710  637  542  461  370  318  273  248  229  213
  206  202  206  213  226  252  286  313  325  326  314  295  271  252  238  213
  193  182  172  164  149  145  131  132  131  150  179  209  239  263  289  318
  348  379  410  446  485  516  542  569  602  638  665  693  706  727  730  754
  749  767  760  772  779  783  785  784  813                                   
    12.5-180.0 180.0   5.0 450.0                            LAT/LON1/LON2/DLON/H
  788  837  865  855  838  802  754  682  594  508  426  368  311  292  255  250
  231  235  228  244  248  281  301  320  320  310  288  259  235  222  210  193
  178  169  161  148  138  128  116  113  118  139  172  209  240  263  291  321
  354  387  421  465  500  535  560  595  619  649  667  687  697  712  721  738
  744  752  752  758  764  765  769  764  788                                   
    10.0-180.0 180.0   5.0 450.0                            LAT/LON1/LON2/DLON/H
  767  806  823  826  817  795  753  698  612  539  455  402  349  322  293  280
  268  264  265  271  275  296  309  315  302  282  248  217  202  194  186  177
  167  160  146  138  124  115  104  102  107  131  166  205  235  259  285  318
  352  386  423  467  505  541  568  605  628  665  678  700  702  719  723  747
  743  754  742  748  750  750  745  755  767                                   
     7.5-180.0 180.0   5.0 450.0                            LAT/LON1/LON2/DLON/H
  738  772  790  788  783  759  728  679  608  538  466  420  376  359  329  329
  310  318  303  311  298  314  311  304  279  247  213  188  176  173  170  166
