data/unet/pred1320.15i
     1.0            IONOSPHERE MAPS     GNSS                IONEX VERSION / TYPE
pyspatialgeodesy        IME             05-JAN-18 20:20     PGM / RUN BY / DATE 
Map Name                                                    COMMENT             
Predicted global ionosphere maps (GIM).                     DESCRIPTION         
  2015     5    12     0     0     0                        EPOCH OF FIRST MAP  
  2015     5    13     0     0     0                        EPOCH OF LAST MAP   
  7200                                                      INTERVAL            
    13                                                      # OF MAPS IN FILE   
  NONE                                                      MAPPING FUNCTION    
10.0                                                        ELEVATION CUTOFF    
One-way carrier phase leveled to code                       OBSERVABLES USED    
  6371.0                                                    BASE RADIUS         
 2                                                          MAP DIMENSION       
   450.0 450.0   0.0                                        HGT1 / HGT2 / DHGT  
    87.5 -87.5  -2.5                                        LAT1 / LAT2 / DLAT  
  -180.0 180.0   5.0                                        LON1 / LON2 / DLON  
    -1                                                      EXPONENT            
                                                            END OF HEADER       
[from data line 3003]
     8                                                      START OF TEC MAP    
  2015     5    12    14     0     0                        EPOCH OF CURRENT MAP
    87.5-180.0 180.0   5.0 450.0                            LAT/LON1/LON2/DLON/H
  171  183  187  184  184  180  183  181  184  182  184  182  185  183  186  184
  187  185  187  185  188  185  188  185  188  185  187  185  187  185  186  185
  185  183  183  182  182  179  179  177  179  176  177  175  178  175  177  175
  178  175  177  174  177  173  175  172  175  172  175  171  175  172  176  172
  176  172  176  172  173  171  181  162  171                                   
    85.0-180.0 180.0   5.0 450.0                            LAT/LON1/LON2/DLON/H
  165  169  170  167  169  167  172  170  174  172  175  172  177  173  179  174
  181  175  181  175  182  175  181  174  182  175  182  176  182  177  181  177
  180  176  177  173  175  171  172  168  171  167  170  168  171  169  171  170
  172  170  171  170  172  170  171  169  170  167  169  167  168  166  167  165
  165  162  163  159  161  160  161  167  165                                   
    82.5-180.0 180.0   5.0 450.0                            LAT/LON1/LON2/DLON/H
  165  158  159  156  159  155  161  160  164  163  166  166  168  169  170  172
  173  175  174  175  175  175  173  174  174  175  173  175  175  176  174  174
  173  171  169  167  166  162  162  158  160  156  160  158  162  161  164  164
  167  167  168  169  169  170  168  170  167  169  166  168  164  165  161  161
  157  155  153  149  148  149  149  151  165                                   
    80.0-180.0 180.0   5.0 450.0                            LAT/LON1/LON2/DLON/H
  149  147  144  146  147  150  154  157  160  161  163  165  166  168  168  171
  171  172  171  172  172  171  169  170  170  171  169  173  171  174  170  173
  168  169  163  164  159  158  153  153  150  150  150  152  154  156  159  162
  164  166  168  170  170  171  171  172  170  170  168  169  164  164  159  159
  153  154  146  145  139  141  133  139  149                                   
    77.5-180.0 180.0   5.0 450.0                            LAT/LON1/LON2/DLON/H
  134  129  130  131  134  139  143  148  149  152  153  155  155  157  157  160
  160  160  161  162  161  162  162  163  163  166  166  170  169  172  169  171
  166  166  161  162  154  154  148  149  145  146  147  150  153  156  161  165
  168  170  173  174  175  175  176  175  174  173  171  170  165  164  159  157
  150  148  141  137  130  129  129  127  134                                   
    75.0-180.0 180.0   5.0 450.0                            LAT/LON1/LON2/DLON/H
  130  123  123  126  131  135  142  145  148  149  152  152  155  154  157  156
  159  158  161  159  162  161  164  164  167  169  172  174  176  178  178  178
  176  174  171  168  164  160  156  154  151  152  153  156  160  165  169  173
  177  179  182  181  184  182  183  179  180  175  176  171  170  165  163  158
  154  149  144  137  132  127  125  126  130                                   
    72.5-180.0 180.0   5.0 450.0                            LAT/LON1/LON2/DLON/H
  127  120  122  125  131  135  140  141  144  144  146  147  147  148  149  151
  151  153  153  156  156  159  160  165  166  171  174  179  182  185  187  187
  186  185  181  179  173  171  164  163  160  161  162  167  170  177  181  185
  188  190  191  191  191  189  188  185  182  180  178  175  172  169  166  162
  157  151  146  138  132  128  130  124  127                                   
    70.0-180.0 180.0   5.0 450.0                            LAT/LON1/LON2/DLON/H
  126  121  122  128  132  137  141  143  145  144  146  145  148  145  149  148
  152  151  154  153  157  157  161  164  168  171  176  180  185  187  191  191
  192  190  188  186  182  179  173  172  169  171  171  179  182  189  192  196
  198  199  198  196  196  192  191  184  184  177  178  172  173  166  167  159
  158  149  147  137  133  125  129  126  126                                   
    67.5-180.0 180.0   5.0 450.0                            LAT/LON1/LON2/DLON/H
  123  119  124  129  135  138  142  142  144  142  143  143  144  144  146  147
  148  150  151  153  154  157  161  164  168  171  176  179  185  188  192  194
  196  195  194  193  188  186  181  181  178  181  182  189  192  197  198  202
  202  201  198  196  192  187  184  178  177  172  173  169  171  166  166  160
  157  150  144  138  130  126  130  122  123                                   
    65.0-180.0 180.0   5.0 450.0                            LAT/LON1/LON2/DLON/H
  116  118  121  129  136  139  144  143  146  143  146  146  150  148  153  152
  155  154  156  157  159  162  166  167  172  173  178  180  185  187  192  194
  198  198  198  197  193  192  187  187  185  188  189  196  198  202  202  203
  202  199  195  190  188  181  179  172  173  166  169  163  167  160  162  154
  153  145  141  132  126  120  122  122  116                                   
    62.5-180.0 180.0   5.0 450.0                            LAT/LON1/LON2/DLON/H
  108  109  116  124  131  134  138  139  142  141  144  146  149  150  154  154
  156  154  156  157  159  161  165  167  170  172  175  177  180  184  189  194
  197  200  199  201  197  196  192  194  192  196  197  203  205  206  205  204
  200  195  189  185  181  175  172  167  167  162  164  160  162  155  156  149
  146  139  134  126  119  112  118  113  108                                   
    60.0-180.0 180.0   5.0 450.0                            LAT/LON1/LON2/DLON/H
   98   98  101  112  119  124  131  134  139  139  145  147  153  154  158  159
  160  159  159  160  162  163  166  168  171  173  175  177  179  182  188  193
  199  202  204  205  204  202  200  199  200  202  205  209  211  210  208  205
  201  195  191  185  184  177  178  171  173  168  170  164  164  155  153  144
  141  134  129  120  112  103  105  106   98                                   
    57.5-180.0 180.0   5.0 450.0                            LAT/LON1/LON2/DLON/H
   92   86   90   98  105  110  117  123  128  132  138  144  150  153  157  158
  159  158  158  158  161  161  165  166  170  170  174  175  179  182  188  194
  201  207  209  212  211  211  208  210  211  214  218  221  223  219  216  211
  208  202  200  196  194  190  188  186  185  182  181  175  172  161  156  145
  141  133  128  119  110  100  102   95   92                                   
    55.0-180.0 180.0   5.0 450.0                            LAT/LON1/LON2/DLON/H
   89   82   79   86   92   97  105  111  120  125  134  140  149  151  156  158
  159  158  157  158  160  161  164  166  170  172  175  178  182  186  194  200
  210  215  220  221  222  220  221  220  225  226  232  232  234  230  227  223
  221  217  216  214  214  210  207  205  203  201  198  192  186  174  164  152
  144  137  130  122  113  102  100   96   89                                   
    52.5-180.0 180.0   5.0 450.0                            LAT/LON1/LON2/DLON/H
   94   80   76   80   83   86   94  100  109  117  125  134  142  146  152  154
  158  156  157  158  160  162  166  169  172  175  180  184  190  196  204  212
  221  229  233  235  235  235  236  238  242  243  249  246  249  241  240  235
  236  233  235  233  235  231  230  225  222  219  217  212  202  190  177  163
  155  147  142  133  126  113  114  102   94                                   
    50.0-180.0 180.0   5.0 450.0                            LAT/LON1/LON2/DLON/H
  106   89   78   79   83   85   91   97  107  114  124  133  140  146  152  155
  159  161  162  163  165  167  170  174  178  183  189  195  203  211  222  229
  240  245  250  252  252  252  251  252  254  256  259  259  259  254  253  250
  252  252  253  250  251  247  244  240  237  234  230  225  217  204  192  178
  170  162  158  151  144  133  133  121  106                                   
    47.5-180.0 180.0   5.0 450.0                            LAT/LON1/LON2/DLON/H
  127  107   95   89   89   89   92   98  108  113  124  133  141  146  152  157
  163  167  169  172  173  176  178  183  187  194  199  208  216  227  237  249
  258  267  272  275  274  273  272  272  274  274  279  277  278  271  272  270
  276  271  274  266  265  256  254  247  246  242  242  235  228  217  205  194
  185  179  175  171  167  159  161  146  127                                   
    45.0-180.0 180.0   5.0 450.0                            LAT/LON1/LON2/DLON/H
  150  131  111  103  104   99  103  105  115  122  131  141  146  153  158  165
  172  179  184  185  186  187  191  195  201  208  215  224  234  245  259  272
  283  294  297  301  298  297  292  292  289  292  292  295  291  290  286  288
  286  285  278  272  262  257  248  247  244  245  244  240  235  226  215  205
  198  192  190  187  185  182  182  171  150                                   
    42.5-180.0 180.0   5.0 450.0                            LAT/LON1/LON2/DLON/H
  172  154  136  128  121  115  115  118  125  132  142  150  156  161  167  176
  185  194  198  200  198  198  201  206  211  221  227  238  247  262  275  290
  304  316  326  331  337  332  334  323  327  318  322  314  316  303  308  300
  304  293  288  274  263  254  247  244  245  245  247  243  239  232  223  214
  206  201  197  194  194  193  199  188  172                                   
    40.0-180.0 180.0   5.0 450.0                            LAT/LON1/LON2/DLON/H
  183  166  147  141  139  130  133  132  142  149  160  168  173  177  184  193
  205  213  217  214  213  211  215  218  226  234  244  257  266  282  295  314
  329  347  359  375  378  383  376  374  363  358  349  344  333  326  318  317
  310  305  289  276  259  250  239  239  238  242  244  243  241  235  228  220
  213  207  202  198  197  198  202  197  183                                   
    37.5-180.0 180.0   5.0 450.0                            LAT/LON1/LON2/DLON/H
  185  170  154  149  145  139  139  139  151  160  175  182  191  194  204  214
  225  231  232  227  223  220  222  230  235  251  257  275  282  301  317  338
  360  381  405  422  434  435  435  424  415  401  392  378  368  354  349  344
  336  325  308  291  272  261  250  244  244  246  250  250  248  246  239  232
  222  213  207  199  196  195  201  194  185                                   
    35.0-180.0 180.0   5.0 450.0                            LAT/LON1/LON2/DLON/H
  182  167  146  143  139  137  141  142  157  170  191  201  215  220  231  240
  251  253  252  243  239  231  238  244  255  271  281  298  307  329  345  371
  395  426  448  473  478  487  479  475  460  451  431  420  397  388  374  371
  361  352  332  318  300  288  277  268  267  265  265  266  262  259  252  246
  233  224  211  201  193  192  195  185  182                                   
    32.5-180.0 180.0   5.0 450.0                            LAT/LON1/LON2/DLON/H
  174  163  147  143  139  136  138  140  156  174  201  218  236  244  256  264
  272  273  267  259  250  247  251  264  275  296  305  328  336  361  379  410
  442  471  501  520  539  539  542  531  520  504  489  470  453  435  425  416
  411  401  387  375  358  352  339  330  321  313  308  305  299  296  284  277
  260  248  231  216  199  193  197  174  174                                   
    30.0-180.0 180.0   5.0 450.0                            LAT/LON1/LON2/DLON/H
  175  174  152  148  137  138  137  140  152  173  206  230  256  267  281  288
  292  297  288  278  272  265  276  286  301  323  335  358  370  392  417  452
  485  522  552  576  590  599  600  594  581  570  545  525  494  482  466  464
  445  439  418  414  402  404  398  395  384  376  368  360  349  337  322  304
  285  267  253  236  221  208  213  164  175                                   
    27.5-180.0 180.0   5.0 450.0                            LAT/LON1/LON2/DLON/H
  163  177  159  148  148  139  140  139  151  171  200  233  259  276  289  298
  304  307  301  294  286  289  294  311  324  348  362  390  400  430  454  492
  529  566  603  626  640  645  652  647  634  621  593  577  548  539  521  523
  511  515  494  492  478  483  474  473  454  441  425  412  396  379  357  341
  318  301  279  255  237  219  219  165  163                                   
    25.0-180.0 180.0   5.0 450.0                            LAT/LON1/LON2/DLON/H
  169  172  152  147  139  138  138  144  145  164  187  219  254  273  291  303
  311  320  317  314  313  313  322  334  348  371  389  414  437  468  502  543
  584  629  655  677  682  691  697  695  680  670  643  627  604  598  588  598
  593  595  576  568  558  559  551  549  529  515  491  473  450  431  404  380
  350  328  298  272  246  242  234  182  169                                   
    22.5-180.0 180.0   5.0 450.0                            LAT/LON1/LON2/DLON/H
  185  190  170  161  157  148  144  146  158  165  180  210  233  262  281  300
  312  322  329  334  334  344  348  364  375  397  413  442  470  508  538  583
  620  664  688  704  708  714  718  714  705  695  674  662  641  641  632  653
  656  655  637  621  605  596  583  575  556  540  516  508  491  479  450  431
  398  381  342  316  280  273  273  218  185                                   
    20.0-180.0 180.0   5.0 450.0                            LAT/LON1/LON2/DLON/H
  222  211  183  166  152  146  145  145  147  160  176  197  219  244  272  291
  310  328  341  354  357  365  370  381  394  414  443  476  518  553  587  629
  667  703  718  729  725  727  725  721  718  712  701  686  674  676  682  703
  707  706  685  655  628  602  580  563  546  538  522  523  510  506  480  468
  441  425  390  358  326  325  319  259  222                                   
    17.5-180.0 180.0   5.0 450.0                            LAT/LON1/LON2/DLON/H
  252  241  208  181  172  163  153  152  154  159  178  193  209  235  255  281
  304  326  346  368  378  391  394  407  418  443  476  513  551  586  613  654
  686  716  729  731  734  727  728  720  725  723  715  712  699  712  722  741
  746  733  705  657  618  578  545  522  502  497  485  499  487  499  473  474
  445  443  411  395  359  362  357  293  252                                   
    15.0-180.0 180.0   5.0 450.0                            LAT/LON1/LON2/DLON/H
  278  262  227  205  180  169  160  146  145  146  157  183  207  232  254  276
  300  328  352  379  391  402  411  422  444  473  519  556  591  624  650  686
  710  727  729  731  727  725  723  723  727  732  729  728  728  737  755  764
  764  746  703  642  592  536  503  471  461  448  448  464  464  476  464  467
  449  452  429  411  384  384  370  318  278                                   
    12.5-180.0 180.0   5.0 450.0                            LAT/LON1/LON2/DLON/H
  291  276  245  216  200  185  173  161  146  150  150  174  199  230  252  276
  294  323  355  381  404  415  431  444  476  510  554  592  622  651  669  700
  714  726  725  728  729  726  730  728  737  741  740  747  745  760  763  767
  754  722  665  597  539  488  449  428  411  406  409  429  422  439  412  434
  407  422  397  400  377  387  373  323  291                                   
    10.0-180.0 180.0   5.0 450.0                            LAT/LON1/LON2/DLON/H
  282  274  252  227  210  194  179  166  151  144  143  162  199  230  259  281
  300  326  356  382  410  423  444  464  506  553  595  631  656  681  691  713
  721  731  724  731  727  730  727  733  735  747  746  755  763  766  778  760
  751  699  640  559  513  449  425  399  386  380  391  401  400  405  389  402
  391  397  387  378  367  369  361  311  282                                   
     7.5-180.0 180.0   5.0 450.0                            LAT/LON1/LON2/DLON/H
  263  271  245  232  217  200  187  173  155  149  146  170  197  235  258  289
  306  337  364  388  418  434  460  487  535  586  624  661  681  701  708  723
