data/unet/pred1610.15i
     1.0            IONOSPHERE MAPS     GNSS                IONEX VERSION / TYPE
pyspatialgeodesy        IME             05-JAN-18 20:20     PGM / RUN BY / DATE 
Map Name                                                    COMMENT             
Predicted global ionosphere maps (GIM).                     DESCRIPTION         
  2015     6    10     0     0     0                        EPOCH OF FIRST MAP  
  2015     6    11     0     0     0                        EPOCH OF LAST MAP   
  7200                                                      INTERVAL            
    13                                                      # OF MAPS IN FILE   
  NONE                                                      MAPPING FUNCTION    
10.0                                                        ELEVATION CUTOFF    
One-way carrier phase leveled to code                       OBSERVABLES USED    
  6371.0                                                    BASE RADIUS         
 2                                                          MAP DIMENSION       
   450.0 450.0   0.0                                        HGT1 / HGT2 / DHGT  
    87.5 -87.5  -2.5                                        LAT1 / LAT2 / DLAT  
  -180.0 180.0   5.0                                        LON1 / LON2 / DLON  
    -1                                                      EXPONENT            
                                                            END OF HEADER       
     1                                                      START OF TEC MAP    
  2015     6    10     0     0     0                        EPOCH OF CURRENT MAP
    87.5-180.0 180.0   5.0 450.0                            LAT/LON1/LON2/DLON/H
  198  172  166  163  162  158  158  156  159  156  156  153  155  153  152  149
  151  149  149  147  149  147  147  144  147  144  145  141  143  140  140  136
  139  135  136  133  136  134  135  133  137  135  137  135  140  139  141  140
  145  144  147  146  150  150  152  151  155  154  157  155  159  158  161  158
  162  161  165  164  169  165  160  183  198                                   
    85.0-180.0 180.0   5.0 450.0                            LAT/LON1/LON2/DLON/H
  179  183  182  180  178  173  174  172  174  172  172  168  170  167  166  163
  165  162  162  159  160  158  157  154  155  152  151  147  148  144  143  139
  140  137  137  135  137  135  135  135  137  137  138  138  141  142  143  144
  147  148  150  150  154  155  157  156  160  160  162  161  165  165  167  167
  170  170  174  174  179  173  164  160  179                                   
    82.5-180.0 180.0   5.0 450.0                            LAT/LON1/LON2/DLON/H
  180  188  188  189  186  183  183  182  184  181  180  178  178  175  173  171
  171  168  166  163  163  160  158  154  154  150  147  143  142  138  136  132
  133  130  131  129  132  130  132  130  134  133  135  135  139  139  141  141
  145  145  148  148  153  153  155  155  159  158  161  160  165  164  168  167
  171  171  177  176  182  176  169  162  180                                   
    80.0-180.0 180.0   5.0 450.0                            LAT/LON1/LON2/DLON/H
  184  193  194  195  193  194  194  196  194  194  191  191  189  187  183  183
  180  179  176  175  173  172  167  165  162  159  153  150  146  143  139  137
  135  134  134  134  136  136  137  138  140  140  142  143  145  146  147  149
  151  152  153  155  157  158  159  160  162  163  164  165  167  168  170  171
  174  175  179  180  183  180  172  165  184                                   
    77.5-180.0 180.0   5.0 450.0                            LAT/LON1/LON2/DLON/H
  187  194  195  198  197  199  201  202  202  201  199  197  195  192  189  186
  184  182  180  179  178  175  173  170  167  162  156  151  147  142  138  136
  135  134  134  136  137  138  139  141  142  144  146  148  150  152  153  155
  157  159  159  162  163  165  165  167  168  169  169  171  171  172  173  174
  175  177  179  179  181  178  173  166  187                                   
    75.0-180.0 180.0   5.0 450.0                            LAT/LON1/LON2/DLON/H
  188  193  195  196  197  199  202  204  205  204  202  200  197  193  190  186
  184  181  180  179  179  177  176  174  171  166  160  155  150  144  140  137
  136  135  137  137  139  140  143  143  147  148  152  152  155  156  159  160
  163  164  167  168  170  171  173  173  175  175  176  175  176  175  176  175
  177  176  179  178  181  178  171  165  188                                   
    72.5-180.0 180.0   5.0 450.0                            LAT/LON1/LON2/DLON/H
  188  191  191  193  194  196  199  201  204  203  202  199  196  191  188  183
  180  177  177  176  177  176  177  174  172  167  162  156  151  145  141  138
  137  137  138  140  141  143  145  147  149  151  154  156  158  159  162  163
  166  168  171  172  176  177  179  179  180  180  180  179  178  177  176  175
  175  174  176  176  178  177  170  165  188                                   
    70.0-180.0 180.0   5.0 450.0                            LAT/LON1/LON2/DLON/H
  184  188  188  190  191  193  197  201  204  205  204  203  200  195  190  185
  180  178  176  176  177  178  178  177  174  170  165  159  154  149  145  143
  142  142  144  144  146  147  149  150  152  153  155  156  159  160  163  165
  170  171  176  178  182  184  186  187  188  186  186  184  183  180  179  176
  176  174  177  176  180  177  170  166  184                                   
    67.5-180.0 180.0   5.0 450.0                            LAT/LON1/LON2/DLON/H
  186  188  187  189  188  191  195  200  205  207  209  207  205  200  194  187
  182  178  177  176  177  178  179  177  176  171  167  161  157  152  150  148
  147  147  148  149  149  150  150  149  151  150  153  153  157  159  164  166
  172  175  180  183  188  190  193  193  194  192  192  188  187  183  181  178
  177  175  177  177  182  181  173  167  186                                   
    65.0-180.0 180.0   5.0 450.0                            LAT/LON1/LON2/DLON/H
  187  191  189  189  188  191  196  203  207  212  213  214  212  208  201  194
  188  183  180  180  180  181  181  180  178  174  170  165  162  159  157  155
  155  155  155  153  153  151  150  148  148  146  148  149  152  156  161  165
  172  177  183  186  193  195  200  199  201  198  198  194  192  188  186  182
  181  178  181  181  188  185  179  173  187                                   
    62.5-180.0 180.0   5.0 450.0                            LAT/LON1/LON2/DLON/H
  195  197  193  192  190  191  196  202  209  213  217  218  218  213  207  200
  193  188  184  182  183  183  182  181  179  176  173  170  168  166  165  163
  163  161  159  156  153  149  146  142  142  139  141  142  147  150  158  163
  172  177  184  189  196  199  204  204  205  202  202  198  196  192  190  186
  185  183  185  186  193  193  187  179  195                                   
    60.0-180.0 180.0   5.0 450.0                            LAT/LON1/LON2/DLON/H
  201  204  200  198  194  195  198  204  210  216  219  223  222  219  213  207
  200  194  190  188  187  186  185  183  181  179  177  175  175  175  174  173
  171  168  164  159  154  148  144  138  136  134  134  136  140  145  152  159
  169  176  184  189  197  201  206  206  208  205  205  202  200  197  195  191
  191  188  191  192  200  198  194  187  201                                   
    57.5-180.0 180.0   5.0 450.0                            LAT/LON1/LON2/DLON/H
  212  213  208  205  201  200  203  206  211  215  220  223  224  222  218  212
  206  202  197  194  192  191  188  187  185  184  183  184  184  185  184  182
  178  174  167  160  154  146  141  135  132  129  130  131  136  141  150  157
  168  175  184  190  199  204  210  211  213  211  211  207  206  202  200  197
  196  196  198  200  207  207  202  193  212                                   
    55.0-180.0 180.0   5.0 450.0                            LAT/LON1/LON2/DLON/H
  218  221  218  215  211  209  211  211  214  216  219  222  224  224  221  218
  214  210  206  203  201  198  196  193  192  191  192  192  195  195  194  191
  186  179  171  162  155  148  141  135  132  128  128  129  133  138  146  152
  163  170  181  188  200  206  214  216  219  217  218  214  213  209  208  205
  205  203  206  207  214  213  210  202  218                                   
    52.5-180.0 180.0   5.0 450.0                            LAT/LON1/LON2/DLON/H
  230  230  227  227  224  222  222  221  221  220  220  221  223  223  223  221
  218  216  213  212  209  208  204  203  201  202  201  203  204  205  202  197
  189  181  172  163  156  150  143  138  134  130  129  129  133  137  144  150
  161  168  179  189  201  210  221  225  229  227  227  222  221  215  215  211
  211  211  213  215  222  221  218  210  230                                   
    50.0-180.0 180.0   5.0 450.0                            LAT/LON1/LON2/DLON/H
  238  240  241  242  242  241  240  236  234  229  225  223  223  224  224  224
  223  224  223  222  221  218  216  213  212  211  211  212  212  210  206  198
  190  181  172  164  159  153  149  143  140  134  133  131  134  136  142  146
  156  163  175  186  202  213  227  233  239  238  238  232  230  223  223  219
  221  220  224  224  230  227  226  220  238                                   
    47.5-180.0 180.0   5.0 450.0                            LAT/LON1/LON2/DLON/H
  252  251  256  260  263  263  263  260  254  246  238  232  228  227  227  228
  229  231  232  233  232  231  228  226  223  223  221  221  218  214  206  198
  188  180  172  168  163  160  156  152  147  141  139  135  137  138  143  147
  156  164  176  189  206  221  238  248  255  254  252  245  239  232  230  226
  229  229  234  234  241  238  235  232  252                                   
    45.0-180.0 180.0   5.0 450.0                            LAT/LON1/LON2/DLON/H
  262  264  270  275  281  285  288  286  280  270  258  247  240  236  235  235
  238  242  245  248  248  247  244  241  238  235  232  228  224  215  206  196
  187  179  175  172  172  170  168  162  158  151  148  143  144  143  146  149
  156  163  175  188  208  224  246  260  269  269  267  258  252  243  240  237
  240  242  247  248  254  251  249  247  262                                   
    42.5-180.0 180.0   5.0 450.0                            LAT/LON1/LON2/DLON/H
  278  278  284  291  301  307  313  313  310  300  285  272  260  253  247  247
  247  252  256  260  261  261  257  255  250  248  242  237  228  219  207  198
  188  185  180  181  181  181  179  175  169  163  159  154  154  152  155  157
  164  169  180  193  213  231  255  271  281  282  280  271  264  253  250  247
  252  255  261  264  270  270  266  268  278                                   
    40.0-180.0 180.0   5.0 450.0                            LAT/LON1/LON2/DLON/H
  296  298  301  308  315  324  331  337  338  332  317  303  287  277  268  264
  263  266  270  275  278  277  275  271  267  263  257  248  239  225  213  202
  196  192  191  191  193  192  190  186  181  175  173  169  168  166  167  168
  172  176  185  196  216  234  260  277  290  293  292  283  276  265  261  258
  265  268  277  283  291  293  292  293  296                                   
    37.5-180.0 180.0   5.0 450.0                            LAT/LON1/LON2/DLON/H
  318  318  323  326  334  342  352  360  365  361  349  335  318  304  291  284
  279  282  285  291  294  295  290  287  280  278  270  263  250  237  223  216
  208  206  203  203  202  201  198  196  193  190  188  185  185  183  183  182
  184  185  191  200  218  236  259  276  292  297  300  293  286  276  273  270
  277  282  294  303  315  319  317  320  318                                   
    35.0-180.0 180.0   5.0 450.0                            LAT/LON1/LON2/DLON/H
  345  351  353  354  359  365  374  384  390  389  380  368  351  336  318  308
  301  303  306  313  316  314  310  303  299  294  289  281  269  254  241  230
  224  220  218  215  212  209  207  205  205  205  206  205  205  203  200  196
  194  192  194  200  216  231  255  273  289  299  304  301  296  287  282  279
  287  294  308  323  341  346  348  346  345                                   
    32.5-180.0 180.0   5.0 450.0                            LAT/LON1/LON2/DLON/H
  372  380  384  384  388  393  400  411  418  419  411  400  382  366  347  335
  327  329  332  340  339  338  328  322  314  312  306  300  287  275  259  249
  239  235  230  225  219  215  213  214  217  221  224  225  224  220  215  206
  201  196  194  196  208  221  243  260  278  289  299  301  299  293  290  288
  295  303  320  337  361  371  370  373  372                                   
    30.0-180.0 180.0   5.0 450.0                            LAT/LON1/LON2/DLON/H
  401  416  420  421  426  428  435  443  451  452  447  436  419  402  383  371
  362  363  365  369  369  363  354  345  339  336  331  323  310  295  279  265
  252  244  237  229  220  217  216  221  226  233  239  240  239  232  224  212
  203  193  190  189  198  210  229  248  266  280  292  298  299  297  295  294
  301  310  328  349  378  389  398  394  401                                   
    27.5-180.0 180.0   5.0 450.0                            LAT/LON1/LON2/DLON/H
  422  437  447  456  459  465  468  478  483  487  481  473  457  441  420  409
  398  400  399  403  397  393  379  374  363  361  352  343  325  308  288  269
  251  240  231  222  215  213  215  223  231  241  248  250  246  238  226  210
  198  187  181  178  185  195  214  233  252  268  283  292  297  296  297  298
  307  315  334  355  385  399  407  409  422                                   
    25.0-180.0 180.0   5.0 450.0                            LAT/LON1/LON2/DLON/H
  442  462  475  486  494  498  503  511  519  521  517  509  496  482  464  451
  439  436  432  432  425  418  407  400  390  385  373  357  335  311  285  259
  237  222  212  205  200  201  207  218  230  240  247  248  244  232  219  201
  189  178  171  168  173  183  201  221  243  260  276  287  295  298  300  303
  311  320  338  361  392  406  423  420  442                                   
    22.5-180.0 180.0   5.0 450.0                            LAT/LON1/LON2/DLON/H
  451  471  487  504  514  524  527  540  546  551  546  541  529  519  500  489
  474  468  459  456  446  443  429  428  410  400  379  357  327  297  264  233
  211  196  185  181  179  186  194  207  219  230  235  235  229  217  202  186
  174  164  158  156  163  173  193  212  236  253  271  283  294  299  304  308
  317  326  344  365  394  409  423  429  451                                   
    20.0-180.0 180.0   5.0 450.0                            LAT/LON1/LON2/DLON/H
  458  480  495  514  529  538  549  559  571  576  576  571  563  553  535  522
  504  496  482  477  465  461  450  441  425  405  376  344  309  271  235  203
  182  166  157  152  157  164  177  188  200  206  209  207  201  188  177  164
  155  147  144  144  154  165  185  206  229  247  265  280  293  303  311  317
  326  336  353  374  400  413  435  436  458                                   
    17.5-180.0 180.0   5.0 450.0                            LAT/LON1/LON2/DLON/H
  458  474  489  508  526  539  554  570  582  591  593  592  584  576  558  544
  524  515  498  491  477  471  459  448  421  395  354  318  276  237  203  176
  155  141  134  134  140  150  162  171  177  179  179  174  170  159  151  141
  136  132  132  135  148  161  183  203  228  245  264  281  298  313  326  335
  343  353  370  385  406  418  432  440  458                                   
    15.0-180.0 180.0   5.0 450.0                            LAT/LON1/LON2/DLON/H
  459  473  484  500  520  531  550  565  583  594  603  604  602  594  579  562
  543  529  513  503  486  477  462  441  410  371  325  282  241  203  175  151
  136  124  123  124  134  143  154  156  158  152  149  143  141  133  128  122
  121  120  123  130  144  160  180  204  226  247  267  287  306  326  343  355
  364  375  389  402  416  424  444  446  459                                   
    12.5-180.0 180.0   5.0 450.0                            LAT/LON1/LON2/DLON/H
  461  467  477  490  505  518  534  551  568  585  596  602  603  599  586  572
  551  540  519  510  487  477  453  428  385  337  287  246  208  181  158  141
  130  123  126  130  140  146  152  148  143  132  126  120  120  116  115  111
  112  113  119  126  143  161  183  207  232  252  274  297  320  344  362  378
  390  402  414  422  429  435  448  455  461                                   
    10.0-180.0 180.0   5.0 450.0                            LAT/LON1/LON2/DLON/H
  468  472  478  487  499  506  520  531  547  564  579  588  595  594  585  571
  554  540  522  508  485  468  438  403  353  300  253  215  187  166  151  140
  136  135  139  145  151  156  155  146  135  120  113  108  109  108  109  106
  107  109  114  123  139  157  180  205  232  256  281  306  330  356  380  399
  412  427  438  441  445  446  465  466  468                                   
     7.5-180.0 180.0   5.0 450.0                            LAT/LON1/LON2/DLON/H
  483  485  489  491  496  498  504  510  520  534  549  560  573  576  571  561
  546  535  516  502  474  452  412  371  314  265  224  196  177  165  159  153
