data/unet/pred0340.15i
     1.0            IONOSPHERE MAPS     GNSS                IONEX VERSION / TYPE
pyspatialgeodesy        IME             05-JAN-18 20:20     PGM / RUN BY / DATE 
Map Name                                                    COMMENT             
Predicted global ionosphere maps (GIM).                     DESCRIPTION         
  2015     2     3     0     0     0                        EPOCH OF FIRST MAP  
  2015     2     4     0     0     0                        EPOCH OF LAST MAP   
  7200                                                      INTERVAL            
    13                                                      # OF MAPS IN FILE   
  NONE                                                      MAPPING FUNCTION    
10.0                                                        ELEVATION CUTOFF    
One-way carrier phase leveled to code                       OBSERVABLES USED    
  6371.0                                                    BASE RADIUS         
 2                                                          MAP DIMENSION       
   450.0 450.0   0.0                                        HGT1 / HGT2 / DHGT  
    87.5 -87.5  -2.5                                        LAT1 / LAT2 / DLAT  
  -180.0 180.0   5.0                                        LON1 / LON2 / DLON  
    -1                                                      EXPONENT            
                                                            END OF HEADER       
[from data line 3432]
     9                                                      START OF TEC MAP    
  2015     2     3    16     0     0                        EPOCH OF CURRENT MAP
    87.5-180.0 180.0   5.0 450.0                            LAT/LON1/LON2/DLON/H
  114  127  124  127  126  127  127  129  129  131  131  133  133  135  135  136
  136  136  136  136  136  135  135  134  134  133  134  132  133  131  132  129
  130  127  127  124  125  122  123  120  121  119  119  118  119  118  119  118
  119  119  119  119  120  120  119  120  119  119  118  119  118  118  117  118
  117  119  117  119  119  120  125  138  114                                   
    85.0-180.0 180.0   5.0 450.0                            LAT/LON1/LON2/DLON/H
   87  110  108  112  114  114  117  118  121  123  125  126  129  130  131  132
  133  134  134  136  135  137  135  138  134  136  133  134  130  130  126  126
  122  121  117  116  113  112  109  109  106  107  104  105  104  105  103  105
  104  106  105  108  107  109  108  110  109  110  107  109  106  106  103  104
  102  104  101  104  102  101  105  106   87                                   
    82.5-180.0 180.0   5.0 450.0                            LAT/LON1/LON2/DLON/H
   87   87   92   90   96   94  101  101  107  107  113  113  119  120  126  127
  132  133  138  138  142  140  143  140  141  138  138  133  133  128  127  121
  120  114  114  108  107  103  102   98   98   95   96   94   95   96   96   97
   98  100  100  100  102  101  103  100  104   99  101   96   97   91   92   87
   89   84   86   82   86   77   91   84   87                                   
    80.0-180.0 180.0   5.0 450.0                            LAT/LON1/LON2/DLON/H
   72   72   71   76   76   80   82   88   90   97   98  105  106  112  114  120
  122  126  128  133  135  137  138  139  139  138  137  135  133  129  127  123
  120  115  111  107  102   98   94   90   86   84   82   81   82   82   84   86
   89   91   93   95   96   97   96   97   96   96   93   93   89   87   83   80
   77   75   72   71   67   67   74   75   72                                   
    77.5-180.0 180.0   5.0 450.0                            LAT/LON1/LON2/DLON/H
   64   64   65   62   67   70   74   78   81   85   88   94   98  102  109  113
  120  122  130  133  139  141  144  145  144  142  141  139  136  131  128  124
  119  114  109  103   97   91   85   81   76   74   71   71   71   73   76   81
   85   91   94   98   99  102  101  102  100  100   98   96   92   88   84   79
   76   72   70   65   62   58   63   68   64                                   
    75.0-180.0 180.0   5.0 450.0                            LAT/LON1/LON2/DLON/H
   61   61   61   58   64   64   71   70   77   78   86   90   98  103  112  116
  124  128  136  140  146  150  153  154  152  151  146  144  139  135  131  128
  121  117  110  105   97   91   84   78   72   68   66   66   67   69   73   77
   83   89   95   99  102  104  105  105  106  104  104  100   98   94   91   86
   83   77   75   68   65   63   69   72   61                                   
    72.5-180.0 180.0   5.0 450.0                            LAT/LON1/LON2/DLON/H
   66   68   71   63   68   70   74   76   79   84   87   95  101  108  118  124
  133  138  149  154  164  166  171  171  169  165  158  154  146  143  137  134
  127  122  115  109  100   93   84   77   70   67   66   65   67   70   74   79
   83   90   94  100  103  106  106  107  107  107  106  104  102  100   97   94
   90   87   84   78   72   69   73   79   66                                   
    70.0-180.0 180.0   5.0 450.0                            LAT/LON1/LON2/DLON/H
   68   72   73   69   71   74   78   78   82   84   90   95  103  110  122  129
  140  148  161  172  182  189  194  193  188  181  173  163  154  146  142  137
  133  127  122  115  108  100   92   83   76   70   68   68   70   73   76   79
   83   89   91   96   96  101  100  104  103  105  103  104  103  102  100   99
   97   94   92   86   82   78   83   87   68                                   
    67.5-180.0 180.0   5.0 450.0                            LAT/LON1/LON2/DLON/H
   73   79   79   72   77   79   80   82   84   86   89   95  103  112  124  135
  148  159  178  189  206  213  219  220  213  205  191  181  168  160  151  147
  141  136  130  123  115  108  100   92   84   80   77   77   76   78   77   78
   80   81   84   83   84   85   86   88   89   92   93   97   97   99   99  100
   98   98   96   92   86   81   84   92   73                                   
    65.0-180.0 180.0   5.0 450.0                            LAT/LON1/LON2/DLON/H
   72   78   77   76   78   78   82   79   83   81   88   91  101  110  123  135
  151  166  187  205  224  236  245  244  241  227  214  198  186  175  167  157
  155  146  142  133  126  117  110  101   96   90   88   85   85   85   82   81
   76   76   72   70   67   67   66   69   71   77   79   85   87   91   93   94
   94   94   94   89   85   80   83   90   72                                   
    62.5-180.0 180.0   5.0 450.0                            LAT/LON1/LON2/DLON/H
   66   70   71   68   70   70   72   70   74   74   80   85   94  104  116  133
  150  167  192  212  237  251  262  262  257  246  233  218  204  192  183  177
  171  164  159  150  140  129  120  112  106  100   96   92   89   83   78   71
   66   59   57   51   49   46   46   47   53   57   64   67   74   77   81   85
   85   86   84   81   73   69   70   81   66                                   
    60.0-180.0 180.0   5.0 450.0                            LAT/LON1/LON2/DLON/H
   55   55   58   59   61   61   62   59   65   64   74   77   89   97  111  127
  146  165  193  216  243  257  273  272  268  258  248  236  227  217  210  202
  197  186  182  170  160  147  138  127  121  112  108  101   97   89   79   70
   59   52   45   39   35   32   31   33   38   42   49   53   60   63   67   69
   71   73   72   66   61   56   57   65   55                                   
    57.5-180.0 180.0   5.0 450.0                            LAT/LON1/LON2/DLON/H
   49   44   45   45   46   48   47   47   52   55   63   72   83   93  105  121
  140  165  195  218  243  257  273  277  275  269  262  256  251  245  240  233
  225  217  206  192  178  165  155  143  135  126  120  111  102   88   75   64
   55   45   41   35   31   28   27   29   33   37   42   45   53   53   60   59
   63   60   60   53   48   47   44   51   49                                   
    55.0-180.0 180.0   5.0 450.0                            LAT/LON1/LON2/DLON/H
   44   35   39   39   41   41   42   39   46   49   62   70   83   92  106  121
  143  169  199  220  245  258  275  277  281  275  272  268  269  269  267  263
  254  245  230  214  198  182  173  160  153  144  137  127  117  103   88   75
   63   54   47   42   39   37   38   39   43   46   49   50   54   54   57   57
   58   59   56   52   48   46   44   43   44                                   
    52.5-180.0 180.0   5.0 450.0                            LAT/LON1/LON2/DLON/H
   51   40   39   40   39   41   38   38   43   49   59   71   85   96  114  132
  155  180  210  229  251  261  275  279  288  285  289  287  293  293  294  291
  282  268  249  230  212  195  185  173  166  156  150  140  129  114  100   89
   78   71   64   61   58   58   57   61   62   65   64   63   65   61   64   62
   64   63   62   57   51   52   46   43   51                                   
    50.0-180.0 180.0   5.0 450.0                            LAT/LON1/LON2/DLON/H
   60   47   53   48   51   48   47   44   49   56   67   79   93  106  126  143
  167  191  219  238  257  266  282  284  295  294  299  301  306  310  311  308
  293  279  258  241  226  210  200  189  183  173  166  156  146  133  121  111
  102   96   90   87   85   85   87   89   91   93   90   87   84   78   77   75
   76   74   73   70   67   65   63   60   60                                   
    47.5-180.0 180.0   5.0 450.0                            LAT/LON1/LON2/DLON/H
   81   71   70   68   65   61   58   57   61   70   81   93  110  123  143  163
  190  211  237  251  269  276  288  293  305  305  314  311  317  316  318  308
  295  277  258  244  232  218  211  200  195  185  177  168  157  146  134  129
  122  118  114  112  109  109  109  114  115  120  115  114  106  102   97   95
   92   91   88   86   82   82   80   78   81                                   
    45.0-180.0 180.0   5.0 450.0                            LAT/LON1/LON2/DLON/H
   94   84   87   83   81   76   72   69   76   85   96  110  126  141  160  180
  205  226  249  264  282  290  304  309  319  318  323  319  321  319  313  301
  285  269  255  245  239  228  223  213  207  196  186  175  167  157  149  142
  137  133  128  126  123  121  123  127  132  135  135  129  127  119  118  113
  112  108  105  101   97   97  102  105   94                                   
    42.5-180.0 180.0   5.0 450.0                            LAT/LON1/LON2/DLON/H
  110  104  106  103  100   95   90   89   94  104  115  130  145  159  180  200
  225  244  266  279  294  300  316  322  332  327  330  321  318  306  297  279
  267  253  249  244  246  237  237  225  218  203  192  180  173  162  155  150
  144  140  133  130  124  122  121  128  131  139  136  137  132  131  126  126
  120  119  113  112  109  109  116  120  110                                   
    40.0-180.0 180.0   5.0 450.0                            LAT/LON1/LON2/DLON/H
  113  106  111  109  108  101  100  100  107  117  132  148  163  177  196  215
  237  255  279  291  306  316  330  338  343  337  333  320  310  293  280  261
  252  245  248  252  257  254  253  242  231  213  199  186  178  168  160  150
  144  135  130  123  117  114  113  119  125  131  134  133  134  131  130  126
  124  116  112  106  109  110  121  128  113                                   
    37.5-180.0 180.0   5.0 450.0                            LAT/LON1/LON2/DLON/H
  113  108  115  111  110  104  105  106  116  129  146  164  180  193  212  229
  251  269  290  300  313  321  339  345  354  345  338  319  307  285  273  255
  255  254  269  278  287  285  280  265  250  228  212  198  189  178  168  159
  147  140  131  125  115  108  106  108  113  119  118  121  119  118  115  115
  108  103   93   94   99  103  115  120  113                                   
    35.0-180.0 180.0   5.0 450.0                            LAT/LON1/LON2/DLON/H
  103   96  104  103  104  100  104  111  122  140  163  179  198  210  227  242
  262  278  299  308  323  334  348  356  359  350  339  322  309  290  282  274
  280  289  304  319  325  322  308  294  275  253  234  219  207  197  184  173
  163  153  144  136  126  118  111  110  109  113  112  113  111  111  107  106
   99   94   88   80   89   89   99  108  103                                   
    32.5-180.0 180.0   5.0 450.0                            LAT/LON1/LON2/DLON/H
   88   85   94   94   97   93   99  103  121  141  168  189  209  223  241  256
  277  292  311  319  333  341  357  361  364  354  348  335  332  324  326  329
  344  356  372  378  377  366  349  330  307  286  269  253  242  232  221  210
  197  187  176  168  156  145  136  127  124  118  118  112  112  106  107  106
  104  100   95   87   84   83   85   89   88                                   
    30.0-180.0 180.0   5.0 450.0                            LAT/LON1/LON2/DLON/H
   77   69   75   79   83   86   91  100  118  142  174  197  222  237  256  269
  292  306  326  337  350  359  368  368  367  357  356  356  362  373  385  407
  423  442  452  454  434  420  387  370  344  328  306  297  286  281  273  265
  253  245  233  226  212  200  184  176  168  167  158  153  146  140  135  132
  124  118  102   99   88   86   82   76   77                                   
    27.5-180.0 180.0   5.0 450.0                            LAT/LON1/LON2/DLON/H
   73   72   69   72   76   81   88   96  117  142  176  205  232  249  270  286
  310  325  345  357  368  373  376  370  372  368  381  396  423  448  482  509
  537  549  554  539  515  478  443  415  393  374  362  349  344  342  342  338
  335  316  307  291  282  259  243  220  210  199  196  186  184  174  173  161
  156  142  123  103   87   74   81   66   73                                   
    25.0-180.0 180.0   5.0 450.0                            LAT/LON1/LON2/DLON/H
   74   63   70   69   69   73   79   91  111  139  179  213  244  264  287  303
  330  347  371  385  396  396  392  383  384  392  415  452  495  548  590  632
  654  662  659  632  591  547  502  478  449  435  419  414  407  409  406  407
  401  398  392  389  377  361  338  313  291  267  251  234  225  210  207  195
  188  166  150  130  112   93   79   79   74                                   
    22.5-180.0 180.0   5.0 450.0                            LAT/LON1/LON2/DLON/H
   84   79   82   79   78   78   78   85  114  149  190  227  258  280  304  328
  353  374  399  414  422  415  411  401  414  430  473  519  581  638  695  729
  759  756  750  705  660  601  561  535  510  488  479  470  476  481  493  496
  499  498  492  484  469  449  426  397  362  339  312  297  284  276  265  254
  241  221  195  171  152  135  117  102   84                                   
    20.0-180.0 180.0   5.0 450.0                            LAT/LON1/LON2/DLON/H
  102   92   87   83   81   83   89  104  122  161  196  236  268  295  324  355
  382  408  436  450  455  450  439  443  460  495  540  593  657  721  775  812
  830  823  803  758  709  659  620  598  572  559  546  545  551  562  563  556
  548  540  535  526  515  501  474  449  421  397  375  359  342  325  311  297
  282  265  241  213  189  178  154  134  102                                   
    17.5-180.0 180.0   5.0 450.0                            LAT/LON1/LON2/DLON/H
  126  118  111  105  100   96   96  107  144  177  217  252  285  316  351  383
  415  444  477  488  494  486  487  497  527  562  612  662  728  783  829  846
  861  844  827  780  736  687  667  654  641  621  605  587  582  578  585  581
  581  567  555  540  523  502  479  462  439  426  407  402  383  370  347  333
  312  299  276  255  220  202  199  163  126                                   
    15.0-180.0 180.0   5.0 450.0                            LAT/LON1/LON2/DLON/H
  145  142  132  116  109  102  104  126  166  213  245  283  310  345  380  418
  445  479  511  526  530  531  540  564  595  635  676  716  771  811  844  857
  860  845  822  788  747  715  700  694  688  675  654  628  608  601  594  587
  575  557  544  529  503  489  470  458  442  437  422  421  404  394  365  351
  324  308  282  264  234  218  215  174  145                                   
    12.5-180.0 180.0   5.0 450.0                            LAT/LON1/LON2/DLON/H
  156  155  140  126  114  100  102  131  183  232  275  308  338  371  412  449
  477  511  546  564  572  583  597  627  662  695  724  756  790  813  834  835
  837  820  805  776  757  741  733  733  728  714  682  641  604  578  560  540
  524  508  488  475  459  444  430  427  422  419  410  406  393  388  362  347
  319  305  278  262  236  224  224  175  156                                   
    10.0-180.0 180.0   5.0 450.0                            LAT/LON1/LON2/DLON/H
  150  155  144  127  113  102  106  143  196  255  296  338  373  407  451  486
  518  552  588  606  620  636  658  689  720  744  763  782  799  805  810  806
  798  785  769  762  760  753  755  757  752  737  698  642  593  549  521  494
  474  445  420  398  383  378  377  383  387  396  390  394  381  380  351  335
  304  293  266  257  233  226  221  167  150                                   
     7.5-180.0 180.0   5.0 450.0                            LAT/LON1/LON2/DLON/H
  147  148  138  124  110  102  110  152  208  272  316  356  401  441  480  519
  553  592  628  650  668  681  704  731  757  778  789  789  787  785  790  779
