data/unet/pred3150.15i
     1.0            IONOSPHERE MAPS     GNSS                IONEX VERSION / TYPE
pyspatialgeodesy        IME             05-JAN-18 20:20     PGM / RUN BY / DATE 
Map Name                                                    COMMENT             
Predicted global ionosphere maps (GIM).                     DESCRIPTION         
  2015    11    11     0     0     0                        EPOCH OF FIRST MAP  
  2015    11    12     0     0     0                        EPOCH OF LAST MAP   
  7200                                                      INTERVAL            
    13                                                      # OF MAPS IN FILE   
  NONE                                                      MAPPING FUNCTION    
10.0                                                        ELEVATION CUTOFF    
One-way carrier phase leveled to code                       OBSERVABLES USED    
  6371.0                                                    BASE RADIUS         
 2                                                          MAP DIMENSION       
   450.0 450.0   0.0                                        HGT1 / HGT2 / DHGT  
    87.5 -87.5  -2.5                                        LAT1 / LAT2 / DLAT  
  -180.0 180.0   5.0                                        LON1 / LON2 / DLON  
    -1                                                      EXPONENT            
                                                            END OF HEADER       
[from data line 3432]
     9                                                      START OF TEC MAP    
  2015    11    11    16     0     0                        EPOCH OF CURRENT MAP
    87.5-180.0 180.0   5.0 450.0                            LAT/LON1/LON2/DLON/H
   74   88   89   91   90   91   91   91   91   92   92   93   93   94   94   95
   94   95   95   96   94   95   95   95   94   95   94   95   93   94   93   94
   92   93   92   93   92   92   92   92   91   92   91   92   91   91   90   91
   90   90   89   89   89   89   88   89   88   89   88   88   87   88   86   87
   86   87   87   88   89   88   90   95   74                                   
    85.0-180.0 180.0   5.0 450.0                            LAT/LON1/LON2/DLON/H
   57   69   64   67   68   68   70   70   72   72   74   74   75   77   77   78
   79   80   80   81   81   81   81   80   80   80   80   79   79   79   78   77
   77   77   76   76   76   76   75   74   74   74   73   73   72   73   71   72
   71   72   70   71   70   72   70   71   70   71   69   70   68   69   66   67
   65   66   65   66   65   65   65   61   57                                   
    82.5-180.0 180.0   5.0 450.0                            LAT/LON1/LON2/DLON/H
   49   47   48   51   50   52   52   54   55   57   57   59   60   62   63   65
   67   68   69   70   72   72   73   72   72   73   71   71   69   70   67   67
   65   66   64   65   63   64   62   62   61   61   60   59   58   58   56   57
   56   57   56   57   57   59   58   59   58   58   57   57   56   55   53   52
   51   50   49   49   47   41   53   43   49                                   
    80.0-180.0 180.0   5.0 450.0                            LAT/LON1/LON2/DLON/H
   35   38   38   40   41   43   43   46   47   49   49   52   53   55   57   59
   61   63   65   68   70   71   72   73   73   73   71   72   69   70   66   67
   63   66   62   64   61   63   59   59   56   56   53   52   51   50   49   49
   50   51   51   52   54   54   55   55   55   54   54   52   51   49   48   46
   45   43   42   40   37   35   42   35   35                                   
    77.5-180.0 180.0   5.0 450.0                            LAT/LON1/LON2/DLON/H
   30   32   34   32   33   35   38   38   40   40   43   43   46   46   51   51
   56   57   63   64   69   69   72   71   73   70   71   67   65   62   61   58
   57   57   57   58   58   58   57   56   56   53   53   49   50   48   49   48
   51   50   54   53   57   56   58   57   57   55   56   51   52   46   48   42
   43   38   40   34   35   27   32   29   30                                   
    75.0-180.0 180.0   5.0 450.0                            LAT/LON1/LON2/DLON/H
   28   31   34   33   35   36   39   37   41   39   43   41   45   45   50   50
   56   57   65   65   72   73   77   74   77   74   75   68   67   62   61   56
   56   56   56   56   57   57   56   55   53   51   50   46   46   44   46   45
   49   49   54   54   57   59   60   59   59   57   57   53   52   48   48   43
   44   39   42   34   38   34   40   32   28                                   
    72.5-180.0 180.0   5.0 450.0                            LAT/LON1/LON2/DLON/H
   36   38   41   37   38   38   41   39   42   40   43   42   45   45   51   51
   57   59   66   69   76   79   84   83   86   84   81   76   71   66   63   58
   56   56   57   57   57   58   57   54   53   48   47   42   42   40   43   43
   48   49   54   57   60   61   62   61   60   58   57   54   52   50   49   46
   46   42   43   37   39   33   38   33   36                                   
    70.0-180.0 180.0   5.0 450.0                            LAT/LON1/LON2/DLON/H
   39   39   43   40   43   41   45   40   45   40   45   42   47   45   51   50
   57   61   70   74   83   88   93   94   96   93   92   82   79   69   67   59
   60   57   59   59   60   59   56   54   50   46   42   39   37   37   38   42
   46   51   54   60   61   64   63   62   60   58   56   54   52   51   49   49
   48   47   47   43   44   42   47   40   39                                   
    67.5-180.0 180.0   5.0 450.0                            LAT/LON1/LON2/DLON/H
   45   45   48   44   45   44   47   45   48   46   49   48   52   50   55   53
   61   63   73   80   91   98  105  108  109  108  102   98   87   81   72   67
   62   62   61   63   62   62   59   55   50   44   41   36   35   33   36   38
   46   49   56   59   62   63   62   61   58   56   54   52   51   50   50   50
   50   49   48   46   45   41   45   41   45                                   
    65.0-180.0 180.0   5.0 450.0                            LAT/LON1/LON2/DLON/H
   41   40   45   41   44   42   47   42   48   45   51   50   55   52   57   56
   62   68   78   87  101  109  119  121  124  121  118  110  102   92   84   75
   71   68   67   67   66   66   62   59   50   46   39   37   33   34   34   39
   42   49   53   58   59   61   59   56   54   50   50   47   47   47   47   47
   47   47   47   44   45   43   48   42   41                                   
    62.5-180.0 180.0   5.0 450.0                            LAT/LON1/LON2/DLON/H
   36   38   41   36   39   39   42   43   47   48   55   56   62   59   64   62
   67   71   82   92  107  117  129  132  136  132  131  124  116  108   97   89
   82   78   75   74   72   70   65   62   52   46   39   35   32   30   33   35
   41   43   51   52   56   53   55   50   50   46   46   44   44   43   43   42
   42   41   40   38   38   35   38   35   36                                   
    60.0-180.0 180.0   5.0 450.0                            LAT/LON1/LON2/DLON/H
   25   28   31   27   31   31   37   35   43   44   54   56   63   62   65   66
   71   76   88  100  116  127  139  143  148  145  144  141  134  127  116  107
   97   92   86   84   78   77   70   67   57   52   42   40   34   33   32   36
   37   41   44   46   48   47   47   45   45   42   42   40   41   40   39   37
   37   34   35   32   33   32   35   29   25                                   
    57.5-180.0 180.0   5.0 450.0                            LAT/LON1/LON2/DLON/H
   20   25   26   21   22   22   27   29   37   41   53   58   66   67   71   72
   76   81   93  104  122  133  146  149  157  153  158  155  154  147  141  131
  122  112  104   98   91   85   78   73   64   58   50   44   39   35   35   35
   37   37   41   40   43   41   42   41   43   41   43   42   41   38   37   35
   33   31   31   29   27   24   28   19   20                                   
    55.0-180.0 180.0   5.0 450.0                            LAT/LON1/LON2/DLON/H
   18   22   23   19   21   17   23   22   32   36   50   56   66   69   74   77
   84   89  101  113  130  143  157  160  167  165  169  169  172  168  163  154
  146  135  125  114  106   98   91   86   78   73   65   60   52   49   43   43
   40   41   40   42   42   42   43   43   45   44   46   44   45   41   40   35
   35   30   32   27   29   30   32   20   18                                   
    52.5-180.0 180.0   5.0 450.0                            LAT/LON1/LON2/DLON/H
   28   30   29   22   19   17   18   20   28   35   48   56   67   72   80   86
   93  101  113  126  142  152  165  169  177  177  184  188  192  192  188  179
  169  156  145  133  124  113  104   99   91   86   79   73   67   60   54   50
   47   44   45   45   48   47   50   52   55   55   56   56   54   50   46   42
   39   35   34   33   32   32   36   21   28                                   
    50.0-180.0 180.0   5.0 450.0                            LAT/LON1/LON2/DLON/H
   43   41   38   30   31   24   26   23   32   37   50   59   70   76   86   94
  104  114  129  140  155  163  176  182  190  190  199  203  211  210  207  197
  186  170  158  146  138  128  121  115  108  104   98   94   86   80   71   66
   58   56   55   56   57   58   62   63   66   65   68   66   66   60   58   51
   51   45   47   43   45   47   52   38   43                                   
    47.5-180.0 180.0   5.0 450.0                            LAT/LON1/LON2/DLON/H
   64   58   51   46   41   35   33   34   41   47   57   65   75   83   95  105
  120  132  147  158  170  178  190  195  201  204  212  219  225  223  216  206
  192  176  165  155  146  138  131  126  120  115  111  106  100   92   85   78
   72   69   68   69   71   73   76   78   79   81   79   81   76   74   69   67
   60   59   57   60   58   59   64   51   64                                   
    45.0-180.0 180.0   5.0 450.0                            LAT/LON1/LON2/DLON/H
   75   69   67   57   60   50   53   48   57   59   70   74   86   95  109  121
  138  150  165  173  186  194  203  206  215  215  224  225  230  221  215  201
  189  173  164  155  150  144  139  134  130  125  122  117  111  105   96   91
   85   84   83   85   86   88   89   89   90   89   90   88   88   85   83   78
   76   72   72   71   73   74   80   72   75                                   
    42.5-180.0 180.0   5.0 450.0                            LAT/LON1/LON2/DLON/H
   84   79   76   76   73   66   67   66   73   76   84   92  102  110  125  139
  157  169  182  192  203  208  214  219  224  227  230  231  228  215  205  190
  178  166  159  155  152  147  143  138  134  130  126  122  116  109  101   96
   92   93   93   95   96   97   94   96   93   95   92   94   92   93   88   88
   82   80   75   81   79   79   85   77   84                                   
    40.0-180.0 180.0   5.0 450.0                            LAT/LON1/LON2/DLON/H
   87   80   83   78   83   76   81   79   90   92  106  112  122  129  145  159
  177  185  200  206  215  219  226  231  236  235  239  231  225  207  196  180
  169  160  158  157  157  154  151  146  141  135  131  126  120  113  104  100
   97   98   98  100  100   98   95   93   93   93   92   94   96   97   96   94
   91   86   84   83   83   80   86   80   87                                   
    37.5-180.0 180.0   5.0 450.0                            LAT/LON1/LON2/DLON/H
   78   77   77   83   84   80   85   88  101  111  125  132  143  149  165  178
  194  203  215  220  226  231  235  240  243  244  242  234  223  203  190  178
  171  168  170  171  173  169  165  157  150  142  136  130  122  115  106  102
   99   99  100  100   97   94   89   89   87   88   88   92   93   95   93   93
   86   84   77   80   75   74   80   66   78                                   
    35.0-180.0 180.0   5.0 450.0                            LAT/LON1/LON2/DLON/H
   61   67   69   69   76   75   85   90  109  122  141  149  162  171  186  197
  213  222  232  234  239  243  246  248  251  249  248  236  228  210  204  195
  197  197  205  204  206  198  189  178  167  156  147  139  131  123  114  109
  105  104  101   98   96   92   88   87   89   90   92   94   95   96   95   92
   87   81   76   74   71   68   72   56   61                                   
    32.5-180.0 180.0   5.0 450.0                            LAT/LON1/LON2/DLON/H
   35   50   54   59   62   62   74   88  107  126  150  163  180  189  205  216
  230  238  246  249  252  254  255  256  258  255  255  248  243  233  233  234
  243  252  260  261  256  242  226  206  192  177  167  156  146  137  128  122
  117  114  110  104  101   97   96   95   97   99  101  103  102   99   95   92
   81   75   69   69   62   61   62   37   35                                   
    30.0-180.0 180.0   5.0 450.0                            LAT/LON1/LON2/DLON/H
   25   44   36   25   35   47   65   82  106  125  157  171  194  203  221  232
  247  255  263  267  269  269  268  267  266  265  264  264  266  271  281  293
  313  324  333  327  315  294  268  246  225  209  196  185  176  164  156  147
  140  134  127  120  116  113  114  116  120  122  123  122  119  114  107  100
   91   83   77   73   67   63   58   34   25                                   
    27.5-180.0 180.0   5.0 450.0                            LAT/LON1/LON2/DLON/H
   18   17   12   -4    3   16   45   77  101  123  156  178  204  215  235  248
  262  269  278  282  284  282  279  274  276  274  280  288  302  320  345  366
  391  405  412  401  381  348  315  288  267  248  236  221  213  202  194  184
  175  166  158  149  144  142  145  146  151  153  153  149  143  132  121  112
  102   96   91   88   81   77   65   31   18                                   
    25.0-180.0 180.0   5.0 450.0                            LAT/LON1/LON2/DLON/H
   28   32    7   -6  -15    4   27   62   98  123  155  180  210  224  248  261
  280  284  295  296  298  295  291  287  288  291  299  316  335  365  399  435
  467  487  486  471  437  400  359  331  306  294  278  270  259  251  242  233
  223  213  201  191  185  181  183  186  189  192  186  180  168  157  142  130
  119  114  111  111  106   99   89   45   28                                   
    22.5-180.0 180.0   5.0 450.0                            LAT/LON1/LON2/DLON/H
   48   39   24   -6  -16  -16   12   44   89  124  160  186  222  236  261  273
  291  294  304  304  307  302  301  297  301  307  325  348  372  411  460  507
  544  560  559  530  490  445  404  372  350  332  320  310  304  297  293  286
  278  268  256  238  230  221  222  219  225  224  225  216  202  185  170  156
  147  140  135  134  130  122  114   73   48                                   
    20.0-180.0 180.0   5.0 450.0                            LAT/LON1/LON2/DLON/H
   76   62   46   24    0    6   19   52   92  129  167  195  231  251  275  289
  307  308  319  315  318  311  314  310  319  331  350  379  410  462  520  568
  605  618  608  576  529  487  438  415  388  376  357  351  341  343  340  336
  321  308  291  279  269  260  253  246  242  239  236  228  221  206  198  186
  178  171  161  154  143  139  133   96   76                                   
    17.5-180.0 180.0   5.0 450.0                            LAT/LON1/LON2/DLON/H
  100   86   73   54   29   22   29   56   99  129  179  213  248  267  295  307
  323  323  330  323  325  316  319  325  338  356  382  410  447  498  560  601
  637  644  633  596  552  507  469  446  428  413  398  384  374  363  364  359
  353  341  329  317  306  296  284  274  260  253  246  241  234  223  219  212
  203  198  183  174  162  155  145  121  100                                   
    15.0-180.0 180.0   5.0 450.0                            LAT/LON1/LON2/DLON/H
  114  106   87   74   57   61   64   89  123  155  197  228  265  288  311  330
  342  346  343  338  334  329  333  345  360  388  408  443  475  528  584  619
  649  652  638  605  558  527  492  479  463  451  428  414  392  388  380  381
  371  365  353  342  331  320  304  291  273  264  253  244  239  229  229  226
  216  210  196  184  169  159  150  131  114                                   
    12.5-180.0 180.0   5.0 450.0                            LAT/LON1/LON2/DLON/H
  117  118  106   91   78   76   85  106  137  167  214  253  293  315  344  363
  375  374  368  361  358  353  358  372  391  414  436  462  501  545  596  622
  646  646  633  598  565  536  517  505  494  474  446  422  405  393  389  388
  381  376  365  358  345  334  314  301  279  272  255  251  238  235  234  228
  220  209  201  186  170  158  144  131  117                                   
    10.0-180.0 180.0   5.0 450.0                            LAT/LON1/LON2/DLON/H
  109  121  109  109   99  111  114  139  165  199  241  278  316  338  367  393
  401  406  391  392  380  386  386  408  419  445  463  490  524  561  598  614
  630  627  612  591  562  549  533  532  512  491  452  425  398  383  373  374
  369  369  361  357  343  334  311  302  278  269  247  236  230  226  225  220
  215  206  194  182  161  144  135  122  109                                   
     7.5-180.0 180.0   5.0 450.0                            LAT/LON1/LON2/DLON/H
  100  111  105  100  110  116  132  153  181  215  256  299  334  367  399  423
  436  438  430  427  417  423  425  444  460  476  501  518  554  575  600  603
