data/unet/pred0390.15i
     1.0            IONOSPHERE MAPS     GNSS                IONEX VERSION / TYPE
pyspatialgeodesy        IME             05-JAN-18 20:20     PGM / RUN BY / DATE 
Map Name                                                    COMMENT             
Predicted global ionosphere maps (GIM).                     DESCRIPTION         
  2015     2     8     0     0     0                        EPOCH OF FIRST MAP  
  2015     2     9     0     0     0                        EPOCH OF LAST MAP   
  7200                                                      INTERVAL            
    13                                                      # OF MAPS IN FILE   
  NONE                                                      MAPPING FUNCTION    
10.0                                                        ELEVATION CUTOFF    
One-way carrier phase leveled to code                       OBSERVABLES USED    
  6371.0                                                    BASE RADIUS         
 2                                                          MAP DIMENSION       
   450.0 450.0   0.0                                        HGT1 / HGT2 / DHGT  
    87.5 -87.5  -2.5                                        LAT1 / LAT2 / DLAT  
  -180.0 180.0   5.0                                        LON1 / LON2 / DLON  
    -1                                                      EXPONENT            
                                                            END OF HEADER       
[from data line 3003]
     8                                                      START OF TEC MAP    
  2015     2     8    14     0     0                        EPOCH OF CURRENT MAP
    87.5-180.0 180.0   5.0 450.0                            LAT/LON1/LON2/DLON/H
  123  147  154  155  155  154  157  157  160  159  161  161  164  164  166  165
  166  164  164  162  162  160  160  159  158  158  156  157  154  154  150  150
  145  146  140  140  135  135  129  130  125  125  121  122  118  119  116  118
  115  119  116  120  118  122  121  124  124  126  126  129  130  132  134  135
  138  138  141  141  143  146  162  133  123                                   
    85.0-180.0 180.0   5.0 450.0                            LAT/LON1/LON2/DLON/H
  129  150  156  158  163  164  168  168  172  172  175  175  179  178  182  178
  181  177  179  175  176  172  173  169  170  164  166  159  162  154  156  148
  148  140  138  131  127  120  116  109  108  102  103   98  101   98  101  100
  102  102  104  107  109  113  115  118  121  124  127  129  132  133  136  136
  140  139  143  143  146  146  158  145  129                                   
    82.5-180.0 180.0   5.0 450.0                            LAT/LON1/LON2/DLON/H
  126  128  136  136  142  144  151  152  158  160  164  165  170  169  173  172
  173  172  171  171  169  169  167  167  164  165  163  164  162  161  158  154
  150  143  137  128  121  112  104   96   89   83   80   76   76   73   75   74
   77   78   82   85   90   94   99  101  108  108  113  113  117  117  119  118
  120  119  122  122  125  125  135  127  126                                   
    80.0-180.0 180.0   5.0 450.0                            LAT/LON1/LON2/DLON/H
  101  106  107  111  114  121  121  129  130  137  139  144  145  149  150  152
  151  154  153  154  155  156  158  158  161  160  163  162  162  160  159  153
  150  142  133  123  114  104   95   86   77   72   65   62   59   58   58   59
   62   67   71   78   82   90   92  100  103  109  109  114  113  115  112  112
  110  108  106  105  104  105  104  112  101                                   
    77.5-180.0 180.0   5.0 450.0                            LAT/LON1/LON2/DLON/H
   83   85   84   87   87   91   95   99  104  103  112  107  117  112  122  119
  127  127  132  135  141  146  151  156  161  165  167  170  170  171  168  166
  162  155  146  135  126  117  107  100   86   81   69   65   57   58   56   58
   60   68   74   80   85   91   96  101  105  109  111  114  112  113  110  109
  103   99   94   91   87   86   82   93   83                                   
    75.0-180.0 180.0   5.0 450.0                            LAT/LON1/LON2/DLON/H
   79   78   75   75   78   81   84   88   90   94   96   99  102  101  105  104
  110  110  118  122  132  138  149  157  165  171  179  181  189  188  192  187
  188  177  175  162  156  143  136  125  115  103   94   84   72   66   63   64
   64   71   77   87   94  100  107  111  117  120  123  124  124  123  120  116
  110  104   99   93   87   81   81   90   79                                   
    72.5-180.0 180.0   5.0 450.0                            LAT/LON1/LON2/DLON/H
   80   81   78   79   77   82   82   85   87   88   91   88   94   87   96   90
  100   99  111  117  130  142  153  167  177  189  195  204  210  216  217  218
  215  211  203  194  185  179  168  159  146  138  126  115  101   92   84   81
   81   84   89   95  101  109  113  121  122  128  127  131  129  130  126  124
  118  114  107  103   95   90   85   95   80                                   
    70.0-180.0 180.0   5.0 450.0                            LAT/LON1/LON2/DLON/H
   89   87   84   86   86   87   88   91   90   92   91   92   94   90   95   92
   98   98  109  117  132  145  163  177  192  205  216  230  236  244  246  251
  250  248  240  230  221  213  202  192  179  170  158  146  132  116  106   97
   95   94   98   99  105  108  114  118  121  122  124  125  127  127  128  126
  125  121  119  112  108   99   98  102   89                                   
    67.5-180.0 180.0   5.0 450.0                            LAT/LON1/LON2/DLON/H
   94   99   96  100   96   98   95   96   94   96   95   94   95   90   95   92
  101  100  113  123  141  158  175  196  209  227  235  249  257  265  270  274
  279  276  268  258  248  240  229  221  208  201  187  175  160  146  129  116
  108  103  103  101  103  101  103  104  104  105  105  108  108  113  114  120
  119  122  119  119  113  110  104  112   94                                   
    65.0-180.0 180.0   5.0 450.0                            LAT/LON1/LON2/DLON/H
   98  101  100  104  103  104  103  103   99  102   98   99   98   96  100   99
  102  104  115  127  148  167  187  206  223  237  247  259  268  279  285  296
  299  301  292  284  274  269  258  252  235  230  215  205  190  173  156  135
  120  104  102   93   92   88   84   82   79   80   78   80   84   89   97  103
  108  112  114  114  112  106  104  109   98                                   
    62.5-180.0 180.0   5.0 450.0                            LAT/LON1/LON2/DLON/H
   90   97   95   98   99  105  102  103   98  100   98   99   98   97   99  100
  105  107  120  131  157  174  197  217  228  243  249  262  271  285  296  307
  315  316  310  301  291  284  276  268  253  248  237  226  211  193  176  150
  132  109  103   88   86   74   70   63   60   55   52   55   57   65   72   80
   86   93   95  100   97   96   90  100   90                                   
    60.0-180.0 180.0   5.0 450.0                            LAT/LON1/LON2/DLON/H
   76   76   80   87   90   96   95   95   91   92   89   92   91   94   96   96
  104  105  118  134  157  178  200  215  229  238  246  254  265  279  296  311
  324  326  322  313  304  295  286  277  264  262  252  246  231  213  193  164
  142  114  101   85   77   66   58   52   46   41   36   33   39   42   54   59
   69   73   79   80   79   73   71   76   76                                   
    57.5-180.0 180.0   5.0 450.0                            LAT/LON1/LON2/DLON/H
   57   57   57   69   73   81   81   84   80   83   80   84   83   88   89   90
   98  100  115  128  156  173  200  217  229  238  244  254  264  281  299  317
  334  339  337  329  317  309  295  287  272  271  262  255  241  223  203  173
  153  124  110   88   81   66   60   52   47   41   32   32   29   36   38   46
   52   58   61   62   60   55   48   55   57                                   
    55.0-180.0 180.0   5.0 450.0                            LAT/LON1/LON2/DLON/H
   44   37   42   51   57   64   69   68   70   67   70   70   73   71   81   79
   93   92  115  126  157  178  202  217  229  239  249  257  271  284  306  327
  345  353  350  347  333  324  308  297  283  280  273  266  255  236  215  186
  166  139  123  104   93   83   74   68   59   53   47   42   42   40   44   45
   50   52   55   52   48   43   39   34   44                                   
    52.5-180.0 180.0   5.0 450.0                            LAT/LON1/LON2/DLON/H
   34   34   36   49   49   58   58   62   60   56   57   59   61   62   66   70
   78   88  108  130  158  178  201  221  233  248  255  271  282  299  319  340
  358  363  363  359  351  340  325  314  300  295  287  280  266  247  227  201
  183  158  147  126  118  103   99   90   85   80   71   69   64   63   59   59
   57   58   56   55   53   48   39   39   34                                   
    50.0-180.0 180.0   5.0 450.0                            LAT/LON1/LON2/DLON/H
   40   43   44   53   55   57   53   45   47   40   47   46   52   52   61   67
   81   92  119  138  171  189  211  228  242  258  269  286  299  316  334  355
  368  378  375  379  366  360  342  329  315  308  301  291  280  262  243  219
  201  181  168  152  140  131  123  119  114  110  105  101   95   91   86   81
   77   73   71   69   66   64   57   50   40                                   
    47.5-180.0 180.0   5.0 450.0                            LAT/LON1/LON2/DLON/H
   61   64   62   72   71   68   59   53   47   49   46   51   48   53   55   65
   80  102  130  155  182  200  218  241  254  277  289  310  317  334  347  360
  371  375  379  379  377  369  358  346  332  323  312  302  289  272  255  233
  217  197  186  170  159  145  137  132  128  128  125  125  120  119  109  106
   95   94   88   91   90   93   85   86   61                                   
    45.0-180.0 180.0   5.0 450.0                            LAT/LON1/LON2/DLON/H
   87   95   89   96   89   92   72   61   54   51   52   53   51   54   55   70
   89  118  152  175  202  217  235  254  273  292  306  323  330  339  348  355
  363  369  372  379  379  378  368  359  345  334  322  310  297  280  264  244
  227  209  195  179  165  150  140  132  131  130  132  132  132  130  124  120
  113  111  109  111  114  120  118  111   87                                   
    42.5-180.0 180.0   5.0 450.0                            LAT/LON1/LON2/DLON/H
  117  119  116  119  116  115  104  100   83   85   75   80   68   69   68   86
  112  143  178  202  219  236  253  274  291  314  325  337  341  341  345  344
  351  353  363  372  384  386  387  379  365  351  336  320  304  288  271  251
  235  214  200  180  162  142  127  119  115  116  117  122  122  127  121  123
  115  119  114  126  129  141  144  143  117                                   
    40.0-180.0 180.0   5.0 450.0                            LAT/LON1/LON2/DLON/H
  133  142  134  138  129  131  115  114   98   97   90   91   80   84   81  108
  133  173  198  222  236  255  267  290  305  322  330  338  337  333  331  331
  335  344  360  378  396  405  409  401  387  370  353  333  316  295  277  258
  239  218  199  178  156  132  115  102   99   94   97  101  104  110  110  111
  108  112  113  124  132  143  153  148  133                                   
    37.5-180.0 180.0   5.0 450.0                            LAT/LON1/LON2/DLON/H
  140  144  139  146  140  139  127  126  116  119  112  117  107  107  112  135
  164  189  216  232  254  267  281  299  315  328  335  339  336  331  329  329
  341  357  382  407  428  441  446  438  423  402  379  355  333  311  290  270
  251  228  209  184  163  136  116   99   92   86   84   87   89   94   93   95
   92   96   96  109  116  133  138  148  140                                   
    35.0-180.0 180.0   5.0 450.0                            LAT/LON1/LON2/DLON/H
  130  137  130  138  135  134  125  119  111  114  110  117  110  119  126  152
  177  206  227  248  265  280  293  308  317  327  330  333  330  330  334  345
  366  395  426  453  472  481  487  476  459  436  410  384  361  339  316  296
  273  253  231  209  189  166  144  123  110   98   94   89   88   85   84   83
   83   84   83   91   97  106  117  126  130                                   
    32.5-180.0 180.0   5.0 450.0                            LAT/LON1/LON2/DLON/H
  118  119  114  129  124  130  119  114  107  109  109  115  117  124  140  162
  192  212  239  253  277  290  303  315  322  333  334  338  338  345  362  387
  412  456  490  525  534  543  537  531  511  492  458  433  406  386  365  346
  322  302  283  263  241  211  193  172  166  162  151  137  128  119  112  109
  105   99   92   82   84   85   88  108  118                                   
    30.0-180.0 180.0   5.0 450.0                            LAT/LON1/LON2/DLON/H
   98   98   97  105  108  109  102   96   90   92   93  104  109  125  142  169
  196  221  246  266  287  303  316  325  329  338  342  353  362  382  406  441
  486  537  576  610  622  623  612  595  574  549  521  495  467  444  423  406
  385  365  340  323  301  285  265  255  238  228  217  206  194  179  166  157
  143  143  132  113  102   86   81   87   98                                   
    27.5-180.0 180.0   5.0 450.0                            LAT/LON1/LON2/DLON/H
   89   98   90  100   97  102   96   89   86   85   89   95  104  118  142  171
  203  225  253  275  301  318  330  337  341  350  360  377  402  423  458  516
  585  649  689  722  729  722  701  676  646  622  596  576  548  532  508  493
  468  452  435  426  414  403  390  380  366  355  337  323  288  262  220  209
  186  186  168  150  131  118  113   84   89                                   
    25.0-180.0 180.0   5.0 450.0                            LAT/LON1/LON2/DLON/H
   93   92   86   96   96   96   91   83   79   75   77   81   93  113  141  174
  208  236  265  290  317  336  348  353  357  367  386  411  441  481  541  616
  693  756  795  816  810  789  760  736  713  694  666  643  622  606  594  580
  568  551  539  530  522  515  504  497  481  470  436  421  373  349  292  285
  254  259  231  217  177  158  139  104   93                                   
    22.5-180.0 180.0   5.0 450.0                            LAT/LON1/LON2/DLON/H
  118  114  103   95  100   96   99   93   89   80   80   77   90  108  140  180
  217  247  278  308  334  358  368  371  378  393  411  438  481  552  628  722
  797  857  889  893  878  843  814  783  764  742  724  707  690  679  664  655
  643  636  626  615  607  602  592  590  575  567  534  507  459  422  375  362
  337  341  308  293  258  236  188  149  118                                   
    20.0-180.0 180.0   5.0 450.0                            LAT/LON1/LON2/DLON/H
  175  151  135  114  105  101   99   92   90   86   81   75   86  108  142  187
  226  262  295  324  354  376  383  390  403  423  450  489  558  626  717  798
  870  916  937  930  903  866  836  813  798  783  768  751  735  725  715  704
  697  688  686  678  668  657  638  631  617  608  586  567  534  506  454  439
  410  397  366  342  306  277  245  205  175                                   
    17.5-180.0 180.0   5.0 450.0                            LAT/LON1/LON2/DLON/H
  226  182  155  136  129  116  117  105  105  101   97   87   93  116  150  196
  241  279  312  344  374  397  404  415  431  452  482  547  614  695  775  846
  906  936  948  923  899  860  838  822  816  810  800  786  770  763  755  748
  738  720  707  688  667  642  621  611  603  589  577  562  545  519  487  463
  437  421  396  372  338  299  273  247  226                                   
    15.0-180.0 180.0   5.0 450.0                            LAT/LON1/LON2/DLON/H
  253  204  179  154  138  131  126  125  118  113  111  105  105  126  163  208
  252  293  328  361  393  414  425  438  463  488  547  603  678  735  808  856
  892  905  900  882  856  831  816  810  814  814  811  797  789  783  784  774
  755  730  697  669  630  591  573  551  547  538  542  537  534  507  484  456
  433  409  391  366  346  319  297  272  253                                   
    12.5-180.0 180.0   5.0 450.0                            LAT/LON1/LON2/DLON/H
  260  219  187  164  152  134  140  136  134  128  123  114  116  138  175  221
  266  307  343  375  410  432  442  460  491  536  595  658  711  755  809  833
  857  849  846  824  816  796  794  798  809  816  816  808  802  799  796  776
  750  705  658  594  543  501  481  463  451  453  460  466  466  460  438  420
  396  384  363  352  332  316  300  272  260                                   
    10.0-180.0 180.0   5.0 450.0                            LAT/LON1/LON2/DLON/H
  250  227  198  177  157  145  135  138  134  134  130  119  129  156  195  239
  284  324  359  395  431  451  471  495  544  588  654  694  733  759  784  793
  798  791  784  774  773  765  774  784  802  810  815  805  804  795  794  766
  736  678  624  538  481  416  398  370  378  373  401  404  427  413  405  380
  368  343  328  313  305  287  295  252  250                                   
     7.5-180.0 180.0   5.0 450.0                            LAT/LON1/LON2/DLON/H
  222  217  191  167  157  145  139  132  133  133  123  119  128  159  199  245
  295  341  374  411  443  471  491  530  578  635  685  717  733  743  756  754
