data/unet/pred3120.15i
     1.0            IONOSPHERE MAPS     GNSS                IONEX VERSION / TYPE
pyspatialgeodesy        IME             05-JAN-18 20:20     PGM / RUN BY / DATE 
Map Name                                                    COMMENT             
Predicted global ionosphere maps (GIM).                     DESCRIPTION         
  2015    11     8     0     0     0                        EPOCH OF FIRST MAP  
  2015    11     9     0     0     0                        EPOCH OF LAST MAP   
  7200                                                      INTERVAL            
    13                                                      # OF MAPS IN FILE   
  NONE                                                      MAPPING FUNCTION    
10.0                                                        ELEVATION CUTOFF    
One-way carrier phase leveled to code                       OBSERVABLES USED    
  6371.0                                                    BASE RADIUS         
 2                                                          MAP DIMENSION       
   450.0 450.0   0.0                                        HGT1 / HGT2 / DHGT  
    87.5 -87.5  -2.5                                        LAT1 / LAT2 / DLAT  
  -180.0 180.0   5.0                                        LON1 / LON2 / DLON  
    -1                                                      EXPONENT            
                                                            END OF HEADER       
[from data line 3861]
    10                                                      START OF TEC MAP    
  2015    11     8    18     0     0                        EPOCH OF CURRENT MAP
    87.5-180.0 180.0   5.0 450.0                            LAT/LON1/LON2/DLON/H
  115   74   72   74   74   71   73   71   73   71   73   72   74   72   75   73
   75   73   76   74   76   73   76   74   75   73   75   73   74   72   73   71
   71   69   69   67   68   65   66   64   65   63   64   62   64   63   64   64
   66   66   67   67   69   69   70   70   72   71   72   71   73   72   74   73
   74   73   75   73   77   72   81   98  115                                   
    85.0-180.0 180.0   5.0 450.0                            LAT/LON1/LON2/DLON/H
   66   53   54   59   60   60   59   61   60   61   61   63   64   65   65   67
   67   69   68   70   69   71   70   71   69   71   69   70   68   69   66   67
   64   65   61   62   58   59   54   56   53   55   51   54   52   56   53   57
   56   60   57   62   60   64   61   64   63   65   63   65   63   64   63   64
   63   64   62   63   63   58   69   82   66                                   
    82.5-180.0 180.0   5.0 450.0                            LAT/LON1/LON2/DLON/H
   57   43   48   49   48   50   49   52   51   55   55   59   59   64   64   68
   68   72   72   75   73   76   74   76   72   74   71   71   68   68   65   65
   61   61   56   56   52   52   48   49   46   47   45   46   46   49   49   51
   53   54   56   57   59   61   62   62   62   63   62   62   61   62   61   61
   59   59   57   57   55   50   58   57   57                                   
    80.0-180.0 180.0   5.0 450.0                            LAT/LON1/LON2/DLON/H
   52   40   41   42   41   42   42   45   45   49   51   55   58   62   65   69
   71   74   75   78   77   79   77   78   75   76   74   74   71   71   68   67
   64   62   58   57   53   52   48   46   45   44   44   44   46   48   50   52
   56   58   60   63   64   66   67   67   67   67   66   65   63   63   62   61
   58   57   55   54   53   45   55   51   52                                   
    77.5-180.0 180.0   5.0 450.0                            LAT/LON1/LON2/DLON/H
   42   36   38   37   38   38   40   42   44   47   51   56   60   64   69   73
   76   79   81   83   82   84   83   83   81   81   80   79   77   76   74   72
   68   65   61   59   53   51   46   44   41   41   40   42   43   47   50   53
   58   62   66   68   70   71   73   72   73   71   72   70   69   67   66   64
   62   60   58   56   54   46   51   47   42                                   
    75.0-180.0 180.0   5.0 450.0                            LAT/LON1/LON2/DLON/H
   41   38   35   37   35   38   38   42   43   49   51   59   61   70   72   80
   80   86   84   89   85   87   84   85   82   82   79   80   77   77   75   73
   69   67   62   58   53   49   44   41   38   38   37   39   41   47   49   55
   58   65   66   71   71   74   73   74   73   73   71   71   69   69   66   65
   61   61   57   57   53   46   53   50   41                                   
    72.5-180.0 180.0   5.0 450.0                            LAT/LON1/LON2/DLON/H
   38   36   35   36   35   37   39   42   45   49   55   60   68   72   80   84
   90   91   94   93   94   91   90   87   85   83   82   80   79   77   76   74
   71   68   63   59   53   48   43   38   35   33   33   34   38   42   48   52
   58   62   67   68   71   71   73   71   72   70   71   69   70   67   68   64
   64   61   60   57   56   47   52   46   38                                   
    70.0-180.0 180.0   5.0 450.0                            LAT/LON1/LON2/DLON/H
   42   41   34   40   39   43   44   48   50   56   61   69   75   83   90   97
  100  103  104  105  102  100   95   92   87   84   80   79   76   75   74   73
   70   69   63   60   53   48   42   37   33   32   32   35   37   43   46   53
   55   60   61   64   64   65   64   65   65   66   66   67   66   67   66   66
   63   63   60   58   56   47   54   51   42                                   
    67.5-180.0 180.0   5.0 450.0                            LAT/LON1/LON2/DLON/H
   40   38   36   41   42   46   48   53   58   63   71   78   88   95  105  109
  115  116  119  117  116  110  106   99   92   87   83   79   77   74   74   72
   70   68   64   60   53   48   41   37   32   31   31   35   37   43   46   51
   52   54   54   55   54   55   55   56   57   58   60   61   62   62   64   62
   62   59   59   55   54   46   52   45   40                                   
    65.0-180.0 180.0   5.0 450.0                            LAT/LON1/LON2/DLON/H
   38   38   32   41   44   49   53   59   63   73   79   91   98  109  116  125
  127  131  132  132  129  123  116  109   99   93   84   81   75   74   71   71
   67   67   62   59   51   47   39   37   31   33   32   38   38   46   45   50
   47   49   44   45   41   41   40   43   44   48   49   53   53   57   56   57
   56   56   54   51   48   42   48   45   38                                   
    62.5-180.0 180.0   5.0 450.0                            LAT/LON1/LON2/DLON/H
   31   32   33   39   44   50   57   64   71   79   90  100  111  120  131  136
  142  144  148  147  145  138  131  121  111  102   93   85   81   75   75   71
   71   66   63   57   52   45   40   36   33   33   34   38   39   43   43   44
   40   39   34   33   29   29   29   31   34   37   41   45   47   48   50   48
   49   46   47   43   41   36   41   34   31                                   
    60.0-180.0 180.0   5.0 450.0                            LAT/LON1/LON2/DLON/H
   30   33   29   38   45   53   61   70   76   86   95  108  118  130  139  147
  153  156  161  160  159  152  145  135  123  113  101   94   86   83   79   77
   72   70   64   59   52   47   40   38   35   38   37   42   41   44   42   43
   36   35   29   27   23   23   23   26   28   33   36   41   42   44   44   44
   43   43   41   39   35   30   37   29   30                                   
    57.5-180.0 180.0   5.0 450.0                            LAT/LON1/LON2/DLON/H
   26   28   30   41   48   57   65   74   83   90  102  113  125  135  148  154
  161  166  171  172  171  167  161  149  138  126  115  106  100   92   93   86
   84   75   71   61   58   49   46   41   41   41   43   45   45   45   44   41
   36   31   28   24   23   22   25   26   30   32   36   39   40   39   40   39
   39   38   38   36   34   31   34   20   26                                   
    55.0-180.0 180.0   5.0 450.0                            LAT/LON1/LON2/DLON/H
   33   36   34   46   53   62   71   80   87   96  106  117  128  140  151  160
  168  172  180  180  185  179  175  163  152  141  129  122  114  111  108  105
   97   91   81   73   66   59   55   52   51   51   53   53   52   50   48   44
   39   36   32   30   28   29   31   33   36   39   40   42   42   41   40   40
   40   41   41   40   36   33   39   22   33                                   
    52.5-180.0 180.0   5.0 450.0                            LAT/LON1/LON2/DLON/H
   36   41   45   57   63   73   80   87   96  101  112  120  135  143  157  163
  172  177  185  189  191  190  184  175  164  153  145  138  135  129  130  122
  118  104   96   83   78   69   66   63   64   63   65   64   63   60   56   51
   47   43   41   40   40   40   42   44   46   48   49   48   47   44   43   41
   43   44   46   47   46   42   47   29   36                                   
    50.0-180.0 180.0   5.0 450.0                            LAT/LON1/LON2/DLON/H
   55   59   62   72   80   87   95  101  107  113  120  128  141  149  162  167
  179  182  192  192  199  192  191  180  175  164  158  154  151  149  147  141
  133  121  110   98   89   82   80   77   78   77   79   78   77   71   68   63
   60   58   57   56   55   57   58   61   61   63   61   60   56   54   50   49
   51   54   57   59   57   55   59   42   55                                   
    47.5-180.0 180.0   5.0 450.0                            LAT/LON1/LON2/DLON/H
   67   72   79   91   97  107  113  122  127  129  138  141  153  157  171  176
  188  191  197  200  198  197  191  185  178  172  169  166  166  162  162  153
  147  132  121  108   99   93   90   89   90   90   91   91   89   85   81   77
   74   73   73   74   74   75   77   79   80   79   77   72   68   64   62   59
   62   64   69   71   72   68   72   58   67                                   
    45.0-180.0 180.0   5.0 450.0                            LAT/LON1/LON2/DLON/H
   82   91   94  107  115  124  134  142  149  151  157  159  170  169  187  190
  204  201  207  204  205  197  194  185  183  176  177  175  174  172  167  160
  152  139  127  117  109  104  102  100  102  100  102  100   99   94   92   88
   87   87   87   89   89   91   92   94   93   92   87   84   78   75   72   72
   74   78   80   85   81   80   82   74   82                                   
    42.5-180.0 180.0   5.0 450.0                            LAT/LON1/LON2/DLON/H
   85   94  103  116  129  142  157  170  176  180  185  184  194  192  207  210
  217  217  216  215  205  201  192  190  183  182  180  180  178  171  169  160
  152  140  129  121  113  110  107  106  106  104  104  104  102   99   97   95
   95   95   96   97   98   99  101  102  102   99   95   90   86   82   81   80
   82   82   86   86   87   83   88   80   85                                   
    40.0-180.0 180.0   5.0 450.0                            LAT/LON1/LON2/DLON/H
   83   93  101  118  132  151  170  189  203  207  215  213  224  220  232  231
  238  229  229  221  215  205  201  192  192  188  190  186  183  174  169  160
  154  143  136  128  124  119  119  114  114  108  108  105  106  100  103   99
  100   99   99  101  100  104  103  107  104  103   97   95   90   88   87   87
   87   87   87   87   84   81   86   76   83                                   
    37.5-180.0 180.0   5.0 450.0                            LAT/LON1/LON2/DLON/H
   69   80   94  110  133  152  183  206  224  235  241  244  249  249  258  255
  257  250  243  236  226  219  208  203  198  198  197  193  186  175  170  161
  157  149  145  140  137  133  131  124  119  111  108  106  104  103  102  101
  100   99   99   99   99  101  103  105  105  103   99   95   92   90   90   88
   87   82   81   76   76   71   75   65   69                                   
    35.0-180.0 180.0   5.0 450.0                            LAT/LON1/LON2/DLON/H
   57   69   81  103  126  153  184  217  238  257  266  272  278  277  286  280
  280  265  259  248  241  230  225  216  219  213  216  208  201  187  183  176
  179  172  172  165  166  159  155  141  135  120  118  110  113  106  109  103
  104  100   99   99   98  103  104  108  107  106  101   98   95   94   93   90
   86   80   75   69   65   60   62   50   57                                   
    32.5-180.0 180.0   5.0 450.0                            LAT/LON1/LON2/DLON/H
   31   51   70   92  122  147  186  218  248  268  286  296  307  304  311  305
  301  286  278  268  262  253  246  239  236  234  235  229  221  208  206  204
  208  208  208  204  198  190  180  165  151  137  127  120  117  113  111  107
  104   99   98   95   98  101  106  110  110  108  104  100   97   95   94   90
   86   78   73   64   60   55   54   37   31                                   
    30.0-180.0 180.0   5.0 450.0                            LAT/LON1/LON2/DLON/H
   28   49   67   91  120  150  191  225  258  285  306  319  328  330  335  324
  320  300  293  282  278  267  265  255  260  256  266  261  258  247  247  249
  257  259  255  248  239  225  210  191  175  158  148  136  136  128  131  122
  121  111  109  104  106  110  117  120  122  118  114  107  107  101  101   96
   93   86   76   68   61   54   51   36   28                                   
    27.5-180.0 180.0   5.0 450.0                            LAT/LON1/LON2/DLON/H
   31   54   71   97  129  155  194  227  261  289  317  332  349  347  354  343
  338  320  313  301  300  291  288  279  280  286  293  297  298  294  299  307
  315  316  308  296  280  258  239  218  199  183  170  161  156  151  148  141
  135  126  121  117  117  120  126  130  130  126  121  118  114  112  110  107
  103   97   88   79   70   63   56   45   31                                   
    25.0-180.0 180.0   5.0 450.0                            LAT/LON1/LON2/DLON/H
   58   81   96  124  147  178  211  243  271  300  326  347  363  366  368  357
  351  331  326  316  319  307  303  290  295  298  316  323  334  334  345  358
  368  372  360  344  319  293  265  245  224  207  198  190  188  181  178  171
  165  156  149  143  142  142  144  144  142  136  133  131  129  123  122  122
  119  116  105   98   83   77   68   65   58                                   
    22.5-180.0 180.0   5.0 450.0                            LAT/LON1/LON2/DLON/H
   91  109  121  156  180  206  232  260  280  308  331  353  371  374  383  373
  371  351  347  336  340  328  324  307  315  317  336  350  365  377  392  407
  418  420  405  383  356  327  295  268  248  234  224  221  214  212  206  204
  195  185  166  162  152  151  149  149  146  141  137  132  133  134  139  137
  134  129  120  111   99   92   87   92   91                                   
    20.0-180.0 180.0   5.0 450.0                            LAT/LON1/LON2/DLON/H
  123  137  160  194  211  239  257  282  301  327  346  368  382  396  398  394
  382  362  361  351  355  343  339  321  328  327  354  364  388  401  421  429
  444  438  426  393  364  340  314  286  269  255  251  247  243  238  227  226
  211  203  187  180  172  168  163  162  159  154  149  142  138  134  138  139
  140  140  130  125  109  106  101  110  123                                   
    17.5-180.0 180.0   5.0 450.0                            LAT/LON1/LON2/DLON/H
  147  163  187  222  242  266  283  304  324  352  367  387  400  413  425  419
  416  390  385  371  376  360  360  340  349  352  379  394  425  438  457  464
  472  460  448  412  379  355  332  316  298  291  279  275  265  262  253  253
  239  233  216  207  194  186  177  172  166  164  159  155  149  142  144  144
  145  139  133  128  120  112  112  131  147                                   
    15.0-180.0 180.0   5.0 450.0                            LAT/LON1/LON2/DLON/H
  156  172  198  242  263  293  310  337  355  384  389  413  423  445  449  456
  443  422  404  389  390  376  371  359  367  373  399  418  450  460  481  480
  483  470  452  416  386  364  342  333  316  314  302  301  290  286  277  274
  264  252  235  219  204  189  177  170  166  166  160  156  151  146  147  144
  142  135  128  121  114  112  112  130  156                                   
    12.5-180.0 180.0   5.0 450.0                            LAT/LON1/LON2/DLON/H
  151  172  202  240  274  309  333  363  387  416  422  439  452  469  479  486
  482  460  443  416  409  394  390  379  395  403  433  452  487  494  508  502
  500  480  465  429  401  379  365  353  344  340  329  325  312  308  296  296
  284  274  249  234  210  193  174  168  161  164  156  152  147  144  144  145
  139  134  125  116  109  108  108  126  151                                   
    10.0-180.0 180.0   5.0 450.0                            LAT/LON1/LON2/DLON/H
  143  169  195  234  277  312  347  378  408  440  450  467  480  501  513  521
  516  504  478  456  432  422  411  416  423  440  458  483  503  507  507  504
  490  489  458  441  402  391  368  364  352  350  340  336  325  320  311  306
  299  281  259  234  210  188  169  163  158  158  151  148  144  141  141  134
  132  121  115   99   96   93   98  109  143                                   
     7.5-180.0 180.0   5.0 450.0                            LAT/LON1/LON2/DLON/H
  126  155  181  220  262  308  348  388  428  461  475  499  514  532  539  551
  552  537  520  494  476  460  455  451  464  465  494  510  531  527  522  515
