data/unet/pred2220.15i
     1.0            IONOSPHERE MAPS     GNSS                IONEX VERSION / TYPE
pyspatialgeodesy        IME             05-JAN-18 20:20     PGM / RUN BY / DATE 
Map Name                                                    COMMENT             
Predicted global ionosphere maps (GIM).                     DESCRIPTION         
  2015     8    10     0     0     0                        EPOCH OF FIRST MAP  
  2015     8    11     0     0     0                        EPOCH OF LAST MAP   
  7200                                                      INTERVAL            
    13                                                      # OF MAPS IN FILE   
  NONE                                                      MAPPING FUNCTION    
10.0                                                        ELEVATION CUTOFF    
One-way carrier phase leveled to code                       OBSERVABLES USED    
  6371.0                                                    BASE RADIUS         
 2                                                          MAP DIMENSION       
   450.0 450.0   0.0                                        HGT1 / HGT2 / DHGT  
    87.5 -87.5  -2.5                                        LAT1 / LAT2 / DLAT  
  -180.0 180.0   5.0                                        LON1 / LON2 / DLON  
    -1                                                      EXPONENT            
                                                            END OF HEADER       
[from data line 429]
     2                                                      START OF TEC MAP    
  2015     8    10     2     0     0                        EPOCH OF CURRENT MAP
    87.5-180.0 180.0   5.0 450.0                            LAT/LON1/LON2/DLON/H
  143  140  139  135  139  134  138  136  140  136  138  133  136  131  132  127
  130  125  127  122  127  121  124  119  124  119  122  117  122  117  120  116
  120  115  119  115  120  115  120  116  121  117  122  117  123  118  122  118
  124  120  124  120  125  122  126  123  127  124  128  124  128  124  128  123
  128  123  128  125  131  126  130  145  143                                   
    85.0-180.0 180.0   5.0 450.0                            LAT/LON1/LON2/DLON/H
  139  154  140  144  144  141  143  143  144  143  143  141  141  139  138  136
  136  133  133  130  131  128  128  125  126  123  123  121  121  119  119  118
  118  117  118  118  119  118  119  119  121  120  121  121  122  122  122  122
  123  123  123  123  124  125  126  126  127  128  128  129  130  130  130  130
  131  131  132  132  133  129  138  137  139                                   
    82.5-180.0 180.0   5.0 450.0                            LAT/LON1/LON2/DLON/H
  140  147  147  151  150  148  152  151  155  152  153  149  151  146  146  141
  142  137  137  133  133  129  128  124  125  121  121  117  118  114  115  112
  115  113  116  115  118  117  120  119  122  121  123  121  124  122  124  121
  124  122  124  122  126  124  128  126  130  128  131  129  132  130  132  130
  132  130  134  132  135  131  138  132  140                                   
    80.0-180.0 180.0   5.0 450.0                            LAT/LON1/LON2/DLON/H
  145  147  152  154  157  154  159  159  163  161  162  158  159  154  153  147
  147  141  141  134  135  128  127  121  121  115  114  110  110  107  108  106
  109  108  111  112  116  116  119  119  122  121  123  122  124  122  124  123
  126  124  127  126  129  129  132  132  135  134  137  136  139  137  139  137
  140  138  142  141  142  137  140  133  145                                   
    77.5-180.0 180.0   5.0 450.0                            LAT/LON1/LON2/DLON/H
  144  151  153  158  158  160  163  166  168  168  168  166  164  159  156  151
  148  143  140  135  132  128  123  119  115  112  107  106  102  102  100  102
  101  105  106  110  113  116  119  121  123  124  125  125  126  126  126  126
  126  127  128  129  131  133  134  137  138  139  140  141  141  141  141  141
  141  142  142  145  142  142  141  133  144                                   
    75.0-180.0 180.0   5.0 450.0                            LAT/LON1/LON2/DLON/H
  143  146  150  153  159  157  164  164  170  168  171  166  166  159  156  149
  147  140  138  131  130  123  121  115  112  107  105  100   98   95   96   95
   97   99  103  105  110  113  117  119  122  122  125  124  126  125  127  126
  128  127  131  130  135  135  138  138  142  141  143  142  144  140  142  139
  142  139  144  143  143  140  144  133  143                                   
    72.5-180.0 180.0   5.0 450.0                            LAT/LON1/LON2/DLON/H
  140  145  145  149  152  152  157  161  165  166  167  165  162  156  151  144
  139  134  131  126  122  119  116  111  107  103   99   95   91   90   88   89
   89   92   95   99  102  106  110  113  115  117  119  120  120  122  122  124
  124  127  128  131  133  136  138  140  141  141  142  141  141  139  139  138
  137  137  140  141  140  139  140  132  140                                   
    70.0-180.0 180.0   5.0 450.0                            LAT/LON1/LON2/DLON/H
  137  139  141  145  148  148  154  158  165  166  169  165  163  154  149  142
  137  131  129  125  122  119  116  112  108  104  100   95   91   88   86   86
   86   88   92   95   99  102  106  108  111  113  115  117  119  121  124  125
  128  128  133  133  138  138  142  141  144  141  143  139  140  136  137  134
  136  135  139  139  139  138  142  132  137                                   
    67.5-180.0 180.0   5.0 450.0                            LAT/LON1/LON2/DLON/H
  138  139  139  142  141  142  146  153  158  162  162  162  156  152  143  138
  130  128  123  122  119  117  114  112  107  104   98   95   89   87   83   83
   81   83   84   87   88   93   94   98   99  103  105  109  112  117  120  124
  126  130  131  135  137  139  140  141  141  139  139  136  135  132  132  130
  131  131  135  135  137  137  140  132  138                                   
    65.0-180.0 180.0   5.0 450.0                            LAT/LON1/LON2/DLON/H
  140  139  139  141  142  141  146  151  158  161  164  162  159  152  145  137
  131  127  124  122  121  118  116  112  109  103  101   95   92   87   85   82
   81   79   80   80   83   83   86   88   91   94   99  104  111  115  122  124
  130  131  136  136  142  140  144  141  144  139  140  135  135  131  130  129
  130  132  135  136  137  137  143  134  140                                   
    62.5-180.0 180.0   5.0 450.0                            LAT/LON1/LON2/DLON/H
  144  141  140  142  139  139  140  146  151  157  158  161  155  152  141  137
  127  126  121  121  117  117  112  110  104  102   97   95   89   88   83   81
   76   75   72   72   70   73   72   77   78   84   89   97  104  113  118  124
  128  131  133  134  138  138  138  138  139  137  136  132  131  128  128  126
  129  129  134  134  136  138  143  134  144                                   
    60.0-180.0 180.0   5.0 450.0                            LAT/LON1/LON2/DLON/H
  149  144  143  145  143  140  141  144  150  153  157  158  158  152  145  138
  134  129  126  123  122  117  113  108  105   99   99   95   94   90   87   82
   79   74   71   68   68   68   70   72   75   79   87   94  104  113  120  126
  130  132  133  135  140  140  141  141  142  140  139  135  134  131  130  129
  130  132  136  137  137  140  146  136  149                                   
    57.5-180.0 180.0   5.0 450.0                            LAT/LON1/LON2/DLON/H
  154  149  148  149  143  140  137  141  143  149  150  155  152  153  144  142
  134  132  126  125  119  116  107  103   97   95   92   94   91   91   86   83
   76   72   66   65   62   64   63   69   70   78   83   93  103  112  120  125
  129  130  132  133  138  139  141  142  144  142  142  139  138  134  133  131
  133  132  137  137  138  141  146  134  154                                   
    55.0-180.0 180.0   5.0 450.0                            LAT/LON1/LON2/DLON/H
  158  154  154  156  153  146  144  142  145  146  150  152  154  152  148  144
  142  137  135  130  126  117  110  101   98   94   96   95   97   95   92   86
   81   75   72   68   69   68   71   73   77   82   88   97  107  116  123  128
  132  133  133  136  140  144  145  148  150  150  149  147  145  142  141  140
  139  140  142  143  141  144  149  137  158                                   
    52.5-180.0 180.0   5.0 450.0                            LAT/LON1/LON2/DLON/H
  164  162  162  163  158  152  147  145  144  145  146  149  150  151  147  147
  144  143  139  136  128  120  108  102   94   95   94   98   97   98   92   89
   82   78   73   73   71   75   75   80   82   87   92  101  109  119  127  132
  137  138  139  140  147  150  154  157  160  159  158  154  153  150  149  146
  146  144  146  144  144  146  151  138  164                                   
    50.0-180.0 180.0   5.0 450.0                            LAT/LON1/LON2/DLON/H
  167  167  168  172  170  163  158  154  151  149  149  150  151  151  149  149
  148  149  146  143  136  127  116  107  103  101  104  104  106  103   99   94
   89   84   83   81   85   86   90   91   95   96  101  106  114  122  131  138
  143  145  146  150  157  162  165  169  170  169  168  164  163  159  158  155
  154  152  153  152  148  150  154  142  167                                   
    47.5-180.0 180.0   5.0 450.0                            LAT/LON1/LON2/DLON/H
  174  175  178  181  179  173  169  163  157  153  151  150  151  151  149  150
  151  152  152  149  142  133  122  115  109  110  111  113  111  110  104  100
   94   92   90   91   93   97   98  102  102  104  105  109  114  124  133  143
  150  154  155  159  167  172  176  180  180  179  176  171  168  164  161  158
  158  156  158  156  154  156  158  146  174                                   
    45.0-180.0 180.0   5.0 450.0                            LAT/LON1/LON2/DLON/H
  179  182  185  191  191  185  181  175  168  163  158  156  155  154  153  154
  155  157  157  156  149  142  133  126  124  123  125  124  123  117  112  107
  104  101  102  104  108  110  113  112  114  112  112  111  116  123  135  145
  155  160  162  168  175  181  186  189  190  188  187  180  177  171  170  165
  167  164  167  167  164  164  168  156  179                                   
    42.5-180.0 180.0   5.0 450.0                            LAT/LON1/LON2/DLON/H
  190  191  194  198  198  193  191  185  179  170  166  161  160  158  156  157
  159  160  162  159  155  147  140  135  134  134  135  134  130  125  119  115
  112  111  112  113  116  118  119  119  119  116  113  112  114  123  135  148
  159  166  168  174  183  187  191  193  195  193  191  184  178  172  169  166
  169  170  174  176  173  176  178  166  190                                   
    40.0-180.0 180.0   5.0 450.0                            LAT/LON1/LON2/DLON/H
  203  202  206  208  208  203  201  197  191  182  175  170  167  164  162  161
  164  164  165  162  158  151  146  143  145  146  148  144  141  133  129  124
  123  122  123  124  127  127  127  125  126  122  119  114  116  122  136  149
  165  173  175  181  188  192  194  197  199  199  198  191  188  179  178  176
  180  182  188  190  189  191  194  184  203                                   
    37.5-180.0 180.0   5.0 450.0                            LAT/LON1/LON2/DLON/H
  225  219  222  221  220  214  212  207  202  192  187  179  178  174  172  170
  172  171  171  166  161  153  150  148  152  155  156  154  149  144  139  137
  135  133  133  131  133  130  129  127  127  123  119  114  115  121  136  149
  165  172  176  180  189  190  195  197  200  200  202  196  192  186  185  183
  187  191  198  201  203  208  209  200  225                                   
    35.0-180.0 180.0   5.0 450.0                            LAT/LON1/LON2/DLON/H
  250  237  242  238  236  229  226  220  215  205  198  193  189  187  183  181
  181  177  174  167  161  153  151  152  159  162  165  161  159  152  151  146
  147  143  143  138  137  133  131  129  130  127  123  118  117  119  133  147
  163  173  175  184  186  194  194  200  201  206  207  205  203  199  199  198
  203  209  218  221  224  226  228  222  250                                   
    32.5-180.0 180.0   5.0 450.0                            LAT/LON1/LON2/DLON/H
  275  260  265  260  255  247  243  236  229  219  214  207  206  201  199  194
  192  186  179  169  160  154  152  156  163  170  172  171  168  164  162  159
  156  152  148  142  139  133  130  127  129  126  124  116  115  115  128  139
  156  166  174  180  191  195  199  203  208  213  219  218  218  213  214  212
  215  221  229  234  239  243  248  242  275                                   
    30.0-180.0 180.0   5.0 450.0                            LAT/LON1/LON2/DLON/H
  304  293  303  295  288  277  270  260  251  238  231  223  220  216  213  206
  201  191  181  169  160  152  153  157  167  175  179  178  176  172  172  165
  162  154  149  142  138  131  128  126  129  126  123  116  112  111  120  131
  146  158  163  178  188  200  203  212  216  223  226  231  233  232  232  232
  233  238  247  252  259  260  266  264  304                                   
    27.5-180.0 180.0   5.0 450.0                            LAT/LON1/LON2/DLON/H
  327  322  336  329  322  311  299  288  274  261  250  240  236  231  227  219
  212  199  186  173  162  157  157  165  174  185  189  188  186  182  179  172
  164  155  146  140  134  129  126  125  127  125  121  113  108  104  111  120
  137  149  162  173  192  200  212  216  226  229  239  240  249  248  255  251
  253  255  263  270  275  280  283  282  327                                   
    25.0-180.0 180.0   5.0 450.0                            LAT/LON1/LON2/DLON/H
  354  356  374  366  360  345  332  319  306  291  277  267  259  252  243  231
  220  205  189  176  165  162  164  174  183  194  197  197  193  188  183  173
  163  150  141  135  129  124  122  120  123  119  115  105  100   95  101  110
  126  140  151  173  190  209  221  232  237  244  250  256  262  268  274  276
  272  275  281  288  296  299  302  303  354                                   
    22.5-180.0 180.0   5.0 450.0                            LAT/LON1/LON2/DLON/H
  367  377  394  394  387  374  360  350  336  324  309  296  283  272  259  244
  229  210  196  181  174  172  178  189  198  204  208  204  200  191  183  170
  156  144  135  131  126  124  121  120  119  115  108   97   90   84   90   97
  116  129  149  167  194  209  230  237  252  254  264  265  277  279  292  289
  293  291  300  304  311  317  319  322  367                                   
    20.0-180.0 180.0   5.0 450.0                            LAT/LON1/LON2/DLON/H
  378  394  411  411  409  395  385  378  368  355  342  327  312  298  277  259
  240  220  202  191  184  186  194  205  211  215  213  208  200  190  180  164
  149  136  127  125  121  120  118  113  114  104   99   86   82   75   82   89
  108  125  147  173  201  221  241  252  265  270  279  282  293  298  308  309
  308  310  312  317  322  329  332  335  378                                   
    17.5-180.0 180.0   5.0 450.0                            LAT/LON1/LON2/DLON/H
  373  389  408  421  416  410  403  401  394  384  369  356  339  323  298  275
  251  227  212  199  199  202  212  218  222  219  216  205  195  184  170  154
  139  129  122  120  119  119  117  113  107   99   89   77   69   64   69   80
  101  121  149  175  209  227  251  260  278  283  293  297  306  311  322  321
  324  320  327  323  330  334  341  350  373                                   
    15.0-180.0 180.0   5.0 450.0                            LAT/LON1/LON2/DLON/H
  373  391  407  418  421  416  412  416  412  406  395  381  364  344  318  293
  263  242  223  215  214  218  225  229  225  219  210  199  186  175  161  145
  133  124  119  119  119  118  117  109  103   90   84   70   68   62   71   79
  102  123  153  183  216  239  261  273  290  298  308  311  323  328  338  338
  337  336  337  335  338  347  355  364  373                                   
    12.5-180.0 180.0   5.0 450.0                            LAT/LON1/LON2/DLON/H
  371  379  398  411  415  413  412  416  417  417  409  399  381  364  336  312
  280  256  238  228  227  230  232  231  222  211  197  184  173  162  149  139
  129  123  119  118  117  116  112  104   94   84   74   66   61   59   65   77
   99  122  155  185  221  243  267  284  303  311  321  327  335  341  350  348
  351  348  355  346  352  356  371  384  371                                   
    10.0-180.0 180.0   5.0 450.0                            LAT/LON1/LON2/DLON/H
  382  394  404  413  416  414  411  419  420  424  420  410  396  376  352  326
  296  271  251  241  235  235  231  226  212  197  184  171  161  151  144  136
  129  124  120  118  114  111  106   97   89   78   75   66   67   62   71   80
  102  125  157  188  223  246  271  289  311  320  335  341  350  356  365  365
  368  367  370  363  365  374  384  395  382                                   
     7.5-180.0 180.0   5.0 450.0                            LAT/LON1/LON2/DLON/H
  399  406  416  419  421  416  416  416  420  420  419  413  396  380  354  335
  305  284  262  250  240  235  226  217  197  181  166  156  147  144  139  137
