data/unet/pred0510.15i
     1.0            IONOSPHERE MAPS     GNSS                IONEX VERSION / TYPE
pyspatialgeodesy        IME             05-JAN-18 20:20     PGM / RUN BY / DATE 
Map Name                                                    COMMENT             
Predicted global ionosphere maps (GIM).                     DESCRIPTION         
  2015     2    20     0     0     0                        EPOCH OF FIRST MAP  
  2015     2    21     0     0     0                        EPOCH OF LAST MAP   
  7200                                                      INTERVAL            
    13                                                      # OF MAPS IN FILE   
  NONE                                                      MAPPING FUNCTION    
10.0                                                        ELEVATION CUTOFF    
One-way carrier phase leveled to code                       OBSERVABLES USED    
  6371.0                                                    BASE RADIUS         
 2                                                          MAP DIMENSION       
   450.0 450.0   0.0                                        HGT1 / HGT2 / DHGT  
    87.5 -87.5  -2.5                                        LAT1 / LAT2 / DLAT  
  -180.0 180.0   5.0                                        LON1 / LON2 / DLON  
    -1                                                      EXPONENT            
                                                            END OF HEADER       
     1                                                      START OF TEC MAP    
  2015     2    20     0     0     0                        EPOCH OF CURRENT MAP
    87.5-180.0 180.0   5.0 450.0                            LAT/LON1/LON2/DLON/H
  143  101   94   87   90   85   90   87   93   91   97   95  101  100  104  103
  106  105  107  105  107  105  106  103  105  100  102   97   99   95   97   92
   94   90   93   89   92   88   92   89   92   89   93   91   94   93   96   95
   98   97  100   99  101  101  103  103  104  104  105  104  106  104  104  101
  103  100  101  100  106  106  114  146  143                                   
    85.0-180.0 180.0   5.0 450.0                            LAT/LON1/LON2/DLON/H
  113   89   81   75   76   72   78   78   85   87   94   96  103  104  108  108
  111  110  113  112  114  111  113  108  109  104  104   98   98   92   92   86
   87   82   84   79   81   78   81   78   81   79   83   82   86   86   90   90
   94   94   98   98  101  102  105  106  108  108  110  109  111  109  109  105
  105  102  103  101  109  105  105  117  113                                   
    82.5-180.0 180.0   5.0 450.0                            LAT/LON1/LON2/DLON/H
  107   89   86   84   83   80   86   88   96   99  108  111  117  118  123  123
  126  125  128  126  128  124  125  120  119  113  111  104  102   95   94   87
   87   80   82   77   79   75   80   77   81   78   84   82   88   87   94   93
   99   98  104  103  109  108  114  112  117  114  118  114  119  114  117  111
  114  109  114  110  119  114  118  124  107                                   
    80.0-180.0 180.0   5.0 450.0                            LAT/LON1/LON2/DLON/H
  115  106  102  103   98  100  102  110  114  123  129  135  139  142  144  146
  148  148  149  150  150  149  147  144  140  135  130  124  118  112  107  102
   98   95   94   92   91   90   92   92   94   94   97   98  101  101  105  106
  109  110  113  114  117  118  121  121  123  123  125  124  126  126  127  127
  128  128  130  131  134  133  134  137  115                                   
    77.5-180.0 180.0   5.0 450.0                            LAT/LON1/LON2/DLON/H
  131  122  120  120  114  114  116  122  127  135  142  148  151  154  156  158
  159  159  161  162  164  163  163  161  159  154  149  143  137  131  126  122
  118  116  114  113  112  112  113  114  115  116  116  116  116  117  118  118
  119  120  121  122  122  124  125  126  126  126  127  128  130  132  134  137
  140  142  146  147  150  149  151  150  131                                   
    75.0-180.0 180.0   5.0 450.0                            LAT/LON1/LON2/DLON/H
  146  146  146  143  135  133  136  140  146  153  160  165  167  168  168  168
  167  167  169  171  173  176  178  178  174  172  165  161  154  150  145  141
  138  137  135  135  134  135  135  135  135  134  133  132  130  128  127  126
  125  125  124  124  122  123  122  123  122  122  122  124  127  131  134  139
  144  150  155  159  164  167  171  171  146                                   
    72.5-180.0 180.0   5.0 450.0                            LAT/LON1/LON2/DLON/H
  173  175  178  178  169  166  166  169  172  177  181  183  181  177  174  170
  165  162  163  165  168  171  175  176  175  172  169  164  160  156  153  150
  148  146  146  145  145  145  145  143  142  140  137  134  130  127  124  121
  119  117  117  116  115  113  112  110  111  110  112  114  119  124  131  138
  146  154  162  170  180  186  191  197  173                                   
    70.0-180.0 180.0   5.0 450.0                            LAT/LON1/LON2/DLON/H
  200  208  215  214  205  203  202  204  205  208  207  206  197  190  178  169
  159  153  151  152  154  158  162  164  164  163  159  157  153  151  149  147
  146  146  146  146  146  145  144  142  140  136  133  128  124  118  114  109
  107  105  105  103  101   98   97   94   95   95   98  102  110  118  127  136
  147  156  167  178  191  201  209  224  200                                   
    67.5-180.0 180.0   5.0 450.0                            LAT/LON1/LON2/DLON/H
  231  233  249  252  245  241  241  241  242  241  237  229  217  201  183  165
  150  139  135  135  137  141  145  147  147  146  144  141  138  137  135  133
  132  132  131  132  130  130  127  126  122  120  116  113  106  102   95   92
   90   89   88   87   84   82   80   79   80   81   87   93  104  114  126  137
  150  159  172  184  200  213  223  243  231                                   
    65.0-180.0 180.0   5.0 450.0                            LAT/LON1/LON2/DLON/H
  252  264  280  285  278  278  276  277  275  277  267  259  238  217  191  167
  147  133  126  122  124  126  129  128  128  125  123  118  117  113  112  108
  108  106  106  103  103  100  100   96   96   93   93   88   85   80   77   73
   73   71   72   71   70   68   68   67   69   73   80   90  104  117  132  143
  156  165  177  189  204  220  232  255  252                                   
    62.5-180.0 180.0   5.0 450.0                            LAT/LON1/LON2/DLON/H
  269  275  293  298  294  294  295  295  298  299  293  281  260  233  203  174
  150  134  124  119  117  117  117  115  112  107  103   99   95   92   89   85
   83   79   77   74   72   69   68   68   67   68   66   65   61   59   56   55
   55   56   59   60   60   60   60   61   66   72   83   95  114  128  144  155
  167  175  184  195  209  224  235  260  269                                   
    60.0-180.0 180.0   5.0 450.0                            LAT/LON1/LON2/DLON/H
  277  288  303  307  304  306  306  310  312  316  310  300  277  252  218  189
  162  143  132  125  121  116  113  106  101   94   90   85   82   78   76   70
   68   61   58   52   51   48   49   47   49   49   51   48   48   44   43   42
   44   47   52   54   57   57   59   61   68   77   89  106  127  143  160  172
  182  188  194  201  213  225  235  260  277                                   
    57.5-180.0 180.0   5.0 450.0                            LAT/LON1/LON2/DLON/H
  284  290  304  308  305  307  309  313  318  322  320  311  292  267  239  210
  184  165  150  141  132  125  115  106   96   89   83   79   77   74   71   65
   60   53   47   42   39   38   37   38   38   40   41   40   40   38   37   37
   41   45   51   54   58   59   62   66   75   85  101  120  144  163  180  191
  200  205  208  212  221  230  236  260  284                                   
    55.0-180.0 180.0   5.0 450.0                            LAT/LON1/LON2/DLON/H
  291  300  312  314  311  313  313  316  318  324  323  318  301  284  258  236
  213  195  177  163  149  136  124  110   99   90   84   80   80   77   74   67
   61   53   48   42   42   39   41   39   42   42   45   44   46   42   42   41
   47   51   58   61   66   68   71   75   85   96  112  133  159  179  198  211
  220  225  226  229  234  241  246  267  291                                   
    52.5-180.0 180.0   5.0 450.0                            LAT/LON1/LON2/DLON/H
  303  309  321  324  321  322  320  322  323  326  325  320  309  295  278  260
  243  225  206  188  168  150  133  118  106   98   93   90   90   87   83   76
   69   62   56   54   53   54   53   54   55   57   58   59   59   57   55   55
   60   64   69   73   76   80   81   86   96  108  124  147  174  196  215  231
  242  247  249  252  257  262  264  281  303                                   
    50.0-180.0 180.0   5.0 450.0                            LAT/LON1/LON2/DLON/H
  318  330  340  343  343  342  337  334  330  329  325  321  312  305  291  283
  267  252  229  207  182  161  143  128  118  110  106  103  102   98   93   86
   78   72   69   67   70   71   72   72   74   75   78   77   79   76   75   74
   78   80   85   87   92   92   93   97  107  119  135  157  183  206  227  247
  260  271  274  280  286  291  294  305  318                                   
    47.5-180.0 180.0   5.0 450.0                            LAT/LON1/LON2/DLON/H
  336  349  359  367  368  368  360  354  346  339  331  325  317  311  303  294
  285  267  245  220  194  174  155  142  132  126  120  116  112  107  100   92
   85   81   79   82   85   90   90   92   91   93   95   97   98   96   94   94
   96   99  101  103  104  104  104  109  118  131  146  167  193  215  239  259
  277  289  298  307  316  322  324  330  336                                   
    45.0-180.0 180.0   5.0 450.0                            LAT/LON1/LON2/DLON/H
  352  372  383  390  394  395  387  377  364  352  338  329  319  315  308  305
  294  279  254  230  205  185  169  157  148  140  132  124  117  109   99   91
   85   83   85   89   96  101  103  104  104  105  109  112  115  113  113  112
  114  114  116  117  116  114  115  120  130  142  158  178  201  223  247  270
  288  306  319  333  346  357  359  359  352                                   
    42.5-180.0 180.0   5.0 450.0                            LAT/LON1/LON2/DLON/H
  367  387  397  406  412  417  410  403  383  368  349  337  326  321  315  308
  299  280  258  236  215  200  185  175  163  152  139  128  117  105   94   85
   81   81   85   93  100  107  108  110  109  113  116  122  126  126  125  125
  126  126  127  127  125  123  126  132  144  158  174  191  213  232  258  278
  298  314  332  349  368  379  383  382  367                                   
    40.0-180.0 180.0   5.0 450.0                            LAT/LON1/LON2/DLON/H
  376  397  404  410  418  424  421  415  397  379  359  344  331  326  318  313
  300  285  262  244  227  215  203  191  176  158  142  126  112   99   88   80
   77   78   84   93  101  107  109  109  110  113  120  126  131  132  132  130
  132  131  132  131  131  130  134  141  157  172  188  205  225  245  267  288
  306  325  343  362  382  396  405  398  376                                   
    37.5-180.0 180.0   5.0 450.0                            LAT/LON1/LON2/DLON/H
  382  397  402  403  409  416  417  414  401  385  365  351  339  333  325  317
  305  288  270  255  242  232  219  205  186  165  144  128  113  101   90   84
   81   84   90   99  105  110  110  110  111  116  123  130  134  134  133  131
  132  132  133  132  133  133  140  151  170  187  204  220  240  259  280  297
  316  332  349  367  388  403  412  410  382                                   
    35.0-180.0 180.0   5.0 450.0                            LAT/LON1/LON2/DLON/H
  393  403  400  392  392  396  398  398  391  380  365  355  345  340  332  325
  313  300  285  274  261  250  233  213  192  168  149  133  123  114  109  104
  104  107  113  118  123  122  122  116  120  121  130  133  137  133  131  126
  126  125  127  128  130  133  141  155  176  195  214  233  252  272  292  310
  327  345  361  377  394  409  428  421  393                                   
    32.5-180.0 180.0   5.0 450.0                            LAT/LON1/LON2/DLON/H
  418  419  411  395  385  383  383  384  380  374  364  358  351  348  342  334
  325  314  302  291  279  262  240  216  193  173  158  152  147  148  144  147
  146  156  156  162  158  155  144  139  135  137  140  142  140  134  128  120
  119  115  118  118  124  128  140  154  177  198  221  240  261  283  305  324
  342  356  370  383  402  420  441  436  418                                   
    30.0-180.0 180.0   5.0 450.0                            LAT/LON1/LON2/DLON/H
  471  469  448  421  406  396  387  382  377  371  365  360  356  354  348  343
  334  327  317  307  290  268  240  213  193  179  179  184  195  203  208  211
  214  220  219  214  207  191  179  163  160  153  155  149  145  133  124  113
  109  105  105  107  112  118  129  145  167  191  216  241  265  291  316  337
  353  369  385  400  417  438  470  468  471                                   
    27.5-180.0 180.0   5.0 450.0                            LAT/LON1/LON2/DLON/H
  548  542  513  484  460  442  423  411  398  388  376  371  365  362  357  349
  342  334  326  311  290  262  232  208  195  195  209  232  256  279  290  299
  300  306  295  282  258  237  214  196  182  174  166  157  146  132  119  107
  101   93   93   94  100  106  119  136  157  181  210  238  266  292  321  342
  361  377  397  412  433  462  501  511  548                                   
    25.0-180.0 180.0   5.0 450.0                            LAT/LON1/LON2/DLON/H
  648  650  615  589  566  537  502  473  447  424  405  391  382  372  363  353
  343  335  323  303  279  246  222  203  205  218  252  294  332  361  373  375
  372  368  356  336  305  271  243  220  203  187  175  161  146  131  117  105
   95   87   82   83   88   96  109  126  149  175  207  239  273  300  327  350
  371  394  420  440  461  498  544  572  648                                   
    22.5-180.0 180.0   5.0 450.0                            LAT/LON1/LON2/DLON/H
  734  754  728  711  683  653  609  573  528  493  457  438  414  397  376  360
  347  333  318  291  266  234  217  210  225  256  309  368  412  434  432  420
  406  394  377  358  325  287  252  228  209  191  174  158  141  128  115  105
   92   85   77   77   80   90  100  119  143  173  208  244  280  307  333  359
  389  418  448  471  497  542  595  631  734                                   
    20.0-180.0 180.0   5.0 450.0                            LAT/LON1/LON2/DLON/H
  806  849  846  847  834  799  755  705  648  595  547  504  469  431  401  371
  353  332  312  284  259  235  230  234  264  311  375  432  471  477  465  439
  418  399  381  355  321  282  249  224  205  186  169  152  139  129  120  111
   99   88   82   76   78   82   94  110  138  174  216  257  295  323  347  380
  419  458  491  517  548  596  658  693  806                                   
    17.5-180.0 180.0   5.0 450.0                            LAT/LON1/LON2/DLON/H
  834  898  913  938  939  924  880  832  761  703  640  590  535  488  440  403
  372  345  323  293  275  261  267  287  332  383  439  476  492  484  448  419
  393  372  350  324  289  256  226  209  191  177  161  148  139  135  128  120
  106   96   86   78   75   79   90  106  139  178  225  269  303  333  363  406
  452  494  531  563  599  641  700  735  834                                   
    15.0-180.0 180.0   5.0 450.0                            LAT/LON1/LON2/DLON/H
  842  911  947  991 1024 1019  995  943  879  809  749  686  624  561  499  445
  407  373  346  321  307  308  331  366  415  457  489  494  483  443  402  363
  336  313  293  264  242  221  205  194  184  173  163  151  150  144  141  129
  118  102   91   81   77   79   91  107  143  186  239  282  319  350  389  440
  487  531  573  604  639  680  733  756  842                                   
    12.5-180.0 180.0   5.0 450.0                            LAT/LON1/LON2/DLON/H
  803  870  907  971 1021 1045 1037 1001  937  879  822  769  706  640  570  512
  461  428  399  380  375  390  421  463  498  520  516  491  445  394  350  308
  276  249  227  212  197  193  187  186  180  177  168  162  159  155  150  138
  123  110   95   84   79   78   92  110  151  199  249  293  331  370  413  464
  512  560  598  630  660  692  735  755  803                                   
    10.0-180.0 180.0   5.0 450.0                            LAT/LON1/LON2/DLON/H
  763  803  847  923  994 1035 1046 1022  982  930  886  837  784  715  646  577
  524  484  459  450  456  485  522  554  567  550  514  452  394  334  294  253
  231  211  200  186  185  181  187  188  189  186  181  173  172  166  159  143
  129  113  101   86   82   78   93  113  158  205  257  301  342  385  434  485
  538  582  619  646  669  701  733  742  763                                   
     7.5-180.0 180.0   5.0 450.0                            LAT/LON1/LON2/DLON/H
  704  732  761  832  908  967  999 1000  972  941  909  879  836  779  714  648
  592  553  530  530  544  578  608  623  603  557  482  407  342  297  260  238
