data/unet/pred0590.15i
     1.0            IONOSPHERE MAPS     GNSS                IONEX VERSION / TYPE
pyspatialgeodesy        IME             05-JAN-18 20:20     PGM / RUN BY / DATE 
Map Name                                                    COMMENT             
Predicted global ionosphere maps (GIM).                     DESCRIPTION         
  2015     2    28     0     0     0                        EPOCH OF FIRST MAP  
  2015     3     1     0     0     0                        EPOCH OF LAST MAP   
  7200                                                      INTERVAL            
    13                                                      # OF MAPS IN FILE   
  NONE                                                      MAPPING FUNCTION    
10.0                                                        ELEVATION CUTOFF    
One-way carrier phase leveled to code                       OBSERVABLES USED    
  6371.0                                                    BASE RADIUS         
 2                                                          MAP DIMENSION       
   450.0 450.0   0.0                                        HGT1 / HGT2 / DHGT  
    87.5 -87.5  -2.5                                        LAT1 / LAT2 / DLAT  
  -180.0 180.0   5.0                                        LON1 / LON2 / DLON  
    -1                                                      EXPONENT            
                                                            END OF HEADER       
[from data line 1716]
     5                                                      START OF TEC MAP    
  2015     2    28     8     0     0                        EPOCH OF CURRENT MAP
    87.5-180.0 180.0   5.0 450.0                            LAT/LON1/LON2/DLON/H
   48   62   65   65   66   67   69   71   74   76   79   82   85   89   91   94
   96   98  100   99  101  100  101   98   99   96   98   95   96   94   94   92
   92   91   91   89   89   88   88   87   88   88   89   89   90   90   90   90
   90   90   89   89   87   87   85   84   83   82   80   79   77   76   74   72
   70   68   67   66   66   60   65   59   48                                   
    85.0-180.0 180.0   5.0 450.0                            LAT/LON1/LON2/DLON/H
   50   65   59   65   64   65   69   71   76   76   83   84   90   92   97   99
  102  105  107  108  109  110  111  109  110  108  109  106  106  104  104  102
  101  101  100  101   99  101   98  102   99  103  101  105  103  106  104  106
  104  106  104  105  103  103  100   99   96   94   90   87   84   81   77   75
   71   70   66   66   63   58   60   49   50                                   
    82.5-180.0 180.0   5.0 450.0                            LAT/LON1/LON2/DLON/H
   51   60   49   51   51   54   58   64   67   73   77   83   87   92   95  101
  102  108  107  112  110  113  110  112  109  112  108  111  106  111  105  110
  103  110  103  110  104  111  107  113  111  116  116  119  120  123  123  125
  125  127  126  126  125  123  121  117  114  108  104   97   93   86   82   76
   71   66   62   58   54   47   50   38   51                                   
    80.0-180.0 180.0   5.0 450.0                            LAT/LON1/LON2/DLON/H
   47   51   42   44   45   48   53   57   62   68   73   80   85   91   95  100
  102  106  106  108  106  106  103  102  100   99   97   98   97  100   99  102
  102  105  107  109  111  115  117  122  123  129  132  137  140  142  145  146
  150  149  153  150  154  148  149  141  141  131  128  118  114  105  101   92
   87   79   74   66   61   50   48   36   47                                   
    77.5-180.0 180.0   5.0 450.0                            LAT/LON1/LON2/DLON/H
   51   62   49   46   48   50   54   58   62   68   73   79   84   89   95   99
  102  104  106  105  103  100   98   94   91   87   86   84   84   85   87   91
   93  101  102  111  110  120  120  130  131  140  143  150  154  160  164  169
  174  176  181  181  185  179  182  174  174  163  160  148  144  132  126  116
  110  101   95   84   76   62   61   40   51                                   
    75.0-180.0 180.0   5.0 450.0                            LAT/LON1/LON2/DLON/H
   59   62   50   51   47   52   51   57   58   65   69   76   80   88   92   97
  101  102  103  100   98   92   88   80   76   70   68   65   66   67   70   74
   80   86   91  101  102  114  116  129  131  145  149  161  167  177  184  193
  198  206  210  214  215  215  213  210  205  199  191  185  175  168  156  148
  135  127  115  105   94   78   72   54   59                                   
    72.5-180.0 180.0   5.0 450.0                            LAT/LON1/LON2/DLON/H
   71   76   58   57   55   53   56   57   61   64   69   73   79   83   89   92
   96   97   98   94   92   85   80   73   67   61   58   55   56   57   61   66
   72   80   88   97  104  113  120  129  137  147  157  169  178  192  201  213
  223  231  242  243  249  244  247  240  240  230  226  216  211  199  189  176
  164  149  139  122  111   93   90   68   71                                   
    70.0-180.0 180.0   5.0 450.0                            LAT/LON1/LON2/DLON/H
   80   75   61   62   56   56   58   59   63   65   70   72   79   82   89   90
   96   95   97   91   90   81   78   66   64   55   56   49   54   52   61   62
   74   76   90   95  108  113  126  133  146  153  168  176  192  200  215  224
  237  248  255  258  259  261  259  258  252  247  240  235  227  219  207  197
  185  172  158  141  128  108  101   84   80                                   
    67.5-180.0 180.0   5.0 450.0                            LAT/LON1/LON2/DLON/H
   86   83   67   66   62   58   63   61   66   65   71   71   77   79   86   88
   92   92   93   90   87   81   75   69   63   59   54   53   52   54   57   63
   71   79   90   99  109  119  130  140  151  161  174  186  198  210  223  236
  248  257  263  265  266  265  265  262  258  251  245  239  234  224  216  202
  192  178  168  147  135  114  110   87   86                                   
    65.0-180.0 180.0   5.0 450.0                            LAT/LON1/LON2/DLON/H
   88   80   64   65   59   60   62   64   66   68   71   72   77   79   84   86
   91   90   93   88   88   81   79   69   67   60   58   55   57   57   61   66
   76   81   96  102  116  123  137  145  159  167  183  194  208  218  232  242
  250  258  261  264  261  263  259  259  253  248  239  234  227  221  211  202
  190  179  167  150  136  116  109   92   88                                   
    62.5-180.0 180.0   5.0 450.0                            LAT/LON1/LON2/DLON/H
   88   81   67   66   61   60   64   65   68   69   72   72   75   77   81   83
   87   87   89   88   85   83   78   74   67   64   58   58   55   58   59   65
   72   81   92  103  116  127  141  151  164  175  189  202  213  225  235  245
  253  260  262  263  259  259  253  253  248  242  234  228  223  215  207  194
  185  170  159  142  131  113  106   87   88                                   
    60.0-180.0 180.0   5.0 450.0                            LAT/LON1/LON2/DLON/H
   87   76   62   61   55   55   57   61   63   67   70   71   74   74   78   79
   84   83   86   82   84   79   77   70   69   63   60   58   57   59   59   65
   72   83   95  108  124  135  149  160  172  186  200  213  224  235  243  253
  255  260  259  259  257  256  252  251  247  241  234  228  223  217  208  196
  182  168  151  139  126  108  102   84   87                                   
    57.5-180.0 180.0   5.0 450.0                            LAT/LON1/LON2/DLON/H
   91   83   70   67   58   56   59   58   63   64   66   68   69   71   72   75
   77   78   79   78   77   74   71   68   66   64   60   58   55   56   56   62
   67   80   92  109  124  139  153  166  179  194  208  222  231  242  248  259
  260  267  265  268  263  263  257  255  252  246  242  237  235  227  217  202
  187  167  151  135  125  110  102   83   91                                   
    55.0-180.0 180.0   5.0 450.0                            LAT/LON1/LON2/DLON/H
   97   88   75   71   60   54   54   53   56   57   60   62   64   66   69   70
   73   73   74   71   70   66   66   63   63   62   58   58   53   56   55   62
   68   84   98  118  134  150  163  178  192  206  220  236  246  258  265  273
  276  280  281  284  281  281  277  274  270  265  260  259  255  249  235  220
  200  181  158  144  134  118  112   91   97                                   
    52.5-180.0 180.0   5.0 450.0                            LAT/LON1/LON2/DLON/H
  111  102   94   88   75   66   63   58   58   56   57   59   60   63   62   66
   65   67   65   65   64   62   61   60   60   59   56   53   51   49   51   58
   67   83  100  121  139  156  170  187  201  218  232  250  261  275  282  291
  292  300  300  305  302  301  298  295  292  283  282  277  276  268  256  236
  218  192  173  153  142  129  125  107  111                                   
    50.0-180.0 180.0   5.0 450.0                            LAT/LON1/LON2/DLON/H
  125  120  110  105   87   77   67   60   56   53   53   54   56   58   60   62
   62   63   63   63   61   60   60   60   60   60   56   55   51   52   54   62
   74   93  113  135  152  169  182  199  214  232  250  268  283  294  307  311
  316  320  324  326  325  324  324  320  320  312  306  301  296  289  276  256
  233  211  188  173  159  142  136  122  125                                   
    47.5-180.0 180.0   5.0 450.0                            LAT/LON1/LON2/DLON/H
  139  135  131  124  110   96   85   73   67   61   59   59   58   60   59   61
   60   62   60   62   62   61   61   61   61   60   57   54   51   50   54   63
   79   99  122  144  162  177  192  209  222  243  260  282  296  312  320  329
  331  338  340  343  341  340  337  332  330  319  314  306  301  290  279  256
  239  213  197  178  167  149  146  135  139                                   
    45.0-180.0 180.0   5.0 450.0                            LAT/LON1/LON2/DLON/H
  144  146  140  138  124  114   99   90   77   71   65   65   62   63   62   63
   63   65   66   68   68   68   68   68   68   66   63   61   57   58   62   75
   92  114  137  158  174  191  206  222  236  256  276  296  315  327  339  346
  352  357  359  359  356  351  346  338  332  321  310  302  293  284  268  251
  230  212  195  182  168  149  142  137  144                                   
    42.5-180.0 180.0   5.0 450.0                            LAT/LON1/LON2/DLON/H
  141  144  143  140  135  126  117  105   94   84   78   75   72   70   68   68
   68   71   73   76   77   76   76   75   74   72   69   65   62   63   68   82
  101  123  147  168  185  202  217  234  247  269  287  312  325  340  348  358
  361  368  369  369  363  355  347  336  326  310  299  286  278  264  252  231
  216  196  185  168  156  138  134  127  141                                   
    40.0-180.0 180.0   5.0 450.0                            LAT/LON1/LON2/DLON/H
  122  131  125  130  128  126  120  114  104   96   89   86   82   79   76   77
   77   81   84   88   88   87   87   84   85   79   79   73   71   70   78   92
  110  134  157  178  196  214  232  248  266  285  307  327  344  356  367  375
  379  384  382  380  370  362  351  339  327  311  295  282  267  255  240  222
  205  189  175  163  148  129  118  109  122                                   
    37.5-180.0 180.0   5.0 450.0                            LAT/LON1/LON2/DLON/H
  110  115  109  113  116  119  119  117  113  108  102   98   94   90   87   86
   87   92   95   98   99   96   95   92   91   87   84   80   75   75   78   93
  110  136  160  183  205  225  243  263  278  301  320  343  356  370  379  389
  392  396  395  392  387  377  369  357  346  326  308  293  275  260  242  223
  210  193  180  161  148  122  112   93  110                                   
    35.0-180.0 180.0   5.0 450.0                            LAT/LON1/LON2/DLON/H
   93   96   83   88   93  101  105  107  109  108  106  105  101  100   97   98
   98  104  108  111  112  107  105  100   99   94   92   86   82   80   83   95
  113  140  164  189  211  234  256  275  297  317  341  359  376  388  401  411
  418  424  424  425  419  413  405  398  388  371  355  336  317  300  280  261
  242  227  208  188  164  136  116   86   93                                   
    32.5-180.0 180.0   5.0 450.0                            LAT/LON1/LON2/DLON/H
  103   87   77   75   79   84   91   96  100  103  104  106  106  106  105  106
  109  113  119  119  119  112  109  105  103   99   95   90   82   80   79   89
  106  133  161  188  214  241  263  290  306  331  351  372  387  403  418  432
  445  453  462  464  469  468  469  467  462  455  436  417  389  369  345  328
  307  285  265  234  208  171  145  100  103                                   
    30.0-180.0 180.0   5.0 450.0                            LAT/LON1/LON2/DLON/H
  130  104   83   74   69   74   77   84   88   93   96  103  105  109  110  113
  118  124  128  128  125  118  114  108  106  102   99   92   85   79   80   90
  110  141  168  194  218  246  276  300  322  345  369  388  409  423  447  461
  482  495  510  520  531  544  558  573  580  570  558  542  518  497  471  456
  432  414  383  347  295  244  190  141  130                                   
    27.5-180.0 180.0   5.0 450.0                            LAT/LON1/LON2/DLON/H
  187  146  126   87   81   74   81   83   86   87   91   97  104  108  111  115
  122  126  131  128  126  118  114  108  106  101   98   93   85   82   85   97
  120  148  176  202  224  253  280  309  331  358  379  404  426  445  473  490
  519  540  568  587  616  642  655  666  672  664  653  637  609  592  570  560
  542  526  498  454  408  359  297  232  187                                   
    25.0-180.0 180.0   5.0 450.0                            LAT/LON1/LON2/DLON/H
  272  247  208  151  114   94   77   76   73   79   88   91   99  107  111  118
  124  130  134  131  128  121  117  111  112  105  104   98   95   90   96  109
  132  159  187  213  232  260  285  317  343  373  401  423  453  474  506  530
  569  601  640  665  694  711  730  746  762  765  761  746  728  710  688  676
  655  633  597  555  516  477  406  364  272                                   
    22.5-180.0 180.0   5.0 450.0                            LAT/LON1/LON2/DLON/H
  399  367  322  252  196  147  116   95   83   79   82   92  103  107  111  117
  121  126  128  126  124  118  117  114  116  113  110  107  100   98   98  113
  141  170  196  223  243  269  292  325  350  386  413  441  468  496  532  564
  610  649  685  724  746  769  788  810  831  837  845  839  833  819  798  783
  762  739  702  653  607  564  519  470  399                                   
    20.0-180.0 180.0   5.0 450.0                            LAT/LON1/LON2/DLON/H
  485  473  407  334  301  241  192  142  116   99   90   95  104  113  114  117
  121  123  126  122  123  119  123  121  126  119  116  108  103   91   91  113
  139  174  204  232  247  279  306  341  370  404  437  462  493  520  566  599
  653  684  731  754  782  797  820  836  856  869  878  881  876  864  849  837
  816  790  759  716  674  633  588  552  485                                   
    17.5-180.0 180.0   5.0 450.0                            LAT/LON1/LON2/DLON/H
  548  540  504  440  373  318  285  223  180  146  128  121  119  124  126  124
  124  123  122  120  120  123  125  129  130  121  107  105   97   91   93  117
  145  176  208  234  254  282  311  346  375  415  443  478  510  548  588  627
  663  707  737  761  777  792  804  816  831  847  864  873  877  869  858  844
  826  801  775  735  703  664  628  598  548                                   
    15.0-180.0 180.0   5.0 450.0                            LAT/LON1/LON2/DLON/H
  573  564  538  500  445  376  331  292  248  199  173  153  143  135  134  134
  131  124  122  119  122  121  127  124  117  103   96  100   88   92   97  122
  150  186  216  240  258  293  320  357  391  426  462  493  534  567  610  633
  678  702  734  742  754  758  764  768  777  790  810  824  837  834  824  809
  793  772  750  716  688  655  626  594  573                                   
    12.5-180.0 180.0   5.0 450.0                            LAT/LON1/LON2/DLON/H
  573  561  551  525  496  432  387  342  308  253  216  190  175  162  152  143
  141  132  128  120  120  114  115  106  101   95   93   97   92   93   99  122
  147  181  215  238  261  288  321  355  387  426  461  501  544  585  619  647
  667  694  708  716  717  719  717  718  719  729  745  763  776  777  769  757
  740  724  702  672  647  616  594  568  573                                   
    10.0-180.0 180.0   5.0 450.0                            LAT/LON1/LON2/DLON/H
  538  528  524  518  489  441  407  364  336  296  254  215  198  178  167  156
  142  128  113  107   96   94   90   94   88   94   90  106   95   98  108  123
  150  184  213  238  259  288  321  352  389  423  468  509  555  594  628  640
  665  671  688  684  686  684  683  681  682  686  702  716  730  727  721  706
  693  679  661  635  608  579  553  529  538                                   
     7.5-180.0 180.0   5.0 450.0                            LAT/LON1/LON2/DLON/H
  491  477  483  480  467  429  404  375  359  329  291  249  221  200  185  168
  159  131  119   98   95   83   85   82   88   95  108  111  107  104  110  123
