data/unet/pred3330.15i
     1.0            IONOSPHERE MAPS     GNSS                IONEX VERSION / TYPE
pyspatialgeodesy        IME             05-JAN-18 20:20     PGM / RUN BY / DATE 
Map Name                                                    COMMENT             
Predicted global ionosphere maps (GIM).                     DESCRIPTION         
  2015    11    29     0     0     0                        EPOCH OF FIRST MAP  
  2015    11    30     0     0     0                        EPOCH OF LAST MAP   
  7200                                                      INTERVAL            
    13                                                      # OF MAPS IN FILE   
  NONE                                                      MAPPING FUNCTION    
10.0                                                        ELEVATION CUTOFF    
One-way carrier phase leveled to code                       OBSERVABLES USED    
  6371.0                                                    BASE RADIUS         
 2                                                          MAP DIMENSION       
   450.0 450.0   0.0                                        HGT1 / HGT2 / DHGT  
    87.5 -87.5  -2.5                                        LAT1 / LAT2 / DLAT  
  -180.0 180.0   5.0                                        LON1 / LON2 / DLON  
    -1                                                      EXPONENT            
                                                            END OF HEADER       
[from data line 3003]
     8                                                      START OF TEC MAP    
  2015    11    29    14     0     0                        EPOCH OF CURRENT MAP
    87.5-180.0 180.0   5.0 450.0                            LAT/LON1/LON2/DLON/H
   57   72   73   74   70   72   69   72   69   73   70   73   68   70   65   67
   62   65   60   63   59   62   58   61   57   61   58   60   58   60   60   61
   61   63   63   65   63   67   65   68   66   70   67   71   68   72   70   73
   71   74   72   74   73   75   74   75   74   76   75   75   75   76   75   76
   75   76   75   76   75   76   85   81   57                                   
    85.0-180.0 180.0   5.0 450.0                            LAT/LON1/LON2/DLON/H
   67   77   67   65   64   64   64   63   66   64   68   64   69   65   69   64
   68   63   67   61   65   60   63   59   62   59   61   59   60   59   60   58
   60   58   59   57   59   58   58   57   59   59   60   60   62   63   65   65
   68   68   71   71   74   74   76   75   77   76   78   76   77   75   75   73
   74   71   71   69   70   70   73   63   67                                   
    82.5-180.0 180.0   5.0 450.0                            LAT/LON1/LON2/DLON/H
   61   59   53   55   53   53   51   54   52   57   55   60   57   62   58   62
   57   60   55   58   54   56   53   56   53   56   53   57   53   57   52   56
   51   55   48   53   45   51   43   50   43   50   44   52   48   56   52   60
   57   65   64   69   70   74   74   77   76   78   76   78   75   75   71   71
   68   68   63   63   58   58   54   46   61                                   
    80.0-180.0 180.0   5.0 450.0                            LAT/LON1/LON2/DLON/H
   48   47   40   44   44   44   46   47   50   52   53   56   57   59   59   59
   59   56   56   52   53   50   51   49   50   50   50   52   52   53   51   53
   49   50   45   46   40   42   36   38   33   35   33   37   35   41   40   48
   48   55   56   62   63   68   68   72   71   74   72   73   70   70   66   65
   60   60   53   54   48   48   45   36   48                                   
    77.5-180.0 180.0   5.0 450.0                            LAT/LON1/LON2/DLON/H
   29   36   33   32   34   36   37   40   41   45   46   50   49   52   52   54
   52   52   50   50   48   49   47   49   48   51   53   56   57   59   60   61
   58   58   54   52   45   44   38   37   31   33   30   34   31   37   36   42
   43   49   52   57   59   63   64   67   66   67   66   66   63   62   58   56
   51   50   45   43   39   36   34   20   29                                   
    75.0-180.0 180.0   5.0 450.0                            LAT/LON1/LON2/DLON/H
   26   30   26   28   30   32   34   36   40   42   47   49   52   54   56   55
   56   53   53   51   49   51   50   53   54   58   62   64   69   71   73   73
   73   71   67   62   56   51   45   39   34   30   29   26   28   29   34   36
   41   45   50   52   56   58   61   61   63   62   62   60   59   56   54   51
   47   45   41   38   35   31   34   18   26                                   
    72.5-180.0 180.0   5.0 450.0                            LAT/LON1/LON2/DLON/H
   24   35   30   30   31   34   35   38   42   46   50   53   56   59   59   60
   58   59   56   58   57   60   60   68   68   78   78   87   87   94   92   96
   92   93   86   83   72   66   58   51   45   41   37   35   33   36   37   42
   43   50   50   55   55   59   59   60   59   61   59   60   57   57   53   51
   48   47   44   42   39   35   34   16   24                                   
    70.0-180.0 180.0   5.0 450.0                            LAT/LON1/LON2/DLON/H
   27   36   31   32   33   35   37   39   44   47   53   56   60   63   62   65
   62   63   60   62   62   69   71   81   83   93   96  104  107  111  112  114
  115  112  108  101   92   83   71   62   53   47   43   39   39   38   41   42
   45   48   51   52   54   54   54   54   54   55   56   55   57   55   55   52
   53   50   50   46   46   39   42   25   27                                   
    67.5-180.0 180.0   5.0 450.0                            LAT/LON1/LON2/DLON/H
   33   45   42   40   41   40   42   44   47   52   57   61   64   68   68   69
   68   69   68   73   74   84   88   98  101  111  113  122  121  128  126  131
  127  129  122  117  107   98   87   76   66   58   53   49   47   46   45   47
   47   50   48   49   47   47   46   46   46   48   48   51   51   53   54   53
   54   55   55   52   51   46   43   30   33                                   
    65.0-180.0 180.0   5.0 450.0                            LAT/LON1/LON2/DLON/H
   38   45   44   42   43   43   43   44   47   51   55   61   62   68   67   69
   67   69   70   77   82   92   98  109  115  122  127  131  134  137  138  141
  139  140  134  130  119  110   96   86   75   66   59   53   53   48   49   45
   47   44   45   41   41   37   39   36   40   40   44   45   50   50   54   54
   57   57   60   57   58   49   48   37   38                                   
    62.5-180.0 180.0   5.0 450.0                            LAT/LON1/LON2/DLON/H
   41   50   47   45   47   46   46   47   47   51   55   58   61   64   66   64
   68   69   73   83   88  101  108  118  124  131  133  138  139  145  146  149
  148  148  143  139  129  121  107   97   85   78   69   64   58   55   52   50
   46   45   41   38   33   32   30   31   31   34   35   40   42   46   48   53
   55   57   57   56   55   48   45   36   41                                   
    60.0-180.0 180.0   5.0 450.0                            LAT/LON1/LON2/DLON/H
   37   43   43   43   45   44   44   43   44   46   48   51   53   57   58   60
   62   66   72   82   92  102  111  120  127  133  137  140  144  149  151  156
  156  156  150  146  136  126  114  103   92   80   74   66   62   53   51   45
   43   38   36   30   28   24   26   24   30   28   32   34   38   39   44   46
   49   50   53   51   52   42   43   33   37                                   
    57.5-180.0 180.0   5.0 450.0                            LAT/LON1/LON2/DLON/H
   35   42   41   42   44   42   42   41   40   41   42   45   47   49   54   54
   61   64   76   84   96  108  117  126  130  136  139  144  148  155  159  165
  168  165  161  154  145  135  123  114  102   93   83   76   67   61   56   51
   46   42   36   31   26   24   24   25   26   29   29   33   34   37   39   43
   44   46   46   45   44   37   37   29   35                                   
    55.0-180.0 180.0   5.0 450.0                            LAT/LON1/LON2/DLON/H
   33   39   40   39   43   41   41   39   38   37   37   38   40   43   47   50
   57   64   76   87   99  111  118  127  132  138  143  149  155  163  169  177
  178  178  171  165  154  143  131  120  108   98   89   80   73   63   56   47
   44   38   36   29   28   25   27   28   31   32   33   33   34   33   36   36
   39   39   41   40   41   33   37   27   33                                   
    52.5-180.0 180.0   5.0 450.0                            LAT/LON1/LON2/DLON/H
   40   45   42   46   45   45   44   42   38   38   35   36   37   39   45   50
   60   69   83   94  106  119  126  136  138  146  149  159  166  178  186  192
  191  188  182  175  166  155  146  135  123  113  103   93   85   73   67   58
   54   49   45   40   36   36   36   40   39   42   39   41   37   38   35   39
   37   40   41   41   41   36   39   30   40                                   
    50.0-180.0 180.0   5.0 450.0                            LAT/LON1/LON2/DLON/H
   53   52   51   51   53   52   50   46   43   41   39   35   38   36   44   50
   61   73   87  101  111  125  132  141  146  153  159  169  180  191  198  204
  202  197  190  182  174  166  157  146  136  125  116  104   97   84   76   65
   61   55   53   48   48   46   48   51   53   53   50   48   44   41   40   40
   42   43   47   48   50   44   50   38   53                                   
    47.5-180.0 180.0   5.0 450.0                            LAT/LON1/LON2/DLON/H
   66   69   65   67   65   66   60   56   51   49   46   46   43   46   48   59
   70   85   98  114  124  138  144  154  157  165  171  183  193  203  207  210
  206  200  193  187  183  176  171  162  152  143  132  121  110   98   90   80
   75   70   68   65   63   63   63   66   65   65   60   59   52   51   47   49
   48   52   55   59   61   59   60   54   66                                   
    45.0-180.0 180.0   5.0 450.0                            LAT/LON1/LON2/DLON/H
   81   80   75   75   75   73   68   64   60   56   54   50   49   49   54   63
   77   92  106  122  134  146  155  164  170  177  183  193  201  208  209  209
  203  199  194  191  188  185  180  172  165  154  146  131  124  108  102   89
   86   79   80   75   76   73   75   73   74   71   68   63   59   56   54   54
   57   60   66   69   75   72   75   67   81                                   
    42.5-180.0 180.0   5.0 450.0                            LAT/LON1/LON2/DLON/H
   86   89   84   85   82   80   76   73   68   68   64   62   60   62   66   77
   91  108  123  137  149  161  169  180  182  190  192  200  203  205  202  200
  197  193  193  191  194  190  188  181  174  165  157  146  134  121  111  101
   95   91   88   85   82   80   77   78   75   74   68   67   62   62   60   62
   62   67   71   77   82   83   81   78   86                                   
    40.0-180.0 180.0   5.0 450.0                            LAT/LON1/LON2/DLON/H
   88   88   84   85   82   79   75   73   72   71   72   67   70   68   75   85
  103  117  135  146  159  170  181  189  195  199  200  202  200  198  193  191
  191  192  195  198  202  200  199  189  184  173  166  153  143  128  119  106
  102   95   94   86   84   78   77   75   74   71   68   67   63   63   63   65
   67   69   75   78   84   84   85   77   88                                   
    37.5-180.0 180.0   5.0 450.0                            LAT/LON1/LON2/DLON/H
   79   84   81   84   79   78   74   74   72   76   76   76   79   79   88  100
  118  132  146  159  170  184  192  202  202  205  202  199  194  190  186  188
  193  199  208  213  219  215  213  201  193  180  172  160  150  136  124  112
  105  100   95   88   81   75   72   71   69   68   64   66   63   65   65   68
   66   70   70   76   78   81   77   73   79                                   
    35.0-180.0 180.0   5.0 450.0                            LAT/LON1/LON2/DLON/H
   71   71   74   73   72   67   65   63   67   70   77   77   85   86  100  110
  129  140  155  165  180  192  204  208  211  209  205  201  195  193  192  199
  210  223  234  242  243  238  230  214  205  189  180  166  158  143  133  117
  111  102   99   88   81   72   68   66   66   64   62   62   62   64   65   65
   67   65   67   67   70   69   69   59   71                                   
    32.5-180.0 180.0   5.0 450.0                            LAT/LON1/LON2/DLON/H
   47   57   61   65   61   61   57   58   59   67   72   77   88   93  107  121
  138  152  165  180  192  206  211  217  212  212  207  207  205  210  218  234
  255  270  288  286  288  270  259  236  222  203  193  178  169  155  145  130
  122  115  109   98   90   82   77   75   71   69   64   67   64   68   66   68
   65   65   61   62   57   59   53   48   47                                   
    30.0-180.0 180.0   5.0 450.0                            LAT/LON1/LON2/DLON/H
   37   46   53   51   51   47   46   43   47   53   66   74   87   97  116  128
  148  158  174  188  205  213  220  220  218  217  218  223  228  241  260  286
  316  338  351  348  339  317  294  265  247  224  214  197  188  173  164  149
  145  135  133  121  115  105  100   94   90   83   78   76   75   75   76   75
   74   68   67   59   57   50   48   34   37                                   
    27.5-180.0 180.0   5.0 450.0                            LAT/LON1/LON2/DLON/H
   24   39   44   48   44   39   37   42   41   50   57   69   85   97  117  135
  153  168  184  201  214  223  224  223  220  224  229  242  258  282  313  351
  388  408  419  405  392  361  335  301  277  254  240  223  212  197  188  175
  169  164  161  155  150  141  136  129  122  114  104  100   93   93   88   88
   82   79   71   65   55   53   43   37   24                                   
    25.0-180.0 180.0   5.0 450.0                            LAT/LON1/LON2/DLON/H
   28   44   47   41   35   23   25   21   35   39   51   61   80   98  120  139
  160  175  192  207  221  225  228  224  226  232  246  266  294  330  375  418
  460  477  481  462  441  408  378  343  318  294  278  260  249  234  222  208
  202  197  197  195  191  185  177  169  157  146  133  125  117  114  110  105
  100   94   91   80   73   64   56   42   28                                   
    22.5-180.0 180.0   5.0 450.0                            LAT/LON1/LON2/DLON/H
   39   57   52   50   37   25   19   19   24   33   48   61   77   94  117  139
  163  180  200  214  226  233  231  232  233  246  264  298  334  384  429  479
  512  526  522  497  474  440  410  381  357  339  321  308  292  279  263  253
  243  243  242  244  241  237  225  215  199  183  165  153  142  137  130  127
  119  117  109  102   91   86   68   64   39                                   
    20.0-180.0 180.0   5.0 450.0                            LAT/LON1/LON2/DLON/H
   58   75   63   53   43   28   22   11   21   21   40   48   75   96  120  145
  169  188  203  219  229  233  236  236  246  261  292  333  380  426  473  514
  548  553  546  519  492  462  435  411  394  378  364  350  335  324  307  301
  290  293  292  296  292  288  271  258  235  214  191  175  161  152  145  139
  138  134  132  124  114  106   91   78   58                                   
    17.5-180.0 180.0   5.0 450.0                            LAT/LON1/LON2/DLON/H
   76   91   73   58   46   36   25   15   20   23   32   44   65   92  123  144
  172  189  212  223  236  242  246  252  263  287  323  370  411  458  496  530
  552  555  543  518  495  468  447  429  419  412  402  394  378  369  350  341
  331  333  331  334  329  321  301  287  261  241  216  196  176  164  151  152
  146  150  146  141  127  122  103  100   76                                   
    15.0-180.0 180.0   5.0 450.0                            LAT/LON1/LON2/DLON/H
   90   95   76   60   48   41   35   22   26   21   36   42   66   90  124  155
  179  204  220  233  244  252  260  270  290  319  361  398  436  468  502  518
  535  532  522  502  481  464  447  438  435  433  428  422  409  400  383  374
  359  354  347  345  335  325  303  285  259  239  217  200  180  168  155  151
  152  152  154  146  135  130  114  104   90                                   
    12.5-180.0 180.0   5.0 450.0                            LAT/LON1/LON2/DLON/H
   92  100   81   66   50   45   40   28   29   30   36   48   65   95  126  163
  191  213  233  245  256  270  282  305  328  361  392  424  448  471  487  495
  503  504  496  483  469  456  448  447  449  456  454  454  443  433  414  401
  380  368  354  345  327  310  284  263  236  220  201  190  174  164  152  152
  150  154  151  146  134  130  113  106   92                                   
    10.0-180.0 180.0   5.0 450.0                            LAT/LON1/LON2/DLON/H
   89   94   77   64   49   44   44   37   43   43   49   56   77  107  141  183
  209  236  250  266  279  295  314  340  367  392  423  442  455  459  462  460
  468  467  466  458  453  451  448  455  458  465  464  462  453  442  425  408
  384  364  345  327  304  281  251  232  210  201  187  179  167  162  153  154
  152  150  149  138  128  124  110   95   89                                   
     7.5-180.0 180.0   5.0 450.0                            LAT/LON1/LON2/DLON/H
   77   88   78   67   51   47   45   47   51   57   63   69   90  118  155  203
  231  258  272  283  298  317  341  370  392  421  442  453  453  447  439  436
