data/unet/pred1440.15i
     1.0            IONOSPHERE MAPS     GNSS                IONEX VERSION / TYPE
pyspatialgeodesy        IME             05-JAN-18 20:20     PGM / RUN BY / DATE 
Map Name                                                    COMMENT             
Predicted global ionosphere maps (GIM).                     DESCRIPTION         
  2015     5    24     0     0     0                        EPOCH OF FIRST MAP  
  2015     5    25     0     0     0                        EPOCH OF LAST MAP   
  7200                                                      INTERVAL            
    13                                                      # OF MAPS IN FILE   
  NONE                                                      MAPPING FUNCTION    
10.0                                                        ELEVATION CUTOFF    
One-way carrier phase leveled to code                       OBSERVABLES USED    
  6371.0                                                    BASE RADIUS         
 2                                                          MAP DIMENSION       
   450.0 450.0   0.0                                        HGT1 / HGT2 / DHGT  
    87.5 -87.5  -2.5                                        LAT1 / LAT2 / DLAT  
  -180.0 180.0   5.0                                        LON1 / LON2 / DLON  
    -1                                                      EXPONENT            
                                                            END OF HEADER       
[from data line 3003]
     8                                                      START OF TEC MAP    
  2015     5    24    14     0     0                        EPOCH OF CURRENT MAP
    87.5-180.0 180.0   5.0 450.0                            LAT/LON1/LON2/DLON/H
  184  197  203  207  207  210  209  211  210  212  211  212  210  211  209  209
  207  208  206  206  204  204  203  203  201  201  200  200  198  198  197  196
  195  194  194  192  192  190  190  188  188  185  186  183  184  183  184  183
  185  184  185  184  186  185  186  185  186  185  186  185  186  186  186  187
  188  189  190  190  188  188  204  174  184                                   
    85.0-180.0 180.0   5.0 450.0                            LAT/LON1/LON2/DLON/H
  193  195  194  201  202  203  205  206  207  207  208  207  208  206  207  204
  205  203  204  201  202  199  200  197  198  196  196  194  193  192  191  189
  188  187  186  185  184  183  182  181  180  180  178  178  177  178  177  178
  177  179  177  178  177  178  177  177  176  177  176  176  176  176  176  177
  178  180  181  181  181  180  188  186  193                                   
    82.5-180.0 180.0   5.0 450.0                            LAT/LON1/LON2/DLON/H
  194  184  187  190  193  197  199  201  202  203  204  204  205  204  204  203
  203  202  202  201  200  201  199  199  196  197  194  194  191  191  187  187
  184  184  181  181  179  179  177  176  176  174  176  173  176  174  176  174
  177  175  177  175  176  174  175  172  174  171  172  169  171  169  169  168
  170  171  173  172  174  174  183  175  194                                   
    80.0-180.0 180.0   5.0 450.0                            LAT/LON1/LON2/DLON/H
  186  182  181  187  187  192  193  195  196  196  197  196  198  196  197  195
  196  194  196  194  196  194  195  193  194  192  192  190  190  187  187  185
  184  182  182  179  179  177  177  175  176  174  176  175  177  176  179  177
  180  178  181  178  179  177  177  175  175  172  172  169  170  168  168  167
  167  168  168  168  167  169  167  170  186                                   
    77.5-180.0 180.0   5.0 450.0                            LAT/LON1/LON2/DLON/H
  176  172  178  184  185  190  191  195  194  197  195  196  193  194  191  193
  190  193  191  195  192  196  194  197  194  197  193  196  192  193  190  190
  187  187  184  184  181  181  180  179  178  178  178  178  179  179  180  182
  182  183  183  183  182  181  179  178  175  174  171  170  167  166  163  164
  161  162  160  159  156  159  159  156  176                                   
    75.0-180.0 180.0   5.0 450.0                            LAT/LON1/LON2/DLON/H
  167  166  172  175  180  181  185  184  188  186  189  185  186  182  184  181
  183  182  185  184  189  188  192  191  194  193  195  193  195  193  193  191
  191  190  189  188  187  186  185  184  184  183  185  184  186  186  188  189
  189  190  190  189  188  187  185  182  180  177  175  171  169  166  164  162
  160  158  158  152  153  152  149  153  167                                   
    72.5-180.0 180.0   5.0 450.0                            LAT/LON1/LON2/DLON/H
  158  158  165  172  174  181  182  186  186  187  187  185  183  182  180  180
  179  181  182  186  187  191  192  195  195  197  197  200  200  201  200  200
  198  199  197  198  195  195  194  194  192  192  191  192  192  193  193  194
  193  194  193  192  190  189  187  185  181  179  175  172  169  165  162  159
  155  154  151  147  145  146  147  143  158                                   
    70.0-180.0 180.0   5.0 450.0                            LAT/LON1/LON2/DLON/H
  151  150  156  160  166  168  175  175  181  179  182  177  178  174  175  172
  175  174  180  179  186  185  191  189  195  193  198  197  202  200  204  201
  203  202  204  201  202  199  199  197  196  195  195  195  195  195  195  194
  193  193  192  190  189  187  187  184  183  179  178  173  171  167  164  161
  157  154  151  145  144  140  139  141  151                                   
    67.5-180.0 180.0   5.0 450.0                            LAT/LON1/LON2/DLON/H
  144  142  145  153  156  164  168  175  178  181  181  181  179  178  176  176
  176  179  181  184  187  188  191  192  195  196  198  201  203  205  206  207
  207  208  208  208  206  206  204  204  202  202  199  201  198  198  195  194
  191  190  188  187  186  186  186  184  183  181  180  177  174  170  167  162
  159  155  151  145  142  139  141  134  144                                   
    65.0-180.0 180.0   5.0 450.0                            LAT/LON1/LON2/DLON/H
  141  137  137  143  150  154  162  167  175  175  179  177  178  174  176  173
  177  176  182  181  188  185  191  187  194  191  197  196  203  202  207  206
  210  209  211  210  210  208  207  205  203  202  201  200  198  196  193  190
  187  184  184  182  183  182  184  183  184  182  183  180  179  174  171  167
  162  159  154  147  143  137  135  136  141                                   
    62.5-180.0 180.0   5.0 450.0                            LAT/LON1/LON2/DLON/H
  139  130  130  134  139  147  153  162  167  173  176  177  177  178  178  179
  180  182  184  185  187  186  189  188  191  192  195  198  202  204  207  209
  212  212  214  214  213  212  210  209  207  206  203  203  199  197  191  188
  182  182  179  181  181  183  185  188  188  190  189  189  185  181  177  172
  168  163  158  149  144  138  138  130  139                                   
    60.0-180.0 180.0   5.0 450.0                            LAT/LON1/LON2/DLON/H
  135  123  122  125  131  136  145  151  161  164  172  172  178  175  180  177
  182  180  185  182  186  182  185  183  188  187  192  195  200  203  207  210
  215  215  219  218  217  215  212  211  209  207  205  204  200  197  192  188
  183  179  178  178  179  181  185  188  190  191  192  191  190  184  181  175
  171  166  160  152  145  136  131  131  135                                   
    57.5-180.0 180.0   5.0 450.0                            LAT/LON1/LON2/DLON/H
  133  119  113  115  120  127  132  143  149  159  163  170  172  175  178  180
  183  184  185  184  184  183  183  184  188  191  195  199  205  208  214  216
  222  222  225  224  223  221  218  217  216  214  212  211  208  204  200  194
  188  185  181  182  182  186  189  194  195  198  197  198  195  190  184  180
  173  168  163  153  147  137  133  124  133                                   
    55.0-180.0 180.0   5.0 450.0                            LAT/LON1/LON2/DLON/H
  129  111  105  108  113  118  126  133  143  150  158  163  171  172  180  179
  185  183  185  182  182  180  181  183  186  192  196  203  208  214  219  224
  228  231  233  232  231  227  225  222  223  219  219  216  214  211  207  203
  197  194  189  187  186  188  192  196  198  200  201  200  197  191  186  178
  173  168  162  154  146  136  128  125  129                                   
    52.5-180.0 180.0   5.0 450.0                            LAT/LON1/LON2/DLON/H
  130  111  102  103  108  115  120  132  137  148  153  163  166  176  179  187
  188  191  188  188  184  185  184  188  193  199  206  211  218  223  230  233
  239  240  243  242  241  238  236  235  235  232  231  228  227  223  221  216
  212  207  202  200  195  198  199  204  204  208  205  206  200  195  186  181
  173  169  163  154  147  136  131  121  130                                   
    50.0-180.0 180.0   5.0 450.0                            LAT/LON1/LON2/DLON/H
  130  111  104  105  108  114  119  128  137  145  152  159  166  174  183  188
  193  194  194  191  188  187  188  193  197  207  211  220  225  234  238  244
  248  251  255  254  254  249  250  245  248  243  244  239  239  235  234  229
  226  220  215  209  206  204  206  209  210  213  211  210  204  197  189  182
  175  170  165  156  148  139  130  125  130                                   
    47.5-180.0 180.0   5.0 450.0                            LAT/LON1/LON2/DLON/H
  134  118  108  106  109  117  121  133  138  150  154  165  168  180  185  198
  200  205  202  202  196  198  198  204  211  218  224  230  237  241  249  252
  259  265  269  270  271  268  267  266  265  263  261  258  256  252  249  243
  239  231  224  219  212  212  210  214  213  218  214  215  208  202  193  187
  179  175  168  159  152  141  138  125  134                                   
    45.0-180.0 180.0   5.0 450.0                            LAT/LON1/LON2/DLON/H
  138  123  116  113  116  121  126  136  143  153  159  167  173  182  191  203
  208  213  214  211  207  207  208  215  220  228  231  240  243  250  254  261
  269  275  282  285  288  286  288  284  287  282  282  276  273  266  263  255
  249  238  232  222  218  212  213  211  214  216  214  215  208  204  196  190
  184  180  174  166  157  147  140  133  138                                   
    42.5-180.0 180.0   5.0 450.0                            LAT/LON1/LON2/DLON/H
  144  134  122  118  119  124  129  141  148  161  168  177  181  191  199  214
  219  226  227  226  222  220  222  227  235  239  244  247  254  256  264  271
  283  293  304  310  317  317  317  315  314  309  305  298  292  284  278  268
  258  246  236  227  219  216  212  213  210  215  214  218  212  209  202  200
  194  190  182  174  164  154  151  136  144                                   
    40.0-180.0 180.0   5.0 450.0                            LAT/LON1/LON2/DLON/H
  149  138  130  123  123  126  132  142  152  165  175  183  190  198  207  221
  228  236  239  237  234  231  233  238  243  248  250  256  259  266  273  282
  299  312  327  336  346  347  348  345  342  335  327  320  310  303  292  281
  268  253  243  230  224  218  217  213  215  217  216  222  217  217  210  210
  203  201  192  184  173  162  152  143  149                                   
    37.5-180.0 180.0   5.0 450.0                            LAT/LON1/LON2/DLON/H
  154  145  131  124  122  124  127  140  151  169  181  192  199  209  218  232
  238  246  249  249  246  244  245  248  255  257  263  266  273  277  289  301
  321  338  360  372  384  385  384  379  375  364  354  343  332  322  310  296
  282  266  253  242  232  228  224  223  220  224  222  226  225  223  220  219
  214  209  201  191  180  166  158  148  154                                   
    35.0-180.0 180.0   5.0 450.0                            LAT/LON1/LON2/DLON/H
  156  146  132  124  121  118  123  134  151  169  184  197  207  218  229  241
  247  254  257  258  255  254  254  258  262  266  270  276  283  291  306  320
  347  366  392  403  418  418  419  413  409  397  383  370  354  342  325  312
  294  279  264  251  242  234  230  226  226  227  225  229  226  227  223  226
  220  218  208  199  186  173  159  155  156                                   
    32.5-180.0 180.0   5.0 450.0                            LAT/LON1/LON2/DLON/H
  161  147  132  125  116  114  114  127  143  164  181  199  213  227  239  250
  255  260  263  266  265  265  268  272  279  283  290  294  303  312  330  348
  377  402  427  440  451  454  451  449  443  433  419  408  387  373  350  336
  312  300  280  273  256  250  238  232  227  227  227  230  231  229  228  228
  226  221  214  203  191  175  164  161  161                                   
    30.0-180.0 180.0   5.0 450.0                            LAT/LON1/LON2/DLON/H
  162  145  129  124  116  110  109  117  135  156  178  197  217  233  246  258
  260  265  268  273  273  276  279  286  292  297  304  311  322  334  359  381
  413  436  458  465  475  475  478  474  472  463  452  441  422  407  386  370
  348  335  318  308  291  279  258  243  231  223  222  221  224  222  226  226
  225  222  215  208  194  180  164  166  162                                   
    27.5-180.0 180.0   5.0 450.0                            LAT/LON1/LON2/DLON/H
  162  146  134  127  116  112  107  114  126  147  167  194  214  236  249  262
  265  269  271  278  279  284  290  297  306  309  319  327  340  355  382  409
  441  466  480  485  491  494  493  496  494  492  483  478  460  452  431  421
  397  388  370  363  340  321  293  272  250  236  223  219  219  218  221  223
  222  219  214  208  196  181  169  168  162                                   
    25.0-180.0 180.0   5.0 450.0                            LAT/LON1/LON2/DLON/H
  160  152  140  137  127  119  112  112  119  136  155  179  205  230  247  262
  264  273  274  282  285  292  299  307  316  322  333  343  361  379  408  435
  464  481  490  489  493  492  497  497  503  502  498  494  483  481  467  464
  442  434  412  400  375  353  320  287  256  230  217  208  208  202  208  210
  215  214  213  208  200  187  173  169  160                                   
    22.5-180.0 180.0   5.0 450.0                            LAT/LON1/LON2/DLON/H
  153  165  156  150  139  131  120  116  116  127  143  167  192  221  241  260
  268  277  278  288  291  297  304  310  322  330  342  357  375  398  425  450
  474  486  493  490  491  490  494  500  508  513  513  514  506  504  494  491
  480  470  457  434  413  373  340  299  272  241  219  209  203  205  202  205
  207  209  206  206  198  190  181  173  153                                   
    20.0-180.0 180.0   5.0 450.0                            LAT/LON1/LON2/DLON/H
  154  174  165  163  153  148  132  127  121  124  134  155  181  206  230  251
  264  277  280  290  296  299  307  315  330  339  354  363  390  411  434  456
  475  483  488  485  484  482  487  495  506  512  514  516  514  514  510  512
  507  505  485  463  432  400  349  316  273  243  216  204  198  194  199  196
  200  201  201  202  199  194  183  173  154                                   
    17.5-180.0 180.0   5.0 450.0                            LAT/LON1/LON2/DLON/H
  145  177  172  163  157  151  144  138  128  128  128  146  168  196  219  245
  262  279  288  294  298  302  310  322  334  349  358  379  399  420  441  458
  477  484  489  485  481  481  488  500  512  521  525  527  526  527  526  529
  530  523  508  473  440  404  364  320  279  247  223  211  201  198  195  199
  200  202  201  202  197  193  184  172  145                                   
    15.0-180.0 180.0   5.0 450.0                            LAT/LON1/LON2/DLON/H
  150  174  170  167  161  159  151  147  136  131  128  137  158  185  211  233
  255  272  287  291  298  300  313  323  343  350  370  388  408  426  443  460
  474  482  485  480  478  479  486  503  513  521  523  527  527  530  531  533
  535  527  505  476  432  401  357  323  279  254  229  220  206  202  193  191
  194  196  198  198  191  183  178  164  150                                   
    12.5-180.0 180.0   5.0 450.0                            LAT/LON1/LON2/DLON/H
  138  169  163  159  157  156  152  147  137  132  125  132  147  175  198  224
  245  269  286  294  300  308  316  333  345  363  378  402  415  431  450  464
  481  486  491  487  487  487  494  507  520  527  530  532  533  535  534  535
  533  519  496  459  422  389  351  322  286  263  243  232  220  210  200  196
  193  193  191  187  179  175  169  152  138                                   
    10.0-180.0 180.0   5.0 450.0                            LAT/LON1/LON2/DLON/H
  138  160  151  150  152  151  145  141  135  126  123  124  141  165  191  217
  241  261  282  287  300  303  322  332  355  367  389  409  424  443  455  475
  484  489  490  488  491  493  502  516  527  535  530  530  526  523  519  513
  508  487  462  431  400  372  341  322  294  280  258  250  224  215  199  197
  188  185  181  177  163  149  155  135  138                                   
     7.5-180.0 180.0   5.0 450.0                            LAT/LON1/LON2/DLON/H
  126  147  137  134  132  129  128  126  122  116  113  118  131  157  180  209
  234  259  277  290  299  310  323  343  358  380  397  417  436  455  471  487
