data/unet/pred2590.15i
     1.0            IONOSPHERE MAPS     GNSS                IONEX VERSION / TYPE
pyspatialgeodesy        IME             05-JAN-18 20:20     PGM / RUN BY / DATE 
Map Name                                                    COMMENT             
Predicted global ionosphere maps (GIM).                     DESCRIPTION         
  2015     9    16     0     0     0                        EPOCH OF FIRST MAP  
  2015     9    17     0     0     0                        EPOCH OF LAST MAP   
  7200                                                      INTERVAL            
    13                                                      # OF MAPS IN FILE   
  NONE                                                      MAPPING FUNCTION    
10.0                                                        ELEVATION CUTOFF    
One-way carrier phase leveled to code                       OBSERVABLES USED    
  6371.0                                                    BASE RADIUS         
 2                                                          MAP DIMENSION       
   450.0 450.0   0.0                                        HGT1 / HGT2 / DHGT  
    87.5 -87.5  -2.5                                        LAT1 / LAT2 / DLAT  
  -180.0 180.0   5.0                                        LON1 / LON2 / DLON  
    -1                                                      EXPONENT            
                                                            END OF HEADER       
     1                                                      START OF TEC MAP    
  2015     9    16     0     0     0                        EPOCH OF CURRENT MAP
    87.5-180.0 180.0   5.0 450.0                            LAT/LON1/LON2/DLON/H
  126   94   89   84   87   82   86   82   87   82   86   82   87   83   86   82
   86   82   85   81   85   80   83   79   82   78   80   76   79   74   77   72
   76   72   75   71   75   71   74   71   75   72   76   73   77   74   79   75
   80   77   81   78   83   80   84   81   86   82   86   83   87   83   87   83
   87   84   88   85   92   87   96  115  126                                   
    85.0-180.0 180.0   5.0 450.0                            LAT/LON1/LON2/DLON/H
  101   78   80   78   77   74   76   74   77   76   78   77   79   78   79   77
   79   76   77   74   75   71   72   67   68   63   64   59   60   55   56   52
   54   50   52   49   52   50   52   51   54   53   56   55   59   57   61   60
   64   63   67   66   70   69   73   71   75   73   76   74   78   75   78   76
   79   76   80   77   83   75   75   92  101                                   
    82.5-180.0 180.0   5.0 450.0                            LAT/LON1/LON2/DLON/H
   95   78   81   83   82   79   83   82   86   84   88   86   89   86   89   85
   87   82   83   79   80   74   74   68   68   61   61   55   56   49   50   45
   47   42   45   41   45   41   46   42   48   45   50   48   54   51   57   54
   60   58   63   62   67   66   71   69   74   71   76   73   77   74   78   75
   78   76   79   77   82   76   77   91   95                                   
    80.0-180.0 180.0   5.0 450.0                            LAT/LON1/LON2/DLON/H
   96   85   88   92   89   90   93   95   98   98  100  101  103  102  102  101
  100   97   96   93   91   87   84   80   76   71   68   63   61   56   54   50
   50   47   47   45   47   46   48   47   50   50   53   53   57   56   60   60
   63   64   67   67   71   72   74   75   78   78   80   81   82   82   83   83
   83   83   84   85   86   82   82   94   96                                   
    77.5-180.0 180.0   5.0 450.0                            LAT/LON1/LON2/DLON/H
  101   87   89   93   92   93   97   99  103  105  108  109  110  110  110  109
  108  105  104  101   99   95   92   88   84   78   75   69   66   60   58   54
   52   49   49   47   48   47   49   49   51   50   53   53   56   55   58   58
   61   61   64   65   68   69   72   73   76   76   79   79   81   81   82   81
   82   81   83   84   86   82   83   92  101                                   
    75.0-180.0 180.0   5.0 450.0                            LAT/LON1/LON2/DLON/H
  100   89   90   96   95   97  101  105  108  112  115  117  118  118  118  116
  114  112  110  108  106  103  100   96   92   87   82   77   72   68   65   61
   58   56   55   53   53   53   53   53   54   54   55   56   57   57   59   59
   60   61   63   64   66   68   71   73   76   78   80   81   82   83   83   84
   84   84   85   86   87   84   83   93  100                                   
    72.5-180.0 180.0   5.0 450.0                            LAT/LON1/LON2/DLON/H
  103   88   91   94   94   96  101  105  110  113  117  119  120  120  119  117
  114  111  108  106  103  100   98   95   91   87   83   78   73   69   66   63
   60   59   58   56   55   55   54   54   54   54   54   54   54   55   55   55
   56   56   57   58   61   62   66   68   72   74   77   78   80   80   82   81
   82   81   83   83   85   83   83   93  103                                   
    70.0-180.0 180.0   5.0 450.0                            LAT/LON1/LON2/DLON/H
   99   87   90   94   93   96  102  107  111  116  119  121  122  120  118  115
  110  105  102   99   96   93   91   88   85   82   79   75   72   69   67   65
   63   61   61   59   57   56   55   54   53   52   53   52   53   52   53   52
   52   52   53   54   56   59   62   65   69   72   76   78   80   81   81   81
   81   81   82   83   85   83   83   95   99                                   
    67.5-180.0 180.0   5.0 450.0                            LAT/LON1/LON2/DLON/H
  103   89   90   93   91   94   99  105  111  115  119  122  122  120  116  112
  106  100   95   91   87   84   81   79   76   74   72   70   67   66   64   63
   62   61   59   58   55   54   52   50   49   48   48   48   49   48   49   48
   48   47   49   49   53   54   59   62   67   70   75   76   79   80   81   80
   81   80   82   82   85   83   83   94  103                                   
    65.0-180.0 180.0   5.0 450.0                            LAT/LON1/LON2/DLON/H
  101   92   92   93   90   92   97  102  108  114  118  121  121  120  115  110
  103   96   90   84   79   75   72   69   67   65   64   62   61   61   61   60
   60   59   57   55   52   50   47   45   44   44   44   45   45   46   46   45
   45   45   46   47   49   52   57   62   67   71   76   79   81   82   83   83
   83   82   84   84   86   85   86   97  101                                   
    62.5-180.0 180.0   5.0 450.0                            LAT/LON1/LON2/DLON/H
  110   99   95   93   89   88   92   97  103  109  115  119  120  119  115  110
  103   96   88   82   76   71   66   63   60   59   57   57   56   56   56   55
   54   53   51   48   46   43   40   38   37   37   38   39   40   40   41   40
   42   40   43   42   47   49   56   60   68   71   78   80   83   84   86   85
   86   85   87   87   90   89   91   99  110                                   
    60.0-180.0 180.0   5.0 450.0                            LAT/LON1/LON2/DLON/H
  111  105  101   97   90   87   89   92   98  104  110  115  118  119  116  112
  106   98   91   84   78   71   66   61   58   55   54   53   53   52   52   50
   49   47   45   42   40   37   35   33   32   32   34   35   37   37   38   38
   38   38   40   40   45   49   56   61   69   74   80   83   87   89   90   90
   90   90   92   92   95   94   97  104  111                                   
    57.5-180.0 180.0   5.0 450.0                            LAT/LON1/LON2/DLON/H
  126  119  111  105   95   90   89   90   95  101  107  113  118  121  120  118
  113  108  100   94   87   80   73   68   63   60   57   55   53   51   49   46
   44   42   41   38   36   33   31   30   29   30   32   32   35   34   36   35
   36   35   38   38   44   48   57   63   71   76   83   86   91   93   95   95
   96   96   98   99  102  103  105  109  126                                   
    55.0-180.0 180.0   5.0 450.0                            LAT/LON1/LON2/DLON/H
  135  132  126  118  106   97   94   92   95   99  105  111  117  122  124  124
  122  118  112  106  100   93   86   79   74   69   65   60   57   52   49   44
   42   40   40   37   37   34   33   31   32   32   34   34   36   35   36   36
   37   37   39   40   46   50   59   65   75   80   87   91   96   99  102  103
  104  105  107  109  111  112  116  118  135                                   
    52.5-180.0 180.0   5.0 450.0                            LAT/LON1/LON2/DLON/H
  155  152  144  135  122  113  106  102  101  104  107  113  119  126  129  132
  131  129  125  121  116  110  102   96   89   84   77   71   64   58   52   47
   44   42   42   42   42   41   39   39   38   38   39   39   39   38   39   38
   40   39   41   42   48   53   62   70   80   85   93   96  102  105  108  110
  112  114  116  118  121  123  127  129  155                                   
    50.0-180.0 180.0   5.0 450.0                            LAT/LON1/LON2/DLON/H
  167  167  162  154  142  131  124  116  113  111  113  116  123  128  133  136
  137  137  135  133  129  125  118  111  104   97   89   81   72   63   56   49
   47   46   47   48   49   49   48   47   48   47   47   46   46   45   46   45
   47   46   48   50   57   62   72   79   89   94  101  104  110  112  116  119
  122  124  127  129  131  133  137  138  167                                   
    47.5-180.0 180.0   5.0 450.0                            LAT/LON1/LON2/DLON/H
  183  183  179  173  161  154  144  137  130  127  124  126  129  135  138  142
  144  146  145  145  142  139  132  126  118  111  100   92   80   70   60   55
   52   53   55   58   59   60   59   58   58   58   58   56   55   54   54   53
   54   54   56   59   65   72   82   91   99  105  110  113  117  120  124  127
  131  133  137  139  141  143  146  147  183                                   
    45.0-180.0 180.0   5.0 450.0                            LAT/LON1/LON2/DLON/H
  193  193  193  189  180  173  164  155  148  141  136  135  137  141  143  146
  148  151  152  154  153  151  144  137  129  120  109   98   86   75   65   60
   59   60   64   67   70   70   70   69   70   69   70   68   68   65   65   64
   65   64   66   68   76   83   94  102  111  115  120  122  126  128  132  135
  139  142  147  148  150  152  155  156  193                                   
    42.5-180.0 180.0   5.0 450.0                            LAT/LON1/LON2/DLON/H
  203  201  201  198  191  188  179  173  163  157  150  150  149  152  151  153
  154  158  159  163  162  161  153  147  136  127  114  104   90   80   70   66
   65   68   72   77   79   80   79   79   79   80   81   80   79   77   76   74
   75   73   75   76   83   92  103  112  121  125  129  131  134  136  139  142
  147  150  155  157  157  159  162  164  203                                   
    40.0-180.0 180.0   5.0 450.0                            LAT/LON1/LON2/DLON/H
  212  208  208  204  198  195  190  185  177  170  164  161  161  161  160  159
  160  163  166  169  169  167  159  150  140  129  116  104   92   82   74   70
   71   73   78   81   85   85   85   85   88   90   93   93   93   90   88   85
   85   82   83   83   91   99  112  120  130  133  138  138  143  144  147  149
  155  157  164  165  166  167  170  171  212                                   
    37.5-180.0 180.0   5.0 450.0                            LAT/LON1/LON2/DLON/H
  225  217  214  209  203  201  195  192  185  183  176  177  173  176  170  172
  170  174  175  179  176  173  162  153  140  130  117  106   93   85   78   76
   75   78   81   85   87   89   88   90   93   98  101  103  102   99   96   93
   91   88   87   87   95  102  115  124  134  138  143  146  150  152  155  158
  162  166  172  175  175  176  178  178  225                                   
    35.0-180.0 180.0   5.0 450.0                            LAT/LON1/LON2/DLON/H
  246  233  229  218  211  207  203  200  194  192  189  189  188  188  185  183
  183  185  186  186  182  174  163  151  139  128  116  105   94   87   82   79
   79   80   82   85   88   89   91   93   98  104  109  111  110  106  102   96
   94   88   88   85   94  101  117  125  138  141  148  149  156  158  162  164
  171  175  184  186  187  189  191  191  246                                   
    32.5-180.0 180.0   5.0 450.0                            LAT/LON1/LON2/DLON/H
  277  260  254  240  230  223  217  212  206  205  201  204  201  203  198  198
  195  198  195  194  184  175  161  150  137  127  116  107   97   92   86   84
   82   83   83   86   87   91   92   96  101  107  112  114  112  108  103   97
   91   85   83   81   88   97  112  123  135  141  147  153  161  165  171  175
  181  187  196  201  202  206  209  212  277                                   
    30.0-180.0 180.0   5.0 450.0                            LAT/LON1/LON2/DLON/H
  322  308  300  279  266  253  245  235  229  223  222  221  220  219  215  212
  210  208  204  196  184  171  156  144  133  124  116  107  100   95   91   88
   86   84   84   85   89   92   96   99  104  109  114  114  112  106  100   91
   86   76   73   71   80   88  103  115  130  136  146  153  167  173  183  188
  196  203  214  219  222  229  234  241  322                                   
    27.5-180.0 180.0   5.0 450.0                            LAT/LON1/LON2/DLON/H
  367  363  357  339  319  304  289  274  262  253  249  248  243  241  232  228
  222  217  207  196  178  164  149  140  130  125  117  111  104  100   96   93
   89   88   85   88   91   96   99  103  107  111  113  112  108  100   93   83
   75   65   60   55   62   69   86   98  116  127  139  151  168  180  194  203
  214  224  237  243  247  255  264  272  367                                   
    25.0-180.0 180.0   5.0 450.0                            LAT/LON1/LON2/DLON/H
  411  425  423  409  393  375  357  334  317  300  293  284  277  267  255  245
  236  225  209  192  173  156  143  134  128  123  119  114  109  105  102   98
   95   91   91   92   97  101  107  108  112  112  112  107  102   93   84   74
   67   58   52   48   55   63   78   91  111  123  138  151  172  187  206  220
  236  250  264  271  277  289  304  310  411                                   
    22.5-180.0 180.0   5.0 450.0                            LAT/LON1/LON2/DLON/H
  445  468  474  473  463  453  433  413  388  369  349  335  319  303  284  269
  251  236  212  192  169  153  140  134  129  127  121  118  112  110  106  105
  100   98   96  100  104  110  114  116  115  114  111  105   97   87   77   66
   60   48   45   41   50   56   74   85  108  120  140  154  178  196  219  238
  260  274  293  302  309  323  339  345  445                                   
    20.0-180.0 180.0   5.0 450.0                            LAT/LON1/LON2/DLON/H
  462  499  510  524  522  525  511  500  475  453  426  404  376  352  324  299
  273  250  222  197  173  156  144  138  133  130  125  121  117  115  113  111
  110  107  108  109  116  119  124  123  121  116  112  103   96   83   73   62
   55   48   44   44   50   59   75   90  116  131  152  167  187  206  232  255
  278  300  319  332  339  360  377  379  462                                   
    17.5-180.0 180.0   5.0 450.0                            LAT/LON1/LON2/DLON/H
  464  497  518  537  551  562  559  559  542  526  498  473  438  409  372  340
  306  275  241  213  188  172  158  151  143  138  130  127  121  121  120  121
  120  121  122  125  129  134  135  134  129  124  116  108   98   86   74   63
   54   46   45   43   51   57   77   94  124  142  167  182  202  220  246  270
  298  319  343  355  366  383  399  401  464                                   
    15.0-180.0 180.0   5.0 450.0                            LAT/LON1/LON2/DLON/H
  455  489  510  540  560  583  592  604  597  588  562  539  504  475  432  395
  349  310  270  239  213  196  181  170  157  147  139  133  130  129  131  133
  137  138  141  143  147  148  148  143  138  129  123  112  103   90   78   67
   59   53   51   51   56   66   84  105  137  160  182  199  218  236  259  284
  310  335  356  373  383  401  420  422  455                                   
    12.5-180.0 180.0   5.0 450.0                            LAT/LON1/LON2/DLON/H
  443  463  486  513  538  563  584  604  611  612  595  578  552  525  488  449
  400  355  312  279  251  231  213  197  178  164  150  145  141  142  145  150
  156  160  163  164  164  162  158  152  144  135  127  117  106   94   82   73
   67   59   58   58   64   73   92  113  147  171  195  211  233  250  275  298
  326  349  373  387  400  416  432  435  443                                   
    10.0-180.0 180.0   5.0 450.0                            LAT/LON1/LON2/DLON/H
  430  445  464  488  510  534  561  589  609  621  615  606  586  566  537  504
  457  412  363  328  298  275  250  227  202  183  167  161  159  161  166  173
  180  185  186  183  178  172  165  156  148  137  129  118  109   96   85   76
   72   64   62   62   67   75   94  117  151  175  200  218  242  262  287  312
  339  365  387  404  416  432  450  450  430                                   
     7.5-180.0 180.0   5.0 450.0                            LAT/LON1/LON2/DLON/H
  425  431  444  455  470  486  512  541  570  591  601  599  591  578  561  536
  500  461  417  381  346  318  286  253  222  202  187  184  182  185  190  197
