data/unet/pred1380.15i
     1.0            IONOSPHERE MAPS     GNSS                IONEX VERSION / TYPE
pyspatialgeodesy        IME             05-JAN-18 20:20     PGM / RUN BY / DATE 
Map Name                                                    COMMENT             
Predicted global ionosphere maps (GIM).                     DESCRIPTION         
  2015     5    18     0     0     0                        EPOCH OF FIRST MAP  
  2015     5    19     0     0     0                        EPOCH OF LAST MAP   
  7200                                                      INTERVAL            
    13                                                      # OF MAPS IN FILE   
  NONE                                                      MAPPING FUNCTION    
10.0                                                        ELEVATION CUTOFF    
One-way carrier phase leveled to code                       OBSERVABLES USED    
  6371.0                                                    BASE RADIUS         
 2                                                          MAP DIMENSION       
   450.0 450.0   0.0                                        HGT1 / HGT2 / DHGT  
    87.5 -87.5  -2.5                                        LAT1 / LAT2 / DLAT  
  -180.0 180.0   5.0                                        LON1 / LON2 / DLON  
    -1                                                      EXPONENT            
                                                            END OF HEADER       
[from data line 858]
     3                                                      START OF TEC MAP    
  2015     5    18     4     0     0                        EPOCH OF CURRENT MAP
    87.5-180.0 180.0   5.0 450.0                            LAT/LON1/LON2/DLON/H
  231  226  221  224  224  223  221  220  219  217  216  213  213  210  209  206
  206  204  204  201  201  201  201  202  202  204  206  208  213  216  222  226
  229  232  235  238  238  241  242  244  244  247  247  250  249  251  251  253
  251  251  250  250  247  246  244  243  241  240  237  237  235  234  232  232
  231  231  228  227  226  225  229  240  231                                   
    85.0-180.0 180.0   5.0 450.0                            LAT/LON1/LON2/DLON/H
  231  239  226  235  232  231  229  227  226  223  221  219  218  217  214  213
  210  211  207  209  205  207  204  207  203  207  205  209  210  213  217  220
  223  225  228  232  232  236  236  240  240  243  245  248  248  251  252  255
  254  255  255  256  254  255  253  253  251  252  249  249  248  247  245  244
  245  243  240  238  236  232  237  238  231                                   
    82.5-180.0 180.0   5.0 450.0                            LAT/LON1/LON2/DLON/H
  236  237  234  236  235  234  231  231  228  227  223  223  221  221  217  218
  215  217  214  217  213  216  212  216  211  215  212  216  214  217  218  221
  223  225  228  231  232  236  238  242  243  247  249  253  254  257  259  261
  261  263  264  265  264  265  265  266  264  264  260  261  259  258  254  255
  253  252  248  246  244  238  238  238  236                                   
    80.0-180.0 180.0   5.0 450.0                            LAT/LON1/LON2/DLON/H
  242  242  238  236  234  233  232  230  227  225  222  221  222  221  220  220
  219  220  218  220  218  218  215  215  211  210  207  206  205  205  207  210
  212  216  219  226  227  234  234  242  241  248  248  255  254  261  261  267
  264  269  268  272  270  273  271  273  271  272  268  268  266  264  261  260
  260  258  255  252  250  242  246  242  242                                   
    77.5-180.0 180.0   5.0 450.0                            LAT/LON1/LON2/DLON/H
  247  243  239  237  233  235  230  228  223  222  219  219  219  219  219  220
  219  221  221  222  219  217  214  211  206  201  200  195  197  195  201  203
  210  213  220  223  228  232  236  241  243  249  252  258  260  266  268  273
  273  277  278  280  279  281  280  281  280  279  276  275  274  272  269  269
  268  267  263  261  259  253  251  247  247                                   
    75.0-180.0 180.0   5.0 450.0                            LAT/LON1/LON2/DLON/H
  252  248  241  239  237  235  233  229  226  222  220  218  217  217  216  217
  216  217  217  218  214  212  208  202  196  190  188  184  185  186  193  198
  206  212  220  226  230  236  239  245  246  253  255  263  264  271  273  279
  279  283  283  286  284  286  284  285  283  282  279  278  277  275  272  271
  270  270  267  264  263  256  257  248  252                                   
    72.5-180.0 180.0   5.0 450.0                            LAT/LON1/LON2/DLON/H
  262  251  247  243  238  236  231  227  222  220  216  215  212  212  209  210
  208  211  210  212  207  206  200  195  187  182  177  175  176  180  188  196
  206  214  223  229  236  239  245  247  252  255  261  266  271  276  281  284
  287  288  289  290  289  288  286  286  282  282  278  277  274  272  269  267
  267  266  265  265  269  266  263  258  262                                   
    70.0-180.0 180.0   5.0 450.0                            LAT/LON1/LON2/DLON/H
  268  259  251  245  244  241  238  234  231  228  224  220  216  213  209  207
  204  204  205  205  202  200  194  188  179  174  169  168  170  175  186  197
  207  217  226  233  238  243  248  252  254  260  263  270  274  281  285  290
  291  293  293  293  290  290  286  286  281  281  276  274  270  268  265  262
  262  262  262  264  267  266  267  259  268                                   
    67.5-180.0 180.0   5.0 450.0                            LAT/LON1/LON2/DLON/H
  275  259  252  246  244  242  240  237  232  231  225  222  214  211  203  201
  196  197  197  199  195  193  186  180  171  165  161  160  165  172  182  196
  207  217  225  231  237  240  246  248  253  257  264  270  277  284  290  294
  297  299  298  297  292  292  285  287  279  282  273  274  267  267  260  260
  257  259  259  264  269  271  269  268  275                                   
    65.0-180.0 180.0   5.0 450.0                            LAT/LON1/LON2/DLON/H
  280  265  256  246  245  242  242  239  239  236  233  227  221  213  207  199
  196  192  194  192  192  186  182  172  165  157  155  155  161  169  181  193
  204  214  221  227  231  235  239  243  247  253  260  267  274  283  289  296
  298  302  301  301  296  295  289  290  284  286  278  278  272  269  266  261
  260  259  260  264  267  268  268  266  280                                   
    62.5-180.0 180.0   5.0 450.0                            LAT/LON1/LON2/DLON/H
  289  266  257  247  243  240  238  238  237  236  233  229  220  214  204  198
  191  188  187  187  184  180  173  166  157  152  150  151  156  165  174  184
  194  203  209  216  220  225  230  234  241  247  255  264  273  283  291  298
  302  305  305  306  301  302  295  298  291  293  287  286  279  276  269  266
  262  262  260  265  268  269  269  275  289                                   
    60.0-180.0 180.0   5.0 450.0                            LAT/LON1/LON2/DLON/H
  295  271  262  248  245  238  240  238  240  237  238  232  227  215  209  197
  192  184  185  181  178  171  167  156  152  146  147  147  154  160  169  176
  184  189  196  202  208  213  219  225  233  240  250  259  270  281  290  299
  303  309  309  312  309  312  308  311  308  308  303  300  293  288  279  274
  270  268  266  268  270  270  271  275  295                                   
    57.5-180.0 180.0   5.0 450.0                            LAT/LON1/LON2/DLON/H
  299  273  269  258  249  244  241  240  237  238  234  232  222  217  206  198
  188  182  179  175  171  165  160  154  149  147  147  149  153  157  161  163
  167  169  175  184  192  200  208  217  227  237  246  258  269  282  293  302
  308  315  317  321  320  325  323  329  327  330  325  323  314  307  295  289
  281  278  274  274  278  276  274  287  299                                   
    55.0-180.0 180.0   5.0 450.0                            LAT/LON1/LON2/DLON/H
  308  285  281  270  265  253  251  245  244  238  237  229  224  214  207  196
  189  179  176  171  168  162  160  153  153  148  151  150  156  157  160  156
  158  158  165  171  184  192  205  212  227  236  249  259  272  284  296  308
  315  325  328  334  334  341  342  348  349  353  350  349  340  333  319  312
  299  295  286  288  286  284  283  296  308                                   
    52.5-180.0 180.0   5.0 450.0                            LAT/LON1/LON2/DLON/H
  321  298  300  292  285  274  266  259  251  246  236  231  219  215  203  197
  185  179  172  169  165  162  160  158  156  156  157  159  162  161  159  153
  152  149  156  159  175  185  198  208  223  234  248  260  274  289  303  316
  326  335  340  346  348  356  358  365  367  371  371  369  363  354  343  332
  322  313  308  305  307  301  295  311  321                                   
    50.0-180.0 180.0   5.0 450.0                            LAT/LON1/LON2/DLON/H
  338  322  323  319  317  306  297  281  270  259  247  236  224  216  207  198
  190  178  175  170  170  166  168  165  168  166  171  171  175  172  169  161
  159  156  161  167  180  188  203  211  228  240  257  269  286  301  316  330
  339  351  356  364  366  373  375  380  382  390  387  391  381  379  364  359
  345  341  332  332  328  318  313  329  338                                   
    47.5-180.0 180.0   5.0 450.0                            LAT/LON1/LON2/DLON/H
  354  339  345  344  343  337  328  311  294  278  260  246  228  223  209  203
  189  183  176  175  174  174  176  177  179  181  185  187  189  186  183  174
  172  166  172  173  186  193  205  214  231  244  263  277  296  314  330  345
  356  368  374  380  384  388  388  392  392  397  396  397  393  388  380  372
  365  360  357  352  353  341  333  346  354                                   
    45.0-180.0 180.0   5.0 450.0                            LAT/LON1/LON2/DLON/H
  369  361  365  368  369  368  359  343  323  301  280  261  242  230  215  205
  194  186  183  181  183  183  188  189  194  195  201  203  207  205  202  195
  193  189  193  194  203  203  217  220  241  253  277  293  317  333  352  368
  382  395  401  407  406  408  405  405  406  408  409  411  405  405  396  394
  386  386  380  381  375  359  354  365  369                                   
    42.5-180.0 180.0   5.0 450.0                            LAT/LON1/LON2/DLON/H
  375  367  371  373  376  376  373  361  345  323  299  279  256  243  223  214
  201  195  189  190  191  195  198  202  205  210  215  219  225  225  224  219
  216  211  214  209  214  212  222  225  244  261  286  307  331  351  373  392
  409  421  428  431  431  429  424  422  417  420  418  420  416  412  409  404
  403  400  401  396  398  379  370  378  375                                   
    40.0-180.0 180.0   5.0 450.0                            LAT/LON1/LON2/DLON/H
  377  367  365  364  365  371  370  370  355  339  316  295  273  260  237  225
  212  204  202  202  205  208  213  216  221  226  231  237  243  246  245  241
  238  233  233  228  228  223  231  234  254  270  300  320  348  369  395  417
  436  450  458  463  463  460  455  450  450  448  450  447  442  438  432  430
  429  426  425  423  418  395  383  387  377                                   
    37.5-180.0 180.0   5.0 450.0                            LAT/LON1/LON2/DLON/H
  380  369  359  353  352  354  357  357  354  340  323  307  286  273  250  238
  222  216  211  213  215  220  224  231  236  243  248  257  262  266  264  260
  257  248  246  234  231  221  228  232  254  274  304  328  355  379  405  429
  450  463  472  479  483  484  482  482  483  485  483  482  475  468  464  458
  458  454  455  447  448  426  404  405  380                                   
    35.0-180.0 180.0   5.0 450.0                            LAT/LON1/LON2/DLON/H
  405  390  370  355  347  348  341  347  338  337  318  310  292  282  264  254
  240  232  229  229  232  237  244  251  257  263  265  273  276  281  278  276
  270  262  252  237  229  219  223  230  254  276  307  330  359  382  411  437
  459  474  487  494  504  509  513  520  526  532  537  534  531  519  515  505
  504  498  498  494  491  464  450  436  405                                   
    32.5-180.0 180.0   5.0 450.0                            LAT/LON1/LON2/DLON/H
  449  437  409  385  367  356  344  335  330  321  315  309  297  287  274  263
  251  245  240  242  244  252  261  272  278  286  286  295  298  301  295  289
  279  265  249  229  219  205  212  219  245  271  303  327  354  378  404  432
  454  473  488  503  517  533  545  559  572  583  590  593  587  577  567  556
  550  544  543  539  542  521  500  483  449                                   
    30.0-180.0 180.0   5.0 450.0                            LAT/LON1/LON2/DLON/H
  511  493  469  439  414  396  366  352  331  328  313  312  298  291  280  275
  264  259  255  257  262  273  285  297  305  311  312  316  318  316  310  297
  281  257  234  216  205  200  202  213  234  261  293  316  344  364  394  417
  445  465  491  510  537  563  583  605  623  642  654  659  658  649  638  621
  611  596  594  592  599  579  573  550  511                                   
    27.5-180.0 180.0   5.0 450.0                            LAT/LON1/LON2/DLON/H
  577  562  548  511  480  453  417  384  359  341  333  323  313  301  293  282
  275  268  263  266  272  290  306  327  336  344  343  346  341  336  322  299
  270  238  216  198  194  187  192  198  219  242  274  300  327  346  375  399
  427  452  479  512  545  582  617  643  667  688  705  712  715  708  696  676
  658  640  638  642  654  639  628  619  577                                   
    25.0-180.0 180.0   5.0 450.0                            LAT/LON1/LON2/DLON/H
  644  638  630  591  560  519  472  438  399  383  359  352  332  321  309  298
  289  281  277  280  290  310  333  354  371  375  375  372  364  350  327  294
  255  223  199  189  180  181  180  187  200  225  252  279  305  324  354  378
  410  437  473  511  552  596  638  680  706  735  750  768  771  774  763  741
  714  691  687  688  708  692  684  688  644                                   
    22.5-180.0 180.0   5.0 450.0                            LAT/LON1/LON2/DLON/H
  700  725  717  681  646  598  549  501  461  431  406  383  364  346  335  317
  305  293  287  291  305  331  355  386  401  412  402  396  375  351  319  280
  240  208  191  182  173  171  168  170  181  200  229  259  288  309  339  364
  395  427  464  514  554  602  642  690  728  756  778  792  803  805  799  778
  749  721  714  717  740  734  726  740  700                                   
    20.0-180.0 180.0   5.0 450.0                            LAT/LON1/LON2/DLON/H
  738  781  785  764  732  677  626  574  524  493  456  435  406  385  365  347
  330  314  307  309  325  350  382  416  433  439  422  408  372  338  298  258
  222  193  180  174  163  161  157  158  168  188  218  250  283  303  332  357
  389  424  468  514  561  601  645  690  726  760  782  808  817  828  822  808
  778  752  740  743  765  752  750  770  738                                   
    17.5-180.0 180.0   5.0 450.0                            LAT/LON1/LON2/DLON/H
  757  818  837  833  810  752  700  640  597  555  518  484  452  423  401  375
  360  340  327  328  340  368  397  433  442  443  415  388  345  308  269  233
  205  184  175  167  155  150  143  141  151  173  207  244  281  304  334  361
  391  430  470  517  559  602  639  677  712  738  765  786  804  814  816  805
  781  761  747  753  769  767  761  788  757                                   
    15.0-180.0 180.0   5.0 450.0                            LAT/LON1/LON2/DLON/H
  755  818  843  854  844  800  749  689  645  606  569  536  495  463  435  413
  390  366  352  347  358  384  416  443  443  430  385  343  298  265  234  206
  183  172  164  156  145  136  129  127  141  165  205  245  285  309  340  367
  400  439  483  527  569  603  640  673  702  730  755  778  798  810  816  809
  788  775  765  764  776  761  759  781  755                                   
    12.5-180.0 180.0   5.0 450.0                            LAT/LON1/LON2/DLON/H
  741  792  821  835  833  802  758  708  670  633  605  568  528  487  457  432
  413  387  370  364  369  391  411  426  412  380  324  277  244  217  200  179
  168  160  158  150  138  128  119  120  132  161  203  247  287  316  346  377
  408  452  495  537  572  604  637  666  695  715  740  756  774  784  796  793
  780  775  767  768  771  761  764  778  741                                   
    10.0-180.0 180.0   5.0 450.0                            LAT/LON1/LON2/DLON/H
  723  753  773  784  782  759  723  682  655  622  604  571  537  501  473  455
  438  415  392  382  384  393  404  397  367  316  260  224  200  182  170  158
  149  147  144  139  130  119  112  113  128  158  201  247  285  313  347  377
  414  459  504  542  578  606  639  667  695  719  743  759  775  784  794  796
  784  786  782  781  780  761  757  767  723                                   
     7.5-180.0 180.0   5.0 450.0                            LAT/LON1/LON2/DLON/H
  712  723  729  723  714  691  664  631  612  586  573  546  521  489  469  455
  445  429  409  394  388  385  376  353  306  252  212  179  167  160  155  148
