data/unet/pred3070.15i
     1.0            IONOSPHERE MAPS     GNSS                IONEX VERSION / TYPE
pyspatialgeodesy        IME             05-JAN-18 20:20     PGM / RUN BY / DATE 
Map Name                                                    COMMENT             
Predicted global ionosphere maps (GIM).                     DESCRIPTION         
  2015    11     3     0     0     0                        EPOCH OF FIRST MAP  
  2015    11     4     0     0     0                        EPOCH OF LAST MAP   
  7200                                                      INTERVAL            
    13                                                      # OF MAPS IN FILE   
  NONE                                                      MAPPING FUNCTION    
10.0                                                        ELEVATION CUTOFF    
One-way carrier phase leveled to code                       OBSERVABLES USED    
  6371.0                                                    BASE RADIUS         
 2                                                          MAP DIMENSION       
   450.0 450.0   0.0                                        HGT1 / HGT2 / DHGT  
    87.5 -87.5  -2.5                                        LAT1 / LAT2 / DLAT  
  -180.0 180.0   5.0                                        LON1 / LON2 / DLON  
    -1                                                      EXPONENT            
                                                            END OF HEADER       
[from data line 429]
     2                                                      START OF TEC MAP    
  2015    11     3     2     0     0                        EPOCH OF CURRENT MAP
    87.5-180.0 180.0   5.0 450.0                            LAT/LON1/LON2/DLON/H
   75   68   63   51   58   49   55   47   54   46   52   46   52   45   51   45
   52   46   52   46   52   46   51   46   51   45   50   44   49   43   49   43
   49   44   49   45   51   46   52   48   54   49   56   51   58   53   60   55
   62   58   65   62   69   67   72   70   76   73   78   75   80   76   80   75
   79   74   79   74   82   70   78   73   75                                   
    85.0-180.0 180.0   5.0 450.0                            LAT/LON1/LON2/DLON/H
   74   77   52   53   50   47   46   45   44   44   44   44   44   44   45   45
   46   45   46   45   45   43   44   41   41   39   39   37   36   35   36   34
   35   35   36   37   38   39   41   42   43   44   47   48   50   51   54   54
   57   57   61   61   65   65   69   69   72   72   75   75   78   76   78   77
   77   76   77   75   74   66   74   90   74                                   
    82.5-180.0 180.0   5.0 450.0                            LAT/LON1/LON2/DLON/H
   77   73   59   59   50   51   45   49   44   48   45   50   47   52   50   54
   52   54   53   55   51   50   47   46   41   39   36   35   32   32   30   32
   30   32   32   36   35   39   39   44   43   47   48   52   51   55   55   58
   58   61   62   66   68   72   73   77   79   82   85   87   89   90   91   92
   91   91   91   89   86   79   87   98   77                                   
    80.0-180.0 180.0   5.0 450.0                            LAT/LON1/LON2/DLON/H
   85   80   68   63   60   54   52   50   49   48   50   53   55   58   62   64
   67   67   69   67   67   62   60   54   52   44   42   36   35   30   31   27
   31   28   32   31   36   36   41   41   46   46   51   51   55   54   58   57
   61   60   66   65   72   72   80   79   88   86   96   93  102   98  106  101
  108  103  109  103  103   92   91   97   85                                   
    77.5-180.0 180.0   5.0 450.0                            LAT/LON1/LON2/DLON/H
  100   96   83   83   69   67   58   59   52   57   54   62   62   70   71   79
   79   85   83   86   81   80   73   70   60   56   48   46   38   39   34   37
   33   37   35   41   38   45   42   49   46   52   49   55   50   55   51   56
   52   58   57   64   63   72   73   83   83   92   94  102  103  109  110  115
  115  118  119  120  115  110  108  108  100                                   
    75.0-180.0 180.0   5.0 450.0                            LAT/LON1/LON2/DLON/H
  112  108   98   94   84   76   68   64   59   59   59   64   66   72   76   82
   85   89   91   91   88   85   79   72   64   58   52   47   42   41   39   40
   39   41   42   45   46   48   49   50   50   51   51   51   49   49   48   48
   48   49   52   55   59   65   71   76   83   88   95  100  105  109  114  117
  120  123  127  129  127  123  121  116  112                                   
    72.5-180.0 180.0   5.0 450.0                            LAT/LON1/LON2/DLON/H
  133  126  118  112   98   89   78   73   65   64   63   66   67   73   77   83
   85   90   91   93   88   86   79   73   64   59   52   49   43   44   42   44
   42   45   45   47   46   48   48   48   47   46   46   44   42   40   39   38
   37   39   41   45   49   56   63   71   78   85   94   99  105  108  114  117
  122  125  131  134  137  134  136  128  133                                   
    70.0-180.0 180.0   5.0 450.0                            LAT/LON1/LON2/DLON/H
  147  141  132  127  115  105   93   86   77   74   70   70   69   71   73   77
   80   84   86   86   84   80   75   68   63   57   55   51   51   50   51   51
   51   51   51   51   50   49   48   48   45   45   43   42   38   37   34   34
   31   34   36   41   46   54   63   72   81   90   98  105  109  113  116  119
  123  128  134  140  143  145  146  140  147                                   
    67.5-180.0 180.0   5.0 450.0                            LAT/LON1/LON2/DLON/H
  160  153  145  140  125  116  103   97   86   83   77   75   70   70   68   71
   71   76   75   78   73   71   65   62   55   54   50   53   50   54   53   55
   52   52   49   48   44   43   40   39   37   36   37   35   34   32   31   29
   29   30   33   38   45   55   66   77   88   98  108  113  117  118  121  121
  125  128  136  141  147  150  152  146  160                                   
    65.0-180.0 180.0   5.0 450.0                            LAT/LON1/LON2/DLON/H
  164  156  149  146  134  125  114  108   98   94   87   81   73   69   64   63
   62   64   63   65   61   59   55   52   49   49   50   52   55   57   59   58
   56   53   49   45   41   39   35   35   33   36   36   38   37   37   35   34
   31   34   35   43   50   63   74   89  100  112  120  128  129  131  131  130
  131  133  138  144  149  153  156  150  164                                   
    62.5-180.0 180.0   5.0 450.0                            LAT/LON1/LON2/DLON/H
  167  159  150  144  131  124  115  110  103   98   91   85   75   69   61   60
   55   58   55   57   51   51   44   44   40   44   44   50   51   56   55   55
   50   47   41   37   33   30   28   26   28   30   35   37   39   40   39   37
   36   35   39   46   56   70   84  100  114  125  134  139  143  143  144  140
  142  140  145  146  151  154  155  152  167                                   
    60.0-180.0 180.0   5.0 450.0                            LAT/LON1/LON2/DLON/H
  167  157  146  143  131  124  115  113  107  103   96   89   78   70   60   57
   53   53   51   51   46   43   38   36   36   38   43   48   52   55   55   52
   48   43   37   33   29   27   25   27   29   34   39   45   48   50   49   48
   44   45   46   56   66   82   96  113  127  139  147  153  157  159  158  157
  155  154  155  156  157  159  159  154  167                                   
    57.5-180.0 180.0   5.0 450.0                            LAT/LON1/LON2/DLON/H
  173  162  151  142  128  118  112  107  104  100   95   87   77   68   60   57
   52   53   49   49   42   39   33   33   32   36   41   47   50   52   50   47
   43   39   35   32   31   28   30   28   33   36   44   50   56   58   57   55
   52   51   55   64   76   92  108  124  138  150  158  164  170  173  178  176
  177  175  177  173  172  168  168  162  173                                   
    55.0-180.0 180.0   5.0 450.0                            LAT/LON1/LON2/DLON/H
  183  174  159  150  134  123  113  109  102   99   92   86   74   69   60   59
   55   55   51   48   42   37   34   32   35   38   44   49   52   53   51   46
   43   40   40   40   41   40   42   41   45   49   56   62   68   69   68   65
   62   61   65   74   88  106  121  137  150  162  170  177  183  189  194  197
  199  199  199  195  190  187  185  175  183                                   
    52.5-180.0 180.0   5.0 450.0                            LAT/LON1/LON2/DLON/H
  204  198  186  169  152  137  126  115  108   98   92   82   74   67   62   60
   57   57   53   50   43   40   37   37   38   43   48   53   54   55   51   48
   46   46   49   52   56   56   57   54   57   58   65   70   74   76   73   70
   66   67   72   84   99  117  131  146  157  170  177  184  193  199  209  213
  220  221  223  218  216  210  207  197  204                                   
    50.0-180.0 180.0   5.0 450.0                            LAT/LON1/LON2/DLON/H
  228  223  210  196  178  158  143  129  116  104   92   82   73   68   62   61
   58   56   53   49   46   42   42   43   48   51   57   60   62   59   57   53
   55   56   63   68   76   76   77   72   73   73   78   81   85   83   81   77
   75   76   84   97  115  134  147  160  171  179  187  193  202  211  221  229
  237  239  241  238  236  230  227  217  228                                   
    47.5-180.0 180.0   5.0 450.0                            LAT/LON1/LON2/DLON/H
  252  250  242  230  213  191  173  153  136  117  104   88   79   71   68   64
   61   58   54   51   48   49   49   53   55   61   64   67   66   65   61   60
   62   67   76   83   92   92   93   86   85   82   86   87   89   88   84   81
   79   85   93  111  129  147  160  173  181  188  193  200  207  215  228  235
  246  249  253  251  252  246  244  234  252                                   
    45.0-180.0 180.0   5.0 450.0                            LAT/LON1/LON2/DLON/H
  269  270  266  254  240  218  199  177  157  133  115   98   86   78   72   67
   62   57   54   52   53   54   58   61   67   70   73   74   73   70   69   66
   71   77   88   96  104  105  105   99   96   94   95   96   96   95   91   89
   89   96  109  128  146  165  178  188  196  199  203  206  212  220  230  238
  246  251  255  255  255  253  251  244  269                                   
    42.5-180.0 180.0   5.0 450.0                            LAT/LON1/LON2/DLON/H
  276  280  277  274  261  243  224  205  182  157  133  114  102   92   84   76
   68   62   58   59   61   66   69   74   75   78   78   78   75   74   71   71
   75   80   92   98  108  108  109  104  102  100  101  101  101   99   96   95
   97  107  121  141  159  179  190  200  206  208  208  210  214  218  227  230
  238  242  247  248  251  248  249  243  276                                   
    40.0-180.0 180.0   5.0 450.0                            LAT/LON1/LON2/DLON/H
  276  280  280  274  266  249  234  217  199  172  150  128  116  103   95   84
   76   69   67   69   74   79   83   85   85   84   81   79   77   74   73   73
   76   82   90   98  105  108  109  107  107  107  108  108  108  105  104  103
  109  120  137  156  176  193  205  212  219  219  218  219  221  224  227  228
  231  235  239  241  241  243  243  237  276                                   
    37.5-180.0 180.0   5.0 450.0                            LAT/LON1/LON2/DLON/H
  270  275  270  266  256  244  233  223  208  188  166  148  133  122  112  101
   92   85   85   88   93   98   98   97   92   87   81   77   75   73   73   72
   76   78   87   90  100  102  107  107  110  111  112  112  111  110  108  110
  117  130  147  167  186  203  213  222  227  227  227  227  229  229  233  229
  231  232  237  239  240  237  241  231  270                                   
    35.0-180.0 180.0   5.0 450.0                            LAT/LON1/LON2/DLON/H
  269  271  264  252  242  231  222  214  206  189  173  154  145  131  124  112
  106  102  103  107  112  114  111  106   97   89   82   77   75   75   75   75
   76   80   83   88   93   99  104  108  115  118  121  119  117  113  113  114
  124  136  153  171  191  208  220  228  235  235  238  239  244  248  250  245
  245  245  250  249  249  249  248  240  269                                   
    32.5-180.0 180.0   5.0 450.0                            LAT/LON1/LON2/DLON/H
  281  281  267  251  236  219  210  202  197  185  172  160  151  143  132  125
  118  117  118  122  124  124  118  109   99   90   83   80   79   79   81   81
   84   85   89   90   95  100  107  112  118  123  122  122  116  115  112  116
  122  136  151  170  188  208  220  230  235  237  241  246  259  266  276  273
  276  275  282  282  283  278  279  265  281                                   
    30.0-180.0 180.0   5.0 450.0                            LAT/LON1/LON2/DLON/H
  305  305  284  261  242  220  204  195  188  176  168  157  153  143  138  129
  127  126  127  130  130  127  120  112  105   98   94   91   91   92   94   96
   97   97   97   97   99  103  110  114  122  123  126  121  117  113  112  114
  122  131  147  165  185  204  220  230  239  243  251  259  278  292  307  312
  316  315  326  327  335  336  332  311  305                                   
    27.5-180.0 180.0   5.0 450.0                            LAT/LON1/LON2/DLON/H
  365  361  330  295  271  241  221  202  191  177  167  158  151  144  135  131
  125  126  124  126  122  120  114  111  108  108  108  109  109  112  115  117
  119  119  117  115  114  114  116  118  120  122  119  116  109  107  104  109
  116  128  140  158  176  196  212  225  235  242  251  266  289  313  336  347
  357  364  381  390  407  412  409  375  365                                   
    25.0-180.0 180.0   5.0 450.0                            LAT/LON1/LON2/DLON/H
  449  452  418  365  323  280  248  223  204  186  174  160  152  142  135  127
  122  121  116  114  107  107  107  113  121  128  133  136  137  139  141  140
  143  140  137  131  128  123  122  117  117  114  111  106  100   98   97  102
  110  123  137  155  174  195  214  228  239  247  260  277  309  337  366  383
  402  416  439  457  478  496  494  460  449                                   
    22.5-180.0 180.0   5.0 450.0                            LAT/LON1/LON2/DLON/H
  538  546  514  461  419  360  306  262  235  209  192  173  160  147  135  126
  115  110   99   95   88   92  101  117  136  151  162  166  166  165  165  164
  165  161  154  146  136  129  122  113  107  102   98   94   90   89   90   97
  107  118  135  152  176  197  220  235  248  257  271  294  327  358  389  415
  443  464  491  511  538  556  566  540  538                                   
    20.0-180.0 180.0   5.0 450.0                            LAT/LON1/LON2/DLON/H
  624  640  619  569  527  458  394  330  280  241  216  197  181  162  148  132
  119  107   92   83   78   88  106  132  159  180  194  200  197  192  188  183
  182  174  165  152  142  129  121  107   98   91   87   85   82   81   81   90
  101  117  137  159  185  210  236  252  266  276  295  316  351  381  413  448
  480  502  533  553  584  612  619  613  624                                   
    17.5-180.0 180.0   5.0 450.0                            LAT/LON1/LON2/DLON/H
  667  696  677  645  606  544  479  409  353  298  257  229  210  189  171  153
  135  118   97   87   83   98  123  156  184  212  223  227  220  210  200  190
  184  174  163  149  137  125  112   96   84   78   78   76   77   74   79   85
  103  118  143  165  194  221  247  268  286  303  322  347  376  405  441  473
  501  524  552  571  601  628  649  651  667                                   
    15.0-180.0 180.0   5.0 450.0                            LAT/LON1/LON2/DLON/H
  686  722  716  693  673  614  557  487  433  371  318  277  245  223  204  184
  166  145  126  113  115  128  156  184  214  235  245  245  234  220  204  189
  178  166  156  140  132  119  106   91   79   76   73   76   74   74   78   87
  103  124  151  178  208  234  263  279  306  321  347  365  394  422  456  484
  508  528  552  570  597  623  645  659  686                                   
    12.5-180.0 180.0   5.0 450.0                            LAT/LON1/LON2/DLON/H
  664  703  708  706  696  655  605  545  496  442  388  340  297  265  242  223
  207  188  172  163  165  179  198  224  239  254  255  250  235  219  199  181
  167  155  143  131  124  113  102   89   80   72   72   69   73   68   76   85
  105  129  157  187  215  243  269  295  320  343  363  385  411  437  464  481
  500  513  530  544  566  590  615  637  664                                   
    10.0-180.0 180.0   5.0 450.0                            LAT/LON1/LON2/DLON/H
  633  666  684  696  705  680  653  602  564  508  462  408  367  330  294  271
  251  234  224  219  226  236  249  261  265  265  259  246  231  213  194  173
  159  142  133  123  117  111  101   96   86   83   79   79   77   73   77   86
  107  133  165  195  223  246  275  293  323  341  369  390  418  440  462  475
  489  500  509  519  534  556  570  601  633                                   
     7.5-180.0 180.0   5.0 450.0                            LAT/LON1/LON2/DLON/H
  591  623  650  672  692  682  668  637  608  563  516  467  424  388  351  325
  301  286  280  283  288  297  297  295  279  265  251  235  219  207  188  168
