data/unet/pred2630.15i
     1.0            IONOSPHERE MAPS     GNSS                IONEX VERSION / TYPE
pyspatialgeodesy        IME             05-JAN-18 20:20     PGM / RUN BY / DATE 
Map Name                                                    COMMENT             
Predicted global ionosphere maps (GIM).                     DESCRIPTION         
  2015     9    20     0     0     0                        EPOCH OF FIRST MAP  
  2015     9    21     0     0     0                        EPOCH OF LAST MAP   
  7200                                                      INTERVAL            
    13                                                      # OF MAPS IN FILE   
  NONE                                                      MAPPING FUNCTION    
10.0                                                        ELEVATION CUTOFF    
One-way carrier phase leveled to code                       OBSERVABLES USED    
  6371.0                                                    BASE RADIUS         
 2                                                          MAP DIMENSION       
   450.0 450.0   0.0                                        HGT1 / HGT2 / DHGT  
    87.5 -87.5  -2.5                                        LAT1 / LAT2 / DLAT  
  -180.0 180.0   5.0                                        LON1 / LON2 / DLON  
    -1                                                      EXPONENT            
                                                            END OF HEADER       
[from data line 1716]
     5                                                      START OF TEC MAP    
  2015     9    20     8     0     0                        EPOCH OF CURRENT MAP
    87.5-180.0 180.0   5.0 450.0                            LAT/LON1/LON2/DLON/H
   67   73   74   76   76   74   76   76   78   77   79   78   80   79   80   78
   80   78   79   78   79   77   78   76   77   75   76   74   75   73   74   73
   73   72   73   73   73   73   74   73   74   73   74   73   73   73   74   73
   73   73   73   72   72   72   72   71   71   70   70   69   70   69   69   68
   70   70   71   72   75   75   77   74   67                                   
    85.0-180.0 180.0   5.0 450.0                            LAT/LON1/LON2/DLON/H
   74   88   83   90   88   88   89   91   92   92   92   92   92   91   91   90
   90   89   87   87   86   85   84   84   83   83   81   83   81   83   80   83
   81   84   82   85   84   87   86   87   88   88   89   89   90   90   90   89
   89   88   88   87   86   86   84   84   82   82   79   80   78   79   76   78
   76   78   77   80   81   82   84   73   74                                   
    82.5-180.0 180.0   5.0 450.0                            LAT/LON1/LON2/DLON/H
   81   89   83   86   87   86   89   90   91   90   90   89   89   87   86   85
   83   83   80   81   78   78   76   77   75   76   74   75   74   76   75   77
   76   78   78   81   81   85   85   88   88   91   91   94   93   95   94   94
   93   92   91   90   89   87   86   83   83   79   79   76   76   72   73   70
   72   70   72   72   74   72   77   71   81                                   
    80.0-180.0 180.0   5.0 450.0                            LAT/LON1/LON2/DLON/H
   78   79   76   78   78   80   80   82   81   82   80   80   78   76   74   73
   71   70   67   67   65   65   63   64   63   63   63   64   65   66   66   68
   70   71   74   76   80   82   85   87   90   91   94   95   98   97   98   97
   98   95   95   92   91   88   87   84   82   79   77   74   72   69   67   65
   64   63   63   65   67   63   67   70   78                                   
    77.5-180.0 180.0   5.0 450.0                            LAT/LON1/LON2/DLON/H
   70   80   73   73   75   74   77   75   76   73   74   70   69   65   64   60
   59   56   55   52   52   50   50   50   50   50   51   52   53   54   56   57
   60   62   67   70   76   78   85   86   92   93   98   99  103  102  106  104
  105  103  104  101  101   97   97   92   91   86   84   79   77   73   71   67
   66   64   64   63   65   62   66   62   70                                   
    75.0-180.0 180.0   5.0 450.0                            LAT/LON1/LON2/DLON/H
   70   71   66   68   69   69   70   70   68   68   65   63   60   57   54   52
   49   48   45   46   43   44   42   43   42   43   43   44   46   47   50   51
   55   57   63   67   72   77   84   87   93   97  102  104  108  109  113  111
  114  112  114  110  111  107  107  102  101   95   93   88   85   80   77   73
   70   68   67   66   67   62   65   61   70                                   
    72.5-180.0 180.0   5.0 450.0                            LAT/LON1/LON2/DLON/H
   68   73   63   62   63   61   62   60   61   58   57   54   51   48   46   43
   41   39   38   37   37   36   36   36   36   36   37   39   40   41   43   45
   49   52   58   63   69   76   83   89   95  100  106  110  114  116  119  119
  120  118  120  117  117  114  114  110  109  103  100   95   92   87   83   78
   75   72   70   68   68   65   67   62   68                                   
    70.0-180.0 180.0   5.0 450.0                            LAT/LON1/LON2/DLON/H
   72   66   59   59   59   58   59   58   58   55   53   51   48   45   43   41
   39   38   37   37   37   37   37   37   37   38   38   39   40   41   43   44
   49   51   58   62   70   76   85   90   98  103  111  114  120  121  125  124
  126  124  126  124  126  123  124  119  119  112  111  104  103   96   94   88
   85   81   80   77   77   69   72   65   72                                   
    67.5-180.0 180.0   5.0 450.0                            LAT/LON1/LON2/DLON/H
   73   70   58   54   52   51   52   52   51   50   48   46   44   42   40   39
   38   37   36   37   37   37   37   38   38   38   38   39   39   40   41   43
   46   49   55   60   67   74   82   90   96  103  109  114  118  120  122  123
  124  124  126  125  127  126  127  124  124  118  116  111  110  104  101   96
   92   88   86   83   82   76   77   69   73                                   
    65.0-180.0 180.0   5.0 450.0                            LAT/LON1/LON2/DLON/H
   76   67   57   53   50   49   49   49   49   48   47   46   45   44   43   43
   42   42   41   42   41   42   41   42   42   42   42   42   42   42   43   44
   48   50   57   62   69   75   83   90   97  103  111  114  118  120  122  122
  124  125  127  129  131  132  132  130  130  124  122  118  117  111  109  104
  101   97   95   92   91   82   84   73   76                                   
    62.5-180.0 180.0   5.0 450.0                            LAT/LON1/LON2/DLON/H
   79   75   57   50   45   43   43   42   43   42   43   43   43   43   43   43
   43   42   41   41   40   40   40   40   41   42   41   42   41   41   42   43
   47   50   56   60   67   73   81   88   95  101  108  112  115  117  119  119
  122  123  127  129  134  135  137  135  135  129  126  121  121  117  114  109
  107  103  101   97   96   90   89   80   79                                   
    60.0-180.0 180.0   5.0 450.0                            LAT/LON1/LON2/DLON/H
   82   74   59   52   46   43   42   41   41   41   42   43   44   44   44   45
   46   45   43   43   41   40   39   40   40   41   40   41   40   42   42   45
   49   53   59   64   70   76   83   89   97  103  109  113  117  119  122  123
  126  129  133  138  142  146  145  144  142  136  131  126  126  122  121  116
  115  111  110  106  105   98   97   85   82                                   
    57.5-180.0 180.0   5.0 450.0                            LAT/LON1/LON2/DLON/H
   90   87   67   56   48   43   40   37   37   36   37   39   40   41   42   43
   43   41   39   36   35   32   32   32   33   35   35   36   36   38   39   44
   48   54   60   65   72   77   84   89   97  103  110  116  121  124  127  129
  133  138  145  149  156  158  160  156  154  145  140  133  132  129  127  123
  121  117  115  112  111  106  103   93   90                                   
    55.0-180.0 180.0   5.0 450.0                            LAT/LON1/LON2/DLON/H
   98   90   75   64   56   48   44   40   38   35   36   37   39   39   41   41
   41   39   36   33   31   29   27   29   29   31   31   33   33   36   38   45
   50   58   64   73   78   84   89   95  102  109  117  124  130  135  140  143
  148  153  159  166  172  176  174  171  166  157  149  143  140  137  135  130
  129  125  125  122  123  116  116  105   98                                   
    52.5-180.0 180.0   5.0 450.0                            LAT/LON1/LON2/DLON/H
  109  108   89   76   66   56   49   43   39   35   33   34   34   36   36   36
   35   33   30   26   24   22   21   22   24   26   26   28   28   32   35   43
   50   60   69   77   84   89   95  100  107  115  124  132  141  149  155  158
  163  169  176  182  188  190  188  183  178  168  160  152  150  146  145  140
  137  134  132  130  129  126  125  115  109                                   
    50.0-180.0 180.0   5.0 450.0                            LAT/LON1/LON2/DLON/H
  121  112  102   90   81   68   60   51   45   38   36   34   34   34   35   34
   34   30   28   25   22   21   21   23   24   26   26   28   28   32   37   46
   55   67   76   88   94  101  105  110  118  127  137  146  158  165  172  176
  182  188  193  198  202  203  199  194  188  178  170  164  162  158  157  152
  149  145  145  141  141  135  136  126  121                                   
    47.5-180.0 180.0   5.0 450.0                            LAT/LON1/LON2/DLON/H
  129  126  114  103   94   81   72   60   52   44   38   36   34   34   33   33
   30   29   26   24   22   22   23   26   27   30   28   30   28   33   37   47
   57   71   83   94  103  109  115  120  127  137  147  159  169  179  187  193
  196  200  204  206  207  205  202  195  191  182  177  171  170  168  166  163
  159  155  152  148  146  142  142  133  129                                   
    45.0-180.0 180.0   5.0 450.0                            LAT/LON1/LON2/DLON/H
  134  125  120  112  106   94   86   73   63   53   48   43   41   38   37   36
   34   32   31   30   29   30   31   35   36   37   35   35   34   37   42   52
   63   79   93  107  116  123  127  133  140  149  161  172  184  195  203  208
  209  213  212  212  208  206  199  197  191  186  180  178  176  176  174  172
  169  165  162  156  153  146  146  139  134                                   
    42.5-180.0 180.0   5.0 450.0                            LAT/LON1/LON2/DLON/H
  132  127  122  115  111  102   95   84   74   64   56   52   48   46   42   41
   38   38   36   38   38   40   42   45   46   47   43   42   39   42   46   56
   68   83   99  112  124  131  138  143  151  161  172  183  196  208  215  220
  220  221  217  211  206  200  196  191  191  186  184  182  182  182  181  178
  175  172  167  159  153  145  144  139  132                                   
    40.0-180.0 180.0   5.0 450.0                            LAT/LON1/LON2/DLON/H
  126  116  115  110  108  102   98   90   83   74   68   63   60   56   53   51
   48   48   47   49   50   52   53   55   55   54   50   47   45   46   51   61
   73   89  106  122  134  145  152  159  168  176  187  198  212  223  229  234
  233  233  227  220  211  206  198  198  196  194  189  191  189  189  187  185
  182  179  175  165  157  143  140  136  126                                   
    37.5-180.0 180.0   5.0 450.0                            LAT/LON1/LON2/DLON/H
  115  111  103   98   98   94   94   89   87   80   77   72   70   68   63   62
   58   59   58   60   60   62   62   63   62   60   55   51   49   50   57   65
   77   91  109  125  142  153  166  174  184  194  203  215  226  236  242  245
  247  246  242  235  228  220  217  214  215  210  209  206  205  200  197  192
  189  184  179  167  155  139  133  126  115                                   
    35.0-180.0 180.0   5.0 450.0                            LAT/LON1/LON2/DLON/H
  103   93   85   82   81   82   83   84   83   83   81   81   80   78   75   73
   70   71   70   71   70   70   69   67   65   60   56   52   50   54   60   69
   81   97  114  135  151  169  181  193  203  211  222  233  246  255  261  266
  270  272  270  265  258  254  247  246  244  239  231  227  219  215  207  204
  197  194  187  176  162  142  131  123  103                                   
    32.5-180.0 180.0   5.0 450.0                            LAT/LON1/LON2/DLON/H
   98   94   76   70   67   65   72   73   80   79   85   84   87   85   84   83
   80   80   78   80   77   76   72   69   64   59   55   52   53   56   65   73
   84   98  117  135  158  176  195  207  217  227  238  252  264  273  282  288
  298  304  309  305  303  297  294  289  287  276  267  255  248  238  230  221
  216  209  202  185  173  147  135  122   98                                   
    30.0-180.0 180.0   5.0 450.0                            LAT/LON1/LON2/DLON/H
  101   89   71   64   60   60   66   68   73   76   79   84   87   90   90   90
   89   88   87   85   83   78   75   67   63   56   52   51   53   60   67   78
   88  104  121  142  166  189  205  219  230  239  256  268  286  295  311  320
  337  347  357  358  358  355  350  346  341  327  310  295  277  263  248  241
  230  227  215  204  187  163  147  132  101                                   
    27.5-180.0 180.0   5.0 450.0                            LAT/LON1/LON2/DLON/H
  115  104   82   71   64   62   63   66   69   72   77   80   87   90   93   94
   93   93   89   89   85   81   75   67   61   55   52   50   55   61   71   80
   88  104  121  145  168  192  211  224  238  250  267  283  303  315  335  347
  367  381  397  403  409  408  406  398  390  373  356  335  317  294  280  264
  255  244  236  220  205  182  163  145  115                                   
    25.0-180.0 180.0   5.0 450.0                            LAT/LON1/LON2/DLON/H
  141  125   98   89   74   69   67   69   73   71   75   78   82   88   90   93
   92   92   90   87   86   80   76   66   62   55   50   51   53   63   72   83
   92  109  126  151  173  198  215  229  246  259  281  295  321  337  362  378
  401  419  437  449  456  458  450  446  434  419  399  378  357  334  312  294
  279  268  258  245  232  208  190  170  141                                   
    22.5-180.0 180.0   5.0 450.0                            LAT/LON1/LON2/DLON/H
  169  156  135  118  103   88   84   80   81   79   80   79   84   88   89   93
   89   89   86   84   82   78   75   69   64   58   53   52   55   63   73   82
   90  109  128  155  177  202  220  233  250  266  290  309  335  354  378  397
  422  443  464  481  488  490  483  477  469  455  438  417  396  372  350  326
  308  293  283  272  258  238  219  195  169                                   
    20.0-180.0 180.0   5.0 450.0                            LAT/LON1/LON2/DLON/H
  198  193  170  159  136  117  103   94   90   88   87   83   85   86   87   90
   87   84   81   79   78   76   75   70   67   61   56   55   57   66   75   86
   95  116  137  161  183  208  225  241  259  275  303  322  354  371  399  417
  444  463  485  499  506  505  502  497  491  482  469  455  436  414  389  363
  338  321  308  299  284  264  244  226  198                                   
    17.5-180.0 180.0   5.0 450.0                            LAT/LON1/LON2/DLON/H
  223  224  207  195  180  158  140  122  112  105  100   96   95   92   91   92
   87   83   78   76   76   76   77   74   72   66   60   56   59   66   76   87
  100  121  143  168  190  214  233  249  266  285  313  335  364  383  409  426
  452  469  488  499  503  502  499  499  498  496  490  480  468  447  424  393
  366  343  330  318  305  285  267  250  223                                   
    15.0-180.0 180.0   5.0 450.0                            LAT/LON1/LON2/DLON/H
  244  249  231  223  206  189  170  149  137  123  110  104  100  100   98   94
   90   83   77   73   74   75   78   76   75   70   64   60   62   69   81   91
  107  126  149  174  196  222  239  261  279  300  330  348  382  395  423  435
  459  470  483  490  492  494  494  500  505  507  505  502  491  477  453  428
  396  373  354  342  325  303  286  266  244                                   
    12.5-180.0 180.0   5.0 450.0                            LAT/LON1/LON2/DLON/H
  260  259  249  245  230  213  195  175  160  149  132  121  110  103  103   99
   98   88   84   77   79   79   83   81   80   75   67   62   65   70   83   94
  111  131  154  178  204  230  250  272  291  315  341  361  386  400  424  438
  456  463  471  474  476  478  479  488  495  503  507  507  505  493  473  447
  421  397  376  358  335  312  294  274  260                                   
    10.0-180.0 180.0   5.0 450.0                            LAT/LON1/LON2/DLON/H
  259  262  248  246  235  221  204  186  176  163  151  137  124  112  107  109
  108   95   90   81   81   80   84   84   82   78   70   65   68   72   86   94
  111  131  153  181  205  236  257  285  305  329  357  370  397  406  430  439
  454  455  460  461  461  468  471  486  494  505  510  512  507  499  482  463
  439  418  395  373  350  319  302  281  259                                   
     7.5-180.0 180.0   5.0 450.0                            LAT/LON1/LON2/DLON/H
  264  254  244  240  232  223  210  196  188  179  172  160  141  126  115  113
  112  102  101   87   91   86   92   89   89   81   74   67   70   73   86   94
