data/unet/pred3520.15i
     1.0            IONOSPHERE MAPS     GNSS                IONEX VERSION / TYPE
pyspatialgeodesy        IME             05-JAN-18 20:20     PGM / RUN BY / DATE 
Map Name                                                    COMMENT             
Predicted global ionosphere maps (GIM).                     DESCRIPTION         
  2015    12    18     0     0     0                        EPOCH OF FIRST MAP  
  2015    12    19     0     0     0                        EPOCH OF LAST MAP   
  7200                                                      INTERVAL            
    13                                                      # OF MAPS IN FILE   
  NONE                                                      MAPPING FUNCTION    
10.0                                                        ELEVATION CUTOFF    
One-way carrier phase leveled to code                       OBSERVABLES USED    
  6371.0                                                    BASE RADIUS         
 2                                                          MAP DIMENSION       
   450.0 450.0   0.0                                        HGT1 / HGT2 / DHGT  
    87.5 -87.5  -2.5                                        LAT1 / LAT2 / DLAT  
  -180.0 180.0   5.0                                        LON1 / LON2 / DLON  
    -1                                                      EXPONENT            
                                                            END OF HEADER       
[from data line 858]
     3                                                      START OF TEC MAP    
  2015    12    18     4     0     0                        EPOCH OF CURRENT MAP
    87.5-180.0 180.0   5.0 450.0                            LAT/LON1/LON2/DLON/H
   31   61   49   48   47   48   47   48   48   49   48   49   48   49   48   48
   47   48   47   47   46   47   46   46   45   46   45   46   44   45   44   45
   44   45   45   46   44   46   45   46   45   47   46   47   46   47   47   47
   46   48   47   48   47   48   48   49   47   49   48   49   47   49   48   49
   48   49   48   49   49   48   64   40   31                                   
    85.0-180.0 180.0   5.0 450.0                            LAT/LON1/LON2/DLON/H
   62   55   34   37   39   38   38   39   39   40   40   40   40   40   40   39
   39   38   38   36   35   34   34   33   32   32   32   31   32   31   33   32
   34   32   35   34   36   35   37   36   38   37   39   37   38   38   39   38
   38   37   38   38   37   37   38   37   37   37   38   38   38   38   38   38
   39   38   39   38   39   36   55   74   62                                   
    82.5-180.0 180.0   5.0 450.0                            LAT/LON1/LON2/DLON/H
   59   34   29   29   30   29   31   31   34   31   36   33   36   33   36   32
   35   29   32   26   27   22   24   19   21   17   21   17   21   18   22   19
   23   21   26   23   27   25   29   27   30   28   32   29   32   28   33   27
   31   26   31   25   30   25   30   25   30   26   32   27   32   28   34   30
   34   30   34   31   31   28   42   67   59                                   
    80.0-180.0 180.0   5.0 450.0                            LAT/LON1/LON2/DLON/H
   61   37   31   29   31   32   34   37   38   40   42   45   44   47   45   47
   44   43   39   37   33   31   27   26   23   23   22   23   22   23   24   25
   25   27   28   30   30   33   33   35   34   36   36   36   35   35   35   34
   33   33   33   32   32   32   33   34   34   35   37   38   38   39   40   40
   40   40   39   39   38   33   42   66   61                                   
    77.5-180.0 180.0   5.0 450.0                            LAT/LON1/LON2/DLON/H
   65   36   33   30   29   30   32   35   37   41   43   47   48   52   52   54
   51   51   46   44   37   35   29   27   23   23   21   22   21   23   24   26
   26   28   29   31   31   33   34   35   35   36   36   36   34   34   34   32
   31   31   31   31   31   33   34   36   37   40   42   44   44   46   46   46
   45   44   45   43   42   38   48   66   65                                   
    75.0-180.0 180.0   5.0 450.0                            LAT/LON1/LON2/DLON/H
   65   37   31   25   27   27   30   33   36   40   44   50   51   56   57   57
   56   53   52   46   42   36   33   28   26   24   25   24   25   26   28   29
   30   31   33   33   33   34   35   34   34   34   35   34   33   32   32   30
   30   29   31   30   32   33   37   38   42   44   48   50   52   53   54   53
   54   52   53   50   51   42   52   70   65                                   
    72.5-180.0 180.0   5.0 450.0                            LAT/LON1/LON2/DLON/H
   76   38   36   32   29   28   30   33   37   40   45   50   53   57   59   60
   57   56   52   49   42   37   33   29   26   26   27   27   28   30   32   33
   34   34   36   34   34   33   34   32   32   31   33   31   30   30   30   28
   27   28   29   30   31   36   39   43   46   52   54   58   59   62   62   63
   61   61   60   58   57   53   64   75   76                                   
    70.0-180.0 180.0   5.0 450.0                            LAT/LON1/LON2/DLON/H
   81   45   40   37   34   32   33   33   37   40   45   49   53   56   59   58
   58   54   53   46   43   36   35   31   31   31   33   34   37   37   40   40
   41   40   40   37   36   34   33   31   30   31   31   31   30   30   30   29
   29   30   32   33   37   40   47   50   56   60   65   68   72   72   74   73
   73   71   71   68   69   59   71   82   81                                   
    67.5-180.0 180.0   5.0 450.0                            LAT/LON1/LON2/DLON/H
   95   51   49   48   40   37   35   35   36   39   42   46   48   52   53   54
   51   49   46   41   37   34   31   31   29   33   33   37   38   42   42   44
   42   42   39   37   33   32   29   28   27   28   29   29   29   30   30   30
   30   33   34   37   41   47   51   57   61   68   71   77   79   84   82   84
   81   81   79   78   76   72   84   88   95                                   
    65.0-180.0 180.0   5.0 450.0                            LAT/LON1/LON2/DLON/H
  100   65   59   55   48   44   40   38   38   38   41   43   46   47   48   48
   48   44   44   37   37   33   32   31   33   34   37   38   41   42   44   43
   42   40   38   34   31   28   26   25   24   25   27   29   30   31   33   33
   36   37   42   45   53   57   65   67   75   78   85   89   95   95   98   96
   96   93   92   90   88   80   91   94  100                                   
    62.5-180.0 180.0   5.0 450.0                            LAT/LON1/LON2/DLON/H
  112   70   67   64   54   49   42   40   38   37   38   39   40   41   42   42
   41   39   37   34   32   31   30   31   32   34   35   37   37   39   38   39
   37   35   33   30   26   23   21   21   21   23   26   29   31   33   35   36
   39   42   47   55   61   70   75   81   85   91   96  103  107  109  111  110
  107  104  100   98   96   92  101   99  112                                   
    60.0-180.0 180.0   5.0 450.0                            LAT/LON1/LON2/DLON/H
  115   83   75   69   61   52   45   42   40   36   37   35   38   37   38   37
   38   34   34   29   30   27   28   27   31   30   32   31   33   30   32   29
   32   28   29   24   24   19   19   17   21   21   27   28   32   32   36   36
   42   45   55   64   74   81   89   92   98  103  110  113  120  121  123  122
  120  117  111  108  105   98  107  105  115                                   
    57.5-180.0 180.0   5.0 450.0                            LAT/LON1/LON2/DLON/H
  124   89   84   77   64   56   46   42   38   35   33   31   32   33   34   33
   34   33   30   28   26   25   25   26   28   28   28   27   26   24   24   24
   26   26   26   25   24   21   22   21   25   26   31   32   36   36   39   40
   46   53   62   75   84   95  100  106  110  116  121  125  131  134  136  134
  132  127  123  117  114  111  116  111  124                                   
    55.0-180.0 180.0   5.0 450.0                            LAT/LON1/LON2/DLON/H
  130  105   95   84   73   62   52   47   40   35   33   29   32   30   34   32
   35   32   31   27   27   23   25   23   27   24   26   21   22   17   20   18
   24   23   28   26   28   24   26   24   29   28   34   33   37   35   40   41
   50   58   72   85   98  107  115  119  123  125  130  134  141  145  147  146
  143  141  135  131  127  119  124  120  130                                   
    52.5-180.0 180.0   5.0 450.0                            LAT/LON1/LON2/DLON/H
  142  115  106   95   79   69   57   49   41   35   31   28   29   30   32   33
   35   34   31   29   26   25   25   25   26   25   24   21   20   17   19   20
   25   28   33   34   37   34   36   33   38   37   42   40   43   42   46   48
   58   68   81   96  108  121  127  130  133  135  138  143  150  155  157  157
  152  150  144  141  139  137  136  130  142                                   
    50.0-180.0 180.0   5.0 450.0                            LAT/LON1/LON2/DLON/H
  151  132  120  106   92   79   66   58   46   39   33   29   31   29   34   33
   38   33   33   29   30   27   29   28   32   29   29   24   26   21   25   23
   32   33   41   42   46   43   44   42   46   44   47   45   48   47   52   56
   67   79   93  109  122  132  141  142  144  145  148  152  160  164  167  165
  163  159  154  153  150  144  144  139  151                                   
    47.5-180.0 180.0   5.0 450.0                            LAT/LON1/LON2/DLON/H
  165  143  131  120  103   91   77   66   52   43   35   30   30   30   34   34
   37   35   34   30   32   32   34   34   36   36   35   33   32   30   31   32
   38   42   49   51   55   53   54   51   54   52   55   53   56   57   62   69
   79   93  105  122  136  145  153  155  157  157  159  162  167  172  172  171
  164  162  157  157  157  155  150  145  165                                   
    45.0-180.0 180.0   5.0 450.0                            LAT/LON1/LON2/DLON/H
  170  152  141  129  116  103   89   76   60   51   39   36   34   34   38   36
   40   36   38   35   39   39   43   43   47   44   46   43   45   40   42   39
   46   48   56   58   62   60   61   58   61   59   62   61   64   67   74   83
   95  109  122  134  146  156  161  166  165  166  165  167  170  172  171  167
  162  160  158  158  157  151  151  146  170                                   
    42.5-180.0 180.0   5.0 450.0                            LAT/LON1/LON2/DLON/H
  174  154  143  136  123  112   98   85   70   59   47   42   40   39   40   39
   42   40   42   41   47   49   53   54   55   55   54   55   53   51   48   46
   49   51   58   61   65   63   65   62   65   65   68   68   73   79   88   99
  110  125  135  146  156  166  171  174  174  173  170  170  170  169  164  161
  155  155  152  152  152  150  146  143  174                                   
    40.0-180.0 180.0   5.0 450.0                            LAT/LON1/LON2/DLON/H
  167  146  136  132  123  115  102   91   77   69   55   53   49   48   48   47
   49   47   52   53   60   63   67   66   68   64   64   63   63   59   57   50
   53   53   60   62   66   66   67   66   68   70   73   77   83   92  102  116
  128  140  147  157  165  177  180  183  182  179  174  172  171  166  161  157
  153  152  150  151  147  140  141  137  167                                   
    37.5-180.0 180.0   5.0 450.0                            LAT/LON1/LON2/DLON/H
  159  136  128  125  117  111  101   92   82   74   64   61   60   57   57   54
   56   57   63   68   76   81   83   82   78   75   70   69   67   63   58   52
   52   53   59   62   66   66   67   67   70   73   79   84   93  104  116  133
  142  152  158  165  174  183  187  189  188  185  180  178  174  169  163  159
  155  157  155  156  151  146  139  135  159                                   
    35.0-180.0 180.0   5.0 450.0                            LAT/LON1/LON2/DLON/H
  151  128  116  113  106  103   95   91   82   79   70   72   69   69   68   66
   70   72   80   86   95   96   97   92   87   79   75   72   71   66   62   55
   54   55   60   63   66   67   68   69   72   77   84   91  101  115  130  145
  153  161  165  172  182  191  196  198  197  194  191  187  185  179  177  173
  172  175  176  177  170  158  151  140  151                                   
    32.5-180.0 180.0   5.0 450.0                            LAT/LON1/LON2/DLON/H
  155  126  113  106   95   92   86   85   79   78   74   76   77   77   78   75
   81   86   95  102  107  109  106  100   92   85   78   75   72   69   63   58
   56   57   62   65   68   67   69   70   75   80   88   95  106  123  140  153
  162  167  173  178  189  199  206  209  210  208  206  203  202  200  200  199
  200  205  206  206  201  191  175  160  155                                   
    30.0-180.0 180.0   5.0 450.0                            LAT/LON1/LON2/DLON/H
  169  143  123  108   93   88   80   81   76   78   75   81   82   85   86   86
   93   98  106  110  114  112  108  101   95   88   82   79   77   73   69   64
   63   62   66   69   70   69   70   71   75   81   89   97  110  128  146  160
  168  173  178  186  198  211  221  227  232  231  233  231  233  230  236  236
  243  248  250  251  242  224  211  187  169                                   
    27.5-180.0 180.0   5.0 450.0                            LAT/LON1/LON2/DLON/H
  203  171  145  122  101   91   80   79   73   75   74   79   83   86   89   89
   98  103  110  114  114  113  107  102   96   93   88   87   84   82   78   74
   73   73   73   73   73   71   71   72   76   83   91   99  114  135  155  169
  180  182  190  197  212  228  241  251  256  260  264  265  270  272  282  285
  294  298  304  304  300  283  258  233  203                                   
    25.0-180.0 180.0   5.0 450.0                            LAT/LON1/LON2/DLON/H
  247  213  183  148  122  107   89   83   75   76   73   78   80   85   87   90
   97  101  106  107  106  103  100   98   99   98   98   96   95   92   91   87
   87   82   81   78   77   72   73   73   75   81   88   98  116  139  158  174
  184  191  198  211  226  247  265  278  287  294  305  309  317  322  333  339
  350  352  361  357  364  342  313  280  247                                   
    22.5-180.0 180.0   5.0 450.0                            LAT/LON1/LON2/DLON/H
  312  260  227  187  152  129  111   97   88   83   77   78   79   82   84   85
   92   93   99   98   97   95   95   99  103  108  107  108  106  104  102  100
   98   95   89   82   79   74   72   72   73   78   87   98  121  145  169  183
  198  203  217  226  248  269  291  307  320  331  341  347  362  370  379  382
  395  394  402  401  410  404  369  337  312                                   
    20.0-180.0 180.0   5.0 450.0                            LAT/LON1/LON2/DLON/H
  375  326  279  231  195  164  137  116  104   94   89   83   82   81   82   80
   85   83   87   85   86   87   94  102  112  119  123  122  121  117  115  112
  109  106   95   86   79   74   69   69   70   74   83   97  123  153  176  196
  209  223  235  251  272  298  319  337  354  364  375  382  393  401  413  416
  429  426  435  437  451  452  410  382  375                                   
    17.5-180.0 180.0   5.0 450.0                            LAT/LON1/LON2/DLON/H
  431  397  342  283  236  199  170  146  129  114  105   98   92   88   86   81
   84   78   82   80   87   92  103  116  127  137  140  136  133  128  125  120
  116  108   95   84   76   71   66   66   66   70   83   99  133  163  193  209
  228  239  258  273  300  322  346  366  383  392  404  408  419  425  438  433
  439  436  444  451  468  482  445  421  431                                   
    15.0-180.0 180.0   5.0 450.0                            LAT/LON1/LON2/DLON/H
  480  448  403  353  300  258  214  186  165  145  131  116  115  103  103   92
   93   82   85   87   97  108  120  133  147  153  155  150  144  138  131  125
  116  108   90   80   71   66   62   61   61   66   80  102  137  172  202  221
  241  258  277  297  320  343  364  384  401  413  422  426  430  433  440  435
  439  433  438  448  466  490  468  448  480                                   
    12.5-180.0 180.0   5.0 450.0                            LAT/LON1/LON2/DLON/H
  504  479  444  403  355  316  272  236  212  186  171  151  148  137  131  116
  115  105  109  113  127  140  151  163  171  175  172  164  154  144  135  125
  115  102   85   73   66   62   60   61   61   65   83  107  148  181  213  229
  255  270  292  313  335  355  374  394  410  423  432  435  444  442  440  431
  427  417  421  427  446  479  468  459  504                                   
    10.0-180.0 180.0   5.0 450.0                            LAT/LON1/LON2/DLON/H
  513  493  471  438  402  374  337  306  270  248  226  206  196  184  174  159
  153  141  141  149  160  175  187  192  197  193  186  174  161  148  134  125
  109   98   80   71   63   59   57   59   60   67   85  112  153  186  215  235
  259  277  299  319  340  359  376  396  410  424  431  434  437  433  429  418
  416  404  405  408  423  455  457  462  513                                   
     7.5-180.0 180.0   5.0 450.0                            LAT/LON1/LON2/DLON/H
  507  499  488  460  428  404  377  354  329  304  281  255  248  233  220  203
  192  184  183  192  207  218  221  224  218  210  199  185  169  151  136  121
