data/unet/pred2320.15i
     1.0            IONOSPHERE MAPS     GNSS                IONEX VERSION / TYPE
pyspatialgeodesy        IME             05-JAN-18 20:20     PGM / RUN BY / DATE 
Map Name                                                    COMMENT             
Predicted global ionosphere maps (GIM).                     DESCRIPTION         
  2015     8    20     0     0     0                        EPOCH OF FIRST MAP  
  2015     8    21     0     0     0                        EPOCH OF LAST MAP   
  7200                                                      INTERVAL            
    13                                                      # OF MAPS IN FILE   
  NONE                                                      MAPPING FUNCTION    
10.0                                                        ELEVATION CUTOFF    
One-way carrier phase leveled to code                       OBSERVABLES USED    
  6371.0                                                    BASE RADIUS         
 2                                                          MAP DIMENSION       
   450.0 450.0   0.0                                        HGT1 / HGT2 / DHGT  
    87.5 -87.5  -2.5                                        LAT1 / LAT2 / DLAT  
  -180.0 180.0   5.0                                        LON1 / LON2 / DLON  
    -1                                                      EXPONENT            
                                                            END OF HEADER       
[from data line 5148]
    13                                                      START OF TEC MAP    
  2015     8    21     0     0     0                        EPOCH OF CURRENT MAP
    87.5-180.0 180.0   5.0 450.0                            LAT/LON1/LON2/DLON/H
  150  118  116  112  112  108  111  109  112  110  111  109  111  109  110  108
  110  107  109  106  108  106  107  104  106  103  104  101  102   99  100   97
   98   96   97   94   97   94   96   94   97   96   98   96   99   98  100   98
  101   99  101   99  102  100  102  100  103  101  103  101  104  102  104  102
  105  103  106  105  110  109  116  141  150                                   
    85.0-180.0 180.0   5.0 450.0                            LAT/LON1/LON2/DLON/H
  125  119  120  119  119  114  118  115  119  116  118  115  117  114  115  112
  114  110  111  108  109  105  106  102  103   99   99   95   96   92   93   89
   90   88   88   86   88   87   88   87   90   89   91   90   93   92   94   93
   96   94   96   95   97   96   98   97  100   99  100   99  102  101  103  102
  105  104  107  106  111  106  107  114  125                                   
    82.5-180.0 180.0   5.0 450.0                            LAT/LON1/LON2/DLON/H
  123  119  122  123  123  119  123  120  124  121  124  120  123  118  121  116
  119  113  115  109  111  104  106  100  101   95   96   90   91   85   87   82
   85   80   83   79   84   80   85   81   87   84   89   86   91   88   92   89
   94   90   94   90   95   91   96   92   97   94   99   96  101   98  102   99
  105  102  108  107  113  107  110  114  123                                   
    80.0-180.0 180.0   5.0 450.0                            LAT/LON1/LON2/DLON/H
  124  123  125  128  126  126  128  129  130  130  130  130  130  128  127  124
  123  120  118  115  113  109  107  103  101   97   94   90   89   85   84   81
   81   78   79   78   80   79   81   81   84   84   87   87   89   89   91   91
   93   91   93   92   94   93   95   94   97   96   98   98  101  100  102  102
  105  105  109  110  115  111  113  118  124                                   
    77.5-180.0 180.0   5.0 450.0                            LAT/LON1/LON2/DLON/H
  128  122  123  125  124  125  127  128  130  130  131  131  131  129  128  126
  124  121  119  115  112  108  105  101   98   94   91   87   84   81   79   76
   75   73   73   72   73   73   75   76   79   80   83   85   86   87   89   89
   89   88   88   88   88   88   89   89   91   92   93   94   96   96   98   98
  100  101  104  105  109  107  110  113  128                                   
    75.0-180.0 180.0   5.0 450.0                            LAT/LON1/LON2/DLON/H
  122  116  117  121  120  122  125  127  129  131  133  133  133  132  131  129
  127  124  121  117  114  110  106  101   98   93   90   86   82   79   77   74
   72   70   70   69   70   70   72   73   76   78   81   83   85   86   87   87
   86   85   85   84   84   84   85   86   88   89   91   92   94   94   95   95
   96   97   99  100  103  102  105  110  122                                   
    72.5-180.0 180.0   5.0 450.0                            LAT/LON1/LON2/DLON/H
  120  111  113  116  115  117  120  123  127  129  132  133  134  133  132  130
  128  124  121  117  113  108  104   99   94   89   86   81   78   75   73   70
   69   66   66   64   65   64   67   68   72   73   77   79   82   82   83   82
   82   80   80   78   78   78   80   80   83   85   88   89   91   91   92   91
   92   92   94   95   98   97  100  107  120                                   
    70.0-180.0 180.0   5.0 450.0                            LAT/LON1/LON2/DLON/H
  113  106  110  113  113  116  120  123  127  130  134  136  138  137  136  133
  131  126  123  118  113  107  102   96   91   85   82   77   74   71   70   67
   66   63   63   60   60   59   61   62   66   68   72   74   77   77   78   78
   77   75   75   74   74   74   76   78   81   84   87   90   91   92   92   91
   91   91   93   93   96   95   98  105  113                                   
    67.5-180.0 180.0   5.0 450.0                            LAT/LON1/LON2/DLON/H
  115  107  109  112  112  114  118  122  126  130  134  138  140  140  140  137
  134  130  125  119  112  105   99   92   86   79   75   71   69   66   66   63
   62   58   57   54   53   51   53   54   58   60   65   66   70   69   72   70
   71   68   69   67   69   69   73   75   80   83   88   90   93   93   93   92
   92   91   93   94   97   96   99  105  115                                   
    65.0-180.0 180.0   5.0 450.0                            LAT/LON1/LON2/DLON/H
  115  111  112  114  113  114  118  122  127  131  136  140  143  144  143  141
  138  134  128  122  114  105   97   88   82   75   70   66   64   63   62   60
   58   55   52   49   47   45   46   47   50   53   56   59   62   63   64   64
   64   63   63   63   65   66   71   75   81   86   91   94   97   97   97   96
   96   95   97   98  101  100  103  107  115                                   
    62.5-180.0 180.0   5.0 450.0                            LAT/LON1/LON2/DLON/H
  123  118  117  117  114  114  117  120  125  129  134  139  143  145  145  143
  141  137  131  124  115  105   95   86   77   70   65   61   60   59   59   56
   55   50   47   42   40   37   38   39   43   44   49   50   54   54   57   55
   58   56   58   57   62   63   70   74   83   88   94   97  101  100  100   98
   99   98  101  103  106  106  109  111  123                                   
    60.0-180.0 180.0   5.0 450.0                            LAT/LON1/LON2/DLON/H
  127  125  123  121  117  115  117  120  124  128  132  137  141  145  145  146
  144  141  134  127  118  108   97   86   78   70   65   61   60   59   58   56
   53   49   44   39   36   34   34   35   39   41   44   45   48   48   50   50
   52   52   54   55   60   64   71   77   86   93   99  102  105  104  104  102
  103  104  108  110  114  114  116  117  127                                   
    57.5-180.0 180.0   5.0 450.0                            LAT/LON1/LON2/DLON/H
  140  136  130  127  120  118  118  119  122  125  129  134  138  142  144  145
  144  142  137  130  121  112  101   91   82   74   68   64   62   61   60   57
   54   49   44   39   36   34   35   35   39   39   42   42   45   43   46   45
   48   48   52   54   60   64   72   79   89   95  102  104  107  105  105  103
  105  107  112  116  121  122  123  121  140                                   
    55.0-180.0 180.0   5.0 450.0                            LAT/LON1/LON2/DLON/H
  144  143  138  133  126  122  122  121  122  124  127  131  135  139  142  144
  143  142  138  133  126  118  108   99   90   82   76   71   69   66   64   60
   56   51   47   42   40   39   40   41   43   44   45   44   45   44   45   45
   48   50   53   56   63   68   76   84   93   99  105  107  108  107  106  105
  107  110  117  122  127  128  129  127  144                                   
    52.5-180.0 180.0   5.0 450.0                            LAT/LON1/LON2/DLON/H
  154  151  145  141  134  130  127  125  124  125  126  130  133  137  139  141
  141  141  138  135  130  124  116  108   99   91   85   79   76   72   68   64
   59   55   51   48   47   47   49   50   53   52   52   49   49   47   49   48
   52   53   57   60   67   73   81   88   97  102  107  108  108  106  106  105
  108  112  119  125  131  133  133  131  154                                   
    50.0-180.0 180.0   5.0 450.0                            LAT/LON1/LON2/DLON/H
  155  153  151  149  143  139  135  132  130  129  129  130  133  135  137  137
  138  138  137  137  134  129  124  117  110  102   95   89   85   79   75   69
   65   61   58   57   58   59   61   63   64   63   61   58   57   55   55   56
   59   61   65   69   75   81   89   95  103  107  110  110  110  108  107  107
  111  115  123  128  134  135  135  133  155                                   
    47.5-180.0 180.0   5.0 450.0                            LAT/LON1/LON2/DLON/H
  158  157  155  156  152  150  145  143  139  138  136  137  137  138  137  138
  137  138  138  139  138  136  131  126  119  113  106   99   93   87   80   75
   70   67   66   66   69   71   73   75   76   74   72   68   66   63   64   64
   68   69   73   76   82   88   96  103  109  112  114  114  113  111  110  111
  115  119  126  131  136  136  136  133  158                                   
    45.0-180.0 180.0   5.0 450.0                            LAT/LON1/LON2/DLON/H
  157  158  160  163  160  159  157  154  151  148  146  145  144  142  140  139
  138  139  141  144  144  142  138  134  128  122  115  108  102   95   88   82
   77   75   75   77   80   82   85   86   86   85   82   78   75   73   74   74
   77   77   80   83   89   96  105  111  117  119  120  118  119  117  117  118
  122  125  132  135  139  138  136  134  157                                   
    42.5-180.0 180.0   5.0 450.0                            LAT/LON1/LON2/DLON/H
  160  161  163  167  166  167  165  164  162  160  158  156  154  151  148  145
  144  146  148  151  151  149  145  141  135  130  123  117  110  103   95   89
   84   83   83   86   89   91   93   94   94   93   90   86   83   81   82   81
   84   83   85   88   95  103  113  120  126  128  128  127  127  126  126  128
  131  134  138  140  143  140  139  135  160                                   
    40.0-180.0 180.0   5.0 450.0                            LAT/LON1/LON2/DLON/H
  163  165  170  171  170  170  171  173  171  172  170  168  164  160  155  152
  151  153  155  158  157  155  150  145  140  135  130  124  118  111  104   98
   94   92   92   95   97   99  100  101  101  101   99   95   91   89   88   88
   89   88   89   92  100  109  120  127  134  135  137  136  138  137  138  139
  143  144  148  148  149  146  143  139  163                                   
    37.5-180.0 180.0   5.0 450.0                            LAT/LON1/LON2/DLON/H
  173  173  176  175  171  172  173  176  177  180  180  179  176  172  167  163
  162  163  166  167  165  161  154  149  144  140  135  130  124  118  111  107
  103  102  102  104  105  106  105  107  107  108  106  102   98   94   93   92
   91   90   91   95  104  114  126  134  141  143  145  146  148  150  150  152
  153  155  157  158  157  153  151  147  173                                   
    35.0-180.0 180.0   5.0 450.0                            LAT/LON1/LON2/DLON/H
  185  187  188  183  176  174  176  179  183  188  189  191  187  185  178  175
  172  174  175  175  170  164  156  150  145  142  138  134  129  124  119  116
  112  112  111  111  111  111  109  111  113  114  113  110  104  100   96   94
   92   90   90   94  104  115  129  137  146  148  151  151  157  158  162  162
  165  165  169  169  169  165  164  160  185                                   
    32.5-180.0 180.0   5.0 450.0                            LAT/LON1/LON2/DLON/H
  212  207  206  197  187  183  181  184  189  195  198  201  200  197  192  188
  186  186  186  183  177  168  159  152  146  144  140  137  132  129  124  122
  120  119  117  117  115  114  111  113  116  119  118  114  108  101   95   91
   88   85   86   89  100  112  127  138  148  152  155  157  163  165  169  170
  173  174  179  180  181  179  180  176  212                                   
    30.0-180.0 180.0   5.0 450.0                            LAT/LON1/LON2/DLON/H
  242  234  233  220  208  201  197  198  202  206  209  212  211  209  203  200
  196  196  193  188  179  169  159  152  147  144  141  138  135  131  128  126
  124  123  121  119  116  114  111  114  118  122  122  118  108  100   92   87
   83   80   80   83   93  106  122  135  146  152  157  160  167  170  176  176
  182  182  190  192  195  196  200  198  242                                   
    27.5-180.0 180.0   5.0 450.0                            LAT/LON1/LON2/DLON/H
  278  265  264  253  239  231  223  221  222  224  225  227  225  222  216  212
  208  205  201  194  183  172  162  154  148  145  142  139  134  131  127  124
  122  120  116  114  110  108  107  110  115  118  120  113  104   92   84   77
   75   72   72   75   85   98  115  130  141  150  157  164  172  177  182  186
  190  193  200  204  211  215  220  223  278                                   
    25.0-180.0 180.0   5.0 450.0                            LAT/LON1/LON2/DLON/H
  306  300  300  292  281  272  261  257  253  251  248  247  242  238  230  225
  219  214  207  198  186  175  164  156  150  146  142  138  133  129  126  121
  120  116  113  109  104  103  102  105  110  114  114  107   95   84   74   68
   66   65   65   70   78   91  107  123  135  146  155  165  174  181  189  192
  199  202  213  220  229  238  244  252  306                                   
    22.5-180.0 180.0   5.0 450.0                            LAT/LON1/LON2/DLON/H
  332  330  335  332  325  317  306  298  291  284  278  273  266  259  250  243
  235  226  217  206  193  181  169  161  152  146  140  135  130  125  122  116
  114  109  106  102   99   97   96   98  102  103  103   95   84   73   64   59
   58   58   57   60   67   81   99  116  132  145  157  169  181  190  199  206
  213  219  230  239  251  260  265  275  332                                   
    20.0-180.0 180.0   5.0 450.0                            LAT/LON1/LON2/DLON/H
  351  362  370  374  371  367  355  346  335  326  314  306  296  287  274  266
  253  243  230  216  201  188  174  163  153  145  137  131  127  122  119  113
  113  108  107  103   99   97   94   93   94   94   91   84   75   65   57   53
   53   53   52   55   59   72   89  111  130  148  161  176  188  200  212  223
  233  241  254  262  274  283  291  303  351                                   
    17.5-180.0 180.0   5.0 450.0                            LAT/LON1/LON2/DLON/H
  367  381  396  408  410  407  395  386  374  363  352  341  329  317  305  291
  279  264  249  232  214  198  181  166  152  141  132  127  123  119  118  114
  114  111  111  108  104   99   93   88   86   82   79   73   66   59   52   49
   46   47   44   47   52   63   82  106  132  153  171  187  203  217  232  246
  260  272  282  291  300  309  313  324  367                                   
    15.0-180.0 180.0   5.0 450.0                            LAT/LON1/LON2/DLON/H
  378  399  415  431  438  437  427  418  407  398  387  377  364  352  337  323
  306  290  270  251  229  209  187  168  150  138  128  123  121  120  120  118
  120  119  120  115  110  102   94   86   81   76   72   66   62   56   51   48
   47   45   44   45   49   60   80  106  135  160  181  200  218  234  253  271
  289  304  314  322  328  336  342  351  378                                   
    12.5-180.0 180.0   5.0 450.0                            LAT/LON1/LON2/DLON/H
  388  404  422  440  448  448  440  436  426  421  412  405  392  380  366  350
  336  315  296  272  246  221  194  171  148  134  125  122  122  124  126  126
  130  129  129  123  115  106   95   86   79   73   68   64   60   56   51   48
   46   44   42   43   46   58   79  106  140  168  193  214  236  254  277  301
  322  338  350  356  360  365  367  376  388                                   
    10.0-180.0 180.0   5.0 450.0                            LAT/LON1/LON2/DLON/H
  397  414  429  442  452  451  446  441  436  434  430  427  416  407  389  376
  360  343  319  293  261  230  199  170  146  131  123  123  125  129  132  134
  139  139  138  130  121  110   98   88   81   73   69   64   62   56   53   48
   48   44   41   42   46   58   80  109  144  174  201  227  250  271  300  327
  351  369  382  387  390  394  400  405  397                                   
     7.5-180.0 180.0   5.0 450.0                            LAT/LON1/LON2/DLON/H
  410  425  437  447  452  451  443  440  435  435  434  435  429  421  407  393
  379  362  340  309  274  238  201  170  144  129  123  124  129  133  138  139
