data/unet/pred0090.15i
     1.0            IONOSPHERE MAPS     GNSS                IONEX VERSION / TYPE
pyspatialgeodesy        IME             05-JAN-18 20:20     PGM / RUN BY / DATE 
Map Name                                                    COMMENT             
Predicted global ionosphere maps (GIM).                     DESCRIPTION         
  2015     1     9     0     0     0                        EPOCH OF FIRST MAP  
  2015     1    10     0     0     0                        EPOCH OF LAST MAP   
  7200                                                      INTERVAL            
    13                                                      # OF MAPS IN FILE   
  NONE                                                      MAPPING FUNCTION    
10.0                                                        ELEVATION CUTOFF    
One-way carrier phase leveled to code                       OBSERVABLES USED    
  6371.0                                                    BASE RADIUS         
 2                                                          MAP DIMENSION       
   450.0 450.0   0.0                                        HGT1 / HGT2 / DHGT  
    87.5 -87.5  -2.5                                        LAT1 / LAT2 / DLAT  
  -180.0 180.0   5.0                                        LON1 / LON2 / DLON  
    -1                                                      EXPONENT            
                                                            END OF HEADER       
[from data line 3003]
     8                                                      START OF TEC MAP    
  2015     1     9    14     0     0                        EPOCH OF CURRENT MAP
    87.5-180.0 180.0   5.0 450.0                            LAT/LON1/LON2/DLON/H
   87   94  102  104  103  104  104  106  107  108  107  108  106  107  104  105
  102  101   99   98   97   96   94   93   93   92   91   91   90   90   89   89
   87   88   86   87   85   87   85   87   84   88   86   88   86   88   86   89
   87   90   88   91   89   92   90   93   91   93   90   92   90   91   89   90
   89   90   89   90   91   93  101   95   87                                   
    85.0-180.0 180.0   5.0 450.0                            LAT/LON1/LON2/DLON/H
   84   90   83   83   84   81   86   83   89   86   90   87   91   87   89   86
   88   85   86   83   83   80   80   77   78   75   76   73   74   72   72   70
   71   69   69   67   68   67   67   65   66   65   67   65   68   66   70   68
   74   72   79   76   83   80   86   83   88   85   87   85   86   85   84   84
   84   83   83   82   85   86   82   85   84                                   
    82.5-180.0 180.0   5.0 450.0                            LAT/LON1/LON2/DLON/H
   79   68   62   69   67   69   71   74   77   77   80   79   83   82   85   84
   86   84   85   82   81   79   77   74   73   70   69   67   66   64   62   61
   59   58   56   56   53   54   52   53   50   52   50   52   50   52   52   55
   58   61   65   69   72   77   78   82   82   86   83   86   82   84   79   82
   76   78   71   74   67   68   60   62   79                                   
    80.0-180.0 180.0   5.0 450.0                            LAT/LON1/LON2/DLON/H
   62   53   49   52   52   53   56   59   63   65   68   71   73   77   77   82
   80   83   81   82   79   79   76   75   72   70   67   67   63   63   59   60
   56   56   53   53   51   51   50   50   48   48   48   47   48   48   51   52
   57   59   64   68   71   76   76   82   80   85   81   84   79   81   76   77
   71   72   66   65   59   53   46   51   62                                   
    77.5-180.0 180.0   5.0 450.0                            LAT/LON1/LON2/DLON/H
   45   36   37   40   39   41   43   47   51   55   60   64   68   71   74   75
   77   78   78   79   79   79   77   77   73   72   69   68   65   63   60   59
   56   55   53   51   51   49   48   46   45   44   44   44   43   44   46   50
   52   57   60   67   67   74   73   78   76   79   77   79   75   75   72   70
   66   63   60   56   51   42   34   39   45                                   
    75.0-180.0 180.0   5.0 450.0                            LAT/LON1/LON2/DLON/H
   42   30   31   32   33   34   37   40   45   49   55   59   65   68   73   74
   77   77   79   79   82   81   83   81   82   79   78   74   72   69   67   65
   64   62   61   59   58   56   54   52   49   49   48   47   47   47   49   49
   54   56   63   63   69   70   74   73   75   74   75   74   74   71   70   66
   65   60   59   53   48   39   36   38   42                                   
    72.5-180.0 180.0   5.0 450.0                            LAT/LON1/LON2/DLON/H
   45   34   34   32   34   33   36   40   43   49   54   61   67   71   75   78
   80   80   83   85   89   91   94   95   96   96   96   93   90   88   86   84
   83   81   80   79   77   75   71   68   64   63   60   58   55   54   54   53
   55   58   61   64   67   69   71   72   71   73   72   74   73   73   71   70
   66   64   61   55   51   41   39   41   45                                   
    70.0-180.0 180.0   5.0 450.0                            LAT/LON1/LON2/DLON/H
   54   42   45   42   45   42   45   45   47   50   55   59   67   68   76   76
   81   81   85   90   95  101  107  110  114  114  115  114  112  110  108  108
  105  104  103  103  101   99   94   90   84   80   76   72   70   67   65   60
   60   59   62   64   67   69   70   71   72   73   75   76   77   77   77   75
   74   71   68   62   59   50   50   54   54                                   
    67.5-180.0 180.0   5.0 450.0                            LAT/LON1/LON2/DLON/H
   62   55   57   55   56   52   52   52   52   54   58   64   71   73   78   78
   80   82   87   94  104  113  123  129  135  138  139  139  138  137  137  137
  136  136  134  133  130  126  120  115  108  103   95   91   84   82   74   71
   64   64   61   63   63   66   66   69   69   73   73   78   77   81   79   82
   79   80   76   72   66   59   60   62   62                                   
    65.0-180.0 180.0   5.0 450.0                            LAT/LON1/LON2/DLON/H
   69   63   68   67   69   66   66   62   61   59   62   64   71   70   76   72
   77   77   86   97  110  122  134  141  150  154  157  158  158  160  160  163
  164  167  165  162  157  152  145  139  130  123  113  105   96   88   81   72
   67   61   58   56   57   55   58   60   64   67   72   74   77   78   81   81
   82   80   80   74   72   63   65   71   69                                   
    62.5-180.0 180.0   5.0 450.0                            LAT/LON1/LON2/DLON/H
   69   69   71   73   74   72   71   68   64   64   66   69   74   74   74   71
   70   73   82   96  112  127  142  155  165  171  176  177  179  179  184  186
  190  193  192  189  182  175  165  158  148  141  128  119  104   95   82   75
   65   61   54   53   50   48   47   52   54   60   62   67   69   72   73   75
   74   75   73   71   68   63   66   66   69                                   
    60.0-180.0 180.0   5.0 450.0                            LAT/LON1/LON2/DLON/H
   65   63   69   72   78   76   78   70   69   64   66   66   71   67   68   60
   63   64   77   93  112  129  147  158  171  177  185  188  193  195  202  206
  212  214  214  211  203  195  184  174  164  153  142  129  114   98   85   72
   62   52   47   42   41   37   40   41   47   51   57   60   64   64   66   66
   69   66   68   63   62   53   57   60   65                                   
    57.5-180.0 180.0   5.0 450.0                            LAT/LON1/LON2/DLON/H
   56   57   61   67   73   75   75   71   67   65   64   67   69   68   63   59
   58   63   74   92  113  134  149  167  177  190  196  203  208  213  221  227
  231  236  233  230  220  209  198  186  174  162  152  138  122  104   90   74
   63   51   47   40   38   35   36   37   42   47   52   54   57   56   58   57
   59   59   59   57   54   49   47   48   56                                   
    55.0-180.0 180.0   5.0 450.0                            LAT/LON1/LON2/DLON/H
   48   47   53   60   68   70   72   66   63   58   57   58   60   56   56   50
   54   58   74   94  118  137  157  168  182  191  205  211  223  229  240  245
  253  256  253  248  237  226  212  198  186  174  163  147  132  113   95   79
   65   52   45   38   36   33   36   35   41   46   51   52   54   51   52   51
   53   53   55   52   47   41   43   40   48                                   
    52.5-180.0 180.0   5.0 450.0                            LAT/LON1/LON2/DLON/H
   43   43   46   56   62   66   66   63   57   56   52   56   54   55   51   52
   55   61   80  101  125  147  160  176  185  202  213  231  238  247  257  265
  270  274  269  266  254  240  225  209  195  182  173  155  143  122  107   88
   78   62   55   45   43   40   40   41   44   48   52   52   53   50   50   50
   51   53   54   54   49   43   41   40   43                                   
    50.0-180.0 180.0   5.0 450.0                            LAT/LON1/LON2/DLON/H
   44   41   46   54   59   61   61   56   50   47   45   46   46   44   47   47
   56   64   87  108  134  152  170  180  194  204  226  238  254  260  273  277
  286  287  282  280  270  258  241  226  210  195  183  167  155  136  119  103
   93   79   69   56   52   48   48   50   52   56   58   58   58   53   55   54
   58   58   63   61   59   51   52   46   44                                   
    47.5-180.0 180.0   5.0 450.0                            LAT/LON1/LON2/DLON/H
   52   49   48   57   58   61   57   55   47   45   39   42   43   44   46   52
   62   75  100  123  147  165  177  190  198  217  233  253  259  271  280  288
  293  296  293  292  284  270  256  238  223  207  193  178  164  146  132  119
  110   97   87   74   65   60   58   60   60   65   63   64   62   60   60   64
   65   70   72   75   74   67   64   62   52                                   
    45.0-180.0 180.0   5.0 450.0                            LAT/LON1/LON2/DLON/H
   66   59   58   61   60   60   58   54   50   43   44   37   44   38   48   52
   67   81  110  132  157  172  188  198  211  224  245  253  267  274  284  287
  294  298  296  301  292  283  266  254  237  221  203  188  173  157  144  133
  126  115  103   90   78   71   66   67   68   72   71   69   70   67   71   73
   79   81   88   88   89   84   83   78   66                                   
    42.5-180.0 180.0   5.0 450.0                            LAT/LON1/LON2/DLON/H
   80   74   68   70   66   64   61   58   55   53   46   46   45   46   51   61
   77   97  125  151  171  189  200  213  220  236  248  259  264  272  278  282
  289  294  299  305  301  291  280  265  250  230  213  195  179  163  154  145
  137  126  114  100   87   78   72   70   71   74   72   72   71   72   75   81
   84   90   93   97  100   96   94   93   80                                   
    40.0-180.0 180.0   5.0 450.0                            LAT/LON1/LON2/DLON/H
   91   84   78   76   76   69   68   63   63   57   58   53   55   49   60   65
   85  104  135  157  182  199  214  224  237  244  259  257  266  266  275  275
  285  293  301  311  309  303  293  281  265  243  222  203  189  172  161  152
  145  133  120  104   91   80   74   71   72   74   74   73   73   74   79   84
   92   95  103  100  104  100  102   96   91                                   
    37.5-180.0 180.0   5.0 450.0                            LAT/LON1/LON2/DLON/H
   98   90   83   83   77   73   69   67   65   65   64   63   61   61   67   82
   97  123  147  174  193  215  227  243  248  261  262  264  264  267  272  278
  289  302  314  327  327  325  315  302  284  261  240  216  201  182  170  158
  148  135  119  106   91   82   74   71   73   74   73   73   73   74   78   83
   87   92   95   97   99  101   97   94   98                                   
    35.0-180.0 180.0   5.0 450.0                            LAT/LON1/LON2/DLON/H
  100   90   86   83   82   75   74   68   71   67   72   64   69   64   80   88
  109  129  157  178  205  224  243  256  268  271  274  267  271  272  283  289
  308  324  342  354  356  353  342  329  308  286  259  240  217  198  182  167
  156  140  127  109   97   86   80   75   77   75   74   73   74   76   82   85
   89   88   93   89   92   88   91   85  100                                   
    32.5-180.0 180.0   5.0 450.0                            LAT/LON1/LON2/DLON/H
   96   86   83   82   78   74   71   68   70   72   72   71   73   76   89  106
  124  148  167  192  215  240  255  274  281  285  281  280  280  289  301  322
  343  369  385  397  397  394  382  366  341  315  290  265  245  221  200  181
  169  152  138  122  107   97   91   88   90   88   85   84   85   86   88   90
   89   88   86   83   80   79   76   74   96                                   
    30.0-180.0 180.0   5.0 450.0                            LAT/LON1/LON2/DLON/H
   94   81   78   79   81   74   75   68   73   66   75   69   80   79  101  114
  138  154  177  198  227  247  271  283  296  295  295  294  303  313  340  362
  400  424  442  446  444  435  421  402  373  350  319  299  274  256  230  211
  194  179  165  150  136  123  114  112  108  104   98  100  103  109  112  110
  105  100   97   90   84   75   69   68   94                                   
    27.5-180.0 180.0   5.0 450.0                            LAT/LON1/LON2/DLON/H
   87   79   75   78   78   73   76   68   72   67   71   71   79   85  108  128
  151  172  190  214  237  262  279  298  305  307  309  319  333  359  387  425
  459  486  501  502  501  488  476  456  429  400  374  342  316  286  263  239
  224  208  203  190  180  167  159  152  151  145  145  148  156  161  164  164
  155  143  125  114  103   88   71   67   87                                   
    25.0-180.0 180.0   5.0 450.0                            LAT/LON1/LON2/DLON/H
   94   84   75   80   78   76   77   68   72   62   66   64   76   83  112  130
  162  179  204  220  248  266  290  301  315  321  335  350  377  406  451  487
  536  555  572  564  562  542  523  498  471  441  409  385  354  327  292  276
  252  246  233  231  216  211  194  190  178  175  170  167  175  187  195  191
  183  172  158  147  132  109   96   75   94                                   
    22.5-180.0 180.0   5.0 450.0                            LAT/LON1/LON2/DLON/H
   98   98   89   86   84   69   74   52   67   55   66   62   71   83  112  139
  172  198  219  239  261  281  297  311  323  335  359  386  419  451  506  557
  608  627  641  630  626  599  579  549  525  497  467  437  410  370  346  309
  295  274  274  269  268  261  250  235  220  203  198  194  209  220  236  232
  225  207  190  175  155  139  130   98   98                                   
    20.0-180.0 180.0   5.0 450.0                            LAT/LON1/LON2/DLON/H
  122  118  103  101   93   89   78   70   66   54   55   52   64   77  113  140
  184  208  239  252  278  288  307  316  338  355  387  416  461  496  569  616
  676  685  694  676  669  642  619  589  564  533  506  476  452  420  391  371
  351  341  330  334  323  323  300  291  270  253  238  226  238  245  255  256
  253  243  228  214  186  158  152  128  122                                   
    17.5-180.0 180.0   5.0 450.0                            LAT/LON1/LON2/DLON/H
  139  133  120  115  105   94   84   63   62   38   51   41   59   74  113  148
  199  229  260  279  300  311  324  333  355  378  411  445  492  543  608  664
  711  718  719  699  693  669  652  624  605  569  546  516  498  463  449  417
  409  392  395  389  386  374  359  332  317  287  278  265  276  276  278  274
  268  263  252  240  221  195  170  147  139                                   
    15.0-180.0 180.0   5.0 450.0                            LAT/LON1/LON2/DLON/H
  153  141  123  120  107  105   89   83   72   61   57   50   59   75  116  154
  215  244  281  296  319  324  341  346  375  398  440  473  532  572  637  668
  706  703  708  693  693  673  661  639  619  585  560  530  514  493  475  463
  444  442  429  434  418  409  383  358  335  312  301  294  299  296  291  283
  275  276  268  255  241  213  190  167  153                                   
    12.5-180.0 180.0   5.0 450.0                            LAT/LON1/LON2/DLON/H
  160  147  135  125  108   99   92   81   74   64   63   50   64   80  122  169
  230  266  299  322  342  348  359  370  397  426  467  510  555  599  635  662
  680  683  685  680  684  673  667  649  635  604  579  551  534  514  508  486
  481  463  458  444  434  409  387  357  342  317  312  300  308  301  299  289
  283  280  273  261  239  222  194  165  160                                   
    10.0-180.0 180.0   5.0 450.0                            LAT/LON1/LON2/DLON/H
  152  143  130  122  102   97   87   87   83   77   73   70   76   97  140  189
  248  282  321  340  363  364  380  389  424  447  500  533  576  599  626  634
  650  646  657  654  666  659  659  649  636  610  582  555  537  524  514  506
  484  475  450  439  412  391  366  347  332  314  304  301  300  301  290  285
  273  272  266  250  237  211  192  163  152                                   
     7.5-180.0 180.0   5.0 450.0                            LAT/LON1/LON2/DLON/H
  146  145  128  117   98   87   84   81   85   83   82   76   85  112  157  213
  267  302  334  358  377  383  397  414  441  480  524  562  587  606  615  622
