data/unet/pred2050.15i
     1.0            IONOSPHERE MAPS     GNSS                IONEX VERSION / TYPE
pyspatialgeodesy        IME             05-JAN-18 20:20     PGM / RUN BY / DATE 
Map Name                                                    COMMENT             
Predicted global ionosphere maps (GIM).                     DESCRIPTION         
  2015     7    24     0     0     0                        EPOCH OF FIRST MAP  
  2015     7    25     0     0     0                        EPOCH OF LAST MAP   
  7200                                                      INTERVAL            
    13                                                      # OF MAPS IN FILE   
  NONE                                                      MAPPING FUNCTION    
10.0                                                        ELEVATION CUTOFF    
One-way carrier phase leveled to code                       OBSERVABLES USED    
  6371.0                                                    BASE RADIUS         
 2                                                          MAP DIMENSION       
   450.0 450.0   0.0                                        HGT1 / HGT2 / DHGT  
    87.5 -87.5  -2.5                                        LAT1 / LAT2 / DLAT  
  -180.0 180.0   5.0                                        LON1 / LON2 / DLON  
    -1                                                      EXPONENT            
                                                            END OF HEADER       
[from data line 3003]
     8                                                      START OF TEC MAP    
  2015     7    24    14     0     0                        EPOCH OF CURRENT MAP
    87.5-180.0 180.0   5.0 450.0                            LAT/LON1/LON2/DLON/H
  119  135  142  142  140  140  139  139  139  139  139  138  138  138  138  137
  137  136  136  136  136  135  135  135  135  134  134  134  133  133  132  131
  130  130  129  129  128  128  127  127  126  127  126  127  127  127  127  127
  127  128  128  129  129  130  129  130  130  131  130  131  131  131  131  132
  132  133  134  135  133  134  141  129  119                                   
    85.0-180.0 180.0   5.0 450.0                            LAT/LON1/LON2/DLON/H
  120  131  127  125  127  127  129  128  130  128  129  128  129  127  128  126
  128  126  127  125  127  125  127  125  127  125  126  124  126  123  124  121
  123  120  122  119  122  119  121  118  121  118  121  119  122  119  121  119
  121  119  120  119  120  119  119  118  119  117  119  117  120  118  120  118
  121  120  123  120  123  122  126  131  120                                   
    82.5-180.0 180.0   5.0 450.0                            LAT/LON1/LON2/DLON/H
  121  120  124  123  125  121  123  122  124  121  123  121  122  120  122  120
  122  119  122  119  122  120  122  121  123  121  123  122  122  120  121  120
  119  118  118  118  118  117  118  117  118  117  118  118  119  118  119  119
  119  119  118  119  118  118  116  117  115  115  114  115  114  114  114  114
  114  115  116  114  114  115  117  116  121                                   
    80.0-180.0 180.0   5.0 450.0                            LAT/LON1/LON2/DLON/H
  112  116  114  120  119  118  119  119  119  118  118  118  118  117  118  118
  118  118  118  118  119  119  120  120  120  121  120  121  119  120  117  119
  116  117  115  117  115  116  115  117  116  116  116  118  117  118  117  118
  117  118  117  117  116  115  114  113  112  111  110  109  108  107  108  107
  107  108  109  107  106  107  104  109  112                                   
    77.5-180.0 180.0   5.0 450.0                            LAT/LON1/LON2/DLON/H
  101  104  105  107  109  110  110  111  111  110  110  110  110  108  109  108
  110  109  112  112  114  113  116  116  118  116  119  118  119  117  118  116
  116  114  116  115  116  114  116  115  117  115  118  117  119  117  119  118
  119  117  118  116  117  113  114  111  111  106  108  104  105  101  103  100
  102  100  102  100   98   97   97   98  101                                   
    75.0-180.0 180.0   5.0 450.0                            LAT/LON1/LON2/DLON/H
   95   95   96  100  104  104  107  106  108  106  108  105  105  103  104  103
  104  104  107  108  110  111  114  114  116  116  117  117  117  117  116  116
  114  114  114  114  114  114  115  114  115  115  116  116  118  116  118  117
  118  116  118  116  116  113  113  110  109  106  105  102  101   98   98   96
   96   94   96   93   94   94   92   95   95                                   
    72.5-180.0 180.0   5.0 450.0                            LAT/LON1/LON2/DLON/H
   89   89   91   92   95   98   98  100  101  100  100   98   98   95   96   95
   97   97  100  102  106  107  111  112  116  115  119  118  119  117  117  115
  115  114  114  114  114  114  115  115  115  115  116  117  117  117  117  118
  117  118  116  117  115  115  112  111  108  106  104  101   99   96   96   93
   93   91   92   90   88   87   89   89   89                                   
    70.0-180.0 180.0   5.0 450.0                            LAT/LON1/LON2/DLON/H
   87   84   85   87   93   93   98   98  100   98   99   97   97   94   94   93
   94   94   98  100  105  106  111  112  116  116  118  118  118  117  117  116
  115  115  114  116  116  117  117  119  118  119  119  119  120  119  120  120
  121  120  121  120  121  119  119  116  115  111  109  107  104  102   99   97
   95   93   93   89   89   86   87   89   87                                   
    67.5-180.0 180.0   5.0 450.0                            LAT/LON1/LON2/DLON/H
   85   81   82   81   85   88   91   93   95   95   97   96   96   92   93   91
   92   92   95   98  101  104  108  111  114  114  117  115  117  114  115  114
  114  113  114  116  116  117  118  119  119  119  120  120  119  120  119  121
  120  121  121  122  121  120  120  118  116  114  113  110  108  104  103   99
   97   95   94   92   88   84   86   86   85                                   
    65.0-180.0 180.0   5.0 450.0                            LAT/LON1/LON2/DLON/H
   86   80   79   79   85   85   90   91   95   95   98   97   99   96   96   94
   94   93   96   97  101  102  108  109  112  112  113  112  112  111  112  112
  113  113  115  117  117  120  121  123  123  124  123  123  122  121  121  121
  122  122  124  123  125  124  126  123  125  121  121  118  117  113  110  106
  103  100   98   94   91   87   85   90   86                                   
    62.5-180.0 180.0   5.0 450.0                            LAT/LON1/LON2/DLON/H
   84   78   78   76   80   80   85   87   90   92   96   98  100   98   99   97
   97   95   96   97  100  101  104  105  108  106  109  107  109  106  110  108
  112  112  115  117  118  120  122  124  125  125  124  123  121  120  119  120
  119  122  122  124  125  126  127  127  127  126  126  123  122  117  114  109
  106  102   98   94   90   84   86   87   84                                   
    60.0-180.0 180.0   5.0 450.0                            LAT/LON1/LON2/DLON/H
   86   78   74   76   80   80   84   85   89   90   96   98  103  102  104  101
  102   98   99   98  101  100  104  103  106  103  104  103  105  105  109  110
  114  115  119  121  123  126  128  131  131  131  127  125  123  120  119  119
  120  121  124  126  129  129  133  132  135  132  134  130  130  123  120  113
  110  104  101   96   91   86   85   88   86                                   
    57.5-180.0 180.0   5.0 450.0                            LAT/LON1/LON2/DLON/H
   85   77   75   75   77   76   80   81   84   85   91   96  101  102  104  104
  105  102  101  100  100   99  101  101  103  100  102  100  104  104  110  111
  116  118  122  125  127  130  133  135  136  135  133  130  127  124  122  122
  121  124  126  129  130  132  135  135  137  137  137  136  132  128  122  115
  110  104  100   94   89   81   84   83   85                                   
    55.0-180.0 180.0   5.0 450.0                            LAT/LON1/LON2/DLON/H
   87   77   72   76   79   78   80   80   83   84   89   93  100  102  106  105
  107  104  104  101  102  100  102  101  103  100  102  102  106  108  113  117
  122  125  130  133  136  139  140  144  142  142  138  135  132  128  126  124
  124  126  129  131  134  136  139  139  141  141  142  139  137  131  125  117
  110  105   99   94   87   84   82   85   87                                   
    52.5-180.0 180.0   5.0 450.0                            LAT/LON1/LON2/DLON/H
   89   78   76   77   80   78   80   79   81   81   85   89   95   98  103  105
  107  105  105  103  104  101  103  102  105  103  106  106  111  113  120  124
  129  132  137  140  143  145  147  150  150  149  148  144  142  136  136  132
  131  132  133  135  137  139  141  141  142  142  142  140  135  130  123  116
  108  102   97   90   86   78   82   80   89                                   
    50.0-180.0 180.0   5.0 450.0                            LAT/LON1/LON2/DLON/H
   92   79   76   81   85   83   84   83   84   82   85   88   93   96  101  103
  107  106  107  106  107  105  107  107  109  109  112  113  118  121  127  133
  139  143  148  151  154  156  158  161  160  159  157  153  151  146  144  141
  140  139  139  140  143  143  146  145  146  144  145  140  138  130  125  116
  110  103   97   92   86   84   83   83   92                                   
    47.5-180.0 180.0   5.0 450.0                            LAT/LON1/LON2/DLON/H
   97   83   83   84   87   86   88   86   86   84   85   87   91   94   99  102
  106  107  109  109  111  109  112  112  117  116  120  122  126  129  135  141
  147  152  157  162  164  167  168  171  170  170  168  165  164  158  159  154
  153  150  150  148  150  150  151  149  148  146  144  141  135  130  124  117
  111  105  100   94   89   82   86   83   97                                   
    45.0-180.0 180.0   5.0 450.0                            LAT/LON1/LON2/DLON/H
  101   85   82   88   93   92   93   91   92   88   89   89   93   95  100  102
  108  109  112  113  116  116  119  121  125  127  130  132  135  138  143  149
  157  162  168  174  177  180  182  184  184  182  181  176  176  170  168  164
  161  159  157  155  154  155  155  152  151  147  146  141  138  131  127  120
  116  111  106  100   94   91   90   90  101                                   
    42.5-180.0 180.0   5.0 450.0                            LAT/LON1/LON2/DLON/H
  104   89   86   88   92   94   96   95   97   95   94   95   97   99  102  105
  110  113  117  120  124  123  127  128  134  134  139  140  143  143  149  156
  163  171  179  187  191  196  196  199  197  196  194  192  190  184  182  176
  173  168  166  162  162  159  159  156  152  149  145  142  137  133  129  125
  121  118  114  107  101   94   98   94  104                                   
    40.0-180.0 180.0   5.0 450.0                            LAT/LON1/LON2/DLON/H
  109   90   83   88   92   93   98   97  101  100  103  102  107  105  110  109
  117  118  124  126  131  131  135  135  140  143  147  148  150  151  157  163
  174  184  194  203  209  213  215  216  216  214  211  209  207  199  196  188
  183  178  173  169  167  164  162  158  155  150  148  143  141  136  135  131
  131  127  124  116  112  105  102  101  109                                   
    37.5-180.0 180.0   5.0 450.0                            LAT/LON1/LON2/DLON/H
  110   93   85   84   86   88   93   96  101  103  108  111  116  116  119  120
  125  128  134  136  140  139  142  141  146  148  153  153  156  157  162  171
  182  197  208  221  227  233  235  239  236  235  231  229  224  217  213  203
  197  189  184  178  174  170  168  163  158  154  150  146  143  141  139  138
  137  135  132  126  120  111  112  107  110                                   
    35.0-180.0 180.0   5.0 450.0                            LAT/LON1/LON2/DLON/H
  114   93   79   79   79   80   87   88   97  100  109  113  122  123  129  127
  135  137  143  144  148  146  148  146  151  153  158  159  162  164  170  180
  194  209  224  238  248  253  258  260  260  258  251  248  241  234  227  216
  210  200  192  185  180  176  172  167  161  156  151  148  145  144  144  143
  143  141  139  132  128  119  115  114  114                                   
    32.5-180.0 180.0   5.0 450.0                            LAT/LON1/LON2/DLON/H
  113   96   80   74   71   72   77   82   90   96  107  116  127  132  138  140
  146  149  154  155  157  154  154  150  154  155  161  164  167  171  177  191
  204  224  242  261  271  277  281  283  285  281  278  272  265  254  244  229
  221  209  203  194  190  183  179  171  163  157  152  148  145  144  145  145
  144  142  139  134  129  121  123  116  113                                   
    30.0-180.0 180.0   5.0 450.0                            LAT/LON1/LON2/DLON/H
  120   99   80   75   70   66   71   72   82   88  100  110  124  132  140  141
  153  155  161  162  164  160  158  154  157  158  164  168  174  179  189  201
  219  239  263  281  293  298  303  304  307  305  300  295  285  274  259  245
  233  221  212  202  197  190  183  175  166  158  152  148  144  145  144  144
  143  141  139  133  131  124  121  122  120                                   
    27.5-180.0 180.0   5.0 450.0                            LAT/LON1/LON2/DLON/H
  123  106   89   80   71   66   68   69   76   83   95  110  125  133  144  148
  160  163  170  172  172  167  163  157  158  159  166  173  180  189  198  215
  231  257  278  297  307  311  315  318  323  320  320  311  304  289  276  260
  248  234  224  215  208  199  191  179  167  156  148  144  140  140  139  138
  136  133  132  129  126  123  127  123  123                                   
    25.0-180.0 180.0   5.0 450.0                            LAT/LON1/LON2/DLON/H
  132  112   94   91   80   74   70   69   71   75   85   97  114  124  136  144
  156  161  171  173  175  171  166  160  161  162  170  179  190  198  212  227
  250  273  293  308  316  321  322  326  330  330  328  322  312  302  286  274
  260  249  237  225  216  205  196  180  167  152  141  134  131  131  129  129
  125  126  123  123  121  122  122  129  132                                   
    22.5-180.0 180.0   5.0 450.0                            LAT/LON1/LON2/DLON/H
  136  120  105  100   89   81   77   72   73   75   84  100  116  127  139  147
  161  165  177  178  181  174  169  162  162  164  173  184  196  209  222  241
  262  282  301  312  320  321  326  329  335  335  334  329  321  309  298  285
  274  264  251  239  226  213  202  182  166  146  133  125  120  120  116  116
  113  112  112  111  112  115  123  125  136                                   
    20.0-180.0 180.0   5.0 450.0                            LAT/LON1/LON2/DLON/H
  141  122  109  111  100   95   87   80   79   76   83   91  108  118  135  142
  157  163  173  176  176  173  170  163  165  167  179  190  207  219  238  253
  274  290  303  312  315  318  322  327  333  332  332  329  323  315  304  296
  286  277  262  250  234  219  203  183  164  143  127  117  112  109  105  104
  101  102  101  104  104  111  115  123  141                                   
    17.5-180.0 180.0   5.0 450.0                            LAT/LON1/LON2/DLON/H
  137  123  114  113  106  102   95   88   83   81   84   96  109  124  136  147
  158  165  176  176  181  175  173  167  168  172  185  199  214  232  247  263
  279  289  303  306  312  313  321  327  333  332  331  329  326  319  312  306
  296  290  273  259  241  224  208  183  164  140  125  113  107  103   99   97
   95   95   96   96   97  101  108  114  137                                   
    15.0-180.0 180.0   5.0 450.0                            LAT/LON1/LON2/DLON/H
  130  114  106  112  106  107  101   95   90   86   89   95  109  118  136  142
  158  161  172  173  175  176  174  172  175  179  195  210  230  247  264  275
  286  294  301  304  310  312  319  325  328  327  328  324  325  318  313  308
  300  294  276  263  240  223  203  182  161  141  123  113  106  102   96   94
   91   91   90   92   89   97   99  106  130                                   
    12.5-180.0 180.0   5.0 450.0                            LAT/LON1/LON2/DLON/H
  118  105   99  101   99  101   98   95   89   88   88   97  107  123  135  148
  157  165  173  173  180  177  181  178  185  191  206  226  242  259  274  280
  291  292  302  302  312  314  321  326  329  327  326  322  322  316  312  308
  299  294  275  260  238  219  202  177  160  137  124  112  106  101   98   95
   94   92   91   87   86   87   89   93  118                                   
    10.0-180.0 180.0   5.0 450.0                            LAT/LON1/LON2/DLON/H
  105   91   86   91   87   91   91   91   89   89   91   96  108  118  136  143
  160  162  173  174  179  182  186  192  199  208  226  240  260  273  286  290
  300  301  307  309  315  319  321  324  323  319  316  313  314  310  307  303
  296  289  267  254  228  212  191  174  155  140  123  116  110  107  102  101
   97   94   90   87   82   86   82   84  105                                   
     7.5-180.0 180.0   5.0 450.0                            LAT/LON1/LON2/DLON/H
   95   84   78   78   75   77   78   80   79   83   83   94  104  120  133  148
  158  168  174  178  183  188  196  203  214  226  241  258  271  284  298  300
