data/unet/pred3630.15i
     1.0            IONOSPHERE MAPS     GNSS                IONEX VERSION / TYPE
pyspatialgeodesy        IME             05-JAN-18 20:20     PGM / RUN BY / DATE 
Map Name                                                    COMMENT             
Predicted global ionosphere maps (GIM).                     DESCRIPTION         
  2015    12    29     0     0     0                        EPOCH OF FIRST MAP  
  2015    12    30     0     0     0                        EPOCH OF LAST MAP   
  7200                                                      INTERVAL            
    13                                                      # OF MAPS IN FILE   
  NONE                                                      MAPPING FUNCTION    
10.0                                                        ELEVATION CUTOFF    
One-way carrier phase leveled to code                       OBSERVABLES USED    
  6371.0                                                    BASE RADIUS         
 2                                                          MAP DIMENSION       
   450.0 450.0   0.0                                        HGT1 / HGT2 / DHGT  
    87.5 -87.5  -2.5                                        LAT1 / LAT2 / DLAT  
  -180.0 180.0   5.0                                        LON1 / LON2 / DLON  
    -1                                                      EXPONENT            
                                                            END OF HEADER       
[from data line 5148]
    13                                                      START OF TEC MAP    
  2015    12    30     0     0     0                        EPOCH OF CURRENT MAP
    87.5-180.0 180.0   5.0 450.0                            LAT/LON1/LON2/DLON/H
  102   80   75   70   73   68   72   69   73   69   72   69   71   68   71   68
   70   67   69   66   68   65   67   64   66   62   65   61   64   60   63   60
   63   60   63   61   64   62   65   63   66   64   67   65   68   65   68   66
   69   66   69   66   69   66   69   66   69   66   69   65   68   64   68   63
   67   63   67   64   72   70   79   82  102                                   
    85.0-180.0 180.0   5.0 450.0                            LAT/LON1/LON2/DLON/H
   88   57   59   58   60   53   59   55   60   55   60   54   59   54   58   53
   57   51   55   49   52   46   50   44   46   40   44   38   41   36   40   36
   40   36   41   38   44   41   47   44   50   47   53   50   55   52   57   53
   57   53   57   52   57   51   56   50   54   49   53   47   51   46   50   45
   50   45   50   45   54   45   52   79   88                                   
    82.5-180.0 180.0   5.0 450.0                            LAT/LON1/LON2/DLON/H
   80   56   58   62   60   58   60   60   61   60   61   60   61   59   60   58
   59   56   57   54   53   50   49   46   44   40   39   37   36   34   34   34
   35   35   37   38   41   42   46   48   51   52   55   56   59   59   61   61
   62   60   61   59   59   57   57   54   54   50   51   47   48   45   46   43
   45   43   46   45   50   46   51   76   80                                   
    80.0-180.0 180.0   5.0 450.0                            LAT/LON1/LON2/DLON/H
   81   61   63   67   65   65   67   68   68   69   69   69   68   68   67   67
   66   65   63   62   59   57   54   51   47   44   41   39   37   35   35   35
   36   37   39   41   45   47   51   54   57   60   63   65   67   68   69   70
   70   70   69   67   65   63   61   58   56   53   51   49   47   45   45   44
   44   44   46   48   51   50   54   78   81                                   
    77.5-180.0 180.0   5.0 450.0                            LAT/LON1/LON2/DLON/H
   83   62   65   69   69   69   71   71   72   72   72   72   71   70   69   68
   67   65   64   62   60   57   54   51   47   44   41   38   36   35   34   35
   35   37   39   42   45   49   53   56   59   62   65   68   70   72   72   73
   72   71   70   68   65   62   59   55   52   48   45   42   40   38   37   36
   36   37   40   43   49   48   54   76   83                                   
    75.0-180.0 180.0   5.0 450.0                            LAT/LON1/LON2/DLON/H
   81   65   67   72   71   72   73   74   74   74   72   72   69   68   66   65
   63   62   61   59   57   55   52   49   46   43   41   39   37   36   37   37
   38   40   43   46   49   52   56   59   62   64   67   69   71   72   73   73
   71   70   68   65   62   58   54   49   45   41   37   35   32   31   30   30
   31   34   38   44   49   50   56   79   81                                   
    72.5-180.0 180.0   5.0 450.0                            LAT/LON1/LON2/DLON/H
   90   73   77   80   78   78   78   78   77   75   72   70   66   63   59   57
   54   53   52   51   49   48   47   46   43   41   39   39   37   38   38   40
   41   43   45   48   50   53   55   58   59   61   63   65   65   66   65   65
   63   62   59   56   52   48   44   40   36   32   29   27   25   24   26   27
   30   33   39   45   53   56   62   83   90                                   
    70.0-180.0 180.0   5.0 450.0                            LAT/LON1/LON2/DLON/H
   94   84   89   91   89   87   87   85   84   79   75   69   65   59   55   49
   47   43   44   42   43   41   43   40   42   39   40   38   39   39   41   41
   43   44   47   48   50   50   53   53   54   54   56   55   56   55   56   53
   52   49   48   45   43   39   36   32   30   27   26   24   24   24   27   29
   34   38   46   53   62   65   73   92   94                                   
    67.5-180.0 180.0   5.0 450.0                            LAT/LON1/LON2/DLON/H
  109  100  106  107  102  100   98   96   92   87   80   73   65   57   50   43
   39   36   37   36   38   38   41   40   41   39   40   39   40   40   42   42
   43   43   44   44   45   44   45   45   45   44   46   45   45   43   44   41
   40   37   37   34   34   32   32   29   28   25   26   24   26   27   32   35
   42   48   57   64   73   78   84   98  109                                   
    65.0-180.0 180.0   5.0 450.0                            LAT/LON1/LON2/DLON/H
  116  114  119  120  115  113  110  107  102   96   89   79   71   60   51   42
   38   34   34   34   37   38   40   40   41   40   40   39   40   40   41   41
   41   40   40   39   38   37   37   36   36   35   37   36   35   34   34   31
   30   28   28   27   29   29   30   29   29   28   29   29   32   35   40   45
   52   59   68   76   84   88   97  108  116                                   
    62.5-180.0 180.0   5.0 450.0                            LAT/LON1/LON2/DLON/H
  128  126  131  131  125  122  119  116  111  105   97   88   78   67   56   47
   41   36   36   36   38   38   40   39   40   38   38   37   38   37   37   36
   36   33   33   31   30   29   29   28   29   28   30   29   29   27   27   24
   23   21   23   23   26   27   31   31   33   32   34   35   40   43   50   54
   62   68   78   85   93   98  104  113  128                                   
    60.0-180.0 180.0   5.0 450.0                            LAT/LON1/LON2/DLON/H
  129  132  136  137  131  128  125  122  118  112  105   97   87   75   64   54
   47   42   40   39   39   38   38   36   35   33   33   32   33   33   33   32
   31   28   27   25   25   23   24   23   25   25   27   26   27   25   23   20
   20   18   20   21   25   28   32   34   36   37   40   43   48   52   58   64
   71   78   86   93   99  103  111  118  129                                   
    57.5-180.0 180.0   5.0 450.0                            LAT/LON1/LON2/DLON/H
  137  137  141  141  135  133  129  126  122  118  111  104   94   85   73   64
   57   52   48   46   44   41   38   35   32   29   29   29   30   29   30   29
   28   26   25   24   24   24   25   25   27   28   29   30   30   28   26   23
   21   20   21   23   29   31   37   38   42   44   48   51   57   61   68   73
   81   86   95  100  106  110  114  121  137                                   
    55.0-180.0 180.0   5.0 450.0                            LAT/LON1/LON2/DLON/H
  137  141  147  148  141  139  135  131  127  123  116  110  102   93   83   74
   68   61   57   52   48   43   38   33   29   26   26   26   28   29   30   30
   29   28   28   27   29   29   31   32   34   35   37   37   37   36   33   30
   28   26   26   28   33   37   41   44   48   50   55   59   65   71   78   83
   90   96  104  109  113  116  121  126  137                                   
    52.5-180.0 180.0   5.0 450.0                            LAT/LON1/LON2/DLON/H
  150  152  156  158  153  150  144  140  134  129  121  115  107  100   91   85
   78   73   66   60   54   47   40   35   31   28   28   29   30   32   33   34
   33   33   34   36   37   39   41   43   44   45   46   47   47   46   44   41
   38   35   35   36   41   44   49   51   54   56   61   66   73   79   87   93
  100  105  113  118  123  126  129  134  150                                   
    50.0-180.0 180.0   5.0 450.0                            LAT/LON1/LON2/DLON/H
  158  163  170  173  168  165  158  151  143  135  126  119  112  105   98   92
   87   80   73   65   59   50   44   38   34   32   31   33   35   37   38   39
   39   40   42   45   48   50   52   54   55   56   57   58   58   58   56   54
   50   47   45   46   49   52   55   57   60   62   66   73   80   88   96  102
  109  115  123  129  133  134  138  141  158                                   
    47.5-180.0 180.0   5.0 450.0                            LAT/LON1/LON2/DLON/H
  175  179  187  191  188  186  176  168  156  146  133  126  117  112  104  100
   94   88   79   72   64   57   50   46   42   41   41   42   44   45   45   46
   46   48   51   55   58   61   63   64   65   66   66   68   68   69   68   66
   63   60   57   56   58   59   63   64   67   68   73   79   89   97  104  111
  118  124  133  139  143  145  145  148  175                                   
    45.0-180.0 180.0   5.0 450.0                            LAT/LON1/LON2/DLON/H
  184  192  204  208  207  205  195  183  169  156  142  132  123  116  109  104
   98   90   83   75   68   62   58   54   52   51   50   50   50   50   50   50
   51   53   57   61   65   68   70   72   73   74   75   76   78   78   78   76
   74   71   68   66   66   67   69   69   72   74   79   86   96  104  112  118
  124  131  139  146  152  153  155  155  184                                   
    42.5-180.0 180.0   5.0 450.0                            LAT/LON1/LON2/DLON/H
  197  202  214  220  222  220  210  198  182  168  153  142  131  124  116  110
  102   95   87   81   75   72   68   66   64   63   61   59   57   55   53   52
   53   56   60   64   68   72   74   76   77   78   80   81   83   84   85   84
   83   80   77   74   74   73   75   74   78   80   86   93  103  111  118  123
  128  135  143  150  156  158  157  158  197                                   
    40.0-180.0 180.0   5.0 450.0                            LAT/LON1/LON2/DLON/H
  199  207  218  224  226  225  215  204  189  175  161  149  139  131  123  115
  107   98   92   86   83   80   79   77   75   72   68   64   60   57   54   52
   53   56   60   65   69   73   75   77   80   82   85   85   88   88   89   89
   89   86   84   81   81   79   80   80   84   87   94  102  112  119  125  129
  132  137  144  151  156  157  157  157  199                                   
    37.5-180.0 180.0   5.0 450.0                            LAT/LON1/LON2/DLON/H
  200  204  213  219  221  220  212  203  189  178  166  157  148  141  131  124
  115  108  101   98   94   94   91   88   84   78   73   67   63   57   55   53
   54   57   61   65   70   73   76   79   82   85   88   89   91   91   91   91
   91   90   87   85   85   85   86   87   92   96  104  112  122  128  133  136
  138  142  146  152  157  157  155  155  200                                   
    35.0-180.0 180.0   5.0 450.0                            LAT/LON1/LON2/DLON/H
  196  201  209  211  209  208  201  192  181  173  166  160  154  148  140  131
  123  116  111  107  106  103  100   94   88   80   74   68   63   59   57   56
   58   60   65   68   73   76   79   81   86   90   94   94   95   93   93   91
   92   90   88   86   88   88   91   93   99  104  114  121  133  138  144  145
  147  148  153  156  159  160  160  158  196                                   
    32.5-180.0 180.0   5.0 450.0                            LAT/LON1/LON2/DLON/H
  206  204  207  206  201  197  188  181  172  168  165  163  160  156  149  142
  134  130  124  122  118  114  106   97   88   80   74   69   67   65   64   65
   67   70   74   77   80   83   85   88   92   97  100  100   99   96   94   91
   90   88   87   86   88   91   95   99  106  113  122  131  142  149  156  160
  162  164  166  168  171  172  171  170  206                                   
    30.0-180.0 180.0   5.0 450.0                            LAT/LON1/LON2/DLON/H
  226  223  223  215  205  197  184  175  167  163  163  163  164  161  156  149
  144  140  136  131  126  118  108   96   86   79   76   75   76   77   79   81
   84   87   91   92   95   95   96   97  101  105  108  106  105  100   97   93
   91   88   87   86   90   93  100  104  113  120  132  142  155  162  173  178
  185  186  189  190  193  192  195  196  226                                   
    27.5-180.0 180.0   5.0 450.0                            LAT/LON1/LON2/DLON/H
  268  261  259  246  231  218  202  188  175  170  167  168  168  167  162  158
  153  151  146  140  130  119  106   93   84   80   81   85   91   96  100  104
  106  110  111  113  113  111  110  109  110  112  113  111  107  102   98   94
   91   88   86   85   89   93  100  106  116  127  141  154  168  179  192  202
  211  217  218  220  225  227  230  238  268                                   
    25.0-180.0 180.0   5.0 450.0                            LAT/LON1/LON2/DLON/H
  319  322  319  302  283  266  244  222  201  188  180  177  176  172  168  164
  160  156  150  140  128  114  100   89   84   85   92  100  111  119  124  127
  130  132  134  134  133  129  125  120  119  117  116  112  108  102   98   93
   90   86   84   83   87   91   97  104  117  129  146  162  180  194  212  226
  244  254  261  263  272  276  289  297  319                                   
    22.5-180.0 180.0   5.0 450.0                            LAT/LON1/LON2/DLON/H
  376  387  386  371  357  338  312  281  250  226  208  199  191  185  177  173
  167  163  151  140  123  108   95   89   89   96  108  121  133  142  145  147
  148  149  149  149  147  142  135  128  122  119  115  110  105   99   94   89
   86   81   80   79   84   87   94  102  116  132  151  170  189  208  231  253
  277  295  306  315  328  337  349  357  376                                   
    20.0-180.0 180.0   5.0 450.0                            LAT/LON1/LON2/DLON/H
  426  451  453  446  438  423  394  357  317  279  248  228  213  201  190  182
  175  165  151  134  117  102   95   93  101  113  129  143  155  160  162  160
  158  156  156  155  154  148  141  131  124  117  113  106  100   93   89   84
   82   77   76   75   78   82   89   98  113  132  154  176  197  221  248  277
  307  334  352  370  388  400  417  414  426                                   
    17.5-180.0 180.0   5.0 450.0                            LAT/LON1/LON2/DLON/H
  468  497  504  509  510  501  473  438  390  345  302  270  246  227  211  201
  188  176  156  137  118  107  103  109  121  138  154  166  173  175  169  163
  155  152  150  151  149  146  138  130  121  115  110  103   95   88   84   78
   77   73   71   69   71   75   83   95  112  135  159  185  210  237  266  297
  333  362  388  410  431  445  463  455  468                                   
    15.0-180.0 180.0   5.0 450.0                            LAT/LON1/LON2/DLON/H
  503  539  548  560  572  571  546  509  458  410  359  318  285  260  239  224
  208  189  165  143  126  118  121  132  150  166  180  187  187  181  171  158
  149  143  140  142  143  141  136  128  120  113  108   99   92   82   79   74
   74   70   68   64   65   69   75   89  112  137  164  193  222  251  279  313
  348  380  406  431  454  472  493  486  503                                   
    12.5-180.0 180.0   5.0 450.0                            LAT/LON1/LON2/DLON/H
  520  551  561  583  604  612  594  560  509  460  407  364  327  298  274  256
  236  214  185  164  147  145  151  166  181  197  203  203  194  183  166  152
  139  134  130  135  134  137  131  127  119  115  108  100   90   82   76   73
   71   69   66   63   63   66   73   88  116  144  174  204  236  262  292  323
  354  381  409  434  458  478  497  494  520                                   
    10.0-180.0 180.0   5.0 450.0                            LAT/LON1/LON2/DLON/H
  520  548  557  580  610  626  617  588  543  496  447  406  368  340  316  297
  274  247  216  193  179  179  189  204  217  222  220  210  197  181  163  147
  136  128  127  132  137  138  134  129  124  118  112  101   93   82   78   74
   74   71   70   67   67   70   75   93  124  152  184  214  244  269  299  326
  354  379  403  427  451  469  491  491  520                                   
     7.5-180.0 180.0   5.0 450.0                            LAT/LON1/LON2/DLON/H
  505  522  529  551  581  600  602  581  546  506  465  430  398  376  355  339
  317  291  258  236  221  224  230  242  244  240  227  212  194  179  162  150
