data/unet/pred0910.15i
     1.0            IONOSPHERE MAPS     GNSS                IONEX VERSION / TYPE
pyspatialgeodesy        IME             05-JAN-18 20:20     PGM / RUN BY / DATE 
Map Name                                                    COMMENT             
Predicted global ionosphere maps (GIM).                     DESCRIPTION         
  2015     4     1     0     0     0                        EPOCH OF FIRST MAP  
  2015     4     2     0     0     0                        EPOCH OF LAST MAP   
  7200                                                      INTERVAL            
    13                                                      # OF MAPS IN FILE   
  NONE                                                      MAPPING FUNCTION    
10.0                                                        ELEVATION CUTOFF    
One-way carrier phase leveled to code                       OBSERVABLES USED    
  6371.0                                                    BASE RADIUS         
 2                                                          MAP DIMENSION       
   450.0 450.0   0.0                                        HGT1 / HGT2 / DHGT  
    87.5 -87.5  -2.5                                        LAT1 / LAT2 / DLAT  
  -180.0 180.0   5.0                                        LON1 / LON2 / DLON  
    -1                                                      EXPONENT            
                                                            END OF HEADER       
[from data line 2145]
     6                                                      START OF TEC MAP    
  2015     4     1    10     0     0                        EPOCH OF CURRENT MAP
    87.5-180.0 180.0   5.0 450.0                            LAT/LON1/LON2/DLON/H
  113  140  143  148  152  153  157  157  160  160  162  161  163  161  163  160
  163  160  162  159  161  157  158  154  156  150  152  147  150  144  146  141
  144  140  142  138  140  137  137  134  134  132  131  128  127  124  123  120
  119  115  115  111  112  109  109  108  108  109  107  109  108  110  110  113
  113  118  118  123  121  127  131  116  113                                   
    85.0-180.0 180.0   5.0 450.0                            LAT/LON1/LON2/DLON/H
  132  130  142  154  155  160  163  165  166  167  168  168  168  167  167  166
  166  165  165  164  165  163  164  161  163  161  162  160  163  162  163  162
  164  163  163  162  162  160  157  156  152  152  146  145  139  138  131  130
  124  122  117  113  109  105  101   99   97   96   91   93   92   94   92   95
   96  100  101  106  109  113  130  123  132                                   
    82.5-180.0 180.0   5.0 450.0                            LAT/LON1/LON2/DLON/H
  124  135  144  151  156  159  165  167  169  169  171  168  169  166  165  161
  161  157  157  155  155  154  154  154  155  155  157  158  161  162  165  166
  172  171  175  173  177  173  175  171  171  167  164  161  156  152  146  142
  136  133  126  123  116  112  105  101   96   92   87   87   85   84   83   85
   86   88   91   93   99  103  117  123  124                                   
    80.0-180.0 180.0   5.0 450.0                            LAT/LON1/LON2/DLON/H
  136  139  142  150  153  161  164  168  168  170  167  167  161  161  153  153
  146  145  140  140  137  138  137  139  139  144  146  151  156  160  165  169
  175  179  184  187  191  190  191  189  190  185  184  179  175  169  162  158
  150  147  139  138  129  128  119  118  110  108  100  100   93   93   88   90
   86   90   86   92   93  100  109  119  136                                   
    77.5-180.0 180.0   5.0 450.0                            LAT/LON1/LON2/DLON/H
  137  141  142  149  154  164  168  171  172  172  171  168  163  157  150  144
  137  132  128  125  124  121  122  121  125  127  132  137  146  154  161  169
  177  186  193  201  205  210  213  215  216  215  214  212  207  205  197  196
  186  184  176  174  166  165  157  157  148  147  138  135  128  123  117  115
  110  108  104  105  104  107  111  118  137                                   
    75.0-180.0 180.0   5.0 450.0                            LAT/LON1/LON2/DLON/H
  139  137  138  149  152  164  168  171  171  169  167  162  154  148  136  133
  123  121  114  113  110  111  109  112  112  118  121  131  139  152  159  173
  181  196  202  215  219  229  230  238  236  240  238  240  238  238  235  232
  227  224  220  217  213  209  205  203  199  195  187  183  174  169  158  153
  143  138  128  127  119  120  116  118  139                                   
    72.5-180.0 180.0   5.0 450.0                            LAT/LON1/LON2/DLON/H
  140  134  132  140  145  155  160  163  163  162  159  154  146  137  127  121
  114  111  107  106  104  104  104  104  106  112  117  126  136  147  157  169
  182  197  206  220  226  239  245  250  252  257  259  262  263  266  266  267
  263  263  259  258  252  252  247  249  244  245  235  233  224  219  207  200
  185  176  161  152  141  131  123  126  140                                   
    70.0-180.0 180.0   5.0 450.0                            LAT/LON1/LON2/DLON/H
  141  127  123  132  137  146  152  156  158  156  155  147  142  132  124  118
  114  110  108  108  109  110  111  111  115  117  124  133  140  152  163  177
  191  205  215  230  236  251  253  264  264  275  275  286  286  295  294  298
  296  297  294  292  289  285  283  280  281  277  273  268  261  255  243  234
  218  206  190  178  161  147  132  127  141                                   
    67.5-180.0 180.0   5.0 450.0                            LAT/LON1/LON2/DLON/H
  139  122  115  118  122  132  140  145  148  147  144  138  132  126  120  116
  113  113  112  115  115  119  118  121  121  127  129  140  143  156  166  181
  194  209  218  232  238  251  257  264  271  278  286  294  301  308  314  316
  317  317  315  315  309  306  299  299  293  294  286  286  277  274  262  254
  240  226  208  192  174  155  135  128  139                                   
    65.0-180.0 180.0   5.0 450.0                            LAT/LON1/LON2/DLON/H
  136  112  101  105  107  115  123  132  136  138  138  135  131  127  123  120
  121  120  123  125  129  130  133  133  137  137  142  149  155  166  176  191
  204  218  226  239  242  256  255  269  270  286  291  306  310  322  323  329
  326  328  326  322  318  312  309  305  302  298  293  289  282  279  268  262
  247  238  218  206  183  162  140  128  136                                   
    62.5-180.0 180.0   5.0 450.0                            LAT/LON1/LON2/DLON/H
  135  107   93   92   91   98  105  115  119  124  126  126  124  124  121  123
  122  127  127  132  131  136  135  137  138  141  145  153  159  171  180  194
  206  220  227  239  242  252  255  264  271  282  294  305  316  324  328  329
  329  327  325  321  315  310  304  301  295  291  284  279  274  271  263  257
  246  234  219  204  186  162  142  127  135                                   
    60.0-180.0 180.0   5.0 450.0                            LAT/LON1/LON2/DLON/H
  135  104   87   82   78   82   87   95  100  108  112  116  117  119  118  121
  123  126  128  131  132  133  135  136  138  142  145  156  162  175  184  202
  213  230  236  251  251  261  260  271  273  289  297  315  322  337  336  342
  336  336  330  324  319  311  307  301  297  289  283  276  271  266  259  253
  243  236  220  212  192  172  149  134  135                                   
    57.5-180.0 180.0   5.0 450.0                            LAT/LON1/LON2/DLON/H
  145  114   93   84   72   72   74   79   84   93   99  106  108  112  112  117
  116  121  119  122  118  121  118  121  123  129  136  146  156  169  183  200
  215  233  244  257  260  268  268  275  281  292  306  320  334  343  348  347
  345  339  334  327  320  312  307  301  296  289  284  276  272  266  261  253
  246  235  224  212  200  180  164  143  145                                   
    55.0-180.0 180.0   5.0 450.0                            LAT/LON1/LON2/DLON/H
  160  133  111   92   77   70   67   68   73   80   88   94   99  102  105  107
  108  111  108  110  104  107  103  110  112  123  129  145  152  172  183  207
  219  246  255  274  277  284  283  289  292  306  315  333  344  358  361  365
  358  356  349  343  337  329  324  318  314  307  301  294  288  283  277  269
  261  254  240  235  219  201  182  165  160                                   
    52.5-180.0 180.0   5.0 450.0                            LAT/LON1/LON2/DLON/H
  183  159  135  116   92   79   70   65   64   69   75   83   87   92   94   97
   98   99   96   95   89   89   87   94   99  111  121  137  149  167  184  206
  223  249  265  286  290  301  302  307  310  320  332  346  360  370  377  376
  373  367  365  360  355  350  345  339  335  327  323  315  312  305  300  289
  282  268  260  247  236  218  206  183  183                                   
    50.0-180.0 180.0   5.0 450.0                            LAT/LON1/LON2/DLON/H
  200  183  162  140  121   99   84   72   68   67   73   77   83   83   88   88
   92   91   90   88   83   84   84   93  100  115  125  143  154  176  189  216
  230  259  276  301  309  320  324  331  333  342  351  366  378  391  395  397
  392  391  388  386  383  379  374  371  367  362  355  350  344  337  330  317
  305  293  279  270  256  239  220  207  200                                   
    47.5-180.0 180.0   5.0 450.0                            LAT/LON1/LON2/DLON/H
  221  203  187  169  148  126  106   88   78   73   73   75   78   78   80   83
   86   87   87   84   80   81   84   94  103  121  133  149  160  179  194  218
  236  263  284  309  323  338  345  353  358  363  374  384  399  405  414  411
  412  407  410  405  405  398  394  388  383  377  369  367  361  355  346  331
  318  300  285  272  261  245  237  221  221                                   
    45.0-180.0 180.0   5.0 450.0                            LAT/LON1/LON2/DLON/H
  229  210  200  188  175  157  138  115  101   90   86   82   82   81   83   86
   92   92   96   94   92   95   98  110  121  138  148  162  171  189  202  225
  240  269  290  318  335  356  365  375  380  387  396  407  416  427  431  434
  431  431  432  432  425  419  408  404  395  391  383  381  376  368  358  343
  326  308  287  276  259  245  231  227  229                                   
    42.5-180.0 180.0   5.0 450.0                            LAT/LON1/LON2/DLON/H
  228  209  203  200  187  178  159  143  126  112  105   99   95   91   90   93
   98  102  105  107  105  109  113  125  136  152  160  175  180  199  211  232
  248  274  296  326  346  371  384  398  406  413  422  427  439  443  453  451
  454  451  454  448  440  428  414  405  395  389  379  376  371  364  353  337
  318  297  275  256  239  222  217  214  228                                   
    40.0-180.0 180.0   5.0 450.0                            LAT/LON1/LON2/DLON/H
  210  196  194  199  195  191  177  167  151  139  128  118  110  103  101  103
  112  113  121  124  126  128  134  145  155  168  176  187  194  209  223  239
  255  280  302  334  355  386  403  421  428  438  444  454  458  471  474  482
  479  483  479  476  461  448  428  416  399  388  378  370  366  357  347  330
  311  288  264  241  214  198  188  196  210                                   
    37.5-180.0 180.0   5.0 450.0                            LAT/LON1/LON2/DLON/H
  191  178  181  192  188  192  180  179  165  160  148  137  129  120  116  118
  122  129  132  138  138  141  146  154  164  175  180  195  202  220  233  249
  262  286  309  345  370  404  426  449  459  469  475  481  490  499  510  515
  519  518  513  506  489  471  448  430  410  395  382  374  365  359  345  330
  307  279  254  219  192  170  165  164  191                                   
    35.0-180.0 180.0   5.0 450.0                            LAT/LON1/LON2/DLON/H
  176  169  169  181  180  186  179  178  172  166  161  150  144  134  130  127
  134  136  146  146  149  151  153  161  166  178  182  197  210  229  243  259
  272  296  320  356  384  424  449  478  488  505  512  525  531  550  559  573
  571  576  566  560  539  521  495  472  452  429  411  403  390  382  365  353
  327  307  271  239  198  172  158  168  176                                   
    32.5-180.0 180.0   5.0 450.0                            LAT/LON1/LON2/DLON/H
  176  161  163  172  173  178  175  172  169  166  165  157  154  144  143  139
  141  147  148  155  152  156  158  161  168  173  181  199  214  240  257  277
  288  314  339  377  408  444  474  501  519  534  549  563  581  599  619  636
  646  646  641  629  613  599  581  565  544  518  488  472  452  442  414  398
  365  340  303  269  226  192  169  160  176                                   
    30.0-180.0 180.0   5.0 450.0                            LAT/LON1/LON2/DLON/H
  184  174  167  177  175  179  174  167  166  159  162  155  157  149  150  144
  149  146  153  153  156  156  157  161  163  170  175  196  220  251  272  292
  312  338  361  399  431  472  496  533  550  576  588  616  632  666  684  702
  709  718  718  719  714  714  696  674  647  619  594  578  558  534  499  476
  442  418  375  341  296  252  222  205  184                                   
    27.5-180.0 180.0   5.0 450.0                            LAT/LON1/LON2/DLON/H
  217  210  196  188  186  181  177  170  168  162  163  155  159  151  156  149
  155  151  154  158  156  161  160  159  165  166  178  197  227  265  292  315
  340  362  388  417  456  490  523  550  577  603  624  657  689  713  739  757
  783  801  822  831  841  841  833  811  787  756  723  697  665  633  602  580
  546  523  470  429  375  330  288  253  217                                   
    25.0-180.0 180.0   5.0 450.0                            LAT/LON1/LON2/DLON/H
  271  277  251  230  216  206  192  183  175  163  164  153  161  154  159  153
  157  152  156  155  158  163  163  165  164  171  179  201  234  273  303  332
  359  383  412  447  482  522  553  584  610  642  666  704  731  764  791  823
  843  869  884  906  916  926  921  910  885  866  839  812  775  743  703  675
  642  626  585  549  498  436  374  333  271                                   
    22.5-180.0 180.0   5.0 450.0                            LAT/LON1/LON2/DLON/H
  343  339  310  290  265  249  227  211  197  181  177  165  163  160  162  159
  162  158  161  162  162  167  167  170  169  173  185  206  246  278  315  341
  379  405  438  480  520  551  580  600  633  662  695  735  762  797  827  859
  887  911  937  960  979  991  995  983  964  940  915  892  861  820  774  734
  709  693  673  643  591  522  471  420  343                                   
    20.0-180.0 180.0   5.0 450.0                            LAT/LON1/LON2/DLON/H
  419  398  353  326  314  301  287  265  243  216  198  181  177  167  169  166
  167  164  165  165  168  170  167  164  166  174  194  218  260  288  324  354
  391  427  470  523  555  585  606  631  659  690  721  756  783  818  847  883
  910  936  963  979  998 1006 1011  998  985  957  937  913  885  854  807  769
  741  728  712  699  663  611  542  501  419                                   
    17.5-180.0 180.0   5.0 450.0                            LAT/LON1/LON2/DLON/H
  482  465  405  370  343  336  316  309  292  264  237  213  197  182  178  172
  171  166  161  165  166  167  167  158  170  170  192  211  259  287  329  363
  405  447  503  549  582  604  628  649  678  708  741  770  795  830  859  890
  918  938  960  971  986  989  994  980  967  941  926  904  886  848  804  765
  738  725  718  703  683  649  598  559  482                                   
    15.0-180.0 180.0   5.0 450.0                            LAT/LON1/LON2/DLON/H
  515  507  449  404  372  356  332  330  312  290  272  242  222  196  185  178
  178  175  162  167  167  157  159  159  171  177  206  227  272  300  339  375
  417  470  522  568  594  623  648  668  698  725  751  777  796  828  857  885
  903  920  930  934  938  935  933  922  905  887  874  860  840  805  760  724
  698  689  685  681  666  649  620  589  515                                   
    12.5-180.0 180.0   5.0 450.0                            LAT/LON1/LON2/DLON/H
  544  539  490  447  404  387  361  348  325  306  283  259  241  218  205  192
  190  181  169  167  163  148  146  141  157  175  204  237  284  316  353  392
  438  483  535  566  600  625  656  681  713  742  765  786  803  831  855  876
  887  894  894  887  882  874  871  863  848  838  823  817  796  763  724  688
  657  644  636  633  635  627  617  606  544                                   
    10.0-180.0 180.0   5.0 450.0                            LAT/LON1/LON2/DLON/H
  556  559  515  472  441  415  389  366  338  315  289  268  253  227  213  204
  200  194  183  174  161  150  143  143  166  183  221  252  302  330  367  410
  451  499  538  572  602  630  661  686  723  751  773  791  808  831  850  864
  872  871  865  847  833  817  810  802  792  791  785  783  765  736  693  659
  620  603  586  592  594  607  596  601  556                                   
     7.5-180.0 180.0   5.0 450.0                            LAT/LON1/LON2/DLON/H
  566  567  534  501  463  432  398  379  348  322  290  272  256  238  221  218
  212  202  185  172  157  141  131  138  155  189  237  283  318  348  387  424
