data/unet/pred3250.15i
     1.0            IONOSPHERE MAPS     GNSS                IONEX VERSION / TYPE
pyspatialgeodesy        IME             05-JAN-18 20:20     PGM / RUN BY / DATE 
Map Name                                                    COMMENT             
Predicted global ionosphere maps (GIM).                     DESCRIPTION         
  2015    11    21     0     0     0                        EPOCH OF FIRST MAP  
  2015    11    22     0     0     0                        EPOCH OF LAST MAP   
  7200                                                      INTERVAL            
    13                                                      # OF MAPS IN FILE   
  NONE                                                      MAPPING FUNCTION    
10.0                                                        ELEVATION CUTOFF    
One-way carrier phase leveled to code                       OBSERVABLES USED    
  6371.0                                                    BASE RADIUS         
 2                                                          MAP DIMENSION       
   450.0 450.0   0.0                                        HGT1 / HGT2 / DHGT  
    87.5 -87.5  -2.5                                        LAT1 / LAT2 / DLAT  
  -180.0 180.0   5.0                                        LON1 / LON2 / DLON  
    -1                                                      EXPONENT            
                                                            END OF HEADER       
[from data line 4719]
    12                                                      START OF TEC MAP    
  2015    11    21    22     0     0                        EPOCH OF CURRENT MAP
    87.5-180.0 180.0   5.0 450.0                            LAT/LON1/LON2/DLON/H
  152   97   75   78   78   78   79   80   81   82   83   83   83   84   84   83
   83   83   82   81   80   79   78   77   76   75   74   73   72   71   70   68
   68   67   66   65   65   64   64   64   64   65   65   66   67   68   69   71
   72   73   74   75   75   76   77   77   77   77   77   77   76   77   75   75
   74   75   73   74   74   74   77  122  152                                   
    85.0-180.0 180.0   5.0 450.0                            LAT/LON1/LON2/DLON/H
   80   64   63   66   68   69   71   73   75   77   78   79   80   81   81   80
   80   79   78   76   75   73   72   69   68   66   64   62   60   59   58   56
   55   54   53   52   52   52   52   52   53   53   55   56   58   59   62   62
   65   65   67   67   69   69   70   69   70   69   69   67   67   64   64   61
   62   59   60   57   60   58   61   92   80                                   
    82.5-180.0 180.0   5.0 450.0                            LAT/LON1/LON2/DLON/H
   64   59   59   62   64   65   70   72   77   79   83   85   88   89   90   89
   90   87   86   83   82   77   76   70   70   64   65   59   61   55   58   52
   55   50   54   50   53   50   53   51   55   53   57   57   61   62   65   67
   70   72   73   75   76   77   77   78   76   75   73   71   69   66   65   61
   60   57   57   54   55   50   54   76   64                                   
    80.0-180.0 180.0   5.0 450.0                            LAT/LON1/LON2/DLON/H
   62   57   54   58   60   64   69   75   81   87   92   97   99  102  102  103
  101   99   95   92   87   84   78   75   70   67   63   61   58   57   55   54
   53   51   51   50   49   49   48   49   49   51   52   55   57   60   62   66
   70   72   75   76   79   79   80   79   78   76   73   71   67   65   61   58
   54   52   49   47   46   46   45   66   62                                   
    77.5-180.0 180.0   5.0 450.0                            LAT/LON1/LON2/DLON/H
   58   55   52   54   57   61   69   75   84   89   99  103  109  110  113  110
  109  104  101   94   90   82   78   72   69   64   63   59   58   56   56   54
   54   53   52   51   50   49   47   47   46   47   46   49   50   54   55   60
   62   67   68   72   72   75   74   75   73   71   69   65   62   57   55   50
   47   44   43   40   42   40   41   63   58                                   
    75.0-180.0 180.0   5.0 450.0                            LAT/LON1/LON2/DLON/H
   64   60   57   63   66   72   78   86   94  103  110  117  121  123  123  121
  117  110  104   97   90   84   77   74   68   67   63   64   61   63   60   62
   59   60   58   57   53   53   49   48   45   46   44   46   47   50   52   56
   59   62   64   66   68   69   69   68   67   65   62   59   55   52   47   45
   41   41   39   40   40   44   47   68   64                                   
    72.5-180.0 180.0   5.0 450.0                            LAT/LON1/LON2/DLON/H
   78   76   73   77   78   84   90   97  106  114  122  127  131  131  130  126
  121  112  105   97   90   81   77   71   69   65   65   64   65   65   67   66
   66   64   63   61   57   55   50   49   45   44   41   43   42   45   45   49
   51   54   55   57   58   60   60   60   59   57   55   51   48   44   42   39
   39   38   41   42   48   52   57   78   78                                   
    70.0-180.0 180.0   5.0 450.0                            LAT/LON1/LON2/DLON/H
   96   93   92   97   98  104  108  117  124  132  137  143  145  145  141  135
  126  115  106   98   90   83   77   73   68   67   65   66   66   69   68   70
   68   68   64   62   56   53   47   45   41   39   37   38   38   40   40   42
   43   45   45   47   47   49   48   50   49   49   46   44   41   40   37   37
   37   40   44   49   55   63   71   90   96                                   
    67.5-180.0 180.0   5.0 450.0                            LAT/LON1/LON2/DLON/H
  116  116  113  117  119  123  129  134  143  148  154  157  158  155  149  140
  129  117  108   98   91   83   78   72   68   65   64   63   65   66   68   68
   67   65   62   58   52   48   42   39   35   35   33   35   34   37   35   38
   36   37   35   36   35   37   36   38   39   39   38   37   36   35   34   35
   37   41   47   55   64   74   84  104  116                                   
    65.0-180.0 180.0   5.0 450.0                            LAT/LON1/LON2/DLON/H
  135  133  132  136  139  141  146  152  159  166  171  173  172  167  160  149
  138  123  113  103   95   87   79   73   66   61   58   58   58   61   61   63
   59   58   51   48   41   37   31   30   28   29   29   31   32   34   33   33
   31   29   27   26   24   25   25   28   29   31   31   31   31   30   30   32
   36   41   50   59   71   83   95  117  135                                   
    62.5-180.0 180.0   5.0 450.0                            LAT/LON1/LON2/DLON/H
  147  146  144  149  152  153  160  165  174  179  184  185  182  176  166  156
  144  130  119  109  100   90   82   71   64   57   54   51   52   52   54   53
   52   46   42   37   31   26   23   22   22   25   26   30   31   33   31   31
   26   25   19   18   15   16   15   19   21   24   25   27   27   28   29   31
   35   42   51   62   75   90  101  127  147                                   
    60.0-180.0 180.0   5.0 450.0                            LAT/LON1/LON2/DLON/H
  154  150  152  156  161  162  170  175  184  188  193  194  191  185  177  166
  156  142  130  119  108   97   85   72   61   52   46   45   44   47   46   48
   42   39   31   28   21   19   16   19   20   25   27   33   34   35   33   31
   26   22   16   13   11   11   11   14   17   21   22   25   26   27   29   32
   38   45   55   65   78   93  106  131  154                                   
    57.5-180.0 180.0   5.0 450.0                            LAT/LON1/LON2/DLON/H
  157  154  156  162  167  170  177  182  190  196  199  200  196  190  182  174
  164  153  142  131  117  103   89   73   62   50   45   42   44   45   48   46
   43   36   31   25   20   18   18   20   23   28   32   36   39   39   37   34
   28   25   18   16   11   12   11   15   18   23   24   27   28   30   33   37
   43   50   59   70   84   97  106  133  157                                   
    55.0-180.0 180.0   5.0 450.0                            LAT/LON1/LON2/DLON/H
  162  159  165  172  178  180  188  193  200  204  206  205  202  197  191  185
  176  166  155  143  126  110   93   77   63   52   47   45   47   50   51   52
   46   41   32   28   24   24   23   28   31   38   41   46   46   48   43   41
   35   31   24   22   18   18   18   22   24   28   29   31   32   35   39   45
   53   61   71   80   91  103  113  138  162                                   
    52.5-180.0 180.0   5.0 450.0                            LAT/LON1/LON2/DLON/H
  172  171  177  188  194  198  204  209  213  214  212  209  203  199  195  191
  185  176  165  151  134  116   99   83   71   60   56   54   58   60   64   61
   58   49   44   38   36   35   37   39   44   48   52   54   55   54   51   48
   44   40   35   33   29   30   29   33   35   37   37   37   39   41   47   54
   64   74   84   96  107  116  122  147  172                                   
    50.0-180.0 180.0   5.0 450.0                            LAT/LON1/LON2/DLON/H
  184  185  198  208  215  220  224  227  228  225  219  214  207  203  200  198
  192  184  170  156  139  122  105   91   80   71   68   66   71   74   74   75
   68   63   53   51   47   49   49   53   55   59   62   65   64   65   60   60
   55   54   49   49   45   46   45   48   49   49   47   47   46   50   55   65
   77   89  102  114  124  132  139  161  184                                   
    47.5-180.0 180.0   5.0 450.0                            LAT/LON1/LON2/DLON/H
  201  207  219  234  241  246  249  250  245  237  226  218  210  205  202  200
  196  186  173  158  143  128  113  102   92   85   82   81   84   85   86   82
   79   70   67   62   63   61   64   65   68   69   72   72   74   72   71   69
   68   67   66   65   64   63   63   64   64   62   59   56   56   58   65   75
   90  104  120  134  146  153  158  179  201                                   
    45.0-180.0 180.0   5.0 450.0                            LAT/LON1/LON2/DLON/H
  218  227  245  259  266  271  271  270  261  251  235  226  216  212  208  207
  200  191  176  163  149  136  124  115  107   99   96   92   94   92   90   89
   82   78   72   72   71   73   74   75   75   76   78   79   80   80   79   80
   79   80   80   81   80   80   79   79   77   74   68   64   62   65   72   84
   99  117  134  151  164  171  178  197  218                                   
    42.5-180.0 180.0   5.0 450.0                            LAT/LON1/LON2/DLON/H
  232  245  260  276  284  288  287  285  275  262  245  233  223  217  214  209
  203  192  180  169  157  147  136  127  119  110  106   97   95   89   87   83
   80   75   76   73   78   78   81   80   82   81   84   84   87   87   87   87
   89   90   92   92   92   90   90   88   86   81   75   69   67   69   78   90
  107  125  145  163  177  185  191  212  232                                   
    40.0-180.0 180.0   5.0 450.0                            LAT/LON1/LON2/DLON/H
  240  254  271  285  290  295  294  294  285  274  256  244  232  228  222  218
  209  201  189  181  173  163  152  141  130  118  108   96   90   84   79   78
   75   74   74   77   80   83   86   85   85   85   87   90   92   93   93   94
   96   98  100   99   99   97   95   93   90   86   78   73   70   74   82   95
  110  130  148  166  182  191  199  221  240                                   
    37.5-180.0 180.0   5.0 450.0                            LAT/LON1/LON2/DLON/H
  239  254  266  281  284  290  291  293  287  279  264  254  243  238  232  226
  217  209  201  195  189  179  165  149  135  118  107   91   83   74   72   69
   72   70   75   78   86   88   91   89   91   89   93   95   99   99  100   99
  101  102  104  103  103  100   98   95   93   87   81   76   75   78   88   98
  115  131  149  165  181  191  199  225  239                                   
    35.0-180.0 180.0   5.0 450.0                            LAT/LON1/LON2/DLON/H
  236  250  261  270  275  279  284  288  288  285  274  268  259  257  250  245
  234  229  221  219  209  197  176  158  137  119  104   90   82   78   77   80
   84   85   91   94  100  101  102   99   99   98  101  103  105  105  104  103
  103  103  104  103  102   99   98   95   92   87   81   79   79   84   94  106
  119  135  149  163  178  189  200  227  236                                   
    32.5-180.0 180.0   5.0 450.0                            LAT/LON1/LON2/DLON/H
  233  244  252  259  262  264  271  276  282  283  279  276  274  273  267  260
  250  244  240  237  229  208  185  159  140  119  108   97   95   96  105  110
  118  119  122  122  125  122  120  113  111  107  112  110  113  110  108  103
  102  101  101   99   99   96   94   92   89   85   81   81   84   91  103  115
  128  142  154  165  177  188  199  230  233                                   
    30.0-180.0 180.0   5.0 450.0                            LAT/LON1/LON2/DLON/H
  240  250  257  257  256  255  260  267  276  282  282  285  284  287  281  275
  264  261  256  255  242  220  188  164  143  131  125  124  130  140  152  161
  166  160  156  149  149  145  142  130  125  119  122  120  121  115  112  106
  103  100  101  100  100   99   98   96   94   90   87   87   92  102  115  129
  141  153  163  172  184  198  210  242  240                                   
    27.5-180.0 180.0   5.0 450.0                            LAT/LON1/LON2/DLON/H
  263  273  277  275  268  263  262  267  277  283  286  290  294  296  292  284
  276  269  268  262  250  222  194  171  158  154  160  170  186  202  215  224
  223  213  197  179  170  163  160  149  140  130  132  127  126  117  112  102
   98   93   93   91   93   95   97   96   95   92   91   94  101  112  128  145
  158  171  181  190  202  216  228  260  263                                   
    25.0-180.0 180.0   5.0 450.0                            LAT/LON1/LON2/DLON/H
  297  311  315  311  300  292  284  286  289  297  297  304  305  309  300  295
  283  277  273  267  252  228  202  189  187  195  212  235  255  276  286  295
  287  270  239  210  191  179  174  165  154  142  140  133  129  121  114  105
   99   94   91   91   93   97   98  100   98   97   97  102  111  123  141  160
  177  192  203  213  228  244  259  290  297                                   
    22.5-180.0 180.0   5.0 450.0                            LAT/LON1/LON2/DLON/H
  341  358  363  364  353  341  327  321  319  322  321  323  323  320  309  300
  288  278  274  264  255  233  221  219  231  255  283  312  331  355  362  365
  346  314  274  232  204  187  181  170  160  149  146  137  133  123  115  105
   99   93   90   90   93   97  100  100  100   99  102  108  120  134  153  173
  194  214  229  244  259  275  295  323  341                                   
    20.0-180.0 180.0   5.0 450.0                            LAT/LON1/LON2/DLON/H
  389  408  414  420  412  400  378  372  362  365  355  356  345  340  321  313
  295  286  275  272  261  253  253  268  295  328  358  385  401  411  409  400
  376  335  288  243  206  189  182  170  161  152  150  142  139  128  120  108
  103   96   96   96   98  101  101  101  100  101  105  116  128  144  165  188
  213  236  254  270  285  302  329  356  389                                   
    17.5-180.0 180.0   5.0 450.0                            LAT/LON1/LON2/DLON/H
  429  448  459  472  469  459  440  430  419  416  404  395  381  368  346  333
  315  303  293  287  285  288  303  331  364  400  421  439  440  430  423  408
  374  328  280  236  203  185  179  168  160  154  152  146  141  132  121  112
  106  102  100  101  101  104  104  103  103  102  107  118  132  149  171  198
  227  252  277  296  312  333  360  388  429                                   
    15.0-180.0 180.0   5.0 450.0                            LAT/LON1/LON2/DLON/H
  461  484  499  518  520  515  501  495  483  479  461  449  428  408  382  366
  344  333  320  317  320  334  363  398  433  458  465  459  446  423  407  381
  340  301  258  222  193  183  178  173  166  160  157  152  148  139  129  120
  114  111  109  109  109  110  110  110  108  107  110  120  132  152  175  206
  238  270  298  320  338  362  392  414  461                                   
    12.5-180.0 180.0   5.0 450.0                            LAT/LON1/LON2/DLON/H
  476  508  528  552  562  563  553  550  544  540  522  503  481  457  435  413
  398  380  370  364  374  394  428  466  495  499  490  462  432  396  355  327
  292  265  232  211  191  188  189  188  179  174  166  162  157  150  139  132
  125  122  119  119  118  118  118  116  114  112  113  122  133  155  180  213
  247  281  309  334  357  382  412  435  476                                   
    10.0-180.0 180.0   5.0 450.0                            LAT/LON1/LON2/DLON/H
  486  520  546  574  589  593  587  589  590  593  576  557  531  506  486  466
  453  434  424  419  433  454  491  524  536  516  482  431  372  323  281  261
  240  230  213  207  200  208  213  215  202  191  178  172  166  159  148  141
  135  132  129  126  123  121  120  116  115  111  116  126  140  162  190  223
  256  291  316  344  369  396  427  446  486                                   
     7.5-180.0 180.0   5.0 450.0                            LAT/LON1/LON2/DLON/H
  482  523  550  583  599  609  608  616  622  631  620  604  577  554  535  518
  507  489  479  474  491  516  547  564  557  517  455  378  308  262  224  216
