data/unet/pred1410.15i
     1.0            IONOSPHERE MAPS     GNSS                IONEX VERSION / TYPE
pyspatialgeodesy        IME             05-JAN-18 20:20     PGM / RUN BY / DATE 
Map Name                                                    COMMENT             
Predicted global ionosphere maps (GIM).                     DESCRIPTION         
  2015     5    21     0     0     0                        EPOCH OF FIRST MAP  
  2015     5    22     0     0     0                        EPOCH OF LAST MAP   
  7200                                                      INTERVAL            
    13                                                      # OF MAPS IN FILE   
  NONE                                                      MAPPING FUNCTION    
10.0                                                        ELEVATION CUTOFF    
One-way carrier phase leveled to code                       OBSERVABLES USED    
  6371.0                                                    BASE RADIUS         
 2                                                          MAP DIMENSION       
   450.0 450.0   0.0                                        HGT1 / HGT2 / DHGT  
    87.5 -87.5  -2.5                                        LAT1 / LAT2 / DLAT  
  -180.0 180.0   5.0                                        LON1 / LON2 / DLON  
    -1                                                      EXPONENT            
                                                            END OF HEADER       
     1                                                      START OF TEC MAP    
  2015     5    21     0     0     0                        EPOCH OF CURRENT MAP
    87.5-180.0 180.0   5.0 450.0                            LAT/LON1/LON2/DLON/H
  213  193  195  196  197  193  191  190  191  188  186  182  182  179  177  173
  174  171  169  165  165  161  160  156  157  153  152  149  150  147  146  143
  143  141  140  138  139  138  138  137  140  141  142  143  147  149  151  153
  158  159  162  162  166  166  168  166  170  169  171  169  173  171  173  172
  175  176  181  182  188  183  171  188  213                                   
    85.0-180.0 180.0   5.0 450.0                            LAT/LON1/LON2/DLON/H
  200  201  204  206  205  201  199  198  199  198  196  194  194  193  191  189
  189  186  184  180  179  175  173  169  168  164  162  158  158  154  152  149
  149  146  144  142  142  141  141  140  144  145  148  149  154  157  160  162
  167  169  172  173  177  177  179  179  182  182  183  183  186  186  187  186
  188  189  192  194  197  193  181  168  200                                   
    82.5-180.0 180.0   5.0 450.0                            LAT/LON1/LON2/DLON/H
  203  203  204  206  203  200  197  198  198  198  196  196  196  196  194  194
  193  191  188  186  183  179  174  170  167  163  158  156  153  150  147  144
  143  140  139  137  138  136  137  137  140  142  145  148  153  157  161  164
  170  173  176  178  181  182  184  184  186  186  187  188  189  189  190  190
  191  191  194  195  197  192  178  169  203                                   
    80.0-180.0 180.0   5.0 450.0                            LAT/LON1/LON2/DLON/H
  201  200  202  203  201  199  197  199  199  200  199  200  200  200  199  200
  199  197  194  192  189  184  179  175  171  166  162  159  156  152  148  146
  145  142  140  139  139  138  139  140  143  145  149  152  157  161  165  169
  174  177  180  182  185  186  187  188  188  189  189  190  190  190  190  190
  190  190  193  194  196  191  179  169  201                                   
    77.5-180.0 180.0   5.0 450.0                            LAT/LON1/LON2/DLON/H
  194  194  196  198  199  198  198  198  201  200  201  201  203  202  202  202
  201  200  197  195  191  186  181  176  172  167  163  160  157  154  150  148
  145  143  141  141  140  141  141  143  145  148  151  156  160  164  168  172
  176  180  183  185  187  188  189  189  189  189  189  189  188  187  187  186
  187  186  190  188  191  187  178  170  194                                   
    75.0-180.0 180.0   5.0 450.0                            LAT/LON1/LON2/DLON/H
  192  192  193  194  196  195  196  196  199  199  201  201  203  202  202  201
  200  198  196  192  189  183  179  173  170  165  161  158  155  153  150  148
  146  144  143  141  141  140  142  142  145  147  152  154  160  162  169  171
  177  178  183  184  187  187  189  187  188  186  186  184  184  182  182  181
  181  181  185  184  187  185  176  169  192                                   
    72.5-180.0 180.0   5.0 450.0                            LAT/LON1/LON2/DLON/H
  192  191  190  192  193  192  194  194  197  197  199  199  201  200  199  198
  196  193  191  187  183  178  173  168  164  160  157  155  153  151  150  148
  147  146  144  143  142  143  143  144  145  148  151  155  158  162  166  169
  173  176  179  181  184  185  186  185  184  182  181  179  178  176  176  175
  175  176  180  181  184  185  178  172  192                                   
    70.0-180.0 180.0   5.0 450.0                            LAT/LON1/LON2/DLON/H
  193  192  192  191  192  190  192  193  196  196  199  200  201  200  199  197
  195  192  188  184  179  174  168  163  159  155  152  151  150  150  150  149
  149  147  147  145  146  145  146  145  148  147  151  151  156  157  162  164
  169  171  175  177  180  180  182  180  180  177  177  174  173  170  171  169
  170  170  176  177  182  183  178  175  193                                   
    67.5-180.0 180.0   5.0 450.0                            LAT/LON1/LON2/DLON/H
  200  199  197  197  196  194  194  195  197  198  200  201  202  202  201  198
  194  190  185  180  174  169  163  158  153  150  147  147  147  148  149  150
  149  148  147  146  145  145  145  145  145  146  148  149  152  154  158  161
  165  167  172  175  178  179  180  179  178  176  176  173  172  169  169  168
  168  170  175  177  183  186  182  177  200                                   
    65.0-180.0 180.0   5.0 450.0                            LAT/LON1/LON2/DLON/H
  207  206  205  203  202  199  200  200  201  203  205  206  207  206  204  200
  195  190  184  179  172  167  161  156  151  148  147  146  148  149  151  152
  152  150  149  146  145  143  143  141  142  141  143  142  146  146  151  153
  158  161  166  169  174  175  178  177  179  177  179  176  176  172  173  170
  171  171  177  180  186  189  186  182  207                                   
    62.5-180.0 180.0   5.0 450.0                            LAT/LON1/LON2/DLON/H
  217  215  212  211  210  207  206  206  206  207  208  210  210  210  208  203
  198  192  186  180  173  169  162  159  153  152  149  150  150  153  154  155
  155  152  149  145  142  140  138  137  137  136  137  137  140  141  144  147
  152  156  162  166  172  174  179  180  183  182  185  184  183  180  180  177
  177  177  181  183  191  195  192  185  217                                   
    60.0-180.0 180.0   5.0 450.0                            LAT/LON1/LON2/DLON/H
  223  222  220  218  217  213  212  212  213  213  214  215  216  215  213  208
  203  197  191  185  180  175  170  166  161  159  157  157  158  159  162  161
  161  156  152  145  142  137  137  134  134  132  133  131  133  133  137  139
  146  150  158  162  171  174  181  183  189  189  193  192  193  189  189  185
  185  183  187  189  195  198  196  190  223                                   
    57.5-180.0 180.0   5.0 450.0                            LAT/LON1/LON2/DLON/H
  231  229  226  226  225  222  220  219  218  218  218  218  219  219  217  214
  210  205  200  196  191  187  182  180  175  174  170  170  170  172  173  172
  169  164  156  149  143  140  138  137  135  134  132  130  130  130  133  135
  143  149  157  164  173  179  186  190  197  199  204  204  204  200  198  193
  192  190  193  194  201  204  202  194  231                                   
    55.0-180.0 180.0   5.0 450.0                            LAT/LON1/LON2/DLON/H
  237  237  236  237  236  233  231  228  226  224  222  221  222  223  224  222
  220  216  213  208  205  202  200  197  194  190  188  185  186  185  186  183
  180  172  164  155  150  146  145  142  141  137  135  131  131  128  132  133
  142  148  159  165  178  183  194  198  208  210  217  215  217  211  209  202
  200  196  200  200  206  208  207  201  237                                   
    52.5-180.0 180.0   5.0 450.0                            LAT/LON1/LON2/DLON/H
  245  245  247  249  249  247  245  241  237  232  227  225  225  227  228  228
  229  227  225  222  219  219  217  216  213  211  206  203  201  200  199  195
  189  182  172  165  159  157  155  154  150  147  140  136  133  132  133  135
  144  150  162  171  184  194  204  212  221  225  230  229  228  222  219  212
  207  204  205  205  212  216  216  210  245                                   
    50.0-180.0 180.0   5.0 450.0                            LAT/LON1/LON2/DLON/H
  250  252  256  260  263  262  262  259  254  245  237  231  230  230  232  234
  238  238  238  236  236  235  235  235  234  230  226  219  216  212  210  204
  197  188  180  172  169  166  166  164  161  154  149  142  139  136  137  138
  147  153  165  174  191  200  216  222  237  242  249  247  246  238  235  224
  220  213  215  213  220  221  224  221  250                                   
    47.5-180.0 180.0   5.0 450.0                            LAT/LON1/LON2/DLON/H
  254  257  263  269  275  278  281  279  274  264  252  243  237  236  236  240
  243  246  248  249  250  252  253  254  254  250  243  234  226  221  215  210
  202  195  187  182  179  179  178  177  172  166  158  151  146  142  142  142
  151  157  169  181  198  212  227  240  255  263  269  268  263  256  249  239
  233  226  225  222  229  232  235  234  254                                   
    45.0-180.0 180.0   5.0 450.0                            LAT/LON1/LON2/DLON/H
  257  262  270  277  286  293  301  302  299  287  273  259  250  244  244  246
  250  254  258  260  263  265  268  269  269  265  257  245  234  224  219  211
  205  198  193  188  189  187  189  185  182  173  167  157  154  148  149  148
  155  161  173  185  205  221  241  256  274  284  293  291  288  277  273  260
  256  244  242  235  243  243  250  252  257                                   
    42.5-180.0 180.0   5.0 450.0                            LAT/LON1/LON2/DLON/H
  265  268  276  285  297  308  318  323  322  312  297  282  269  261  255  255
  258  262  266  270  274  276  279  279  279  274  265  252  238  227  219  213
  208  204  200  198  198  198  199  196  192  183  176  166  161  155  154  153
  159  165  177  191  212  231  253  271  291  301  312  313  310  303  296  284
  276  266  260  254  259  261  265  272  265                                   
    40.0-180.0 180.0   5.0 450.0                            LAT/LON1/LON2/DLON/H
  276  280  287  295  309  320  332  340  343  334  321  305  292  280  271  267
  268  271  276  281  286  288  290  289  287  281  272  257  243  229  222  215
  212  208  207  203  207  205  207  201  198  187  182  171  169  161  162  159
  165  168  180  192  215  234  260  280  304  317  332  336  337  332  326  313
  305  290  288  277  283  280  288  295  276                                   
    37.5-180.0 180.0   5.0 450.0                            LAT/LON1/LON2/DLON/H
  298  296  306  312  324  335  349  359  361  355  344  331  317  303  290  283
  281  283  290  296  302  304  303  300  296  288  278  265  250  238  228  222
  219  215  213  211  213  211  213  207  203  193  187  176  173  167  165  163
  166  170  178  190  211  233  258  280  305  322  339  348  354  354  350  341
  330  319  313  304  309  308  313  320  298                                   
    35.0-180.0 180.0   5.0 450.0                            LAT/LON1/LON2/DLON/H
  327  327  333  337  348  357  370  376  379  373  365  352  340  324  309  298
  293  295  303  312  319  320  318  312  305  298  288  275  262  249  241  234
  230  223  220  215  217  215  217  211  208  198  193  182  181  174  174  169
  171  170  179  187  207  228  255  275  301  321  340  354  366  373  375  370
  358  345  341  331  339  335  344  350  327                                   
    32.5-180.0 180.0   5.0 450.0                            LAT/LON1/LON2/DLON/H
  366  364  373  377  385  390  399  401  400  394  388  377  364  347  330  317
  310  311  318  327  335  336  331  323  315  308  300  289  278  268  258  251
  244  235  228  221  218  216  218  214  213  203  198  189  186  180  177  173
  172  171  174  183  199  220  244  266  287  304  324  340  358  371  379  382
  375  366  358  355  365  368  373  382  366                                   
    30.0-180.0 180.0   5.0 450.0                            LAT/LON1/LON2/DLON/H
  420  426  431  431  435  433  435  431  427  418  412  402  391  372  354  338
  329  327  332  341  349  349  342  333  324  320  314  306  295  287  277  269
  259  245  232  221  216  215  215  215  215  209  205  196  193  186  183  177
  176  172  174  179  196  214  239  259  282  297  314  332  352  369  384  390
  387  380  375  374  392  392  406  415  420                                   
    27.5-180.0 180.0   5.0 450.0                            LAT/LON1/LON2/DLON/H
  480  490  495  494  492  486  483  472  465  454  447  435  423  403  383  364
  352  345  348  355  361  360  353  345  338  334  330  323  314  305  294  284
  271  253  235  219  212  208  210  210  214  209  208  198  195  186  182  176
  174  171  170  176  189  208  229  253  273  291  305  321  337  357  376  388
  390  389  385  387  406  417  430  445  480                                   
    25.0-180.0 180.0   5.0 450.0                            LAT/LON1/LON2/DLON/H
  534  555  564  567  565  555  544  526  516  501  493  478  463  441  418  394
  377  365  363  366  368  366  360  353  349  347  344  338  327  316  303  292
  274  254  229  214  203  202  203  207  210  209  208  201  197  188  182  175
  175  169  169  168  182  197  220  242  268  286  307  323  340  359  381  394
  402  401  401  407  429  440  461  475  534                                   
    22.5-180.0 180.0   5.0 450.0                            LAT/LON1/LON2/DLON/H
  574  594  610  620  623  617  605  587  570  555  545  529  513  485  460  430
  408  390  381  378  375  372  366  363  359  357  353  343  329  314  301  286
  268  245  221  205  193  191  193  196  202  200  202  196  190  181  171  165
  161  156  155  153  164  181  206  234  260  285  304  326  340  364  382  403
  411  417  416  428  449  466  485  501  574                                   
    20.0-180.0 180.0   5.0 450.0                            LAT/LON1/LON2/DLON/H
  595  622  641  660  675  676  671  649  633  613  602  580  564  532  503  469
  441  416  400  390  382  376  371  366  363  359  350  335  317  300  286  271
  252  230  206  191  181  182  186  190  197  197  200  194  189  175  166  153
  152  139  140  134  148  163  195  225  259  282  309  329  350  369  395  413
  429  438  444  458  476  488  511  523  595                                   
    17.5-180.0 180.0   5.0 450.0                            LAT/LON1/LON2/DLON/H
  601  625  648  674  693  705  706  693  672  656  641  622  600  572  541  505
  475  443  420  403  390  381  374  368  362  351  336  314  292  276  261  245
  229  210  191  178  173  175  180  186  192  194  194  190  183  171  157  143
  136  126  123  121  134  152  187  221  254  284  310  335  357  383  404  427
  444  461  472  489  502  511  526  538  601                                   
    15.0-180.0 180.0   5.0 450.0                            LAT/LON1/LON2/DLON/H
  598  624  644  674  700  716  726  717  700  684  673  653  632  599  569  533
  501  467  437  415  397  384  374  363  349  329  306  279  260  242  232  219
  209  196  184  178  179  185  190  196  199  199  198  192  187  170  158  136
  129  114  113  106  121  138  176  210  248  277  310  336  367  392  421  445
  467  488  505  520  529  531  546  550  598                                   
    12.5-180.0 180.0   5.0 450.0                            LAT/LON1/LON2/DLON/H
  585  604  620  650  675  699  711  713  699  691  680  666  645  618  586  554
  522  487  454  425  404  385  369  350  328  299  270  244  226  214  208  203
  198  194  187  189  192  200  204  206  204  202  198  193  185  171  153  133
  121  109  103   99  110  130  168  206  241  274  305  339  370  405  433  463
  485  511  528  545  553  553  560  562  585                                   
    10.0-180.0 180.0   5.0 450.0                            LAT/LON1/LON2/DLON/H
  572  590  600  619  646  670  689  697  690  686  679  669  651  626  596  566
  535  502  468  436  410  382  357  328  295  263  233  210  201  195  198  200
  203  202  203  207  214  218  217  213  208  201  197  189  185  166  151  127
  116  100   98   91  105  124  166  206  244  275  309  343  383  417  452  480
  507  532  553  569  577  574  582  573  572                                   
     7.5-180.0 180.0   5.0 450.0                            LAT/LON1/LON2/DLON/H
  563  576  581  587  604  629  648  662  660  662  658  654  639  622  596  569
  541  509  478  445  413  377  342  303  265  232  204  189  186  191  202  211
