data/unet/pred2040.15i
     1.0            IONOSPHERE MAPS     GNSS                IONEX VERSION / TYPE
pyspatialgeodesy        IME             05-JAN-18 20:20     PGM / RUN BY / DATE 
Map Name                                                    COMMENT             
Predicted global ionosphere maps (GIM).                     DESCRIPTION         
  2015     7    23     0     0     0                        EPOCH OF FIRST MAP  
  2015     7    24     0     0     0                        EPOCH OF LAST MAP   
  7200                                                      INTERVAL            
    13                                                      # OF MAPS IN FILE   
  NONE                                                      MAPPING FUNCTION    
10.0                                                        ELEVATION CUTOFF    
One-way carrier phase leveled to code                       OBSERVABLES USED    
  6371.0                                                    BASE RADIUS         
 2                                                          MAP DIMENSION       
   450.0 450.0   0.0                                        HGT1 / HGT2 / DHGT  
    87.5 -87.5  -2.5                                        LAT1 / LAT2 / DLAT  
  -180.0 180.0   5.0                                        LON1 / LON2 / DLON  
    -1                                                      EXPONENT            
                                                            END OF HEADER       
[from data line 429]
     2                                                      START OF TEC MAP    
  2015     7    23     2     0     0                        EPOCH OF CURRENT MAP
    87.5-180.0 180.0   5.0 450.0                            LAT/LON1/LON2/DLON/H
  142  143  139  135  136  133  135  134  137  134  135  132  134  130  131  126
  129  124  126  121  125  119  121  116  120  114  117  111  116  110  114  109
  115  109  114  109  114  109  114  109  115  110  114  110  116  112  116  112
  118  114  118  115  120  118  121  118  123  121  124  122  126  125  127  126
  129  128  132  131  136  130  131  145  142                                   
    85.0-180.0 180.0   5.0 450.0                            LAT/LON1/LON2/DLON/H
  138  151  138  139  139  137  139  138  141  139  139  138  138  136  135  133
  133  130  129  127  127  124  122  120  120  117  116  114  114  112  111  110
  110  109  109  109  109  108  107  108  108  108  108  109  110  110  111  112
  114  115  116  117  119  119  120  121  123  123  125  125  127  127  129  129
  131  131  133  133  134  130  132  135  138                                   
    82.5-180.0 180.0   5.0 450.0                            LAT/LON1/LON2/DLON/H
  140  147  144  148  144  145  146  150  150  150  150  149  149  146  144  143
  140  138  134  133  130  128  124  122  120  117  115  114  112  111  109  109
  108  108  107  107  106  105  104  105  104  105  104  106  107  109  109  112
  114  115  117  119  121  122  123  125  126  127  128  130  131  132  133  134
  135  137  138  140  140  135  137  134  140                                   
    80.0-180.0 180.0   5.0 450.0                            LAT/LON1/LON2/DLON/H
  138  141  144  144  149  148  153  154  158  155  158  156  158  153  154  150
  150  144  143  137  137  129  128  122  122  115  115  111  112  107  109  107
  109  106  108  106  108  105  107  104  108  104  108  107  111  110  115  115
  120  119  123  124  128  127  130  130  134  132  135  135  138  136  139  138
  140  139  142  139  141  134  135  129  138                                   
    77.5-180.0 180.0   5.0 450.0                            LAT/LON1/LON2/DLON/H
  137  144  142  147  146  151  154  158  160  161  161  162  161  160  157  156
  151  149  143  141  134  132  125  123  116  114  110  110  106  108  106  109
  107  109  108  111  108  110  107  110  107  110  109  113  113  117  118  123
  123  127  128  131  132  134  134  137  137  138  139  141  140  141  141  141
  140  141  141  140  137  134  133  126  137                                   
    75.0-180.0 180.0   5.0 450.0                            LAT/LON1/LON2/DLON/H
  132  135  137  138  143  144  150  152  156  156  159  158  160  156  156  152
  150  145  142  136  132  126  122  116  112  107  105  103  102  103  104  106
  108  109  111  111  112  110  112  109  111  110  114  113  118  119  124  125
  129  130  133  133  136  135  137  136  138  137  140  138  140  138  140  137
  138  135  137  135  134  131  134  123  132                                   
    72.5-180.0 180.0   5.0 450.0                            LAT/LON1/LON2/DLON/H
  129  132  132  135  136  140  145  148  151  153  156  156  156  155  153  150
  145  141  137  132  126  121  116  111  105  102   99   98   98   99  102  104
  107  108  111  111  112  110  111  109  111  110  114  114  119  121  127  128
  132  132  135  134  136  135  137  135  137  136  138  137  138  137  138  135
  135  132  134  131  131  128  129  120  129                                   
    70.0-180.0 180.0   5.0 450.0                            LAT/LON1/LON2/DLON/H
  123  126  124  127  130  134  138  143  146  149  151  153  153  152  150  147
  143  140  135  131  124  119  113  108  102   98   94   94   93   96   98  103
  104  108  109  111  109  109  106  106  106  107  109  113  118  123  127  131
  134  136  136  136  136  136  136  135  136  136  138  138  139  138  138  136
  135  133  133  132  129  126  127  118  123                                   
    67.5-180.0 180.0   5.0 450.0                            LAT/LON1/LON2/DLON/H
  123  125  122  125  125  129  133  136  141  144  147  149  150  148  147  144
  141  137  132  128  122  116  111  105   99   95   92   91   91   93   97  100
  103  105  107  107  106  103  102  100  101  101  106  110  117  122  130  132
  135  135  136  133  134  131  132  130  132  131  135  134  137  136  138  135
  134  131  133  130  129  125  125  115  123                                   
    65.0-180.0 180.0   5.0 450.0                            LAT/LON1/LON2/DLON/H
  122  125  121  122  124  126  129  132  136  139  143  145  146  145  145  143
  140  137  133  129  123  118  112  107  101   97   93   92   91   93   95   99
  100  103  102  102   98   97   93   94   94   97  102  108  116  124  130  135
  136  137  135  133  131  130  129  129  130  131  134  135  138  138  139  137
  136  135  135  133  131  127  128  118  122                                   
    62.5-180.0 180.0   5.0 450.0                            LAT/LON1/LON2/DLON/H
  129  130  125  126  124  123  125  127  131  133  137  140  143  143  143  142
  140  137  133  128  123  118  112  107  100   97   93   91   89   91   92   94
   94   96   95   93   89   86   84   83   85   88   95  103  113  122  130  133
  136  134  133  128  129  125  126  125  128  128  132  133  136  136  138  136
  136  134  135  133  132  131  132  120  129                                   
    60.0-180.0 180.0   5.0 450.0                            LAT/LON1/LON2/DLON/H
  133  136  130  131  129  126  125  126  128  130  132  136  139  141  142  142
  140  139  135  132  127  122  116  112  106  102   98   95   94   94   94   94
   92   93   89   88   82   81   78   79   82   87   95  105  115  124  132  136
  138  135  132  129  127  127  127  128  130  132  134  137  139  140  141  140
  139  138  140  139  138  136  138  127  133                                   
    57.5-180.0 180.0   5.0 450.0                            LAT/LON1/LON2/DLON/H
  145  146  142  141  135  130  128  126  127  126  129  132  136  139  141  142
  141  139  136  133  128  124  118  114  108  104  100   96   94   92   90   88
   86   83   81   78   75   73   72   74   78   85   94  104  116  126  134  139
  141  138  137  133  133  131  134  133  137  136  139  139  141  140  141  140
  140  139  142  142  143  144  144  130  145                                   
    55.0-180.0 180.0   5.0 450.0                            LAT/LON1/LON2/DLON/H
  152  156  152  151  146  139  135  131  128  127  127  130  134  138  141  142
  142  141  138  136  131  128  123  119  114  110  107  103  100   97   94   91
   86   84   79   78   74   75   75   79   84   92  100  110  121  131  139  144
  146  145  143  141  141  141  143  143  145  145  146  145  146  144  144  143
  143  143  146  148  148  150  152  140  152                                   
    52.5-180.0 180.0   5.0 450.0                            LAT/LON1/LON2/DLON/H
  167  167  166  165  157  148  143  137  134  129  129  129  134  138  142  144
  144  143  141  138  134  131  126  122  118  113  110  105  102   97   93   88
   83   79   76   75   74   77   78   82   87   95  101  112  122  131  139  145
  150  153  152  153  155  156  159  156  158  155  153  150  149  145  145  142
  143  143  146  147  151  155  156  146  167                                   
    50.0-180.0 180.0   5.0 450.0                            LAT/LON1/LON2/DLON/H
  173  176  176  175  170  161  154  146  140  135  131  131  135  138  142  144
  145  144  142  139  136  132  128  124  120  117  114  110  106  102   96   92
   86   83   80   81   82   86   90   94  100  104  110  117  127  134  143  151
  158  163  166  168  170  171  173  171  170  165  161  156  154  149  147  145
  146  146  149  152  155  158  162  152  173                                   
    47.5-180.0 180.0   5.0 450.0                            LAT/LON1/LON2/DLON/H
  182  186  188  188  181  172  166  157  150  142  139  137  140  142  145  147
  148  147  145  142  139  135  132  127  125  120  119  112  110  103   98   92
   88   85   86   87   90   94   98  103  105  110  112  119  125  134  144  154
  164  172  176  181  183  184  187  183  181  174  169  161  158  150  148  144
  145  145  149  151  156  160  161  155  182                                   
    45.0-180.0 180.0   5.0 450.0                            LAT/LON1/LON2/DLON/H
  186  192  195  194  190  182  176  168  160  152  147  142  144  145  148  148
  150  148  147  144  142  137  134  130  127  124  121  117  111  107  101   97
   93   94   95   99  102  107  112  115  118  118  119  120  127  134  147  159
  172  181  188  192  195  197  198  194  189  182  175  167  162  155  151  148
  148  149  153  154  158  161  166  161  186                                   
    42.5-180.0 180.0   5.0 450.0                            LAT/LON1/LON2/DLON/H
  192  199  201  201  197  191  186  178  172  163  158  153  154  153  154  154
  155  153  151  148  145  140  137  132  131  126  124  118  115  109  105  102
  100  101  104  107  110  115  117  120  120  121  118  121  124  134  146  160
  174  185  191  198  203  203  205  200  197  189  182  175  171  162  157  151
  151  151  155  156  158  164  166  167  192                                   
    40.0-180.0 180.0   5.0 450.0                            LAT/LON1/LON2/DLON/H
  198  203  206  205  204  199  195  190  183  174  169  163  163  160  161  158
  159  156  155  150  149  143  140  136  134  130  127  123  118  114  110  108
  108  111  115  118  122  125  128  128  129  126  124  122  127  134  149  163
  178  188  196  201  207  208  211  209  206  200  193  186  182  173  168  163
  160  160  163  162  163  166  173  173  198                                   
    37.5-180.0 180.0   5.0 450.0                            LAT/LON1/LON2/DLON/H
  210  214  215  214  211  206  205  200  194  187  182  177  175  173  171  168
  167  162  160  154  151  145  142  138  137  134  132  127  124  119  118  117
  119  120  124  126  128  130  130  131  130  128  123  124  126  136  148  164
  177  187  194  199  205  207  214  212  215  210  206  201  199  189  185  178
  175  174  177  175  173  180  181  183  210                                   
    35.0-180.0 180.0   5.0 450.0                            LAT/LON1/LON2/DLON/H
  226  226  228  224  221  217  215  211  206  200  195  188  187  182  181  174
  173  166  163  156  153  148  145  142  142  140  138  133  129  127  125  126
  127  130  133  133  133  134  134  134  134  132  129  127  130  136  148  161
  174  181  187  189  195  201  209  216  221  221  219  217  215  208  204  198
  193  192  192  189  186  191  198  199  226                                   
    32.5-180.0 180.0   5.0 450.0                            LAT/LON1/LON2/DLON/H
  250  249  247  242  236  231  229  224  220  214  209  204  200  196  191  187
  181  174  167  159  153  148  145  145  146  145  144  140  137  134  134  134
  136  136  137  136  134  133  133  133  134  134  131  130  129  136  144  156
  167  173  178  179  185  190  201  210  222  225  228  228  230  223  222  215
  213  212  213  209  203  211  216  219  250                                   
    30.0-180.0 180.0   5.0 450.0                            LAT/LON1/LON2/DLON/H
  278  276  274  265  260  251  248  242  237  230  225  218  215  208  203  193
  189  178  171  161  155  150  150  150  154  153  153  148  145  141  140  140
  141  140  139  136  133  132  131  131  133  133  133  129  129  130  137  145
  156  162  168  171  176  186  198  214  226  235  238  241  244  239  239  235
  234  234  236  232  226  234  241  243  278                                   
    27.5-180.0 180.0   5.0 450.0                            LAT/LON1/LON2/DLON/H
  305  308  303  297  287  280  273  267  259  250  243  236  231  226  216  208
  198  188  176  164  156  153  152  155  159  160  160  154  151  146  145  142
  141  138  135  131  128  125  125  126  128  129  128  126  122  122  123  131
  140  148  155  160  168  179  193  211  229  239  247  250  255  251  254  250
  253  256  263  257  256  260  266  268  305                                   
    25.0-180.0 180.0   5.0 450.0                            LAT/LON1/LON2/DLON/H
  330  334  338  329  323  311  304  294  286  274  265  254  249  239  230  216
  207  194  182  168  161  157  160  162  168  167  167  160  155  149  144  140
  135  132  128  124  119  118  118  118  121  122  122  117  114  109  111  116
  126  136  145  155  166  180  193  213  232  246  255  261  266  264  269  268
  273  278  285  284  280  291  294  297  330                                   
    22.5-180.0 180.0   5.0 450.0                            LAT/LON1/LON2/DLON/H
  346  352  355  355  351  343  335  325  314  301  288  278  268  258  243  231
  217  203  188  175  166  165  166  171  173  171  168  160  154  146  139  132
  126  120  116  111  108  107  108  109  112  112  111  107  101   98   97  102
  112  123  136  147  161  174  190  210  234  247  258  265  272  272  280  279
  286  291  302  300  304  309  313  316  346                                   
    20.0-180.0 180.0   5.0 450.0                            LAT/LON1/LON2/DLON/H
  359  364  369  371  373  367  364  353  343  327  315  299  289  274  260  240
  225  210  196  183  178  176  179  178  179  172  168  158  150  140  130  123
  113  108  102   98   95   95   98   98  103  101  102   95   92   85   86   89
  102  117  132  148  162  178  194  216  239  253  264  272  280  283  290  293
  299  305  313  314  315  326  329  334  359                                   
    17.5-180.0 180.0   5.0 450.0                            LAT/LON1/LON2/DLON/H
  359  364  370  374  382  380  380  377  366  354  338  324  308  293  274  254
  235  219  204  193  186  187  186  184  179  171  163  151  142  131  121  110
  101   94   89   84   83   83   85   86   88   87   86   82   77   74   74   79
   93  110  131  146  163  182  200  225  248  262  272  280  286  290  301  303
  312  316  325  323  329  333  336  342  359                                   
    15.0-180.0 180.0   5.0 450.0                            LAT/LON1/LON2/DLON/H
  363  365  368  373  383  385  389  389  383  372  359  343  328  310  288  264
  243  225  212  200  197  194  195  187  180  167  156  143  130  121  108   99
   89   84   77   75   72   74   77   77   82   79   82   76   77   70   74   77
   93  111  134  153  171  191  210  235  257  271  282  290  295  302  311  316
  321  325  332  329  332  339  343  350  363                                   
    12.5-180.0 180.0   5.0 450.0                            LAT/LON1/LON2/DLON/H
  357  358  363  367  378  380  389  390  388  381  370  358  343  326  299  275
  252  233  217  207  201  201  196  187  174  159  148  133  123  111  100   90
   82   75   71   65   64   63   67   68   69   68   69   69   68   67   68   74
   89  108  135  155  178  200  221  244  266  279  289  298  306  311  321  323
  333  333  340  334  336  341  345  354  357                                   
    10.0-180.0 180.0   5.0 450.0                            LAT/LON1/LON2/DLON/H
  359  360  362  364  371  374  381  386  386  382  377  366  353  333  307  280
  257  237  222  210  207  202  198  183  169  152  136  125  112  105   95   88
   79   75   68   66   61   62   64   64   69   65   72   69   74   68   74   74
   91  108  137  157  180  201  224  247  271  286  300  311  317  322  328  333
  338  339  343  334  334  342  347  354  359                                   
     7.5-180.0 180.0   5.0 450.0                            LAT/LON1/LON2/DLON/H
  358  361  363  363  366  366  373  374  376  374  370  361  349  332  305  280
  256  237  221  211  204  201  192  177  162  143  129  116  108  101   93   86
