data/unet/pred0560.15i
     1.0            IONOSPHERE MAPS     GNSS                IONEX VERSION / TYPE
pyspatialgeodesy        IME             05-JAN-18 20:20     PGM / RUN BY / DATE 
Map Name                                                    COMMENT             
Predicted global ionosphere maps (GIM).                     DESCRIPTION         
  2015     2    25     0     0     0                        EPOCH OF FIRST MAP  
  2015     2    26     0     0     0                        EPOCH OF LAST MAP   
  7200                                                      INTERVAL            
    13                                                      # OF MAPS IN FILE   
  NONE                                                      MAPPING FUNCTION    
10.0                                                        ELEVATION CUTOFF    
One-way carrier phase leveled to code                       OBSERVABLES USED    
  6371.0                                                    BASE RADIUS         
 2                                                          MAP DIMENSION       
   450.0 450.0   0.0                                        HGT1 / HGT2 / DHGT  
    87.5 -87.5  -2.5                                        LAT1 / LAT2 / DLAT  
  -180.0 180.0   5.0                                        LON1 / LON2 / DLON  
    -1                                                      EXPONENT            
                                                            END OF HEADER       
     1                                                      START OF TEC MAP    
  2015     2    25     0     0     0                        EPOCH OF CURRENT MAP
    87.5-180.0 180.0   5.0 450.0                            LAT/LON1/LON2/DLON/H
  154  127  126  123  120  118  118  118  119  118  117  117  117  116  116  114
  115  112  112  109  109  106  105  101  102   98   99   95   97   94   96   93
   95   93   95   93   96   94   97   95   99   97  100   99  102  101  105  104
  107  108  111  111  114  114  117  116  118  118  120  119  121  120  120  119
  120  120  120  120  122  119  118  147  154                                   
    85.0-180.0 180.0   5.0 450.0                            LAT/LON1/LON2/DLON/H
  131  128  132  130  127  122  124  121  124  121  124  121  125  122  125  121
  123  119  119  115  115  109  107  101   99   94   93   88   88   84   84   81
   82   79   81   80   83   81   85   84   88   87   92   91   97   96  102  101
  107  107  113  112  117  117  121  120  124  123  126  124  127  125  127  126
  128  127  128  126  129  121  117  120  131                                   
    82.5-180.0 180.0   5.0 450.0                            LAT/LON1/LON2/DLON/H
  135  134  134  134  129  128  125  127  126  128  128  131  132  133  133  133
  133  131  129  126  124  118  114  107  103   97   94   88   85   80   78   74
   73   70   72   71   73   73   76   79   81   84   87   91   94   98  101  105
  108  111  114  117  119  122  124  126  127  128  130  130  131  131  132  133
  134  135  135  135  135  128  125  128  135                                   
    80.0-180.0 180.0   5.0 450.0                            LAT/LON1/LON2/DLON/H
  139  139  138  138  133  134  132  135  135  139  140  144  145  148  147  148
  147  145  142  139  135  130  124  119  112  107  100   95   88   83   78   74
   71   68   69   68   70   71   75   78   81   85   90   94   98  102  106  110
  112  116  118  122  123  126  127  129  130  132  132  133  133  134  135  136
  138  139  141  141  141  138  137  141  139                                   
    77.5-180.0 180.0   5.0 450.0                            LAT/LON1/LON2/DLON/H
  147  145  144  145  141  142  141  146  146  151  152  157  158  159  158  157
  153  150  145  141  136  131  126  121  115  109  104   97   90   84   79   74
   70   67   67   68   69   72   75   79   83   87   91   97   99  104  106  110
  110  113  114  117  117  119  120  121  122  122  123  124  124  125  127  130
  133  136  140  144  145  145  146  151  147                                   
    75.0-180.0 180.0   5.0 450.0                            LAT/LON1/LON2/DLON/H
  152  153  155  156  153  152  155  158  163  166  170  173  174  172  168  163
  157  151  145  141  136  132  128  125  120  115  111  105   98   91   86   81
   77   75   76   76   78   80   85   88   92   94   99  101  103  104  105  104
  104  102  103  102  102  102  104  104  106  106  108  108  111  112  116  119
  124  129  137  143  149  153  157  164  152                                   
    72.5-180.0 180.0   5.0 450.0                            LAT/LON1/LON2/DLON/H
  169  170  172  175  169  170  169  175  179  184  187  189  185  180  170  161
  150  141  133  129  126  124  123  122  120  117  114  109  103   97   92   88
   84   83   82   85   86   89   92   97   98  102  102  104  102  101   98   95
   91   89   86   84   83   81   83   83   85   86   89   91   95   98  104  110
  116  125  134  146  156  166  173  181  169                                   
    70.0-180.0 180.0   5.0 450.0                            LAT/LON1/LON2/DLON/H
  188  192  197  196  191  189  189  194  199  204  206  205  199  188  173  157
  142  129  121  115  113  113  115  116  116  115  113  110  104  100   96   93
   90   90   90   92   93   96   99  102  102  103  103  101   97   92   89   82
   78   72   70   66   65   63   64   65   67   70   75   79   85   90   98  105
  114  123  136  150  163  177  189  201  188                                   
    67.5-180.0 180.0   5.0 450.0                            LAT/LON1/LON2/DLON/H
  216  216  221  221  211  210  209  214  219  224  226  223  213  198  176  154
  134  119  107  101   99  102  105  108  109  109  107  104   99   96   93   91
   89   89   89   91   91   94   96   98   97   97   95   92   86   82   77   72
   66   62   59   56   54   53   54   55   59   63   70   76   83   91   99  108
  116  127  140  157  173  187  200  214  216                                   
    65.0-180.0 180.0   5.0 450.0                            LAT/LON1/LON2/DLON/H
  232  232  241  238  228  224  223  228  234  242  243  241  228  209  183  157
  133  115  101   94   93   95   97   99   99   99   96   94   89   88   85   85
   83   83   84   84   84   85   87   87   86   84   82   78   74   69   65   61
   57   54   53   50   49   49   51   53   59   65   73   81   90   98  107  114
  122  131  145  160  176  192  206  224  232                                   
    62.5-180.0 180.0   5.0 450.0                            LAT/LON1/LON2/DLON/H
  245  241  250  247  238  233  232  238  246  255  259  255  243  221  193  166
  140  121  106   98   95   95   95   95   92   89   85   82   77   76   73   73
   72   71   71   71   70   70   70   70   69   67   65   63   59   56   53   52
   50   50   50   49   49   50   52   56   62   70   80   91  102  112  120  128
  134  143  153  167  181  195  208  227  245                                   
    60.0-180.0 180.0   5.0 450.0                            LAT/LON1/LON2/DLON/H
  246  244  252  247  239  234  232  239  249  261  266  266  253  234  207  181
  157  137  122  112  107  102   98   92   86   80   73   69   64   64   62   62
   62   60   59   58   57   56   56   55   55   52   53   50   49   47   47   46
   48   51   53   53   53   54   55   59   67   77   89  103  116  128  137  145
  151  155  163  171  183  194  208  229  246                                   
    57.5-180.0 180.0   5.0 450.0                            LAT/LON1/LON2/DLON/H
  248  244  252  248  239  236  234  239  250  261  269  269  261  245  223  202
  181  164  149  138  128  119  108   97   86   77   67   62   57   57   55   56
   54   53   51   49   47   47   45   45   44   44   44   44   43   43   43   45
   49   54   57   58   59   60   62   65   74   85  100  115  133  147  160  167
  172  175  178  183  191  199  210  231  248                                   
    55.0-180.0 180.0   5.0 450.0                            LAT/LON1/LON2/DLON/H
  250  249  257  253  246  242  239  241  249  260  267  269  263  252  236  221
  207  194  180  165  151  135  120  103   90   77   67   60   56   56   55   55
   54   51   51   47   48   45   48   45   48   46   50   48   49   48   50   52
   57   61   65   67   67   67   67   72   81   93  109  128  148  165  178  187
  191  192  194  195  199  206  217  240  250                                   
    52.5-180.0 180.0   5.0 450.0                            LAT/LON1/LON2/DLON/H
  260  259  270  268  262  259  254  252  257  262  267  267  263  255  247  238
  230  220  206  191  171  153  132  115   98   86   74   69   64   65   63   64
   61   59   57   56   55   56   56   57   57   59   60   59   59   58   59   61
   66   70   74   76   76   74   74   77   88  100  117  138  160  179  196  205
  211  213  214  213  217  222  232  254  260                                   
    50.0-180.0 180.0   5.0 450.0                            LAT/LON1/LON2/DLON/H
  275  281  291  290  287  284  277  272  270  270  267  265  260  257  252  250
  246  239  225  207  186  164  142  124  110   97   88   81   78   77   76   74
   72   68   68   67   70   71   73   73   76   75   78   75   77   74   75   75
   79   83   87   88   88   86   86   88   99  110  128  148  173  193  210  221
  230  234  235  236  241  245  257  280  275                                   
    47.5-180.0 180.0   5.0 450.0                            LAT/LON1/LON2/DLON/H
  296  303  316  318  316  314  306  298  291  285  277  269  263  258  256  256
  254  247  232  214  192  172  151  138  124  115  105  101   95   95   89   87
   81   80   78   81   84   88   89   91   91   92   93   92   92   91   90   91
   93   97  100  101  101   98   98   99  109  121  139  160  184  205  223  239
  249  256  261  265  271  276  286  305  296                                   
    45.0-180.0 180.0   5.0 450.0                            LAT/LON1/LON2/DLON/H
  316  330  340  342  343  343  335  325  312  302  287  275  265  260  257  258
  255  246  231  214  195  178  162  150  140  131  122  115  109  103   98   91
   87   84   86   90   96  101  104  106  108  108  110  108  110  108  108  108
  110  113  115  115  115  113  112  114  124  135  153  173  197  216  235  251
  263  274  284  293  301  307  319  332  316                                   
    42.5-180.0 180.0   5.0 450.0                            LAT/LON1/LON2/DLON/H
  337  351  359  361  363  364  357  348  334  320  302  287  276  268  263  260
  254  244  228  213  197  186  172  165  154  147  134  125  115  108   98   92
   85   85   87   94  100  108  111  114  115  117  119  120  122  122  123  123
  125  127  129  128  129  126  127  129  140  150  168  186  208  227  247  262
  275  286  299  310  322  329  338  348  337                                   
    40.0-180.0 180.0   5.0 450.0                            LAT/LON1/LON2/DLON/H
  355  374  374  374  376  379  372  364  350  334  313  299  287  279  272  266
  257  244  228  216  205  198  189  181  169  156  140  127  115  103   93   85
   81   80   86   93  102  109  113  116  119  121  126  128  133  135  137  138
  140  140  142  141  142  140  142  144  154  165  182  199  221  241  260  275
  286  298  311  326  340  351  363  363  355                                   
    37.5-180.0 180.0   5.0 450.0                            LAT/LON1/LON2/DLON/H
  372  387  382  379  378  382  377  371  358  343  325  311  302  294  287  278
  266  252  238  228  220  216  206  197  179  162  141  127  111  101   89   83
   76   80   83   94   99  108  111  115  118  122  128  134  140  143  146  147
  149  149  149  148  150  149  152  155  166  177  194  211  234  254  273  286
  296  305  318  332  350  363  371  370  372                                   
    35.0-180.0 180.0   5.0 450.0                            LAT/LON1/LON2/DLON/H
  391  402  393  385  383  386  379  373  361  349  333  322  313  308  300  292
  280  268  255  248  242  237  224  207  185  159  138  122  112  105   97   94
   89   91   96  102  109  112  116  114  121  124  134  139  146  149  152  154
  155  154  152  152  152  153  155  159  169  180  197  216  241  260  280  293
  305  313  327  341  361  377  392  384  391                                   
    32.5-180.0 180.0   5.0 450.0                            LAT/LON1/LON2/DLON/H
  416  418  410  400  395  393  383  376  365  354  342  334  328  324  316  306
  295  286  277  271  265  255  234  211  182  158  137  129  123  126  121  125
  121  129  129  136  134  136  131  129  129  135  142  147  151  153  154  153
  152  150  146  143  144  144  148  153  162  175  192  214  241  262  283  299
  312  320  331  344  367  386  403  397  416                                   
    30.0-180.0 180.0   5.0 450.0                            LAT/LON1/LON2/DLON/H
  453  452  448  434  431  423  407  394  380  368  355  348  342  339  331  323
  312  306  299  295  285  268  240  209  181  158  149  151  158  168  172  175
  176  177  176  173  170  161  156  147  150  149  156  155  157  153  153  148
  146  141  136  132  131  132  135  142  152  166  187  213  242  267  288  307
  321  327  337  347  372  394  423  429  453                                   
    27.5-180.0 180.0   5.0 450.0                            LAT/LON1/LON2/DLON/H
  502  501  498  490  485  470  450  431  411  395  378  366  358  352  346  337
  329  322  317  310  295  271  237  208  184  175  176  197  216  241  248  254
  249  249  237  229  213  198  186  178  174  174  170  166  160  154  149  141
  136  128  121  116  117  118  124  132  144  160  183  211  244  272  296  316
  330  336  345  359  383  411  450  479  502                                   
    25.0-180.0 180.0   5.0 450.0                            LAT/LON1/LON2/DLON/H
  561  564  563  558  558  542  516  489  461  437  413  395  378  367  356  347
  338  333  326  314  294  265  234  210  203  208  227  264  298  332  340  339
  329  316  297  277  256  233  220  209  204  197  188  175  165  153  147  134
  126  114  106   99  102  104  113  126  140  158  183  214  247  279  302  327
  342  356  371  386  413  444  497  546  561                                   
    22.5-180.0 180.0   5.0 450.0                            LAT/LON1/LON2/DLON/H
  620  631  638  641  640  623  595  564  531  495  462  436  410  389  372  359
  350  341  331  314  289  263  237  230  237  265  301  359  400  432  430  414
  388  365  333  308  280  261  240  235  226  216  201  184  166  154  144  133
  121  110  101   95   99  100  111  123  142  163  190  223  253  285  309  339
  361  386  406  426  453  489  551  615  620                                   
    20.0-180.0 180.0   5.0 450.0                            LAT/LON1/LON2/DLON/H
  661  685  702  720  728  716  686  649  614  574  531  490  453  423  394  376
  361  350  335  314  291  271  261  272  300  346  395  458  498  520  510  475
  435  396  363  329  305  282  264  254  244  229  210  189  170  154  149  132
  120  103   97   89   95   96  108  120  144  174  206  241  271  304  330  364
  396  425  450  471  500  542  607  670  661                                   
    17.5-180.0 180.0   5.0 450.0                            LAT/LON1/LON2/DLON/H
  691  723  746  767  788  781  758  729  692  652  607  559  511  472  439  413
  392  376  356  333  311  305  311  347  390  446  492  540  566  573  550  507
  454  413  370  337  310  292  272  262  247  231  208  187  169  158  152  139
  123  110  103   95   98   98  111  122  156  189  225  263  294  328  356  397
  432  464  491  516  550  589  655  712  691                                   
    15.0-180.0 180.0   5.0 450.0                            LAT/LON1/LON2/DLON/H
  711  744  766  799  825  828  814  788  759  721  680  632  580  535  494  469
  444  424  399  375  359  364  391  444  495  546  574  596  596  577  541  481
  436  392  356  322  305  286  271  258  243  226  206  183  169  157  153  138
  126  110  105   94   97   98  112  130  166  206  245  283  319  354  387  431
  469  507  534  560  591  627  686  727  711                                   
    12.5-180.0 180.0   5.0 450.0                            LAT/LON1/LON2/DLON/H
  720  756  771  801  828  835  834  821  804  777  744  703  653  608  567  544
  520  502  473  452  437  457  490  545  584  615  613  601  572  526  476  425
  387  353  324  300  287  273  260  251  234  218  197  177  165  157  152  138
  130  116  110   99  100  105  123  144  184  221  258  295  332  368  406  452
  493  532  566  592  623  650  697  723  720                                   
    10.0-180.0 180.0   5.0 450.0                            LAT/LON1/LON2/DLON/H
  725  764  774  799  824  834  837  836  828  815  793  762  720  685  647  627
  605  591  565  551  543  568  602  645  660  654  621  566  509  441  392  350
  322  298  292  277  273  262  255  246  229  214  195  179  170  162  157  143
  135  123  115  107  108  118  135  161  196  232  268  304  343  382  426  474
  516  556  593  617  643  668  704  709  725                                   
     7.5-180.0 180.0   5.0 450.0                            LAT/LON1/LON2/DLON/H
  715  751  766  798  820  835  841  848  854  849  839  815  787  755  724  703
  682  670  647  641  635  662  680  699  682  636  571  484  409  344  305  274
