data/unet/pred0600.15i
     1.0            IONOSPHERE MAPS     GNSS                IONEX VERSION / TYPE
pyspatialgeodesy        IME             05-JAN-18 20:20     PGM / RUN BY / DATE 
Map Name                                                    COMMENT             
Predicted global ionosphere maps (GIM).                     DESCRIPTION         
  2015     3     1     0     0     0                        EPOCH OF FIRST MAP  
  2015     3     2     0     0     0                        EPOCH OF LAST MAP   
  7200                                                      INTERVAL            
    13                                                      # OF MAPS IN FILE   
  NONE                                                      MAPPING FUNCTION    
10.0                                                        ELEVATION CUTOFF    
One-way carrier phase leveled to code                       OBSERVABLES USED    
  6371.0                                                    BASE RADIUS         
 2                                                          MAP DIMENSION       
   450.0 450.0   0.0                                        HGT1 / HGT2 / DHGT  
    87.5 -87.5  -2.5                                        LAT1 / LAT2 / DLAT  
  -180.0 180.0   5.0                                        LON1 / LON2 / DLON  
    -1                                                      EXPONENT            
                                                            END OF HEADER       
[from data line 858]
     3                                                      START OF TEC MAP    
  2015     3     1     4     0     0                        EPOCH OF CURRENT MAP
    87.5-180.0 180.0   5.0 450.0                            LAT/LON1/LON2/DLON/H
  168  173  158  164  156  157  152  155  150  152  148  150  146  147  144  145
  141  143  141  145  143  147  146  151  150  153  152  153  150  150  147  148
  145  146  145  146  145  145  145  145  144  145  145  146  145  146  147  149
  150  153  154  156  157  159  159  161  160  162  161  163  162  164  162  165
  162  165  159  163  159  167  179  196  168                                   
    85.0-180.0 180.0   5.0 450.0                            LAT/LON1/LON2/DLON/H
  179  185  170  180  171  172  166  169  163  166  161  164  159  161  158  158
  156  155  155  153  152  150  149  147  145  143  142  139  136  136  133  134
  131  134  133  136  135  138  138  140  140  142  143  146  146  150  151  158
  159  166  169  175  176  182  184  187  188  191  192  195  194  196  195  198
  194  197  189  196  187  189  188  184  179                                   
    82.5-180.0 180.0   5.0 450.0                            LAT/LON1/LON2/DLON/H
  171  170  169  168  161  156  155  153  152  151  151  152  150  152  150  151
  148  148  146  145  142  139  137  134  131  128  127  124  121  119  119  118
  120  120  124  125  129  130  135  135  139  139  143  145  148  151  156  161
  164  172  176  183  186  192  196  200  203  206  208  210  211  212  212  212
  210  208  202  200  197  189  188  177  171                                   
    80.0-180.0 180.0   5.0 450.0                            LAT/LON1/LON2/DLON/H
  183  180  174  168  157  152  148  146  142  143  141  145  142  147  145  149
  147  150  148  147  143  139  135  131  125  122  117  115  111  111  109  111
  111  114  117  122  125  130  133  136  138  141  145  147  149  154  156  163
  166  174  181  188  196  201  210  214  221  224  230  234  236  239  239  240
  238  234  226  221  214  205  197  183  183                                   
    77.5-180.0 180.0   5.0 450.0                            LAT/LON1/LON2/DLON/H
  183  181  172  162  148  140  136  134  130  130  129  132  131  136  135  140
  138  141  139  139  133  131  125  122  115  112  106  104   99  100   98  100
  100  105  107  114  116  123  126  130  132  136  138  141  143  145  149  155
  160  168  177  187  196  207  215  226  231  243  246  256  257  263  262  263
  260  257  250  245  238  219  210  204  183                                   
    75.0-180.0 180.0   5.0 450.0                            LAT/LON1/LON2/DLON/H
  191  186  172  157  142  131  125  122  118  117  115  116  113  117  116  121
  119  123  120  122  119  117  114  109  104  100   96   92   90   88   89   90
   93   96  101  106  112  117  122  126  129  130  132  132  133  133  138  143
  152  161  174  186  198  209  222  231  241  252  260  268  272  278  279  280
  276  273  264  261  255  237  224  215  191                                   
    72.5-180.0 180.0   5.0 450.0                            LAT/LON1/LON2/DLON/H
  200  192  181  165  143  131  122  116  112  107  106  100  100   98  100   99
   99   99  100  101  101  102  101  100   96   95   92   90   88   88   88   90
   92   97  100  105  109  114  118  120  122  122  122  122  121  122  124  130
  141  153  167  183  197  214  225  238  245  257  262  272  276  282  283  286
  284  282  274  272  270  257  236  236  200                                   
    70.0-180.0 180.0   5.0 450.0                            LAT/LON1/LON2/DLON/H
  215  206  193  178  158  145  135  126  121  115  112  104   99   95   90   88
   84   83   84   86   86   89   90   91   92   92   92   91   90   89   90   90
   92   94   98  101  104  108  111  112  112  111  111  109  111  111  118  127
  142  154  174  186  205  219  233  243  251  257  263  267  270  274  276  280
  279  280  274  277  276  263  250  246  215                                   
    67.5-180.0 180.0   5.0 450.0                            LAT/LON1/LON2/DLON/H
  227  217  209  191  169  158  149  140  133  126  120  112  102   95   85   79
   72   71   70   73   74   78   81   86   89   93   94   96   93   94   92   93
   92   94   94   96   97   99  101  101  101   98   98   96   99  101  111  123
  143  158  180  193  212  224  236  245  249  256  258  260  261  262  264  267
  269  272  270  273  275  268  256  257  227                                   
    65.0-180.0 180.0   5.0 450.0                            LAT/LON1/LON2/DLON/H
  239  231  224  205  188  174  166  154  147  136  128  117  102   90   78   70
   63   62   62   67   70   78   83   88   93   95   98   99   98   96   95   93
   91   90   90   90   89   90   91   91   91   89   90   89   94   97  114  127
  152  169  193  207  221  233  243  251  256  260  263  262  260  260  257  259
  258  262  260  267  272  266  263  260  239                                   
    62.5-180.0 180.0   5.0 450.0                            LAT/LON1/LON2/DLON/H
  252  239  237  219  200  189  176  168  157  148  137  124  106   94   80   76
   67   70   68   75   76   85   88   94   95  100  100  101   98   97   92   91
   85   84   80   77   77   76   78   77   80   79   83   83   88   95  113  132
  158  175  203  214  232  236  251  253  263  263  268  262  263  257  255  252
  251  252  252  259  265  265  263  265  252                                   
    60.0-180.0 180.0   5.0 450.0                            LAT/LON1/LON2/DLON/H
  257  246  242  225  209  195  185  174  166  155  145  131  114   98   87   80
   79   79   82   86   91   95  100  100  102   99  101   97   97   92   90   85
   82   77   73   69   68   67   68   69   72   74   78   80   91  101  122  141
  168  188  213  227  241  252  261  269  275  278  279  277  273  269  261  258
  253  253  253  258  264  263  266  264  257                                   
    57.5-180.0 180.0   5.0 450.0                            LAT/LON1/LON2/DLON/H
  269  251  251  235  214  202  188  178  169  157  150  137  127  109  104   96
   97   97  100  103  105  108  107  108  105  103  100   97   92   90   85   81
   77   71   67   62   61   59   61   62   67   68   75   76   90  102  124  145
  174  195  220  232  250  256  268  274  283  289  293  294  291  287  279  273
  265  262  259  261  267  268  269  272  269                                   
    55.0-180.0 180.0   5.0 450.0                            LAT/LON1/LON2/DLON/H
  285  268  263  246  229  211  197  184  174  164  155  144  135  123  120  111
  116  111  121  116  121  117  116  111  106  101   96   91   88   82   81   77
   76   70   69   65   65   63   65   66   71   72   78   83   96  112  133  156
  185  207  230  246  260  269  278  287  296  305  312  316  315  314  305  299
  290  284  280  279  281  278  278  276  285                                   
    52.5-180.0 180.0   5.0 450.0                            LAT/LON1/LON2/DLON/H
  305  282  280  263  242  224  206  190  177  162  154  141  137  130  131  127
  133  130  136  132  132  127  122  117  109  101   95   89   84   81   78   77
   76   74   73   70   70   70   72   73   77   77   83   87  102  117  141  164
  192  215  237  254  266  278  286  299  307  320  328  337  338  337  330  326
  317  312  304  301  300  294  291  293  305                                   
    50.0-180.0 180.0   5.0 450.0                            LAT/LON1/LON2/DLON/H
  328  309  300  288  267  247  227  208  189  172  159  146  141  136  139  136
  142  136  142  134  135  127  124  116  109  101   97   89   86   81   82   80
   84   83   86   84   86   84   89   87   91   90   94  101  115  134  155  182
  208  230  253  268  281  294  303  314  325  336  348  357  362  361  358  351
  347  334  330  319  320  308  302  300  328                                   
    47.5-180.0 180.0   5.0 450.0                            LAT/LON1/LON2/DLON/H
  343  321  317  303  287  266  243  223  200  178  160  146  139  135  136  137
  138  136  137  133  133  129  126  121  115  109  102   94   88   86   86   89
   89   95   96   99   98  100  102  102  102  102  104  111  128  144  169  195
  220  243  262  280  293  306  315  326  337  349  362  371  377  378  375  372
  362  353  341  335  331  318  312  315  343                                   
    45.0-180.0 180.0   5.0 450.0                            LAT/LON1/LON2/DLON/H
  352  334  325  325  308  295  269  246  220  194  173  154  144  137  136  132
  131  126  127  125  129  128  129  126  121  118  112  105  101   95   96   96
  101  105  112  113  116  115  119  117  118  115  118  129  144  169  191  218
  241  262  282  300  313  323  331  337  349  358  372  377  385  383  382  375
  370  354  346  338  336  323  317  315  352                                   
    42.5-180.0 180.0   5.0 450.0                            LAT/LON1/LON2/DLON/H
  348  329  326  324  318  304  284  262  235  210  183  165  151  142  136  130
  125  123  120  126  128  136  137  140  136  135  128  123  113  108  104  106
  109  118  122  127  127  129  130  130  127  126  129  142  160  185  209  234
  255  278  295  314  326  335  340  346  354  362  369  376  381  385  380  377
  366  356  343  339  335  324  316  319  348                                   
    40.0-180.0 180.0   5.0 450.0                            LAT/LON1/LON2/DLON/H
  341  324  315  323  315  314  296  277  252  225  200  176  162  149  141  130
  124  118  121  126  136  143  149  150  150  149  141  136  126  120  115  116
  118  125  129  134  135  137  139  139  139  135  145  156  179  204  229  251
  273  293  311  328  341  348  354  358  365  367  372  377  384  386  384  380
  372  361  349  343  340  326  324  315  341                                   
    37.5-180.0 180.0   5.0 450.0                            LAT/LON1/LON2/DLON/H
  330  312  304  306  304  301  292  277  254  232  208  188  173  162  151  142
  133  134  134  146  152  165  165  169  164  164  154  150  139  134  125  126
  124  130  131  136  136  140  141  143  141  141  150  164  186  215  239  263
  280  301  317  334  347  355  360  366  371  373  374  381  387  394  392  395
  388  383  370  368  358  342  330  324  330                                   
    35.0-180.0 180.0   5.0 450.0                            LAT/LON1/LON2/DLON/H
  331  310  293  293  287  285  278  265  249  229  209  191  180  168  160  148
  145  144  152  162  173  181  181  178  173  169  162  156  148  143  136  135
  132  133  131  134  134  139  143  146  149  149  162  173  198  225  252  270
  289  303  323  338  355  365  375  381  389  393  396  402  411  422  428  436
  436  433  425  418  408  382  366  346  331                                   
    32.5-180.0 180.0   5.0 450.0                            LAT/LON1/LON2/DLON/H
  347  317  294  279  268  262  255  244  231  215  201  189  180  173  166  161
  159  166  175  190  196  201  192  187  176  172  165  162  157  154  149  147
  139  137  131  133  132  138  141  146  149  152  160  176  198  228  254  276
  291  307  325  342  361  374  387  395  407  414  423  435  448  463  473  490
  492  500  490  490  475  452  408  392  347                                   
    30.0-180.0 180.0   5.0 450.0                            LAT/LON1/LON2/DLON/H
  388  343  304  281  260  250  236  226  213  199  188  178  174  167  164  160
  164  170  184  196  202  200  189  178  170  165  166  168  169  168  165  161
  153  144  137  133  133  136  142  146  152  152  162  176  204  228  259  277
  297  310  329  345  368  382  399  410  426  440  453  470  492  519  537  559
  570  581  580  577  564  528  496  459  388                                   
    27.5-180.0 180.0   5.0 450.0                            LAT/LON1/LON2/DLON/H
  454  407  353  304  272  250  231  218  204  192  179  171  167  162  159  160
  164  173  184  194  196  191  180  171  165  168  174  182  186  187  181  175
  162  151  139  135  131  133  139  143  144  147  156  171  197  228  256  280
  296  314  332  353  376  394  419  430  451  461  482  504  542  581  612  643
  659  677  678  672  659  625  576  539  454                                   
    25.0-180.0 180.0   5.0 450.0                            LAT/LON1/LON2/DLON/H
  551  503  439  371  315  278  248  231  216  201  186  174  169  160  157  154
  158  160  167  170  171  166  160  159  165  179  194  208  216  218  214  205
  190  170  154  142  133  130  137  137  141  141  152  169  195  225  259  284
  306  327  353  374  402  423  449  463  481  496  516  549  595  658  704  746
  766  788  787  782  767  727  693  633  551                                   
    22.5-180.0 180.0   5.0 450.0                            LAT/LON1/LON2/DLON/H
  649  598  537  466  406  348  300  267  249  233  213  198  182  168  160  151
  149  149  150  151  148  149  150  162  178  200  221  240  250  254  250  234
  208  185  166  150  137  129  127  126  127  130  141  164  191  226  258  288
  314  340  366  396  431  459  489  510  528  543  568  601  659  724  775  819
  842  863  870  866  858  820  785  710  649                                   
    20.0-180.0 180.0   5.0 450.0                            LAT/LON1/LON2/DLON/H
  741  698  640  561  500  439  387  348  314  285  260  239  218  195  180  162
  154  142  141  136  138  143  154  175  204  230  257  279  296  293  288  260
  225  194  172  156  139  126  119  113  114  118  133  159  193  228  265  296
  328  358  392  423  462  493  528  546  569  585  610  651  704  772  810  854
  873  892  904  907  914  881  851  792  741                                   
    17.5-180.0 180.0   5.0 450.0                            LAT/LON1/LON2/DLON/H
  803  780  726  657  594  532  477  432  398  367  334  302  272  244  221  195
  176  156  147  141  144  154  172  203  234  270  302  326  334  324  300  268
  224  191  175  153  138  120  109  100   99  106  122  152  188  230  269  303
  338  375  410  453  489  531  558  588  609  638  664  704  747  789  818  846
  865  872  886  889  905  894  865  821  803                                   
    15.0-180.0 180.0   5.0 450.0                            LAT/LON1/LON2/DLON/H
  822  820  774  720  669  609  557  512  475  442  414  379  344  309  283  252
  227  199  184  173  177  184  210  238  285  325  357  369  365  332  300  256
  211  182  166  149  130  117  103   93   91   98  116  146  188  229  270  308
  350  388  428  471  513  550  577  605  637  671  696  731  757  788  801  819
  821  834  844  858  874  868  854  837  822                                   
    12.5-180.0 180.0   5.0 450.0                            LAT/LON1/LON2/DLON/H
  807  816  791  754  710  662  616  574  540  508  476  446  417  388  360  330
  302  273  251  234  230  236  260  301  344  378  399  396  368  326  278  231
  199  171  159  142  127  112  101   90   86   92  108  139  178  226  269  312
  357  397  441  488  530  561  587  617  658  690  714  735  750  762  770  771
  773  777  790  801  819  825  820  815  807                                   
    10.0-180.0 180.0   5.0 450.0                            LAT/LON1/LON2/DLON/H
  778  794  783  764  730  686  653  618  590  560  531  501  478  457  439  414
  383  355  332  317  308  315  337  368  400  415  420  392  350  294  246  209
  185  165  154  139  126  116  100   94   88   93  109  139  179  223  269  310
  358  399  442  488  525  553  579  612  653  687  708  728  738  751  750  752
  744  748  755  764  781  781  785  795  778                                   
     7.5-180.0 180.0   5.0 450.0                            LAT/LON1/LON2/DLON/H
  746  765  769  755  733  700  666  639  614  591  564  541  519  508  495  482
  462  442  418  404  393  399  409  423  432  429  415  374  315  257  217  186
