data/unet/pred3110.15i
     1.0            IONOSPHERE MAPS     GNSS                IONEX VERSION / TYPE
pyspatialgeodesy        IME             05-JAN-18 20:20     PGM / RUN BY / DATE 
Map Name                                                    COMMENT             
Predicted global ionosphere maps (GIM).                     DESCRIPTION         
  2015    11     7     0     0     0                        EPOCH OF FIRST MAP  
  2015    11     8     0     0     0                        EPOCH OF LAST MAP   
  7200                                                      INTERVAL            
    13                                                      # OF MAPS IN FILE   
  NONE                                                      MAPPING FUNCTION    
10.0                                                        ELEVATION CUTOFF    
One-way carrier phase leveled to code                       OBSERVABLES USED    
  6371.0                                                    BASE RADIUS         
 2                                                          MAP DIMENSION       
   450.0 450.0   0.0                                        HGT1 / HGT2 / DHGT  
    87.5 -87.5  -2.5                                        LAT1 / LAT2 / DLAT  
  -180.0 180.0   5.0                                        LON1 / LON2 / DLON  
    -1                                                      EXPONENT            
                                                            END OF HEADER       
[from data line 4290]
    11                                                      START OF TEC MAP    
  2015    11     7    20     0     0                        EPOCH OF CURRENT MAP
    87.5-180.0 180.0   5.0 450.0                            LAT/LON1/LON2/DLON/H
  128   94   75   80   77   78   76   77   76   78   76   78   76   78   76   78
   76   78   76   78   76   78   75   77   75   76   73   75   72   73   70   70
   67   68   65   66   63   64   62   62   60   62   60   61   61   63   62   64
   64   66   66   68   68   70   71   73   72   75   74   76   75   77   76   78
   76   78   77   78   78   79   73  116  128                                   
    85.0-180.0 180.0   5.0 450.0                            LAT/LON1/LON2/DLON/H
   73   65   63   65   66   63   66   63   68   65   70   68   73   70   74   72
   75   72   75   73   75   72   75   72   73   70   71   68   68   65   65   62
   62   59   58   56   55   53   53   51   52   51   52   51   52   53   54   54
   55   56   58   59   60   62   62   64   64   66   65   67   66   67   66   67
   66   66   65   64   67   65   64   82   73                                   
    82.5-180.0 180.0   5.0 450.0                            LAT/LON1/LON2/DLON/H
   63   58   57   59   57   58   58   60   62   65   67   70   73   76   78   81
   82   84   84   86   85   86   84   85   81   82   77   78   73   73   68   69
   63   63   58   58   53   54   49   51   47   50   47   51   49   53   52   56
   56   60   60   65   63   69   66   72   68   74   69   75   69   74   68   73
   66   70   63   67   61   62   54   65   63                                   
    80.0-180.0 180.0   5.0 450.0                            LAT/LON1/LON2/DLON/H
   60   50   49   49   49   48   52   52   58   59   66   68   75   77   83   83
   88   87   91   89   91   89   90   86   86   83   82   79   78   74   73   69
   67   63   60   56   54   50   48   46   45   44   44   44   47   48   51   52
   56   58   62   63   67   68   72   71   74   73   75   73   74   72   72   69
   67   65   63   60   58   56   50   60   60                                   
    77.5-180.0 180.0   5.0 450.0                            LAT/LON1/LON2/DLON/H
   52   44   39   39   38   37   41   42   49   52   61   65   74   77   85   87
   92   93   96   95   96   94   93   90   88   85   83   81   79   77   74   72
   68   66   62   59   54   52   48   47   44   44   44   46   47   50   54   57
   60   63   67   69   72   74   76   77   77   77   77   75   74   72   71   68
   65   62   60   56   53   50   44   49   52                                   
    75.0-180.0 180.0   5.0 450.0                            LAT/LON1/LON2/DLON/H
   50   43   40   42   42   44   45   50   55   62   69   77   84   90   96  100
  103  105  106  105  104  102   99   96   93   90   88   86   84   82   80   78
   76   73   69   66   62   59   55   53   50   50   50   51   53   57   61   64
   68   71   75   76   80   80   83   81   83   80   80   77   76   73   73   68
   67   63   62   56   55   51   50   55   50                                   
    72.5-180.0 180.0   5.0 450.0                            LAT/LON1/LON2/DLON/H
   54   49   46   45   45   44   46   50   57   64   73   81   91   97  105  109
  114  113  115  111  110  105  103   98   94   90   88   86   84   83   82   81
   79   77   74   72   67   65   60   58   54   55   54   57   58   63   65   70
   73   78   80   82   83   84   84   84   82   82   79   78   75   74   71   69
   66   64   61   58   54   51   50   55   54                                   
    70.0-180.0 180.0   5.0 450.0                            LAT/LON1/LON2/DLON/H
   58   56   54   57   56   57   57   62   66   76   84   95  105  113  123  128
  130  129  126  123  119  113  106  100   94   89   86   83   80   80   79   79
   78   77   75   72   69   66   62   58   56   55   56   57   60   63   67   70
   74   76   80   79   81   79   80   77   78   75   76   71   72   68   69   64
   66   61   62   56   56   51   54   60   58                                   
    67.5-180.0 180.0   5.0 450.0                            LAT/LON1/LON2/DLON/H
   61   64   64   66   68   64   69   69   78   83   95  104  117  126  134  140
  141  140  136  130  125  117  110  100   94   86   82   77   75   73   73   73
   73   72   70   69   64   63   58   57   52   53   51   54   54   60   61   65
   66   69   69   69   68   67   66   65   64   64   62   63   61   62   60   59
   57   56   55   54   53   49   52   59   61                                   
    65.0-180.0 180.0   5.0 450.0                            LAT/LON1/LON2/DLON/H
   66   68   73   77   80   80   82   88   93  102  111  122  133  141  149  154
  154  153  149  143  136  129  118  107   98   88   79   73   68   65   65   64
   65   63   62   60   57   54   52   49   48   47   48   48   49   52   54   56
   57   57   57   55   54   52   52   50   52   50   51   50   53   51   53   49
   52   48   50   46   50   46   54   63   66                                   
    62.5-180.0 180.0   5.0 450.0                            LAT/LON1/LON2/DLON/H
   64   70   76   79   87   82   90   90  102  104  120  125  144  146  159  161
  163  159  155  152  144  137  127  114  102   89   79   68   63   59   58   57
   56   55   52   50   46   44   41   40   39   39   38   40   39   42   41   43
   41   41   38   36   34   33   33   34   36   39   39   41   41   42   40   40
   38   38   38   38   40   39   48   60   64                                   
    60.0-180.0 180.0   5.0 450.0                            LAT/LON1/LON2/DLON/H
   71   78   86   94  101  104  109  117  122  131  139  149  160  166  175  176
  177  170  168  163  158  151  142  129  115   98   86   72   64   58   56   55
   52   49   46   42   39   36   35   34   35   35   36   36   36   36   34   33
   31   28   25   22   20   19   21   21   26   27   31   31   34   32   34   30
   33   29   33   30   36   37   48   61   71                                   
    57.5-180.0 180.0   5.0 450.0                            LAT/LON1/LON2/DLON/H
   72   78   85   94  104  104  113  117  128  130  144  149  165  166  177  176
  181  175  174  171  167  164  154  143  127  110   95   81   71   64   61   59
   55   51   46   40   37   34   34   33   35   35   36   35   34   33   30   28
   23   21   17   14   12   12   14   17   21   25   27   29   28   28   26   24
   25   24   26   27   31   35   46   59   72                                   
    55.0-180.0 180.0   5.0 450.0                            LAT/LON1/LON2/DLON/H
   84   90   98  109  116  121  125  135  139  148  154  165  173  181  187  190
  192  188  188  183  182  178  171  160  146  129  115   99   90   81   77   73
   69   63   55   47   43   38   38   39   41   43   44   44   41   38   34   30
   25   22   18   16   13   14   15   19   23   27   28   29   30   27   27   24
   28   26   32   31   39   42   56   67   84                                   
    52.5-180.0 180.0   5.0 450.0                            LAT/LON1/LON2/DLON/H
   97  104  108  116  123  123  129  134  142  145  156  158  171  174  184  183
  190  185  190  188  190  188  183  175  162  148  134  120  108  100   95   91
   84   77   68   58   53   47   48   48   51   53   54   52   50   46   41   36
   32   29   26   24   22   23   26   29   33   36   35   35   33   32   29   28
   30   32   37   40   47   52   66   78   97                                   
    50.0-180.0 180.0   5.0 450.0                            LAT/LON1/LON2/DLON/H
  119  122  132  138  143  144  147  154  156  161  165  170  176  181  186  190
  193  193  199  199  204  201  199  192  181  169  158  144  134  122  117  110
  103   92   83   72   65   59   59   59   63   65   66   65   62   58   54   50
   46   44   42   41   39   41   42   46   48   49   46   44   42   39   39   38
   43   45   54   58   67   74   90  100  119                                   
    47.5-180.0 180.0   5.0 450.0                            LAT/LON1/LON2/DLON/H
  138  147  152  159  162  160  162  164  167  168  172  173  178  181  186  188
  193  193  200  201  207  209  208  204  196  186  175  163  150  140  129  120
  110   99   90   79   74   69   70   70   73   74   76   75   72   68   65   62
   59   58   58   57   57   58   59   62   63   62   57   54   49   48   46   48
   52   56   65   73   83   92  107  121  138                                   
    45.0-180.0 180.0   5.0 450.0                            LAT/LON1/LON2/DLON/H
  165  172  183  190  194  194  194  194  193  191  191  188  192  191  197  198
  204  204  212  214  221  221  222  218  211  203  192  178  165  148  137  124
  113   99   91   83   81   77   78   77   80   80   82   81   80   76   74   71
   71   72   72   73   73   74   75   76   75   71   65   61   57   56   57   59
   64   68   79   88  102  115  131  145  165                                   
    42.5-180.0 180.0   5.0 450.0                            LAT/LON1/LON2/DLON/H
  177  192  202  212  217  215  213  212  210  207  205  201  204  203  207  211
  214  217  219  224  227  230  230  229  223  216  203  188  168  148  131  115
  102   90   84   80   81   81   83   82   83   82   84   83   83   80   78   77
   77   79   81   82   82   84   84   84   82   78   70   66   61   61   61   65
   70   74   85   96  110  124  139  165  177                                   
    40.0-180.0 180.0   5.0 450.0                            LAT/LON1/LON2/DLON/H
  192  206  221  231  237  242  241  245  240  237  231  225  224  221  226  227
  233  231  236  236  240  240  240  238  234  225  213  193  170  144  124  105
   93   81   79   79   85   87   89   86   86   82   84   83   83   80   79   78
   79   82   84   85   87   88   89   88   85   79   72   68   65   66   67   69
   73   77   87   97  115  130  151  172  192                                   
    37.5-180.0 180.0   5.0 450.0                            LAT/LON1/LON2/DLON/H
  187  211  227  241  253  256  261  264  262  258  252  244  242  238  241  244
  247  249  250  252  252  250  248  247  241  234  218  196  168  139  116   99
   87   79   79   83   91   96   99   94   90   85   85   83   84   81   79   77
   78   79   82   83   85   87   89   88   86   81   74   70   67   68   67   68
   69   71   77   88  104  122  143  171  187                                   
    35.0-180.0 180.0   5.0 450.0                            LAT/LON1/LON2/DLON/H
  187  215  233  252  265  273  281  284  282  280  275  270  270  268  271  269
  274  271  274  270  269  264  260  255  250  243  228  204  175  146  125  111
  103   96   99  101  110  112  115  108  101   93   90   88   88   84   81   78
   77   78   80   80   83   86   88   89   86   83   76   74   71   71   70   68
   66   65   72   80   99  117  144  166  187                                   
    32.5-180.0 180.0   5.0 450.0                            LAT/LON1/LON2/DLON/H
  181  214  234  255  270  281  292  295  295  295  293  292  291  292  291  292
  293  292  292  288  285  276  269  263  257  251  238  215  190  163  150  141
  137  131  131  130  135  136  135  126  117  106  101   96   95   90   86   80
   76   74   75   75   78   83   86   89   88   83   79   77   75   75   71   67
   61   59   62   70   87  107  138  161  181                                   
    30.0-180.0 180.0   5.0 450.0                            LAT/LON1/LON2/DLON/H
  187  220  246  266  281  293  306  309  307  306  304  303  304  305  307  305
  310  305  306  302  298  289  281  272  267  262  253  235  217  201  195  193
  193  185  179  170  168  162  156  145  134  123  116  111  108  102   97   90
   84   80   78   78   81   87   91   95   92   89   83   82   80   79   76   69
   63   59   64   73   91  112  150  166  187                                   
    27.5-180.0 180.0   5.0 450.0                            LAT/LON1/LON2/DLON/H
  200  235  259  279  295  312  323  329  327  323  318  316  316  318  316  316
  316  313  313  312  309  300  289  281  275  273  270  261  254  247  254  259
  264  253  238  215  202  190  181  166  153  141  134  127  123  115  110  102
   94   89   84   82   84   89   96   99   98   92   87   85   84   83   78   71
   64   62   67   78   97  121  159  181  200                                   
    25.0-180.0 180.0   5.0 450.0                            LAT/LON1/LON2/DLON/H
  220  248  279  298  313  331  344  352  351  348  340  333  331  330  325  324
  322  318  318  316  314  306  296  288  286  287  292  294  298  305  322  336
  341  324  294  256  229  210  200  183  170  159  151  145  138  132  125  118
  108  102   95   92   93   98  103  106  104   98   91   87   86   84   80   74
   70   71   78   92  114  141  181  206  220                                   
    22.5-180.0 180.0   5.0 450.0                            LAT/LON1/LON2/DLON/H
  244  272  304  324  342  361  377  386  387  382  372  368  359  351  339  332
  325  318  316  316  313  308  300  294  297  305  317  328  342  357  382  398
  402  379  339  285  243  222  209  196  184  173  167  161  155  148  142  134
  126  118  109  104  103  107  110  111  108  101   93   87   85   83   80   75
   75   79   92  109  135  168  202  236  244                                   
    20.0-180.0 180.0   5.0 450.0                            LAT/LON1/LON2/DLON/H
  268  292  334  359  381  404  411  430  424  424  410  404  393  379  359  347
  334  324  316  312  309  306  303  303  310  326  346  364  384  402  429  442
  440  405  354  292  244  218  208  199  192  183  177  174  169  164  159  152
  143  135  125  117  114  115  119  117  114  105   94   85   82   78   77   76
   78   89  105  130  157  189  224  255  268                                   
    17.5-180.0 180.0   5.0 450.0                            LAT/LON1/LON2/DLON/H
  284  320  363  396  423  445  451  465  467  468  459  454  436  415  395  371
  354  336  323  314  309  309  310  316  330  352  377  397  418  437  462  466
  451  409  349  282  236  213  205  202  199  194  191  186  184  177  175  168
  160  150  142  130  124  123  125  125  119  110   95   87   80   78   76   78
   82   93  116  142  172  209  239  272  284                                   
    15.0-180.0 180.0   5.0 450.0                            LAT/LON1/LON2/DLON/H
  298  333  389  424  456  485  500  519  520  534  517  512  490  470  444  416
  390  363  344  328  318  320  324  339  355  383  408  429  448  463  476  465
  444  390  327  261  223  205  201  203  205  203  201  197  191  187  183  178
  170  164  154  144  134  131  130  129  123  111   94   82   75   74   74   76
   82   95  116  146  174  211  244  274  298                                   
    12.5-180.0 180.0   5.0 450.0                            LAT/LON1/LON2/DLON/H
  303  345  405  445  481  507  528  544  565  574  571  558  533  514  494  467
  436  400  373  350  337  337  346  362  384  411  436  457  471  477  473  454
  421  368  302  249  221  208  210  216  219  219  219  211  207  197  194  185
  179  170  162  149  140  133  131  127  120  108   91   79   72   71   70   74
   82   94  119  146  178  214  247  282  303                                   
    10.0-180.0 180.0   5.0 450.0                            LAT/LON1/LON2/DLON/H
  310  352  417  456  495  520  540  572  592  618  613  604  572  562  542  522
  490  449  412  383  362  363  371  393  416  443  465  481  489  481  465  431
  395  338  284  246  224  222  225  236  240  240  235  226  217  206  199  189
  181  172  165  154  145  139  136  131  123  110   93   80   72   72   72   75
   84   97  120  146  174  206  241  277  310                                   
     7.5-180.0 180.0   5.0 450.0                            LAT/LON1/LON2/DLON/H
  309  354  416  461  499  522  543  568  606  625  630  618  602  594  579  565
  536  496  458  426  404  399  410  429  448  468  487  500  498  482  454  417
