data/unet/pred2110.15i
     1.0            IONOSPHERE MAPS     GNSS                IONEX VERSION / TYPE
pyspatialgeodesy        IME             05-JAN-18 20:20     PGM / RUN BY / DATE 
Map Name                                                    COMMENT             
Predicted global ionosphere maps (GIM).                     DESCRIPTION         
  2015     7    30     0     0     0                        EPOCH OF FIRST MAP  
  2015     7    31     0     0     0                        EPOCH OF LAST MAP   
  7200                                                      INTERVAL            
    13                                                      # OF MAPS IN FILE   
  NONE                                                      MAPPING FUNCTION    
10.0                                                        ELEVATION CUTOFF    
One-way carrier phase leveled to code                       OBSERVABLES USED    
  6371.0                                                    BASE RADIUS         
 2                                                          MAP DIMENSION       
   450.0 450.0   0.0                                        HGT1 / HGT2 / DHGT  
    87.5 -87.5  -2.5                                        LAT1 / LAT2 / DLAT  
  -180.0 180.0   5.0                                        LON1 / LON2 / DLON  
    -1                                                      EXPONENT            
                                                            END OF HEADER       
     1                                                      START OF TEC MAP    
  2015     7    30     0     0     0                        EPOCH OF CURRENT MAP
    87.5-180.0 180.0   5.0 450.0                            LAT/LON1/LON2/DLON/H
  164  134  133  131  131  129  131  130  132  131  131  130  131  130  131  128
  130  128  128  126  126  124  124  121  122  119  120  117  119  116  118  114
  117  114  116  113  116  114  116  114  117  115  117  116  118  117  119  118
  120  120  122  121  123  123  124  123  124  124  124  123  124  122  122  121
  123  122  123  124  129  129  132  161  164                                   
    85.0-180.0 180.0   5.0 450.0                            LAT/LON1/LON2/DLON/H
  139  138  142  141  141  138  141  139  142  140  142  139  141  139  140  136
  138  135  135  131  133  129  129  125  126  122  122  118  120  116  117  114
  116  113  115  112  115  112  115  112  116  114  117  115  118  117  119  118
  121  120  123  122  125  125  127  126  127  126  127  126  127  126  126  125
  127  126  129  129  135  132  132  132  139                                   
    82.5-180.0 180.0   5.0 450.0                            LAT/LON1/LON2/DLON/H
  140  142  146  146  147  143  148  145  149  146  149  145  148  143  145  140
  142  137  138  132  134  128  130  123  125  119  121  115  117  112  114  109
  113  108  112  108  112  108  112  109  113  110  114  112  116  114  118  116
  120  118  122  120  124  122  126  123  127  124  127  124  127  123  127  123
  128  125  131  130  139  135  135  133  140                                   
    80.0-180.0 180.0   5.0 450.0                            LAT/LON1/LON2/DLON/H
  143  147  150  152  150  150  153  153  155  154  154  153  153  151  150  147
  146  143  141  137  136  132  130  127  125  122  120  117  116  113  112  110
  111  109  110  109  111  110  112  112  114  114  116  116  117  118  119  120
  121  122  124  125  126  126  127  127  128  128  128  127  128  127  127  126
  127  127  130  133  139  138  138  138  143                                   
    77.5-180.0 180.0   5.0 450.0                            LAT/LON1/LON2/DLON/H
  147  147  148  149  148  149  152  153  155  155  155  154  154  152  150  148
  146  142  140  137  135  131  129  125  122  118  116  113  111  108  107  106
  106  105  105  105  107  107  108  109  111  112  113  114  115  116  118  119
  120  122  123  125  125  127  128  129  129  130  129  129  128  128  126  126
  125  125  126  129  133  133  135  134  147                                   
    75.0-180.0 180.0   5.0 450.0                            LAT/LON1/LON2/DLON/H
  145  143  144  146  145  146  150  151  153  153  154  153  153  151  150  147
  145  142  140  136  135  131  129  124  121  116  114  110  108  105  105  103
  103  102  103  103  105  105  107  108  110  110  113  113  115  116  118  119
  121  122  124  125  126  128  129  130  131  132  131  131  130  129  127  125
  123  122  123  124  128  127  130  130  145                                   
    72.5-180.0 180.0   5.0 450.0                            LAT/LON1/LON2/DLON/H
  144  140  140  140  139  140  143  146  148  149  150  150  150  148  147  145
  143  141  139  136  134  131  128  124  120  116  113  109  106  103  103  101
  100  100  101  101  102  103  104  105  106  106  108  109  111  112  115  116
  118  119  121  122  124  125  127  128  130  131  131  131  130  128  126  123
  120  118  119  119  122  123  126  128  144                                   
    70.0-180.0 180.0   5.0 450.0                            LAT/LON1/LON2/DLON/H
  140  137  137  138  136  137  141  144  146  148  150  151  151  150  148  147
  145  143  142  140  138  135  132  127  123  118  115  110  107  104  104  101
  101  100  101  100  101  101  102  102  103  102  105  106  107  109  113  114
  116  117  119  120  121  122  125  127  129  131  133  134  134  133  130  127
  124  121  121  120  122  121  124  126  140                                   
    67.5-180.0 180.0   5.0 450.0                            LAT/LON1/LON2/DLON/H
  143  138  136  135  133  133  136  139  142  145  148  149  150  149  149  147
  146  145  144  143  141  138  135  131  126  121  117  112  109  106  105  103
  101  100   99   98   97   96   96   95   95   95   97   98  101  103  107  109
  111  112  114  114  116  116  119  122  126  129  133  135  137  136  134  130
  127  124  124  123  124  123  127  128  143                                   
    65.0-180.0 180.0   5.0 450.0                            LAT/LON1/LON2/DLON/H
  145  140  137  136  132  132  134  137  140  144  147  149  150  151  150  150
  149  149  148  148  146  145  140  136  131  126  121  117  114  111  109  107
  105  102  100   97   95   93   92   90   90   90   92   94   97   99  103  105
  107  107  109  109  111  112  116  120  125  130  134  139  141  142  139  137
  134  132  130  129  130  127  131  131  145                                   
    62.5-180.0 180.0   5.0 450.0                            LAT/LON1/LON2/DLON/H
  153  146  142  138  133  131  132  134  137  140  144  146  150  150  151  150
  151  151  151  152  152  150  146  141  136  131  126  121  118  115  113  110
  107  103   99   94   91   87   86   83   83   83   86   87   92   94   98   99
  102  102  105  104  107  108  113  117  124  129  135  140  144  145  144  142
  139  137  137  136  138  136  139  138  153                                   
    60.0-180.0 180.0   5.0 450.0                            LAT/LON1/LON2/DLON/H
  159  152  148  144  137  134  133  133  136  138  142  145  148  150  151  152
  153  155  155  158  157  157  152  149  143  138  133  129  125  123  120  116
  112  106  100   93   88   84   83   81   81   82   85   87   90   93   96   97
   99  100  101  102  105  108  112  118  125  133  138  144  148  150  149  148
  146  145  145  146  147  144  147  145  159                                   
    57.5-180.0 180.0   5.0 450.0                            LAT/LON1/LON2/DLON/H
  169  161  156  151  144  140  137  135  136  137  140  143  147  148  151  152
  154  156  158  161  162  161  158  155  150  145  140  137  134  130  127  121
  115  107   99   92   86   82   80   79   81   81   85   86   90   91   94   95
   98   98  101  102  106  110  116  122  130  137  143  148  152  153  153  152
  152  151  152  153  157  155  156  155  169                                   
    55.0-180.0 180.0   5.0 450.0                            LAT/LON1/LON2/DLON/H
  176  169  166  161  154  149  144  140  139  138  140  142  145  147  149  152
  154  158  160  165  166  167  164  162  157  155  150  147  143  140  134  128
  119  110  101   93   87   83   82   82   84   86   89   91   93   94   96   96
   98   99  103  106  112  118  125  132  139  146  151  155  157  158  157  157
  158  158  160  163  166  164  165  163  176                                   
    52.5-180.0 180.0   5.0 450.0                            LAT/LON1/LON2/DLON/H
  185  180  177  174  167  161  155  150  146  144  143  144  146  147  150  152
  156  160  165  169  172  173  172  170  167  164  161  158  154  148  141  133
  122  112  103   95   89   86   86   87   90   91   94   94   96   96   98   98
  101  102  108  113  121  128  136  143  151  156  160  162  163  162  162  162
  163  164  167  171  176  174  174  174  185                                   
    50.0-180.0 180.0   5.0 450.0                            LAT/LON1/LON2/DLON/H
  192  188  190  187  181  177  171  166  159  155  151  150  150  151  152  155
  158  164  168  174  177  180  179  178  176  174  170  168  162  155  146  136
  125  114  105   98   94   92   93   94   97   98  100  100  102  101  102  102
  105  107  113  120  130  139  148  156  164  168  171  172  171  170  169  169
  171  173  178  181  186  184  182  182  192                                   
    47.5-180.0 180.0   5.0 450.0                            LAT/LON1/LON2/DLON/H
  200  196  199  200  196  193  188  184  177  172  166  163  161  160  160  162
  165  171  176  181  186  188  189  189  187  184  181  177  170  161  149  138
  126  117  109  103  100   99  100  101  103  103  105  104  105  104  105  105
  108  112  119  127  139  148  159  166  175  178  181  180  180  178  178  178
  182  184  190  194  200  195  193  192  200                                   
    45.0-180.0 180.0   5.0 450.0                            LAT/LON1/LON2/DLON/H
  207  204  210  211  209  209  206  203  197  192  185  180  176  174  171  173
  175  180  184  191  194  198  198  198  197  194  189  183  175  163  150  138
  127  119  113  109  109  108  109  108  110  109  110  109  109  107  109  109
  112  116  124  133  145  155  166  175  184  189  191  191  190  188  188  190
  194  198  204  209  212  208  202  202  207                                   
    42.5-180.0 180.0   5.0 450.0                            LAT/LON1/LON2/DLON/H
  219  213  219  221  222  224  224  222  218  212  205  199  194  191  187  188
  189  192  195  200  204  207  208  208  206  204  198  189  178  165  151  139
  129  123  119  117  117  116  116  115  116  115  115  112  112  110  113  113
  117  121  129  137  150  160  172  181  191  196  199  199  201  200  204  205
  211  215  221  224  229  220  215  214  219                                   
    40.0-180.0 180.0   5.0 450.0                            LAT/LON1/LON2/DLON/H
  233  226  232  233  234  237  239  240  237  234  227  220  213  209  204  203
  202  205  206  210  212  214  214  214  213  210  203  193  179  164  150  138
  131  126  125  124  126  125  125  123  123  121  121  118  117  116  118  119
  123  125  132  139  151  161  174  183  195  201  205  207  210  212  216  220
  226  232  237  242  244  236  225  230  233                                   
    37.5-180.0 180.0   5.0 450.0                            LAT/LON1/LON2/DLON/H
  253  241  246  246  247  248  252  255  255  252  247  239  232  227  221  219
  217  217  217  218  219  219  219  218  217  213  206  195  179  163  149  139
  133  131  132  132  134  133  132  130  130  128  128  125  124  123  125  125
  129  130  135  140  151  161  175  185  197  203  209  212  218  222  229  234
  243  247  254  256  260  250  243  245  253                                   
    35.0-180.0 180.0   5.0 450.0                            LAT/LON1/LON2/DLON/H
  279  265  267  264  262  264  268  271  272  269  265  258  250  245  239  235
  231  230  227  226  224  222  220  218  217  214  206  195  178  162  149  140
  135  134  137  138  141  140  139  138  139  139  139  137  134  133  132  132
  133  132  135  138  147  156  172  183  197  204  211  216  222  229  236  245
  252  259  264  270  272  266  259  267  279                                   
    32.5-180.0 180.0   5.0 450.0                            LAT/LON1/LON2/DLON/H
  310  294  293  289  286  285  287  288  288  285  281  274  268  262  255  250
  245  241  236  232  227  223  220  217  215  212  206  195  180  164  151  142
  138  138  140  143  145  144  144  145  147  150  151  149  146  142  139  136
  135  133  133  134  141  150  165  180  196  206  215  220  228  234  243  250
  259  264  272  277  283  278  277  285  310                                   
    30.0-180.0 180.0   5.0 450.0                            LAT/LON1/LON2/DLON/H
  345  333  331  324  320  316  316  312  311  305  299  292  284  278  271  265
  257  251  243  236  229  223  217  213  211  208  203  193  179  163  151  141
  138  136  139  140  144  143  146  149  156  161  163  162  157  150  144  138
  134  129  127  126  132  140  154  171  189  203  213  220  229  235  243  251
  258  266  275  283  291  291  291  304  345                                   
    27.5-180.0 180.0   5.0 450.0                            LAT/LON1/LON2/DLON/H
  375  371  372  369  362  358  352  346  340  332  323  313  305  296  289  280
  270  260  249  240  231  223  215  210  207  203  198  189  176  163  149  140
  134  132  133  134  136  137  141  148  159  167  171  169  162  153  142  134
  129  122  120  117  122  130  145  163  183  199  212  220  230  235  243  249
  258  266  276  286  297  300  306  317  375                                   
    25.0-180.0 180.0   5.0 450.0                            LAT/LON1/LON2/DLON/H
  400  409  415  416  412  405  397  387  378  367  356  344  330  320  309  298
  284  272  258  246  235  224  214  206  202  197  192  183  172  157  146  133
  128  122  123  122  125  126  134  143  157  167  173  171  162  149  137  126
  120  114  111  109  114  123  138  156  177  195  208  218  228  234  241  249
  258  268  280  292  306  313  320  334  400                                   
    22.5-180.0 180.0   5.0 450.0                            LAT/LON1/LON2/DLON/H
  411  427  442  452  453  451  441  433  421  409  393  378  363  348  333  317
  300  285  269  255  242  228  216  206  198  190  183  176  165  154  139  127
  117  112  109  110  110  114  122  133  149  160  166  162  152  137  124  113
  108  102  102  100  108  118  136  155  177  196  211  221  231  236  244  250
  262  272  285  298  313  322  333  345  411                                   
    20.0-180.0 180.0   5.0 450.0                            LAT/LON1/LON2/DLON/H
  414  439  457  477  483  487  480  474  461  449  430  414  395  378  356  337
  317  300  283  266  250  233  219  205  194  183  174  165  158  145  132  118
  108  100   98   97   98  101  109  120  135  146  151  146  136  121  109   99
   96   93   94   95  103  116  134  154  177  197  211  223  233  240  248  256
  268  280  295  310  325  336  346  358  414                                   
    17.5-180.0 180.0   5.0 450.0                            LAT/LON1/LON2/DLON/H
  405  430  454  480  495  503  500  496  487  473  457  441  422  403  379  357
  335  316  297  279  261  242  224  206  189  175  162  155  147  138  124  111
   99   93   89   90   88   92   97  106  119  126  131  124  114   99   89   82
   83   82   84   85   97  109  133  154  178  199  217  228  241  248  258  267
  281  292  309  322  337  347  357  367  405                                   
    15.0-180.0 180.0   5.0 450.0                            LAT/LON1/LON2/DLON/H
  391  418  442  474  493  505  504  501  493  480  467  454  439  420  397  374
  351  330  310  291  272  249  228  204  184  165  153  144  138  129  118  105
   95   88   86   85   84   85   89   94  102  106  108  102   93   82   75   73
   75   76   78   81   92  107  129  152  176  198  216  231  245  256  268  280
  295  309  325  339  355  365  374  379  391                                   
    12.5-180.0 180.0   5.0 450.0                            LAT/LON1/LON2/DLON/H
  373  395  419  448  469  480  484  482  476  470  461  455  445  431  413  391
  368  347  326  305  282  257  231  203  178  156  142  134  129  123  113  103
   94   90   88   89   86   86   86   87   90   90   89   83   77   69   67   66
   70   71   72   74   86  101  126  149  175  198  219  236  255  268  284  296
  312  326  342  354  369  376  383  388  373                                   
    10.0-180.0 180.0   5.0 450.0                            LAT/LON1/LON2/DLON/H
  361  380  399  424  444  454  459  456  454  450  449  448  442  433  418  400
  378  359  337  314  288  259  231  200  173  149  135  127  124  119  113  106
  100   98   97   98   95   93   90   87   87   83   81   76   72   67   68   68
   71   72   71   72   81   95  117  142  168  193  215  237  258  278  296  311
  326  341  358  372  384  389  398  398  361                                   
     7.5-180.0 180.0   5.0 450.0                            LAT/LON1/LON2/DLON/H
  359  371  388  403  418  425  429  430  429  430  434  436  437  431  423  409
  391  371  349  322  292  259  228  196  167  144  130  124  121  118  114  110
