data/unet/pred1120.15i
     1.0            IONOSPHERE MAPS     GNSS                IONEX VERSION / TYPE
pyspatialgeodesy        IME             05-JAN-18 20:20     PGM / RUN BY / DATE 
Map Name                                                    COMMENT             
Predicted global ionosphere maps (GIM).                     DESCRIPTION         
  2015     4    22     0     0     0                        EPOCH OF FIRST MAP  
  2015     4    23     0     0     0                        EPOCH OF LAST MAP   
  7200                                                      INTERVAL            
    13                                                      # OF MAPS IN FILE   
  NONE                                                      MAPPING FUNCTION    
10.0                                                        ELEVATION CUTOFF    
One-way carrier phase leveled to code                       OBSERVABLES USED    
  6371.0                                                    BASE RADIUS         
 2                                                          MAP DIMENSION       
   450.0 450.0   0.0                                        HGT1 / HGT2 / DHGT  
    87.5 -87.5  -2.5                                        LAT1 / LAT2 / DLAT  
  -180.0 180.0   5.0                                        LON1 / LON2 / DLON  
    -1                                                      EXPONENT            
                                                            END OF HEADER       
[from data line 1287]
     4                                                      START OF TEC MAP    
  2015     4    22     6     0     0                        EPOCH OF CURRENT MAP
    87.5-180.0 180.0   5.0 450.0                            LAT/LON1/LON2/DLON/H
  206  228  216  219  222  222  224  225  226  227  229  230  231  233  234  237
  237  238  238  238  237  235  235  233  234  233  235  233  234  233  233  232
  232  232  232  232  231  231  231  231  230  230  229  228  226  224  223  221
  220  218  218  216  216  213  214  211  211  208  209  205  206  202  204  200
  202  199  201  198  203  199  218  207  206                                   
    85.0-180.0 180.0   5.0 450.0                            LAT/LON1/LON2/DLON/H
  214  210  203  211  212  215  218  222  222  226  227  230  231  234  236  237
  238  237  238  235  234  231  231  228  229  227  230  227  229  226  229  225
  229  225  230  226  230  225  231  226  230  225  229  224  226  220  222  217
  219  214  217  213  215  211  213  209  211  206  207  203  203  199  198  196
  196  193  192  193  196  189  203  204  214                                   
    82.5-180.0 180.0   5.0 450.0                            LAT/LON1/LON2/DLON/H
  196  199  193  199  201  206  212  218  222  226  230  233  235  238  241  240
  241  237  236  230  229  223  223  219  221  218  221  220  221  220  221  222
  223  224  227  227  230  229  233  232  234  232  234  232  232  228  228  224
  224  220  221  218  219  214  215  211  212  206  206  201  201  194  194  188
  189  183  182  179  182  182  186  183  196                                   
    80.0-180.0 180.0   5.0 450.0                            LAT/LON1/LON2/DLON/H
  194  194  182  186  189  196  202  208  214  218  223  225  229  231  233  232
  230  225  222  217  212  206  202  199  195  192  191  190  188  190  191  194
  197  202  208  214  219  223  229  232  235  237  238  239  238  238  235  235
  232  230  228  228  226  224  222  220  219  215  214  211  210  205  203  199
  197  191  188  184  183  180  183  183  194                                   
    77.5-180.0 180.0   5.0 450.0                            LAT/LON1/LON2/DLON/H
  193  191  181  180  185  188  197  202  208  211  216  218  220  220  221  218
  215  210  207  200  197  188  185  176  173  167  165  161  160  159  163  166
  172  178  189  198  209  215  225  230  235  238  242  244  245  245  245  245
  244  243  243  243  242  242  241  242  240  239  236  236  232  230  225  224
  219  215  209  204  200  193  196  191  193                                   
    75.0-180.0 180.0   5.0 450.0                            LAT/LON1/LON2/DLON/H
  201  198  184  182  181  184  190  192  198  199  204  204  206  205  205  201
  196  193  187  185  177  173  165  160  151  147  140  138  134  135  137  143
  148  160  169  183  196  208  219  227  234  240  244  248  250  254  256  258
  261  263  266  268  270  270  270  269  267  266  263  262  258  257  251  250
  244  241  232  227  218  214  218  207  201                                   
    72.5-180.0 180.0   5.0 450.0                            LAT/LON1/LON2/DLON/H
  214  207  196  190  185  186  186  187  188  189  189  188  185  183  179  176
  173  170  168  166  163  158  153  146  138  130  125  122  119  119  121  126
  135  146  158  172  187  200  214  224  233  240  246  252  258  263  269  272
  280  284  292  295  301  302  304  303  302  299  296  293  290  287  284  280
  276  271  263  255  248  239  237  226  214                                   
    70.0-180.0 180.0   5.0 450.0                            LAT/LON1/LON2/DLON/H
  229  219  205  195  187  184  183  179  180  177  176  172  169  164  159  155
  148  149  146  151  147  148  140  138  128  125  116  116  109  111  111  118
  125  135  147  163  176  192  205  217  227  235  245  253  263  269  280  285
  298  305  315  321  326  330  329  330  323  321  313  311  304  302  295  293
  288  285  275  271  262  254  255  239  229                                   
    67.5-180.0 180.0   5.0 450.0                            LAT/LON1/LON2/DLON/H
  237  226  212  198  185  180  176  173  172  169  166  162  154  147  137  128
  124  121  125  129  134  135  134  130  126  122  117  113  109  107  109  113
  120  128  142  156  169  182  196  208  220  231  243  255  269  277  292  299
  315  323  335  342  348  350  349  346  340  333  325  318  312  305  300  295
  293  288  285  279  274  264  260  247  237                                   
    65.0-180.0 180.0   5.0 450.0                            LAT/LON1/LON2/DLON/H
  247  234  217  199  184  177  175  170  169  164  162  156  148  139  129  121
  113  112  112  119  122  128  127  130  126  127  120  118  111  109  108  112
  116  124  134  148  158  172  185  199  212  226  242  256  274  284  299  310
  326  338  348  358  363  367  363  359  349  339  325  317  306  298  290  285
  282  279  276  272  269  264  265  250  247                                   
    62.5-180.0 180.0   5.0 450.0                            LAT/LON1/LON2/DLON/H
  249  238  221  202  183  173  167  163  160  158  156  151  143  136  124  114
  108  104  108  110  118  120  125  126  127  125  123  118  115  110  109  110
  115  120  130  142  155  166  179  193  209  226  245  262  284  296  314  327
  344  355  367  374  381  380  377  368  358  343  329  316  307  295  286  279
  274  271  269  265  263  260  258  252  249                                   
    60.0-180.0 180.0   5.0 450.0                            LAT/LON1/LON2/DLON/H
  256  246  225  207  187  172  166  160  157  155  153  150  143  138  126  117
  109  103  105  105  111  112  115  118  117  120  116  117  111  110  106  108
  110  117  123  137  148  162  173  191  210  233  253  273  294  310  327  342
  357  370  379  390  397  398  392  382  371  356  339  326  315  303  292  282
  275  268  265  260  257  256  260  253  256                                   
    57.5-180.0 180.0   5.0 450.0                            LAT/LON1/LON2/DLON/H
  258  255  233  215  195  178  164  156  151  148  147  144  142  136  128  120
  112  105  105  102  107  104  109  107  111  110  112  110  109  104  104  101
  108  113  125  135  149  161  175  191  214  239  262  283  305  319  338  353
  370  379  392  400  410  410  407  398  389  376  361  349  337  325  314  301
  291  281  276  265  262  261  263  266  258                                   
    55.0-180.0 180.0   5.0 450.0                            LAT/LON1/LON2/DLON/H
  276  274  254  235  214  195  179  165  155  149  145  143  140  139  132  129
  120  115  110  108  105  103  101   99   99  102  100  103  100   99   95   96
  101  111  120  137  149  164  176  194  219  247  272  293  315  332  350  367
  382  396  407  422  427  434  429  427  417  408  393  382  368  354  341  325
  315  302  296  283  280  277  286  278  276                                   
    52.5-180.0 180.0   5.0 450.0                            LAT/LON1/LON2/DLON/H
  297  298  285  266  245  226  203  184  166  153  145  141  140  140  137  134
  129  121  118  111  109  101  100   94   98   96  102  101  104   99  100   98
  107  114  130  142  158  170  184  200  227  255  282  303  328  343  365  380
  397  411  424  438  447  452  453  453  447  441  430  421  407  396  379  365
  349  336  326  316  310  305  306  304  297                                   
    50.0-180.0 180.0   5.0 450.0                            LAT/LON1/LON2/DLON/H
  328  327  317  301  285  261  239  212  186  167  153  144  141  143  141  143
  138  137  130  127  116  113  100  101   94  101  100  104  103  101   98  101
  105  119  130  149  164  176  188  205  234  264  293  317  343  363  381  399
  417  436  449  467  474  482  481  484  478  474  462  455  442  430  412  397
  380  364  352  341  333  326  329  321  328                                   
    47.5-180.0 180.0   5.0 450.0                            LAT/LON1/LON2/DLON/H
  349  352  344  334  323  308  279  249  215  188  166  151  145  145  145  147
  148  146  146  137  133  119  115  105  108  105  111  108  112  106  107  107
  116  126  143  158  175  185  198  216  245  276  306  334  361  383  400  420
  437  456  471  488  497  503  504  502  500  493  484  477  466  457  439  426
  407  393  378  368  360  355  347  345  349                                   
    45.0-180.0 180.0   5.0 450.0                            LAT/LON1/LON2/DLON/H
  374  369  366  356  349  341  318  283  247  212  184  166  154  151  150  155
  157  160  158  159  148  146  128  130  119  126  120  123  116  114  110  115
  118  134  146  165  179  191  205  225  258  288  321  352  380  404  422  443
  460  483  496  516  521  528  522  523  516  509  498  492  482  474  458  445
  430  414  400  387  381  371  360  354  374                                   
    42.5-180.0 180.0   5.0 450.0                            LAT/LON1/LON2/DLON/H
  382  379  373  369  364  361  342  317  277  241  205  183  166  159  157  160
  165  169  175  173  173  161  155  142  142  134  139  130  129  118  118  117
  125  136  154  168  185  198  214  238  272  305  341  375  403  429  446  469
  484  507  520  540  544  548  543  540  534  525  513  507  496  488  474  462
  447  434  420  408  398  387  366  363  382                                   
    40.0-180.0 180.0   5.0 450.0                            LAT/LON1/LON2/DLON/H
  392  377  370  366  363  359  344  324  290  257  222  198  180  171  168  170
  177  184  192  200  198  196  181  178  162  163  150  148  131  129  116  125
  122  142  150  170  183  202  221  249  288  320  358  394  421  449  464  490
  503  530  537  562  561  570  561  562  555  549  537  533  520  515  497  489
  470  459  441  428  417  400  373  363  392                                   
    37.5-180.0 180.0   5.0 450.0                            LAT/LON1/LON2/DLON/H
  390  369  354  348  342  341  327  315  293  268  235  210  192  182  176  179
  186  196  211  222  229  226  217  202  189  174  167  151  141  126  120  120
  124  134  149  165  188  207  234  268  307  344  379  415  437  467  483  513
  526  552  561  587  588  600  593  600  596  596  588  582  573  561  545  531
  514  500  482  465  447  425  390  372  390                                   
    35.0-180.0 180.0   5.0 450.0                            LAT/LON1/LON2/DLON/H
  406  369  341  326  316  309  299  292  277  261  238  220  202  195  191  195
  202  216  229  250  253  264  246  238  213  205  178  172  147  144  126  137
  127  147  147  177  190  222  246  284  327  360  393  423  446  475  498  530
  546  575  590  618  621  640  637  652  656  662  661  657  648  631  603  583
  561  544  524  508  489  465  426  397  406                                   
    32.5-180.0 180.0   5.0 450.0                            LAT/LON1/LON2/DLON/H
  441  396  351  311  290  273  262  255  250  243  231  219  207  201  200  205
  215  230  248  269  280  287  275  260  237  218  195  183  165  158  146  148
  144  149  156  175  200  227  263  296  340  374  402  429  450  482  507  542
  561  593  611  638  657  684  700  722  743  752  762  750  742  711  687  658
  634  603  583  563  547  520  482  445  441                                   
    30.0-180.0 180.0   5.0 450.0                            LAT/LON1/LON2/DLON/H
  505  455  393  337  292  261  237  228  224  225  221  218  211  212  210  221
  232  249  262  288  294  309  293  288  257  246  217  215  197  198  185  190
  178  180  174  195  211  245  274  308  342  373  398  423  448  486  515  557
  582  610  629  665  693  734  767  802  835  857  880  876  869  836  804  767
  736  707  669  644  617  597  561  526  505                                   
    27.5-180.0 180.0   5.0 450.0                            LAT/LON1/LON2/DLON/H
  593  543  478  401  343  286  250  224  217  212  214  212  212  215  217  230
  242  260  275  298  309  320  313  302  284  270  253  250  248  245  234  215
  199  189  191  205  230  255  284  307  338  366  388  411  438  473  509  550
  585  623  659  699  744  788  832  875  914  951  982  994  987  960  921  873
  832  791  761  740  709  688  660  625  593                                   
    25.0-180.0 180.0   5.0 450.0                            LAT/LON1/LON2/DLON/H
  705  650  572  510  428  381  311  281  247  246  234  232  228  232  236  249
  258  275  284  311  314  338  326  328  307  309  289  288  260  250  229  215
  193  189  182  204  235  265  290  314  337  364  385  414  439  476  511  558
  604  645  689  736  785  835  883  930  973 1013 1052 1068 1077 1053 1023  973
  936  893  864  839  816  807  769  757  705                                   
    22.5-180.0 180.0   5.0 450.0                            LAT/LON1/LON2/DLON/H
  811  769  692  606  534  476  412  367  328  301  280  269  258  256  258  267
  273  287  298  320  332  348  347  352  335  329  297  284  261  246  225  207
  188  178  171  186  226  265  292  306  335  355  382  410  438  474  515  574
  634  680  727  769  819  867  915  963 1007 1044 1083 1108 1125 1122 1095 1064
 1023  994  962  945  919  914  877  873  811                                   
    20.0-180.0 180.0   5.0 450.0                            LAT/LON1/LON2/DLON/H
  902  870  802  744  665  605  529  490  427  404  351  338  306  302  284  292
  286  309  308  340  340  372  365  378  356  343  308  294  268  254  231  214
  196  178  174  185  228  254  284  306  329  356  385  413  450  483  539  601
  658  705  745  791  830  877  918  965 1001 1044 1079 1106 1128 1128 1118 1087
 1068 1039 1032 1013 1003  997  975  939  902                                   
    17.5-180.0 180.0   5.0 450.0                            LAT/LON1/LON2/DLON/H
  971  941  886  843  784  726  652  595  543  493  440  402  364  341  319  316
  308  328  330  353  360  382  381  391  370  354  317  296  273  248  235  211
  195  170  167  171  216  238  277  297  330  363  400  429  464  508  566  632
  681  732  761  803  836  871  902  939  968 1008 1035 1065 1081 1095 1087 1084
 1069 1066 1065 1063 1052 1052 1020  974  971                                   
    15.0-180.0 180.0   5.0 450.0                            LAT/LON1/LON2/DLON/H
  992  969  921  890  851  805  749  700  640  595  537  493  435  402  356  354
  333  355  352  384  376  404  399  411  388  364  333  304  276  255  237  211
  191  150  156  158  199  222  263  295  332  367  415  435  480  519  595  645
  694  735  769  808  834  856  868  893  910  936  957  977 1009 1012 1035 1024
 1046 1040 1071 1065 1071 1066 1032  974  992                                   
    12.5-180.0 180.0   5.0 450.0                            LAT/LON1/LON2/DLON/H
  987  973  932  912  878  846  798  762  716  672  616  574  517  472  419  396
  369  382  384  392  396  409  408  403  382  355  322  292  272  249  237  204
  173  136  133  146  179  210  255  298  340  392  434  471  503  558  614  671
  703  751  778  815  825  835  831  841  842  857  861  888  912  942  962  980
  993 1021 1037 1052 1049 1047 1018  955  987                                   
    10.0-180.0 180.0   5.0 450.0                            LAT/LON1/LON2/DLON/H
  953  937  897  875  847  827  797  779  747  727  674  637  581  548  487  456
  412  422  408  424  414  422  414  406  384  348  315  281  260  234  220  178
  155  116  125  135  171  203  252  299  348  394  442  472  513  556  618  665
  705  744  773  802  813  814  799  803  797  806  809  829  863  885  926  933
  972  975 1023 1017 1037 1023  996  930  953                                   
     7.5-180.0 180.0   5.0 450.0                            LAT/LON1/LON2/DLON/H
  913  895  844  825  788  782  767  765  748  739  699  668  624  596  556  525
  483  476  457  446  429  417  407  387  360  329  294  265  243  220  196  167
