data/unet/pred3020.15i
     1.0            IONOSPHERE MAPS     GNSS                IONEX VERSION / TYPE
pyspatialgeodesy        IME             05-JAN-18 20:20     PGM / RUN BY / DATE 
Map Name                                                    COMMENT             
Predicted global ionosphere maps (GIM).                     DESCRIPTION         
  2015    10    29     0     0     0                        EPOCH OF FIRST MAP  
  2015    10    30     0     0     0                        EPOCH OF LAST MAP   
  7200                                                      INTERVAL            
    13                                                      # OF MAPS IN FILE   
  NONE                                                      MAPPING FUNCTION    
10.0                                                        ELEVATION CUTOFF    
One-way carrier phase leveled to code                       OBSERVABLES USED    
  6371.0                                                    BASE RADIUS         
 2                                                          MAP DIMENSION       
   450.0 450.0   0.0                                        HGT1 / HGT2 / DHGT  
    87.5 -87.5  -2.5                                        LAT1 / LAT2 / DLAT  
  -180.0 180.0   5.0                                        LON1 / LON2 / DLON  
    -1                                                      EXPONENT            
                                                            END OF HEADER       
[from data line 1716]
     5                                                      START OF TEC MAP    
  2015    10    29     8     0     0                        EPOCH OF CURRENT MAP
    87.5-180.0 180.0   5.0 450.0                            LAT/LON1/LON2/DLON/H
   33   47   51   50   51   49   52   51   54   53   55   55   57   57   58   58
   60   59   61   60   63   62   65   63   66   64   66   64   67   65   67   65
   67   65   66   64   66   64   66   64   67   65   66   65   66   64   65   63
   64   63   63   62   62   61   61   59   60   57   57   54   54   50   50   47
   48   45   46   46   49   45   49   42   33                                   
    85.0-180.0 180.0   5.0 450.0                            LAT/LON1/LON2/DLON/H
   35   54   53   58   55   58   57   62   60   64   62   66   63   68   64   69
   65   70   66   71   67   73   69   75   71   76   73   78   74   79   75   80
   76   81   77   83   78   84   79   86   81   87   81   87   82   87   81   86
   80   84   78   82   76   78   72   74   67   70   62   65   57   60   52   56
   49   53   47   52   48   48   47   36   35                                   
    82.5-180.0 180.0   5.0 450.0                            LAT/LON1/LON2/DLON/H
   36   49   45   50   45   50   49   55   53   57   55   59   56   60   56   61
   58   62   59   63   60   64   63   66   66   69   70   73   74   77   76   79
   79   82   82   85   85   88   89   91   92   94   95   97   96   98   97   98
   95   96   92   92   87   86   81   78   73   69   64   60   55   53   47   46
   40   42   36   39   34   34   40   22   36                                   
    80.0-180.0 180.0   5.0 450.0                            LAT/LON1/LON2/DLON/H
   32   48   43   45   43   47   47   51   50   51   50   51   50   51   49   50
   48   50   49   50   50   53   52   56   56   60   61   66   67   70   71   75
   77   80   82   85   88   91   94   97  101  102  107  108  112  112  114  114
  115  113  112  110  108  104  101   95   91   84   80   73   68   61   57   50
   47   41   39   35   34   30   33   17   32                                   
    77.5-180.0 180.0   5.0 450.0                            LAT/LON1/LON2/DLON/H
   32   51   46   45   45   46   49   50   50   49   48   47   45   45   43   43
   42   42   42   42   43   44   45   47   48   50   52   55   57   60   62   67
   68   73   75   80   83   89   95   99  106  109  116  118  122  124  128  128
  130  129  131  129  128  124  122  115  112  103   99   89   85   75   70   61
   56   49   45   38   37   31   38   14   32                                   
    75.0-180.0 180.0   5.0 450.0                            LAT/LON1/LON2/DLON/H
   32   48   46   49   47   52   51   53   50   49   46   45   41   40   37   37
   35   36   36   38   38   40   40   43   43   46   46   49   51   53   55   58
   61   65   70   76   80   91   96  108  113  123  128  135  139  144  147  149
  151  152  153  153  152  151  146  143  135  129  121  115  105   98   88   81
   71   64   57   50   45   38   38   18   32                                   
    72.5-180.0 180.0   5.0 450.0                            LAT/LON1/LON2/DLON/H
   40   58   51   51   52   52   53   53   50   46   43   40   36   33   32   30
   30   30   32   33   34   36   37   40   41   42   43   44   45   47   48   51
   53   58   62   68   76   86   98  109  120  128  140  145  153  159  164  168
  171  174  177  179  179  176  172  166  160  152  145  135  127  116  108   97
   89   79   71   62   56   47   50   28   40                                   
    70.0-180.0 180.0   5.0 450.0                            LAT/LON1/LON2/DLON/H
   39   55   50   52   51   54   54   53   50   45   42   38   36   32   31   30
   31   31   34   36   38   40   42   43   45   44   44   44   44   44   45   46
   50   54   60   67   76   90  102  117  127  139  148  159  165  175  181  185
  190  192  198  199  201  198  195  187  183  174  166  156  147  137  126  116
  104   94   85   74   69   56   55   37   39                                   
    67.5-180.0 180.0   5.0 450.0                            LAT/LON1/LON2/DLON/H
   46   63   54   51   52   51   52   50   47   43   39   36   32   30   30   30
   32   33   36   38   40   44   45   47   47   46   45   44   42   42   41   43
   45   51   57   65   76   89  104  117  132  142  155  165  173  183  188  196
  197  204  209  212  212  210  207  200  195  187  180  168  160  148  138  126
  116  103   95   83   75   65   63   44   46                                   
    65.0-180.0 180.0   5.0 450.0                            LAT/LON1/LON2/DLON/H
   43   56   46   47   45   48   47   47   45   42   39   37   35   33   33   35
   37   39   41   44   46   48   50   51   52   50   48   46   43   41   40   42
   45   51   58   70   80   95  109  125  137  152  161  173  181  189  197  199
  206  209  215  216  217  215  209  204  199  191  184  175  165  155  143  133
  120  108   98   88   81   69   65   49   43                                   
    62.5-180.0 180.0   5.0 450.0                            LAT/LON1/LON2/DLON/H
   45   59   46   42   41   41   41   42   41   39   36   36   34   34   34   36
   38   40   41   44   45   49   50   51   50   49   46   43   39   38   37   41
   45   52   60   71   84   97  114  128  143  155  167  177  186  195  198  204
  207  214  216  218  218  216  209  203  197  189  182  171  164  151  141  127
  117  103   95   84   77   68   66   50   45                                   
    60.0-180.0 180.0   5.0 450.0                            LAT/LON1/LON2/DLON/H
   41   52   39   36   33   35   35   37   37   36   36   36   36   37   38   39
   41   41   42   43   44   46   47   49   48   47   42   41   36   36   36   42
   48   57   66   82   92  108  121  138  149  164  172  184  194  199  206  207
  215  217  222  223  222  220  211  205  197  189  180  172  163  152  139  127
  114  101   91   82   78   67   62   49   41                                   
    57.5-180.0 180.0   5.0 450.0                            LAT/LON1/LON2/DLON/H
   45   57   41   34   32   32   32   34   34   34   34   36   35   38   38   40
   39   39   37   38   36   40   40   43   41   41   37   35   30   32   33   42
   50   61   75   87  101  114  130  143  158  169  180  191  198  207  209  217
  220  227  229  233  231  227  218  209  201  191  182  171  164  149  139  123
  112   96   88   78   74   67   66   51   45                                   
    55.0-180.0 180.0   5.0 450.0                            LAT/LON1/LON2/DLON/H
   49   59   45   37   32   33   32   34   34   34   34   36   37   39   40   41
   40   39   36   35   33   35   36   39   38   38   33   32   27   30   33   44
   55   72   83  101  112  129  140  157  167  180  191  200  211  217  225  228
  235  239  244  247  243  241  228  220  210  200  188  179  170  159  146  132
  117  103   93   84   81   72   69   56   49                                   
    52.5-180.0 180.0   5.0 450.0                            LAT/LON1/LON2/DLON/H
   61   74   57   47   43   40   38   39   36   36   35   37   37   40   39   41
   39   37   33   32   28   32   31   37   36   37   31   29   24   27   31   44
   58   77   93  109  124  137  153  165  180  192  203  214  221  233  236  244
  248  255  258  260  258  251  241  231  220  209  199  188  181  168  156  139
  126  109  100   90   87   82   82   66   61                                   
    50.0-180.0 180.0   5.0 450.0                            LAT/LON1/LON2/DLON/H
   73   84   69   61   55   52   47   46   42   41   38   40   40   41   42   42
   42   39   36   35   33   36   37   41   41   41   36   32   28   29   35   50
   64   87  102  122  134  151  163  179  191  203  216  227  239  248  256  261
  266  269  272  273  271  264  251  242  231  220  210  201  195  185  173  157
  141  125  115  105  104   94   92   81   73                                   
    47.5-180.0 180.0   5.0 450.0                            LAT/LON1/LON2/DLON/H
   90  103   92   82   74   68   62   58   52   49   44   44   43   44   43   45
   43   43   39   40   39   44   45   51   49   49   41   37   30   31   35   51
   69   91  112  128  144  159  175  189  203  216  226  240  250  263  269  274
  276  278  280  278  277  267  257  245  236  226  218  209  205  195  185  169
  154  136  126  115  113  107  107   93   90                                   
    45.0-180.0 180.0   5.0 450.0                            LAT/LON1/LON2/DLON/H
   98  109  104   99   89   83   75   70   62   58   52   52   50   50   50   50
   50   50   50   52   53   58   60   64   63   59   52   44   37   36   41   56
   74   99  118  138  152  171  185  202  215  227  239  252  265  277  281  284
  284  284  282  280  275  266  254  244  235  225  219  212  208  201  191  178
  162  147  134  124  120  112  111  105   98                                   
    42.5-180.0 180.0   5.0 450.0                            LAT/LON1/LON2/DLON/H
  102  116  114  110  105   96   90   81   74   68   62   60   57   57   55   57
   56   58   59   64   66   72   74   76   73   68   59   50   41   39   42   57
   76  101  123  142  161  177  195  211  225  237  247  260  273  283  287  288
  288  284  283  276  271  260  251  240  233  223  217  209  207  198  190  175
  162  145  134  121  116  109  111  101  102                                   
    40.0-180.0 180.0   5.0 450.0                            LAT/LON1/LON2/DLON/H
   92  107  108  109  106  102   94   88   79   74   68   68   65   65   64   65
   65   69   71   78   81   86   87   86   83   75   66   57   48   44   48   61
   80  105  126  149  166  188  206  223  236  249  259  271  284  294  297  297
  296  292  287  283  273  266  251  244  233  224  216  210  205  198  187  173
  158  143  129  117  110   99   97   91   92                                   
    37.5-180.0 180.0   5.0 450.0                            LAT/LON1/LON2/DLON/H
   78   92   95   97   99   97   95   89   82   78   74   75   72   73   71   73
   72   76   79   87   91   96   96   92   87   78   69   57   50   45   49   62
   79  103  128  149  173  194  217  233  248  260  271  283  295  302  306  305
  307  303  304  297  292  282  272  261  252  238  230  218  212  197  188  168
  154  134  122  106   98   86   84   73   78                                   
    35.0-180.0 180.0   5.0 450.0                            LAT/LON1/LON2/DLON/H
   60   76   73   77   82   85   84   84   78   77   74   78   78   80   80   82
   81   86   88   96   99  103  100   93   86   77   67   60   52   49   53   65
   83  106  130  156  179  206  228  248  263  277  287  300  312  319  324  325
  329  330  333  332  325  319  305  294  280  266  253  238  225  210  195  175
  157  139  121  105   94   75   71   60   60                                   
    32.5-180.0 180.0   5.0 450.0                            LAT/LON1/LON2/DLON/H
   51   63   58   62   66   71   73   75   72   74   73   78   80   85   85   87
   87   90   94   99  104  104  100   91   83   71   66   57   54   51   57   69
   86  108  133  157  186  211  239  260  279  291  304  317  328  336  344  346
  354  357  369  370  374  366  357  343  332  314  298  276  257  234  216  192
  172  148  131  110   96   77   72   56   51                                   
    30.0-180.0 180.0   5.0 450.0                            LAT/LON1/LON2/DLON/H
   50   47   51   52   55   60   61   64   62   67   67   74   79   86   87   92
   91   96   98  103  105  103   97   86   77   68   61   57   53   55   61   75
   91  113  138  162  190  222  249  274  293  306  323  334  348  355  368  374
  388  398  415  425  433  430  422  409  394  373  349  326  303  277  251  226
  204  179  158  137  120   96   88   65   50                                   
    27.5-180.0 180.0   5.0 450.0                            LAT/LON1/LON2/DLON/H
   72   56   51   49   50   56   59   61   58   62   63   71   77   85   88   92
   93   96  100  103  104  101   93   82   73   64   60   54   55   58   69   83
  101  122  146  171  198  228  261  282  305  318  342  354  372  382  399  410
  430  446  474  490  507  509  501  489  472  448  421  389  358  328  295  271
  245  222  197  174  157  136  113   89   72                                   
    25.0-180.0 180.0   5.0 450.0                            LAT/LON1/LON2/DLON/H
  100   80   65   55   51   55   56   59   59   60   59   67   72   81   85   91
   92   97   99  103  102   98   91   80   71   64   59   56   56   64   74   88
  106  130  157  184  211  242  272  299  322  343  366  382  401  413  435  447
  478  502  545  571  598  600  599  586  571  541  510  470  437  399  365  329
  306  279  257  228  214  193  156  132  100                                   
    22.5-180.0 180.0   5.0 450.0                            LAT/LON1/LON2/DLON/H
  149  124  107   85   73   69   65   64   60   63   61   67   69   79   82   88
   90   95   97  100   99   94   89   79   73   65   61   57   61   69   80   96
  114  139  165  192  221  245  282  306  335  354  386  401  427  441  466  484
  517  553  595  633  657  661  655  647  631  610  579  544  502  467  430  399
  367  338  314  290  273  257  217  195  149                                   
    20.0-180.0 180.0   5.0 450.0                            LAT/LON1/LON2/DLON/H
  201  183  164  135  112   97   83   79   72   68   68   67   69   74   77   83
   86   92   94   96   94   91   88   82   76   71   63   62   62   72   82  100
  121  145  174  200  226  252  283  315  343  369  400  423  448  462  489  504
  545  575  624  652  675  672  668  658  651  633  618  585  551  515  483  451
  426  397  378  351  342  326  288  268  201                                   
    17.5-180.0 180.0   5.0 450.0                            LAT/LON1/LON2/DLON/H
  263  248  228  192  166  141  123  106   91   83   75   78   72   74   73   80
   82   88   89   92   90   87   87   84   81   72   66   62   64   73   86  103
  124  151  180  206  233  258  292  320  351  375  408  430  458  475  496  520
  550  580  609  633  649  651  645  641  634  629  616  597  568  543  513  489
  462  438  415  397  385  367  356  334  263                                   
    15.0-180.0 180.0   5.0 450.0                            LAT/LON1/LON2/DLON/H
  306  299  277  242  213  189  165  143  125  109   97   92   83   76   73   74
   77   81   84   86   86   86   86   87   82   77   67   65   67   74   90  107
  134  158  188  212  237  263  295  321  354  379  413  441  468  484  506  522
  547  564  585  594  602  600  599  601  602  596  594  579  565  546  529  506
  486  458  442  420  414  395  388  372  306                                   
    12.5-180.0 180.0   5.0 450.0                            LAT/LON1/LON2/DLON/H
  336  335  315  278  248  223  204  179  161  143  127  117  100   87   75   76
   74   78   79   82   82   84   86   87   84   78   71   67   69   75   89  111
  136  166  196  219  245  270  301  330  358  385  418  447  475  493  509  522
  536  538  542  543  540  542  539  549  556  558  556  555  542  535  516  505
  483  462  441  428  418  404  399  392  336                                   
    10.0-180.0 180.0   5.0 450.0                            LAT/LON1/LON2/DLON/H
  336  340  323  298  268  242  223  202  181  161  150  138  121  101   82   78
   75   75   75   77   78   81   76   76   75   77   73   69   68   74   90  115
  147  177  206  226  250  276  305  328  358  385  420  450  478  493  511  517
  525  519  514  512  512  513  511  518  527  531  534  530  525  516  505  492
  477  452  436  417  412  391  396  378  336                                   
     7.5-180.0 180.0   5.0 450.0                            LAT/LON1/LON2/DLON/H
  332  335  337  309  285  256  240  220  204  187  175  162  147  121   96   84
   75   77   76   78   74   65   59   60   68   79   78   71   70   74   93  120
