data/unet/pred3160.15i
     1.0            IONOSPHERE MAPS     GNSS                IONEX VERSION / TYPE
pyspatialgeodesy        IME             05-JAN-18 20:20     PGM / RUN BY / DATE 
Map Name                                                    COMMENT             
Predicted global ionosphere maps (GIM).                     DESCRIPTION         
  2015    11    12     0     0     0                        EPOCH OF FIRST MAP  
  2015    11    13     0     0     0                        EPOCH OF LAST MAP   
  7200                                                      INTERVAL            
    13                                                      # OF MAPS IN FILE   
  NONE                                                      MAPPING FUNCTION    
10.0                                                        ELEVATION CUTOFF    
One-way carrier phase leveled to code                       OBSERVABLES USED    
  6371.0                                                    BASE RADIUS         
 2                                                          MAP DIMENSION       
   450.0 450.0   0.0                                        HGT1 / HGT2 / DHGT  
    87.5 -87.5  -2.5                                        LAT1 / LAT2 / DLAT  
  -180.0 180.0   5.0                                        LON1 / LON2 / DLON  
    -1                                                      EXPONENT            
                                                            END OF HEADER       
[from data line 3861]
    10                                                      START OF TEC MAP    
  2015    11    12    18     0     0                        EPOCH OF CURRENT MAP
    87.5-180.0 180.0   5.0 450.0                            LAT/LON1/LON2/DLON/H
  105   70   68   72   71   72   72   74   75   78   78   80   81   83   84   85
   86   87   88   88   89   89   90   88   89   87   88   86   86   83   84   81
   81   78   78   75   76   72   73   70   71   68   70   67   69   66   68   66
   68   66   68   66   68   67   68   68   68   68   68   68   68   68   67   67
   67   68   68   68   71   68   74   90  105                                   
    85.0-180.0 180.0   5.0 450.0                            LAT/LON1/LON2/DLON/H
   55   51   51   56   57   58   58   62   63   67   68   72   73   77   77   81
   81   85   83   86   85   87   85   87   84   85   82   82   79   79   76   76
   72   72   68   69   65   66   61   63   59   60   57   59   56   58   55   57
   55   58   56   58   56   59   57   59   58   60   57   60   57   59   56   58
   55   57   55   56   56   54   65   74   55                                   
    82.5-180.0 180.0   5.0 450.0                            LAT/LON1/LON2/DLON/H
   47   44   42   47   46   49   48   53   55   60   61   68   70   76   77   82
   83   88   87   90   89   91   88   88   85   85   81   81   77   78   72   73
   67   68   62   63   58   59   53   55   50   52   48   50   47   49   46   50
   47   51   49   53   51   55   52   56   53   56   53   56   53   55   52   53
   50   51   49   49   48   45   50   47   47                                   
    80.0-180.0 180.0   5.0 450.0                            LAT/LON1/LON2/DLON/H
   39   39   37   42   42   46   47   53   56   62   67   73   79   84   89   94
   97  100  101  102  100  100   96   96   90   90   84   85   79   80   74   75
   69   71   64   65   58   60   53   55   49   51   46   49   45   49   46   51
   48   53   51   56   53   58   55   58   56   58   56   57   55   56   53   54
   50   51   47   47   45   38   48   39   39                                   
    77.5-180.0 180.0   5.0 450.0                            LAT/LON1/LON2/DLON/H
   33   34   33   33   35   37   40   44   48   55   61   69   77   85   93   98
  103  106  108  107  106  103  100   94   91   86   84   80   77   76   73   72
   68   67   64   62   58   56   52   51   46   46   43   44   43   45   46   47
   49   51   53   55   56   57   59   59   59   59   60   59   58   57   56   54
   52   50   48   45   44   37   42   33   33                                   
    75.0-180.0 180.0   5.0 450.0                            LAT/LON1/LON2/DLON/H
   35   33   30   33   33   37   38   44   48   57   64   76   84   96  104  112
  116  119  119  118  114  109  103   97   89   85   79   77   72   73   69   70
   66   66   63   61   57   55   52   49   45   44   43   44   44   47   47   51
   51   55   54   57   57   59   58   60   59   60   58   59   57   58   55   54
   51   51   47   46   43   36   44   38   35                                   
    72.5-180.0 180.0   5.0 450.0                            LAT/LON1/LON2/DLON/H
   37   34   32   33   33   36   37   42   47   56   64   77   88  101  111  120
  125  128  128  125  120  113  106   95   88   79   76   70   68   66   66   65
   63   63   61   59   55   54   49   47   44   42   42   42   44   46   49   50
   53   54   56   57   58   58   59   58   59   58   59   57   58   55   57   53
   53   50   50   46   45   39   45   35   37                                   
    70.0-180.0 180.0   5.0 450.0                            LAT/LON1/LON2/DLON/H
   41   38   35   37   37   40   41   46   51   62   71   85   97  112  121  132
  136  141  139  136  128  120  109   97   86   78   72   66   63   61   62   61
   60   60   58   56   53   51   47   45   42   41   41   44   44   49   50   54
   53   56   55   56   55   55   55   56   55   55   54   55   54   54   53   52
   51   50   48   48   46   38   47   42   41                                   
    67.5-180.0 180.0   5.0 450.0                            LAT/LON1/LON2/DLON/H
   40   38   39   42   41   44   45   51   55   65   74   88  101  116  127  139
  145  149  148  145  136  127  115  100   90   78   73   65   63   58   60   57
   57   56   54   52   49   46   43   41   39   38   39   41   44   47   50   51
   52   51   51   51   50   49   51   50   51   50   52   51   51   50   51   49
   49   48   48   46   45   39   46   37   40                                   
    65.0-180.0 180.0   5.0 450.0                            LAT/LON1/LON2/DLON/H
   39   40   40   46   44   50   50   58   62   74   81   96  107  123  134  146
  151  158  155  153  144  136  121  108   95   85   77   69   64   60   59   56
   54   53   50   48   44   42   39   37   35   36   37   41   42   47   46   51
   47   49   44   45   42   43   42   43   42   45   45   46   45   46   45   45
   43   44   42   42   41   35   45   39   39                                   
    62.5-180.0 180.0   5.0 450.0                            LAT/LON1/LON2/DLON/H
   34   36   40   46   47   53   55   63   67   78   86  100  111  125  137  148
  156  161  163  161  155  146  134  120  108   96   88   77   73   66   64   58
   56   51   49   45   41   37   35   33   33   33   35   38   40   42   43   43
   41   39   37   35   34   34   35   35   37   39   41   42   42   41   41   39
   39   37   38   35   35   29   38   28   34                                   
    60.0-180.0 180.0   5.0 450.0                            LAT/LON1/LON2/DLON/H
   27   31   33   42   44   54   57   68   72   84   91  105  115  128  138  150
  158  165  168  169  166  158  146  132  119  109   98   88   82   74   71   65
   60   55   50   46   41   37   34   33   32   34   35   39   39   42   40   40
   35   35   30   31   28   30   29   33   33   38   38   42   40   41   38   37
   34   34   32   32   28   23   33   21   27                                   
    57.5-180.0 180.0   5.0 450.0                            LAT/LON1/LON2/DLON/H
   22   25   30   38   44   53   60   70   78   89   97  108  117  128  140  151
  159  167  173  177  177  174  165  152  138  129  119  106   98   88   85   77
   71   63   57   50   45   40   37   36   36   37   38   39   39   39   38   36
   33   28   28   25   26   25   29   30   34   36   40   41   41   39   38   34
   33   31   32   28   28   23   28   11   22                                   
    55.0-180.0 180.0   5.0 450.0                            LAT/LON1/LON2/DLON/H
   21   24   26   36   43   54   63   75   83   96  105  115  123  133  143  152
  161  169  178  184  190  188  181  169  156  147  134  125  115  107  102   93
   85   75   68   60   53   48   46   43   44   43   46   45   44   42   39   37
   32   30   28   27   28   29   32   35   37   42   43   45   42   43   39   38
   36   35   34   32   29   23   30   10   21                                   
    52.5-180.0 180.0   5.0 450.0                            LAT/LON1/LON2/DLON/H
   26   28   30   39   48   61   71   85   93  106  113  122  129  138  146  155
  162  172  181  191  197  201  197  190  178  172  159  151  140  130  123  112
  103   90   82   71   64   58   55   53   53   54   54   54   51   48   44   39
   37   34   35   33   35   35   40   42   46   47   50   49   48   45   44   42
   42   40   41   38   36   31   34   12   26                                   
    50.0-180.0 180.0   5.0 450.0                            LAT/LON1/LON2/DLON/H
   36   37   37   48   56   70   79   95  104  117  124  133  139  146  153  159
  168  176  187  196  205  209  208  203  194  188  177  171  158  148  139  127
  117  104   95   83   76   70   68   66   66   65   66   64   61   57   52   49
   46   45   44   46   45   49   51   55   57   60   58   58   54   53   50   50
   50   51   51   52   46   40   43   25   36                                   
    47.5-180.0 180.0   5.0 450.0                            LAT/LON1/LON2/DLON/H
   47   49   53   61   70   84   95  110  119  132  139  147  150  157  161  171
  176  185  194  206  210  217  217  216  207  205  196  191  177  164  152  137
  127  112  103   92   85   79   77   76   76   77   76   75   72   67   63   59
   58   58   60   61   63   65   69   70   73   71   71   67   64   60   60   57
   61   61   64   63   61   55   54   39   47                                   
    45.0-180.0 180.0   5.0 450.0                            LAT/LON1/LON2/DLON/H
   64   62   68   85   89  105  113  130  137  151  155  162  164  170  176  183
  190  199  207  214  221  224  225  224  219  216  207  201  187  170  156  141
  129  117  107   98   92   88   88   86   87   86   87   85   82   78   73   72
   71   73   75   78   79   82   83   86   83   84   79   77   72   71   69   69
   70   74   75   76   71   67   66   58   64                                   
    42.5-180.0 180.0   5.0 450.0                            LAT/LON1/LON2/DLON/H
   69   75   86  101  112  125  136  151  160  172  176  182  182  190  193  205
  209  219  223  231  232  235  231  231  226  223  216  209  192  173  158  140
  127  115  106   99   94   92   92   92   92   92   92   92   88   85   81   79
   81   83   87   89   92   92   95   94   94   90   87   82   80   77   78   76
   79   79   81   80   79   74   73   67   69                                   
    40.0-180.0 180.0   5.0 450.0                            LAT/LON1/LON2/DLON/H
   75   82   98  116  127  143  156  175  181  196  195  202  202  209  214  226
  231  238  241  244  246  244  241  238  234  230  223  211  192  170  153  136
  122  112  106  101   99   99   99   98   98   96   97   96   94   91   88   86
   87   90   91   96   95   99   97  100   95   95   89   88   85   86   84   84
   83   84   83   82   78   74   75   67   75                                   
    37.5-180.0 180.0   5.0 450.0                            LAT/LON1/LON2/DLON/H
   65   79   96  115  134  149  170  185  200  211  213  220  222  231  236  248
  252  259  260  263  260  257  251  247  243  237  231  214  193  170  153  136
  125  116  112  109  109  109  109  107  103  102   99   99   96   93   90   88
   88   89   91   93   95   96   97   97   96   93   91   89   89   89   89   86
   85   81   80   76   74   70   68   58   65                                   
    35.0-180.0 180.0   5.0 450.0                            LAT/LON1/LON2/DLON/H
   58   73   92  114  134  155  177  196  211  226  230  239  243  253  258  267
  273  276  278  278  276  272  265  262  256  253  242  224  199  178  162  148
  140  132  130  128  130  129  129  122  116  109  106  103  102   98   95   91
   90   88   88   88   88   93   91   95   91   92   89   91   91   95   93   90
   85   81   76   69   65   61   60   44   58                                   
    32.5-180.0 180.0   5.0 450.0                            LAT/LON1/LON2/DLON/H
   39   63   83  108  131  155  178  200  219  236  246  259  264  272  277  286
  289  293  293  295  291  286  280  274  272  264  258  239  216  196  184  177
  171  167  166  163  164  159  156  145  133  123  116  113  110  105  100   96
   92   89   86   84   84   88   90   93   92   92   92   95   95   98   96   91
   86   78   72   62   59   53   50   29   39                                   
    30.0-180.0 180.0   5.0 450.0                            LAT/LON1/LON2/DLON/H
   26   56   78  107  130  155  177  201  221  239  256  270  278  286  291  296
  300  301  304  304  303  301  294  293  288  287  277  265  246  231  224  221
  221  217  214  208  203  196  186  173  159  144  137  131  127  120  114  107
  102   94   91   86   87   89   94   96   97   98   98  102  102  103  100   94
   88   79   69   62   54   49   49   23   26                                   
    27.5-180.0 180.0   5.0 450.0                            LAT/LON1/LON2/DLON/H
   24   57   77  107  128  149  172  197  222  241  263  281  291  299  302  306
  306  310  310  315  313  310  306  302  302  301  299  292  283  278  277  283
  284  286  276  263  248  232  221  200  186  169  161  153  149  140  133  123
  115  105   99   93   92   95   99  103  103  105  106  110  110  111  107  100
   95   83   73   62   56   51   48   21   24                                   
    25.0-180.0 180.0   5.0 450.0                            LAT/LON1/LON2/DLON/H
   35   67   88  113  130  147  168  190  221  241  268  289  305  313  315  316
  313  314  315  318  318  319  314  316  316  321  321  322  324  330  340  350
  358  358  346  321  296  269  248  229  211  196  189  181  177  169  160  148
  139  126  119  113  112  114  117  117  119  118  117  117  117  117  116  111
  105   94   80   71   60   57   53   30   35                                   
    22.5-180.0 180.0   5.0 450.0                            LAT/LON1/LON2/DLON/H
   49   82  104  125  138  143  163  184  223  247  276  298  319  328  327  328
  321  321  318  322  322  323  320  321  325  332  341  353  367  385  403  421
  432  432  416  381  342  305  276  252  238  223  216  209  205  196  187  177
  166  158  144  137  131  134  135  137  135  132  129  128  129  130  129  122
  117  105   92   79   71   63   59   44   49                                   
    20.0-180.0 180.0   5.0 450.0                            LAT/LON1/LON2/DLON/H
   68   98  122  150  162  173  176  195  222  255  287  310  333  342  345  342
  334  328  323  323  323  326  323  328  334  349  367  390  417  445  469  485
  485  474  457  423  378  336  302  275  256  246  239  236  233  227  215  206
  193  181  169  162  158  157  156  154  150  142  134  131  126  128  127  125
  119  110  100   91   81   77   71   64   68                                   
    17.5-180.0 180.0   5.0 450.0                            LAT/LON1/LON2/DLON/H
   82  112  142  166  195  198  207  211  235  259  308  331  351  360  365  362
  353  345  334  331  327  328  326  333  343  365  393  430  468  500  523  522
  517  500  478  446  400  358  329  303  289  277  273  266  262  254  243  236
  220  209  195  187  180  180  176  173  165  157  144  138  133  131  131  126
  121  111  105   95   90   83   78   81   82                                   
    15.0-180.0 180.0   5.0 450.0                            LAT/LON1/LON2/DLON/H
  100  123  152  179  206  229  243  256  274  300  336  359  378  387  395  392
  381  366  357  349  341  338  336  344  361  392  430  475  513  543  554  547
  538  519  490  457  409  373  346  327  313  305  295  291  281  275  265  257
  244  231  219  208  203  199  194  189  178  168  155  144  138  135  133  128
  123  114  106   98   90   87   81   83  100                                   
    12.5-180.0 180.0   5.0 450.0                            LAT/LON1/LON2/DLON/H
  102  129  163  189  229  249  276  286  315  339  373  388  408  419  428  426
  415  398  387  372  364  355  355  364  386  423  461  506  543  569  575  566
  554  533  503  463  416  373  344  326  316  313  307  306  298  293  284  278
  266  251  236  227  217  214  204  199  183  174  158  150  145  141  137  130
  123  113  105   94   87   84   77   85  102                                   
    10.0-180.0 180.0   5.0 450.0                            LAT/LON1/LON2/DLON/H
  108  135  167  200  243  270  302  322  356  380  408  423  442  458  469  467
  457  439  426  408  399  388  387  396  420  456  493  536  567  587  590  579
  563  536  500  461  411  374  341  332  320  326  318  320  309  305  297  290
  282  266  256  242  229  219  208  199  185  173  161  151  148  142  138  130
  122  110   95   84   72   69   67   71  108                                   
     7.5-180.0 180.0   5.0 450.0                            LAT/LON1/LON2/DLON/H
  106  132  171  205  247  276  313  339  380  406  431  448  473  490  503  503
  494  473  464  442  438  426  430  440  461  495  518  558  580  598  598  585
