data/unet/pred1020.15i
     1.0            IONOSPHERE MAPS     GNSS                IONEX VERSION / TYPE
pyspatialgeodesy        IME             05-JAN-18 20:20     PGM / RUN BY / DATE 
Map Name                                                    COMMENT             
Predicted global ionosphere maps (GIM).                     DESCRIPTION         
  2015     4    12     0     0     0                        EPOCH OF FIRST MAP  
  2015     4    13     0     0     0                        EPOCH OF LAST MAP   
  7200                                                      INTERVAL            
    13                                                      # OF MAPS IN FILE   
  NONE                                                      MAPPING FUNCTION    
10.0                                                        ELEVATION CUTOFF    
One-way carrier phase leveled to code                       OBSERVABLES USED    
  6371.0                                                    BASE RADIUS         
 2                                                          MAP DIMENSION       
   450.0 450.0   0.0                                        HGT1 / HGT2 / DHGT  
    87.5 -87.5  -2.5                                        LAT1 / LAT2 / DLAT  
  -180.0 180.0   5.0                                        LON1 / LON2 / DLON  
    -1                                                      EXPONENT            
                                                            END OF HEADER       
[from data line 3003]
     8                                                      START OF TEC MAP    
  2015     4    12    14     0     0                        EPOCH OF CURRENT MAP
    87.5-180.0 180.0   5.0 450.0                            LAT/LON1/LON2/DLON/H
  124  145  153  152  153  151  154  153  155  155  158  158  160  161  162  163
  162  164  164  164  163  163  163  162  162  162  162  161  161  160  159  158
  157  155  154  152  151  150  148  147  146  144  144  142  142  140  140  139
  139  138  138  137  137  137  137  136  137  136  137  136  138  137  139  139
  140  140  142  143  143  144  150  131  124                                   
    85.0-180.0 180.0   5.0 450.0                            LAT/LON1/LON2/DLON/H
  123  136  137  139  143  144  148  149  151  152  155  156  158  159  160  159
  161  160  161  159  160  159  160  157  159  157  158  156  157  156  155  153
  152  150  148  146  144  143  140  138  137  136  135  133  134  132  133  131
  132  130  131  128  129  127  128  125  126  124  125  123  125  124  125  125
  127  126  128  128  130  132  133  131  123                                   
    82.5-180.0 180.0   5.0 450.0                            LAT/LON1/LON2/DLON/H
  125  120  133  136  138  141  143  148  148  151  152  156  155  159  158  161
  158  161  158  161  157  160  157  160  157  159  157  158  156  157  154  154
  150  150  145  145  141  140  136  135  133  132  132  131  131  130  131  130
  130  129  130  129  128  128  127  126  124  123  122  121  120  120  119  119
  119  118  119  118  119  121  122  114  125                                   
    80.0-180.0 180.0   5.0 450.0                            LAT/LON1/LON2/DLON/H
  110  111  117  125  126  130  133  137  139  143  144  148  149  151  152  154
  154  155  155  157  155  157  156  159  156  158  156  159  156  158  154  157
  151  153  146  148  140  143  135  139  131  135  130  134  130  135  131  136
  132  136  132  136  130  133  127  129  123  126  120  122  117  119  113  116
  111  112  107  107  105  107  102   99  110                                   
    77.5-180.0 180.0   5.0 450.0                            LAT/LON1/LON2/DLON/H
   95   96  105  107  111  115  120  123  127  128  132  134  136  135  137  138
  138  139  141  143  143  145  147  150  151  152  154  155  155  155  155  154
  152  151  148  148  142  143  137  138  133  135  132  135  133  136  136  139
  138  139  138  139  136  135  131  130  126  125  120  120  115  115  110  110
  104  104   99   98   94   94   90   86   95                                   
    75.0-180.0 180.0   5.0 450.0                            LAT/LON1/LON2/DLON/H
   88   88   92   98  102  103  109  110  115  115  119  119  123  120  125  122
  126  125  130  130  134  135  140  141  146  147  151  151  153  152  154  151
  151  150  148  146  144  144  140  139  135  137  136  137  138  140  142  142
  144  143  143  142  141  138  136  132  130  124  123  118  116  112  110  106
  104  101   97   95   91   90   83   79   88                                   
    72.5-180.0 180.0   5.0 450.0                            LAT/LON1/LON2/DLON/H
   81   83   86   89   92   94   98   99  102  101  105  103  106  104  108  108
  110  112  116  119  123  127  132  136  141  145  148  149  151  152  153  151
  152  151  150  148  147  147  144  144  141  142  141  142  143  145  145  146
  146  146  146  145  143  140  137  134  129  126  121  117  113  110  107  104
  100   98   94   92   89   85   81   79   81                                   
    70.0-180.0 180.0   5.0 450.0                            LAT/LON1/LON2/DLON/H
   81   81   79   83   88   87   92   92   94   92   95   94   95   93   97   97
  102  102  110  113  120  124  132  137  143  147  151  152  155  154  156  153
  155  153  152  150  149  150  147  148  146  148  147  149  149  151  150  150
  150  149  146  146  142  140  135  131  126  124  119  117  113  109  107  103
  100   96   94   91   89   87   81   79   81                                   
    67.5-180.0 180.0   5.0 450.0                            LAT/LON1/LON2/DLON/H
   78   78   76   79   80   83   83   84   85   84   85   86   87   87   91   93
   96   99  106  111  117  123  132  138  144  148  153  154  155  154  157  153
  155  152  153  151  151  151  150  151  149  150  149  152  151  152  150  151
  148  147  144  142  137  133  128  123  119  115  112  109  106  103  100   97
   93   91   88   87   84   82   79   79   78                                   
    65.0-180.0 180.0   5.0 450.0                            LAT/LON1/LON2/DLON/H
   77   72   70   73   76   76   79   78   80   79   82   83   86   87   92   93
   98  100  107  112  119  125  134  141  145  150  153  155  155  153  155  152
  153  151  152  151  150  151  150  152  151  153  152  154  153  154  151  151
  147  145  140  136  129  125  118  115  108  107  102  101   96   95   90   88
   86   83   83   80   79   80   74   78   77                                   
    62.5-180.0 180.0   5.0 450.0                            LAT/LON1/LON2/DLON/H
   69   63   62   66   67   68   70   71   72   71   75   77   80   84   90   96
   99  102  109  114  120  125  134  139  143  145  149  148  149  146  150  147
  150  147  148  148  148  149  148  151  150  152  151  153  153  153  151  149
  146  142  137  131  123  117  110  104  100   95   92   88   85   81   80   76
   76   74   75   74   72   70   70   68   69                                   
    60.0-180.0 180.0   5.0 450.0                            LAT/LON1/LON2/DLON/H
   68   54   52   55   58   59   62   64   66   65   68   73   78   84   92   98
  104  106  113  116  122  125  130  135  137  139  142  141  143  141  145  145
  149  147  149  149  150  151  151  153  154  155  155  157  157  158  155  153
  149  145  138  132  124  117  110  105   99   95   90   87   82   78   75   72
   71   68   71   69   67   66   65   65   68                                   
    57.5-180.0 180.0   5.0 450.0                            LAT/LON1/LON2/DLON/H
   65   48   45   48   49   50   53   55   58   57   63   67   74   80   90   98
  104  107  112  116  119  121  124  128  130  132  135  134  137  136  143  143
  149  148  151  152  152  153  153  156  156  159  160  164  163  165  162  162
  156  153  146  140  132  126  119  114  108  102   97   92   87   81   77   71
   71   68   70   69   68   64   66   55   65                                   
    55.0-180.0 180.0   5.0 450.0                            LAT/LON1/LON2/DLON/H
   72   49   40   42   45   45   47   49   51   53   59   66   72   80   89   99
  104  108  112  115  115  118  118  123  123  128  129  131  134  137  144  149
  156  158  161  163  163  165  164  168  169  173  175  178  181  180  179  176
  173  169  162  157  149  143  136  130  125  120  113  107  101   94   87   82
   79   77   77   75   75   71   72   66   72                                   
    52.5-180.0 180.0   5.0 450.0                            LAT/LON1/LON2/DLON/H
   82   58   48   48   46   46   47   48   52   53   59   65   73   78   89   95
  105  107  113  113  115  115  117  120  123  127  132  134  140  142  152  158
  168  171  176  178  178  180  180  185  186  191  192  198  200  201  199  197
  194  190  183  178  170  164  157  151  145  140  133  127  119  113  105   99
   95   90   90   88   88   83   89   73   82                                   
    50.0-180.0 180.0   5.0 450.0                            LAT/LON1/LON2/DLON/H
  102   77   62   59   58   55   56   53   57   57   64   70   76   82   87   96
  102  107  110  115  115  117  117  125  127  134  137  144  149  155  162  172
  180  187  192  197  199  203  204  209  213  216  219  223  227  226  225  224
  221  215  208  199  191  182  176  170  165  160  153  147  141  134  129  122
  118  112  111  107  109  103  108  100  102                                   
    47.5-180.0 180.0   5.0 450.0                            LAT/LON1/LON2/DLON/H
  122  102   85   80   76   69   68   66   70   70   77   81   86   88   94  100
  106  111  116  120  122  123  126  133  138  146  152  158  164  168  176  184
  194  200  208  214  220  223  228  232  238  241  245  248  250  250  248  247
  243  237  228  216  206  196  189  183  180  175  170  165  160  155  150  146
  141  135  132  129  129  123  135  119  122                                   
    45.0-180.0 180.0   5.0 450.0                            LAT/LON1/LON2/DLON/H
  145  126  107  102   97   87   86   80   85   84   91   94   99  100  100  105
  107  114  118  125  127  133  135  147  153  166  168  177  180  187  192  200
  209  216  226  237  247  253  257  263  268  268  270  269  271  268  266  265
  261  255  243  228  214  200  193  187  186  183  180  177  174  172  169  166
  162  155  150  147  147  144  147  143  145                                   
    42.5-180.0 180.0   5.0 450.0                            LAT/LON1/LON2/DLON/H
  150  141  127  123  117  106  104   95   99   98  105  109  114  114  113  115
  116  123  126  135  137  144  148  161  170  179  185  190  196  198  205  210
  220  228  243  257  273  278  287  289  294  289  288  286  285  282  280  280
  275  267  252  235  219  201  193  186  186  182  183  180  180  178  178  174
  169  161  157  152  155  148  159  149  150                                   
    40.0-180.0 180.0   5.0 450.0                            LAT/LON1/LON2/DLON/H
  158  150  135  131  127  119  114  104  108  106  115  121  128  127  123  121
  121  125  129  139  145  156  161  177  185  198  199  208  211  215  220  225
  235  249  268  289  303  313  317  320  317  310  304  301  299  298  293  294
  286  278  259  241  220  203  191  183  182  179  178  177  179  179  180  177
  171  163  154  152  152  152  150  153  158                                   
    37.5-180.0 180.0   5.0 450.0                            LAT/LON1/LON2/DLON/H
  147  144  138  136  136  128  125  114  118  109  123  128  141  139  137  132
  132  133  137  145  152  162  169  184  193  204  209  216  224  226  233  239
  252  271  296  318  338  346  355  353  351  336  331  326  324  324  318  319
  308  297  275  253  230  211  195  187  181  177  177  176  177  178  180  176
  170  160  150  145  148  145  149  143  147                                   
    35.0-180.0 180.0   5.0 450.0                            LAT/LON1/LON2/DLON/H
  141  148  145  140  142  132  131  117  114  107  117  128  145  148  145  140
  137  138  140  149  156  169  177  192  203  215  220  233  240  248  256  269
  286  312  336  363  381  399  403  406  396  387  374  372  365  365  354  352
  335  324  299  282  256  238  216  207  199  193  187  181  182  180  181  177
  171  164  151  149  143  138  137  132  141                                   
    32.5-180.0 180.0   5.0 450.0                            LAT/LON1/LON2/DLON/H
  129  141  134  137  133  130  128  117  120  107  123  126  155  156  162  154
  153  149  154  160  168  177  184  199  208  222  231  246  259  274  286  305
  327  355  387  419  449  464  475  470  463  443  431  420  414  406  396  387
  374  359  341  323  302  283  266  251  241  228  216  207  200  200  196  197
  188  180  169  161  152  142  136  120  129                                   
    30.0-180.0 180.0   5.0 450.0                            LAT/LON1/LON2/DLON/H
  137  158  141  143  137  134  134  122  120  102  110  112  141  153  162  160
  158  157  160  170  179  189  196  210  221  239  252  273  291  314  336  360
  391  424  458  496  524  545  543  540  520  505  484  474  461  454  443  435
  420  412  395  383  365  354  333  320  304  296  277  265  245  233  227  223
  220  214  202  192  180  161  154  128  137                                   
    27.5-180.0 180.0   5.0 450.0                            LAT/LON1/LON2/DLON/H
  138  147  138  136  132  133  123  117  110   98  109  111  147  160  181  176
  181  174  180  188  198  206  212  224  236  255  274  300  329  359  391  423
  459  500  539  578  606  622  623  609  594  573  555  541  530  523  513  503
  487  479  464  454  441  430  412  394  382  367  354  335  319  300  278  274
  262  260  237  226  199  186  183  143  138                                   
    25.0-180.0 180.0   5.0 450.0                            LAT/LON1/LON2/DLON/H
  165  175  149  149  135  131  126  123  120  104  105  104  130  144  174  176
  185  183  190  201  215  224  232  243  257  276  301  331  373  413  453  496
  544  586  622  653  673  687  680  673  656  642  620  608  595  587  577  570
  555  545  531  516  504  492  482  469  457  445  428  408  385  368  341  336
  306  312  288  285  258  243  224  176  165                                   
    22.5-180.0 180.0   5.0 450.0                            LAT/LON1/LON2/DLON/H
  203  206  186  170  157  150  133  125  118  107  104  106  133  147  187  193
  209  203  215  224  241  246  256  266  282  305  334  374  418  465  513  559
  602  646  678  704  723  728  725  713  706  694  678  661  650  642  633  631
  621  611  597  581  566  552  537  522  512  507  499  487  472  451  425  421
  391  395  357  359  319  316  275  229  203                                   
    20.0-180.0 180.0   5.0 450.0                            LAT/LON1/LON2/DLON/H
  256  240  215  207  191  178  158  145  126  118  114  120  133  148  173  187
  212  215  230  242  264  269  285  289  316  334  376  413  469  520  572  615
  656  694  722  741  748  745  737  728  723  712  704  690  681  674  671  669
  660  652  635  619  598  573  553  537  532  536  540  542  537  520  501  495
  471  463  427  415  380  360  325  279  256                                   
    17.5-180.0 180.0   5.0 450.0                            LAT/LON1/LON2/DLON/H
  277  271  233  216  206  192  173  170  153  134  121  127  133  155  177  195
  223  238  258  272  291  297  312  325  349  378  415  464  513  569  613  652
  689  718  739  746  752  743  741  737  738  737  733  720  711  703  704  701
  693  680  655  628  586  561  533  532  525  548  555  570  570  560  542  539
  522  517  483  462  411  395  363  305  277                                   
    15.0-180.0 180.0   5.0 450.0                            LAT/LON1/LON2/DLON/H
  287  279  253  236  217  208  182  167  159  155  138  141  150  174  189  215
  231  252  280  298  322  330  351  359  394  419  465  501  554  596  638  667
  701  727  734  742  741  741  742  752  758  759  758  744  738  731  734  732
  722  701  668  621  581  547  524  514  513  533  542  562  559  556  542  532
  527  519  496  456  424  391  375  322  287                                   
    12.5-180.0 180.0   5.0 450.0                            LAT/LON1/LON2/DLON/H
  290  281  251  234  220  208  198  183  164  160  158  153  149  175  186  224
  247  272  302  332  355  370  384  399  428  456  500  542  585  621  652  672
  698  708  719  718  730  728  744  754  774  773  768  752  746  742  748  743
  730  705  652  597  556  521  502  489  489  504  512  527  531  522  514  507
  501  496  472  445  406  383  367  318  290                                   
    10.0-180.0 180.0   5.0 450.0                            LAT/LON1/LON2/DLON/H
  270  278  259  251  235  224  205  191  168  157  155  156  154  178  197  240
  264  298  331  363  387  405  416  432  466  493  541  573  610  631  657  670
  684  696  699  710  718  730  746  765  784  780  769  747  738  736  746  746
  732  705  645  594  553  517  502  486  477  483  484  491  483  479  465  460
  456  449  437  402  384  360  352  302  270                                   
     7.5-180.0 180.0   5.0 450.0                            LAT/LON1/LON2/DLON/H
  252  261  246  234  228  218  206  194  175  172  159  159  159  185  207  250
  270  311  341  377  399  421  429  448  483  523  569  604  628  643  661  673
