data/unet/pred1390.15i
     1.0            IONOSPHERE MAPS     GNSS                IONEX VERSION / TYPE
pyspatialgeodesy        IME             05-JAN-18 20:20     PGM / RUN BY / DATE 
Map Name                                                    COMMENT             
Predicted global ionosphere maps (GIM).                     DESCRIPTION         
  2015     5    19     0     0     0                        EPOCH OF FIRST MAP  
  2015     5    20     0     0     0                        EPOCH OF LAST MAP   
  7200                                                      INTERVAL            
    13                                                      # OF MAPS IN FILE   
  NONE                                                      MAPPING FUNCTION    
10.0                                                        ELEVATION CUTOFF    
One-way carrier phase leveled to code                       OBSERVABLES USED    
  6371.0                                                    BASE RADIUS         
 2                                                          MAP DIMENSION       
   450.0 450.0   0.0                                        HGT1 / HGT2 / DHGT  
    87.5 -87.5  -2.5                                        LAT1 / LAT2 / DLAT  
  -180.0 180.0   5.0                                        LON1 / LON2 / DLON  
    -1                                                      EXPONENT            
                                                            END OF HEADER       
[from data line 3003]
     8                                                      START OF TEC MAP    
  2015     5    19    14     0     0                        EPOCH OF CURRENT MAP
    87.5-180.0 180.0   5.0 450.0                            LAT/LON1/LON2/DLON/H
  203  212  216  217  217  216  218  218  219  218  220  219  221  220  221  220
  222  221  223  222  224  223  224  223  225  222  223  220  222  219  219  216
  217  214  214  211  211  208  207  205  205  201  201  198  200  198  199  197
  200  199  201  201  203  203  204  204  206  205  207  207  208  208  209  208
  210  210  212  210  209  208  224  193  203                                   
    85.0-180.0 180.0   5.0 450.0                            LAT/LON1/LON2/DLON/H
  212  207  209  209  213  210  215  214  218  216  219  218  221  219  221  219
  221  218  220  218  220  217  218  215  218  214  215  212  213  211  210  208
  208  205  204  201  201  196  196  192  193  188  189  186  189  186  189  186
  192  189  195  191  198  193  200  195  202  197  204  198  205  199  205  200
  207  201  207  200  205  200  212  214  212                                   
    82.5-180.0 180.0   5.0 450.0                            LAT/LON1/LON2/DLON/H
  213  204  202  203  205  205  209  211  214  215  218  219  221  221  222  221
  220  218  218  216  216  213  214  212  214  211  212  210  212  210  210  209
  208  206  205  201  200  195  193  189  188  184  184  183  184  184  185  187
  189  190  193  194  197  195  199  197  201  198  202  199  203  199  202  199
  202  199  201  195  196  198  205  204  213                                   
    80.0-180.0 180.0   5.0 450.0                            LAT/LON1/LON2/DLON/H
  198  194  189  192  191  194  198  201  203  207  209  212  213  215  215  216
  212  212  209  209  206  206  203  205  204  205  204  206  206  206  206  205
  205  202  201  197  194  189  185  180  177  172  172  171  174  173  178  179
  184  184  189  190  194  193  196  196  198  198  199  199  199  199  198  198
  196  196  193  191  188  191  193  194  198                                   
    77.5-180.0 180.0   5.0 450.0                            LAT/LON1/LON2/DLON/H
  186  181  175  177  178  182  187  190  194  196  200  203  206  206  207  206
  204  201  200  198  197  195  194  195  197  198  201  203  206  206  208  208
  208  205  204  200  196  189  187  180  177  173  174  173  177  177  183  185
  191  192  197  197  201  200  202  202  203  202  203  203  203  201  200  198
  196  193  191  185  183  183  188  186  186                                   
    75.0-180.0 180.0   5.0 450.0                            LAT/LON1/LON2/DLON/H
  182  176  173  173  177  179  185  185  192  191  199  198  204  202  205  202
  202  198  196  194  193  191  191  193  195  198  201  206  210  212  215  216
  217  215  215  209  207  198  195  187  185  180  182  181  187  189  196  198
  204  205  210  209  213  210  214  211  213  210  213  209  212  207  209  203
  204  198  198  188  187  183  186  189  182                                   
    72.5-180.0 180.0   5.0 450.0                            LAT/LON1/LON2/DLON/H
  182  175  170  172  174  178  182  185  189  192  197  199  202  202  203  201
  198  195  192  189  188  186  186  188  193  197  202  209  215  219  222  224
  225  224  224  221  217  210  207  200  198  194  196  197  204  207  212  214
  219  218  222  221  222  219  220  217  217  215  215  214  214  212  211  208
  206  202  200  192  189  185  191  187  182                                   
    70.0-180.0 180.0   5.0 450.0                            LAT/LON1/LON2/DLON/H
  179  174  170  173  177  180  185  187  191  194  199  199  203  201  203  199
  198  193  193  187  189  184  187  187  194  197  205  210  219  222  228  229
  234  233  235  231  230  222  220  212  213  207  212  213  222  223  230  230
  235  232  234  231  231  225  223  219  218  214  215  212  214  210  212  206
  207  201  202  192  191  184  187  189  179                                   
    67.5-180.0 180.0   5.0 450.0                            LAT/LON1/LON2/DLON/H
  176  173  167  172  176  180  185  187  192  193  199  199  204  201  204  200
  198  196  193  191  190  189  190  193  198  203  208  215  222  227  232  235
  240  241  243  241  239  233  231  225  225  223  227  230  236  237  241  241
  241  238  236  232  229  222  219  214  212  208  209  207  208  205  205  202
  201  198  195  189  185  183  187  181  176                                   
    65.0-180.0 180.0   5.0 450.0                            LAT/LON1/LON2/DLON/H
  165  165  159  169  176  181  187  189  192  195  199  202  205  206  205  204
  200  197  196  192  195  191  196  195  203  204  212  215  224  226  234  235
  242  243  246  244  245  238  238  232  234  232  238  239  247  248  250  248
  248  242  238  232  228  221  217  212  209  206  207  205  206  202  202  197
  196  191  189  182  179  174  176  175  165                                   
    62.5-180.0 180.0   5.0 450.0                            LAT/LON1/LON2/DLON/H
  154  156  147  156  164  172  179  182  187  186  195  193  202  196  205  196
  200  194  196  198  198  201  201  205  209  213  217  221  226  230  236  237
  244  245  249  248  248  243  242  238  240  239  244  247  252  253  252  249
  244  238  233  227  223  217  213  208  207  204  205  204  203  200  197  193
  189  183  180  171  167  164  168  160  154                                   
    60.0-180.0 180.0   5.0 450.0                            LAT/LON1/LON2/DLON/H
  143  141  130  143  149  159  168  172  179  180  188  188  194  195  197  198
  195  198  193  199  197  201  201  206  210  214  216  222  224  230  232  238
  243  246  250  250  252  247  248  244  247  246  252  254  258  256  254  249
  245  237  234  228  225  219  216  212  212  210  212  210  210  205  202  195
  190  182  175  166  157  152  152  148  143                                   
    57.5-180.0 180.0   5.0 450.0                            LAT/LON1/LON2/DLON/H
  130  125  115  120  128  140  147  157  161  171  177  180  186  185  192  185
  194  184  194  190  199  199  204  208  215  218  223  226  233  233  242  241
  251  249  257  254  259  252  255  251  255  255  261  261  264  259  256  249
  244  238  236  232  230  226  224  222  221  220  221  219  217  213  207  199
  191  181  172  158  148  140  143  134  130                                   
    55.0-180.0 180.0   5.0 450.0                            LAT/LON1/LON2/DLON/H
  125  112  100  110  112  122  132  139  150  157  169  173  179  183  184  186
  185  189  185  193  188  202  198  214  211  225  220  234  232  243  242  250
  253  257  260  261  263  261  261  260  263  263  267  267  266  261  257  251
  247  244  243  243  242  241  237  235  233  233  233  233  231  227  221  212
  201  191  178  165  148  140  136  130  125                                   
    52.5-180.0 180.0   5.0 450.0                            LAT/LON1/LON2/DLON/H
  121  106   98   98  101  112  118  129  136  154  157  171  171  178  180  181
  184  180  186  183  192  193  203  209  220  224  234  239  249  250  260  260
  270  265  275  270  276  271  274  271  276  273  278  273  274  265  263  256
  255  254  256  256  258  256  254  251  246  246  245  243  242  238  232  222
  212  199  188  169  156  142  145  131  121                                   
    50.0-180.0 180.0   5.0 450.0                            LAT/LON1/LON2/DLON/H
  129  113  100  100  100  109  115  123  133  144  156  164  170  176  179  186
  183  191  186  196  189  205  204  224  223  244  241  260  256  271  268  278
  277  282  282  285  285  285  284  284  286  288  289  287  283  277  272  269
  268  271  272  277  277  278  272  266  259  257  255  253  251  249  243  235
  225  215  202  188  172  158  155  145  129                                   
    47.5-180.0 180.0   5.0 450.0                            LAT/LON1/LON2/DLON/H
  145  128  113  105  102  107  112  121  128  145  151  169  169  183  181  191
  189  194  193  196  200  205  215  222  236  244  259  264  278  280  291  290
  298  296  304  299  305  299  303  298  304  302  306  301  300  289  288  282
  285  285  290  291  292  286  281  272  264  261  258  256  255  251  249  242
  235  224  216  200  190  175  178  163  145                                   
    45.0-180.0 180.0   5.0 450.0                            LAT/LON1/LON2/DLON/H
  166  149  129  119  113  117  120  126  134  149  162  174  181  190  195  202
  201  210  205  217  212  227  225  245  245  268  268  289  285  303  297  308
  306  314  315  318  317  317  317  318  318  321  318  318  311  306  299  298
  297  301  300  302  298  294  282  273  263  260  256  254  252  252  250  247
  240  235  225  218  206  197  193  185  166                                   
    42.5-180.0 180.0   5.0 450.0                            LAT/LON1/LON2/DLON/H
  189  173  150  136  126  123  124  131  140  156  167  183  189  202  206  218
  219  226  223  230  231  238  244  252  263  270  287  291  306  309  321  322
  334  335  347  346  353  348  353  348  351  345  344  335  331  322  318  314
  313  311  309  306  298  287  275  263  254  250  249  247  249  245  248  244
  243  236  232  222  217  209  211  201  189                                   
    40.0-180.0 180.0   5.0 450.0                            LAT/LON1/LON2/DLON/H
  209  189  168  152  145  137  139  143  156  172  189  204  212  226  230  244
  243  251  246  255  252  262  262  275  275  293  296  315  319  335  338  350
  355  364  369  372  376  378  377  380  374  372  363  356  345  340  333  331
  326  324  316  310  296  283  268  254  249  242  245  241  245  244  246  246
  243  241  233  228  221  218  216  211  209                                   
    37.5-180.0 180.0   5.0 450.0                            LAT/LON1/LON2/DLON/H
  221  203  178  164  153  144  141  148  161  181  199  217  226  237  245  257
  260  269  267  272  272  281  284  292  299  306  320  330  345  355  371  379
  394  403  414  419  427  429  431  428  420  410  397  382  370  362  353  351
  341  339  324  317  301  288  273  263  257  256  255  255  255  253  255  252
  250  242  235  225  219  216  218  215  221                                   
    35.0-180.0 180.0   5.0 450.0                            LAT/LON1/LON2/DLON/H
  224  207  183  168  159  150  151  155  174  193  218  234  248  259  267  280
  281  291  286  290  288  295  298  306  311  322  332  348  361  382  397  416
  431  445  455  465  471  475  472  470  458  447  431  416  402  393  383  380
  369  367  351  345  333  323  312  301  297  292  287  276  275  268  270  261
  258  246  235  225  215  213  216  210  224                                   
    32.5-180.0 180.0   5.0 450.0                            LAT/LON1/LON2/DLON/H
  219  204  180  165  153  148  146  151  169  192  217  239  256  268  279  285
  292  297  295  298  297  307  314  323  332  339  353  362  384  401  430  450
  475  492  508  519  527  532  528  521  504  493  472  460  441  434  420  420
  408  405  383  373  363  355  352  342  340  329  322  311  303  302  301  291
  282  270  252  236  222  215  218  213  219                                   
    30.0-180.0 180.0   5.0 450.0                            LAT/LON1/LON2/DLON/H
  212  202  181  172  163  152  151  151  171  190  220  240  266  276  288  295
  301  306  309  312  315  323  328  338  344  356  366  385  404  431  460  487
  510  532  544  557  563  567  560  552  531  520  502  493  478  472  461  460
  442  438  422  421  413  412  407  404  394  382  366  355  342  330  322  324
  311  287  273  253  238  234  230  215  212                                   
    27.5-180.0 180.0   5.0 450.0                            LAT/LON1/LON2/DLON/H
  211  213  195  179  169  159  152  149  159  180  203  230  254  272  287  296
  304  310  312  323  325  338  343  355  362  374  389  409  434  460  493  519
  546  568  583  596  596  600  587  578  559  547  531  523  512  516  508  514
  497  495  484  483  485  484  485  477  468  443  423  402  383  371  359  359
  352  338  300  275  248  237  242  223  211                                   
    25.0-180.0 180.0   5.0 450.0                            LAT/LON1/LON2/DLON/H
  206  213  195  184  173  163  163  153  164  171  194  219  241  270  285  299
  305  315  319  333  338  350  354  366  372  389  406  431  458  494  524  555
  578  601  615  630  627  627  608  602  582  574  560  559  556  564  564  564
  559  556  556  555  561  562  563  551  530  499  476  451  436  420  406  410
  403  394  347  311  275  252  251  244  206                                   
    22.5-180.0 180.0   5.0 450.0                            LAT/LON1/LON2/DLON/H
  212  235  207  190  174  162  161  156  167  170  181  202  219  251  273  291
  305  314  326  341  348  361  364  374  387  402  426  452  484  520  550  580
  600  625  637  650  648  642  631  620  608  604  597  603  607  620  623  633
  634  635  630  622  614  606  588  572  538  515  488  483  469  463  445  454
  450  443  399  366  322  295  275  266  212                                   
    20.0-180.0 180.0   5.0 450.0                            LAT/LON1/LON2/DLON/H
  231  265  237  209  185  166  154  156  160  168  176  188  204  236  254  284
  297  315  328  346  356  369  377  391  410  428  455  483  517  548  574  605
  623  644  649  659  649  646  628  622  613  616  618  629  639  650  656  667
  671  671  662  657  631  617  582  562  519  493  470  464  466  463  464  474
  485  482  447  411  370  333  307  289  231                                   
    17.5-180.0 180.0   5.0 450.0                            LAT/LON1/LON2/DLON/H
  247  283  259  232  202  182  163  159  156  162  167  183  197  222  244  268
  292  315  336  353  366  381  387  409  425  446  474  509  538  569  591  620
  636  649  656  659  652  645  633  626  629  636  648  661  670  677  690  695
  703  693  677  659  622  593  554  521  481  444  428  425  428  444  446  466
  473  486  465  444  400  375  342  311  247                                   
    15.0-180.0 180.0   5.0 450.0                            LAT/LON1/LON2/DLON/H
  251  285  267  239  216  189  173  157  152  152  160  180  196  223  238  263
  283  312  335  360  376  390  405  427  452  475  505  533  561  583  605  627
  636  646  650  653  647  643  632  634  638  644  661  670  680  694  701  708
  706  691  665  633  585  539  500  452  419  385  381  376  391  395  409  426
  440  452  445  424  402  374  362  320  251                                   
    12.5-180.0 180.0   5.0 450.0                            LAT/LON1/LON2/DLON/H
  251  283  267  246  225  200  178  163  155  151  158  180  198  223  241  260
  280  309  336  365  381  400  411  439  458  489  516  550  572  596  615  631
  643  648  653  654  653  646  649  650  660  665  680  683  696  703  709  706
  696  677  644  599  545  491  446  409  381  362  359  361  361  371  368  382
  383  398  400  398  381  376  363  308  251                                   
    10.0-180.0 180.0   5.0 450.0                            LAT/LON1/LON2/DLON/H
  238  259  245  219  207  186  166  152  148  142  148  170  194  224  240  259
  279  306  333  360  383  399  420  450  480  507  539  563  591  611  624  635
  647  651  659  657  659  653  656  656  664  667  676  682  688  696  692  688
  670  647  605  551  503  452  416  388  371  356  359  350  347  345  332  330
  326  335  342  348  347  347  350  293  238                                   
     7.5-180.0 180.0   5.0 450.0                            LAT/LON1/LON2/DLON/H
  226  240  234  201  191  169  158  148  146  140  149  169  201  231  249  266
  282  311  327  360  372  400  417  457  478  520  544  580  604  622  640  647
