data/unet/pred1260.15i
     1.0            IONOSPHERE MAPS     GNSS                IONEX VERSION / TYPE
pyspatialgeodesy        IME             05-JAN-18 20:20     PGM / RUN BY / DATE 
Map Name                                                    COMMENT             
Predicted global ionosphere maps (GIM).                     DESCRIPTION         
  2015     5     6     0     0     0                        EPOCH OF FIRST MAP  
  2015     5     7     0     0     0                        EPOCH OF LAST MAP   
  7200                                                      INTERVAL            
    13                                                      # OF MAPS IN FILE   
  NONE                                                      MAPPING FUNCTION    
10.0                                                        ELEVATION CUTOFF    
One-way carrier phase leveled to code                       OBSERVABLES USED    
  6371.0                                                    BASE RADIUS         
 2                                                          MAP DIMENSION       
   450.0 450.0   0.0                                        HGT1 / HGT2 / DHGT  
    87.5 -87.5  -2.5                                        LAT1 / LAT2 / DLAT  
  -180.0 180.0   5.0                                        LON1 / LON2 / DLON  
    -1                                                      EXPONENT            
                                                            END OF HEADER       
[from data line 858]
     3                                                      START OF TEC MAP    
  2015     5     6     4     0     0                        EPOCH OF CURRENT MAP
    87.5-180.0 180.0   5.0 450.0                            LAT/LON1/LON2/DLON/H
  191  190  180  182  180  181  178  180  178  180  176  178  175  177  173  173
  171  170  168  166  166  163  163  160  162  160  162  161  164  163  165  163
  166  164  165  164  166  165  165  164  166  164  166  164  166  165  166  165
  166  165  165  165  165  165  165  166  167  168  167  169  169  171  169  171
  170  172  171  174  173  174  185  195  191                                   
    85.0-180.0 180.0   5.0 450.0                            LAT/LON1/LON2/DLON/H
  192  190  181  188  187  188  188  190  188  191  187  190  188  189  185  185
  182  180  176  174  172  171  167  167  166  166  165  164  166  165  165  164
  165  164  164  162  165  162  164  162  166  164  166  164  169  167  170  168
  173  170  174  171  176  174  176  175  178  178  178  179  179  180  177  179
  177  179  176  179  176  175  182  186  192                                   
    82.5-180.0 180.0   5.0 450.0                            LAT/LON1/LON2/DLON/H
  177  173  174  179  179  180  182  183  184  185  183  184  183  183  181  180
  178  177  172  172  169  168  163  164  161  163  158  160  158  158  156  156
  157  156  158  156  160  159  161  161  166  166  168  169  173  173  176  175
  179  178  181  179  183  181  182  181  183  181  181  180  180  177  174  172
  170  168  166  165  165  163  170  168  177                                   
    80.0-180.0 180.0   5.0 450.0                            LAT/LON1/LON2/DLON/H
  179  176  176  178  181  183  187  188  190  190  190  190  190  190  189  187
  187  184  181  179  178  174  172  169  167  165  160  159  156  155  152  153
  152  154  153  156  156  160  160  164  167  170  173  175  181  181  186  185
  192  191  196  193  199  195  197  194  196  192  193  190  190  186  184  180
  180  176  174  172  171  167  169  168  179                                   
    77.5-180.0 180.0   5.0 450.0                            LAT/LON1/LON2/DLON/H
  177  175  176  178  179  184  185  187  188  189  187  186  186  185  183  182
  180  179  176  175  173  170  167  165  161  158  154  150  147  144  143  144
  145  147  150  152  155  158  160  164  168  174  178  183  189  193  197  200
  205  207  210  211  213  211  211  208  208  205  204  201  200  197  194  191
  188  186  182  180  177  174  173  170  177                                   
    75.0-180.0 180.0   5.0 450.0                            LAT/LON1/LON2/DLON/H
  181  180  179  182  185  186  189  189  190  189  187  184  181  179  177  175
  173  171  170  168  167  163  161  155  151  145  140  136  132  131  130  132
  135  139  143  149  151  157  158  165  168  176  182  189  198  203  210  214
  221  222  226  224  227  223  223  218  216  213  211  209  207  205  202  201
  198  197  194  192  189  182  180  176  181                                   
    72.5-180.0 180.0   5.0 450.0                            LAT/LON1/LON2/DLON/H
  181  182  183  186  186  188  187  188  186  185  179  175  169  166  162  161
  159  159  158  157  154  153  148  144  136  131  124  121  118  119  120  124
  128  134  140  146  150  156  160  166  172  180  188  198  208  217  224  230
  235  238  239  239  237  235  229  226  220  217  213  212  209  209  206  206
  205  204  203  202  200  194  187  181  181                                   
    70.0-180.0 180.0   5.0 450.0                            LAT/LON1/LON2/DLON/H
  185  186  183  186  189  189  190  190  190  187  183  174  168  159  155  149
  149  146  149  146  148  143  141  134  127  120  114  110  110  110  114  117
  124  130  138  144  149  156  159  168  173  186  194  207  217  228  236  243
  249  251  252  250  248  242  236  229  223  218  215  212  210  208  206  206
  206  207  206  206  203  193  190  188  185                                   
    67.5-180.0 180.0   5.0 450.0                            LAT/LON1/LON2/DLON/H
  186  185  183  186  185  188  188  191  189  187  180  173  161  152  144  139
  137  136  137  138  138  137  133  128  120  114  108  106  104  107  109  115
  120  128  135  142  147  154  160  167  175  188  199  212  224  235  245  251
  258  260  261  258  255  248  240  231  223  217  212  207  204  201  199  198
  199  200  202  202  201  196  191  188  186                                   
    65.0-180.0 180.0   5.0 450.0                            LAT/LON1/LON2/DLON/H
  189  187  183  184  185  185  187  190  191  189  185  176  167  153  144  136
  133  131  132  132  133  129  128  120  115  107  104   99  101  101  107  110
  117  122  130  136  142  149  153  164  171  187  197  212  227  239  250  255
  264  264  267  261  260  249  243  231  226  217  213  206  202  197  194  193
  194  197  199  201  199  194  194  192  189                                   
    62.5-180.0 180.0   5.0 450.0                            LAT/LON1/LON2/DLON/H
  191  188  183  183  179  180  181  186  186  189  183  179  168  158  146  137
  132  129  129  129  128  127  122  118  110  105   99   98   96  101  102  108
  110  117  121  129  134  142  150  159  170  183  198  213  230  243  255  260
  270  269  272  266  263  253  245  234  227  219  213  207  201  196  190  189
  189  191  194  195  196  195  195  192  191                                   
    60.0-180.0 180.0   5.0 450.0                            LAT/LON1/LON2/DLON/H
  197  194  187  183  182  179  181  183  186  187  185  181  176  165  155  144
  138  134  131  129  127  124  119  113  108  100   98   94   96   96  102  101
  107  107  116  119  127  132  143  156  167  183  197  214  232  245  256  262
  270  273  273  271  266  260  251  243  236  228  221  216  209  205  197  195
  192  195  195  199  199  197  200  196  197                                   
    57.5-180.0 180.0   5.0 450.0                            LAT/LON1/LON2/DLON/H
  203  199  194  190  184  181  178  180  180  182  179  181  175  171  161  152
  143  137  132  129  126  122  116  111  105  101   98   98   98  100  100  102
  102  103  107  113  119  128  139  153  169  185  202  218  235  247  259  264
  272  275  277  275  274  268  263  254  249  241  235  228  223  216  208  205
  199  200  200  202  204  204  203  199  203                                   
    55.0-180.0 180.0   5.0 450.0                            LAT/LON1/LON2/DLON/H
  218  216  211  207  201  193  188  184  183  180  179  178  177  173  167  158
  150  142  135  131  126  122  116  111  107  103  102  102  104  102  104  100
  103   99  105  107  117  124  137  152  169  186  205  220  237  248  259  267
  274  280  281  285  283  284  279  275  269  264  257  251  244  237  227  222
  215  215  213  216  216  215  216  211  218                                   
    52.5-180.0 180.0   5.0 450.0                            LAT/LON1/LON2/DLON/H
  239  234  233  228  219  211  201  194  187  183  177  177  173  173  167  162
  154  144  138  132  126  123  118  115  111  111  110  113  112  111  109  107
  105  103  106  110  118  128  141  156  174  192  210  226  240  252  263  270
  279  285  290  295  299  300  299  294  291  284  279  272  266  257  248  240
  232  230  228  228  232  232  229  229  239                                   
    50.0-180.0 180.0   5.0 450.0                            LAT/LON1/LON2/DLON/H
  263  261  264  259  251  240  226  215  202  192  185  181  178  174  169  162
  154  145  138  134  129  126  124  123  122  122  123  125  125  122  120  115
  114  111  115  116  125  131  145  158  175  194  213  228  243  255  267  277
  286  295  301  309  312  316  316  314  312  304  299  292  287  280  272  264
  257  254  251  251  251  251  251  250  263                                   
    47.5-180.0 180.0   5.0 450.0                            LAT/LON1/LON2/DLON/H
  290  287  295  290  281  269  252  237  221  208  195  188  179  174  166  161
  153  146  140  137  133  133  132  133  132  136  136  141  138  136  132  128
  125  124  125  128  133  140  152  163  180  199  217  232  247  259  270  281
  292  303  311  321  327  331  331  328  325  316  310  302  299  293  290  285
  280  278  277  274  275  276  272  272  290                                   
    45.0-180.0 180.0   5.0 450.0                            LAT/LON1/LON2/DLON/H
  312  312  319  316  311  299  282  265  246  229  212  201  190  181  171  162
  153  147  142  142  141  142  145  148  148  151  152  155  152  149  144  142
  138  135  137  137  142  145  156  163  181  198  218  232  249  263  277  288
  300  312  320  331  336  342  341  338  332  322  314  306  305  302  303  302
  303  304  305  301  299  295  295  289  312                                   
    42.5-180.0 180.0   5.0 450.0                            LAT/LON1/LON2/DLON/H
  331  326  331  331  325  320  304  287  266  248  227  214  198  187  174  165
  155  151  150  150  152  154  157  161  161  167  165  170  165  164  159  157
  152  150  150  149  151  153  160  166  183  203  221  236  253  267  282  295
  308  321  330  340  345  350  350  346  339  326  317  309  309  309  314  319
  323  327  329  326  323  320  312  309  331                                   
    40.0-180.0 180.0   5.0 450.0                            LAT/LON1/LON2/DLON/H
  345  334  336  332  332  327  318  302  285  266  247  230  214  200  185  173
  165  161  162  164  168  171  175  178  178  182  179  181  175  173  170  169
  166  164  162  160  159  159  164  170  185  205  224  240  257  274  290  305
  318  332  342  353  360  366  365  363  353  340  327  321  321  324  334  342
  350  354  356  353  345  340  332  321  345                                   
    37.5-180.0 180.0   5.0 450.0                            LAT/LON1/LON2/DLON/H
  358  337  335  332  326  327  318  310  293  277  257  243  225  213  196  185
  176  175  177  180  184  186  189  190  191  192  189  190  182  180  175  175
  172  171  170  165  163  162  167  174  190  211  227  243  260  278  295  310
  324  339  349  360  368  374  376  377  371  364  354  354  352  361  366  376
  380  386  382  381  371  364  344  340  358                                   
    35.0-180.0 180.0   5.0 450.0                            LAT/LON1/LON2/DLON/H
  383  354  344  329  323  317  314  305  295  280  268  253  240  224  210  197
  191  188  192  194  199  200  205  206  209  209  206  202  194  185  181  176
  172  169  168  165  165  165  169  179  193  215  233  249  265  282  300  314
  331  344  357  368  382  394  403  409  407  403  397  398  401  410  417  423
  426  427  424  423  415  405  380  370  383                                   
    32.5-180.0 180.0   5.0 450.0                            LAT/LON1/LON2/DLON/H
  422  390  364  343  326  318  312  305  293  283  270  260  246  234  218  208
  201  199  201  203  208  211  216  220  224  226  224  218  208  196  186  176
  169  163  162  159  161  161  168  180  196  217  236  251  266  283  297  315
  330  347  360  375  392  409  427  436  444  444  446  454  460  470  471  479
  472  476  466  472  466  463  428  418  422                                   
    30.0-180.0 180.0   5.0 450.0                            LAT/LON1/LON2/DLON/H
  477  454  425  391  360  339  324  310  298  283  273  259  251  238  227  215
  211  205  208  208  214  220  228  236  243  245  241  233  220  202  188  177
  167  161  157  154  154  157  164  175  193  217  237  252  265  277  291  306
  324  340  358  376  398  422  445  462  479  486  497  513  524  540  538  541
  530  528  521  528  532  528  502  478  477                                   
    27.5-180.0 180.0   5.0 450.0                            LAT/LON1/LON2/DLON/H
  539  523  496  462  422  396  365  342  318  299  278  266  252  243  230  222
  213  209  208  210  217  226  241  254  267  268  264  251  232  209  192  175
  166  157  153  149  149  154  160  172  188  209  231  248  259  272  282  300
  315  335  351  375  402  429  457  481  509  528  552  576  598  612  611  605
  592  584  577  586  598  600  581  551  539                                   
    25.0-180.0 180.0   5.0 450.0                            LAT/LON1/LON2/DLON/H
  622  608  585  553  517  487  449  410  367  329  304  279  264  249  239  224
  216  207  207  208  219  233  256  278  293  296  288  270  242  220  199  185
  172  160  153  146  143  145  153  163  178  197  220  238  253  261  274  288
  308  328  353  380  408  436  467  490  523  549  580  616  645  666  669  673
  656  654  641  655  667  671  663  641  622                                   
    22.5-180.0 180.0   5.0 450.0                            LAT/LON1/LON2/DLON/H
  694  700  686  657  612  576  532  492  436  388  342  314  288  270  249  234
  220  210  205  208  222  242  272  298  317  319  308  283  253  225  208  188
  175  159  151  142  139  141  148  155  167  183  207  227  244  256  269  285
  302  328  354  385  416  448  478  508  541  576  605  645  681  703  716  720
  708  705  696  708  728  732  722  706  694                                   
    20.0-180.0 180.0   5.0 450.0                            LAT/LON1/LON2/DLON/H
  758  781  773  750  720  681  630  576  517  459  404  354  322  294  271  246
  230  215  210  212  231  256  290  316  337  335  319  288  251  227  210  191
  175  159  147  139  133  134  136  141  151  165  190  213  238  251  268  283
  308  333  364  394  428  459  489  513  548  577  612  650  684  713  727  742
  737  744  739  755  771  773  770  765  758                                   
    17.5-180.0 180.0   5.0 450.0                            LAT/LON1/LON2/DLON/H
  789  820  835  823  800  765  719  665  593  526  460  407  360  328  298  274
  249  234  225  227  246  273  306  332  346  338  316  279  245  221  207  188
  169  158  143  139  132  125  124  124  131  146  174  202  230  250  270  288
  314  343  375  415  449  483  504  530  555  586  616  651  684  707  723  740
  745  753  756  767  785  788  783  774  789                                   
    15.0-180.0 180.0   5.0 450.0                            LAT/LON1/LON2/DLON/H
  791  825  846  857  844  813  771  721  656  582  512  451  402  360  329  303
  280  263  254  257  274  297  324  345  351  331  302  261  230  209  196  179
  161  152  140  134  121  115  106  106  112  128  160  193  229  249  275  293
  324  354  391  432  471  499  521  542  570  595  622  652  675  699  711  735
  739  759  759  773  782  780  777  776  791                                   
    12.5-180.0 180.0   5.0 450.0                            LAT/LON1/LON2/DLON/H
  765  796  820  835  833  804  771  725  676  609  543  481  430  391  357  336
  319  306  299  300  309  323  339  347  337  310  275  233  215  196  185  168
  157  146  140  124  121  104   99   93   99  117  151  187  224  247  275  297
  329  366  405  453  489  512  531  560  582  608  625  649  662  678  691  710
  723  737  745  753  761  760  757  751  765                                   
    10.0-180.0 180.0   5.0 450.0                            LAT/LON1/LON2/DLON/H
  730  747  761  778  771  758  725  696  653  605  550  495  450  416  387  369
  357  353  347  348  348  351  354  338  319  278  238  206  190  176  164  155
  146  139  126  117  104   98   85   83   89  106  143  180  220  242  273  297
  335  372  416  462  494  517  539  568  588  616  628  651  657  672  677  704
  711  736  737  746  744  734  731  728  730                                   
     7.5-180.0 180.0   5.0 450.0                            LAT/LON1/LON2/DLON/H
  693  700  699  707  696  674  653  630  605  566  526  487  453  429  408  398
  392  393  393  387  381  368  348  320  287  241  208  179  172  156  154  141
