data/unet/pred1420.15i
     1.0            IONOSPHERE MAPS     GNSS                IONEX VERSION / TYPE
pyspatialgeodesy        IME             05-JAN-18 20:20     PGM / RUN BY / DATE 
Map Name                                                    COMMENT             
Predicted global ionosphere maps (GIM).                     DESCRIPTION         
  2015     5    22     0     0     0                        EPOCH OF FIRST MAP  
  2015     5    23     0     0     0                        EPOCH OF LAST MAP   
  7200                                                      INTERVAL            
    13                                                      # OF MAPS IN FILE   
  NONE                                                      MAPPING FUNCTION    
10.0                                                        ELEVATION CUTOFF    
One-way carrier phase leveled to code                       OBSERVABLES USED    
  6371.0                                                    BASE RADIUS         
 2                                                          MAP DIMENSION       
   450.0 450.0   0.0                                        HGT1 / HGT2 / DHGT  
    87.5 -87.5  -2.5                                        LAT1 / LAT2 / DLAT  
  -180.0 180.0   5.0                                        LON1 / LON2 / DLON  
    -1                                                      EXPONENT            
                                                            END OF HEADER       
[from data line 3003]
     8                                                      START OF TEC MAP    
  2015     5    22    14     0     0                        EPOCH OF CURRENT MAP
    87.5-180.0 180.0   5.0 450.0                            LAT/LON1/LON2/DLON/H
  172  189  196  195  195  193  195  195  197  196  196  196  196  195  194  192
  192  189  188  186  186  183  183  180  181  178  179  177  178  176  177  174
  175  174  174  173  173  172  171  171  171  170  171  171  172  172  173  173
  174  174  175  175  177  176  178  177  179  178  179  178  180  178  179  177
  179  177  182  180  181  179  190  165  172                                   
    85.0-180.0 180.0   5.0 450.0                            LAT/LON1/LON2/DLON/H
  183  189  190  192  193  191  194  194  195  195  195  195  195  193  193  191
  190  186  187  183  184  179  180  176  178  174  176  173  175  171  173  170
  171  167  169  165  167  163  164  161  163  159  162  160  164  161  165  164
  168  167  171  170  174  173  175  174  177  176  178  177  179  178  179  178
  179  179  181  179  179  178  181  181  183                                   
    82.5-180.0 180.0   5.0 450.0                            LAT/LON1/LON2/DLON/H
  187  187  188  190  188  190  189  193  192  195  194  196  195  196  194  195
  192  192  188  189  184  185  181  183  178  180  176  179  174  176  172  175
  170  171  166  168  163  164  159  160  156  158  155  158  156  160  159  163
  163  167  167  171  171  173  174  175  176  176  177  178  177  177  177  177
  175  177  176  175  171  174  176  169  187                                   
    80.0-180.0 180.0   5.0 450.0                            LAT/LON1/LON2/DLON/H
  177  185  181  185  185  183  186  187  190  190  192  192  193  192  192  191
  190  188  186  186  183  183  180  181  177  178  175  178  175  177  174  175
  172  170  167  166  163  160  158  156  155  153  154  154  155  157  160  162
  164  166  169  172  174  175  176  177  177  178  178  178  176  176  175  175
  172  174  171  171  165  169  164  161  177                                   
    77.5-180.0 180.0   5.0 450.0                            LAT/LON1/LON2/DLON/H
  168  170  167  173  173  176  176  181  181  183  183  186  185  185  185  184
  183  181  180  178  177  175  174  174  172  173  173  176  176  177  178  178
  177  175  174  171  167  163  161  158  156  154  155  156  158  159  162  165
  168  169  172  174  176  176  177  178  177  176  175  175  173  171  170  169
  165  165  162  160  157  157  156  148  168                                   
    75.0-180.0 180.0   5.0 450.0                            LAT/LON1/LON2/DLON/H
  160  163  161  166  171  172  175  177  180  180  182  183  183  183  183  182
  181  179  178  175  175  172  172  171  172  173  176  178  182  184  187  187
  187  185  184  180  177  172  170  165  164  162  164  164  167  169  174  175
  179  179  182  183  185  185  185  184  184  182  181  180  177  175  173  169
  166  163  161  156  154  154  148  146  160                                   
    72.5-180.0 180.0   5.0 450.0                            LAT/LON1/LON2/DLON/H
  153  156  155  160  162  165  167  170  172  173  175  176  178  177  178  176
  177  174  174  170  170  167  167  166  168  170  173  178  183  187  191  193
  194  194  192  188  185  180  177  173  171  169  170  171  174  176  179  181
  183  184  185  186  186  186  185  184  182  181  179  177  174  172  170  166
  162  159  156  149  148  145  146  141  153                                   
    70.0-180.0 180.0   5.0 450.0                            LAT/LON1/LON2/DLON/H
  149  151  150  155  159  160  163  164  167  169  171  172  174  174  175  173
  174  171  171  168  169  167  167  166  168  171  175  180  187  191  197  200
  203  202  202  198  196  191  188  183  182  181  183  183  187  187  191  190
  192  190  191  188  188  186  185  183  182  180  179  178  176  174  171  168
  164  161  157  151  147  143  140  142  149                                   
    67.5-180.0 180.0   5.0 450.0                            LAT/LON1/LON2/DLON/H
  146  148  146  150  152  154  156  159  161  163  165  168  170  170  171  171
  171  169  171  169  170  167  168  167  168  170  174  181  186  194  198  204
  206  208  208  206  203  200  196  193  191  191  192  195  196  197  197  197
  194  193  189  188  184  183  180  180  178  178  177  177  175  173  170  167
  163  160  156  151  146  139  140  140  146                                   
    65.0-180.0 180.0   5.0 450.0                            LAT/LON1/LON2/DLON/H
  140  141  139  144  146  149  150  154  157  161  163  166  168  170  170  170
  170  169  170  169  172  171  172  171  172  173  177  182  187  194  198  203
  207  209  211  208  208  203  202  197  199  198  202  201  205  203  204  197
  197  191  190  185  183  180  179  177  178  178  179  179  178  177  173  170
  165  162  157  152  146  138  133  141  140                                   
    62.5-180.0 180.0   5.0 450.0                            LAT/LON1/LON2/DLON/H
  135  133  128  134  136  140  141  148  150  156  159  164  166  168  168  168
  169  167  169  169  172  171  173  174  175  176  179  184  187  194  197  203
  206  209  211  211  210  207  206  204  204  206  208  211  210  209  206  201
  195  191  187  185  181  180  178  180  179  182  181  183  181  180  176  171
  165  160  154  148  142  132  131  137  135                                   
    60.0-180.0 180.0   5.0 450.0                            LAT/LON1/LON2/DLON/H
  129  121  115  123  127  131  133  139  142  149  153  159  163  165  166  165
  166  164  167  166  172  172  176  176  180  181  183  186  190  194  197  201
  206  207  211  209  212  208  210  206  211  210  216  214  217  211  211  201
  198  190  189  186  186  184  184  184  187  187  189  187  187  184  180  174
  167  160  154  144  137  128  121  130  129                                   
    57.5-180.0 180.0   5.0 450.0                            LAT/LON1/LON2/DLON/H
  123  111  102  108  112  120  122  132  135  144  147  156  159  163  163  164
  163  164  164  166  168  172  174  178  181  184  186  191  194  199  201  206
  209  212  215  216  217  215  217  217  218  221  224  225  223  220  216  209
  202  198  195  195  193  194  193  195  195  196  196  195  193  190  184  177
  167  160  151  142  133  119  116  121  123                                   
    55.0-180.0 180.0   5.0 450.0                            LAT/LON1/LON2/DLON/H
  118  101   89   98  102  108  113  119  124  133  138  146  151  157  158  160
  159  159  160  160  165  168  173  178  182  187  190  196  199  204  207  209
  213  213  218  216  220  216  220  218  223  224  228  226  228  221  220  211
  208  203  202  202  203  204  204  205  206  205  205  202  200  196  189  181
  171  162  153  141  132  118  112  116  118                                   
    52.5-180.0 180.0   5.0 450.0                            LAT/LON1/LON2/DLON/H
  114   95   85   90   94  100  105  115  119  130  134  145  148  156  157  162
  159  161  159  162  163  169  171  179  182  190  195  202  207  212  215  219
  221  223  226  227  229  228  230  230  233  235  237  236  235  230  228  222
  219  216  216  217  216  217  215  216  213  211  210  209  205  202  193  185
  173  164  152  142  132  117  116  111  114                                   
    50.0-180.0 180.0   5.0 450.0                            LAT/LON1/LON2/DLON/H
  118   99   85   92   94   99  102  110  115  123  129  138  144  152  156  161
  161  162  161  162  163  169  172  180  185  195  201  211  216  222  225  228
  232  232  239  238  242  239  242  240  243  244  246  243  243  236  235  228
  229  226  229  228  231  228  228  225  223  217  216  211  209  203  197  189
  179  170  161  149  141  126  121  118  118                                   
    47.5-180.0 180.0   5.0 450.0                            LAT/LON1/LON2/DLON/H
  124  110   98   96   98   99  101  109  113  124  128  142  145  156  159  168
  167  171  167  170  168  174  175  185  189  201  207  217  223  232  235  242
  244  251  255  260  261  261  262  261  262  261  262  260  257  251  248  243
  241  242  242  243  241  239  235  232  226  221  217  215  209  208  200  195
  184  177  166  157  148  134  136  125  124                                   
    45.0-180.0 180.0   5.0 450.0                            LAT/LON1/LON2/DLON/H
  136  126  109  111  106  107  106  112  116  125  131  141  149  159  165  175
  177  180  179  179  176  180  183  191  196  207  213  223  230  239  244  252
  258  267  274  279  282  284  281  281  276  277  273  271  265  260  255  252
  251  250  251  249  249  243  240  235  230  224  220  215  211  207  204  198
  192  184  177  166  159  148  144  141  136                                   
    42.5-180.0 180.0   5.0 450.0                            LAT/LON1/LON2/DLON/H
  145  141  126  121  114  110  111  114  119  128  135  149  157  170  176  189
  191  197  192  193  187  191  192  201  205  214  221  230  237  247  255  265
  274  290  298  309  312  316  313  311  305  302  296  291  283  276  270  267
  263  263  259  259  254  248  241  236  231  225  220  218  212  214  209  208
  199  193  184  176  167  156  158  151  145                                   
    40.0-180.0 180.0   5.0 450.0                            LAT/LON1/LON2/DLON/H
  157  150  134  132  122  117  114  118  122  131  140  154  165  178  190  202
  207  211  208  206  202  203  206  211  217  224  230  237  244  256  265  279
  291  308  322  334  343  350  348  348  337  333  319  311  298  291  281  279
  274  273  267  265  260  253  246  240  235  229  224  220  216  217  216  211
  207  198  192  182  175  165  159  160  157                                   
    37.5-180.0 180.0   5.0 450.0                            LAT/LON1/LON2/DLON/H
  161  158  142  136  125  117  114  117  123  134  145  163  175  192  204  220
  223  229  222  221  215  217  219  227  230  239  242  250  254  268  278  294
  308  332  347  367  378  389  390  390  380  372  356  344  327  317  302  299
  289  289  278  277  268  261  253  249  242  238  234  230  225  228  225  225
  216  210  198  190  178  169  166  165  161                                   
    35.0-180.0 180.0   5.0 450.0                            LAT/LON1/LON2/DLON/H
  169  161  142  136  123  117  111  117  123  135  148  167  182  200  215  230
  235  240  235  233  229  232  234  242  246  253  256  261  268  280  294  312
  332  354  373  396  416  430  435  435  426  419  402  388  366  352  333  325
  312  307  295  292  282  273  265  259  256  249  246  241  237  236  233  231
  222  215  203  193  180  172  162  169  169                                   
    32.5-180.0 180.0   5.0 450.0                            LAT/LON1/LON2/DLON/H
  168  163  144  133  119  114  111  114  121  135  149  172  188  207  223  240
  243  249  244  244  241  245  249  257  260  268  269  278  283  299  312  335
  354  380  400  430  451  470  475  479  471  467  449  437  412  397  372  368
  348  349  332  335  322  315  303  295  285  277  269  259  252  247  242  241
  229  223  205  196  181  170  166  175  168                                   
    30.0-180.0 180.0   5.0 450.0                            LAT/LON1/LON2/DLON/H
  168  161  146  135  121  115  111  114  120  134  150  168  188  207  227  240
  248  253  250  251  251  252  258  263  270  276  284  293  303  319  338  362
  386  408  433  457  483  499  510  516  515  510  496  479  458  441  422  415
  406  403  390  387  379  373  360  349  332  316  301  284  273  258  250  241
  234  224  212  200  187  173  162  176  168                                   
    27.5-180.0 180.0   5.0 450.0                            LAT/LON1/LON2/DLON/H
  165  165  154  141  125  120  112  114  117  131  145  168  186  208  225  242
  248  257  255  260  260  265  265  274  275  289  297  313  326  348  372  400
  421  447  466  492  512  530  542  549  546  542  528  514  490  480  462  466
  454  449  438  434  424  410  394  372  361  346  339  323  307  285  268  248
  236  224  213  207  195  180  172  177  165                                   
    25.0-180.0 180.0   5.0 450.0                            LAT/LON1/LON2/DLON/H
  168  177  166  155  137  131  121  121  122  130  143  162  183  203  224  237
  248  255  260  262  265  266  272  276  285  298  312  330  351  381  410  436
  455  479  497  518  535  551  556  566  563  562  551  540  523  513  506  506
  499  499  488  483  466  449  415  392  366  358  340  333  320  311  289  265
  249  231  225  221  214  202  188  185  168                                   
    22.5-180.0 180.0   5.0 450.0                            LAT/LON1/LON2/DLON/H
  162  190  178  165  148  139  129  128  124  133  138  159  176  200  215  236
  245  258  264  275  274  280  277  289  293  314  326  356  382  417  442  471
  491  511  524  538  551  564  569  577  577  578  573  567  558  556  551  548
  551  549  547  533  518  480  443  403  379  359  346  333  316  311  305  285
  269  252  241  237  236  225  209  190  162                                   
    20.0-180.0 180.0   5.0 450.0                            LAT/LON1/LON2/DLON/H
  161  190  176  166  148  143  130  134  136  142  147  157  173  194  214  229
  244  257  270  278  281  284  288  296  309  327  348  377  408  438  462  490
  509  527  538  547  558  567  569  575  572  576  572  574  571  575  572  578
  585  589  580  568  543  506  454  415  379  364  342  331  309  299  286  288
  281  270  264  260  257  241  226  202  161                                   
    17.5-180.0 180.0   5.0 450.0                            LAT/LON1/LON2/DLON/H
  152  197  184  168  153  141  130  135  135  147  148  159  168  189  205  226
  239  260  274  287  292  299  297  313  322  347  367  403  426  459  480  503
  523  538  549  557  565  573  574  576  576  577  579  582  588  592  600  608
  618  610  597  572  547  499  452  401  372  350  333  318  302  288  275  276
  279  285  278  277  266  248  233  205  152                                   
    15.0-180.0 180.0   5.0 450.0                            LAT/LON1/LON2/DLON/H
  156  202  189  177  159  149  135  137  139  145  151  157  168  184  202  220
  240  259  278  292  299  309  316  329  345  365  392  418  443  469  488  508
  530  540  553  556  564  567  568  570  569  574  569  579  580  592  594  606
  608  601  578  553  519  479  421  388  354  343  322  310  290  280  264  265
  266  275  275  274  259  236  230  206  156                                   
    12.5-180.0 180.0   5.0 450.0                            LAT/LON1/LON2/DLON/H
  147  202  189  176  163  149  138  139  138  144  146  156  164  182  196  216
  230  256  274  293  302  317  326  347  357  386  409  439  457  478  500  515
  536  545  557  561  568  569  573  576  580  583  583  587  594  597  602  603
  603  586  561  528  492  442  398  362  344  323  311  293  281  266  255  254
  251  255  253  252  241  228  224  200  147                                   
    10.0-180.0 180.0   5.0 450.0                            LAT/LON1/LON2/DLON/H
  144  191  178  168  157  147  138  139  139  139  143  147  160  175  194  211
  230  250  271  291  304  320  337  355  375  398  426  444  468  479  501  511
  532  539  553  556  565  566  570  575  577  579  571  578  575  581  575  575
  565  549  520  491  460  422  379  359  332  324  305  294  278  262  247  238
  233  231  231  225  218  199  215  181  144                                   
     7.5-180.0 180.0   5.0 450.0                            LAT/LON1/LON2/DLON/H
  133  178  167  156  146  135  130  133  129  128  129  138  152  173  190  213
  226  251  265  289  302  324  339  367  385  417  435  457  476  488  510  517
