data/unet/pred2240.15i
     1.0            IONOSPHERE MAPS     GNSS                IONEX VERSION / TYPE
pyspatialgeodesy        IME             05-JAN-18 20:20     PGM / RUN BY / DATE 
Map Name                                                    COMMENT             
Predicted global ionosphere maps (GIM).                     DESCRIPTION         
  2015     8    12     0     0     0                        EPOCH OF FIRST MAP  
  2015     8    13     0     0     0                        EPOCH OF LAST MAP   
  7200                                                      INTERVAL            
    13                                                      # OF MAPS IN FILE   
  NONE                                                      MAPPING FUNCTION    
10.0                                                        ELEVATION CUTOFF    
One-way carrier phase leveled to code                       OBSERVABLES USED    
  6371.0                                                    BASE RADIUS         
 2                                                          MAP DIMENSION       
   450.0 450.0   0.0                                        HGT1 / HGT2 / DHGT  
    87.5 -87.5  -2.5                                        LAT1 / LAT2 / DLAT  
  -180.0 180.0   5.0                                        LON1 / LON2 / DLON  
    -1                                                      EXPONENT            
                                                            END OF HEADER       
[from data line 858]
     3                                                      START OF TEC MAP    
  2015     8    12     4     0     0                        EPOCH OF CURRENT MAP
    87.5-180.0 180.0   5.0 450.0                            LAT/LON1/LON2/DLON/H
  144  147  136  135  134  133  132  133  134  134  133  133  133  132  131  131
  130  130  129  128  128  126  126  125  125  124  124  123  123  123  123  123
  123  123  123  123  123  124  122  123  122  122  121  121  121  121  121  120
  122  121  122  121  124  122  124  122  124  123  125  123  126  124  126  125
  127  127  128  128  130  126  140  148  144                                   
    85.0-180.0 180.0   5.0 450.0                            LAT/LON1/LON2/DLON/H
  151  147  133  141  136  135  135  138  136  139  136  138  135  138  134  136
  133  135  131  132  128  130  126  128  123  126  121  124  119  122  119  121
  118  121  119  121  119  122  119  121  119  121  118  121  118  121  118  121
  120  122  120  123  122  124  123  124  124  125  124  125  126  126  126  127
  128  129  129  130  130  127  135  139  151                                   
    82.5-180.0 180.0   5.0 450.0                            LAT/LON1/LON2/DLON/H
  137  131  130  135  132  130  131  133  134  134  134  134  133  133  132  131
  130  129  127  126  124  124  121  121  117  117  115  114  112  112  111  110
  110  110  110  111  111  112  112  112  112  113  111  113  112  114  113  115
  116  117  118  119  121  121  123  123  124  124  124  124  125  125  124  124
  125  125  125  125  126  122  134  128  137                                   
    80.0-180.0 180.0   5.0 450.0                            LAT/LON1/LON2/DLON/H
  138  132  131  136  134  135  136  138  138  138  138  138  137  136  135  135
  132  131  129  128  125  124  121  119  116  114  111  110  108  107  107  107
  107  108  109  110  112  113  114  114  115  115  115  116  117  118  118  120
  121  123  124  125  127  128  128  129  130  130  130  130  129  129  128  128
  127  127  127  127  127  122  131  128  138                                   
    77.5-180.0 180.0   5.0 450.0                            LAT/LON1/LON2/DLON/H
  136  128  130  136  134  136  136  138  137  136  136  134  133  132  131  130
  128  127  125  123  121  118  114  111  107  103  100   98   96   95   95   96
   96   98  100  103  105  107  108  109  110  110  112  112  114  115  117  119
  122  124  126  128  130  131  133  133  134  134  134  133  133  132  130  130
  129  128  128  127  128  123  132  125  136                                   
    75.0-180.0 180.0   5.0 450.0                            LAT/LON1/LON2/DLON/H
  135  129  128  133  133  133  134  133  132  129  127  125  123  120  119  118
  117  116  115  114  112  109  106  102   97   92   90   86   85   83   85   85
   88   90   94   96  100  101  104  105  107  107  109  109  110  112  115  117
  121  123  127  129  131  133  134  136  136  137  136  136  134  133  132  130
  129  128  128  128  129  124  134  130  135                                   
    72.5-180.0 180.0   5.0 450.0                            LAT/LON1/LON2/DLON/H
  135  126  129  134  132  133  131  130  126  123  119  115  112  109  109  107
  106  106  106  106  104  102   99   95   90   85   82   78   77   76   77   79
   82   85   88   92   95   97  100  102  103  104  106  107  110  113  116  119
  122  125  129  132  135  138  140  141  141  141  140  139  137  135  133  131
  130  129  130  130  132  129  137  130  135                                   
    70.0-180.0 180.0   5.0 450.0                            LAT/LON1/LON2/DLON/H
  135  131  131  135  134  132  131  127  123  116  112  106  105  100  100   97
   99   97  100   99   99   96   94   88   85   78   76   71   72   69   73   72
   78   78   84   86   91   92   97   98  102  102  107  108  113  116  120  123
  126  132  134  139  139  143  143  145  143  145  142  142  139  138  135  135
  132  133  133  135  136  132  140  137  135                                   
    67.5-180.0 180.0   5.0 450.0                            LAT/LON1/LON2/DLON/H
  139  132  135  139  133  131  128  125  118  112  107  102   99   94   93   91
   92   92   93   94   94   92   90   85   81   75   72   68   67   66   68   70
   73   75   78   81   85   87   90   93   97  101  106  111  117  122  127  131
  134  138  141  143  144  146  146  145  145  144  143  141  140  138  136  135
  133  133  135  137  139  138  142  137  139                                   
    65.0-180.0 180.0   5.0 450.0                            LAT/LON1/LON2/DLON/H
  141  138  140  141  138  134  131  127  121  112  108  101   97   91   89   87
   87   87   89   90   90   88   87   82   78   73   70   66   66   65   67   67
   69   70   73   75   79   80   87   89   97  101  109  117  124  131  134  139
  141  146  146  149  147  148  145  146  142  142  139  140  138  138  136  136
  134  136  137  141  142  139  144  143  141                                   
    62.5-180.0 180.0   5.0 450.0                            LAT/LON1/LON2/DLON/H
  147  139  141  144  138  135  130  127  120  114  107  102   96   91   87   84
   83   82   83   84   83   82   79   76   72   68   66   64   63   63   62   64
   64   65   66   68   71   74   81   87   96  103  114  124  131  138  143  146
  149  151  152  151  150  148  145  142  140  137  136  136  135  135  134  134
  133  134  137  139  142  141  144  142  147                                   
    60.0-180.0 180.0   5.0 450.0                            LAT/LON1/LON2/DLON/H
  146  142  143  143  138  134  130  127  123  116  111  104  100   93   89   84
   82   79   79   78   78   75   74   70   68   64   63   61   62   61   61   61
   61   60   60   61   64   68   76   85   96  107  120  130  137  145  147  153
  153  156  155  156  152  151  145  143  139  138  135  136  135  136  134  134
  132  135  137  140  142  140  145  145  146                                   
    57.5-180.0 180.0   5.0 450.0                            LAT/LON1/LON2/DLON/H
  152  143  143  144  139  135  130  129  124  120  114  109  103   96   90   85
   81   77   75   73   70   68   65   64   61   59   59   58   58   58   58   58
   57   56   55   55   59   63   72   82   97  111  126  136  146  152  157  160
  162  164  163  161  158  155  151  146  143  141  139  139  138  137  136  134
  133  134  136  137  140  140  143  140  152                                   
    55.0-180.0 180.0   5.0 450.0                            LAT/LON1/LON2/DLON/H
  151  146  147  146  142  138  134  132  128  124  119  113  109  100   95   88
   83   77   74   70   68   64   62   59   59   57   58   57   59   58   58   57
   55   53   53   53   57   62   72   84  100  116  131  143  151  161  164  170
  169  172  170  169  164  162  157  153  150  148  146  145  143  142  139  139
  135  137  137  139  141  139  145  145  151                                   
    52.5-180.0 180.0   5.0 450.0                            LAT/LON1/LON2/DLON/H
  157  149  151  152  148  145  141  139  134  131  124  119  113  106   99   91
   85   79   75   70   67   64   61   60   60   59   60   60   60   60   59   57
   56   55   55   55   60   65   76   88  105  122  139  150  160  169  175  179
  182  183  182  180  176  173  167  163  159  157  153  152  150  149  146  144
  141  140  140  140  142  141  145  145  157                                   
    50.0-180.0 180.0   5.0 450.0                            LAT/LON1/LON2/DLON/H
  159  156  158  158  157  154  153  149  144  138  131  125  120  110  104   96
   91   83   80   74   72   68   67   65   67   66   68   66   66   64   63   61
   60   58   60   61   65   72   82   95  110  127  142  157  165  178  183  191
  193  195  194  192  189  184  179  174  170  167  165  163  161  159  155  153
  149  149  149  149  150  146  153  153  159                                   
    47.5-180.0 180.0   5.0 450.0                            LAT/LON1/LON2/DLON/H
  166  163  166  168  165  165  162  160  153  147  138  133  125  117  109  102
   96   91   86   82   79   77   76   76   78   78   78   76   75   71   70   68
   68   66   69   69   74   78   89  100  115  134  149  162  173  185  194  202
  206  209  207  206  202  197  190  186  182  179  175  174  169  167  163  161
  157  157  157  156  157  155  159  158  166                                   
    45.0-180.0 180.0   5.0 450.0                            LAT/LON1/LON2/DLON/H
  171  175  175  178  177  178  176  171  165  156  148  140  133  124  116  108
  104   98   95   91   90   87   89   89   93   92   93   88   86   81   80   76
   77   76   79   80   83   88   95  107  119  137  151  167  177  192  202  211
  217  220  220  217  214  208  201  195  191  190  186  185  179  177  172  170
  166  166  168  168  168  165  170  170  171                                   
    42.5-180.0 180.0   5.0 450.0                            LAT/LON1/LON2/DLON/H
  180  182  183  185  184  185  181  178  169  162  152  146  138  131  122  115
  110  106  104  101   99   98  100  104  107  109  107  102   98   92   91   87
   87   87   89   90   92   96  103  112  123  141  155  171  185  200  212  223
  229  232  231  229  225  217  209  203  201  199  195  192  187  184  179  176
  172  174  176  175  178  177  178  180  180                                   
    40.0-180.0 180.0   5.0 450.0                            LAT/LON1/LON2/DLON/H
  190  195  191  191  190  189  187  182  176  167  159  152  146  138  130  122
  117  114  112  109  109  109  113  116  122  122  121  115  111  105  103  100
  100   99  100  100  100  103  108  115  126  142  155  173  187  204  218  230
  238  242  243  241  238  229  221  214  213  211  207  205  200  195  190  185
  181  184  186  188  190  188  193  193  190                                   
    37.5-180.0 180.0   5.0 450.0                            LAT/LON1/LON2/DLON/H
  206  205  199  195  190  190  185  183  174  169  161  159  152  147  137  130
  124  120  118  116  115  116  120  126  132  134  133  128  123  117  115  111
  112  109  108  106  105  106  110  118  127  144  157  174  189  207  221  236
  244  250  251  251  248  240  231  224  223  220  218  215  211  204  199  192
  189  191  195  196  200  201  203  205  206                                   
    35.0-180.0 180.0   5.0 450.0                            LAT/LON1/LON2/DLON/H
  218  219  209  201  194  189  186  182  176  171  167  164  160  154  145  137
  130  125  122  119  119  121  127  133  142  143  144  138  135  130  128  125
  122  118  115  111  109  109  113  119  129  143  157  174  187  206  220  233
  243  249  252  255  254  249  243  237  237  236  234  231  226  218  212  204
  201  204  208  211  213  213  221  224  218                                   
    32.5-180.0 180.0   5.0 450.0                            LAT/LON1/LON2/DLON/H
  241  236  227  216  202  197  188  185  176  173  169  171  166  163  152  144
  136  129  125  121  121  123  130  140  148  153  152  149  145  141  140  136
  131  124  118  113  110  109  113  119  129  143  157  172  185  201  216  229
  239  246  250  254  257  254  253  250  254  252  253  249  244  233  226  216
  214  216  221  222  226  230  238  243  241                                   
    30.0-180.0 180.0   5.0 450.0                            LAT/LON1/LON2/DLON/H
  261  259  254  235  221  209  198  191  183  178  176  176  173  168  157  147
  137  129  124  120  121  124  134  144  155  159  160  155  153  149  147  142
  134  126  118  114  111  110  114  118  129  138  152  164  177  191  206  218
  227  234  243  251  259  261  264  265  273  274  279  275  270  258  248  237
  234  236  243  245  248  250  261  264  261                                   
    27.5-180.0 180.0   5.0 450.0                            LAT/LON1/LON2/DLON/H
  288  285  284  267  247  234  218  209  196  191  185  186  180  175  162  152
  140  131  125  122  124  129  140  152  162  168  167  165  159  156  150  144
  134  123  115  109  107  106  108  113  121  130  143  156  168  181  196  207
  217  226  237  247  261  268  275  281  289  296  301  301  296  284  272  260
  255  258  264  268  273  280  285  289  288                                   
    25.0-180.0 180.0   5.0 450.0                            LAT/LON1/LON2/DLON/H
  316  315  316  294  279  263  246  231  217  206  200  196  189  180  167  152
  141  132  127  124  129  135  149  159  172  175  175  169  163  156  149  139
  126  117  108  104  103  102  103  103  111  117  131  143  160  172  186  197
  207  219  232  248  264  277  287  296  309  317  323  322  319  308  300  285
  282  281  289  294  300  308  316  315  316                                   
    22.5-180.0 180.0   5.0 450.0                            LAT/LON1/LON2/DLON/H
  347  346  346  328  311  296  281  266  246  233  218  211  198  188  172  159
  145  137  132  132  137  148  159  171  179  184  179  174  164  155  144  130
  117  106   98   94   94   92   92   93   99  106  118  133  151  165  182  190
  205  216  236  254  275  290  301  312  326  336  340  342  341  331  323  311
  307  305  314  319  330  339  342  343  347                                   
    20.0-180.0 180.0   5.0 450.0                            LAT/LON1/LON2/DLON/H
  375  376  375  357  346  332  317  297  279  259  241  226  211  196  180  163
  152  144  142  141  151  159  172  181  189  187  183  172  161  147  133  119
  104   93   86   83   84   80   80   81   87   93  105  120  143  160  178  190
  204  220  240  262  283  303  314  331  345  355  357  361  362  359  350  340
  334  334  340  348  357  367  371  369  375                                   
    17.5-180.0 180.0   5.0 450.0                            LAT/LON1/LON2/DLON/H
  395  399  399  388  375  368  352  337  312  291  265  248  225  208  188  176
  162  159  155  159  165  174  182  191  191  192  181  170  155  138  123  106
   92   79   74   69   73   70   71   71   76   82   96  113  138  158  181  194
  213  230  255  278  299  320  334  352  363  371  373  379  384  385  379  371
  365  365  370  376  387  396  394  398  395                                   
    15.0-180.0 180.0   5.0 450.0                            LAT/LON1/LON2/DLON/H
  413  415  419  409  403  397  379  367  339  312  283  260  237  217  200  184
  178  170  171  172  180  184  193  195  196  188  178  160  144  126  110   95
   80   69   62   60   64   62   64   63   69   73   90  107  137  159  183  199
  220  242  267  290  311  334  351  369  382  391  395  403  408  411  407  401
  395  396  400  408  413  423  417  420  413                                   
    12.5-180.0 180.0   5.0 450.0                            LAT/LON1/LON2/DLON/H
  423  426  430  422  416  411  396  385  358  332  296  273  245  228  211  201
  192  190  188  190  192  196  197  196  190  182  167  150  133  116  102   85
   72   60   57   55   59   57   59   58   64   70   87  108  137  164  188  207
  232  254  281  305  327  351  366  383  396  408  415  422  428  430  428  423
  417  421  425  431  435  443  437  440  423                                   
    10.0-180.0 180.0   5.0 450.0                            LAT/LON1/LON2/DLON/H
  434  435  436  427  424  418  403  390  365  336  303  276  253  234  224  214
  211  207  204  202  202  200  197  190  181  167  153  134  121  107   94   80
   68   58   54   52   56   53   56   56   63   68   88  107  139  164  190  211
  236  259  286  310  335  358  379  397  417  431  439  446  453  453  451  446
  442  444  446  452  450  456  457  456  434                                   
     7.5-180.0 180.0   5.0 450.0                            LAT/LON1/LON2/DLON/H
  439  442  440  430  422  414  399  387  362  338  303  280  258  245  235  229
  225  223  217  214  208  202  193  181  168  154  139  124  113  100   91   77
