data/unet/pred1680.15i
     1.0            IONOSPHERE MAPS     GNSS                IONEX VERSION / TYPE
pyspatialgeodesy        IME             05-JAN-18 20:20     PGM / RUN BY / DATE 
Map Name                                                    COMMENT             
Predicted global ionosphere maps (GIM).                     DESCRIPTION         
  2015     6    17     0     0     0                        EPOCH OF FIRST MAP  
  2015     6    18     0     0     0                        EPOCH OF LAST MAP   
  7200                                                      INTERVAL            
    13                                                      # OF MAPS IN FILE   
  NONE                                                      MAPPING FUNCTION    
10.0                                                        ELEVATION CUTOFF    
One-way carrier phase leveled to code                       OBSERVABLES USED    
  6371.0                                                    BASE RADIUS         
 2                                                          MAP DIMENSION       
   450.0 450.0   0.0                                        HGT1 / HGT2 / DHGT  
    87.5 -87.5  -2.5                                        LAT1 / LAT2 / DLAT  
  -180.0 180.0   5.0                                        LON1 / LON2 / DLON  
    -1                                                      EXPONENT            
                                                            END OF HEADER       
[from data line 429]
     2                                                      START OF TEC MAP    
  2015     6    17     2     0     0                        EPOCH OF CURRENT MAP
    87.5-180.0 180.0   5.0 450.0                            LAT/LON1/LON2/DLON/H
  169  166  161  159  158  151  150  147  149  145  144  140  142  138  139  135
  139  135  137  133  137  133  135  130  134  129  132  127  131  127  130  126
  131  128  132  130  136  134  138  137  142  141  144  143  146  145  146  144
  147  145  146  143  146  143  144  141  144  142  144  143  146  145  148  147
  151  151  157  158  163  160  157  170  169                                   
    85.0-180.0 180.0   5.0 450.0                            LAT/LON1/LON2/DLON/H
  169  175  162  164  162  157  156  154  154  151  150  148  149  146  146  144
  145  143  144  142  143  141  141  139  139  137  138  136  136  134  135  133
  135  133  135  134  137  136  139  139  142  142  143  144  146  146  145  146
  146  146  145  145  145  145  144  144  145  144  145  145  147  147  149  149
  152  153  158  160  162  160  165  168  169                                   
    82.5-180.0 180.0   5.0 450.0                            LAT/LON1/LON2/DLON/H
  173  174  172  178  173  169  165  167  163  164  158  160  156  157  152  155
  151  153  149  152  149  150  146  148  144  145  142  143  140  140  137  139
  136  138  135  139  137  141  140  144  144  147  147  149  150  151  150  151
  151  151  150  150  150  150  149  150  150  151  150  152  153  155  155  157
  159  163  168  171  173  171  170  169  173                                   
    80.0-180.0 180.0   5.0 450.0                            LAT/LON1/LON2/DLON/H
  181  180  184  188  188  181  181  179  179  174  172  169  170  165  165  162
  163  160  161  160  162  159  159  157  157  153  152  149  148  142  143  138
  141  136  139  138  142  140  145  146  150  150  153  154  157  157  158  159
  160  160  160  160  161  160  160  159  161  160  161  161  162  162  164  165
  167  170  175  178  179  179  179  174  181                                   
    77.5-180.0 180.0   5.0 450.0                            LAT/LON1/LON2/DLON/H
  186  190  192  198  198  193  193  191  189  184  180  177  174  170  166  165
  163  163  162  164  164  164  163  163  160  158  155  152  147  145  140  140
  137  138  138  142  141  145  147  152  153  157  159  162  163  165  167  168
  169  168  170  169  170  168  170  167  168  165  168  166  169  167  171  170
  173  174  181  181  181  186  185  179  186                                   
    75.0-180.0 180.0   5.0 450.0                            LAT/LON1/LON2/DLON/H
  188  192  197  202  202  198  197  195  192  187  182  177  172  167  163  159
  159  157  158  158  160  160  161  158  156  152  149  144  139  134  132  130
  130  131  135  138  142  145  150  154  158  160  165  166  169  170  173  173
  175  174  176  174  175  173  174  171  171  170  171  170  170  170  173  172
  175  177  183  184  183  187  191  184  188                                   
    72.5-180.0 180.0   5.0 450.0                            LAT/LON1/LON2/DLON/H
  189  194  197  202  201  197  197  194  193  189  184  178  172  166  158  154
  150  150  149  151  152  154  153  153  150  146  141  135  130  126  123  121
  122  125  129  135  140  146  151  156  159  163  167  170  173  175  178  178
  180  180  182  180  181  178  179  176  176  173  175  171  173  171  173  172
  175  176  183  181  181  187  189  183  189                                   
    70.0-180.0 180.0   5.0 450.0                            LAT/LON1/LON2/DLON/H
  187  190  193  198  198  197  197  198  196  194  188  183  176  167  158  149
  146  142  143  143  146  147  148  146  144  140  134  130  123  121  116  118
  118  123  128  136  141  148  153  159  162  166  170  173  176  178  181  182
  184  185  186  186  186  185  184  183  181  180  178  177  175  174  173  172
  172  174  177  178  176  181  186  182  187                                   
    67.5-180.0 180.0   5.0 450.0                            LAT/LON1/LON2/DLON/H
  184  186  188  191  190  190  194  196  198  197  195  189  182  172  160  150
  140  137  134  136  137  140  141  140  137  132  129  123  119  115  113  113
  115  120  127  134  141  147  153  158  161  164  168  170  173  176  180  182
  185  186  190  190  191  190  191  189  188  185  185  180  179  174  174  171
  171  170  173  172  174  178  179  174  184                                   
    65.0-180.0 180.0   5.0 450.0                            LAT/LON1/LON2/DLON/H
  180  180  180  182  183  185  190  195  200  202  201  196  190  178  166  151
  143  135  133  133  135  136  137  137  134  132  127  124  118  117  114  116
  116  122  127  135  141  147  152  156  160  162  165  167  172  176  182  184
  188  191  194  196  197  198  199  198  197  195  192  189  185  182  180  177
  174  173  173  173  171  175  178  173  180                                   
    62.5-180.0 180.0   5.0 450.0                            LAT/LON1/LON2/DLON/H
  182  179  177  177  175  176  183  189  197  201  204  202  197  187  173  160
  147  139  133  132  132  133  133  132  131  128  128  124  122  119  118  118
  118  122  126  131  136  141  145  147  149  151  154  158  164  170  177  183
  188  192  196  198  200  201  203  203  204  202  201  195  193  187  185  179
  177  173  174  172  174  177  177  169  182                                   
    60.0-180.0 180.0   5.0 450.0                            LAT/LON1/LON2/DLON/H
  184  181  176  175  173  171  178  183  193  199  204  205  203  194  183  169
  158  147  142  138  139  137  137  135  133  132  132  131  130  130  127  127
  124  126  127  130  134  137  140  143  144  147  151  156  164  172  179  187
  191  196  200  204  205  208  211  213  215  214  213  209  205  199  195  191
  186  184  181  181  178  181  182  175  184                                   
    57.5-180.0 180.0   5.0 450.0                            LAT/LON1/LON2/DLON/H
  191  188  183  180  173  170  173  177  184  192  199  203  204  201  194  183
  171  161  154  150  147  145  143  139  139  136  140  139  142  139  138  134
  129  126  125  125  128  129  132  133  137  138  145  151  161  169  179  185
  192  196  203  205  209  212  217  220  223  223  223  218  216  209  207  201
  198  193  192  190  192  192  190  178  191                                   
    55.0-180.0 180.0   5.0 450.0                            LAT/LON1/LON2/DLON/H
  201  199  194  189  181  175  175  175  181  186  194  199  203  203  200  192
  184  175  170  164  161  156  153  148  146  145  149  151  153  153  148  144
  135  131  126  125  125  128  130  133  135  140  145  154  164  176  184  194
  198  206  210  216  219  225  229  233  235  236  235  233  230  226  223  218
  213  209  205  205  201  204  201  191  201                                   
    52.5-180.0 180.0   5.0 450.0                            LAT/LON1/LON2/DLON/H
  213  211  209  205  196  186  182  178  179  182  188  195  200  203  204  201
  197  191  188  182  178  170  165  158  156  154  159  160  164  162  157  148
  140  132  126  123  124  125  129  131  137  140  148  155  170  180  192  198
  207  210  219  221  227  230  236  238  243  242  243  239  237  233  231  227
  223  218  216  214  215  216  212  203  213                                   
    50.0-180.0 180.0   5.0 450.0                            LAT/LON1/LON2/DLON/H
  229  228  227  224  216  204  197  189  186  184  187  191  196  201  204  204
  204  201  200  195  192  183  178  169  167  163  168  169  173  169  163  153
  143  135  128  127  126  129  133  136  140  145  149  161  172  185  192  203
  210  219  226  233  238  242  246  249  251  252  251  249  246  244  242  239
  237  232  232  229  230  229  225  216  229                                   
    47.5-180.0 180.0   5.0 450.0                            LAT/LON1/LON2/DLON/H
  239  241  242  242  236  225  216  205  197  191  189  190  194  199  204  207
  209  209  209  206  203  195  190  181  177  173  175  175  176  172  165  154
  146  137  132  130  131  134  136  139  143  146  152  159  174  182  195  204
  215  223  236  239  248  249  254  253  257  255  255  249  248  244  245  243
  242  240  240  238  242  239  234  229  239                                   
    45.0-180.0 180.0   5.0 450.0                            LAT/LON1/LON2/DLON/H
  254  253  256  258  255  245  236  224  212  201  195  191  193  197  203  206
  210  210  213  208  207  199  196  186  184  178  179  176  176  171  164  155
  149  143  139  140  140  144  144  146  148  151  153  162  170  182  191  206
  216  230  239  248  255  257  261  261  263  261  260  256  252  252  251  253
  254  254  255  255  255  251  243  241  254                                   
    42.5-180.0 180.0   5.0 450.0                            LAT/LON1/LON2/DLON/H
  259  260  263  268  270  261  254  241  230  217  206  199  199  201  206  209
  212  213  213  210  208  202  198  192  187  183  180  177  175  169  163  156
  154  150  150  150  153  154  153  155  154  155  156  160  169  178  190  204
  219  234  248  255  263  263  269  267  270  264  263  256  255  250  253  253
  259  259  264  262  268  258  253  255  259                                   
    40.0-180.0 180.0   5.0 450.0                            LAT/LON1/LON2/DLON/H
  274  269  272  276  277  271  265  255  244  231  218  209  206  205  208  209
  212  209  210  204  204  196  198  189  190  183  182  175  173  166  162  157
  159  158  160  162  164  166  164  164  162  161  160  162  168  179  188  206
  219  238  247  259  265  268  270  270  273  270  270  264  262  258  258  261
  263  267  269  274  274  272  263  263  274                                   
    37.5-180.0 180.0   5.0 450.0                            LAT/LON1/LON2/DLON/H
  284  282  281  285  285  279  276  267  259  246  235  226  222  218  219  218
  217  213  209  203  200  198  197  196  194  192  186  181  175  169  164  162
  165  167  171  172  173  175  172  172  168  168  164  163  167  176  187  202
  219  234  247  257  268  269  275  274  280  277  277  271  270  264  266  262
  266  265  274  274  284  277  276  279  284                                   
    35.0-180.0 180.0   5.0 450.0                            LAT/LON1/LON2/DLON/H
  306  295  295  292  293  287  286  278  272  260  249  239  232  228  225  220
  217  208  205  195  196  191  198  197  202  198  195  186  181  173  170  168
  172  174  176  177  177  177  176  175  175  172  172  167  170  177  188  205
  219  234  243  255  264  269  275  277  283  284  284  281  280  275  276  271
  271  272  278  284  292  294  292  293  306                                   
    32.5-180.0 180.0   5.0 450.0                            LAT/LON1/LON2/DLON/H
  329  321  315  315  311  307  303  297  291  280  269  258  252  244  238  231
  223  216  205  199  194  198  202  210  214  215  208  201  193  186  179  178
  179  180  179  179  177  179  175  180  176  181  176  175  174  178  186  199
  212  223  233  242  257  261  274  277  290  290  297  293  297  288  288  277
  280  275  287  290  306  305  311  315  329                                   
    30.0-180.0 180.0   5.0 450.0                            LAT/LON1/LON2/DLON/H
  359  349  346  339  341  331  332  321  319  301  294  278  272  259  251  237
  230  214  207  194  197  195  211  218  230  228  227  217  210  199  192  186
  184  181  178  177  175  175  176  177  180  181  181  176  178  177  185  195
  208  218  227  235  248  257  272  281  294  300  305  306  307  301  298  290
  287  289  295  305  312  322  326  332  359                                   
    27.5-180.0 180.0   5.0 450.0                            LAT/LON1/LON2/DLON/H
  388  383  381  379  379  371  369  359  352  336  324  306  293  278  266  252
  239  227  211  205  201  210  221  238  248  250  246  236  227  216  202  193
  184  179  170  171  166  170  168  176  174  181  176  176  172  173  175  183
  194  204  212  220  236  246  268  278  300  303  316  314  321  313  314  300
  303  300  312  317  330  334  347  355  388                                   
    25.0-180.0 180.0   5.0 450.0                            LAT/LON1/LON2/DLON/H
  424  425  426  421  424  419  416  405  397  375  361  335  320  297  287  265
  255  234  225  211  216  220  242  255  268  266  264  252  241  226  209  194
  179  169  160  157  158  158  163  165  171  171  172  167  168  165  170  176
  188  200  208  218  229  242  266  283  302  313  322  326  330  326  324  317
  313  317  323  331  341  353  363  376  424                                   
    22.5-180.0 180.0   5.0 450.0                            LAT/LON1/LON2/DLON/H
  448  455  462  462  463  458  458  448  439  416  397  369  348  321  300  280
  266  250  236  230  231  243  259  275  285  282  276  262  248  230  208  187
  164  152  137  139  137  146  147  156  157  162  160  159  156  155  158  165
  177  189  201  214  229  244  272  288  310  314  331  330  341  334  337  328
  331  328  340  343  361  368  385  396  448                                   
    20.0-180.0 180.0   5.0 450.0                            LAT/LON1/LON2/DLON/H
  473  483  498  497  502  500  500  493  485  462  442  410  388  358  335  306
  292  271  262  249  254  261  279  291  298  290  279  261  243  223  198  172
  146  129  118  120  125  131  138  141  147  146  147  144  144  142  148  156
  171  185  200  214  231  247  273  290  312  324  336  343  350  348  350  346
  346  347  354  361  375  388  400  413  473                                   
    17.5-180.0 180.0   5.0 450.0                            LAT/LON1/LON2/DLON/H
  480  494  512  520  524  526  528  523  514  498  479  456  431  401  370  342
  314  292  276  270  271  282  297  303  304  288  274  249  230  207  179  154
  127  109  100  104  112  120  124  125  126  127  127  125  127  126  135  145
  164  182  203  220  242  259  284  299  324  330  348  350  360  358  366  361
  369  366  380  384  397  407  418  428  480                                   
    15.0-180.0 180.0   5.0 450.0                            LAT/LON1/LON2/DLON/H
  488  497  518  524  536  542  548  545  542  526  516  491  474  436  411  367
  341  307  295  285  293  298  311  308  302  276  255  226  207  184  159  136
  111   97   93   99  108  115  119  116  114  112  112  110  114  114  126  137
  162  183  206  225  247  264  290  306  329  341  357  363  372  375  387  389
  394  396  407  409  418  424  433  441  488                                   
    12.5-180.0 180.0   5.0 450.0                            LAT/LON1/LON2/DLON/H
  487  497  515  523  534  542  550  551  548  542  529  517  493  467  430  399
  361  335  313  309  310  317  318  307  289  259  231  203  183  164  145  126
  109   94   91   95  102  107  108  102  100   97   97   98  104  106  118  132
  159  185  213  236  258  274  299  316  342  352  370  374  385  393  407  411
  420  422  432  435  440  445  449  458  487                                   
    10.0-180.0 180.0   5.0 450.0                            LAT/LON1/LON2/DLON/H
  494  499  513  515  528  536  546  547  549  542  536  524  507  480  451  415
  385  352  333  321  322  318  316  292  265  224  197  167  156  143  132  120
  107   96   98  103  111  111  109  101   95   92   92   93   98  100  111  124
  153  180  210  232  256  273  302  322  350  363  381  386  399  412  426  433
  442  443  453  453  458  458  460  471  494                                   
     7.5-180.0 180.0   5.0 450.0                            LAT/LON1/LON2/DLON/H
  504  508  520  516  523  529  539  540  540  538  533  526  508  485  452  424
  390  363  341  328  320  314  299  271  231  194  164  144  138  135  130  123
