data/unet/pred2150.15i
     1.0            IONOSPHERE MAPS     GNSS                IONEX VERSION / TYPE
pyspatialgeodesy        IME             05-JAN-18 20:20     PGM / RUN BY / DATE 
Map Name                                                    COMMENT             
Predicted global ionosphere maps (GIM).                     DESCRIPTION         
  2015     8     3     0     0     0                        EPOCH OF FIRST MAP  
  2015     8     4     0     0     0                        EPOCH OF LAST MAP   
  7200                                                      INTERVAL            
    13                                                      # OF MAPS IN FILE   
  NONE                                                      MAPPING FUNCTION    
10.0                                                        ELEVATION CUTOFF    
One-way carrier phase leveled to code                       OBSERVABLES USED    
  6371.0                                                    BASE RADIUS         
 2                                                          MAP DIMENSION       
   450.0 450.0   0.0                                        HGT1 / HGT2 / DHGT  
    87.5 -87.5  -2.5                                        LAT1 / LAT2 / DLAT  
  -180.0 180.0   5.0                                        LON1 / LON2 / DLON  
    -1                                                      EXPONENT            
                                                            END OF HEADER       
[from data line 429]
     2                                                      START OF TEC MAP    
  2015     8     3     2     0     0                        EPOCH OF CURRENT MAP
    87.5-180.0 180.0   5.0 450.0                            LAT/LON1/LON2/DLON/H
  145  142  142  137  138  133  137  134  138  134  137  133  137  132  134  129
  131  126  127  121  124  117  119  112  116  109  113  106  111  104  109  103
  108  103  108  103  109  104  110  105  111  107  113  110  115  112  118  115
  120  118  122  120  125  123  128  125  131  129  132  130  135  133  135  134
  138  136  139  136  139  135  139  154  145                                   
    85.0-180.0 180.0   5.0 450.0                            LAT/LON1/LON2/DLON/H
  141  155  143  146  146  143  145  144  145  144  145  144  144  143  142  140
  139  136  135  131  129  125  123  119  118  114  113  109  109  107  107  104
  106  104  105  104  106  106  107  107  108  109  110  111  112  113  115  116
  118  120  121  123  125  127  128  130  132  134  135  136  138  139  140  140
  142  142  144  143  144  140  149  148  141                                   
    82.5-180.0 180.0   5.0 450.0                            LAT/LON1/LON2/DLON/H
  150  153  157  158  157  154  157  156  159  157  159  157  159  155  156  152
  152  146  145  139  137  130  128  122  121  115  114  109  109  104  105  102
  104  101  104  101  105  103  107  104  109  107  111  109  114  112  117  116
  121  120  126  126  132  132  138  137  143  142  146  145  150  148  151  149
  154  153  157  156  159  153  160  153  150                                   
    80.0-180.0 180.0   5.0 450.0                            LAT/LON1/LON2/DLON/H
  158  159  163  163  164  160  164  162  166  164  167  165  167  164  165  160
  161  154  154  146  144  135  132  123  121  113  111  104  104   98   99   96
   98   96  100   99  103  102  106  106  110  109  114  112  117  117  122  122
  126  127  132  133  139  140  146  146  151  151  156  154  159  157  160  158
  162  161  166  165  166  161  165  158  158                                   
    77.5-180.0 180.0   5.0 450.0                            LAT/LON1/LON2/DLON/H
  165  168  168  170  167  167  168  168  170  171  172  173  174  173  172  170
  168  165  160  156  150  144  136  129  121  116  109  105  100   99   96   98
   96  100  100  104  104  108  109  113  113  117  117  121  122  126  128  131
  133  137  140  144  147  151  154  157  159  161  163  165  166  166  167  168
  169  170  173  173  173  171  173  161  165                                   
    75.0-180.0 180.0   5.0 450.0                            LAT/LON1/LON2/DLON/H
  168  167  171  170  171  167  170  169  172  171  175  173  177  173  175  170
  171  164  163  156  152  143  137  127  121  112  108  101   99   95   97   96
   98   99  104  105  109  110  114  114  118  119  123  124  128  129  135  136
  141  143  148  149  154  155  160  161  165  165  168  167  170  167  170  168
  172  171  176  174  174  173  178  168  168                                   
    72.5-180.0 180.0   5.0 450.0                            LAT/LON1/LON2/DLON/H
  168  170  171  172  168  167  168  168  169  169  169  170  170  169  167  166
  163  161  157  153  146  140  131  124  116  109  102   98   94   94   93   96
   96  100  103  106  108  111  112  114  116  118  121  124  127  131  135  139
  143  146  150  152  156  159  162  164  167  167  168  168  169  167  169  168
  171  171  175  174  175  176  179  170  168                                   
    70.0-180.0 180.0   5.0 450.0                            LAT/LON1/LON2/DLON/H
  167  168  172  173  171  168  170  169  170  169  170  168  170  165  166  161
  160  155  154  147  144  135  129  121  114  107  101   96   95   93   95   96
   99  100  104  105  107  108  109  110  112  114  118  122  126  131  136  142
  146  149  153  156  160  161  164  165  167  166  167  165  167  165  166  166
  169  170  174  174  174  174  180  174  167                                   
    67.5-180.0 180.0   5.0 450.0                            LAT/LON1/LON2/DLON/H
  167  169  173  174  170  170  169  170  168  168  166  167  163  162  156  155
  150  148  144  141  135  131  123  118  109  104   97   96   92   94   94   98
   98  101  101  102  101  101  101  101  102  104  109  114  120  126  133  139
  145  148  153  156  160  160  163  163  165  163  163  162  162  161  161  162
  165  166  171  171  172  175  178  173  167                                   
    65.0-180.0 180.0   5.0 450.0                            LAT/LON1/LON2/DLON/H
  167  168  173  175  173  171  172  170  170  168  166  164  163  157  154  148
  146  140  139  133  131  125  120  114  108  102   98   95   95   95   97   97
   98   97   97   95   92   91   89   90   91   96  100  107  114  123  130  138
  144  149  153  156  158  159  160  160  160  159  158  157  157  157  156  159
  161  165  168  170  171  172  179  173  167                                   
    62.5-180.0 180.0   5.0 450.0                            LAT/LON1/LON2/DLON/H
  168  170  175  176  173  171  171  170  169  168  165  164  160  157  150  146
  140  137  132  131  125  123  115  112  104  101   95   95   93   96   95   97
   95   94   90   87   82   79   77   78   80   86   92  100  110  119  128  136
  145  149  154  156  159  160  160  160  160  159  157  157  157  157  157  159
  161  164  168  170  171  175  179  173  168                                   
    60.0-180.0 180.0   5.0 450.0                            LAT/LON1/LON2/DLON/H
  171  172  176  177  174  171  170  169  168  167  164  163  161  156  151  144
  140  134  131  127  125  120  116  111  107  102   98   96   97   97   97   95
   93   88   83   78   72   70   68   70   72   79   85   96  105  117  124  135
  142  148  151  155  157  159  158  161  161  162  161  161  162  162  161  163
  164  167  169  172  174  175  181  174  171                                   
    57.5-180.0 180.0   5.0 450.0                            LAT/LON1/LON2/DLON/H
  176  177  180  179  175  171  170  167  168  166  164  164  162  159  153  149
  142  139  133  132  126  125  118  115  108  105   99  100   97   99   95   94
   88   83   76   70   65   63   63   66   70   77   84   94  106  116  126  135
  145  150  155  158  162  164  165  168  169  172  171  173  173  173  172  173
  173  175  177  180  181  184  186  177  176                                   
    55.0-180.0 180.0   5.0 450.0                            LAT/LON1/LON2/DLON/H
  184  183  186  183  178  173  170  167  165  165  162  163  162  159  155  149
  146  141  139  135  132  128  124  120  116  111  107  105  104  101   99   94
   88   81   74   69   64   64   64   69   72   80   85   96  105  117  126  137
  145  153  157  163  166  170  173  177  181  184  186  186  188  186  186  185
  184  185  185  186  188  187  191  182  184                                   
    52.5-180.0 180.0   5.0 450.0                            LAT/LON1/LON2/DLON/H
  193  194  194  190  185  177  175  169  169  165  165  164  165  163  159  157
  152  151  147  146  141  139  133  130  124  121  115  113  108  107  101   96
   88   81   74   70   67   69   70   76   79   86   92  101  110  119  130  140
  150  158  166  172  177  182  185  191  194  197  199  200  200  199  198  197
  196  195  196  197  199  199  199  190  193                                   
    50.0-180.0 180.0   5.0 450.0                            LAT/LON1/LON2/DLON/H
  202  202  204  200  193  186  180  175  171  169  165  167  167  165  164  160
  158  156  155  153  150  146  142  138  134  129  124  120  117  112  106  100
   92   86   80   78   77   80   82   86   89   94   98  106  112  122  132  144
  155  166  175  183  189  195  200  205  212  213  215  215  215  213  211  208
  207  206  206  206  208  204  206  199  202                                   
    47.5-180.0 180.0   5.0 450.0                            LAT/LON1/LON2/DLON/H
  212  214  213  209  204  195  190  182  181  175  174  172  173  171  169  168
  167  166  166  163  160  156  152  148  143  138  133  129  124  119  112  106
   98   92   88   88   87   91   93   97   98  102  106  111  117  126  137  150
  163  176  187  196  203  208  213  218  223  224  225  225  224  222  219  217
  215  214  214  214  217  214  213  207  212                                   
    45.0-180.0 180.0   5.0 450.0                            LAT/LON1/LON2/DLON/H
  219  221  222  219  213  206  199  193  188  185  180  181  180  179  176  176
  176  175  174  171  167  162  158  152  149  144  140  136  132  127  121  114
  107  103  101  101  102  104  106  106  106  108  110  114  118  128  140  154
  170  186  199  208  215  219  225  229  235  234  236  235  235  231  228  225
  223  221  221  220  223  216  219  217  219                                   
    42.5-180.0 180.0   5.0 450.0                            LAT/LON1/LON2/DLON/H
  229  231  230  228  224  216  211  204  202  195  194  191  192  189  187  187
  188  187  186  181  175  167  163  157  154  149  145  141  138  133  128  122
  116  113  111  112  113  114  113  113  111  113  114  117  123  131  145  160
  178  195  208  218  226  230  235  238  243  243  244  243  242  238  234  231
  228  226  226  226  229  225  228  229  229                                   
    40.0-180.0 180.0   5.0 450.0                            LAT/LON1/LON2/DLON/H
  240  241  241  241  235  229  221  217  211  208  203  204  203  201  199  198
  198  197  194  187  179  169  164  158  156  151  149  145  143  140  136  132
  127  124  124  123  125  123  121  117  115  115  117  120  125  133  147  164
  184  202  215  226  234  239  243  247  252  252  253  253  252  248  243  240
  239  236  236  237  239  235  241  243  240                                   
    37.5-180.0 180.0   5.0 450.0                            LAT/LON1/LON2/DLON/H
  255  255  254  252  250  241  238  230  229  223  222  220  221  216  213  211
  210  206  201  191  180  170  164  160  158  155  153  150  149  147  144  140
  137  135  133  133  131  129  125  121  119  119  123  126  132  138  152  168
  189  205  219  229  239  245  251  254  260  262  265  264  265  260  256  252
  251  247  248  251  256  252  256  262  255                                   
    35.0-180.0 180.0   5.0 450.0                            LAT/LON1/LON2/DLON/H
  272  273  270  270  264  257  250  246  241  240  236  236  235  230  226  221
  218  212  204  191  179  167  163  159  160  157  157  153  153  152  152  149
  146  143  142  139  137  132  127  123  121  123  126  130  134  139  150  166
  186  203  219  230  241  250  257  264  271  275  279  281  282  279  275  271
  271  271  271  282  282  281  284  289  272                                   
    32.5-180.0 180.0   5.0 450.0                            LAT/LON1/LON2/DLON/H
  292  294  290  290  287  277  272  264  263  257  257  255  254  248  242  234
  227  216  204  188  176  166  163  164  165  165  164  161  160  160  160  158
  154  151  148  146  141  136  130  127  127  129  134  137  139  142  152  165
  183  197  214  226  239  250  260  269  280  288  295  299  303  299  299  292
  291  288  290  297  307  307  309  317  292                                   
    30.0-180.0 180.0   5.0 450.0                            LAT/LON1/LON2/DLON/H
  317  320  317  317  309  301  292  283  278  274  273  272  272  264  255  243
  232  218  202  187  174  167  168  170  174  173  171  167  165  164  163  161
  157  152  149  145  141  136  130  127  129  131  137  138  139  138  146  156
  173  186  203  216  234  246  261  273  286  298  310  318  324  326  327  323
  322  322  319  333  332  343  343  348  317                                   
    27.5-180.0 180.0   5.0 450.0                            LAT/LON1/LON2/DLON/H
  344  350  350  349  343  332  323  310  306  298  296  293  289  281  269  252
  237  218  200  183  174  172  178  185  190  189  184  178  173  170  167  164
  156  152  147  145  139  137  131  131  131  134  136  136  134  133  138  148
  163  175  195  209  230  245  264  278  294  310  323  332  342  344  348  344
  340  339  337  346  354  361  367  374  344                                   
    25.0-180.0 180.0   5.0 450.0                            LAT/LON1/LON2/DLON/H
  373  380  385  383  376  369  358  345  338  326  323  313  308  294  278  258
  238  219  198  183  178  181  191  199  205  201  195  187  179  172  166  160
  152  147  142  139  135  132  129  127  129  127  130  125  123  118  124  132
  149  164  187  206  230  247  267  284  304  321  338  350  361  366  371  369
  368  364  363  368  372  389  397  402  373                                   
    22.5-180.0 180.0   5.0 450.0                            LAT/LON1/LON2/DLON/H
  399  411  419  418  416  407  399  385  376  363  354  342  333  317  294  269
  246  219  199  184  184  192  207  218  222  216  208  196  184  174  164  156
  146  142  134  132  126  127  123  125  122  122  118  112  108  103  110  118
  138  156  183  207  235  253  276  294  315  333  349  359  372  378  385  383
  382  380  380  381  394  406  421  424  399                                   
    20.0-180.0 180.0   5.0 450.0                            LAT/LON1/LON2/DLON/H
  426  439  449  450  451  449  443  428  419  402  391  376  363  341  314  282
  254  226  203  193  195  206  223  233  235  225  215  199  184  169  158  147
  139  134  127  123  121  120  120  117  117  111  107   99   93   89   95  108
  130  155  185  216  244  268  287  309  328  343  357  368  381  389  396  399
  400  403  404  405  411  423  436  441  426                                   
    17.5-180.0 180.0   5.0 450.0                            LAT/LON1/LON2/DLON/H
  445  459  468  470  478  477  477  464  455  438  425  408  392  368  338  303
  272  240  218  206  211  224  239  245  244  230  217  197  178  162  148  137
  127  122  114  112  109  111  107  108  105  101   94   86   80   76   86   98
  126  152  189  221  256  278  303  320  339  350  363  371  386  393  403  406
  411  414  419  419  423  432  444  448  445                                   
    15.0-180.0 180.0   5.0 450.0                            LAT/LON1/LON2/DLON/H
  461  473  481  483  494  499  501  494  488  474  461  442  423  397  364  327
  292  260  236  224  228  239  249  249  243  225  211  189  171  154  141  129
  121  113  109  103  103  100  102   97   95   89   84   77   71   69   77   94
  120  153  188  228  263  291  314  335  351  364  373  384  395  404  409  415
  419  425  429  427  427  435  446  453  461                                   
    12.5-180.0 180.0   5.0 450.0                            LAT/LON1/LON2/DLON/H
  465  477  483  487  497  501  507  504  503  492  482  465  445  417  382  345
  311  282  257  248  244  253  255  247  235  214  195  175  157  144  131  122
  113  108  101   97   94   93   91   89   85   81   77   71   67   67   76   91
  120  150  191  229  269  295  320  339  359  368  380  390  403  408  417  418
  424  425  430  428  426  434  447  453  465                                   
    10.0-180.0 180.0   5.0 450.0                            LAT/LON1/LON2/DLON/H
  475  481  485  488  494  502  506  506  506  502  495  480  462  434  400  364
  330  304  280  267  259  257  251  237  220  196  178  158  148  134  125  117
  112  105  100   93   88   85   83   81   79   75   73   68   66   65   73   88
  115  148  186  225  264  293  318  341  361  377  388  404  414  423  426  431
  433  438  440  434  430  435  448  459  475                                   
     7.5-180.0 180.0   5.0 450.0                            LAT/LON1/LON2/DLON/H
  477  485  487  485  489  493  495  495  495  492  488  477  462  436  402  370
  342  318  296  282  267  258  242  220  198  174  156  145  135  128  121  116
