data/unet/pred0930.15i
     1.0            IONOSPHERE MAPS     GNSS                IONEX VERSION / TYPE
pyspatialgeodesy        IME             05-JAN-18 20:20     PGM / RUN BY / DATE 
Map Name                                                    COMMENT             
Predicted global ionosphere maps (GIM).                     DESCRIPTION         
  2015     4     3     0     0     0                        EPOCH OF FIRST MAP  
  2015     4     4     0     0     0                        EPOCH OF LAST MAP   
  7200                                                      INTERVAL            
    13                                                      # OF MAPS IN FILE   
  NONE                                                      MAPPING FUNCTION    
10.0                                                        ELEVATION CUTOFF    
One-way carrier phase leveled to code                       OBSERVABLES USED    
  6371.0                                                    BASE RADIUS         
 2                                                          MAP DIMENSION       
   450.0 450.0   0.0                                        HGT1 / HGT2 / DHGT  
    87.5 -87.5  -2.5                                        LAT1 / LAT2 / DLAT  
  -180.0 180.0   5.0                                        LON1 / LON2 / DLON  
    -1                                                      EXPONENT            
                                                            END OF HEADER       
[from data line 3003]
     8                                                      START OF TEC MAP    
  2015     4     3    14     0     0                        EPOCH OF CURRENT MAP
    87.5-180.0 180.0   5.0 450.0                            LAT/LON1/LON2/DLON/H
  179  191  198  196  198  201  207  214  217  223  226  228  230  230  232  230
  232  229  232  228  229  225  225  220  220  214  214  207  207  201  200  196
  194  192  190  189  187  188  186  187  185  188  186  188  187  189  188  190
  189  190  189  190  189  190  189  190  189  191  190  191  190  191  190  190
  189  189  188  187  184  184  193  172  179                                   
    85.0-180.0 180.0   5.0 450.0                            LAT/LON1/LON2/DLON/H
  173  183  184  191  190  197  203  211  217  225  229  233  235  236  237  237
  238  237  238  236  236  234  233  229  226  222  219  214  210  205  202  197
  194  190  187  184  181  179  178  175  174  173  173  171  171  172  172  173
  173  176  176  177  177  178  179  178  180  179  180  177  179  177  177  177
  175  176  172  173  171  174  172  180  173                                   
    82.5-180.0 180.0   5.0 450.0                            LAT/LON1/LON2/DLON/H
  168  165  168  174  174  183  189  200  206  215  221  225  229  229  232  231
  234  231  234  231  234  231  233  230  231  227  228  222  222  215  213  205
  203  194  193  184  181  174  172  167  165  164  162  162  161  163  164  166
  167  170  171  172  174  174  175  173  176  172  175  168  172  164  167  160
  162  157  156  154  151  154  154  156  168                                   
    80.0-180.0 180.0   5.0 450.0                            LAT/LON1/LON2/DLON/H
  143  140  143  152  154  164  169  181  186  196  200  208  210  213  215  217
  218  218  219  217  219  216  217  215  216  215  214  214  212  209  206  201
  198  191  187  181  177  172  168  163  159  156  154  152  150  152  153  156
  158  163  164  169  169  172  172  172  172  170  168  164  162  156  152  147
  142  138  134  132  126  130  120  130  143                                   
    77.5-180.0 180.0   5.0 450.0                            LAT/LON1/LON2/DLON/H
  113  115  116  124  128  143  151  163  169  178  184  190  194  197  202  204
  206  207  207  207  206  205  205  204  207  207  211  210  214  210  213  205
  207  197  199  189  189  180  179  171  169  163  163  158  158  155  159  158
  163  163  168  169  172  172  173  173  171  169  164  160  153  147  140  134
  126  120  114  108  102  101   95  105  113                                   
    75.0-180.0 180.0   5.0 450.0                            LAT/LON1/LON2/DLON/H
  103   97   98  107  115  125  134  143  150  157  163  168  173  177  182  186
  190  193  195  195  195  194  195  196  199  202  206  207  214  212  217  215
  218  214  216  211  210  204  200  194  190  186  184  181  179  178  178  176
  179  178  183  181  185  183  184  182  180  175  170  162  157  146  140  128
  120  110  104   95   87   86   80   92  103                                   
    72.5-180.0 180.0   5.0 450.0                            LAT/LON1/LON2/DLON/H
   95   88   83   94  101  113  118  129  133  141  145  151  156  161  168  174
  180  185  187  191  190  194  193  198  199  206  209  216  219  228  228  234
  233  236  232  231  226  221  218  212  209  203  203  199  199  196  197  195
  196  196  196  197  195  196  190  191  182  180  170  164  154  146  136  126
  115  106   98   89   81   80   77   85   95                                   
    70.0-180.0 180.0   5.0 450.0                            LAT/LON1/LON2/DLON/H
   93   81   81   87   95  104  112  118  125  128  136  138  147  152  161  167
  177  181  186  188  189  192  194  201  202  215  215  231  229  244  238  248
  242  249  245  248  245  242  238  233  230  226  226  223  223  221  220  217
  216  213  211  207  204  199  195  190  184  178  169  162  153  145  136  125
  117  107  101   87   80   78   76   81   93                                   
    67.5-180.0 180.0   5.0 450.0                            LAT/LON1/LON2/DLON/H
   94   84   81   85   93   99  104  113  115  124  127  134  142  150  160  167
  180  185  191  194  195  200  202  208  211  220  223  234  237  248  246  257
  252  258  253  257  252  251  248  247  244  243  242  243  240  240  236  234
  229  224  219  211  206  198  191  184  177  169  161  154  145  138  130  123
  115  109  102   93   84   82   81   83   94                                   
    65.0-180.0 180.0   5.0 450.0                            LAT/LON1/LON2/DLON/H
   96   84   83   87   91   96  102  107  113  118  126  128  143  147  163  170
  183  188  195  197  200  206  206  211  215  221  229  239  244  258  256  267
  259  267  260  266  259  261  256  258  257  260  258  263  258  259  250  247
  239  231  222  212  204  192  185  173  167  155  149  139  134  127  121  117
  110  109  103   95   90   87   81   81   96                                   
    62.5-180.0 180.0   5.0 450.0                            LAT/LON1/LON2/DLON/H
   93   86   82   84   90   92   97  101  105  112  117  125  134  144  159  168
  185  191  202  206  210  214  215  220  221  229  234  245  251  259  265  268
  273  267  271  265  268  262  264  264  268  272  274  277  273  271  261  255
  244  234  221  207  196  182  172  160  151  142  134  129  122  118  112  110
  103  102   98   92   87   85   83   80   93                                   
    60.0-180.0 180.0   5.0 450.0                            LAT/LON1/LON2/DLON/H
   87   79   77   79   81   82   88   91   96  101  109  115  128  138  154  168
  183  195  203  208  211  212  215  216  219  224  231  239  248  259  264  272
  273  274  272  271  272  271  271  274  278  282  284  287  281  278  266  258
  246  234  222  206  193  179  167  153  143  131  124  117  113  107  104  102
   98   99   95   91   88   84   78   76   87                                   
    57.5-180.0 180.0   5.0 450.0                            LAT/LON1/LON2/DLON/H
   75   73   69   70   71   73   76   81   84   92   99  109  118  129  144  161
  177  187  202  198  212  205  214  213  219  224  230  240  249  266  273  285
  287  290  287  287  286  285  287  290  295  298  300  300  294  288  275  265
  250  237  224  207  195  179  167  153  145  134  128  120  116  110  105  102
   97   93   92   88   83   79   75   71   75                                   
    55.0-180.0 180.0   5.0 450.0                            LAT/LON1/LON2/DLON/H
   72   67   63   63   62   65   66   72   73   82   88   99  107  121  135  156
  172  191  203  212  214  218  215  220  218  226  229  238  247  265  275  292
  295  302  298  300  300  301  304  307  309  311  312  310  305  297  284  275
  260  250  235  225  209  200  185  177  166  159  149  143  133  127  117  113
  105  101   95   91   87   82   75   76   72                                   
    52.5-180.0 180.0   5.0 450.0                            LAT/LON1/LON2/DLON/H
   74   74   65   62   62   61   62   64   67   76   83   98  106  121  134  156
  171  188  202  205  216  209  218  216  223  231  237  250  257  278  291  311
  318  325  326  326  328  327  332  329  331  327  329  324  320  311  300  289
  277  266  252  239  228  216  206  197  192  184  181  172  165  153  144  135
  125  117  108  101   96   89   85   86   74                                   
    50.0-180.0 180.0   5.0 450.0                            LAT/LON1/LON2/DLON/H
   93   86   77   73   70   67   64   63   62   71   76   91   99  120  130  155
  168  195  204  224  225  233  231  242  239  254  252  268  274  300  309  335
  339  350  350  354  355  358  360  356  355  347  346  341  337  328  317  307
  298  290  277  266  251  240  229  223  218  215  210  205  195  182  171  158
  149  136  129  120  116  104  104  115   93                                   
    47.5-180.0 180.0   5.0 450.0                            LAT/LON1/LON2/DLON/H
  115  111   99   91   87   79   73   69   66   75   80   96  105  126  137  166
  179  206  215  236  236  244  245  252  257  266  273  290  298  320  333  353
  361  369  373  378  381  383  387  381  378  367  364  357  352  343  333  325
  317  308  297  282  267  251  240  233  232  232  233  230  225  212  201  188
  176  164  155  149  143  136  135  142  115                                   
    45.0-180.0 180.0   5.0 450.0                            LAT/LON1/LON2/DLON/H
  143  141  125  118  112  102   91   82   77   81   86   99  108  129  140  172
  187  216  228  245  249  260  262  276  276  291  296  313  322  342  348  371
  375  385  390  402  408  416  419  414  406  396  386  377  367  356  347  339
  331  323  309  293  273  256  243  236  236  237  240  241  235  224  216  201
  193  178  174  163  168  154  163  173  143                                   
    42.5-180.0 180.0   5.0 450.0                            LAT/LON1/LON2/DLON/H
  163  165  150  141  136  124  112   98   93   95   99  113  121  140  153  184
  202  229  241  264  265  281  281  300  301  320  325  342  345  360  366  378
  382  393  400  418  431  442  446  439  432  415  407  391  385  367  359  347
  341  329  313  292  270  251  235  230  229  234  237  242  237  233  223  217
  206  197  184  184  180  182  186  190  163                                   
    40.0-180.0 180.0   5.0 450.0                            LAT/LON1/LON2/DLON/H
  179  177  168  160  157  142  132  117  108  109  114  125  133  152  165  195
  213  242  253  274  280  292  300  315  321  337  346  359  361  371  372  383
  388  400  415  437  456  472  477  475  463  448  434  415  404  384  373  355
  348  333  314  293  265  244  227  219  217  220  223  226  226  219  217  212
  204  194  184  181  184  182  191  185  179                                   
    37.5-180.0 180.0   5.0 450.0                            LAT/LON1/LON2/DLON/H
  180  183  174  169  165  156  146  132  122  122  128  140  152  170  182  211
  229  251  266  283  290  304  310  328  335  357  363  376  376  385  383  394
  399  417  434  462  489  512  522  518  505  488  469  449  435  413  398  377
  364  346  326  304  273  244  229  223  216  217  217  219  217  216  213  211
  205  194  183  179  176  182  190  178  180                                   
    35.0-180.0 180.0   5.0 450.0                            LAT/LON1/LON2/DLON/H
  172  171  164  161  162  154  149  136  127  129  137  155  168  188  201  227
  244  263  275  292  300  313  321  337  346  362  376  387  394  400  405  414
  430  448  472  501  534  563  576  571  559  537  517  492  474  449  429  395
  373  346  319  292  265  244  223  215  210  218  228  224  225  216  218  214
  212  204  189  180  171  170  167  160  172                                   
    32.5-180.0 180.0   5.0 450.0                            LAT/LON1/LON2/DLON/H
  160  169  156  158  157  153  148  134  130  130  138  156  176  199  222  245
  264  276  288  301  312  324  334  350  357  375  386  402  413  430  436  456
  470  496  520  562  596  633  649  651  630  609  574  551  520  492  461  437
  409  383  356  331  308  289  277  266  255  239  230  221  223  216  227  228
  219  206  185  172  155  155  161  147  160                                   
    30.0-180.0 180.0   5.0 450.0                            LAT/LON1/LON2/DLON/H
  141  146  134  130  137  134  132  125  120  122  135  154  181  210  235  265
  276  291  299  315  328  341  355  363  374  385  403  422  442  462  480  500
  526  558  597  642  679  716  729  720  705  678  643  614  582  549  518  487
  460  433  406  389  372  368  355  351  327  311  279  257  229  221  217  235
  239  246  216  194  179  155  164  143  141                                   
    27.5-180.0 180.0   5.0 450.0                            LAT/LON1/LON2/DLON/H
  132  134  120  113  114  110  117  114  118  110  126  142  171  208  242  273
  292  305  316  329  345  358  371  381  389  403  421  448  476  503  529  565
  597  639  678  729  757  777  782  777  756  733  694  671  643  623  589  565
  536  510  491  478  467  465  459  450  422  393  358  335  309  299  285  302
  292  288  269  240  213  200  175  147  132                                   
    25.0-180.0 180.0   5.0 450.0                            LAT/LON1/LON2/DLON/H
  161  159  130  114  104   95   96   92  100  107  115  131  167  204  244  276
  297  315  327  347  365  378  390  396  407  420  449  475  512  546  590  632
  676  725  762  789  808  823  831  826  812  785  754  725  700  681  664  638
  614  582  572  561  557  561  553  548  507  487  441  428  397  388  360  372
  353  347  316  295  262  233  217  184  161                                   
    22.5-180.0 180.0   5.0 450.0                            LAT/LON1/LON2/DLON/H
  199  171  144  124  116   97   93   93  100  100  116  126  156  196  233  276
  301  326  344  366  389  401  412  418  428  446  471  507  545  596  646  695
  742  785  812  837  852  867  875  874  859  835  802  781  756  739  720  704
  682  658  637  628  616  620  604  600  559  539  505  505  480  473  454  452
  431  422  381  352  308  277  255  225  199                                   
    20.0-180.0 180.0   5.0 450.0                            LAT/LON1/LON2/DLON/H
  236  194  167  146  135  124  114  107  100  102  108  125  156  191  233  269
  298  325  351  378  405  419  430  433  450  464  500  536  594  645  701  757
  791  821  836  850  867  876  889  889  885  873  847  827  805  785  767  753
  729  716  684  669  649  642  628  620  587  572  539  548  533  537  517  518
  496  478  444  405  362  319  283  270  236                                   
    17.5-180.0 180.0   5.0 450.0                            LAT/LON1/LON2/DLON/H
  262  210  180  156  146  137  133  128  110  106  101  112  141  180  223  257
  287  319  351  385  413  433  443  455  464  492  529  583  631  689  741  797
  820  839  852  858  868  877  889  896  893  886  869  854  834  817  807  787
  766  732  707  671  651  630  619  603  585  567  564  571  576  575  567  556
  543  516  484  449  398  358  319  311  262                                   
    15.0-180.0 180.0   5.0 450.0                            LAT/LON1/LON2/DLON/H
  273  227  198  174  158  147  140  131  123  114  109  115  135  172  224  256
  285  316  344  387  415  437  451  463  485  521  577  628  679  732  777  806
  820  827  835  835  848  851  874  882  889  886  870  860  843  837  827  811
  775  742  694  644  612  579  564  549  538  542  547  576  584  592  582  574
  563  539  515  476  429  386  344  328  273                                   
    12.5-180.0 180.0   5.0 450.0                            LAT/LON1/LON2/DLON/H
  278  235  200  186  173  157  148  132  119  113  116  121  130  161  206  254
  286  314  345  384  412  442  453  479  505  556  608  662  706  751  788  807
  818  818  823  820  827  833  853  871  880  879  868  859  854  849  844  815
  784  722  672  594  553  510  502  491  497  515  536  569  587  596  581  566
  553  548  519  489  437  398  351  333  278                                   
    10.0-180.0 180.0   5.0 450.0                            LAT/LON1/LON2/DLON/H
  259  234  205  191  178  166  146  138  122  109  114  131  139  176  213  255
  296  325  350  393  416  447  464  496  536  590  647  695  724  757  778  788
  797  797  801  799  808  811  835  849  866  865  858  854  853  854  846  813
  784  713  653  553  504  454  446  445  461  493  521  560  578  585  555  529
  511  496  477  443  414  383  353  308  259                                   
     7.5-180.0 180.0   5.0 450.0                            LAT/LON1/LON2/DLON/H
  237  207  205  186  181  166  155  133  122  110  106  124  143  183  220  259
  299  340  360  398  412  446  460  504  549  614  669  707  729  756  773  780
