data/unet/pred1730.15i
     1.0            IONOSPHERE MAPS     GNSS                IONEX VERSION / TYPE
pyspatialgeodesy        IME             05-JAN-18 20:20     PGM / RUN BY / DATE 
Map Name                                                    COMMENT             
Predicted global ionosphere maps (GIM).                     DESCRIPTION         
  2015     6    22     0     0     0                        EPOCH OF FIRST MAP  
  2015     6    23     0     0     0                        EPOCH OF LAST MAP   
  7200                                                      INTERVAL            
    13                                                      # OF MAPS IN FILE   
  NONE                                                      MAPPING FUNCTION    
10.0                                                        ELEVATION CUTOFF    
One-way carrier phase leveled to code                       OBSERVABLES USED    
  6371.0                                                    BASE RADIUS         
 2                                                          MAP DIMENSION       
   450.0 450.0   0.0                                        HGT1 / HGT2 / DHGT  
    87.5 -87.5  -2.5                                        LAT1 / LAT2 / DLAT  
  -180.0 180.0   5.0                                        LON1 / LON2 / DLON  
    -1                                                      EXPONENT            
                                                            END OF HEADER       
[from data line 3003]
     8                                                      START OF TEC MAP    
  2015     6    22    14     0     0                        EPOCH OF CURRENT MAP
    87.5-180.0 180.0   5.0 450.0                            LAT/LON1/LON2/DLON/H
  183  193  198  198  200  199  201  200  203  202  204  203  206  205  207  205
  207  205  208  205  207  204  206  204  205  203  203  201  202  200  201  198
  200  197  199  196  197  195  195  193  193  192  193  192  193  193  194  194
  196  197  199  199  201  202  203  204  205  205  206  205  206  205  206  204
  206  203  205  200  199  196  211  179  183                                   
    85.0-180.0 180.0   5.0 450.0                            LAT/LON1/LON2/DLON/H
  193  192  190  194  195  196  197  198  199  199  201  202  203  204  204  204
  205  205  205  205  204  204  203  203  201  202  200  200  198  198  195  195
  193  193  191  190  188  187  185  185  182  183  183  184  183  186  187  189
  190  192  195  196  199  200  202  202  204  204  205  204  205  204  204  202
  203  202  202  199  199  193  200  192  193                                   
    82.5-180.0 180.0   5.0 450.0                            LAT/LON1/LON2/DLON/H
  197  185  184  186  189  190  193  192  196  196  199  199  202  202  204  204
  205  205  206  206  206  206  205  205  204  203  202  201  199  198  196  194
  191  190  188  185  183  180  178  176  174  174  174  175  176  178  180  182
  185  188  192  194  197  199  201  203  204  205  205  205  204  203  202  200
  200  198  197  194  193  187  198  185  197                                   
    80.0-180.0 180.0   5.0 450.0                            LAT/LON1/LON2/DLON/H
  188  178  175  178  180  180  184  184  188  189  193  193  197  197  200  199
  202  201  203  202  203  202  202  201  201  199  199  196  197  193  193  189
  189  184  183  178  177  172  171  168  167  166  168  167  171  172  176  178
  182  184  189  191  195  196  199  199  201  200  201  200  200  198  196  194
  193  190  189  185  183  184  181  180  188                                   
    77.5-180.0 180.0   5.0 450.0                            LAT/LON1/LON2/DLON/H
  180  170  170  173  174  178  181  183  186  188  191  192  195  196  198  198
  200  199  202  201  202  201  202  200  202  199  200  199  199  197  196  193
  191  187  184  179  176  171  169  166  165  164  166  167  170  174  177  182
  185  190  193  197  198  202  201  205  203  206  203  205  201  202  197  197
  192  191  184  182  176  175  177  169  180                                   
    75.0-180.0 180.0   5.0 450.0                            LAT/LON1/LON2/DLON/H
  176  167  167  169  172  173  178  178  183  183  189  189  194  193  198  196
  200  197  201  198  201  197  200  196  199  197  199  197  199  197  198  195
  194  190  188  182  179  174  171  167  166  166  167  169  172  176  181  183
  188  191  195  195  199  199  202  200  203  200  202  199  200  196  195  191
  190  185  183  175  176  172  172  170  176                                   
    72.5-180.0 180.0   5.0 450.0                            LAT/LON1/LON2/DLON/H
  177  167  168  172  172  177  180  183  185  187  190  192  193  195  196  197
  198  199  200  200  200  199  199  198  198  198  199  200  201  203  203  203
  200  199  194  190  184  179  175  171  169  170  172  175  179  184  188  193
  194  198  199  202  200  204  202  206  203  206  203  206  202  203  197  198
  192  191  184  181  176  174  176  173  177                                   
    70.0-180.0 180.0   5.0 450.0                            LAT/LON1/LON2/DLON/H
  177  170  170  171  175  174  180  179  185  183  189  186  192  190  194  192
  196  193  197  192  196  190  193  188  190  188  192  192  197  197  201  200
  201  198  197  191  187  181  178  174  173  174  176  179  182  187  191  192
  194  195  196  194  196  194  196  195  198  196  199  198  201  196  198  193
  194  187  187  178  180  175  178  180  177                                   
    67.5-180.0 180.0   5.0 450.0                            LAT/LON1/LON2/DLON/H
  184  175  175  178  177  181  183  186  187  190  191  193  193  195  193  195
  193  196  195  196  194  194  191  191  189  191  191  196  198  203  204  207
  205  206  202  199  192  188  182  180  178  180  183  187  190  195  196  198
  196  197  194  194  192  193  192  195  195  199  199  203  203  204  202  202
  199  197  192  189  184  182  184  185  184                                   
    65.0-180.0 180.0   5.0 450.0                            LAT/LON1/LON2/DLON/H
  188  181  179  176  180  178  183  182  187  185  190  188  192  189  192  189
  192  189  191  188  190  185  186  182  184  183  187  188  194  195  201  201
  204  202  203  197  195  189  186  183  183  184  188  191  194  196  197  195
  194  190  190  186  186  183  186  186  191  192  197  199  203  202  204  201
  202  196  197  188  190  184  188  192  188                                   
    62.5-180.0 180.0   5.0 450.0                            LAT/LON1/LON2/DLON/H
  190  183  179  180  177  180  182  185  187  189  190  193  193  195  194  195
  193  194  192  192  190  190  188  189  188  191  192  197  198  203  204  208
  207  210  206  204  198  195  190  189  188  191  194  198  198  200  198  196
  192  190  185  184  181  184  184  191  193  199  201  207  208  211  210  210
  209  206  204  199  196  192  193  194  190                                   
    60.0-180.0 180.0   5.0 450.0                            LAT/LON1/LON2/DLON/H
  185  179  175  172  175  173  179  177  185  183  190  187  192  189  192  188
  189  186  186  183  183  181  184  184  187  187  192  192  197  197  202  203
  207  206  207  203  201  196  195  193  194  197  200  201  202  200  198  194
  190  185  183  179  181  180  186  189  197  199  206  207  212  210  213  207
  209  202  204  195  195  188  190  193  185                                   
    57.5-180.0 180.0   5.0 450.0                            LAT/LON1/LON2/DLON/H
  176  170  166  166  165  167  170  171  178  179  186  186  189  190  191  191
  190  189  186  185  182  184  184  188  191  196  198  202  203  207  208  211
  211  214  212  211  206  204  201  200  201  203  205  206  204  202  197  194
  188  186  182  184  183  190  192  202  205  211  212  216  216  217  214  212
  208  204  200  196  191  186  188  184  176                                   
    55.0-180.0 180.0   5.0 450.0                            LAT/LON1/LON2/DLON/H
  164  158  153  153  158  156  163  163  172  171  182  179  188  183  191  185
  189  183  183  177  178  176  181  183  190  194  199  201  205  204  209  209
  214  213  216  212  213  208  209  208  209  210  211  211  209  205  201  195
  191  189  187  188  190  195  202  208  214  217  219  218  218  214  213  205
  202  194  193  184  183  175  175  173  164                                   
    52.5-180.0 180.0   5.0 450.0                            LAT/LON1/LON2/DLON/H
  154  144  141  144  146  150  153  155  162  164  172  172  182  181  189  188
  190  187  186  181  179  179  182  188  193  201  205  210  211  215  217  220
  223  225  226  225  224  222  222  220  220  220  220  218  214  210  206  201
  197  196  193  197  197  207  211  220  221  226  223  223  218  216  208  203
  195  190  183  178  173  166  168  160  154                                   
    50.0-180.0 180.0   5.0 450.0                            LAT/LON1/LON2/DLON/H
  144  134  133  135  141  140  150  150  161  162  171  172  182  181  191  188
  195  189  191  183  185  179  185  186  195  198  206  208  214  215  221  222
  229  228  235  231  236  231  235  231  232  231  230  227  224  219  215  211
  207  206  204  206  207  214  216  223  226  229  226  223  217  212  206  197
  190  180  177  166  164  154  154  147  144                                   
    47.5-180.0 180.0   5.0 450.0                            LAT/LON1/LON2/DLON/H
  136  127  126  129  133  137  141  146  152  158  167  171  180  183  194  196
  202  200  200  194  192  188  190  192  199  205  212  217  222  227  232  237
  243  246  250  251  252  250  251  248  247  244  243  238  235  228  226  221
  220  218  216  217  214  221  220  227  228  232  227  224  216  212  202  197
  186  179  170  163  156  147  150  140  136                                   
    45.0-180.0 180.0   5.0 450.0                            LAT/LON1/LON2/DLON/H
  135  126  124  124  129  131  138  143  154  162  172  177  185  188  198  202
  209  209  209  204  202  196  198  195  202  204  212  216  224  228  238  242
  252  254  263  263  269  265  271  264  266  259  258  251  248  241  240  235
  234  232  230  228  223  225  223  227  227  230  226  223  216  210  203  195
  189  178  173  159  156  145  144  135  135                                   
    42.5-180.0 180.0   5.0 450.0                            LAT/LON1/LON2/DLON/H
  137  125  122  121  124  128  132  140  148  159  171  178  187  194  206  211
  220  221  221  215  214  207  207  203  209  211  218  224  233  240  248  256
  265  274  282  286  292  293  295  291  289  283  278  272  267  261  257  252
  251  245  242  237  231  230  226  229  227  229  224  222  215  213  204  202
  192  187  175  167  157  149  152  140  137                                   
    40.0-180.0 180.0   5.0 450.0                            LAT/LON1/LON2/DLON/H
  139  127  121  119  118  120  125  134  146  161  174  186  195  205  213  221
  226  229  229  228  222  217  214  211  212  215  220  227  235  245  254  266
  277  287  300  308  319  321  326  319  317  307  300  291  287  280  277  271
  268  262  255  249  240  236  231  233  229  230  224  224  217  216  211  207
  204  194  188  172  167  155  152  143  139                                   
    37.5-180.0 180.0   5.0 450.0                            LAT/LON1/LON2/DLON/H
  144  129  121  115  113  114  117  127  139  155  172  186  199  209  222  228
  238  240  241  238  235  227  225  219  222  224  231  237  247  256  267  279
  293  309  324  339  352  357  360  354  350  339  330  318  312  305  300  293
  289  280  274  264  254  249  243  241  238  236  230  229  225  223  218  219
  211  208  195  188  175  167  167  155  144                                   
    35.0-180.0 180.0   5.0 450.0                            LAT/LON1/LON2/DLON/H
  149  133  121  113  109  108  110  119  134  154  172  192  203  218  226  238
  242  248  246  246  240  237  229  228  227  232  236  246  253  266  276  295
  310  331  351  368  385  390  395  390  384  373  361  348  340  332  326  318
  310  302  293  285  275  268  259  256  249  246  237  236  229  230  226  225
  222  214  208  194  187  176  171  163  149                                   
    32.5-180.0 180.0   5.0 450.0                            LAT/LON1/LON2/DLON/H
  158  138  123  114  106  104  106  113  125  147  166  188  204  221  231  241
  249  255  255  256  250  247  240  239  238  245  252  262  271  285  295  315
  331  356  376  395  410  419  423  419  413  402  391  378  369  360  352  343
  334  325  318  310  301  295  284  279  267  262  252  247  242  239  236  232
  228  222  210  205  193  187  184  176  158                                   
    30.0-180.0 180.0   5.0 450.0                            LAT/LON1/LON2/DLON/H
  161  144  126  120  111  106  106  110  122  142  164  185  205  221  232  243
  251  258  258  257  251  250  241  242  242  251  259  271  283  298  310  332
  353  379  401  418  434  442  447  445  437  428  417  408  398  391  379  372
  360  353  343  338  327  321  305  297  278  270  255  251  243  240  237  233
  229  219  212  202  197  191  188  182  161                                   
    27.5-180.0 180.0   5.0 450.0                            LAT/LON1/LON2/DLON/H
  165  149  134  125  115  110  107  111  118  136  153  179  197  218  230  245
  252  261  262  263  258  255  248  247  253  263  274  288  300  317  327  351
  371  397  415  431  445  453  457  455  449  442  432  425  417  411  402  394
  383  375  365  358  345  338  321  312  288  275  261  252  249  239  237  229
  226  214  206  200  194  195  190  188  165                                   
    25.0-180.0 180.0   5.0 450.0                            LAT/LON1/LON2/DLON/H
  166  154  139  132  124  118  115  116  120  134  150  171  192  211  227  240
  250  259  262  264  260  254  249  249  257  268  283  294  308  327  342  364
  384  408  423  437  448  455  458  457  452  447  440  435  428  427  417  414
  404  398  383  374  355  347  326  314  289  274  255  245  238  232  228  221
  216  206  199  191  189  190  189  190  166                                   
    22.5-180.0 180.0   5.0 450.0                            LAT/LON1/LON2/DLON/H
  167  160  149  142  131  126  121  120  120  130  141  161  178  202  217  234
  246  259  262  266  263  261  255  257  264  277  291  305  316  338  351  375
  392  414  424  436  442  446  445  446  441  441  434  434  428  428  422  420
  413  407  393  381  360  349  325  310  283  267  247  237  228  221  217  210
  203  194  185  180  178  184  184  186  167                                   
    20.0-180.0 180.0   5.0 450.0                            LAT/LON1/LON2/DLON/H
  165  161  154  150  141  135  132  129  127  132  139  154  170  189  207  224
  237  250  258  262  264  257  261  260  273  282  297  308  323  342  356  379
  392  411  417  426  429  432  432  432  432  430  429  429  428  430  427  428
  421  414  398  382  358  339  309  291  268  252  233  225  213  208  202  200
  193  186  177  172  170  175  176  180  165                                   
    17.5-180.0 180.0   5.0 450.0                            LAT/LON1/LON2/DLON/H
  161  161  155  155  149  145  139  138  131  132  133  146  158  180  193  216
  229  247  254  261  260  262  262  269  278  291  301  318  332  352  365  385
  396  409  413  419  417  419  416  420  418  423  420  425  423  430  427  429
  419  411  391  372  343  320  287  269  244  231  216  205  195  189  186  184
  181  173  166  161  159  164  166  170  161                                   
    15.0-180.0 180.0   5.0 450.0                            LAT/LON1/LON2/DLON/H
  154  151  149  150  149  147  145  140  135  131  132  138  151  167  184  202
  220  234  246  252  258  256  267  272  288  296  311  326  340  357  367  386
  394  406  407  411  410  410  408  412  413  417  419  420  423  426  426  424
  415  401  377  354  324  299  266  247  224  215  200  190  179  176  175  175
  174  168  161  156  151  152  153  160  154                                   
    12.5-180.0 180.0   5.0 450.0                            LAT/LON1/LON2/DLON/H
  144  142  135  139  139  142  140  139  131  130  126  135  142  162  172  198
  210  232  238  251  253  261  267  284  292  308  318  338  350  364  377  390
  399  407  407  412  407  409  406  412  411  418  415  421  417  426  418  417
  401  385  359  333  301  271  238  220  201  193  182  173  166  164  166  170
  170  166  158  150  143  139  141  146  144                                   
    10.0-180.0 180.0   5.0 450.0                            LAT/LON1/LON2/DLON/H
  136  126  123  120  123  125  127  123  121  118  122  126  137  150  167  184
  204  220  235  244  254  259  274  286  305  315  331  346  361  373  385  397
  404  411  413  417  416  415  413  417  415  419  416  415  413  412  408  400
  386  367  339  314  278  250  220  203  187  182  170  164  157  159  161  165
  166  161  155  144  136  129  125  131  136                                   
     7.5-180.0 180.0   5.0 450.0                            LAT/LON1/LON2/DLON/H
  125  115  106  104  104  107  107  108  105  109  110  122  129  147  161  185
  197  220  230  245  251  264  275  296  308  329  341  357  373  385  400  405
