data/unet/pred2210.15i
     1.0            IONOSPHERE MAPS     GNSS                IONEX VERSION / TYPE
pyspatialgeodesy        IME             05-JAN-18 20:20     PGM / RUN BY / DATE 
Map Name                                                    COMMENT             
Predicted global ionosphere maps (GIM).                     DESCRIPTION         
  2015     8     9     0     0     0                        EPOCH OF FIRST MAP  
  2015     8    10     0     0     0                        EPOCH OF LAST MAP   
  7200                                                      INTERVAL            
    13                                                      # OF MAPS IN FILE   
  NONE                                                      MAPPING FUNCTION    
10.0                                                        ELEVATION CUTOFF    
One-way carrier phase leveled to code                       OBSERVABLES USED    
  6371.0                                                    BASE RADIUS         
 2                                                          MAP DIMENSION       
   450.0 450.0   0.0                                        HGT1 / HGT2 / DHGT  
    87.5 -87.5  -2.5                                        LAT1 / LAT2 / DLAT  
  -180.0 180.0   5.0                                        LON1 / LON2 / DLON  
    -1                                                      EXPONENT            
                                                            END OF HEADER       
[from data line 2145]
     6                                                      START OF TEC MAP    
  2015     8     9    10     0     0                        EPOCH OF CURRENT MAP
    87.5-180.0 180.0   5.0 450.0                            LAT/LON1/LON2/DLON/H
  103  127  124  127  125  124  124  125  125  125  126  126  127  127  127  127
  127  126  127  126  127  125  126  124  125  123  124  122  123  121  121  120
  120  119  119  118  118  117  116  116  116  115  114  115  115  115  114  115
  114  115  114  115  114  115  114  115  115  115  114  115  115  115  115  116
  116  117  118  120  120  118  116  107  103                                   
    85.0-180.0 180.0   5.0 450.0                            LAT/LON1/LON2/DLON/H
  127  122  131  132  133  129  134  132  136  132  136  132  137  133  138  134
  139  134  139  136  140  136  140  137  140  138  140  138  139  137  138  136
  136  135  134  133  133  132  131  131  130  129  128  128  128  128  126  126
  125  125  124  124  123  123  121  121  120  119  118  117  118  117  116  116
  117  117  119  119  120  118  122  121  127                                   
    82.5-180.0 180.0   5.0 450.0                            LAT/LON1/LON2/DLON/H
  119  127  133  136  135  134  135  137  138  138  139  139  140  139  140  140
  141  140  141  141  142  141  142  142  142  142  142  142  142  142  141  140
  140  139  137  137  135  135  133  133  131  131  130  131  130  130  129  129
  129  128  127  127  126  125  123  123  121  119  117  116  115  113  112  112
  112  112  113  114  115  118  121  124  119                                   
    80.0-180.0 180.0   5.0 450.0                            LAT/LON1/LON2/DLON/H
  122  119  125  125  127  126  128  129  131  130  131  130  131  129  130  130
  131  130  131  131  132  131  133  132  134  133  135  134  136  135  136  135
  136  134  134  133  132  130  130  128  128  127  127  126  128  127  128  128
  129  128  129  128  128  126  125  124  122  119  117  115  113  110  108  106
  105  104  104  104  106  108  109  119  122                                   
    77.5-180.0 180.0   5.0 450.0                            LAT/LON1/LON2/DLON/H
  117  115  118  120  121  122  123  124  125  124  124  124  123  122  122  122
  121  121  122  123  123  124  123  125  124  125  125  127  127  129  129  132
  131  133  132  133  132  132  131  130  130  129  131  131  133  134  136  137
  138  139  140  140  140  138  137  135  132  130  126  124  120  117  113  111
  108  107  106  105  105  106  107  104  117                                   
    75.0-180.0 180.0   5.0 450.0                            LAT/LON1/LON2/DLON/H
  113  108  111  114  114  116  115  117  115  115  114  114  111  111  110  110
  109  111  111  113  112  114  113  115  114  117  116  120  119  124  124  128
  128  132  132  135  134  136  134  136  134  137  136  139  140  144  145  147
  148  150  150  151  149  148  146  144  141  138  134  132  127  125  120  118
  113  113  110  110  108  109  104  105  113                                   
    72.5-180.0 180.0   5.0 450.0                            LAT/LON1/LON2/DLON/H
  110  107  107  106  106  105  107  105  106  103  104  100  100   97   99   97
   98   98  100  100  102  102  103  104  104  105  107  109  111  114  117  122
  124  130  132  137  137  140  140  141  141  143  145  149  151  155  157  160
  161  163  162  161  159  157  155  151  148  144  141  138  135  132  129  125
  121  119  117  115  113  111  107  100  110                                   
    70.0-180.0 180.0   5.0 450.0                            LAT/LON1/LON2/DLON/H
  110  101  100  102   99  101   99  100   98   98   95   94   92   92   91   92
   92   94   94   97   96   98   97   99   97  100   99  105  104  111  112  121
  122  133  135  143  143  149  147  152  150  156  156  163  163  169  169  174
  172  173  170  169  165  163  159  157  153  151  147  146  142  142  138  136
  131  130  127  125  120  120  110  106  110                                   
    67.5-180.0 180.0   5.0 450.0                            LAT/LON1/LON2/DLON/H
  109  102   99   96   92   91   92   90   90   88   88   85   85   84   85   85
   87   87   91   91   92   92   93   91   91   92   93   96   98  103  107  114
  120  129  135  142  146  149  152  154  157  161  166  170  174  178  179  180
  177  176  172  168  164  160  157  153  151  149  148  148  147  147  146  144
  141  139  136  133  128  124  116  105  109                                   
    65.0-180.0 180.0   5.0 450.0                            LAT/LON1/LON2/DLON/H
  114   99   96   92   87   86   85   86   83   83   82   82   81   83   83   85
   86   88   89   91   90   91   89   90   89   91   91   96   97  104  106  117
  121  134  139  149  151  157  158  163  164  171  174  181  183  187  186  186
  181  177  172  167  161  157  154  151  150  150  150  152  153  155  155  155
  153  153  150  146  139  138  124  118  114                                   
    62.5-180.0 180.0   5.0 450.0                            LAT/LON1/LON2/DLON/H
  114  103   96   88   82   78   78   76   76   74   75   74   76   76   78   80
   82   82   84   85   85   85   85   86   87   89   90   94   96  102  107  115
  123  133  141  147  154  156  161  163  167  173  178  185  189  192  190  188
  182  178  170  165  158  154  150  148  147  147  148  152  153  157  158  159
  159  159  159  154  150  144  133  120  114                                   
    60.0-180.0 180.0   5.0 450.0                            LAT/LON1/LON2/DLON/H
  122  105   98   89   79   75   71   70   67   67   66   69   69   72   74   77
   78   79   79   81   80   82   82   84   85   89   91   97   99  108  112  124
  130  141  147  155  160  164  166  171  174  181  186  193  196  199  195  191
  184  178  169  162  157  152  150  149  149  149  151  154  158  162  165  167
  166  167  166  164  159  156  140  134  122                                   
    57.5-180.0 180.0   5.0 450.0                            LAT/LON1/LON2/DLON/H
  126  109  102   89   77   69   65   61   59   56   58   58   61   63   66   67
   69   70   72   72   73   75   77   80   84   89   92   99  103  112  118  128
  137  146  154  160  165  168  171  175  179  185  191  198  201  203  198  194
  186  180  170  166  159  156  153  152  151  152  153  156  159  164  165  168
  166  167  167  165  162  157  147  135  126                                   
    55.0-180.0 180.0   5.0 450.0                            LAT/LON1/LON2/DLON/H
  133  115  106   93   78   69   62   58   51   50   47   50   51   55   56   60
   60   63   63   65   65   70   72   79   83   92   96  105  109  121  126  139
  146  156  164  170  175  178  183  184  190  194  201  206  210  209  206  198
  192  183  176  170  166  163  161  158  158  157  160  161  165  169  171  172
  171  171  170  168  166  165  151  148  133                                   
    52.5-180.0 180.0   5.0 450.0                            LAT/LON1/LON2/DLON/H
  139  121  114   99   82   71   62   56   49   43   42   42   43   46   48   50
   51   53   54   56   59   63   69   76   84   92   99  108  116  126  133  144
  152  162  170  177  182  188  191  194  197  203  210  215  217  216  212  205
  197  190  182  179  174  174  168  167  164  163  163  166  167  171  172  174
  171  170  170  166  164  163  154  146  139                                   
    50.0-180.0 180.0   5.0 450.0                            LAT/LON1/LON2/DLON/H
  144  128  120  107   91   78   69   60   50   45   39   40   39   41   42   45
   46   47   49   52   55   62   69   78   87   98  105  116  123  135  141  153
  160  170  178  186  193  199  204  207  211  216  221  226  227  226  222  214
  207  200  195  190  188  184  181  177  173  170  170  171  174  177  179  180
  177  176  172  170  166  166  155  153  144                                   
    47.5-180.0 180.0   5.0 450.0                            LAT/LON1/LON2/DLON/H
  147  131  126  114   99   87   75   68   55   49   43   42   40   41   40   41
   41   43   45   48   53   61   68   78   88   99  107  118  126  136  143  154
  162  173  182  193  200  210  215  220  223  229  234  236  238  235  231  223
  215  209  202  199  194  192  184  182  176  176  173  176  177  182  183  184
  180  178  173  167  162  162  154  148  147                                   
    45.0-180.0 180.0   5.0 450.0                            LAT/LON1/LON2/DLON/H
  148  134  130  121  108   98   86   79   67   60   53   51   47   47   44   44
   44   45   47   51   56   64   73   82   92  103  110  121  128  140  146  157
  165  176  188  199  211  221  230  236  237  244  245  251  248  248  240  233
  225  218  211  205  201  194  190  182  179  176  176  178  181  187  190  193
  188  185  176  172  164  162  154  151  148                                   
    42.5-180.0 180.0   5.0 450.0                            LAT/LON1/LON2/DLON/H
  146  133  131  125  114  106   96   90   78   73   66   63   58   56   53   52
   51   51   52   55   59   67   74   84   92  102  108  118  125  136  142  153
  163  175  187  203  216  231  241  249  252  258  260  263  262  259  253  242
  236  228  220  214  207  201  190  187  181  182  179  184  186  193  196  198
  194  187  179  168  160  156  151  147  146                                   
    40.0-180.0 180.0   5.0 450.0                            LAT/LON1/LON2/DLON/H
  144  133  131  128  120  114  106  102   92   88   82   80   75   71   67   65
   63   61   62   63   67   72   81   88   97  105  111  120  128  138  146  154
  166  176  192  207  225  240  252  261  263  271  273  279  276  276  269  260
  251  244  234  226  218  208  200  193  191  190  189  193  196  202  204  208
  201  198  184  177  164  157  153  148  144                                   
    37.5-180.0 180.0   5.0 450.0                            LAT/LON1/LON2/DLON/H
  142  129  127  126  119  117  112  110  103  101   96   95   89   85   80   77
   72   71   69   70   71   77   82   89   96  104  111  119  127  136  144  153
  164  177  193  209  229  247  260  269  274  280  284  289  289  290  287  279
  274  263  256  244  236  227  217  212  209  209  207  211  212  215  215  214
  211  202  194  177  168  157  156  147  142                                   
    35.0-180.0 180.0   5.0 450.0                            LAT/LON1/LON2/DLON/H
  143  130  124  125  118  118  114  116  111  112  109  109  103   99   94   90
   85   81   80   78   80   82   89   95  104  111  119  129  136  145  151  158
  170  181  198  213  235  251  267  276  281  289  293  300  302  308  306  305
  299  294  285  276  265  254  245  237  236  234  231  231  230  229  227  225
  219  215  202  193  177  165  165  153  143                                   
    32.5-180.0 180.0   5.0 450.0                            LAT/LON1/LON2/DLON/H
  145  129  121  120  115  114  112  114  112  115  114  115  111  107  100   96
   91   86   83   81   80   83   89   97  105  114  122  132  140  148  155  163
  173  185  201  215  237  255  272  281  288  294  302  308  316  322  327  326
  327  323  320  312  306  295  283  276  270  269  262  261  255  252  244  236
  231  221  214  197  188  171  172  155  145                                   
    30.0-180.0 180.0   5.0 450.0                            LAT/LON1/LON2/DLON/H
  154  137  123  121  114  113  110  113  111  114  114  117  115  114  107  104
   99   92   89   86   86   89   96  103  114  123  134  145  152  160  165  172
  183  192  210  224  248  261  279  287  295  303  310  321  328  340  344  351
  351  359  358  361  356  347  335  327  321  314  305  298  292  281  271  259
  248  238  228  218  204  187  187  166  154                                   
    27.5-180.0 180.0   5.0 450.0                            LAT/LON1/LON2/DLON/H
  164  145  129  124  114  112  108  109  107  110  110  114  113  113  108  105
   99   94   89   86   86   89   98  106  117  129  139  150  158  166  172  180
  190  201  218  233  256  271  287  293  303  308  319  326  339  347  360  364
  374  381  392  397  400  393  384  379  372  364  350  340  330  318  304  288
  273  258  246  232  222  203  200  176  164                                   
    25.0-180.0 180.0   5.0 450.0                            LAT/LON1/LON2/DLON/H
  180  160  140  132  121  119  111  112  107  108  106  109  109  109  106  104
  101   96   93   90   92   97  108  117  130  142  152  161  167  175  181  189
  201  210  229  246  269  283  295  305  314  321  328  339  348  361  371  381
  388  408  420  436  440  442  435  432  424  414  398  385  372  357  341  318
  298  280  266  253  240  221  216  191  180                                   
    22.5-180.0 180.0   5.0 450.0                            LAT/LON1/LON2/DLON/H
  193  170  152  143  132  126  118  115  110  108  105  107  104  106  101  101
   97   94   91   90   92   99  110  120  134  145  154  161  169  178  184  194
  208  218  240  257  279  294  306  317  328  333  342  348  359  369  381  389
  401  419  438  455  467  471  466  463  454  444  429  419  404  391  372  349
  323  298  280  266  253  236  226  206  193                                   
    20.0-180.0 180.0   5.0 450.0                            LAT/LON1/LON2/DLON/H
  211  182  164  154  144  140  131  128  119  115  109  108  106  104  102   99
   98   94   95   94   99  105  118  128  142  151  157  162  168  177  187  197
  215  228  252  272  292  306  319  332  342  350  357  365  373  385  394  405
  413  435  451  471  480  488  485  483  476  468  457  450  437  423  401  375
  345  317  294  280  265  247  236  225  211                                   
    17.5-180.0 180.0   5.0 450.0                            LAT/LON1/LON2/DLON/H
  218  191  175  166  157  151  145  139  131  124  119  116  112  109  103  100
   96   95   92   94   98  107  119  128  140  147  151  155  163  174  185  199
  218  234  261  282  303  322  333  350  362  370  376  382  388  400  409  417
  425  439  453  468  475  483  480  480  474  472  465  466  455  442  420  390
  360  327  304  284  272  256  242  234  218                                   
    15.0-180.0 180.0   5.0 450.0                            LAT/LON1/LON2/DLON/H
  227  198  182  172  164  162  156  153  144  138  130  126  120  114  109  104
  100   96   97   95  101  107  119  128  139  145  148  153  162  173  189  204
  226  247  271  295  312  331  345  361  376  386  394  401  405  409  417  422
  430  443  449  461  464  472  473  472  472  473  472  476  469  456  433  405
  372  342  314  297  278  263  248  249  227                                   
    12.5-180.0 180.0   5.0 450.0                            LAT/LON1/LON2/DLON/H
  228  204  187  179  173  169  166  162  155  148  140  135  127  122  114  110
  102   99   95   95   97  104  113  121  131  135  142  148  159  175  192  211
  234  259  282  311  325  349  358  380  392  408  412  416  414  421  424  428
  432  443  447  456  455  462  458  461  459  464  465  471  463  453  430  405
  375  344  320  296  282  266  252  249  228                                   
    10.0-180.0 180.0   5.0 450.0                            LAT/LON1/LON2/DLON/H
  230  204  188  181  173  171  167  167  161  154  146  140  134  127  119  112
  108  100   98   94   95   98  104  115  125  134  144  154  166  184  201  223
  247  274  295  322  335  354  365  383  400  413  423  423  428  429  436  436
  442  447  451  456  452  454  455  456  459  462  465  468  462  448  428  405
  377  348  323  300  286  269  257  257  230                                   
     7.5-180.0 180.0   5.0 450.0                            LAT/LON1/LON2/DLON/H
  230  208  192  185  179  174  173  170  166  159  153  146  140  134  126  118
  112  106  100   93   91   93   98  108  117  131  145  159  173  193  213  232
