data/unet/pred0960.15i
     1.0            IONOSPHERE MAPS     GNSS                IONEX VERSION / TYPE
pyspatialgeodesy        IME             05-JAN-18 20:20     PGM / RUN BY / DATE 
Map Name                                                    COMMENT             
Predicted global ionosphere maps (GIM).                     DESCRIPTION         
  2015     4     6     0     0     0                        EPOCH OF FIRST MAP  
  2015     4     7     0     0     0                        EPOCH OF LAST MAP   
  7200                                                      INTERVAL            
    13                                                      # OF MAPS IN FILE   
  NONE                                                      MAPPING FUNCTION    
10.0                                                        ELEVATION CUTOFF    
One-way carrier phase leveled to code                       OBSERVABLES USED    
  6371.0                                                    BASE RADIUS         
 2                                                          MAP DIMENSION       
   450.0 450.0   0.0                                        HGT1 / HGT2 / DHGT  
    87.5 -87.5  -2.5                                        LAT1 / LAT2 / DLAT  
  -180.0 180.0   5.0                                        LON1 / LON2 / DLON  
    -1                                                      EXPONENT            
                                                            END OF HEADER       
[from data line 4719]
    12                                                      START OF TEC MAP    
  2015     4     6    22     0     0                        EPOCH OF CURRENT MAP
    87.5-180.0 180.0   5.0 450.0                            LAT/LON1/LON2/DLON/H
  214  196  188  191  192  193  194  195  195  196  196  197  196  196  195  195
  195  194  194  192  192  189  189  186  186  183  182  179  178  176  174  172
  170  169  167  166  164  163  162  162  161  162  161  162  163  164  165  166
  167  168  169  170  171  172  173  174  174  175  175  176  176  177  177  178
  179  181  182  182  181  182  184  193  214                                   
    85.0-180.0 180.0   5.0 450.0                            LAT/LON1/LON2/DLON/H
  199  196  198  202  202  203  205  206  208  208  210  210  212  212  213  213
  214  212  212  210  210  206  204  200  199  194  192  187  185  181  179  175
  173  170  169  165  165  162  162  160  161  160  162  162  165  166  169  171
  174  176  178  181  183  185  186  187  188  189  189  189  190  189  189  189
  190  190  192  190  191  188  187  197  199                                   
    82.5-180.0 180.0   5.0 450.0                            LAT/LON1/LON2/DLON/H
  187  185  188  194  196  200  203  207  210  213  217  220  222  224  225  227
  226  226  223  223  218  216  209  207  199  196  189  185  179  176  170  167
  163  160  157  155  153  152  151  151  150  151  151  153  156  159  161  165
  167  170  173  175  177  179  180  182  183  185  183  185  183  184  182  183
  181  184  182  182  179  179  175  186  187                                   
    80.0-180.0 180.0   5.0 450.0                            LAT/LON1/LON2/DLON/H
  180  176  179  181  188  192  200  205  214  219  228  232  239  240  245  243
  245  241  239  233  229  221  215  208  201  193  186  179  174  167  163  157
  154  149  147  143  142  138  139  137  138  137  139  141  145  147  151  154
  158  160  164  166  168  171  172  174  175  176  176  177  176  175  173  173
  172  171  170  167  165  162  158  167  180                                   
    77.5-180.0 180.0   5.0 450.0                            LAT/LON1/LON2/DLON/H
  170  166  167  171  178  186  197  207  219  229  241  249  257  260  264  263
  261  254  249  239  234  223  218  207  201  190  185  176  171  163  160  153
  151  145  144  139  138  134  133  131  132  131  133  135  138  140  144  146
  150  151  154  156  158  159  161  163  165  166  167  167  167  166  165  163
  162  160  158  155  153  149  148  157  170                                   
    75.0-180.0 180.0   5.0 450.0                            LAT/LON1/LON2/DLON/H
  167  161  165  169  177  186  197  209  225  237  252  261  271  275  278  276
  272  264  256  246  238  227  220  210  202  192  185  177  171  164  160  155
  151  148  144  141  138  135  132  131  129  130  130  133  133  136  138  141
  141  143  144  145  145  146  147  149  150  152  153  155  156  156  155  155
  154  153  152  148  148  145  147  158  167                                   
    72.5-180.0 180.0   5.0 450.0                            LAT/LON1/LON2/DLON/H
  172  167  168  173  180  189  203  216  232  247  264  275  287  290  292  286
  281  270  261  248  238  226  219  209  202  192  186  178  172  166  162  157
  154  150  147  143  140  135  133  130  129  128  128  129  129  131  132  133
  132  132  131  131  129  129  129  131  133  136  137  142  143  147  146  149
  148  150  149  150  149  150  153  167  172                                   
    70.0-180.0 180.0   5.0 450.0                            LAT/LON1/LON2/DLON/H
  186  178  181  185  192  199  211  223  241  256  276  288  301  303  303  295
  289  276  266  253  241  229  221  213  206  197  190  182  176  169  165  159
  156  151  147  142  138  133  129  126  124  123  123  123  123  124  123  123
  120  117  114  112  109  108  108  110  113  116  120  125  131  135  139  142
  146  150  153  153  156  157  162  180  186                                   
    67.5-180.0 180.0   5.0 450.0                            LAT/LON1/LON2/DLON/H
  205  197  198  200  204  210  220  231  247  265  284  299  311  313  313  303
  295  280  269  255  245  233  226  218  212  203  196  187  180  172  167  161
  156  149  145  138  134  127  123  119  117  116  115  115  114  114  112  111
  106  104   99   96   92   91   90   92   95  101  105  115  119  128  131  139
  142  150  155  160  164  170  174  196  205                                   
    65.0-180.0 180.0   5.0 450.0                            LAT/LON1/LON2/DLON/H
  225  213  216  216  219  220  228  237  253  270  291  308  323  328  328  318
  309  293  282  269  260  249  242  231  225  214  208  196  188  178  172  162
  157  147  142  132  126  118  114  111  108  108  107  107  106  106  103  101
   95   91   85   82   77   78   77   81   85   91   99  107  116  123  131  137
  145  151  160  165  175  179  187  211  225                                   
    62.5-180.0 180.0   5.0 450.0                            LAT/LON1/LON2/DLON/H
  240  232  232  232  231  231  235  243  256  274  293  313  328  336  335  329
  320  305  294  281  275  266  260  249  243  228  219  206  197  186  177  166
  159  147  140  128  122  112  108  103  103  101  101  100   98   97   94   91
   85   81   76   73   70   71   71   76   80   89   95  107  114  124  131  140
  146  154  162  171  181  189  197  225  240                                   
    60.0-180.0 180.0   5.0 450.0                            LAT/LON1/LON2/DLON/H
  253  241  247  244  243  241  241  246  257  272  291  311  328  340  342  342
  336  325  314  304  300  289  284  272  264  247  235  219  211  197  189  175
  166  151  142  128  119  110  105  102  101  100   99   98   95   93   90   87
   81   77   72   70   68   70   72   77   84   91  100  109  121  128  139  144
  153  159  169  177  188  196  207  236  253                                   
    57.5-180.0 180.0   5.0 450.0                            LAT/LON1/LON2/DLON/H
  260  254  258  258  255  252  251  253  260  273  289  309  325  340  345  350
  346  341  331  323  318  309  302  290  281  265  252  236  225  211  203  187
  177  159  148  131  123  112  109  105  105  103  103  100   97   93   89   86
   80   77   72   72   70   74   76   83   88   99  105  118  126  137  146  154
  161  168  177  185  194  203  212  246  260                                   
    55.0-180.0 180.0   5.0 450.0                            LAT/LON1/LON2/DLON/H
  269  263  276  275  274  271  266  268  269  279  290  306  321  337  344  355
  355  352  346  340  335  327  321  309  299  284  270  255  243  228  218  203
  190  171  158  141  132  122  118  115  114  114  111  109  104  101   96   92
   87   83   80   79   79   83   86   93   99  107  116  126  137  147  159  166
  176  182  192  198  210  216  227  256  269                                   
    52.5-180.0 180.0   5.0 450.0                            LAT/LON1/LON2/DLON/H
  278  283  295  299  299  297  292  290  287  290  296  307  322  338  348  359
  362  361  354  350  347  341  335  326  315  302  290  278  267  251  238  219
  206  183  172  154  146  135  133  129  130  127  126  121  117  112  107  103
   97   95   90   91   90   94   98  105  110  119  125  137  148  162  174  184
  194  204  214  223  232  238  243  275  278                                   
    50.0-180.0 180.0   5.0 450.0                            LAT/LON1/LON2/DLON/H
  296  302  318  322  329  326  325  320  314  311  311  317  328  344  353  368
  368  368  360  356  354  349  347  338  330  319  308  299  288  273  256  235
  217  196  182  167  158  149  147  145  144  141  137  134  129  125  120  116
  112  109  105  105  104  107  110  115  121  127  135  145  159  173  189  202
  216  227  243  251  264  265  274  298  296                                   
    47.5-180.0 180.0   5.0 450.0                            LAT/LON1/LON2/DLON/H
  314  325  338  346  354  357  357  353  344  338  332  335  342  357  365  379
  378  375  364  360  358  356  354  349  340  332  323  313  303  285  267  241
  223  201  188  175  168  160  160  156  156  152  149  144  141  136  133  130
  126  123  120  119  118  120  122  126  130  136  142  155  168  186  204  220
  236  252  269  282  297  300  303  323  314                                   
    45.0-180.0 180.0   5.0 450.0                            LAT/LON1/LON2/DLON/H
  338  347  360  368  380  381  386  384  378  371  364  364  368  380  387  396
  392  386  373  367  366  361  362  353  347  337  330  319  306  287  263  237
  217  197  185  174  169  165  164  163  162  159  157  153  151  148  147  144
  142  137  135  131  130  129  132  133  138  140  148  159  176  195  216  234
  255  272  293  307  326  324  334  345  338                                   
    42.5-180.0 180.0   5.0 450.0                            LAT/LON1/LON2/DLON/H
  358  370  376  389  399  405  409  414  411  408  399  399  402  411  413  418
  410  401  385  379  376  374  370  362  354  344  332  318  300  275  249  223
  203  186  178  170  169  165  167  164  164  161  160  158  156  154  154  154
  152  149  147  143  141  139  139  140  142  146  150  164  183  206  229  250
  271  291  315  333  351  353  357  365  358                                   
    40.0-180.0 180.0   5.0 450.0                            LAT/LON1/LON2/DLON/H
  380  390  396  406  418  421  431  436  438  436  432  433  436  442  443  443
  432  420  405  397  395  389  386  374  366  350  338  317  294  262  234  206
  191  175  174  170  173  171  173  171  172  170  170  167  167  165  165  164
  164  161  159  156  153  150  147  147  146  148  153  166  188  212  239  260
  283  305  329  349  365  372  377  381  380                                   
    37.5-180.0 180.0   5.0 450.0                            LAT/LON1/LON2/DLON/H
  393  404  407  421  428  437  443  453  454  458  455  460  463  472  470  469
  455  444  429  423  418  413  405  392  377  360  341  314  286  250  222  197
  186  176  181  180  185  182  183  181  182  182  182  180  179  176  175  172
  171  168  166  165  163  161  158  156  153  153  155  169  191  218  245  267
  289  311  338  357  377  387  394  397  393                                   
    35.0-180.0 180.0   5.0 450.0                            LAT/LON1/LON2/DLON/H
  407  418  423  434  442  446  454  462  468  474  477  483  488  493  494  490
  479  468  456  449  444  433  424  404  389  365  346  314  285  246  222  200
  200  199  213  215  221  212  209  202  199  200  199  198  194  192  185  182
  176  174  167  168  165  170  168  169  161  159  160  175  198  225  254  275
  298  318  341  361  376  390  400  405  407                                   
    32.5-180.0 180.0   5.0 450.0                            LAT/LON1/LON2/DLON/H
  418  433  437  451  455  463  467  479  484  495  498  507  511  519  518  516
  506  496  484  478  470  458  441  420  401  380  358  329  302  271  255  248
  256  267  281  284  283  267  255  240  232  230  226  221  215  209  200  193
  185  179  175  172  173  172  174  172  170  167  172  187  213  240  267  287
  308  326  347  362  380  391  405  414  418                                   
    30.0-180.0 180.0   5.0 450.0                            LAT/LON1/LON2/DLON/H
  435  455  463  475  480  485  491  502  513  519  528  531  537  537  539  533
  527  516  507  498  489  469  450  424  407  388  376  354  339  319  316  330
  349  375  378  372  349  327  302  285  268  265  258  253  244  238  228  214
  202  193  188  187  184  186  177  178  168  169  168  188  211  248  278  304
  328  346  363  374  389  398  413  423  435                                   
    27.5-180.0 180.0   5.0 450.0                            LAT/LON1/LON2/DLON/H
  453  482  496  515  521  527  533  548  557  569  572  577  573  573  567  563
  551  542  530  520  506  484  459  434  418  407  402  395  391  393  399  420
  432  446  437  421  395  370  341  324  307  302  292  286  273  264  251  240
  224  214  205  201  198  193  190  183  180  173  178  186  216  254  291  323
  349  372  389  402  412  419  431  439  453                                   
    25.0-180.0 180.0   5.0 450.0                            LAT/LON1/LON2/DLON/H
  479  516  542  564  579  585  591  604  616  626  632  629  624  611  602  584
  575  559  547  532  517  490  468  444  434  431  438  447  451  465  478  510
  516  534  508  479  432  402  371  359  344  344  334  328  314  300  284  267
  245  232  218  214  207  202  192  187  176  175  173  193  216  260  299  339
  367  394  415  429  441  447  458  459  479                                   
    22.5-180.0 180.0   5.0 450.0                            LAT/LON1/LON2/DLON/H
  507  554  585  621  639  649  659  673  690  700  702  699  684  667  646  628
  607  591  575  554  531  507  485  468  464  472  479  493  502  524  534  563
  571  573  540  500  441  409  384  383  374  376  364  364  346  334  310  295
  268  254  234  228  214  206  193  186  178  173  177  185  221  260  306  350
  384  412  435  454  464  474  483  484  507                                   
    20.0-180.0 180.0   5.0 450.0                            LAT/LON1/LON2/DLON/H
  533  586  624  660  690  704  722  745  766  779  779  775  755  734  709  677
  650  624  602  577  553  524  510  497  494  502  517  539  549  569  571  592
  580  570  523  474  422  394  383  389  391  392  383  380  370  356  338  314
  293  272  257  243  230  213  198  181  173  168  171  182  210  261  303  354
  385  422  445  469  484  495  508  510  533                                   
    17.5-180.0 180.0   5.0 450.0                            LAT/LON1/LON2/DLON/H
  555  614  654  696  723  744  770  803  834  855  860  855  833  810  779  747
  709  677  645  617  590  560  539  526  522  534  546  562  558  557  550  544
  527  502  461  417  381  367  368  382  385  387  370  368  356  357  336  323
  296  283  260  251  228  216  189  181  166  168  169  185  215  254  305  346
  384  420  447  474  495  516  530  536  555                                   
    15.0-180.0 180.0   5.0 450.0                            LAT/LON1/LON2/DLON/H
  572  635  675  715  743  768  795  839  877  913  924  924  903  880  851  820
  776  732  697  662  632  597  577  562  554  557  563  562  540  520  489  471
  448  422  390  360  342  338  349  363  365  361  347  342  336  336  326  312
  298  279  263  248  229  210  188  174  162  163  171  189  218  252  296  339
  375  415  441  473  500  528  552  557  572                                   
    12.5-180.0 180.0   5.0 450.0                            LAT/LON1/LON2/DLON/H
  586  645  687  724  748  768  798  844  893  933  960  967  955  937  913  885
  844  797  751  719  689  655  629  608  591  580  563  534  491  444  407  384
  364  350  332  320  317  324  336  349  342  334  312  305  297  302  295  291
  278  265  246  234  211  195  169  161  151  163  175  188  211  243  287  330
  371  405  437  469  503  537  566  573  586                                   
    10.0-180.0 180.0   5.0 450.0                            LAT/LON1/LON2/DLON/H
  596  660  689  726  746  766  790  839  891  940  966  984  981  974  955  937
  900  858  812  770  741  707  685  654  623  592  556  505  444  388  349  321
  301  299  300  303  313  326  336  343  325  310  283  273  262  264  260  255
  246  233  217  206  186  174  154  152  143  154  165  179  200  234  278  324
  361  397  428  466  502  543  579  589  596                                   
     7.5-180.0 180.0   5.0 450.0                            LAT/LON1/LON2/DLON/H
  604  665  695  724  737  750  774  814  867  912  946  963  973  977  971  960
  933  898  856  819  786  751  722  689  645  593  534  470  404  354  319  302
