data/unet/pred1240.15i
     1.0            IONOSPHERE MAPS     GNSS                IONEX VERSION / TYPE
pyspatialgeodesy        IME             05-JAN-18 20:20     PGM / RUN BY / DATE 
Map Name                                                    COMMENT             
Predicted global ionosphere maps (GIM).                     DESCRIPTION         
  2015     5     4     0     0     0                        EPOCH OF FIRST MAP  
  2015     5     5     0     0     0                        EPOCH OF LAST MAP   
  7200                                                      INTERVAL            
    13                                                      # OF MAPS IN FILE   
  NONE                                                      MAPPING FUNCTION    
10.0                                                        ELEVATION CUTOFF    
One-way carrier phase leveled to code                       OBSERVABLES USED    
  6371.0                                                    BASE RADIUS         
 2                                                          MAP DIMENSION       
   450.0 450.0   0.0                                        HGT1 / HGT2 / DHGT  
    87.5 -87.5  -2.5                                        LAT1 / LAT2 / DLAT  
  -180.0 180.0   5.0                                        LON1 / LON2 / DLON  
    -1                                                      EXPONENT            
                                                            END OF HEADER       
[from data line 4290]
    11                                                      START OF TEC MAP    
  2015     5     4    20     0     0                        EPOCH OF CURRENT MAP
    87.5-180.0 180.0   5.0 450.0                            LAT/LON1/LON2/DLON/H
  219  201  195  196  193  192  192  193  192  193  193  194  194  194  194  194
  194  193  193  192  191  189  188  185  184  182  180  179  177  176  174  174
  171  172  169  170  168  169  168  169  169  170  171  171  172  173  174  175
  176  177  178  179  180  181  181  182  182  183  182  183  182  184  182  183
  182  184  183  184  185  186  183  186  219                                   
    85.0-180.0 180.0   5.0 450.0                            LAT/LON1/LON2/DLON/H
  186  191  191  194  189  189  188  190  191  193  193  195  196  198  198  199
  199  199  199  198  197  194  192  189  187  184  182  178  177  174  172  169
  167  165  163  162  161  161  160  160  161  162  163  164  166  167  168  170
  171  174  174  177  178  180  181  183  183  185  183  185  184  185  183  184
  183  185  183  185  183  183  179  181  186                                   
    82.5-180.0 180.0   5.0 450.0                            LAT/LON1/LON2/DLON/H
  184  182  186  185  183  184  184  188  189  193  195  199  200  204  205  209
  208  211  209  210  207  207  202  201  195  194  188  186  179  177  170  169
  163  161  156  157  153  155  152  154  153  156  156  158  160  162  164  166
  169  172  173  176  178  181  182  184  185  187  187  189  188  189  187  188
  186  187  185  185  181  181  172  167  184                                   
    80.0-180.0 180.0   5.0 450.0                            LAT/LON1/LON2/DLON/H
  177  168  168  166  167  167  171  173  179  181  187  191  197  200  205  207
  210  211  213  211  210  207  205  199  196  189  185  177  173  165  162  154
  153  146  145  140  142  138  140  138  142  141  145  144  149  149  153  153
  158  159  163  164  168  169  173  173  177  176  179  178  180  179  179  177
  177  174  174  169  169  164  157  157  177                                   
    77.5-180.0 180.0   5.0 450.0                            LAT/LON1/LON2/DLON/H
  160  154  153  152  153  154  158  161  168  172  180  186  193  198  205  208
  211  213  214  213  211  208  204  200  194  188  182  176  169  162  156  150
  145  140  137  134  132  130  131  130  132  132  136  136  140  141  145  144
  149  148  153  152  157  156  161  161  164  164  167  167  169  168  169  167
  167  164  163  160  156  152  143  145  160                                   
    75.0-180.0 180.0   5.0 450.0                            LAT/LON1/LON2/DLON/H
  158  148  149  147  147  148  153  155  162  167  177  183  192  199  206  210
  214  215  217  215  214  211  209  204  199  193  188  181  174  166  161  153
  149  142  140  136  135  132  133  132  134  135  137  137  139  139  141  140
  142  141  143  142  144  144  147  148  151  154  157  159  161  162  164  163
  163  161  161  158  156  150  144  152  158                                   
    72.5-180.0 180.0   5.0 450.0                            LAT/LON1/LON2/DLON/H
  159  156  154  153  152  152  155  159  165  172  180  188  195  203  208  212
  214  215  215  214  213  211  208  205  200  197  191  186  179  173  166  161
  155  151  146  143  140  139  137  138  137  138  138  138  138  138  137  135
  135  133  133  130  131  130  132  133  137  140  144  148  152  155  157  158
  159  159  160  159  158  154  149  158  159                                   
    70.0-180.0 180.0   5.0 450.0                            LAT/LON1/LON2/DLON/H
  173  165  166  166  165  165  167  168  175  180  188  195  202  207  211  214
  214  214  214  213  212  210  209  205  203  199  196  190  186  179  175  167
  165  157  157  150  150  146  147  144  145  143  144  140  140  136  135  130
  129  124  122  118  118  116  118  119  123  127  132  138  143  148  152  154
  157  158  161  162  164  160  158  169  173                                   
    67.5-180.0 180.0   5.0 450.0                            LAT/LON1/LON2/DLON/H
  186  184  184  183  182  181  181  184  186  193  198  205  209  213  215  216
  215  213  212  211  210  209  208  206  203  202  198  194  189  185  180  176
  171  168  163  161  156  155  151  151  147  147  144  141  138  134  129  124
  120  115  111  107  105  103  104  106  110  115  121  128  134  140  145  150
  154  157  162  165  168  169  168  178  186                                   
    65.0-180.0 180.0   5.0 450.0                            LAT/LON1/LON2/DLON/H
  203  198  199  198  198  196  197  197  201  204  209  214  217  219  219  219
  217  214  213  211  211  210  209  207  206  203  201  197  194  189  187  182
  180  174  173  167  165  160  159  154  153  148  146  141  138  131  126  119
  116  109  106  100   99   96   96   97  101  105  112  119  128  134  142  147
  152  157  162  167  172  174  176  186  203                                   
    62.5-180.0 180.0   5.0 450.0                            LAT/LON1/LON2/DLON/H
  210  210  210  210  210  207  207  208  210  214  216  221  222  225  223  221
  218  215  214  212  211  211  210  209  207  204  201  198  196  193  191  188
  186  183  177  174  167  165  160  158  152  150  144  140  133  128  121  116
  110  106  100   96   93   91   91   91   95   98  105  112  121  128  137  142
  150  154  161  164  170  175  177  189  210                                   
    60.0-180.0 180.0   5.0 450.0                            LAT/LON1/LON2/DLON/H
  213  211  213  215  214  213  213  213  216  219  220  225  225  227  223  223
  219  217  214  213  213  212  212  210  207  205  202  200  199  198  198  197
  196  191  187  180  176  169  167  162  158  153  149  142  136  127  122  114
  110  104  101   96   95   92   92   92   95   96  104  110  120  127  138  144
  152  157  162  167  171  178  181  193  213                                   
    57.5-180.0 180.0   5.0 450.0                            LAT/LON1/LON2/DLON/H
  212  212  213  217  217  216  216  218  220  224  224  228  226  228  224  224
  220  217  215  214  213  212  212  209  208  204  203  201  202  202  206  205
  204  200  194  188  181  176  172  168  163  158  152  145  137  131  124  118
  112  108  105  100   99   96   97   96   98   99  104  109  118  125  136  143
  152  156  162  164  168  174  176  191  212                                   
    55.0-180.0 180.0   5.0 450.0                            LAT/LON1/LON2/DLON/H
  209  212  215  220  219  222  222  226  227  230  228  231  228  229  225  226
  221  220  215  215  213  213  212  211  209  208  206  207  209  213  217  217
  216  211  206  198  193  186  183  177  173  166  160  151  143  135  129  121
  117  113  111  107  106  105  105  104  106  105  109  111  118  125  137  145
  155  164  168  173  174  181  182  198  209                                   
    52.5-180.0 180.0   5.0 450.0                            LAT/LON1/LON2/DLON/H
  213  216  219  224  226  229  230  234  235  236  233  233  229  230  227  227
  223  219  216  213  213  212  212  210  210  208  211  212  217  221  226  227
  226  221  214  207  202  196  192  186  181  173  165  157  147  140  132  126
  121  118  117  114  113  112  113  112  113  112  113  114  119  125  137  147
  160  168  177  177  180  184  185  202  213                                   
    50.0-180.0 180.0   5.0 450.0                            LAT/LON1/LON2/DLON/H
  220  225  229  234  236  243  243  247  247  246  240  238  233  232  228  228
  224  219  215  213  211  212  212  213  213  215  217  221  226  230  234  235
  234  228  224  216  213  206  203  197  191  182  174  164  154  146  139  133
  129  126  125  123  123  121  123  121  123  121  120  120  123  129  140  153
  168  181  191  196  198  204  204  219  220                                   
    47.5-180.0 180.0   5.0 450.0                            LAT/LON1/LON2/DLON/H
  237  240  243  251  255  260  263  266  266  263  257  251  245  241  237  234
  230  224  218  215  214  214  216  217  219  221  225  228  233  236  239  239
  236  232  227  222  220  215  212  204  197  187  178  169  158  151  143  139
  135  133  132  130  130  130  130  130  130  130  127  126  126  132  142  157
  173  188  202  208  214  218  219  235  237                                   
    45.0-180.0 180.0   5.0 450.0                            LAT/LON1/LON2/DLON/H
  251  258  262  270  275  282  284  289  287  284  277  271  263  258  252  248
  241  232  226  223  221  222  224  226  227  230  233  236  239  241  243  241
  240  236  234  229  230  224  221  213  204  194  182  173  162  156  149  146
  143  142  141  139  138  137  139  138  139  137  135  131  131  134  145  158
  177  194  211  223  231  238  242  253  251                                   
    42.5-180.0 180.0   5.0 450.0                            LAT/LON1/LON2/DLON/H
  268  276  279  288  293  300  304  310  309  307  300  296  289  283  276  268
  260  249  242  237  235  236  237  237  238  239  242  244  245  244  242  242
  240  239  238  238  239  235  231  221  211  198  187  177  168  163  158  156
  152  151  148  146  143  143  143  143  143  143  140  137  134  137  144  158
  175  196  214  230  243  251  258  268  268                                   
    40.0-180.0 180.0   5.0 450.0                            LAT/LON1/LON2/DLON/H
  280  290  294  303  308  316  319  326  326  327  323  321  317  311  303  293
  283  271  263  259  257  256  255  252  251  251  253  253  253  250  249  246
  249  248  252  252  255  249  243  233  220  207  195  186  177  172  169  166
  164  162  159  155  153  150  150  149  150  149  147  142  140  140  146  157
  174  195  216  236  251  261  270  277  280                                   
    37.5-180.0 180.0   5.0 450.0                            LAT/LON1/LON2/DLON/H
  289  295  301  312  317  324  329  338  341  346  344  347  345  342  333  323
  310  297  289  284  282  279  277  271  267  266  266  266  263  262  259  261
  263  267  271  273  273  267  258  245  233  220  209  200  192  187  184  181
  177  174  170  165  160  157  155  156  155  154  152  149  145  143  146  154
  169  188  210  230  251  264  274  282  289                                   
    35.0-180.0 180.0   5.0 450.0                            LAT/LON1/LON2/DLON/H
  290  299  308  318  323  332  338  347  353  361  364  370  371  370  361  351
  337  325  317  314  311  308  302  295  289  288  288  290  289  287  287  288
  292  297  302  303  300  291  282  269  255  242  231  222  213  208  203  199
  193  188  183  177  173  168  167  163  163  160  159  155  152  149  149  155
  166  185  204  231  250  265  277  283  290                                   
    32.5-180.0 180.0   5.0 450.0                            LAT/LON1/LON2/DLON/H
  292  296  307  316  325  333  341  351  363  374  383  389  394  396  389  379
  366  354  347  342  340  334  327  317  312  311  313  318  319  322  321  326
  329  338  341  340  335  322  311  295  283  267  258  248  238  231  223  217
  209  203  197  192  186  184  180  177  174  169  165  160  157  152  152  154
  165  179  198  220  243  258  269  279  292                                   
    30.0-180.0 180.0   5.0 450.0                            LAT/LON1/LON2/DLON/H
  294  301  315  321  326  339  348  360  372  385  395  407  414  418  415  407
  392  381  372  369  365  359  349  340  334  338  343  351  355  358  361  367
  373  379  381  377  369  355  339  324  310  299  286  278  267  257  246  236
  227  220  213  207  201  198  194  189  185  179  175  167  164  157  156  159
  166  180  197  219  238  257  270  281  294                                   
    27.5-180.0 180.0   5.0 450.0                            LAT/LON1/LON2/DLON/H
  304  307  321  327  334  342  353  364  380  394  412  425  436  442  439  433
  420  407  396  391  388  380  371  360  358  362  372  382  388  395  402  414
  424  425  422  407  395  373  358  339  332  317  311  296  286  272  261  250
  241  234  230  228  222  216  210  203  197  192  185  177  170  164  161  165
  171  185  202  219  240  256  272  285  304                                   
    25.0-180.0 180.0   5.0 450.0                            LAT/LON1/LON2/DLON/H
  314  319  338  347  355  365  371  384  399  417  434  447  454  461  459  458
  447  435  422  415  410  402  391  382  380  389  402  417  429  437  449  456
  463  456  445  425  402  379  361  350  343  335  328  316  305  291  280  268
  261  247  242  233  230  220  213  200  194  183  184  178  181  176  175  177
  185  194  211  229  249  267  283  296  314                                   
    22.5-180.0 180.0   5.0 450.0                            LAT/LON1/LON2/DLON/H
  322  334  352  366  380  391  403  412  431  448  464  475  487  491  486  485
  477  466  455  444  436  425  413  406  408  420  440  456  470  477  487  491
  491  477  456  422  390  359  343  331  330  327  322  316  309  300  291  281
  265  254  247  242  237  229  221  211  203  195  186  182  180  183  185  193
  200  212  225  242  260  281  294  310  322                                   
    20.0-180.0 180.0   5.0 450.0                            LAT/LON1/LON2/DLON/H
  332  346  367  385  399  417  427  440  457  473  490  508  519  526  520  518
  509  498  484  474  464  451  441  436  442  458  475  489  505  506  513  506
  497  478  448  404  361  328  310  301  302  301  302  298  300  295  291  275
  266  254  251  245  240  231  227  217  212  203  199  192  190  185  190  195
  212  222  238  249  267  280  299  321  332                                   
    17.5-180.0 180.0   5.0 450.0                            LAT/LON1/LON2/DLON/H
  333  357  379  399  417  436  453  466  483  499  519  536  555  562  561  558
  553  541  527  512  501  487  481  476  482  494  512  526  536  534  530  517
  500  470  424  374  324  292  274  267  268  272  272  277  280  285  281  275
  266  261  254  249  240  233  225  221  216  212  206  202  197  195  196  205
  217  230  241  256  269  289  306  331  333                                   
    15.0-180.0 180.0   5.0 450.0                            LAT/LON1/LON2/DLON/H
  337  355  384  405  427  446  464  479  499  513  534  554  577  593  594  597
  590  583  568  552  537  524  517  512  522  533  551  556  560  548  537  515
  489  448  399  345  297  268  255  248  249  251  256  261  272  274  283  277
  277  266  260  248  240  228  223  217  215  209  207  202  197  191  193  200
  209  219  232  243  261  278  304  333  337                                   
    12.5-180.0 180.0   5.0 450.0                            LAT/LON1/LON2/DLON/H
  331  357  386  408  429  451  468  487  508  525  544  567  594  610  617  627
  630  626  612  600  588  574  568  559  561  571  579  579  572  555  533  507
  474  434  382  331  289  265  252  247  247  246  250  257  269  277  286  288
  284  276  261  248  232  222  212  212  206  205  201  198  195  192  193  192
  197  204  216  232  249  274  298  332  331                                   
    10.0-180.0 180.0   5.0 450.0                            LAT/LON1/LON2/DLON/H
  330  347  383  403  427  446  469  486  512  528  551  570  595  616  626  644
  651  651  641  634  624  612  601  590  589  592  593  583  574  546  524  490
  459  419  377  331  295  273  264  260  263  259  261  263  277  284  301  297
  298  277  262  237  222  204  198  195  195  190  189  187  186  178  173  169
  171  177  190  206  225  254  285  322  330                                   
     7.5-180.0 180.0   5.0 450.0                            LAT/LON1/LON2/DLON/H
  320  346  383  406  429  451  470  488  510  530  551  571  592  613  627  648
  662  670  664  660  653  646  633  621  614  611  599  588  570  546  518  491
