data/unet/pred3130.15i
     1.0            IONOSPHERE MAPS     GNSS                IONEX VERSION / TYPE
pyspatialgeodesy        IME             05-JAN-18 20:20     PGM / RUN BY / DATE 
Map Name                                                    COMMENT             
Predicted global ionosphere maps (GIM).                     DESCRIPTION         
  2015    11     9     0     0     0                        EPOCH OF FIRST MAP  
  2015    11    10     0     0     0                        EPOCH OF LAST MAP   
  7200                                                      INTERVAL            
    13                                                      # OF MAPS IN FILE   
  NONE                                                      MAPPING FUNCTION    
10.0                                                        ELEVATION CUTOFF    
One-way carrier phase leveled to code                       OBSERVABLES USED    
  6371.0                                                    BASE RADIUS         
 2                                                          MAP DIMENSION       
   450.0 450.0   0.0                                        HGT1 / HGT2 / DHGT  
    87.5 -87.5  -2.5                                        LAT1 / LAT2 / DLAT  
  -180.0 180.0   5.0                                        LON1 / LON2 / DLON  
    -1                                                      EXPONENT            
                                                            END OF HEADER       
[from data line 4290]
    11                                                      START OF TEC MAP    
  2015    11     9    20     0     0                        EPOCH OF CURRENT MAP
    87.5-180.0 180.0   5.0 450.0                            LAT/LON1/LON2/DLON/H
  120   87   69   72   71   73   73   75   75   77   77   80   79   81   80   82
   81   83   81   82   80   81   79   80   77   78   76   76   74   73   72   70
   69   68   67   66   65   64   63   62   62   62   61   60   60   60   60   60
   60   61   60   61   61   62   62   62   62   63   63   63   63   64   63   64
   63   64   64   64   67   68   65  109  120                                   
    85.0-180.0 180.0   5.0 450.0                            LAT/LON1/LON2/DLON/H
   60   58   55   61   61   62   62   64   66   68   70   72   74   75   76   77
   78   79   78   79   77   78   76   76   73   73   70   69   66   65   63   61
   59   58   56   54   53   51   51   49   49   47   48   46   48   47   49   48
   50   49   52   50   53   52   54   53   55   54   56   54   56   54   55   54
   55   53   54   53   56   54   55   76   60                                   
    82.5-180.0 180.0   5.0 450.0                            LAT/LON1/LON2/DLON/H
   55   54   53   56   56   58   58   63   64   68   69   73   74   78   78   83
   82   86   83   86   83   86   81   83   77   79   74   75   69   71   65   66
   60   62   56   58   52   54   48   50   44   46   42   45   41   44   41   44
   42   45   44   46   46   48   47   49   48   51   49   51   50   51   50   51
   49   51   48   51   49   49   45   54   55                                   
    80.0-180.0 180.0   5.0 450.0                            LAT/LON1/LON2/DLON/H
   54   46   47   47   50   51   55   58   63   66   72   74   80   81   86   86
   90   89   91   90   90   88   87   85   83   81   79   77   74   72   70   67
   64   62   60   57   55   52   50   48   46   44   42   41   40   39   39   39
   41   40   43   41   45   44   47   45   49   46   50   47   50   47   50   45
   48   44   45   41   43   40   38   44   54                                   
    77.5-180.0 180.0   5.0 450.0                            LAT/LON1/LON2/DLON/H
   48   40   38   39   42   42   48   50   56   59   67   68   76   76   83   82
   86   85   87   85   85   82   82   79   78   75   74   72   70   68   68   65
   63   62   61   58   56   54   51   49   46   44   42   41   39   39   40   40
   41   41   43   44   45   46   47   47   48   48   49   48   48   47   47   45
   44   42   40   39   37   34   33   35   48                                   
    75.0-180.0 180.0   5.0 450.0                            LAT/LON1/LON2/DLON/H
   48   38   37   37   40   41   47   49   57   61   70   72   81   83   89   88
   91   88   89   84   84   81   81   77   76   75   75   73   72   71   71   69
   68   67   66   64   62   60   58   56   52   51   48   47   45   45   46   46
   47   48   50   51   52   53   53   53   53   53   54   53   53   51   51   48
   48   45   44   40   41   36   38   40   48                                   
    72.5-180.0 180.0   5.0 450.0                            LAT/LON1/LON2/DLON/H
   53   47   44   44   45   47   51   54   62   66   76   80   89   91   96   95
   96   93   90   86   83   81   78   76   74   74   73   73   72   73   72   74
   71   73   69   70   67   67   63   62   56   56   50   50   46   48   46   49
   49   52   53   55   55   56   55   55   53   54   53   54   52   53   51   50
   48   47   45   44   42   39   40   42   53                                   
    70.0-180.0 180.0   5.0 450.0                            LAT/LON1/LON2/DLON/H
   62   51   52   50   52   52   59   60   71   74   87   91  101  103  108  106
  106  100   95   89   85   82   77   75   73   73   72   71   71   70   71   71
   71   71   71   69   68   66   65   62   58   55   51   49   47   48   49   50
   53   54   57   56   57   55   56   53   54   52   53   52   53   51   52   48
   49   46   47   42   45   41   46   50   62                                   
    67.5-180.0 180.0   5.0 450.0                            LAT/LON1/LON2/DLON/H
   66   63   61   61   62   63   68   72   80   87   99  105  114  117  120  119
  116  110  103   97   92   87   82   79   75   73   70   69   66   65   64   65
   63   66   63   66   62   64   59   59   52   51   46   45   42   44   44   48
   49   53   52   54   51   51   48   48   45   46   44   46   44   46   44   44
   42   41   40   40   41   41   46   52   66                                   
    65.0-180.0 180.0   5.0 450.0                            LAT/LON1/LON2/DLON/H
   70   65   68   67   71   71   80   81   93  100  114  120  130  132  135  132
  130  122  116  107  103   96   90   83   77   70   65   60   58   56   55   54
   54   54   54   54   54   53   52   49   46   44   40   38   37   38   40   42
   45   47   48   46   45   42   41   38   38   36   38   37   39   37   38   35
   36   33   35   33   38   37   46   57   70                                   
    62.5-180.0 180.0   5.0 450.0                            LAT/LON1/LON2/DLON/H
   68   70   70   74   78   80   87   91  102  111  124  133  142  146  148  145
  143  135  129  121  116  109  100   92   82   72   63   56   51   48   45   45
   43   44   42   44   42   43   41   40   36   36   31   31   29   31   32   36
   37   40   38   38   34   33   29   29   27   28   27   29   28   29   27   25
   23   23   23   24   27   31   41   52   68                                   
    60.0-180.0 180.0   5.0 450.0                            LAT/LON1/LON2/DLON/H
   66   65   70   74   80   84   95   98  112  120  135  142  153  153  159  154
  154  147  144  134  131  120  112   97   86   71   60   51   45   43   41   40
   39   37   36   35   35   34   34   33   31   30   28   26   26   26   27   29
   31   31   31   28   26   23   22   20   22   21   23   22   24   22   22   18
   18   16   18   17   25   26   39   51   66                                   
    57.5-180.0 180.0   5.0 450.0                            LAT/LON1/LON2/DLON/H
   63   69   71   78   86   91  100  105  117  127  139  149  157  162  166  166
  167  161  160  152  147  136  125  109   93   77   64   54   48   44   43   42
   40   37   35   33   33   31   31   31   30   29   27   27   25   26   25   26
   25   26   24   23   20   19   18   18   19   21   21   22   20   19   17   14
   13   12   14   16   22   27   38   47   63                                   
    55.0-180.0 180.0   5.0 450.0                            LAT/LON1/LON2/DLON/H
   66   69   75   83   93  100  111  116  128  136  149  156  166  169  174  174
  177  175  174  169  163  153  142  124  108   89   78   66   60   57   55   55
   51   47   42   39   37   35   35   35   35   35   34   34   32   30   28   27
   25   25   23   22   20   20   20   21   23   25   25   25   23   21   19   16
   16   15   20   21   28   31   45   51   66                                   
    52.5-180.0 180.0   5.0 450.0                            LAT/LON1/LON2/DLON/H
   73   83   87   98  107  113  122  128  138  145  154  162  169  174  179  182
  187  189  190  187  180  167  155  137  120  104   91   83   77   74   72   70
   64   59   53   47   44   42   41   42   43   44   44   44   42   39   36   34
   29   29   27   27   26   27   29   32   34   36   35   33   30   27   23   20
   21   21   27   29   37   42   54   58   73                                   
    50.0-180.0 180.0   5.0 450.0                            LAT/LON1/LON2/DLON/H
   90   97  107  116  128  136  145  150  158  164  171  176  181  183  187  190
  195  199  202  202  195  185  171  156  139  124  113  103  100   93   91   87
   80   72   65   59   54   51   51   52   54   56   57   57   55   51   47   43
   39   38   37   38   37   41   42   47   48   49   47   45   40   37   33   31
   32   33   40   44   52   55   70   73   90                                   
    47.5-180.0 180.0   5.0 450.0                            LAT/LON1/LON2/DLON/H
  110  125  134  147  155  162  168  174  179  183  184  187  189  190  195  199
  204  210  215  216  210  200  185  171  157  144  134  125  118  111  104   97
   88   80   73   66   63   60   61   62   64   66   68   68   66   62   57   54
   50   50   49   51   51   55   58   62   64   63   60   56   51   47   43   40
   41   43   51   57   66   73   86   91  110                                   
    45.0-180.0 180.0   5.0 450.0                            LAT/LON1/LON2/DLON/H
  139  156  170  181  189  197  202  206  208  210  208  209  208  208  210  212
  216  220  224  225  220  213  200  190  177  167  157  145  135  120  111  101
   90   82   75   70   68   67   68   70   72   74   76   76   74   71   67   64
   62   63   63   65   66   70   72   76   75   75   70   67   60   56   52   50
   52   53   63   70   82   90  107  114  139                                   
    42.5-180.0 180.0   5.0 450.0                            LAT/LON1/LON2/DLON/H
  161  185  196  209  218  225  230  232  234  234  230  229  228  226  227  226
  230  231  235  235  231  227  214  207  195  185  173  157  141  120  105   92
   83   74   70   68   70   71   74   75   78   79   81   80   79   76   73   72
   70   73   73   76   77   81   83   84   84   81   76   71   66   62   58   55
   55   56   65   74   87  100  117  131  161                                   
    40.0-180.0 180.0   5.0 450.0                            LAT/LON1/LON2/DLON/H
  185  208  222  234  242  251  255  257  256  254  254  253  251  250  246  245
  246  245  246  245  242  237  228  222  211  201  186  165  141  113   95   84
   73   68   65   69   74   78   82   81   82   80   82   81   80   77   76   75
   77   79   81   82   84   85   88   87   87   84   78   74   69   66   63   59
   58   58   67   74   91  106  130  145  185                                   
    37.5-180.0 180.0   5.0 450.0                            LAT/LON1/LON2/DLON/H
  195  221  230  250  259  267  271  274  275  272  273  272  272  269  268  264
  264  261  261  258  254  250  241  236  224  213  193  167  136  106   89   77
   71   66   70   75   86   90   95   92   89   85   85   83   82   79   77   78
   78   81   82   84   85   86   89   87   87   84   78   75   70   67   62   58
   54   52   59   68   84  103  126  150  195                                   
    35.0-180.0 180.0   5.0 450.0                            LAT/LON1/LON2/DLON/H
  203  226  240  257  266  276  282  285  288  286  289  287  289  287  285  283
  281  276  274  270  265  260  252  246  234  221  198  169  137  109   94   88
   84   85   88   98  108  115  113  107   99   92   89   85   84   81   80   79
   80   81   83   83   85   85   88   86   86   83   78   76   71   69   66   60
   55   51   58   65   83  103  134  156  203                                   
    32.5-180.0 180.0   5.0 450.0                            LAT/LON1/LON2/DLON/H
  200  228  240  257  269  276  285  293  296  298  299  299  303  302  302  301
  299  295  291  286  281  273  263  256  241  227  202  175  146  126  119  116
  119  119  126  132  143  146  142  128  117  104   99   93   91   86   83   80
   80   79   79   79   81   82   86   85   87   84   80   78   75   73   69   64
   56   52   55   63   80  103  130  159  200                                   
    30.0-180.0 180.0   5.0 450.0                            LAT/LON1/LON2/DLON/H
  200  227  238  258  266  277  284  293  299  301  305  307  310  311  312  312
  312  308  306  302  296  287  274  264  249  234  214  192  174  164  164  173
  176  179  179  183  185  185  173  157  137  123  115  108  104   98   93   90
   86   83   80   80   80   84   87   90   91   90   85   84   79   79   74   70
   64   61   67   73   92  115  146  168  200                                   
    27.5-180.0 180.0   5.0 450.0                            LAT/LON1/LON2/DLON/H
  197  224  239  254  268  274  287  294  306  313  316  320  321  322  323  325
  324  325  322  322  314  303  286  272  257  245  231  221  215  218  237  251
  265  256  249  234  228  219  205  182  161  142  133  124  118  110  104   99
   93   88   81   79   79   83   88   91   94   92   90   86   83   83   80   77
   71   71   76   88  106  130  152  182  197                                   
    25.0-180.0 180.0   5.0 450.0                            LAT/LON1/LON2/DLON/H
  206  231  244  263  270  285  294  308  316  328  332  336  338  333  332  333
  333  334  334  335  328  315  297  282  271  264  262  261  273  291  317  337
  344  327  300  275  254  241  224  202  179  164  153  145  135  130  122  118
  108  101   90   85   83   86   93   97   99   98   94   91   87   85   84   82
   81   85   95  108  132  154  178  200  206                                   
    22.5-180.0 180.0   5.0 450.0                            LAT/LON1/LON2/DLON/H
  214  239  255  270  281  293  309  323  336  345  354  357  359  355  350  348
  346  346  346  348  340  326  308  295  290  292  304  317  341  361  394  404
  410  382  346  301  273  253  236  216  195  181  172  163  155  148  141  136
  125  115  102   95   90   93   96  100   99   98   94   89   87   85   85   86
   85   94  106  125  151  175  194  223  214                                   
    20.0-180.0 180.0   5.0 450.0                            LAT/LON1/LON2/DLON/H
  235  257  276  294  306  330  347  369  373  383  383  387  384  379  373  365
  358  354  351  352  342  332  318  313  318  332  353  369  397  414  437  437
  430  400  361  310  275  252  240  220  206  193  188  180  171  164  156  149
  138  127  115  107  100  101  103  104  103   98   92   87   85   81   83   82
   87  100  118  140  167  189  212  236  235                                   
    17.5-180.0 180.0   5.0 450.0                            LAT/LON1/LON2/DLON/H
  246  277  302  326  340  364  379  400  408  420  423  425  421  408  402  389
  384  371  364  360  353  344  339  341  357  374  400  418  442  453  464  462
  447  408  365  312  269  252  241  229  215  208  203  194  186  177  171  162
  153  139  128  116  110  107  108  107  103   99   91   88   83   80   81   81
   84   97  117  144  174  198  219  246  246                                   
    15.0-180.0 180.0   5.0 450.0                            LAT/LON1/LON2/DLON/H
  269  301  332  363  380  409  430  459  466  480  473  480  463  451  437  420
  410  394  380  369  362  358  362  373  393  412  443  456  468  472  470  460
  443  401  353  296  264  251  246  236  233  226  223  210  200  188  180  173
  161  148  135  124  116  114  113  110  105   98   90   83   80   76   77   77
   82   96  117  145  175  200  228  248  269                                   
    12.5-180.0 180.0   5.0 450.0                            LAT/LON1/LON2/DLON/H
  280  322  361  397  423  453  472  497  512  525  527  523  510  495  480  457
  445  424  407  391  381  381  390  407  432  455  480  489  492  488  480  471
  445  399  338  290  264  258  254  252  253  250  244  229  216  199  190  177
  167  150  140  127  122  117  115  110  104   97   87   82   77   76   74   75
   77   90  110  140  170  200  226  255  280                                   
    10.0-180.0 180.0   5.0 450.0                            LAT/LON1/LON2/DLON/H
  297  337  377  416  446  476  496  521  538  559  563  571  553  544  520  498
  477  454  430  415  404  409  422  443  467  489  506  509  502  492  480  459
  432  385  335  294  276  272  272  276  278  276  264  247  227  211  195  184
  169  156  143  132  125  120  116  109  104   93   86   77   75   73   73   71
   72   84  104  133  162  189  224  251  297                                   
     7.5-180.0 180.0   5.0 450.0                            LAT/LON1/LON2/DLON/H
  301  349  386  424  458  487  511  530  553  575  592  598  594  580  562  537
  516  491  464  445  434  441  456  476  502  522  530  529  519  510  491  472
