data/unet/pred0490.15i
     1.0            IONOSPHERE MAPS     GNSS                IONEX VERSION / TYPE
pyspatialgeodesy        IME             05-JAN-18 20:20     PGM / RUN BY / DATE 
Map Name                                                    COMMENT             
Predicted global ionosphere maps (GIM).                     DESCRIPTION         
  2015     2    18     0     0     0                        EPOCH OF FIRST MAP  
  2015     2    19     0     0     0                        EPOCH OF LAST MAP   
  7200                                                      INTERVAL            
    13                                                      # OF MAPS IN FILE   
  NONE                                                      MAPPING FUNCTION    
10.0                                                        ELEVATION CUTOFF    
One-way carrier phase leveled to code                       OBSERVABLES USED    
  6371.0                                                    BASE RADIUS         
 2                                                          MAP DIMENSION       
   450.0 450.0   0.0                                        HGT1 / HGT2 / DHGT  
    87.5 -87.5  -2.5                                        LAT1 / LAT2 / DLAT  
  -180.0 180.0   5.0                                        LON1 / LON2 / DLON  
    -1                                                      EXPONENT            
                                                            END OF HEADER       
[from data line 3861]
    10                                                      START OF TEC MAP    
  2015     2    18    18     0     0                        EPOCH OF CURRENT MAP
    87.5-180.0 180.0   5.0 450.0                            LAT/LON1/LON2/DLON/H
  181  144  150  150  152  149  153  152  156  155  159  159  159  160  160  161
  160  160  161  161  160  159  159  157  156  153  154  150  150  145  146  141
  142  136  137  131  133  126  129  123  126  120  124  119  123  118  123  120
  125  122  128  126  132  130  136  135  140  139  144  142  146  144  148  145
  148  145  148  147  152  149  150  150  181                                   
    85.0-180.0 180.0   5.0 450.0                            LAT/LON1/LON2/DLON/H
  132  128  134  139  138  141  141  146  145  151  149  155  152  157  154  158
  154  160  155  158  154  157  153  154  150  151  147  145  142  140  137  136
  132  130  126  125  121  119  117  115  114  112  112  111  111  110  110  112
  113  115  116  119  120  124  125  129  130  133  134  137  137  138  137  138
  136  137  134  136  137  134  134  142  132                                   
    82.5-180.0 180.0   5.0 450.0                            LAT/LON1/LON2/DLON/H
  114  103  115  115  117  119  123  126  130  132  136  138  141  143  146  148
  150  152  152  152  152  153  152  151  149  150  145  144  138  137  130  129
  123  121  117  116  111  111  106  106  102  103  101  103  100  102  102  105
  106  109  111  115  117  121  122  126  126  129  130  132  131  132  131  130
  127  126  122  121  119  112  110  108  114                                   
    80.0-180.0 180.0   5.0 450.0                            LAT/LON1/LON2/DLON/H
   98   89   92   92   96  100  105  110  115  118  123  127  132  137  140  146
  147  153  151  156  154  158  153  154  151  150  145  144  137  135  129  126
  119  116  110  109  103  103   96   97   90   93   87   91   86   91   89   95
   94  101  101  108  109  115  115  120  119  124  123  125  124  124  122  120
  116  112  108  103  102   92   91   91   98                                   
    77.5-180.0 180.0   5.0 450.0                            LAT/LON1/LON2/DLON/H
   76   66   73   74   77   82   87   94   98  105  110  118  123  132  137  145
  147  153  153  158  155  157  153  152  147  146  142  140  134  133  128  125
  119  116  112  110  104  103   97   97   89   90   86   89   84   88   87   92
   93   98  102  108  111  115  118  120  122  123  124  123  123  120  119  115
  111  106  101   94   90   79   75   73   76                                   
    75.0-180.0 180.0   5.0 450.0                            LAT/LON1/LON2/DLON/H
   64   55   57   61   65   72   76   85   91   98  107  115  124  133  140  147
  151  155  157  159  157  157  153  150  146  144  141  141  136  136  131  130
  123  122  116  115  108  106   98   97   89   89   84   86   82   87   85   92
   91   99  100  109  110  117  117  122  121  125  122  124  119  119  113  111
  104   99   92   86   79   68   66   67   64                                   
    72.5-180.0 180.0   5.0 450.0                            LAT/LON1/LON2/DLON/H
   58   50   52   57   58   66   70   79   87   95  105  115  124  135  143  152
  156  161  164  167  165  164  160  155  151  146  145  141  140  138  137  133
  130  128  123  121  115  112  105  102   95   94   89   90   88   91   90   95
   97  102  104  109  112  115  117  120  121  122  122  120  118  114  110  105
  100   94   88   81   74   64   62   61   58                                   
    70.0-180.0 180.0   5.0 450.0                            LAT/LON1/LON2/DLON/H
   61   55   52   60   63   70   75   84   92  102  113  123  133  143  153  162
  166  174  173  181  175  177  167  165  155  152  145  144  141  141  140  139
  138  136  132  128  123  117  111  106   99   95   91   91   90   92   91   97
   96  102  101  109  106  113  110  117  114  118  114  117  111  112  106  104
   97   93   86   81   73   62   60   65   61                                   
    67.5-180.0 180.0   5.0 450.0                            LAT/LON1/LON2/DLON/H
   65   59   59   66   69   77   82   93  101  112  122  134  144  155  165  175
  181  190  195  203  202  199  192  180  171  160  155  150  148  146  146  142
  141  137  134  129  122  116  110  105   99   96   92   91   90   91   90   94
   93   96   96   99   99  100  101  103  104  106  107  107  106  103  102   97
   94   89   85   79   74   67   62   64   65                                   
    65.0-180.0 180.0   5.0 450.0                            LAT/LON1/LON2/DLON/H
   68   65   61   70   74   83   90  103  113  125  135  148  160  172  181  189
  198  209  217  225  224  223  211  204  186  176  163  161  156  156  154  152
  150  146  139  133  124  116  109  105   98   94   89   89   86   88   85   88
   85   89   85   89   84   89   86   92   88   95   92   97   93   95   91   91
   87   85   81   77   72   66   62   67   68                                   
    62.5-180.0 180.0   5.0 450.0                            LAT/LON1/LON2/DLON/H
   66   62   64   70   79   86   99  109  125  136  151  164  179  191  199  209
  217  231  241  249  252  249  241  226  211  194  184  175  172  169  169  164
  162  153  146  136  124  114  106   99   93   87   84   81   81   78   77   76
   75   74   71   71   69   70   69   71   73   75   78   80   82   81   82   78
   78   74   73   69   66   65   60   62   66                                   
    60.0-180.0 180.0   5.0 450.0                            LAT/LON1/LON2/DLON/H
   62   58   59   65   74   83   96  112  132  148  166  181  196  208  217  224
  233  245  255  262  262  261  251  239  220  207  193  190  186  187  185  182
  176  167  157  143  131  118  108  100   93   87   84   79   78   73   71   68
   66   64   63   61   59   60   60   63   64   68   69   73   72   73   71   70
   69   69   67   64   60   60   58   57   62                                   
    57.5-180.0 180.0   5.0 450.0                            LAT/LON1/LON2/DLON/H
   56   50   55   60   70   82   98  117  142  160  182  195  212  221  234  238
  247  258  268  273  271  270  261  252  235  223  214  213  214  217  217  211
  203  189  175  159  141  126  113  102   95   88   84   79   76   69   67   62
   60   56   57   54   55   52   54   56   59   62   66   68   69   67   67   64
   63   61   61   56   56   56   54   52   56                                   
    55.0-180.0 180.0   5.0 450.0                            LAT/LON1/LON2/DLON/H
   56   49   52   56   69   85  100  123  150  172  195  210  228  234  248  249
  261  267  276  279  277  273  264  256  242  235  228  233  237  246  245  242
  231  214  197  176  158  139  125  112  105   97   93   86   83   74   73   65
   64   59   60   58   59   59   61   62   64   68   69   71   70   69   66   64
   61   61   60   58   56   56   58   54   56                                   
    52.5-180.0 180.0   5.0 450.0                            LAT/LON1/LON2/DLON/H
   59   53   56   59   76   88  113  135  166  191  213  231  246  253  267  270
  281  283  290  289  286  278  270  261  252  247  247  256  266  273  276  273
  260  241  217  197  174  155  140  128  119  112  105   99   93   84   80   75
   74   69   70   68   69   68   70   71   75   77   79   80   78   76   73   69
   67   66   66   63   63   63   64   60   59                                   
    50.0-180.0 180.0   5.0 450.0                            LAT/LON1/LON2/DLON/H
   73   66   67   71   82  102  120  150  182  212  233  253  267  274  287  290
  301  298  308  300  301  287  279  268  262  261  264  278  289  299  298  294
  279  256  233  210  190  171  158  145  138  129  124  114  110   99   98   91
   93   86   90   85   88   86   89   90   92   94   94   93   89   87   82   80
   77   78   77   79   77   77   78   77   73                                   
    47.5-180.0 180.0   5.0 450.0                            LAT/LON1/LON2/DLON/H
   90   86   86   90  105  121  145  174  206  236  253  274  283  295  305  311
  320  321  324  322  314  304  291  281  275  274  280  292  302  310  310  303
  284  262  239  220  199  184  171  161  153  146  139  133  125  119  114  112
  112  109  109  107  106  105  105  106  107  109  108  107  101   99   95   93
   91   92   95   97   98   96   95   97   90                                   
    45.0-180.0 180.0   5.0 450.0                            LAT/LON1/LON2/DLON/H
  108  108  106  114  123  144  167  200  231  257  277  293  304  314  324  329
  339  338  343  335  332  316  306  294  290  286  293  303  310  312  307  295
  272  251  232  213  199  186  177  170  164  157  153  144  141  130  132  125
  130  123  127  120  122  118  118  119  119  121  118  116  110  108  105  105
  104  109  111  116  118  115  116  117  108                                   
    42.5-180.0 180.0   5.0 450.0                            LAT/LON1/LON2/DLON/H
  117  122  123  131  147  166  193  225  253  280  295  313  322  330  338  341
  351  347  352  346  339  330  315  309  301  297  301  306  309  306  295  277
  258  240  223  210  198  190  182  177  171  165  160  154  148  142  139  138
  137  136  132  130  125  123  120  121  121  121  118  117  112  111  111  112
  114  117  123  126  131  130  130  129  117                                   
    40.0-180.0 180.0   5.0 450.0                            LAT/LON1/LON2/DLON/H
  124  130  136  153  167  188  212  244  274  297  315  328  340  348  356  358
  364  359  360  353  350  338  329  320  314  307  310  308  307  296  282  261
  247  231  226  212  208  200  194  189  180  174  169  161  157  149  148  142
  143  136  136  128  124  120  118  119  118  120  116  116  112  114  115  117
  120  124  127  130  133  133  134  130  124                                   
    37.5-180.0 180.0   5.0 450.0                            LAT/LON1/LON2/DLON/H
  115  125  134  151  174  192  221  250  280  306  323  339  350  359  368  369
  375  366  369  359  359  349  344  334  328  320  319  313  307  294  278  264
  254  246  244  238  232  225  216  208  197  187  178  169  163  154  151  145
  141  134  128  121  115  111  110  110  109  111  108  110  107  110  112  114
  118  119  123  123  126  125  127  124  115                                   
    35.0-180.0 180.0   5.0 450.0                            LAT/LON1/LON2/DLON/H
  107  114  127  153  174  198  223  255  287  313  336  352  371  380  390  388
  388  379  374  365  364  356  353  341  338  324  329  316  317  299  296  284
  288  285  289  281  275  260  248  232  218  207  196  188  180  172  166  159
  151  140  131  120  114  109  109  109  109  110  108  109  109  111  114  113
  117  115  116  114  114  112  111  110  107                                   
    32.5-180.0 180.0   5.0 450.0                            LAT/LON1/LON2/DLON/H
   90   99  112  136  167  188  222  250  283  311  341  362  382  393  403  399
  401  386  385  373  373  366  363  355  350  341  343  337  341  334  337  341
  349  355  360  348  338  313  293  268  250  234  219  212  202  193  185  173
  164  148  138  125  122  116  118  117  118  118  116  117  114  116  116  118
  116  116  111  106  105   98   98   96   90                                   
    30.0-180.0 180.0   5.0 450.0                            LAT/LON1/LON2/DLON/H
   83   87  103  127  158  188  217  251  283  315  350  375  402  412  423  419
  415  403  395  381  376  371  368  358  357  351  361  364  375  380  392  409
  425  436  435  423  402  372  342  311  281  264  253  244  235  229  218  210
  195  183  168  158  151  147  148  145  145  140  138  132  133  133  135  132
  131  124  116  106   97   91   86   83   83                                   
    27.5-180.0 180.0   5.0 450.0                            LAT/LON1/LON2/DLON/H
   78   91  110  133  163  193  224  253  284  317  357  386  413  426  439  433
  434  418  416  399  398  383  385  373  376  374  389  402  424  440  464  488
  514  524  525  502  472  434  397  365  329  309  293  288  282  274  263  252
  237  221  206  195  187  184  180  176  170  160  154  146  143  139  141  139
  139  130  122  109  102   93   89   78   78                                   
    25.0-180.0 180.0   5.0 450.0                            LAT/LON1/LON2/DLON/H
   91  100  119  144  174  210  235  266  293  327  368  397  424  440  450  452
  446  439  431  419  411  400  395  392  398  406  431  459  488  518  532  568
  584  615  607  589  537  490  439  402  362  345  330  333  327  326  314  305
  284  270  253  249  246  250  243  236  221  207  192  178  166  155  152  146
  145  133  127  114  100   96   95   86   91                                   
    22.5-180.0 180.0   5.0 450.0                            LAT/LON1/LON2/DLON/H
  114  129  155  183  211  243  265  289  314  349  382  408  428  445  454  460
  457  450  442  434  432  415  414  412  422  441  476  516  563  591  618  650
  686  705  701  665  612  538  485  438  395  373  353  359  355  366  354  353
  336  329  312  314  308  310  297  286  260  246  220  212  196  187  180  173
  171  158  149  133  122  116  109  106  114                                   
    20.0-180.0 180.0   5.0 450.0                            LAT/LON1/LON2/DLON/H
  144  146  184  210  247  274  294  316  335  373  396  432  441  466  468  486
  476  476  459  454  440  436  430  440  456  487  529  581  622  656  683  717
  740  759  742  714  645  572  504  447  401  375  362  363  369  375  377  375
  367  362  353  350  350  358  344  328  299  276  250  233  214  203  196  192
  188  182  170  156  145  137  125  122  144                                   
    17.5-180.0 180.0   5.0 450.0                            LAT/LON1/LON2/DLON/H
  159  170  204  245  279  302  325  339  366  389  419  441  460  478  493  505
  506  499  485  474  466  458  460  470  497  534  588  642  681  710  729  759
  773  775  754  718  655  583  514  453  405  379  367  374  379  391  391  400
  393  398  392  395  396  404  387  371  340  310  277  255  229  219  203  205
  200  202  190  180  161  158  145  140  159                                   
    15.0-180.0 180.0   5.0 450.0                            LAT/LON1/LON2/DLON/H
  171  177  223  255  299  329  350  366  391  421  443  482  487  517  522  548
  545  549  530  519  500  495  489  504  529  574  629  675  718  739  762  781
  777  763  734  698  642  581  515  456  412  386  378  380  387  390  401  400
  409  411  419  421  424  415  404  377  353  315  287  257  235  221  209  209
  209  210  198  186  167  164  153  147  171                                   
    12.5-180.0 180.0   5.0 450.0                            LAT/LON1/LON2/DLON/H
  168  180  223  265  303  339  367  390  419  445  474  498  519  539  559  576
  592  587  578  557  542  530  530  546  578  620  673  711  741  760  771  773
  755  731  699  670  621  573  510  466  420  404  391  391  384  385  385  392
  397  406  411  421  414  411  393  371  348  321  298  270  246  227  213  210
  210  210  199  186  170  161  144  144  168                                   
    10.0-180.0 180.0   5.0 450.0                            LAT/LON1/LON2/DLON/H
  162  176  221  263  306  345  373  408  446  468  493  520  544  569  587  606
  620  621  604  586  564  555  556  579  611  657  700  734  752  761  759  752
  730  704  670  643  608  566  517  473  435  418  405  394  384  370  373  367
  384  388  410  408  407  387  381  353  344  315  305  275  256  230  215  204
  205  203  194  182  163  154  136  135  162                                   
     7.5-180.0 180.0   5.0 450.0                            LAT/LON1/LON2/DLON/H
  142  161  207  260  302  343  379  415  460  487  515  540  570  590  612  627
  642  640  629  614  599  592  600  619  658  691  728  749  755  756  745  738
