data/unet/pred2390.15i
     1.0            IONOSPHERE MAPS     GNSS                IONEX VERSION / TYPE
pyspatialgeodesy        IME             05-JAN-18 20:20     PGM / RUN BY / DATE 
Map Name                                                    COMMENT             
Predicted global ionosphere maps (GIM).                     DESCRIPTION         
  2015     8    27     0     0     0                        EPOCH OF FIRST MAP  
  2015     8    28     0     0     0                        EPOCH OF LAST MAP   
  7200                                                      INTERVAL            
    13                                                      # OF MAPS IN FILE   
  NONE                                                      MAPPING FUNCTION    
10.0                                                        ELEVATION CUTOFF    
One-way carrier phase leveled to code                       OBSERVABLES USED    
  6371.0                                                    BASE RADIUS         
 2                                                          MAP DIMENSION       
   450.0 450.0   0.0                                        HGT1 / HGT2 / DHGT  
    87.5 -87.5  -2.5                                        LAT1 / LAT2 / DLAT  
  -180.0 180.0   5.0                                        LON1 / LON2 / DLON  
    -1                                                      EXPONENT            
                                                            END OF HEADER       
[from data line 858]
     3                                                      START OF TEC MAP    
  2015     8    27     4     0     0                        EPOCH OF CURRENT MAP
    87.5-180.0 180.0   5.0 450.0                            LAT/LON1/LON2/DLON/H
  125  131  115  113  115  113  115  114  117  115  117  115  117  116  117  116
  117  116  116  115  115  114  114  112  112  111  111  110  109  109  108  107
  107  107  106  106  106  105  106  104  106  104  106  104  106  104  106  105
  107  106  108  107  109  108  110  108  111  109  111  109  112  110  112  110
  112  111  114  113  115  110  127  130  125                                   
    85.0-180.0 180.0   5.0 450.0                            LAT/LON1/LON2/DLON/H
  135  131  113  118  117  117  115  118  116  119  115  119  115  119  115  118
  114  117  113  116  111  114  109  111  106  109  104  106  102  104  101  103
  101  103  101  102  101  102  101  101  101  102  101  102  102  103  103  105
  106  108  108  109  110  111  111  112  112  114  113  114  114  115  114  115
  114  115  115  116  116  112  121  129  135                                   
    82.5-180.0 180.0   5.0 450.0                            LAT/LON1/LON2/DLON/H
  121  116  109  117  111  113  111  114  112  113  111  113  111  112  109  110
  108  107  105  104  102  101   99   97   95   94   92   91   89   89   88   89
   87   89   87   90   88   90   87   90   87   91   87   92   90   95   92   98
   96  102   99  105  104  108  107  110  110  112  112  113  113  114  114  114
  113  114  114  115  113  111  120  119  121                                   
    80.0-180.0 180.0   5.0 450.0                            LAT/LON1/LON2/DLON/H
  123  119  115  118  116  115  116  117  116  116  115  116  115  115  113  114
  112  111  108  107  104  102   99   97   94   91   89   87   85   84   83   83
   83   84   85   86   87   88   88   89   89   90   90   92   92   94   95   98
  100  103  105  108  111  113  115  117  119  120  121  121  122  121  122  121
  121  120  120  119  117  110  118  118  123                                   
    77.5-180.0 180.0   5.0 450.0                            LAT/LON1/LON2/DLON/H
  125  117  113  117  112  111  111  111  110  110  110  110  108  109  107  109
  106  107  103  103   98   96   91   88   84   80   77   75   73   71   71   71
   72   73   75   77   79   79   81   82   83   83   84   85   87   89   91   95
   98  101  106  110  115  118  122  123  125  126  126  126  125  125  124  124
  123  123  123  121  120  113  122  118  125                                   
    75.0-180.0 180.0   5.0 450.0                            LAT/LON1/LON2/DLON/H
  123  118  112  112  111  107  108  106  105  103  103  102  101  100  102  100
  101   99   99   96   94   88   86   79   76   69   68   63   62   60   61   60
   62   63   66   68   71   72   76   75   78   79   82   82   86   87   91   93
   98  101  106  111  115  120  123  125  127  127  128  126  125  124  124  122
  121  121  122  121  121  115  124  125  123                                   
    72.5-180.0 180.0   5.0 450.0                            LAT/LON1/LON2/DLON/H
  128  118  114  116  110  106  104  100   99   95   95   92   92   90   92   92
   92   92   92   91   88   85   81   75   70   64   60   57   53   54   53   55
   55   58   60   62   65   66   69   70   73   73   78   78   82   84   89   92
   96  102  107  114  119  125  128  131  132  132  130  128  125  124  122  121
  120  120  122  123  125  122  132  127  128                                   
    70.0-180.0 180.0   5.0 450.0                            LAT/LON1/LON2/DLON/H
  128  123  119  119  113  107  104   99   96   91   89   85   85   82   84   82
   84   83   86   84   84   79   77   70   66   58   56   51   50   48   49   50
   52   53   55   57   60   60   65   65   70   71   77   79   85   87   92   96
  101  107  112  119  124  129  132  134  135  134  132  129  127  125  122  121
  120  120  122  125  128  125  136  133  128                                   
    67.5-180.0 180.0   5.0 450.0                            LAT/LON1/LON2/DLON/H
  134  125  123  123  116  108  104   98   94   89   86   81   79   76   76   76
   76   77   78   79   78   75   72   67   61   56   51   48   44   45   44   47
   47   49   50   51   53   55   58   60   65   68   73   77   83   88   93   98
  105  112  117  123  126  131  133  135  134  134  131  128  125  123  120  119
  117  118  121  124  129  130  138  135  134                                   
    65.0-180.0 180.0   5.0 450.0                            LAT/LON1/LON2/DLON/H
  133  130  127  127  119  112  105   99   95   88   85   79   76   71   71   69
   71   71   74   74   74   71   69   64   60   53   50   45   45   42   44   43
   45   45   46   46   47   48   52   54   60   64   71   77   85   91   98  106
  112  119  123  128  131  135  136  137  136  135  132  130  127  125  122  121
  120  122  124  128  132  132  141  140  133                                   
    62.5-180.0 180.0   5.0 450.0                            LAT/LON1/LON2/DLON/H
  138  130  129  128  120  112  106   99   95   89   85   79   74   69   67   65
   64   65   66   68   67   65   63   59   54   49   45   43   42   41   41   41
   41   40   40   40   41   42   46   50   56   62   70   77   87   96  103  111
  118  122  127  131  134  136  137  138  136  135  132  129  126  124  121  120
  119  121  123  127  131  134  139  141  138                                   
    60.0-180.0 180.0   5.0 450.0                            LAT/LON1/LON2/DLON/H
  135  133  130  130  122  115  108  101   97   91   87   80   76   70   66   63
   63   61   62   62   62   59   57   52   49   44   42   39   41   38   40   37
   38   34   35   33   36   36   42   45   54   61   72   82   93  102  109  118
  123  129  131  136  138  141  141  142  140  139  135  133  130  129  126  125
  124  125  127  130  133  131  140  143  135                                   
    57.5-180.0 180.0   5.0 450.0                            LAT/LON1/LON2/DLON/H
  139  132  131  132  125  118  112  105  100   94   90   84   79   73   68   64
   60   58   57   56   55   53   49   46   42   39   39   37   39   37   37   35
   35   32   33   31   35   36   41   46   56   64   75   87   99  109  118  125
  132  135  139  141  146  147  149  148  147  144  141  139  136  135  132  131
  129  129  130  130  132  131  137  140  139                                   
    55.0-180.0 180.0   5.0 450.0                            LAT/LON1/LON2/DLON/H
  138  135  136  137  132  125  119  112  105   98   95   89   85   79   73   67
   63   59   57   54   52   49   45   42   39   37   37   37   39   37   38   34
   35   31   33   31   36   37   45   49   61   69   82   93  106  115  124  132
  137  143  145  149  151  154  154  155  152  150  146  144  142  141  139  138
  136  136  136  136  134  130  139  143  138                                   
    52.5-180.0 180.0   5.0 450.0                            LAT/LON1/LON2/DLON/H
  144  138  142  146  140  135  129  123  114  106  100   94   90   84   78   72
   67   62   58   55   51   48   44   42   40   40   40   40   42   41   41   38
   39   36   39   38   42   45   51   57   67   75   87   99  112  123  134  140
  149  154  159  162  166  167  168  166  163  159  156  154  152  151  149  147
  145  144  143  140  138  136  141  145  144                                   
    50.0-180.0 180.0   5.0 450.0                            LAT/LON1/LON2/DLON/H
  148  147  151  154  153  147  142  134  125  115  107  100   97   90   85   78
   74   68   64   59   56   51   49   46   47   46   48   47   50   47   47   43
   44   42   46   45   51   54   61   66   76   83   95  105  120  129  141  149
  160  168  174  177  181  181  180  176  173  168  165  162  161  160  159  158
  156  154  155  151  148  143  150  152  148                                   
    47.5-180.0 180.0   5.0 450.0                            LAT/LON1/LON2/DLON/H
  155  153  158  163  159  158  152  146  135  125  115  107  101   97   91   85
   80   75   71   66   62   59   58   56   58   59   60   59   60   57   55   51
   51   50   53   55   60   64   69   75   83   91  102  113  128  139  152  163
  176  185  192  195  199  197  193  189  183  179  174  172  170  170  169  168
  166  166  165  162  159  155  158  156  155                                   
    45.0-180.0 180.0   5.0 450.0                            LAT/LON1/LON2/DLON/H
  160  162  166  169  170  167  164  155  146  133  123  113  107  101   97   91
   87   81   79   75   73   70   71   70   74   73   75   71   71   67   66   61
   60   60   63   65   70   73   78   83   92   99  110  121  135  146  160  173
  187  198  204  207  209  207  203  197  192  187  183  180  179  179  177  177
  175  175  176  174  171  164  169  165  160                                   
    42.5-180.0 180.0   5.0 450.0                            LAT/LON1/LON2/DLON/H
  168  166  168  172  170  171  167  162  151  140  129  120  112  107  101   97
   91   88   85   83   81   81   82   84   86   87   85   82   78   76   71   70
   66   67   69   72   75   79   83   89   98  107  118  132  145  157  169  184
  200  210  216  218  219  214  207  201  196  192  188  186  184  184  183  184
  182  185  185  183  180  176  175  171  168                                   
    40.0-180.0 180.0   5.0 450.0                            LAT/LON1/LON2/DLON/H
  173  171  170  169  170  168  168  161  153  142  133  124  118  111  106  100
   97   93   92   91   91   93   96   98  101  100   98   93   90   85   83   78
   77   77   76   78   81   83   88   93  105  113  126  139  153  164  180  192
  210  218  224  225  226  220  214  207  203  200  197  195  193  193  192  193
  193  195  197  195  192  183  188  181  173                                   
    37.5-180.0 180.0   5.0 450.0                            LAT/LON1/LON2/DLON/H
  183  177  171  168  164  164  162  159  152  145  137  132  125  119  112  107
  102  100   98   98   98  100  105  108  110  109  105  101   95   93   89   88
   84   86   83   85   85   88   92  100  111  124  137  152  164  176  189  203
  218  225  230  230  232  227  221  215  213  210  209  206  205  202  202  202
  203  206  208  205  202  196  194  189  183                                   
    35.0-180.0 180.0   5.0 450.0                            LAT/LON1/LON2/DLON/H
  191  187  177  169  163  160  158  154  149  143  139  134  130  122  117  109
  106  104  104  104  104  108  111  115  117  115  111  106  103  100   98   95
   93   91   89   89   89   92   98  105  118  130  145  158  171  181  196  207
  223  228  234  234  239  236  233  229  229  230  229  227  224  220  217  217
  218  222  223  220  216  208  213  204  191                                   
    32.5-180.0 180.0   5.0 450.0                            LAT/LON1/LON2/DLON/H
  215  204  193  182  169  164  159  155  149  146  142  141  136  131  123  116
  111  109  107  106  106  108  113  117  120  118  114  110  107  107  104  104
   99   99   94   94   96   98  104  112  124  137  152  167  178  189  201  213
  225  231  236  239  247  246  247  247  252  253  255  251  248  241  237  233
  236  238  241  232  229  225  225  224  215                                   
    30.0-180.0 180.0   5.0 450.0                            LAT/LON1/LON2/DLON/H
  239  233  221  206  190  180  169  161  154  148  147  143  141  133  126  117
  112  110  109  107  107  111  114  120  122  121  118  115  113  113  112  110
  105  102   99   99  101  104  109  117  128  140  154  167  180  188  203  211
  226  231  239  245  255  258  264  268  278  281  285  282  279  269  264  259
  262  263  268  258  254  247  255  246  239                                   
    27.5-180.0 180.0   5.0 450.0                            LAT/LON1/LON2/DLON/H
  278  263  256  239  219  207  189  179  166  161  153  151  145  140  129  122
  115  113  109  108  107  110  115  121  124  125  122  122  119  121  118  116
  109  107  104  104  107  109  113  119  129  140  152  167  179  191  201  213
  223  233  242  254  264  272  278  286  297  302  309  308  307  298  292  287
  289  291  296  286  279  278  278  275  278                                   
    25.0-180.0 180.0   5.0 450.0                            LAT/LON1/LON2/DLON/H
  320  309  305  284  265  245  223  206  188  175  165  157  150  140  130  119
  113  110  109  108  108  113  118  124  128  129  128  126  125  125  122  118
  111  107  104  106  108  112  114  118  126  136  149  161  176  185  197  209
  224  234  249  262  277  285  291  300  315  323  332  332  334  325  322  316
  320  321  325  315  307  307  316  307  320                                   
    22.5-180.0 180.0   5.0 450.0                            LAT/LON1/LON2/DLON/H
  367  361  358  335  307  285  257  235  214  198  179  168  154  144  131  123
  113  112  110  110  111  115  122  128  131  134  132  133  129  130  124  120
  111  109  105  108  110  112  113  115  121  129  142  157  172  182  196  207
  223  236  253  270  285  295  305  314  331  340  348  351  354  348  346  342
  348  351  356  344  335  339  344  345  367                                   
    20.0-180.0 180.0   5.0 450.0                            LAT/LON1/LON2/DLON/H
  408  406  406  390  364  334  300  268  239  218  196  177  162  148  134  122
  114  112  113  113  115  122  129  135  138  139  137  136  133  130  124  118
  108  106  102  105  106  108  108  108  115  121  137  150  171  183  196  208
  223  241  261  280  298  313  324  334  348  357  366  369  374  369  369  368
  374  379  385  375  364  367  378  376  408                                   
    17.5-180.0 180.0   5.0 450.0                            LAT/LON1/LON2/DLON/H
  433  444  452  444  418  386  343  307  269  241  211  191  171  159  142  133
  122  121  120  121  123  130  136  142  143  144  140  139  133  130  122  116
  105  102   97   98   98   99   99  100  106  115  131  147  169  181  195  205
  224  243  267  290  309  326  341  354  366  375  380  385  389  388  389  390
  397  404  412  403  392  396  401  404  433                                   
    15.0-180.0 180.0   5.0 450.0                            LAT/LON1/LON2/DLON/H
  449  465  476  479  461  433  383  341  295  261  227  203  183  167  153  141
  133  130  131  130  134  140  147  148  148  146  140  137  131  125  117  109
   99   95   87   87   84   86   87   90   98  108  128  148  171  183  195  208
  229  252  280  303  324  344  360  373  382  390  396  401  405  405  405  409
  417  427  434  428  414  420  430  424  449                                   
    12.5-180.0 180.0   5.0 450.0                            LAT/LON1/LON2/DLON/H
  456  477  491  496  482  456  414  369  318  284  244  220  196  183  169  162
  151  150  146  147  147  153  156  155  149  144  136  131  123  119  109  103
   92   86   78   75   76   77   82   85   95  107  129  150  172  182  195  207
  232  258  288  313  333  357  373  387  397  408  411  418  422  422  422  425
  434  442  449  442  432  440  445  439  456                                   
    10.0-180.0 180.0   5.0 450.0                            LAT/LON1/LON2/DLON/H
  460  479  487  493  484  464  423  387  337  300  262  236  212  200  187  181
  174  168  167  162  164  163  165  157  149  140  131  123  117  110  104   96
   86   79   71   68   68   70   76   80   92  105  129  152  174  183  196  211
  237  265  298  319  343  365  383  399  412  425  427  434  436  436  433  439
  445  456  462  457  447  449  460  450  460                                   
     7.5-180.0 180.0   5.0 450.0                            LAT/LON1/LON2/DLON/H
  459  474  481  481  472  451  417  384  346  316  280  254  229  219  207  204
  196  193  189  187  181  180  173  160  146  134  123  117  108  105   98   93
