data/unet/pred0890.15i
     1.0            IONOSPHERE MAPS     GNSS                IONEX VERSION / TYPE
pyspatialgeodesy        IME             05-JAN-18 20:20     PGM / RUN BY / DATE 
Map Name                                                    COMMENT             
Predicted global ionosphere maps (GIM).                     DESCRIPTION         
  2015     3    30     0     0     0                        EPOCH OF FIRST MAP  
  2015     3    31     0     0     0                        EPOCH OF LAST MAP   
  7200                                                      INTERVAL            
    13                                                      # OF MAPS IN FILE   
  NONE                                                      MAPPING FUNCTION    
10.0                                                        ELEVATION CUTOFF    
One-way carrier phase leveled to code                       OBSERVABLES USED    
  6371.0                                                    BASE RADIUS         
 2                                                          MAP DIMENSION       
   450.0 450.0   0.0                                        HGT1 / HGT2 / DHGT  
    87.5 -87.5  -2.5                                        LAT1 / LAT2 / DLAT  
  -180.0 180.0   5.0                                        LON1 / LON2 / DLON  
    -1                                                      EXPONENT            
                                                            END OF HEADER       
[from data line 1716]
     5                                                      START OF TEC MAP    
  2015     3    30     8     0     0                        EPOCH OF CURRENT MAP
    87.5-180.0 180.0   5.0 450.0                            LAT/LON1/LON2/DLON/H
   86  101  108  110  110  110  112  113  116  117  119  118  120  118  120  116
  118  115  117  113  116  114  117  116  120  120  124  124  129  129  132  130
  131  129  128  126  125  124  123  121  120  119  118  117  115  116  115  115
  114  116  115  117  116  117  116  117  116  115  114  114  113  112  111  110
  109  109  108  110  111  107  103   95   86                                   
    85.0-180.0 180.0   5.0 450.0                            LAT/LON1/LON2/DLON/H
   84  104  102  109  110  113  117  123  127  130  132  134  136  136  137  136
  136  135  134  133  132  132  132  132  133  134  137  138  140  141  143  142
  142  141  140  139  138  137  136  136  134  135  133  134  132  132  131  132
  130  132  130  132  130  130  128  128  125  124  120  119  115  115  109  109
  104  104  100  101  102   96   98   88   84                                   
    82.5-180.0 180.0   5.0 450.0                            LAT/LON1/LON2/DLON/H
   78   89   93  100  105  108  116  122  130  134  139  143  145  147  147  148
  145  145  141  141  136  136  132  133  130  132  131  135  133  137  136  139
  137  141  139  142  139  142  139  142  140  143  141  143  141  143  142  143
  141  143  141  143  140  140  137  136  131  130  124  122  116  114  108  105
  100   96   92   89   88   81   81   73   78                                   
    80.0-180.0 180.0   5.0 450.0                            LAT/LON1/LON2/DLON/H
   74   77   81   84   91   98  108  117  126  131  138  143  147  149  149  149
  146  145  141  140  135  133  130  128  127  123  125  122  125  124  129  128
  136  134  142  140  149  145  152  149  155  151  157  152  157  154  159  157
  161  159  163  160  163  159  160  155  153  148  145  139  134  128  122  115
  109  101   95   88   86   75   71   67   74                                   
    77.5-180.0 180.0   5.0 450.0                            LAT/LON1/LON2/DLON/H
   70   74   73   73   84   88  102  108  120  125  135  138  144  145  146  144
  142  138  134  130  126  121  119  114  112  107  106  103  106  106  111  115
  120  127  133  140  144  151  155  162  165  170  172  175  176  178  180  181
  183  184  187  187  188  186  187  184  183  176  174  166  162  153  147  138
  131  121  112  102   96   84   78   62   70                                   
    75.0-180.0 180.0   5.0 450.0                            LAT/LON1/LON2/DLON/H
   80   73   67   69   76   84   94  104  112  120  126  132  135  136  135  132
  129  125  121  117  111  106  102   98   94   90   89   86   88   90   95  100
  110  118  129  137  148  156  166  175  183  190  196  201  204  209  211  215
  217  219  222  223  224  224  224  223  221  218  213  210  201  195  184  175
  161  151  138  127  116   99   90   74   80                                   
    72.5-180.0 180.0   5.0 450.0                            LAT/LON1/LON2/DLON/H
   91   86   74   70   75   79   90   96  106  109  116  118  121  120  120  116
  114  110  108  104  101   96   93   87   85   79   78   75   77   79   85   93
  102  115  125  138  148  161  173  185  196  208  216  226  234  239  243  246
  249  250  253  254  257  256  258  256  256  252  250  244  239  230  223  210
  201  186  174  157  144  126  119   94   91                                   
    70.0-180.0 180.0   5.0 450.0                            LAT/LON1/LON2/DLON/H
  107   91   79   72   73   75   84   91  100  105  109  112  113  113  112  110
  108  105  103   99   96   90   86   81   78   72   71   70   72   73   82   88
  103  114  130  142  156  169  183  196  210  223  234  246  256  264  269  273
  276  279  280  282  283  282  280  279  277  274  270  268  263  259  251  243
  233  222  207  189  173  150  141  116  107                                   
    67.5-180.0 180.0   5.0 450.0                            LAT/LON1/LON2/DLON/H
  121  109   90   79   76   74   83   86   96   99  105  106  109  108  108  106
  105  102  101   99   95   90   87   82   78   73   71   71   71   75   81   91
  104  118  132  146  160  173  187  201  214  229  242  256  269  276  285  288
  294  295  297  298  299  296  293  290  288  283  278  276  273  270  266  259
  252  241  230  212  199  176  164  135  121                                   
    65.0-180.0 180.0   5.0 450.0                            LAT/LON1/LON2/DLON/H
  133  116   96   83   76   72   76   79   87   92   98  101  102  104  103  103
  103  102  101   99   96   92   88   84   80   75   73   72   75   78   87   95
  110  122  136  151  162  177  188  201  215  230  246  259  273  280  288  293
  298  302  301  304  303  301  296  293  289  284  277  276  272  273  268  269
  260  257  243  231  216  198  182  157  133                                   
    62.5-180.0 180.0   5.0 450.0                            LAT/LON1/LON2/DLON/H
  148  129  108   91   82   72   74   73   82   86   94   97  101  102  103  103
  104  103  103  101   98   94   91   85   82   78   76   77   79   83   90   98
  113  122  140  148  165  174  188  198  213  229  246  261  276  285  294  300
  304  307  304  306  304  301  296  293  288  282  276  272  270  267  267  264
  264  256  251  236  229  210  198  167  148                                   
    60.0-180.0 180.0   5.0 450.0                            LAT/LON1/LON2/DLON/H
  161  141  115  100   86   74   69   67   72   77   84   90   93   97   97   99
   99  100   99   98   95   92   87   82   79   74   73   74   76   80   88   98
  112  124  137  154  165  180  187  203  215  235  251  267  280  292  300  308
  309  314  307  314  309  311  306  304  298  291  282  278  272  272  265  268
  261  264  252  248  238  225  209  187  161                                   
    57.5-180.0 180.0   5.0 450.0                            LAT/LON1/LON2/DLON/H
  182  158  133  111   99   81   74   66   68   70   77   83   88   93   95   96
   97   96   97   94   91   86   82   77   74   72   71   72   75   79   89   96
  115  124  143  153  171  184  197  210  223  240  257  273  291  305  314  321
  321  326  320  325  322  324  321  319  316  308  300  292  289  282  279  273
  272  266  264  255  251  235  224  200  182                                   
    55.0-180.0 180.0   5.0 450.0                            LAT/LON1/LON2/DLON/H
  203  181  151  131  114   97   80   68   65   65   70   76   80   85   86   88
   87   89   87   85   81   77   72   70   68   67   66   67   68   74   81   92
  106  124  141  165  178  200  204  224  234  253  270  287  309  321  332  336
  340  342  340  348  348  352  351  351  348  343  332  325  315  310  299  295
  285  284  275  273  266  250  237  221  203                                   
    52.5-180.0 180.0   5.0 450.0                            LAT/LON1/LON2/DLON/H
  233  209  184  158  142  118  102   79   71   64   68   70   75   79   80   83
   83   83   82   79   76   72   69   67   67   67   66   66   67   71   79   88
  106  123  144  166  189  207  222  236  250  267  286  309  332  347  358  365
  369  373  375  377  380  381  382  381  382  374  367  359  352  342  332  320
  311  304  299  293  290  275  264  246  233                                   
    50.0-180.0 180.0   5.0 450.0                            LAT/LON1/LON2/DLON/H
  252  230  208  187  170  146  125   99   83   71   69   70   72   75   75   78
   77   79   76   76   72   70   68   68   69   70   68   68   67   73   77   87
  102  124  147  177  199  224  232  253  265  284  308  330  358  367  387  390
  402  407  415  420  421  422  421  421  419  411  403  394  385  375  364  350
  339  328  322  315  312  294  287  267  252                                   
    47.5-180.0 180.0   5.0 450.0                            LAT/LON1/LON2/DLON/H
  272  248  232  214  204  175  155  126  106   86   78   73   74   73   74   76
   77   78   79   77   77   74   77   76   80   80   79   76   75   76   80   89
  106  127  154  183  211  233  249  270  285  307  330  354  378  394  414  422
  435  443  450  456  456  455  452  448  444  431  420  409  403  392  382  369
  357  345  337  329  327  315  311  289  272                                   
    45.0-180.0 180.0   5.0 450.0                            LAT/LON1/LON2/DLON/H
  266  250  236  223  219  194  176  148  128  103   91   82   81   80   78   80
   79   83   81   84   82   84   86   91   92   94   90   87   82   84   84   92
  108  129  161  195  222  251  267  291  308  330  358  377  402  415  434  443
  456  469  476  485  483  484  476  471  460  445  430  417  407  398  387  374
  363  352  342  337  330  315  308  282  266                                   
    42.5-180.0 180.0   5.0 450.0                            LAT/LON1/LON2/DLON/H
  258  236  226  221  221  202  190  169  150  126  111   98   90   87   84   85
   86   90   92   93   97   97  106  109  114  112  108   99   93   90   93   99
  116  138  169  203  237  263  287  313  332  357  379  401  420  439  455  469
  482  494  502  510  507  504  495  483  468  445  428  411  402  390  382  370
  359  348  338  329  319  304  295  269  258                                   
    40.0-180.0 180.0   5.0 450.0                            LAT/LON1/LON2/DLON/H
  221  211  200  204  205  197  188  173  163  143  130  113  106   98   93   95
   95  100  101  107  108  114  120  128  127  127  119  113  103   99   97  102
  118  138  172  206  244  277  307  334  360  381  407  425  446  461  481  495
  507  522  527  536  534  532  518  502  480  456  433  414  400  389  378  366
  354  346  332  324  306  287  269  246  221                                   
    37.5-180.0 180.0   5.0 450.0                            LAT/LON1/LON2/DLON/H
  200  186  176  175  183  181  181  174  168  157  146  132  124  112  106  105
  107  112  115  119  126  129  139  139  140  134  127  117  110  106  106  111
  127  150  180  215  256  292  329  357  385  410  433  457  474  496  512  530
  542  556  567  577  577  572  558  540  513  484  457  434  418  404  389  376
  364  353  336  319  296  271  249  221  200                                   
    35.0-180.0 180.0   5.0 450.0                            LAT/LON1/LON2/DLON/H
  185  176  152  154  153  160  162  163  161  159  153  146  139  126  120  118
  120  123  127  133  139  145  149  152  148  142  131  123  116  110  112  122
  137  161  189  222  267  310  350  386  412  442  463  487  505  524  545  566
  585  603  619  623  622  619  610  597  581  554  521  500  471  450  429  420
  401  390  362  343  307  280  250  222  185                                   
    32.5-180.0 180.0   5.0 450.0                            LAT/LON1/LON2/DLON/H
  198  176  153  136  138  135  147  146  151  154  155  154  149  139  134  130
  130  134  137  142  152  154  162  158  156  143  136  126  122  119  126  139
  156  174  203  237  282  329  374  407  440  468  491  515  532  559  585  609
  635  655  670  681  687  689  689  679  665  640  611  586  559  534  508  494
  470  455  424  394  352  315  279  239  198                                   
    30.0-180.0 180.0   5.0 450.0                            LAT/LON1/LON2/DLON/H
  234  203  175  149  144  141  143  143  147  151  155  158  156  148  146  140
  142  144  146  153  158  162  164  161  155  145  138  131  130  131  141  154
  170  187  220  260  304  350  394  432  462  496  516  543  565  594  626  659
  684  706  724  747  764  778  790  788  786  762  737  699  667  632  606  588
  567  543  494  457  416  386  332  297  234                                   
    27.5-180.0 180.0   5.0 450.0                            LAT/LON1/LON2/DLON/H
  315  279  231  193  165  155  147  143  148  147  153  156  161  156  155  151
  151  150  154  157  164  165  172  167  164  153  151  147  146  149  161  171
  185  203  241  281  328  374  416  453  490  518  544  571  598  629  663  708
  731  759  786  814  843  867  896  903  913  898  879  845  807  771  734  711
  682  659  611  575  513  466  414  377  315                                   
    25.0-180.0 180.0   5.0 450.0                            LAT/LON1/LON2/DLON/H
  443  397  326  270  229  199  183  174  171  167  163  166  168  167  165  161
  162  158  159  163  167  172  174  173  170  168  168  166  166  173  179  189
  195  226  263  307  351  396  435  473  506  538  568  598  628  659  700  741
  767  799  831  868  901  939  974 1000 1019 1023 1013  988  952  912  873  843
  811  784  735  682  629  583  515  481  443                                   
    22.5-180.0 180.0   5.0 450.0                            LAT/LON1/LON2/DLON/H
  559  526  449  390  330  285  240  221  207  194  186  184  186  183  182  175
  173  164  166  165  174  179  186  184  186  185  186  185  186  182  181  189
  212  245  286  332  371  419  458  494  532  556  589  618  649  684  723  767
  797  832  868  905  944  979 1017 1048 1080 1093 1099 1075 1050 1004  971  936
  909  875  836  781  725  669  623  571  559                                   
    20.0-180.0 180.0   5.0 450.0                            LAT/LON1/LON2/DLON/H
  663  636  560  500  440  384  327  281  257  232  221  211  208  204  198  192
  185  175  172  175  181  192  195  201  198  202  199  194  183  168  172  195
  218  261  301  347  390  430  475  509  545  570  604  630  664  696  740  778
  812  850  885  926  962  998 1029 1062 1092 1115 1126 1115 1088 1048 1005  977
  942  922  886  842  798  743  700  663  663                                   
    17.5-180.0 180.0   5.0 450.0                            LAT/LON1/LON2/DLON/H
  709  693  648  603  544  478  418  371  321  286  261  247  241  227  222  211
  205  191  187  182  191  196  206  209  212  217  211  201  180  173  185  207
  234  274  315  361  400  451  487  527  557  591  622  652  684  719  757  799
  828  864  896  932  959  985 1010 1033 1057 1075 1094 1084 1073 1031 1007  972
  954  928  906  868  839  792  752  715  709                                   
    15.0-180.0 180.0   5.0 450.0                            LAT/LON1/LON2/DLON/H
  736  714  674  658  611  565  495  436  397  337  308  276  264  249  240  226
  218  208  199  192  196  202  212  220  219  223  208  191  173  167  188  207
  237  279  323  364  411  449  494  529  570  605  641  668  704  729  775  800
  829  860  889  916  933  952  959  974  984 1001 1014 1014 1006  981  957  939
  920  911  891  858  838  797  765  730  736                                   
    12.5-180.0 180.0   5.0 450.0                            LAT/LON1/LON2/DLON/H
  726  716  683  677  654  620  557  501  447  406  360  321  296  271  262  250
  241  225  219  210  211  207  217  217  213  209  200  189  179  180  189  213
  250  288  327  371  406  455  488  534  576  616  656  690  718  750  783  807
  833  854  875  889  900  901  897  895  895  904  920  928  930  919  909  897
  891  883  870  838  818  777  750  718  726                                   
    10.0-180.0 180.0   5.0 450.0                            LAT/LON1/LON2/DLON/H
  702  695  664  669  654  649  589  541  488  439  407  357  326  292  275  258
  245  233  225  215  206  204  201  201  198  194  191  181  172  174  186  213
  253  285  326  360  405  440  483  528  582  625  669  696  733  757  786  804
  825  842  854  864  863  865  846  842  826  830  838  853  862  863  860  857
  854  852  839  813  789  755  722  691  702                                   
     7.5-180.0 180.0   5.0 450.0                            LAT/LON1/LON2/DLON/H
  674  672  649  654  648  648  606  561  508  466  431  395  351  316  292  270
  254  242  229  217  204  190  193  189  192  189  189  177  173  176  186  224
