data/unet/pred2580.15i
     1.0            IONOSPHERE MAPS     GNSS                IONEX VERSION / TYPE
pyspatialgeodesy        IME             05-JAN-18 20:20     PGM / RUN BY / DATE 
Map Name                                                    COMMENT             
Predicted global ionosphere maps (GIM).                     DESCRIPTION         
  2015     9    15     0     0     0                        EPOCH OF FIRST MAP  
  2015     9    16     0     0     0                        EPOCH OF LAST MAP   
  7200                                                      INTERVAL            
    13                                                      # OF MAPS IN FILE   
  NONE                                                      MAPPING FUNCTION    
10.0                                                        ELEVATION CUTOFF    
One-way carrier phase leveled to code                       OBSERVABLES USED    
  6371.0                                                    BASE RADIUS         
 2                                                          MAP DIMENSION       
   450.0 450.0   0.0                                        HGT1 / HGT2 / DHGT  
    87.5 -87.5  -2.5                                        LAT1 / LAT2 / DLAT  
  -180.0 180.0   5.0                                        LON1 / LON2 / DLON  
    -1                                                      EXPONENT            
                                                            END OF HEADER       
[from data line 4290]
    11                                                      START OF TEC MAP    
  2015     9    15    20     0     0                        EPOCH OF CURRENT MAP
    87.5-180.0 180.0   5.0 450.0                            LAT/LON1/LON2/DLON/H
  137  106   86   92   90   91   90   92   92   94   93   95   95   97   96   98
   97   98   97   99   97   98   97   98   96   97   95   96   94   95   93   93
   91   93   90   91   89   90   88   89   87   87   85   85   83   84   82   83
   81   82   80   81   80   81   79   80   79   81   79   81   80   82   80   82
   81   83   83   84   85   85   81  125  137                                   
    85.0-180.0 180.0   5.0 450.0                            LAT/LON1/LON2/DLON/H
   85   80   81   84   87   85   88   87   90   90   92   92   94   94   96   95
   97   97   98   97   98   97   98   96   97   95   96   93   94   91   92   89
   90   87   88   85   87   84   85   81   83   79   81   77   79   74   76   72
   75   70   73   69   73   68   72   68   72   68   73   68   74   70   75   71
   76   73   78   74   80   76   79  100   85                                   
    82.5-180.0 180.0   5.0 450.0                            LAT/LON1/LON2/DLON/H
   81   80   81   84   83   85   85   89   89   93   93   97   97  101  100  104
  103  107  104  108  104  108  103  106  101  104   99  102   96   99   93   95
   91   93   88   90   86   87   83   84   81   81   78   79   76   76   73   73
   71   71   69   70   67   69   66   68   66   68   66   68   66   69   68   71
   69   72   71   74   74   72   74   88   81                                   
    80.0-180.0 180.0   5.0 450.0                            LAT/LON1/LON2/DLON/H
   82   75   75   76   78   77   81   82   86   86   91   92   96   97  101  102
  104  105  107  106  107  106  106  104  103  100  100   97   96   93   92   89
   88   86   85   83   82   80   80   78   77   75   74   72   71   69   69   66
   66   64   64   62   62   60   60   59   59   58   59   58   59   59   61   60
   63   62   65   64   67   66   67   80   82                                   
    77.5-180.0 180.0   5.0 450.0                            LAT/LON1/LON2/DLON/H
   75   72   70   70   72   72   75   77   81   84   88   92   94   98  101  104
  105  107  107  108  106  106  105  103  100   97   96   93   91   88   87   84
   83   81   80   79   77   76   75   73   72   70   69   67   67   65   65   64
   63   61   61   59   58   57   57   55   55   54   54   54   55   55   56   56
   58   58   60   61   62   62   64   72   75                                   
    75.0-180.0 180.0   5.0 450.0                            LAT/LON1/LON2/DLON/H
   73   67   66   69   69   71   74   76   80   83   89   92   96   99  103  105
  107  109  110  109  109  108  106  103  101   98   94   91   87   85   82   80
   78   78   76   75   74   73   72   70   69   67   66   64   64   63   63   62
   61   61   60   59   58   57   56   54   53   53   53   53   53   54   56   57
   57   59   60   61   63   62   64   74   73                                   
    72.5-180.0 180.0   5.0 450.0                            LAT/LON1/LON2/DLON/H
   73   69   67   69   67   69   71   74   77   82   87   92   96  101  104  107
  109  110  111  111  110  109  106  103   99   96   91   87   83   81   78   76
   74   74   73   72   70   70   67   66   63   62   60   60   58   59   57   58
   57   58   56   56   54   53   52   50   49   49   49   50   50   52   53   54
   55   57   58   59   60   61   65   71   73                                   
    70.0-180.0 180.0   5.0 450.0                            LAT/LON1/LON2/DLON/H
   74   66   66   66   67   67   70   71   77   80   88   91   98  101  106  107
  110  110  112  111  112  110  109  104  100   93   89   83   79   75   73   71
   70   69   69   68   67   65   64   60   59   56   55   54   54   54   54   54
   55   54   54   52   52   50   48   46   46   46   46   46   48   49   52   52
   55   55   58   57   61   61   64   72   74                                   
    67.5-180.0 180.0   5.0 450.0                            LAT/LON1/LON2/DLON/H
   74   69   66   68   65   67   67   71   75   81   87   93   99  103  107  108
  111  111  114  114  116  114  112  107  102   94   87   81   75   73   70   70
   68   69   67   67   65   63   60   57   53   52   49   49   47   49   48   50
   49   50   47   47   44   42   40   39   38   39   39   41   42   44   46   48
   49   52   53   55   57   58   62   67   74                                   
    65.0-180.0 180.0   5.0 450.0                            LAT/LON1/LON2/DLON/H
   74   67   66   66   66   65   69   69   76   79   88   92  100  103  108  110
  113  114  118  118  121  120  119  112  106   97   90   82   77   73   71   70
   69   69   68   67   65   62   58   54   51   48   45   45   45   45   45   46
   45   44   43   40   38   36   34   32   32   32   34   35   37   39   42   42
   46   47   50   51   56   57   61   69   74                                   
    62.5-180.0 180.0   5.0 450.0                            LAT/LON1/LON2/DLON/H
   73   70   66   68   65   66   66   70   74   80   87   93  101  105  110  112
  116  117  122  123  127  126  125  118  112  102   94   86   80   78   75   75
   74   74   72   70   66   63   58   54   49   46   43   42   41   42   41   41
   40   38   35   32   29   27   24   23   23   24   25   27   29   31   33   35
   38   41   43   46   50   52   58   65   73                                   
    60.0-180.0 180.0   5.0 450.0                            LAT/LON1/LON2/DLON/H
   72   68   68   69   70   68   70   70   76   79   87   91  100  104  109  113
  118  121  126  129  133  134  132  125  118  108   99   92   88   85   85   85
   84   84   80   78   73   68   62   57   52   49   45   44   43   42   41   39
   37   34   30   26   24   20   19   17   18   19   20   22   25   26   29   30
   35   36   41   43   50   51   59   68   72                                   
    57.5-180.0 180.0   5.0 450.0                            LAT/LON1/LON2/DLON/H
   74   74   71   74   74   73   74   75   78   82   88   93  100  105  111  114
  121  123  130  133  139  138  137  130  124  114  108  102  100   98   99   99
   99   96   93   88   82   76   69   64   58   54   51   49   47   45   42   39
   36   32   28   24   20   17   15   14   15   16   18   19   21   22   24   27
   30   34   38   42   48   51   59   65   74                                   
    55.0-180.0 180.0   5.0 450.0                            LAT/LON1/LON2/DLON/H
   75   77   78   81   82   81   83   82   85   86   91   95  101  106  112  117
  123  128  134  139  142  143  142  137  130  123  117  115  114  116  118  118
  117  114  109  103   96   88   81   74   69   65   62   58   56   52   48   43
   39   33   29   24   21   18   16   15   16   17   18   19   21   21   24   25
   30   34   40   44   52   54   64   71   75                                   
    52.5-180.0 180.0   5.0 450.0                            LAT/LON1/LON2/DLON/H
   79   84   82   87   89   89   90   90   93   92   97   98  104  107  114  118
  126  129  136  139  144  144  144  138  135  129  129  127  132  133  138  136
  135  130  124  116  109  100   93   85   81   76   73   69   66   60   56   49
   45   39   34   29   26   23   21   21   22   23   23   24   23   23   23   25
   30   36   43   49   56   60   68   74   79                                   
    50.0-180.0 180.0   5.0 450.0                            LAT/LON1/LON2/DLON/H
   84   89   91   95   99  100  102  100  102  102  104  104  109  111  117  122
  128  133  138  142  145  145  145  142  140  138  138  142  147  152  155  155
  153  147  140  131  123  114  106   99   95   89   86   81   77   70   65   58
   54   48   44   39   36   33   31   31   32   32   32   31   30   28   28   29
   36   42   51   57   66   68   76   82   84                                   
    47.5-180.0 180.0   5.0 450.0                            LAT/LON1/LON2/DLON/H
   90   97   96  104  108  111  114  114  117  115  117  116  120  121  127  130
  136  138  142  143  146  145  145  144  145  145  149  155  162  166  169  168
  165  157  150  142  134  125  118  110  106  100   97   91   87   79   74   68
   64   59   56   51   49   45   44   43   44   44   42   41   38   36   34   35
   41   48   58   65   73   77   82   87   90                                   
    45.0-180.0 180.0   5.0 450.0                            LAT/LON1/LON2/DLON/H
   96  102  106  112  117  121  126  127  130  130  131  130  133  134  139  142
  146  147  149  149  150  149  150  151  153  155  160  167  173  178  180  177
  173  165  158  151  144  136  129  120  116  111  107  102   96   89   83   78
   75   72   70   65   64   59   58   56   56   55   54   51   49   45   43   44
   50   58   69   77   85   87   91   98   96                                   
    42.5-180.0 180.0   5.0 450.0                            LAT/LON1/LON2/DLON/H
  103  109  110  119  124  129  135  140  145  147  149  149  151  153  156  159
  159  159  157  155  154  154  155  158  161  165  171  177  183  185  185  181
  176  168  163  156  150  142  136  126  122  115  113  105  101   93   89   84
   83   81   80   76   75   70   69   66   65   64   62   60   57   54   51   52
   56   64   75   83   91   95   98  104  103                                   
    40.0-180.0 180.0   5.0 450.0                            LAT/LON1/LON2/DLON/H
  109  115  120  125  131  136  145  150  159  162  167  168  171  172  175  176
  177  174  170  166  166  165  167  170  174  178  184  188  191  192  191  187
  181  174  168  163  157  150  142  134  127  122  117  112  106  100   96   92
   93   91   92   87   87   80   80   75   75   71   71   68   67   63   62   61
   66   73   83   92  100  104  106  115  109                                   
    37.5-180.0 180.0   5.0 450.0                            LAT/LON1/LON2/DLON/H
  118  123  123  130  134  142  150  160  170  178  184  189  192  196  196  198
  195  190  183  178  177  178  179  183  187  192  195  198  200  200  198  193
  188  181  176  169  163  154  147  137  131  123  121  113  109  102  100   96
   97   96   97   93   91   87   85   81   78   76   74   74   72   71   68   67
   70   77   87   95  105  108  112  122  118                                   
    35.0-180.0 180.0   5.0 450.0                            LAT/LON1/LON2/DLON/H
  125  131  133  139  143  149  159  169  183  192  202  208  214  217  220  219
  217  211  203  196  194  193  196  198  203  207  210  212  213  214  212  208
  203  196  189  181  172  164  153  144  136  130  125  120  114  108  105  102
  103  101  102   97   96   91   89   85   83   79   79   77   79   77   77   75
   78   84   94  104  112  119  123  136  125                                   
    32.5-180.0 180.0   5.0 450.0                            LAT/LON1/LON2/DLON/H
  135  140  140  147  149  156  164  178  191  206  215  226  230  237  237  239
  233  227  218  212  210  209  212  214  219  222  225  226  229  230  228  226
  221  214  205  195  184  171  160  148  140  132  129  121  117  109  106  103
  103  102  100   97   94   91   89   86   82   79   77   78   79   81   80   79
   81   86   96  105  116  122  130  146  135                                   
    30.0-180.0 180.0   5.0 450.0                            LAT/LON1/LON2/DLON/H
  151  157  159  163  165  170  179  190  207  218  233  241  249  254  256  257
  252  246  239  233  231  229  232  234  238  242  245  248  250  252  250  246
  242  234  225  212  198  184  170  158  147  140  135  129  123  115  110  105
  104  101   99   93   93   90   90   87   84   79   78   78   81   82   83   83
   86   92  103  115  125  136  144  161  151                                   
    27.5-180.0 180.0   5.0 450.0                            LAT/LON1/LON2/DLON/H
  168  171  174  176  179  181  191  203  217  232  244  257  264  272  273  275
  269  265  257  254  250  249  250  252  256  261  266  270  272  274  270  268
  262  256  242  225  204  188  173  161  151  143  140  133  126  118  110  105
  100   98   94   92   89   90   89   88   85   81   77   78   79   82   83   83
   86   92  103  116  130  141  152  173  168                                   
    25.0-180.0 180.0   5.0 450.0                            LAT/LON1/LON2/DLON/H
  187  193  198  204  205  212  218  227  240  249  263  273  283  289  293  295
  292  289  283  279  276  274  273  274  278  284  289  292  294  292  291  287
  286  275  260  235  210  190  176  167  157  152  147  140  132  122  114  105
  101   94   92   88   89   90   91   90   87   81   79   77   79   79   81   82
   88   96  110  127  142  156  169  191  187                                   
    22.5-180.0 180.0   5.0 450.0                            LAT/LON1/LON2/DLON/H
  203  207  214  220  226  229  237  246  259  267  280  292  302  311  316  321
  320  317  311  308  303  301  298  298  301  306  308  311  309  310  309  312
  309  299  276  248  215  193  178  171  163  156  150  143  133  124  113  105
   97   91   86   86   87   92   92   91   86   81   77   77   75   78   78   81
   85   96  110  130  148  164  177  206  203                                   
    20.0-180.0 180.0   5.0 450.0                            LAT/LON1/LON2/DLON/H
  220  229  240  249  251  261  265  275  283  291  303  312  325  334  342  349
  350  350  344  340  336  333  330  327  328  325  325  322  323  320  330  328
  330  314  294  259  227  202  189  182  173  165  159  149  139  126  118  106
   99   91   87   86   89   93   95   93   88   81   77   74   76   75   78   79
   86   97  116  137  157  173  189  220  220                                   
    17.5-180.0 180.0   5.0 450.0                            LAT/LON1/LON2/DLON/H
  231  238  251  263  270  278  284  293  302  313  325  338  350  361  371  379
  383  386  383  378  375  371  365  360  356  350  346  343  342  343  346  348
  343  332  307  273  239  213  199  191  180  171  162  153  142  130  119  109
  100   93   87   88   90   95   97   94   88   82   76   74   73   75   76   79
   84   96  113  136  158  175  191  226  231                                   
    15.0-180.0 180.0   5.0 450.0                            LAT/LON1/LON2/DLON/H
  241  252  269  285  291  302  307  317  325  337  352  364  378  389  400  410
  415  426  424  422  419  413  406  397  391  378  371  363  364  358  363  354
  354  337  315  282  255  233  219  208  195  182  173  162  153  139  130  117
  109  100   95   94   96   99  100   96   90   83   77   73   73   73   75   77
   85   95  115  136  160  176  196  229  241                                   
    12.5-180.0 180.0   5.0 450.0                            LAT/LON1/LON2/DLON/H
  243  262  281  298  311  319  327  335  344  359  373  388  401  413  423  435
  444  455  458  461  460  456  447  440  428  414  399  389  381  376  371  367
  359  346  320  295  269  253  235  223  208  194  182  172  162  149  138  125
  114  106  100  101  100  103  101   97   89   83   76   71   69   70   71   76
   81   92  108  131  155  175  195  233  243                                   
    10.0-180.0 180.0   5.0 450.0                            LAT/LON1/LON2/DLON/H
  249  271  293  313  327  342  348  356  363  379  394  408  422  434  446  458
  468  478  480  487  493  490  481  470  457  436  418  400  391  379  374  364
  357  340  322  302  285  271  256  241  225  209  198  188  178  164  151  136
  125  114  108  106  106  105  101   95   88   81   74   69   65   66   67   72
   79   89  108  128  154  172  198  232  249                                   
     7.5-180.0 180.0   5.0 450.0                            LAT/LON1/LON2/DLON/H
  250  282  304  327  346  360  369  373  383  397  412  426  440  450  465  475
  485  494  499  510  516  518  507  493  475  454  430  413  396  388  373  367
