data/unet/pred2930.15i
     1.0            IONOSPHERE MAPS     GNSS                IONEX VERSION / TYPE
pyspatialgeodesy        IME             05-JAN-18 20:20     PGM / RUN BY / DATE 
Map Name                                                    COMMENT             
Predicted global ionosphere maps (GIM).                     DESCRIPTION         
  2015    10    20     0     0     0                        EPOCH OF FIRST MAP  
  2015    10    21     0     0     0                        EPOCH OF LAST MAP   
  7200                                                      INTERVAL            
    13                                                      # OF MAPS IN FILE   
  NONE                                                      MAPPING FUNCTION    
10.0                                                        ELEVATION CUTOFF    
One-way carrier phase leveled to code                       OBSERVABLES USED    
  6371.0                                                    BASE RADIUS         
 2                                                          MAP DIMENSION       
   450.0 450.0   0.0                                        HGT1 / HGT2 / DHGT  
    87.5 -87.5  -2.5                                        LAT1 / LAT2 / DLAT  
  -180.0 180.0   5.0                                        LON1 / LON2 / DLON  
    -1                                                      EXPONENT            
                                                            END OF HEADER       
[from data line 2574]
     7                                                      START OF TEC MAP    
  2015    10    20    12     0     0                        EPOCH OF CURRENT MAP
    87.5-180.0 180.0   5.0 450.0                            LAT/LON1/LON2/DLON/H
   89   95   96   96   93   94   96   97   99  101  101  104  102  106  104  107
  105  108  105  108  105  108  105  107  105  106  104  105  103  103  101  101
   98   98   94   94   91   91   87   87   83   84   81   81   78   78   76   77
   75   75   74   75   74   75   74   75   74   77   75   78   77   80   79   81
   81   84   85   87   89   92   99   84   89                                   
    85.0-180.0 180.0   5.0 450.0                            LAT/LON1/LON2/DLON/H
   94   89   91   89   93   94   97  100  102  105  107  109  111  112  113  114
  115  115  116  115  115  114  115  113  114  111  112  109  109  106  106  102
  102   98   97   93   92   87   85   81   80   77   76   73   72   70   69   67
   67   66   66   64   65   64   65   64   66   66   68   67   70   69   73   71
   76   74   79   77   81   82   88   87   94                                   
    82.5-180.0 180.0   5.0 450.0                            LAT/LON1/LON2/DLON/H
   91   83   83   84   86   86   89   93   96   98  102  102  106  104  109  106
  111  107  112  107  112  108  113  110  113  111  113  111  111  109  108  106
  103  101   98   95   91   88   83   80   75   72   68   65   62   61   57   57
   54   54   52   52   50   51   49   50   50   52   51   54   55   57   59   61
   63   65   67   67   69   68   70   64   91                                   
    80.0-180.0 180.0   5.0 450.0                            LAT/LON1/LON2/DLON/H
   78   70   69   66   73   71   76   78   83   83   88   88   92   92   95   95
   96   95   98   97   99   99  102  102  105  105  108  107  108  106  107  105
  104  101  100   96   93   89   86   82   78   75   72   68   66   63   62   59
   58   56   55   53   53   51   51   50   50   50   51   51   53   53   56   55
   59   57   61   58   61   55   58   60   78                                   
    77.5-180.0 180.0   5.0 450.0                            LAT/LON1/LON2/DLON/H
   71   62   55   56   58   59   61   65   67   70   71   73   73   75   76   76
   77   77   78   80   80   86   86   93   92  100   99  106  104  109  105  108
  102  104   99   99   94   92   87   85   80   78   74   73   69   70   66   68
   65   67   64   65   62   62   61   60   59   58   58   58   58   59   59   59
   59   59   59   56   56   50   52   50   71                                   
    75.0-180.0 180.0   5.0 450.0                            LAT/LON1/LON2/DLON/H
   60   49   50   45   51   47   54   51   58   54   60   57   62   61   64   64
   66   65   67   67   70   73   78   84   87   94   97  102  104  109  108  111
  108  111  106  107  102  103   98   98   94   94   91   91   89   89   87   86
   84   84   81   80   78   76   74   71   69   69   68   67   67   65   66   63
   63   60   60   56   55   50   50   47   60                                   
    72.5-180.0 180.0   5.0 450.0                            LAT/LON1/LON2/DLON/H
   60   52   45   46   47   47   50   52   53   55   54   56   56   58   59   59
   62   60   64   63   68   69   74   79   84   92   96  105  107  115  115  119
  117  119  115  115  112  111  110  108  108  109  109  110  110  110  109  109
  106  106  102  100   95   91   87   83   80   77   76   75   74   72   72   70
   68   65   61   57   55   47   51   48   60                                   
    70.0-180.0 180.0   5.0 450.0                            LAT/LON1/LON2/DLON/H
   53   44   46   41   47   44   50   48   52   49   51   49   50   51   52   55
   55   58   60   62   66   68   72   78   83   91   96  105  109  117  118  125
  123  128  123  127  122  127  122  128  124  131  129  134  132  135  132  132
  128  124  119  114  107  102   94   89   83   80   76   76   74   74   73   71
   70   66   65   60   56   51   50   48   53                                   
    67.5-180.0 180.0   5.0 450.0                            LAT/LON1/LON2/DLON/H
   55   48   43   44   46   45   48   48   49   48   48   48   49   51   52   53
   56   58   61   63   67   69   73   79   85   91   97  105  112  120  124  130
  130  134  132  135  135  136  137  139  142  144  149  150  153  153  153  150
  145  139  131  123  112  103   93   85   78   74   69   70   68   69   69   69
   67   66   62   59   56   49   52   52   55                                   
    65.0-180.0 180.0   5.0 450.0                            LAT/LON1/LON2/DLON/H
   50   42   47   42   49   47   51   49   50   48   46   46   46   48   48   53
   53   59   61   67   69   74   77   84   87   94   98  107  112  123  126  136
  135  143  139  148  144  153  148  158  153  165  161  172  167  173  167  166
  156  148  135  124  110  100   87   78   70   64   60   59   59   59   61   59
   61   60   61   57   54   51   52   50   50                                   
    62.5-180.0 180.0   5.0 450.0                            LAT/LON1/LON2/DLON/H
   53   47   43   45   47   49   50   50   49   47   47   46   48   48   53   54
   58   60   64   68   72   77   81   87   91   96  102  108  116  123  132  139
  143  147  150  153  156  160  163  167  170  174  176  178  179  178  177  169
  161  148  136  121  106   92   79   68   61   55   50   51   51   52   54   54
   56   56   56   55   54   49   52   51   53                                   
    60.0-180.0 180.0   5.0 450.0                            LAT/LON1/LON2/DLON/H
   50   42   46   43   47   46   50   47   47   44   43   43   42   46   47   51
   53   57   59   66   71   78   83   92   95  100  103  112  116  129  134  146
  148  159  158  168  166  175  173  183  179  189  182  191  183  188  180  176
  164  152  137  121  105   90   76   66   58   53   50   49   50   48   50   50
   52   52   54   54   53   50   52   48   50                                   
    57.5-180.0 180.0   5.0 450.0                            LAT/LON1/LON2/DLON/H
   54   48   42   44   44   45   46   45   44   42   41   40   43   42   48   48
   54   54   59   64   70   78   85   95  100  105  110  116  123  134  143  152
  159  165  172  176  181  184  189  191  195  194  194  191  190  185  183  173
  166  152  142  124  110   94   81   71   64   61   57   57   55   54   52   51
   53   52   55   53   55   51   53   50   54                                   
    55.0-180.0 180.0   5.0 450.0                            LAT/LON1/LON2/DLON/H
   56   48   47   43   44   42   45   41   42   39   38   38   37   41   40   45
   44   49   50   57   64   78   86  100  104  112  116  124  131  144  152  165
  173  184  189  197  200  205  206  210  207  210  204  205  197  196  189  184
  175  166  155  141  125  112   98   90   83   79   75   73   69   67   62   59
   58   59   61   60   60   57   58   53   56                                   
    52.5-180.0 180.0   5.0 450.0                            LAT/LON1/LON2/DLON/H
   65   58   49   48   45   43   45   42   43   39   40   38   39   39   41   42
   45   47   50   56   65   78   90  103  111  121  127  136  145  156  167  179
  191  201  211  214  221  221  227  223  226  220  218  210  208  201  201  191
  190  179  174  159  148  132  121  113  107  103   98   96   89   86   78   74
   71   68   70   67   69   64   65   64   65                                   
    50.0-180.0 180.0   5.0 450.0                            LAT/LON1/LON2/DLON/H
   74   66   58   54   49   49   48   45   44   41   39   39   37   40   37   42
   40   45   45   55   63   81   93  111  118  131  137  148  156  169  182  197
  213  225  234  239  243  246  247  246  245  239  233  227  222  220  216  212
  208  204  196  187  174  161  149  139  133  128  124  121  117  111  103   95
   89   84   84   82   79   79   78   77   74                                   
    47.5-180.0 180.0   5.0 450.0                            LAT/LON1/LON2/DLON/H
   89   80   69   65   59   56   56   53   53   48   48   44   44   42   43   42
   44   46   49   57   69   84  100  116  128  140  150  159  169  179  196  212
  229  238  249  252  259  257  262  258  260  250  247  238  237  231  232  226
  226  220  216  205  195  179  168  156  149  144  139  138  133  129  122  115
  108  102  101   95   94   90   91   95   89                                   
    45.0-180.0 180.0   5.0 450.0                            LAT/LON1/LON2/DLON/H
   98   91   79   74   68   69   65   64   62   59   55   52   47   48   44   48
   45   51   52   63   74   93  106  126  136  151  160  171  181  194  209  227
  241  252  261  268  274  276  278  278  275  269  261  256  253  251  249  246
  242  237  230  221  207  192  178  165  157  151  148  147  145  142  136  128
  122  117  113  110  106  107  106  109   98                                   
    42.5-180.0 180.0   5.0 450.0                            LAT/LON1/LON2/DLON/H
  106  101   88   84   79   76   77   74   75   69   68   61   60   55   56   53
   57   57   63   69   82   97  114  130  144  158  170  179  190  201  217  232
  246  254  269  273  284  285  292  289  291  281  275  268  266  263  261  257
  252  245  237  224  210  191  175  161  152  148  145  146  145  145  141  136
  132  126  124  119  117  112  119  124  106                                   
    40.0-180.0 180.0   5.0 450.0                            LAT/LON1/LON2/DLON/H
  108  104   92   88   85   83   83   82   81   79   75   71   66   65   60   64
   61   68   67   80   89  106  118  137  148  165  177  188  199  211  224  238
  250  262  274  284  296  303  308  311  309  304  294  290  285  282  277  272
  265  256  245  231  213  192  172  155  146  142  140  142  143  143  141  139
  133  131  124  122  116  117  122  125  108                                   
    37.5-180.0 180.0   5.0 450.0                            LAT/LON1/LON2/DLON/H
  107  103   92   89   86   85   86   85   86   84   83   80   78   73   74   70
   75   73   80   86   98  109  124  138  154  168  183  193  206  215  226  237
  252  263  282  293  313  319  331  331  333  325  318  312  306  301  295  288
  277  267  255  239  220  196  175  158  146  144  142  144  144  144  140  138
  134  128  124  117  114  109  121  125  107                                   
    35.0-180.0 180.0   5.0 450.0                            LAT/LON1/LON2/DLON/H
  103   95   85   82   83   82   84   83   86   86   88   87   86   83   80   81
   79   84   85   96  103  118  127  146  158  177  190  201  213  222  233  245
  260  276  296  315  336  348  356  358  357  350  344  338  334  331  326  318
  305  294  283  267  247  221  199  180  168  161  159  158  156  153  146  141
  135  131  121  116  106  104  112  113  103                                   
    32.5-180.0 180.0   5.0 450.0                            LAT/LON1/LON2/DLON/H
   99   86   78   77   76   77   78   79   82   86   89   94   94   93   92   89
   89   88   94  101  112  123  136  150  164  182  196  208  221  229  242  254
  273  292  321  343  369  377  389  387  388  380  377  371  370  368  368  360
  352  339  328  309  291  266  245  223  211  202  200  194  187  176  163  155
  145  137  126  117  107   97  104  104   99                                   
    30.0-180.0 180.0   5.0 450.0                            LAT/LON1/LON2/DLON/H
   94   78   67   68   71   69   70   70   75   79   87   94   97   98   96   97
   94   97   98  110  119  135  142  160  171  190  202  215  229  240  253  270
  290  318  348  372  400  405  419  418  420  414  413  411  415  418  422  417
  412  402  394  378  365  339  316  292  280  268  257  244  229  211  196  181
  170  160  147  135  114  105  105   91   94                                   
    27.5-180.0 180.0   5.0 450.0                            LAT/LON1/LON2/DLON/H
   94   79   68   68   68   67   65   65   69   77   84   95  100  103  101   99
   95   97  102  113  126  140  151  166  179  197  209  220  237  250  269  291
  320  350  379  404  428  433  448  450  453  451  453  456  462  471  479  480
  481  477  475  463  453  425  406  383  377  362  347  319  289  259  233  220
  206  197  181  165  138  122  114   90   94                                   
    25.0-180.0 180.0   5.0 450.0                            LAT/LON1/LON2/DLON/H
   96   78   65   66   67   67   64   61   66   69   80   89   96  101  101  101
   98  102  108  123  135  155  163  180  191  205  218  230  249  268  295  326
  359  391  417  438  456  462  479  480  493  493  500  505  518  529  545  549
  556  553  552  541  529  507  483  464  452  449  433  409  363  326  287  266
  251  244  231  214  183  165  145  106   96                                   
    22.5-180.0 180.0   5.0 450.0                            LAT/LON1/LON2/DLON/H
  107   98   81   74   75   75   72   66   68   69   77   86   94   99   98   97
   94   99  109  126  143  161  172  188  197  211  224  242  262  289  325  362
  400  429  455  469  486  492  504  509  523  530  543  557  571  597  606  622
  622  627  621  610  596  571  544  518  510  499  490  467  436  394  352  329
  309  294  274  248  222  196  183  135  107                                   
    20.0-180.0 180.0   5.0 450.0                            LAT/LON1/LON2/DLON/H
  137  123  101   89   84   85   83   78   75   72   76   78   84   87   90   89
   91   98  112  134  152  172  183  194  206  214  232  250  274  310  349  394
  431  467  485  502  508  521  530  541  557  571  591  611  632  655  673  684
  687  685  680  666  649  621  596  572  548  542  522  505  465  436  394  377
  352  338  315  287  257  230  209  180  137                                   
    17.5-180.0 180.0   5.0 450.0                            LAT/LON1/LON2/DLON/H
  172  150  134  111  104   99  101   93   90   81   81   76   80   80   84   83
   88   95  112  136  157  176  188  199  209  223  240  263  294  329  373  416
  459  490  510  525  534  541  553  564  583  606  631  656  676  703  710  722
  718  718  708  693  670  641  609  574  552  531  515  496  471  448  417  397
  383  365  346  321  294  264  245  224  172                                   
    15.0-180.0 180.0   5.0 450.0                            LAT/LON1/LON2/DLON/H
  207  182  151  134  119  114  110  104   97   87   83   77   77   74   77   76
   85   92  115  142  164  183  194  202  217  231  255  282  313  349  386  436
  468  507  520  541  549  562  570  590  609  639  666  696  717  737  743  745
  736  728  713  691  662  636  588  554  515  491  465  457  439  432  407  404
  391  381  365  345  320  296  272  253  207                                   
    12.5-180.0 180.0   5.0 450.0                            LAT/LON1/LON2/DLON/H
  233  210  178  147  138  123  122  116  112   98   93   81   83   76   82   80
   90  102  125  151  171  191  201  214  231  247  273  299  333  366  407  449
  484  513  534  550  565  573  581  596  627  654  687  713  733  744  739  734
  720  705  688  660  632  585  549  499  464  426  408  396  395  394  384  386
  386  379  365  350  329  310  294  269  233                                   
    10.0-180.0 180.0   5.0 450.0                            LAT/LON1/LON2/DLON/H
  252  228  198  169  150  139  128  119  109   98   88   82   81   81   85   85
   90  107  132  160  185  204  214  231  241  262  289  321  354  392  424  465
  489  525  541  564  577  593  601  626  647  677  703  725  739  740  733  720
  705  687  664  631  596  554  510  465  425  389  363  360  360  366  365  377
  377  375  362  349  333  317  301  278  252                                   
     7.5-180.0 180.0   5.0 450.0                            LAT/LON1/LON2/DLON/H
  258  238  212  185  165  150  141  124  116  103   95   87   86   86   95   95
  104  121  145  178  200  221  230  241  251  276  308  341  376  414  444  475
