data/unet/pred3430.15i
     1.0            IONOSPHERE MAPS     GNSS                IONEX VERSION / TYPE
pyspatialgeodesy        IME             05-JAN-18 20:20     PGM / RUN BY / DATE 
Map Name                                                    COMMENT             
Predicted global ionosphere maps (GIM).                     DESCRIPTION         
  2015    12     9     0     0     0                        EPOCH OF FIRST MAP  
  2015    12    10     0     0     0                        EPOCH OF LAST MAP   
  7200                                                      INTERVAL            
    13                                                      # OF MAPS IN FILE   
  NONE                                                      MAPPING FUNCTION    
10.0                                                        ELEVATION CUTOFF    
One-way carrier phase leveled to code                       OBSERVABLES USED    
  6371.0                                                    BASE RADIUS         
 2                                                          MAP DIMENSION       
   450.0 450.0   0.0                                        HGT1 / HGT2 / DHGT  
    87.5 -87.5  -2.5                                        LAT1 / LAT2 / DLAT  
  -180.0 180.0   5.0                                        LON1 / LON2 / DLON  
    -1                                                      EXPONENT            
                                                            END OF HEADER       
[from data line 3861]
    10                                                      START OF TEC MAP    
  2015    12     9    18     0     0                        EPOCH OF CURRENT MAP
    87.5-180.0 180.0   5.0 450.0                            LAT/LON1/LON2/DLON/H
  106   70   68   72   70   70   69   70   69   70   70   71   70   71   70   71
   70   70   69   69   68   68   67   67   66   65   64   64   63   63   62   62
   61   61   61   61   61   61   61   61   61   61   62   62   63   63   64   64
   65   65   66   66   67   68   68   68   69   69   69   69   69   69   69   68
   68   68   68   68   72   69   74   92  106                                   
    85.0-180.0 180.0   5.0 450.0                            LAT/LON1/LON2/DLON/H
   57   55   54   59   59   61   59   62   60   64   62   65   63   65   63   65
   62   64   61   62   59   60   57   58   55   56   53   53   51   52   49   51
   48   50   48   50   48   50   48   50   48   51   49   52   50   53   51   54
   53   56   54   57   55   59   57   60   58   61   58   61   58   61   58   60
   57   59   57   58   59   57   67   74   57                                   
    82.5-180.0 180.0   5.0 450.0                            LAT/LON1/LON2/DLON/H
   48   47   47   51   51   54   52   56   56   60   59   63   62   65   63   65
   63   64   61   61   58   58   54   53   50   50   46   47   43   45   42   44
   41   44   40   43   40   44   40   43   40   44   41   45   43   47   45   48
   47   51   50   53   52   56   54   57   56   59   57   59   57   59   56   57
   55   56   53   54   52   48   50   44   48                                   
    80.0-180.0 180.0   5.0 450.0                            LAT/LON1/LON2/DLON/H
   40   40   37   42   42   46   46   51   52   57   59   63   64   67   67   69
   67   67   64   63   59   57   52   50   46   44   41   39   38   37   36   36
   36   36   36   36   36   36   35   35   35   36   35   37   37   40   40   42
   43   46   46   49   49   53   52   55   54   57   55   57   55   57   54   54
   52   52   48   48   45   38   42   34   40                                   
    77.5-180.0 180.0   5.0 450.0                            LAT/LON1/LON2/DLON/H
   28   29   29   30   33   36   39   43   47   51   56   59   64   66   69   69
   70   68   67   62   60   54   51   45   41   37   36   31   32   29   31   29
   30   29   31   30   30   30   30   29   28   28   29   28   30   31   34   35
   37   39   42   43   46   47   49   49   52   52   53   52   53   52   52   49
   48   45   44   40   39   32   33   24   28                                   
    75.0-180.0 180.0   5.0 450.0                            LAT/LON1/LON2/DLON/H
   25   24   23   26   27   32   34   40   44   51   56   62   67   72   74   76
   76   75   73   69   63   60   52   47   40   37   33   30   29   27   28   27
   28   28   28   27   28   26   26   24   24   23   23   23   25   27   28   31
   32   37   37   41   41   45   44   48   47   50   48   50   48   50   47   47
   44   44   40   38   36   27   33   24   25                                   
    72.5-180.0 180.0   5.0 450.0                            LAT/LON1/LON2/DLON/H
   26   23   23   24   27   29   33   39   44   51   58   64   72   75   81   82
   85   82   83   76   73   65   61   51   46   38   35   31   30   27   28   27
   28   27   28   26   26   23   23   20   20   19   20   19   22   22   27   27
   31   32   36   36   39   39   43   42   45   45   48   46   48   46   47   43
   44   40   40   35   34   27   32   20   26                                   
    70.0-180.0 180.0   5.0 450.0                            LAT/LON1/LON2/DLON/H
   29   26   24   27   27   32   35   41   46   53   60   68   75   80   86   89
   92   92   92   88   83   78   70   63   54   49   42   39   34   34   31   32
   30   31   29   28   25   24   21   20   18   18   18   20   20   24   26   29
   30   32   33   34   35   37   37   39   40   41   42   43   44   44   44   43
   42   41   38   37   35   26   35   26   29                                   
    67.5-180.0 180.0   5.0 450.0                            LAT/LON1/LON2/DLON/H
   32   30   29   30   31   34   36   42   47   55   62   71   79   85   92   96
  101  101  103  100   97   91   85   75   67   58   52   47   42   39   38   36
   35   33   33   29   27   23   21   18   16   16   17   19   21   24   28   28
   30   29   30   30   30   31   32   33   35   35   39   38   41   40   42   40
   41   39   39   36   36   30   37   27   32                                   
    65.0-180.0 180.0   5.0 450.0                            LAT/LON1/LON2/DLON/H
   37   35   33   36   36   38   40   45   50   58   65   75   82   90   97  103
  107  111  113  113  110  107   99   91   81   72   63   57   50   48   44   44
   38   39   34   31   25   22   18   18   15   18   18   22   23   27   28   30
   29   29   26   26   25   26   26   29   29   32   33   35   36   38   39   39
   39   39   38   38   36   29   40   33   37                                   
    62.5-180.0 180.0   5.0 450.0                            LAT/LON1/LON2/DLON/H
   38   38   38   40   41   42   44   48   53   61   69   79   86   94  102  108
  115  119  124  125  125  120  115  105   96   84   76   67   61   55   53   49
   45   40   38   31   27   21   19   17   16   17   19   23   25   27   29   28
   27   24   23   20   20   19   21   22   26   27   30   31   34   34   36   36
   37   37   38   36   37   32   40   31   38                                   
    60.0-180.0 180.0   5.0 450.0                            LAT/LON1/LON2/DLON/H
   40   42   40   45   45   47   49   53   59   66   75   85   93  100  108  115
  122  127  132  136  135  132  125  117  106   95   86   78   70   65   59   56
   49   45   39   33   26   22   18   19   17   21   21   28   27   31   29   30
   26   24   20   18   17   17   19   20   23   26   29   31   33   34   36   35
   37   37   38   38   38   31   42   32   40                                   
    57.5-180.0 180.0   5.0 450.0                            LAT/LON1/LON2/DLON/H
   40   43   43   48   48   51   54   60   66   75   84   93  100  107  115  121
  128  135  141  145  145  140  135  124  115  104   96   88   81   75   70   64
   57   50   45   37   30   25   22   22   22   24   27   30   31   31   31   28
   26   21   20   17   17   16   20   21   25   27   31   31   33   33   36   35
   38   37   41   39   39   34   42   29   40                                   
    55.0-180.0 180.0   5.0 450.0                            LAT/LON1/LON2/DLON/H
   45   48   47   53   54   58   63   69   77   87   96  104  112  117  125  130
  138  142  149  152  151  147  139  131  120  113  105   98   92   86   81   75
   67   59   51   43   36   31   28   29   30   33   34   37   36   36   33   32
   28   25   23   20   20   20   23   25   29   32   35   36   36   36   38   38
   42   42   46   45   44   37   46   34   45                                   
    52.5-180.0 180.0   5.0 450.0                            LAT/LON1/LON2/DLON/H
   48   49   51   57   59   65   72   81   91  100  110  117  124  129  136  141
  147  151  155  158  155  149  143  134  128  119  116  109  105   98   94   87
   79   68   61   51   46   41   39   39   40   42   43   43   42   40   38   35
   33   30   30   26   28   27   32   33   39   40   44   42   42   39   42   42
   47   47   53   51   51   44   51   35   48                                   
    50.0-180.0 180.0   5.0 450.0                            LAT/LON1/LON2/DLON/H
   56   57   57   65   69   76   85   95  106  116  127  132  140  142  150  152
  159  159  164  162  159  152  146  139  133  129  126  124  118  111  106   98
   89   79   69   63   56   52   52   52   54   54   55   53   51   48   45   43
   41   41   39   39   38   39   41   46   48   52   52   52   48   48   48   50
   55   58   63   64   61   52   58   47   56                                   
    47.5-180.0 180.0   5.0 450.0                            LAT/LON1/LON2/DLON/H
   62   63   64   72   78   86   98  110  123  132  142  148  154  156  163  165
  169  169  169  167  161  156  148  143  140  137  139  135  131  121  116  106
   96   85   78   71   66   64   64   65   66   66   65   63   60   57   55   54
   53   54   55   53   55   54   58   59   63   62   64   59   57   53   56   56
   63   66   73   71   71   62   65   52   62                                   
    45.0-180.0 180.0   5.0 450.0                            LAT/LON1/LON2/DLON/H
   69   70   70   81   88  100  113  126  139  149  158  162  168  170  176  176
  180  176  177  172  168  160  155  150  149  149  150  147  140  131  122  112
  101   94   85   81   77   77   77   78   78   77   76   73   70   68   66   66
   67   70   70   71   70   71   71   72   72   72   70   67   62   61   61   65
   70   75   80   81   78   69   72   66   69                                   
    42.5-180.0 180.0   5.0 450.0                            LAT/LON1/LON2/DLON/H
   71   72   76   87   97  109  124  139  153  163  172  176  181  183  188  188
  188  185  182  178  172  167  161  159  159  159  159  154  146  133  124  112
  102   94   88   86   84   85   86   87   86   84   83   80   77   75   74   75
   78   80   82   81   82   79   81   78   79   76   74   69   67   64   67   69
   75   77   84   81   81   73   75   67   71                                   
    40.0-180.0 180.0   5.0 450.0                            LAT/LON1/LON2/DLON/H
   71   74   78   92  101  117  132  150  164  176  183  187  192  193  199  198
  198  192  192  185  184  176  175  171  172  169  166  158  148  134  122  114
  105   99   94   93   92   94   94   95   93   90   88   85   83   82   80   82
   83   86   85   87   84   84   81   80   77   76   71   70   66   68   69   72
   77   79   82   81   79   72   75   69   71                                   
    37.5-180.0 180.0   5.0 450.0                            LAT/LON1/LON2/DLON/H
   67   71   78   92  105  120  139  156  173  185  193  198  203  206  211  210
  208  202  199  197  193  191  186  185  180  176  169  161  148  133  124  116
  108  104  100   99   99  101  101  101   98   94   91   89   87   85   84   84
   83   84   84   83   82   79   79   75   74   70   69   67   67   67   72   72
   76   75   77   74   73   66   70   60   67                                   
    35.0-180.0 180.0   5.0 450.0                            LAT/LON1/LON2/DLON/H
   62   68   75   94  105  123  141  162  178  194  203  210  215  218  223  222
  220  213  211  209  208  204  201  195  188  181  174  164  152  140  131  127
  123  120  118  115  114  115  113  111  106  100   97   94   92   89   86   84
   81   81   78   77   74   75   71   71   67   67   64   65   66   70   73   74
   76   74   72   69   65   60   64   54   62                                   
    32.5-180.0 180.0   5.0 450.0                            LAT/LON1/LON2/DLON/H
   55   64   72   91  107  124  144  164  183  199  212  218  227  230  237  234
  231  224  222  221  219  215  208  202  191  185  177  170  160  153  150  150
  148  147  142  138  133  131  127  122  115  108  105  101   99   93   89   84
   79   76   73   72   70   70   70   69   67   65   65   66   69   72   76   75
   76   70   68   62   59   55   58   43   55                                   
    30.0-180.0 180.0   5.0 450.0                            LAT/LON1/LON2/DLON/H
   54   64   74   96  111  131  150  171  189  208  220  230  237  244  248  246
  240  233  230  228  226  220  214  204  196  190  188  183  180  179  185  189
  192  187  182  171  165  158  153  143  134  124  120  114  110  102   97   88
   82   77   73   72   71   72   72   73   71   70   70   72   74   77   80   80
   79   73   68   62   56   52   54   39   54                                   
    27.5-180.0 180.0   5.0 450.0                            LAT/LON1/LON2/DLON/H
   57   66   78  100  119  138  157  176  197  213  229  237  248  252  259  252
  247  238  235  231  229  222  213  205  198  199  200  205  208  218  231  241
  243  237  222  210  195  186  176  165  154  143  137  131  125  115  108   97
   90   84   81   79   79   80   83   84   84   83   83   83   85   85   87   84
   83   77   73   65   61   55   57   41   57                                   
    25.0-180.0 180.0   5.0 450.0                            LAT/LON1/LON2/DLON/H
   65   74   85  111  129  150  168  188  205  222  236  245  255  261  263  258
  249  240  234  230  227  219  212  206  208  215  227  239  255  270  287  297
  298  288  268  245  229  215  205  190  180  168  162  153  147  134  126  114
  109  103  100   96   97   98  101  102  103  102  100   99   99   97   95   92
   89   85   79   75   67   63   62   54   65                                   
    22.5-180.0 180.0   5.0 450.0                            LAT/LON1/LON2/DLON/H
   79   81   96  120  139  161  179  198  216  229  242  251  262  265  270  260
  253  240  235  228  223  216  211  212  221  239  259  283  302  320  338  345
  347  328  306  277  253  236  223  209  197  185  179  171  164  151  142  132
  128  123  121  118  117  117  119  121  123  121  120  117  115  111  107  101
   96   91   88   83   78   71   71   70   79                                   
    20.0-180.0 180.0   5.0 450.0                            LAT/LON1/LON2/DLON/H
   93   94  110  134  153  176  192  209  228  240  252  257  267  270  271  263
  253  242  235  227  223  217  219  227  247  273  302  328  351  370  383  388
  382  360  333  300  274  252  240  224  213  201  194  187  179  169  161  152
  150  146  145  139  137  134  137  137  140  138  137  133  130  122  118  110
  104   99   94   94   86   82   79   82   93                                   
    17.5-180.0 180.0   5.0 450.0                            LAT/LON1/LON2/DLON/H
  106  103  120  144  166  186  204  220  238  249  261  264  273  274  275  266
  259  245  236  230  225  225  230  249  276  311  344  373  394  411  424  422
  415  386  353  315  287  265  248  233  220  208  200  190  183  175  170  166
  165  165  163  158  155  151  151  152  154  152  149  145  140  134  127  118
  110  102   98   94   91   85   86   93  106                                   
    15.0-180.0 180.0   5.0 450.0                            LAT/LON1/LON2/DLON/H
  113  112  128  154  174  201  215  232  247  260  271  276  283  283  282  274
  267  253  243  236  235  240  252  279  315  354  389  414  430  439  444  437
  423  396  358  322  294  273  252  239  223  213  200  194  184  180  176  176
  176  177  175  170  166  162  163  163  166  163  159  153  147  138  130  119
  111  104   99   96   89   90   89   96  113                                   
    12.5-180.0 180.0   5.0 450.0                            LAT/LON1/LON2/DLON/H
  113  114  132  159  184  210  230  246  262  275  286  294  299  295  294  289
  281  269  257  250  249  261  278  314  353  394  423  442  452  455  453  441
  424  396  360  324  297  277  256  241  225  214  201  192  183  177  177  179
  182  184  183  179  173  169  168  170  169  167  159  155  146  140  128  119
  108   99   94   88   87   83   87   95  113                                   
    10.0-180.0 180.0   5.0 450.0                            LAT/LON1/LON2/DLON/H
  110  116  134  163  189  220  240  260  275  290  301  313  318  315  315  310
  306  292  283  270  274  286  313  354  395  429  448  457  460  453  445  429
  409  383  352  324  301  284  265  249  232  219  205  194  183  179  177  180
  184  186  184  180  174  172  171  173  171  168  160  151  144  135  126  113
  103   95   89   84   79   81   82   86  110                                   
     7.5-180.0 180.0   5.0 450.0                            LAT/LON1/LON2/DLON/H
  104  113  136  163  195  227  252  273  293  310  326  338  346  346  349  342
  337  325  314  306  306  322  348  389  426  453  463  467  464  454  440  423
