data/unet/pred2920.15i
     1.0            IONOSPHERE MAPS     GNSS                IONEX VERSION / TYPE
pyspatialgeodesy        IME             05-JAN-18 20:20     PGM / RUN BY / DATE 
Map Name                                                    COMMENT             
Predicted global ionosphere maps (GIM).                     DESCRIPTION         
  2015    10    19     0     0     0                        EPOCH OF FIRST MAP  
  2015    10    20     0     0     0                        EPOCH OF LAST MAP   
  7200                                                      INTERVAL            
    13                                                      # OF MAPS IN FILE   
  NONE                                                      MAPPING FUNCTION    
10.0                                                        ELEVATION CUTOFF    
One-way carrier phase leveled to code                       OBSERVABLES USED    
  6371.0                                                    BASE RADIUS         
 2                                                          MAP DIMENSION       
   450.0 450.0   0.0                                        HGT1 / HGT2 / DHGT  
    87.5 -87.5  -2.5                                        LAT1 / LAT2 / DLAT  
  -180.0 180.0   5.0                                        LON1 / LON2 / DLON  
    -1                                                      EXPONENT            
                                                            END OF HEADER       
[from data line 2574]
     7                                                      START OF TEC MAP    
  2015    10    19    12     0     0                        EPOCH OF CURRENT MAP
    87.5-180.0 180.0   5.0 450.0                            LAT/LON1/LON2/DLON/H
  104  109  107  108  108  108  108  109  109  110  110  111  111  112  111  112
  112  113  112  113  112  113  112  112  111  112  111  111  109  110  108  108
  106  106  104  104  101  102   99  100   96   97   94   95   92   93   90   91
   89   90   88   90   89   91   89   92   90   93   91   94   93   95   95   97
   97   98   99  101  103  101  109   97  104                                   
    85.0-180.0 180.0   5.0 450.0                            LAT/LON1/LON2/DLON/H
  108  104  101  100  102  102  106  105  108  107  109  108  110  108  111  109
  111  110  112  110  113  111  113  112  114  112  114  112  113  111  112  109
  110  107  107  103  103   98   98   93   94   90   89   86   86   84   84   82
   83   81   83   82   84   83   84   84   86   86   87   87   89   89   90   90
   92   91   94   92   96   96  101  108  108                                   
    82.5-180.0 180.0   5.0 450.0                            LAT/LON1/LON2/DLON/H
  102   96   93   95   93   94   93   94   95   94   95   94   96   94   96   95
   97   98  100  101  103  104  107  107  110  110  113  112  113  112  112  111
  110  107  106  102  100   95   93   88   86   81   80   74   74   71   70   69
   68   68   67   69   68   71   69   74   72   76   73   78   75   79   77   81
   80   83   83   85   85   85   86   91  102                                   
    80.0-180.0 180.0   5.0 450.0                            LAT/LON1/LON2/DLON/H
   84   78   79   80   80   79   82   80   82   80   81   80   79   78   79   79
   80   82   85   86   90   92   96   98  102  104  107  108  109  109  110  110
  109  107  105  102   99   94   91   86   83   78   77   72   71   67   68   65
   66   64   66   65   67   66   69   68   71   70   72   71   72   71   73   72
   73   72   74   73   76   70   71   80   84                                   
    77.5-180.0 180.0   5.0 450.0                            LAT/LON1/LON2/DLON/H
   74   69   61   63   62   64   62   63   61   62   59   60   58   57   57   58
   59   61   64   68   71   79   82   91   92  101  100  107  105  111  108  112
  107  109  104  103   98   94   90   85   81   77   74   72   70   69   67   68
   68   69   69   70   69   71   70   72   70   72   71   72   71   72   71   71
   69   69   68   67   66   63   62   70   74                                   
    75.0-180.0 180.0   5.0 450.0                            LAT/LON1/LON2/DLON/H
   63   57   53   52   52   52   52   50   50   48   47   44   43   41   41   40
   42   45   49   53   60   69   75   85   89   98  100  108  108  115  113  117
  113  116  111  111  104  103   97   95   89   87   84   84   83   83   83   83
   84   83   84   83   83   82   81   80   79   78   76   74   72   71   70   68
   67   65   64   63   61   57   57   65   63                                   
    72.5-180.0 180.0   5.0 450.0                            LAT/LON1/LON2/DLON/H
   60   56   47   47   47   47   46   46   44   42   40   37   35   32   32   32
   34   37   42   49   57   64   73   83   90  100  104  113  115  121  123  124
  125  123  122  119  116  111  108  103  101   99   98   98   99   99  101  101
  102  101  101   98   97   93   91   87   85   82   79   76   74   72   71   69
   68   65   63   61   59   55   56   64   60                                   
    70.0-180.0 180.0   5.0 450.0                            LAT/LON1/LON2/DLON/H
   58   52   48   46   47   47   49   46   45   41   40   35   33   29   29   29
   31   34   40   47   56   66   75   87   92  103  108  118  121  129  129  135
  133  137  131  134  126  127  120  122  115  118  115  118  117  119  118  120
  119  118  115  112  108  103   98   94   89   85   81   77   75   71   71   68
   68   67   66   63   61   57   56   64   58                                   
    67.5-180.0 180.0   5.0 450.0                            LAT/LON1/LON2/DLON/H
   59   56   47   47   49   49   49   49   47   44   41   37   35   32   32   33
   36   40   46   54   63   72   81   90   98  106  113  121  127  133  138  141
  145  145  146  144  143  140  138  134  133  132  134  134  136  134  135  133
  132  127  124  117  112  104   98   91   86   80   76   72   69   67   67   66
   67   66   66   64   62   58   57   67   59                                   
    65.0-180.0 180.0   5.0 450.0                            LAT/LON1/LON2/DLON/H
   59   55   50   50   52   53   55   54   53   49   46   43   40   38   38   39
   43   46   53   59   68   78   84   95   99  108  113  123  128  137  142  150
  153  157  157  159  155  157  150  153  146  150  147  152  147  150  145  146
  140  136  127  121  111  104   95   88   81   75   70   67   64   63   63   62
   64   64   65   64   63   59   59   68   59                                   
    62.5-180.0 180.0   5.0 450.0                            LAT/LON1/LON2/DLON/H
   58   56   48   50   53   54   56   56   55   52   49   47   45   44   45   47
   51   55   60   66   74   81   89   95  102  108  115  123  131  139  149  156
  165  168  173  173  173  171  169  167  166  164  164  161  161  157  156  151
  148  140  132  120  111  100   91   81   75   68   64   61   59   58   58   57
   60   60   63   62   63   59   58   70   58                                   
    60.0-180.0 180.0   5.0 450.0                            LAT/LON1/LON2/DLON/H
   56   50   46   49   51   53   56   55   56   52   51   50   49   50   51   55
   58   60   64   68   73   81   87   96  100  108  111  123  130  143  153  165
  174  182  186  189  188  187  184  185  180  181  175  174  168  167  160  159
  153  146  135  123  112  100   90   81   75   69   65   62   59   57   57   55
   57   56   59   59   61   58   59   69   56                                   
    57.5-180.0 180.0   5.0 450.0                            LAT/LON1/LON2/DLON/H
   53   50   44   45   48   48   50   50   50   49   48   48   49   50   54   56
   60   61   64   66   71   77   85   93  100  107  114  125  136  150  164  175
  190  196  205  204  208  203  204  200  199  194  190  183  180  173  171  166
  164  154  145  131  120  107   97   87   81   76   72   70   66   63   60   58
   58   57   60   59   61   58   58   68   53                                   
    55.0-180.0 180.0   5.0 450.0                            LAT/LON1/LON2/DLON/H
   55   46   41   42   42   43   45   45   46   44   45   45   47   50   53   57
   58   59   60   61   64   73   81   94  101  113  120  134  144  159  175  189
  203  214  222  224  226  223  222  219  215  212  205  200  193  188  184  183
  180  174  163  150  138  123  112  103   98   92   90   85   81   76   70   66
   63   61   62   60   61   58   60   67   55                                   
    52.5-180.0 180.0   5.0 450.0                            LAT/LON1/LON2/DLON/H
   59   54   43   43   42   41   41   42   41   41   42   43   45   48   51   53
   55   55   56   58   62   71   84   97  110  122  133  147  159  174  186  200
  217  228  236  238  239  238  237  236  232  230  223  216  214  205  207  202
  202  194  188  172  162  145  135  123  119  114  111  108  102   97   89   82
   76   70   70   67   68   63   65   70   59                                   
    50.0-180.0 180.0   5.0 450.0                            LAT/LON1/LON2/DLON/H
   70   58   49   47   44   42   40   40   41   40   42   43   44   46   47   50
   50   51   51   54   59   73   87  106  120  136  146  162  172  189  203  222
  238  250  256  260  259  261  258  259  254  251  245  241  237  232  231  226
  226  219  212  199  186  170  159  147  142  135  135  130  127  121  114  104
   95   87   82   78   75   73   75   76   70                                   
    47.5-180.0 180.0   5.0 450.0                            LAT/LON1/LON2/DLON/H
   83   75   59   57   52   49   45   44   43   44   45   45   46   46   47   48
   49   50   51   56   66   79   99  117  135  151  164  177  188  201  216  235
  250  260  266  269  268  271  267  271  265  266  259  258  251  249  246  245
  243  236  231  217  204  186  174  161  156  150  148  147  143  140  132  122
  113  103   97   91   88   82   86   87   83                                   
    45.0-180.0 180.0   5.0 450.0                            LAT/LON1/LON2/DLON/H
   94   85   72   69   65   61   57   54   53   53   52   53   51   50   48   49
   48   51   53   60   72   90  110  131  148  167  178  196  205  221  235  253
  263  275  278  287  282  290  284  291  283  284  280  276  271  268  265  262
  259  252  244  230  216  198  183  168  162  155  157  154  155  152  148  140
  130  122  111  105   99   97   99   97   94                                   
    42.5-180.0 180.0   5.0 450.0                            LAT/LON1/LON2/DLON/H
  104   97   83   80   75   70   68   64   64   63   63   61   59   56   54   54
   55   57   61   70   85  103  125  144  162  180  194  208  219  231  246  258
  271  279  287  293  296  300  298  303  298  299  293  289  284  281  277  273
  268  258  248  233  216  195  179  164  156  152  150  153  153  155  150  147
  138  131  121  114  108  101  112  113  104                                   
    40.0-180.0 180.0   5.0 450.0                            LAT/LON1/LON2/DLON/H
  108  105   90   88   86   83   80   78   75   76   74   73   68   65   61   60
   59   63   69   81   97  116  133  154  170  191  204  221  230  244  252  265
  273  285  293  306  311  321  319  326  319  321  312  308  301  297  292  287
  280  268  254  236  215  193  175  159  151  145  147  148  151  151  151  147
  142  135  127  119  111  110  116  114  108                                   
    37.5-180.0 180.0   5.0 450.0                            LAT/LON1/LON2/DLON/H
  109  103   91   92   89   88   86   84   83   83   83   81   79   74   73   70
   71   74   82   95  111  127  143  161  178  198  215  228  239  247  261  269
  284  295  308  322  331  342  342  346  339  336  328  322  316  310  306  299
  290  277  262  243  219  195  175  158  150  146  147  149  149  150  146  145
  141  136  125  118  112  106  117  119  109                                   
    35.0-180.0 180.0   5.0 450.0                            LAT/LON1/LON2/DLON/H
  105   99   87   87   90   90   89   88   86   89   88   90   86   86   81   79
   76   83   89  108  119  138  146  164  178  202  217  233  245  253  264  275
  286  304  316  337  350  366  367  371  361  360  350  347  339  334  328  320
  312  300  287  268  245  218  196  178  169  161  161  159  159  155  151  145
  141  133  123  116  106  107  112  110  105                                   
    32.5-180.0 180.0   5.0 450.0                            LAT/LON1/LON2/DLON/H
  101   89   79   85   84   87   84   84   83   87   90   93   96   93   94   89
   90   91  100  114  128  142  152  168  183  206  224  239  255  263  279  288
  308  323  342  360  375  388  390  392  385  381  376  372  367  364  360  356
  348  338  325  311  291  262  240  217  208  197  196  189  184  174  163  155
  145  138  125  116  106   99  103  105  101                                   
    30.0-180.0 180.0   5.0 450.0                            LAT/LON1/LON2/DLON/H
   99   82   70   72   78   81   80   78   78   83   86   95   95  100   97   97
   93  101  104  125  133  151  155  171  184  208  226  245  263  276  292  308
  327  345  364  383  400  414  420  426  419  418  410  413  410  413  412  411
  405  400  392  378  362  332  306  282  269  251  242  229  219  202  187  171
  159  149  134  126  105  104  101   97   99                                   
    27.5-180.0 180.0   5.0 450.0                            LAT/LON1/LON2/DLON/H
  101   80   68   71   72   76   74   73   72   77   81   90   96  100  103   99
  100  101  111  126  140  153  161  176  190  212  234  253  276  290  316  335
  359  380  397  420  430  446  450  458  453  455  450  455  458  465  471  476
  479  475  473  461  450  420  400  372  354  331  316  291  268  240  218  198
  183  168  152  139  123  107  107   93  101                                   
    25.0-180.0 180.0   5.0 450.0                            LAT/LON1/LON2/DLON/H
  100   74   59   64   69   77   73   71   68   72   75   85   88   98   97   99
   97  106  111  133  144  162  168  182  196  217  238  261  284  313  341  371
  393  416  435  453  466  479  490  499  499  504  502  510  517  531  545  554
  566  558  557  543  530  505  477  453  425  415  396  372  333  296  257  234
  214  203  182  174  146  138  126  107  100                                   
    22.5-180.0 180.0   5.0 450.0                            LAT/LON1/LON2/DLON/H
   98   88   70   67   71   80   78   74   70   70   74   78   85   91   95   93
   96   99  115  133  151  167  178  192  206  223  247  268  300  328  367  397
  430  454  475  495  503  518  524  537  538  549  550  566  576  599  615  636
  642  640  627  608  590  562  536  504  483  467  455  441  407  362  316  286
  257  234  213  191  180  161  153  117   98                                   
    20.0-180.0 180.0   5.0 450.0                            LAT/LON1/LON2/DLON/H
  120  111   88   79   80   84   85   81   76   71   70   74   74   83   81   87
   84   98  108  136  151  172  184  200  214  232  251  278  307  345  386  428
  460  488  511  529  539  548  561  571  578  589  599  615  636  656  681  692
  705  691  684  657  638  607  579  553  516  507  487  473  441  415  365  337
  299  277  246  230  204  196  179  149  120                                   
    17.5-180.0 180.0   5.0 450.0                            LAT/LON1/LON2/DLON/H
  147  139  120  105   97  102   99   91   85   75   75   73   76   78   81   82
   87   95  116  138  162  180  200  210  228  243  270  290  326  360  410  451
  486  516  535  554  563  573  581  597  603  623  633  660  677  703  714  727
  725  717  701  674  651  619  590  555  528  508  496  486  464  440  396  375
  339  319  291  269  247  226  213  192  147                                   
    15.0-180.0 180.0   5.0 450.0                            LAT/LON1/LON2/DLON/H
  186  161  140  125  122  113  113  104   96   83   79   73   74   75   72   79
   81   95  114  141  162  184  200  218  232  260  280  305  337  378  426  469
  503  533  554  570  583  592  603  619  632  652  670  691  713  726  740  734
  733  710  695  666  644  614  572  541  507  489  469  468  454  446  411  400
  367  358  326  311  283  264  242  232  186                                   
    12.5-180.0 180.0   5.0 450.0                            LAT/LON1/LON2/DLON/H
  211  192  166  145  138  125  118  111  104   94   87   78   80   79   82   83
   92  106  131  154  179  194  214  226  253  271  294  315  353  396  446  487
  516  546  565  581  592  601  611  630  644  670  686  710  724  738  734  725
  704  684  661  632  607  565  534  492  473  444  438  434  432  432  411  405
  376  369  342  330  306  291  270  255  211                                   
    10.0-180.0 180.0   5.0 450.0                            LAT/LON1/LON2/DLON/H
  229  211  186  161  145  134  125  111  103   94   86   80   78   80   83   88
   94  115  137  166  185  207  220  246  261  282  302  332  372  422  459  496
  526  552  571  584  598  607  620  638  659  682  702  717  729  727  723  700
  685  652  632  598  572  535  503  466  440  418  404  404  400  408  398  400
  379  372  348  337  315  303  285  268  229                                   
     7.5-180.0 180.0   5.0 450.0                            LAT/LON1/LON2/DLON/H
  239  224  199  176  154  138  127  112  106   96   92   86   86   86   92   96
  109  127  154  181  205  220  238  255  269  290  318  355  402  444  480  505
