data/unet/pred2160.15i
     1.0            IONOSPHERE MAPS     GNSS                IONEX VERSION / TYPE
pyspatialgeodesy        IME             05-JAN-18 20:20     PGM / RUN BY / DATE 
Map Name                                                    COMMENT             
Predicted global ionosphere maps (GIM).                     DESCRIPTION         
  2015     8     4     0     0     0                        EPOCH OF FIRST MAP  
  2015     8     5     0     0     0                        EPOCH OF LAST MAP   
  7200                                                      INTERVAL            
    13                                                      # OF MAPS IN FILE   
  NONE                                                      MAPPING FUNCTION    
10.0                                                        ELEVATION CUTOFF    
One-way carrier phase leveled to code                       OBSERVABLES USED    
  6371.0                                                    BASE RADIUS         
 2                                                          MAP DIMENSION       
   450.0 450.0   0.0                                        HGT1 / HGT2 / DHGT  
    87.5 -87.5  -2.5                                        LAT1 / LAT2 / DLAT  
  -180.0 180.0   5.0                                        LON1 / LON2 / DLON  
    -1                                                      EXPONENT            
                                                            END OF HEADER       
[from data line 4719]
    12                                                      START OF TEC MAP    
  2015     8     4    22     0     0                        EPOCH OF CURRENT MAP
    87.5-180.0 180.0   5.0 450.0                            LAT/LON1/LON2/DLON/H
  188  136  122  124  123  123  123  124  124  125  125  125  125  126  125  125
  125  125  125  125  124  125  124  124  123  124  123  124  122  123  122  123
  122  122  122  122  121  121  121  121  121  121  121  121  121  121  121  121
  121  121  121  121  120  121  120  120  119  119  118  118  118  118  117  118
  118  119  119  120  120  120  123  158  188                                   
    85.0-180.0 180.0   5.0 450.0                            LAT/LON1/LON2/DLON/H
  134  122  121  123  124  123  125  124  126  126  127  126  128  127  128  127
  127  126  127  126  126  126  125  125  124  124  123  123  121  121  120  120
  119  119  119  119  118  118  118  118  118  118  118  119  118  119  119  120
  119  120  119  120  119  119  119  118  118  117  117  115  116  115  115  115
  116  116  118  117  119  116  121  143  134                                   
    82.5-180.0 180.0   5.0 450.0                            LAT/LON1/LON2/DLON/H
  132  128  126  128  127  130  130  132  132  134  133  135  134  135  134  135
  133  134  133  134  132  132  130  130  128  128  125  125  123  123  121  121
  120  120  118  119  118  118  118  118  118  119  119  120  120  121  121  123
  122  124  123  125  123  124  122  123  121  122  120  120  119  119  118  119
  119  121  121  122  121  121  124  143  132                                   
    80.0-180.0 180.0   5.0 450.0                            LAT/LON1/LON2/DLON/H
  138  135  131  132  134  135  138  139  140  141  142  143  143  143  143  143
  143  142  141  141  140  139  138  137  135  134  132  130  129  127  126  125
  124  123  123  122  123  122  123  122  124  123  125  124  126  126  128  129
  130  130  131  131  131  130  129  128  127  125  124  123  122  121  121  121
  122  123  125  124  125  123  123  137  138                                   
    77.5-180.0 180.0   5.0 450.0                            LAT/LON1/LON2/DLON/H
  141  141  137  139  140  142  146  146  149  150  152  152  153  152  153  151
  152  150  151  148  149  146  146  143  142  139  138  135  133  130  130  128
  128  127  127  127  127  127  128  128  128  128  128  129  130  131  132  133
  134  135  135  135  135  133  133  130  130  127  127  125  125  124  125  124
  127  127  130  129  131  127  126  139  141                                   
    75.0-180.0 180.0   5.0 450.0                            LAT/LON1/LON2/DLON/H
  146  145  142  146  147  150  152  155  157  160  161  163  163  163  162  162
  160  159  158  157  156  155  153  151  149  146  144  141  138  135  133  131
  131  130  132  131  133  131  133  131  132  130  132  131  132  132  133  134
  135  135  135  135  134  133  132  131  129  128  126  127  126  127  127  129
  130  133  134  135  136  133  133  145  146                                   
    72.5-180.0 180.0   5.0 450.0                            LAT/LON1/LON2/DLON/H
  149  148  146  148  149  152  156  158  162  164  168  168  169  168  168  165
  164  162  162  160  161  159  159  156  155  151  148  144  141  137  135  133
  133  133  134  135  136  136  135  134  133  132  130  130  129  130  130  132
  131  133  132  133  131  130  129  128  127  125  125  124  125  125  127  128
  131  133  137  138  139  138  137  152  149                                   
    70.0-180.0 180.0   5.0 450.0                            LAT/LON1/LON2/DLON/H
  151  150  148  151  152  155  158  162  166  170  173  176  176  175  173  171
  168  166  165  165  165  165  165  163  161  158  154  149  145  140  138  136
  136  135  138  137  139  136  136  132  131  127  126  122  122  121  123  123
  125  125  126  126  125  124  123  123  122  122  122  123  124  127  128  131
  133  137  140  140  143  140  140  154  151                                   
    67.5-180.0 180.0   5.0 450.0                            LAT/LON1/LON2/DLON/H
  154  153  151  151  152  154  158  161  167  170  176  177  179  177  176  172
  170  167  167  166  168  168  169  168  166  162  159  153  149  143  141  138
  137  136  137  137  137  135  132  129  124  119  115  112  110  110  110  112
  112  115  114  116  114  115  114  115  115  116  117  119  122  125  128  131
  135  137  140  141  143  143  143  158  154                                   
    65.0-180.0 180.0   5.0 450.0                            LAT/LON1/LON2/DLON/H
  158  156  155  155  155  156  159  163  167  173  178  182  183  182  180  176
  173  171  171  171  173  175  176  175  174  170  166  160  156  149  146  142
  142  139  140  137  137  132  129  122  117  109  106  101  100   98   99  100
  102  102  104  103  104  104  105  107  109  111  114  118  122  127  130  134
  137  141  143  143  146  143  145  160  158                                   
    62.5-180.0 180.0   5.0 450.0                            LAT/LON1/LON2/DLON/H
  162  161  159  158  157  156  159  160  166  170  178  181  184  183  182  178
  176  173  174  174  177  179  182  181  180  175  172  166  162  156  153  148
  145  142  140  137  134  129  124  117  109  103   97   93   90   90   89   91
   91   93   91   93   92   95   95   99  102  107  110  117  122  127  131  135
  139  141  145  144  147  146  149  165  162                                   
    60.0-180.0 180.0   5.0 450.0                            LAT/LON1/LON2/DLON/H
  167  167  166  165  162  160  160  161  165  170  176  181  184  185  184  182
  179  177  178  180  184  186  189  188  188  183  180  174  172  166  163  157
  154  147  144  138  135  127  122  113  108   99   96   90   89   87   87   86
   87   85   84   83   84   85   89   93   98  104  110  117  124  129  134  139
  142  145  148  148  151  150  154  171  167                                   
    57.5-180.0 180.0   5.0 450.0                            LAT/LON1/LON2/DLON/H
  173  173  172  170  165  162  161  159  162  164  171  175  180  180  182  180
  179  177  180  181  186  188  191  191  190  186  185  181  180  176  173  167
  161  153  146  139  133  126  120  113  106  101   96   93   91   89   87   86
   83   82   78   78   77   80   82   88   94  102  108  117  123  131  135  140
  144  148  151  151  153  154  159  178  173                                   
    55.0-180.0 180.0   5.0 450.0                            LAT/LON1/LON2/DLON/H
  179  180  181  179  174  170  166  163  162  163  168  171  175  178  181  180
  180  181  183  185  189  192  195  194  195  191  193  190  192  188  186  178
  171  160  152  142  137  128  124  116  113  106  105  100  100   97   95   91
   87   82   79   76   76   77   81   87   94  102  110  118  126  132  139  144
  149  153  156  156  160  159  165  185  179                                   
    52.5-180.0 180.0   5.0 450.0                            LAT/LON1/LON2/DLON/H
  187  189  189  187  182  178  173  168  166  164  166  167  171  173  177  178
  179  179  182  184  188  191  194  194  195  194  196  197  200  200  197  189
  179  167  156  146  140  133  129  124  120  116  114  112  110  107  103   98
   92   87   80   79   76   79   82   89   95  105  111  121  127  136  143  150
  157  162  165  166  167  168  172  195  187                                   
    50.0-180.0 180.0   5.0 450.0                            LAT/LON1/LON2/DLON/H
  197  199  199  198  195  190  185  180  177  173  172  171  172  174  178  179
  182  183  185  187  190  193  197  197  200  198  203  204  211  209  209  199
  189  174  162  151  146  139  137  133  131  127  127  125  124  120  116  108
  102   94   89   85   84   84   88   93  102  109  118  125  133  141  150  158
  167  173  179  178  182  179  183  207  197                                   
    47.5-180.0 180.0   5.0 450.0                            LAT/LON1/LON2/DLON/H
  206  209  208  208  205  203  200  195  191  186  182  178  177  177  179  181
  183  184  186  187  190  192  196  198  201  202  206  209  214  215  213  205
  193  178  166  156  151  146  145  142  140  138  137  137  135  132  126  119
  110  103   96   94   91   92   93  100  106  115  122  132  139  149  158  169
  179  187  193  195  195  195  194  218  206                                   
    45.0-180.0 180.0   5.0 450.0                            LAT/LON1/LON2/DLON/H
  218  219  217  218  218  217  216  212  210  204  199  193  190  188  189  190
  192  192  193  194  196  199  203  205  210  209  215  215  221  218  218  207
  197  181  171  162  158  154  153  151  150  148  148  148  147  143  138  130
  122  114  109  105  103  101  103  106  114  121  131  139  148  157  169  180
  193  202  210  210  214  209  210  230  218                                   
    42.5-180.0 180.0   5.0 450.0                            LAT/LON1/LON2/DLON/H
  227  227  225  225  228  230  232  231  230  225  219  212  207  202  201  200
  202  200  202  201  205  207  212  215  218  219  222  222  224  221  218  210
  199  186  177  169  166  164  162  160  158  157  157  158  157  153  147  140
  131  125  119  117  113  112  111  114  119  128  136  147  158  170  181  194
  207  218  225  229  229  228  224  244  227                                   
    40.0-180.0 180.0   5.0 450.0                            LAT/LON1/LON2/DLON/H
  240  236  233  235  239  242  247  249  250  247  241  234  228  222  220  217
  218  215  217  216  220  223  229  231  236  233  235  230  232  225  223  213
  206  192  185  178  177  173  172  168  167  165  166  167  166  163  156  149
  142  135  131  127  124  120  120  120  126  133  144  154  168  180  194  206
  220  230  239  241  245  240  240  256  240                                   
    37.5-180.0 180.0   5.0 450.0                            LAT/LON1/LON2/DLON/H
  252  246  244  242  249  252  261  263  268  265  263  256  250  243  240  235
  235  231  233  233  238  240  248  250  254  250  249  241  238  230  225  217
  209  200  191  187  183  181  178  175  173  173  173  175  174  170  163  156
  149  144  138  135  130  126  123  123  127  136  146  161  175  191  204  218
  229  241  248  254  254  255  251  269  252                                   
    35.0-180.0 180.0   5.0 450.0                            LAT/LON1/LON2/DLON/H
  267  260  258  257  261  264  273  277  283  284  283  277  271  264  260  255
  255  251  255  253  261  262  272  273  278  271  268  255  250  237  234  223
  219  209  203  195  191  186  183  180  179  179  182  182  182  176  169  161
  154  147  144  139  135  129  125  123  127  134  147  162  181  196  212  224
  236  245  254  257  262  262  261  276  267                                   
    32.5-180.0 180.0   5.0 450.0                            LAT/LON1/LON2/DLON/H
  280  276  275  272  276  277  286  289  299  299  303  297  294  285  281  275
  274  272  275  276  283  286  294  296  299  290  285  270  263  249  241  233
  225  217  209  200  194  187  184  182  182  185  188  190  187  182  174  165
  156  149  143  138  132  127  121  120  121  130  142  161  181  200  215  228
  237  249  255  263  266  271  268  288  280                                   
    30.0-180.0 180.0   5.0 450.0                            LAT/LON1/LON2/DLON/H
  293  292  295  291  293  293  300  304  314  319  324  320  318  308  304  295
  298  292  299  297  307  307  318  315  319  307  303  285  279  261  254  240
  234  222  215  204  196  187  184  182  185  188  195  194  193  184  176  164
  156  146  140  133  129  122  118  114  115  122  136  154  178  197  215  226
  237  246  256  262  270  275  278  298  293                                   
    27.5-180.0 180.0   5.0 450.0                            LAT/LON1/LON2/DLON/H
  303  310  313  310  311  310  317  321  332  339  344  342  341  332  328  320
  321  317  322  321  328  328  335  333  333  322  316  299  290  272  261  246
  238  225  215  202  192  182  178  178  183  190  195  197  193  184  174  162
  152  141  132  124  118  114  110  108  108  114  125  145  168  191  210  224
  234  245  255  266  274  282  285  309  303                                   
    25.0-180.0 180.0   5.0 450.0                            LAT/LON1/LON2/DLON/H
  315  323  330  328  328  328  333  340  352  361  367  369  367  363  357  351
  352  345  353  347  355  351  356  350  348  335  328  309  299  279  269  253
  244  227  215  197  187  175  173  173  181  187  194  191  188  176  167  154
  143  130  121  112  109  105  104  102  101  105  115  133  157  181  203  219
  231  244  257  268  279  286  294  317  315                                   
    22.5-180.0 180.0   5.0 450.0                            LAT/LON1/LON2/DLON/H
  322  335  341  341  341  342  348  356  370  382  391  396  396  393  389  385
  384  381  382  379  380  375  373  366  360  345  334  315  303  283  272  258
  247  227  210  191  179  170  165  168  174  182  185  182  175  164  154  142
  132  120  110  102  100   99   99   99   97  100  107  124  145  170  194  213
  228  244  260  274  285  295  301  327  322                                   
    20.0-180.0 180.0   5.0 450.0                            LAT/LON1/LON2/DLON/H
  331  340  348  350  350  353  361  371  387  401  414  424  427  426  422  422
  421  419  419  412  410  400  394  382  371  351  335  316  302  284  272  257
  244  223  204  184  174  163  162  163  169  170  172  165  158  145  138  126
  118  107  101   94   95   94   97   95   93   93   99  113  134  159  186  209
  228  247  267  281  295  302  311  335  331                                   
    17.5-180.0 180.0   5.0 450.0                            LAT/LON1/LON2/DLON/H
  335  347  352  354  355  360  369  381  398  416  433  448  455  459  457  459
  459  460  453  447  437  425  413  396  378  353  336  316  301  283  269  253
  236  214  197  181  168  164  160  164  163  163  158  150  141  129  121  113
  106   97   91   88   89   92   94   93   90   90   94  108  127  151  179  205
  228  250  272  288  302  312  319  342  335                                   
    15.0-180.0 180.0   5.0 450.0                            LAT/LON1/LON2/DLON/H
  344  353  357  360  360  367  373  388  404  425  445  464  475  484  485  490
  492  492  488  479  466  450  431  409  384  355  332  312  295  279  262  245
  226  205  192  178  169  164  164  162  159  152  146  135  126  114  109  101
   97   90   88   85   89   90   93   90   87   84   88  100  120  144  176  205
  233  257  280  295  311  320  329  349  344                                   
    12.5-180.0 180.0   5.0 450.0                            LAT/LON1/LON2/DLON/H
  349  361  363  367  367  371  377  391  404  428  449  473  488  502  509  516
  520  523  518  509  494  473  450  420  392  357  333  310  295  277  259  237
  220  204  193  186  176  175  170  167  159  150  141  131  121  110  103   96
   92   86   83   82   85   87   89   88   84   83   85   98  116  142  172  205
  233  259  282  298  316  328  338  358  349                                   
    10.0-180.0 180.0   5.0 450.0                            LAT/LON1/LON2/DLON/H
  361  374  375  378  377  380  382  395  405  429  447  473  489  508  519  533
  542  544  542  534  518  496  468  438  404  367  338  314  296  275  253  233
  218  205  199  190  187  183  179  170  161  150  141  131  122  111  103   95
   90   85   83   81   84   84   85   83   79   77   81   92  111  135  170  202
  233  259  285  301  321  336  349  367  361                                   
     7.5-180.0 180.0   5.0 450.0                            LAT/LON1/LON2/DLON/H
  371  391  388  391  388  387  389  398  406  426  443  468  486  506  521  538
  552  558  557  548  532  507  479  446  412  374  345  319  296  271  251  231
