data/unet/pred2590.15i
     1.0            IONOSPHERE MAPS     GNSS                IONEX VERSION / TYPE
pyspatialgeodesy        IME             05-JAN-18 20:20     PGM / RUN BY / DATE 
Map Name                                                    COMMENT             
Predicted global ionosphere maps (GIM).                     DESCRIPTION         
  2015     9    16     0     0     0                        EPOCH OF FIRST MAP  
  2015     9    17     0     0     0                        EPOCH OF LAST MAP   
  7200                                                      INTERVAL            
    13                                                      # OF MAPS IN FILE   
  NONE                                                      MAPPING FUNCTION    
10.0                                                        ELEVATION CUTOFF    
One-way carrier phase leveled to code                       OBSERVABLES USED    
  6371.0                                                    BASE RADIUS         
 2                                                          MAP DIMENSION       
   450.0 450.0   0.0                                        HGT1 / HGT2 / DHGT  
    87.5 -87.5  -2.5                                        LAT1 / LAT2 / DLAT  
  -180.0 180.0   5.0                                        LON1 / LON2 / DLON  
    -1                                                      EXPONENT            
                                                            END OF HEADER       
[from data line 2574]
     7                                                      START OF TEC MAP    
  2015     9    16    12     0     0                        EPOCH OF CURRENT MAP
    87.5-180.0 180.0   5.0 450.0                            LAT/LON1/LON2/DLON/H
   91   96   94   97   93   95   93   95   94   95   94   96   95   97   96   98
   96   98   96   98   96   98   95   97   95   96   94   96   93   95   92   94
   91   92   90   91   89   89   87   88   87   87   86   87   86   87   85   87
   86   88   87   89   88   90   88   91   90   92   91   93   92   94   92   94
   92   94   92   94   92   93  101   89   91                                   
    85.0-180.0 180.0   5.0 450.0                            LAT/LON1/LON2/DLON/H
   94   92   89   84   88   85   89   86   89   86   89   87   90   88   91   89
   92   90   92   92   94   93   96   95   97   96   97   95   96   94   95   93
   92   90   90   88   88   86   85   84   84   83   83   82   83   82   83   83
   85   84   86   85   88   86   89   87   90   88   91   89   92   89   92   89
   92   89   92   88   90   90   94   96   94                                   
    82.5-180.0 180.0   5.0 450.0                            LAT/LON1/LON2/DLON/H
   90   84   82   82   80   79   79   79   79   79   79   80   80   80   82   82
   84   84   86   87   90   90   93   94   96   96   97   97   97   96   95   94
   92   91   89   87   85   83   81   80   78   78   77   77   77   77   78   78
   79   79   80   81   82   83   84   85   86   86   87   86   87   85   86   84
   85   83   83   80   81   79   81   77   90                                   
    80.0-180.0 180.0   5.0 450.0                            LAT/LON1/LON2/DLON/H
   77   70   73   71   73   69   73   70   73   70   73   71   74   72   75   75
   78   77   81   82   85   86   90   92   95   95   98   97   99   97   98   95
   95   91   91   86   85   81   81   78   78   75   77   76   77   76   79   78
   81   80   83   82   84   83   86   85   87   85   87   84   85   82   83   79
   81   76   79   73   76   70   69   71   77                                   
    77.5-180.0 180.0   5.0 450.0                            LAT/LON1/LON2/DLON/H
   68   65   60   61   59   61   60   62   60   61   60   62   61   63   63   66
   66   69   70   74   75   80   83   87   89   94   94   98   96   99   96   97
   91   91   86   84   80   78   75   74   71   72   72   74   73   76   76   78
   77   79   79   80   79   81   80   82   80   82   80   81   77   79   74   75
   70   72   66   67   63   61   61   58   68                                   
    75.0-180.0 180.0   5.0 450.0                            LAT/LON1/LON2/DLON/H
   60   54   54   54   53   53   55   54   54   53   54   53   55   54   57   58
   61   62   66   69   73   76   81   85   89   93   96   98  100  100  100   98
   96   92   89   85   81   79   76   75   73   74   75   76   77   79   81   82
   81   82   81   81   80   81   80   80   78   78   77   76   74   73   71   70
   67   66   63   61   60   56   56   55   60                                   
    72.5-180.0 180.0   5.0 450.0                            LAT/LON1/LON2/DLON/H
   55   52   48   49   49   49   50   49   49   48   48   48   49   49   51   53
   54   57   59   63   65   69   74   79   83   89   91   97   98  103  101  102
   97   96   90   87   82   80   78   77   77   79   80   82   83   85   86   86
   85   84   83   81   80   78   77   76   74   74   73   72   71   69   67   65
   63   61   58   56   55   51   53   48   55                                   
    70.0-180.0 180.0   5.0 450.0                            LAT/LON1/LON2/DLON/H
   52   46   48   46   47   47   49   47   48   45   46   45   46   46   49   50
   53   54   58   58   63   65   69   74   78   85   88   94   96  101  101  103
  100   99   93   91   85   84   82   83   82   85   87   90   92   94   94   94
   91   90   86   84   80   79   76   74   73   71   71   68   69   66   66   63
   62   59   58   54   54   49   50   48   52                                   
    67.5-180.0 180.0   5.0 450.0                            LAT/LON1/LON2/DLON/H
   50   47   45   45   47   47   48   48   48   46   46   45   46   46   48   49
   51   53   54   56   59   61   64   68   72   78   81   89   91   97   97  100
   98   98   93   92   87   87   85   88   88   93   94   99   99  102  100   99
   95   92   87   83   79   76   72   71   69   68   67   66   66   64   64   62
   60   58   56   52   51   47   50   45   50                                   
    65.0-180.0 180.0   5.0 450.0                            LAT/LON1/LON2/DLON/H
   49   43   45   43   44   46   48   47   47   45   45   45   46   46   48   50
   52   53   56   55   58   59   61   66   67   75   76   84   86   92   93   99
   96  100   94   96   90   92   89   93   93  100  100  106  105  108  104  103
   97   94   88   84   78   76   72   70   68   67   67   66   66   65   64   62
   60   58   57   53   52   47   48   46   49                                   
    62.5-180.0 180.0   5.0 450.0                            LAT/LON1/LON2/DLON/H
   47   44   41   41   43   43   45   44   45   42   44   42   45   44   49   49
   53   53   55   56   58   58   61   64   65   70   71   78   80   87   88   94
   94   97   94   95   92   93   93   96   97  102  103  107  106  107  104  102
   97   93   87   84   78   76   72   71   70   70   70   70   69   68   66   64
   62   59   57   53   52   47   50   44   47                                   
    60.0-180.0 180.0   5.0 450.0                            LAT/LON1/LON2/DLON/H
   46   39   40   37   38   40   41   40   40   38   39   40   42   43   46   48
   51   53   55   56   57   58   60   65   64   70   70   76   77   85   86   94
   93  100   96  101   95  100   96  102  100  108  105  112  107  111  105  106
   99   97   91   89   83   82   79   78   76   77   77   76   75   73   70   67
   64   61   59   56   54   48   48   43   46                                   
    57.5-180.0 180.0   5.0 450.0                            LAT/LON1/LON2/DLON/H
   46   42   35   36   36   35   36   34   34   31   34   33   38   38   44   45
   50   50   55   56   59   61   64   67   67   71   70   76   76   84   86   94
   96  102  101  103  101  102  101  104  104  109  107  111  108  110  107  107
  104  103   98   96   92   91   87   87   85   86   85   85   82   80   76   72
   68   64   61   57   55   50   49   41   46                                   
    55.0-180.0 180.0   5.0 450.0                            LAT/LON1/LON2/DLON/H
   44   40   37   33   34   33   33   29   28   25   27   28   32   34   38   42
   46   48   52   54   58   61   65   70   69   75   73   80   79   88   89   99
  100  109  106  111  106  110  106  112  108  116  111  117  111  117  112  116
  111  113  109  108  103  102   99   98   96   96   96   95   92   88   82   76
   71   68   65   60   57   52   50   43   44                                   
    52.5-180.0 180.0   5.0 450.0                            LAT/LON1/LON2/DLON/H
   49   48   38   36   35   33   31   28   24   22   23   24   28   29   34   37
   42   45   50   54   59   64   68   74   77   80   81   85   86   93   96  105
  108  115  115  118  116  117  115  118  117  119  117  119  117  120  120  122
  122  124  121  121  116  114  110  109  106  108  105  105  100   97   89   83
   77   72   68   62   60   55   54   45   49                                   
    50.0-180.0 180.0   5.0 450.0                            LAT/LON1/LON2/DLON/H
   53   51   47   40   41   37   37   30   27   23   24   24   27   28   32   35
   40   44   51   55   62   67   72   79   81   89   88   94   93  101  103  112
  114  123  122  127  123  128  125  131  127  132  127  131  127  132  131  135
  134  137  135  133  129  125  122  120  119  119  117  116  111  106   99   91
   84   78   74   69   65   61   59   52   53                                   
    47.5-180.0 180.0   5.0 450.0                            LAT/LON1/LON2/DLON/H
   61   62   53   51   49   45   42   36   31   27   25   26   26   27   30   33
   38   43   50   57   63   69   75   81   87   95   97  102  103  108  110  118
  121  127  129  132  134  138  139  142  142  143  141  141  140  141  142  145
  145  146  143  142  136  133  129  128  126  127  124  124  119  115  108  100
   93   86   81   75   70   65   65   58   61                                   
    45.0-180.0 180.0   5.0 450.0                            LAT/LON1/LON2/DLON/H
   67   69   65   59   61   54   54   45   43   36   35   33   33   32   33   35
   40   46   55   62   70   75   81   88   94  105  106  114  112  118  117  125
  126  134  135  143  145  153  154  159  157  160  155  155  152  154  153  156
  153  154  150  147  140  137  134  133  132  132  131  130  126  123  117  109
  101   95   90   82   77   72   70   69   67                                   
    42.5-180.0 180.0   5.0 450.0                            LAT/LON1/LON2/DLON/H
   73   76   69   71   66   64   60   56   50   46   42   43   38   38   36   38
   41   49   59   68   75   79   85   92   98  110  114  120  121  124  124  130
  132  138  142  150  157  164  170  173  176  175  172  169  167  166  165  165
  161  159  151  147  139  137  134  134  133  135  133  134  131  129  125  119
  112  105   99   91   83   77   77   76   73                                   
    40.0-180.0 180.0   5.0 450.0                            LAT/LON1/LON2/DLON/H
   77   80   78   75   77   70   74   63   64   56   58   52   52   49   49   48
   52   58   71   77   86   89   94  101  107  120  124  131  129  132  130  137
  138  147  151  164  171  183  189  195  195  196  190  188  182  182  177  178
  170  167  157  151  141  139  136  137  136  138  137  138  136  134  131  127
  121  115  108  100   89   83   81   85   77                                   
    37.5-180.0 180.0   5.0 450.0                            LAT/LON1/LON2/DLON/H
   78   80   75   81   78   77   75   73   69   66   62   63   59   59   55   58
   58   68   79   89   95   98  100  108  113  127  131  137  136  139  139  145
  148  157  165  175  189  199  210  212  216  212  209  203  200  197  194  191
  184  177  165  157  146  143  139  141  140  142  141  142  140  140  137  133
  128  122  116  105   96   86   84   89   78                                   
    35.0-180.0 180.0   5.0 450.0                            LAT/LON1/LON2/DLON/H
   79   81   78   77   79   76   78   73   76   70   73   67   71   66   69   65
   69   75   89   97  107  109  112  118  124  137  140  146  144  149  148  158
  162  175  183  198  212  227  236  241  239  238  229  226  219  219  214  213
  203  197  182  172  159  155  150  150  148  148  145  144  141  139  137  133
  128  125  119  110   98   91   88   92   79                                   
    32.5-180.0 180.0   5.0 450.0                            LAT/LON1/LON2/DLON/H
   79   76   72   78   75   75   75   75   74   74   72   73   72   73   71   73
   72   82   94  107  114  119  120  127  131  143  147  152  152  157  161  171
  182  195  210  227  245  257  265  265  262  256  251  246  244  242  243  238
  233  224  214  201  191  183  176  172  167  163  157  153  147  144  138  133
  128  125  120  111  101   91   88   91   79                                   
    30.0-180.0 180.0   5.0 450.0                            LAT/LON1/LON2/DLON/H
   80   78   75   74   74   72   74   73   75   73   77   75   81   78   83   77
   81   85  100  113  125  129  132  138  143  154  157  162  163  170  177  189
  204  221  241  261  276  289  293  293  285  283  276  276  273  276  274  275
  267  265  255  246  232  223  212  204  195  183  172  163  155  148  140  134
  128  125  120  113  103   97   93   91   80                                   
    27.5-180.0 180.0   5.0 450.0                            LAT/LON1/LON2/DLON/H
   82   79   72   77   75   72   71   73   73   74   72   76   77   80   80   81
   79   87  100  115  127  135  137  145  148  159  163  169  172  179  191  206
  228  247  271  290  303  315  319  316  311  306  302  305  305  311  313  316
  315  316  310  303  290  278  260  246  231  213  197  179  167  154  145  135
  130  125  123  115  107  101   95   89   82                                   
    25.0-180.0 180.0   5.0 450.0                            LAT/LON1/LON2/DLON/H
   87   83   80   76   80   73   75   71   73   72   73   74   80   80   84   79
   82   84   99  115  129  139  143  149  153  164  169  176  180  189  204  222
  248  271  295  314  324  334  336  336  333  333  332  338  340  351  353  366
  367  376  370  368  350  338  314  297  271  245  219  194  175  160  147  138
  130  128  123  120  113  110  104   98   87                                   
    22.5-180.0 180.0   5.0 450.0                            LAT/LON1/LON2/DLON/H
   97   95   90   91   85   83   81   79   76   74   72   75   74   81   79   79
   76   82   94  111  126  138  142  151  155  165  172  180  187  197  215  236
  266  290  317  334  343  349  350  351  352  357  359  369  375  385  394  404
  413  419  418  411  394  376  351  331  306  278  245  217  192  173  156  144
  137  133  131  126  121  116  116  102   97                                   
    20.0-180.0 180.0   5.0 450.0                            LAT/LON1/LON2/DLON/H
   97   98   98   92   93   84   86   79   76   72   70   71   74   75   81   77
   79   80   96  108  126  138  144  152  158  169  178  186  196  210  229  257
  287  315  337  352  357  360  360  362  366  374  380  392  401  414  422  438
  445  455  449  445  424  406  377  356  328  305  272  242  211  186  168  157
  148  144  140  137  130  130  127  114   97                                   
    17.5-180.0 180.0   5.0 450.0                            LAT/LON1/LON2/DLON/H
  108  112  110  110  102   97   91   89   81   75   69   70   72   77   78   79
   77   80   93  107  123  133  141  151  159  173  183  195  207  223  247  273
  306  332  352  366  368  373  371  381  384  397  400  416  423  434  441  453
  464  469  465  456  438  417  389  366  340  320  295  265  237  209  189  177
  168  160  155  147  139  135  137  120  108                                   
    15.0-180.0 180.0   5.0 450.0                            LAT/LON1/LON2/DLON/H
  113  122  122  118  116  106  104   90   89   75   71   66   66   71   74   75
   78   79   95  103  123  131  143  152  163  177  190  206  220  242  265  298
  322  349  365  381  379  385  385  397  402  413  419  434  442  452  457  469
  475  478  469  460  439  416  389  368  347  331  309  285  256  231  208  197
  186  180  169  159  148  146  142  132  113                                   
    12.5-180.0 180.0   5.0 450.0                            LAT/LON1/LON2/DLON/H
  127  131  126  127  120  112  105   98   87   83   72   68   64   69   76   80
   83   89  103  116  133  140  148  154  167  184  202  219  237  259  286  308
  334  358  377  392  394  407  406  424  425  438  438  449  452  458  457  465
  467  467  460  450  429  408  381  362  347  334  317  294  271  248  232  220
  211  197  185  167  158  148  150  134  127                                   
    10.0-180.0 180.0   5.0 450.0                            LAT/LON1/LON2/DLON/H
  136  138  133  132  128  116  114  100   97   85   79   70   67   67   75   79
   88   94  109  123  138  147  155  161  177  194  214  234  254  281  302  325
  341  370  385  403  407  420  422  436  439  447  446  453  454  458  456  461
  461  458  448  437  416  394  370  350  338  328  313  294  272  254  243  236
  228  216  200  182  168  163  157  145  136                                   
     7.5-180.0 180.0   5.0 450.0                            LAT/LON1/LON2/DLON/H
  144  140  129  121  116  108  105  100   94   89   81   74   69   69   75   81
   92  102  121  138  154  161  169  172  190  209  229  252  274  296  315  330
