data/unet/pred1390.15i
     1.0            IONOSPHERE MAPS     GNSS                IONEX VERSION / TYPE
pyspatialgeodesy        IME             05-JAN-18 20:20     PGM / RUN BY / DATE 
Map Name                                                    COMMENT             
Predicted global ionosphere maps (GIM).                     DESCRIPTION         
  2015     5    19     0     0     0                        EPOCH OF FIRST MAP  
  2015     5    20     0     0     0                        EPOCH OF LAST MAP   
  7200                                                      INTERVAL            
    13                                                      # OF MAPS IN FILE   
  NONE                                                      MAPPING FUNCTION    
10.0                                                        ELEVATION CUTOFF    
One-way carrier phase leveled to code                       OBSERVABLES USED    
  6371.0                                                    BASE RADIUS         
 2                                                          MAP DIMENSION       
   450.0 450.0   0.0                                        HGT1 / HGT2 / DHGT  
    87.5 -87.5  -2.5                                        LAT1 / LAT2 / DLAT  
  -180.0 180.0   5.0                                        LON1 / LON2 / DLON  
    -1                                                      EXPONENT            
                                                            END OF HEADER       
[from data line 5148]
    13                                                      START OF TEC MAP    
  2015     5    20     0     0     0                        EPOCH OF CURRENT MAP
    87.5-180.0 180.0   5.0 450.0                            LAT/LON1/LON2/DLON/H
  201  176  169  165  162  157  157  155  156  154  154  152  153  151  153  151
  153  151  153  151  153  151  153  151  152  150  151  149  150  148  150  147
  149  147  149  147  150  149  151  150  154  154  158  157  162  162  165  164
  169  167  171  169  173  171  174  171  175  173  176  174  178  176  179  176
  179  178  181  180  186  179  171  188  201                                   
    85.0-180.0 180.0   5.0 450.0                            LAT/LON1/LON2/DLON/H
  182  184  182  177  172  167  169  167  168  165  168  166  166  165  167  166
  166  166  168  167  167  165  166  164  163  161  161  158  158  155  156  153
  154  152  154  154  156  156  159  158  163  162  166  166  170  170  173  172
  176  175  177  176  179  178  180  179  181  181  183  183  185  185  187  186
  188  187  190  189  194  188  177  167  182                                   
    82.5-180.0 180.0   5.0 450.0                            LAT/LON1/LON2/DLON/H
  184  189  184  181  174  171  171  171  170  169  170  170  170  170  171  172
  172  172  174  173  172  171  170  168  165  162  160  157  155  153  152  150
  149  148  150  150  152  152  155  156  159  161  164  166  168  170  171  172
  174  174  175  175  176  177  176  177  178  180  180  183  184  186  186  189
  188  191  192  194  196  191  178  170  184                                   
    80.0-180.0 180.0   5.0 450.0                            LAT/LON1/LON2/DLON/H
  183  189  185  180  174  173  173  174  172  172  172  173  172  173  175  176
  177  178  179  180  179  178  176  175  170  167  163  160  155  154  150  149
  147  147  147  148  150  152  153  155  158  160  162  164  166  167  168  169
  170  170  170  171  171  171  171  172  173  174  176  179  180  183  184  187
  187  190  192  193  196  193  181  172  183                                   
    77.5-180.0 180.0   5.0 450.0                            LAT/LON1/LON2/DLON/H
  181  185  182  178  172  173  173  174  171  171  171  172  172  174  176  180
  181  183  185  187  187  186  184  182  177  172  167  163  157  154  151  149
  147  147  148  149  151  154  156  158  160  162  164  164  166  166  167  167
  168  167  168  168  167  167  167  167  168  169  171  173  175  178  180  183
  185  187  190  192  196  194  185  175  181                                   
    75.0-180.0 180.0   5.0 450.0                            LAT/LON1/LON2/DLON/H
  176  182  179  173  169  167  169  168  168  167  169  169  171  173  177  180
  183  185  188  190  190  189  188  185  180  174  169  163  158  153  152  149
  148  148  151  152  155  158  161  162  164  164  166  165  167  166  168  167
  168  167  167  167  167  165  165  165  165  165  168  169  172  174  177  180
  182  185  189  192  196  195  185  176  176                                   
    72.5-180.0 180.0   5.0 450.0                            LAT/LON1/LON2/DLON/H
  177  180  179  174  168  167  167  168  166  167  168  171  172  175  177  181
  182  185  188  190  190  189  188  184  179  172  167  160  154  150  148  147
  146  148  150  152  155  158  161  161  163  163  164  163  164  165  166  166
  167  166  167  166  166  165  164  163  163  163  165  166  168  170  173  176
  178  182  186  191  197  197  188  179  177                                   
    70.0-180.0 180.0   5.0 450.0                            LAT/LON1/LON2/DLON/H
  174  180  179  171  167  163  165  165  166  166  170  171  173  174  176  177
  178  179  182  184  184  183  182  178  172  166  160  153  148  144  143  141
  142  143  147  149  151  153  155  154  155  154  155  154  156  156  159  159
  161  162  164  164  164  164  163  163  162  161  163  163  164  164  167  168
  171  172  178  183  191  193  187  180  174                                   
    67.5-180.0 180.0   5.0 450.0                            LAT/LON1/LON2/DLON/H
  177  181  179  177  168  167  165  168  167  172  173  178  177  178  177  178
  175  177  177  179  178  178  177  173  167  160  154  148  142  139  137  137
  137  139  142  143  145  146  146  145  144  144  143  144  145  147  150  153
  157  159  163  165  166  166  167  167  166  165  166  165  166  165  166  166
  167  168  173  178  187  192  187  181  177                                   
    65.0-180.0 180.0   5.0 450.0                            LAT/LON1/LON2/DLON/H
  178  184  184  177  171  166  167  166  168  170  175  178  180  178  177  175
  171  169  168  169  168  167  165  162  157  151  145  139  135  131  131  131
  133  135  137  138  138  138  137  135  134  132  131  131  133  135  139  143
  149  154  160  164  167  169  171  172  173  173  174  173  172  171  170  168
  167  167  170  175  184  189  186  182  178                                   
    62.5-180.0 180.0   5.0 450.0                            LAT/LON1/LON2/DLON/H
  183  189  186  185  175  172  168  169  168  173  174  181  180  181  178  177
  170  167  164  163  160  159  156  154  148  143  137  133  128  126  126  127
  130  131  133  133  131  130  128  126  123  122  120  120  122  125  130  137
  144  152  160  165  170  173  176  179  182  183  185  185  184  182  180  177
  174  173  174  178  186  190  189  185  183                                   
    60.0-180.0 180.0   5.0 450.0                            LAT/LON1/LON2/DLON/H
  188  196  195  190  182  176  172  170  170  171  175  177  180  178  179  174
  170  162  159  155  151  147  146  142  138  132  129  124  122  120  121  123
  126  128  130  129  126  125  122  119  116  113  111  110  112  114  120  128
  137  146  156  162  170  174  180  184  191  194  197  198  197  194  192  188
  185  182  181  183  188  193  193  189  188                                   
    57.5-180.0 180.0   5.0 450.0                            LAT/LON1/LON2/DLON/H
  200  207  204  203  192  187  178  177  172  175  174  179  178  181  179  179
  172  168  161  156  149  146  142  140  135  131  127  124  120  120  120  121
  123  125  127  126  123  122  119  117  113  111  107  106  107  111  116  125
  134  144  154  163  170  177  184  191  198  204  208  210  209  208  205  202
  199  197  194  195  198  201  201  197  200                                   
    55.0-180.0 180.0   5.0 450.0                            LAT/LON1/LON2/DLON/H
  212  219  220  213  205  196  189  183  180  178  179  179  180  180  181  179
  177  171  166  158  153  146  145  140  139  134  133  127  124  122  122  122
  123  125  128  128  127  126  124  122  118  114  110  107  107  108  114  121
  131  140  151  159  170  177  187  195  206  212  218  220  221  220  218  216
  215  212  210  209  210  211  212  208  212                                   
    52.5-180.0 180.0   5.0 450.0                            LAT/LON1/LON2/DLON/H
  232  235  235  232  221  213  201  197  189  189  183  185  181  185  182  185
  182  180  174  170  162  161  156  157  153  152  145  142  134  133  129  129
  128  130  132  134  133  133  132  131  127  124  118  115  113  115  119  125
  133  142  152  162  172  183  193  202  212  220  225  228  229  229  230  230
  231  230  229  226  227  225  225  223  232                                   
    50.0-180.0 180.0   5.0 450.0                            LAT/LON1/LON2/DLON/H
  250  254  258  252  246  233  224  214  208  202  197  193  191  189  188  188
  187  186  182  179  174  172  171  170  169  164  159  152  144  140  136  134
  133  134  137  141  141  144  144  144  142  136  131  125  123  121  124  127
  135  141  152  160  173  184  198  207  220  225  232  233  235  235  238  241
  245  248  249  247  246  241  241  241  250                                   
    47.5-180.0 180.0   5.0 450.0                            LAT/LON1/LON2/DLON/H
  275  275  280  279  273  265  254  246  233  226  214  211  200  202  194  198
  194  195  191  191  188  189  187  188  185  182  173  166  154  149  142  141
  137  141  144  150  151  156  157  158  155  151  145  139  136  134  135  137
  142  149  157  167  180  193  206  218  227  233  238  238  238  238  243  248
  257  263  269  269  270  266  262  263  275                                   
    45.0-180.0 180.0   5.0 450.0                            LAT/LON1/LON2/DLON/H
  298  304  311  308  308  299  292  279  269  254  242  228  218  211  205  201
  198  197  196  197  196  198  198  199  196  192  182  173  161  152  147  143
  142  145  150  157  162  168  170  171  169  165  159  153  150  146  146  145
  149  153  163  172  190  203  220  229  239  242  247  245  245  243  249  256
  266  277  285  291  294  292  288  289  298                                   
    42.5-180.0 180.0   5.0 450.0                            LAT/LON1/LON2/DLON/H
  325  333  338  338  338  334  328  319  308  291  273  256  240  230  215  211
  203  204  201  205  205  209  208  209  204  200  187  179  164  157  149  148
  145  151  156  167  172  180  180  182  180  177  172  166  163  160  159  157
  159  162  171  183  200  216  232  242  251  254  256  254  252  253  257  265
  276  289  302  311  319  319  317  318  325                                   
    40.0-180.0 180.0   5.0 450.0                            LAT/LON1/LON2/DLON/H
  352  370  374  377  378  377  371  364  353  335  314  291  274  254  237  222
  214  209  207  210  213  217  215  216  209  203  191  180  168  160  154  154
  154  160  167  177  184  191  191  191  190  185  181  176  175  171  170  167
  168  169  179  189  208  222  240  249  261  263  267  263  264  263  268  275
  288  302  318  331  344  346  347  347  352                                   
    37.5-180.0 180.0   5.0 450.0                            LAT/LON1/LON2/DLON/H
  382  402  407  412  414  414  410  404  394  378  358  336  316  291  268  247
  232  223  217  221  224  227  224  221  212  205  192  184  172  168  162  164
  166  173  179  189  195  200  198  198  196  194  190  187  186  181  180  176
  175  175  181  191  206  221  238  248  261  265  271  272  274  277  281  290
  302  317  335  350  367  372  372  375  382                                   
    35.0-180.0 180.0   5.0 450.0                            LAT/LON1/LON2/DLON/H
  417  437  445  448  452  450  448  443  435  419  400  378  358  329  301  269
  250  234  229  228  231  231  231  223  214  204  197  190  185  181  180  181
  184  189  194  201  205  208  205  202  203  200  199  196  196  191  189  183
  181  177  180  184  201  211  232  242  258  264  274  278  286  291  300  308
  319  333  352  369  388  392  401  402  417                                   
    32.5-180.0 180.0   5.0 450.0                            LAT/LON1/LON2/DLON/H
  452  468  480  484  486  485  480  476  467  457  439  421  402  372  340  303
  277  256  245  242  241  242  236  228  216  209  201  199  196  197  196  199
  201  204  207  211  212  212  208  207  206  206  206  204  203  197  193  186
  181  176  173  177  189  203  223  237  254  263  276  283  294  304  314  324
  334  349  366  384  402  411  420  426  452                                   
    30.0-180.0 180.0   5.0 450.0                            LAT/LON1/LON2/DLON/H
  486  502  517  521  528  524  521  513  507  495  484  465  448  411  376  332
  303  274  262  254  252  248  244  233  226  220  220  218  221  220  221  220
  218  217  214  215  213  212  208  208  211  211  213  212  212  203  198  187
  181  172  168  167  179  192  217  234  255  263  279  288  303  316  327  338
  349  362  380  397  422  428  441  451  486                                   
    27.5-180.0 180.0   5.0 450.0                            LAT/LON1/LON2/DLON/H
  517  538  554  561  568  565  561  552  545  531  519  503  486  454  413  371
  337  304  287  274  268  262  255  249  242  241  242  244  244  242  241  236
  230  222  216  211  208  207  206  209  214  217  220  217  214  204  195  186
  176  167  161  159  170  189  214  237  257  271  285  299  315  329  342  351
  361  373  389  408  432  446  457  473  517                                   
    25.0-180.0 180.0   5.0 450.0                            LAT/LON1/LON2/DLON/H
  539  566  587  599  609  608  603  594  584  569  556  538  520  482  443  397
  363  327  305  287  280  269  265  260  261  261  267  268  268  265  256  247
  234  221  211  204  199  200  201  206  215  219  224  220  216  201  191  178
  172  157  152  151  161  181  212  237  260  276  294  309  329  342  357  365
  374  383  399  418  443  455  473  494  539                                   
    22.5-180.0 180.0   5.0 450.0                            LAT/LON1/LON2/DLON/H
  556  588  613  631  643  651  649  641  628  609  594  573  554  516  475  434
  399  364  337  312  299  287  280  282  282  285  290  288  284  275  263  248
  232  214  204  196  191  195  198  205  213  219  223  218  210  194  181  170
  164  154  152  152  165  185  214  242  266  288  305  321  340  357  372  383
  390  398  409  426  449  466  486  507  556                                   
    20.0-180.0 180.0   5.0 450.0                            LAT/LON1/LON2/DLON/H
  568  604  631  654  674  686  691  688  676  659  640  617  594  554  513  467
  430  391  364  332  314  297  295  294  296  300  301  299  287  276  259  244
  224  207  196  189  185  190  195  202  210  215  218  212  204  184  172  157
  154  144  145  147  164  182  213  242  269  294  314  332  353  371  390  400
  410  415  426  441  462  472  495  515  568                                   
    17.5-180.0 180.0   5.0 450.0                            LAT/LON1/LON2/DLON/H
  573  611  644  674  695  713  720  722  712  698  681  657  632  593  556  507
  467  429  397  360  334  314  307  306  305  303  301  290  275  259  246  228
  214  200  191  186  186  190  196  202  208  212  213  207  196  178  162  148
  145  138  144  143  161  179  209  240  266  293  315  338  362  386  408  421
  431  436  444  459  477  484  498  517  573                                   
    15.0-180.0 180.0   5.0 450.0                            LAT/LON1/LON2/DLON/H
  578  618  649  683  710  729  738  743  737  726  711  691  666  630  593  547
  505  460  421  377  349  325  315  309  303  296  284  267  247  233  221  210
  202  193  190  188  189  193  198  203  207  209  210  203  193  173  159  142
  136  126  129  128  145  163  198  231  260  288  314  341  370  397  423  442
  453  461  469  482  497  495  505  516  578                                   
    12.5-180.0 180.0   5.0 450.0                            LAT/LON1/LON2/DLON/H
  577  609  641  676  704  727  737  745  742  736  724  709  688  657  623  583
  542  496  451  405  370  340  322  308  293  274  252  230  213  201  196  191
  190  192  192  198  198  204  208  210  211  210  209  202  191  173  157  137
  127  115  115  114  132  152  189  222  253  281  312  341  375  407  439  460
  473  483  492  504  515  511  511  522  577                                   
    10.0-180.0 180.0   5.0 450.0                            LAT/LON1/LON2/DLON/H
  576  606  626  658  685  709  722  734  735  734  727  719  703  681  650  616
  578  530  483  434  391  354  327  301  273  243  217  196  184  178  177  181
  187  193  203  207  212  216  219  217  216  210  210  201  193  173  157  136
  120  108  102  103  120  144  179  215  246  276  308  342  381  419  451  477
  490  503  514  528  539  531  528  531  576                                   
     7.5-180.0 180.0   5.0 450.0                            LAT/LON1/LON2/DLON/H
  574  597  612  633  654  679  693  709  713  719  717  716  706  689  664  635
  601  558  512  464  414  371  332  291  250  213  185  167  160  162  169  182
