data/unet/pred0860.15i
     1.0            IONOSPHERE MAPS     GNSS                IONEX VERSION / TYPE
pyspatialgeodesy        IME             05-JAN-18 20:20     PGM / RUN BY / DATE 
Map Name                                                    COMMENT             
Predicted global ionosphere maps (GIM).                     DESCRIPTION         
  2015     3    27     0     0     0                        EPOCH OF FIRST MAP  
  2015     3    28     0     0     0                        EPOCH OF LAST MAP   
  7200                                                      INTERVAL            
    13                                                      # OF MAPS IN FILE   
  NONE                                                      MAPPING FUNCTION    
10.0                                                        ELEVATION CUTOFF    
One-way carrier phase leveled to code                       OBSERVABLES USED    
  6371.0                                                    BASE RADIUS         
 2                                                          MAP DIMENSION       
   450.0 450.0   0.0                                        HGT1 / HGT2 / DHGT  
    87.5 -87.5  -2.5                                        LAT1 / LAT2 / DLAT  
  -180.0 180.0   5.0                                        LON1 / LON2 / DLON  
    -1                                                      EXPONENT            
                                                            END OF HEADER       
[from data line 4290]
    11                                                      START OF TEC MAP    
  2015     3    27    20     0     0                        EPOCH OF CURRENT MAP
    87.5-180.0 180.0   5.0 450.0                            LAT/LON1/LON2/DLON/H
  211  185  178  179  182  180  184  184  188  188  192  192  195  195  197  197
  199  198  200  199  201  199  199  197  198  195  195  192  191  188  187  183
  182  178  178  175  174  171  171  168  168  166  168  166  167  165  167  165
  167  166  168  167  169  168  170  169  171  171  173  172  174  173  174  173
  175  174  176  174  177  174  173  178  211                                   
    85.0-180.0 180.0   5.0 450.0                            LAT/LON1/LON2/DLON/H
  174  170  173  177  177  179  181  184  186  190  192  196  197  200  202  204
  207  207  210  209  211  209  211  207  208  203  204  198  199  191  191  183
  183  175  176  168  169  162  163  158  159  156  158  155  157  155  158  157
  159  158  161  160  163  162  165  164  167  166  169  167  170  168  170  168
  171  169  173  169  173  166  166  170  174                                   
    82.5-180.0 180.0   5.0 450.0                            LAT/LON1/LON2/DLON/H
  174  167  168  169  168  169  172  175  179  184  189  194  199  204  208  212
  216  219  222  223  225  224  225  222  222  217  216  210  208  200  196  189
  183  177  171  167  160  158  151  152  147  149  145  149  145  151  148  154
  152  158  156  161  159  164  162  166  166  170  168  171  169  172  170  172
  169  172  169  171  167  165  159  157  174                                   
    80.0-180.0 180.0   5.0 450.0                            LAT/LON1/LON2/DLON/H
  169  155  154  152  151  154  157  163  167  176  181  191  198  206  214  220
  227  230  236  236  239  236  237  232  232  226  225  218  216  206  204  193
  191  180  177  168  164  158  154  150  147  145  143  144  143  145  146  149
  150  153  155  157  158  159  160  161  163  164  164  164  164  164  165  163
  164  162  163  158  160  152  149  147  169                                   
    77.5-180.0 180.0   5.0 450.0                            LAT/LON1/LON2/DLON/H
  155  145  142  138  139  139  146  148  158  165  178  186  200  208  221  227
  237  240  247  246  249  245  245  238  237  230  229  221  219  210  207  197
  194  182  180  167  165  153  151  142  141  136  137  135  136  137  140  143
  146  149  152  154  156  157  157  159  159  160  160  159  159  159  160  158
  159  157  158  154  153  148  141  138  155                                   
    75.0-180.0 180.0   5.0 450.0                            LAT/LON1/LON2/DLON/H
  152  142  139  139  137  139  142  148  154  166  177  192  204  219  229  240
  247  253  256  258  256  254  249  244  238  233  228  223  218  212  207  200
  196  187  184  174  171  161  158  149  147  142  142  140  141  141  144  146
  148  151  152  153  154  153  154  152  154  152  152  151  152  152  152  152
  152  151  153  149  149  145  143  142  152                                   
    72.5-180.0 180.0   5.0 450.0                            LAT/LON1/LON2/DLON/H
  151  146  144  141  141  141  145  149  159  168  184  198  215  227  241  248
  256  259  262  261  259  254  250  245  239  232  226  221  214  210  204  200
  193  189  182  176  171  163  159  150  148  142  143  139  142  141  144  144
  146  146  146  146  145  144  141  141  138  139  135  135  134  136  135  138
  137  140  141  142  143  142  141  146  151                                   
    70.0-180.0 180.0   5.0 450.0                            LAT/LON1/LON2/DLON/H
  154  153  152  151  150  151  154  159  166  179  191  210  222  240  247  260
  261  269  267  268  263  258  253  246  241  232  226  218  212  206  201  196
  191  186  181  174  170  162  158  153  149  146  144  143  142  142  143  141
  142  140  140  136  135  131  129  126  123  120  117  115  116  116  118  120
  123  125  130  131  137  138  144  151  154                                   
    67.5-180.0 180.0   5.0 450.0                            LAT/LON1/LON2/DLON/H
  157  159  164  161  161  158  163  165  176  185  203  216  233  245  258  263
  269  270  271  268  266  258  255  247  241  232  226  217  210  203  198  192
  187  182  177  172  166  160  155  151  146  144  141  140  138  136  134  131
  130  127  124  121  118  114  110  107  103   99   96   94   93   95   96  100
  103  108  113  119  125  132  140  153  157                                   
    65.0-180.0 180.0   5.0 450.0                            LAT/LON1/LON2/DLON/H
  168  169  177  176  177  177  179  183  189  201  213  228  242  259  266  277
  276  284  280  281  274  271  264  257  250  241  234  222  215  204  199  191
  186  179  174  169  164  158  154  148  146  141  139  135  133  127  126  120
  118  112  110  106  104  100   96   92   89   84   82   79   79   80   83   85
   89   94  100  106  114  122  136  151  168                                   
    62.5-180.0 180.0   5.0 450.0                            LAT/LON1/LON2/DLON/H
  169  171  183  186  189  186  191  190  199  205  221  233  251  262  276  282
  288  292  293  292  289  284  278  270  263  252  245  233  226  216  207  198
  190  182  176  168  163  156  152  145  142  136  133  127  123  115  111  104
  101   96   94   90   89   84   82   78   75   73   69   69   67   69   70   73
   75   81   86   95  103  115  130  148  169                                   
    60.0-180.0 180.0   5.0 450.0                            LAT/LON1/LON2/DLON/H
  176  173  186  192  197  200  202  205  209  216  227  240  254  268  279  291
  296  305  304  308  304  302  297  290  281  272  262  253  244  235  226  216
  206  196  187  177  170  160  156  147  145  136  134  124  120  110  103   95
   91   86   84   81   80   78   77   74   74   71   70   68   68   69   71   73
   76   81   85   93  100  112  127  143  176                                   
    57.5-180.0 180.0   5.0 450.0                            LAT/LON1/LON2/DLON/H
  173  172  186  194  203  205  211  212  217  222  233  242  257  270  285  296
  306  314  318  321  319  319  314  308  299  289  281  273  267  258  251  241
  230  218  204  191  179  169  161  154  148  141  134  124  116  106   97   88
   82   77   76   74   75   75   75   75   74   74   71   71   69   71   71   74
   75   80   85   91   99  109  126  141  173                                   
    55.0-180.0 180.0   5.0 450.0                            LAT/LON1/LON2/DLON/H
  185  179  193  201  210  217  222  224  228  232  240  247  259  270  286  297
  309  317  322  325  324  325  323  319  315  305  302  294  293  288  283  274
  262  247  232  213  200  185  177  166  162  150  145  133  125  112  104   93
   88   81   81   79   81   83   86   87   88   86   85   83   83   83   84   86
   88   93   98  104  108  117  132  146  185                                   
    52.5-180.0 180.0   5.0 450.0                            LAT/LON1/LON2/DLON/H
  191  190  204  215  227  231  240  242  246  247  252  256  265  275  289  302
  315  323  328  330  331  330  331  329  329  323  320  317  318  316  314  305
  292  275  255  238  219  204  192  182  173  162  153  143  132  121  110  102
   96   92   90   92   92   96   98  101  101  102   98   97   95   95   95   96
  100  106  113  118  124  133  144  161  191                                   
    50.0-180.0 180.0   5.0 450.0                            LAT/LON1/LON2/DLON/H
  217  211  229  236  246  255  265  270  273  273  274  271  277  282  295  307
  322  329  336  335  336  336  336  336  339  337  340  340  344  345  342  333
  317  296  275  254  236  218  207  194  187  175  168  156  148  136  129  120
  117  112  112  111  112  114  117  119  121  119  117  115  112  111  111  113
  119  128  137  147  152  161  174  190  217                                   
    47.5-180.0 180.0   5.0 450.0                            LAT/LON1/LON2/DLON/H
  235  237  255  264  276  283  293  298  303  303  297  296  292  297  304  316
  326  336  338  340  340  341  341  343  346  347  353  356  363  362  357  344
  325  303  279  262  242  228  213  203  190  182  171  165  155  149  141  138
  133  132  129  129  127  130  131  135  135  135  131  130  124  124  122  124
  131  142  157  169  179  193  199  223  235                                   
    45.0-180.0 180.0   5.0 450.0                            LAT/LON1/LON2/DLON/H
  269  270  291  299  309  314  326  330  338  337  334  329  325  324  327  333
  340  344  346  344  346  347  349  353  355  363  366  374  375  373  361  344
  321  297  276  258  244  230  219  207  197  185  179  170  165  159  156  153
  151  149  147  144  142  142  144  147  149  148  145  143  138  136  133  136
  142  158  174  191  206  220  233  252  269                                   
    42.5-180.0 180.0   5.0 450.0                            LAT/LON1/LON2/DLON/H
  288  297  316  330  338  347  356  362  369  371  369  366  358  357  353  360
  359  362  358  359  360  363  365  368  370  375  379  383  379  370  352  331
  305  285  263  253  239  232  221  212  199  189  178  174  168  166  163  164
  161  161  155  152  147  148  149  155  157  158  155  154  147  146  139  143
  146  162  178  200  220  242  254  278  288                                   
    40.0-180.0 180.0   5.0 450.0                            LAT/LON1/LON2/DLON/H
  313  320  345  358  366  372  385  393  403  408  413  412  405  401  395  397
  392  389  383  383  385  388  390  391  391  394  393  394  382  368  345  322
  297  276  262  252  248  241  235  224  212  197  187  179  174  171  170  171
  171  168  163  156  151  150  152  156  162  161  162  160  157  154  147  148
  150  165  181  205  227  249  266  289  313                                   
    37.5-180.0 180.0   5.0 450.0                            LAT/LON1/LON2/DLON/H
  321  333  363  378  388  396  409  418  431  441  448  449  442  441  431  433
  421  419  411  415  414  420  417  418  412  413  407  402  386  367  342  321
  296  282  269  269  265  264  254  243  226  214  199  192  182  180  174  177
  171  171  161  157  148  150  152  160  166  169  168  167  162  159  150  149
  145  157  171  196  224  252  274  299  321                                   
    35.0-180.0 180.0   5.0 450.0                            LAT/LON1/LON2/DLON/H
  330  349  379  399  407  421  432  444  459  470  479  481  476  474  465  464
  456  454  449  451  453  455  451  445  437  434  426  420  403  386  368  351
  337  324  320  318  315  310  297  277  258  238  222  210  200  194  186  186
  178  177  167  163  156  157  163  169  177  175  178  173  172  167  159  154
  151  158  171  193  216  245  269  298  330                                   
    32.5-180.0 180.0   5.0 450.0                            LAT/LON1/LON2/DLON/H
  330  352  389  404  423  432  449  462  480  495  503  503  502  500  492  491
  482  482  478  483  484  485  479  471  460  455  450  444  434  425  418  412
  407  400  387  373  367  362  350  324  296  270  251  237  222  211  201  194
  188  181  173  168  163  165  171  178  183  184  183  180  177  173  165  157
  152  156  166  186  211  242  273  306  330                                   
    30.0-180.0 180.0   5.0 450.0                            LAT/LON1/LON2/DLON/H
  336  361  393  417  429  451  464  487  503  521  527  530  528  528  520  518
  510  509  506  510  510  509  501  494  485  485  483  489  487  490  493  485
  487  475  460  440  416  401  388  366  349  320  297  275  257  240  225  216
  207  201  191  188  183  188  189  195  196  195  193  187  182  176  169  165
  162  167  176  194  218  244  277  310  336                                   
    27.5-180.0 180.0   5.0 450.0                            LAT/LON1/LON2/DLON/H
  340  365  402  414  439  453  479  501  523  540  550  552  556  552  548  540
  533  531  527  529  524  521  511  507  502  510  517  532  535  549  569  590
  602  594  566  526  485  449  425  398  377  351  336  319  299  272  259  245
  241  231  229  226  226  223  225  220  212  202  193  188  183  181  180  183
  179  180  191  205  226  253  290  320  340                                   
    25.0-180.0 180.0   5.0 450.0                            LAT/LON1/LON2/DLON/H
  354  377  410  429  448  470  492  521  542  569  577  592  589  588  579  575
  563  559  550  547  536  530  517  512  515  529  544  560  596  631  680  711
  718  709  666  617  544  486  442  411  387  369  348  334  315  294  280  273
  277  269  275  268  270  262  256  251  238  224  206  195  186  181  181  182
  186  199  212  228  243  274  304  331  354                                   
    22.5-180.0 180.0   5.0 450.0                            LAT/LON1/LON2/DLON/H
  368  392  425  443  466  486  511  534  562  591  613  622  626  622  619  601
  592  578  569  561  551  538  524  523  535  558  588  634  670  722  748  778
  779  767  724  647  565  493  439  401  378  364  349  339  322  315  306  315
  323  324  328  325  320  304  292  270  258  241  227  215  205  196  189  190
  195  206  222  249  271  301  326  352  368                                   
    20.0-180.0 180.0   5.0 450.0                            LAT/LON1/LON2/DLON/H
  395  411  440  457  487  507  538  560  590  622  642  667  671  676  667  655
  639  623  602  585  569  553  542  543  564  594  643  687  732  763  801  827
  823  791  729  632  534  468  415  379  359  353  346  347  339  337  339  353
  363  369  372  367  354  335  311  290  268  257  233  223  209  203  196  198
  203  217  231  259  285  328  348  371  395                                   
    17.5-180.0 180.0   5.0 450.0                            LAT/LON1/LON2/DLON/H
  404  437  463  489  512  540  563  591  621  652  682  702  720  721  718  698
  684  659  640  615  593  579  573  583  613  657  704  740  770  808  834  847
  822  773  680  568  477  417  369  339  324  331  334  347  350  362  370  382
  393  400  400  391  380  354  329  300  281  262  245  228  216  206  201  202
  209  219  233  257  280  327  360  385  404                                   
    15.0-180.0 180.0   5.0 450.0                            LAT/LON1/LON2/DLON/H
  419  451  488  516  543  566  593  617  651  691  723  752  765  782  785  782
  768  740  697  671  638  620  623  639  669  711  743  777  807  829  839  831
  788  718  601  491  414  358  319  302  302  315  329  349  363  380  390  403
  413  418  411  404  385  360  330  302  276  258  238  223  207  204  200  204
  206  220  233  255  278  317  356  385  419                                   
    12.5-180.0 180.0   5.0 450.0                            LAT/LON1/LON2/DLON/H
  413  459  502  544  568  594  615  642  679  717  757  781  811  826  843  841
  835  802  765  719  685  678  680  705  730  757  791  817  832  832  817  792
  730  631  518  432  367  315  288  282  291  308  331  357  376  394  402  414
  425  422  415  401  377  346  310  285  258  242  225  214  199  198  195  200
  201  212  223  244  261  306  346  379  413                                   
    10.0-180.0 180.0   5.0 450.0                            LAT/LON1/LON2/DLON/H
  410  455  513  551  586  605  632  662  701  748  784  824  852  885  897  905
  897  877  833  792  755  741  752  760  786  809  836  847  838  821  789  749
  669  563  471  393  347  309  289  292  303  324  346  373  389  409  411  422
  419  411  393  369  337  307  278  253  239  223  218  206  197  193  192  194
  195  204  214  232  252  292  328  368  410                                   
     7.5-180.0 180.0   5.0 450.0                            LAT/LON1/LON2/DLON/H
  401  454  509  564  599  632  655  684  724  766  807  840  881  907  932  945
  946  934  901  863  827  810  808  817  836  851  866  850  823  795  754  704
