data/unet/pred0380.15i
     1.0            IONOSPHERE MAPS     GNSS                IONEX VERSION / TYPE
pyspatialgeodesy        IME             05-JAN-18 20:20     PGM / RUN BY / DATE 
Map Name                                                    COMMENT             
Predicted global ionosphere maps (GIM).                     DESCRIPTION         
  2015     2     7     0     0     0                        EPOCH OF FIRST MAP  
  2015     2     8     0     0     0                        EPOCH OF LAST MAP   
  7200                                                      INTERVAL            
    13                                                      # OF MAPS IN FILE   
  NONE                                                      MAPPING FUNCTION    
10.0                                                        ELEVATION CUTOFF    
One-way carrier phase leveled to code                       OBSERVABLES USED    
  6371.0                                                    BASE RADIUS         
 2                                                          MAP DIMENSION       
   450.0 450.0   0.0                                        HGT1 / HGT2 / DHGT  
    87.5 -87.5  -2.5                                        LAT1 / LAT2 / DLAT  
  -180.0 180.0   5.0                                        LON1 / LON2 / DLON  
    -1                                                      EXPONENT            
                                                            END OF HEADER       
[from data line 4290]
    11                                                      START OF TEC MAP    
  2015     2     7    20     0     0                        EPOCH OF CURRENT MAP
    87.5-180.0 180.0   5.0 450.0                            LAT/LON1/LON2/DLON/H
  181  158  146  151  149  151  150  153  154  157  157  160  160  163  162  164
  164  164  163  163  163  162  161  161  159  159  157  156  153  153  150  150
  146  147  143  145  141  144  140  143  139  143  139  143  139  144  140  144
  141  145  142  146  143  146  144  147  145  148  145  148  145  148  145  147
  144  147  145  147  147  147  142  153  181                                   
    85.0-180.0 180.0   5.0 450.0                            LAT/LON1/LON2/DLON/H
  140  136  136  138  140  139  143  144  149  151  155  158  162  164  167  168
  170  170  170  169  169  168  166  164  162  160  157  155  152  150  146  145
  142  141  137  138  134  135  132  134  131  133  131  134  132  134  132  135
  133  136  135  138  137  140  139  142  141  143  142  143  142  141  140  139
  138  137  137  134  136  132  129  134  140                                   
    82.5-180.0 180.0   5.0 450.0                            LAT/LON1/LON2/DLON/H
  130  125  126  130  129  134  136  143  147  156  160  168  172  179  180  185
  185  187  184  184  180  178  173  170  164  162  155  153  147  146  139  140
  132  135  127  130  123  127  121  125  119  124  119  125  121  127  124  131
  128  135  134  140  138  143  142  146  144  148  144  147  143  145  140  141
  136  138  132  133  128  123  115  115  130                                   
    80.0-180.0 180.0   5.0 450.0                            LAT/LON1/LON2/DLON/H
  118  106  110  112  117  120  129  135  145  153  163  171  181  187  193  196
  197  197  194  191  186  181  175  168  161  155  149  143  138  134  130  127
  125  122  120  118  116  114  112  110  109  107  107  107  107  109  112  114
  119  122  127  129  133  134  138  138  140  139  140  138  138  134  133  128
  127  122  121  115  113  106  102  104  118                                   
    77.5-180.0 180.0   5.0 450.0                            LAT/LON1/LON2/DLON/H
   99   95   96   99  106  110  120  129  143  154  167  180  191  201  207  212
  212  212  207  202  194  187  177  168  159  150  143  135  129  124  121  118
  115  114  112  111  107  106  103  103  100   99   98   97   97   98   99  101
  104  109  114  119  122  126  129  131  131  132  130  130  126  126  121  120
  115  113  109  106  101   95   89   90   99                                   
    75.0-180.0 180.0   5.0 450.0                            LAT/LON1/LON2/DLON/H
   93   90   94  101  106  112  121  132  147  162  177  192  206  216  226  228
  230  228  224  216  207  196  185  173  160  149  139  130  123  119  115  112
  110  109  108  106  103  101   99   98   95   95   92   92   89   90   90   92
   95   98  103  107  113  115  121  122  124  122  123  119  118  114  114  110
  108  105  104   99   97   91   92   94   93                                   
    72.5-180.0 180.0   5.0 450.0                            LAT/LON1/LON2/DLON/H
   95  101  105  111  116  121  132  144  159  175  191  208  221  236  244  251
  250  251  240  235  221  212  195  182  165  151  139  127  119  113  109  105
  103  103  100  101   97   97   93   94   90   91   88   88   85   86   83   86
   86   91   93   98  102  106  109  111  112  112  110  109  105  105  101  101
   98   99   97   97   95   94   96  100   95                                   
    70.0-180.0 180.0   5.0 450.0                            LAT/LON1/LON2/DLON/H
  104  111  121  127  132  138  148  159  174  188  206  222  241  252  264  267
  270  267  259  250  237  225  209  192  176  158  143  130  120  111  104   99
   97   94   93   91   90   89   88   88   86   85   84   83   81   80   80   81
   83   86   89   93   97   99  102  101  103   99   99   96   95   92   90   89
   90   90   93   93   97   96  104  109  104                                   
    67.5-180.0 180.0   5.0 450.0                            LAT/LON1/LON2/DLON/H
  113  124  134  142  148  151  163  171  188  199  219  236  255  267  277  286
  288  287  278  271  257  247  227  210  189  171  152  135  122  109  101   92
   88   84   82   80   78   78   76   77   75   77   74   75   72   72   72   76
   77   81   83   88   90   93   93   93   92   90   88   85   83   81   79   79
   78   81   83   88   92   98  107  116  113                                   
    65.0-180.0 180.0   5.0 450.0                            LAT/LON1/LON2/DLON/H
  127  139  155  164  170  178  188  198  211  226  242  258  275  284  296  303
  309  307  299  291  280  269  253  234  212  190  169  149  131  115  103   90
   83   75   73   68   67   65   66   67   66   67   66   66   65   65   64   68
   70   75   78   82   85   85   87   85   84   81   79   76   74   71   69   67
   68   69   74   77   86   93  109  119  127                                   
    62.5-180.0 180.0   5.0 450.0                            LAT/LON1/LON2/DLON/H
  128  140  157  170  181  188  201  213  230  246  262  276  289  301  311  323
  329  328  322  315  304  294  279  262  237  212  189  167  146  127  111   95
   84   73   67   60   56   54   53   55   54   57   56   57   55   55   54   57
   58   63   67   72   76   79   80   80   78   75   72   70   67   65   60   58
   55   56   57   63   71   82   99  115  128                                   
    60.0-180.0 180.0   5.0 450.0                            LAT/LON1/LON2/DLON/H
  127  138  164  180  193  209  225  243  259  274  286  296  307  315  328  338
  349  350  344  338  330  319  306  290  266  240  214  190  169  147  128  107
   93   77   67   57   52   47   47   46   49   49   51   51   51   49   48   48
   49   53   57   63   67   72   74   75   74   72   69   67   65   62   58   54
   50   48   48   50   58   68   88  104  127                                   
    57.5-180.0 180.0   5.0 450.0                            LAT/LON1/LON2/DLON/H
  117  128  155  178  201  219  241  262  280  294  304  312  320  330  341  354
  366  368  366  360  351  340  327  311  289  266  238  215  192  174  151  129
  110   91   77   65   56   50   46   46   45   47   48   48   47   45   42   40
   39   41   47   51   59   62   69   71   74   72   71   69   68   64   61   54
   47   42   39   40   43   53   70   92  117                                   
    55.0-180.0 180.0   5.0 450.0                            LAT/LON1/LON2/DLON/H
  115  124  159  187  211  238  263  287  305  318  326  331  338  342  355  365
  379  383  384  378  369  356  344  326  307  284  261  238  219  199  180  156
  135  114   97   81   70   60   56   53   54   53   56   55   56   52   49   44
   42   41   44   49   55   62   67   74   76   77   75   75   74   72   68   63
   55   48   43   40   42   48   69   86  115                                   
    52.5-180.0 180.0   5.0 450.0                            LAT/LON1/LON2/DLON/H
  117  130  162  193  225  254  283  310  331  344  350  357  358  363  370  381
  393  396  397  391  383  369  357  341  323  303  282  264  243  228  206  185
  159  137  117  100   88   77   70   66   64   64   65   66   65   62   58   54
   50   47   47   50   57   62   71   76   81   82   83   81   82   81   79   74
   65   58   52   50   48   54   68   88  117                                   
    50.0-180.0 180.0   5.0 450.0                            LAT/LON1/LON2/DLON/H
  132  143  181  210  244  276  308  336  357  369  377  379  380  380  386  393
  402  402  403  395  388  375  362  348  332  314  297  280  264  247  227  203
  179  153  134  119  107   96   90   84   82   81   84   84   86   82   80   74
   70   64   63   63   68   73   79   85   88   90   89   90   91   92   91   90
   83   78   73   71   72   75   94  109  132                                   
    47.5-180.0 180.0   5.0 450.0                            LAT/LON1/LON2/DLON/H
  152  168  202  235  269  302  333  363  380  397  399  405  400  404  404  409
  411  408  404  396  387  377  366  356  342  326  308  292  274  258  231  208
  177  154  135  124  116  109  104   99   96   95   97   99  101  101   99   95
   90   86   81   80   81   85   91   94   97   97   96   96   97   99  100   99
   94   93   90   93   96  101  112  135  152                                   
    45.0-180.0 180.0   5.0 450.0                            LAT/LON1/LON2/DLON/H
  182  197  236  267  298  329  361  386  406  419  422  423  423  421  420  418
  416  408  401  392  385  377  369  360  346  329  311  292  272  247  222  191
  162  140  127  121  119  117  115  111  109  108  112  114  118  118  120  115
  114  108  105  100  100  101  103  105  105  103  100  101  102  106  106  108
  104  106  108  114  123  129  143  162  182                                   
    42.5-180.0 180.0   5.0 450.0                            LAT/LON1/LON2/DLON/H
  203  227  262  293  323  352  379  405  420  438  437  445  439  442  433  430
  422  414  403  396  389  385  376  369  352  335  311  288  258  230  196  162
  137  121  114  114  120  121  122  119  117  117  120  124  128  130  131  131
  130  127  122  119  116  116  117  116  114  108  104  101  103  105  107  107
  106  109  113  125  136  149  161  192  203                                   
    40.0-180.0 180.0   5.0 450.0                            LAT/LON1/LON2/DLON/H
  229  252  288  316  341  367  393  417  433  449  453  459  459  458  448  443
  432  421  411  406  401  399  388  380  359  340  314  286  252  215  178  146
  125  113  113  120  128  134  134  131  128  126  130  132  137  138  140  139
  141  138  137  131  131  128  129  125  121  113  106  103  103  105  104  105
  101  105  111  124  142  158  180  208  229                                   
    37.5-180.0 180.0   5.0 450.0                            LAT/LON1/LON2/DLON/H
  235  266  296  326  350  373  396  420  436  457  460  471  469  473  462  457
  446  442  430  430  424  421  409  394  369  346  316  285  246  208  170  143
  128  124  129  138  149  152  152  146  140  137  137  139  140  140  142  142
  143  144  142  141  139  139  140  136  131  120  111  104  102  100   98   95
   90   90   95  108  128  152  178  215  235                                   
    35.0-180.0 180.0   5.0 450.0                            LAT/LON1/LON2/DLON/H
  244  273  305  334  356  379  401  423  443  462  475  482  484  486  479  476
  466  464  455  457  453  449  432  413  383  357  326  295  257  222  192  176
  169  171  179  186  192  192  184  176  165  158  155  153  150  147  147  146
  148  149  149  148  149  150  152  149  142  131  118  109  104  100   95   90
   82   80   81   90  109  136  171  207  244                                   
    32.5-180.0 180.0   5.0 450.0                            LAT/LON1/LON2/DLON/H
  241  271  300  333  358  380  400  421  443  465  475  486  488  494  489  490
  483  485  479  482  478  472  452  427  396  369  342  315  286  257  242  238
  244  250  256  253  248  237  224  207  192  181  175  169  163  157  152  150
  149  150  150  151  152  156  158  156  150  139  127  116  110  102   98   87
   79   70   71   71   89  119  160  207  241                                   
    30.0-180.0 180.0   5.0 450.0                            LAT/LON1/LON2/DLON/H
  244  270  304  338  362  390  409  430  449  469  482  491  493  498  494  497
  491  493  488  491  486  479  458  432  406  386  370  355  343  333  338  350
  369  377  375  357  334  308  277  253  233  218  208  201  189  181  170  167
  160  163  156  161  157  167  164  167  155  146  131  125  115  109   98   88
   78   70   73   74   91  119  164  209  244                                   
    27.5-180.0 180.0   5.0 450.0                            LAT/LON1/LON2/DLON/H
  251  275  306  342  371  400  420  440  456  473  482  492  492  495  493  496
  493  495  491  492  486  477  453  432  417  412  412  420  431  438  447  465
  481  489  474  446  416  388  350  304  270  250  238  230  221  209  200  192
  187  180  176  172  172  174  177  174  167  156  148  135  131  116  110   96
   91   83   84   87  106  133  177  226  251                                   
    25.0-180.0 180.0   5.0 450.0                            LAT/LON1/LON2/DLON/H
  269  291  331  366  392  426  444  465  476  496  504  512  506  505  502  503
  500  500  493  492  484  471  450  438  436  450  472  497  505  523  564  627
  640  650  606  544  481  430  390  353  321  295  284  277  266  251  236  225
  215  206  195  186  181  179  177  172  161  151  138  135  121  118  103  101
   92   96  103  110  128  158  196  241  269                                   
    22.5-180.0 180.0   5.0 450.0                            LAT/LON1/LON2/DLON/H
  295  323  363  393  426  452  474  493  507  524  534  532  521  515  509  510
  509  505  495  489  478  463  446  447  463  501  539  557  595  647  695  744
  764  757  699  616  523  451  396  359  331  320  310  305  300  291  280  268
  258  244  230  217  208  201  199  191  183  169  163  148  143  125  119  111
  111  109  115  132  156  190  225  276  295                                   
    20.0-180.0 180.0   5.0 450.0                            LAT/LON1/LON2/DLON/H
  332  356  402  433  462  489  507  531  551  579  580  585  567  561  542  538
  532  530  511  499  484  470  457  473  504  548  590  643  691  743  789  832
  826  810  736  643  532  451  390  350  328  322  327  337  335  330  321  310
  299  281  268  251  242  230  224  213  205  187  181  170  159  147  140  136
  136  140  142  158  188  231  267  309  332                                   
    17.5-180.0 180.0   5.0 450.0                            LAT/LON1/LON2/DLON/H
  359  394  439  470  495  518  543  572  598  619  629  630  619  613  595  580
  569  563  540  519  499  485  485  510  549  604  665  717  763  802  831  848
  834  795  713  607  502  419  358  325  309  314  326  344  356  358  355  347
  337  319  304  285  273  259  252  235  224  205  195  182  172  159  154  150
  152  155  162  173  206  251  304  342  359                                   
    15.0-180.0 180.0   5.0 450.0                            LAT/LON1/LON2/DLON/H
  382  424  467  496  520  548  575  610  639  672  686  699  696  696  672  659
  640  624  594  563  533  520  522  550  596  661  724  775  798  816  824  826
  792  736  637  526  436  362  316  293  290  302  321  341  362  370  372  366
  357  341  329  307  295  279  272  257  243  222  211  194  181  168  161  154
  158  164  173  188  221  269  328  370  382                                   
    12.5-180.0 180.0   5.0 450.0                            LAT/LON1/LON2/DLON/H
  388  444  485  519  542  573  601  637  673  709  737  753  763  759  747  734
  711  689  659  622  588  567  570  605  657  726  773  801  799  789  773  755
  714  646  536  440  373  314  285  272  280  294  313  335  356  368  370  366
  359  347  338  319  305  293  284  270  256  239  222  205  187  171  161  157
  159  167  177  192  227  279  338  382  388                                   
    10.0-180.0 180.0   5.0 450.0                            LAT/LON1/LON2/DLON/H
  395  456  503  540  572  602  635  673  712  753  784  812  822  823  815  804
  791  767  734  704  665  643  646  675  721  775  803  802  784  753  725  689
  635  538  462  379  333  289  275  272  285  299  317  336  355  364  361  360
  350  343  331  317  303  291  283  273  262  242  229  208  193  173  165  160
  162  169  177  198  229  287  336  387  395                                   
     7.5-180.0 180.0   5.0 450.0                            LAT/LON1/LON2/DLON/H
  392  457  510  561  597  628  654  694  736  774  808  833  853  856  855  850
  845  828  803  765  733  714  713  742  774  807  811  790  757  720  671  619
