data/unet/pred2400.15i
     1.0            IONOSPHERE MAPS     GNSS                IONEX VERSION / TYPE
pyspatialgeodesy        IME             05-JAN-18 20:20     PGM / RUN BY / DATE 
Map Name                                                    COMMENT             
Predicted global ionosphere maps (GIM).                     DESCRIPTION         
  2015     8    28     0     0     0                        EPOCH OF FIRST MAP  
  2015     8    29     0     0     0                        EPOCH OF LAST MAP   
  7200                                                      INTERVAL            
    13                                                      # OF MAPS IN FILE   
  NONE                                                      MAPPING FUNCTION    
10.0                                                        ELEVATION CUTOFF    
One-way carrier phase leveled to code                       OBSERVABLES USED    
  6371.0                                                    BASE RADIUS         
 2                                                          MAP DIMENSION       
   450.0 450.0   0.0                                        HGT1 / HGT2 / DHGT  
    87.5 -87.5  -2.5                                        LAT1 / LAT2 / DLAT  
  -180.0 180.0   5.0                                        LON1 / LON2 / DLON  
    -1                                                      EXPONENT            
                                                            END OF HEADER       
[from data line 3003]
     8                                                      START OF TEC MAP    
  2015     8    28    14     0     0                        EPOCH OF CURRENT MAP
    87.5-180.0 180.0   5.0 450.0                            LAT/LON1/LON2/DLON/H
   91  101  107  107  107  106  108  108  110  110  112  113  114  115  115  117
  117  118  118  118  118  118  117  118  116  117  115  117  114  116  114  115
  113  114  112  114  112  114  112  114  112  113  111  113  111  112  110  112
  110  111  109  111  110  111  109  111  109  110  108  110  109  110  108  109
  108  108  107  107  106  106  115  106   91                                   
    85.0-180.0 180.0   5.0 450.0                            LAT/LON1/LON2/DLON/H
   89  100   94   93   98   97  101  100  103  101  104  102  106  104  107  105
  109  106  110  108  111  108  110  108  110  107  109  106  108  105  106  104
  105  103  103  102  103  102  102  101  102  101  101  101  101  100  100   98
   99   97   97   95   97   94   95   93   95   92   94   92   95   91   94   91
   94   92   95   92   97   96  100  105   89                                   
    82.5-180.0 180.0   5.0 450.0                            LAT/LON1/LON2/DLON/H
   94   87   92   91   93   92   95   94   96   95   96   97   98   98  100  100
  103  102  105  105  107  106  107  107  107  106  106  105  104  103  101  101
   99   99   98   98   98   97   98   98   99   98  100   98  100   97   99   97
   98   95   96   93   94   91   92   89   90   87   88   86   87   85   86   85
   86   85   87   85   85   86   87   91   94                                   
    80.0-180.0 180.0   5.0 450.0                            LAT/LON1/LON2/DLON/H
   82   85   84   89   88   89   89   90   89   89   88   90   89   91   90   93
   93   95   96   99   99  101  101  103  102  103  102  102  100   99   97   96
   94   94   93   94   93   95   95   97   97   98   98  100   99   99   98   99
   97   96   94   93   91   89   87   86   84   83   81   81   79   79   78   79
   77   79   78   79   79   80   78   86   82                                   
    77.5-180.0 180.0   5.0 450.0                            LAT/LON1/LON2/DLON/H
   72   76   78   82   84   82   86   83   83   80   82   80   81   79   82   82
   85   85   90   91   95   95   99  100  102  101  102  101  100   97   96   94
   91   91   90   91   91   93   94   96   97   97   99   99  100   98  100   98
   98   94   95   91   91   86   86   82   81   77   78   74   74   71   72   70
   71   70   72   71   72   73   73   75   72                                   
    75.0-180.0 180.0   5.0 450.0                            LAT/LON1/LON2/DLON/H
   65   68   68   73   76   75   77   75   74   71   72   69   71   69   72   72
   77   78   83   86   91   93   98   99  102  101  103  100  100   96   94   90
   88   87   86   86   87   89   92   92   95   95   97   96   97   96   96   95
   93   93   91   90   87   85   83   80   77   74   72   69   67   65   65   63
   63   63   63   63   64   65   69   70   65                                   
    72.5-180.0 180.0   5.0 450.0                            LAT/LON1/LON2/DLON/H
   60   63   64   67   71   69   71   70   68   66   64   63   62   61   63   65
   68   72   76   82   86   92   95   99  100  104  102  103   99   99   94   93
   88   89   85   88   87   92   92   95   96   98   97   98   96   96   94   94
   92   91   90   89   86   84   81   77   75   70   69   64   64   61   62   59
   60   58   59   58   60   60   64   62   60                                   
    70.0-180.0 180.0   5.0 450.0                            LAT/LON1/LON2/DLON/H
   57   57   58   60   65   64   67   65   65   61   61   58   58   56   59   60
   64   68   73   79   84   89   94   98  100  103  103  103  101  100   96   93
   90   88   87   88   89   92   94   95   98   96   97   95   95   93   91   91
   89   90   88   89   85   85   80   78   73   71   67   66   63   62   60   59
   57   56   56   55   55   57   60   58   57                                   
    67.5-180.0 180.0   5.0 450.0                            LAT/LON1/LON2/DLON/H
   54   51   54   55   58   58   60   62   61   60   59   58   57   57   59   60
   63   66   71   77   81   86   90   96   98  103  103  105  102  103   98   98
   92   93   89   92   90   95   95   99   97   99   95   96   91   92   88   90
   87   89   86   87   83   82   78   76   72   69   67   64   63   59   60   56
   57   54   55   54   53   52   55   51   54                                   
    65.0-180.0 180.0   5.0 450.0                            LAT/LON1/LON2/DLON/H
   52   47   46   48   53   53   57   57   59   57   57   57   57   57   59   60
   63   66   70   74   77   82   87   91   95  100  102  105  104  106  102  102
   97   97   94   96   96   99  100  102  102  101   99   97   95   93   90   91
   88   89   87   87   84   82   78   76   72   70   66   65   61   60   57   56
   54   52   52   49   50   50   51   47   52                                   
    62.5-180.0 180.0   5.0 450.0                            LAT/LON1/LON2/DLON/H
   49   42   42   43   45   46   49   52   54   55   57   59   60   61   63   65
   66   67   69   72   74   78   82   87   92   97  101  104  105  106  105  104
  101  100   98  100  100  103  104  107  107  105  104  101   99   96   94   94
   92   92   89   89   85   83   80   76   73   69   68   64   62   58   57   53
   53   50   51   48   47   45   48   42   49                                   
    60.0-180.0 180.0   5.0 450.0                            LAT/LON1/LON2/DLON/H
   49   41   38   40   42   41   45   46   50   51   54   57   60   61   65   65
   67   68   68   70   71   74   77   82   86   93   97  102  103  106  105  105
  103  102  101  102  103  106  108  111  113  112  111  109  106  103  102  102
   99   98   97   94   93   88   85   80   77   73   70   66   64   60   56   54
   52   49   49   46   46   46   47   39   49                                   
    57.5-180.0 180.0   5.0 450.0                            LAT/LON1/LON2/DLON/H
   48   41   39   39   39   38   39   42   44   47   52   58   61   65   68   71
   70   71   71   71   71   72   75   79   83   89   94  100  102  105  106  106
  105  104  104  106  107  112  114  120  120  121  120  119  116  114  113  113
  111  110  107  105  100   95   92   86   83   77   75   69   67   61   59   53
   52   49   50   48   47   45   47   38   48                                   
    55.0-180.0 180.0   5.0 450.0                            LAT/LON1/LON2/DLON/H
   52   44   40   39   40   37   37   37   40   42   49   53   59   61   67   67
   70   68   70   70   69   70   72   76   79   86   90   96   99  103  104  106
  104  106  105  108  109  116  118  127  126  131  128  129  127  127  126  126
  125  122  121  115  113  106  103   96   92   86   82   76   72   65   61   56
   53   51   51   50   49   50   51   41   52                                   
    52.5-180.0 180.0   5.0 450.0                            LAT/LON1/LON2/DLON/H
   54   52   48   45   43   38   37   36   38   41   47   53   58   63   67   71
   72   72   74   73   74   74   76   77   81   85   91   95   99  102  105  107
  108  109  111  114  117  124  127  135  135  139  137  138  138  139  139  140
  138  137  134  130  125  118  113  107  103   96   92   84   79   70   66   59
   57   54   56   53   52   52   55   45   54                                   
    50.0-180.0 180.0   5.0 450.0                            LAT/LON1/LON2/DLON/H
   61   57   54   51   50   43   40   37   37   39   46   49   55   56   64   65
   70   69   73   73   75   76   78   80   83   87   91   95   99  102  105  109
  110  113  115  120  125  133  138  146  146  151  147  150  148  151  150  151
  150  147  145  140  136  129  125  119  115  109  104   96   89   79   73   65
   63   60   60   59   59   59   62   53   61                                   
    47.5-180.0 180.0   5.0 450.0                            LAT/LON1/LON2/DLON/H
   66   66   64   60   57   50   46   42   41   43   48   53   57   62   66   73
   74   78   80   84   83   85   86   89   91   95   98  101  103  107  110  115
  118  122  125  134  140  149  154  162  161  162  159  159  158  159  157  159
  157  155  151  148  143  137  133  127  123  118  113  106   98   87   81   73
   72   68   70   68   64   63   67   59   66                                   
    45.0-180.0 180.0   5.0 450.0                            LAT/LON1/LON2/DLON/H
   72   70   67   66   65   58   54   48   47   48   53   55   61   62   70   71
   78   79   86   86   89   89   93   95  100  102  104  106  108  111  114  119
  123  129  134  143  153  163  171  177  177  176  171  168  165  165  163  163
  161  159  155  152  148  143  138  134  130  126  121  114  108   98   91   84
   82   79   79   75   74   70   72   69   72                                   
    42.5-180.0 180.0   5.0 450.0                            LAT/LON1/LON2/DLON/H
   73   75   72   70   69   65   62   58   55   56   59   63   68   72   76   83
   86   92   95  101   98  101  102  107  109  113  114  117  116  119  122  129
  133  140  146  160  169  182  189  193  192  188  183  177  175  170  169  167
  165  161  157  153  150  145  140  136  132  129  124  120  114  107  101   96
   94   91   89   85   80   75   78   74   73                                   
    40.0-180.0 180.0   5.0 450.0                            LAT/LON1/LON2/DLON/H
   79   74   72   73   74   71   70   66   64   63   67   70   76   77   85   89
   95   99  103  105  105  106  109  112  116  119  123  123  125  127  130  137
  143  152  161  175  188  198  208  208  209  201  195  187  183  178  174  173
  170  167  161  158  153  148  143  139  135  132  128  125  121  115  111  108
  107  103  101   94   90   84   81   81   79                                   
    37.5-180.0 180.0   5.0 450.0                            LAT/LON1/LON2/DLON/H
   78   76   72   71   72   72   72   72   69   71   74   78   83   89   94  101
  106  111  113  116  113  115  114  120  122  127  131  133  134  137  141  149
  155  168  177  194  205  216  224  225  225  215  213  199  200  190  190  184
  183  175  172  164  159  152  147  140  137  133  131  128  125  122  119  118
  116  115  110  105   97   89   88   84   78                                   
    35.0-180.0 180.0   5.0 450.0                            LAT/LON1/LON2/DLON/H
   86   77   70   70   72   73   74   74   74   75   80   84   92   97  104  110
  116  120  122  122  119  119  119  123  127  132  138  140  144  147  152  161
  170  183  195  210  224  235  240  243  240  233  227  220  213  209  204  201
  197  190  182  174  166  160  152  145  139  135  131  130  128  126  125  123
  124  122  120  112  105   98   91   92   86                                   
    32.5-180.0 180.0   5.0 450.0                            LAT/LON1/LON2/DLON/H
   86   81   72   69   68   70   71   74   73   77   81   91   98  108  115  122
  127  130  131  129  125  123  122  126  131  138  146  150  155  160  167  179
  186  202  215  234  247  258  266  267  267  257  255  243  243  231  231  221
  220  208  201  187  180  168  162  152  146  140  135  134  131  131  129  129
  128  128  123  118  110  102   98   95   86                                   
    30.0-180.0 180.0   5.0 450.0                            LAT/LON1/LON2/DLON/H
   97   86   73   70   69   69   70   71   73   76   83   92  103  114  124  130
  136  137  138  135  132  127  127  129  136  143  153  159  167  173  182  192
  204  221  237  257  268  278  278  282  277  275  271  268  264  261  253  251
  242  234  223  207  198  185  177  166  160  151  144  140  138  135  134  133
  133  130  128  121  116  109  103  102   97                                   
    27.5-180.0 180.0   5.0 450.0                            LAT/LON1/LON2/DLON/H
  101   94   79   74   69   67   67   68   70   74   79   93  105  120  131  139
  144  146  145  143  139  135  134  136  143  151  162  172  180  191  198  213
  225  247  265  285  296  302  304  307  308  308  305  302  298  297  289  284
  276  268  252  238  219  207  195  182  175  164  156  149  145  144  140  139
  135  134  129  125  118  113  110  105  101                                   
    25.0-180.0 180.0   5.0 450.0                            LAT/LON1/LON2/DLON/H
  113  101   82   77   72   67   67   66   69   71   78   89  103  121  135  145
  152  153  154  151  150  145  145  145  153  160  173  184  195  206  219  236
  254  279  295  318  323  333  328  335  335  342  336  340  331  337  324  326
  313  307  287  277  248  237  209  196  185  175  167  159  153  150  146  143
  140  137  133  128  122  117  114  113  113                                   
    22.5-180.0 180.0   5.0 450.0                            LAT/LON1/LON2/DLON/H
  119  110   93   86   76   70   67   67   68   72   77   89  103  121  137  148
  156  160  161  164  161  158  153  157  160  171  184  200  212  229  243  264
  285  306  324  340  350  356  355  363  365  375  373  377  370  372  365  362
  353  344  328  314  290  270  240  218  200  187  179  169  160  151  149  144
  138  135  130  128  121  117  118  114  119                                   
    20.0-180.0 180.0   5.0 450.0                            LAT/LON1/LON2/DLON/H
  128  118   99   94   86   77   73   69   70   70   76   83   97  114  133  147
  157  164  171  172  176  169  168  166  173  183  200  217  235  255  273  295
  313  335  347  368  373  387  383  394  391  404  396  402  393  401  392  400
  387  389  364  355  313  292  253  235  215  200  189  180  168  158  151  145
  139  136  131  132  123  123  118  120  128                                   
    17.5-180.0 180.0   5.0 450.0                            LAT/LON1/LON2/DLON/H
  135  124  109  103   93   84   78   74   72   72   76   87   99  114  132  145
  157  165  176  182  185  181  178  180  184  200  216  240  260  282  304  319
  339  353  371  387  403  410  414  419  422  426  426  427  422  426  426  428
  424  420  397  370  336  304  274  250  232  214  203  190  180  165  158  146
  142  133  132  130  125  119  122  119  135                                   
    15.0-180.0 180.0   5.0 450.0                            LAT/LON1/LON2/DLON/H
  136  127  113  109  101   92   85   80   75   73   76   83   96  109  127  141
  156  165  180  183  191  188  190  191  202  217  240  264  288  312  330  346
  359  376  391  411  422  434  434  440  438  442  438  438  432  439  437  447
  438  439  405  385  340  317  280  263  243  229  212  202  189  179  167  156
  145  141  133  137  128  124  119  121  136                                   
    12.5-180.0 180.0   5.0 450.0                            LAT/LON1/LON2/DLON/H
  132  125  116  114  105   97   89   84   80   75   76   85  101  115  130  143
  158  167  183  191  200  199  204  210  221  243  263  292  313  336  351  364
  377  391  409  427  441  450  454  457  459  457  459  454  451  452  453  455
  451  442  417  387  352  322  293  276  258  241  224  209  198  187  178  163
  155  143  146  141  139  123  124  118  132                                   
    10.0-180.0 180.0   5.0 450.0                            LAT/LON1/LON2/DLON/H
  128  123  113  111  104   98   91   85   82   77   77   82   98  111  131  141
  159  167  185  190  202  203  214  224  242  262  288  311  337  352  368  374
  387  401  415  435  447  462  464  474  471  476  469  470  458  465  452  459
  446  445  416  393  353  327  296  284  264  251  230  217  204  198  185  176
  163  156  152  152  140  131  119  114  128                                   
     7.5-180.0 180.0   5.0 450.0                            LAT/LON1/LON2/DLON/H
  121  119  110  108  102   96   90   84   80   76   77   82   99  115  138  150
  166  174  190  196  210  213  228  242  260  287  307  334  352  368  378  383
