data/unet/pred3440.15i
     1.0            IONOSPHERE MAPS     GNSS                IONEX VERSION / TYPE
pyspatialgeodesy        IME             05-JAN-18 20:20     PGM / RUN BY / DATE 
Map Name                                                    COMMENT             
Predicted global ionosphere maps (GIM).                     DESCRIPTION         
  2015    12    10     0     0     0                        EPOCH OF FIRST MAP  
  2015    12    11     0     0     0                        EPOCH OF LAST MAP   
  7200                                                      INTERVAL            
    13                                                      # OF MAPS IN FILE   
  NONE                                                      MAPPING FUNCTION    
10.0                                                        ELEVATION CUTOFF    
One-way carrier phase leveled to code                       OBSERVABLES USED    
  6371.0                                                    BASE RADIUS         
 2                                                          MAP DIMENSION       
   450.0 450.0   0.0                                        HGT1 / HGT2 / DHGT  
    87.5 -87.5  -2.5                                        LAT1 / LAT2 / DLAT  
  -180.0 180.0   5.0                                        LON1 / LON2 / DLON  
    -1                                                      EXPONENT            
                                                            END OF HEADER       
[from data line 4719]
    12                                                      START OF TEC MAP    
  2015    12    10    22     0     0                        EPOCH OF CURRENT MAP
    87.5-180.0 180.0   5.0 450.0                            LAT/LON1/LON2/DLON/H
  142   83   60   62   61   60   60   60   60   60   61   61   61   61   61   61
   61   60   60   59   59   58   58   57   56   55   55   54   53   53   52   51
   51   50   50   49   50   49   49   49   50   49   50   50   51   51   52   53
   54   54   55   55   56   57   58   58   59   59   59   59   60   60   60   60
   60   60   60   60   61   61   63  114  142                                   
    85.0-180.0 180.0   5.0 450.0                            LAT/LON1/LON2/DLON/H
   70   50   48   50   51   49   50   49   51   51   53   52   53   52   53   51
   51   49   49   47   47   44   44   42   41   39   38   36   36   35   34   33
   32   32   32   31   31   31   31   32   33   33   34   35   37   38   39   40
   42   43   45   45   47   48   49   49   50   50   51   50   51   50   51   50
   51   50   50   48   51   50   49   83   70                                   
    82.5-180.0 180.0   5.0 450.0                            LAT/LON1/LON2/DLON/H
   57   48   47   49   49   47   49   50   53   54   56   56   59   58   59   57
   57   54   53   49   49   44   43   39   39   35   36   32   33   30   31   28
   30   27   29   27   29   27   29   28   31   30   33   33   37   37   40   41
   44   45   48   48   51   51   53   53   54   54   55   54   55   54   54   52
   52   51   51   49   50   45   46   70   57                                   
    80.0-180.0 180.0   5.0 450.0                            LAT/LON1/LON2/DLON/H
   56   45   41   43   42   43   45   48   52   54   58   60   63   63   64   63
   61   58   56   52   49   44   41   37   35   32   31   29   28   27   27   26
   25   25   25   24   24   25   24   26   26   28   29   32   33   36   37   40
   42   44   46   48   49   51   52   53   53   54   53   54   52   53   51   51
   48   48   45   44   42   42   39   60   56                                   
    77.5-180.0 180.0   5.0 450.0                            LAT/LON1/LON2/DLON/H
   51   41   36   37   36   37   40   43   49   52   58   61   65   65   67   64
   63   57   55   48   45   39   36   31   29   26   25   24   24   23   24   23
   24   23   23   23   22   22   22   23   23   24   25   27   29   31   32   34
   36   38   39   41   43   45   46   47   47   47   48   47   46   45   44   42
   41   39   37   35   36   34   33   57   51                                   
    75.0-180.0 180.0   5.0 450.0                            LAT/LON1/LON2/DLON/H
   51   41   36   39   38   40   43   48   54   59   66   70   73   74   74   71
   67   62   56   50   44   39   33   31   27   27   25   27   25   28   27   29
   28   29   27   28   26   27   24   26   24   27   27   29   30   32   33   34
   36   37   39   39   41   42   44   44   45   45   46   44   44   42   41   39
   37   36   34   33   33   34   35   58   51                                   
    72.5-180.0 180.0   5.0 450.0                            LAT/LON1/LON2/DLON/H
   58   49   44   45   44   46   49   53   60   66   74   78   82   81   80   75
   71   62   56   47   41   34   31   28   27   26   27   27   29   30   32   32
   33   33   32   31   30   29   27   27   26   27   27   28   29   31   31   32
   32   33   34   34   36   37   38   39   40   40   41   39   39   37   36   33
   33   31   31   30   33   34   36   62   58                                   
    70.0-180.0 180.0   5.0 450.0                            LAT/LON1/LON2/DLON/H
   67   57   53   56   54   57   59   65   72   80   86   92   94   94   90   84
   76   67   58   49   41   35   31   29   28   29   29   32   32   36   36   38
   36   37   34   34   31   30   26   26   24   26   26   28   29   30   31   30
   30   30   30   29   32   32   34   34   37   36   38   36   37   34   33   30
   30   29   30   31   34   37   43   67   67                                   
    67.5-180.0 180.0   5.0 450.0                            LAT/LON1/LON2/DLON/H
   78   71   66   68   66   68   70   76   83   91   98  102  105  103   99   90
   81   69   59   49   42   35   32   30   30   29   32   33   35   36   39   38
   38   36   34   32   29   26   24   23   22   23   24   27   27   28   28   27
   26   25   25   24   25   26   28   30   32   33   34   34   34   32   31   29
   29   28   31   33   39   42   48   73   78                                   
    65.0-180.0 180.0   5.0 450.0                            LAT/LON1/LON2/DLON/H
   88   81   80   82   81   81   83   89   95  103  110  115  117  115  109  100
   89   76   64   54   46   40   36   33   31   31   31   33   33   36   35   37
   34   33   29   27   22   21   17   18   17   20   21   25   26   27   27   25
   24   21   21   19   20   21   23   25   29   31   33   33   33   32   31   29
   29   29   33   36   42   48   57   81   88                                   
    62.5-180.0 180.0   5.0 450.0                            LAT/LON1/LON2/DLON/H
   96   93   91   94   92   90   93   96  104  110  118  122  125  122  117  107
   96   82   71   59   52   44   40   35   32   29   28   27   28   29   30   29
   28   25   23   20   17   14   12   13   13   17   19   23   23   25   23   22
   19   17   14   14   13   16   16   21   24   28   30   32   32   32   30   29
   30   31   35   39   47   53   62   86   96                                   
    60.0-180.0 180.0   5.0 450.0                            LAT/LON1/LON2/DLON/H
  102  101  102  105  104  101  102  105  110  117  123  128  130  128  124  116
  105   94   80   71   60   53   44   38   31   28   24   23   22   23   22   23
   20   19   15   14   10    9    7   10   11   16   18   23   24   25   22   21
   17   15   12   11   10   12   13   18   22   26   29   31   32   32   31   31
   32   34   38   43   51   58   69   92  102                                   
    57.5-180.0 180.0   5.0 450.0                            LAT/LON1/LON2/DLON/H
  108  111  111  115  115  111  112  111  116  120  127  131  134  133  130  124
  115  105   94   82   72   60   51   40   32   25   21   19   19   19   20   18
   18   16   15   13   11   10    9   12   14   19   22   26   26   27   24   22
   18   17   12   13   10   13   13   18   21   26   28   31   32   33   33   34
   36   39   44   50   58   66   75   97  108                                   
    55.0-180.0 180.0   5.0 450.0                            LAT/LON1/LON2/DLON/H
  114  121  123  128  129  125  124  123  125  128  132  135  138  138  136  133
  126  118  107   98   84   72   57   46   34   27   21   21   19   21   19   21
   18   19   16   17   14   16   15   20   21   27   29   33   33   32   29   27
   23   22   18   18   16   17   17   21   23   27   29   32   33   34   35   38
   42   47   54   60   68   76   85  106  114                                   
    52.5-180.0 180.0   5.0 450.0                            LAT/LON1/LON2/DLON/H
  125  133  135  142  144  142  141  137  137  135  138  139  141  141  141  139
  136  128  120  108   95   79   65   50   39   30   26   24   26   25   27   26
   26   25   25   26   25   27   26   30   32   37   39   42   41   40   36   35
   31   31   27   28   24   25   23   26   27   30   31   33   34   35   38   42
   48   55   64   72   82   90   96  117  125                                   
    50.0-180.0 180.0   5.0 450.0                            LAT/LON1/LON2/DLON/H
  135  147  152  160  165  164  162  158  154  151  149  148  147  146  146  147
  143  138  127  117  101   88   71   59   47   41   36   36   36   38   35   37
   34   36   34   38   37   39   39   43   44   49   50   52   50   49   45   44
   42   42   40   40   37   35   33   34   33   35   34   35   35   37   40   46
   56   66   77   88   97  105  112  132  135                                   
    47.5-180.0 180.0   5.0 450.0                            LAT/LON1/LON2/DLON/H
  150  161  165  178  184  186  184  179  174  167  162  157  154  152  152  151
  149  143  134  121  108   93   82   68   60   52   51   48   51   49   49   46
   46   45   47   49   50   52   53   55   57   59   61   61   61   58   56   55
   54   55   54   54   50   48   44   43   42   41   39   38   38   39   44   51
   63   75   90  103  116  124  128  150  150                                   
    45.0-180.0 180.0   5.0 450.0                            LAT/LON1/LON2/DLON/H
  162  175  182  195  203  207  206  202  196  188  179  173  166  164  161  161
  156  151  138  128  115  104   92   84   75   69   64   65   62   62   57   57
   52   54   54   58   58   61   61   63   64   67   68   69   68   67   65   65
   65   68   67   66   63   60   55   53   49   47   43   42   40   42   47   57
   71   86  102  118  131  139  146  167  162                                   
    42.5-180.0 180.0   5.0 450.0                            LAT/LON1/LON2/DLON/H
  175  185  191  205  213  219  220  218  212  204  195  186  179  174  172  169
  164  155  144  133  124  115  108   98   91   82   78   73   72   66   63   57
   57   56   60   62   65   65   67   67   69   71   73   74   75   74   73   74
   75   77   77   76   73   68   64   60   57   53   48   45   43   45   52   62
   76   93  112  129  144  152  158  183  175                                   
    40.0-180.0 180.0   5.0 450.0                            LAT/LON1/LON2/DLON/H
  184  193  200  211  220  226  227  227  223  217  209  204  196  193  187  185
  175  166  151  144  136  131  123  115  104   94   84   80   73   69   61   60
   56   60   61   67   67   69   67   69   70   73   75   77   78   78   77   78
   79   81   81   80   77   73   67   64   60   56   50   48   46   50   57   69
   85  102  120  137  152  162  170  196  184                                   
    37.5-180.0 180.0   5.0 450.0                            LAT/LON1/LON2/DLON/H
  190  195  198  208  215  222  223  225  224  222  218  215  210  206  202  195
  187  175  163  156  151  146  139  127  115   99   89   78   74   65   61   57
   59   60   66   68   71   70   70   70   73   75   79   80   81   81   81   80
   81   81   81   80   78   73   70   66   62   58   53   50   50   54   64   77
   92  111  127  143  158  168  175  206  190                                   
    35.0-180.0 180.0   5.0 450.0                            LAT/LON1/LON2/DLON/H
  195  200  200  206  209  212  213  217  219  222  223  227  224  224  217  215
  200  192  178  177  169  166  152  138  118  102   86   79   70   67   62   65
   65   72   73   78   76   76   73   75   76   79   82   84   85   84   82   80
   79   79   77   76   73   71   67   65   61   57   52   52   53   60   72   87
  104  121  135  149  162  173  184  216  195                                   
    32.5-180.0 180.0   5.0 450.0                            LAT/LON1/LON2/DLON/H
  204  204  199  202  200  200  200  205  210  216  223  230  233  234  231  225
  215  205  196  192  187  178  162  140  120   99   87   77   76   74   77   79
   85   87   92   91   89   85   83   82   83   86   89   90   90   87   85   81
   78   75   74   72   71   69   67   65   62   59   54   54   57   67   80   97
  115  132  144  155  168  180  191  227  204                                   
    30.0-180.0 180.0   5.0 450.0                            LAT/LON1/LON2/DLON/H
  218  219  215  211  201  200  195  200  204  214  221  236  242  247  243  240
  229  223  213  211  201  189  165  142  118  100   89   88   90   96  102  109
  114  116  116  113  106  101   96   97   95   97   98   99   98   94   89   84
   79   75   73   71   69   68   67   65   61   58   55   56   61   73   89  108
  129  144  155  165  177  190  204  240  218                                   
    27.5-180.0 180.0   5.0 450.0                            LAT/LON1/LON2/DLON/H
  245  246  242  236  222  212  203  204  204  214  222  236  245  250  248  244
  237  230  225  217  206  188  163  138  119  104  103  107  121  131  144  149
  154  150  146  137  127  117  112  109  109  109  110  108  107  101   96   89
   84   78   75   72   71   70   68   66   62   59   56   58   64   78   94  119
  138  156  167  177  189  205  220  259  245                                   
    25.0-180.0 180.0   5.0 450.0                            LAT/LON1/LON2/DLON/H
  275  281  283  274  259  247  232  228  220  228  230  245  250  258  253  251
  243  238  230  222  206  186  159  140  126  123  129  143  162  177  189  194
  191  181  170  157  146  135  127  125  122  123  122  120  117  110  105   98
   93   86   83   79   78   76   74   70   65   60   57   60   68   82  102  126
  148  166  180  192  207  226  243  281  275                                   
    22.5-180.0 180.0   5.0 450.0                            LAT/LON1/LON2/DLON/H
  313  321  327  319  308  295  282  273  263  261  256  261  261  261  255  249
  240  234  226  214  197  176  157  144  143  149  168  188  213  224  235  228
  220  203  188  170  160  148  140  135  133  131  130  126  124  117  113  105
  101   94   91   86   83   81   78   73   66   62   57   61   68   84  102  133
  154  176  191  207  225  247  266  306  313                                   
    20.0-180.0 180.0   5.0 450.0                            LAT/LON1/LON2/DLON/H
  348  359  365  359  352  348  334  327  312  304  290  290  277  273  258  254
  243  234  222  209  192  175  163  163  173  191  212  235  258  265  264  251
  235  215  196  176  165  154  148  145  141  140  136  134  130  125  120  115
  111  106  101   95   92   89   85   79   71   65   60   63   72   87  108  136
  162  186  204  221  242  267  290  328  348                                   
    17.5-180.0 180.0   5.0 450.0                            LAT/LON1/LON2/DLON/H
  378  389  397  395  394  392  386  380  366  353  337  329  312  295  273  259
  244  233  218  204  189  179  179  191  213  236  264  281  296  290  281  261
  243  219  201  180  167  156  152  149  146  143  140  136  133  127  123  118
  116  110  107  100   97   94   90   85   77   71   66   70   77   93  109  141
  165  193  213  234  256  283  309  347  378                                   
    15.0-180.0 180.0   5.0 450.0                            LAT/LON1/LON2/DLON/H
  398  410  419  424  429  436  429  427  410  400  377  367  342  324  294  276
  253  241  225  213  201  199  211  233  264  289  308  311  311  297  280  256
  234  212  195  176  165  156  156  154  151  147  143  139  136  130  127  124
  122  119  114  108  104  100   97   91   84   76   71   75   82   98  118  147
  176  202  226  246  269  297  324  361  398                                   
    12.5-180.0 180.0   5.0 450.0                            LAT/LON1/LON2/DLON/H
  409  424  437  445  458  460  464  458  450  437  415  401  379  358  329  304
  276  258  241  228  225  232  256  287  319  336  343  329  314  291  268  242
  221  204  191  177  167  162  160  159  155  152  146  141  136  130  127  124
  123  121  118  112  108  104  100   95   88   82   77   81   89  106  124  157
  182  213  237  260  281  309  337  372  409                                   
    10.0-180.0 180.0   5.0 450.0                            LAT/LON1/LON2/DLON/H
  416  431  442  455  472  481  485  487  476  471  448  435  410  391  359  337
  308  288  269  261  263  278  307  337  365  369  359  330  301  273  246  222
  206  193  188  177  175  171  172  169  165  159  152  145  139  133  130  128
  128  127  122  116  111  106  102   97   90   82   77   82   91  111  135  164
  194  222  251  273  293  322  344  376  416                                   
     7.5-180.0 180.0   5.0 450.0                            LAT/LON1/LON2/DLON/H
  417  436  446  463  483  491  500  501  499  494  479  464  443  424  400  375
  351  330  313  304  309  325  350  376  393  389  363  322  284  253  227  210
