data/unet/pred1910.15i
     1.0            IONOSPHERE MAPS     GNSS                IONEX VERSION / TYPE
pyspatialgeodesy        IME             05-JAN-18 20:20     PGM / RUN BY / DATE 
Map Name                                                    COMMENT             
Predicted global ionosphere maps (GIM).                     DESCRIPTION         
  2015     7    10     0     0     0                        EPOCH OF FIRST MAP  
  2015     7    11     0     0     0                        EPOCH OF LAST MAP   
  7200                                                      INTERVAL            
    13                                                      # OF MAPS IN FILE   
  NONE                                                      MAPPING FUNCTION    
10.0                                                        ELEVATION CUTOFF    
One-way carrier phase leveled to code                       OBSERVABLES USED    
  6371.0                                                    BASE RADIUS         
 2                                                          MAP DIMENSION       
   450.0 450.0   0.0                                        HGT1 / HGT2 / DHGT  
    87.5 -87.5  -2.5                                        LAT1 / LAT2 / DLAT  
  -180.0 180.0   5.0                                        LON1 / LON2 / DLON  
    -1                                                      EXPONENT            
                                                            END OF HEADER       
[from data line 4290]
    11                                                      START OF TEC MAP    
  2015     7    10    20     0     0                        EPOCH OF CURRENT MAP
    87.5-180.0 180.0   5.0 450.0                            LAT/LON1/LON2/DLON/H
  215  188  179  181  181  181  181  182  181  183  183  183  183  185  185  185
  186  186  186  187  186  187  186  186  185  185  184  184  183  183  182  182
  181  181  180  180  179  179  178  178  176  177  176  176  174  174  173  173
  172  172  170  170  168  168  167  167  166  166  166  167  167  168  168  170
  171  173  173  173  172  172  174  192  215                                   
    85.0-180.0 180.0   5.0 450.0                            LAT/LON1/LON2/DLON/H
  177  176  174  179  177  178  179  180  181  182  183  184  185  187  187  189
  189  190  191  191  191  191  191  190  189  189  188  187  186  185  184  183
  182  181  180  179  178  177  176  175  174  173  172  172  171  170  169  168
  167  166  165  165  163  163  162  162  161  161  160  160  161  161  162  163
  164  166  167  166  165  161  168  193  177                                   
    82.5-180.0 180.0   5.0 450.0                            LAT/LON1/LON2/DLON/H
  180  176  178  179  179  181  182  185  186  189  190  192  193  196  197  199
  199  201  201  202  201  201  199  199  197  196  194  193  190  190  187  187
  184  184  181  182  179  179  177  177  175  175  173  173  171  171  169  169
  168  168  166  166  164  164  162  162  161  161  158  159  158  159  158  160
  160  164  163  164  162  162  163  185  180                                   
    80.0-180.0 180.0   5.0 450.0                            LAT/LON1/LON2/DLON/H
  184  172  173  172  174  176  180  181  185  186  190  191  195  196  199  200
  202  203  204  204  204  203  202  200  198  196  194  192  189  187  185  183
  181  179  179  177  178  175  176  173  174  171  172  169  170  168  168  166
  167  165  166  164  165  162  163  160  160  158  157  155  155  155  154  155
  156  158  158  157  157  157  157  179  184                                   
    77.5-180.0 180.0   5.0 450.0                            LAT/LON1/LON2/DLON/H
  183  171  171  171  173  176  180  182  186  187  191  193  197  199  202  203
  206  206  208  207  207  206  204  202  200  196  194  191  188  185  183  181
  179  178  178  177  177  177  176  176  174  174  172  172  170  170  168  169
  167  168  167  168  166  166  164  163  161  159  157  155  154  153  153  153
  154  156  156  155  154  154  154  174  183                                   
    75.0-180.0 180.0   5.0 450.0                            LAT/LON1/LON2/DLON/H
  190  177  177  177  179  181  185  186  191  192  197  199  203  205  209  209
  211  212  213  213  212  211  209  206  203  200  197  194  190  188  185  182
  181  180  181  180  181  180  181  180  179  177  176  174  173  172  172  171
  172  171  173  172  172  171  170  168  167  164  162  159  159  158  158  159
  159  162  163  163  163  163  164  181  190                                   
    72.5-180.0 180.0   5.0 450.0                            LAT/LON1/LON2/DLON/H
  195  187  186  187  188  190  193  195  198  200  203  206  209  212  214  216
  216  217  217  217  215  213  210  208  204  201  197  193  189  186  183  182
  180  181  181  184  183  185  184  185  182  181  177  177  174  174  172  174
  172  176  174  177  175  176  173  174  169  169  164  163  161  162  161  164
  164  169  170  171  172  173  173  190  195                                   
    70.0-180.0 180.0   5.0 450.0                            LAT/LON1/LON2/DLON/H
  208  201  200  200  200  202  204  205  208  209  213  215  218  219  220  221
  221  221  221  221  218  217  213  212  206  204  199  197  192  189  186  185
  183  183  184  186  187  187  188  186  185  182  179  176  174  172  172  171
  173  174  175  176  176  175  175  173  172  169  168  166  167  168  170  173
  176  180  184  185  188  188  189  201  208                                   
    67.5-180.0 180.0   5.0 450.0                            LAT/LON1/LON2/DLON/H
  218  213  213  213  212  214  215  216  218  220  223  224  226  227  228  228
  227  226  225  224  222  220  217  214  210  206  203  198  194  190  188  185
  185  185  186  188  187  190  188  188  183  181  176  173  169  168  166  168
  168  171  171  173  172  173  171  172  169  170  167  169  169  173  175  180
  183  189  193  196  198  199  200  211  218                                   
    65.0-180.0 180.0   5.0 450.0                            LAT/LON1/LON2/DLON/H
  232  226  226  226  224  226  225  227  227  230  232  234  235  236  236  235
  233  232  230  230  226  226  222  220  216  214  210  206  202  199  196  194
  192  191  191  191  191  191  190  188  185  180  176  170  167  164  163  162
  164  165  167  167  167  166  166  165  166  165  168  169  174  178  183  188
  193  199  205  207  211  210  213  221  232                                   
    62.5-180.0 180.0   5.0 450.0                            LAT/LON1/LON2/DLON/H
  237  236  235  235  235  236  236  236  237  237  240  240  243  242  242  240
  238  236  235  233  232  230  230  226  225  220  218  213  210  207  205  201
  199  197  195  195  193  193  190  189  183  179  172  168  162  159  157  158
  158  160  160  161  159  160  157  160  159  163  163  169  173  180  185  191
  198  204  210  212  215  217  220  228  237                                   
    60.0-180.0 180.0   5.0 450.0                            LAT/LON1/LON2/DLON/H
  244  240  240  242  241  242  241  242  241  242  243  245  246  246  245  243
  240  239  236  235  234  234  232  232  230  228  225  223  221  219  217  214
  210  207  204  201  199  197  195  191  188  181  176  168  163  158  156  154
  154  154  153  152  150  149  148  149  151  155  160  166  175  181  190  195
  204  209  217  217  221  221  226  234  244                                   
    57.5-180.0 180.0   5.0 450.0                            LAT/LON1/LON2/DLON/H
  241  243  243  245  247  249  250  249  248  248  248  248  249  246  246  242
  241  236  236  233  235  234  237  234  236  233  233  231  231  230  229  226
  222  217  213  208  204  202  198  196  190  185  177  170  163  158  154  152
  150  149  146  144  140  140  137  141  143  150  154  163  169  179  186  193
  201  207  214  216  218  222  226  237  241                                   
    55.0-180.0 180.0   5.0 450.0                            LAT/LON1/LON2/DLON/H
  244  243  246  250  252  255  256  257  254  254  251  250  249  247  245  241
  238  234  232  231  232  232  235  235  237  238  239  240  241  244  243  241
  236  231  225  219  214  210  208  202  199  191  185  175  169  162  158  154
  152  147  144  138  135  132  131  134  137  143  149  157  167  174  185  190
  199  204  213  214  217  219  226  237  244                                   
    52.5-180.0 180.0   5.0 450.0                            LAT/LON1/LON2/DLON/H
  241  247  250  256  262  266  268  268  266  265  260  257  253  248  246  239
  237  230  230  227  230  230  237  237  243  242  247  248  253  254  256  252
  249  241  235  228  222  218  213  210  204  199  190  182  174  169  162  159
  153  149  141  137  131  129  127  131  134  142  147  156  162  171  177  185
  192  199  207  210  215  220  224  237  241                                   
    50.0-180.0 180.0   5.0 450.0                            LAT/LON1/LON2/DLON/H
  248  251  259  267  274  280  281  283  279  277  270  267  260  255  249  242
  236  230  227  225  228  230  236  239  244  247  252  256  262  265  266  265
  260  252  246  238  234  228  226  219  216  207  201  190  185  176  173  166
  161  154  148  141  135  132  132  134  137  143  148  155  162  168  177  182
  192  197  208  212  217  222  229  241  248                                   
    47.5-180.0 180.0   5.0 450.0                            LAT/LON1/LON2/DLON/H
  252  261  270  279  289  295  300  301  299  295  289  283  274  267  258  248
  241  232  230  225  230  232  242  243  252  253  260  262  270  272  276  271
  267  259  252  245  240  236  232  227  220  214  205  198  190  185  178  174
  166  161  153  147  141  139  137  141  143  149  152  158  162  169  174  181
  189  199  208  215  221  228  233  247  252                                   
    45.0-180.0 180.0   5.0 450.0                            LAT/LON1/LON2/DLON/H
  267  274  286  295  303  312  317  320  318  314  305  299  287  279  268  259
  249  238  233  230  233  237  245  250  257  261  268  272  279  282  284  281
  276  267  263  254  251  245  244  237  232  222  216  206  202  194  190  183
  178  172  166  161  156  153  151  153  154  157  159  163  167  172  179  186
  195  204  215  223  231  238  245  258  267                                   
    42.5-180.0 180.0   5.0 450.0                            LAT/LON1/LON2/DLON/H
  274  286  297  306  315  324  332  337  338  334  327  319  308  300  286  276
  263  251  244  239  244  247  258  262  273  275  284  285  293  292  296  289
  286  276  271  264  260  256  252  246  238  230  221  215  208  204  197  193
  187  183  177  173  168  166  164  164  164  166  166  170  172  179  184  193
  201  211  221  230  240  248  256  271  274                                   
    40.0-180.0 180.0   5.0 450.0                            LAT/LON1/LON2/DLON/H
  290  297  309  317  323  336  343  352  354  356  348  343  329  322  307  295
  282  268  259  254  257  262  271  277  286  291  298  302  307  308  309  305
  300  291  287  280  278  273  269  261  253  242  234  226  220  214  209  203
  199  195  191  188  185  184  181  179  176  174  174  176  180  187  194  203
  212  222  232  241  251  257  269  284  290                                   
    37.5-180.0 180.0   5.0 450.0                            LAT/LON1/LON2/DLON/H
  294  305  316  323  330  339  350  358  365  368  368  364  355  345  332  321
  304  290  280  272  276  279  291  297  308  312  319  321  326  324  325  321
  319  312  307  301  296  289  282  274  262  251  240  234  227  223  217  212
  208  205  201  199  195  194  191  188  184  181  180  183  187  195  202  212
  219  229  237  246  257  265  278  292  294                                   
    35.0-180.0 180.0   5.0 450.0                            LAT/LON1/LON2/DLON/H
  305  312  324  332  335  346  356  368  378  388  393  395  386  381  365  352
  332  315  302  293  295  298  309  316  328  333  341  345  349  349  350  349
  348  343  339  331  324  314  305  292  279  267  256  249  242  236  230  224
  220  217  213  210  206  203  199  194  188  185  182  186  192  202  209  219
  227  235  243  252  262  268  283  296  305                                   
    32.5-180.0 180.0   5.0 450.0                            LAT/LON1/LON2/DLON/H
  307  319  331  339  344  350  362  371  387  401  412  417  415  409  394  380
  359  341  326  317  316  320  331  339  352  359  368  370  375  375  377  379
  379  377  370  361  351  337  324  308  292  279  268  261  252  246  237  232
  225  222  215  213  207  204  197  192  185  182  180  185  192  203  211  222
  227  235  242  251  261  272  286  300  307                                   
    30.0-180.0 180.0   5.0 450.0                            LAT/LON1/LON2/DLON/H
  314  324  339  349  352  360  369  380  395  414  430  441  441  440  425  411
  389  368  350  341  337  341  348  359  370  380  391  397  404  406  413  416
  421  414  407  391  378  358  343  322  306  290  280  272  263  255  244  236
  228  223  217  210  205  198  193  186  180  175  173  179  187  199  208  218
  225  232  241  248  262  269  285  300  314                                   
    27.5-180.0 180.0   5.0 450.0                            LAT/LON1/LON2/DLON/H
  312  330  345  357  362  368  377  386  401  422  441  454  461  461  452  439
  418  397  377  365  361  361  368  375  388  397  409  419  426  429  437  444
  449  443  430  410  387  364  343  322  304  290  278  271  260  253  239  231
  220  214  205  199  192  187  181  177  171  168  165  170  178  191  200  212
  218  229  236  246  259  272  284  301  312                                   
    25.0-180.0 180.0   5.0 450.0                            LAT/LON1/LON2/DLON/H
  318  330  350  364  369  377  383  394  408  430  451  472  483  489  482  472
  449  431  408  396  386  385  384  391  401  413  427  436  445  448  457  463
  469  458  444  414  386  356  331  309  290  277  266  259  250  240  229  217
  209  200  194  186  180  175  172  168  162  159  156  160  166  178  187  200
  209  221  232  243  260  267  284  300  318                                   
    22.5-180.0 180.0   5.0 450.0                            LAT/LON1/LON2/DLON/H
  310  332  352  371  379  385  395  402  419  439  462  483  498  508  507  499
  483  462  442  427  414  407  403  407  416  427  438  446  451  453  459  464
  464  453  430  397  361  327  300  278  260  252  241  237  227  219  207  198
  187  181  173  166  160  157  157  154  150  148  145  147  153  160  169  182
  195  209  224  239  255  269  281  299  310                                   
    20.0-180.0 180.0   5.0 450.0                            LAT/LON1/LON2/DLON/H
  312  330  354  373  383  396  404  416  430  448  470  494  509  524  527  526
  511  498  477  465  446  437  427  427  431  438  447  452  457  454  458  455
  450  431  406  367  325  291  264  244  230  221  215  209  203  194  186  174
  168  160  156  147  145  143  145  144  141  140  136  137  139  145  152  162
  178  197  216  233  253  263  282  297  312                                   
    17.5-180.0 180.0   5.0 450.0                            LAT/LON1/LON2/DLON/H
  303  328  350  374  384  395  408  418  435  450  472  492  510  526  536  541
  534  522  505  493  477  462  449  444  443  445  451  454  453  449  446  439
  424  401  368  325  283  248  224  208  197  190  185  181  176  168  161  153
  147  141  137  130  130  128  133  133  133  128  126  123  126  127  136  144
  161  182  206  226  246  262  277  293  303                                   
    15.0-180.0 180.0   5.0 450.0                            LAT/LON1/LON2/DLON/H
  301  324  346  367  378  392  403  416  432  448  467  486  503  520  534  544
  547  540  527  517  503  489  471  459  453  450  453  452  450  442  437  421
  402  372  335  291  250  219  200  187  179  171  168  162  159  151  147  139
  134  128  123  117  118  119  125  128  127  123  119  115  116  115  121  130
  146  169  196  217  241  251  272  287  301                                   
    12.5-180.0 180.0   5.0 450.0                            LAT/LON1/LON2/DLON/H
  291  314  334  352  367  377  393  403  422  435  453  467  484  504  519  539
  546  552  542  534  518  506  486  469  460  454  453  448  442  435  424  405
  380  347  307  264  230  203  189  176  170  162  158  151  149  143  139  133
  128  122  118  113  116  117  122  124  124  119  114  109  108  105  109  117
  132  154  180  204  225  244  260  279  291                                   
    10.0-180.0 180.0   5.0 450.0                            LAT/LON1/LON2/DLON/H
  283  306  323  342  351  368  377  394  407  421  433  447  461  485  503  526
  544  554  555  548  534  519  499  479  466  457  453  447  442  432  418  393
  368  332  297  259  235  214  203  191  184  174  165  158  153  149  145  139
  133  124  120  114  117  118  123  126  123  116  109  102   99   95   97  103
  118  138  164  187  213  227  247  265  283                                   
     7.5-180.0 180.0   5.0 450.0                            LAT/LON1/LON2/DLON/H
  273  296  312  324  339  345  364  372  392  399  414  425  442  465  486  511
  532  550  554  550  537  522  505  482  470  458  452  445  438  428  411  386
