data/unet/pred0960.15i
     1.0            IONOSPHERE MAPS     GNSS                IONEX VERSION / TYPE
pyspatialgeodesy        IME             05-JAN-18 20:20     PGM / RUN BY / DATE 
Map Name                                                    COMMENT             
Predicted global ionosphere maps (GIM).                     DESCRIPTION         
  2015     4     6     0     0     0                        EPOCH OF FIRST MAP  
  2015     4     7     0     0     0                        EPOCH OF LAST MAP   
  7200                                                      INTERVAL            
    13                                                      # OF MAPS IN FILE   
  NONE                                                      MAPPING FUNCTION    
10.0                                                        ELEVATION CUTOFF    
One-way carrier phase leveled to code                       OBSERVABLES USED    
  6371.0                                                    BASE RADIUS         
 2                                                          MAP DIMENSION       
   450.0 450.0   0.0                                        HGT1 / HGT2 / DHGT  
    87.5 -87.5  -2.5                                        LAT1 / LAT2 / DLAT  
  -180.0 180.0   5.0                                        LON1 / LON2 / DLON  
    -1                                                      EXPONENT            
                                                            END OF HEADER       
[from data line 1287]
     4                                                      START OF TEC MAP    
  2015     4     6     6     0     0                        EPOCH OF CURRENT MAP
    87.5-180.0 180.0   5.0 450.0                            LAT/LON1/LON2/DLON/H
  181  211  204  208  211  211  212  214  214  214  214  212  211  209  207  205
  204  202  202  200  200  199  199  197  199  195  197  194  196  192  193  190
  192  187  189  185  188  184  186  183  187  184  187  184  188  186  189  187
  190  188  191  188  190  187  189  186  188  185  186  183  186  183  185  183
  187  184  188  184  192  182  202  182  181                                   
    85.0-180.0 180.0   5.0 450.0                            LAT/LON1/LON2/DLON/H
  198  202  197  205  207  206  208  208  209  208  209  206  205  202  201  196
  195  191  191  187  187  185  185  182  182  179  180  177  178  175  176  173
  176  172  175  172  176  173  177  175  180  177  181  178  182  180  183  181
  184  182  185  182  185  182  185  182  185  182  184  181  184  182  183  181
  185  184  185  186  187  183  190  193  198                                   
    82.5-180.0 180.0   5.0 450.0                            LAT/LON1/LON2/DLON/H
  192  200  199  207  206  205  206  207  207  207  207  206  204  202  200  197
  193  191  187  185  181  179  175  172  169  166  165  164  163  163  163  164
  166  167  169  172  174  177  178  181  183  184  185  185  187  185  187  186
  188  186  189  187  188  187  188  187  188  187  187  186  187  186  185  185
  187  186  187  187  190  189  185  180  192                                   
    80.0-180.0 180.0   5.0 450.0                            LAT/LON1/LON2/DLON/H
  200  205  205  205  203  202  203  204  204  204  203  201  198  195  192  188
  184  180  176  171  167  162  158  153  150  145  144  141  141  141  143  147
  151  156  161  166  172  175  181  185  190  191  194  195  195  195  195  196
  195  196  197  198  198  199  200  200  201  201  200  200  201  200  199  199
  201  200  201  200  203  197  191  191  200                                   
    77.5-180.0 180.0   5.0 450.0                            LAT/LON1/LON2/DLON/H
  198  201  200  200  195  193  192  192  190  191  190  189  186  184  180  178
  172  169  163  159  154  147  143  136  133  128  126  123  124  125  128  134
  139  148  155  164  171  177  184  191  199  202  208  209  212  211  213  213
  214  215  215  219  218  222  221  225  224  226  225  227  226  227  225  226
  227  226  227  225  225  214  203  197  198                                   
    75.0-180.0 180.0   5.0 450.0                            LAT/LON1/LON2/DLON/H
  202  205  199  195  186  184  180  179  176  177  174  173  169  167  163  160
  154  150  144  139  133  129  121  119  110  111  103  105  102  107  108  117
  122  134  145  155  166  174  186  193  203  209  216  220  224  228  231  234
  235  239  241  245  246  250  250  254  252  255  250  253  250  251  247  247
  244  243  239  236  233  227  214  213  202                                   
    72.5-180.0 180.0   5.0 450.0                            LAT/LON1/LON2/DLON/H
  205  205  199  191  180  173  167  164  161  160  158  156  154  151  148  144
  140  136  132  128  123  118  115  109  106  100   99   94   96   96  103  108
  118  127  140  151  163  172  183  193  204  211  221  228  237  243  252  256
  262  265  270  276  278  282  284  285  285  284  282  279  278  274  271  267
  264  260  257  251  249  239  228  221  205                                   
    70.0-180.0 180.0   5.0 450.0                            LAT/LON1/LON2/DLON/H
  213  209  200  189  176  167  157  154  145  147  142  143  139  138  134  131
  126  124  119  117  114  112  109  106  101   98   94   91   90   91   94   99
  108  117  131  142  156  165  178  187  201  209  221  232  242  252  263  272
  278  285  291  297  300  303  304  304  302  300  295  293  289  287  280  278
  273  270  266  261  256  247  236  233  213                                   
    67.5-180.0 180.0   5.0 450.0                            LAT/LON1/LON2/DLON/H
  220  210  203  188  174  160  151  143  138  134  133  131  130  126  123  117
  115  112  111  109  110  107  108  105  105  100   98   93   93   90   93   96
  104  113  125  139  147  160  167  182  192  206  218  232  245  258  273  282
  292  298  307  313  317  316  318  314  312  307  302  296  292  288  282  278
  275  270  268  262  260  249  239  234  220                                   
    65.0-180.0 180.0   5.0 450.0                            LAT/LON1/LON2/DLON/H
  226  216  207  190  176  162  149  142  132  131  125  126  120  118  112  108
  106  103  103  103  106  106  108  107  108  104  103   98   95   91   90   92
   96  105  116  129  140  150  162  172  187  199  215  230  245  261  277  289
  300  308  317  322  326  326  326  322  318  311  303  296  291  286  279  273
  269  266  263  260  258  252  240  238  226                                   
    62.5-180.0 180.0   5.0 450.0                            LAT/LON1/LON2/DLON/H
  232  219  210  192  178  162  152  140  133  127  125  123  120  115  110  103
  100   97   96   97  100  102  106  106  109  106  106   99   97   91   89   89
   92  100  108  123  132  146  154  169  179  197  212  233  249  268  284  297
  310  320  330  337  341  341  341  337  330  321  310  303  293  287  277  271
  261  258  253  252  252  244  237  237  232                                   
    60.0-180.0 180.0   5.0 450.0                            LAT/LON1/LON2/DLON/H
  237  227  217  200  183  170  156  143  133  126  119  120  114  111  104  100
   94   91   90   91   96   97  102  103  107  104  105   98   97   89   85   82
   84   91   98  113  125  139  150  163  177  194  214  236  254  275  293  309
  322  335  345  354  357  359  359  356  348  338  324  313  302  294  280  272
  259  255  247  246  245  242  235  240  237                                   
    57.5-180.0 180.0   5.0 450.0                            LAT/LON1/LON2/DLON/H
  241  228  221  203  188  173  160  145  135  125  122  119  118  111  107   99
   95   89   87   88   90   92   97   97  101  100  101   96   93   85   80   75
   77   81   94  107  123  138  150  166  179  199  218  243  263  284  302  318
  334  346  359  369  375  377  378  376  369  362  348  338  325  314  299  287
  271  264  255  253  251  245  240  247  241                                   
    55.0-180.0 180.0   5.0 450.0                            LAT/LON1/LON2/DLON/H
  256  244  234  219  203  188  172  155  140  127  118  117  112  109  102  100
   92   92   85   88   88   90   91   93   96   96   98   94   91   83   77   72
   71   76   86  103  118  138  150  167  183  204  226  253  273  296  315  333
  346  361  371  383  389  395  397  398  393  387  374  365  353  340  323  307
  290  280  269  267  264  260  254  259  256                                   
    52.5-180.0 180.0   5.0 450.0                            LAT/LON1/LON2/DLON/H
  266  259  249  234  220  202  185  165  148  132  123  118  117  110  108  102
   99   94   93   92   93   91   91   91   96   95   97   95   91   83   77   70
   73   75   91  106  126  144  158  175  190  213  236  263  283  307  325  342
  357  370  385  395  406  413  417  418  415  411  401  394  384  372  357  340
  321  310  298  296  292  286  276  280  266                                   
    50.0-180.0 180.0   5.0 450.0                            LAT/LON1/LON2/DLON/H
  292  280  271  259  245  228  208  184  162  142  127  121  116  114  108  108
  103  105  101  104  102  101   96   96   95  100  102  102   98   90   84   75
   76   79   94  112  131  151  164  181  197  222  248  275  296  318  337  355
  369  386  400  414  425  435  437  441  438  434  423  415  404  394  379  365
  347  334  322  319  316  306  298  299  292                                   
    47.5-180.0 180.0   5.0 450.0                            LAT/LON1/LON2/DLON/H
  309  299  293  284  270  253  230  203  179  157  140  130  126  119  116  112
  113  111  113  114  117  113  110  107  106  107  108  107  103   96   90   80
   84   83  102  118  139  159  171  188  205  231  259  285  306  327  346  363
  380  396  413  427  439  448  449  455  450  447  434  426  415  405  392  380
  366  354  344  340  337  329  319  317  309                                   
    45.0-180.0 180.0   5.0 450.0                            LAT/LON1/LON2/DLON/H
  323  307  302  295  289  270  252  224  197  172  152  139  131  126  120  120
  119  123  127  132  134  133  128  125  122  122  123  120  114  104   96   85
   87   87  105  120  140  159  173  188  207  232  265  289  313  332  353  372
  388  409  424  445  455  465  466  470  465  459  445  434  422  413  399  388
  373  361  352  346  346  335  331  328  323                                   
    42.5-180.0 180.0   5.0 450.0                            LAT/LON1/LON2/DLON/H
  326  311  305  301  293  280  262  239  213  191  168  155  146  138  132  128
  129  133  140  145  152  151  149  147  144  144  140  134  123  111  103   92
   91   91  107  121  140  157  174  192  210  236  267  290  315  333  356  373
  393  413  433  451  463  473  472  477  471  464  448  434  421  411  397  385
  371  360  351  348  347  337  330  326  326                                   
    40.0-180.0 180.0   5.0 450.0                            LAT/LON1/LON2/DLON/H
  323  301  292  288  284  271  259  240  222  200  181  166  156  148  139  138
  137  143  151  157  166  165  165  165  164  162  157  147  133  121  107   96
   90   90   99  115  131  157  173  193  212  235  270  292  322  339  365  381
  402  424  444  466  477  489  489  494  488  479  462  448  432  421  403  391
  373  363  350  347  346  336  335  328  323                                   
    37.5-180.0 180.0   5.0 450.0                            LAT/LON1/LON2/DLON/H
  316  289  276  266  258  247  240  230  219  205  190  179  170  162  153  149
  149  155  162  169  178  178  180  178  180  175  171  154  143  123  110   96
   90   89   96  112  129  152  175  198  222  247  276  304  332  352  378  396
  419  436  459  476  494  505  508  513  509  502  486  474  458  443  423  407
  388  374  360  352  348  338  330  321  316                                   
    35.0-180.0 180.0   5.0 450.0                            LAT/LON1/LON2/DLON/H
  314  278  255  239  227  217  212  210  206  200  192  186  180  175  164  163
  160  167  173  181  187  189  189  189  188  185  176  164  144  131  111  105
   97   95  100  114  133  163  181  213  235  263  292  314  349  365  398  415
  440  458  488  506  530  540  549  552  555  550  535  528  512  496  469  450
  422  411  390  381  368  350  348  339  314                                   
    32.5-180.0 180.0   5.0 450.0                            LAT/LON1/LON2/DLON/H
  321  280  247  220  203  187  183  182  185  185  184  185  184  182  175  173
  171  176  183  190  197  198  199  193  196  186  180  162  145  136  120  123
  112  116  112  125  138  170  197  223  257  282  309  333  355  379  406  431
  455  484  517  546  576  595  609  619  628  630  624  613  599  575  547  517
  487  468  446  430  408  383  363  362  321                                   
    30.0-180.0 180.0   5.0 450.0                            LAT/LON1/LON2/DLON/H
  348  297  258  227  200  182  172  171  172  175  177  183  186  188  181  183
  180  187  191  199  203  206  202  202  196  196  183  176  161  156  146  139
  133  122  123  130  166  191  216  242  275  296  327  341  375  389  430  447
  489  515  562  592  621  642  664  689  711  719  722  710  702  670  644  615
  588  561  533  503  476  430  420  417  348                                   
    27.5-180.0 180.0   5.0 450.0                            LAT/LON1/LON2/DLON/H
  387  332  288  250  217  192  176  168  165  167  169  177  182  187  185  186
  188  193  200  203  208  206  208  201  199  199  188  192  169  173  161  160
  141  131  125  129  158  197  232  256  285  307  336  354  378  406  434  469
  509  556  602  641  674  706  726  755  779  800  806  806  801  772  749  712
  678  647  625  599  569  514  487  484  387                                   
    25.0-180.0 180.0   5.0 450.0                            LAT/LON1/LON2/DLON/H
  450  396  347  303  265  235  211  199  187  183  179  184  190  194  194  197
  198  204  208  214  214  220  216  223  216  230  221  210  190  178  163  147
  141  112  123  101  170  205  247  272  295  317  343  362  390  412  449  484
  538  593  650  685  725  763  786  823  850  883  894  907  899  875  849  808
  773  733  707  676  649  598  578  562  450                                   
    22.5-180.0 180.0   5.0 450.0                            LAT/LON1/LON2/DLON/H
  527  481  440  393  346  311  272  250  229  212  197  195  193  199  200  205
  209  213  219  219  223  223  226  236  238  250  232  219  191  184  165  153
  138  109  107   96  154  194  246  270  294  319  341  373  398  432  466  513
  564  634  678  734  764  800  823  862  887  924  940  961  955  943  920  886
  856  819  797  771  743  689  654  648  527                                   
    20.0-180.0 180.0   5.0 450.0                            LAT/LON1/LON2/DLON/H
  619  578  537  486  445  402  365  330  299  276  244  235  221  219  214  224
  230  238  239  247  242  259  251  278  272  264  224  203  176  157  145  126
  126  102  107  100  152  196  241  279  303  331  358  386  418  449  489  538
  597  658  704  741  781  810  839  870  893  935  951  974  976  969  956  933
  910  878  860  831  813  756  725  736  619                                   
    17.5-180.0 180.0   5.0 450.0                            LAT/LON1/LON2/DLON/H
  693  673  638  582  532  491  454  420  391  352  315  287  262  252  240  250
  255  264  261  265  264  275  284  301  285  268  220  201  170  160  141  138
  125  113  112  108  150  190  241  277  312  346  372  409  435  470  510  562
  620  678  708  754  782  812  825  850  860  899  915  949  954  964  952  944
  925  905  892  879  867  812  780  793  693                                   
    15.0-180.0 180.0   5.0 450.0                            LAT/LON1/LON2/DLON/H
  754  731  697  653  601  554  516  485  458  424  387  354  314  299  277  288
  289  296  288  295  283  305  301  307  289  266  217  196  164  155  141  135
  128  115  103  104  141  188  227  273  312  353  397  433  469  503  552  594
  638  669  700  732  753  776  778  801  799  834  849  885  901  915  919  915
  906  898  891  891  887  844  815  821  754                                   
    12.5-180.0 180.0   5.0 450.0                            LAT/LON1/LON2/DLON/H
  780  772  732  700  649  601  560  533  512  480  445  409  376  345  328  328
  324  322  315  314  303  314  306  315  292  277  223  202  176  156  145  134
  132  107   98  101  139  179  226  269  315  367  416  460  493  530  573  610
  642  673  693  712  724  737  733  740  735  757  774  816  835  869  875  888
  878  882  875  880  876  846  815  817  780                                   
    10.0-180.0 180.0   5.0 450.0                            LAT/LON1/LON2/DLON/H
  782  779  739  704  660  613  575  560  542  526  492  458  422  390  362  362
  353  343  327  321  299  304  304  308  296  276  228  207  177  158  143  121
  116   92   89   92  123  158  206  253  303  357  415  466  503  541  575  612
  634  654  668  678  687  691  686  685  686  708  721  762  790  824  843  853
  852  858  853  864  864  850  820  817  782                                   
     7.5-180.0 180.0   5.0 450.0                            LAT/LON1/LON2/DLON/H
  773  762  733  689  642  596  568  555  554  546  524  495  460  428  410  402
  394  368  332  314  295  294  287  301  287  267  236  203  183  156  143  125
