data/unet/pred0950.15i
     1.0            IONOSPHERE MAPS     GNSS                IONEX VERSION / TYPE
pyspatialgeodesy        IME             05-JAN-18 20:20     PGM / RUN BY / DATE 
Map Name                                                    COMMENT             
Predicted global ionosphere maps (GIM).                     DESCRIPTION         
  2015     4     5     0     0     0                        EPOCH OF FIRST MAP  
  2015     4     6     0     0     0                        EPOCH OF LAST MAP   
  7200                                                      INTERVAL            
    13                                                      # OF MAPS IN FILE   
  NONE                                                      MAPPING FUNCTION    
10.0                                                        ELEVATION CUTOFF    
One-way carrier phase leveled to code                       OBSERVABLES USED    
  6371.0                                                    BASE RADIUS         
 2                                                          MAP DIMENSION       
   450.0 450.0   0.0                                        HGT1 / HGT2 / DHGT  
    87.5 -87.5  -2.5                                        LAT1 / LAT2 / DLAT  
  -180.0 180.0   5.0                                        LON1 / LON2 / DLON  
    -1                                                      EXPONENT            
                                                            END OF HEADER       
[from data line 4290]
    11                                                      START OF TEC MAP    
  2015     4     5    20     0     0                        EPOCH OF CURRENT MAP
    87.5-180.0 180.0   5.0 450.0                            LAT/LON1/LON2/DLON/H
  228  209  203  204  204  203  205  206  208  208  211  211  212  212  213  213
  214  215  216  216  217  218  218  219  218  218  217  217  215  214  212  211
  209  209  206  207  204  205  202  204  202  204  202  204  202  205  203  205
  203  206  204  206  204  206  205  207  205  206  205  206  205  205  204  204
  203  203  204  201  202  200  198  197  228                                   
    85.0-180.0 180.0   5.0 450.0                            LAT/LON1/LON2/DLON/H
  195  195  196  201  197  199  198  202  202  206  207  210  211  213  214  216
  217  219  220  221  222  222  223  222  222  221  220  218  217  214  213  211
  209  207  205  204  202  202  200  201  198  199  198  199  197  198  198  199
  198  199  200  201  201  202  202  202  203  202  202  202  202  202  200  200
  198  199  198  197  194  192  190  195  195                                   
    82.5-180.0 180.0   5.0 450.0                            LAT/LON1/LON2/DLON/H
  190  186  189  190  189  190  191  195  196  201  202  207  209  214  214  219
  219  223  223  225  224  225  224  224  221  221  218  217  214  212  209  207
  205  203  200  199  197  196  194  194  191  192  190  191  189  191  189  191
  189  192  191  193  193  195  194  196  195  198  195  197  195  197  193  194
  191  192  189  190  185  184  177  179  190                                   
    80.0-180.0 180.0   5.0 450.0                            LAT/LON1/LON2/DLON/H
  184  172  171  170  171  174  177  182  185  191  194  201  204  210  214  219
  221  224  224  226  224  224  222  220  218  215  213  209  208  203  202  196
  196  190  191  185  186  181  183  178  181  176  179  175  178  173  176  173
  176  174  177  176  180  179  182  181  184  183  184  183  183  182  181  178
  177  176  174  171  169  165  160  167  184                                   
    77.5-180.0 180.0   5.0 450.0                            LAT/LON1/LON2/DLON/H
  171  160  158  158  162  165  172  176  183  187  195  201  207  212  218  222
  226  227  229  227  227  224  223  219  216  211  209  205  201  197  194  190
  186  184  180  178  176  174  173  171  170  168  167  165  164  162  162  161
  161  161  162  163  164  166  167  169  169  170  170  171  169  169  167  165
  164  163  162  158  155  152  147  155  171                                   
    75.0-180.0 180.0   5.0 450.0                            LAT/LON1/LON2/DLON/H
  169  155  155  156  159  165  171  177  183  191  199  208  214  223  228  234
  235  237  236  236  233  230  227  223  219  214  210  206  202  196  193  187
  183  178  176  172  171  168  168  165  164  160  160  155  156  150  152  148
  149  147  149  148  151  150  153  153  155  155  156  155  156  154  154  153
  153  153  154  151  151  146  146  159  169                                   
    72.5-180.0 180.0   5.0 450.0                            LAT/LON1/LON2/DLON/H
  168  161  162  163  167  171  178  184  193  202  212  221  229  237  242  247
  248  249  247  244  242  237  235  229  225  219  214  209  203  197  191  186
  179  176  172  169  167  165  164  162  160  156  154  150  148  144  141  139
  137  137  136  137  136  139  137  140  138  141  138  140  137  139  137  139
  140  142  145  146  147  145  146  160  168                                   
    70.0-180.0 180.0   5.0 450.0                            LAT/LON1/LON2/DLON/H
  173  167  170  170  174  180  186  195  204  215  226  238  248  257  262  267
  265  266  261  259  255  250  246  241  235  230  225  218  212  204  198  190
  184  177  173  168  167  163  162  159  157  153  150  145  141  136  133  129
  127  126  125  125  125  125  125  125  125  125  124  123  122  122  123  124
  127  130  136  140  145  145  150  167  173                                   
    67.5-180.0 180.0   5.0 450.0                            LAT/LON1/LON2/DLON/H
  177  176  179  180  184  187  195  202  213  225  239  253  265  274  280  285
  283  283  277  273  269  264  262  254  251  243  237  229  220  211  202  194
  185  179  172  167  164  160  158  154  151  146  143  137  132  126  123  119
  117  115  114  113  113  112  111  110  109  108  106  105  104  104  105  108
  112  118  126  133  140  144  150  169  177                                   
    65.0-180.0 180.0   5.0 450.0                            LAT/LON1/LON2/DLON/H
  182  183  188  189  193  198  204  213  224  238  254  270  284  294  301  305
  303  300  293  290  286  282  280  275  270  263  256  245  237  225  217  206
  197  187  180  172  167  161  158  152  149  143  138  131  126  120  116  112
  109  108  107  106  105  103  101  100   98   96   94   90   91   89   92   95
  101  108  118  128  137  144  155  176  182                                   
    62.5-180.0 180.0   5.0 450.0                            LAT/LON1/LON2/DLON/H
  182  185  191  193  198  200  208  214  228  243  261  278  295  308  317  321
  319  315  308  304  300  297  295  289  286  277  271  261  251  240  228  220
  208  200  188  180  170  164  156  151  145  141  134  129  121  116  110  106
  102  101  100  100   98   97   94   93   89   87   83   81   79   79   80   85
   91   99  110  121  131  140  150  174  182                                   
    60.0-180.0 180.0   5.0 450.0                            LAT/LON1/LON2/DLON/H
  183  186  194  197  201  207  213  223  234  253  270  292  308  325  333  337
  336  330  323  320  316  314  312  308  305  297  292  280  272  259  250  237
  228  216  204  192  181  171  162  154  148  141  137  129  123  115  109  103
  100   97   96   96   96   95   93   91   88   85   81   77   76   75   79   82
   89   98  109  121  131  140  153  176  183                                   
    57.5-180.0 180.0   5.0 450.0                            LAT/LON1/LON2/DLON/H
  183  187  195  200  204  210  217  227  241  258  278  299  319  335  346  351
  350  342  336  330  327  324  322  319  314  309  305  296  290  279  269  256
  245  233  218  205  191  180  169  161  153  148  141  135  127  119  110  104
   99   96   94   95   96   96   95   93   90   87   83   80   78   79   80   86
   91  102  112  123  132  141  151  176  183                                   
    55.0-180.0 180.0   5.0 450.0                            LAT/LON1/LON2/DLON/H
  191  193  203  209  214  222  229  240  253  273  290  314  331  349  359  362
  363  355  350  343  338  334  331  328  326  323  322  316  314  306  299  285
  272  257  242  225  210  196  184  176  168  161  154  147  140  130  122  114
  109  104  103  102  103  103  104  102  101   97   94   90   91   89   93   97
  105  115  127  137  144  151  161  179  191                                   
    52.5-180.0 180.0   5.0 450.0                            LAT/LON1/LON2/DLON/H
  202  209  218  229  234  242  249  261  273  292  309  332  348  365  373  378
  377  369  363  352  347  339  337  333  333  331  332  331  332  329  324  311
  296  278  259  241  224  209  198  189  181  174  167  160  152  143  134  125
  119  115  112  112  112  113  115  114  113  111  107  106  104  105  108  114
  122  133  144  155  161  166  169  191  202                                   
    50.0-180.0 180.0   5.0 450.0                            LAT/LON1/LON2/DLON/H
  221  229  246  257  263  273  279  292  302  321  336  357  370  383  390  392
  395  385  379  366  358  350  344  342  340  342  345  348  351  351  347  334
  319  297  277  255  238  223  210  202  194  188  181  175  167  160  151  144
  137  132  129  127  127  127  128  128  129  127  124  121  122  121  128  134
  145  158  170  180  185  190  193  210  221                                   
    47.5-180.0 180.0   5.0 450.0                            LAT/LON1/LON2/DLON/H
  241  254  274  287  295  303  310  323  332  354  366  385  393  404  407  413
  414  405  393  379  371  359  356  349  351  351  356  359  363  363  356  343
  323  302  278  259  242  228  217  208  201  194  188  184  178  172  165  158
  152  148  143  141  139  139  140  142  142  142  137  137  134  137  141  151
  161  176  189  201  208  214  211  235  241                                   
    45.0-180.0 180.0   5.0 450.0                            LAT/LON1/LON2/DLON/H
  268  282  305  321  331  345  351  366  375  393  402  416  420  428  433  438
  438  427  415  402  393  382  374  368  365  367  368  372  371  370  358  343
  321  298  277  259  244  233  222  214  205  198  193  190  186  182  178  174
  170  165  160  155  153  151  151  154  154  154  150  148  146  149  155  163
  175  191  207  220  229  237  243  258  268                                   
    42.5-180.0 180.0   5.0 450.0                            LAT/LON1/LON2/DLON/H
  288  310  328  347  360  374  385  400  411  427  431  445  448  457  459  465
  461  452  439  427  418  407  398  390  387  383  383  380  377  368  354  334
  311  289  268  255  244  235  226  217  207  199  194  191  189  189  187  185
  183  178  171  166  160  159  159  162  162  162  157  155  151  154  156  166
  177  194  210  229  242  257  262  282  288                                   
    40.0-180.0 180.0   5.0 450.0                            LAT/LON1/LON2/DLON/H
  309  333  351  371  384  400  413  430  442  456  464  475  480  488  489  494
  491  483  470  459  451  443  434  428  418  413  405  400  390  377  357  334
  311  289  274  264  258  251  241  230  216  206  198  195  193  195  195  196
  193  191  184  175  170  168  167  170  170  171  164  162  158  159  159  169
  179  197  216  239  257  274  288  302  309                                   
    37.5-180.0 180.0   5.0 450.0                            LAT/LON1/LON2/DLON/H
  318  348  365  385  399  413  430  444  461  476  487  499  505  514  516  520
  516  510  497  490  481  476  467  458  447  435  423  412  400  383  364  341
  319  300  288  282  279  271  260  244  229  214  207  202  200  201  202  203
  202  197  189  180  174  172  174  176  178  174  170  164  163  158  159  161
  169  184  201  227  250  278  293  312  318                                   
    35.0-180.0 180.0   5.0 450.0                            LAT/LON1/LON2/DLON/H
  328  359  380  399  414  427  443  458  479  495  512  525  533  542  545  549
  546  540  530  521  514  508  500  490  476  459  444  429  419  401  388  367
  353  337  332  327  323  310  292  272  253  241  226  223  217  218  214  215
  208  205  193  187  178  177  177  183  183  183  176  175  169  167  161  162
  163  177  193  218  243  272  295  314  328                                   
    32.5-180.0 180.0   5.0 450.0                            LAT/LON1/LON2/DLON/H
  333  364  387  410  425  435  448  463  487  505  527  542  553  565  571  577
  573  567  551  545  537  533  523  514  500  484  469  457  448  435  428  417
  409  396  393  387  381  369  349  318  296  278  265  254  247  238  236  229
  224  210  201  189  185  181  184  190  192  194  189  186  180  172  171  165
  165  168  183  202  229  262  290  314  333                                   
    30.0-180.0 180.0   5.0 450.0                            LAT/LON1/LON2/DLON/H
  343  374  402  425  439  450  462  479  506  526  551  564  579  588  599  604
  603  593  579  565  559  551  545  535  528  516  509  500  499  491  491  487
  473  456  444  446  433  409  383  354  335  327  315  301  287  276  263  252
  239  226  217  209  202  198  195  198  195  198  186  190  178  188  177  176
  170  177  184  200  226  254  287  316  343                                   
    27.5-180.0 180.0   5.0 450.0                            LAT/LON1/LON2/DLON/H
  352  388  413  441  457  466  477  496  521  547  570  588  603  616  628  636
  632  622  601  586  571  565  557  551  548  543  540  538  540  544  550  549
  534  527  504  487  464  446  415  385  363  353  351  350  337  319  305  290
  275  258  251  239  238  227  231  221  223  208  200  190  181  180  175  179
  183  183  192  206  230  260  291  324  352                                   
    25.0-180.0 180.0   5.0 450.0                            LAT/LON1/LON2/DLON/H
  371  402  436  458  472  484  494  518  550  578  605  624  643  653  668  670
  667  651  629  605  590  576  575  566  572  566  575  580  598  613  623  625
  604  584  547  526  498  477  449  418  397  395  392  393  387  373  353  329
  310  291  277  266  251  247  233  236  223  224  210  206  186  188  175  189
  185  207  213  231  245  273  302  334  371                                   
    22.5-180.0 180.0   5.0 450.0                            LAT/LON1/LON2/DLON/H
  389  424  454  476  491  504  517  542  576  607  638  660  683  696  708  708
  701  685  661  633  610  597  591  590  596  604  617  633  651  661  666  668
  645  610  565  537  505  488  458  433  412  409  407  411  409  406  386  363
  342  318  304  286  277  260  253  240  239  223  223  207  206  196  195  195
  202  212  225  247  274  296  321  355  389                                   
    20.0-180.0 180.0   5.0 450.0                            LAT/LON1/LON2/DLON/H
  405  440  474  493  508  524  539  567  605  647  679  708  729  742  753  752
  748  731  707  673  649  626  625  621  639  646  673  679  692  703  707  702
  664  610  554  514  482  463  436  418  406  407  410  418  423  422  409  390
  372  347  329  310  297  281  265  257  242  235  218  213  199  197  197  203
  213  228  239  265  289  324  344  371  405                                   
    17.5-180.0 180.0   5.0 450.0                            LAT/LON1/LON2/DLON/H
  405  455  491  517  533  550  570  594  638  679  722  750  778  790  798  800
  798  781  762  727  699  674  667  667  680  694  702  711  719  727  719  714
  659  594  522  480  443  417  390  374  369  377  383  398  407  411  410  396
  385  362  349  328  315  297  280  267  254  242  229  217  205  197  201  207
  221  233  247  265  290  323  355  389  405                                   
    15.0-180.0 180.0   5.0 450.0                            LAT/LON1/LON2/DLON/H
  415  465  503  531  550  574  590  622  662  712  757  796  816  838  847  852
  850  842  825  802  772  737  727  718  731  725  738  737  743  742  730  701
  635  549  475  417  382  350  326  319  318  334  351  370  389  397  404  400
  390  374  360  344  330  309  295  273  263  244  232  217  205  198  197  211
  220  236  247  268  289  314  356  392  415                                   
    12.5-180.0 180.0   5.0 450.0                            LAT/LON1/LON2/DLON/H
  410  466  512  541  564  588  614  643  685  736  785  815  845  869  895  900
  903  892  884  865  836  804  781  767  761  757  755  758  752  752  723  691
  605  515  441  380  345  306  284  277  281  301  323  345  360  370  384  384
  384  367  359  346  329  310  289  272  251  238  219  207  192  188  194  202
  216  226  241  256  280  307  349  390  410                                   
    10.0-180.0 180.0   5.0 450.0                            LAT/LON1/LON2/DLON/H
  415  466  518  552  573  603  622  659  697  752  798  832  868  906  935  958
  962  963  953  944  909  871  840  818  802  790  784  781  774  760  717  665
  579  479  412  353  321  290  274  270  274  293  317  335  348  359  369  377
  368  356  344  332  316  295  281  256  247  224  219  194  192  180  187  193
  198  212  224  242  268  300  339  381  415                                   
     7.5-180.0 180.0   5.0 450.0                            LAT/LON1/LON2/DLON/H
  408  468  525  562  587  618  644  674  712  757  802  831  876  910  952  976
  995  999 1001  991  974  934  898  865  837  812  798  793  782  761  717  659
