data/unet/pred0270.15i
     1.0            IONOSPHERE MAPS     GNSS                IONEX VERSION / TYPE
pyspatialgeodesy        IME             05-JAN-18 20:20     PGM / RUN BY / DATE 
Map Name                                                    COMMENT             
Predicted global ionosphere maps (GIM).                     DESCRIPTION         
  2015     1    27     0     0     0                        EPOCH OF FIRST MAP  
  2015     1    28     0     0     0                        EPOCH OF LAST MAP   
  7200                                                      INTERVAL            
    13                                                      # OF MAPS IN FILE   
  NONE                                                      MAPPING FUNCTION    
10.0                                                        ELEVATION CUTOFF    
One-way carrier phase leveled to code                       OBSERVABLES USED    
  6371.0                                                    BASE RADIUS         
 2                                                          MAP DIMENSION       
   450.0 450.0   0.0                                        HGT1 / HGT2 / DHGT  
    87.5 -87.5  -2.5                                        LAT1 / LAT2 / DLAT  
  -180.0 180.0   5.0                                        LON1 / LON2 / DLON  
    -1                                                      EXPONENT            
                                                            END OF HEADER       
[from data line 1716]
     5                                                      START OF TEC MAP    
  2015     1    27     8     0     0                        EPOCH OF CURRENT MAP
    87.5-180.0 180.0   5.0 450.0                            LAT/LON1/LON2/DLON/H
   65   75   76   76   77   76   78   78   80   80   82   81   82   80   80   79
   78   77   76   76   75   75   74   74   73   73   72   72   71   71   71   70
   70   70   70   69   69   69   69   68   68   67   68   66   66   65   65   64
   64   63   64   63   63   63   62   62   62   62   62   61   62   61   62   62
   63   63   64   67   70   72   76   75   65                                   
    85.0-180.0 180.0   5.0 450.0                            LAT/LON1/LON2/DLON/H
   70   88   83   93   90   94   93   98   97  100   98   99   98   98   94   94
   91   91   87   88   83   86   82   84   80   83   81   82   80   82   82   82
   82   83   83   84   84   85   84   85   84   84   83   83   81   82   79   79
   76   77   74   75   71   73   69   70   67   68   65   66   65   66   64   66
   65   69   67   72   73   74   79   73   70                                   
    82.5-180.0 180.0   5.0 450.0                            LAT/LON1/LON2/DLON/H
   73   86   85   91   93   94   98   99  103  101  102   99   99   94   93   89
   87   82   80   76   74   72   71   69   69   69   70   70   71   73   74   75
   77   78   80   81   83   84   86   85   88   86   88   86   87   84   84   80
   79   77   75   73   71   68   66   63   62   58   58   55   55   53   54   53
   55   55   59   59   63   61   70   69   73                                   
    80.0-180.0 180.0   5.0 450.0                            LAT/LON1/LON2/DLON/H
   70   79   79   83   84   89   91   95   95   96   94   93   89   87   81   78
   72   69   63   60   55   54   52   52   51   53   54   56   59   62   65   67
   70   73   76   79   82   84   87   88   90   91   93   91   92   89   89   86
   84   81   80   76   75   70   70   65   64   58   58   53   53   48   49   46
   48   48   51   51   57   52   60   65   70                                   
    77.5-180.0 180.0   5.0 450.0                            LAT/LON1/LON2/DLON/H
   60   77   76   78   82   84   89   89   91   89   89   84   81   75   70   63
   57   51   47   43   41   39   39   39   40   42   45   48   51   55   58   62
   63   69   71   76   78   84   85   90   92   96   97  100  100  101  100  100
   99   97   97   95   92   89   87   83   80   75   71   67   63   58   56   52
   52   49   52   50   54   50   55   56   60                                   
    75.0-180.0 180.0   5.0 450.0                            LAT/LON1/LON2/DLON/H
   58   71   67   70   72   74   78   79   81   79   78   74   69   63   56   49
   43   38   35   32   30   30   30   31   32   35   38   42   44   48   51   54
   57   62   65   70   74   80   85   92   96  104  107  114  113  119  117  121
  118  120  117  116  114  112  110  106  102   96   90   83   78   72   68   62
   60   56   55   53   54   46   53   55   58                                   
    72.5-180.0 180.0   5.0 450.0                            LAT/LON1/LON2/DLON/H
   52   71   65   63   66   66   71   68   70   66   65   60   56   50   44   38
   32   28   25   24   24   25   28   29   33   36   40   42   46   47   49   51
   52   55   58   63   68   74   81   87   96  104  112  119  125  130  135  138
  141  141  144  141  141  136  134  128  123  116  108  101   94   87   82   75
   72   65   64   58   58   52   56   56   52                                   
    70.0-180.0 180.0   5.0 450.0                            LAT/LON1/LON2/DLON/H
   52   66   60   60   60   63   64   65   65   63   61   57   53   47   42   36
   32   28   27   26   28   31   35   40   45   49   52   54   53   53   50   50
   49   50   53   56   63   69   78   87   96  108  120  130  137  147  152  161
  164  171  171  173  170  167  162  156  149  142  131  122  113  106   98   91
   85   78   74   67   65   53   57   61   52                                   
    67.5-180.0 180.0   5.0 450.0                            LAT/LON1/LON2/DLON/H
   50   68   58   55   57   56   59   57   58   56   55   51   47   44   38   35
   29   28   26   28   31   35   44   49   57   60   65   64   64   57   55   48
   46   43   46   48   54   59   70   76   92  104  120  132  145  155  165  173
  181  185  191  192  193  188  184  177  170  159  147  138  128  119  110  101
   93   84   80   71   69   59   61   60   50                                   
    65.0-180.0 180.0   5.0 450.0                            LAT/LON1/LON2/DLON/H
   49   63   52   52   51   53   52   54   54   54   52   51   47   46   41   39
   35   35   33   36   39   46   52   62   68   75   78   76   72   65   56   48
   42   40   40   43   49   56   66   78   94  111  127  142  152  167  174  188
  193  203  205  210  206  203  196  191  182  174  161  153  140  132  119  110
  100   91   83   76   72   59   61   63   49                                   
    62.5-180.0 180.0   5.0 450.0                            LAT/LON1/LON2/DLON/H
   48   66   51   49   49   48   49   48   49   48   49   47   47   44   44   40
   38   37   36   38   42   48   57   64   73   77   81   78   74   64   55   45
   40   35   37   38   45   51   64   76   96  110  132  143  160  169  184  194
  205  211  218  220  218  212  207  198  193  181  171  160  148  138  124  112
  102   91   85   75   72   62   62   59   48                                   
    60.0-180.0 180.0   5.0 450.0                            LAT/LON1/LON2/DLON/H
   49   61   46   48   46   45   45   46   47   47   48   48   49   49   49   48
   45   45   43   44   46   52   58   68   73   79   79   77   71   62   52   45
   37   35   35   40   47   57   71   88  106  123  142  156  169  182  192  205
  212  221  227  229  225  219  211  203  195  184  174  165  155  145  131  118
  106   93   84   76   72   59   60   58   49                                   
    57.5-180.0 180.0   5.0 450.0                            LAT/LON1/LON2/DLON/H
   50   66   48   47   47   45   45   44   44   44   44   44   48   47   50   47
   48   43   44   42   43   46   53   58   64   67   68   64   59   52   46   39
   36   34   37   43   52   64   81   95  118  132  153  164  182  190  205  212
  222  228  236  235  232  224  217  207  199  189  180  171  163  151  138  122
  108   92   84   74   72   62   65   56   50                                   
    55.0-180.0 180.0   5.0 450.0                            LAT/LON1/LON2/DLON/H
   58   63   46   47   48   45   45   43   41   42   41   44   46   49   52   51
   51   49   46   45   43   46   49   55   58   61   58   57   51   48   42   40
   38   41   46   54   67   83   99  120  137  153  168  183  196  208  217  226
  232  238  246  245  242  231  223  213  205  195  187  180  173  164  149  133
  115   98   88   79   75   65   67   60   58                                   
    52.5-180.0 180.0   5.0 450.0                            LAT/LON1/LON2/DLON/H
   64   71   54   53   54   50   49   44   44   41   41   42   46   48   52   51
   52   48   47   42   41   41   43   46   49   51   49   46   43   40   38   38
   41   47   54   66   82  100  119  137  156  171  189  200  215  222  233  239
  246  251  257  254  250  240  232  221  214  204  198  190  186  176  162  141
  123  103   93   82   81   72   78   65   64                                   
    50.0-180.0 180.0   5.0 450.0                            LAT/LON1/LON2/DLON/H
   76   74   60   60   61   57   56   49   45   44   42   44   47   51   54   55
   55   54   51   49   47   47   47   51   51   52   48   46   41   40   38   42
   47   56   67   85  102  123  141  161  178  194  210  221  233  242  250  256
  262  266  270  266  263  252  244  232  226  216  209  205  199  191  176  157
  135  114  102   93   90   82   86   74   76                                   
    47.5-180.0 180.0   5.0 450.0                            LAT/LON1/LON2/DLON/H
   86   85   75   74   75   67   67   56   54   47   49   48   52   54   57   57
   58   56   57   55   54   55   55   56   55   55   50   47   42   37   39   45
   53   66   80  102  122  142  162  180  199  213  228  239  251  259  266  271
  277  277  278  273  268  257  249  238  232  224  218  210  208  198  185  163
  143  119  108   98   97   90   97   83   86                                   
    45.0-180.0 180.0   5.0 450.0                            LAT/LON1/LON2/DLON/H
   97   98   83   86   86   81   78   69   64   59   58   58   62   62   65   63
   65   65   66   68   68   71   70   73   69   68   60   56   49   47   45   50
   58   73   91  115  138  156  180  197  217  228  244  253  267  274  282  287
  289  288  288  284  280  269  260  248  241  231  223  219  211  204  187  170
  146  126  113  105  102   97  100   89   97                                   
    42.5-180.0 180.0   5.0 450.0                            LAT/LON1/LON2/DLON/H
  103  102   95   98  100   92   94   80   77   69   69   69   71   72   72   70
   70   71   75   80   84   88   91   90   88   82   74   67   59   55   52   55
   63   80  101  128  151  172  194  210  228  240  254  264  278  286  296  297
  298  296  295  291  285  274  262  251  243  233  225  215  209  198  184  164
  146  125  115  106  102   98  103   95  103                                   
    40.0-180.0 180.0   5.0 450.0                            LAT/LON1/LON2/DLON/H
  102  107   96  103  106  106  104   94   90   85   86   86   88   85   85   80
   82   82   88   95  101  107  110  112  108  103   91   81   70   63   59   59
   67   86  110  135  159  181  203  220  238  248  264  273  289  299  308  307
  307  306  304  300  294  283  271  259  250  238  226  218  207  198  180  163
  143  127  114  105   99   93   99   91  102                                   
    37.5-180.0 180.0   5.0 450.0                            LAT/LON1/LON2/DLON/H
   96  100   99  108  111  112  112  102  100   93   97   95   99   96   94   89
   89   90   97  106  116  123  128  126  123  115  104   91   79   69   64   63
   72   92  116  144  169  190  211  226  243  257  273  284  303  311  320  317
  319  315  315  310  305  292  280  268  260  247  236  224  214  198  184  164
  148  129  116  104   94   87   91   86   96                                   
    35.0-180.0 180.0   5.0 450.0                            LAT/LON1/LON2/DLON/H
   86   95   92  105  110  114  113  108  106  105  108  110  113  109  109  102
  103  103  111  118  128  134  139  138  134  127  116  103   89   79   71   68
   77   99  123  152  176  200  218  236  253  268  284  299  317  324  332  329
  331  331  332  332  325  316  303  292  283  274  258  250  231  218  198  179
  160  142  125  109   96   84   86   76   86                                   
    32.5-180.0 180.0   5.0 450.0                            LAT/LON1/LON2/DLON/H
   81   90   91  101  103  110  107  106  104  105  109  113  117  116  115  108
  110  109  119  126  134  138  142  139  135  126  116  104   91   81   74   74
   82  101  128  158  184  206  225  244  263  280  298  315  331  339  347  346
  351  350  357  356  356  345  336  323  316  305  296  283  269  248  225  202
  186  161  144  124  107   92   89   75   81                                   
    30.0-180.0 180.0   5.0 450.0                            LAT/LON1/LON2/DLON/H
   80   89   84   93   93  101   96   96   96  100  106  113  119  121  122  118
  120  121  128  133  140  138  141  136  135  123  117  103   96   85   82   79
   90  110  137  169  193  221  238  263  278  299  317  335  352  358  369  370
  377  382  389  392  395  388  380  368  362  355  345  338  320  302  273  249
  224  199  176  153  133  114  105   88   80                                   
    27.5-180.0 180.0   5.0 450.0                            LAT/LON1/LON2/DLON/H
   99   95   98   98   93   95   91   89   91   92   98  105  113  117  121  121
  124  124  132  132  138  133  135  128  126  116  111  101   95   87   86   85
   94  113  141  175  203  231  252  277  295  317  335  356  368  381  391  396
  406  411  424  429  437  431  426  414  411  404  399  395  384  363  334  306
  280  250  229  195  173  145  125  106   99                                   
    25.0-180.0 180.0   5.0 450.0                            LAT/LON1/LON2/DLON/H
  119  112  111  108  100   99   91   88   88   88   94  100  109  115  120  123
  126  130  135  134  137  129  128  120  117  110  105   99   93   91   93   94
  111  127  158  190  218  247  268  298  316  342  360  377  394  404  421  426
  440  449  464  471  481  477  476  467  465  464  461  466  456  442  414  384
  354  331  300  268  229  191  146  133  119                                   
    22.5-180.0 180.0   5.0 450.0                            LAT/LON1/LON2/DLON/H
  161  147  148  131  123  115  111  100  100   93   97   96  104  109  114  119
  124  127  133  129  133  123  123  113  111  103  100   94   97   97  102  107
  119  141  171  204  230  263  284  317  338  365  381  402  415  433  445  458
  471  483  499  510  521  522  521  518  519  521  526  537  532  519  493  466
  440  415  389  351  305  260  207  182  161                                   
    20.0-180.0 180.0   5.0 450.0                            LAT/LON1/LON2/DLON/H
  221  218  205  189  164  148  140  129  124  113  111  106  108  109  115  119
  121  126  129  127  130  120  120  112  110  102  103   95  104  101  110  109
  129  151  194  218  251  276  301  331  358  384  407  420  443  455  476  486
  505  517  536  549  560  562  565  563  569  577  580  588  583  569  544  519
  492  472  446  413  363  328  278  240  221                                   
    17.5-180.0 180.0   5.0 450.0                            LAT/LON1/LON2/DLON/H
  290  298  282  264  231  204  185  165  162  144  139  120  120  112  116  116
  119  119  124  120  124  115  117  109  110  100  103   99  104  103  110  117
  134  162  196  225  253  285  309  345  370  404  420  443  461  479  497  511
  532  546  564  578  585  590  591  596  598  600  604  608  608  599  576  546
  519  499  479  449  417  374  339  297  290                                   
    15.0-180.0 180.0   5.0 450.0                            LAT/LON1/LON2/DLON/H
  352  371  337  327  290  263  231  216  203  190  178  156  144  131  127  123
  121  121  123  123  125  120  121  114  114  106  110  101  105   97  106  111
  135  160  202  230  264  290  318  351  386  413  439  457  483  498  520  532
  550  564  577  587  593  598  600  601  601  604  608  617  616  610  594  565
  538  517  496  467  440  406  366  339  352                                   
    12.5-180.0 180.0   5.0 450.0                            LAT/LON1/LON2/DLON/H
  385  393  362  361  329  301  270  250  238  225  212  190  172  152  142  132
  127  119  122  119  125  117  121  111  118  113  117  112  109  107  110  117
  134  166  193  233  260  293  324  363  390  427  445  472  492  511  529  542
  559  569  577  584  586  589  586  590  594  596  601  609  611  605  590  561
  535  518  494  470  442  413  392  368  385                                   
    10.0-180.0 180.0   5.0 450.0                            LAT/LON1/LON2/DLON/H
  385  402  373  379  349  330  296  288  270  264  248  232  205  185  163  151
  139  132  129  127  128  122  123  116  122  120  124  116  116  107  113  112
  136  161  197  239  269  302  331  370  400  429  456  476  501  513  533  543
  555  563  565  567  568  572  571  575  583  588  592  599  601  597  584  560
  536  515  493  462  434  404  390  369  385                                   
     7.5-180.0 180.0   5.0 450.0                            LAT/LON1/LON2/DLON/H
  366  388  370  378  348  335  306  302  286  285  266  250  232  209  188  169
  154  140  136  127  128  120  124  119  127  129  132  130  121  118  114  127
