data/unet/pred0360.15i
     1.0            IONOSPHERE MAPS     GNSS                IONEX VERSION / TYPE
pyspatialgeodesy        IME             05-JAN-18 20:20     PGM / RUN BY / DATE 
Map Name                                                    COMMENT             
Predicted global ionosphere maps (GIM).                     DESCRIPTION         
  2015     2     5     0     0     0                        EPOCH OF FIRST MAP  
  2015     2     6     0     0     0                        EPOCH OF LAST MAP   
  7200                                                      INTERVAL            
    13                                                      # OF MAPS IN FILE   
  NONE                                                      MAPPING FUNCTION    
10.0                                                        ELEVATION CUTOFF    
One-way carrier phase leveled to code                       OBSERVABLES USED    
  6371.0                                                    BASE RADIUS         
 2                                                          MAP DIMENSION       
   450.0 450.0   0.0                                        HGT1 / HGT2 / DHGT  
    87.5 -87.5  -2.5                                        LAT1 / LAT2 / DLAT  
  -180.0 180.0   5.0                                        LON1 / LON2 / DLON  
    -1                                                      EXPONENT            
                                                            END OF HEADER       
[from data line 3003]
     8                                                      START OF TEC MAP    
  2015     2     5    14     0     0                        EPOCH OF CURRENT MAP
    87.5-180.0 180.0   5.0 450.0                            LAT/LON1/LON2/DLON/H
  103  113  120  122  120  121  122  124  125  126  126  128  129  129  129  130
  131  130  131  130  132  130  131  129  131  127  128  125  125  122  121  119
  118  115  115  112  112  111  110  110  108  110  107  108  106  108  106  109
  107  110  109  112  111  114  113  116  114  117  114  118  114  118  114  117
  114  117  116  118  115  117  125  115  103                                   
    85.0-180.0 180.0   5.0 450.0                            LAT/LON1/LON2/DLON/H
  102  111  110  110  111  114  115  118  120  122  123  126  127  129  129  131
  132  133  133  134  135  135  135  135  135  133  131  129  128  125  123  120
  119  115  114  109  108  104  104  100  101   98   99   96   98   97   98   99
  100  101  104  105  108  109  112  112  113  113  113  112  111  109  109  106
  106  105  105  104  105  104  105  114  102                                   
    82.5-180.0 180.0   5.0 450.0                            LAT/LON1/LON2/DLON/H
   95   90   89   90   92   92   99   99  106  105  112  112  119  117  122  121
  125  123  128  125  131  129  133  133  135  134  134  132  130  126  123  120
  116  112  107  103   98   92   88   83   81   76   76   73   75   74   77   77
   83   84   91   92  100  100  107  107  111  111  111  111  109  107  103  101
   96   95   90   90   84   84   85   88   95                                   
    80.0-180.0 180.0   5.0 450.0                            LAT/LON1/LON2/DLON/H
   77   67   64   64   66   68   71   75   78   84   87   92   96  100  102  106
  107  111  109  114  114  119  121  126  129  131  130  132  127  128  122  122
  115  111  104  100   92   86   77   74   67   65   60   59   58   61   62   67
   71   79   83   91   94  102  103  108  108  112  110  109  106  102   96   91
   85   80   75   72   67   65   63   74   77                                   
    77.5-180.0 180.0   5.0 450.0                            LAT/LON1/LON2/DLON/H
   60   52   46   48   49   51   55   57   64   66   74   76   83   83   89   87
   91   89   93   96  101  105  112  119  125  129  134  137  138  137  135  131
  125  119  112  104   95   86   78   70   62   57   54   50   50   49   53   57
   64   72   79   88   93  103  106  112  111  115  112  112  107  102   96   90
   82   76   70   64   57   54   52   61   60                                   
    75.0-180.0 180.0   5.0 450.0                            LAT/LON1/LON2/DLON/H
   58   48   43   45   47   48   51   54   59   62   68   69   77   76   83   81
   85   84   88   92   98  106  116  124  132  138  146  150  154  157  154  151
  144  138  129  120  110  100   90   82   73   67   59   54   51   50   52   54
   60   69   78   88   97  106  112  118  121  124  123  121  117  112  106   99
   90   83   75   68   62   55   54   61   58                                   
    72.5-180.0 180.0   5.0 450.0                            LAT/LON1/LON2/DLON/H
   59   55   51   54   50   53   54   60   62   68   72   74   79   76   82   79
   83   82   88   93  103  115  127  138  148  156  166  170  177  178  180  175
  171  162  155  144  136  123  114  104   95   87   80   74   68   66   63   64
   66   71   78   88   94  106  110  119  121  127  126  127  123  122  115  111
  102   96   87   81   72   65   62   70   59                                   
    70.0-180.0 180.0   5.0 450.0                            LAT/LON1/LON2/DLON/H
   70   70   64   66   65   65   65   68   69   73   76   78   82   79   83   80
   84   84   92  101  113  128  142  154  166  175  185  192  198  202  200  200
  194  188  180  172  162  154  142  134  123  116  108  102   95   88   82   79
   76   78   80   85   89   96  100  107  111  115  117  121  120  121  117  117
  112  108  102   95   88   79   75   79   70                                   
    67.5-180.0 180.0   5.0 450.0                            LAT/LON1/LON2/DLON/H
   76   79   78   84   79   82   79   82   81   82   86   85   91   86   90   87
   90   92  100  112  124  142  156  173  185  197  205  213  217  219  219  218
  214  207  202  192  187  176  169  162  155  149  140  133  122  113  102   95
   85   82   78   79   79   82   83   87   88   93   93  101  101  107  106  110
  108  111  106  104   96   91   87   91   76                                   
    65.0-180.0 180.0   5.0 450.0                            LAT/LON1/LON2/DLON/H
   81   87   89   94   94   93   90   88   86   85   87   86   91   88   93   82
   94   93  106  118  133  151  168  184  197  208  218  224  230  232  232  234
  229  227  219  212  205  199  192  187  182  176  170  160  150  134  120  106
   93   81   72   66   61   60   58   59   59   62   64   72   77   83   85   93
   95   99  101   99   96   91   90   90   81                                   
    62.5-180.0 180.0   5.0 450.0                            LAT/LON1/LON2/DLON/H
   73   78   84   96   93   96   91   92   87   88   86   88   91   89   91   84
   91   95  110  124  141  160  176  194  201  214  217  227  229  233  234  236
  236  235  229  223  218  210  206  202  199  194  188  179  167  151  134  115
   97   81   67   57   47   42   38   36   35   36   37   45   50   58   62   70
   74   80   81   86   83   81   78   80   73                                   
    60.0-180.0 180.0   5.0 450.0                            LAT/LON1/LON2/DLON/H
   64   65   75   87   92   90   87   83   80   76   77   77   81   73   82   69
   84   82  107  122  141  162  181  195  204  208  213  217  225  228  236  239
  244  243  242  237  233  224  221  216  213  205  202  189  184  163  147  124
  105   84   66   52   39   29   24   19   19   20   22   26   34   39   45   50
   55   59   66   64   65   62   63   59   64                                   
    57.5-180.0 180.0   5.0 450.0                            LAT/LON1/LON2/DLON/H
   45   48   56   75   75   79   75   75   69   69   65   66   66   62   66   64
   73   79   98  119  141  161  180  198  203  209  208  217  217  226  232  240
  248  253  251  248  241  236  232  229  224  216  212  199  193  174  159  135
  118   93   78   57   45   32   27   21   19   18   18   21   26   29   33   36
   38   42   45   47   46   45   41   39   45                                   
    55.0-180.0 180.0   5.0 450.0                            LAT/LON1/LON2/DLON/H
   32   34   45   59   67   66   66   60   57   48   54   43   52   41   52   47
   63   63   90  104  139  160  182  198  206  211  214  216  223  225  239  244
  260  266  267  265  258  253  247  241  237  227  225  211  205  184  171  147
  133  111   97   78   63   49   40   34   31   30   29   29   33   35   35   34
   34   33   38   35   35   33   34   26   32                                   
    52.5-180.0 180.0   5.0 450.0                            LAT/LON1/LON2/DLON/H
   25   34   39   56   56   61   55   49   41   37   34   35   36   34   39   43
   53   64   85  108  140  164  182  200  208  219  221  232  232  242  249  262
  275  282  282  280  272  269  261  255  248  240  235  225  214  195  182  162
  153  134  124  106   94   79   68   61   59   57   56   55   55   53   49   46
   41   39   38   39   37   38   35   32   25                                   
    50.0-180.0 180.0   5.0 450.0                            LAT/LON1/LON2/DLON/H
   38   41   48   54   61   56   51   35   35   25   32   24   32   25   34   36
   54   60   89  108  145  167  189  204  217  228  236  243  249  253  266  276
  292  297  299  298  292  289  279  270  263  251  248  236  228  207  196  178
  172  158  150  137  124  113  102   97   92   92   87   87   82   80   73   68
   60   55   54   52   52   52   53   48   38                                   
    47.5-180.0 180.0   5.0 450.0                            LAT/LON1/LON2/DLON/H
   62   64   62   71   67   69   59   51   42   39   36   35   33   28   33   40
   58   76  104  128  157  178  194  214  225  243  247  263  263  273  280  292
  302  308  309  309  308  304  299  289  281  269  261  250  240  222  208  192
  188  177  172  159  147  135  126  120  117  115  114  113  110  105   96   88
   80   76   73   74   74   78   75   82   62                                   
    45.0-180.0 180.0   5.0 450.0                            LAT/LON1/LON2/DLON/H
   87   87   88   85   87   77   72   62   61   50   55   45   46   37   41   48
   72   90  125  147  173  189  209  223  243  255  269  278  281  284  291  296
  305  309  312  316  321  320  319  308  300  284  275  260  252  231  219  204
  198  190  183  173  159  147  135  129  125  124  123  124  121  118  110  104
   97   94   95   97  100  107  107  110   87                                   
    42.5-180.0 180.0   5.0 450.0                            LAT/LON1/LON2/DLON/H
  105  111  104  106  100   97   87   86   79   82   75   70   61   52   53   65
   92  118  152  172  191  208  223  243  255  275  284  294  290  293  293  297
  302  306  315  322  334  337  342  332  323  305  292  278  265  246  230  214
  207  196  187  172  156  141  128  120  114  114  113  116  114  113  108  105
  100  101  104  110  115  124  127  135  105                                   
    40.0-180.0 180.0   5.0 450.0                            LAT/LON1/LON2/DLON/H
  120  125  123  119  115  108  101   95   93   93   93   86   82   70   73   84
  117  141  170  187  208  224  238  256  272  286  295  297  294  291  288  289
  297  303  318  331  349  356  365  354  345  324  309  292  279  260  244  226
  213  200  187  168  150  131  118  107  101   96   97   97   98   98   98   96
  100  100  106  110  119  126  136  138  120                                   
    37.5-180.0 180.0   5.0 450.0                            LAT/LON1/LON2/DLON/H
  120  125  121  124  117  115  107  103   99  102  100   98   91   88   91  104
  134  161  186  204  222  238  252  269  281  296  300  299  295  290  289  293
  304  318  341  360  383  392  400  389  377  352  332  313  297  279  262  241
  223  205  189  167  145  125  109  100   93   88   84   83   83   82   84   85
   88   90   92   97  105  118  124  132  120                                   
    35.0-180.0 180.0   5.0 450.0                            LAT/LON1/LON2/DLON/H
  113  113  114  116  114  110  106   98   97   98  102   98   97   95  103  119
  149  174  203  218  237  252  267  280  292  299  300  297  295  292  296  304
  326  349  382  403  423  430  433  424  407  383  359  339  323  307  288  269
  247  224  206  185  165  144  126  114  105   98   94   86   86   80   83   81
   86   82   85   82   90   95  108  111  113                                   
    32.5-180.0 180.0   5.0 450.0                            LAT/LON1/LON2/DLON/H
   99   96   95  107  105  105  101   95   93   93   97   98   99   98  111  129
  159  184  211  226  249  263  278  293  300  309  305  306  306  313  325  350
  385  424  450  472  478  483  474  468  446  426  398  379  359  344  324  308
  285  267  248  229  212  196  177  158  151  143  139  135  128  122  113  109
  101   96   90   84   83   84   85   96   99                                   
    30.0-180.0 180.0   5.0 450.0                            LAT/LON1/LON2/DLON/H
   86   80   78   87   92   91   90   83   83   82   88   89   98   98  118  140
  170  194  220  239  263  281  295  305  310  313  313  317  326  344  376  414
  461  507  539  564  560  549  528  512  490  472  445  429  407  395  375  363
  346  334  323  311  284  256  228  213  201  197  189  185  174  165  146  140
  129  128  125  111   96   85   79   79   86                                   
    27.5-180.0 180.0   5.0 450.0                            LAT/LON1/LON2/DLON/H
   83   77   69   79   78   84   81   76   77   73   80   75   87   91  118  142
  175  199  228  249  276  293  309  321  322  329  332  347  366  403  445  503
  565  623  663  680  665  635  599  576  545  530  504  490  468  457  434  427
  413  415  403  395  379  363  349  328  323  303  290  264  247  220  200  183
  167  154  136  116  107  106  101   80   83                                   
    25.0-180.0 180.0   5.0 450.0                            LAT/LON1/LON2/DLON/H
   94   81   67   69   70   73   69   71   67   65   67   64   75   83  114  143
  183  211  240  266  291  313  328  339  340  352  362  388  427  466  531  601
  679  741  778  780  751  716  665  637  607  590  569  557  540  530  514  509
  500  510  505  505  487  476  452  439  426  408  384  368  338  317  273  257
  220  216  182  171  139  132  128  107   94                                   
    22.5-180.0 180.0   5.0 450.0                            LAT/LON1/LON2/DLON/H
  121   99   80   69   69   66   68   63   61   51   60   51   63   75  105  139
  185  221  256  281  308  332  351  363  365  382  401  433  477  538  607  690
  772  829  852  841  811  767  729  698  676  658  643  632  623  616  610  610
  613  621  615  603  584  568  546  532  516  494  471  460  434  411  374  358
  327  317  280  262  227  203  176  148  121                                   
    20.0-180.0 180.0   5.0 450.0                            LAT/LON1/LON2/DLON/H
  182  134  119   92   81   75   70   71   67   69   62   60   59   76  103  144
  192  235  270  299  331  357  375  389  397  418  441  477  546  603  690  763
  839  885  896  878  841  800  762  738  724  713  705  697  692  686  682  682
  679  681  678  664  649  631  610  592  576  556  533  526  503  482  453  439
  405  397  357  332  292  268  232  208  182                                   
    17.5-180.0 180.0   5.0 450.0                            LAT/LON1/LON2/DLON/H
  227  156  129  103  104   91   81   77   77   74   74   56   60   72  101  148
  200  252  290  322  355  387  404  422  431  450  476  534  592  662  737  808
  869  900  908  880  854  815  789  771  764  761  757  754  751  748  742  737
  730  721  704  683  657  640  619  604  586  566  557  550  541  518  498  482
  460  440  412  381  346  304  271  259  227                                   
    15.0-180.0 180.0   5.0 450.0                            LAT/LON1/LON2/DLON/H
  253  182  147  127  114  114   98   92   86   88   84   77   73   91  123  164
  216  261  304  341  382  413  436  448  466  487  536  585  647  699  769  817
  862  881  881  867  844  820  801  791  792  793  799  800  807  803  799  782
  760  732  701  667  636  620  597  584  562  556  549  549  541  530  507  483
  461  443  420  396  360  327  293  287  253                                   
    12.5-180.0 180.0   5.0 450.0                            LAT/LON1/LON2/DLON/H
  258  192  161  135  127  115  116  104   93   92   90   80   87  101  144  185
  230  278  324  366  411  445  461  480  498  531  575  630  672  718  765  801
  829  836  843  834  834  815  811  807  813  818  823  825  827  826  811  789
  757  716  667  613  579  551  533  516  504  501  507  516  507  503  471  462
  434  428  403  384  355  331  300  284  258                                   
    10.0-180.0 180.0   5.0 450.0                            LAT/LON1/LON2/DLON/H
  242  202  172  155  134  127  127  122  110  107  101   88   98  123  166  215
  259  303  350  391  445  467  494  507  540  568  621  661  697  721  748  761
  783  791  797  802  807  805  808  811  819  823  827  826  832  823  808  778
  742  687  620  559  515  484  459  437  432  433  452  461  459  447  426  411
  394  379  366  351  334  309  294  259  242                                   
     7.5-180.0 180.0   5.0 450.0                            LAT/LON1/LON2/DLON/H
  204  195  175  159  144  133  133  128  114  111   95   95   95  135  175  232
  277  319  366  414  461  496  519  537  566  610  653  690  709  717  731  731
