data/unet/pred0750.15i
     1.0            IONOSPHERE MAPS     GNSS                IONEX VERSION / TYPE
pyspatialgeodesy        IME             05-JAN-18 20:20     PGM / RUN BY / DATE 
Map Name                                                    COMMENT             
Predicted global ionosphere maps (GIM).                     DESCRIPTION         
  2015     3    16     0     0     0                        EPOCH OF FIRST MAP  
  2015     3    17     0     0     0                        EPOCH OF LAST MAP   
  7200                                                      INTERVAL            
    13                                                      # OF MAPS IN FILE   
  NONE                                                      MAPPING FUNCTION    
10.0                                                        ELEVATION CUTOFF    
One-way carrier phase leveled to code                       OBSERVABLES USED    
  6371.0                                                    BASE RADIUS         
 2                                                          MAP DIMENSION       
   450.0 450.0   0.0                                        HGT1 / HGT2 / DHGT  
    87.5 -87.5  -2.5                                        LAT1 / LAT2 / DLAT  
  -180.0 180.0   5.0                                        LON1 / LON2 / DLON  
    -1                                                      EXPONENT            
                                                            END OF HEADER       
[from data line 3003]
     8                                                      START OF TEC MAP    
  2015     3    16    14     0     0                        EPOCH OF CURRENT MAP
    87.5-180.0 180.0   5.0 450.0                            LAT/LON1/LON2/DLON/H
  154  175  182  182  184  183  185  184  187  184  187  184  187  183  186  182
  185  182  186  183  187  185  188  187  189  188  188  186  185  184  182  182
  180  180  178  177  175  174  172  170  169  167  165  163  162  160  158  157
  156  156  155  156  156  157  158  159  160  161  162  163  165  166  167  168
  170  172  173  175  174  178  192  160  154                                   
    85.0-180.0 180.0   5.0 450.0                            LAT/LON1/LON2/DLON/H
  148  167  170  175  177  181  180  183  184  185  186  186  188  187  188  187
  188  187  188  188  189  189  190  190  190  188  187  185  183  181  178  177
  175  173  169  167  165  163  159  157  154  151  148  146  144  142  140  139
  139  138  138  138  139  139  138  139  138  139  136  139  138  141  140  144
  146  149  151  154  158  162  172  166  148                                   
    82.5-180.0 180.0   5.0 450.0                            LAT/LON1/LON2/DLON/H
  142  148  153  158  157  163  165  168  171  174  177  179  181  183  184  186
  185  188  186  190  187  192  187  192  187  191  185  187  181  184  176  178
  171  172  164  164  158  156  151  145  144  136  136  130  130  126  125  123
  122  121  122  121  122  121  123  121  124  121  123  121  124  121  124  123
  126  128  129  133  136  141  149  143  142                                   
    80.0-180.0 180.0   5.0 450.0                            LAT/LON1/LON2/DLON/H
  117  123  126  131  135  139  144  147  151  153  157  160  163  166  169  170
  173  173  176  176  178  179  181  181  183  181  181  180  179  178  175  174
  169  168  162  160  154  151  144  141  133  130  123  122  117  116  113  113
  111  113  111  115  112  116  113  116  113  116  113  115  113  114  111  113
  109  113  109  114  110  115  115  119  117                                   
    77.5-180.0 180.0   5.0 450.0                            LAT/LON1/LON2/DLON/H
   93  101   99  101  106  112  118  123  126  129  132  136  139  142  146  149
  151  153  158  160  164  167  171  173  176  177  180  180  181  180  179  177
  174  171  167  164  159  153  147  140  135  127  124  118  116  113  112  111
  110  110  110  112  111  114  112  115  113  115  112  114  110  110  103  105
   97  100   92   94   88   90   88  100   93                                   
    75.0-180.0 180.0   5.0 450.0                            LAT/LON1/LON2/DLON/H
   86   85   83   89   93  101  103  109  110  115  117  121  126  127  134  134
  142  142  150  152  158  161  168  172  179  180  186  187  191  191  195  190
  190  184  182  176  172  166  159  153  146  141  134  130  126  125  122  121
  119  119  118  118  118  118  119  119  119  120  119  118  115  113  108  104
   99   96   91   86   82   78   80   88   86                                   
    72.5-180.0 180.0   5.0 450.0                            LAT/LON1/LON2/DLON/H
   78   81   78   81   82   87   89   92   93   96  100  102  107  109  116  119
  126  131  138  144  152  160  169  177  183  190  194  200  203  207  207  206
  203  200  195  191  185  180  172  168  160  155  150  146  143  140  138  136
  133  132  130  130  126  126  123  124  123  125  122  124  119  118  112  108
  101   96   89   85   78   74   74   84   78                                   
    70.0-180.0 180.0   5.0 450.0                            LAT/LON1/LON2/DLON/H
   83   82   78   81   84   85   87   86   87   88   91   93   98  101  108  113
  121  127  136  144  154  164  175  185  194  200  209  213  222  222  228  225
  227  220  216  208  203  196  190  182  177  172  169  166  164  160  157  154
  150  146  143  139  134  129  125  123  122  122  122  123  121  121  117  113
  108  100   96   85   81   75   80   83   83                                   
    67.5-180.0 180.0   5.0 450.0                            LAT/LON1/LON2/DLON/H
   86   89   85   85   85   85   84   84   85   86   88   91   95   99  104  112
  119  128  135  147  157  171  181  193  200  210  215  226  230  236  239  241
  240  236  230  222  215  206  199  194  187  185  181  182  179  177  172  168
  163  157  152  145  136  129  121  117  113  113  111  116  113  116  111  112
  105  103   94   90   82   81   84   89   86                                   
    65.0-180.0 180.0   5.0 450.0                            LAT/LON1/LON2/DLON/H
   90   89   87   88   88   86   85   82   82   82   85   85   92   92  102  106
  118  127  137  148  159  173  184  196  204  213  223  229  238  242  249  251
  253  249  244  235  229  219  211  203  198  192  192  190  192  188  184  176
  170  161  155  143  133  119  111  103  101   99   98  101   99  103  101  101
   98   96   93   86   83   83   85   88   90                                   
    62.5-180.0 180.0   5.0 450.0                            LAT/LON1/LON2/DLON/H
   83   87   83   83   80   79   77   77   77   78   82   85   90   95  101  109
  117  128  136  149  159  172  183  195  203  212  218  228  235  244  250  256
  260  257  252  244  236  225  216  209  202  199  196  197  197  193  188  180
  173  162  155  139  127  112  100   92   86   83   80   82   83   86   86   88
   86   86   82   80   77   79   82   82   83                                   
    60.0-180.0 180.0   5.0 450.0                            LAT/LON1/LON2/DLON/H
   78   75   70   71   69   68   68   67   68   70   74   76   85   86   98  100
  114  123  134  145  155  168  177  189  197  207  213  221  230  239  251  259
  267  266  263  256  247  236  225  218  212  208  206  204  205  198  192  182
  174  162  152  135  123  105   96   85   81   75   73   74   74   77   78   79
   78   77   75   73   70   74   74   74   78                                   
    57.5-180.0 180.0   5.0 450.0                            LAT/LON1/LON2/DLON/H
   68   65   57   58   53   54   54   58   60   63   66   71   77   84   92  100
  110  121  130  143  152  163  171  183  189  200  206  215  224  238  250  263
  271  276  271  267  255  246  233  228  221  220  217  217  214  206  200  187
  179  166  157  139  126  111  100   91   85   78   74   74   72   74   72   73
   70   71   67   66   63   65   64   62   68                                   
    55.0-180.0 180.0   5.0 450.0                            LAT/LON1/LON2/DLON/H
   66   53   47   45   42   41   44   45   51   53   58   61   70   74   89   93
  109  114  128  137  147  157  167  177  186  195  203  213  225  239  255  270
  281  287  282  276  264  255  246  240  237  233  233  229  227  216  211  196
  189  174  166  149  140  127  120  111  105   98   91   88   83   82   79   77
   75   72   70   65   64   64   64   60   66                                   
    52.5-180.0 180.0   5.0 450.0                            LAT/LON1/LON2/DLON/H
   67   58   46   43   36   37   38   42   45   50   55   61   65   75   84   97
  109  117  128  139  148  158  166  178  186  197  205  218  230  247  263  279
  290  297  292  288  275  268  260  256  251  250  249  247  241  231  223  212
  202  189  180  168  159  149  142  136  129  123  115  111  101   99   91   91
   85   85   79   77   74   73   73   64   67                                   
    50.0-180.0 180.0   5.0 450.0                            LAT/LON1/LON2/DLON/H
   82   68   58   52   45   43   42   42   47   49   56   58   65   72   86   96
  113  118  134  142  153  162  173  184  196  205  219  230  245  260  278  293
  306  312  310  302  293  282  277  270  269  267  268  264  260  248  242  227
  222  206  199  185  181  170  166  158  153  147  140  135  127  123  116  110
  106  102  102   95   96   92   92   84   82                                   
    47.5-180.0 180.0   5.0 450.0                            LAT/LON1/LON2/DLON/H
  101   90   78   70   62   57   56   56   58   61   64   69   72   81   89  105
  117  129  141  153  162  174  184  198  209  224  236  251  262  279  292  305
  316  321  321  315  307  297  292  285  285  284  283  282  275  266  256  245
  233  221  211  201  192  183  175  168  162  158  152  150  144  144  137  134
  128  126  120  120  119  117  119  109  101                                   
    45.0-180.0 180.0   5.0 450.0                            LAT/LON1/LON2/DLON/H
  123  117  105   95   88   82   78   75   75   74   79   77   85   89  102  113
  130  141  155  162  174  186  200  212  229  242  260  270  282  292  301  310
  317  321  321  316  314  304  302  296  297  296  294  291  286  276  268  256
  244  231  221  207  199  184  175  164  159  155  154  154  154  155  154  151
  148  143  142  138  140  137  139  130  123                                   
    42.5-180.0 180.0   5.0 450.0                            LAT/LON1/LON2/DLON/H
  140  137  126  118  113  107  103   97   96   94   95   97  100  108  117  132
  143  157  167  179  188  202  215  233  246  265  278  290  295  302  303  311
  313  318  321  323  327  322  321  315  315  310  307  303  293  285  275  262
  249  233  220  205  192  174  160  147  141  139  140  146  150  156  157  156
  150  148  143  145  146  151  159  148  140                                   
    40.0-180.0 180.0   5.0 450.0                            LAT/LON1/LON2/DLON/H
  149  150  143  138  135  130  126  118  116  111  112  112  118  125  136  150
  164  174  185  196  204  216  232  245  265  279  296  302  307  307  306  309
  312  322  328  338  345  348  348  342  336  329  322  312  301  289  278  264
  251  234  219  200  185  162  144  127  122  121  127  134  141  147  149  148
  145  141  140  141  146  150  158  152  149                                   
    37.5-180.0 180.0   5.0 450.0                            LAT/LON1/LON2/DLON/H
  147  151  149  151  144  143  136  130  124  123  121  127  132  148  157  173
  182  195  203  215  221  233  244  262  277  296  304  314  314  317  313  322
  328  347  361  379  388  396  392  383  372  357  346  331  318  304  290  274
  259  242  226  206  188  163  140  120  116  114  124  131  139  141  141  137
  131  128  123  127  128  139  144  149  147                                   
    35.0-180.0 180.0   5.0 450.0                            LAT/LON1/LON2/DLON/H
  137  137  141  146  147  142  137  129  126  125  127  136  148  166  180  194
  203  214  219  230  235  246  258  274  290  303  313  319  320  323  321  333
  349  382  406  434  443  453  444  434  412  398  375  360  340  326  309  294
  277  263  246  232  212  193  168  149  136  132  139  142  146  144  140  131
  125  120  116  115  115  119  127  130  137                                   
    32.5-180.0 180.0   5.0 450.0                            LAT/LON1/LON2/DLON/H
  121  122  123  135  130  135  125  125  119  122  123  137  152  178  192  209
  216  229  233  245  250  260  269  286  297  314  317  329  332  339  345  372
  398  445  476  507  514  516  506  491  470  448  425  402  383  363  348  332
  322  312  303  288  268  243  220  203  201  202  196  187  178  166  156  142
  137  126  120  110  109  107  103  118  121                                   
    30.0-180.0 180.0   5.0 450.0                            LAT/LON1/LON2/DLON/H
  111  108  107  116  116  117  113  108  108  109  118  133  156  184  203  219
  227  235  242  252  261  271  281  294  306  319  328  342  351  368  386  420
  458  510  542  573  578  581  564  549  521  497  469  449  426  410  394  384
  371  366  355  358  346  336  309  297  283  287  282  277  249  224  209  196
  188  175  161  141  136  125  111  103  111                                   
    27.5-180.0 180.0   5.0 450.0                            LAT/LON1/LON2/DLON/H
   98  107  103  104  100  107  102  103  100  100  106  125  146  181  201  222
  230  239  252  263  276  283  290  303  312  328  337  359  381  409  430  471
  512  577  615  652  646  651  625  610  576  556  526  514  485  473  449  438
  426  425  431  436  441  432  420  403  394  394  388  383  349  323  276  252
  216  208  185  170  151  140  136  103   98                                   
    25.0-180.0 180.0   5.0 450.0                            LAT/LON1/LON2/DLON/H
   99  103   95   96   94   99  104  100   97   92   97  112  136  170  197  219
  232  242  257  273  285  294  302  313  327  342  361  382  415  440  476  530
  592  645  678  703  698  698  671  656  627  608  581  567  543  526  510  497
  493  494  507  521  535  539  525  521  506  499  479  464  426  401  347  324
  278  263  234  217  192  172  165  125   99                                   
    22.5-180.0 180.0   5.0 450.0                            LAT/LON1/LON2/DLON/H
  121  128  111   98   98   97  100  103  102   96   96  105  125  156  183  213
  230  246  265  281  294  302  310  326  338  360  379  410  430  473  517  587
  647  701  727  744  740  732  712  698  678  662  638  624  605  596  586  578
  574  565  574  581  589  594  588  588  580  576  556  536  497  467  419  397
  357  347  311  292  262  239  225  166  121                                   
    20.0-180.0 180.0   5.0 450.0                            LAT/LON1/LON2/DLON/H
  159  162  142  126  105  102  101  106  103  100  100  102  118  144  169  200
  225  245  270  286  302  312  324  339  360  382  413  431  474  525  578  640
  702  730  748  752  747  743  724  719  708  698  682  667  661  649  645  632
  626  617  618  616  624  626  619  613  602  595  587  579  552  526  491  467
  440  423  391  367  341  308  286  223  159                                   
    17.5-180.0 180.0   5.0 450.0                            LAT/LON1/LON2/DLON/H
  201  195  159  139  131  120  112  114  115  110  111  110  121  142  164  196
  223  250  275  297  310  325  333  356  372  403  418  455  500  562  615  675
  724  753  759  753  748  738  730  727  726  724  711  707  697  692  685  672
  659  642  638  623  620  607  598  579  567  559  561  558  549  537  514  500
  482  467  446  420  396  355  331  264  201                                   
    15.0-180.0 180.0   5.0 450.0                            LAT/LON1/LON2/DLON/H
  226  218  178  156  133  128  124  118  113  108  110  115  128  142  168  195
  226  253  280  305  322  335  350  369  392  412  443  484  540  592  646  690
  720  727  739  731  724  717  717  725  728  731  727  724  717  716  708  698
  680  652  634  609  588  560  542  509  498  485  495  501  515  516  514  504
  500  485  471  440  420  376  362  297  226                                   
    12.5-180.0 180.0   5.0 450.0                            LAT/LON1/LON2/DLON/H
  241  237  198  169  148  134  129  130  119  117  117  122  138  157  182  209
  232  257  287  313  333  351  358  379  390  423  452  515  561  615  653  686
  706  712  716  704  705  697  713  719  733  735  736  732  728  723  715  702
  684  648  617  564  521  478  444  412  391  387  399  427  448  470  467  480
  472  470  455  437  421  386  365  301  241                                   
    10.0-180.0 180.0   5.0 450.0                            LAT/LON1/LON2/DLON/H
  242  232  202  174  151  132  124  123  116  113  112  117  137  160  193  219
  243  262  291  320  345  360  372  389  403  440  485  540  583  623  650  669
  683  689  694  689  694  697  711  719  728  733  731  730  725  718  715  700
  683  642  591  509  452  396  363  326  319  304  334  364  399  426  436  447
  446  437  422  403  396  370  355  293  242                                   
     7.5-180.0 180.0   5.0 450.0                            LAT/LON1/LON2/DLON/H
  232  230  205  179  156  136  126  117  115  111  111  120  138  168  206  235
  255  275  295  328  343  367  370  397  412  460  505  563  596  627  650  662
