data/unet/pred0540.15i
     1.0            IONOSPHERE MAPS     GNSS                IONEX VERSION / TYPE
pyspatialgeodesy        IME             05-JAN-18 20:20     PGM / RUN BY / DATE 
Map Name                                                    COMMENT             
Predicted global ionosphere maps (GIM).                     DESCRIPTION         
  2015     2    23     0     0     0                        EPOCH OF FIRST MAP  
  2015     2    24     0     0     0                        EPOCH OF LAST MAP   
  7200                                                      INTERVAL            
    13                                                      # OF MAPS IN FILE   
  NONE                                                      MAPPING FUNCTION    
10.0                                                        ELEVATION CUTOFF    
One-way carrier phase leveled to code                       OBSERVABLES USED    
  6371.0                                                    BASE RADIUS         
 2                                                          MAP DIMENSION       
   450.0 450.0   0.0                                        HGT1 / HGT2 / DHGT  
    87.5 -87.5  -2.5                                        LAT1 / LAT2 / DLAT  
  -180.0 180.0   5.0                                        LON1 / LON2 / DLON  
    -1                                                      EXPONENT            
                                                            END OF HEADER       
     1                                                      START OF TEC MAP    
  2015     2    23     0     0     0                        EPOCH OF CURRENT MAP
    87.5-180.0 180.0   5.0 450.0                            LAT/LON1/LON2/DLON/H
  146  117  118  114  113  110  112  111  113  112  113  111  112  110  110  107
  108  104  105  100  101   97   98   93   95   91   92   87   90   85   87   81
   84   79   81   76   79   75   78   74   79   76   80   77   82   80   84   82
   87   86   89   88   91   90   93   92   94   93   95   94   96   95   97   96
   98   98  100   99  103  101  108  135  146                                   
    85.0-180.0 180.0   5.0 450.0                            LAT/LON1/LON2/DLON/H
  125  117  123  123  122  118  122  121  124  123  125  123  125  122  123  119
  120  115  115  109  110  103  103   95   96   89   86   80   78   73   70   64
   63   58   57   53   54   52   54   52   56   56   60   61   66   67   72   72
   78   79   83   84   88   88   92   92   95   95   97   96   99   97   99   99
  102  101  104  103  107  101  101  112  125                                   
    82.5-180.0 180.0   5.0 450.0                            LAT/LON1/LON2/DLON/H
  126  123  128  130  128  128  131  132  136  136  139  138  140  138  140  136
  137  131  132  125  126  118  117  109  106   98   93   84   80   72   68   60
   59   52   52   47   49   46   49   48   54   54   60   61   68   69   77   78
   85   86   92   93   98   99  104  103  107  105  108  106  110  107  110  108
  112  110  115  113  117  111  114  118  126                                   
    80.0-180.0 180.0   5.0 450.0                            LAT/LON1/LON2/DLON/H
  135  134  138  142  141  144  145  150  152  156  157  160  160  161  160  160
  158  156  154  151  148  143  138  132  126  119  110  102   94   86   78   72
   67   62   59   56   56   55   57   58   62   64   70   72   79   82   89   91
   97   98  104  104  109  109  113  113  116  115  117  116  118  117  119  119
  122  122  126  125  128  126  128  133  135                                   
    77.5-180.0 180.0   5.0 450.0                            LAT/LON1/LON2/DLON/H
  147  146  151  156  156  159  161  167  169  175  177  180  180  181  180  178
  174  171  168  164  161  156  151  144  138  131  123  114  107   98   90   82
   76   70   67   63   62   61   63   63   67   69   75   78   84   88   94   97
  100  102  105  106  109  110  112  113  115  115  116  117  119  120  122  124
  126  129  133  135  137  138  142  147  147                                   
    75.0-180.0 180.0   5.0 450.0                            LAT/LON1/LON2/DLON/H
  158  160  168  173  174  177  180  185  188  193  195  198  198  197  192  187
  180  174  170  165  163  160  156  152  146  141  134  127  119  112  104   97
   90   85   80   77   74   73   74   75   77   79   84   88   93   96  101  102
  104  104  106  106  107  107  109  109  110  110  112  113  117  119  123  126
  131  134  141  144  149  153  160  167  158                                   
    72.5-180.0 180.0   5.0 450.0                            LAT/LON1/LON2/DLON/H
  176  181  188  193  193  197  198  203  205  209  209  210  207  203  194  185
  173  165  158  155  153  152  152  151  149  145  141  135  129  122  116  110
  104   99   94   90   88   85   86   86   87   88   91   93   96   96   99   98
   98   97   97   95   96   95   97   97   99  100  103  105  112  115  122  127
  133  139  148  156  164  172  181  190  176                                   
    70.0-180.0 180.0   5.0 450.0                            LAT/LON1/LON2/DLON/H
  194  203  211  213  210  211  214  217  220  221  222  220  214  206  193  178
  162  149  141  137  137  139  141  142  142  141  139  134  130  125  120  115
  111  106  103   98   96   92   92   91   91   91   92   92   93   92   93   91
   90   87   87   84   84   82   85   85   88   91   96  100  108  114  123  130
  139  147  158  168  178  190  204  219  194                                   
    67.5-180.0 180.0   5.0 450.0                            LAT/LON1/LON2/DLON/H
  220  224  235  236  227  227  229  233  236  238  237  232  223  210  191  172
  151  136  126  122  121  124  127  129  130  130  129  126  122  118  114  111
  107  104  101   98   94   91   90   87   86   85   84   82   81   78   78   75
   74   70   71   68   68   67   71   72   78   82   90   98  108  117  127  136
  146  156  167  180  193  207  223  242  220                                   
    65.0-180.0 180.0   5.0 450.0                            LAT/LON1/LON2/DLON/H
  237  241  253  251  242  241  242  247  251  255  252  247  235  219  196  173
  150  132  119  112  111  113  116  117  118  117  115  111  108  104  101   98
   95   93   90   87   85   81   79   76   74   73   71   68   65   63   62   59
   58   56   55   54   54   54   59   63   71   79   90  101  114  125  136  146
  157  167  178  189  204  221  240  264  237                                   
    62.5-180.0 180.0   5.0 450.0                            LAT/LON1/LON2/DLON/H
  251  249  261  258  250  248  249  254  260  265  265  259  247  227  203  179
  154  134  119  112  109  109  109  109  107  104  100   96   91   87   84   80
   78   75   73   70   68   66   63   61   59   57   54   51   49   48   47   45
   46   45   45   44   45   46   52   57   67   77   91  106  123  137  150  161
  171  180  188  199  216  232  246  273  251                                   
    60.0-180.0 180.0   5.0 450.0                            LAT/LON1/LON2/DLON/H
  253  254  260  258  249  245  247  252  260  269  270  271  259  241  217  192
  167  146  131  121  115  111  109  105  101   95   90   83   78   73   69   65
   62   59   57   55   54   52   51   49   47   45   43   41   40   39   38   36
   38   37   40   38   41   43   50   56   68   80   97  116  136  152  167  178
  187  193  199  208  223  237  251  279  253                                   
    57.5-180.0 180.0   5.0 450.0                            LAT/LON1/LON2/DLON/H
  259  254  263  259  252  247  248  254  263  270  275  274  268  251  230  207
  183  165  149  139  129  123  115  109  101   94   86   79   72   68   63   58
   54   50   47   46   45   46   45   46   44   44   43   43   42   41   40   39
   41   41   43   42   44   47   52   59   70   85  104  125  149  168  185  196
  205  210  215  222  232  241  250  276  259                                   
    55.0-180.0 180.0   5.0 450.0                            LAT/LON1/LON2/DLON/H
  264  264  269  266  257  253  253  257  264  271  273  276  270  260  242  223
  206  190  173  161  149  138  127  116  107   97   89   81   76   70   66   60
   55   50   48   47   47   49   50   51   52   51   53   52   53   50   50   46
   51   49   53   50   53   55   60   66   78   93  113  136  162  182  200  213
  221  227  230  235  242  250  255  279  264                                   
    52.5-180.0 180.0   5.0 450.0                            LAT/LON1/LON2/DLON/H
  279  276  286  283  276  271  271  272  275  278  278  277  274  264  252  239
  227  214  198  185  168  154  139  128  116  107   99   93   87   83   78   72
   65   60   57   56   57   60   61   64   64   66   66   68   67   66   64   63
   65   65   67   65   65   67   70   76   86  101  121  144  172  192  213  227
  238  244  248  253  258  262  264  284  279                                   
    50.0-180.0 180.0   5.0 450.0                            LAT/LON1/LON2/DLON/H
  299  304  312  313  306  301  296  294  291  289  283  279  273  267  258  251
  243  232  217  202  183  166  151  139  129  121  114  109  105  100   95   87
   81   74   72   71   73   76   79   79   81   82   85   85   87   84   84   81
   84   82   85   83   84   84   86   90   98  111  130  152  177  199  219  236
  248  258  265  271  277  281  282  296  299                                   
    47.5-180.0 180.0   5.0 450.0                            LAT/LON1/LON2/DLON/H
  325  330  340  343  339  336  330  325  317  309  297  287  279  271  266  261
  255  244  229  213  193  178  163  154  144  139  131  128  122  119  111  104
   95   89   86   86   88   92   92   94   94   96   98  100  102  102  102  101
  102  101  102  102  101  100  100  103  111  122  140  159  184  203  225  241
  257  268  280  288  295  298  301  309  325                                   
    45.0-180.0 180.0   5.0 450.0                            LAT/LON1/LON2/DLON/H
  350  366  372  375  373  371  363  354  340  326  309  296  283  276  270  269
  261  251  234  217  200  186  175  167  159  154  146  141  135  130  122  113
  105   98   97   97  101  103  105  104  105  105  110  112  117  117  118  117
  119  118  119  118  117  115  114  117  123  134  150  167  188  206  225  243
  257  273  287  300  311  318  324  328  350                                   
    42.5-180.0 180.0   5.0 450.0                            LAT/LON1/LON2/DLON/H
  371  388  394  396  396  396  386  377  361  345  326  309  295  286  280  274
  267  253  237  221  205  196  186  181  172  165  155  147  139  132  123  114
  106  101  100  102  105  109  109  108  108  110  115  120  126  129  130  130
  131  130  131  130  129  126  127  130  138  148  163  177  197  212  232  245
  261  274  292  304  321  331  338  343  371                                   
    40.0-180.0 180.0   5.0 450.0                            LAT/LON1/LON2/DLON/H
  387  410  412  411  411  411  401  393  376  359  336  320  305  296  288  282
  269  257  238  224  213  206  199  192  182  171  158  146  137  127  119  109
  103  100  101  104  109  112  112  110  111  112  119  125  133  136  138  137
  138  136  138  137  137  136  137  143  152  163  177  189  208  222  239  253
  266  280  296  310  328  343  357  357  387                                   
    37.5-180.0 180.0   5.0 450.0                            LAT/LON1/LON2/DLON/H
  397  417  417  413  412  411  404  398  382  367  347  333  319  310  301  290
  277  260  245  232  224  218  210  201  187  171  154  141  130  121  112  104
   99   98  101  106  111  115  113  113  111  115  121  129  136  140  141  140
  139  138  139  139  141  142  147  154  165  177  190  203  220  235  253  265
  277  287  301  315  335  353  367  369  397                                   
    35.0-180.0 180.0   5.0 450.0                            LAT/LON1/LON2/DLON/H
  412  431  426  415  410  406  398  393  380  369  352  341  329  322  311  301
  284  270  254  244  237  230  219  204  187  167  151  137  129  120  114  107
  104  105  111  117  122  125  123  121  120  121  128  132  139  139  140  137
  136  133  134  136  140  143  149  158  172  183  198  212  232  248  265  279
  290  300  312  325  346  367  389  386  412                                   
    32.5-180.0 180.0   5.0 450.0                            LAT/LON1/LON2/DLON/H
  438  447  442  428  417  408  397  392  380  371  358  350  341  334  323  309
  294  278  266  257  251  240  225  205  185  167  152  145  140  136  132  127
  124  127  134  140  144  145  140  137  133  132  134  135  137  135  133  128
  126  124  125  128  134  140  147  156  170  184  199  216  238  256  275  290
  302  311  324  339  364  389  409  408  438                                   
    30.0-180.0 180.0   5.0 450.0                            LAT/LON1/LON2/DLON/H
  488  500  486  467  451  436  415  404  389  378  366  359  349  343  331  318
  301  288  275  269  259  246  225  203  184  171  168  169  173  172  172  165
  164  165  170  173  174  172  166  160  153  146  143  138  135  129  125  120
  118  116  118  121  127  133  141  150  164  179  196  216  239  262  282  302
  316  329  344  365  391  420  451  451  488                                   
    27.5-180.0 180.0   5.0 450.0                            LAT/LON1/LON2/DLON/H
  558  569  557  542  519  493  463  441  417  400  383  374  364  355  342  325
  309  294  282  271  260  243  221  202  189  187  196  212  225  232  232  223
  216  214  212  212  207  201  191  183  172  160  150  140  131  123  118  114
  112  110  111  113  118  122  130  140  157  173  192  214  241  267  292  310
  331  349  370  391  426  464  493  509  558                                   
    25.0-180.0 180.0   5.0 450.0                            LAT/LON1/LON2/DLON/H
  649  667  655  646  623  591  545  508  468  441  413  397  380  368  348  330
  311  296  280  268  252  236  217  206  205  216  242  271  293  306  305  295
  282  273  265  258  248  234  220  206  189  173  158  143  130  121  118  115
  113  111  110  111  111  112  118  129  149  169  194  219  250  282  304  329
  352  379  405  437  476  521  550  584  649                                   
    22.5-180.0 180.0   5.0 450.0                            LAT/LON1/LON2/DLON/H
  724  764  765  762  738  699  651  603  549  505  465  438  411  388  362  337
  316  295  277  259  243  229  219  220  233  260  297  334  361  373  372  356
  340  326  311  296  279  262  238  223  199  182  161  145  130  124  120  120
  116  113  106  104   99   99  104  116  141  169  201  235  270  301  325  353
  381  415  445  479  527  574  611  654  724                                   
    20.0-180.0 180.0   5.0 450.0                            LAT/LON1/LON2/DLON/H
  784  846  863  873  860  824  772  716  653  597  539  496  453  416  375  343
  315  294  270  254  237  231  232  252  278  314  354  394  416  425  418  397
  379  359  340  318  297  275  248  230  205  186  166  149  138  132  132  128
  121  113  104   96   90   89   94  112  141  177  214  257  291  324  351  386
  423  462  503  544  591  634  688  723  784                                   
    17.5-180.0 180.0   5.0 450.0                            LAT/LON1/LON2/DLON/H
  806  884  919  942  939  915  868  814  750  687  625  568  511  458  402  358
  327  299  275  256  245  247  263  292  328  365  403  433  446  442  429  408
  385  364  341  316  290  269  242  227  201  185  163  150  141  139  137  133
  123  113  102   90   83   79   87  105  141  186  231  277  314  350  383  428
  464  506  546  593  639  680  732  767  806                                   
    15.0-180.0 180.0   5.0 450.0                            LAT/LON1/LON2/DLON/H
  804  878  926  962  977  965  931  882  824  763  699  636  572  501  431  377
  339  309  282  267  261  276  303  342  376  409  429  443  441  426  409  382
  363  341  323  297  270  250  229  217  199  184  167  155  152  147  145  135
  124  108   96   85   80   78   88  111  154  202  256  297  340  377  423  464
  505  546  591  630  676  707  761  781  804                                   
    12.5-180.0 180.0   5.0 450.0                            LAT/LON1/LON2/DLON/H
  759  823  871  910  934  937  915  880  836  789  740  680  621  546  472  411
  369  333  306  288  289  309  348  389  416  429  427  417  402  376  353  331
  316  300  285  264  241  228  211  206  194  184  170  161  157  155  150  138
  125  109   96   87   83   84   97  125  169  224  271  315  357  402  444  486
  524  567  606  642  676  703  745  762  759                                   
    10.0-180.0 180.0   5.0 450.0                            LAT/LON1/LON2/DLON/H
  710  745  782  822  855  867  863  844  817  789  756  710  651  581  511  450
  408  370  342  325  328  354  393  430  438  428  404  373  345  312  293  270
  266  254  248  231  216  206  198  197  193  187  179  170  168  160  154  137
  123  106   98   88   89   91  111  140  190  237  285  323  368  411  461  501
  544  580  619  642  672  689  727  726  710                                   
     7.5-180.0 180.0   5.0 450.0                            LAT/LON1/LON2/DLON/H
  647  664  685  713  744  764  774  774  767  759  744  717  671  610  551  497
  457  421  392  374  379  404  435  452  440  407  367  323  289  261  245  235
