data/unet/pred2400.15i
     1.0            IONOSPHERE MAPS     GNSS                IONEX VERSION / TYPE
pyspatialgeodesy        IME             05-JAN-18 20:20     PGM / RUN BY / DATE 
Map Name                                                    COMMENT             
Predicted global ionosphere maps (GIM).                     DESCRIPTION         
  2015     8    28     0     0     0                        EPOCH OF FIRST MAP  
  2015     8    29     0     0     0                        EPOCH OF LAST MAP   
  7200                                                      INTERVAL            
    13                                                      # OF MAPS IN FILE   
  NONE                                                      MAPPING FUNCTION    
10.0                                                        ELEVATION CUTOFF    
One-way carrier phase leveled to code                       OBSERVABLES USED    
  6371.0                                                    BASE RADIUS         
 2                                                          MAP DIMENSION       
   450.0 450.0   0.0                                        HGT1 / HGT2 / DHGT  
    87.5 -87.5  -2.5                                        LAT1 / LAT2 / DLAT  
  -180.0 180.0   5.0                                        LON1 / LON2 / DLON  
    -1                                                      EXPONENT            
                                                            END OF HEADER       
[from data line 3432]
     9                                                      START OF TEC MAP    
  2015     8    28    16     0     0                        EPOCH OF CURRENT MAP
    87.5-180.0 180.0   5.0 450.0                            LAT/LON1/LON2/DLON/H
  111  114  112  113  114  112  114  114  116  115  118  118  120  119  122  121
  123  122  124  122  124  122  123  121  122  120  121  119  119  117  118  116
  116  114  115  113  114  112  113  112  113  111  112  112  112  111  112  112
  112  111  112  112  113  112  113  113  113  113  113  114  114  113  114  113
  113  113  113  113  113  111  116  133  111                                   
    85.0-180.0 180.0   5.0 450.0                            LAT/LON1/LON2/DLON/H
   83  103   94   98   97  100  101  104  104  107  108  111  111  113  114  115
  116  117  118  117  118  116  116  114  113  111  110  107  106  103  102  100
   99   96   96   94   93   91   91   90   90   89   90   90   90   90   90   91
   91   92   92   94   93   94   94   95   95   95   95   97   96   96   96   97
   95   96   95   96   95   92   93  103   83                                   
    82.5-180.0 180.0   5.0 450.0                            LAT/LON1/LON2/DLON/H
   85   85   90   93   93   95   96   99   99  101  102  105  106  108  110  111
  113  113  116  115  117  115  116  114  113  111  109  107  104  102   98   97
   93   92   89   88   86   86   84   84   83   83   83   84   83   85   85   87
   86   88   88   90   89   90   89   91   89   91   90   91   89   90   90   90
   89   89   89   88   88   83   93   88   85                                   
    80.0-180.0 180.0   5.0 450.0                            LAT/LON1/LON2/DLON/H
   75   82   84   88   86   90   90   94   93   97   97  102  102  105  107  110
  112  114  116  119  119  120  119  120  117  116  112  112  106  105   99   98
   93   92   87   88   84   84   81   83   80   82   81   83   82   84   83   87
   85   88   86   90   87   90   86   90   86   88   85   88   84   87   84   86
   83   85   82   83   81   79   82   84   75                                   
    77.5-180.0 180.0   5.0 450.0                            LAT/LON1/LON2/DLON/H
   70   77   80   81   84   84   87   88   90   91   94   96   99   99  104  105
  110  111  116  116  120  118  121  119  119  115  115  110  108  102  100   94
   92   87   86   83   82   80   80   79   79   78   78   79   80   80   82   84
   85   86   87   88   88   87   88   86   87   84   86   83   85   82   85   81
   83   80   82   79   81   74   71   78   70                                   
    75.0-180.0 180.0   5.0 450.0                            LAT/LON1/LON2/DLON/H
   61   69   70   75   73   78   78   81   82   84   86   89   92   93   98  100
  106  109  114  117  122  122  124  122  121  118  116  111  109  104  101   96
   93   90   87   85   83   82   81   80   79   79   78   79   79   82   82   84
   84   87   85   87   84   85   83   82   80   80   79   79   77   78   77   77
   75   76   73   72   72   70   71   73   61                                   
    72.5-180.0 180.0   5.0 450.0                            LAT/LON1/LON2/DLON/H
   58   67   68   69   72   73   75   78   78   80   81   84   84   87   90   94
   99  104  110  114  119  120  123  121  120  117  115  111  108  104  101   97
   95   92   91   88   88   85   85   83   82   80   79   78   79   78   79   81
   81   83   83   83   81   80   78   77   74   73   73   72   72   73   73   73
   72   71   71   68   69   65   62   68   58                                   
    70.0-180.0 180.0   5.0 450.0                            LAT/LON1/LON2/DLON/H
   54   60   62   65   67   70   73   74   76   77   79   79   81   83   87   90
   96  101  108  112  118  119  122  119  119  115  114  107  107  101  101   96
   97   92   93   88   90   85   87   81   82   77   78   75   76   75   76   77
   78   79   78   78   75   74   70   69   66   65   65   65   66   67   67   68
   66   66   64   62   61   60   62   63   54                                   
    67.5-180.0 180.0   5.0 450.0                            LAT/LON1/LON2/DLON/H
   53   59   61   62   65   67   71   74   75   76   76   77   78   79   83   86
   91   96  105  108  114  116  118  117  115  113  110  108  105  103  102  100
   99   98   97   96   93   92   89   87   83   81   77   77   74   74   74   76
   74   75   73   73   68   66   62   60   58   57   58   59   59   60   61   62
   61   61   61   59   60   54   53   56   53                                   
    65.0-180.0 180.0   5.0 450.0                            LAT/LON1/LON2/DLON/H
   50   54   56   58   62   65   70   71   75   74   77   76   79   79   84   86
   91   96  104  106  112  113  117  114  114  111  110  105  105  102  104  101
  104  101  104   99  100   96   96   90   89   83   82   78   78   74   75   73
   73   72   70   67   63   59   57   52   52   50   51   52   54   55   56   56
   56   55   55   51   52   52   54   54   50                                   
    62.5-180.0 180.0   5.0 450.0                            LAT/LON1/LON2/DLON/H
   48   52   56   56   59   62   67   69   72   73   77   78   81   80   85   86
   91   94  101  105  110  112  115  115  113  112  108  107  105  107  107  109
  109  111  109  109  106  106  102  101   96   95   90   89   85   84   80   80
   76   74   69   66   59   55   50   48   46   46   46   47   48   49   50   50
   49   49   49   47   49   45   45   47   48                                   
    60.0-180.0 180.0   5.0 450.0                            LAT/LON1/LON2/DLON/H
   46   48   52   53   57   58   65   65   70   69   76   76   82   81   88   88
   93   94  102  104  111  111  116  114  115  112  110  108  108  109  112  112
  115  114  116  114  113  111  111  109  108  105  104  100   98   94   91   88
   84   79   74   68   62   54   51   46   45   44   44   45   45   46   46   46
   45   44   45   42   44   46   46   45   46                                   
    57.5-180.0 180.0   5.0 450.0                            LAT/LON1/LON2/DLON/H
   46   49   53   52   54   56   60   62   67   67   75   78   83   85   90   91
   94   94  101  102  108  110  116  115  116  114  114  113  113  116  118  120
  120  121  121  122  120  120  120  122  121  120  118  117  113  110  106  102
   96   91   82   77   66   61   53   52   47   48   46   47   45   45   43   43
   41   41   41   40   42   40   40   42   46                                   
    55.0-180.0 180.0   5.0 450.0                            LAT/LON1/LON2/DLON/H
   48   48   51   50   54   54   59   58   64   64   72   74   82   83   91   91
   96   95  101  101  108  109  115  116  118  117  117  117  117  121  122  124
  124  125  123  125  124  127  127  132  131  135  132  132  129  127  121  117
  110  103   95   85   78   69   64   59   56   55   54   51   49   46   45   42
   41   40   41   39   42   46   46   46   48                                   
    52.5-180.0 180.0   5.0 450.0                            LAT/LON1/LON2/DLON/H
   51   53   54   53   55   55   58   59   64   65   72   75   82   85   92   94
   98   97  102  102  108  107  114  114  119  118  121  120  123  125  128  129
  130  130  131  132  134  137  140  145  146  148  147  146  144  141  136  132
  123  117  106  100   88   83   75   74   69   69   64   61   57   52   48   46
   44   43   43   43   44   44   45   47   51                                   
    50.0-180.0 180.0   5.0 450.0                            LAT/LON1/LON2/DLON/H
   56   53   54   53   56   56   61   59   66   64   73   73   82   84   93   94
   99   97  103  101  107  106  114  115  119  121  123  124  125  129  130  132
  132  134  134  139  141  148  151  158  158  162  159  161  157  155  149  144
  137  129  119  111  103   95   91   87   86   83   80   75   68   61   57   51
   51   49   51   48   49   53   55   53   56                                   
    47.5-180.0 180.0   5.0 450.0                            LAT/LON1/LON2/DLON/H
   60   61   59   58   60   60   65   66   71   71   77   78   85   89   96   99
  103  103  106  106  109  108  115  116  122  124  127  127  130  131  134  136
  139  140  144  150  155  162  167  172  172  172  169  169  165  163  157  153
  144  137  126  120  111  107  102  101   97   98   93   89   81   73   67   63
   62   60   61   59   58   55   56   57   60                                   
    45.0-180.0 180.0   5.0 450.0                            LAT/LON1/LON2/DLON/H
   63   59   61   59   63   63   71   71   78   78   85   84   91   94  101  104
  108  107  110  109  111  111  117  120  125  128  130  131  131  134  136  139
  142  146  153  160  170  177  181  184  183  183  177  176  171  169  164  159
  153  145  136  129  122  119  115  112  111  109  107  101   95   87   81   76
   75   72   73   68   66   65   68   65   63                                   
    42.5-180.0 180.0   5.0 450.0                            LAT/LON1/LON2/DLON/H
   65   66   64   64   67   69   77   81   88   91   97   98  103  106  111  114
  116  116  118  118  118  119  123  127  131  133  136  135  137  137  140  143
  148  154  163  174  185  192  196  197  195  190  184  179  177  171  169  164
  159  150  142  135  128  126  122  121  118  118  114  112  105  100   95   92
   90   89   85   82   76   69   70   67   65                                   
    40.0-180.0 180.0   5.0 450.0                            LAT/LON1/LON2/DLON/H
   65   63   65   63   69   71   81   86   96  100  108  109  115  116  120  122
  123  122  124  124  123  125  128  132  135  138  140  140  140  142  145  149
  156  164  177  188  200  207  210  208  206  198  192  186  181  179  173  169
  163  156  147  139  135  131  129  127  125  124  121  118  114  111  108  106
  107  104  101   91   86   78   78   75   65                                   
    37.5-180.0 180.0   5.0 450.0                            LAT/LON1/LON2/DLON/H
   65   67   64   64   67   74   84   95  105  113  121  125  130  132  134  135
  134  134  133  134  132  134  136  142  144  147  149  149  149  150  154  160
  169  180  192  206  217  222  225  223  218  211  205  198  195  189  185  180
  173  163  153  145  137  136  131  132  127  128  123  124  120  120  119  120
  118  117  110  104   93   81   79   75   65                                   
    35.0-180.0 180.0   5.0 450.0                            LAT/LON1/LON2/DLON/H
   67   64   65   61   67   72   85   96  110  120  131  136  143  144  145  144
  142  141  140  140  140  142  144  148  152  155  158  159  160  162  169  176
  187  199  211  224  235  241  241  239  234  230  221  219  210  209  198  193
  182  170  157  146  139  135  133  130  129  128  124  126  125  127  126  127
  128  125  121  108  100   89   85   83   67                                   
    32.5-180.0 180.0   5.0 450.0                            LAT/LON1/LON2/DLON/H
   67   67   63   60   63   71   85   99  115  128  140  149  155  159  158  158
  153  152  149  150  149  152  153  158  162  166  170  173  177  181  190  200
  213  225  237  249  261  263  267  263  260  255  250  246  239  232  221  212
  197  182  164  150  139  136  131  130  126  127  123  127  127  131  131  135
  133  132  124  115  102   90   86   84   67                                   
    30.0-180.0 180.0   5.0 450.0                            LAT/LON1/LON2/DLON/H
   73   67   65   58   63   69   83   97  114  128  144  154  163  166  169  166
  162  158  157  156  157  157  161  164  170  175  181  188  196  203  213  226
  238  252  262  273  279  281  281  278  272  271  266  267  258  253  237  227
  207  189  168  150  141  135  133  131  129  128  127  129  131  134  135  136
  137  133  129  117  107   97   93   91   73                                   
    27.5-180.0 180.0   5.0 450.0                            LAT/LON1/LON2/DLON/H
   78   74   66   62   64   69   84   98  117  130  146  160  171  176  180  178
  174  170  167  169  168  170  171  175  181  187  197  205  216  229  242  256
  271  283  295  301  308  305  312  307  311  303  304  299  292  281  262  244
  223  195  173  153  143  136  136  133  133  131  131  135  135  138  138  140
  137  135  130  122  110   99   95   91   78                                   
    25.0-180.0 180.0   5.0 450.0                            LAT/LON1/LON2/DLON/H
   86   77   70   63   67   72   84   98  115  129  145  159  173  182  188  188
  186  183  181  181  183  181  183  184  191  198  211  223  238  254  271  288
  306  318  327  331  334  332  332  330  333  330  325  321  312  300  276  254
  225  197  171  151  142  138  138  134  137  136  137  140  142  143  141  141
  139  136  134  124  117  108  104  100   86                                   
    22.5-180.0 180.0   5.0 450.0                            LAT/LON1/LON2/DLON/H
   94   84   76   71   73   76   90  102  121  132  148  161  178  187  197  197
  198  197  198  200  202  199  199  199  204  212  227  243  262  281  302  321
  339  349  355  355  359  360  362  362  366  364  360  352  342  324  299  266
  234  197  173  156  148  145  146  142  143  142  143  148  149  147  145  142
  137  135  133  127  121  111  108   99   94                                   
    20.0-180.0 180.0   5.0 450.0                            LAT/LON1/LON2/DLON/H
  102   89   82   77   80   86   97  111  124  135  147  160  176  190  201  206
  209  214  217  222  223  219  216  215  220  230  248  267  289  313  334  353
  367  374  377  380  386  389  392  393  393  390  383  374  356  334  303  272
  236  210  183  163  147  150  151  151  153  150  152  153  155  152  147  145
  138  137  135  132  126  117  114  106  102                                   
    17.5-180.0 180.0   5.0 450.0                            LAT/LON1/LON2/DLON/H
  110   97   90   85   86   91  104  118  134  143  155  166  183  195  207  212
  221  227  235  241  243  240  236  234  240  253  273  295  319  343  362  378
  389  393  396  401  411  414  420  419  419  413  405  390  369  339  308  274
  245  213  183  164  159  162  166  167  161  160  158  158  159  154  150  144
  139  136  134  134  129  118  116  102  110                                   
    15.0-180.0 180.0   5.0 450.0                            LAT/LON1/LON2/DLON/H
  111   99   92   87   89   95  110  126  140  150  158  170  183  199  212  221
  233  241  251  257  263  261  259  261  269  285  304  326  349  369  386  397
  404  409  412  421  429  438  441  445  439  437  419  403  370  341  304  278
  250  231  200  191  181  187  184  178  176  168  166  161  163  157  153  146
  140  139  134  134  129  120  118  107  111                                   
    12.5-180.0 180.0   5.0 450.0                            LAT/LON1/LON2/DLON/H
  111   97   91   87   85   93  108  127  146  156  167  177  194  206  222  231
  244  250  264  269  279  277  281  285  296  313  332  354  376  392  402  409
  414  419  425  434  446  453  459  459  459  446  434  405  371  336  307  282
  263  242  226  214  209  207  197  196  188  184  171  168  164  158  152  144
  139  136  134  134  128  120  116  100  111                                   
    10.0-180.0 180.0   5.0 450.0                            LAT/LON1/LON2/DLON/H
  109   93   86   80   80   86  105  123  145  158  170  182  198  214  231  241
  254  261  273  276  285  289  295  307  320  339  359  382  400  409  412  414
  418  424  428  442  454  469  473  482  475  468  446  419  379  347  316  299
  281  269  251  242  225  219  210  205  200  189  181  168  165  158  151  143
  137  135  133  129  126  114  113   98  109                                   
     7.5-180.0 180.0   5.0 450.0                            LAT/LON1/LON2/DLON/H
  107   89   80   76   73   79   96  116  143  159  177  189  209  221  242  250
  265  270  283  283  294  293  308  317  337  356  380  399  416  417  418  414
