data/unet/pred2010.15i
     1.0            IONOSPHERE MAPS     GNSS                IONEX VERSION / TYPE
pyspatialgeodesy        IME             05-JAN-18 20:20     PGM / RUN BY / DATE 
Map Name                                                    COMMENT             
Predicted global ionosphere maps (GIM).                     DESCRIPTION         
  2015     7    20     0     0     0                        EPOCH OF FIRST MAP  
  2015     7    21     0     0     0                        EPOCH OF LAST MAP   
  7200                                                      INTERVAL            
    13                                                      # OF MAPS IN FILE   
  NONE                                                      MAPPING FUNCTION    
10.0                                                        ELEVATION CUTOFF    
One-way carrier phase leveled to code                       OBSERVABLES USED    
  6371.0                                                    BASE RADIUS         
 2                                                          MAP DIMENSION       
   450.0 450.0   0.0                                        HGT1 / HGT2 / DHGT  
    87.5 -87.5  -2.5                                        LAT1 / LAT2 / DLAT  
  -180.0 180.0   5.0                                        LON1 / LON2 / DLON  
    -1                                                      EXPONENT            
                                                            END OF HEADER       
[from data line 3432]
     9                                                      START OF TEC MAP    
  2015     7    20    16     0     0                        EPOCH OF CURRENT MAP
    87.5-180.0 180.0   5.0 450.0                            LAT/LON1/LON2/DLON/H
  166  172  168  169  170  167  169  168  169  168  169  168  169  168  169  168
  169  167  168  167  168  166  167  165  165  163  163  161  162  160  160  159
  159  158  159  158  159  158  159  158  159  158  159  158  158  158  158  157
  157  157  157  157  157  157  158  157  158  158  159  159  160  161  161  162
  163  163  165  165  164  165  172  180  166                                   
    85.0-180.0 180.0   5.0 450.0                            LAT/LON1/LON2/DLON/H
  150  161  164  166  168  167  169  168  170  169  170  170  171  170  171  170
  171  169  170  168  170  168  169  166  166  164  164  161  160  158  157  155
  155  154  155  153  155  154  155  153  155  153  154  152  153  152  152  151
  152  151  152  151  152  152  153  152  155  154  155  154  157  156  158  157
  160  159  162  161  161  158  162  154  150                                   
    82.5-180.0 180.0   5.0 450.0                            LAT/LON1/LON2/DLON/H
  157  158  159  158  160  159  162  161  164  163  165  164  167  165  167  165
  167  165  167  165  166  164  165  161  162  159  158  155  154  151  150  147
  146  145  145  143  143  143  143  142  144  143  144  142  143  142  143  142
  143  143  144  144  145  145  145  145  145  145  145  145  146  146  146  146
  148  148  151  151  153  148  159  145  157                                   
    80.0-180.0 180.0   5.0 450.0                            LAT/LON1/LON2/DLON/H
  146  150  150  155  156  159  160  163  162  165  165  167  166  169  167  169
  167  169  167  169  166  168  165  166  162  163  159  159  155  155  150  150
  146  147  144  146  143  145  143  145  143  144  142  143  142  143  142  143
  143  144  144  146  145  147  145  146  145  146  143  144  142  143  141  143
  141  144  143  145  144  146  147  141  146                                   
    77.5-180.0 180.0   5.0 450.0                            LAT/LON1/LON2/DLON/H
  138  145  144  148  150  154  155  157  157  159  159  161  160  162  161  163
  162  164  164  165  164  165  165  164  162  161  158  156  154  152  149  147
  145  144  143  143  142  143  142  143  141  142  141  141  139  141  140  142
  141  143  143  145  144  145  144  144  142  142  140  140  138  137  135  136
  135  136  136  137  137  134  136  132  138                                   
    75.0-180.0 180.0   5.0 450.0                            LAT/LON1/LON2/DLON/H
  130  139  142  144  150  151  155  154  157  157  159  159  160  160  161  160
  162  162  164  164  167  167  169  167  168  166  165  162  160  157  156  152
  151  149  150  148  149  148  149  147  148  145  146  143  145  143  146  145
  147  147  149  148  149  149  149  148  147  145  143  141  139  137  136  134
  135  134  136  134  135  134  135  132  130                                   
    72.5-180.0 180.0   5.0 450.0                            LAT/LON1/LON2/DLON/H
  128  140  141  144  146  149  151  152  152  154  155  155  155  155  155  156
  157  158  159  161  163  166  166  168  167  167  165  163  160  159  155  155
  152  152  151  151  150  152  151  152  149  151  147  149  145  148  146  148
  146  149  149  151  149  151  149  150  146  146  142  141  137  137  133  134
  132  133  133  135  133  131  133  132  128                                   
    70.0-180.0 180.0   5.0 450.0                            LAT/LON1/LON2/DLON/H
  128  138  142  144  149  150  153  151  154  153  155  153  154  152  153  152
  154  153  157  158  163  163  169  167  170  167  168  165  164  161  160  157
  157  156  157  156  158  158  159  158  158  155  156  153  153  151  152  150
  151  151  152  153  153  153  153  151  150  147  146  142  141  138  137  136
  136  136  137  137  138  136  138  136  128                                   
    67.5-180.0 180.0   5.0 450.0                            LAT/LON1/LON2/DLON/H
  129  142  143  145  147  150  152  152  153  153  154  154  154  153  152  151
  151  151  153  154  157  160  163  165  166  165  165  163  162  160  158  157
  156  157  156  158  157  160  159  160  158  158  155  155  152  152  150  150
  149  151  151  154  152  154  152  153  149  148  144  144  140  139  136  136
  134  136  136  138  137  134  136  136  129                                   
    65.0-180.0 180.0   5.0 450.0                            LAT/LON1/LON2/DLON/H
  128  139  144  146  151  152  156  154  157  155  158  155  157  153  154  151
  152  150  153  153  159  159  164  163  167  164  165  162  163  159  160  158
  160  159  160  160  162  162  164  164  164  162  161  158  156  153  152  151
  151  151  153  154  154  155  155  153  153  150  149  145  144  141  140  138
  138  137  139  139  139  138  139  139  128                                   
    62.5-180.0 180.0   5.0 450.0                            LAT/LON1/LON2/DLON/H
  126  140  141  145  148  152  155  156  157  157  158  158  159  157  157  155
  155  152  153  152  155  156  158  159  160  160  160  158  159  158  158  158
  159  159  159  160  159  161  161  163  162  163  160  159  155  154  151  151
  149  153  152  156  153  156  153  155  151  152  147  147  143  141  138  136
  134  134  134  135  134  130  134  135  126                                   
    60.0-180.0 180.0   5.0 450.0                            LAT/LON1/LON2/DLON/H
  119  129  136  139  147  150  155  155  159  158  162  159  163  160  162  159
  159  155  156  153  157  155  160  157  160  157  159  157  159  158  160  160
  162  161  162  161  162  163  163  165  164  166  163  161  158  155  153  152
  152  153  155  156  155  156  155  155  154  152  151  147  146  140  138  133
  130  128  127  128  128  127  128  130  119                                   
    57.5-180.0 180.0   5.0 450.0                            LAT/LON1/LON2/DLON/H
  112  127  129  135  142  147  152  155  157  159  161  162  164  165  166  165
  163  159  158  155  155  154  155  154  155  154  155  155  157  159  162  163
  164  164  162  162  160  162  163  165  165  167  166  164  161  158  155  155
  153  156  155  158  153  156  152  155  150  152  147  147  142  139  132  127
  122  119  118  117  117  112  116  119  112                                   
    55.0-180.0 180.0   5.0 450.0                            LAT/LON1/LON2/DLON/H
  103  115  123  128  141  145  152  153  158  159  164  164  169  167  171  168
  169  163  162  156  157  153  156  153  155  153  156  156  160  163  167  169
  170  169  169  167  166  167  167  171  170  172  170  167  164  161  158  158
  158  160  160  160  157  157  154  154  152  151  150  147  145  136  131  121
  116  109  107  105  105  104  107  112  103                                   
    52.5-180.0 180.0   5.0 450.0                            LAT/LON1/LON2/DLON/H
   98  113  117  127  137  144  150  155  158  160  165  167  171  173  175  174
  173  168  164  159  157  154  155  154  155  155  158  159  165  168  172  174
  175  173  171  169  168  169  171  174  176  177  176  173  170  167  164  163
  161  163  160  161  155  156  151  152  147  150  145  145  140  135  125  116
  108  101   98   94   92   89   95  100   98                                   
    50.0-180.0 180.0   5.0 450.0                            LAT/LON1/LON2/DLON/H
   93  107  116  125  139  145  155  157  162  163  169  170  176  176  181  178
  178  171  168  162  159  155  157  156  158  157  160  164  169  175  179  183
  183  182  180  178  177  179  181  184  184  185  183  180  176  173  170  168
  167  167  166  164  160  158  153  152  150  150  148  145  143  134  127  114
  107   97   93   87   86   87   93   95   93                                   
    47.5-180.0 180.0   5.0 450.0                            LAT/LON1/LON2/DLON/H
   95  110  116  128  139  148  156  163  167  170  174  177  181  183  185  185
  184  178  174  167  163  161  161  162  163  164  168  172  178  182  186  188
  189  188  187  186  185  187  190  192  192  193  192  189  185  183  177  176
  171  171  165  165  159  157  151  151  146  148  144  144  138  133  123  114
  104   97   90   86   82   82   88   90   95                                   
    45.0-180.0 180.0   5.0 450.0                            LAT/LON1/LON2/DLON/H
   96  108  119  127  144  152  165  169  177  178  185  184  189  188  191  189
  189  184  181  173  170  167  168  169  170  174  176  181  185  190  194  196
  197  197  195  196  196  199  203  204  204  203  201  198  194  189  185  180
  176  174  171  168  163  160  155  153  150  149  148  145  142  135  128  118
  110  101   97   91   88   88   95   91   96                                   
    42.5-180.0 180.0   5.0 450.0                            LAT/LON1/LON2/DLON/H
  100  111  118  129  143  156  170  178  186  190  196  197  199  200  199  201
  198  195  190  185  181  180  180  180  182  184  188  192  197  199  204  205
  210  210  213  212  214  215  217  216  216  214  212  209  203  200  192  189
  181  180  172  171  165  163  156  155  151  150  146  146  141  137  129  123
  115  110  103   99   93   91   98   94  100                                   
    40.0-180.0 180.0   5.0 450.0                            LAT/LON1/LON2/DLON/H
  100  106  115  123  141  155  174  183  195  199  207  207  210  208  208  207
  207  203  201  196  194  192  193  193  193  196  198  204  206  210  214  219
  224  228  230  233  232  234  233  233  229  226  223  217  214  207  201  194
  188  184  179  174  169  166  161  159  156  154  152  150  147  144  139  133
  128  120  116  110  104  100  104   97  100                                   
    37.5-180.0 180.0   5.0 450.0                            LAT/LON1/LON2/DLON/H
  102  106  107  117  132  150  169  184  198  206  214  217  219  219  217  219
  215  215  211  211  206  208  206  207  206  208  212  215  221  224  232  239
  250  257  263  263  265  260  257  250  246  241  236  231  224  219  211  205
  198  194  187  183  175  172  165  164  159  158  154  153  150  149  144  142
  136  133  125  119  109  105  105  100  102                                   
    35.0-180.0 180.0   5.0 450.0                            LAT/LON1/LON2/DLON/H
  100   97   99  105  122  141  163  179  197  207  218  221  227  225  225  224
  223  223  221  220  218  217  215  216  214  218  220  227  234  241  254  266
  283  294  301  303  298  293  283  275  264  258  252  245  240  230  224  214
  209  202  197  191  184  178  173  170  166  164  160  159  158  157  155  153
  149  144  137  128  119  111  108  103  100                                   
    32.5-180.0 180.0   5.0 450.0                            LAT/LON1/LON2/DLON/H
  101   95   88   95  107  129  149  171  188  204  216  224  230  231  231  232
  229  231  230  232  228  228  225  226  224  230  233  243  252  267  283  301
  319  333  341  341  336  325  311  297  286  277  270  264  255  247  235  227
  218  213  205  198  189  183  176  174  170  168  163  163  161  161  158  158
  152  150  140  134  119  114  107  104  101                                   
    30.0-180.0 180.0   5.0 450.0                            LAT/LON1/LON2/DLON/H
  101   89   83   85   98  117  139  158  179  194  211  221  231  232  235  233
  233  235  235  237  234  231  230  229  231  237  246  259  277  294  314  334
  355  373  375  377  365  354  336  323  308  301  292  285  275  264  252  240
  229  221  211  201  191  184  177  174  170  168  164  165  164  165  163  162
  157  154  146  138  126  117  111  107  101                                   
    27.5-180.0 180.0   5.0 450.0                            LAT/LON1/LON2/DLON/H
  105   92   82   83   89  108  124  148  166  186  203  219  231  235  238  238
  238  239  240  243  241  241  238  238  240  249  260  279  299  321  343  370
  394  407  409  406  393  375  355  339  324  317  308  300  287  276  260  249
  234  225  211  199  185  177  170  166  164  161  158  158  159  160  162  160
  154  152  143  140  126  122  111  107  105                                   
    25.0-180.0 180.0   5.0 450.0                            LAT/LON1/LON2/DLON/H
  112   95   88   84   92  102  120  136  157  173  194  212  228  235  240  241
  243  244  246  248  249  247  247  246  252  262  282  301  324  346  370  397
  416  431  427  425  405  390  366  352  338  332  323  314  300  285  266  252
  235  224  205  190  176  168  160  156  154  149  146  146  148  151  155  154
  151  150  144  140  133  125  119  115  112                                   
    22.5-180.0 180.0   5.0 450.0                            LAT/LON1/LON2/DLON/H
  119  105   95   93   93  104  113  131  147  167  186  207  225  237  244  247
  249  252  253  258  256  259  257  260  265  279  295  320  339  367  389  413
  431  440  437  427  408  389  368  353  341  333  324  315  300  283  263  246
  230  216  196  178  165  157  150  147  145  138  133  133  137  139  144  143
  141  141  136  138  130  129  123  115  119                                   
    20.0-180.0 180.0   5.0 450.0                            LAT/LON1/LON2/DLON/H
  125  110  105  101  102  106  117  125  144  161  181  200  220  235  245  251
  256  258  263  265  268  268  271  273  283  296  313  337  359  387  403  425
  433  441  428  419  393  378  359  350  341  336  326  318  302  284  263  246
  226  210  187  168  153  145  140  136  134  125  120  120  121  125  129  130
  130  131  130  132  131  129  128  122  125                                   
    17.5-180.0 180.0   5.0 450.0                            LAT/LON1/LON2/DLON/H
  129  120  113  109  107  113  116  128  142  161  177  199  217  237  248  257
  263  267  270  273  273  277  278  287  294  309  324  349  371  395  410  423
  428  425  413  397  376  359  347  340  334  327  322  311  299  278  259  239
  219  200  178  158  143  137  132  131  128  119  111  110  111  114  118  117
  118  119  120  125  124  127  126  118  129                                   
    15.0-180.0 180.0   5.0 450.0                            LAT/LON1/LON2/DLON/H
  126  117  114  110  111  113  119  130  146  164  180  198  216  235  250  261
  269  272  278  278  284  286  292  299  308  323  339  364  382  402  410  420
  415  410  391  377  358  346  338  335  330  327  318  309  294  276  254  236
  214  195  173  152  139  132  130  128  126  116  108  104  103  104  108  106
  107  108  111  114  118  118  124  117  126                                   
    12.5-180.0 180.0   5.0 450.0                            LAT/LON1/LON2/DLON/H
  122  117  112  110  108  114  119  135  148  169  180  200  214  235  248  263
  271  278  283  285  288  293  298  308  316  330  347  369  387  402  407  406
  400  389  373  360  348  338  335  332  328  321  314  302  288  268  247  226
  206  185  166  148  136  132  129  130  128  118  107  103  101   99  102   99
   98   98  101  106  106  110  113  104  122                                   
    10.0-180.0 180.0   5.0 450.0                            LAT/LON1/LON2/DLON/H
  109  102  101   98   99  100  112  127  147  167  182  198  213  232  247  263
  273  282  287  290  294  300  307  318  326  342  357  378  392  406  402  401
  388  378  361  351  343  338  336  335  327  321  310  300  283  264  241  223
  200  180  161  144  135  131  131  131  130  120  111  106  103   99   99   93
   92   88   92   92   97   95  104   91  109                                   
     7.5-180.0 180.0   5.0 450.0                            LAT/LON1/LON2/DLON/H
   99   94   94   90   89   93  102  123  141  166  179  197  210  231  243  260
  270  282  286  292  296  304  312  325  334  348  364  383  397  404  402  395
