data/unet/pred2750.15i
     1.0            IONOSPHERE MAPS     GNSS                IONEX VERSION / TYPE
pyspatialgeodesy        IME             05-JAN-18 20:20     PGM / RUN BY / DATE 
Map Name                                                    COMMENT             
Predicted global ionosphere maps (GIM).                     DESCRIPTION         
  2015    10     2     0     0     0                        EPOCH OF FIRST MAP  
  2015    10     3     0     0     0                        EPOCH OF LAST MAP   
  7200                                                      INTERVAL            
    13                                                      # OF MAPS IN FILE   
  NONE                                                      MAPPING FUNCTION    
10.0                                                        ELEVATION CUTOFF    
One-way carrier phase leveled to code                       OBSERVABLES USED    
  6371.0                                                    BASE RADIUS         
 2                                                          MAP DIMENSION       
   450.0 450.0   0.0                                        HGT1 / HGT2 / DHGT  
    87.5 -87.5  -2.5                                        LAT1 / LAT2 / DLAT  
  -180.0 180.0   5.0                                        LON1 / LON2 / DLON  
    -1                                                      EXPONENT            
                                                            END OF HEADER       
[from data line 4290]
    11                                                      START OF TEC MAP    
  2015    10     2    20     0     0                        EPOCH OF CURRENT MAP
    87.5-180.0 180.0   5.0 450.0                            LAT/LON1/LON2/DLON/H
  168  139  125  131  129  131  130  133  133  136  136  138  138  140  139  141
  140  141  140  141  139  140  139  140  139  140  138  138  136  135  133  131
  129  127  125  124  122  120  119  117  116  114  113  112  111  109  109  107
  108  106  107  106  107  106  107  107  108  108  110  110  112  112  114  114
  116  117  118  118  121  121  121  150  168                                   
    85.0-180.0 180.0   5.0 450.0                            LAT/LON1/LON2/DLON/H
  118  117  118  124  126  126  129  130  134  134  138  139  143  143  146  146
  148  147  148  147  148  147  146  145  144  142  140  138  136  132  131  127
  126  121  120  115  116  110  111  106  107  101  103   98  101   95   98   94
   97   93   97   93   97   94   97   95   99   97  100   99  102  101  104  103
  106  106  108  107  110  109  111  131  118                                   
    82.5-180.0 180.0   5.0 450.0                            LAT/LON1/LON2/DLON/H
  111  111  113  119  120  124  126  131  134  138  142  146  149  153  155  158
  158  160  159  161  158  159  155  155  151  150  146  145  140  138  132  130
  124  123  117  117  111  111  105  104   99   99   94   94   89   90   86   87
   83   85   82   85   82   85   83   86   84   87   85   87   86   89   88   91
   90   94   93   97   97  100   98  112  111                                   
    80.0-180.0 180.0   5.0 450.0                            LAT/LON1/LON2/DLON/H
  104  100  101  104  108  111  118  122  128  133  139  144  149  152  156  157
  158  157  157  156  155  153  151  149  148  144  142  139  136  132  129  124
  121  117  113  109  107  103  100   95   93   89   87   83   82   79   78   75
   75   73   73   72   73   72   73   72   74   73   74   73   75   75   76   76
   78   78   80   80   84   84   87   99  104                                   
    77.5-180.0 180.0   5.0 450.0                            LAT/LON1/LON2/DLON/H
   92   92   90   95   98  103  110  115  125  129  138  142  149  150  156  155
  157  153  153  150  150  147  146  143  142  138  138  133  132  126  125  119
  118  112  110  104  103   98   96   91   88   84   82   78   77   74   73   71
   70   69   69   68   68   68   68   67   68   67   67   66   67   66   68   67
   69   69   71   71   73   75   76   84   92                                   
    75.0-180.0 180.0   5.0 450.0                            LAT/LON1/LON2/DLON/H
   88   86   86   93   96  103  110  117  125  134  142  149  155  159  162  161
  159  155  152  147  145  142  140  138  137  133  132  128  127  122  121  116
  115  111  110  106  104  101   98   94   91   88   85   82   80   78   77   76
   75   74   73   72   72   71   70   69   68   67   66   66   65   65   65   65
   66   66   68   68   71   72   78   86   88                                   
    72.5-180.0 180.0   5.0 450.0                            LAT/LON1/LON2/DLON/H
   90   87   85   92   95  101  109  116  127  134  145  151  160  161  165  161
  159  153  150  144  141  137  135  133  131  129  126  123  120  117  115  112
  111  110  108  106  104  101   99   94   91   88   85   82   81   79   78   78
   77   77   75   75   72   73   69   69   66   67   63   64   62   63   61   63
   62   65   65   67   69   73   78   85   90                                   
    70.0-180.0 180.0   5.0 450.0                            LAT/LON1/LON2/DLON/H
   94   89   90   95   99  107  115  123  133  142  153  160  167  170  171  168
  164  157  151  145  140  136  133  131  130  127  124  120  117  113  111  108
  108  106  106  104  103  100   98   94   92   87   86   82   82   79   80   77
   79   76   77   73   73   69   67   63   63   59   60   57   59   58   59   59
   62   62   67   67   73   76   84   92   94                                   
    67.5-180.0 180.0   5.0 450.0                            LAT/LON1/LON2/DLON/H
  102   97   95  101  105  110  119  126  139  148  160  168  176  179  180  175
  171  161  156  148  144  139  138  135  132  130  125  120  115  110  107  105
  102  102  101  100   98   96   93   89   86   81   79   76   76   74   76   74
   75   73   72   69   67   63   60   57   54   53   51   51   51   53   54   56
   57   60   64   68   73   79   88   95  102                                   
    65.0-180.0 180.0   5.0 450.0                            LAT/LON1/LON2/DLON/H
  107  103  103  109  113  120  128  136  146  156  168  176  185  188  189  185
  180  172  164  158  153  149  146  142  140  135  130  122  117  111  107  103
  101   99   97   96   93   91   88   84   80   76   74   71   72   69   72   70
   72   68   68   63   61   56   53   48   48   44   45   43   46   47   51   51
   56   57   63   66   75   80   92  103  107                                   
    62.5-180.0 180.0   5.0 450.0                            LAT/LON1/LON2/DLON/H
  112  110  110  117  122  127  135  142  152  163  173  184  191  197  197  194
  189  182  176  169  165  160  156  152  148  142  136  129  122  116  110  106
  101   97   94   91   88   84   80   75   71   67   66   63   64   62   64   63
   64   61   59   55   51   47   43   40   39   37   37   38   40   43   45   47
   51   54   60   64   72   80   92  104  112                                   
    60.0-180.0 180.0   5.0 450.0                            LAT/LON1/LON2/DLON/H
  113  114  118  126  133  138  146  151  162  169  181  189  200  204  205  202
  199  192  188  181  179  173  170  163  159  151  146  139  134  127  122  115
  109  102   97   91   86   81   75   71   67   65   64   62   64   61   63   59
   62   56   55   48   47   41   39   35   37   35   37   38   42   43   47   47
   51   53   59   62   72   79   93  106  113                                   
    57.5-180.0 180.0   5.0 450.0                            LAT/LON1/LON2/DLON/H
  115  121  124  134  140  147  152  158  167  175  185  192  202  206  208  207
  203  199  196  190  188  182  179  170  166  158  154  149  146  141  136  128
  120  112  103   95   87   80   75   69   66   63   65   64   65   63   62   59
   57   53   49   45   42   38   37   36   38   39   41   43   45   47   48   49
   52   53   59   64   72   79   91  104  115                                   
    55.0-180.0 180.0   5.0 450.0                            LAT/LON1/LON2/DLON/H
  117  124  133  144  153  158  167  169  180  183  194  198  208  210  215  212
  212  205  205  197  198  188  189  176  176  165  167  161  163  158  155  145
  136  124  112  102   92   86   79   75   72   73   74   75   75   72   69   63
   60   54   52   47   46   42   44   43   47   48   52   53   56   55   57   56
   58   59   65   68   76   83   96  109  117                                   
    52.5-180.0 180.0   5.0 450.0                            LAT/LON1/LON2/DLON/H
  122  133  141  154  163  168  177  181  190  192  199  201  208  209  214  212
  212  208  207  200  200  192  190  182  179  175  175  175  177  176  172  161
  150  137  123  111  102   93   89   83   85   84   88   87   87   82   77   70
   65   60   57   54   53   52   53   55   60   62   66   67   68   67   67   65
   67   68   74   77   84   91  100  115  122                                   
    50.0-180.0 180.0   5.0 450.0                            LAT/LON1/LON2/DLON/H
  134  146  161  173  185  191  201  203  212  209  216  212  219  216  222  218
  221  215  217  208  210  199  200  188  190  182  189  188  194  191  190  178
  165  150  136  123  112  107  101  100  100  103  106  108  106  100   92   84
   78   72   70   66   66   65   68   71   76   79   84   83   84   82   82   79
   82   82   88   92   99  104  114  128  134                                   
    47.5-180.0 180.0   5.0 450.0                            LAT/LON1/LON2/DLON/H
  147  159  172  186  197  205  213  218  223  222  224  221  223  220  222  220
  221  218  219  213  214  205  205  196  197  194  199  201  206  204  201  188
  175  158  145  132  124  117  115  112  115  116  121  122  119  112  103   94
   87   83   81   79   78   78   81   84   90   93   97   97   96   95   93   91
   93   95  102  106  113  119  124  141  147                                   
    45.0-180.0 180.0   5.0 450.0                            LAT/LON1/LON2/DLON/H
  164  179  194  207  217  227  233  240  244  242  245  239  242  234  238  233
  235  230  231  225  226  216  217  208  211  207  214  214  218  215  210  196
  181  167  151  142  135  131  129  127  129  132  136  138  134  127  116  106
   99   95   92   90   89   89   92   95  101  104  109  109  110  107  107  105
  108  111  119  125  132  138  146  161  164                                   
    42.5-180.0 180.0   5.0 450.0                            LAT/LON1/LON2/DLON/H
  175  189  201  213  225  233  242  248  254  255  256  254  253  249  247  246
  245  241  240  236  234  226  225  220  222  219  224  221  224  216  209  193
  180  165  156  147  145  140  140  136  138  140  144  144  141  132  121  112
  106  102  100   97   96   94   97   99  105  109  112  115  115  115  113  114
  115  122  129  138  145  153  158  178  175                                   
    40.0-180.0 180.0   5.0 450.0                            LAT/LON1/LON2/DLON/H
  189  202  214  225  233  245  253  262  270  272  276  273  276  269  269  264
  264  259  259  253  253  245  244  238  237  235  235  234  231  222  211  196
  183  172  164  159  158  152  152  145  146  146  151  150  147  137  127  118
  112  108  105  101   98   96   97  100  105  109  114  117  119  120  120  121
  124  130  140  149  158  166  174  194  189                                   
    37.5-180.0 180.0   5.0 450.0                            LAT/LON1/LON2/DLON/H
  195  207  216  226  235  243  255  263  274  281  288  291  291  289  286  283
  280  277  274  272  267  261  254  248  244  242  242  237  233  220  210  195
  187  178  177  174  172  168  161  154  151  150  153  152  148  139  128  119
  113  109  106  101   97   94   95   97  102  105  109  113  115  118  118  121
  122  131  139  153  161  172  179  202  195                                   
    35.0-180.0 180.0   5.0 450.0                            LAT/LON1/LON2/DLON/H
  206  215  224  234  240  254  263  277  289  300  311  315  320  315  313  307
  304  299  298  293  289  281  272  266  259  259  255  251  245  234  225  213
  208  203  202  198  193  186  177  166  160  157  157  156  152  142  132  123
  117  111  106  100   96   92   94   96   99  103  105  110  112  116  118  121
  123  131  142  154  165  174  185  207  206                                   
    32.5-180.0 180.0   5.0 450.0                            LAT/LON1/LON2/DLON/H
  210  220  227  238  246  253  266  278  296  309  325  333  339  337  335  330
  325  321  318  314  306  296  284  274  268  265  264  260  256  248  241  234
  232  230  228  224  214  206  193  183  173  169  166  163  157  148  137  129
  119  114  105   99   92   90   91   95   98  102  103  107  109  114  115  118
  118  128  137  153  165  178  184  212  210                                   
    30.0-180.0 180.0   5.0 450.0                            LAT/LON1/LON2/DLON/H
  222  225  237  246  250  261  272  287  304  321  339  348  357  356  357  349
  348  341  341  334  326  312  299  287  282  281  283  282  282  277  276  270
  269  265  257  248  234  225  212  202  193  186  182  175  168  157  148  139
  131  122  113  104   98   95   97  101  104  105  105  108  111  116  118  120
  121  131  142  156  170  182  193  219  222                                   
    27.5-180.0 180.0   5.0 450.0                            LAT/LON1/LON2/DLON/H
  230  233  248  256  262  270  280  295  314  333  350  362  368  372  371  369
  365  363  359  353  341  325  308  297  292  296  302  308  313  317  320  318
  314  303  284  268  250  239  227  220  210  207  199  192  180  171  159  151
  139  132  119  111  102  102  102  107  107  108  105  107  108  115  116  119
  119  129  140  159  172  189  199  228  230                                   
    25.0-180.0 180.0   5.0 450.0                            LAT/LON1/LON2/DLON/H
  248  247  268  276  280  290  299  313  330  348  364  378  388  391  393  389
  389  386  384  375  362  345  327  317  315  322  336  342  358  363  375  370
  365  344  319  292  269  254  243  236  228  223  216  207  196  185  174  164
  154  144  135  125  121  118  121  123  124  119  113  111  113  116  121  124
  125  136  149  166  181  195  210  235  248                                   
    22.5-180.0 180.0   5.0 450.0                            LAT/LON1/LON2/DLON/H
  258  260  283  294  300  309  318  332  344  363  376  394  402  412  413  416
  414  414  407  399  382  365  347  338  342  354  372  383  400  411  424  423
  417  389  354  318  286  264  248  243  237  233  226  218  206  195  184  175
  166  155  149  142  141  140  140  141  135  132  120  116  112  115  116  119
  124  134  150  169  185  203  217  243  258                                   
    20.0-180.0 180.0   5.0 450.0                            LAT/LON1/LON2/DLON/H
  271  273  298  309  316  329  337  350  361  378  393  412  425  438  443  449
  451  453  447  438  419  403  388  382  389  401  419  431  448  457  471  466
  459  423  382  335  300  269  251  243  238  233  226  217  209  199  190  182
  177  169  167  161  164  161  163  158  154  143  132  124  118  119  119  123
  129  143  161  181  196  209  223  246  271                                   
    17.5-180.0 180.0   5.0 450.0                            LAT/LON1/LON2/DLON/H
  272  282  308  322  335  345  355  365  376  392  407  429  445  465  472  484
  487  494  488  483  466  451  436  433  439  450  462  471  481  487  494  491
  475  435  385  333  292  260  238  229  227  221  215  206  199  190  188  183
  183  178  179  176  179  178  177  170  162  152  141  129  120  118  116  119
  123  136  155  179  194  212  224  251  272                                   
    15.0-180.0 180.0   5.0 450.0                            LAT/LON1/LON2/DLON/H
  279  291  319  336  348  365  373  386  395  412  429  455  477  500  512  527
  535  541  540  537  523  514  502  498  498  498  502  499  500  496  497  488
  467  420  371  319  279  244  227  217  215  206  201  191  187  182  183  182
  184  183  185  185  189  187  184  174  165  154  142  130  119  115  114  119
  124  138  159  182  198  209  226  248  279                                   
    12.5-180.0 180.0   5.0 450.0                            LAT/LON1/LON2/DLON/H
  276  298  326  345  364  378  391  401  411  426  448  477  506  532  551  564
  576  586  592  593  583  575  564  557  545  536  525  515  505  494  482  468
  435  393  343  302  263  233  214  205  199  190  183  172  171  167  174  176
  183  184  189  190  195  190  185  174  164  154  142  130  117  113  108  113
  117  128  146  171  187  204  221  247  276                                   
    10.0-180.0 180.0   5.0 450.0                            LAT/LON1/LON2/DLON/H
  281  305  333  356  374  397  408  422  428  449  470  507  526  559  572  592
  602  616  628  631  635  630  621  605  583  561  541  521  503  486  469  448
  416  373  330  295  263  237  219  207  199  186  177  167  165  165  173  179
  186  188  192  192  194  187  180  166  156  144  135  123  113  108  106  110
  114  126  146  167  185  199  218  243  281                                   
     7.5-180.0 180.0   5.0 450.0                            LAT/LON1/LON2/DLON/H
  279  314  343  367  391  412  427  436  446  461  489  516  544  571  591  612
  630  648  659  669  672  670  657  632  601  572  542  521  497  480  455  436
