data/unet/pred1570.15i
     1.0            IONOSPHERE MAPS     GNSS                IONEX VERSION / TYPE
pyspatialgeodesy        IME             05-JAN-18 20:20     PGM / RUN BY / DATE 
Map Name                                                    COMMENT             
Predicted global ionosphere maps (GIM).                     DESCRIPTION         
  2015     6     6     0     0     0                        EPOCH OF FIRST MAP  
  2015     6     7     0     0     0                        EPOCH OF LAST MAP   
  7200                                                      INTERVAL            
    13                                                      # OF MAPS IN FILE   
  NONE                                                      MAPPING FUNCTION    
10.0                                                        ELEVATION CUTOFF    
One-way carrier phase leveled to code                       OBSERVABLES USED    
  6371.0                                                    BASE RADIUS         
 2                                                          MAP DIMENSION       
   450.0 450.0   0.0                                        HGT1 / HGT2 / DHGT  
    87.5 -87.5  -2.5                                        LAT1 / LAT2 / DLAT  
  -180.0 180.0   5.0                                        LON1 / LON2 / DLON  
    -1                                                      EXPONENT            
                                                            END OF HEADER       
[from data line 858]
     3                                                      START OF TEC MAP    
  2015     6     6     4     0     0                        EPOCH OF CURRENT MAP
    87.5-180.0 180.0   5.0 450.0                            LAT/LON1/LON2/DLON/H
  219  218  215  224  226  230  229  232  230  233  232  234  231  233  231  233
  230  231  229  229  226  226  223  223  220  220  218  217  216  214  213  211
  210  209  209  208  208  207  208  207  208  209  211  212  213  214  215  217
  217  219  219  222  220  223  221  224  222  224  221  224  222  223  221  223
  221  222  217  219  216  217  221  233  219                                   
    85.0-180.0 180.0   5.0 450.0                            LAT/LON1/LON2/DLON/H
  219  226  217  229  227  231  231  234  232  236  234  237  234  237  235  237
  233  235  232  233  229  229  226  226  222  223  220  220  216  217  214  214
  211  212  210  211  209  210  209  211  209  212  212  215  213  217  215  219
  217  221  219  223  220  223  221  225  221  225  222  225  222  225  221  224
  222  224  218  221  217  217  217  223  219                                   
    82.5-180.0 180.0   5.0 450.0                            LAT/LON1/LON2/DLON/H
  212  219  219  226  226  231  233  237  236  240  240  243  241  244  242  243
  240  241  238  238  233  234  229  229  224  225  221  221  217  218  215  214
  211  211  210  210  208  208  208  208  208  210  211  213  213  216  217  220
  220  222  223  225  224  225  225  226  225  226  224  225  223  223  220  221
  218  219  215  216  215  212  210  212  212                                   
    80.0-180.0 180.0   5.0 450.0                            LAT/LON1/LON2/DLON/H
  213  219  217  224  225  230  232  237  236  241  239  244  240  244  240  242
  238  239  234  235  229  230  224  224  218  219  214  214  211  210  208  208
  206  206  206  205  204  205  205  206  206  209  210  214  214  219  221  226
  226  230  230  233  231  234  232  235  231  233  229  231  226  228  222  224
  219  220  215  217  214  210  211  210  213                                   
    77.5-180.0 180.0   5.0 450.0                            LAT/LON1/LON2/DLON/H
  206  212  213  218  222  227  230  234  235  238  239  240  239  240  238  237
  234  233  230  229  225  223  219  217  214  211  210  207  207  204  206  204
  206  205  207  206  207  207  208  209  210  213  216  219  223  228  232  236
  238  242  242  245  243  246  243  244  240  241  238  238  234  233  229  228
  224  223  218  218  214  208  207  209  206                                   
    75.0-180.0 180.0   5.0 450.0                            LAT/LON1/LON2/DLON/H
  206  211  209  215  219  223  227  230  231  233  234  234  234  232  231  229
  226  225  222  221  216  215  211  208  204  201  200  198  198  197  199  200
  202  204  207  208  209  210  212  213  215  219  223  228  232  239  244  250
  252  256  256  258  255  256  252  252  247  248  243  243  239  238  233  231
  227  224  219  218  214  207  209  206  206                                   
    72.5-180.0 180.0   5.0 450.0                            LAT/LON1/LON2/DLON/H
  205  206  208  212  215  219  222  225  226  228  229  228  226  225  222  220
  217  214  212  209  206  204  201  197  195  191  190  188  190  190  194  196
  201  204  209  211  213  215  217  219  222  227  231  238  243  251  256  262
  264  267  265  266  261  260  254  252  247  246  242  241  238  237  233  232
  227  225  220  219  216  209  208  209  205                                   
    70.0-180.0 180.0   5.0 450.0                            LAT/LON1/LON2/DLON/H
  207  209  206  211  214  217  221  223  225  226  227  225  224  221  219  215
  213  209  207  205  202  200  197  193  190  186  185  184  186  188  193  197
  203  208  214  218  220  224  226  230  232  238  244  252  257  265  270  275
  276  278  276  273  267  263  257  252  247  244  240  239  237  236  234  232
  229  227  222  222  218  210  211  209  207                                   
    67.5-180.0 180.0   5.0 450.0                            LAT/LON1/LON2/DLON/H
  209  206  207  209  211  214  216  219  220  222  223  221  219  216  214  209
  206  202  200  197  196  194  191  187  184  181  180  179  182  186  191  197
  203  209  215  221  224  228  231  235  238  245  251  260  266  274  279  284
  285  285  281  277  268  261  252  245  239  235  232  231  231  230  230  229
  227  225  223  222  221  214  213  214  209                                   
    65.0-180.0 180.0   5.0 450.0                            LAT/LON1/LON2/DLON/H
  213  213  210  213  214  214  216  217  220  220  222  220  219  216  214  208
  205  200  197  195  193  191  188  184  181  177  176  176  179  184  189  196
  201  208  214  221  224  230  234  239  244  251  258  267  273  282  287  291
  291  290  285  279  268  260  250  242  235  230  227  225  226  226  227  225
  226  225  224  224  223  215  216  215  213                                   
    62.5-180.0 180.0   5.0 450.0                            LAT/LON1/LON2/DLON/H
  218  214  214  214  214  214  214  215  215  217  218  218  218  215  212  207
  202  197  194  191  189  186  183  179  176  173  172  172  176  180  185  191
  195  202  208  214  219  225  231  237  244  253  261  271  280  288  294  297
  296  294  289  281  271  260  251  240  234  228  224  222  223  223  223  222
  223  223  223  224  225  221  220  222  218                                   
    60.0-180.0 180.0   5.0 450.0                            LAT/LON1/LON2/DLON/H
  225  224  220  222  221  218  218  216  217  217  219  218  219  215  212  206
  202  196  192  189  186  183  179  175  172  169  169  170  173  177  181  185
  188  193  198  205  211  219  226  234  242  252  262  273  283  293  299  302
  302  299  294  288  278  269  259  250  242  237  231  229  227  226  224  222
  223  222  223  225  227  222  223  224  225                                   
    57.5-180.0 180.0   5.0 450.0                            LAT/LON1/LON2/DLON/H
  234  226  227  227  226  223  219  217  215  216  217  218  218  215  211  207
  201  196  190  187  182  178  173  170  166  165  165  167  170  173  175  176
  177  179  183  190  197  207  218  228  238  251  262  276  287  298  305  309
  309  308  304  300  292  285  275  266  257  250  243  239  234  231  228  225
  223  223  223  228  230  229  227  233  234                                   
    55.0-180.0 180.0   5.0 450.0                            LAT/LON1/LON2/DLON/H
  244  239  239  241  239  234  230  224  221  220  220  219  219  216  212  206
  201  194  189  183  178  173  169  164  163  162  164  166  169  170  170  168
  166  166  168  174  184  194  208  220  235  248  262  276  290  302  310  315
  317  318  317  315  310  305  296  289  278  271  261  256  248  244  237  233
  229  228  228  232  234  230  232  234  244                                   
    52.5-180.0 180.0   5.0 450.0                            LAT/LON1/LON2/DLON/H
  255  245  252  253  252  247  241  234  228  225  222  221  219  217  211  207
  200  194  187  182  177  173  169  166  164  164  166  168  171  170  168  160
  157  154  156  162  172  186  201  216  232  248  264  282  295  308  316  323
  325  331  331  334  330  328  319  312  300  292  280  272  260  253  245  240
  236  236  235  240  242  241  238  245  255                                   
    50.0-180.0 180.0   5.0 450.0                            LAT/LON1/LON2/DLON/H
  269  262  266  269  269  264  259  249  243  237  233  228  225  220  213  206
  200  193  187  183  179  175  173  170  171  170  174  175  177  173  168  159
  153  147  149  153  166  178  195  212  231  248  266  283  299  312  322  329
  335  342  345  349  347  347  339  333  320  311  297  288  275  267  257  252
  249  249  248  251  252  247  249  250  269                                   
    47.5-180.0 180.0   5.0 450.0                            LAT/LON1/LON2/DLON/H
  282  271  283  285  285  282  274  265  256  250  243  237  230  223  214  206
  198  193  189  186  184  183  182  181  182  182  184  185  185  179  171  160
  152  145  146  149  160  175  192  211  230  249  268  288  303  317  325  334
  341  352  355  361  359  359  352  344  332  322  309  298  286  276  268  265
  263  265  265  270  270  266  260  268  282                                   
    45.0-180.0 180.0   5.0 450.0                            LAT/LON1/LON2/DLON/H
  298  291  296  299  300  297  292  282  275  267  260  251  241  230  217  207
  199  194  191  190  190  190  192  192  195  195  197  196  195  188  179  167
  158  150  150  152  163  173  191  208  228  248  269  289  306  319  330  339
  348  359  365  370  368  367  359  353  341  331  317  308  296  289  282  282
  283  287  289  293  292  284  282  283  298                                   
    42.5-180.0 180.0   5.0 450.0                            LAT/LON1/LON2/DLON/H
  320  304  313  314  312  311  304  298  289  284  274  265  251  238  221  209
  199  195  193  195  197  201  204  208  210  211  210  209  204  196  186  174
  165  156  155  156  163  174  189  207  226  248  268  288  305  320  331  342
  351  364  368  374  372  370  363  356  347  337  328  318  309  303  300  302
  306  313  316  320  320  312  307  310  320                                   
    40.0-180.0 180.0   5.0 450.0                            LAT/LON1/LON2/DLON/H
  344  331  331  328  326  322  319  312  307  300  293  281  267  249  229  213
  203  197  195  197  202  208  215  220  225  225  225  221  216  205  195  184
  175  167  165  164  171  176  190  205  227  247  269  289  306  321  333  345
  355  366  372  378  377  375  368  364  357  351  343  335  328  323  322  327
  332  339  345  348  347  338  338  334  344                                   
    37.5-180.0 180.0   5.0 450.0                            LAT/LON1/LON2/DLON/H
  369  353  351  345  336  335  328  327  320  320  309  299  279  261  236  218
  205  198  195  198  203  213  222  230  235  235  233  228  222  211  201  191
  183  175  173  172  174  178  189  205  223  247  267  289  303  320  331  346
  355  366  371  378  378  378  375  373  370  368  363  358  353  349  350  353
  359  365  371  374  375  368  365  366  369                                   
    35.0-180.0 180.0   5.0 450.0                            LAT/LON1/LON2/DLON/H
  400  383  372  359  351  346  342  337  337  331  327  312  296  274  248  224
  208  199  196  198  204  215  225  236  242  244  242  235  229  216  207  196
  190  182  181  177  181  181  191  205  225  247  272  289  308  320  335  346
  357  367  374  382  385  390  391  395  395  397  392  391  384  383  379  384
  387  394  400  403  405  397  398  396  400                                   
    32.5-180.0 180.0   5.0 450.0                            LAT/LON1/LON2/DLON/H
  426  411  396  381  366  363  353  355  348  351  340  330  309  287  256  231
  211  199  193  195  201  213  226  237  247  249  248  239  231  219  208  199
  193  186  183  180  181  182  187  203  221  247  267  291  304  321  332  344
  354  362  370  378  388  399  408  417  423  428  425  425  416  416  409  411
  408  416  418  423  427  426  424  426  426                                   
    30.0-180.0 180.0   5.0 450.0                            LAT/LON1/LON2/DLON/H
  455  445  430  412  399  389  382  375  372  367  361  343  325  300  272  239
  217  202  193  193  200  213  225  239  251  255  253  243  234  220  209  197
  190  183  178  176  176  179  183  200  221  245  270  289  307  319  334  342
  355  361  372  383  395  414  428  445  454  464  464  466  456  454  444  442
  438  439  443  447  455  453  462  453  455                                   
    27.5-180.0 180.0   5.0 450.0                            LAT/LON1/LON2/DLON/H
  475  479  468  453  436  428  415  409  399  393  378  362  337  312  281  248
  221  204  192  190  198  211  228  241  256  259  257  246  235  218  204  192
  184  177  173  170  172  172  177  189  212  235  261  281  298  308  322  331
  344  350  366  377  394  416  440  463  476  488  489  492  484  480  467  462
  451  451  450  459  470  477  482  472  475                                   
    25.0-180.0 180.0   5.0 450.0                            LAT/LON1/LON2/DLON/H
  498  508  505  493  484  473  463  447  439  421  407  380  355  322  296  261
  233  212  198  195  201  217  231  248  260  263  259  247  231  213  196  183
  171  165  159  160  157  163  162  176  196  223  249  268  287  294  311  318
  335  346  364  378  398  421  448  474  488  502  505  508  501  498  487  480
  471  467  468  476  489  492  509  493  498                                   
    22.5-180.0 180.0   5.0 450.0                            LAT/LON1/LON2/DLON/H
  508  526  530  526  519  515  499  487  467  449  424  401  368  336  306  274
  243  222  205  200  207  222  241  255  267  266  261  245  227  205  187  171
  160  152  150  148  151  149  153  159  178  202  230  248  269  275  291  301
  321  334  355  373  396  419  444  468  485  497  502  506  504  499  490  483
  472  468  466  476  490  502  510  497  508                                   
    20.0-180.0 180.0   5.0 450.0                            LAT/LON1/LON2/DLON/H
  511  533  545  546  551  544  538  517  501  469  449  417  391  352  323  289
  262  237  221  215  220  236  250  266  271  269  256  239  214  194  170  154
  139  135  132  137  135  142  138  146  158  183  208  231  248  258  275  292
  317  332  357  374  395  414  436  458  473  484  489  496  496  495  492  487
  480  476  478  486  498  501  518  503  511                                   
    17.5-180.0 180.0   5.0 450.0                            LAT/LON1/LON2/DLON/H
  503  529  545  555  559  563  553  539  513  486  454  426  396  365  332  302
  276  252  236  230  235  245  260  270  272  264  247  225  200  177  156  137
  128  119  121  122  126  124  126  127  136  155  182  204  226  238  259  281
  307  328  352  372  390  407  420  435  448  457  463  473  479  483  484  483
  477  476  475  484  493  500  503  494  503                                   
    15.0-180.0 180.0   5.0 450.0                            LAT/LON1/LON2/DLON/H
  494  519  537  550  561  563  560  542  521  488  461  428  406  377  349  318
  295  272  255  247  248  257  264  270  265  251  227  203  174  153  131  118
  107  103  100  108  104  110  106  110  116  135  164  192  214  231  253  276
  305  329  355  373  388  399  409  419  429  438  448  460  470  479  485  487
  487  486  487  491  496  495  504  495  494                                   
    12.5-180.0 180.0   5.0 450.0                            LAT/LON1/LON2/DLON/H
  481  503  520  533  541  548  542  530  505  477  447  418  396  371  348  321
  304  285  267  258  256  259  264  262  251  229  202  174  151  130  117  104
   98   89   89   90   92   92   91   91  100  115  149  175  204  222  247  271
  301  327  352  371  383  390  392  401  412  424  433  449  461  474  482  488
  489  489  489  491  495  493  490  485  481                                   
    10.0-180.0 180.0   5.0 450.0                            LAT/LON1/LON2/DLON/H
  476  494  507  517  524  526  522  507  486  457  430  404  385  364  347  325
  310  291  277  265  259  257  254  246  228  201  168  144  123  109   97   89
   80   77   69   74   72   75   74   75   84  102  135  168  198  219  245  270
  302  326  353  369  381  385  392  405  420  433  443  458  472  485  493  498
  502  500  500  499  498  490  491  487  476                                   
     7.5-180.0 180.0   5.0 450.0                            LAT/LON1/LON2/DLON/H
  472  485  495  498  500  498  489  476  452  428  399  375  357  339  326  312
  302  289  274  264  255  246  239  224  202  169  143  120  108   96   89   80
