data/unet/pred3630.15i
     1.0            IONOSPHERE MAPS     GNSS                IONEX VERSION / TYPE
pyspatialgeodesy        IME             05-JAN-18 20:20     PGM / RUN BY / DATE 
Map Name                                                    COMMENT             
Predicted global ionosphere maps (GIM).                     DESCRIPTION         
  2015    12    29     0     0     0                        EPOCH OF FIRST MAP  
  2015    12    30     0     0     0                        EPOCH OF LAST MAP   
  7200                                                      INTERVAL            
    13                                                      # OF MAPS IN FILE   
  NONE                                                      MAPPING FUNCTION    
10.0                                                        ELEVATION CUTOFF    
One-way carrier phase leveled to code                       OBSERVABLES USED    
  6371.0                                                    BASE RADIUS         
 2                                                          MAP DIMENSION       
   450.0 450.0   0.0                                        HGT1 / HGT2 / DHGT  
    87.5 -87.5  -2.5                                        LAT1 / LAT2 / DLAT  
  -180.0 180.0   5.0                                        LON1 / LON2 / DLON  
    -1                                                      EXPONENT            
                                                            END OF HEADER       
[from data line 2145]
     6                                                      START OF TEC MAP    
  2015    12    29    10     0     0                        EPOCH OF CURRENT MAP
    87.5-180.0 180.0   5.0 450.0                            LAT/LON1/LON2/DLON/H
   34   50   35   36   34   34   32   32   30   30   27   27   24   24   21   21
   18   18   16   17   14   15   12   14   12   14   11   14   12   14   12   15
   12   16   13   16   14   18   15   18   16   20   18   21   19   22   21   23
   22   24   24   25   25   26   26   27   27   28   29   29   30   29   31   30
   32   32   33   34   34   32   31   34   34                                   
    85.0-180.0 180.0   5.0 450.0                            LAT/LON1/LON2/DLON/H
   60   60   56   55   54   51   51   49   47   45   43   41   39   36   35   33
   32   31   31   30   30   29   30   30   31   31   31   32   32   32   32   32
   32   31   31   31   31   31   31   31   32   31   33   33   34   34   36   36
   37   38   39   40   41   42   43   44   45   46   47   48   49   50   52   52
   53   54   56   53   55   55   55   48   60                                   
    82.5-180.0 180.0   5.0 450.0                            LAT/LON1/LON2/DLON/H
   56   70   61   59   54   50   48   47   43   40   36   34   30   28   25   24
   22   21   21   22   22   23   24   27   27   29   30   32   32   32   31   32
   30   30   28   28   26   26   25   25   25   26   25   28   27   29   29   32
   32   34   35   36   38   39   40   41   43   44   45   46   48   49   50   52
   53   54   56   56   58   60   57   43   56                                   
    80.0-180.0 180.0   5.0 450.0                            LAT/LON1/LON2/DLON/H
   56   66   56   55   49   48   43   42   37   34   28   26   20   19   14   15
   11   13   11   15   14   17   18   22   23   26   27   30   30   31   30   30
   29   27   25   24   22   21   20   21   20   21   21   24   23   26   26   30
   29   32   32   35   35   38   36   40   37   41   39   43   40   44   42   47
   45   49   48   50   49   52   55   42   56                                   
    77.5-180.0 180.0   5.0 450.0                            LAT/LON1/LON2/DLON/H
   48   58   53   52   47   45   42   38   34   28   24   19   16   12   11    9
    9    8   10   11   14   15   19   21   24   26   29   31   31   31   31   30
   29   26   25   22   21   18   19   18   19   20   22   24   26   27   30   32
   34   35   37   38   39   39   40   39   39   39   39   38   39   38   39   39
   41   41   44   45   48   49   49   30   48                                   
    75.0-180.0 180.0   5.0 450.0                            LAT/LON1/LON2/DLON/H
   42   51   48   49   45   44   41   39   33   30   24   21   16   14   12   13
   13   13   15   17   20   21   25   27   30   31   34   34   36   34   36   32
   33   28   29   25   25   22   24   22   25   24   29   30   33   34   38   39
   41   42   43   44   43   43   42   42   40   39   37   37   35   35   35   35
   35   36   38   39   42   45   45   27   42                                   
    72.5-180.0 180.0   5.0 450.0                            LAT/LON1/LON2/DLON/H
   36   45   45   46   43   41   39   37   33   28   25   21   20   16   18   18
   21   20   24   25   29   29   33   34   36   35   37   37   38   36   37   35
   35   31   32   28   29   27   30   30   33   34   39   40   44   45   49   49
   51   50   51   50   49   47   46   43   41   38   37   35   34   31   33   30
   32   30   34   33   37   38   39   16   36                                   
    70.0-180.0 180.0   5.0 450.0                            LAT/LON1/LON2/DLON/H
   30   37   38   40   38   40   38   39   34   33   28   28   24   25   25   28
   29   33   34   37   38   39   40   40   39   38   37   37   36   36   36   36
   36   35   35   36   35   37   38   43   44   50   52   57   59   61   62   63
   63   61   60   57   55   52   50   46   43   40   37   35   32   32   30   31
   30   31   31   32   33   35   35   18   30                                   
    67.5-180.0 180.0   5.0 450.0                            LAT/LON1/LON2/DLON/H
   27   33   35   36   37   35   38   36   36   33   34   31   33   31   35   36
   40   41   46   45   46   44   44   41   38   35   33   31   31   29   32   31
   34   33   37   37   41   42   48   51   57   61   67   70   74   74   76   73
   72   67   65   59   56   51   49   43   40   36   35   32   32   30   32   31
   32   30   33   30   32   31   32   10   27                                   
    65.0-180.0 180.0   5.0 450.0                            LAT/LON1/LON2/DLON/H
   25   28   29   33   31   36   34   39   35   37   34   39   36   41   41   47
   47   51   51   53   50   48   44   41   35   32   27   26   23   27   27   32
   32   37   38   44   46   53   56   66   69   79   81   89   87   92   88   89
   81   77   70   65   60   54   50   44   41   37   36   34   33   34   34   36
   35   36   34   35   32   32   32   16   25                                   
    62.5-180.0 180.0   5.0 450.0                            LAT/LON1/LON2/DLON/H
   26   30   29   30   31   31   35   35   37   35   38   38   41   42   47   48
   53   52   55   51   50   44   41   35   30   24   20   17   18   19   24   26
   32   34   40   44   51   56   64   72   81   88   95  100  102  102  100   96
   89   80   73   64   58   50   47   40   39   35   34   32   33   33   36   36
   37   36   37   34   34   32   33   14   26                                   
    60.0-180.0 180.0   5.0 450.0                            LAT/LON1/LON2/DLON/H
   27   29   27   30   27   31   30   35   32   35   33   38   37   44   44   50
   49   51   48   47   43   40   35   30   23   19   14   15   14   20   22   31
   34   42   45   55   58   68   73   86   90  103  105  115  112  117  108  107
   95   89   77   70   62   55   50   45   42   39   38   37   37   38   38   40
   39   40   38   40   36   36   35   20   27                                   
    57.5-180.0 180.0   5.0 450.0                            LAT/LON1/LON2/DLON/H
   32   35   33   31   31   29   31   31   31   31   32   33   35   38   42   43
   45   41   42   36   35   30   29   23   19   14   12   11   14   17   25   30
   38   43   51   56   64   71   79   88   97  106  113  118  120  120  116  110
  103   93   84   74   67   57   54   47   46   42   42   40   40   38   40   39
   39   38   39   37   38   36   37   20   32                                   
    55.0-180.0 180.0   5.0 450.0                            LAT/LON1/LON2/DLON/H
   38   38   35   35   31   31   29   31   27   29   26   30   29   34   34   38
   35   34   30   28   24   24   22   21   17   17   13   18   18   27   32   43
   48   58   62   72   75   85   88  102  104  117  119  129  125  129  121  120
  109  105   92   87   75   69   62   59   55   52   50   48   47   44   43   43
   40   41   39   42   40   42   41   30   38                                   
    52.5-180.0 180.0   5.0 450.0                            LAT/LON1/LON2/DLON/H
   45   49   44   41   38   34   33   30   29   27   25   26   27   28   30   31
   30   26   24   19   20   18   21   20   20   18   20   21   25   31   40   49
   57   64   71   77   82   90   96  105  111  119  125  129  132  130  128  125
  120  114  107   98   91   80   75   68   66   62   60   56   54   50   47   43
   41   39   40   40   43   44   47   33   45                                   
    50.0-180.0 180.0   5.0 450.0                            LAT/LON1/LON2/DLON/H
   53   54   51   49   42   40   35   35   31   31   26   29   26   29   27   30
   26   24   18   18   15   19   20   26   24   28   26   32   35   44   52   64
   71   80   85   95   98  106  109  118  120  130  131  139  137  139  134  136
  129  128  120  115  103   97   87   82   78   75   73   69   65   60   55   51
   47   46   44   47   47   51   53   43   53                                   
    47.5-180.0 180.0   5.0 450.0                            LAT/LON1/LON2/DLON/H
   58   63   58   56   50   46   43   40   38   35   32   31   30   30   30   29
   27   24   21   17   19   21   26   29   31   32   34   37   42   50   59   69
   77   86   93  101  106  114  118  124  128  134  138  141  143  142  143  140
  140  136  134  126  118  108  100   92   88   83   81   76   72   67   61   57
   52   50   50   51   53   54   60   46   58                                   
    45.0-180.0 180.0   5.0 450.0                            LAT/LON1/LON2/DLON/H
   65   66   64   62   57   54   50   50   46   45   40   41   36   39   35   37
   32   32   26   27   24   30   31   38   37   41   39   46   49   60   67   80
   86   98  103  116  120  129  132  139  140  145  145  150  148  150  148  150
  147  146  142  137  126  118  106  101   92   89   86   82   79   75   69   66
   61   59   58   60   59   62   66   58   65                                   
    42.5-180.0 180.0   5.0 450.0                            LAT/LON1/LON2/DLON/H
   68   70   66   65   61   59   57   57   55   54   51   49   47   46   45   43
   42   39   36   34   35   35   39   41   42   42   43   47   53   62   70   79
   87   97  105  118  127  137  142  147  150  151  153  153  154  152  154  151
  153  150  150  142  133  121  110  100   94   88   86   82   80   77   73   70
   68   65   66   64   65   64   71   59   68                                   
    40.0-180.0 180.0   5.0 450.0                            LAT/LON1/LON2/DLON/H
   70   67   67   67   64   64   63   65   63   64   61   62   57   59   54   56
   51   53   47   49   44   47   44   49   45   47   46   54   58   70   76   86
   91  103  113  129  139  151  157  163  163  165  163  165  162  163  161  160
  159  158  155  150  137  128  113  106   94   90   86   83   81   79   77   76
   74   73   71   72   68   69   72   63   70                                   
    37.5-180.0 180.0   5.0 450.0                            LAT/LON1/LON2/DLON/H
   68   67   64   66   63   65   65   67   67   69   70   70   68   66   64   62
   62   62   60   57   55   52   51   50   48   47   49   55   62   71   77   84
   90  102  114  132  145  159  168  171  175  173  175  170  171  168  167  165
  166  163  164  154  147  132  121  109  101   92   88   84   83   81   80   79
   79   76   77   73   71   68   71   58   68                                   
    35.0-180.0 180.0   5.0 450.0                            LAT/LON1/LON2/DLON/H
   66   61   62   63   63   64   65   68   69   73   75   79   75   76   71   73
   70   74   70   72   63   63   56   56   50   52   53   63   70   81   85   93
   97  111  122  145  158  176  183  190  189  190  187  188  181  183  179  182
  179  180  176  173  162  153  139  129  115  108   99   95   90   89   86   85
   81   80   76   76   70   70   69   56   66                                   
    32.5-180.0 180.0   5.0 450.0                            LAT/LON1/LON2/DLON/H
   61   59   56   59   59   60   61   63   66   71   76   81   81   80   78   76
   77   78   78   77   71   67   61   58   54   55   59   69   77   87   92   97
  103  117  131  154  170  188  200  201  206  202  203  198  198  194  195  195
  198  199  201  196  192  181  173  160  150  135  126  114  108  101   96   91
   86   81   79   73   71   65   66   51   61                                   
    30.0-180.0 180.0   5.0 450.0                            LAT/LON1/LON2/DLON/H
   60   55   56   56   57   57   57   59   62   68   75   83   83   85   81   82
   80   85   83   85   77   73   65   63   59   64   69   83   92  103  109  118
  122  141  152  174  190  208  218  225  224  224  221  221  215  218  215  221
  224  229  232  231  228  223  213  203  190  178  163  151  136  128  114  105
   91   85   76   73   68   66   64   48   60                                   
    27.5-180.0 180.0   5.0 450.0                            LAT/LON1/LON2/DLON/H
   60   58   52   54   52   53   52   53   55   62   71   79   82   84   81   81
   80   84   84   85   79   75   69   66   65   70   77   91  101  114  123  133
  143  160  174  194  212  232  241  244  249  248  250  244  244  240  244  243
  251  255  262  266  268  267  260  250  240  226  210  190  175  157  143  124
  108   92   84   75   76   71   68   47   60                                   
    25.0-180.0 180.0   5.0 450.0                            LAT/LON1/LON2/DLON/H
   64   59   55   54   52   51   49   49   52   58   68   77   80   83   81   81
   80   84   83   85   79   77   72   71   71   79   88  104  117  133  144  158
  167  187  199  219  236  251  263  266  271  275  276  277  272  274  270  278
  280  291  302  312  320  321  315  304  289  271  252  229  208  189  169  150
  127  111   95   89   84   81   77   56   64                                   
    22.5-180.0 180.0   5.0 450.0                            LAT/LON1/LON2/DLON/H
   72   71   59   58   54   53   49   49   50   55   63   70   75   78   77   77
   76   78   78   80   76   75   73   73   75   83   93  108  124  141  155  170
  186  206  221  243  257  274  282  290  296  303  307  307  308  305  307  308
  318  328  346  358  371  375  373  361  343  319  297  269  248  222  204  180
  160  134  118  108  103   95   89   66   72                                   
    20.0-180.0 180.0   5.0 450.0                            LAT/LON1/LON2/DLON/H
   82   82   71   66   60   57   54   54   53   56   62   69   71   75   74   75
   74   75   74   77   73   75   75   76   81   88  101  115  134  153  170  185
  204  222  237  254  272  288  300  306  316  324  329  336  335  338  335  342
  350  367  384  399  411  415  418  408  393  363  340  311  290  262  241  215
  194  166  145  134  125  114  104   80   82                                   
    17.5-180.0 180.0   5.0 450.0                            LAT/LON1/LON2/DLON/H
   95  100   83   77   69   66   62   63   60   61   61   65   66   69   70   70
   70   70   70   70   69   72   73   76   79   87   98  113  134  154  174  192
  212  234  251  268  281  299  309  325  331  345  353  365  369  370  372  371
  385  395  416  425  438  444  450  442  428  400  373  343  323  295  274  249
  227  198  177  159  151  135  123   95   95                                   
    15.0-180.0 180.0   5.0 450.0                            LAT/LON1/LON2/DLON/H
  103  107   93   88   80   78   74   74   71   70   66   65   63   66   66   69
   68   68   67   69   68   72   75   78   83   88  102  117  140  160  183  201
  223  244  262  282  295  312  326  338  352  364  381  394  401  404  399  405
  406  420  429  439  446  454  458  455  446  423  399  371  349  323  305  280
  262  234  210  190  172  156  141  115  103                                   
    12.5-180.0 180.0   5.0 450.0                            LAT/LON1/LON2/DLON/H
  113  117  100   96   87   86   84   86   82   78   71   67   62   64   65   67
   68   68   67   68   68   71   74   76   79   86   99  115  141  161  184  206
  226  250  271  291  302  320  330  353  365  386  402  420  425  426  423  416
  423  423  433  434  440  444  448  447  440  424  402  379  359  338  321  300
  283  261  238  215  191  168  154  129  113                                   
    10.0-180.0 180.0   5.0 450.0                            LAT/LON1/LON2/DLON/H
  117  113   99   96   92   92   92   96   93   90   79   72   64   65   65   67
   68   69   70   69   71   72   78   78   84   89  106  124  151  169  193  214
  234  258  280  305  316  333  349  365  380  397  419  434  441  442  435  434
  430  435  434  434  432  435  435  435  430  421  403  386  365  346  330  314
  300  282  260  237  210  183  164  144  117                                   
     7.5-180.0 180.0   5.0 450.0                            LAT/LON1/LON2/DLON/H
  119  113   96   97   92   98   99  103  103   98   89   77   70   68   67   69
   70   72   72   72   73   74   76   78   83   92  109  131  156  176  196  219
