data/unet/pred0660.15i
     1.0            IONOSPHERE MAPS     GNSS                IONEX VERSION / TYPE
pyspatialgeodesy        IME             05-JAN-18 20:20     PGM / RUN BY / DATE 
Map Name                                                    COMMENT             
Predicted global ionosphere maps (GIM).                     DESCRIPTION         
  2015     3     7     0     0     0                        EPOCH OF FIRST MAP  
  2015     3     8     0     0     0                        EPOCH OF LAST MAP   
  7200                                                      INTERVAL            
    13                                                      # OF MAPS IN FILE   
  NONE                                                      MAPPING FUNCTION    
10.0                                                        ELEVATION CUTOFF    
One-way carrier phase leveled to code                       OBSERVABLES USED    
  6371.0                                                    BASE RADIUS         
 2                                                          MAP DIMENSION       
   450.0 450.0   0.0                                        HGT1 / HGT2 / DHGT  
    87.5 -87.5  -2.5                                        LAT1 / LAT2 / DLAT  
  -180.0 180.0   5.0                                        LON1 / LON2 / DLON  
    -1                                                      EXPONENT            
                                                            END OF HEADER       
[from data line 858]
     3                                                      START OF TEC MAP    
  2015     3     7     4     0     0                        EPOCH OF CURRENT MAP
    87.5-180.0 180.0   5.0 450.0                            LAT/LON1/LON2/DLON/H
  129  142  127  125  125  122  124  125  128  129  132  134  137  139  142  143
  145  146  147  147  146  146  145  144  143  142  142  141  141  141  141  141
  140  140  140  141  140  142  142  144  144  146  146  147  148  149  150  151
  151  152  152  153  153  154  153  154  154  155  154  155  154  155  152  153
  150  150  147  148  147  141  151  144  129                                   
    85.0-180.0 180.0   5.0 450.0                            LAT/LON1/LON2/DLON/H
  154  143  125  131  126  127  123  129  128  134  133  138  139  144  145  149
  149  152  152  153  151  152  148  148  144  143  140  139  136  135  133  132
  130  130  130  130  130  132  134  135  137  139  142  144  146  149  152  154
  157  159  162  163  166  168  171  172  174  176  176  177  177  176  174  173
  170  168  163  163  160  154  157  156  154                                   
    82.5-180.0 180.0   5.0 450.0                            LAT/LON1/LON2/DLON/H
  144  133  128  130  121  124  119  125  122  129  127  134  134  141  142  148
  149  153  153  154  151  150  146  142  138  134  132  127  126  122  123  119
  121  117  121  119  124  123  128  127  133  134  139  141  146  149  154  157
  161  165  170  173  177  179  184  186  191  191  192  192  192  191  188  186
  183  180  175  174  169  162  160  151  144                                   
    80.0-180.0 180.0   5.0 450.0                            LAT/LON1/LON2/DLON/H
  153  142  133  128  121  119  117  120  120  125  125  133  134  141  143  151
  151  156  155  157  153  151  146  142  136  132  127  124  120  118  115  115
  113  115  115  118  119  122  125  127  130  132  137  140  145  148  154  158
  165  170  179  183  191  194  202  204  212  213  217  216  220  217  216  213
  209  205  200  196  191  177  171  160  153                                   
    77.5-180.0 180.0   5.0 450.0                            LAT/LON1/LON2/DLON/H
  166  149  140  131  119  113  110  110  112  115  119  124  128  136  140  147
  150  154  155  155  152  149  144  137  130  124  119  114  111  109  107  107
  107  109  110  114  115  120  121  125  126  130  132  136  138  144  149  157
  165  174  184  192  201  208  216  223  230  234  239  241  244  243  242  237
  234  230  226  218  212  196  189  175  166                                   
    75.0-180.0 180.0   5.0 450.0                            LAT/LON1/LON2/DLON/H
  174  161  152  137  123  112  108  105  106  108  111  115  120  125  131  137
  142  145  147  146  144  140  134  126  120  114  109  105  103  100  102  102
  104  106  109  111  114  116  120  121  124  124  126  128  131  134  142  152
  161  173  185  196  207  215  226  233  243  247  255  257  262  261  262  259
  256  252  246  239  232  213  209  194  174                                   
    72.5-180.0 180.0   5.0 450.0                            LAT/LON1/LON2/DLON/H
  194  182  172  158  137  123  113  108  107  105  107  108  111  114  119  123
  127  131  133  133  132  128  124  117  112  105  102   98   97   97   98  102
  103  107  108  112  113  116  116  118  117  118  117  119  119  125  134  145
  156  171  185  200  213  224  234  243  251  257  261  264  267  269  269  270
  269  267  264  256  253  238  228  218  194                                   
    70.0-180.0 180.0   5.0 450.0                            LAT/LON1/LON2/DLON/H
  208  199  191  176  156  138  125  117  112  109  108  107  107  106  110  110
  114  115  119  118  119  116  113  109  104  100   97   95   95   95   99  100
  105  106  109  110  111  111  112  111  111  109  109  109  111  116  127  140
  154  170  189  204  220  229  242  249  259  263  267  267  271  270  272  273
  274  275  274  270  267  254  249  236  208                                   
    67.5-180.0 180.0   5.0 450.0                            LAT/LON1/LON2/DLON/H
  227  220  207  195  173  156  139  129  122  117  112  110  106  104  102  102
  102  104  106  108  110  109  108  104  102   97   96   95   95   97   99  103
  103  105  104  105  104  103  101   99   97   96   94   96   98  107  120  134
  151  169  192  210  228  237  249  258  267  271  272  272  272  270  269  269
  270  272  274  272  273  265  258  252  227                                   
    65.0-180.0 180.0   5.0 450.0                            LAT/LON1/LON2/DLON/H
  234  231  218  206  188  169  154  142  135  127  122  116  110  102   99   94
   95   95  100  102  106  106  106  103  100   98   97   97   98   98  101  100
  101   98   97   93   91   87   84   83   83   83   84   85   93  103  121  136
  155  175  199  218  238  247  260  268  278  280  281  279  277  273  271  268
  269  269  271  272  273  266  266  257  234                                   
    62.5-180.0 180.0   5.0 450.0                            LAT/LON1/LON2/DLON/H
  241  236  223  212  192  177  160  152  145  140  131  126  115  107   99   95
   92   95   99  103  105  107  105  103  100   98   96   97   98   98   98   97
   94   91   85   80   76   73   71   71   72   73   76   80   90  104  122  141
  162  182  209  228  249  258  270  279  287  290  292  289  288  282  279  273
  270  267  268  266  269  266  264  264  241                                   
    60.0-180.0 180.0   5.0 450.0                            LAT/LON1/LON2/DLON/H
  240  235  223  211  194  177  164  154  148  144  137  130  119  110  102   95
   94   96  102  105  109  107  106  101   99   94   94   92   94   93   93   90
   87   80   72   67   64   61   58   60   62   64   69   76   90  106  127  147
  170  193  220  241  261  270  283  292  302  306  307  307  305  302  297  290
  284  276  274  271  269  264  265  264  240                                   
    57.5-180.0 180.0   5.0 450.0                            LAT/LON1/LON2/DLON/H
  246  237  228  214  193  177  161  155  148  145  137  132  121  114  105  101
  100  102  107  110  112  111  105  102   95   93   87   88   86   88   85   84
   78   71   63   60   57   56   55   58   60   63   68   79   95  112  133  153
  177  200  228  249  268  281  293  304  313  319  323  324  325  323  321  314
  305  295  288  278  276  272  268  272  246                                   
    55.0-180.0 180.0   5.0 450.0                            LAT/LON1/LON2/DLON/H
  254  245  239  221  201  181  164  152  145  141  134  129  121  117  110  108
  108  110  113  115  114  110  105   98   90   84   79   78   78   80   79   78
   73   66   62   59   57   56   56   58   60   62   70   82  100  119  141  162
  186  212  238  261  280  293  307  319  330  339  345  351  354  357  355  349
  341  327  318  304  299  287  279  281  254                                   
    52.5-180.0 180.0   5.0 450.0                            LAT/LON1/LON2/DLON/H
  276  261  259  244  217  198  176  163  150  142  131  126  118  117  113  114
  114  117  118  117  115  110  103   96   85   82   75   77   75   80   77   79
   71   68   64   65   64   65   65   67   68   71   79   92  109  127  148  169
  196  221  248  270  289  303  319  331  344  354  363  369  377  383  383  381
  371  360  346  333  326  313  300  303  276                                   
    50.0-180.0 180.0   5.0 450.0                            LAT/LON1/LON2/DLON/H
  301  286  284  268  247  225  203  182  164  148  133  126  116  114  112  116
  117  120  119  117  112  106  100   93   86   81   78   77   78   80   81   81
   77   73   75   74   78   78   79   78   79   78   87  100  120  137  158  181
  209  234  262  283  303  317  333  344  361  370  380  388  396  402  406  403
  398  384  374  359  354  340  327  326  301                                   
    47.5-180.0 180.0   5.0 450.0                            LAT/LON1/LON2/DLON/H
  329  311  309  302  284  265  238  215  188  165  143  128  117  113  111  115
  115  119  116  114  109  105  101   97   92   89   87   86   85   88   85   88
   83   84   84   89   92   95   93   93   90   89   96  110  129  147  168  192
  221  248  274  296  315  331  346  358  371  379  386  393  399  406  407  409
  402  394  386  377  373  365  348  356  329                                   
    45.0-180.0 180.0   5.0 450.0                            LAT/LON1/LON2/DLON/H
  345  330  324  320  307  295  269  242  213  182  156  135  122  115  112  114
  113  114  111  108  107  104  107  104  104  100   99   95   96   94   95   92
   93   93   97  102  106  108  107  103   99   96  104  118  141  159  186  210
  242  268  294  314  333  349  365  376  387  390  395  395  400  402  404  402
  401  394  392  386  385  377  364  370  345                                   
    42.5-180.0 180.0   5.0 450.0                            LAT/LON1/LON2/DLON/H
  353  336  333  335  322  315  292  270  235  205  173  145  129  120  115  115
  113  113  109  110  110  114  118  120  120  118  113  111  105  105   99  100
   97  102  105  113  116  118  116  110  107  104  112  128  150  173  202  231
  261  287  310  334  352  369  382  393  398  398  395  394  394  395  392  392
  390  390  391  391  391  387  368  380  353                                   
    40.0-180.0 180.0   5.0 450.0                            LAT/LON1/LON2/DLON/H
  351  332  326  323  317  314  296  280  248  217  187  156  140  128  123  119
  117  114  113  113  120  125  134  136  140  134  130  123  118  112  109  106
  106  109  113  120  123  124  123  118  115  113  122  139  163  189  222  251
  283  305  329  351  372  389  404  411  417  415  409  404  402  399  398  394
  396  396  398  398  400  392  376  379  351                                   
    37.5-180.0 180.0   5.0 450.0                            LAT/LON1/LON2/DLON/H
  350  328  318  315  305  306  290  279  250  225  195  170  151  140  132  128
  125  124  124  129  135  145  154  158  157  150  141  135  127  122  115  114
  111  115  117  123  126  128  129  125  124  122  131  148  172  201  235  268
  297  322  344  366  385  404  418  429  434  431  426  422  421  422  417  419
  419  421  423  420  421  411  381  383  350                                   
    35.0-180.0 180.0   5.0 450.0                            LAT/LON1/LON2/DLON/H
  360  329  311  299  288  285  272  262  241  218  196  172  162  149  145  140
  140  137  143  147  159  165  173  169  167  157  150  144  138  133  129  126
  124  124  124  126  129  131  135  133  134  133  139  157  180  209  245  274
  306  327  353  374  396  418  437  451  459  458  453  452  455  463  465  470
  473  476  473  470  464  446  413  405  360                                   
    32.5-180.0 180.0   5.0 450.0                            LAT/LON1/LON2/DLON/H
  396  353  321  297  277  269  253  242  221  205  187  175  165  161  154  153
  153  156  164  174  181  184  183  177  170  163  157  155  152  150  147  147
  141  137  130  131  131  136  137  138  138  139  145  163  187  214  247  276
  305  328  351  374  401  421  444  456  472  467  471  477  499  520  535  547
  550  553  549  538  529  506  469  450  396                                   
    30.0-180.0 180.0   5.0 450.0                            LAT/LON1/LON2/DLON/H
  465  423  369  317  287  266  244  225  207  191  181  169  169  162  164  159
  166  168  181  188  196  192  189  179  174  169  168  170  174  174  176  172
  167  157  149  141  136  137  139  139  141  142  150  166  190  213  239  267
  297  322  347  372  404  430  458  478  497  503  499  520  535  583  602  638
  649  659  650  640  618  593  559  529  465                                   
    27.5-180.0 180.0   5.0 450.0                            LAT/LON1/LON2/DLON/H
  577  526  465  393  330  286  254  229  206  191  175  170  164  169  164  169
  172  179  189  198  198  192  184  178  179  184  189  200  207  215  214  211
  196  189  171  156  145  140  136  136  136  138  147  165  189  209  231  255
  282  312  338  369  409  445  480  506  536  549  563  586  618  657  697  736
  761  770  772  751  733  706  675  630  577                                   
    25.0-180.0 180.0   5.0 450.0                            LAT/LON1/LON2/DLON/H
  723  678  602  517  431  371  306  267  235  210  192  178  176  170  172  166
  175  176  189  192  193  185  184  184  196  210  228  244  262  265  266  254
  234  215  196  175  153  140  133  127  129  132  146  161  185  210  231  256
  282  310  343  375  423  463  507  539  577  601  619  660  690  737  776  824
  850  869  873  864  847  832  809  767  723                                   
    22.5-180.0 180.0   5.0 450.0                            LAT/LON1/LON2/DLON/H
  865  845  761  679  588  503  414  348  291  257  230  209  194  192  183  181
  178  181  184  187  183  181  184  198  221  258  285  312  319  326  314  297
  261  231  208  179  154  143  133  127  125  129  139  157  182  211  237  261
  291  321  353  394  448  498  545  585  631  669  708  753  788  821  856  881
  909  917  935  929  936  935  908  864  865                                   
    20.0-180.0 180.0   5.0 450.0                            LAT/LON1/LON2/DLON/H
  962  962  899  813  723  640  561  490  409  357  295  263  242  223  211  197
  192  181  184  181  181  183  201  227  275  324  367  385  386  372  350  316
  267  232  209  179  151  133  119  115  115  120  130  146  172  209  235  269
  304  337  375  419  476  528  574  619  670  712  761  801  829  861  885  910
  921  939  950  961  979  982  975  940  962                                   
    17.5-180.0 180.0   5.0 450.0                            LAT/LON1/LON2/DLON/H
 1009 1033 1010  953  876  791  706  645  564  492  411  358  309  283  257  242
  223  210  198  194  192  203  227  280  344  407  437  449  425  397  356  310
  260  224  200  171  143  124  109  107  101  110  114  137  168  209  249  286
  329  361  404  454  512  565  609  656  701  746  786  813  829  854  871  887
  901  910  929  943  973  995  984  963 1009                                   
    15.0-180.0 180.0   5.0 450.0                            LAT/LON1/LON2/DLON/H
 1006 1041 1037 1016  956  897  819  760  691  627  539  470  412  366  325  297
  271  249  231  223  226  242  290  360  433  479  501  482  446  393  345  297
  249  215  189  162  138  117  106   98   97  106  114  136  165  211  252  297
  342  378  424  479  535  586  633  675  724  764  791  817  827  845  851  863
  864  879  888  914  941  969  955  952 1006                                   
    12.5-180.0 180.0   5.0 450.0                            LAT/LON1/LON2/DLON/H
  957  998 1014 1000  984  951  913  858  800  738  650  583  509  464  409  374
  333  311  282  278  279  317  368  440  501  535  524  490  421  358  307  264
  236  203  180  156  136  120  107   97   90   95  101  125  162  211  265  309
  359  395  444  499  552  600  642  681  727  755  781  789  801  801  812  816
  826  832  849  865  890  915  907  917  957                                   
    10.0-180.0 180.0   5.0 450.0                            LAT/LON1/LON2/DLON/H
  872  926  931  947  934  944  921  904  852  799  724  660  596  544  491  452
  408  382  357  359  371  407  458  517  558  552  528  464  391  319  267  236
  215  191  168  149  136  118  111   95   91   94  107  132  169  217  265  314
  365  404  452  508  557  597  636  672  710  741  759  770  777  781  785  799
  804  822  830  842  858  870  856  870  872                                   
     7.5-180.0 180.0   5.0 450.0                            LAT/LON1/LON2/DLON/H
  800  829  842  846  862  868  889  878  863  813  752  694  645  606  563  530
  485  467  439  449  458  496  528  560  569  548  493  421  333  270  233  208
