data/unet/pred1620.15i
     1.0            IONOSPHERE MAPS     GNSS                IONEX VERSION / TYPE
pyspatialgeodesy        IME             05-JAN-18 20:20     PGM / RUN BY / DATE 
Map Name                                                    COMMENT             
Predicted global ionosphere maps (GIM).                     DESCRIPTION         
  2015     6    11     0     0     0                        EPOCH OF FIRST MAP  
  2015     6    12     0     0     0                        EPOCH OF LAST MAP   
  7200                                                      INTERVAL            
    13                                                      # OF MAPS IN FILE   
  NONE                                                      MAPPING FUNCTION    
10.0                                                        ELEVATION CUTOFF    
One-way carrier phase leveled to code                       OBSERVABLES USED    
  6371.0                                                    BASE RADIUS         
 2                                                          MAP DIMENSION       
   450.0 450.0   0.0                                        HGT1 / HGT2 / DHGT  
    87.5 -87.5  -2.5                                        LAT1 / LAT2 / DLAT  
  -180.0 180.0   5.0                                        LON1 / LON2 / DLON  
    -1                                                      EXPONENT            
                                                            END OF HEADER       
[from data line 3432]
     9                                                      START OF TEC MAP    
  2015     6    11    16     0     0                        EPOCH OF CURRENT MAP
    87.5-180.0 180.0   5.0 450.0                            LAT/LON1/LON2/DLON/H
  199  194  193  193  194  191  192  191  193  191  192  191  191  190  190  188
  189  187  187  185  186  184  185  183  185  183  184  182  183  181  182  180
  181  179  180  178  180  178  179  178  180  178  180  179  181  180  182  182
  185  185  186  186  188  188  188  188  189  188  188  188  188  187  187  187
  187  187  188  187  185  185  192  204  199                                   
    85.0-180.0 180.0   5.0 450.0                            LAT/LON1/LON2/DLON/H
  187  192  191  195  194  194  194  194  196  196  196  195  196  195  194  193
  192  191  190  189  189  187  186  186  186  185  184  182  183  181  180  178
  178  177  177  176  176  176  176  176  177  178  178  179  181  182  183  184
  186  187  189  189  191  191  192  191  192  191  190  189  190  188  187  186
  187  186  187  186  184  181  185  183  187                                   
    82.5-180.0 180.0   5.0 450.0                            LAT/LON1/LON2/DLON/H
  193  187  184  185  185  186  187  188  190  191  191  191  192  191  190  189
  189  188  186  186  185  185  183  183  182  182  180  180  178  178  174  175
  172  174  172  174  173  174  174  177  176  179  179  182  182  186  184  188
  187  190  189  191  191  192  191  191  190  190  188  187  186  185  183  182
  181  181  180  180  178  174  181  174  193                                   
    80.0-180.0 180.0   5.0 450.0                            LAT/LON1/LON2/DLON/H
  178  178  174  180  178  183  182  187  187  190  189  192  190  193  189  192
  188  190  185  188  185  186  183  185  182  183  179  181  177  178  173  175
  170  172  169  172  170  173  171  175  175  178  178  182  183  186  185  189
  188  191  189  192  191  193  190  192  189  190  186  187  184  184  180  181
  177  178  174  175  171  173  170  165  178                                   
    77.5-180.0 180.0   5.0 450.0                            LAT/LON1/LON2/DLON/H
  166  168  166  169  171  175  177  182  182  186  186  188  187  188  186  187
  185  185  183  184  183  184  183  184  183  182  180  180  178  176  174  173
  171  170  170  171  171  172  173  176  177  179  181  183  184  186  186  189
  188  190  189  191  189  190  187  188  185  186  183  183  179  180  176  176
  172  173  170  168  165  163  161  156  166                                   
    75.0-180.0 180.0   5.0 450.0                            LAT/LON1/LON2/DLON/H
  159  165  166  168  172  175  180  182  186  188  190  191  191  192  190  191
  189  190  189  191  191  193  194  195  195  195  194  193  191  189  187  184
  183  181  181  180  181  182  182  184  185  187  187  189  191  192  192  193
  192  193  192  193  192  191  190  189  188  187  185  184  182  180  178  176
  175  173  172  168  167  165  162  157  159                                   
    72.5-180.0 180.0   5.0 450.0                            LAT/LON1/LON2/DLON/H
  162  168  168  171  174  178  180  184  186  189  190  192  191  191  190  189
  189  189  189  192  194  197  199  201  201  202  200  200  197  195  191  190
  186  186  183  184  183  185  184  187  186  189  188  191  190  192  189  191
  188  191  187  190  186  189  184  186  182  183  179  181  177  178  174  175
  171  172  170  169  166  163  163  158  162                                   
    70.0-180.0 180.0   5.0 450.0                            LAT/LON1/LON2/DLON/H
  164  170  172  176  180  183  187  189  192  194  195  196  194  193  192  191
  191  192  194  197  200  204  208  211  213  212  211  210  207  204  201  198
  195  191  190  188  189  188  189  190  191  191  192  193  192  192  189  190
  188  189  187  189  187  188  186  186  184  184  182  181  180  179  178  177
  175  175  174  173  172  170  168  163  164                                   
    67.5-180.0 180.0   5.0 450.0                            LAT/LON1/LON2/DLON/H
  174  179  180  182  186  188  191  193  194  197  197  198  195  194  192  192
  192  193  195  198  203  207  211  214  216  215  215  213  211  206  203  199
  195  192  190  189  188  189  188  191  189  192  190  191  188  188  184  186
  182  185  183  187  184  186  183  185  181  182  179  181  178  178  176  177
  175  176  176  175  174  172  173  166  174                                   
    65.0-180.0 180.0   5.0 450.0                            LAT/LON1/LON2/DLON/H
  180  184  188  191  195  197  200  200  202  202  204  201  202  199  199  197
  198  199  201  205  210  214  218  219  221  220  219  216  215  211  208  204
  202  199  197  195  195  194  195  194  196  195  196  194  192  190  187  185
  184  186  186  188  188  189  188  188  186  186  184  184  182  182  181  180
  180  180  181  181  180  181  180  174  180                                   
    62.5-180.0 180.0   5.0 450.0                            LAT/LON1/LON2/DLON/H
  189  193  196  198  202  204  205  207  206  208  206  208  205  205  202  203
  202  203  205  208  212  214  217  218  218  216  215  213  213  210  209  205
  204  201  199  197  195  195  194  195  195  197  195  195  191  190  185  186
  183  188  187  192  192  194  192  192  190  190  187  187  184  184  181  181
  179  180  181  181  182  180  183  176  189                                   
    60.0-180.0 180.0   5.0 450.0                            LAT/LON1/LON2/DLON/H
  187  193  200  204  208  208  213  211  214  212  214  212  214  211  211  209
  209  208  209  211  214  215  217  216  217  214  213  213  213  212  212  211
  211  208  208  205  204  202  203  203  205  205  205  203  201  197  194  193
  193  195  196  201  202  204  202  202  199  198  195  193  191  188  186  183
  182  180  182  181  183  184  185  179  187                                   
    57.5-180.0 180.0   5.0 450.0                            LAT/LON1/LON2/DLON/H
  185  196  201  206  209  211  212  214  213  215  214  216  214  216  213  214
  211  210  208  210  209  210  209  209  207  206  207  208  211  211  214  214
  215  213  212  209  207  205  206  207  210  212  213  212  210  206  202  201
  199  202  203  208  209  211  209  208  205  202  198  196  190  189  183  182
  177  176  175  174  175  175  178  173  185                                   
    55.0-180.0 180.0   5.0 450.0                            LAT/LON1/LON2/DLON/H
  176  189  199  206  212  212  216  214  216  214  217  217  219  218  219  218
  216  214  212  211  209  208  207  206  205  205  206  208  213  217  220  223
  223  222  221  218  218  216  217  219  222  225  226  225  224  220  217  213
  213  213  215  217  218  220  217  216  211  209  204  201  196  192  187  182
  178  174  174  170  171  171  174  171  176                                   
    52.5-180.0 180.0   5.0 450.0                            LAT/LON1/LON2/DLON/H
  169  184  193  202  208  214  215  218  215  217  215  219  219  220  219  220
  217  214  210  209  204  204  201  203  201  202  205  208  215  219  225  227
  229  227  227  225  225  224  227  229  233  236  239  238  237  233  228  225
  220  221  220  224  222  224  220  218  214  211  206  203  196  192  185  181
  174  171  168  164  163  160  165  164  169                                   
    50.0-180.0 180.0   5.0 450.0                            LAT/LON1/LON2/DLON/H
  162  174  188  199  211  216  222  219  223  219  222  221  224  223  225  224
  223  219  216  211  209  206  207  207  207  210  214  219  226  230  236  237
  239  239  239  238  238  238  241  244  247  251  252  252  250  247  242  238
  233  231  230  230  230  230  226  225  220  219  214  209  204  198  192  185
  179  174  170  165  163  161  162  162  162                                   
    47.5-180.0 180.0   5.0 450.0                            LAT/LON1/LON2/DLON/H
  161  172  180  195  206  217  221  224  223  225  224  225  225  225  226  226
  225  221  218  213  209  208  208  210  212  215  222  226  234  237  243  243
  246  245  248  247  251  251  255  256  260  263  265  265  263  259  254  248
  242  238  233  233  229  231  225  225  221  220  215  210  203  199  192  188
  180  177  171  167  163  158  159  161  161                                   
    45.0-180.0 180.0   5.0 450.0                            LAT/LON1/LON2/DLON/H
  160  164  177  188  207  218  228  228  233  231  236  233  235  232  234  232
  232  228  227  222  221  218  221  224  228  233  239  246  252  255  260  260
  263  263  267  269  271  272  275  275  278  279  280  279  276  272  266  261
  254  248  243  238  236  234  232  232  229  229  225  220  215  210  205  200
  193  188  182  176  171  166  165  166  160                                   
    42.5-180.0 180.0   5.0 450.0                            LAT/LON1/LON2/DLON/H
  166  171  174  188  204  219  228  234  238  242  246  245  243  241  240  243
  242  241  239  236  234  233  236  238  244  247  255  260  268  271  276  278
  281  283  286  290  294  296  296  295  295  295  296  294  293  288  285  277
  270  261  253  246  240  238  233  235  232  231  227  224  220  217  213  210
  204  199  192  186  180  172  173  172  166                                   
    40.0-180.0 180.0   5.0 450.0                            LAT/LON1/LON2/DLON/H
  169  168  174  184  203  217  231  237  247  251  260  261  262  257  256  256
  258  259  259  258  256  255  257  260  265  268  275  282  289  297  303  307
  308  313  316  322  325  326  325  321  318  316  315  312  309  304  299  292
  285  276  268  260  254  249  245  245  244  243  241  239  236  234  231  227
  222  216  210  201  194  183  182  181  169                                   
    37.5-180.0 180.0   5.0 450.0                            LAT/LON1/LON2/DLON/H
  177  177  172  183  197  214  228  239  251  260  271  273  275  270  268  270
  272  274  275  276  275  274  277  278  283  284  292  299  308  318  328  336
  342  348  352  357  360  358  357  351  346  343  340  337  331  324  318  311
  304  295  286  276  267  260  254  253  250  250  248  248  246  246  245  242
  234  230  221  214  205  194  193  187  177                                   
    35.0-180.0 180.0   5.0 450.0                            LAT/LON1/LON2/DLON/H
  183  178  174  178  194  210  229  241  259  269  286  293  298  293  292  294
  299  303  305  305  303  304  305  308  309  312  318  327  339  353  364  376
  382  393  393  404  399  402  391  387  376  373  369  367  360  353  344  337
  327  317  306  296  288  280  272  269  266  266  265  266  267  266  265  260
  252  246  238  230  220  207  202  195  183                                   
    32.5-180.0 180.0   5.0 450.0                            LAT/LON1/LON2/DLON/H
  189  185  174  180  188  210  224  243  258  275  291  301  305  305  303  309
  313  321  323  326  325  326  328  329  331  333  341  351  369  383  400  410
  421  431  437  446  444  442  431  423  413  407  404  399  393  383  374  364
  352  339  323  312  301  293  284  280  276  275  276  277  278  278  275  271
  261  255  243  238  226  215  209  198  189                                   
    30.0-180.0 180.0   5.0 450.0                            LAT/LON1/LON2/DLON/H
  194  190  178  175  187  203  225  240  262  274  296  309  320  320  324  327
  336  342  347  349  349  349  349  352  354  359  367  383  401  419  432  449
  460  480  487  501  494  491  476  467  457  451  444  438  427  414  400  386
  371  352  336  321  312  301  294  289  285  284  285  288  290  291  287  280
  273  264  254  246  236  223  217  203  194                                   
    27.5-180.0 180.0   5.0 450.0                            LAT/LON1/LON2/DLON/H
  197  193  183  183  187  207  219  243  257  278  292  310  321  329  332  341
  348  358  360  365  364  363  365  367  370  377  391  409  430  447  465  482
  496  519  527  537  526  523  505  498  488  482  474  465  449  431  413  397
  378  361  342  334  323  314  300  295  291  292  291  291  292  290  287  281
  270  264  252  246  234  224  219  206  197                                   
    25.0-180.0 180.0   5.0 450.0                            LAT/LON1/LON2/DLON/H
  197  199  190  188  195  208  227  244  262  275  292  310  325  337  345  357
  367  375  380  382  380  380  381  385  390  401  417  439  461  478  496  517
  535  556  562  566  558  546  534  524  518  510  502  487  467  445  424  403
  385  365  352  328  314  300  286  278  272  271  274  287  287  285  278  270
  265  257  249  242  236  223  223  208  197                                   
    22.5-180.0 180.0   5.0 450.0                            LAT/LON1/LON2/DLON/H
  197  195  195  194  199  216  227  250  259  276  288  305  321  340  354  373
  382  392  395  397  397  396  399  400  409  422  444  468  488  507  524  546
  562  574  575  574  562  552  537  531  523  517  506  489  466  442  421  399
  382  362  335  318  302  293  275  268  260  258  258  267  272  269  260  257
  250  248  238  236  227  219  220  208  197                                   
    20.0-180.0 180.0   5.0 450.0                            LAT/LON1/LON2/DLON/H
  193  197  193  199  208  220  240  253  269  280  294  309  326  347  366  386
  398  408  411  413  415  418  418  423  432  448  470  494  512  531  547  567
  579  587  584  579  566  553  542  533  528  518  506  487  460  439  414  393
  373  347  320  304  286  275  259  251  243  240  237  245  246  244  235  229
  229  226  224  217  217  205  212  201  193                                   
    17.5-180.0 180.0   5.0 450.0                            LAT/LON1/LON2/DLON/H
  192  184  189  194  201  219  233  257  263  279  287  304  321  346  367  394
  409  420  428  429  434  433  437  439  450  466  489  513  529  547  560  574
  582  585  582  571  558  543  531  522  513  504  490  469  449  423  403  378
  355  329  304  288  269  255  242  233  227  222  221  224  224  219  213  209
  207  209  205  205  199  196  202  193  192                                   
    15.0-180.0 180.0   5.0 450.0                            LAT/LON1/LON2/DLON/H
  178  173  174  182  194  208  231  249  269  277  293  303  326  348  375  398
  418  428  439  443  448  449  452  456  464  479  500  523  540  556  565  579
  584  589  581  574  557  546  532  523  510  501  485  469  445  425  400  377
  344  320  295  276  254  239  224  219  215  211  207  206  204  197  190  184
  184  186  186  183  181  173  186  177  178                                   
    12.5-180.0 180.0   5.0 450.0                            LAT/LON1/LON2/DLON/H
  170  154  155  159  168  187  207  237  252  272  282  299  316  345  370  396
  418  432  449  455  466  466  468  469  475  493  507  532  547  560  566  574
  580  583  579  569  559  543  533  519  507  496  484  465  449  426  408  372
  342  317  293  270  249  230  220  212  215  209  204  199  191  185  181  175
  173  173  172  170  163  163  172  162  170                                   
    10.0-180.0 180.0   5.0 450.0                            LAT/LON1/LON2/DLON/H
  151  136  135  136  148  161  192  216  246  264  286  301  325  347  377  397
  422  436  456  467  478  481  480  480  484  499  513  539  553  567  571  581
  584  590  584  580  567  560  545  535  518  509  492  477  457  437  412  379
  348  321  296  276  252  234  218  212  210  205  198  191  183  180  175  169
  164  162  159  154  152  151  156  142  151                                   
     7.5-180.0 180.0   5.0 450.0                            LAT/LON1/LON2/DLON/H
  144  124  119  117  123  137  163  198  229  258  281  302  322  348  371  396
  417  439  458  475  488  496  493  493  495  509  524  549  564  575  577  584
