data/unet/pred3040.15i
     1.0            IONOSPHERE MAPS     GNSS                IONEX VERSION / TYPE
pyspatialgeodesy        IME             05-JAN-18 20:20     PGM / RUN BY / DATE 
Map Name                                                    COMMENT             
Predicted global ionosphere maps (GIM).                     DESCRIPTION         
  2015    10    31     0     0     0                        EPOCH OF FIRST MAP  
  2015    11     1     0     0     0                        EPOCH OF LAST MAP   
  7200                                                      INTERVAL            
    13                                                      # OF MAPS IN FILE   
  NONE                                                      MAPPING FUNCTION    
10.0                                                        ELEVATION CUTOFF    
One-way carrier phase leveled to code                       OBSERVABLES USED    
  6371.0                                                    BASE RADIUS         
 2                                                          MAP DIMENSION       
   450.0 450.0   0.0                                        HGT1 / HGT2 / DHGT  
    87.5 -87.5  -2.5                                        LAT1 / LAT2 / DLAT  
  -180.0 180.0   5.0                                        LON1 / LON2 / DLON  
    -1                                                      EXPONENT            
                                                            END OF HEADER       
[from data line 2145]
     6                                                      START OF TEC MAP    
  2015    10    31    10     0     0                        EPOCH OF CURRENT MAP
    87.5-180.0 180.0   5.0 450.0                            LAT/LON1/LON2/DLON/H
   41   65   55   56   55   57   57   58   58   59   60   60   60   62   62   63
   63   65   64   65   65   66   65   66   66   67   66   67   67   67   67   67
   67   66   67   66   68   67   68   67   68   68   68   67   66   66   64   64
   62   62   59   59   57   57   54   54   52   52   50   50   49   49   47   48
   47   48   48   50   49   47   51   45   41                                   
    85.0-180.0 180.0   5.0 450.0                            LAT/LON1/LON2/DLON/H
   54   47   50   55   54   56   58   61   60   64   63   66   65   70   68   72
   71   74   73   76   75   78   77   78   79   80   81   82   84   84   86   86
   89   89   91   90   92   91   91   91   90   89   87   86   83   81   78   76
   72   69   66   62   59   55   52   49   47   45   43   42   41   40   39   39
   39   40   41   41   44   45   56   48   54                                   
    82.5-180.0 180.0   5.0 450.0                            LAT/LON1/LON2/DLON/H
   38   43   42   45   44   47   48   53   53   56   56   59   60   64   63   66
   66   69   68   70   71   73   73   75   76   77   79   79   81   83   85   87
   90   92   94   97   98   99  100  101  100  100   98   97   94   91   87   84
   78   75   68   65   58   55   47   45   38   37   31   32   27   29   24   26
   23   26   23   26   26   31   41   31   38                                   
    80.0-180.0 180.0   5.0 450.0                            LAT/LON1/LON2/DLON/H
   40   40   40   39   41   42   45   45   48   48   50   49   52   53   54   55
   56   57   57   59   58   61   60   63   63   66   67   71   72   76   79   83
   87   91   96   99  104  106  111  111  115  114  115  113  112  108  105  100
   95   88   82   75   69   63   56   51   45   41   35   34   28   29   24   25
   21   23   21   23   23   25   36   29   40                                   
    77.5-180.0 180.0   5.0 450.0                            LAT/LON1/LON2/DLON/H
   35   40   41   41   42   44   46   47   49   48   49   47   48   47   48   47
   48   48   49   49   51   51   53   54   56   58   61   63   67   70   75   79
   84   90   95  104  108  116  118  125  126  130  130  132  130  128  125  121
  116  110  104   97   90   83   75   70   63   58   51   48   43   41   37   35
   33   32   31   30   30   31   38   25   35                                   
    75.0-180.0 180.0   5.0 450.0                            LAT/LON1/LON2/DLON/H
   34   42   45   47   46   48   49   49   48   46   44   42   41   41   40   40
   40   41   42   43   44   44   46   47   49   50   53   56   59   64   68   76
   79   91   96  109  113  126  128  139  139  148  147  152  149  151  145  145
  137  134  127  121  113  105   98   90   84   76   72   65   62   56   54   50
   47   45   43   42   38   40   42   30   34                                   
    72.5-180.0 180.0   5.0 450.0                            LAT/LON1/LON2/DLON/H
   37   47   49   50   49   50   50   50   48   44   42   39   38   35   35   35
   35   36   38   40   42   43   44   44   46   47   51   53   59   62   69   73
   83   90  103  112  124  134  143  150  156  161  168  169  172  170  169  165
  163  158  155  146  139  129  121  112  104   97   90   83   76   72   67   63
   59   56   53   50   47   46   47   34   37                                   
    70.0-180.0 180.0   5.0 450.0                            LAT/LON1/LON2/DLON/H
   39   46   50   50   50   50   51   49   48   41   40   34   35   31   33   33
   35   36   40   42   45   45   46   46   48   49   52   55   60   65   70   77
   86   95  106  120  131  145  153  165  169  180  183  189  187  190  185  185
  178  178  172  167  158  148  140  130  122  114  106   99   93   88   82   78
   73   68   65   61   56   55   51   39   39                                   
    67.5-180.0 180.0   5.0 450.0                            LAT/LON1/LON2/DLON/H
   40   47   47   48   47   48   49   47   44   40   37   34   33   31   32   35
   37   41   44   48   50   50   51   50   50   51   54   57   63   69   75   82
   92  100  113  124  137  149  162  169  180  186  194  194  199  197  201  196
  196  190  189  182  175  163  153  141  132  122  114  105   98   92   87   81
   76   71   66   62   58   55   53   40   40                                   
    65.0-180.0 180.0   5.0 450.0                            LAT/LON1/LON2/DLON/H
   39   43   43   41   41   43   43   43   41   38   35   33   33   33   35   38
   41   46   48   53   53   56   55   55   53   55   57   63   67   75   81   90
   99  110  121  134  146  159  169  179  186  194  197  200  201  203  200  201
  193  194  189  185  178  166  155  144  133  124  114  106   97   92   85   81
   75   69   65   62   56   54   51   40   39                                   
    62.5-180.0 180.0   5.0 450.0                            LAT/LON1/LON2/DLON/H
   38   44   37   38   36   37   38   40   39   39   35   35   34   35   37   41
   45   49   53   55   55   56   54   54   52   54   57   63   69   78   85   95
  105  115  127  139  152  162  174  181  189  193  197  198  202  200  201  196
  197  192  191  184  176  164  153  140  131  119  109   99   91   84   78   74
   68   63   60   54   51   48   49   37   38                                   
    60.0-180.0 180.0   5.0 450.0                            LAT/LON1/LON2/DLON/H
   38   38   34   31   31   31   32   34   35   35   34   34   34   36   37   42
   44   50   49   54   51   54   49   52   50   55   58   67   74   85   93  106
  115  127  137  149  161  170  179  186  192  195  198  199  200  200  196  196
  194  193  191  183  177  164  153  139  129  117  107   95   86   80   74   68
   64   59   56   54   49   48   46   37   38                                   
    57.5-180.0 180.0   5.0 450.0                            LAT/LON1/LON2/DLON/H
   45   46   36   35   30   30   30   32   33   35   34   35   35   37   39   43
   44   47   47   47   45   45   42   43   44   48   55   64   74   85   96  108
  121  132  143  153  165  172  182  188  194  196  199  200  203  201  203  200
  202  198  197  188  181  167  156  142  131  119  108   95   87   80   74   69
   64   60   58   55   53   52   52   40   45                                   
    55.0-180.0 180.0   5.0 450.0                            LAT/LON1/LON2/DLON/H
   58   52   45   41   36   34   30   32   32   34   34   36   36   37   37   40
   40   42   39   41   36   39   34   40   38   48   54   68   78   92  105  121
  131  146  155  165  176  182  191  195  201  202  205  208  207  210  210  213
  212  211  207  200  191  179  164  152  139  128  118  107   97   89   82   77
   71   67   65   66   63   64   63   53   58                                   
    52.5-180.0 180.0   5.0 450.0                            LAT/LON1/LON2/DLON/H
   76   71   59   56   46   42   38   38   37   39   38   41   39   41   39   42
   39   40   36   36   34   34   34   36   40   46   55   66   79   93  108  124
  138  152  162  172  181  188  197  202  209  211  216  215  220  220  225  223
  226  222  221  212  206  192  180  165  154  143  132  122  114  106   98   91
   84   81   79   80   79   80   80   67   76                                   
    50.0-180.0 180.0   5.0 450.0                            LAT/LON1/LON2/DLON/H
   96   86   80   70   64   56   51   48   46   46   46   47   47   46   45   43
   41   39   36   35   34   37   35   43   43   53   59   74   85  103  116  137
  148  166  176  187  194  202  209  216  222  226  229  230  232  236  239  239
  240  237  234  228  218  208  194  182  168  159  149  142  133  128  118  112
  102  100   94   96   94   97   96   89   96                                   
    47.5-180.0 180.0   5.0 450.0                            LAT/LON1/LON2/DLON/H
  110  106   99   93   81   73   66   61   58   57   56   58   55   57   53   53
   47   46   42   43   43   45   48   51   55   59   68   78   90  107  122  142
  156  172  183  195  203  213  221  229  236  240  245  245  249  248  253  250
  252  248  246  237  229  218  205  191  178  168  159  152  147  141  132  126
  117  114  108  108  106  108  109  104  110                                   
    45.0-180.0 180.0   5.0 450.0                            LAT/LON1/LON2/DLON/H
  120  115  112  107  102   92   86   78   74   69   69   67   69   66   65   62
   58   55   53   55   56   61   61   68   68   74   78   88   99  116  129  152
  165  182  194  206  216  228  236  247  250  256  256  259  259  262  264  263
  262  259  254  247  234  224  207  196  180  172  162  158  151  148  138  133
  121  120  111  114  110  113  115  115  120                                   
    42.5-180.0 180.0   5.0 450.0                            LAT/LON1/LON2/DLON/H
  118  118  118  120  111  105   98   90   84   80   79   79   79   80   77   76
   71   69   68   71   72   77   77   79   80   83   87   94  105  119  134  153
  168  183  199  213  226  238  251  260  267  270  272  270  271  269  272  269
  268  262  258  247  236  221  205  190  177  166  158  152  148  143  134  128
  119  116  109  108  105  106  110  113  118                                   
    40.0-180.0 180.0   5.0 450.0                            LAT/LON1/LON2/DLON/H
  112  110  113  119  116  114  111  102   99   92   93   91   94   91   92   87
   86   82   83   86   88   92   91   93   92   96   99  107  117  131  143  161
  176  192  208  223  239  254  264  276  279  283  280  281  279  280  281  279
  277  273  267  258  244  229  210  193  179  165  156  149  143  138  128  123
  111  109   97   99   91   93   98   98  112                                   
    37.5-180.0 180.0   5.0 450.0                            LAT/LON1/LON2/DLON/H
   94   94   97  105  106  108  109  101   99   96   97   99  101  103  102  100
   97   96   94   98   98  101   98   97   95   99  102  110  120  133  144  160
  176  193  214  232  250  266  279  290  296  297  298  293  294  291  293  289
  287  282  278  267  256  236  221  199  187  170  161  150  144  135  125  116
  107   99   90   84   79   79   83   80   94                                   
    35.0-180.0 180.0   5.0 450.0                            LAT/LON1/LON2/DLON/H
   77   73   77   83   91   96  103   99  101   97  104  103  111  110  113  107
  109  104  104  106  105  105  101   98   97  102  109  119  129  142  152  169
  183  204  224  245  265  283  295  307  311  314  313  314  312  314  313  313
  309  307  301  294  279  266  247  228  209  189  175  162  152  142  129  121
  110  105   92   87   75   73   72   61   77                                   
    32.5-180.0 180.0   5.0 450.0                            LAT/LON1/LON2/DLON/H
   60   62   60   67   73   80   87   87   90   90   97  102  109  113  116  114
  113  110  107  109  104  103   94   92   90   97  107  119  132  146  157  174
  189  211  233  258  278  296  311  324  330  335  340  337  342  341  345  340
  341  337  338  331  323  308  291  271  253  229  211  191  177  164  152  141
  131  121  111  100   89   81   74   53   60                                   
    30.0-180.0 180.0   5.0 450.0                            LAT/LON1/LON2/DLON/H
   56   51   51   54   57   66   74   78   83   85   94   99  110  113  118  116
  116  110  110  107  104   98   93   86   91   97  115  129  144  160  170  190
  202  226  245  272  289  310  325  340  349  358  366  372  377  384  387  389
  390  393  394  395  390  379  360  340  315  289  263  240  221  205  191  180
  168  158  145  135  116  106   92   61   56                                   
    27.5-180.0 180.0   5.0 450.0                            LAT/LON1/LON2/DLON/H
   68   70   58   53   53   58   64   68   73   78   86   94  104  110  114  114
  114  111  107  106   99   94   85   82   85   99  116  134  152  169  183  200
  215  236  257  283  299  320  339  359  373  386  396  404  418  427  437  442
  450  456  467  472  475  463  448  421  400  367  337  303  277  256  241  226
  216  201  189  176  157  136  122   80   68                                   
    25.0-180.0 180.0   5.0 450.0                            LAT/LON1/LON2/DLON/H
   90   81   75   60   53   57   58   64   66   73   80   89   98  104  110  109
  111  105  106  100   99   86   85   76   88   96  122  142  161  183  194  216
  228  254  272  298  313  335  358  379  397  411  425  440  457  476  490  504
  515  529  543  554  560  552  537  509  485  450  419  383  349  319  300  286
  275  262  244  225  206  183  163  118   90                                   
    22.5-180.0 180.0   5.0 450.0                            LAT/LON1/LON2/DLON/H
  126  123  106   89   72   66   66   63   67   70   76   84   91   99  102  104
  104  104  100   99   91   87   80   82   92  109  129  150  173  190  209  226
  243  267  291  316  331  353  376  401  422  438  455  472  496  516  537  548
  564  574  594  607  622  616  604  579  556  520  485  444  409  384  362  352
  337  323  306  289  265  239  214  159  126                                   
    20.0-180.0 180.0   5.0 450.0                            LAT/LON1/LON2/DLON/H
  179  176  147  120   99   86   79   73   69   71   72   80   85   90   94   94
   96   93   94   90   89   81   79   81   95  112  134  161  174  203  214  242
  258  288  308  333  348  372  395  422  444  464  485  509  531  553  567  586
  600  616  634  648  651  647  634  618  599  566  534  491  455  425  405  392
  382  370  357  338  319  295  268  216  179                                   
    17.5-180.0 180.0   5.0 450.0                            LAT/LON1/LON2/DLON/H
  225  222  189  159  132  114  101   91   83   77   78   79   82   86   88   91
   92   92   91   91   89   86   86   91  106  122  148  166  193  209  233  254
  281  307  331  357  371  396  417  445  467  491  510  534  554  569  584  598
  615  631  648  650  652  641  629  615  598  573  542  505  464  439  415  409
  397  392  380  370  355  330  312  261  225                                   
    15.0-180.0 180.0   5.0 450.0                            LAT/LON1/LON2/DLON/H
  257  252  227  197  169  141  123  107   99   87   81   79   82   82   84   84
   87   85   90   88   91   88   92   98  114  131  154  178  195  222  243  272
  293  326  345  372  386  413  435  466  490  515  535  562  576  597  606  620
  628  637  642  640  631  621  604  588  573  554  531  498  465  430  414  402
  394  384  379  373  363  350  332  297  257                                   
    12.5-180.0 180.0   5.0 450.0                            LAT/LON1/LON2/DLON/H
  273  265  241  214  189  164  141  123  112  101   92   85   87   83   87   83
   87   86   86   90   89   93   98  104  118  137  167  188  214  235  259  285
  313  345  364  391  403  434  452  485  504  533  548  574  591  604  610  612
  617  615  618  608  598  581  561  547  536  519  498  472  440  416  391  380
  363  356  350  352  347  345  333  305  273                                   
    10.0-180.0 180.0   5.0 450.0                            LAT/LON1/LON2/DLON/H
  272  273  255  231  211  184  161  138  125  108   99   90   87   82   88   85
   88   83   86   86   92   92  104  107  132  143  175  198  221  246  267  297
  320  353  371  396  409  438  462  493  513  539  557  582  595  607  606  603
  603  597  591  577  569  554  540  525  515  496  478  452  425  396  370  347
  329  316  311  312  314  317  313  300  272                                   
     7.5-180.0 180.0   5.0 450.0                            LAT/LON1/LON2/DLON/H
  269  262  251  232  215  190  169  147  133  116  108   96   96   90   88   84
   82   78   77   78   84   86   92  100  119  150  180  213  239  259  280  305
