data/unet/pred2830.15i
     1.0            IONOSPHERE MAPS     GNSS                IONEX VERSION / TYPE
pyspatialgeodesy        IME             05-JAN-18 20:20     PGM / RUN BY / DATE 
Map Name                                                    COMMENT             
Predicted global ionosphere maps (GIM).                     DESCRIPTION         
  2015    10    10     0     0     0                        EPOCH OF FIRST MAP  
  2015    10    11     0     0     0                        EPOCH OF LAST MAP   
  7200                                                      INTERVAL            
    13                                                      # OF MAPS IN FILE   
  NONE                                                      MAPPING FUNCTION    
10.0                                                        ELEVATION CUTOFF    
One-way carrier phase leveled to code                       OBSERVABLES USED    
  6371.0                                                    BASE RADIUS         
 2                                                          MAP DIMENSION       
   450.0 450.0   0.0                                        HGT1 / HGT2 / DHGT  
    87.5 -87.5  -2.5                                        LAT1 / LAT2 / DLAT  
  -180.0 180.0   5.0                                        LON1 / LON2 / DLON  
    -1                                                      EXPONENT            
                                                            END OF HEADER       
[from data line 3003]
     8                                                      START OF TEC MAP    
  2015    10    10    14     0     0                        EPOCH OF CURRENT MAP
    87.5-180.0 180.0   5.0 450.0                            LAT/LON1/LON2/DLON/H
   59   77   82   83   80   83   81   85   82   86   84   88   84   88   86   88
   85   88   86   88   87   89   87   89   86   89   87   89   87   89   87   88
   86   87   85   86   83   84   82   83   80   82   80   82   79   82   79   81
   78   81   79   81   78   81   79   81   78   80   78   80   77   79   77   79
   78   79   78   80   80   83   89   79   59                                   
    85.0-180.0 180.0   5.0 450.0                            LAT/LON1/LON2/DLON/H
   69   80   74   71   73   70   76   72   77   74   80   76   81   78   83   79
   84   80   84   81   84   82   85   83   85   84   86   84   84   83   83   81
   81   80   79   77   77   75   74   72   73   71   72   70   72   70   73   70
   74   71   75   72   76   73   77   74   77   74   77   73   76   73   75   72
   74   72   74   71   76   74   76   68   69                                   
    82.5-180.0 180.0   5.0 450.0                            LAT/LON1/LON2/DLON/H
   66   68   61   64   61   63   62   66   66   69   69   72   72   75   75   78
   78   80   80   82   83   86   86   89   88   92   90   93   89   92   87   88
   83   84   78   79   72   72   66   67   63   64   61   63   61   63   61   63
   64   65   65   67   68   69   69   70   69   71   68   70   67   69   66   67
   64   66   63   64   60   61   56   49   66                                   
    80.0-180.0 180.0   5.0 450.0                            LAT/LON1/LON2/DLON/H
   55   57   50   53   52   53   53   55   56   58   60   62   65   66   68   71
   73   75   76   79   80   83   83   86   85   89   88   91   87   90   84   86
   79   81   73   74   66   66   58   60   54   56   52   56   53   56   55   59
   59   62   63   66   66   69   68   70   68   70   66   68   64   65   61   62
   58   59   56   57   53   50   50   41   55                                   
    77.5-180.0 180.0   5.0 450.0                            LAT/LON1/LON2/DLON/H
   39   46   42   41   40   42   41   44   43   48   48   53   54   59   61   65
   66   69   70   74   73   78   77   82   81   86   85   88   86   87   83   83
   77   76   70   68   60   58   52   51   46   46   44   45   44   47   48   51
   52   56   56   60   59   63   62   64   62   63   60   60   56   56   53   53
   50   50   47   46   43   40   38   30   39                                   
    75.0-180.0 180.0   5.0 450.0                            LAT/LON1/LON2/DLON/H
   37   36   36   35   34   36   36   37   39   40   46   46   53   54   59   60
   63   66   68   70   71   77   77   81   80   86   84   87   85   86   84   81
   77   73   68   62   57   52   48   43   40   39   38   37   38   41   42   45
   46   50   51   53   54   56   56   57   56   56   54   52   51   50   48   46
   45   44   43   42   40   36   38   29   37                                   
    72.5-180.0 180.0   5.0 450.0                            LAT/LON1/LON2/DLON/H
   36   42   38   34   35   34   34   36   36   40   42   48   50   56   58   63
   63   67   67   71   71   79   78   86   83   91   88   93   88   92   87   87
   80   79   71   67   60   56   50   47   44   42   41   40   41   42   43   45
   46   49   49   52   51   54   52   54   52   53   50   50   47   47   46   44
   43   43   43   42   41   37   37   28   36                                   
    70.0-180.0 180.0   5.0 450.0                            LAT/LON1/LON2/DLON/H
   40   38   39   35   36   34   37   33   38   37   44   44   52   53   58   59
   62   65   66   71   72   80   81   89   88   94   91   95   90   93   88   87
   81   78   72   68   62   58   53   49   47   45   45   42   44   43   45   44
   47   46   48   47   49   48   49   47   48   46   46   45   45   43   44   42
   43   42   44   43   45   39   42   30   40                                   
    67.5-180.0 180.0   5.0 450.0                            LAT/LON1/LON2/DLON/H
   41   45   44   38   39   35   36   35   37   39   41   46   49   54   57   60
   62   64   66   72   75   83   85   92   92   96   94   96   91   92   87   86
   81   79   74   72   66   64   59   56   53   52   50   49   50   48   48   47
   47   46   46   44   44   42   43   41   42   41   42   41   41   40   41   40
   41   41   43   44   44   42   41   31   41                                   
    65.0-180.0 180.0   5.0 450.0                            LAT/LON1/LON2/DLON/H
   41   38   42   39   39   38   39   36   39   38   43   45   50   53   56   61
   60   67   64   74   75   85   87   94   95   99   97   97   92   92   87   85
   81   79   75   73   70   67   64   60   58   56   55   52   53   50   50   46
   46   42   42   38   39   35   36   33   36   34   37   35   39   37   39   37
   39   38   42   42   46   41   43   29   41                                   
    62.5-180.0 180.0   5.0 450.0                            LAT/LON1/LON2/DLON/H
   36   40   40   37   38   36   37   36   37   37   40   43   47   52   57   62
   65   69   68   76   79   87   90   97   99  101   99   98   93   90   85   84
   80   79   77   76   73   71   69   67   65   64   61   61   58   56   54   50
   48   44   42   38   36   33   32   31   30   31   32   33   34   34   35   35
   35   35   36   38   38   36   37   24   36                                   
    60.0-180.0 180.0   5.0 450.0                            LAT/LON1/LON2/DLON/H
   31   27   32   31   32   33   34   32   34   33   37   40   46   50   55   62
   62   68   68   75   78   87   91   98  100  102  100   98   94   90   87   86
   83   81   81   79   78   75   73   71   69   66   66   63   61   57   54   49
   46   41   39   34   33   28   28   25   27   25   29   29   32   30   33   31
   32   29   32   32   34   29   33   17   31                                   
    57.5-180.0 180.0   5.0 450.0                            LAT/LON1/LON2/DLON/H
   24   27   27   26   28   28   30   29   30   29   32   35   42   47   55   62
   66   70   71   78   82   91   95  104  105  107  104  103   98   96   93   93
   91   91   90   91   88   86   82   81   77   75   72   71   67   63   60   57
   53   48   45   41   37   32   30   28   28   27   29   30   31   30   31   30
   29   26   26   26   25   23   25   10   24                                   
    55.0-180.0 180.0   5.0 450.0                            LAT/LON1/LON2/DLON/H
   23   18   20   21   22   24   25   24   24   24   26   29   37   43   52   59
   63   68   69   76   80   89   95  103  107  107  106  104  102  101  100  101
  100  101  100   99   96   93   91   86   85   79   79   74   72   67   64   58
   56   50   48   41   39   32   32   28   30   28   31   30   32   30   31   29
   29   26   26   24   23   19   24    9   23                                   
    52.5-180.0 180.0   5.0 450.0                            LAT/LON1/LON2/DLON/H
   24   26   22   21   21   22   23   23   22   22   24   27   34   42   51   61
   65   71   72   81   85   95  100  110  111  113  110  111  109  110  111  114
  114  116  114  115  111  108  103  101   96   92   88   85   82   78   75   70
   66   61   58   53   49   44   41   37   38   36   38   38   38   36   36   33
   32   29   29   27   24   20   25   11   24                                   
    50.0-180.0 180.0   5.0 450.0                            LAT/LON1/LON2/DLON/H
   34   27   26   25   24   23   25   21   21   18   20   22   30   37   48   56
   63   68   72   80   85   94  100  108  111  112  112  113  114  115  119  121
  123  124  122  122  118  116  112  109  106  100   99   94   94   89   86   80
   76   69   64   59   54   49   46   44   45   44   45   45   45   43   43   40
   40   37   37   34   33   29   34   21   34                                   
    47.5-180.0 180.0   5.0 450.0                            LAT/LON1/LON2/DLON/H
   44   45   38   35   31   29   28   26   24   22   22   25   31   39   49   60
   66   73   78   87   92  102  106  115  115  119  118  121  122  125  127  132
  132  134  131  132  128  129  126  125  120  117  112  112  109  106  101   94
   88   80   75   69   64   58   56   54   55   53   56   55   55   53   53   52
   51   50   48   47   44   40   44   33   44                                   
    45.0-180.0 180.0   5.0 450.0                            LAT/LON1/LON2/DLON/H
   58   51   48   45   42   37   38   32   33   26   28   27   34   40   50   59
   68   74   81   89   96  104  109  116  117  120  121  125  127  129  131  133
  133  134  131  134  132  135  134  133  130  128  125  123  123  119  114  106
   98   88   81   74   67   62   59   58   60   62   63   64   64   63   63   62
   63   62   62   59   58   53   56   48   58                                   
    42.5-180.0 180.0   5.0 450.0                            LAT/LON1/LON2/DLON/H
   64   67   61   55   49   46   44   42   40   37   36   38   41   47   56   66
   74   83   89  101  105  114  115  122  121  127  127  132  132  134  133  136
  132  134  131  137  138  144  144  145  142  141  138  139  137  134  126  117
  107   96   86   77   69   65   62   63   65   68   69   71   70   72   71   74
   73   75   73   73   68   65   67   59   64                                   
    40.0-180.0 180.0   5.0 450.0                            LAT/LON1/LON2/DLON/H
   71   69   65   61   55   52   52   49   50   47   49   47   52   56   65   72
   82   89   97  107  113  118  121  126  126  131  132  136  136  136  134  134
  131  131  131  139  144  152  155  155  153  150  150  148  148  143  136  125
  114  102   91   82   71   65   62   63   67   70   73   76   77   78   80   81
   83   82   83   79   78   71   72   67   71                                   
    37.5-180.0 180.0   5.0 450.0                            LAT/LON1/LON2/DLON/H
   69   73   68   64   57   55   55   57   58   58   59   61   64   69   76   85
   92  104  109  122  125  131  130  135  134  139  140  144  142  142  137  137
  133  136  138  150  157  167  170  170  166  163  160  160  157  153  146  134
  123  109   98   86   76   69   65   64   67   72   74   80   79   82   83   87
   86   87   84   83   78   74   75   68   69                                   
    35.0-180.0 180.0   5.0 450.0                            LAT/LON1/LON2/DLON/H
   69   65   63   60   56   54   54   57   61   64   68   70   76   81   89   96
  104  114  121  129  136  138  140  142  143  146  148  151  149  147  145  145
  144  148  154  167  178  186  188  185  180  173  169  166  165  160  154  143
  132  121  109   99   87   78   71   69   71   73   76   79   82   84   87   88
   90   87   85   79   77   69   70   67   69                                   
    32.5-180.0 180.0   5.0 450.0                            LAT/LON1/LON2/DLON/H
   60   58   56   56   51   51   52   56   62   66   72   78   84   95   99  112
  117  128  134  143  146  150  148  152  152  158  159  163  161  161  160  162
  164  171  181  195  205  211  210  205  196  188  181  179  176  172  166  157
  148  136  128  115  105   94   86   82   81   82   82   85   85   87   88   89
   87   85   81   76   70   64   67   60   60                                   
    30.0-180.0 180.0   5.0 450.0                            LAT/LON1/LON2/DLON/H
   62   49   51   50   49   47   47   49   56   60   70   75   88   98  110  119
  129  133  144  149  156  156  157  159  162  166  171  175  178  180  184  189
  197  209  220  237  245  247  240  230  218  208  201  196  195  190  185  177
  169  160  153  143  132  121  111  104  101   98   97   98   97   97   96   94
   92   86   82   74   70   60   62   58   62                                   
    27.5-180.0 180.0   5.0 450.0                            LAT/LON1/LON2/DLON/H
   61   51   50   52   49   49   46   48   52   55   64   72   87  100  114  124
  133  139  148  155  159  162  162  166  170  177  182  191  196  204  212  221
  233  246  263  277  284  281  272  260  246  237  227  224  220  217  212  204
  198  188  182  172  164  153  143  135  128  121  116  116  112  111  106  103
   97   91   86   78   73   65   64   57   61                                   
    25.0-180.0 180.0   5.0 450.0                            LAT/LON1/LON2/DLON/H
   72   56   57   55   54   49   47   43   47   47   59   64   85   96  115  124
  135  141  150  158  164  169  170  172  179  188  197  208  221  232  244  255
  269  285  298  312  316  310  300  288  278  269  261  256  253  252  247  244
  234  228  219  210  200  187  178  168  160  149  140  136  132  129  125  121
  114  108  100   92   86   76   70   65   72                                   
    22.5-180.0 180.0   5.0 450.0                            LAT/LON1/LON2/DLON/H
   77   69   66   66   61   56   52   49   48   48   53   60   76   89  108  117
  131  136  149  157  166  170  173  178  185  198  210  226  243  259  273  286
  300  314  326  336  339  333  326  318  310  304  297  293  290  291  288  286
  279  273  267  258  244  228  211  199  190  177  166  158  154  150  145  140
  133  124  121  109  103   89   83   77   77                                   
    20.0-180.0 180.0   5.0 450.0                            LAT/LON1/LON2/DLON/H
   87   84   80   77   72   66   60   53   51   44   52   53   70   84  104  115
  129  136  149  161  169  175  179  185  196  209  228  248  271  288  304  317
  333  342  353  359  362  353  350  342  342  335  331  327  325  326  322  323
  316  312  304  298  282  267  246  233  216  201  189  180  175  170  165  158
  152  145  137  131  122  110   95   89   87                                   
    17.5-180.0 180.0   5.0 450.0                            LAT/LON1/LON2/DLON/H
   87  100   92   89   80   73   68   58   58   55   57   61   73   86  104  113
  129  131  149  158  171  175  184  192  207  225  249  277  299  319  333  345
  355  360  369  373  377  372  371  369  369  368  367  364  361  357  355  351
  346  340  337  322  309  291  280  264  247  227  210  197  192  185  181  176
  167  160  155  147  142  126  114  102   87                                   
    15.0-180.0 180.0   5.0 450.0                            LAT/LON1/LON2/DLON/H
   99  114  103  100   91   87   75   67   61   59   59   60   71   86  105  119
  132  137  152  163  175  184  195  208  225  250  276  307  331  348  361  366
  377  379  386  391  395  394  391  393  396  398  397  396  389  387  379  378
  368  363  351  339  324  311  300  290  270  255  231  217  205  197  192  184
  179  173  168  162  151  139  127  110   99                                   
    12.5-180.0 180.0   5.0 450.0                            LAT/LON1/LON2/DLON/H
  100  121  109  105   93   88   80   70   66   63   67   75   83  100  118  131
  148  152  169  173  189  191  209  221  246  274  304  335  357  372  380  383
  389  388  396  401  412  414  417  420  424  426  425  423  416  412  403  395
  381  369  357  344  335  321  314  302  291  272  251  233  218  208  200  195
  191  187  183  171  162  146  136  116  100                                   
    10.0-180.0 180.0   5.0 450.0                            LAT/LON1/LON2/DLON/H
  107  124  109  103   91   88   82   76   68   71   74   80   89  107  126  140
  158  163  184  186  202  208  225  246  269  304  332  364  385  391  401  394
  404  402  412  420  432  436  438  443  443  446  439  436  425  421  407  402
  381  370  357  346  333  323  312  309  296  284  262  246  230  216  206  199
  197  193  189  178  163  144  142  115  107                                   
     7.5-180.0 180.0   5.0 450.0                            LAT/LON1/LON2/DLON/H
  106  129  114  100   88   80   79   72   70   71   78   93  106  126  145  159
  176  186  205  209  224  223  245  261  293  325  355  384  401  409  411  409
