data/unet/pred2330.15i
     1.0            IONOSPHERE MAPS     GNSS                IONEX VERSION / TYPE
pyspatialgeodesy        IME             05-JAN-18 20:20     PGM / RUN BY / DATE 
Map Name                                                    COMMENT             
Predicted global ionosphere maps (GIM).                     DESCRIPTION         
  2015     8    21     0     0     0                        EPOCH OF FIRST MAP  
  2015     8    22     0     0     0                        EPOCH OF LAST MAP   
  7200                                                      INTERVAL            
    13                                                      # OF MAPS IN FILE   
  NONE                                                      MAPPING FUNCTION    
10.0                                                        ELEVATION CUTOFF    
One-way carrier phase leveled to code                       OBSERVABLES USED    
  6371.0                                                    BASE RADIUS         
 2                                                          MAP DIMENSION       
   450.0 450.0   0.0                                        HGT1 / HGT2 / DHGT  
    87.5 -87.5  -2.5                                        LAT1 / LAT2 / DLAT  
  -180.0 180.0   5.0                                        LON1 / LON2 / DLON  
    -1                                                      EXPONENT            
                                                            END OF HEADER       
[from data line 2574]
     7                                                      START OF TEC MAP    
  2015     8    21    12     0     0                        EPOCH OF CURRENT MAP
    87.5-180.0 180.0   5.0 450.0                            LAT/LON1/LON2/DLON/H
  113  121  120  119  118  118  118  118  118  118  118  118  119  119  119  119
  119  119  119  119  119  119  118  118  118  117  117  116  116  115  114  114
  113  112  111  111  110  110  109  109  108  108  107  108  108  108  107  108
  108  108  107  108  108  108  108  108  109  109  109  110  110  111  111  111
  112  112  112  113  114  114  124  109  113                                   
    85.0-180.0 180.0   5.0 450.0                            LAT/LON1/LON2/DLON/H
  115  118  118  115  117  115  119  117  120  118  120  118  120  118  120  118
  121  119  121  119  122  119  121  118  121  117  119  116  118  114  116  112
  113  109  110  106  108  104  105  102  104  101  103  101  103  101  103  101
  104  101  104  101  105  102  105  102  106  103  106  103  107  104  108  105
  110  107  111  109  112  113  119  123  115                                   
    82.5-180.0 180.0   5.0 450.0                            LAT/LON1/LON2/DLON/H
  111  114  115  111  113  111  114  112  115  113  115  113  115  113  116  114
  116  114  118  115  119  115  119  115  119  115  118  113  117  112  115  110
  111  107  108  104  104  101  101   99   99   97   98   96   98   96   98   97
   99   97   99   98  100   98  100   98  100   99  100   99  100   99  100  100
  101  101  103  103  106  104  106  106  111                                   
    80.0-180.0 180.0   5.0 450.0                            LAT/LON1/LON2/DLON/H
   97  102  101  103  103  104  105  106  106  106  106  107  106  107  107  107
  107  108  108  109  109  111  111  112  112  113  112  112  112  111  111  109
  109  106  106  103  103   99  100   97   97   95   97   96   98   96   99   98
  100   99  101   99  101   99  101   99   99   98   98   97   96   95   95   94
   94   94   94   94   95   94   91   98   97                                   
    77.5-180.0 180.0   5.0 450.0                            LAT/LON1/LON2/DLON/H
   87   92   89   91   91   95   93   95   94   95   94   95   93   94   93   95
   93   96   95   99   98  102  102  106  104  108  107  110  108  110  108  109
  106  107  103  103   99  100   97   98   95   97   95   98   97  100   99  102
  101  103  101  103  101  102   99  101   97   97   93   94   89   90   86   88
   84   85   82   83   82   81   80   87   87                                   
    75.0-180.0 180.0   5.0 450.0                            LAT/LON1/LON2/DLON/H
   74   77   79   81   81   83   84   84   83   84   83   84   81   83   81   83
   82   85   85   89   88   94   94   99   98  103  103  106  105  109  108  109
  106  108  105  105  102  102  100  100   99  100  101  102  102  104  105  106
  106  107  107  107  105  105  103  102   98   97   94   92   88   87   83   82
   78   78   75   74   73   72   71   80   74                                   
    72.5-180.0 180.0   5.0 450.0                            LAT/LON1/LON2/DLON/H
   67   69   69   70   72   73   73   75   73   74   72   72   71   71   70   72
   72   75   75   79   79   85   85   91   91   97   97  102  102  107  106  109
  107  109  106  107  104  105  102  104  102  105  104  107  106  110  109  112
  110  112  109  110  107  106  103  101   97   95   91   90   86   84   79   77
   74   71   68   67   65   63   65   71   67                                   
    70.0-180.0 180.0   5.0 450.0                            LAT/LON1/LON2/DLON/H
   60   58   63   62   63   64   66   65   66   66   66   65   66   65   66   66
   67   68   71   73   75   80   82   87   88   93   94   99  100  105  106  110
  108  113  109  112  109  111  108  111  109  112  111  113  113  114  115  114
  114  113  112  111  109  106  104  101   99   96   94   90   88   84   82   77
   74   70   67   64   62   58   59   64   60                                   
    67.5-180.0 180.0   5.0 450.0                            LAT/LON1/LON2/DLON/H
   57   56   55   55   56   56   58   58   58   59   60   60   61   62   64   64
   67   68   69   71   72   76   77   81   81   86   87   92   94  100  102  107
  108  112  111  113  112  113  112  114  113  116  115  118  116  117  114  115
  112  112  108  108  104  103   99   98   95   94   91   91   88   87   83   80
   76   71   66   61   59   54   57   57   57                                   
    65.0-180.0 180.0   5.0 450.0                            LAT/LON1/LON2/DLON/H
   55   50   53   51   51   51   53   53   55   55   58   59   62   62   66   66
   68   68   70   71   72   75   76   80   79   85   84   91   91   99  100  109
  109  116  113  119  115  119  116  121  119  123  121  124  120  119  116  115
  112  110  107  105  102  100   98   96   95   94   94   93   93   90   89   84
   81   75   70   64   61   55   55   54   55                                   
    62.5-180.0 180.0   5.0 450.0                            LAT/LON1/LON2/DLON/H
   56   53   48   47   47   45   46   47   48   49   52   55   58   62   65   68
   70   71   71   72   72   73   72   75   75   79   79   84   86   94   98  106
  110  115  116  119  118  119  119  122  122  125  124  125  121  119  114  113
  108  106  101  102   98   97   93   94   92   94   93   96   94   94   91   88
   83   78   72   65   61   57   58   52   56                                   
    60.0-180.0 180.0   5.0 450.0                            LAT/LON1/LON2/DLON/H
   55   49   49   45   43   43   43   42   43   45   48   52   57   60   65   68
   71   72   72   73   72   74   74   77   76   80   79   86   86   96   99  110
  112  120  118  124  120  125  122  129  128  134  130  132  126  124  118  115
  110  108  104  104  101  100   98   98   98   99  100  101  101   99   97   92
   88   83   76   70   66   60   59   52   55                                   
    57.5-180.0 180.0   5.0 450.0                            LAT/LON1/LON2/DLON/H
   59   56   49   45   43   40   40   37   37   37   41   44   49   54   58   64
   67   71   71   72   73   73   73   75   76   78   78   84   86   95  101  111
  116  123  124  128  127  129  129  132  134  138  137  137  132  129  122  119
  114  113  109  110  106  107  102  104  101  105  103  106  103  102   98   95
   87   84   77   71   66   62   61   52   59                                   
    55.0-180.0 180.0   5.0 450.0                            LAT/LON1/LON2/DLON/H
   59   53   50   43   41   39   37   34   33   32   34   38   41   47   52   59
   62   68   69   73   71   75   75   79   80   83   82   89   88  101  104  117
  120  130  129  136  132  138  135  143  141  149  146  147  140  138  130  128
  123  123  121  121  119  118  115  115  113  115  114  114  111  108  103   97
   91   86   79   74   71   66   64   55   59                                   
    52.5-180.0 180.0   5.0 450.0                            LAT/LON1/LON2/DLON/H
   63   61   53   47   44   40   39   34   31   28   28   30   33   39   44   53
   58   65   68   72   73   75   78   82   84   87   87   92   94  103  109  120
  126  134  138  142  143  146  147  150  153  157  157  155  151  146  141  137
  135  135  133  134  131  130  126  125  123  124  120  121  115  112  105  100
   91   86   79   75   71   67   66   57   63                                   
    50.0-180.0 180.0   5.0 450.0                            LAT/LON1/LON2/DLON/H
   63   59   56   48   47   43   41   35   32   27   26   26   29   33   39   47
   54   62   66   71   73   78   81   86   90   93   93   99   99  110  113  126
  130  142  144  153  152  159  158  166  164  171  166  168  160  158  151  150
  146  149  146  148  143  143  138  138  135  136  132  131  124  119  111  105
   96   90   83   78   76   71   69   62   63                                   
    47.5-180.0 180.0   5.0 450.0                            LAT/LON1/LON2/DLON/H
   67   66   59   54   52   48   47   40   36   30   26   25   26   29   34   43
   51   60   66   72   75   80   84   89   94   97   98  103  105  114  119  130
  136  147  154  160  166  170  175  177  180  180  179  175  172  165  163  158
  158  157  156  154  151  148  145  144  142  142  138  136  130  125  116  109
  101   95   86   82   78   73   72   66   67                                   
    45.0-180.0 180.0   5.0 450.0                            LAT/LON1/LON2/DLON/H
   67   65   64   57   57   54   54   47   43   36   32   28   29   31   35   42
   51   60   67   73   78   83   87   93   98  102  103  109  109  120  121  135
  139  153  159  172  178  188  190  194  194  196  191  189  181  177  171  169
  165  166  161  159  152  150  146  147  146  147  144  142  137  132  125  118
  110  105   96   91   85   78   75   73   67                                   
    42.5-180.0 180.0   5.0 450.0                            LAT/LON1/LON2/DLON/H
   70   70   65   63   61   59   59   55   51   44   39   35   33   34   37   44
   51   61   68   75   80   86   89   95   99  104  106  111  112  120  125  135
  143  156  167  179  191  199  205  207  209  206  204  198  192  186  181  175
  172  168  162  157  149  147  143  146  146  149  146  146  141  139  131  127
  118  113  104   97   90   82   81   78   70                                   
    40.0-180.0 180.0   5.0 450.0                            LAT/LON1/LON2/DLON/H
   74   69   69   64   64   64   64   61   59   53   49   44   43   41   45   48
   56   64   73   80   85   92   94   99  102  108  110  116  116  125  126  139
  145  162  174  194  205  218  223  228  228  227  222  217  210  204  196  191
  183  177  168  160  150  148  144  148  149  153  150  151  148  146  141  138
  131  125  116  107   97   90   86   86   74                                   
    37.5-180.0 180.0   5.0 450.0                            LAT/LON1/LON2/DLON/H
   78   76   70   70   67   67   67   66   64   59   56   51   50   49   51   54
   59   67   76   85   90   96   97  103  105  111  114  118  121  127  132  142
  152  168  185  206  224  237  245  249  247  247  240  235  229  223  216  209
  200  189  179  168  158  153  150  155  156  160  157  157  153  152  147  145
  138  132  123  113  103   94   92   92   78                                   
    35.0-180.0 180.0   5.0 450.0                            LAT/LON1/LON2/DLON/H
   83   78   74   70   68   68   68   66   65   63   62   58   58   57   57   58
   61   69   78   91   94  103  101  107  108  116  118  126  126  134  137  149
  158  178  197  224  243  262  268  273  274  272  269  263  258  251  245  234
  223  212  197  187  175  171  166  170  170  171  166  165  160  159  153  152
  145  139  129  120  109  102   99  100   83                                   
    32.5-180.0 180.0   5.0 450.0                            LAT/LON1/LON2/DLON/H
   89   86   77   77   71   70   68   67   65   64   64   63   64   63   62   62
   63   71   80   92   99  105  105  109  111  118  122  130  133  140  145  157
  169  190  212  241  264  282  289  295  298  300  298  295  290  285  275  265
  255  242  231  217  209  201  198  196  195  191  183  176  169  163  158  153
  147  139  132  121  113  106  105  105   89                                   
    30.0-180.0 180.0   5.0 450.0                            LAT/LON1/LON2/DLON/H
   95   90   84   80   74   71   67   65   64   64   65   65   67   67   65   64
   65   71   82   98  103  112  109  114  115  124  128  139  141  150  155  169
  181  204  228  260  282  300  310  318  324  327  329  328  326  323  314  305
  291  282  269  260  250  239  234  228  224  215  204  192  180  170  161  156
  147  140  131  123  114  111  110  110   95                                   
    27.5-180.0 180.0   5.0 450.0                            LAT/LON1/LON2/DLON/H
  104  100   90   89   82   75   70   68   66   66   66   67   71   71   69   68
   67   74   86  101  109  116  115  117  118  126  132  142  148  158  165  179
  193  217  249  281  302  321  330  340  347  353  357  359  359  358  352  342
  332  322  315  305  298  285  276  264  254  241  225  205  191  176  165  154
  144  136  128  120  115  113  113  115  104                                   
    25.0-180.0 180.0   5.0 450.0                            LAT/LON1/LON2/DLON/H
  111  107  101   97   89   81   74   70   68   67   66   68   72   73   70   68
   66   73   84  104  111  120  118  121  122  132  137  149  154  167  174  192
  205  238  270  303  319  340  351  362  371  378  386  390  392  391  386  380
  373  368  361  352  345  331  320  306  291  271  250  223  201  182  167  155
  143  136  127  122  116  116  117  118  111                                   
    22.5-180.0 180.0   5.0 450.0                            LAT/LON1/LON2/DLON/H
  123  115  109  108  100   90   83   78   74   73   69   71   74   74   74   70
   72   77   92  110  120  126  126  126  126  133  139  151  162  174  186  202
  223  258  293  319  340  360  369  381  387  399  405  413  414  415  411  407
  404  400  399  390  384  368  355  338  322  297  269  238  211  187  172  156
  144  134  128  122  117  116  119  121  123                                   
    20.0-180.0 180.0   5.0 450.0                            LAT/LON1/LON2/DLON/H
  129  126  119  122  111  102   92   85   80   77   73   73   75   76   76   72
   72   78   91  111  120  127  127  131  130  139  143  156  167  183  194  218
  238  280  310  339  355  373  382  394  404  415  424  432  435  437  434  432
  431  432  430  423  412  395  379  363  346  323  292  258  225  196  179  162
  148  139  131  126  119  116  119  122  129                                   
    17.5-180.0 180.0   5.0 450.0                            LAT/LON1/LON2/DLON/H
  137  128  125  129  120  109  102   93   87   82   76   75   74   76   76   73
   75   81   98  115  126  133  133  135  134  141  145  160  175  191  208  228
  258  293  323  347  367  383  394  407  414  426  433  443  445  447  445  443
  443  443  442  435  423  407  389  373  356  332  304  269  239  205  189  166
  158  141  139  128  123  116  118  121  137                                   
    15.0-180.0 180.0   5.0 450.0                            LAT/LON1/LON2/DLON/H
  136  132  129  134  126  119  107   99   92   85   81   76   75   76   76   74
   76   82   94  114  123  134  134  140  139  147  151  167  181  202  217  243
  273  309  333  358  374  388  402  416  427  438  445  454  456  459  458  457
  457  457  453  444  429  411  393  379  362  344  318  287  252  224  200  183
  170  160  149  141  127  121  119  121  136                                   
    12.5-180.0 180.0   5.0 450.0                            LAT/LON1/LON2/DLON/H
  140  131  128  134  128  119  111  101   95   88   81   77   73   74   74   73
   77   82   97  112  125  136  138  144  144  152  159  176  193  214  235  262
  292  320  344  366  380  397  409  424  433  445  450  457  459  461  459  457
  457  452  447  436  421  404  384  371  356  340  319  291  263  235  215  196
  187  170  163  147  138  125  125  118  140                                   
    10.0-180.0 180.0   5.0 450.0                            LAT/LON1/LON2/DLON/H
  138  131  126  129  124  120  109  100   94   87   83   76   74   72   74   74
   78   84   97  112  124  137  140  150  152  162  171  188  205  228  255  283
  310  334  357  374  390  402  417  432  444  456  460  467  467  469  467  465
  462  456  447  433  418  399  381  369  357  346  324  303  271  248  224  211
  200  189  179  166  150  140  133  126  138                                   
     7.5-180.0 180.0   5.0 450.0                            LAT/LON1/LON2/DLON/H
  142  130  125  127  123  114  108   97   92   86   79   74   69   68   70   71
   76   82   97  112  126  136  142  154  160  174  183  201  220  247  273  299
