data/unet/pred3100.15i
     1.0            IONOSPHERE MAPS     GNSS                IONEX VERSION / TYPE
pyspatialgeodesy        IME             05-JAN-18 20:20     PGM / RUN BY / DATE 
Map Name                                                    COMMENT             
Predicted global ionosphere maps (GIM).                     DESCRIPTION         
  2015    11     6     0     0     0                        EPOCH OF FIRST MAP  
  2015    11     7     0     0     0                        EPOCH OF LAST MAP   
  7200                                                      INTERVAL            
    13                                                      # OF MAPS IN FILE   
  NONE                                                      MAPPING FUNCTION    
10.0                                                        ELEVATION CUTOFF    
One-way carrier phase leveled to code                       OBSERVABLES USED    
  6371.0                                                    BASE RADIUS         
 2                                                          MAP DIMENSION       
   450.0 450.0   0.0                                        HGT1 / HGT2 / DHGT  
    87.5 -87.5  -2.5                                        LAT1 / LAT2 / DLAT  
  -180.0 180.0   5.0                                        LON1 / LON2 / DLON  
    -1                                                      EXPONENT            
                                                            END OF HEADER       
[from data line 4290]
    11                                                      START OF TEC MAP    
  2015    11     6    20     0     0                        EPOCH OF CURRENT MAP
    87.5-180.0 180.0   5.0 450.0                            LAT/LON1/LON2/DLON/H
  125   91   73   76   75   75   76   76   78   79   80   81   81   82   83   84
   83   84   84   84   83   83   81   81   79   78   77   76   74   73   72   70
   69   67   66   64   64   62   61   61   60   61   60   61   61   62   63   63
   64   65   65   65   66   67   67   68   68   69   69   69   69   70   70   70
   70   70   70   70   71   71   68  114  125                                   
    85.0-180.0 180.0   5.0 450.0                            LAT/LON1/LON2/DLON/H
   65   59   57   62   63   63   64   65   68   69   72   72   75   75   77   78
   79   79   79   78   79   77   76   74   74   71   70   67   66   62   62   58
   59   54   55   51   53   48   50   46   49   45   48   46   50   47   51   49
   52   51   54   52   55   53   56   55   57   55   57   56   58   56   58   55
   57   55   57   55   58   54   56   80   65                                   
    82.5-180.0 180.0   5.0 450.0                            LAT/LON1/LON2/DLON/H
   59   56   55   57   56   58   58   63   64   69   70   75   77   80   81   85
   85   88   86   88   86   87   83   83   79   78   73   73   68   68   63   63
   59   59   55   56   52   53   49   51   47   50   47   50   48   51   50   53
   52   55   53   56   54   57   55   58   55   58   55   57   55   57   54   55
   52   54   51   53   51   50   48   62   59                                   
    80.0-180.0 180.0   5.0 450.0                            LAT/LON1/LON2/DLON/H
   62   53   53   52   54   55   58   62   67   70   76   79   85   87   92   94
   97   98  100  100   99   98   95   94   90   88   83   81   77   75   72   69
   66   64   62   59   58   54   54   51   51   49   50   49   51   50   53   53
   56   57   59   59   61   61   62   61   61   60   60   58   59   56   56   53
   53   51   51   48   49   47   44   53   62                                   
    77.5-180.0 180.0   5.0 450.0                            LAT/LON1/LON2/DLON/H
   58   51   47   46   49   48   53   56   62   67   74   79   85   90   95   99
  103  104  106  105  105  101  101   95   94   88   88   81   80   76   76   71
   70   67   66   63   61   58   56   54   53   52   53   53   54   55   57   59
   61   63   65   65   67   67   68   66   66   64   64   61   60   58   57   54
   53   51   50   47   46   44   41   46   58                                   
    75.0-180.0 180.0   5.0 450.0                            LAT/LON1/LON2/DLON/H
   60   51   49   50   50   53   56   60   66   72   80   86   94   99  106  110
  114  115  116  113  112  108  105   99   97   92   91   85   84   82   80   78
   77   77   74   72   68   66   62   60   58   58   57   58   59   61   63   64
   67   68   71   70   73   71   74   70   71   67   68   64   63   60   59   56
   55   53   52   49   49   47   46   54   60                                   
    72.5-180.0 180.0   5.0 450.0                            LAT/LON1/LON2/DLON/H
   65   58   55   56   56   57   60   63   69   75   84   92  101  107  115  118
  122  123  123  120  116  113  107  102   97   92   88   85   83   81   82   80
   81   79   78   75   73   69   65   62   59   59   57   59   58   62   64   67
   69   72   72   74   73   74   72   72   69   68   65   64   61   60   58   57
   54   55   53   52   50   50   48   56   65                                   
    70.0-180.0 180.0   5.0 450.0                            LAT/LON1/LON2/DLON/H
   71   61   62   61   63   64   68   71   77   83   94  101  112  118  126  128
  132  130  130  124  123  115  110  100   95   88   84   80   78   76   77   77
   79   79   78   76   73   70   65   62   59   57   56   56   57   60   63   65
   69   69   72   69   71   68   68   64   64   61   61   58   58   55   55   52
   52   50   52   49   50   50   52   64   71                                   
    67.5-180.0 180.0   5.0 450.0                            LAT/LON1/LON2/DLON/H
   72   67   69   71   73   73   77   79   87   93  104  112  122  128  134  136
  139  136  134  129  125  120  110  103   93   87   79   75   71   70   69   71
   71   72   71   71   68   65   61   57   54   52   51   51   52   54   57   60
   62   63   64   63   61   60   58   56   54   54   52   52   50   50   48   48
   46   46   45   46   46   47   49   63   72                                   
    65.0-180.0 180.0   5.0 450.0                            LAT/LON1/LON2/DLON/H
   74   66   74   76   80   82   88   90   98  105  117  125  135  140  146  148
  150  146  144  137  134  125  118  105   96   85   76   69   64   62   60   60
   62   62   62   61   59   55   52   50   47   46   44   45   46   49   51   52
   54   53   54   50   50   46   46   43   44   42   44   42   43   41   42   39
   40   38   39   37   42   41   48   65   74                                   
    62.5-180.0 180.0   5.0 450.0                            LAT/LON1/LON2/DLON/H
   68   69   76   83   88   89   95   98  106  113  125  133  144  148  155  154
  157  151  150  142  140  130  122  109   99   86   76   68   60   57   54   54
   52   53   52   50   48   45   43   41   40   39   39   38   39   40   42   42
   43   42   40   38   35   33   31   31   31   33   33   34   33   33   31   31
   30   30   30   31   34   34   40   59   68                                   
    60.0-180.0 180.0   5.0 450.0                            LAT/LON1/LON2/DLON/H
   66   65   76   82   91   96  103  107  115  123  134  143  153  157  162  162
  164  158  157  151  149  140  134  119  109   93   82   70   63   58   55   53
   51   48   47   42   41   37   36   35   35   35   35   36   36   37   36   37
   35   34   30   28   25   23   22   22   24   26   27   28   28   26   26   24
   25   23   26   24   29   28   38   56   66                                   
    57.5-180.0 180.0   5.0 450.0                            LAT/LON1/LON2/DLON/H
   63   71   77   87   97   99  107  109  119  126  138  146  157  160  167  165
  170  165  166  159  160  152  147  132  120  103   91   80   71   65   62   59
   57   52   49   43   40   36   36   35   36   36   37   36   36   35   34   33
   31   29   26   23   20   18   18   19   21   24   25   26   25   24   22   21
   21   21   24   25   28   28   37   50   63                                   
    55.0-180.0 180.0   5.0 450.0                            LAT/LON1/LON2/DLON/H
   70   74   83   92  104  109  118  122  131  138  148  154  164  166  172  171
  175  173  175  172  172  168  164  152  141  126  112  100   91   83   81   75
   72   64   59   50   45   40   39   39   41   42   43   43   42   40   38   37
   33   32   28   26   23   22   22   23   26   29   30   30   28   26   25   23
   25   25   31   30   36   34   45   55   70                                   
    52.5-180.0 180.0   5.0 450.0                            LAT/LON1/LON2/DLON/H
   80   91   97  108  117  120  128  131  139  144  153  157  166  168  173  174
  178  181  183  185  185  184  180  171  162  148  137  124  116  107  103   95
   89   79   72   62   57   50   49   49   51   52   53   53   51   49   46   44
   41   40   37   35   32   32   32   34   36   38   38   37   34   32   30   30
   32   35   41   44   48   48   58   63   80                                   
    50.0-180.0 180.0   5.0 450.0                            LAT/LON1/LON2/DLON/H
  101  105  119  129  138  144  151  154  161  165  170  173  177  177  180  182
  185  188  191  195  195  197  194  190  182  172  164  154  146  134  128  118
  109   97   87   76   70   62   61   60   61   62   64   63   62   59   56   55
   54   54   52   51   48   48   48   50   51   52   50   48   44   42   40   41
   45   49   57   61   68   68   78   83  101                                   
    47.5-180.0 180.0   5.0 450.0                            LAT/LON1/LON2/DLON/H
  122  134  145  156  163  168  172  175  179  182  185  185  185  185  185  187
  190  194  198  203  205  208  208  206  202  196  189  179  169  156  145  133
  121  108   98   87   82   75   74   72   73   73   74   74   72   69   67   66
   66   67   67   66   65   65   65   66   66   65   62   59   54   52   50   52
   56   62   70   78   85   90   99  103  122                                   
    45.0-180.0 180.0   5.0 450.0                            LAT/LON1/LON2/DLON/H
  150  160  177  187  194  200  205  209  211  212  213  209  208  204  203  201
  203  205  207  211  214  218  220  221  220  216  210  197  184  166  153  137
  126  112  104   93   90   84   84   82   82   80   81   81   80   77   76   75
   76   79   80   81   80   81   81   80   79   77   72   68   63   60   60   61
   66   72   82   91  103  110  120  130  150                                   
    42.5-180.0 180.0   5.0 450.0                            LAT/LON1/LON2/DLON/H
  167  184  198  210  217  225  227  234  235  238  234  232  226  223  217  216
  216  217  218  221  223  229  231  236  236  234  223  207  187  166  147  130
  119  107  100   94   95   91   92   89   88   86   86   86   86   84   82   82
   84   85   88   88   89   89   90   89   87   84   78   73   69   67   66   67
   70   76   86   97  111  122  131  146  167                                   
    40.0-180.0 180.0   5.0 450.0                            LAT/LON1/LON2/DLON/H
  183  201  219  230  241  250  255  262  264  266  262  258  251  246  238  236
  232  233  230  233  233  239  241  248  249  244  231  207  185  156  138  122
  113  101   98   95   99   97   99   95   93   88   90   89   90   88   86   85
   87   88   90   90   91   92   94   93   91   86   81   76   74   70   71   68
   71   74   84   96  114  127  142  159  183                                   
    37.5-180.0 180.0   5.0 450.0                            LAT/LON1/LON2/DLON/H
  186  206  223  238  250  259  268  276  282  285  282  279  270  266  257  255
  250  250  247  248  247  251  252  258  257  252  232  208  177  147  128  115
  106   98   97   98  104  105  106  100   97   92   93   92   93   90   88   85
   85   85   86   86   87   88   91   92   89   87   81   78   75   73   71   68
   67   68   75   88  106  124  139  160  186                                   
    35.0-180.0 180.0   5.0 450.0                            LAT/LON1/LON2/DLON/H
  189  212  229  249  261  274  284  294  299  304  303  300  293  288  279  277
  271  272  267  268  264  265  263  266  264  256  236  207  178  149  135  126
  119  114  113  115  121  120  121  112  106   98   98   96   97   93   90   86
   85   83   82   82   82   85   88   90   88   86   82   80   79   77   75   68
   64   62   71   80  101  118  141  159  189                                   
    32.5-180.0 180.0   5.0 450.0                            LAT/LON1/LON2/DLON/H
  192  213  230  248  263  274  286  294  305  312  314  314  309  306  299  296
  292  290  288  287  283  280  276  275  270  260  239  213  187  164  156  151
  149  142  140  139  143  142  139  128  119  108  106  103  102   98   92   87
   83   80   76   76   76   81   84   88   86   85   81   81   80   80   77   70
   63   60   65   76   94  116  141  156  192                                   
    30.0-180.0 180.0   5.0 450.0                            LAT/LON1/LON2/DLON/H
  203  224  242  256  269  279  289  296  306  314  319  321  321  317  313  309
  304  302  300  300  297  292  285  281  274  264  247  226  210  196  196  198
  196  187  178  172  171  165  161  147  137  124  119  113  111  105   99   92
   87   82   76   74   75   81   87   91   91   89   86   85   86   84   81   74
   68   64   70   80   99  120  152  163  203                                   
    27.5-180.0 180.0   5.0 450.0                            LAT/LON1/LON2/DLON/H
  218  240  255  269  280  290  296  304  311  318  321  326  327  329  323  322
  316  315  312  315  312  307  298  291  282  275  264  252  244  244  255  260
  259  241  224  207  198  191  183  167  155  142  133  125  121  115  108  102
   94   89   81   78   76   84   89   96   96   94   90   90   90   89   86   80
   74   72   77   88  108  135  166  179  218                                   
    25.0-180.0 180.0   5.0 450.0                            LAT/LON1/LON2/DLON/H
  239  255  276  285  300  305  314  317  325  327  330  333  333  334  331  328
  325  322  323  325  324  319  308  299  293  289  287  286  291  302  321  332
  328  301  268  239  221  211  202  187  174  161  153  143  136  129  120  114
  107   99   91   87   87   92   99  104  105  101   96   92   92   89   88   85
   82   84   92  106  126  153  190  209  239                                   
    22.5-180.0 180.0   5.0 450.0                            LAT/LON1/LON2/DLON/H
  257  275  298  312  328  333  343  344  348  349  348  350  344  342  339  338
  334  333  333  337  336  331  321  314  311  314  320  328  346  365  389  401
  394  360  319  272  245  228  219  205  195  182  173  162  154  144  136  128
  122  114  106  101  100  104  110  114  112  108   99   94   90   88   87   86
   88   92  107  121  148  182  212  244  257                                   
    20.0-180.0 180.0   5.0 450.0                            LAT/LON1/LON2/DLON/H
  282  296  328  342  361  372  377  381  379  376  372  369  365  356  348  344
  341  339  341  343  345  339  333  330  333  342  356  372  394  417  446  448
  436  395  345  295  259  241  230  219  210  200  191  179  169  161  152  147
  141  134  128  121  120  122  126  124  122  113  104   94   90   86   87   88
   89  101  117  140  163  197  232  261  282                                   
    17.5-180.0 180.0   5.0 450.0                            LAT/LON1/LON2/DLON/H
  298  322  354  371  388  400  407  410  417  413  409  404  393  381  371  361
  356  352  354  354  355  351  349  351  362  375  395  413  440  464  482  479
  460  413  357  304  272  250  244  233  227  218  209  195  185  173  168  161
  157  150  145  140  138  139  138  136  130  120  106   97   87   86   86   88
   91  103  126  147  175  209  241  278  298                                   
    15.0-180.0 180.0   5.0 450.0                            LAT/LON1/LON2/DLON/H
  316  340  379  404  424  437  446  459  464  470  460  453  435  426  406  392
  382  373  369  367  365  363  366  376  392  411  434  452  477  487  494  478
  454  404  350  303  273  259  255  252  246  238  228  213  201  189  181  175
  171  166  162  157  154  151  149  142  135  120  107   94   86   83   84   86
   90  104  125  155  177  214  250  283  316                                   
    12.5-180.0 180.0   5.0 450.0                            LAT/LON1/LON2/DLON/H
  319  356  397  424  445  455  471  484  504  512  508  498  481  467  449  433
  418  406  395  387  384  382  390  404  428  449  471  486  500  501  491  468
  438  392  342  303  283  272  277  275  273  264  249  233  217  201  192  183
  182  176  174  169  161  156  149  143  132  121  104   94   84   84   83   86
   91  103  127  152  179  213  245  289  319                                   
    10.0-180.0 180.0   5.0 450.0                            LAT/LON1/LON2/DLON/H
  327  363  408  441  466  480  492  516  536  559  552  551  526  514  493  481
  459  443  429  417  411  409  420  439  463  483  500  511  514  498  478  444
  411  368  329  304  291  290  297  300  297  283  268  247  229  211  198  190
  185  182  180  172  162  153  147  136  129  114  101   90   82   82   83   85
   92  103  126  152  174  210  248  284  327                                   
     7.5-180.0 180.0   5.0 450.0                            LAT/LON1/LON2/DLON/H
  321  367  412  448  474  487  500  517  543  565  574  578  564  553  528  523
  501  483  466  453  447  445  458  475  497  512  525  532  523  497  469  433
