data/unet/pred2930.15i
     1.0            IONOSPHERE MAPS     GNSS                IONEX VERSION / TYPE
pyspatialgeodesy        IME             05-JAN-18 20:20     PGM / RUN BY / DATE 
Map Name                                                    COMMENT             
Predicted global ionosphere maps (GIM).                     DESCRIPTION         
  2015    10    20     0     0     0                        EPOCH OF FIRST MAP  
  2015    10    21     0     0     0                        EPOCH OF LAST MAP   
  7200                                                      INTERVAL            
    13                                                      # OF MAPS IN FILE   
  NONE                                                      MAPPING FUNCTION    
10.0                                                        ELEVATION CUTOFF    
One-way carrier phase leveled to code                       OBSERVABLES USED    
  6371.0                                                    BASE RADIUS         
 2                                                          MAP DIMENSION       
   450.0 450.0   0.0                                        HGT1 / HGT2 / DHGT  
    87.5 -87.5  -2.5                                        LAT1 / LAT2 / DLAT  
  -180.0 180.0   5.0                                        LON1 / LON2 / DLON  
    -1                                                      EXPONENT            
                                                            END OF HEADER       
[from data line 858]
     3                                                      START OF TEC MAP    
  2015    10    20     4     0     0                        EPOCH OF CURRENT MAP
    87.5-180.0 180.0   5.0 450.0                            LAT/LON1/LON2/DLON/H
   56   88   81   79   75   74   72   74   74   76   75   78   77   80   79   81
   81   83   82   84   83   84   83   83   83   83   82   81   81   80   81   79
   80   80   81   80   82   82   83   84   85   86   86   87   87   87   86   86
   86   85   85   84   84   83   83   82   82   82   81   81   82   80   80   78
   79   76   78   77   80   78   93   63   56                                   
    85.0-180.0 180.0   5.0 450.0                            LAT/LON1/LON2/DLON/H
   91   81   61   66   62   59   59   59   61   62   64   66   68   71   73   75
   77   79   79   80   80   81   79   79   78   78   76   76   75   75   75   75
   75   77   76   79   78   81   80   83   82   85   84   87   86   88   86   88
   87   88   87   87   86   85   85   84   84   83   83   81   83   80   80   76
   77   73   74   72   73   69   84   96   91                                   
    82.5-180.0 180.0   5.0 450.0                            LAT/LON1/LON2/DLON/H
   90   56   62   58   54   46   48   47   51   50   57   57   64   64   72   72
   77   77   80   78   79   76   76   72   71   67   66   63   62   59   60   60
   61   61   63   65   67   70   71   74   77   79   81   84   85   87   88   89
   91   91   93   92   94   92   95   92   96   92   95   90   93   88   90   85
   86   81   83   76   77   71   86   90   90                                   
    80.0-180.0 180.0   5.0 450.0                            LAT/LON1/LON2/DLON/H
   94   65   62   58   51   47   44   47   47   51   54   60   65   70   76   79
   84   85   87   86   85   82   78   75   69   66   60   58   55   54   52   54
   54   56   58   62   64   67   70   73   77   80   84   87   90   93   95   97
   99  100  102  103  105  105  108  106  108  106  107  104  106  103  103  102
  101   99   97   97   91   83   90   96   94                                   
    77.5-180.0 180.0   5.0 450.0                            LAT/LON1/LON2/DLON/H
  104   70   69   62   50   44   38   40   37   43   44   53   56   65   68   76
   78   82   82   83   79   77   71   67   60   56   50   47   44   43   42   43
   44   46   49   53   56   60   63   67   71   74   77   82   85   89   91   95
   96  101  106  111  114  118  121  122  124  123  122  120  119  117  116  113
  111  109  109  108  106   98  108  100  104                                   
    75.0-180.0 180.0   5.0 450.0                            LAT/LON1/LON2/DLON/H
  108   83   75   68   54   45   37   38   35   38   41   47   52   58   65   70
   75   76   79   77   74   71   65   59   52   46   42   37   35   33   33   33
   36   38   43   45   50   53   58   60   64   67   71   75   79   82   87   89
   96  101  110  115  122  128  132  135  138  139  139  136  135  131  129  126
  125  124  122  121  118  110  117  109  108                                   
    72.5-180.0 180.0   5.0 450.0                            LAT/LON1/LON2/DLON/H
  121   94   88   78   63   49   41   37   35   36   39   42   47   52   59   63
   69   70   73   71   70   66   63   56   51   44   41   35   34   31   34   32
   36   37   41   43   48   50   54   56   60   61   67   69   74   77   84   90
  100  108  119  127  136  144  149  153  155  157  154  153  151  147  141  138
  134  134  133  134  134  129  134  125  121                                   
    70.0-180.0 180.0   5.0 450.0                            LAT/LON1/LON2/DLON/H
  132  113  102   90   74   59   51   45   40   39   39   41   44   47   52   56
   61   62   67   64   66   61   61   53   52   43   44   37   38   35   37   35
   39   38   42   42   46   45   50   49   54   54   60   61   67   71   82   91
  102  112  126  136  149  160  167  173  174  173  169  165  161  154  150  143
  141  140  141  144  146  142  145  139  132                                   
    67.5-180.0 180.0   5.0 450.0                            LAT/LON1/LON2/DLON/H
  140  124  117  104   85   70   60   52   47   44   41   41   39   41   42   47
   49   54   56   59   58   58   56   54   52   50   48   46   45   44   43   42
   42   40   41   41   42   40   43   42   46   47   54   56   63   69   82   92
  106  118  135  146  163  176  185  190  191  188  180  174  167  159  150  143
  138  138  140  145  149  152  154  147  140                                   
    65.0-180.0 180.0   5.0 450.0                            LAT/LON1/LON2/DLON/H
  147  136  125  112   95   80   72   65   58   54   47   47   40   41   38   41
   43   46   50   52   55   54   56   52   56   52   55   53   54   53   52   49
   47   43   42   40   38   36   36   35   39   41   48   51   59   70   83   96
  110  122  140  155  174  189  199  203  205  199  191  181  174  162  151  140
  134  131  133  138  145  148  156  150  147                                   
    62.5-180.0 180.0   5.0 450.0                            LAT/LON1/LON2/DLON/H
  147  135  128  115   99   86   77   71   66   61   54   50   41   38   33   36
   36   42   43   49   50   53   52   54   54   56   57   59   58   58   54   52
   46   42   38   34   32   29   29   29   33   37   44   50   59   71   87  100
  115  127  146  162  184  198  208  215  218  212  202  192  183  170  154  142
  131  127  128  133  140  146  154  149  147                                   
    60.0-180.0 180.0   5.0 450.0                            LAT/LON1/LON2/DLON/H
  147  136  126  115  100   88   82   75   71   67   59   55   46   42   37   38
   41   43   47   49   53   50   52   50   54   52   58   57   60   57   54   49
   45   39   35   31   29   25   25   25   30   34   42   50   61   77   91  105
  119  131  151  168  191  205  217  223  229  223  215  205  197  185  169  155
  142  134  132  132  136  137  147  145  147                                   
    57.5-180.0 180.0   5.0 450.0                            LAT/LON1/LON2/DLON/H
  146  131  124  113   98   87   80   76   72   68   63   58   50   45   39   41
   42   47   48   51   51   51   47   48   49   51   53   55   54   53   48   44
   39   34   31   28   27   25   26   27   32   37   46   55   67   83   98  111
  124  135  155  174  197  212  225  234  241  238  231  224  215  205  190  178
  162  153  145  143  144  144  148  144  146                                   
    55.0-180.0 180.0   5.0 450.0                            LAT/LON1/LON2/DLON/H
  151  140  129  116  102   90   85   78   74   69   65   58   55   48   48   46
   53   51   56   52   53   47   45   41   43   42   47   47   48   44   42   38
   36   32   31   30   30   30   30   32   37   42   50   60   72   90  103  117
  129  140  159  179  202  218  233  242  252  252  250  245  239  231  217  206
  191  180  170  165  159  153  155  150  151                                   
    52.5-180.0 180.0   5.0 450.0                            LAT/LON1/LON2/DLON/H
  164  151  142  128  110   98   89   81   76   70   66   61   58   54   54   54
   58   58   58   56   53   48   43   41   41   43   45   46   44   42   39   35
   35   34   36   36   39   39   40   42   46   51   59   70   83  100  113  126
  137  148  166  186  210  226  242  252  263  266  265  264  260  255  245  234
  218  208  192  186  179  176  172  164  164                                   
    50.0-180.0 180.0   5.0 450.0                            LAT/LON1/LON2/DLON/H
  183  173  163  147  129  114  102   90   83   73   68   61   62   55   60   55
   63   57   61   53   53   44   42   38   42   42   46   45   45   40   39   36
   38   38   43   47   52   53   54   56   58   63   70   80   94  112  125  139
  149  162  180  201  221  238  252  262  272  276  277  278  277  277  268  260
  245  233  220  211  202  193  193  182  183                                   
    47.5-180.0 180.0   5.0 450.0                            LAT/LON1/LON2/DLON/H
  204  195  189  175  154  136  120  104   91   80   72   64   64   60   62   59
   63   59   59   54   53   49   46   46   49   52   52   53   50   47   43   42
   45   48   55   61   66   68   69   70   72   76   83   94  109  128  144  158
  169  182  200  218  235  249  264  274  283  285  286  287  288  286  280  272
  258  246  232  223  217  210  209  199  204                                   
    45.0-180.0 180.0   5.0 450.0                            LAT/LON1/LON2/DLON/H
  219  214  208  200  183  165  145  124  107   92   82   72   71   64   66   60
   64   55   59   52   55   50   54   53   59   60   64   61   60   54   52   49
   53   58   68   74   81   83   84   84   85   88   95  108  125  146  161  177
  189  205  220  237  252  266  278  285  291  292  288  290  288  289  281  273
  259  248  237  230  225  218  222  211  219                                   
    42.5-180.0 180.0   5.0 450.0                            LAT/LON1/LON2/DLON/H
  226  222  221  216  201  188  169  145  123  105   93   84   80   72   71   64
   65   58   60   57   62   63   66   70   73   76   75   74   69   65   61   60
   62   68   77   86   92   96   96   95   97  101  110  127  148  167  184  201
  214  230  243  258  271  283  292  298  301  298  294  291  290  286  279  269
  254  243  233  227  224  221  224  219  226                                   
    40.0-180.0 180.0   5.0 450.0                            LAT/LON1/LON2/DLON/H
  227  225  222  223  214  203  186  164  139  120  105   96   90   82   78   69
   69   62   66   64   74   74   81   82   86   84   85   80   76   71   69   66
   69   73   82   90   98  102  103  102  106  110  123  142  163  183  201  219
  233  248  263  276  290  299  307  310  310  306  300  298  294  291  281  269
  253  241  233  229  225  221  229  220  227                                   
    37.5-180.0 180.0   5.0 450.0                            LAT/LON1/LON2/DLON/H
  223  220  218  220  211  206  191  173  148  129  115  105   99   93   88   79
   79   73   79   79   88   92   93   95   93   91   86   83   77   75   72   70
   71   75   83   93   99  106  106  108  111  120  137  158  180  200  219  237
  251  267  279  294  306  316  322  325  325  320  316  312  310  305  294  280
  261  251  243  237  232  226  229  223  223                                   
    35.0-180.0 180.0   5.0 450.0                            LAT/LON1/LON2/DLON/H
  225  219  211  212  207  202  190  174  152  136  122  114  109  103   99   92
   92   89   96   98  105  105  105  100   97   90   87   80   77   75   74   72
   73   76   82   91   97  103  105  106  113  124  145  166  190  208  229  246
  262  276  290  302  316  326  339  342  347  343  343  342  343  337  325  308
  291  280  273  266  255  243  244  229  225                                   
    32.5-180.0 180.0   5.0 450.0                            LAT/LON1/LON2/DLON/H
  235  222  209  204  195  190  177  165  147  133  122  116  112  109  106  103
  105  106  113  115  119  116  111  104   96   89   82   79   74   76   75   75
   75   77   81   89   96  103  104  109  114  130  150  174  196  215  234  250
  266  279  292  305  321  336  351  362  372  376  379  381  382  378  368  356
  340  330  320  308  290  272  263  252  235                                   
    30.0-180.0 180.0   5.0 450.0                            LAT/LON1/LON2/DLON/H
  262  236  215  203  191  181  167  152  139  128  119  115  113  112  111  110
  115  118  124  127  126  119  110  100   93   85   80   78   77   79   80   80
   79   80   81   88   94  101  103  106  114  127  150  173  197  214  232  248
  265  278  293  305  326  344  365  380  398  409  421  428  433  431  426  415
  405  399  393  375  352  324  305  284  262                                   
    27.5-180.0 180.0   5.0 450.0                            LAT/LON1/LON2/DLON/H
  314  267  239  216  194  179  158  143  129  120  112  110  108  110  109  111
  119  124  131  131  127  117  105   97   91   88   86   87   87   90   90   91
   89   87   86   92   96  102  102  107  111  125  148  173  195  211  228  240
  257  268  287  305  328  350  373  391  415  437  457  471  482  484  484  480
  473  472  465  449  421  399  359  340  314                                   
    25.0-180.0 180.0   5.0 450.0                            LAT/LON1/LON2/DLON/H
  377  317  280  244  214  190  165  145  130  119  112  108  107  107  109  111
  118  122  126  124  117  107   99   93   95   99  103  106  108  108  110  107
  105  100   97   98   98  103  102  104  108  117  140  169  191  207  222  234
  249  265  289  314  338  366  392  418  443  467  486  502  521  530  534  540
  541  544  542  529  504  485  446  415  377                                   
    22.5-180.0 180.0   5.0 450.0                            LAT/LON1/LON2/DLON/H
  444  390  342  289  250  219  188  162  143  129  121  116  111  111  108  110
  114  117  118  114  107   99   94   99  109  124  131  138  137  138  134  129
  124  116  111  106  102  104  102  102  104  111  134  160  188  202  221  232
  250  267  297  325  355  387  419  451  480  505  524  543  560  569  580  589
  595  600  602  590  574  563  530  493  444                                   
    20.0-180.0 180.0   5.0 450.0                            LAT/LON1/LON2/DLON/H
  504  456  406  356  314  271  234  201  177  155  143  132  127  122  117  113
  113  110  108  103   96   94   97  113  137  159  178  184  185  173  162  151
  143  131  122  114  106  103   97   95   95  103  123  152  180  201  220  236
  257  281  313  348  381  420  453  485  515  539  554  576  595  611  624  636
  643  649  648  640  629  620  613  563  504                                   
    17.5-180.0 180.0   5.0 450.0                            LAT/LON1/LON2/DLON/H
  553  506  457  418  380  343  294  257  225  205  186  170  156  147  135  127
  118  111  106  101   98  102  113  140  172  209  234  245  237  215  194  170
  158  142  132  120  111  103   96   91   91  100  120  149  183  205  228  246
  274  299  335  371  413  455  489  518  549  570  584  600  615  629  642  655
  660  666  666  661  659  659  655  615  553                                   
    15.0-180.0 180.0   5.0 450.0                            LAT/LON1/LON2/DLON/H
  593  555  514  475  447  418  377  337  299  269  244  225  207  187  170  151
  139  125  119  112  113  121  143  174  220  264  297  299  279  244  214  185
  167  149  138  125  117  107   93   87   86   97  118  150  183  209  234  259
  290  319  359  400  446  486  516  545  570  591  601  610  620  629  645  654
  662  664  667  664  669  675  687  656  593                                   
    12.5-180.0 180.0   5.0 450.0                            LAT/LON1/LON2/DLON/H
  622  596  570  537  509  488  450  419  380  350  315  291  265  243  221  196
  173  156  146  140  143  156  181  222  275  328  349  343  307  259  224  191
  171  153  143  131  123  110   97   87   87   97  119  153  189  215  243  272
  306  339  380  429  476  510  536  560  588  603  609  612  615  624  631  641
  644  649  653  655  665  680  699  675  622                                   
    10.0-180.0 180.0   5.0 450.0                            LAT/LON1/LON2/DLON/H
  646  632  616  594  574  554  522  495  464  438  405  376  338  307  277  247
  225  202  194  186  195  204  235  278  333  372  385  359  316  261  222  192
  171  153  143  134  125  114   98   86   86   99  121  157  192  220  251  280
  318  351  397  445  488  519  543  564  587  603  608  610  614  617  624  628
  632  633  642  645  659  675  703  689  646                                   
     7.5-180.0 180.0   5.0 450.0                            LAT/LON1/LON2/DLON/H
  660  658  648  636  626  611  581  553  525  500  469  444  412  377  342  310
  280  258  247  246  250  270  300  339  371  397  385  353  306  253  218  190
