data/unet/pred0400.15i
     1.0            IONOSPHERE MAPS     GNSS                IONEX VERSION / TYPE
pyspatialgeodesy        IME             05-JAN-18 20:20     PGM / RUN BY / DATE 
Map Name                                                    COMMENT             
Predicted global ionosphere maps (GIM).                     DESCRIPTION         
  2015     2     9     0     0     0                        EPOCH OF FIRST MAP  
  2015     2    10     0     0     0                        EPOCH OF LAST MAP   
  7200                                                      INTERVAL            
    13                                                      # OF MAPS IN FILE   
  NONE                                                      MAPPING FUNCTION    
10.0                                                        ELEVATION CUTOFF    
One-way carrier phase leveled to code                       OBSERVABLES USED    
  6371.0                                                    BASE RADIUS         
 2                                                          MAP DIMENSION       
   450.0 450.0   0.0                                        HGT1 / HGT2 / DHGT  
    87.5 -87.5  -2.5                                        LAT1 / LAT2 / DLAT  
  -180.0 180.0   5.0                                        LON1 / LON2 / DLON  
    -1                                                      EXPONENT            
                                                            END OF HEADER       
[from data line 5148]
    13                                                      START OF TEC MAP    
  2015     2    10     0     0     0                        EPOCH OF CURRENT MAP
    87.5-180.0 180.0   5.0 450.0                            LAT/LON1/LON2/DLON/H
  167  139  142  143  146  148  154  157  161  162  164  164  165  166  167  167
  167  165  164  160  157  152  149  144  141  136  133  129  125  122  119  114
  112  109  109  106  106  103  104  100  101   98  100   97  100   98  101  100
  103  103  106  107  109  110  112  113  115  116  118  119  120  120  120  120
  120  120  121  123  131  130  129  158  167                                   
    85.0-180.0 180.0   5.0 450.0                            LAT/LON1/LON2/DLON/H
  146  147  162  165  170  169  178  176  183  180  186  182  187  183  187  182
  185  180  180  173  172  165  163  154  151  142  139  130  126  118  116  108
  106  100  100   95   95   90   92   87   89   85   89   86   90   88   94   94
  100   99  106  105  111  111  116  116  120  120  124  124  126  126  128  127
  129  128  132  133  143  138  137  138  146                                   
    82.5-180.0 180.0   5.0 450.0                            LAT/LON1/LON2/DLON/H
  162  169  185  193  197  199  206  207  214  213  218  215  219  215  218  213
  213  208  206  199  196  187  182  171  165  154  149  138  131  121  115  106
  102   94   93   87   87   82   84   81   83   80   85   83   88   88   95   96
  103  103  110  110  116  116  122  121  127  126  131  129  134  133  137  136
  140  139  145  146  155  154  152  151  162                                   
    80.0-180.0 180.0   5.0 450.0                            LAT/LON1/LON2/DLON/H
  180  194  211  219  223  228  234  237  241  241  244  243  243  241  241  238
  236  232  229  224  218  212  203  195  184  175  164  153  141  131  121  112
  103   97   93   89   87   86   86   86   86   87   89   90   92   94   98  101
  106  108  112  114  118  119  124  124  128  128  131  132  135  136  139  141
  145  148  153  159  165  167  164  165  180                                   
    77.5-180.0 180.0   5.0 450.0                            LAT/LON1/LON2/DLON/H
  201  209  227  238  246  252  260  261  266  263  266  261  261  255  253  248
  246  241  238  233  228  223  216  209  200  191  181  170  158  146  134  124
  114  107  102   98   97   96   97   96   98   97   99   98  100   99  102  103
  106  107  110  112  114  115  119  119  122  122  125  126  129  130  134  138
  143  150  155  162  169  171  172  174  201                                   
    75.0-180.0 180.0   5.0 450.0                            LAT/LON1/LON2/DLON/H
  213  227  246  259  266  275  280  283  283  281  277  271  263  255  246  239
  233  229  224  223  219  219  213  212  204  200  190  182  171  161  148  138
  127  120  114  111  110  110  111  111  112  110  112  109  109  107  107  106
  107  107  108  108  109  109  111  112  114  115  118  119  123  125  130  135
  143  150  159  166  174  178  182  185  213                                   
    72.5-180.0 180.0   5.0 450.0                            LAT/LON1/LON2/DLON/H
  232  240  262  276  285  294  302  303  305  297  292  276  264  245  231  218
  208  201  196  194  195  197  198  199  198  196  190  184  175  165  153  143
  133  128  123  121  120  121  121  123  122  122  120  119  115  112  110  108
  105  104  104  103  102  100  101  100  103  104  107  111  116  121  128  136
  146  157  166  175  183  189  195  203  232                                   
    70.0-180.0 180.0   5.0 450.0                            LAT/LON1/LON2/DLON/H
  252  263  287  300  308  318  325  330  327  322  307  289  263  237  212  191
  174  164  158  158  160  168  172  179  181  183  178  173  166  157  147  139
  132  130  127  127  126  128  128  129  128  128  125  122  117  113  109  105
  101   98   97   95   91   90   89   90   90   93   97  104  112  121  130  141
  155  166  179  189  198  206  215  228  252                                   
    67.5-180.0 180.0   5.0 450.0                            LAT/LON1/LON2/DLON/H
  278  286  311  323  331  341  349  353  354  346  333  305  273  236  201  172
  147  132  122  121  125  132  141  150  154  158  154  152  143  137  127  124
  120  120  119  120  119  121  120  120  118  117  112  109  103  101   96   93
   89   88   86   82   80   76   76   76   79   82   88   97  109  121  134  148
  165  179  193  205  216  226  236  252  278                                   
    65.0-180.0 180.0   5.0 450.0                            LAT/LON1/LON2/DLON/H
  302  315  338  346  352  363  370  377  378  376  359  335  293  251  207  168
  139  115  103   95   99  104  115  121  128  129  127  121  116  108  103   99
  101  100  103  103  105  105  106  104  103   98   96   90   88   83   82   77
   76   74   74   70   67   64   63   65   68   75   84   97  112  127  145  160
  179  194  210  224  235  246  260  277  302                                   
    62.5-180.0 180.0   5.0 450.0                            LAT/LON1/LON2/DLON/H
  327  337  354  360  366  375  383  392  395  395  383  360  325  279  230  187
  148  120   99   89   86   89   94   99  102  101   96   91   85   79   76   75
   77   79   80   82   84   85   84   83   79   77   73   71   68   66   64   62
   62   63   63   60   58   55   56   58   64   73   86  102  123  140  160  177
  197  212  229  242  254  264  277  296  327                                   
    60.0-180.0 180.0   5.0 450.0                            LAT/LON1/LON2/DLON/H
  343  357  370  374  379  386  392  404  409  413  401  388  356  316  264  221
  178  146  121  105   98   92   92   87   86   78   73   65   62   56   57   56
   61   61   63   64   67   66   67   63   63   58   59   55   57   52   52   48
   53   53   56   55   53   52   53   57   67   78   94  113  138  158  178  195
  214  231  246  260  270  283  297  315  343                                   
    57.5-180.0 180.0   5.0 450.0                            LAT/LON1/LON2/DLON/H
  359  371  382  385  386  391  395  404  410  414  408  398  377  345  306  263
  223  188  159  136  119  107   96   86   76   66   57   52   48   46   47   49
   51   52   53   55   56   57   55   54   51   50   50   49   48   46   44   45
   49   51   55   56   56   54   56   63   74   86  105  127  155  176  198  215
  235  249  264  277  289  301  314  331  359                                   
    55.0-180.0 180.0   5.0 450.0                            LAT/LON1/LON2/DLON/H
  374  393  401  403  402  403  402  408  410  415  408  405  388  367  337  302
  265  228  194  165  141  120  104   89   75   64   56   51   50   49   51   52
   55   55   56   57   59   57   59   55   57   54   57   54   55   48   49   47
   53   55   62   63   64   62   65   72   84   98  117  141  170  193  214  233
  251  267  282  296  311  327  342  353  374                                   
    52.5-180.0 180.0   5.0 450.0                            LAT/LON1/LON2/DLON/H
  392  412  421  423  421  417  411  410  408  406  401  396  387  374  356  330
  301  264  228  195  165  140  118  101   86   74   65   61   60   62   62   65
   65   67   67   70   69   70   69   70   69   70   70   69   65   61   58   58
   61   65   71   73   74   74   76   84   96  109  131  156  184  208  230  249
  268  284  302  319  337  351  366  375  392                                   
    50.0-180.0 180.0   5.0 450.0                            LAT/LON1/LON2/DLON/H
  411  438  446  447  447  441  428  422  413  407  395  392  384  378  365  348
  324  290  252  215  183  154  131  114   99   87   79   76   75   76   77   78
   79   79   82   83   86   86   88   87   89   87   89   84   82   74   72   69
   74   77   83   86   87   87   90   96  108  122  142  166  195  218  241  262
  280  302  322  344  362  380  396  397  411                                   
    47.5-180.0 180.0   5.0 450.0                            LAT/LON1/LON2/DLON/H
  427  455  465  470  471  465  450  439  425  411  396  386  379  374  366  354
  333  299  262  226  194  168  146  130  116  106   98   94   92   92   90   90
   89   91   93   97   99  102  102  105  104  105  103  101   96   90   85   84
   87   90   95   97   98   99  102  108  119  134  154  177  206  227  252  272
  294  315  342  363  384  398  413  411  427                                   
    45.0-180.0 180.0   5.0 450.0                            LAT/LON1/LON2/DLON/H
  441  474  481  491  495  491  476  464  444  428  405  392  379  374  366  355
  334  300  263  228  201  180  161  147  135  125  116  110  105  101   98   95
   94   95   99  102  107  110  113  114  116  115  116  112  110  103  100   97
  102  104  108  109  110  112  114  120  130  144  164  186  213  236  259  281
  301  326  352  374  395  412  427  420  441                                   
    42.5-180.0 180.0   5.0 450.0                            LAT/LON1/LON2/DLON/H
  444  476  485  498  507  507  497  487  466  447  421  401  384  375  366  352
  330  296  260  231  207  193  178  167  153  142  130  121  113  106   99   95
   93   95   98  104  108  113  115  119  120  123  122  121  117  113  110  109
  113  116  119  120  122  122  124  130  141  156  177  199  225  246  269  287
  308  331  357  377  400  414  427  422  444                                   
    40.0-180.0 180.0   5.0 450.0                            LAT/LON1/LON2/DLON/H
  437  466  473  489  502  506  501  495  477  461  432  411  391  380  368  354
  328  296  262  235  218  207  197  185  170  154  139  126  115  106   98   94
   92   94   98  104  109  114  117  120  124  126  129  127  126  123  122  122
  126  127  129  131  133  133  134  140  152  168  189  210  235  258  279  300
  316  339  361  380  399  411  424  412  437                                   
    37.5-180.0 180.0   5.0 450.0                            LAT/LON1/LON2/DLON/H
  431  449  457  468  482  489  489  487  476  462  438  417  398  385  372  355
  330  300  269  248  232  224  211  198  179  159  141  128  116  108  101   98
   96  101  103  112  115  120  120  125  127  132  133  133  130  128  127  128
  131  133  135  136  139  139  142  148  162  181  203  224  250  271  291  308
  325  343  362  379  398  405  409  402  431                                   
    35.0-180.0 180.0   5.0 450.0                            LAT/LON1/LON2/DLON/H
  433  443  442  446  454  460  458  462  456  449  430  417  400  391  378  363
  339  313  286  268  254  242  226  205  182  158  140  128  122  118  117  117
  118  123  125  132  133  135  134  134  138  140  143  140  138  134  133  133
  136  136  137  139  141  143  147  156  171  190  214  236  261  283  302  322
  336  353  369  385  400  406  412  400  433                                   
    32.5-180.0 180.0   5.0 450.0                            LAT/LON1/LON2/DLON/H
  463  462  453  445  444  443  440  441  437  431  418  409  400  394  383  370
  349  327  304  290  273  257  233  205  178  156  140  137  136  145  149  161
  165  175  173  177  171  168  159  157  155  155  153  149  143  138  135  133
  134  133  134  135  137  142  146  158  175  198  222  244  269  292  315  335
  350  363  378  394  412  418  424  412  463                                   
    30.0-180.0 180.0   5.0 450.0                            LAT/LON1/LON2/DLON/H
  527  532  509  490  472  458  440  434  422  413  401  397  394  393  385  375
  358  341  322  308  289  265  234  201  176  158  153  160  172  192  208  224
  234  243  239  231  219  207  195  182  179  174  170  162  154  144  140  134
  133  128  129  129  133  136  144  156  175  201  226  251  278  304  331  358
  374  388  401  412  428  439  453  450  527                                   
    27.5-180.0 180.0   5.0 450.0                            LAT/LON1/LON2/DLON/H
  616  624  599  576  547  521  491  469  442  422  403  395  392  391  385  376
  362  349  332  315  291  262  227  199  181  179  184  208  232  265  287  308
  320  328  320  306  283  258  233  216  203  196  185  174  160  148  141  134
  128  124  120  122  124  128  134  148  169  193  225  257  289  316  350  382
  404  420  432  441  457  472  496  513  616                                   
    25.0-180.0 180.0   5.0 450.0                            LAT/LON1/LON2/DLON/H
  728  754  726  704  672  642  600  560  512  470  432  411  402  394  385  373
  359  347  329  308  280  248  220  206  206  220  244  283  326  366  392  400
  407  404  392  368  337  299  265  242  228  213  200  184  167  152  144  134
  125  117  115  115  118  120  129  145  169  196  230  268  301  334  370  408
  437  456  473  482  502  525  567  597  728                                   
    22.5-180.0 180.0   5.0 450.0                            LAT/LON1/LON2/DLON/H
  821  870  860  844  805  777  732  690  628  565  504  465  441  421  400  379
  359  342  320  295  265  239  224  229  253  288  333  387  439  477  491  497
  483  476  447  416  371  331  285  261  240  226  206  189  169  154  143  133
  122  113  109  108  111  114  126  140  169  200  235  277  312  351  398  446
  481  507  528  540  566  593  643  688  821                                   
    20.0-180.0 180.0   5.0 450.0                            LAT/LON1/LON2/DLON/H
  901  968  988  983  969  943  906  856  784  707  628  566  521  480  442  406
  373  343  314  286  259  245  249  283  328  390  446  502  550  573  585  568
  542  508  477  429  380  332  291  264  244  229  210  193  171  153  142  130
  120  111  106  106  109  115  125  145  176  207  246  290  329  375  433  487
  532  564  593  611  644  675  724  765  901                                   
    17.5-180.0 180.0   5.0 450.0                            LAT/LON1/LON2/DLON/H
  928 1005 1042 1052 1046 1037 1015  984  928  851  760  693  629  575  514  462
  413  368  330  299  278  279  304  368  434  502  551  595  618  633  618  590
  539  504  461  412  356  311  269  252  234  222  204  190  169  154  142  130
  124  113  110  106  110  113  129  149  182  220  256  301  344  400  460  520
  575  615  649  674  709  739  780  809  928                                   
    15.0-180.0 180.0   5.0 450.0                            LAT/LON1/LON2/DLON/H
  938 1017 1061 1084 1101 1103 1104 1077 1038  974  905  827  758  692  621  549
  483  425  377  342  328  350  398  481  550  605  632  640  645  623  596  539
  497  452  410  358  313  274  244  231  220  212  199  183  165  151  142  133
  123  116  109  106  106  113  128  152  190  230  270  318  364  423  484  545
  602  648  686  714  749  773  808  822  938                                   
    12.5-180.0 180.0   5.0 450.0                            LAT/LON1/LON2/DLON/H
  896  989 1025 1056 1087 1113 1130 1124 1093 1044  982  923  853  787  713  642
  569  511  458  429  421  460  513  596  647  674  664  643  608  562  507  459
  413  373  331  297  262  241  225  221  212  208  194  180  162  153  143  136
  128  118  111  105  107  114  136  165  203  248  285  331  379  436  495  554
  614  661  702  732  764  779  803  802  896                                   
    10.0-180.0 180.0   5.0 450.0                            LAT/LON1/LON2/DLON/H
  846  920  970  998 1041 1084 1124 1132 1122 1081 1037  986  940  880  812  737
  670  611  563  541  541  585  637  692  714  694  660  589  528  456  409  353
  317  278  260  239  229  222  221  221  218  213  199  184  166  157  144  134
  126  121  111  107  107  118  141  174  220  264  304  351  396  448  502  558
  615  664  702  734  759  774  787  775  846                                   
     7.5-180.0 180.0   5.0 450.0                            LAT/LON1/LON2/DLON/H
  772  826  855  888  936 1004 1053 1082 1090 1071 1044 1010  974  930  873  810
  747  700  660  650  652  690  722  743  728  673  599  504  425  358  309  271
