data/unet/pred1490.15i
     1.0            IONOSPHERE MAPS     GNSS                IONEX VERSION / TYPE
pyspatialgeodesy        IME             05-JAN-18 20:20     PGM / RUN BY / DATE 
Map Name                                                    COMMENT             
Predicted global ionosphere maps (GIM).                     DESCRIPTION         
  2015     5    29     0     0     0                        EPOCH OF FIRST MAP  
  2015     5    30     0     0     0                        EPOCH OF LAST MAP   
  7200                                                      INTERVAL            
    13                                                      # OF MAPS IN FILE   
  NONE                                                      MAPPING FUNCTION    
10.0                                                        ELEVATION CUTOFF    
One-way carrier phase leveled to code                       OBSERVABLES USED    
  6371.0                                                    BASE RADIUS         
 2                                                          MAP DIMENSION       
   450.0 450.0   0.0                                        HGT1 / HGT2 / DHGT  
    87.5 -87.5  -2.5                                        LAT1 / LAT2 / DLAT  
  -180.0 180.0   5.0                                        LON1 / LON2 / DLON  
    -1                                                      EXPONENT            
                                                            END OF HEADER       
[from data line 1716]
     5                                                      START OF TEC MAP    
  2015     5    29     8     0     0                        EPOCH OF CURRENT MAP
    87.5-180.0 180.0   5.0 450.0                            LAT/LON1/LON2/DLON/H
  126  137  147  144  145  141  144  143  148  146  151  149  153  152  157  155
  160  159  163  161  164  161  164  160  161  158  160  156  158  155  156  154
  155  153  154  152  153  151  152  150  151  150  151  150  151  149  150  148
  148  145  146  142  143  138  138  134  135  130  131  127  129  125  127  124
  127  125  129  128  134  128  134  119  126                                   
    85.0-180.0 180.0   5.0 450.0                            LAT/LON1/LON2/DLON/H
  131  143  144  149  145  145  146  149  151  152  153  155  156  158  159  161
  162  164  165  166  166  167  165  166  165  165  164  164  163  163  163  162
  162  162  162  161  161  160  159  159  158  158  157  156  156  155  154  153
  152  151  149  148  147  145  143  142  141  139  137  136  136  134  133  132
  132  132  134  133  136  130  135  119  131                                   
    82.5-180.0 180.0   5.0 450.0                            LAT/LON1/LON2/DLON/H
  136  140  144  145  143  142  145  149  150  152  153  155  157  158  159  161
  163  166  165  167  167  168  166  167  164  166  163  164  162  163  161  163
  162  163  162  163  162  162  160  161  159  160  158  159  158  159  156  156
  155  155  152  151  150  149  147  146  144  143  141  140  139  137  136  135
  134  133  134  133  133  134  133  123  136                                   
    80.0-180.0 180.0   5.0 450.0                            LAT/LON1/LON2/DLON/H
  139  139  145  144  142  143  145  148  149  151  152  153  155  156  157  158
  161  161  163  162  165  161  163  158  161  156  158  155  158  156  159  158
  162  161  164  163  166  164  166  164  166  164  166  164  167  164  166  165
  166  164  163  162  162  160  157  156  153  152  147  147  144  143  138  138
  135  136  134  132  133  132  130  126  139                                   
    77.5-180.0 180.0   5.0 450.0                            LAT/LON1/LON2/DLON/H
  139  141  146  145  146  146  148  148  149  149  150  150  152  152  154  154
  157  157  159  158  159  157  156  154  152  151  148  149  148  150  151  155
  157  161  163  167  169  171  172  173  174  174  176  177  180  180  182  182
  183  182  180  179  177  174  172  169  167  163  161  158  156  153  151  148
  147  144  144  139  138  138  138  129  139                                   
    75.0-180.0 180.0   5.0 450.0                            LAT/LON1/LON2/DLON/H
  144  143  147  146  146  143  144  142  143  140  141  138  140  138  142  140
  145  144  148  146  149  145  146  140  140  135  136  132  136  135  142  144
  152  155  163  165  171  171  175  175  178  178  181  183  186  188  191  192
  193  193  192  190  188  185  183  179  176  172  170  167  165  162  161  157
  155  152  150  145  145  141  144  136  144                                   
    72.5-180.0 180.0   5.0 450.0                            LAT/LON1/LON2/DLON/H
  147  144  147  146  145  139  139  134  134  128  129  124  125  122  125  124
  128  129  133  134  136  134  134  130  128  123  121  120  122  126  131  139
  146  153  162  167  173  176  181  182  185  186  191  194  198  200  204  205
  207  206  206  203  201  196  193  188  186  181  179  175  174  171  169  165
  164  160  158  152  151  147  151  140  147                                   
    70.0-180.0 180.0   5.0 450.0                            LAT/LON1/LON2/DLON/H
  154  145  149  145  142  135  132  126  124  117  115  111  110  107  109  109
  114  115  122  123  128  126  127  122  121  115  115  112  116  119  127  134
  146  152  164  168  176  178  183  184  187  189  193  197  202  204  207  209
  209  209  206  204  200  197  193  189  186  184  181  181  179  178  176  174
  171  168  165  160  159  151  156  149  154                                   
    67.5-180.0 180.0   5.0 450.0                            LAT/LON1/LON2/DLON/H
  153  146  148  142  137  127  124  116  113  105  103   96   96   92   94   93
   98  101  107  112  117  118  119  116  114  110  109  109  111  117  123  133
  143  154  164  172  178  181  186  187  191  193  199  203  208  208  212  212
  213  209  206  201  199  193  190  185  184  181  182  180  181  180  181  177
  177  173  172  164  163  155  158  147  153                                   
    65.0-180.0 180.0   5.0 450.0                            LAT/LON1/LON2/DLON/H
  162  149  151  144  136  127  120  112  106   99   95   89   88   84   85   85
   89   92   99  104  111  113  115  113  113  109  110  110  115  120  129  137
  150  158  169  174  181  184  189  191  195  198  203  207  212  214  215  215
  213  209  203  198  192  188  183  180  178  177  178  179  179  181  180  180
  178  178  175  170  169  160  165  160  162                                   
    62.5-180.0 180.0   5.0 450.0                            LAT/LON1/LON2/DLON/H
  165  158  156  147  138  125  118  107  102   93   90   84   83   78   78   76
   79   81   87   92   99  102  106  105  108  106  108  112  117  123  131  142
  152  161  169  176  182  186  191  193  198  200  207  211  218  217  221  218
  217  209  204  197  192  186  182  176  175  173  174  175  177  177  179  177
  178  176  177  171  173  164  170  160  165                                   
    60.0-180.0 180.0   5.0 450.0                            LAT/LON1/LON2/DLON/H
  179  165  164  156  145  132  121  109  101   93   90   84   81   76   74   71
   72   73   79   83   90   92   97   98  102  102  107  114  122  129  138  147
  158  163  172  176  183  186  192  196  201  207  212  219  224  226  226  225
  220  214  206  199  193  187  181  177  174  173  174  175  176  176  176  177
  176  178  177  176  179  171  180  176  179                                   
    57.5-180.0 180.0   5.0 450.0                            LAT/LON1/LON2/DLON/H
  192  183  179  170  158  141  129  113  105   95   92   86   84   75   73   67
   68   66   70   72   78   80   85   88   94   98  106  114  125  133  143  151
  160  165  170  176  181  186  193  198  206  211  220  226  234  235  236  232
  231  222  217  208  203  196  191  185  182  180  181  181  180  179  179  177
  179  178  181  180  185  179  190  179  192                                   
    55.0-180.0 180.0   5.0 450.0                            LAT/LON1/LON2/DLON/H
  209  196  193  186  174  156  139  123  110  101   95   90   85   78   71   67
   63   62   63   64   67   69   74   78   87   93  105  116  129  137  149  155
  165  167  174  177  185  191  198  204  211  220  228  237  243  246  245  244
  239  234  226  222  215  211  204  201  196  195  193  191  189  185  182  181
  180  183  184  187  192  190  204  198  209                                   
    52.5-180.0 180.0   5.0 450.0                            LAT/LON1/LON2/DLON/H
  223  219  211  206  194  172  153  133  119  106  101   93   89   80   74   66
   64   60   62   60   63   62   66   69   80   89  102  115  129  139  149  157
  165  169  174  179  185  195  202  209  217  226  237  246  254  257  256  254
  250  246  241  236  234  228  223  219  216  214  211  207  201  195  190  187
  186  188  191  192  201  198  216  204  223                                   
    50.0-180.0 180.0   5.0 450.0                            LAT/LON1/LON2/DLON/H
  233  227  223  219  209  191  168  147  130  117  107  100   92   84   75   70
   65   64   62   62   60   60   61   65   76   87  102  116  131  141  152  160
  168  173  180  185  195  204  212  219  227  236  247  258  267  269  268  267
  262  259  253  251  246  242  236  233  227  226  221  219  210  204  197  194
  192  195  197  199  209  207  227  220  233                                   
    47.5-180.0 180.0   5.0 450.0                            LAT/LON1/LON2/DLON/H
  242  238  234  231  222  203  184  158  142  126  116  106   99   88   81   73
   73   70   71   67   66   62   63   66   76   87  103  115  130  141  152  161
  169  177  183  193  201  214  221  231  236  248  256  268  275  279  279  276
  271  267  262  259  256  252  248  243  239  237  233  227  221  213  207  202
  201  203  206  207  217  213  230  218  242                                   
    45.0-180.0 180.0   5.0 450.0                            LAT/LON1/LON2/DLON/H
  239  231  230  229  225  210  191  169  151  138  125  116  105   96   85   82
   78   80   78   77   72   68   68   70   80   92  106  119  131  143  154  164
  174  182  191  202  214  225  235  241  249  257  267  278  285  289  289  287
  281  278  269  268  260  257  248  242  235  233  229  226  220  217  212  211
  211  214  214  215  221  219  233  228  239                                   
    42.5-180.0 180.0   5.0 450.0                            LAT/LON1/LON2/DLON/H
  239  231  227  227  223  207  195  174  161  145  136  125  115  103   94   89
   90   89   91   86   83   77   76   78   87   96  109  119  132  143  154  165
  177  188  197  209  222  236  245  254  259  268  274  285  292  297  298  295
  292  285  279  273  268  259  252  244  239  236  234  231  229  226  226  224
  227  226  228  225  228  220  230  222  239                                   
    40.0-180.0 180.0   5.0 450.0                            LAT/LON1/LON2/DLON/H
  233  219  212  212  210  199  187  175  164  155  145  137  126  115  104  101
   98  100   98   96   90   85   83   85   94  103  114  124  134  146  156  168
  180  191  202  214  231  244  256  262  270  275  284  293  303  308  309  310
  304  302  293  291  281  272  260  251  244  239  238  237  237  238  238  242
  243  244  242  237  236  225  233  229  233                                   
    37.5-180.0 180.0   5.0 450.0                            LAT/LON1/LON2/DLON/H
  233  219  207  201  196  184  178  167  164  157  154  147  138  126  117  109
  109  106  106  100   97   90   90   91  100  108  118  126  136  146  158  168
  181  193  203  218  234  250  262  271  275  282  289  298  309  316  320  320
  321  316  313  309  305  294  284  271  268  260  262  258  262  260  266  267
  272  268  268  257  253  237  239  230  233                                   
    35.0-180.0 180.0   5.0 450.0                            LAT/LON1/LON2/DLON/H
  238  218  200  190  183  174  166  161  158  159  158  156  148  138  127  120
  114  112  108  104   98   94   94   96  103  111  121  130  138  152  162  174
  185  196  208  222  239  256  271  280  286  290  299  308  320  327  333  336
  338  339  339  339  339  330  323  310  304  294  292  288  288  288  292  295
  298  297  293  284  276  256  254  248  238                                   
    32.5-180.0 180.0   5.0 450.0                            LAT/LON1/LON2/DLON/H
  253  231  208  190  181  167  160  154  156  157  161  160  156  147  138  127
  122  113  110  102  101   95   98   99  107  114  124  131  142  152  165  175
  188  197  210  223  240  258  273  284  289  296  302  314  325  335  345  351
  359  360  368  368  376  369  371  358  358  344  343  333  334  330  335  335
  339  334  331  319  310  292  276  262  253                                   
    30.0-180.0 180.0   5.0 450.0                            LAT/LON1/LON2/DLON/H
  267  244  214  194  181  166  158  153  154  158  162  164  162  155  144  135
  123  116  108  104  101  100  102  106  112  119  127  136  145  158  167  179
  187  199  208  224  239  258  274  286  295  301  311  319  334  344  356  366
  376  384  393  402  412  414  419  414  414  399  394  378  377  368  372  368
  372  366  361  349  341  319  306  286  267                                   
    27.5-180.0 180.0   5.0 450.0                            LAT/LON1/LON2/DLON/H
  289  265  232  208  191  175  165  157  158  160  167  168  167  160  151  139
  129  116  111  105  107  105  111  113  121  125  134  139  149  158  169  176
  188  196  209  221  238  254  270  282  292  300  309  321  335  347  360  376
  389  405  418  432  446  454  466  465  470  457  450  433  428  416  418  410
  414  401  398  382  375  356  331  305  289                                   
    25.0-180.0 180.0   5.0 450.0                            LAT/LON1/LON2/DLON/H
  303  284  252  223  205  187  176  166  163  164  168  171  170  164  155  144
  131  121  113  112  113  118  121  127  129  134  138  144  150  160  167  176
  184  197  206  222  234  253  266  280  292  302  314  326  341  354  370  388
  406  425  442  461  478  492  505  512  516  504  491  473  461  451  445  440
  438  431  422  414  401  382  361  328  303                                   
    22.5-180.0 180.0   5.0 450.0                            LAT/LON1/LON2/DLON/H
  321  303  277  252  228  208  194  181  175  172  175  175  175  169  160  148
  137  126  122  120  127  129  138  137  142  141  144  144  149  155  164  168
  180  189  205  216  232  246  263  274  287  296  310  322  338  352  372  392
  414  438  456  480  498  519  534  544  546  535  519  499  487  475  470  462
  461  451  448  433  427  402  380  343  321                                   
    20.0-180.0 180.0   5.0 450.0                            LAT/LON1/LON2/DLON/H
  333  319  296  273  257  237  219  202  191  185  185  182  180  175  168  157
  146  135  131  133  138  146  149  154  151  152  147  149  147  154  159  168
  176  189  202  219  234  248  264  276  290  298  315  325  343  356  375  400
  423  448  466  489  509  530  545  554  558  545  532  512  501  492  484  479
  471  466  455  451  433  417  388  354  333                                   
    17.5-180.0 180.0   5.0 450.0                            LAT/LON1/LON2/DLON/H
  341  327  305  288  276  263  247  226  211  199  195  190  187  181  175  167
  157  147  143  145  152  155  162  159  160  153  151  144  143  146  151  159
  170  183  200  217  232  249  265  279  292  302  316  327  343  356  378  399
  424  446  464  483  498  516  526  537  537  534  522  513  503  498  492  485
  479  468  463  448  440  411  390  350  341                                   
    15.0-180.0 180.0   5.0 450.0                            LAT/LON1/LON2/DLON/H
  339  326  305  291  284  273  262  247  230  216  208  201  198  191  187  179
  171  162  156  157  159  165  165  168  162  157  148  140  135  137  141  154
  165  183  200  222  239  256  275  287  302  312  327  337  354  365  384  405
  427  448  460  477  485  500  507  515  520  517  512  504  503  498  493  487
  475  469  456  453  430  412  382  352  339                                   
    12.5-180.0 180.0   5.0 450.0                            LAT/LON1/LON2/DLON/H
  339  322  302  289  282  273  264  254  241  227  219  211  207  201  196  190
  182  175  168  165  165  164  165  161  161  147  139  126  121  121  128  141
  157  178  201  223  242  263  281  296  311  323  335  344  358  369  389  406
  427  443  454  466  470  485  487  501  503  507  500  500  499  500  496  486
  476  465  455  442  428  400  378  343  339                                   
    10.0-180.0 180.0   5.0 450.0                            LAT/LON1/LON2/DLON/H
  332  318  297  285  275  263  255  248  238  230  224  219  215  211  206  200
  193  184  176  171  165  161  158  156  152  138  126  112  108  110  118  136
  155  183  208  229  249  271  294  306  325  334  347  353  368  378  396  413
  428  444  448  463  465  479  484  495  504  502  501  498  502  502  497  489
  473  464  448  437  416  395  368  339  332                                   
     7.5-180.0 180.0   5.0 450.0                            LAT/LON1/LON2/DLON/H
  328  315  297  281  269  253  243  236  232  228  227  223  221  216  211  205
  198  190  180  170  162  152  147  140  137  118  109   96   94   96  107  125
