data/unet/pred2000.15i
     1.0            IONOSPHERE MAPS     GNSS                IONEX VERSION / TYPE
pyspatialgeodesy        IME             05-JAN-18 20:20     PGM / RUN BY / DATE 
Map Name                                                    COMMENT             
Predicted global ionosphere maps (GIM).                     DESCRIPTION         
  2015     7    19     0     0     0                        EPOCH OF FIRST MAP  
  2015     7    20     0     0     0                        EPOCH OF LAST MAP   
  7200                                                      INTERVAL            
    13                                                      # OF MAPS IN FILE   
  NONE                                                      MAPPING FUNCTION    
10.0                                                        ELEVATION CUTOFF    
One-way carrier phase leveled to code                       OBSERVABLES USED    
  6371.0                                                    BASE RADIUS         
 2                                                          MAP DIMENSION       
   450.0 450.0   0.0                                        HGT1 / HGT2 / DHGT  
    87.5 -87.5  -2.5                                        LAT1 / LAT2 / DLAT  
  -180.0 180.0   5.0                                        LON1 / LON2 / DLON  
    -1                                                      EXPONENT            
                                                            END OF HEADER       
[from data line 4290]
    11                                                      START OF TEC MAP    
  2015     7    19    20     0     0                        EPOCH OF CURRENT MAP
    87.5-180.0 180.0   5.0 450.0                            LAT/LON1/LON2/DLON/H
  194  173  160  163  161  160  160  160  161  161  161  160  161  160  160  159
  159  158  158  157  156  155  154  152  151  150  149  148  147  146  145  144
  143  142  142  141  141  140  140  140  140  140  141  141  143  143  145  145
  147  147  148  148  150  150  151  151  151  151  152  152  152  152  152  152
  153  154  155  154  156  156  155  174  194                                   
    85.0-180.0 180.0   5.0 450.0                            LAT/LON1/LON2/DLON/H
  160  160  159  163  162  161  161  162  163  163  164  163  164  164  164  163
  162  161  160  159  158  156  155  152  151  149  147  145  144  142  141  139
  139  137  138  135  137  134  136  134  136  135  137  136  139  139  142  142
  144  145  146  147  148  148  150  149  151  150  152  151  152  151  152  151
  152  152  154  153  154  151  155  173  160                                   
    82.5-180.0 180.0   5.0 450.0                            LAT/LON1/LON2/DLON/H
  164  161  162  164  163  163  163  165  165  167  167  168  168  169  169  169
  168  168  166  165  162  161  158  156  153  150  147  145  141  140  136  136
  133  133  130  131  128  129  127  128  127  130  129  132  132  136  137  140
  141  144  145  147  148  151  151  152  152  154  153  154  153  154  152  153
  152  154  153  155  153  154  151  163  164                                   
    80.0-180.0 180.0   5.0 450.0                            LAT/LON1/LON2/DLON/H
  165  153  152  153  153  154  157  158  160  161  163  164  166  166  167  167
  167  166  165  163  162  159  157  153  151  146  144  139  137  133  131  128
  127  124  124  121  122  119  120  117  120  118  121  121  125  126  130  132
  136  138  141  142  145  145  147  147  148  147  147  146  146  145  144  143
  142  142  142  142  144  142  142  156  165                                   
    77.5-180.0 180.0   5.0 450.0                            LAT/LON1/LON2/DLON/H
  156  147  146  146  148  148  152  153  156  157  160  160  163  163  165  165
  166  165  166  163  163  159  158  153  151  146  143  138  135  130  129  125
  124  121  120  118  117  115  115  113  113  113  115  116  118  121  124  127
  130  133  136  138  139  140  141  141  141  140  140  138  137  136  135  134
  133  133  134  133  133  133  131  143  156                                   
    75.0-180.0 180.0   5.0 450.0                            LAT/LON1/LON2/DLON/H
  154  143  144  146  147  149  152  153  155  157  159  161  163  164  166  166
  167  167  168  167  166  164  162  158  155  150  146  142  139  135  133  131
  128  127  126  125  123  122  120  119  118  117  118  119  120  123  125  128
  131  133  136  137  138  139  139  139  138  137  136  135  134  133  132  131
  131  131  132  131  132  130  130  145  154                                   
    72.5-180.0 180.0   5.0 450.0                            LAT/LON1/LON2/DLON/H
  152  146  146  146  148  148  151  151  154  155  159  159  162  162  164  164
  166  166  168  167  167  165  164  160  156  151  147  143  140  136  135  133
  132  131  130  130  128  127  124  123  121  120  119  120  120  123  124  128
  129  132  132  134  133  135  133  133  130  131  129  129  128  128  127  128
  128  130  131  132  132  132  131  145  152                                   
    70.0-180.0 180.0   5.0 450.0                            LAT/LON1/LON2/DLON/H
  158  151  152  153  153  154  155  155  158  159  161  162  164  165  166  166
  168  168  170  170  171  170  168  165  161  156  152  147  144  142  141  140
  140  140  140  140  138  137  135  132  131  128  127  126  127  128  129  131
  132  134  133  133  131  130  129  128  126  126  126  126  127  127  128  129
  131  133  136  137  139  137  137  152  158                                   
    67.5-180.0 180.0   5.0 450.0                            LAT/LON1/LON2/DLON/H
  165  160  161  159  159  157  159  158  160  160  163  163  165  164  166  165
  166  166  169  169  171  169  169  165  162  155  152  147  146  143  143  143
  144  144  144  145  143  143  140  139  136  134  131  131  129  130  129  131
  130  131  128  127  123  122  119  118  116  118  118  121  122  125  128  131
  132  136  139  142  143  144  144  156  165                                   
    65.0-180.0 180.0   5.0 450.0                            LAT/LON1/LON2/DLON/H
  176  169  170  169  168  166  166  165  167  166  169  168  170  169  170  168
  169  168  171  171  174  173  173  169  166  160  156  153  151  150  150  152
  152  153  153  153  152  151  150  148  146  144  141  139  138  136  135  134
  133  131  127  123  119  115  113  111  112  113  116  119  124  127  131  134
  139  142  147  149  153  152  153  167  176                                   
    62.5-180.0 180.0   5.0 450.0                            LAT/LON1/LON2/DLON/H
  181  177  177  174  173  170  169  168  168  168  170  169  171  169  170  168
  169  168  171  171  174  173  174  169  167  160  158  153  154  152  155  155
  156  156  156  156  155  155  153  154  151  150  146  145  141  139  135  134
  130  128  121  116  110  106  102  102  102  106  109  115  120  126  131  136
  140  145  149  153  155  157  157  170  181                                   
    60.0-180.0 180.0   5.0 450.0                            LAT/LON1/LON2/DLON/H
  186  180  183  182  180  178  176  173  174  173  175  174  177  173  175  171
  172  170  173  173  176  176  177  174  171  166  164  162  162  163  165  166
  165  165  164  162  162  162  162  162  162  160  158  153  150  145  141  137
  133  127  120  112  105   99   96   96   99  102  108  113  120  124  131  135
  141  145  151  153  158  158  160  176  186                                   
    57.5-180.0 180.0   5.0 450.0                            LAT/LON1/LON2/DLON/H
  184  182  185  185  183  181  178  177  175  175  175  175  177  175  175  171
  171  169  171  172  176  175  177  174  173  168  168  165  168  169  173  172
  172  169  167  166  164  165  166  168  167  166  162  158  152  147  140  136
  129  122  113  104   95   90   87   88   91   96  101  108  114  120  125  131
  136  141  146  150  153  155  157  173  184                                   
    55.0-180.0 180.0   5.0 450.0                            LAT/LON1/LON2/DLON/H
  183  182  187  188  189  187  185  182  181  179  181  179  181  177  178  173
  174  170  173  172  177  177  179  178  176  174  174  175  178  182  184  185
  182  179  176  173  172  172  175  175  177  175  171  165  159  152  146  138
  131  122  111  100   91   86   82   85   89   94  100  104  111  114  121  124
  132  135  142  145  150  152  155  174  183                                   
    52.5-180.0 180.0   5.0 450.0                            LAT/LON1/LON2/DLON/H
  178  183  188  191  193  191  189  189  185  185  183  182  181  179  178  174
  173  170  172  172  176  176  179  177  178  176  178  179  186  188  192  191
  189  184  179  177  175  178  178  181  179  178  172  167  158  152  142  136
  127  119  106   96   86   81   79   82   87   92   97  101  104  108  112  118
  124  130  136  141  146  148  149  169  178                                   
    50.0-180.0 180.0   5.0 450.0                            LAT/LON1/LON2/DLON/H
  179  184  191  196  199  200  201  199  197  194  192  187  187  182  183  177
  178  173  175  174  178  178  181  180  181  180  183  187  192  197  200  199
  196  191  188  185  186  186  188  188  187  183  178  171  163  154  146  139
  131  121  109   98   88   84   83   87   92   97  101  102  104  103  109  113
  122  127  136  141  147  150  152  172  179                                   
    47.5-180.0 180.0   5.0 450.0                            LAT/LON1/LON2/DLON/H
  181  189  197  201  209  209  212  211  207  205  199  196  191  189  186  183
  180  176  177  175  178  178  182  180  182  181  186  190  197  200  204  202
  200  196  194  193  193  195  194  195  190  186  178  171  161  155  145  140
  130  123  111  101   91   87   87   91   97  102  104  104  102  102  105  111
  120  129  138  144  150  153  154  172  181                                   
    45.0-180.0 180.0   5.0 450.0                            LAT/LON1/LON2/DLON/H
  190  196  204  210  218  221  225  225  223  219  213  205  201  195  194  189
  188  183  184  181  184  183  187  185  186  187  191  195  201  205  208  207
  206  204  204  204  205  206  205  203  198  191  183  174  165  158  151  144
  137  129  119  109  100   96   96  100  107  110  112  109  107  104  109  114
  126  135  147  154  161  165  166  182  190                                   
    42.5-180.0 180.0   5.0 450.0                            LAT/LON1/LON2/DLON/H
  198  205  212  218  226  229  236  237  236  233  225  218  209  206  201  198
  195  192  190  187  189  188  190  188  190  191  196  200  206  209  212  211
  212  211  212  214  215  217  213  211  202  196  184  177  166  161  152  150
  142  137  127  117  108  104  103  108  111  115  115  113  110  108  111  119
  130  143  155  163  170  174  174  189  198                                   
    40.0-180.0 180.0   5.0 450.0                            LAT/LON1/LON2/DLON/H
  208  208  214  219  226  234  241  246  247  247  242  234  226  218  214  210
  208  203  202  198  201  199  201  198  200  202  207  210  216  218  223  223
  225  225  227  229  230  230  226  220  212  202  192  184  175  167  161  158
  154  148  139  129  120  116  114  115  119  120  121  119  118  115  120  127
  140  152  165  174  182  188  189  200  208                                   
    37.5-180.0 180.0   5.0 450.0                            LAT/LON1/LON2/DLON/H
  210  213  216  220  228  235  244  250  255  257  255  248  240  235  228  225
  219  216  214  211  211  209  211  210  213  215  222  225  231  234  237  239
  241  242  244  246  246  244  237  230  219  210  198  191  180  174  165  164
  159  157  148  140  130  124  120  120  121  122  123  122  122  123  127  136
  146  159  170  179  189  194  196  208  210                                   
    35.0-180.0 180.0   5.0 450.0                            LAT/LON1/LON2/DLON/H
  216  214  216  220  226  235  243  253  259  266  266  265  258  256  248  246
  237  236  232  229  229  227  228  228  232  236  244  248  256  260  265  266
  269  268  268  265  264  257  250  239  229  218  208  199  190  182  174  171
  168  163  157  148  139  131  127  124  123  123  124  124  126  128  134  142
  153  164  175  184  194  201  205  216  216                                   
    32.5-180.0 180.0   5.0 450.0                            LAT/LON1/LON2/DLON/H
  216  218  218  223  229  236  244  255  265  274  279  279  276  274  268  264
  257  254  250  248  248  246  248  249  255  261  270  278  286  291  294  297
  298  298  293  286  277  268  257  245  235  224  215  206  195  187  178  175
  169  167  158  151  141  134  126  123  118  119  118  121  124  129  134  143
  150  162  170  180  191  201  206  219  216                                   
    30.0-180.0 180.0   5.0 450.0                            LAT/LON1/LON2/DLON/H
  218  218  221  226  228  237  243  256  268  281  288  293  293  294  289  286
  277  275  270  269  267  267  270  272  280  290  302  313  321  326  329  326
  327  321  312  300  287  273  263  250  238  228  220  211  201  190  181  175
  170  165  159  150  141  132  125  118  115  112  114  115  120  125  131  139
  147  157  167  177  188  199  206  219  218                                   
    27.5-180.0 180.0   5.0 450.0                            LAT/LON1/LON2/DLON/H
  215  224  227  234  235  243  249  262  276  290  301  309  313  315  313  310
  303  299  295  293  292  291  294  296  306  318  332  344  351  355  353  351
  347  340  327  307  289  270  258  244  235  224  219  209  198  188  175  169
  161  157  148  141  131  124  116  110  105  104  105  109  113  119  124  132
  139  151  161  171  183  196  202  218  215                                   
    25.0-180.0 180.0   5.0 450.0                            LAT/LON1/LON2/DLON/H
  220  230  238  246  246  255  260  274  287  304  316  328  335  339  338  336
  330  329  324  323  320  318  319  321  332  345  362  373  380  378  375  368
  362  352  335  308  285  261  247  234  228  218  213  201  191  177  167  157
  150  142  136  127  120  112  107  100   97   93   98  101  108  110  116  121
  131  142  156  168  181  194  201  216  220                                   
    22.5-180.0 180.0   5.0 450.0                            LAT/LON1/LON2/DLON/H
  224  239  249  259  264  270  276  288  302  319  331  345  356  363  363  362
  358  357  354  353  350  346  345  346  354  367  380  389  391  389  383  377
  367  354  332  300  273  246  232  219  215  206  203  191  179  166  153  144
  135  127  118  111  104  101   94   92   86   86   87   94   98  102  105  112
  122  136  151  166  180  194  200  217  224                                   
    20.0-180.0 180.0   5.0 450.0                            LAT/LON1/LON2/DLON/H
  231  247  258  272  276  285  291  303  315  333  345  361  372  384  387  388
  385  385  382  381  378  374  371  369  375  383  392  397  399  395  390  380
  369  350  323  287  256  230  215  206  203  196  191  179  168  151  140  128
  121  111  103   96   92   90   87   83   81   78   82   85   92   90   96  100
  115  130  149  167  182  197  204  218  231                                   
    17.5-180.0 180.0   5.0 450.0                            LAT/LON1/LON2/DLON/H
  234  254  267  280  290  297  307  317  331  346  360  376  389  404  410  415
  411  412  407  407  402  398  390  389  387  391  393  395  394  389  381  371
  357  336  305  268  238  215  202  195  192  184  181  168  157  141  129  116
  109   99   93   86   85   85   81   80   76   76   78   83   84   84   87   94
  108  127  149  167  184  201  206  220  234                                   
    15.0-180.0 180.0   5.0 450.0                            LAT/LON1/LON2/DLON/H
  239  255  270  284  295  306  316  329  341  357  371  390  404  422  432  440
  440  438  435  431  426  419  410  404  399  398  395  393  389  381  373  359
  345  318  288  252  225  206  195  189  185  177  174  161  152  136  124  111
  104   94   88   82   80   81   79   76   74   71   75   76   79   75   80   85
  102  122  146  168  186  203  210  224  239                                   
    12.5-180.0 180.0   5.0 450.0                            LAT/LON1/LON2/DLON/H
  240  259  271  285  299  308  321  332  347  361  376  394  411  431  445  456
  458  459  455  454  446  438  426  417  407  401  392  386  380  372  362  348
  330  304  273  243  222  205  196  189  184  175  172  157  150  133  122  107
   99   89   84   78   78   78   76   75   71   71   71   73   72   71   73   81
   96  118  142  164  183  204  210  225  240                                   
    10.0-180.0 180.0   5.0 450.0                            LAT/LON1/LON2/DLON/H
  241  252  266  278  290  303  315  330  342  358  371  390  405  428  444  459
  465  471  468  467  460  452  440  429  416  407  394  386  378  368  356  339
  321  292  268  244  229  214  207  199  192  183  176  164  154  139  127  112
  104   93   87   79   79   76   74   70   69   66   67   66   66   62   68   72
   89  107  132  155  174  196  208  222  241                                   
     7.5-180.0 180.0   5.0 450.0                            LAT/LON1/LON2/DLON/H
  236  252  263  277  288  300  312  326  338  348  362  376  393  412  433  448
  460  468  470  470  465  459  448  438  425  411  398  386  378  365  350  333
