data/unet/pred0270.15i
     1.0            IONOSPHERE MAPS     GNSS                IONEX VERSION / TYPE
pyspatialgeodesy        IME             05-JAN-18 20:20     PGM / RUN BY / DATE 
Map Name                                                    COMMENT             
Predicted global ionosphere maps (GIM).                     DESCRIPTION         
  2015     1    27     0     0     0                        EPOCH OF FIRST MAP  
  2015     1    28     0     0     0                        EPOCH OF LAST MAP   
  7200                                                      INTERVAL            
    13                                                      # OF MAPS IN FILE   
  NONE                                                      MAPPING FUNCTION    
10.0                                                        ELEVATION CUTOFF    
One-way carrier phase leveled to code                       OBSERVABLES USED    
  6371.0                                                    BASE RADIUS         
 2                                                          MAP DIMENSION       
   450.0 450.0   0.0                                        HGT1 / HGT2 / DHGT  
    87.5 -87.5  -2.5                                        LAT1 / LAT2 / DLAT  
  -180.0 180.0   5.0                                        LON1 / LON2 / DLON  
    -1                                                      EXPONENT            
                                                            END OF HEADER       
[from data line 858]
     3                                                      START OF TEC MAP    
  2015     1    27     4     0     0                        EPOCH OF CURRENT MAP
    87.5-180.0 180.0   5.0 450.0                            LAT/LON1/LON2/DLON/H
   79  104   84   82   83   80   82   80   83   82   82   81   82   81   80   79
   79   78   77   76   75   75   74   73   72   71   72   70   70   70   70   69
   71   70   71   71   72   72   73   72   73   73   73   73   74   74   74   75
   76   76   77   77   79   79   80   81   82   83   82   83   84   85   84   85
   85   85   85   85   86   85  105   90   79                                   
    85.0-180.0 180.0   5.0 450.0                            LAT/LON1/LON2/DLON/H
  110  109   84   91   87   87   86   87   86   88   86   88   85   87   84   86
   83   84   80   80   77   76   74   72   70   68   67   66   65   64   65   64
   65   64   67   66   68   68   70   69   71   71   72   72   73   73   73   74
   75   76   77   79   80   81   83   85   87   89   89   91   92   94   95   96
   96   97   95   96   94   92  106  114  110                                   
    82.5-180.0 180.0   5.0 450.0                            LAT/LON1/LON2/DLON/H
  106   92   85   87   83   80   80   80   82   81   82   81   83   82   82   82
   81   78   77   72   71   64   63   56   55   50   51   47   49   46   50   48
   52   51   56   55   60   60   65   64   68   66   70   68   71   69   72   69
   73   70   76   73   79   77   83   83   89   88   93   93   97   97  100  100
  102  102  103  101  102   98  107  105  106                                   
    80.0-180.0 180.0   5.0 450.0                            LAT/LON1/LON2/DLON/H
  115  101   95   93   88   88   85   87   86   88   87   91   90   94   91   94
   91   91   86   84   78   75   68   64   56   53   49   48   46   47   48   50
   52   55   58   62   64   67   69   72   73   75   75   76   75   76   75   76
   76   77   80   82   85   88   93   97  100  105  108  113  116  119  121  125
  126  127  126  125  122  115  117  112  115                                   
    77.5-180.0 180.0   5.0 450.0                            LAT/LON1/LON2/DLON/H
  125  106   94   89   81   78   77   76   78   78   81   84   86   90   90   93
   90   90   85   83   75   71   63   58   50   47   42   41   40   43   46   49
   53   58   63   68   71   74   76   78   79   79   80   79   78   77   75   75
   74   76   78   82   85   89   94  100  105  113  119  128  133  137  142  144
  146  146  147  144  141  129  126  119  125                                   
    75.0-180.0 180.0   5.0 450.0                            LAT/LON1/LON2/DLON/H
  128  110   96   87   78   72   70   68   69   71   74   77   81   85   88   89
   90   88   86   80   76   67   63   54   48   44   40   39   40   43   48   52
   58   64   68   73   76   78   79   80   79   80   79   78   75   75   73   73
   72   74   76   80   84   90   97  105  115  125  133  142  149  154  159  162
  164  165  165  161  156  145  137  131  128                                   
    72.5-180.0 180.0   5.0 450.0                            LAT/LON1/LON2/DLON/H
  143  116  102   91   79   69   65   62   62   63   67   71   76   81   84   88
   88   89   86   82   75   70   62   56   48   45   41   42   43   48   54   60
   66   70   75   78   80   82   82   81   80   79   78   76   74   71   71   70
   70   71   74   78   84   94  105  116  128  140  148  158  165  171  176  179
  182  182  181  177  171  162  151  144  143                                   
    70.0-180.0 180.0   5.0 450.0                            LAT/LON1/LON2/DLON/H
  150  127  110   98   84   75   67   63   62   63   66   69   74   76   81   82
   85   84   84   77   75   66   64   55   53   48   49   50   54   58   65   68
   74   77   81   81   83   82   81   78   77   75   74   72   70   69   66   68
   68   71   75   84   94  105  118  129  142  152  160  169  178  184  188  191
  193  194  192  190  183  172  166  155  150                                   
    67.5-180.0 180.0   5.0 450.0                            LAT/LON1/LON2/DLON/H
  166  139  123  109   93   82   73   67   64   63   64   67   70   73   76   78
   79   78   76   73   69   65   60   57   54   54   55   59   62   68   72   77
   79   82   81   82   80   78   75   73   71   70   70   69   67   66   64   64
   66   70   79   89  101  112  126  139  152  162  170  179  187  193  196  199
  199  201  198  196  189  182  174  165  166                                   
    65.0-180.0 180.0   5.0 450.0                            LAT/LON1/LON2/DLON/H
  171  151  134  120  103   91   80   74   68   67   67   67   69   69   72   71
   72   70   70   66   65   60   61   57   59   60   64   68   72   75   80   81
   83   81   80   77   74   70   67   63   63   62   62   62   60   61   59   62
   65   76   86   98  111  124  138  152  164  175  181  189  197  201  205  206
  207  206  204  200  194  186  184  173  171                                   
    62.5-180.0 180.0   5.0 450.0                            LAT/LON1/LON2/DLON/H
  181  160  147  130  111   99   85   79   72   71   67   67   64   65   65   65
   63   63   61   60   57   57   56   58   59   63   66   72   75   78   79   80
   79   77   72   69   63   59   57   54   54   54   55   55   55   57   57   61
   68   79   94  107  122  136  150  163  175  185  191  197  205  208  210  210
  210  208  205  202  196  192  189  180  181                                   
    60.0-180.0 180.0   5.0 450.0                            LAT/LON1/LON2/DLON/H
  186  169  155  139  119  105   90   84   76   74   70   68   66   63   63   59
   61   57   58   54   55   53   55   56   59   62   65   70   72   74   74   75
   74   70   65   61   57   52   50   48   49   50   51   53   53   55   56   61
   71   88  103  120  135  151  164  176  187  194  200  206  215  218  221  220
  220  217  213  210  203  197  198  187  186                                   
    57.5-180.0 180.0   5.0 450.0                            LAT/LON1/LON2/DLON/H
  198  180  169  150  124  110   94   87   77   76   69   68   62   62   58   58
   55   55   52   53   50   51   50   53   54   57   58   61   62   64   65   65
   64   61   57   53   53   49   49   48   51   51   54   55   56   58   59   64
   78   95  114  133  149  165  178  187  196  201  207  214  224  229  231  231
  229  226  222  218  213  208  207  197  198                                   
    55.0-180.0 180.0   5.0 450.0                            LAT/LON1/LON2/DLON/H
  210  189  178  160  134  118   97   90   79   76   67   65   60   59   58   58
   57   55   55   51   50   49   48   49   50   51   51   51   52   53   54   56
   56   56   56   55   56   54   54   55   57   59   61   62   63   64   66   73
   87  107  128  147  166  180  192  198  206  209  217  223  236  241  245  246
  245  241  238  232  227  220  220  206  210                                   
    52.5-180.0 180.0   5.0 450.0                            LAT/LON1/LON2/DLON/H
  225  203  194  174  143  127  105   96   83   78   69   66   60   60   57   59
   57   58   55   55   50   51   47   48   48   48   47   46   47   46   49   51
   54   56   59   61   64   65   65   67   70   70   72   73   73   74   75   83
   99  119  141  164  184  198  207  213  217  222  227  234  246  251  253  255
  254  252  249  245  241  235  232  220  225                                   
    50.0-180.0 180.0   5.0 450.0                            LAT/LON1/LON2/DLON/H
  243  221  209  191  163  143  118  104   86   78   68   64   60   59   60   60
   61   60   59   56   54   53   51   51   52   50   50   46   47   46   49   52
   58   63   67   73   76   78   79   81   83   84   85   86   85   85   88   99
  117  135  160  180  202  213  222  225  231  231  238  243  255  259  261  263
  263  261  260  256  253  247  244  229  243                                   
    47.5-180.0 180.0   5.0 450.0                            LAT/LON1/LON2/DLON/H
  256  236  227  210  180  160  133  114   97   85   74   69   64   63   62   63
   62   63   62   62   58   60   58   61   61   60   59   55   54   53   55   59
   65   72   77   84   86   89   89   93   94   96   98   96   96   96  103  116
  133  154  178  199  218  231  237  241  243  246  247  253  261  263  262  262
  260  260  259  258  256  253  250  238  256                                   
    45.0-180.0 180.0   5.0 450.0                            LAT/LON1/LON2/DLON/H
  268  250  240  226  204  179  153  128  106   91   79   72   68   65   66   64
   67   64   68   67   70   71   74   75   78   77   77   72   70   67   68   70
   76   82   88   93   97   99  101  103  106  107  108  108  107  111  121  135
  157  175  197  216  234  244  253  254  257  255  256  258  264  263  260  257
  255  254  255  256  254  251  248  232  268                                   
    42.5-180.0 180.0   5.0 450.0                            LAT/LON1/LON2/DLON/H
  259  249  246  235  212  194  166  143  120  105   93   84   77   73   71   69
   69   70   74   77   81   86   89   94   94   97   93   92   87   83   81   82
   84   90   93  100  103  107  107  111  113  115  115  115  117  124  139  157
  176  194  213  231  245  257  264  267  267  266  263  262  263  261  252  248
  242  244  247  247  245  240  241  229  259                                   
    40.0-180.0 180.0   5.0 450.0                            LAT/LON1/LON2/DLON/H
  255  248  242  239  224  203  183  159  134  117  105   96   89   82   79   74
   76   75   84   89  100  105  110  114  116  115  113  107  101   95   91   89
   91   94   98  102  106  107  110  112  117  118  122  122  128  140  157  175
  195  209  227  241  257  266  276  277  281  276  272  267  266  262  250  246
  242  245  249  248  243  235  237  219  255                                   
    37.5-180.0 180.0   5.0 450.0                            LAT/LON1/LON2/DLON/H
  231  228  230  226  212  201  180  164  143  130  121  114  106   99   91   87
   86   89   98  107  116  124  126  133  133  133  126  121  112  106   98   97
   95   99  101  106  106  109  109  114  117  122  125  127  138  152  171  191
  208  222  235  248  261  273  284  290  293  290  282  279  275  271  259  256
  251  257  261  259  251  237  237  221  231                                   
    35.0-180.0 180.0   5.0 450.0                            LAT/LON1/LON2/DLON/H
  231  221  215  212  203  189  179  160  146  135  127  123  117  111  103   96
   97   99  113  123  133  139  145  147  148  144  136  128  119  112  105  102
  100  103  104  107  108  108  111  113  120  124  130  136  146  160  180  198
  215  225  239  249  264  276  293  301  309  307  303  299  296  295  284  282
  278  286  289  286  274  256  252  230  231                                   
    32.5-180.0 180.0   5.0 450.0                            LAT/LON1/LON2/DLON/H
  231  218  210  198  183  172  160  149  139  134  132  133  129  125  117  111
  111  117  128  141  146  154  154  159  155  150  140  131  123  117  110  109
  105  109  108  111  109  110  111  114  122  126  133  140  152  166  186  203
  216  227  236  249  264  281  302  314  326  328  327  328  331  332  326  325
  325  331  337  331  317  294  279  261  231                                   
    30.0-180.0 180.0   5.0 450.0                            LAT/LON1/LON2/DLON/H
  261  238  216  200  180  165  154  139  133  128  127  131  130  128  123  118
  120  125  138  148  156  158  162  159  157  148  139  134  127  126  120  120
  114  118  116  119  117  115  116  119  123  130  135  145  154  168  186  203
  218  226  239  250  271  288  314  331  347  354  358  364  371  378  381  387
  392  399  402  393  378  356  328  305  261                                   
    27.5-180.0 180.0   5.0 450.0                            LAT/LON1/LON2/DLON/H
  309  272  250  220  192  172  154  138  128  123  125  130  133  133  131  128
  129  136  144  154  158  159  157  154  147  141  136  135  133  133  129  131
  126  130  127  130  125  124  119  120  124  130  133  141  152  164  181  197
  210  222  235  255  279  304  330  352  371  386  395  408  418  436  443  458
  468  473  479  466  452  435  386  366  309                                   
    25.0-180.0 180.0   5.0 450.0                            LAT/LON1/LON2/DLON/H
  377  332  295  259  226  200  175  153  140  128  126  124  129  129  130  124
  128  129  141  145  150  147  144  140  137  138  136  141  141  145  145  148
  145  147  142  140  134  130  122  123  124  131  133  141  150  163  180  193
  211  220  243  265  297  324  355  376  400  418  433  449  465  489  508  531
  547  556  560  551  531  512  465  435  377                                   
    22.5-180.0 180.0   5.0 450.0                            LAT/LON1/LON2/DLON/H
  460  430  381  324  281  247  213  184  162  143  135  132  133  131  132  128
  130  130  137  138  140  138  133  132  132  137  141  149  153  162  161  169
  164  167  156  153  141  134  122  119  119  122  124  131  143  158  179  193
  213  228  253  280  312  344  375  401  424  449  467  491  510  540  561  588
  602  618  623  617  603  590  548  509  460                                   
    20.0-180.0 180.0   5.0 450.0                            LAT/LON1/LON2/DLON/H
  553  524  474  430  368  316  271  237  201  176  159  146  144  135  136  126
  127  119  126  120  125  122  123  128  135  146  154  166  175  180  186  184
  179  175  170  160  146  136  120  116  114  117  117  126  140  158  182  197
  224  242  273  301  335  364  400  426  452  476  499  527  547  581  605  628
  639  652  660  663  654  652  625  581  553                                   
    17.5-180.0 180.0   5.0 450.0                            LAT/LON1/LON2/DLON/H
  621  600  562  529  469  414  353  302  257  221  198  180  171  161  155  142
  134  124  123  119  121  124  126  138  147  165  174  191  195  201  197  193
  180  180  167  161  142  133  115  108  105  104  107  116  135  160  187  209
  238  261  291  323  354  386  417  445  469  497  522  553  572  598  614  630
  633  645  654  664  674  688  666  623  621                                   
    15.0-180.0 180.0   5.0 450.0                            LAT/LON1/LON2/DLON/H
  663  655  627  603  551  500  437  391  335  296  257  231  213  200  188  171
  157  139  135  129  132  138  146  161  175  194  205  212  215  206  204  187
  179  170  159  148  134  124  108  104   99   99  103  113  136  164  197  222
  254  281  312  345  376  410  436  460  484  515  536  564  578  597  608  616
  615  621  627  642  660  675  678  643  663                                   
    12.5-180.0 180.0   5.0 450.0                            LAT/LON1/LON2/DLON/H
  671  684  671  652  603  552  491  449  401  370  332  298  272  252  236  219
  198  182  168  164  162  174  178  201  211  230  233  234  220  207  196  183
  171  161  148  138  125  117  106  100   97   94   98  110  136  170  206  235
  270  299  330  361  391  422  442  464  489  520  540  561  571  582  584  586
  580  580  583  598  620  646  655  635  671                                   
    10.0-180.0 180.0   5.0 450.0                            LAT/LON1/LON2/DLON/H
  664  688  684  674  638  584  531  494  453  431  400  378  349  326  297  276
  252  233  218  211  212  218  225  237  246  251  248  236  219  199  186  171
  161  148  136  128  118  114  107  104   98   96  101  111  140  174  213  245
  278  311  339  373  402  432  446  472  493  521  538  557  563  571  569  569
  559  555  551  566  586  604  627  619  664                                   
     7.5-180.0 180.0   5.0 450.0                            LAT/LON1/LON2/DLON/H
  637  669  677  675  647  602  552  519  483  466  444  431  411  392  371  349
  315  298  276  276  267  282  278  290  285  281  260  239  218  198  186  169
