data/unet/pred1310.15i
     1.0            IONOSPHERE MAPS     GNSS                IONEX VERSION / TYPE
pyspatialgeodesy        IME             05-JAN-18 20:20     PGM / RUN BY / DATE 
Map Name                                                    COMMENT             
Predicted global ionosphere maps (GIM).                     DESCRIPTION         
  2015     5    11     0     0     0                        EPOCH OF FIRST MAP  
  2015     5    12     0     0     0                        EPOCH OF LAST MAP   
  7200                                                      INTERVAL            
    13                                                      # OF MAPS IN FILE   
  NONE                                                      MAPPING FUNCTION    
10.0                                                        ELEVATION CUTOFF    
One-way carrier phase leveled to code                       OBSERVABLES USED    
  6371.0                                                    BASE RADIUS         
 2                                                          MAP DIMENSION       
   450.0 450.0   0.0                                        HGT1 / HGT2 / DHGT  
    87.5 -87.5  -2.5                                        LAT1 / LAT2 / DLAT  
  -180.0 180.0   5.0                                        LON1 / LON2 / DLON  
    -1                                                      EXPONENT            
                                                            END OF HEADER       
[from data line 858]
     3                                                      START OF TEC MAP    
  2015     5    11     4     0     0                        EPOCH OF CURRENT MAP
    87.5-180.0 180.0   5.0 450.0                            LAT/LON1/LON2/DLON/H
  217  210  202  206  206  207  209  210  211  212  214  214  215  215  217  216
  215  214  214  213  213  210  211  209  209  207  207  205  205  204  202  202
  200  200  196  197  194  193  189  188  187  187  185  185  186  185  186  185
  188  187  188  187  190  189  190  189  191  190  190  190  191  192  191  192
  192  194  192  193  195  192  198  209  217                                   
    85.0-180.0 180.0   5.0 450.0                            LAT/LON1/LON2/DLON/H
  217  216  207  217  213  216  216  220  218  221  219  222  218  221  218  218
  215  215  212  212  209  209  206  206  203  203  200  200  198  198  196  196
  193  194  190  191  188  187  183  183  181  182  180  181  182  184  183  185
  187  190  189  191  193  195  194  195  197  199  197  200  200  203  201  204
  203  206  202  206  205  201  206  206  217                                   
    82.5-180.0 180.0   5.0 450.0                            LAT/LON1/LON2/DLON/H
  208  210  205  212  207  214  213  219  216  221  217  221  217  219  216  215
  213  211  209  207  204  202  199  198  195  193  191  190  188  189  186  188
  185  188  184  187  183  183  178  179  178  179  176  180  180  183  180  184
  185  187  186  189  191  192  191  193  195  196  195  197  198  199  197  199
  198  201  196  202  202  200  202  208  208                                   
    80.0-180.0 180.0   5.0 450.0                            LAT/LON1/LON2/DLON/H
  211  211  208  210  207  212  212  216  214  216  213  215  210  211  208  207
  204  202  200  199  195  193  189  187  183  180  177  175  173  172  171  170
  171  171  174  173  176  174  175  175  178  178  179  181  184  185  186  188
  191  193  194  196  199  200  200  201  204  204  204  205  207  206  205  206
  206  207  204  207  207  200  206  209  211                                   
    77.5-180.0 180.0   5.0 450.0                            LAT/LON1/LON2/DLON/H
  215  212  207  208  207  210  211  212  210  210  208  207  205  204  202  202
  199  199  197  196  193  189  185  181  174  170  165  163  159  157  156  156
  158  160  166  166  172  171  175  175  178  180  182  186  187  191  191  196
  196  201  201  206  206  209  208  211  210  213  212  214  213  214  213  214
  214  214  213  212  215  207  209  212  215                                   
    75.0-180.0 180.0   5.0 450.0                            LAT/LON1/LON2/DLON/H
  220  220  213  213  213  214  214  212  211  209  207  203  200  196  195  192
  191  190  191  189  187  183  179  173  166  161  157  153  150  147  149  149
  154  155  164  165  173  171  178  175  181  179  186  186  193  194  199  201
  206  209  214  215  220  220  223  222  225  224  226  225  226  225  225  224
  224  224  222  221  221  212  219  217  220                                   
    72.5-180.0 180.0   5.0 450.0                            LAT/LON1/LON2/DLON/H
  231  224  222  221  219  218  216  214  210  208  202  198  191  187  183  182
  181  182  183  183  181  178  173  167  160  154  147  143  139  139  141  143
  150  156  165  171  177  178  182  180  186  184  192  191  200  200  207  208
  216  218  224  225  230  230  232  232  234  234  235  234  235  233  233  232
  233  232  231  228  230  224  226  223  231                                   
    70.0-180.0 180.0   5.0 450.0                            LAT/LON1/LON2/DLON/H
  236  232  229  228  227  224  221  218  215  212  206  198  191  184  179  176
  175  174  175  175  174  170  166  160  153  145  138  132  130  129  134  138
  148  156  168  175  183  182  187  183  189  186  195  194  204  204  212  214
  222  225  229  230  235  235  237  235  237  236  236  235  236  234  234  233
  236  235  237  236  236  228  231  228  236                                   
    67.5-180.0 180.0   5.0 450.0                            LAT/LON1/LON2/DLON/H
  243  234  233  231  228  226  223  222  218  216  209  201  190  182  175  171
  168  166  167  167  166  162  158  152  144  135  128  123  122  123  128  135
  144  156  167  177  183  184  187  186  191  190  198  201  211  213  222  223
  232  233  238  238  241  239  240  238  238  236  235  234  233  232  231  231
  233  234  236  237  241  235  232  227  243                                   
    65.0-180.0 180.0   5.0 450.0                            LAT/LON1/LON2/DLON/H
  243  238  236  232  231  228  226  224  223  220  215  204  194  182  174  167
  162  160  158  159  156  153  148  142  133  125  119  115  115  116  122  129
  140  149  162  169  178  177  182  180  188  187  198  202  215  219  227  232
  238  242  244  244  246  244  244  241  239  237  234  232  230  227  224  222
  226  227  231  235  238  231  234  228  243                                   
    62.5-180.0 180.0   5.0 450.0                            LAT/LON1/LON2/DLON/H
  246  236  235  231  227  226  223  224  222  221  216  209  197  187  175  168
  160  157  154  152  150  146  141  134  127  119  114  111  111  113  119  125
  134  143  153  161  167  170  173  177  183  189  199  208  222  227  237  241
  250  252  254  255  257  255  253  250  245  243  238  235  231  226  222  218
  220  221  225  229  236  234  232  228  246                                   
    60.0-180.0 180.0   5.0 450.0                            LAT/LON1/LON2/DLON/H
  248  241  238  232  229  225  224  223  224  221  219  212  204  190  179  168
  159  152  145  143  137  134  128  124  119  114  111  110  112  113  117  121
  130  134  143  148  158  159  169  169  183  184  205  210  231  235  248  251
  261  262  265  268  268  270  267  266  260  257  250  245  240  232  227  220
  221  220  225  228  234  230  235  231  248                                   
    57.5-180.0 180.0   5.0 450.0                            LAT/LON1/LON2/DLON/H
  258  246  246  238  230  226  221  221  217  217  212  210  202  194  181  171
  159  150  143  137  132  128  124  121  118  114  114  113  115  116  119  120
  124  129  134  142  150  156  162  169  179  188  203  218  233  244  252  261
  267  274  278  284  286  290  287  286  280  276  268  263  254  246  238  229
  227  225  229  231  239  239  240  236  258                                   
    55.0-180.0 180.0   5.0 450.0                            LAT/LON1/LON2/DLON/H
  272  265  263  252  243  235  229  223  219  214  210  207  203  195  186  172
  161  149  140  133  128  124  121  119  118  117  118  119  121  121  123  121
  123  124  130  135  146  154  167  174  187  194  212  224  243  249  264  266
  277  281  288  295  300  306  305  306  298  296  286  280  272  263  254  246
  242  240  243  245  249  246  251  249  272                                   
    52.5-180.0 180.0   5.0 450.0                            LAT/LON1/LON2/DLON/H
  295  286  287  274  262  251  239  230  219  213  205  203  198  195  185  176
  163  152  143  136  131  129  127  126  127  127  130  131  134  132  132  127
  127  126  130  136  147  157  169  179  193  202  217  229  244  253  264  271
  280  286  296  304  314  320  322  322  315  309  303  295  290  282  275  267
  263  260  262  262  267  268  268  267  295                                   
    50.0-180.0 180.0   5.0 450.0                            LAT/LON1/LON2/DLON/H
  321  314  317  304  294  276  263  245  234  219  211  204  201  195  188  176
  167  154  146  139  138  135  137  136  139  140  144  146  149  146  143  137
  135  133  137  142  153  165  178  189  201  211  228  237  253  259  275  277
  289  294  306  316  327  335  337  335  328  324  316  311  305  299  293  287
  284  283  284  284  286  285  290  288  321                                   
    47.5-180.0 180.0   5.0 450.0                            LAT/LON1/LON2/DLON/H
  348  340  344  335  324  309  291  269  250  233  218  209  200  196  186  179
  168  158  153  147  148  147  152  152  157  158  161  163  165  161  157  149
  147  143  147  150  160  170  182  192  205  214  230  241  254  265  278  287
  296  304  317  328  340  349  349  346  337  329  324  318  317  313  308  304
  302  304  306  306  308  312  311  309  348                                   
    45.0-180.0 180.0   5.0 450.0                            LAT/LON1/LON2/DLON/H
  375  365  370  358  353  337  325  296  278  252  236  221  211  201  192  181
  172  162  159  157  160  162  167  171  174  178  179  182  182  180  175  167
  164  159  160  162  170  179  188  196  209  220  238  249  266  277  296  301
  315  321  336  347  358  367  367  362  352  344  337  334  330  327  321  318
  317  320  322  325  324  325  328  325  375                                   
    42.5-180.0 180.0   5.0 450.0                            LAT/LON1/LON2/DLON/H
  392  380  378  372  364  356  346  325  301  277  255  238  221  211  197  188
  177  170  169  170  174  179  184  187  191  192  196  197  200  196  193  185
  183  174  173  171  176  178  186  193  206  223  239  258  272  291  306  319
  332  341  355  367  381  389  386  384  372  365  356  354  348  344  337  334
  334  337  340  342  341  343  340  343  392                                   
    40.0-180.0 180.0   5.0 450.0                            LAT/LON1/LON2/DLON/H
  410  388  381  370  366  362  357  342  325  298  279  256  240  222  209  195
  186  177  179  179  186  192  197  202  205  209  211  214  216  215  214  209
  206  196  192  185  183  181  184  192  207  227  249  268  288  307  325  341
  354  366  379  395  406  418  417  422  410  408  394  392  381  375  365  362
  360  365  364  367  363  365  358  358  410                                   
    37.5-180.0 180.0   5.0 450.0                            LAT/LON1/LON2/DLON/H
  419  396  376  365  358  359  358  354  339  318  297  276  254  237  219  206
  193  187  186  190  195  202  208  213  219  221  226  227  232  229  231  228
  223  211  200  188  181  176  173  184  199  230  251  279  295  319  336  356
  369  384  397  413  428  445  454  464  460  459  444  438  421  414  404  402
  401  405  402  405  397  401  383  384  419                                   
    35.0-180.0 180.0   5.0 450.0                            LAT/LON1/LON2/DLON/H
  445  420  392  372  358  360  355  356  343  329  312  293  275  254  238  219
  208  198  199  198  205  211  218  227  232  238  241  244  247  248  250  247
  244  229  214  196  185  175  172  182  204  234  263  287  307  327  347  365
  379  394  408  432  449  476  488  514  512  527  507  512  482  479  456  456
  445  453  448  454  449  447  433  421  445                                   
    32.5-180.0 180.0   5.0 450.0                            LAT/LON1/LON2/DLON/H
  482  460  428  396  373  370  365  362  351  339  324  312  292  273  250  232
  218  209  206  208  212  220  230  237  248  256  262  263  265  265  266  261
  254  236  216  195  181  172  170  181  200  239  265  294  307  329  346  366
  380  398  416  443  466  499  523  551  563  578  572  568  544  530  510  501
  493  496  497  503  504  510  490  478  482                                   
    30.0-180.0 180.0   5.0 450.0                            LAT/LON1/LON2/DLON/H
  545  523  490  457  425  416  396  392  368  355  335  321  306  286  268  247
  236  223  221  215  222  230  241  256  271  282  287  287  285  282  278  270
  259  237  217  198  186  178  178  189  210  243  271  298  311  329  343  361
  375  396  419  447  478  513  547  586  609  631  627  631  605  593  565  558
  543  550  548  562  568  574  571  552  545                                   
    27.5-180.0 180.0   5.0 450.0                            LAT/LON1/LON2/DLON/H
  613  594  569  529  491  472  449  433  403  380  353  336  320  303  278  262
  244  235  228  227  230  241  258  277  299  310  317  313  309  298  289  273
  252  225  210  194  186  179  178  188  205  234  260  285  296  314  330  348
  367  393  421  453  486  523  559  599  638  662  678  678  666  649  628  613
  601  601  604  617  631  644  645  632  613                                   
    25.0-180.0 180.0   5.0 450.0                            LAT/LON1/LON2/DLON/H
  692  690  672  628  585  557  519  504  459  433  390  367  338  315  292  272
  262  249  242  237  242  255  278  303  329  343  344  339  328  310  294  267
  243  216  204  189  187  182  183  189  205  227  249  268  281  299  318  340
  363  390  424  459  500  534  570  614  653  694  712  731  717  711  685  675
  658  657  659  679  702  718  717  719  692                                   
    22.5-180.0 180.0   5.0 450.0                            LAT/LON1/LON2/DLON/H
  763  789  778  742  704  669  621  580  525  482  434  403  367  337  311  293
  276  264  254  251  255  272  298  325  352  358  359  346  329  307  282  255
  227  203  187  177  172  169  169  175  186  204  225  241  261  277  303  330
  361  393  433  475  517  550  579  616  654  695  728  748  750  742  727  715
  703  701  710  727  753  780  778  779  763                                   
    20.0-180.0 180.0   5.0 450.0                            LAT/LON1/LON2/DLON/H
  822  866  878  857  832  790  738  687  609  551  488  454  408  376  335  313
  294  282  273  270  275  292  320  349  368  370  355  338  311  289  263  243
  219  199  182  171  163  160  159  163  173  192  214  232  252  269  297  327
  364  399  450  491  535  561  592  617  653  692  725  757  763  767  754  752
  738  742  749  767  791  816  819  831  822                                   
    17.5-180.0 180.0   5.0 450.0                            LAT/LON1/LON2/DLON/H
  852  903  933  925  919  880  837  774  699  622  554  498  448  406  364  334
  316  303  295  292  299  314  338  352  365  356  336  307  281  260  241  225
  203  185  170  158  145  139  135  139  145  167  193  220  246  264  297  329
  370  413  465  509  550  572  598  619  645  677  713  736  748  754  756  755
  752  756  768  787  809  836  835  839  852                                   
    15.0-180.0 180.0   5.0 450.0                            LAT/LON1/LON2/DLON/H
  853  901  941  955  952  934  893  841  770  695  612  554  492  444  397  366
  341  330  324  322  327  336  351  357  354  337  302  272  245  232  217  205
  186  172  157  147  131  125  119  123  130  153  184  215  244  269  299  335
  376  426  481  522  564  578  605  613  643  667  701  721  738  747  757  762
  761  770  781  801  820  831  832  836  853                                   
    12.5-180.0 180.0   5.0 450.0                            LAT/LON1/LON2/DLON/H
  823  868  914  924  941  922  905  853  799  717  647  583  524  472  427  393
  371  354  350  347  349  350  353  348  333  305  272  240  222  210  200  186
  172  158  145  131  118  111  103  108  114  141  173  212  247  274  305  340
  383  435  490  532  566  580  598  613  638  656  682  698  713  722  737  749
  762  774  789  803  819  829  823  819  823                                   
    10.0-180.0 180.0   5.0 450.0                            LAT/LON1/LON2/DLON/H
  791  819  853  881  884  886  862  839  781  716  654  599  545  497  455  419
  401  384  381  374  374  366  360  342  314  277  242  217  201  191  183  175
  160  150  132  118  106   99   91   93  106  130  165  202  241  268  301  338
  382  435  491  529  564  572  596  611  640  652  678  690  708  720  739  753
  769  786  801  815  824  821  814  804  791                                   
     7.5-180.0 180.0   5.0 450.0                            LAT/LON1/LON2/DLON/H
  760  768  785  793  801  786  776  748  715  662  623  576  537  495  462  436
  425  413  404  394  384  374  354  327  293  251  221  196  182  175  169  162
