data/unet/pred2820.15i
     1.0            IONOSPHERE MAPS     GNSS                IONEX VERSION / TYPE
pyspatialgeodesy        IME             05-JAN-18 20:20     PGM / RUN BY / DATE 
Map Name                                                    COMMENT             
Predicted global ionosphere maps (GIM).                     DESCRIPTION         
  2015    10     9     0     0     0                        EPOCH OF FIRST MAP  
  2015    10    10     0     0     0                        EPOCH OF LAST MAP   
  7200                                                      INTERVAL            
    13                                                      # OF MAPS IN FILE   
  NONE                                                      MAPPING FUNCTION    
10.0                                                        ELEVATION CUTOFF    
One-way carrier phase leveled to code                       OBSERVABLES USED    
  6371.0                                                    BASE RADIUS         
 2                                                          MAP DIMENSION       
   450.0 450.0   0.0                                        HGT1 / HGT2 / DHGT  
    87.5 -87.5  -2.5                                        LAT1 / LAT2 / DLAT  
  -180.0 180.0   5.0                                        LON1 / LON2 / DLON  
    -1                                                      EXPONENT            
                                                            END OF HEADER       
[from data line 2145]
     6                                                      START OF TEC MAP    
  2015    10     9    10     0     0                        EPOCH OF CURRENT MAP
    87.5-180.0 180.0   5.0 450.0                            LAT/LON1/LON2/DLON/H
   46   67   56   60   57   58   57   57   56   57   56   56   55   55   54   53
   52   52   51   50   49   49   49   48   47   48   47   47   46   47   46   46
   46   47   46   47   46   47   46   47   46   47   46   47   46   47   46   47
   46   48   46   47   46   47   45   47   46   47   46   47   47   48   47   48
   49   49   50   51   51   49   50   50   46                                   
    85.0-180.0 180.0   5.0 450.0                            LAT/LON1/LON2/DLON/H
   68   69   71   70   71   68   71   69   70   68   70   68   69   68   69   68
   68   68   68   69   68   69   69   70   69   70   70   70   70   70   70   69
   69   68   68   67   67   66   65   64   64   63   62   61   60   59   59   58
   58   57   58   57   58   58   59   59   60   60   61   61   63   62   64   63
   66   65   68   66   66   66   70   61   68                                   
    82.5-180.0 180.0   5.0 450.0                            LAT/LON1/LON2/DLON/H
   59   71   70   70   66   64   64   64   63   62   61   62   60   61   60   61
   60   61   60   62   62   65   64   67   66   69   68   70   69   70   69   70
   68   68   66   67   65   65   62   62   60   60   58   57   55   55   53   54
   51   52   50   51   50   52   51   53   53   55   54   56   57   58   58   60
   61   62   63   63   63   65   65   56   59                                   
    80.0-180.0 180.0   5.0 450.0                            LAT/LON1/LON2/DLON/H
   57   62   60   59   56   56   55   55   53   52   50   50   49   49   48   49
   48   50   50   53   52   56   56   59   59   61   61   63   64   64   65   65
   66   65   65   64   64   63   62   61   59   59   56   56   54   54   52   53
   50   51   49   50   48   50   48   51   48   51   49   53   51   54   52   55
   54   57   56   57   55   57   60   53   57                                   
    77.5-180.0 180.0   5.0 450.0                            LAT/LON1/LON2/DLON/H
   52   55   54   53   49   48   47   45   44   42   41   40   39   39   39   40
   41   42   44   45   48   49   52   53   55   56   58   58   61   62   63   65
   65   67   67   68   66   67   65   65   63   63   61   61   58   59   56   58
   54   55   51   53   49   51   48   51   48   50   49   51   49   51   50   52
   51   52   52   53   52   54   54   40   52                                   
    75.0-180.0 180.0   5.0 450.0                            LAT/LON1/LON2/DLON/H
   48   50   47   48   44   45   42   41   37   37   34   34   30   32   30   33
   31   36   36   40   39   46   45   49   46   53   50   57   53   61   59   66
   64   70   68   73   70   74   71   73   69   71   69   70   67   68   67   66
   64   62   61   58   56   55   54   52   51   51   50   51   50   51   51   52
   50   51   50   50   51   53   53   41   48                                   
    72.5-180.0 180.0   5.0 450.0                            LAT/LON1/LON2/DLON/H
   46   48   45   45   42   40   40   37   35   31   30   27   27   25   27   26
   30   31   36   37   42   42   47   46   48   48   51   52   55   58   62   64
   69   70   74   75   76   77   78   78   77   78   78   78   77   79   76   77
   73   72   68   66   62   61   57   57   53   53   52   52   51   51   51   51
   50   50   49   49   49   48   52   36   46                                   
    70.0-180.0 180.0   5.0 450.0                            LAT/LON1/LON2/DLON/H
   44   44   43   44   41   42   39   38   34   32   28   26   23   23   23   25
   27   30   33   37   39   43   43   46   45   49   47   51   51   58   59   67
   68   74   75   80   79   83   82   84   83   88   87   91   89   94   91   92
   87   86   80   77   73   69   66   63   60   58   56   56   54   54   52   52
   50   51   49   50   47   49   51   39   44                                   
    67.5-180.0 180.0   5.0 450.0                            LAT/LON1/LON2/DLON/H
   42   44   42   42   40   40   40   37   35   30   29   25   25   22   24   23
   28   29   35   37   41   42   45   44   44   44   44   45   48   51   57   61
   67   71   75   77   80   82   83   85   87   91   94   99  102  104  105  105
  102   98   93   87   81   76   70   67   63   61   58   57   54   53   51   49
   47   46   46   46   46   46   52   34   42                                   
    65.0-180.0 180.0   5.0 450.0                            LAT/LON1/LON2/DLON/H
   42   40   41   43   40   43   41   41   37   35   32   30   28   28   28   30
   32   35   37   41   41   45   44   46   42   45   42   46   45   52   54   61
   64   71   73   78   78   82   84   89   91   99  103  110  113  119  118  120
  115  113  105  100   91   86   79   75   70   67   65   62   59   56   54   51
   48   48   46   48   46   49   51   38   42                                   
    62.5-180.0 180.0   5.0 450.0                            LAT/LON1/LON2/DLON/H
   38   41   39   40   40   40   41   39   39   35   35   32   32   30   32   32
   35   35   39   40   42   42   44   43   42   41   40   41   42   45   51   55
   61   65   69   71   74   77   81   86   93  100  109  116  125  127  132  129
  129  122  117  107  101   93   86   81   75   73   68   66   61   58   53   49
   46   44   44   44   46   46   52   33   38                                   
    60.0-180.0 180.0   5.0 450.0                            LAT/LON1/LON2/DLON/H
   39   38   37   40   36   40   38   41   38   37   35   35   35   34   36   37
   38   38   39   39   40   41   42   42   40   40   38   40   40   44   48   55
   59   63   66   69   71   75   80   88   96  105  115  124  132  137  140  140
  137  134  125  119  108  103   94   90   85   81   77   73   68   62   57   52
   48   46   45   47   47   50   51   38   39                                   
    57.5-180.0 180.0   5.0 450.0                            LAT/LON1/LON2/DLON/H
   38   38   36   37   35   35   36   35   35   33   34   33   35   35   38   38
   38   37   37   36   36   37   39   39   38   37   37   37   39   42   47   52
   57   61   64   66   68   72   79   86   96  107  120  129  140  143  150  146
  148  140  137  126  120  111  106   99   95   91   86   82   75   69   62   55
   50   46   46   45   48   49   53   35   38                                   
    55.0-180.0 180.0   5.0 450.0                            LAT/LON1/LON2/DLON/H
   43   39   37   38   33   36   33   35   32   32   31   32   33   35   37   37
   37   34   33   31   31   32   33   35   36   36   37   38   40   43   49   54
   58   62   65   68   70   75   82   92  100  113  125  136  144  151  153  156
  153  152  144  139  128  122  115  111  105  103   99   96   88   81   73   64
   58   53   52   52   53   56   57   46   43                                   
    52.5-180.0 180.0   5.0 450.0                            LAT/LON1/LON2/DLON/H
   48   45   41   40   37   34   33   31   30   27   28   27   31   31   34   34
   34   30   28   26   26   27   30   32   35   35   38   38   42   45   51   56
   61   65   69   72   75   80   87   96  107  119  131  140  152  154  161  159
  165  160  159  150  145  135  130  122  119  115  112  108  103   95   86   75
   68   61   60   58   60   59   62   49   48                                   
    50.0-180.0 180.0   5.0 450.0                            LAT/LON1/LON2/DLON/H
   57   50   48   47   41   41   36   36   31   29   26   27   27   29   31   32
   29   27   23   22   21   24   26   30   32   36   38   42   45   50   56   62
   67   73   76   81   84   91   97  109  117  128  137  148  154  163  165  171
  170  172  167  164  156  149  140  135  129  127  123  122  117  111  102   93
   83   76   73   70   69   70   69   61   57                                   
    47.5-180.0 180.0   5.0 450.0                            LAT/LON1/LON2/DLON/H
   64   60   57   54   50   46   44   39   36   31   29   25   26   26   28   28
   26   23   21   18   19   20   24   27   32   35   41   43   49   53   60   65
   72   78   84   89   94  102  110  120  129  137  147  152  161  165  173  173
  177  176  176  169  166  156  151  142  139  133  134  129  128  121  116  107
   99   91   86   79   78   73   75   65   64                                   
    45.0-180.0 180.0   5.0 450.0                            LAT/LON1/LON2/DLON/H
   73   66   64   63   58   58   53   52   44   40   33   31   28   28   28   28
   25   23   19   19   17   21   22   28   29   38   41   49   51   59   64   72
   76   85   90  100  103  115  122  134  139  148  153  161  166  174  176  181
  179  181  177  174  166  160  151  146  141  140  138  139  135  133  125  120
  110  105   96   91   85   83   80   74   73                                   
    42.5-180.0 180.0   5.0 450.0                            LAT/LON1/LON2/DLON/H
   76   72   70   68   64   62   61   58   54   47   42   36   33   30   31   29
   28   24   23   21   22   22   24   27   32   37   45   50   56   60   68   73
   82   88   97  104  114  123  135  143  152  156  162  166  173  176  183  181
  183  179  178  169  165  155  150  142  141  138  140  140  140  137  132  126
  118  111  104   96   88   82   84   73   76                                   
    40.0-180.0 180.0   5.0 450.0                            LAT/LON1/LON2/DLON/H
   79   72   70   70   67   67   64   67   61   58   50   47   41   40   37   37
   33   31   28   29   26   28   25   31   32   42   47   57   61   68   74   81
   87   96  103  114  122  135  145  156  163  168  172  177  181  185  188  190
  186  184  177  171  163  155  146  143  139  141  141  145  143  142  136  132
  122  116  106   99   89   84   80   73   79                                   
    37.5-180.0 180.0   5.0 450.0                            LAT/LON1/LON2/DLON/H
   74   71   70   68   65   64   65   66   65   62   58   53   50   47   46   43
   41   38   36   35   34   33   32   33   37   43   52   58   66   70   78   82
   91   96  107  116  130  141  157  164  173  177  182  184  190  193  199  197
  196  188  184  174  170  158  155  148  149  147  149  148  147  144  139  132
  124  115  107   96   86   78   79   66   74                                   
    35.0-180.0 180.0   5.0 450.0                            LAT/LON1/LON2/DLON/H
   73   68   65   63   60   59   59   64   63   66   62   63   58   59   56   56
   50   48   44   46   41   42   37   40   41   50   58   68   75   82   88   93
  101  106  117  128  141  154  168  178  186  191  194  198  202  207  210  213
  208  205  195  190  181  177  168  165  161  160  160  158  153  148  140  135
  124  118  107  101   86   82   77   67   73                                   
    32.5-180.0 180.0   5.0 450.0                            LAT/LON1/LON2/DLON/H
   67   68   62   60   54   53   51   57   59   63   64   65   64   65   64   63
   58   55   52   52   49   47   43   42   47   53   65   72   82   86   95   98
  108  113  126  135  153  164  179  187  198  201  207  209  217  223  229  228
  228  222  220  210  208  199  199  191  193  186  188  178  173  159  149  138
  129  120  113  103   92   82   81   67   67                                   
    30.0-180.0 180.0   5.0 450.0                            LAT/LON1/LON2/DLON/H
   75   67   63   58   55   50   48   51   54   60   61   67   68   73   72   73
   67   64   59   59   55   53   48   48   53   61   74   83   93   98  106  111
  123  128  144  155  171  182  195  204  214  220  223  229  236  244  251  255
  254  256  251  249  242  239  231  228  225  220  217  208  199  182  167  152
  140  134  123  119  105   99   88   79   75                                   
    27.5-180.0 180.0   5.0 450.0                            LAT/LON1/LON2/DLON/H
   86   81   72   68   61   55   49   50   50   56   58   64   67   72   73   73
   67   62   60   58   56   51   49   47   56   62   77   84   97  101  115  119
  135  142  160  170  187  197  211  220  231  236  244  249  259  267  276  281
  286  286  291  288  291  285  281  274  269  259  252  239  230  212  194  175
  164  151  144  135  126  115  109   95   86                                   
    25.0-180.0 180.0   5.0 450.0                            LAT/LON1/LON2/DLON/H
  111   97   88   80   77   68   61   56   52   53   54   60   62   70   71   73
   67   63   60   59   57   53   52   53   61   68   84   92  105  112  126  135
  152  162  179  192  204  215  231  239  251  258  263  272  278  290  298  306
  309  317  320  326  328  331  325  325  317  310  298  283  268  246  227  206
  191  180  171  166  154  144  131  125  111                                   
    22.5-180.0 180.0   5.0 450.0                            LAT/LON1/LON2/DLON/H
  136  127  116  111  104   90   79   69   60   56   54   55   58   63   65   64
   61   53   53   50   52   48   50   51   63   69   85   90  106  111  131  138
  160  172  194  206  225  236  252  262  272  281  284  294  299  309  317  325
  336  340  352  349  361  361  367  367  365  355  340  322  303  281  257  238
  220  207  199  192  184  170  159  152  136                                   
    20.0-180.0 180.0   5.0 450.0                            LAT/LON1/LON2/DLON/H
  168  154  144  135  130  115  105   88   78   65   59   56   55   58   59   60
   56   51   50   49   53   49   52   56   67   74   88   95  108  120  136  152
  174  190  212  228  247  257  276  282  294  298  305  310  319  326  335  339
  354  360  372  375  385  387  389  392  397  384  371  354  338  314  294  272
  258  249  238  231  221  204  187  186  168                                   
    17.5-180.0 180.0   5.0 450.0                            LAT/LON1/LON2/DLON/H
  193  182  177  172  160  148  134  113   99   81   71   61   57   55   56   55
   52   46   46   46   48   46   50   56   67   76   89   94  109  121  144  160
  186  204  230  250  272  287  296  307  313  322  328  336  346  354  364  368
  392  395  419  419  435  432  432  428  421  407  388  376  361  346  326  307
  289  279  270  263  252  237  218  216  193                                   
    15.0-180.0 180.0   5.0 450.0                            LAT/LON1/LON2/DLON/H
  218  207  200  197  188  176  155  130  116   95   85   71   66   59   58   56
   54   49   49   48   49   47   52   58   69   79   89   98  110  128  148  174
  196  223  244  269  286  299  309  317  328  335  350  358  377  383  393  398
  419  429  448  454  465  464  459  446  436  418  403  389  377  362  345  327
  310  300  292  283  276  261  247  244  218                                   
    12.5-180.0 180.0   5.0 450.0                            LAT/LON1/LON2/DLON/H
  236  227  224  220  214  204  184  156  134  115  102   86   78   68   66   62
   59   55   53   51   49   47   51   60   70   81   92  102  118  135  161  184
  213  235  262  282  300  312  318  332  342  358  372  389  401  412  423  429
  452  459  476  476  479  475  470  458  443  426  407  399  384  374  354  339
  318  311  298  295  286  280  272  258  236                                   
    10.0-180.0 180.0   5.0 450.0                            LAT/LON1/LON2/DLON/H
  249  241  233  229  225  218  200  172  146  125  115  101   95   83   79   73
   71   62   62   56   57   51   55   62   74   88   99  113  127  149  172  202
  223  247  269  287  301  313  322  335  352  368  389  403  420  432  443  450
  467  473  477  476  474  471  468  452  447  424  413  398  390  373  358  340
  323  311  302  297  295  288  285  271  249                                   
     7.5-180.0 180.0   5.0 450.0                            LAT/LON1/LON2/DLON/H
  252  240  229  222  219  215  199  173  151  133  123  111  106   95   91   83
   81   76   72   68   63   60   61   70   81   95  107  122  140  161  187  215
