data/unet/pred0830.15i
     1.0            IONOSPHERE MAPS     GNSS                IONEX VERSION / TYPE
pyspatialgeodesy        IME             05-JAN-18 20:20     PGM / RUN BY / DATE 
Map Name                                                    COMMENT             
Predicted global ionosphere maps (GIM).                     DESCRIPTION         
  2015     3    24     0     0     0                        EPOCH OF FIRST MAP  
  2015     3    25     0     0     0                        EPOCH OF LAST MAP   
  7200                                                      INTERVAL            
    13                                                      # OF MAPS IN FILE   
  NONE                                                      MAPPING FUNCTION    
10.0                                                        ELEVATION CUTOFF    
One-way carrier phase leveled to code                       OBSERVABLES USED    
  6371.0                                                    BASE RADIUS         
 2                                                          MAP DIMENSION       
   450.0 450.0   0.0                                        HGT1 / HGT2 / DHGT  
    87.5 -87.5  -2.5                                        LAT1 / LAT2 / DLAT  
  -180.0 180.0   5.0                                        LON1 / LON2 / DLON  
    -1                                                      EXPONENT            
                                                            END OF HEADER       
[from data line 858]
     3                                                      START OF TEC MAP    
  2015     3    24     4     0     0                        EPOCH OF CURRENT MAP
    87.5-180.0 180.0   5.0 450.0                            LAT/LON1/LON2/DLON/H
  125  133  128  126  131  126  130  129  134  134  137  137  140  139  141  139
  140  138  139  136  136  133  134  130  130  128  128  126  126  124  125  122
  124  122  124  122  124  122  125  124  126  125  127  126  128  128  130  130
  131  132  132  134  133  135  133  135  134  134  132  132  131  130  127  126
  125  124  123  124  127  127  140  140  125                                   
    85.0-180.0 180.0   5.0 450.0                            LAT/LON1/LON2/DLON/H
  147  130  113  121  119  115  118  119  121  124  126  129  130  133  133  134
  133  133  132  130  128  126  123  121  117  116  113  112  109  110  108  109
  108  109  109  111  110  113  112  115  114  116  117  118  118  119  120  122
  124  126  127  130  129  133  131  135  133  135  132  134  132  133  129  130
  128  129  124  127  126  126  134  139  147                                   
    82.5-180.0 180.0   5.0 450.0                            LAT/LON1/LON2/DLON/H
  131  112  114  113  111  107  109  111  114  117  121  125  128  131  132  133
  132  131  129  127  124  120  117  113  109  104  103   98   97   93   95   92
   95   94   99   99  103  103  109  109  113  112  116  116  119  118  121  121
  124  125  129  130  132  133  135  136  138  138  138  138  138  136  134  133
  131  131  128  128  129  124  132  128  131                                   
    80.0-180.0 180.0   5.0 450.0                            LAT/LON1/LON2/DLON/H
  140  121  115  113  110  106  108  112  114  119  124  130  133  137  139  141
  139  137  133  130  124  119  114  109  104   98   94   89   85   83   82   83
   84   88   91   96  100  104  109  112  116  116  119  119  121  122  125  127
  131  133  138  141  145  147  150  152  155  156  157  158  160  160  158  158
  156  154  149  149  145  136  137  138  140                                   
    77.5-180.0 180.0   5.0 450.0                            LAT/LON1/LON2/DLON/H
  141  124  119  112  105  102  101  104  107  113  118  125  128  135  136  139
  135  133  128  124  116  112  104   99   91   87   80   76   70   70   68   72
   74   81   85   93   98  106  110  115  116  119  121  123  125  126  130  133
  139  143  150  154  160  165  170  174  177  181  182  185  185  187  185  186
  183  181  177  175  170  160  153  149  141                                   
    75.0-180.0 180.0   5.0 450.0                            LAT/LON1/LON2/DLON/H
  147  133  124  114  105   96   96   96   99  103  110  115  120  124  127  126
  125  121  118  112  108  100   96   88   82   75   71   65   63   61   62   65
   70   76   84   91  100  106  113  116  120  120  121  122  123  126  130  136
  143  151  159  167  175  181  188  191  197  198  201  200  203  202  203  203
  205  203  201  199  193  179  174  166  147                                   
    72.5-180.0 180.0   5.0 450.0                            LAT/LON1/LON2/DLON/H
  158  143  139  124  108   99   94   94   96   99  105  108  112  115  116  115
  113  110  107  103   99   94   89   84   77   73   68   65   61   62   61   67
   71   80   85   95  100  109  113  118  119  121  122  122  125  128  134  143
  154  165  176  186  195  204  207  213  213  216  214  215  215  213  213  213
  216  215  217  217  217  205  198  187  158                                   
    70.0-180.0 180.0   5.0 450.0                            LAT/LON1/LON2/DLON/H
  171  162  157  141  120  106  100   98   97  100  101  104  104  103  102   99
   97   94   93   91   90   87   86   82   79   74   72   68   67   66   67   69
   76   81   89   96  103  107  113  115  118  117  119  121  122  129  137  152
  165  183  194  208  217  226  230  233  233  231  229  226  225  222  221  219
  222  221  223  227  229  220  213  206  171                                   
    67.5-180.0 180.0   5.0 450.0                            LAT/LON1/LON2/DLON/H
  185  179  175  159  133  116  107  103  100  101   99   98   95   92   88   85
   82   82   81   83   83   85   84   84   81   79   76   74   71   72   70   74
   77   84   87   95   98  104  105  109  109  110  111  113  120  129  144  160
  178  198  213  230  239  248  248  252  247  246  237  233  226  222  217  216
  216  216  220  224  231  229  225  218  185                                   
    65.0-180.0 180.0   5.0 450.0                            LAT/LON1/LON2/DLON/H
  196  194  190  172  146  128  118  112  109  107  104  101   95   88   82   77
   73   73   74   78   83   86   89   89   89   86   84   81   79   77   75   75
   77   78   82   86   90   93   94   96   98   99  102  110  118  133  148  172
  191  217  233  252  262  269  270  271  266  261  251  243  234  226  219  215
  213  213  215  220  227  228  228  225  196                                   
    62.5-180.0 180.0   5.0 450.0                            LAT/LON1/LON2/DLON/H
  207  203  198  181  155  137  125  119  114  113  108  104   94   87   79   74
   71   73   75   81   86   92   93   94   92   91   87   85   81   79   75   73
   71   70   71   72   75   77   81   82   86   87   94  103  117  133  153  179
  203  228  247  267  278  287  288  289  282  276  262  254  240  232  219  214
  207  204  204  210  218  223  227  226  207                                   
    60.0-180.0 180.0   5.0 450.0                            LAT/LON1/LON2/DLON/H
  211  208  204  186  163  144  131  123  120  116  112  105   99   89   83   75
   76   77   82   87   93   95   97   95   94   90   88   84   83   77   72   67
   64   60   58   58   60   62   65   69   73   78   87  102  117  136  157  187
  213  241  262  282  294  303  307  307  302  294  282  273  259  248  233  223
  214  208  203  205  211  215  220  224  211                                   
    57.5-180.0 180.0   5.0 450.0                            LAT/LON1/LON2/DLON/H
  219  213  211  197  172  154  139  130  123  119  112  108   99   93   86   83
   85   87   92   95   98  100   97   95   91   87   83   82   77   74   67   62
   57   52   48   48   50   53   57   60   67   73   86  100  122  140  164  191
  217  242  265  286  299  312  319  323  319  314  305  298  285  274  257  245
  230  219  211  209  213  216  222  226  219                                   
    55.0-180.0 180.0   5.0 450.0                            LAT/LON1/LON2/DLON/H
  228  226  223  209  186  168  151  137  129  120  114  105  101   93   93   89
   95   94   99   97   98   94   92   86   84   77   75   72   71   68   63   59
   54   49   45   45   47   49   53   59   64   72   88  109  130  150  174  199
  227  251  274  295  309  322  332  336  337  335  329  325  315  308  292  279
  261  247  234  228  226  224  226  234  228                                   
    52.5-180.0 180.0   5.0 450.0                            LAT/LON1/LON2/DLON/H
  248  236  244  229  209  194  173  158  139  129  115  108  100   98   95   97
   99  101  100   99   95   92   87   82   78   73   70   69   66   67   62   60
   53   51   47   48   50   53   56   62   67   77   96  117  141  159  182  204
  228  250  272  292  307  322  335  345  350  351  348  348  343  338  326  315
  298  281  265  254  250  244  244  252  248                                   
    50.0-180.0 180.0   5.0 450.0                            LAT/LON1/LON2/DLON/H
  272  261  264  256  238  222  201  180  156  137  121  108  103   97  100   98
  103   98   99   91   89   82   79   72   74   66   68   65   68   67   67   62
   59   55   54   55   59   61   65   69   75   85  107  131  158  174  198  216
  240  259  281  298  313  328  343  355  361  366  365  367  363  361  353  344
  330  314  297  283  273  264  262  265  272                                   
    47.5-180.0 180.0   5.0 450.0                            LAT/LON1/LON2/DLON/H
  298  281  288  280  268  254  233  213  182  158  132  116  105  103  100  101
  100   97   92   86   82   79   80   79   80   76   75   74   73   75   71   71
   64   64   62   66   68   71   73   77   82   94  117  144  169  188  208  224
  241  260  279  297  310  329  345  360  370  376  375  378  374  374  367  362
  350  339  323  308  297  285  281  286  298                                   
    45.0-180.0 180.0   5.0 450.0                            LAT/LON1/LON2/DLON/H
  320  304  303  303  295  283  264  238  207  175  146  125  112  103  103   99
   99   90   87   80   81   80   86   87   91   87   88   83   85   80   81   76
   73   69   68   73   75   79   81   83   90  103  131  158  188  204  227  239
  259  272  292  303  320  337  356  374  384  391  387  387  383  380  372  368
  358  350  335  322  311  299  295  294  320                                   
    42.5-180.0 180.0   5.0 450.0                            LAT/LON1/LON2/DLON/H
  331  310  315  314  309  299  285  262  228  199  165  141  123  114  106  102
   96   89   84   80   85   92  100  110  111  109  103   99   93   90   84   81
   71   72   68   77   77   86   84   90   94  111  137  167  195  215  236  249
  264  279  295  310  325  346  364  385  394  399  394  391  386  382  375  371
  362  356  344  334  323  307  302  305  331                                   
    40.0-180.0 180.0   5.0 450.0                            LAT/LON1/LON2/DLON/H
  334  314  311  314  310  306  292  271  241  210  179  154  135  121  115  105
  102   90   89   88   97  107  119  129  131  126  117  110   99   94   85   81
   73   73   68   80   79   90   88   94  101  116  147  177  209  229  253  266
  283  295  310  324  341  360  379  399  408  413  407  405  399  395  386  382
  376  368  356  347  336  322  310  301  334                                   
    37.5-180.0 180.0   5.0 450.0                            LAT/LON1/LON2/DLON/H
  324  302  301  301  297  292  283  266  239  216  188  168  148  136  123  117
  107  100   99  103  113  128  141  152  151  140  128  110  100   87   75   72
   63   65   60   74   74   89   87   96  102  121  149  180  210  232  256  269
  286  298  313  326  343  361  379  402  415  424  424  429  425  425  416  414
  403  397  378  371  354  336  317  314  324                                   
    35.0-180.0 180.0   5.0 450.0                            LAT/LON1/LON2/DLON/H
  326  302  292  288  280  275  263  249  229  209  190  173  157  145  135  125
  122  115  117  121  134  146  156  163  158  147  132  120   97   91   69   72
   60   68   62   78   78   95   95  105  112  126  154  185  216  238  261  276
  292  307  320  335  349  367  388  408  428  441  451  468  474  485  479  479
  466  456  436  421  406  375  350  330  326                                   
    32.5-180.0 180.0   5.0 450.0                            LAT/LON1/LON2/DLON/H
  344  311  295  284  268  258  243  228  211  200  186  179  163  156  144  140
  135  136  138  145  155  164  171  169  165  145  138  117  104   90   76   78
   68   81   76   89   88  105  105  113  115  131  154  183  213  232  253  267
  285  299  316  329  346  362  385  410  435  462  484  518  531  547  550  555
  542  534  507  494  472  442  398  381  344                                   
    30.0-180.0 180.0   5.0 450.0                            LAT/LON1/LON2/DLON/H
  393  350  320  298  273  254  234  215  198  188  182  175  168  159  153  149
  153  153  160  163  169  171  169  166  162  155  142  135  113  110   94   96
   98   98  105  104  111  119  123  128  127  139  160  184  211  227  245  260
  278  295  314  332  352  372  397  424  455  491  529  580  618  644  646  655
  642  634  606  591  568  525  493  461  393                                   
    27.5-180.0 180.0   5.0 450.0                            LAT/LON1/LON2/DLON/H
  469  428  383  347  309  282  251  225  203  193  186  183  173  167  160  160
  163  168  176  176  179  170  172  161  169  161  166  155  145  144  136  147
  136  143  130  133  129  136  134  136  132  143  159  182  203  218  233  246
  267  284  311  331  357  382  413  446  482  526  573  638  702  738  760  760
  750  734  709  696  673  635  589  550  469                                   
    25.0-180.0 180.0   5.0 450.0                            LAT/LON1/LON2/DLON/H
  572  534  486  447  401  354  303  264  233  213  205  193  186  172  168  166
  174  178  184  179  176  166  166  169  175  185  191  201  199  204  201  201
  198  185  168  152  142  143  145  144  137  142  158  180  200  217  232  248
  270  294  322  349  377  410  441  483  517  564  620  695  763  822  844  865
  854  848  821  812  795  753  727  682  572                                   
    22.5-180.0 180.0   5.0 450.0                            LAT/LON1/LON2/DLON/H
  688  652  611  571  520  473  407  350  297  265  244  227  208  192  180  176
  179  183  185  178  178  166  176  179  199  218  239  261  262  273  265  267
  242  221  186  171  158  155  151  145  134  134  148  175  197  218  238  253
  281  304  338  370  406  445  481  524  559  607  660  729  802  851  889  907
  914  902  898  884  887  859  832  781  688                                   
    20.0-180.0 180.0   5.0 450.0                            LAT/LON1/LON2/DLON/H
  793  787  748  703  653  602  540  476  408  355  312  277  247  219  203  191
  192  190  191  183  185  181  188  208  234  284  316  347  334  338  311  302
  260  238  200  187  170  162  151  140  126  124  139  167  197  220  244  269
  299  328  365  402  444  486  526  566  602  646  695  757  810  856  887  913
  923  931  931  930  941  929  894  886  793                                   
    17.5-180.0 180.0   5.0 450.0                            LAT/LON1/LON2/DLON/H
  873  888  867  830  787  732  660  586  515  456  398  350  306  267  237  222
  212  207  199  196  200  196  207  239  284  348  378  407  383  373  328  302
  258  235  205  193  180  167  146  131  116  114  130  163  199  227  261  283
  321  354  394  435  478  522  558  598  636  676  720  764  807  832  856  872
  891  902  923  919  942  947  911  918  873                                   
    15.0-180.0 180.0   5.0 450.0                            LAT/LON1/LON2/DLON/H
  904  928  926  913  876  837  767  695  610  545  486  433  378  330  293  266
  250  236  225  220  226  236  257  303  358  410  429  428  392  359  312  279
  244  221  205  186  176  156  131  113  101  105  124  158  198  233  268  298
  340  377  422  465  511  549  593  630  665  699  734  768  789  806  818  832
  845  867  891  906  928  941  909  940  904                                   
    12.5-180.0 180.0   5.0 450.0                            LAT/LON1/LON2/DLON/H
  906  927  951  948  935  898  844  772  688  618  551  502  445  392  349  320
  296  281  263  261  268  283  311  368  411  451  453  430  384  329  290  256
  238  223  210  194  178  156  129  110   97   98  122  158  200  240  280  314
  361  399  444  481  525  563  611  643  673  702  727  741  755  757  767  772
  791  807  840  858  889  910  888  925  906                                   
    10.0-180.0 180.0   5.0 450.0                            LAT/LON1/LON2/DLON/H
  889  912  929  941  935  920  875  820  740  672  606  550  501  446  405  370
  349  325  315  314  324  346  378  421  450  459  441  392  343  288  268  236
  231  207  201  185  167  147  123  107   98  107  133  163  203  241  280  317
  366  407  453  489  533  571  617  639  674  689  712  719  730  736  745  758
  774  795  818  840  863  883  866  906  889                                   
     7.5-180.0 180.0   5.0 450.0                            LAT/LON1/LON2/DLON/H
  867  886  914  916  925  904  882  824  763  693  638  586  540  490  446  414
  393  379  367  366  373  397  414  447  459  442  414  344  311  265  257  242
