data/unet/pred2370.15i
     1.0            IONOSPHERE MAPS     GNSS                IONEX VERSION / TYPE
pyspatialgeodesy        IME             05-JAN-18 20:20     PGM / RUN BY / DATE 
Map Name                                                    COMMENT             
Predicted global ionosphere maps (GIM).                     DESCRIPTION         
  2015     8    25     0     0     0                        EPOCH OF FIRST MAP  
  2015     8    26     0     0     0                        EPOCH OF LAST MAP   
  7200                                                      INTERVAL            
    13                                                      # OF MAPS IN FILE   
  NONE                                                      MAPPING FUNCTION    
10.0                                                        ELEVATION CUTOFF    
One-way carrier phase leveled to code                       OBSERVABLES USED    
  6371.0                                                    BASE RADIUS         
 2                                                          MAP DIMENSION       
   450.0 450.0   0.0                                        HGT1 / HGT2 / DHGT  
    87.5 -87.5  -2.5                                        LAT1 / LAT2 / DLAT  
  -180.0 180.0   5.0                                        LON1 / LON2 / DLON  
    -1                                                      EXPONENT            
                                                            END OF HEADER       
[from data line 4290]
    11                                                      START OF TEC MAP    
  2015     8    25    20     0     0                        EPOCH OF CURRENT MAP
    87.5-180.0 180.0   5.0 450.0                            LAT/LON1/LON2/DLON/H
  160  131  115  119  117  118  117  118  118  120  120  121  121  123  123  124
  124  124  124  124  124  124  123  122  121  121  120  118  117  116  115  114
  113  112  111  111  110  110  109  109  108  108  108  108  107  108  107  108
  107  108  108  108  108  109  109  109  110  110  110  111  111  112  112  112
  112  113  114  113  115  115  116  145  160                                   
    85.0-180.0 180.0   5.0 450.0                            LAT/LON1/LON2/DLON/H
  113  109  110  114  115  114  116  116  119  119  122  121  124  124  126  125
  128  127  128  127  128  126  126  124  123  121  120  117  116  114  113  111
  110  108  108  105  106  104  105  103  104  102  104  102  103  102  104  103
  104  103  105  103  105  104  105  105  106  106  106  106  107  106  107  106
  107  107  108  107  109  106  109  131  113                                   
    82.5-180.0 180.0   5.0 450.0                            LAT/LON1/LON2/DLON/H
  113  109  109  111  111  112  113  116  118  121  122  125  127  130  130  133
  133  135  134  135  134  134  131  131  127  126  121  121  115  115  110  110
  105  106  102  102  100  101   98  100   98   99   98   99   98   99   99  100
  100  101  101  101  101  102  102  101  102  102  101  101  101  101  100  101
  100  102  101  102  102  102  100  116  113                                   
    80.0-180.0 180.0   5.0 450.0                            LAT/LON1/LON2/DLON/H
  114  101  100  101  102  104  107  109  113  114  119  120  126  127  132  132
  136  135  139  137  139  136  136  132  130  125  123  118  115  111  108  104
  101   98   97   94   93   91   91   89   90   89   90   88   90   89   91   90
   92   91   93   92   94   92   95   92   94   92   94   92   94   92   93   92
   93   93   95   93   95   93   92  108  114                                   
    77.5-180.0 180.0   5.0 450.0                            LAT/LON1/LON2/DLON/H
  106   98   94   95   96   97  101  103  108  110  116  118  123  126  131  133
  136  137  139  139  140  138  138  134  131  125  122  115  112  106  103   97
   95   91   90   87   87   85   85   84   83   83   83   82   83   82   83   83
   84   84   85   85   86   85   86   85   85   84   85   84   84   83   84   83
   84   84   86   85   86   85   84   95  106                                   
    75.0-180.0 180.0   5.0 450.0                            LAT/LON1/LON2/DLON/H
  104   91   91   94   95   98  101  104  108  112  117  120  125  129  133  135
  138  139  142  142  143  141  141  136  134  128  124  117  112  107  103   98
   95   92   91   88   87   85   85   83   82   81   81   80   80   79   80   80
   80   80   81   80   80   80   80   79   79   78   78   77   78   78   79   79
   81   81   85   83   86   83   86   98  104                                   
    72.5-180.0 180.0   5.0 450.0                            LAT/LON1/LON2/DLON/H
  102   92   91   93   94   95   99  101  106  109  115  117  123  125  130  132
  135  136  139  139  141  139  139  135  132  126  121  114  109  103  100   95
   93   91   89   88   87   87   84   83   80   79   77   76   74   74   73   73
   72   72   72   72   71   70   69   68   68   67   67   67   68   69   71   73
   75   78   81   82   83   83   85   95  102                                   
    70.0-180.0 180.0   5.0 450.0                            LAT/LON1/LON2/DLON/H
  103   90   91   93   95   97  101  102  108  111  116  119  124  126  130  130
  134  134  138  137  140  138  139  134  133  126  121  114  109  103  100   96
   95   92   92   90   90   88   87   83   81   76   75   71   70   67   68   66
   67   66   66   65   64   62   61   59   59   58   59   59   62   63   67   69
   74   76   82   82   86   85   88   98  103                                   
    67.5-180.0 180.0   5.0 450.0                            LAT/LON1/LON2/DLON/H
  104   94   93   94   95   96  100  102  107  110  116  118  122  123  127  127
  130  130  133  133  136  135  136  132  130  123  119  112  108  102   99   95
   94   92   93   92   91   90   87   83   78   74   69   66   62   60   59   58
   57   57   55   54   52   50   48   47   47   47   48   50   53   56   61   65
   70   75   79   82   85   86   89   96  104                                   
    65.0-180.0 180.0   5.0 450.0                            LAT/LON1/LON2/DLON/H
  106   95   96   96   98   98  103  104  110  112  119  120  125  125  129  127
  130  129  132  132  136  134  136  131  131  124  121  114  111  105  103   98
   99   95   97   95   95   92   89   83   78   72   67   62   58   55   54   53
   52   51   49   48   45   43   41   39   39   39   41   43   48   51   58   62
   69   73   80   81   87   87   91  100  106                                   
    62.5-180.0 180.0   5.0 450.0                            LAT/LON1/LON2/DLON/H
  106   99   99  100  100  100  103  105  110  112  118  120  125  125  128  126
  128  127  130  130  133  132  134  130  129  123  121  115  112  107  106  102
  102  100  100   98   97   94   90   84   78   71   64   59   54   52   50   49
   47   46   43   41   37   35   32   31   31   32   34   37   42   46   53   58
   65   71   77   81   85   86   91   97  106                                   
    60.0-180.0 180.0   5.0 450.0                            LAT/LON1/LON2/DLON/H
  107  102  104  104  105  104  108  108  113  115  122  123  129  128  132  128
  131  128  131  131  135  133  136  131  132  125  125  120  120  115  115  110
  110  105  106  103  102   97   94   86   80   73   67   61   57   54   53   52
   49   47   43   40   36   32   30   28   29   29   32   34   40   43   52   55
   65   69   77   80   86   86   93  100  107                                   
    57.5-180.0 180.0   5.0 450.0                            LAT/LON1/LON2/DLON/H
  109  108  109  110  110  108  111  111  115  117  123  125  129  128  131  129
  130  127  130  129  133  131  133  130  130  126  126  122  124  121  121  117
  117  112  112  108  106  102   98   91   85   77   71   65   61   58   56   54
   51   47   43   39   34   31   29   28   29   30   32   34   38   42   48   53
   60   67   72   77   81   85   91   98  109                                   
    55.0-180.0 180.0   5.0 450.0                            LAT/LON1/LON2/DLON/H
  112  112  117  118  118  116  119  117  121  122  128  129  135  134  137  133
  135  131  134  131  135  132  135  131  134  129  132  130  133  131  133  128
  127  121  120  115  114  109  105   99   93   86   81   76   72   69   66   64
   59   55   49   44   39   36   35   34   36   36   38   38   42   43   50   53
   61   66   74   78   84   86   94  103  112                                   
    52.5-180.0 180.0   5.0 450.0                            LAT/LON1/LON2/DLON/H
  117  122  124  127  127  126  127  126  128  129  133  135  139  138  139  136
  137  132  133  130  133  130  132  129  132  130  133  132  137  136  139  135
  134  129  126  122  121  116  113  107  102   96   91   86   82   79   75   70
   66   60   54   48   44   42   41   42   44   45   45   45   45   46   49   53
   59   66   72   77   82   87   95  106  117                                   
    50.0-180.0 180.0   5.0 450.0                            LAT/LON1/LON2/DLON/H
  125  128  133  137  139  139  141  138  141  139  144  143  148  146  148  144
  144  138  138  134  136  133  135  132  135  134  139  139  145  146  149  145
  144  138  135  131  130  126  125  119  114  108  104   99   95   91   87   82
   76   70   64   59   55   53   53   54   57   57   57   54   54   52   56   57
   65   70   79   83   90   93  103  115  125                                   
    47.5-180.0 180.0   5.0 450.0                            LAT/LON1/LON2/DLON/H
  132  139  143  149  150  151  153  152  153  153  154  155  158  157  157  152
  149  142  140  134  135  131  133  131  135  135  139  141  146  148  151  149
  148  143  142  139  139  136  134  129  124  119  113  109  105  100   95   90
   84   77   72   68   65   63   64   66   68   70   66   64   60   58   57   61
   66   73   80   87   93   99  107  122  132                                   
    45.0-180.0 180.0   5.0 450.0                            LAT/LON1/LON2/DLON/H
  142  146  152  158  162  166  169  168  169  167  170  169  173  170  171  163
  161  151  149  141  142  138  140  138  142  141  147  147  154  154  159  156
  156  152  152  149  151  148  147  141  136  130  124  119  114  110  105   99
   94   89   84   81   79   77   78   80   82   82   80   74   71   66   67   68
   75   80   91   96  105  108  117  132  142                                   
    42.5-180.0 180.0   5.0 450.0                            LAT/LON1/LON2/DLON/H
  148  155  160  167  172  176  180  181  182  184  185  186  187  186  184  178
  172  162  155  147  146  142  144  142  146  146  151  152  157  159  162  162
  162  161  161  161  163  161  159  152  145  138  131  126  121  117  111  107
  102   98   95   92   90   89   88   90   91   93   88   84   77   74   71   74
   80   88   97  105  112  117  124  141  148                                   
    40.0-180.0 180.0   5.0 450.0                            LAT/LON1/LON2/DLON/H
  156  159  164  172  177  186  191  195  199  201  204  204  208  204  203  193
  188  174  170  159  160  154  158  156  161  160  166  164  170  169  174  172
  175  172  175  174  176  173  171  162  155  146  140  133  129  125  121  117
  114  110  108  105  104  101  101  101  102  101   99   93   87   81   82   82
   91   98  110  115  124  126  135  151  156                                   
    37.5-180.0 180.0   5.0 450.0                            LAT/LON1/LON2/DLON/H
  159  163  167  174  181  188  196  202  209  215  219  222  224  224  220  212
  203  190  181  172  170  165  168  166  171  171  175  175  179  180  184  186
  186  187  187  188  187  183  178  170  159  151  143  138  133  130  125  124
  120  119  116  115  112  110  107  107  105  106  101   98   91   88   86   90
   96  106  116  125  131  135  141  157  159                                   
    35.0-180.0 180.0   5.0 450.0                            LAT/LON1/LON2/DLON/H
  166  167  170  177  182  193  200  211  219  227  234  239  244  244  241  232
  224  208  200  189  187  181  185  183  190  189  196  194  200  198  206  206
  210  208  208  205  202  195  188  178  168  157  150  144  141  137  133  130
  128  125  124  121  119  115  112  110  109  108  105  101   96   93   93   96
  105  113  126  133  141  143  150  164  166                                   
    32.5-180.0 180.0   5.0 450.0                            LAT/LON1/LON2/DLON/H
  171  174  174  180  185  194  202  214  225  237  246  254  260  262  259  252
  244  231  219  207  201  194  196  196  204  206  212  214  219  224  227  231
  230  230  227  222  215  206  195  184  171  162  151  148  141  140  134  132
  127  127  123  122  117  115  109  108  104  105  100   99   94   94   93   99
  105  117  128  140  147  151  155  172  171                                   
    30.0-180.0 180.0   5.0 450.0                            LAT/LON1/LON2/DLON/H
  180  178  179  184  187  197  206  220  232  246  257  269  276  279  277  271
  264  252  242  227  220  211  212  212  223  227  238  241  251  253  256  257
  256  252  246  238  228  215  201  188  175  164  155  149  144  141  136  132
  128  124  121  117  114  109  106  104  101  100   98   96   93   92   94   98
  108  120  135  147  156  160  164  181  180                                   
    27.5-180.0 180.0   5.0 450.0                            LAT/LON1/LON2/DLON/H
  186  188  187  191  194  202  213  226  240  255  268  282  291  295  295  291
  285  275  265  251  241  231  230  230  240  247  258  267  274  280  282  284
  278  274  262  252  236  220  203  189  174  165  153  150  142  141  133  130
  121  119  112  111  105  104   99   98   94   93   90   89   86   88   88   95
  103  119  134  151  160  168  170  186  186                                   
    25.0-180.0 180.0   5.0 450.0                            LAT/LON1/LON2/DLON/H
  200  197  199  202  204  215  224  237  251  268  282  299  309  316  317  314
  311  301  290  275  264  251  250  250  262  270  284  292  301  305  309  305
  299  289  276  260  241  221  203  187  174  164  155  149  143  138  132  125
  118  111  106  103  101   97   94   92   90   87   84   84   83   83   86   91
  102  119  137  153  165  173  176  192  200                                   
    22.5-180.0 180.0   5.0 450.0                            LAT/LON1/LON2/DLON/H
  207  213  213  216  220  228  238  250  266  281  297  315  329  338  342  344
  341  332  319  302  288  276  272  272  282  292  304  315  323  329  326  323
  310  301  282  264  240  221  200  185  171  163  152  147  139  135  126  120
  110  104   96   95   91   91   87   86   81   80   76   78   77   80   81   89
   99  117  135  156  168  180  183  199  207                                   
    20.0-180.0 180.0   5.0 450.0                            LAT/LON1/LON2/DLON/H
  218  221  225  229  232  243  252  265  280  298  314  335  349  363  369  376
  376  369  354  337  319  307  300  302  308  319  330  339  345  347  343  336
  324  310  290  266  242  217  198  183  171  162  153  146  140  132  126  118
  110  100   95   89   89   87   85   82   79   75   72   71   74   75   80   87
   99  115  136  155  169  180  187  203  218                                   
    17.5-180.0 180.0   5.0 450.0                            LAT/LON1/LON2/DLON/H
  218  231  235  243  250  258  269  281  296  315  334  356  372  390  398  410
  410  407  393  375  354  339  331  330  335  343  351  358  361  362  355  346
  329  315  289  265  236  215  194  181  169  162  151  146  138  133  125  120
  110  103   92   89   85   87   82   81   74   72   67   68   68   72   76   85
   96  113  134  155  169  184  190  206  218                                   
    15.0-180.0 180.0   5.0 450.0                            LAT/LON1/LON2/DLON/H
  224  236  244  254  262  275  285  299  312  334  352  377  393  414  424  439
  443  442  429  414  394  382  370  371  370  376  376  379  379  374  366  352
  337  316  292  265  241  217  198  185  174  165  157  150  145  137  131  122
  116  106   98   91   89   87   85   82   77   72   67   66   68   68   75   81
   93  109  132  152  168  181  192  208  224                                   
    12.5-180.0 180.0   5.0 450.0                            LAT/LON1/LON2/DLON/H
  223  244  250  265  275  287  300  313  327  347  366  391  409  435  446  465
  469  473  462  451  434  421  411  406  403  401  397  396  391  385  370  356
  335  314  287  265  240  219  200  188  176  169  159  156  148  144  135  129
  120  112  101   97   91   92   88   87   78   74   68   67   67   68   72   79
   89  106  128  149  166  183  195  212  223                                   
    10.0-180.0 180.0   5.0 450.0                            LAT/LON1/LON2/DLON/H
  229  247  257  271  282  297  309  325  338  359  375  401  418  448  462  483
  490  496  489  483  471  463  450  444  433  429  420  414  406  393  379  359
  339  314  291  271  253  231  214  199  188  178  171  164  159  152  146  136
  129  118  110  102   98   96   94   90   83   76   70   66   66   65   71   75
   86  102  125  147  167  183  198  215  229                                   
     7.5-180.0 180.0   5.0 450.0                            LAT/LON1/LON2/DLON/H
  231  256  266  284  294  310  323  338  351  366  382  404  423  452  468  488
  497  504  500  497  492  485  475  464  451  445  434  426  412  400  380  360
