data/unet/pred3640.15i
     1.0            IONOSPHERE MAPS     GNSS                IONEX VERSION / TYPE
pyspatialgeodesy        IME             05-JAN-18 20:20     PGM / RUN BY / DATE 
Map Name                                                    COMMENT             
Predicted global ionosphere maps (GIM).                     DESCRIPTION         
  2015    12    30     0     0     0                        EPOCH OF FIRST MAP  
  2015    12    31     0     0     0                        EPOCH OF LAST MAP   
  7200                                                      INTERVAL            
    13                                                      # OF MAPS IN FILE   
  NONE                                                      MAPPING FUNCTION    
10.0                                                        ELEVATION CUTOFF    
One-way carrier phase leveled to code                       OBSERVABLES USED    
  6371.0                                                    BASE RADIUS         
 2                                                          MAP DIMENSION       
   450.0 450.0   0.0                                        HGT1 / HGT2 / DHGT  
    87.5 -87.5  -2.5                                        LAT1 / LAT2 / DLAT  
  -180.0 180.0   5.0                                        LON1 / LON2 / DLON  
    -1                                                      EXPONENT            
                                                            END OF HEADER       
[from data line 3003]
     8                                                      START OF TEC MAP    
  2015    12    30    14     0     0                        EPOCH OF CURRENT MAP
    87.5-180.0 180.0   5.0 450.0                            LAT/LON1/LON2/DLON/H
   25   45   42   39   36   38   35   37   33   35   30   32   27   30   25   28
   24   27   24   26   24   28   25   28   26   30   27   31   28   32   29   33
   30   34   31   34   32   35   33   36   33   36   34   36   33   36   33   35
   33   35   33   35   34   36   35   36   37   37   38   38   39   38   39   38
   40   38   39   38   37   41   53   49   25                                   
    85.0-180.0 180.0   5.0 450.0                            LAT/LON1/LON2/DLON/H
   39   50   41   38   40   37   40   37   41   38   42   37   42   37   42   36
   41   35   40   33   38   32   36   30   35   30   34   28   33   28   32   27
   31   27   31   25   30   26   30   25   30   27   32   28   34   31   37   33
   40   37   43   39   46   43   48   45   50   47   50   48   50   48   49   47
   47   46   47   44   46   45   49   36   39                                   
    82.5-180.0 180.0   5.0 450.0                            LAT/LON1/LON2/DLON/H
   25   36   30   32   28   30   27   31   28   32   30   33   30   34   30   34
   30   33   29   31   27   30   25   28   24   27   23   26   22   25   20   23
   18   22   16   20   14   18   13   17   13   18   14   20   18   24   21   28
   27   33   32   38   38   44   43   48   47   52   49   52   48   51   46   48
   43   45   39   40   34   34   32   19   25                                   
    80.0-180.0 180.0   5.0 450.0                            LAT/LON1/LON2/DLON/H
   19   28   22   24   22   24   23   25   25   27   28   30   31   31   31   32
   32   31   31   31   31   30   30   28   29   28   28   27   27   26   25   24
   22   21   19   18   16   15   13   13   12   13   13   14   17   19   22   24
   28   30   35   37   42   44   47   49   50   52   51   51   49   49   46   45
   42   41   37   35   31   27   28   16   19                                   
    77.5-180.0 180.0   5.0 450.0                            LAT/LON1/LON2/DLON/H
    8   23   20   18   18   18   18   20   21   23   25   27   28   31   31   33
   32   32   31   32   30   31   30   31   30   31   30   31   29   30   28   28
   24   23   20   18   14   12    9    8    5    6    6    7    8   11   13   17
   20   25   28   33   36   42   44   48   48   51   49   50   48   48   45   43
   40   38   34   31   27   22   21    6    8                                   
    75.0-180.0 180.0   5.0 450.0                            LAT/LON1/LON2/DLON/H
   12   17   16   14   16   14   18   16   22   21   27   27   33   33   37   36
   37   35   37   33   36   32   36   31   35   32   35   32   36   34   37   33
   34   30   28   23   20   16   13    9    7    6    6    5    8   10   14   15
   21   23   29   30   36   38   42   43   45   46   47   45   46   43   44   40
   40   35   36   30   29   21   25   10   12                                   
    72.5-180.0 180.0   5.0 450.0                            LAT/LON1/LON2/DLON/H
   12   26   22   19   19   19   21   23   25   28   31   35   37   42   41   44
   41   42   40   41   41   42   41   43   41   45   43   46   45   49   47   48
   45   44   39   35   29   25   20   16   12   10    9   10   10   12   14   17
   19   23   25   29   31   35   37   40   40   43   43   44   43   43   42   42
   40   40   38   36   32   27   26    9   12                                   
    70.0-180.0 180.0   5.0 450.0                            LAT/LON1/LON2/DLON/H
   17   24   24   21   23   20   25   23   30   29   36   37   44   44   48   47
   48   47   47   46   48   49   48   50   50   52   53   56   57   59   61   61
   60   56   53   46   40   33   27   21   18   15   15   14   15   15   17   17
   21   21   25   25   29   29   34   32   36   35   39   38   41   40   43   42
   44   41   43   39   38   30   33   16   17                                   
    67.5-180.0 180.0   5.0 450.0                            LAT/LON1/LON2/DLON/H
   18   33   31   26   27   25   28   29   32   35   39   43   46   51   52   53
   52   51   52   52   53   55   56   58   58   61   62   66   65   72   71   76
   71   71   63   59   51   43   37   30   26   24   23   23   22   22   21   20
   20   19   20   21   22   23   25   26   27   28   31   33   35   36   40   41
   44   44   45   44   41   34   34   16   18                                   
    65.0-180.0 180.0   5.0 450.0                            LAT/LON1/LON2/DLON/H
   20   29   30   28   30   29   31   32   35   37   41   43   48   49   51   50
   50   48   51   51   55   56   59   61   64   66   69   73   75   80   82   85
   83   81   75   68   60   50   42   35   31   29   29   27   27   24   24   19
   19   15   15   12   15   13   17   15   21   19   27   25   32   32   38   38
   43   43   45   43   44   35   36   20   20                                   
    62.5-180.0 180.0   5.0 450.0                            LAT/LON1/LON2/DLON/H
   17   33   30   30   30   32   33   34   36   37   39   42   44   47   47   49
   48   48   50   53   55   61   64   69   70   74   76   80   82   87   89   93
   91   89   83   76   67   58   48   44   39   39   38   40   36   35   28   26
   19   16   12   11    9    9    9   11   13   16   20   24   28   30   34   36
   39   40   42   42   40   34   33   16   17                                   
    60.0-180.0 180.0   5.0 450.0                            LAT/LON1/LON2/DLON/H
   16   25   28   28   30   30   32   32   34   33   35   35   39   37   40   39
   40   40   45   49   55   59   66   70   75   76   80   81   87   89   94   96
   96   92   87   80   70   60   52   46   43   41   40   40   39   33   28   22
   17   11    8    5    5    2    5    5   10   11   19   20   27   26   31   31
   35   34   37   37   38   29   32   14   16                                   
    57.5-180.0 180.0   5.0 450.0                            LAT/LON1/LON2/DLON/H
   13   26   27   29   30   32   33   33   32   30   29   32   32   33   33   35
   36   40   45   52   59   67   72   79   82   85   88   91   95   98  101  105
  104  102   95   89   78   69   61   57   53   53   51   53   48   42   35   30
   22   17   12   10    6    5    5    7   10   14   19   24   27   29   31   31
   32   32   34   35   33   28   28   12   13                                   
    55.0-180.0 180.0   5.0 450.0                            LAT/LON1/LON2/DLON/H
   20   24   29   29   31   32   32   31   29   24   26   21   27   23   27   28
   31   35   43   51   60   69   76   82   87   89   94   96  101  103  107  107
  108  105  100   92   83   75   67   62   60   58   56   53   50   42   36   28
   24   17   16   10   11    7   11   10   16   19   26   28   32   31   32   29
   30   29   31   32   34   28   32   15   20                                   
    52.5-180.0 180.0   5.0 450.0                            LAT/LON1/LON2/DLON/H
   24   34   35   36   37   38   36   35   30   26   21   23   22   24   25   28
   31   37   46   57   66   77   83   91   94  100  103  108  112  115  117  119
  117  115  108  103   93   87   80   77   74   73   69   66   59   53   45   39
   33   30   27   25   21   19   20   22   25   30   34   39   39   38   36   33
   32   32   34   36   38   34   36   22   24                                   
    50.0-180.0 180.0   5.0 450.0                            LAT/LON1/LON2/DLON/H
   42   40   45   44   45   43   42   37   34   29   29   24   27   24   27   28
   32   38   49   60   70   80   87   96  100  105  111  116  121  121  123  122
  121  117  112  107  102   97   92   89   86   82   79   72   68   58   52   44
   42   37   38   35   35   30   33   33   39   42   47   49   49   44   42   37
   36   34   38   42   46   44   49   37   42                                   
    47.5-180.0 180.0   5.0 450.0                            LAT/LON1/LON2/DLON/H
   51   57   55   55   53   52   49   47   42   39   36   35   33   32   32   35
   39   48   57   70   78   90   95  105  107  115  120  127  129  131  130  130
  124  123  117  118  114  113  110  109  104  101   93   87   78   70   63   58
   53   51   50   49   47   45   44   49   50   55   56   59   56   53   49   46
   43   44   47   52   57   56   58   50   51                                   
    45.0-180.0 180.0   5.0 450.0                            LAT/LON1/LON2/DLON/H
   63   65   66   63   62   58   57   51   51   46   46   41   41   36   37   38
   44   51   63   73   83   94  100  108  113  121  126  131  134  131  129  125
  122  119  119  121  122  124  125  124  120  115  105   97   89   80   73   65
   63   59   60   57   57   54   56   57   61   64   65   64   63   57   55   50
   51   49   55   59   65   67   71   66   63                                   
    42.5-180.0 180.0   5.0 450.0                            LAT/LON1/LON2/DLON/H
   65   75   71   71   67   64   63   61   60   58   57   55   52   47   47   48
   53   63   73   86   94  104  108  115  119  127  130  135  135  132  127  124
  120  120  120  126  130  135  137  138  134  127  117  108   97   89   80   75
   69   67   65   64   61   60   59   63   64   68   67   67   63   60   58   57
   55   58   61   66   71   72   75   70   65                                   
    40.0-180.0 180.0   5.0 450.0                            LAT/LON1/LON2/DLON/H
   67   73   74   73   71   67   67   63   65   64   66   61   60   53   55   54
   63   69   81   92  101  109  114  120  125  131  133  135  134  127  124  119
  120  121  125  132  139  145  149  150  146  139  128  117  107   98   89   82
   77   71   69   65   62   59   60   63   65   68   66   66   64   60   61   58
   61   59   64   66   71   71   76   72   67                                   
    37.5-180.0 180.0   5.0 450.0                            LAT/LON1/LON2/DLON/H
   61   72   70   73   68   68   67   67   68   70   73   72   69   64   64   68
   74   82   92  104  113  119  124  128  131  134  134  136  133  127  123  125
  127  131  136  145  151  159  162  163  158  151  139  128  117  106   97   90
   82   76   72   68   63   59   60   62   63   65   63   64   61   61   61   62
   61   62   63   64   66   65   70   62   61                                   
    35.0-180.0 180.0   5.0 450.0                            LAT/LON1/LON2/DLON/H
   57   62   64   64   65   64   64   63   66   68   74   71   74   68   73   74
   84   89  103  110  120  126  131  134  136  136  137  135  133  129  130  134
  142  149  157  165  174  178  180  176  171  161  151  139  128  118  108   99
   91   84   77   70   66   61   60   61   62   63   61   61   61   61   64   62
   65   60   61   57   57   55   60   54   57                                   
    32.5-180.0 180.0   5.0 450.0                            LAT/LON1/LON2/DLON/H
   44   55   54   58   55   56   57   59   62   66   73   75   77   76   82   87
   95  104  114  123  132  137  141  142  140  140  138  139  138  140  146  159
  168  182  189  199  200  202  199  195  186  176  165  155  145  132  125  113
  107   96   90   80   75   70   68   67   65   64   60   63   61   66   66   67
   63   59   54   51   48   46   50   40   44                                   
    30.0-180.0 180.0   5.0 450.0                            LAT/LON1/LON2/DLON/H
   45   46   48   48   49   48   49   49   53   57   66   71   76   78   87   93
  103  109  122  127  140  144  149  148  146  143  144  145  152  158  174  191
  213  227  238  240  241  235  230  218  210  193  185  173  166  154  147  137
  130  120  112  101   94   87   84   80   76   70   65   64   66   69   73   71
   69   59   54   46   43   40   43   32   45                                   
    27.5-180.0 180.0   5.0 450.0                            LAT/LON1/LON2/DLON/H
   40   44   42   46   44   45   43   46   47   53   60   68   77   82   93  102
  113  120  130  138  150  153  155  153  150  150  151  160  169  187  210  242
  265  287  291  294  282  274  261  252  237  221  209  198  192  181  175  165
  159  149  142  133  125  116  109  101   94   86   78   77   75   79   77   77
   67   59   52   47   44   41   40   29   40                                   
    25.0-180.0 180.0   5.0 450.0                            LAT/LON1/LON2/DLON/H
   52   45   46   43   45   41   41   38   42   46   53   64   71   80   94  103
  115  121  134  140  154  157  159  157  155  156  164  175  194  220  258  290
  323  337  345  335  322  305  293  277  268  250  240  227  222  212  207  198
  192  183  178  168  163  152  141  131  118  107   96   93   87   90   90   85
   77   67   57   53   49   48   46   35   52                                   
    22.5-180.0 180.0   5.0 450.0                            LAT/LON1/LON2/DLON/H
   58   55   52   53   48   46   42   43   43   45   52   60   69   79   96  107
  120  126  139  148  159  164  165  163  161  167  176  197  221  258  296  338
  367  383  382  373  350  333  315  305  292  282  271  262  254  246  239  233
  225  218  213  207  199  189  176  160  145  130  118  112  106  105   99   96
   83   74   68   64   62   61   54   52   58                                   
    20.0-180.0 180.0   5.0 450.0                            LAT/LON1/LON2/DLON/H
   70   65   63   59   55   49   48   44   44   38   51   58   69   80   97  110
  123  133  144  156  163  169  169  168  169  178  194  218  251  287  335  365
  402  410  412  392  372  349  337  322  317  305  301  292  284  280  271  269
  258  258  247  245  231  221  206  190  170  154  136  129  119  117  111  106
   94   86   79   78   72   73   70   58   70                                   
    17.5-180.0 180.0   5.0 450.0                            LAT/LON1/LON2/DLON/H
   73   78   69   68   59   54   54   52   52   50   54   58   71   83  100  114
  129  138  152  163  171  178  178  180  182  196  213  244  276  315  355  383
  413  425  422  403  383  362  349  337  333  328  325  319  311  307  296  295
  283  285  274  271  259  247  229  211  190  170  153  138  127  124  118  113
  103   95   91   88   87   85   74   76   73                                   
    15.0-180.0 180.0   5.0 450.0                            LAT/LON1/LON2/DLON/H
   79   84   76   71   63   56   57   54   56   53   57   56   70   85  100  119
  135  148  163  175  181  186  190  192  199  215  237  267  301  335  371  392
  419  423  422  397  383  361  356  343  347  344  345  338  333  326  314  312
  298  299  285  282  267  257  237  222  199  183  164  149  135  130  122  117
  110  103  100   98   93   91   85   77   79                                   
    12.5-180.0 180.0   5.0 450.0                            LAT/LON1/LON2/DLON/H
   71   85   78   76   59   58   54   57   59   61   60   68   77   93  110  129
  146  161  178  189  198  204  207  213  219  239  260  292  316  347  372  391
  408  410  405  388  377  364  361  356  359  362  362  358  350  344  330  324
  308  303  288  281  267  254  234  219  203  186  169  155  141  134  127  122
  116  110  106  100   97   93   82   81   71                                   
    10.0-180.0 180.0   5.0 450.0                            LAT/LON1/LON2/DLON/H
   65   81   75   74   62   59   56   57   64   63   67   68   79   98  116  139
  157  177  193  205  212  220  225  234  244  265  288  311  333  354  371  381
  392  388  386  371  370  361  367  363  372  374  376  369  363  350  336  326
  308  301  284  275  260  248  229  217  205  192  175  162  147  141  133  129
  123  119  113  105   99   93   82   74   65                                   
     7.5-180.0 180.0   5.0 450.0                            LAT/LON1/LON2/DLON/H
   56   78   73   71   58   59   52   60   62   66   66   75   87  111  128  156
  177  202  216  231  239  246  254  263  276  297  311  331  341  357  363  370
