data/unet/pred1770.15i
     1.0            IONOSPHERE MAPS     GNSS                IONEX VERSION / TYPE
pyspatialgeodesy        IME             05-JAN-18 20:20     PGM / RUN BY / DATE 
Map Name                                                    COMMENT             
Predicted global ionosphere maps (GIM).                     DESCRIPTION         
  2015     6    26     0     0     0                        EPOCH OF FIRST MAP  
  2015     6    27     0     0     0                        EPOCH OF LAST MAP   
  7200                                                      INTERVAL            
    13                                                      # OF MAPS IN FILE   
  NONE                                                      MAPPING FUNCTION    
10.0                                                        ELEVATION CUTOFF    
One-way carrier phase leveled to code                       OBSERVABLES USED    
  6371.0                                                    BASE RADIUS         
 2                                                          MAP DIMENSION       
   450.0 450.0   0.0                                        HGT1 / HGT2 / DHGT  
    87.5 -87.5  -2.5                                        LAT1 / LAT2 / DLAT  
  -180.0 180.0   5.0                                        LON1 / LON2 / DLON  
    -1                                                      EXPONENT            
                                                            END OF HEADER       
[from data line 4719]
    12                                                      START OF TEC MAP    
  2015     6    26    22     0     0                        EPOCH OF CURRENT MAP
    87.5-180.0 180.0   5.0 450.0                            LAT/LON1/LON2/DLON/H
  182  132  119  123  122  120  121  121  121  121  122  121  122  121  122  121
  122  120  121  120  120  119  119  118  119  117  117  116  116  115  115  113
  113  111  111  109  109  107  107  106  106  104  105  103  104  103  104  103
  104  103  105  104  106  105  107  107  108  108  110  110  111  111  113  113
  114  114  115  117  119  119  121  156  182                                   
    85.0-180.0 180.0   5.0 450.0                            LAT/LON1/LON2/DLON/H
  125  119  119  123  122  121  122  122  123  123  124  123  124  123  124  123
  124  122  123  120  121  119  120  117  118  116  115  113  113  111  111  109
  108  106  106  103  103  100  101   98   99   96   97   95   96   94   96   94
   96   95   97   96   99   98  100  100  102  102  105  105  106  106  109  109
  110  111  112  114  117  119  120  138  125                                   
    82.5-180.0 180.0   5.0 450.0                            LAT/LON1/LON2/DLON/H
  122  126  129  133  132  132  133  134  134  135  135  136  135  135  134  135
  133  133  132  132  130  129  128  127  125  124  122  120  119  117  115  113
  112  110  109  108  107  105  105  104  103  101  102  100  101   99  100  100
  101  100  102  102  103  103  105  106  107  107  110  110  111  112  114  115
  116  117  119  120  123  123  125  133  122                                   
    80.0-180.0 180.0   5.0 450.0                            LAT/LON1/LON2/DLON/H
  126  129  130  133  132  132  133  136  136  138  138  139  139  139  138  139
  137  137  135  136  133  133  131  130  127  126  123  121  118  117  114  113
  111  110  108  108  106  105  104  103  102  101  100   99   99   98   98   99
   99   99  100  102  102  104  104  106  107  109  109  111  111  113  114  115
  116  117  118  120  122  124  122  127  126                                   
    77.5-180.0 180.0   5.0 450.0                            LAT/LON1/LON2/DLON/H
  122  127  128  131  132  131  135  136  138  138  140  140  141  140  141  140
  140  139  140  138  138  135  135  132  131  127  125  121  119  116  115  112
  111  109  109  107  108  106  106  104  104  102  103  101  102  100  102  101
  103  102  105  105  107  107  110  110  111  111  113  112  114  113  116  115
  117  117  120  120  123  122  121  121  122                                   
    75.0-180.0 180.0   5.0 450.0                            LAT/LON1/LON2/DLON/H
  117  122  124  129  128  130  131  135  136  139  139  143  142  144  143  145
  142  143  140  140  138  138  136  134  131  128  124  121  118  114  112  111
  109  109  108  109  108  109  107  108  105  105  103  104  102  103  102  104
  104  107  107  110  110  113  112  115  114  115  114  115  114  115  114  115
  115  116  117  119  121  122  119  123  117                                   
    72.5-180.0 180.0   5.0 450.0                            LAT/LON1/LON2/DLON/H
  113  121  122  126  126  126  129  131  135  136  140  142  144  144  145  143
  143  141  142  139  140  136  137  132  132  125  123  117  115  110  110  107
  108  107  109  108  110  109  110  108  108  105  106  103  104  102  104  104
  107  107  111  112  115  115  117  116  117  115  117  114  115  113  115  112
  114  113  116  116  120  119  117  120  113                                   
    70.0-180.0 180.0   5.0 450.0                            LAT/LON1/LON2/DLON/H
  110  119  121  125  123  124  125  130  132  137  140  145  146  148  146  147
  144  144  142  142  140  140  138  136  132  128  123  118  114  110  108  107
  106  107  107  110  110  113  111  112  108  108  104  105  102  103  102  105
  106  110  111  115  116  118  118  119  118  118  117  116  115  115  113  113
  113  113  114  117  119  120  117  123  110                                   
    67.5-180.0 180.0   5.0 450.0                            LAT/LON1/LON2/DLON/H
  111  121  122  124  123  121  124  126  132  135  141  145  148  148  149  146
  146  143  144  141  143  140  142  137  136  129  126  118  116  110  110  106
  108  107  110  109  113  112  114  111  110  106  105  101  101   99  101  101
  105  106  110  113  116  117  119  118  119  118  118  116  117  115  116  114
  115  113  116  117  121  121  119  121  111                                   
    65.0-180.0 180.0   5.0 450.0                            LAT/LON1/LON2/DLON/H
  113  123  125  127  122  122  122  127  131  136  142  147  150  151  151  150
  148  146  144  145  144  145  144  143  139  135  129  125  120  117  113  113
  111  112  111  114  114  116  113  113  108  106  101  100   96   96   95   98
   99  103  105  109  111  114  114  116  116  117  116  118  117  117  116  116
  115  116  117  120  123  124  122  127  113                                   
    62.5-180.0 180.0   5.0 450.0                            LAT/LON1/LON2/DLON/H
  118  129  129  130  126  123  125  127  132  136  144  149  153  153  155  152
  151  148  148  146  149  148  149  145  145  139  137  130  129  122  122  117
  118  115  117  115  117  114  115  110  109  102  101   95   94   90   92   90
   94   94   99  100  104  105  109  109  112  112  115  115  118  118  120  118
  119  118  120  121  126  126  125  128  118                                   
    60.0-180.0 180.0   5.0 450.0                            LAT/LON1/LON2/DLON/H
  123  134  135  137  131  129  127  131  133  139  144  150  153  155  156  155
  154  152  151  152  152  154  152  152  148  147  142  141  137  135  131  129
  125  124  121  121  119  118  114  113  106  103   96   94   89   88   85   87
   86   89   89   93   94   98   99  103  105  109  110  114  116  119  119  121
  120  121  121  124  128  129  128  133  123                                   
    57.5-180.0 180.0   5.0 450.0                            LAT/LON1/LON2/DLON/H
  128  141  142  144  140  135  135  134  137  140  146  150  154  155  159  157
  157  154  156  155  156  155  156  154  154  150  151  149  149  145  144  139
  137  131  129  125  124  119  118  111  108  101   98   91   88   84   84   81
   83   81   84   83   86   87   92   93   99  102  108  111  116  118  121  121
  122  122  124  125  130  130  129  133  128                                   
    55.0-180.0 180.0   5.0 450.0                            LAT/LON1/LON2/DLON/H
  133  146  150  154  149  147  143  143  142  145  146  151  153  156  158  159
  158  158  158  159  158  159  157  157  156  156  155  158  158  158  154  151
  146  141  135  131  126  123  118  114  108  103   96   92   86   84   80   80
   77   78   75   78   77   81   83   89   93  101  106  113  116  121  123  124
  123  124  124  127  130  131  131  138  133                                   
    52.5-180.0 180.0   5.0 450.0                            LAT/LON1/LON2/DLON/H
  135  148  154  160  159  156  156  153  152  150  151  151  155  156  160  160
  162  160  162  160  161  159  159  157  158  157  160  162  166  165  165  159
  155  147  142  135  131  125  123  116  112  105  100   93   89   84   82   78
   78   75   74   72   73   74   79   83   91   97  105  111  118  122  125  125
  126  125  126  126  130  131  130  137  135                                   
    50.0-180.0 180.0   5.0 450.0                            LAT/LON1/LON2/DLON/H
  136  150  156  165  166  169  166  166  161  159  155  157  156  159  160  163
  163  163  162  163  162  162  161  161  160  162  164  170  173  174  172  168
  163  156  148  142  136  132  126  122  116  110  102   98   91   88   82   82
   78   78   72   74   71   75   77   85   91  102  109  118  123  129  129  132
  131  131  129  131  132  132  131  139  136                                   
    47.5-180.0 180.0   5.0 450.0                            LAT/LON1/LON2/DLON/H
  136  150  157  168  174  177  180  178  175  169  166  162  162  162  166  165
  167  164  167  165  168  165  167  163  165  165  170  173  179  180  180  175
  171  163  156  148  143  137  134  128  123  115  109  101   97   92   90   86
   84   81   78   76   75   77   82   87   96  104  114  120  128  131  135  135
  136  136  135  134  136  134  131  139  136                                   
    45.0-180.0 180.0   5.0 450.0                            LAT/LON1/LON2/DLON/H
  137  151  158  171  178  187  190  193  188  185  177  175  171  171  171  172
  170  170  170  173  173  176  175  175  174  175  177  183  186  188  187  184
  180  171  164  156  151  146  142  137  131  124  115  110  103  100   95   95
   90   89   84   83   81   84   87   95  102  113  121  131  136  142  144  147
  146  147  144  143  143  141  136  146  137                                   
    42.5-180.0 180.0   5.0 450.0                            LAT/LON1/LON2/DLON/H
  142  155  159  173  184  193  202  205  205  200  195  190  186  183  183  180
  179  177  180  182  187  187  190  185  187  183  187  189  194  195  196  191
  188  179  173  164  159  154  151  145  140  131  124  116  111  107  105  102
  101   97   93   90   88   89   93   98  107  116  128  135  145  149  153  154
  156  156  155  153  153  149  142  152  142                                   
    40.0-180.0 180.0   5.0 450.0                            LAT/LON1/LON2/DLON/H
  148  162  165  178  189  203  211  220  220  219  212  209  203  200  195  192
  188  187  189  197  202  207  206  205  203  201  201  205  207  209  208  204
  200  190  183  174  169  162  160  155  149  141  132  128  121  119  115  114
  111  108  103  100   97   97   99  105  112  123  133  147  153  162  163  167
  167  168  167  166  165  160  154  165  148                                   
    37.5-180.0 180.0   5.0 450.0                            LAT/LON1/LON2/DLON/H
  163  174  175  189  201  213  224  232  236  235  232  227  222  216  212  206
  202  199  204  212  222  224  228  223  223  218  220  220  222  222  221  216
  211  202  193  184  178  172  168  163  158  149  142  135  131  127  127  122
  121  115  112  106  104  102  104  105  113  122  136  148  161  168  173  176
  177  179  179  179  178  172  163  178  163                                   
    35.0-180.0 180.0   5.0 450.0                            LAT/LON1/LON2/DLON/H
  175  186  190  205  215  228  238  248  252  256  252  250  243  238  230  224
  217  216  220  231  241  248  249  247  244  240  239  238  238  237  234  229
  223  214  206  195  189  182  180  174  170  161  153  148  141  140  135  134
  128  125  119  115  111  107  106  107  112  124  136  154  165  177  182  187
  188  191  191  190  190  185  181  195  175                                   
    32.5-180.0 180.0   5.0 450.0                            LAT/LON1/LON2/DLON/H
  192  202  207  222  232  243  254  262  269  273  273  269  265  256  251  242
  237  233  239  248  260  265  269  265  263  257  257  254  254  250  247  239
  233  222  212  201  193  187  184  180  176  168  161  155  150  146  143  138
  135  129  125  118  115  108  107  104  110  118  134  150  168  180  188  194
  197  200  201  200  200  197  192  210  192                                   
    30.0-180.0 180.0   5.0 450.0                            LAT/LON1/LON2/DLON/H
  206  217  226  240  252  264  270  282  285  294  292  292  284  276  267  260
  254  252  257  267  278  286  287  284  280  274  273  270  268  262  257  246
  237  222  211  197  191  185  186  181  178  171  167  162  157  153  147  143
  138  132  126  120  114  107  102  100  101  111  125  145  164  180  190  198
  203  207  208  208  210  207  206  223  206                                   
    27.5-180.0 180.0   5.0 450.0                            LAT/LON1/LON2/DLON/H
  219  230  240  253  267  276  285  293  303  311  313  310  305  294  286  275
  271  266  273  280  293  300  302  297  294  287  286  280  278  269  261  247
  234  215  203  188  184  179  182  176  173  167  165  161  156  151  146  139
  135  129  125  116  112  103   98   92   94  101  118  135  158  174  189  198
  207  211  214  214  217  216  213  232  219                                   
    25.0-180.0 180.0   5.0 450.0                            LAT/LON1/LON2/DLON/H
  228  240  252  269  283  293  301  314  322  333  334  335  327  320  309  299
  292  288  291  298  309  314  316  309  306  298  294  287  281  268  256  238
  220  196  184  169  170  164  170  163  164  158  158  155  153  147  140  134
  127  122  117  110  104   96   90   86   86   94  108  128  148  169  184  198
  209  217  220  221  224  222  223  239  228                                   
    22.5-180.0 180.0   5.0 450.0                            LAT/LON1/LON2/DLON/H
  234  246  258  276  291  301  315  328  339  348  353  351  348  340  332  320
  314  307  308  309  318  319  321  313  310  301  294  285  276  262  247  228
  206  185  171  160  159  157  158  154  153  148  147  145  142  135  128  121
  115  109  106   99   96   87   84   78   79   85  100  117  138  158  179  195
  211  221  227  228  230  228  225  244  234                                   
    20.0-180.0 180.0   5.0 450.0                            LAT/LON1/LON2/DLON/H
  237  248  260  280  294  308  322  339  350  362  365  368  364  362  356  349
  339  332  328  327  329  327  325  318  312  301  290  281  266  252  231  212
  190  170  158  148  149  145  147  141  142  136  137  133  132  124  117  108
  103   98   95   91   88   82   79   75   75   80   93  110  130  152  174  196
  214  228  234  235  237  231  232  249  237                                   
    17.5-180.0 180.0   5.0 450.0                            LAT/LON1/LON2/DLON/H
  242  247  258  276  292  305  324  341  356  365  372  374  377  377  377  373
  367  356  350  341  338  331  326  318  311  298  284  272  256  240  222  202
  184  166  155  148  145  142  140  137  134  130  128  124  121  113  105   96
   90   85   83   79   78   75   74   71   72   76   87  104  122  145  170  195
  218  233  243  243  244  237  236  255  242                                   
    15.0-180.0 180.0   5.0 450.0                            LAT/LON1/LON2/DLON/H
  246  249  255  270  284  300  317  338  351  365  371  379  384  391  394  395
  389  383  370  360  350  339  329  320  309  295  275  260  241  226  209  194
  178  162  153  148  145  139  138  132  129  124  124  119  118  108  101   91
   85   80   77   74   73   73   72   71   72   75   86  101  119  143  170  199
  225  242  252  252  252  244  246  265  246                                   
    12.5-180.0 180.0   5.0 450.0                            LAT/LON1/LON2/DLON/H
  258  254  256  265  277  290  309  327  344  357  367  375  386  396  404  408
  406  400  387  372  359  346  335  321  309  290  267  247  231  217  205  191
  178  165  157  154  147  142  137  133  129  126  124  120  118  107   99   88
   82   74   71   68   69   70   71   70   72   73   82   97  116  141  170  202
  229  246  257  259  259  253  255  278  258                                   
    10.0-180.0 180.0   5.0 450.0                            LAT/LON1/LON2/DLON/H
  271  267  263  266  273  285  299  316  332  346  357  368  380  393  402  411
  412  410  397  383  368  354  339  324  308  287  261  239  224  213  202  192
  180  169  162  157  151  145  139  136  131  131  130  128  124  114  105   93
   85   77   72   71   71   73   75   73   73   73   81   94  114  140  174  205
  234  251  262  263  267  262  268  291  271                                   
     7.5-180.0 180.0   5.0 450.0                            LAT/LON1/LON2/DLON/H
  290  287  279  277  279  285  298  310  325  337  347  358  370  384  395  405
  410  411  403  392  377  360  343  325  310  283  257  236  224  215  207  196
