data/unet/pred2920.15i
     1.0            IONOSPHERE MAPS     GNSS                IONEX VERSION / TYPE
pyspatialgeodesy        IME             05-JAN-18 20:20     PGM / RUN BY / DATE 
Map Name                                                    COMMENT             
Predicted global ionosphere maps (GIM).                     DESCRIPTION         
  2015    10    19     0     0     0                        EPOCH OF FIRST MAP  
  2015    10    20     0     0     0                        EPOCH OF LAST MAP   
  7200                                                      INTERVAL            
    13                                                      # OF MAPS IN FILE   
  NONE                                                      MAPPING FUNCTION    
10.0                                                        ELEVATION CUTOFF    
One-way carrier phase leveled to code                       OBSERVABLES USED    
  6371.0                                                    BASE RADIUS         
 2                                                          MAP DIMENSION       
   450.0 450.0   0.0                                        HGT1 / HGT2 / DHGT  
    87.5 -87.5  -2.5                                        LAT1 / LAT2 / DLAT  
  -180.0 180.0   5.0                                        LON1 / LON2 / DLON  
    -1                                                      EXPONENT            
                                                            END OF HEADER       
[from data line 2145]
     6                                                      START OF TEC MAP    
  2015    10    19    10     0     0                        EPOCH OF CURRENT MAP
    87.5-180.0 180.0   5.0 450.0                            LAT/LON1/LON2/DLON/H
   72   95   86   90   87   89   89   91   91   93   92   94   93   95   94   95
   94   95   93   94   92   93   91   91   90   90   89   89   88   88   87   88
   87   87   87   88   87   88   87   87   87   87   86   85   84   83   81   80
   79   78   76   77   75   75   74   74   74   73   73   73   74   73   75   75
   76   76   77   79   82   78   79   81   72                                   
    85.0-180.0 180.0   5.0 450.0                            LAT/LON1/LON2/DLON/H
   94   91   98  103  101  102  104  106  107  108  109  109  110  110  111  110
  111  110  112  111  113  112  114  113  115  115  116  116  117  117  117  117
  117  117  116  115  114  113  110  108  106  104  101   98   95   93   89   87
   84   82   80   78   77   76   75   74   74   74   74   74   75   76   77   78
   80   80   83   82   87   88   93   90   94                                   
    82.5-180.0 180.0   5.0 450.0                            LAT/LON1/LON2/DLON/H
   80   88   95   98   99   97  100  100  103  100  103  100  103  100  102  100
  101  100  102  101  104  104  108  108  112  112  116  116  120  119  122  120
  123  121  123  119  121  115  117  111  111  104  105   98   97   90   88   83
   80   76   72   70   68   67   64   64   63   64   62   64   64   66   67   69
   71   74   76   78   81   84   87   87   80                                   
    80.0-180.0 180.0   5.0 450.0                            LAT/LON1/LON2/DLON/H
   77   77   82   84   83   84   84   85   85   85   84   84   81   81   78   78
   76   77   76   78   80   83   86   89   93   97  100  104  107  110  113  114
  117  117  119  118  118  117  116  114  112  108  106  102   99   94   90   85
   82   77   74   71   68   66   62   62   60   60   58   60   59   61   60   64
   63   66   67   70   72   72   78   84   77                                   
    77.5-180.0 180.0   5.0 450.0                            LAT/LON1/LON2/DLON/H
   71   71   75   75   72   75   73   75   72   73   69   68   64   63   59   58
   55   56   55   58   60   64   67   72   76   82   86   92   95  102  103  109
  110  115  115  118  117  119  118  119  116  117  112  112  107  106  100   99
   94   91   87   85   81   78   74   74   70   70   66   68   65   68   66   68
   67   70   69   71   71   72   73   72   71                                   
    75.0-180.0 180.0   5.0 450.0                            LAT/LON1/LON2/DLON/H
   66   66   68   69   67   68   67   66   63   62   57   55   49   47   40   39
   33   35   33   37   39   46   50   57   62   70   75   84   86   97   98  108
  109  117  117  124  123  128  127  130  128  130  127  129  124  124  120  118
  113  111  107  103   99   95   92   89   85   83   80   78   77   75   75   74
   73   74   73   74   73   71   75   72   66                                   
    72.5-180.0 180.0   5.0 450.0                            LAT/LON1/LON2/DLON/H
   63   64   65   66   63   64   62   61   57   55   50   45   39   34   29   26
   22   21   23   25   31   35   43   49   57   64   71   78   83   89   95  101
  107  113  119  124  128  132  136  139  140  142  143  144  142  142  139  138
  134  130  127  122  118  113  110  105  102   97   93   89   86   84   81   80
   78   78   76   76   75   72   73   69   63                                   
    70.0-180.0 180.0   5.0 450.0                            LAT/LON1/LON2/DLON/H
   63   63   65   65   64   64   63   61   58   53   49   42   37   30   24   20
   16   15   16   20   25   32   39   47   54   62   69   76   81   89   93  103
  107  117  121  131  135  143  146  152  153  159  160  164  162  163  159  159
  154  152  147  143  138  133  128  123  119  114  109  104   99   96   92   89
   86   84   82   82   78   74   73   69   63                                   
    67.5-180.0 180.0   5.0 450.0                            LAT/LON1/LON2/DLON/H
   60   61   63   64   62   63   62   61   58   53   49   43   38   32   28   24
   22   20   22   24   30   35   43   49   56   62   70   74   80   84   91   98
  106  113  123  131  140  146  152  158  162  168  171  175  175  176  174  172
  170  166  163  159  154  148  141  135  128  121  115  109  104   99   94   89
   84   82   80   79   77   73   71   66   60                                   
    65.0-180.0 180.0   5.0 450.0                            LAT/LON1/LON2/DLON/H
   60   61   63   66   65   66   66   65   62   59   54   50   45   41   36   34
   31   30   31   34   37   43   48   55   60   65   70   75   80   86   92  101
  109  120  128  140  148  157  162  171  173  181  183  188  187  188  186  185
  184  180  176  172  168  159  152  144  136  128  119  113  106  101   94   90
   83   82   79   79   74   71   70   67   60                                   
    62.5-180.0 180.0   5.0 450.0                            LAT/LON1/LON2/DLON/H
   59   59   61   65   65   67   67   66   64   60   57   55   52   49   46   45
   43   43   42   44   46   50   54   58   62   65   69   73   78   84   91  100
  111  122  133  144  152  160  165  172  176  181  184  188  188  190  191  193
  195  192  188  183  177  170  160  152  142  132  121  113  104   96   88   82
   75   73   71   70   70   67   66   64   59                                   
    60.0-180.0 180.0   5.0 450.0                            LAT/LON1/LON2/DLON/H
   59   57   60   64   65   67   66   66   64   62   60   59   58   58   56   56
   54   53   52   51   51   53   55   59   61   65   68   72   79   86   94  107
  119  131  144  153  164  170  176  181  185  189  191  194  194  197  199  204
  207  206  203  197  192  183  173  162  151  140  128  118  107   98   88   81
   74   71   68   69   67   66   66   66   59                                   
    57.5-180.0 180.0   5.0 450.0                            LAT/LON1/LON2/DLON/H
   61   56   58   63   61   64   63   63   60   59   58   59   60   61   62   62
   60   60   56   55   52   53   53   56   58   62   66   70   78   87   97  112
  124  139  151  160  169  174  178  181  184  187  189  192  194  198  206  213
  220  220  219  213  206  197  186  175  164  152  140  128  117  104   92   82
   73   69   68   66   67   65   66   64   61                                   
    55.0-180.0 180.0   5.0 450.0                            LAT/LON1/LON2/DLON/H
   64   57   60   61   60   61   58   58   55   55   54   57   59   62   63   65
   63   60   57   53   50   48   48   52   55   62   67   74   84   94  108  124
  140  153  167  174  185  187  193  194  199  199  203  204  208  212  223  231
  242  243  245  237  232  218  210  195  186  171  159  146  133  120  105   93
   82   76   73   74   72   70   72   69   64                                   
    52.5-180.0 180.0   5.0 450.0                            LAT/LON1/LON2/DLON/H
   69   64   62   64   60   60   55   55   51   50   51   54   57   61   62   63
   61   59   54   51   46   45   45   48   54   61   70   78   90  103  116  135
  150  164  176  185  193  197  201  204  206  208  210  211  216  223  236  245
  260  261  264  256  250  237  227  214  204  192  181  167  155  138  123  108
   96   87   83   81   81   77   78   74   69                                   
    50.0-180.0 180.0   5.0 450.0                            LAT/LON1/LON2/DLON/H
   80   70   68   69   65   63   56   53   48   48   48   51   54   57   58   60
   58   56   51   47   43   42   43   49   54   66   75   88   99  116  132  152
  168  184  195  203  211  215  220  224  228  230  234  233  241  247  260  270
  284  286  288  279  272  257  246  233  224  211  202  191  177  164  146  131
  115  106   98   97   94   88   89   83   80                                   
    47.5-180.0 180.0   5.0 450.0                            LAT/LON1/LON2/DLON/H
   90   84   76   76   71   68   61   56   51   49   49   51   53   56   56   57
   55   54   50   48   44   44   46   52   60   72   86   99  113  130  147  165
  180  196  205  214  219  225  230  237  241  245  247  249  255  261  273  281
  292  293  294  286  276  265  252  240  230  219  211  202  191  179  163  149
  133  123  114  109  106   99  102   93   90                                   
    45.0-180.0 180.0   5.0 450.0                            LAT/LON1/LON2/DLON/H
  100   88   84   83   80   76   68   63   56   53   53   54   55   57   55   56
   54   54   52   50   48   49   51   58   68   83   96  112  124  146  159  180
  191  212  219  233  236  247  252  264  268  275  277  281  286  288  299  304
  311  308  306  294  284  270  258  245  235  223  215  209  199  191  175  163
  146  136  125  120  116  106  109  100  100                                   
    42.5-180.0 180.0   5.0 450.0                            LAT/LON1/LON2/DLON/H
  107   97   90   91   85   82   76   70   63   61   60   61   61   61   59   59
   57   58   57   57   57   58   60   67   79   92  109  123  140  157  173  189
  204  222  232  245  250  263  271  284  292  299  302  303  305  304  309  310
  312  307  300  291  275  265  248  239  228  218  211  203  196  188  177  166
  152  142  130  124  118  112  114  106  107                                   
    40.0-180.0 180.0   5.0 450.0                            LAT/LON1/LON2/DLON/H
  108   95   92   89   90   86   84   78   73   70   69   70   69   68   65   65
   62   65   63   66   65   66   68   75   85  101  115  136  148  169  178  198
  209  233  242  260  269  285  297  314  323  333  334  336  335  333  335  331
  330  320  311  295  281  266  250  239  228  218  208  202  192  187  174  164
  149  140  127  121  115  108  110  107  108                                   
    37.5-180.0 180.0   5.0 450.0                            LAT/LON1/LON2/DLON/H
  104   95   90   91   87   88   85   83   78   76   76   78   77   77   74   73
   71   73   72   76   74   76   75   80   90  105  121  140  156  172  187  205
  221  243  256  274  285  305  318  336  346  355  354  356  352  349  346  341
  336  331  318  308  288  277  257  247  233  222  211  201  190  181  169  160
  147  137  121  115  108  103  106  107  104                                   
    35.0-180.0 180.0   5.0 450.0                            LAT/LON1/LON2/DLON/H
  103   85   85   81   85   86   88   85   83   82   83   85   86   86   83   81
   78   79   80   83   82   81   80   82   90  106  122  146  162  179  192  208
  226  247  264  281  299  319  339  357  368  379  380  385  382  378  378  373
  373  368  362  350  332  313  292  278  263  248  233  217  201  189  174  161
  148  136  118  114  103  100  101  102  103                                   
    32.5-180.0 180.0   5.0 450.0                            LAT/LON1/LON2/DLON/H
   95   82   76   77   74   80   80   82   80   82   83   88   90   93   91   90
   86   88   86   91   85   86   78   82   88  105  123  149  167  185  201  220
  238  262  276  298  312  336  351  373  383  395  397  403  403  404  405  408
  408  412  407  406  390  374  348  326  305  285  265  244  224  207  188  173
  158  145  128  119  109  101  101  101   95                                   
    30.0-180.0 180.0   5.0 450.0                            LAT/LON1/LON2/DLON/H
   97   75   75   66   68   73   77   78   79   81   84   89   93   97   97   94
   92   91   91   92   88   84   79   78   85  102  124  149  172  188  208  225
  249  269  290  306  325  347  369  387  402  416  424  434  439  447  453  463
  469  479  479  481  468  453  429  407  383  355  324  294  266  241  219  198
  182  164  148  138  122  111  104  100   97                                   
    27.5-180.0 180.0   5.0 450.0                            LAT/LON1/LON2/DLON/H
   96   86   77   70   66   70   73   75   74   78   80   88   92   99   98  100
   94   96   92   96   87   86   76   79   85  105  126  155  175  197  216  241
  261  293  310  335  348  372  386  410  421  441  448  464  471  487  499  519
  533  553  562  568  562  545  523  494  466  430  396  357  323  288  260  236
  217  198  181  164  148  126  120  111   96                                   
    25.0-180.0 180.0   5.0 450.0                            LAT/LON1/LON2/DLON/H
  107   94   88   74   73   73   75   73   74   75   78   84   89   95   97   97
   95   94   92   93   88   82   77   77   85  103  129  154  179  195  221  243
  273  303  333  358  374  396  416  436  451  469  483  500  517  537  560  586
  616  641  657  658  652  641  619  599  570  529  477  439  394  353  315  283
  264  243  222  204  184  161  144  136  107                                   
    22.5-180.0 180.0   5.0 450.0                            LAT/LON1/LON2/DLON/H
  130  131  113   99   90   88   84   78   74   74   74   82   85   93   94   97
   93   95   92   94   88   86   80   85   93  112  137  164  186  207  234  265
  294  330  361  396  412  436  447  467  475  498  510  538  553  586  613  655
  684  704  715  718  716  704  684  664  630  597  551  504  448  413  374  346
  323  298  278  254  231  209  185  174  130                                   
    20.0-180.0 180.0   5.0 450.0                            LAT/LON1/LON2/DLON/H
  167  165  147  124  118  109  102   88   83   75   75   77   79   84   85   87
   88   88   89   90   87   84   81   86  100  118  145  164  190  210  245  275
  314  347  386  421  444  465  481  494  506  526  544  570  595  628  664  698
  725  747  758  764  754  747  723  707  672  635  599  560  507  463  421  403
  383  366  339  320  292  261  237  224  167                                   
    17.5-180.0 180.0   5.0 450.0                            LAT/LON1/LON2/DLON/H
  215  216  190  170  153  140  124  110   97   88   80   80   77   82   80   84
   83   88   89   92   89   89   89   98  115  136  163  185  211  232  266  301
  331  369  406  449  472  495  502  519  526  552  563  598  622  664  691  719
  741  763  767  768  754  743  721  705  680  648  616  584  538  501  451  438
  421  411  389  374  344  325  292  268  215                                   
    15.0-180.0 180.0   5.0 450.0                            LAT/LON1/LON2/DLON/H
  264  256  234  207  187  165  151  129  117  102   96   85   82   76   77   73
   76   78   84   86   86   87   91  102  124  149  178  199  221  238  276  306
  348  387  427  464  491  510  525  539  553  575  591  622  647  680  701  719
  738  749  745  739  723  709  687  674  655  634  606  582  546  517  471  455
  438  440  425  414  388  367  341  309  264                                   
    12.5-180.0 180.0   5.0 450.0                            LAT/LON1/LON2/DLON/H
  309  295  271  244  221  195  172  152  135  121  110   99   89   83   79   79
   78   82   84   87   87   89   95  111  135  168  197  221  242  261  289  322
  355  402  439  477  500  522  531  554  568  593  606  644  663  693  700  711
  714  714  702  688  670  655  640  630  622  608  583  563  532  509  461  447
  430  439  433  428  407  399  376  337  309                                   
    10.0-180.0 180.0   5.0 450.0                            LAT/LON1/LON2/DLON/H
  337  325  305  274  248  215  194  168  153  132  124  109  105   91   88   80
   83   82   85   88   89   91  101  123  153  177  209  229  249  268  295  329
  366  412  445  479  499  518  538  560  581  605  624  651  670  684  690  686
  681  670  657  642  625  616  607  604  599  591  570  549  518  485  444  429
  417  424  423  425  414  406  395  358  337                                   
     7.5-180.0 180.0   5.0 450.0                            LAT/LON1/LON2/DLON/H
  351  346  322  298  271  235  210  184  168  149  137  119  113  104   98   94
   92   93   92   95   95  100  107  132  157  190  218  250  265  283  304  335
