data/unet/pred2670.15i
     1.0            IONOSPHERE MAPS     GNSS                IONEX VERSION / TYPE
pyspatialgeodesy        IME             05-JAN-18 20:20     PGM / RUN BY / DATE 
Map Name                                                    COMMENT             
Predicted global ionosphere maps (GIM).                     DESCRIPTION         
  2015     9    24     0     0     0                        EPOCH OF FIRST MAP  
  2015     9    25     0     0     0                        EPOCH OF LAST MAP   
  7200                                                      INTERVAL            
    13                                                      # OF MAPS IN FILE   
  NONE                                                      MAPPING FUNCTION    
10.0                                                        ELEVATION CUTOFF    
One-way carrier phase leveled to code                       OBSERVABLES USED    
  6371.0                                                    BASE RADIUS         
 2                                                          MAP DIMENSION       
   450.0 450.0   0.0                                        HGT1 / HGT2 / DHGT  
    87.5 -87.5  -2.5                                        LAT1 / LAT2 / DLAT  
  -180.0 180.0   5.0                                        LON1 / LON2 / DLON  
    -1                                                      EXPONENT            
                                                            END OF HEADER       
     1                                                      START OF TEC MAP    
  2015     9    24     0     0     0                        EPOCH OF CURRENT MAP
    87.5-180.0 180.0   5.0 450.0                            LAT/LON1/LON2/DLON/H
  133  104   99   94   95   90   94   89   93   89   92   87   91   86   90   85
   90   85   89   84   88   84   87   82   86   82   85   80   84   80   83   79
   83   79   82   79   83   79   83   80   84   82   86   83   87   85   88   85
   89   87   90   87   91   88   92   89   93   90   93   89   93   90   93   90
   94   91   94   92   98   95  104  123  133                                   
    85.0-180.0 180.0   5.0 450.0                            LAT/LON1/LON2/DLON/H
  113   95   94   92   91   87   88   85   87   85   86   83   85   82   84   81
   83   80   82   78   80   76   77   73   74   70   71   67   69   65   67   63
   66   63   66   63   67   65   68   67   71   70   73   72   76   75   79   78
   81   80   83   82   85   84   87   85   88   87   89   87   89   88   89   87
   89   88   90   89   94   88   88  100  113                                   
    82.5-180.0 180.0   5.0 450.0                            LAT/LON1/LON2/DLON/H
  107   95   94   94   94   89   92   89   93   89   93   90   94   90   93   89
   92   87   88   83   85   79   79   73   74   68   68   63   64   59   60   56
   59   56   59   56   61   58   64   61   68   65   72   69   76   74   80   78
   84   82   87   85   90   87   92   89   94   90   94   90   94   90   93   89
   93   89   94   91   97   90   93   99  107                                   
    80.0-180.0 180.0   5.0 450.0                            LAT/LON1/LON2/DLON/H
  109  101  101  102   99   99  101  102  104  104  106  107  108  107  107  106
  105  102  100   96   94   89   86   81   78   73   71   67   65   62   61   59
   59   58   59   59   61   61   64   65   68   68   73   73   78   78   83   83
   88   88   92   92   96   95   98   97  100   99  100   99  101   99  100   98
  100   98  100   99  102   96   99  105  109                                   
    77.5-180.0 180.0   5.0 450.0                            LAT/LON1/LON2/DLON/H
  116  106  105  105  103  102  105  107  110  112  115  116  117  116  117  114
  113  109  107  101   98   92   88   82   79   73   70   66   64   60   60   58
   58   56   57   57   59   59   61   62   65   65   68   69   73   74   77   79
   82   83   86   87   90   91   93   93   95   95   96   96   97   96   97   97
   98   97  100  100  102   98  101  104  116                                   
    75.0-180.0 180.0   5.0 450.0                            LAT/LON1/LON2/DLON/H
  117  110  108  109  106  107  109  113  116  120  123  124  126  126  125  122
  120  116  112  106  101   95   90   84   79   75   71   68   65   63   61   60
   59   58   58   58   58   59   60   61   61   63   64   65   67   69   71   72
   75   76   79   80   83   84   87   88   91   91   93   94   96   96   97   98
   99  100  102  103  104  103  105  109  117                                   
    72.5-180.0 180.0   5.0 450.0                            LAT/LON1/LON2/DLON/H
  124  114  113  112  109  109  111  115  119  124  128  130  131  131  129  126
  122  117  112  106   99   93   88   82   77   73   70   66   64   62   62   60
   59   57   57   56   56   54   55   54   56   55   57   57   59   59   61   61
   64   64   67   68   72   74   78   80   83   85   88   89   92   92   95   95
   98   99  102  104  108  107  110  114  124                                   
    70.0-180.0 180.0   5.0 450.0                            LAT/LON1/LON2/DLON/H
  124  118  118  117  112  111  114  117  122  127  131  133  134  133  130  125
  120  114  109  102   96   89   84   78   74   69   67   64   62   61   60   59
   58   56   55   53   52   50   49   48   48   48   49   49   50   51   52   52
   54   55   58   59   63   65   70   74   78   82   86   88   91   93   95   97
   99  100  104  107  111  112  115  119  124                                   
    67.5-180.0 180.0   5.0 450.0                            LAT/LON1/LON2/DLON/H
  133  125  124  120  115  113  115  119  124  129  133  135  135  133  129  123
  117  111  105   99   93   87   81   75   71   66   64   60   59   57   56   54
   54   51   50   47   45   42   41   39   39   38   39   39   40   40   42   42
   44   44   48   49   54   57   64   68   75   79   85   88   92   93   96   97
  100  101  105  108  114  115  119  125  133                                   
    65.0-180.0 180.0   5.0 450.0                            LAT/LON1/LON2/DLON/H
  137  132  130  126  119  115  116  119  124  129  133  135  135  132  127  120
  115  109  105   99   94   88   82   75   71   65   62   58   55   53   52   50
   49   47   45   42   39   36   34   33   32   31   31   33   34   35   36   37
   38   39   42   44   49   53   61   67   76   82   88   92   96   98  101  101
  103  104  107  111  116  118  122  128  137                                   
    62.5-180.0 180.0   5.0 450.0                            LAT/LON1/LON2/DLON/H
  146  140  136  130  121  116  115  117  122  127  131  133  133  130  125  120
  115  111  107  103   99   94   87   80   74   67   62   57   53   49   47   44
   43   40   39   36   34   31   29   28   27   27   28   28   30   31   33   33
   35   35   38   39   45   50   59   66   77   84   92   95  101  102  105  105
  107  106  109  111  116  119  123  129  146                                   
    60.0-180.0 180.0   5.0 450.0                            LAT/LON1/LON2/DLON/H
  150  147  142  135  125  118  115  116  121  125  130  132  132  129  126  122
  119  117  115  112  109  104   97   88   80   72   65   59   53   48   45   42
   40   38   37   35   34   32   31   30   29   29   30   31   32   34   35   35
   36   36   38   39   45   51   60   69   80   88   96  100  105  107  110  110
  111  111  113  114  117  119  125  130  150                                   
    57.5-180.0 180.0   5.0 450.0                            LAT/LON1/LON2/DLON/H
  160  156  149  140  129  121  117  118  121  126  129  131  132  131  128  127
  126  126  126  124  121  116  108   99   90   81   73   66   59   53   49   45
   43   41   40   39   39   39   38   38   37   37   37   38   38   39   40   40
   41   40   41   41   46   52   62   71   83   90   98  102  108  110  113  114
  116  116  118  118  119  121  126  129  160                                   
    55.0-180.0 180.0   5.0 450.0                            LAT/LON1/LON2/DLON/H
  165  163  157  148  135  126  121  121  123  127  130  131  133  132  132  133
  135  136  137  136  133  127  119  110  101   92   84   77   70   64   58   53
   51   49   49   49   50   51   51   51   49   49   48   49   48   49   48   48
   47   46   46   46   50   56   65   75   86   94  100  104  109  111  116  118
  122  122  124  124  124  125  130  133  165                                   
    52.5-180.0 180.0   5.0 450.0                            LAT/LON1/LON2/DLON/H
  178  175  167  157  144  136  129  128  129  131  133  135  136  137  138  140
  143  146  146  145  141  135  127  119  111  104   97   91   84   79   72   67
   63   62   61   63   64   66   66   66   64   63   62   61   59   58   57   56
   55   53   53   52   56   61   70   78   89   95  101  104  109  111  117  122
  127  129  132  131  131  133  138  139  178                                   
    50.0-180.0 180.0   5.0 450.0                            LAT/LON1/LON2/DLON/H
  189  186  181  172  157  148  142  139  138  138  139  139  140  141  143  145
  148  150  150  149  144  140  132  127  120  115  110  106  100   94   87   82
   77   75   75   77   80   82   83   82   81   79   76   74   71   69   67   66
   65   64   63   63   66   71   79   87   97  103  106  108  112  114  121  127
  134  137  142  142  142  143  148  148  189                                   
    47.5-180.0 180.0   5.0 450.0                            LAT/LON1/LON2/DLON/H
  207  201  197  188  175  167  160  156  153  151  150  149  149  149  151  152
  153  153  152  150  147  143  138  133  129  126  122  119  112  107   99   93
   88   86   86   90   92   96   97   97   95   92   89   86   82   79   77   76
   75   74   74   74   76   80   88   97  105  110  113  113  115  119  125  132
  141  146  152  155  154  156  161  160  207                                   
    45.0-180.0 180.0   5.0 450.0                            LAT/LON1/LON2/DLON/H
  224  216  214  205  195  188  182  177  171  167  164  162  160  160  159  158
  155  154  152  150  147  146  143  141  138  136  133  129  123  116  108  102
   96   94   95   99  103  106  108  107  106  103  100   97   93   90   88   87
   87   86   86   86   88   93  101  110  118  122  123  123  124  127  133  140
  149  155  164  166  167  169  175  175  224                                   
    42.5-180.0 180.0   5.0 450.0                            LAT/LON1/LON2/DLON/H
  244  231  230  223  215  211  205  199  192  186  181  178  176  174  171  166
  162  158  156  155  154  154  153  152  150  146  141  135  127  119  111  104
   99   98  100  105  110  114  116  115  113  111  109  105  103   99   97   95
   95   94   95   96   99  104  114  122  131  134  136  134  136  137  142  148
  157  164  172  177  179  183  189  189  244                                   
    40.0-180.0 180.0   5.0 450.0                            LAT/LON1/LON2/DLON/H
  260  245  245  239  234  230  226  219  211  205  199  196  193  190  184  177
  170  166  164  165  166  167  167  165  161  154  147  137  129  119  111  104
   99   99  103  108  114  118  120  119  118  116  115  113  110  107  105  103
  103  102  104  105  110  116  127  136  145  147  148  146  148  148  153  158
  166  172  181  186  189  194  200  203  260                                   
    37.5-180.0 180.0   5.0 450.0                            LAT/LON1/LON2/DLON/H
  272  255  255  251  247  246  242  236  228  220  216  213  211  208  201  192
  184  179  179  181  184  185  184  178  171  160  148  135  124  114  106  101
   98   99  104  111  118  123  125  125  123  122  121  119  117  113  110  108
  107  106  108  110  117  125  138  148  158  161  161  159  161  161  165  168
  175  180  187  194  199  204  210  216  272                                   
    35.0-180.0 180.0   5.0 450.0                            LAT/LON1/LON2/DLON/H
  285  269  269  263  259  258  256  249  242  235  232  230  229  226  219  210
  201  197  199  201  203  202  199  189  177  162  146  131  119  109  103   99
   98  102  108  116  124  129  130  130  129  128  127  124  121  117  113  110
  109  107  109  111  118  128  142  153  165  167  169  167  171  170  175  176
  182  186  195  201  207  214  222  232  285                                   
    32.5-180.0 180.0   5.0 450.0                            LAT/LON1/LON2/DLON/H
  300  284  282  276  272  269  265  259  252  247  245  246  247  244  239  229
  222  219  220  222  221  216  207  193  178  160  142  128  116  110  106  105
  105  110  117  126  133  138  138  137  135  133  131  128  124  118  113  108
  105  102  103  104  111  121  137  149  162  167  171  172  177  179  183  184
  189  194  202  210  219  229  238  251  300                                   
    30.0-180.0 180.0   5.0 450.0                            LAT/LON1/LON2/DLON/H
  323  310  310  299  292  285  280  272  265  261  261  262  264  261  256  248
  244  240  242  237  232  219  207  190  174  156  141  128  120  117  115  118
  119  124  131  138  144  148  148  146  142  138  135  130  124  116  109  102
   98   92   91   91   97  107  123  138  152  160  166  170  179  183  190  194
  201  206  217  227  238  250  262  279  323                                   
    27.5-180.0 180.0   5.0 450.0                            LAT/LON1/LON2/DLON/H
  350  344  341  330  317  305  294  284  279  276  278  280  281  277  273  266
  262  258  255  244  231  213  198  180  166  152  141  134  130  131  133  135
  137  139  143  148  152  155  154  151  146  141  135  127  119  109  101   92
   86   79   77   75   81   89  107  122  139  149  157  165  177  186  197  205
  214  224  238  251  263  277  293  306  350                                   
    25.0-180.0 180.0   5.0 450.0                            LAT/LON1/LON2/DLON/H
  381  388  386  369  352  332  315  303  298  297  300  302  303  297  292  284
  279  269  260  240  221  200  185  170  161  154  148  146  146  150  153  157
  157  157  157  160  162  163  161  157  152  144  136  125  114  102   92   82
   75   68   65   63   68   77   93  110  127  140  149  160  174  188  203  215
  229  243  261  278  294  314  336  343  381                                   
    22.5-180.0 180.0   5.0 450.0                            LAT/LON1/LON2/DLON/H
  408  425  422  407  385  359  336  324  321  323  327  328  327  319  312  301
  293  274  257  228  207  184  171  161  159  159  160  164  168  173  176  176
  174  170  167  168  168  167  164  160  154  145  135  122  108   95   84   75
   68   58   53   50   55   64   84  102  123  137  149  160  177  193  211  228
  246  264  285  304  324  349  373  377  408                                   
    20.0-180.0 180.0   5.0 450.0                            LAT/LON1/LON2/DLON/H
  439  461  463  445  422  391  368  356  357  361  364  364  360  350  340  325
  309  283  255  219  195  174  165  163  167  172  177  184  190  196  197  195
  190  183  177  173  171  169  166  161  156  146  135  119  105   91   81   72
   66   57   50   48   51   62   80  102  124  142  155  167  185  202  223  243
  265  287  310  334  357  384  414  412  439                                   
    17.5-180.0 180.0   5.0 450.0                            LAT/LON1/LON2/DLON/H
  460  482  487  474  452  425  404  396  399  404  406  404  397  387  375  355
  332  295  259  219  195  178  175  178  184  191  196  203  209  212  213  207
  201  191  183  177  173  171  167  163  157  146  134  118  103   90   80   71
   63   53   47   44   47   57   77  102  130  151  167  182  202  220  243  264
  289  313  339  364  386  412  437  438  460                                   
    15.0-180.0 180.0   5.0 450.0                            LAT/LON1/LON2/DLON/H
  482  502  507  498  483  462  448  444  450  455  455  452  442  433  419  400
  366  324  281  243  217  206  204  210  214  217  217  220  221  222  221  215
  207  196  188  180  175  172  168  164  158  148  136  120  105   92   82   74
   67   58   52   49   50   61   82  110  140  163  182  200  221  240  262  286
  312  339  366  391  414  438  468  467  482                                   
    12.5-180.0 180.0   5.0 450.0                            LAT/LON1/LON2/DLON/H
  489  507  514  509  502  491  485  486  492  496  497  494  488  478  467  444
  409  362  319  282  263  253  252  253  250  243  236  229  227  224  223  218
  212  204  197  190  184  179  174  169  161  150  137  123  107   95   85   77
   69   61   53   51   52   65   87  116  149  176  198  218  240  259  283  308
  337  365  393  415  436  459  483  484  489                                   
    10.0-180.0 180.0   5.0 450.0                            LAT/LON1/LON2/DLON/H
  491  509  516  516  517  514  517  523  532  537  539  537  531  526  513  493
  454  413  370  338  322  314  311  303  289  270  249  235  227  224  223  222
  220  216  210  205  196  189  180  172  162  149  137  123  109   96   87   79
   73   63   58   54   58   68   90  120  154  181  205  227  250  271  297  325
  353  385  410  433  454  474  503  502  491                                   
     7.5-180.0 180.0   5.0 450.0                            LAT/LON1/LON2/DLON/H
  490  504  513  518  525  529  537  547  556  564  566  566  563  557  548  527
  493  456  419  392  379  370  362  345  318  285  256  236  226  223  227  232
