data/unet/pred3610.15i
     1.0            IONOSPHERE MAPS     GNSS                IONEX VERSION / TYPE
pyspatialgeodesy        IME             05-JAN-18 20:20     PGM / RUN BY / DATE 
Map Name                                                    COMMENT             
Predicted global ionosphere maps (GIM).                     DESCRIPTION         
  2015    12    27     0     0     0                        EPOCH OF FIRST MAP  
  2015    12    28     0     0     0                        EPOCH OF LAST MAP   
  7200                                                      INTERVAL            
    13                                                      # OF MAPS IN FILE   
  NONE                                                      MAPPING FUNCTION    
10.0                                                        ELEVATION CUTOFF    
One-way carrier phase leveled to code                       OBSERVABLES USED    
  6371.0                                                    BASE RADIUS         
 2                                                          MAP DIMENSION       
   450.0 450.0   0.0                                        HGT1 / HGT2 / DHGT  
    87.5 -87.5  -2.5                                        LAT1 / LAT2 / DLAT  
  -180.0 180.0   5.0                                        LON1 / LON2 / DLON  
    -1                                                      EXPONENT            
                                                            END OF HEADER       
[from data line 2145]
     6                                                      START OF TEC MAP    
  2015    12    27    10     0     0                        EPOCH OF CURRENT MAP
    87.5-180.0 180.0   5.0 450.0                            LAT/LON1/LON2/DLON/H
   33   52   38   42   37   38   36   36   35   35   33   33   31   31   29   28
   27   27   26   25   25   25   25   24   24   24   25   25   24   25   25   25
   25   26   26   26   26   27   26   27   26   27   26   27   26   27   26   27
   26   27   26   26   25   26   24   25   24   25   24   25   24   25   25   26
   26   28   28   32   31   31   31   38   33                                   
    85.0-180.0 180.0   5.0 450.0                            LAT/LON1/LON2/DLON/H
   57   56   56   59   58   56   56   56   55   55   53   52   50   49   48   47
   46   45   44   44   43   43   43   43   43   44   44   44   44   45   44   45
   44   46   45   46   45   47   45   47   45   47   45   46   44   44   43   42
   41   41   40   40   39   40   39   39   39   40   39   40   40   41   43   43
   45   46   48   47   49   50   54   47   57                                   
    82.5-180.0 180.0   5.0 450.0                            LAT/LON1/LON2/DLON/H
   53   65   60   61   58   56   57   56   55   54   51   49   46   45   42   41
   38   39   36   38   36   38   37   40   39   41   41   42   40   42   40   41
   39   42   40   42   40   43   41   43   41   43   40   41   39   40   37   37
   35   35   34   35   33   34   32   34   32   34   32   34   34   36   37   40
   40   44   45   47   49   51   51   41   53                                   
    80.0-180.0 180.0   5.0 450.0                            LAT/LON1/LON2/DLON/H
   55   61   55   57   53   56   52   55   50   50   45   44   39   37   32   32
   28   28   26   28   27   30   30   34   33   37   35   38   36   38   36   37
   36   38   38   39   39   41   41   42   41   42   40   40   37   37   34   34
   31   31   28   30   26   28   24   26   23   25   22   25   23   27   26   30
   31   35   36   39   41   44   49   41   55                                   
    77.5-180.0 180.0   5.0 450.0                            LAT/LON1/LON2/DLON/H
   51   58   53   54   51   52   51   52   49   46   44   39   36   31   29   25
   24   22   24   24   27   29   32   34   37   37   39   38   38   38   37   37
   36   38   39   42   43   45   46   46   47   46   46   43   42   39   38   36
   34   32   31   30   28   26   24   22   21   19   18   17   18   18   20   21
   24   26   30   33   37   40   44   28   51                                   
    75.0-180.0 180.0   5.0 450.0                            LAT/LON1/LON2/DLON/H
   49   53   49   51   48   52   50   53   48   48   42   39   32   30   23   22
   17   20   18   23   23   30   30   37   34   41   36   39   33   36   32   34
   32   37   38   43   44   51   51   54   52   54   51   51   46   47   42   44
   39   41   36   37   32   33   27   27   20   21   16   18   14   18   16   21
   20   27   27   33   36   41   43   29   49                                   
    72.5-180.0 180.0   5.0 450.0                            LAT/LON1/LON2/DLON/H
   45   51   47   47   46   48   48   49   47   44   41   36   31   26   22   19
   17   17   19   22   27   31   37   40   42   43   42   40   36   33   32   30
   30   34   38   43   49   55   59   61   63   62   62   58   57   54   53   50
   50   48   47   45   43   39   36   31   28   22   21   17   17   16   19   19
   23   24   29   31   37   38   42   23   45                                   
    70.0-180.0 180.0   5.0 450.0                            LAT/LON1/LON2/DLON/H
   42   45   42   43   41   45   45   47   46   45   41   38   31   27   19   18
   14   17   17   23   27   35   40   45   46   47   44   41   35   31   26   26
   26   32   37   47   54   64   68   73   74   75   72   70   66   65   62   62
   60   61   57   57   52   51   45   42   34   31   25   23   19   20   19   23
   23   28   29   34   36   40   41   26   42                                   
    67.5-180.0 180.0   5.0 450.0                            LAT/LON1/LON2/DLON/H
   37   43   39   38   39   40   42   43   44   42   42   37   33   27   22   18
   15   15   19   23   30   37   44   49   51   51   48   41   35   28   24   21
   24   28   38   47   59   67   77   79   83   83   82   78   75   73   71   70
   69   69   67   66   63   59   54   48   42   35   31   26   24   23   24   24
   27   28   32   33   37   37   40   22   37                                   
    65.0-180.0 180.0   5.0 450.0                            LAT/LON1/LON2/DLON/H
   35   38   33   35   32   37   36   42   41   43   41   41   34   31   24   22
   17   19   20   26   31   39   45   50   53   52   47   41   32   26   20   20
   22   30   40   52   64   77   84   92   93   95   92   91   86   85   81   82
   79   81   77   78   73   70   63   57   49   44   37   35   30   31   29   32
   31   35   34   38   37   39   41   25   35                                   
    62.5-180.0 180.0   5.0 450.0                            LAT/LON1/LON2/DLON/H
   34   40   33   32   31   32   35   36   38   38   39   38   36   32   28   24
   20   19   20   23   28   34   41   47   49   48   45   39   32   25   22   20
   25   31   45   56   70   81   91   98  102  104  102  100   96   94   92   91
   90   89   87   83   78   71   66   58   51   44   40   36   34   33   33   33
   34   34   35   36   37   37   40   23   34                                   
    60.0-180.0 180.0   5.0 450.0                            LAT/LON1/LON2/DLON/H
   34   37   33   32   28   32   30   35   34   37   37   39   36   35   29   27
   22   20   20   22   26   31   37   41   43   43   39   37   30   28   24   28
   31   41   51   65   77   91   99  109  112  115  113  112  109  107  104  104
  100  100   95   92   84   76   70   62   55   50   46   45   42   42   40   39
   37   37   36   39   37   40   41   26   34                                   
    57.5-180.0 180.0   5.0 450.0                            LAT/LON1/LON2/DLON/H
   38   44   37   35   31   31   31   31   32   32   34   36   37   36   34   31
   26   22   20   20   22   24   28   31   33   34   33   32   31   30   32   36
   43   51   63   73   85   96  105  113  116  120  121  121  119  117  116  113
  111  107  103   96   88   78   72   64   58   53   51   49   47   46   43   41
   38   36   36   36   37   38   42   25   38                                   
    55.0-180.0 180.0   5.0 450.0                            LAT/LON1/LON2/DLON/H
   42   46   41   40   35   36   32   33   31   33   33   35   36   36   33   32
   27   24   20   20   19   21   22   24   25   26   27   30   32   38   43   52
   59   68   75   88   94  106  112  122  124  130  130  134  130  131  126  126
  120  118  110  103   93   84   77   70   66   62   60   59   58   54   52   47
   43   41   38   41   38   43   45   32   42                                   
    52.5-180.0 180.0   5.0 450.0                            LAT/LON1/LON2/DLON/H
   49   56   49   47   43   41   38   35   33   32   32   34   36   36   36   34
   31   27   25   22   21   19   18   17   18   18   22   28   35   44   54   65
   74   81   89   96  103  111  117  123  130  134  140  141  144  141  140  136
  133  127  120  110  101   91   83   77   73   69   68   66   63   61   56   52
   47   44   41   42   42   45   50   34   49                                   
    50.0-180.0 180.0   5.0 450.0                            LAT/LON1/LON2/DLON/H
   55   59   56   56   51   51   45   43   39   37   37   37   38   38   37   37
   33   32   28   28   23   23   19   19   17   20   23   31   41   54   67   80
   88   99  103  112  115  123  127  134  138  146  147  154  152  155  149  151
  141  139  127  120  109  100   91   86   83   80   79   77   75   71   67   62
   57   53   48   50   48   53   54   43   55                                   
    47.5-180.0 180.0   5.0 450.0                            LAT/LON1/LON2/DLON/H
   60   69   64   64   59   58   54   50   46   42   41   40   41   39   40   37
   38   35   36   34   32   29   26   22   21   22   27   34   46   60   74   87
   98  107  113  119  123  129  134  139  146  149  156  157  162  159  161  154
  152  143  137  126  117  106   98   92   88   85   84   82   79   76   72   69
   63   60   56   56   54   56   60   46   60                                   
    45.0-180.0 180.0   5.0 450.0                            LAT/LON1/LON2/DLON/H
   63   70   68   70   67   68   64   62   57   53   51   50   49   47   45   44
   41   44   43   45   40   41   33   33   28   31   32   42   51   67   81   98
  106  119  122  133  137  145  149  155  157  161  162  167  167  171  166  165
  155  152  141  135  123  114  104   99   93   89   88   86   83   81   79   76
   72   69   65   64   62   64   64   57   63                                   
    42.5-180.0 180.0   5.0 450.0                            LAT/LON1/LON2/DLON/H
   65   75   71   74   71   73   71   69   64   62   59   58   57   53   51   47
   48   47   51   51   52   49   45   41   38   37   40   46   56   69   82   97
  108  119  128  138  147  154  162  163  166  164  167  166  171  171  171  164
  161  153  148  138  129  118  107   98   92   87   85   82   80   79   79   78
   75   73   70   69   66   66   68   57   65                                   
    40.0-180.0 180.0   5.0 450.0                            LAT/LON1/LON2/DLON/H
   65   70   71   74   74   77   78   78   75   73   72   71   69   65   59   57
   54   58   59   64   61   62   54   54   47   49   47   55   61   75   84  100
  108  123  133  148  160  173  179  182  180  178  174  175  176  180  175  173
  165  161  153  147  135  125  112  103   96   88   85   81   79   77   78   79
   78   77   73   73   68   69   68   62   65                                   
    37.5-180.0 180.0   5.0 450.0                            LAT/LON1/LON2/DLON/H
   63   70   68   72   71   76   77   79   78   78   78   78   76   71   66   61
   60   62   66   67   68   66   63   60   57   56   56   60   66   75   84   94
  106  121  137  153  171  185  193  193  191  184  182  179  182  181  182  176
  173  165  164  155  148  135  122  110  100   92   86   80   77   76   77   77
   75   75   72   69   66   65   66   57   63                                   
    35.0-180.0 180.0   5.0 450.0                            LAT/LON1/LON2/DLON/H
   62   63   65   68   69   74   79   80   81   82   85   86   85   81   75   72
   68   71   73   76   74   75   69   70   64   66   65   71   75   82   89   99
  110  128  145  167  188  206  214  215  209  202  195  194  192  195  193  192
  186  187  178  176  163  154  138  127  116  105   98   89   84   79   79   78
   76   74   70   68   61   63   62   60   62                                   
    32.5-180.0 180.0   5.0 450.0                            LAT/LON1/LON2/DLON/H
   58   62   59   61   61   68   70   74   74   78   82   85   86   84   80   76
   73   75   77   78   77   75   71   69   68   68   73   76   83   88   96  105
  119  135  154  178  200  221  232  232  226  217  210  207  207  207  209  207
  207  206  206  200  194  182  170  156  145  133  123  109  100   92   88   84
   78   75   70   65   59   58   59   54   58                                   
    30.0-180.0 180.0   5.0 450.0                            LAT/LON1/LON2/DLON/H
   59   55   56   57   58   62   67   69   72   74   80   85   89   87   84   81
   79   82   83   83   79   77   71   72   71   75   81   87   96  103  113  124
  140  155  174  196  218  239  252  254  249  243  233  232  228  233  232  235
  233  240  237  242  235  231  215  204  188  174  161  146  132  122  111  103
   90   84   74   70   59   58   55   56   59                                   
    27.5-180.0 180.0   5.0 450.0                            LAT/LON1/LON2/DLON/H
   58   61   55   54   51   57   59   61   63   66   72   79   83   84   82   81
   80   83   82   81   77   72   69   68   72   77   87   96  107  117  132  143
  161  173  192  213  236  258  271  275  275  268  266  259  262  260  265  263
  271  273  285  289  294  288  275  259  243  226  209  191  174  159  148  133
  116  103   92   82   72   69   62   54   58                                   
    25.0-180.0 180.0   5.0 450.0                            LAT/LON1/LON2/DLON/H
   63   58   56   52   48   52   55   57   60   60   66   71   77   79   80   79
   80   82   81   81   76   73   69   72   76   82   94  105  121  132  152  163
  182  194  214  233  255  272  287  293  297  295  295  294  292  296  295  300
  302  315  326  344  352  356  342  327  306  286  261  240  219  202  184  169
  148  133  115  106   91   87   76   69   63                                   
    22.5-180.0 180.0   5.0 450.0                            LAT/LON1/LON2/DLON/H
   72   77   65   59   51   53   53   55   54   55   58   64   68   71   72   74
   75   77   76   75   72   69   70   72   79   86   99  111  131  143  166  179
  200  211  233  254  275  291  304  312  321  321  324  322  325  324  328  328
  338  347  369  386  406  410  407  390  373  344  315  285  265  244  225  202
  183  161  144  126  112  107   93   78   72                                   
    20.0-180.0 180.0   5.0 450.0                            LAT/LON1/LON2/DLON/H
   84   84   75   65   54   57   58   57   57   53   56   57   61   63   66   68
   70   72   72   72   70   72   73   78   84   91  104  118  139  154  177  195
  218  234  255  276  297  309  323  325  338  338  346  349  353  354  354  354
  363  376  399  419  438  447  447  438  422  394  364  331  305  283  262  238
  214  194  171  156  138  128  115   98   84                                   
    17.5-180.0 180.0   5.0 450.0                            LAT/LON1/LON2/DLON/H
   99  106   88   78   66   65   66   65   63   57   54   54   55   59   60   64
   66   68   69   69   70   72   79   83   90   96  108  122  147  162  191  206
  232  248  276  295  319  326  340  343  357  359  370  374  378  377  380  377
  389  394  419  432  457  462  468  459  448  421  393  362  338  314  293  269
  245  218  200  176  160  146  134  111   99                                   
    15.0-180.0 180.0   5.0 450.0                            LAT/LON1/LON2/DLON/H
  116  115  102   89   78   79   77   76   74   65   62   55   58   56   59   61
   64   66   68   70   73   79   85   90   95  100  113  130  153  172  200  219
  243  266  291  314  331  335  351  349  369  371  388  395  402  406  405  406
  411  418  433  448  463  471  473  469  460  436  410  381  358  334  313  289
  265  243  218  199  176  165  150  130  116                                   
    12.5-180.0 180.0   5.0 450.0                            LAT/LON1/LON2/DLON/H
  131  130  112  104   94   93   91   89   87   76   68   62   60   60   60   63
   64   68   70   72   79   84   93   95  100  105  116  133  163  180  210  227
  251  272  302  320  336  345  357  364  377  385  398  408  417  420  425  422
  431  429  442  446  462  462  464  458  451  432  409  385  363  340  320  296
  277  253  232  207  189  173  162  141  131                                   
    10.0-180.0 180.0   5.0 450.0                            LAT/LON1/LON2/DLON/H
  137  135  120  112  103  103  102  102   96   86   78   71   70   65   68   67
   71   70   76   79   86   94  101  102  106  110  123  145  171  191  217  236
  258  287  308  328  340  349  359  364  380  386  404  412  426  431  436  438
  440  439  443  447  453  453  449  446  440  426  407  383  361  337  316  295
  275  257  234  215  196  181  169  153  137                                   
     7.5-180.0 180.0   5.0 450.0                            LAT/LON1/LON2/DLON/H
  143  141  125  124  111  113  110  109  105   94   86   78   76   74   74   77
   78   80   83   88   95  101  106  106  109  113  130  150  181  199  224  240
