data/unet/pred2460.15i
     1.0            IONOSPHERE MAPS     GNSS                IONEX VERSION / TYPE
pyspatialgeodesy        IME             05-JAN-18 20:20     PGM / RUN BY / DATE 
Map Name                                                    COMMENT             
Predicted global ionosphere maps (GIM).                     DESCRIPTION         
  2015     9     3     0     0     0                        EPOCH OF FIRST MAP  
  2015     9     4     0     0     0                        EPOCH OF LAST MAP   
  7200                                                      INTERVAL            
    13                                                      # OF MAPS IN FILE   
  NONE                                                      MAPPING FUNCTION    
10.0                                                        ELEVATION CUTOFF    
One-way carrier phase leveled to code                       OBSERVABLES USED    
  6371.0                                                    BASE RADIUS         
 2                                                          MAP DIMENSION       
   450.0 450.0   0.0                                        HGT1 / HGT2 / DHGT  
    87.5 -87.5  -2.5                                        LAT1 / LAT2 / DLAT  
  -180.0 180.0   5.0                                        LON1 / LON2 / DLON  
    -1                                                      EXPONENT            
                                                            END OF HEADER       
[from data line 3432]
     9                                                      START OF TEC MAP    
  2015     9     3    16     0     0                        EPOCH OF CURRENT MAP
    87.5-180.0 180.0   5.0 450.0                            LAT/LON1/LON2/DLON/H
  148  153  154  155  155  155  157  157  160  160  163  163  164  164  165  164
  165  163  164  162  162  160  160  158  158  156  157  155  155  153  154  152
  152  151  151  149  149  148  148  147  147  146  147  145  146  145  146  145
  146  145  145  144  145  144  144  143  144  143  143  142  143  142  143  142
  143  143  145  145  146  147  152  165  148                                   
    85.0-180.0 180.0   5.0 450.0                            LAT/LON1/LON2/DLON/H
  125  143  144  148  150  152  155  158  161  163  166  167  170  170  171  170
  170  169  169  167  166  165  163  161  159  159  157  156  154  153  152  151
  150  148  148  146  145  144  144  142  142  141  142  140  141  140  140  139
  140  138  138  137  137  136  135  134  134  132  131  131  131  130  130  130
  130  131  132  134  135  134  137  138  125                                   
    82.5-180.0 180.0   5.0 450.0                            LAT/LON1/LON2/DLON/H
  127  131  133  136  138  140  144  147  151  154  157  159  162  162  164  163
  163  162  162  160  159  158  155  154  151  151  147  147  144  144  141  142
  138  139  136  136  133  134  131  131  129  130  127  128  126  127  125  126
  124  125  123  124  122  123  121  122  120  120  117  118  116  117  115  116
  115  117  117  119  120  117  126  118  127                                   
    80.0-180.0 180.0   5.0 450.0                            LAT/LON1/LON2/DLON/H
  111  115  116  123  126  131  135  140  143  148  151  155  157  160  160  162
  161  162  160  161  159  158  156  155  152  151  147  147  144  143  140  140
  137  137  135  135  132  132  129  128  126  126  123  123  121  122  119  120
  118  120  117  119  116  117  114  115  112  112  109  109  106  106  104  104
  102  104  103  105  105  106  109  109  111                                   
    77.5-180.0 180.0   5.0 450.0                            LAT/LON1/LON2/DLON/H
   97  105  106  111  116  120  126  130  135  138  144  146  150  150  154  153
  155  154  156  155  156  155  155  154  153  151  150  147  145  143  141  140
  137  136  134  133  131  130  128  126  124  123  121  119  117  116  114  114
  112  112  110  111  109  109  107  106  103  102   99   97   95   93   91   90
   90   90   91   92   92   89   90   93   97                                   
    75.0-180.0 180.0   5.0 450.0                            LAT/LON1/LON2/DLON/H
   87   93   97  100  108  110  119  120  128  130  138  139  144  145  148  148
  150  149  151  151  153  154  155  155  155  153  153  149  149  145  145  140
  140  137  138  134  134  131  131  126  126  121  121  116  116  111  112  108
  109  107  108  106  106  104  103  101   99   96   93   90   87   85   83   82
   81   81   82   82   84   83   85   88   87                                   
    72.5-180.0 180.0   5.0 450.0                            LAT/LON1/LON2/DLON/H
   82   88   90   93   99  103  109  114  121  126  133  136  141  143  145  145
  147  146  149  149  152  153  156  158  159  159  158  155  153  149  147  144
  141  139  138  137  135  134  132  130  127  124  120  117  113  111  108  107
  105  105  103  103  101  101   97   96   91   90   84   83   79   77   73   73
   71   72   73   74   74   73   77   79   82                                   
    70.0-180.0 180.0   5.0 450.0                            LAT/LON1/LON2/DLON/H
   77   80   82   84   91   94  103  106  117  121  131  133  140  140  145  143
  146  144  148  148  153  155  160  162  165  164  163  160  157  153  151  147
  144  141  141  140  139  137  136  133  131  125  123  116  114  109  107  104
  104  101  101   99   98   94   92   88   85   81   78   75   72   69   67   66
   67   66   67   68   70   71   74   76   77                                   
    67.5-180.0 180.0   5.0 450.0                            LAT/LON1/LON2/DLON/H
   76   79   81   82   86   90   97  102  111  117  126  131  138  140  144  144
  146  145  149  149  154  155  161  162  166  165  166  162  159  154  151  146
  142  139  138  138  137  137  135  134  129  127  121  117  111  108  103  102
   99   98   95   95   90   88   83   82   76   74   69   69   65   64   61   63
   61   62   63   65   65   64   68   69   76                                   
    65.0-180.0 180.0   5.0 450.0                            LAT/LON1/LON2/DLON/H
   73   73   75   75   83   87   97  100  112  117  127  131  140  141  146  144
  148  144  151  149  157  157  164  165  169  168  168  165  161  156  152  148
  144  141  140  139  139  139  138  136  133  129  125  119  114  108  105  102
  100   97   94   91   87   82   78   73   71   67   65   62   63   60   61   60
   60   59   61   61   62   64   67   65   73                                   
    62.5-180.0 180.0   5.0 450.0                            LAT/LON1/LON2/DLON/H
   71   71   74   74   78   84   91   97  106  113  122  129  136  141  145  146
  148  147  150  150  155  157  164  165  170  168  169  165  162  158  154  149
  144  141  139  138  137  137  136  136  132  129  123  119  112  108  102  101
   96   95   90   88   82   78   71   70   65   65   61   63   60   61   58   60
   57   58   57   59   57   56   60   57   71                                   
    60.0-180.0 180.0   5.0 450.0                            LAT/LON1/LON2/DLON/H
   67   64   65   68   75   82   91   97  108  115  124  131  138  142  147  147
  150  147  152  149  156  155  163  164  169  166  167  164  164  159  158  153
  150  145  143  140  140  138  139  137  136  131  128  121  116  110  106  104
  100   97   92   88   82   75   70   66   65   63   63   63   63   61   62   60
   60   57   57   55   55   55   58   51   67                                   
    57.5-180.0 180.0   5.0 450.0                            LAT/LON1/LON2/DLON/H
   65   61   63   67   73   81   88   94  103  111  120  127  135  140  145  147
  149  149  150  149  152  153  158  159  166  163  167  164  167  164  165  160
  158  152  149  143  142  140  139  138  135  132  127  122  115  111  105  104
   99   97   91   87   79   74   68   66   63   66   61   67   63   65   62   63
   59   58   55   55   51   49   50   45   65                                   
    55.0-180.0 180.0   5.0 450.0                            LAT/LON1/LON2/DLON/H
   63   59   60   64   73   80   90   95  106  114  121  129  135  140  144  147
  149  149  150  148  151  150  155  155  161  160  166  164  170  169  173  169
  168  161  158  151  150  145  145  141  142  136  135  128  124  118  115  111
  108  103   98   92   84   77   72   70   68   70   69   72   71   70   68   66
   64   61   59   56   54   54   54   44   63                                   
    52.5-180.0 180.0   5.0 450.0                            LAT/LON1/LON2/DLON/H
   65   61   62   67   74   83   92   98  107  114  122  126  133  136  142  145
  149  149  150  149  150  149  153  154  159  160  167  168  175  176  183  181
  181  174  170  160  158  152  151  148  147  144  140  135  129  126  120  118
  113  110  103   98   90   84   79   78   77   80   76   80   75   76   70   70
   65   65   61   60   55   54   53   45   65                                   
    50.0-180.0 180.0   5.0 450.0                            LAT/LON1/LON2/DLON/H
   69   64   64   69   78   86   97  103  114  121  127  132  136  140  142  147
  149  150  151  150  151  150  153  155  160  161  168  170  179  181  189  188
  190  182  178  169  167  160  160  156  156  150  149  143  141  135  133  128
  125  119  113  106   99   93   89   89   89   91   89   91   87   85   80   78
   74   73   71   69   67   66   67   54   69                                   
    47.5-180.0 180.0   5.0 450.0                            LAT/LON1/LON2/DLON/H
   76   73   71   76   80   91  100  111  119  125  133  135  140  139  145  146
  151  151  154  153  154  153  156  160  165  168  173  176  184  188  195  196
  197  190  185  177  174  169  168  165  163  159  156  153  149  146  141  139
  133  129  122  118  110  107  103  104  103  106  101  103   95   94   85   85
   78   80   77   77   73   72   72   67   76                                   
    45.0-180.0 180.0   5.0 450.0                            LAT/LON1/LON2/DLON/H
   85   81   78   80   85   95  107  117  128  135  143  146  148  148  150  152
  154  155  157  157  159  158  163  166  172  173  177  178  185  187  194  194
  194  190  185  180  179  176  177  172  172  166  165  159  158  153  151  146
  143  137  133  127  123  118  117  116  117  117  115  112  106  103   96   94
   90   91   89   87   88   87   87   80   85                                   
    42.5-180.0 180.0   5.0 450.0                            LAT/LON1/LON2/DLON/H
   94   92   85   88   88  100  108  123  134  144  152  155  158  156  158  156
  160  159  162  161  165  166  172  177  181  183  184  184  188  189  195  194
  195  190  188  185  187  186  187  182  178  173  170  166  163  161  158  153
  149  145  140  136  132  130  128  130  130  131  125  124  115  112  103  104
   97  100   96   98   92   91   94   92   94                                   
    40.0-180.0 180.0   5.0 450.0                            LAT/LON1/LON2/DLON/H
   98   94   87   88   89   97  110  124  140  152  164  168  171  170  168  167
  167  166  169  167  173  173  180  184  189  188  189  186  189  188  193  195
  192  192  190  193  197  200  201  195  190  182  179  174  173  169  167  161
  157  150  147  142  140  137  137  137  138  136  133  129  123  119  112  111
  107  107  106  104  102  100  102   99   98                                   
    37.5-180.0 180.0   5.0 450.0                            LAT/LON1/LON2/DLON/H
  100   95   86   88   85   95  105  125  141  157  171  177  182  180  179  175
  174  171  174  172  180  181  188  192  196  196  198  195  198  200  206  207
  208  208  210  214  221  223  221  212  203  193  188  183  181  177  173  167
  161  155  150  146  143  142  141  142  141  143  138  136  129  127  118  120
  112  114  106  107   99   97  100  100  100                                   
    35.0-180.0 180.0   5.0 450.0                            LAT/LON1/LON2/DLON/H
   97   90   82   80   80   88  103  119  140  158  176  185  191  192  187  185
  180  179  179  180  185  189  193  197  201  202  205  204  211  215  223  227
  229  231  233  240  246  249  245  233  221  210  204  198  196  192  187  180
  174  165  159  151  148  144  143  141  141  139  139  135  132  131  125  124
  119  118  113  108  103   96   97   96   97                                   
    32.5-180.0 180.0   5.0 450.0                            LAT/LON1/LON2/DLON/H
   95   85   73   73   70   83   94  117  135  159  177  191  198  199  196  192
  187  184  184  185  192  194  200  201  207  207  217  221  233  244  259  267
  273  275  278  282  289  286  280  262  246  232  225  219  217  211  206  196
  188  178  170  161  155  149  146  144  141  141  137  138  133  134  126  128
  119  120  108  106   93   90   91   91   95                                   
    30.0-180.0 180.0   5.0 450.0                            LAT/LON1/LON2/DLON/H
   87   76   65   63   64   73   88  108  129  151  172  188  199  205  200  200
  190  192  188  192  194  199  201  206  208  215  226  241  259  278  293  307
  313  320  324  328  332  326  315  292  274  258  251  245  243  235  228  215
  205  192  183  170  163  154  149  143  141  137  137  137  135  134  130  130
  126  124  116  108   97   88   86   83   87                                   
    27.5-180.0 180.0   5.0 450.0                            LAT/LON1/LON2/DLON/H
   85   74   63   63   62   74   84  105  122  147  166  184  196  205  204  204
  198  199  197  203  205  211  212  215  220  230  248  269  296  321  341  355
  363  369  372  373  371  361  346  323  303  287  281  275  271  260  249  235
  220  205  191  177  166  157  151  146  143  140  138  140  137  139  132  134
  125  126  115  110   95   91   87   83   85                                   
    25.0-180.0 180.0   5.0 450.0                            LAT/LON1/LON2/DLON/H
   82   73   64   61   64   72   85   98  115  134  154  174  189  203  205  209
  202  206  201  212  213  220  222  226  234  248  273  301  330  362  381  397
  406  411  415  415  412  398  379  354  335  323  314  309  299  286  271  252
  234  215  199  184  173  164  157  150  145  141  140  139  140  141  137  137
  133  134  127  121  109   99   92   86   82                                   
    22.5-180.0 180.0   5.0 450.0                            LAT/LON1/LON2/DLON/H
   90   79   69   68   69   80   89  105  116  133  148  169  184  201  207  215
  213  218  218  228  234  240  243  247  258  275  304  336  374  409  430  446
  452  452  451  442  434  416  399  377  361  351  343  333  322  305  286  267
  246  226  206  191  177  169  162  157  151  146  141  142  142  144  140  140
  134  135  130  129  118  113  105   98   90                                   
    20.0-180.0 180.0   5.0 450.0                            LAT/LON1/LON2/DLON/H
   98   86   77   74   76   83   94  103  116  126  140  158  176  195  204  215
  216  224  226  241  245  255  261  269  282  303  336  373  409  445  467  480
  483  480  474  464  450  436  419  403  390  380  371  359  343  325  305  283
  260  239  221  204  191  183  177  174  164  156  148  145  144  145  143  142
  139  141  140  140  132  123  116  106   98                                   
    17.5-180.0 180.0   5.0 450.0                            LAT/LON1/LON2/DLON/H
  107   94   83   83   79   92   96  111  118  132  141  159  174  198  208  224
  229  241  245  258  266  276  286  299  314  343  370  411  441  475  489  497
  495  485  474  461  448  435  423  413  407  399  390  376  357  336  313  294
  270  252  232  217  201  196  191  190  180  170  157  151  147  146  145  145
  142  144  143  144  137  130  123  116  107                                   
    15.0-180.0 180.0   5.0 450.0                            LAT/LON1/LON2/DLON/H
  109   95   86   87   85   93  101  111  119  129  141  156  173  195  207  226
  234  248  255  272  282  300  310  330  347  375  404  436  463  486  498  499
  495  485  474  463  450  441  431  428  423  419  408  394  370  349  323  304
  282  264  244  229  216  211  209  208  197  187  170  160  153  150  147  145
  143  144  145  143  139  129  124  117  109                                   
    12.5-180.0 180.0   5.0 450.0                            LAT/LON1/LON2/DLON/H
  111   96   84   82   80   91   97  115  121  138  146  165  178  207  219  243
  251  268  273  293  304  322  337  360  377  409  427  456  466  484  487  487
  481  473  466  458  449  443  437  432  431  424  415  395  372  345  322  302
  283  266  250  236  224  222  219  220  210  199  179  167  157  152  148  145
  143  144  143  141  133  126  119  114  111                                   
    10.0-180.0 180.0   5.0 450.0                            LAT/LON1/LON2/DLON/H
  100   86   79   79   79   86   96  113  125  141  152  169  187  215  232  254
  265  282  290  309  319  343  359  383  403  430  450  467  477  483  485  482
  477  472  466  462  454  454  445  445  440  437  422  403  372  347  323  304
  286  270  254  241  228  225  222  227  216  206  183  172  158  153  146  142
  140  140  139  134  127  115  111  103  100                                   
     7.5-180.0 180.0   5.0 450.0                            LAT/LON1/LON2/DLON/H
   93   87   76   74   71   80   88  111  124  145  155  175  194  224  244  265
  277  295  303  320  330  350  369  394  417  444  455  469  475  478  477  472
