data/unet/pred0750.15i
     1.0            IONOSPHERE MAPS     GNSS                IONEX VERSION / TYPE
pyspatialgeodesy        IME             05-JAN-18 20:20     PGM / RUN BY / DATE 
Map Name                                                    COMMENT             
Predicted global ionosphere maps (GIM).                     DESCRIPTION         
  2015     3    16     0     0     0                        EPOCH OF FIRST MAP  
  2015     3    17     0     0     0                        EPOCH OF LAST MAP   
  7200                                                      INTERVAL            
    13                                                      # OF MAPS IN FILE   
  NONE                                                      MAPPING FUNCTION    
10.0                                                        ELEVATION CUTOFF    
One-way carrier phase leveled to code                       OBSERVABLES USED    
  6371.0                                                    BASE RADIUS         
 2                                                          MAP DIMENSION       
   450.0 450.0   0.0                                        HGT1 / HGT2 / DHGT  
    87.5 -87.5  -2.5                                        LAT1 / LAT2 / DLAT  
  -180.0 180.0   5.0                                        LON1 / LON2 / DLON  
    -1                                                      EXPONENT            
                                                            END OF HEADER       
[from data line 1716]
     5                                                      START OF TEC MAP    
  2015     3    16     8     0     0                        EPOCH OF CURRENT MAP
    87.5-180.0 180.0   5.0 450.0                            LAT/LON1/LON2/DLON/H
  115  133  139  138  143  141  143  142  145  143  146  143  147  144  148  145
  149  147  152  151  155  156  160  160  162  161  162  161  161  159  159  158
  159  157  157  155  156  154  154  151  152  148  149  144  146  142  143  140
  142  140  141  140  142  140  141  140  141  139  139  137  138  136  136  133
  135  133  135  135  138  140  144  128  115                                   
    85.0-180.0 180.0   5.0 450.0                            LAT/LON1/LON2/DLON/H
  110  125  122  132  131  133  134  137  139  141  142  144  146  149  150  152
  154  156  157  160  161  164  164  166  167  168  167  167  167  166  165  164
  165  164  163  162  163  162  161  160  160  160  159  159  159  159  158  159
  158  159  158  158  157  156  154  151  150  146  143  139  137  132  130  126
  127  122  123  120  124  120  127  111  110                                   
    82.5-180.0 180.0   5.0 450.0                            LAT/LON1/LON2/DLON/H
   96   97   99  101  105  106  113  117  125  127  133  135  142  142  148  147
  153  151  155  153  156  155  157  155  158  156  159  156  159  156  158  157
  160  159  162  161  164  162  165  163  167  164  167  164  167  166  167  167
  168  168  168  167  166  164  162  158  156  149  144  138  132  126  120  114
  111  105  102   97   99   91   95   94   96                                   
    80.0-180.0 180.0   5.0 450.0                            LAT/LON1/LON2/DLON/H
   85   77   74   73   77   83   92  100  109  115  122  129  135  138  140  143
  144  146  144  146  143  144  141  142  140  140  138  139  140  140  142  144
  149  151  155  158  162  165  168  170  173  173  175  176  178  179  180  181
  182  182  184  184  183  181  179  176  171  165  159  152  145  135  127  118
  111  101   95   87   85   75   75   78   85                                   
    77.5-180.0 180.0   5.0 450.0                            LAT/LON1/LON2/DLON/H
   72   69   59   56   62   68   78   86   96  103  112  118  124  126  130  130
  131  129  130  126  126  121  120  116  116  113  114  113  115  117  121  125
  130  136  141  147  153  159  165  170  173  177  181  185  188  192  196  198
  201  202  205  204  205  204  204  201  198  192  187  178  172  161  152  141
  130  118  108   96   88   75   70   71   72                                   
    75.0-180.0 180.0   5.0 450.0                            LAT/LON1/LON2/DLON/H
   72   62   50   46   52   57   70   76   88   93  101  106  112  115  116  117
  115  115  113  110  108  104  102   97   96   93   92   92   92   95   99  105
  111  119  126  135  144  153  161  169  175  182  188  194  199  206  211  218
  221  226  229  232  232  234  234  234  232  229  222  216  205  197  185  174
  160  146  130  115  104   85   79   73   72                                   
    72.5-180.0 180.0   5.0 450.0                            LAT/LON1/LON2/DLON/H
   80   71   54   48   52   57   67   73   83   88   96   99  104  104  105  103
  103  100  100   95   93   89   87   83   81   77   77   76   77   79   84   89
   97  104  115  123  134  143  154  163  172  181  190  199  206  214  223  230
  238  242  249  250  254  255  259  260  261  259  257  251  244  233  221  207
  194  176  159  138  122  104   97   86   80                                   
    70.0-180.0 180.0   5.0 450.0                            LAT/LON1/LON2/DLON/H
   90   76   63   56   55   59   66   71   78   83   87   92   93   96   94   96
   93   95   91   90   87   85   81   78   74   71   69   68   69   71   76   81
   90  100  111  122  132  142  152  162  172  182  192  203  212  221  230  241
  246  255  259  265  269  273  277  280  282  280  276  274  265  260  246  236
  219  205  185  165  144  122  115   99   90                                   
    67.5-180.0 180.0   5.0 450.0                            LAT/LON1/LON2/DLON/H
  103   91   75   65   62   60   67   68   76   78   84   86   88   88   89   88
   88   85   86   83   82   80   78   75   71   69   66   67   66   68   72   76
   86   96  108  118  130  138  149  159  168  179  189  202  211  221  229  240
  247  254  261  264  270  272  277  280  284  284  281  281  275  270  259  248
  235  217  203  181  163  140  132  111  103                                   
    65.0-180.0 180.0   5.0 450.0                            LAT/LON1/LON2/DLON/H
  111   96   82   72   66   63   65   65   70   74   77   80   81   83   82   84
   84   85   84   85   83   83   81   78   75   72   70   68   69   70   74   79
   88   99  111  124  134  145  153  163  171  181  191  202  212  222  230  239
  246  253  258  265  268  272  273  279  281  282  277  279  272  270  258  251
  235  225  207  192  174  153  143  124  111                                   
    62.5-180.0 180.0   5.0 450.0                            LAT/LON1/LON2/DLON/H
  121  108   91   79   70   62   63   60   65   68   74   76   80   80   83   82
   83   83   83   84   82   82   79   78   74   73   69   70   67   69   72   79
   89  100  115  126  139  148  158  164  174  183  194  205  214  224  232  242
  247  255  260  262  266  264  266  268  271  270  268  266  263  258  249  238
  229  215  207  189  178  158  150  128  121                                   
    60.0-180.0 180.0   5.0 450.0                            LAT/LON1/LON2/DLON/H
  128  110   94   83   70   61   56   54   57   62   65   71   73   76   78   79
   81   82   82   84   82   81   78   76   73   71   69   68   66   67   70   79
   90  105  120  137  148  160  167  177  183  194  203  213  224  233  241  248
  254  260  266  270  271  270  268  272  272  272  265  265  259  256  244  236
  223  214  202  192  181  165  154  140  128                                   
    57.5-180.0 180.0   5.0 450.0                            LAT/LON1/LON2/DLON/H
  141  123  106   91   77   62   56   49   52   54   60   64   69   72   75   76
   78   80   80   80   77   76   71   70   67   66   64   63   61   62   66   75
   89  105  125  142  158  169  179  187  197  207  217  228  238  249  255  263
  267  273  280  281  283  279  278  278  280  276  274  270  268  259  249  235
  225  210  203  189  184  168  161  143  141                                   
    55.0-180.0 180.0   5.0 450.0                            LAT/LON1/LON2/DLON/H
  155  135  117  103   83   68   55   49   47   50   54   58   63   66   69   71
   73   74   74   75   72   70   67   65   63   62   60   59   57   58   63   73
   88  110  131  152  167  182  191  204  212  224  235  247  259  268  276  280
  287  293  300  302  304  304  300  302  302  300  295  293  286  278  264  251
  236  224  212  203  197  185  172  160  155                                   
    52.5-180.0 180.0   5.0 450.0                            LAT/LON1/LON2/DLON/H
  174  155  138  121  104   83   68   54   51   50   54   56   61   63   66   67
   69   70   69   69   67   65   61   60   59   59   57   56   55   56   61   72
   91  112  138  159  180  194  209  220  232  243  255  268  282  293  299  304
  310  315  322  323  326  324  322  322  324  322  321  315  308  297  285  267
  255  239  232  220  214  200  193  173  174                                   
    50.0-180.0 180.0   5.0 450.0                            LAT/LON1/LON2/DLON/H
  192  177  156  142  123  105   84   69   59   56   55   57   59   61   62   63
   65   65   66   66   65   64   61   62   60   61   60   58   58   58   65   75
   98  123  151  176  195  214  227  239  249  262  275  291  308  318  327  329
  335  337  345  346  347  346  344  343  346  345  344  339  333  320  308  291
  275  262  251  242  234  218  206  190  192                                   
    47.5-180.0 180.0   5.0 450.0                            LAT/LON1/LON2/DLON/H
  203  193  175  160  146  127  109   90   76   67   64   62   63   63   63   63
   65   66   67   69   68   69   67   69   68   69   68   66   64   64   68   79
  102  127  160  183  210  225  242  252  265  277  294  312  329  338  346  348
  354  355  360  360  359  356  353  351  354  354  354  351  345  334  322  304
  292  275  267  255  247  232  220  197  203                                   
    45.0-180.0 180.0   5.0 450.0                            LAT/LON1/LON2/DLON/H
  201  193  176  170  158  145  128  111   93   81   73   71   70   68   68   68
   69   71   73   77   78   81   79   82   81   82   79   76   74   70   76   85
  109  136  165  194  214  236  250  266  278  293  312  331  347  354  363  365
  370  371  375  372  370  366  360  358  357  355  355  353  348  340  328  316
  300  288  274  265  251  232  215  191  201                                   
    42.5-180.0 180.0   5.0 450.0                            LAT/LON1/LON2/DLON/H
  190  180  171  168  165  156  146  130  113   98   88   83   82   80   80   79
   81   82   86   91   94   97   98   97   97   96   94   89   83   79   80   89
  112  136  171  192  222  237  257  272  290  308  330  347  361  366  375  377
  382  383  387  383  380  373  366  359  357  350  346  342  338  333  324  312
  300  283  271  255  242  220  204  177  190                                   
    40.0-180.0 180.0   5.0 450.0                            LAT/LON1/LON2/DLON/H
  161  161  149  153  153  153  147  137  123  111  100   96   94   94   93   94
   94   96   99  108  111  117  115  115  110  110  106  100   92   86   87   96
  117  146  176  204  226  250  267  286  308  326  353  366  381  384  392  395
  400  403  405  404  398  391  380  372  365  356  349  344  335  331  319  312
  295  280  264  248  227  205  186  156  161                                   
    37.5-180.0 180.0   5.0 450.0                            LAT/LON1/LON2/DLON/H
  142  136  127  132  135  137  139  135  127  119  111  107  108  108  111  110
  113  112  120  123  133  133  134  127  126  120  117  108   99   92   91   99
  118  145  180  204  234  256  280  302  328  350  375  388  402  406  416  416
  425  427  435  435  435  426  417  405  394  380  365  354  342  333  322  312
  298  281  263  240  220  188  171  137  142                                   
    35.0-180.0 180.0   5.0 450.0                            LAT/LON1/LON2/DLON/H
  125  121  105  110  113  117  124  123  123  119  115  116  118  123  126  128
  129  131  135  142  145  148  143  139  131  128  121  111  100   91   90   96
  114  144  174  206  236  269  296  321  353  375  404  416  436  439  453  453
  463  468  477  481  483  479  468  456  444  424  408  389  374  361  344  334
  316  301  278  254  226  197  171  136  125                                   
    32.5-180.0 180.0   5.0 450.0                            LAT/LON1/LON2/DLON/H
  134  120  102   98   98  100  106  111  113  114  114  119  126  131  139  140
  144  143  148  150  155  152  151  141  136  128  121  109   99   87   88   94
  114  138  173  209  243  279  315  345  377  403  430  449  467  478  494  500
  514  522  538  544  557  558  562  555  534  510  481  459  436  419  398  381
  357  341  314  291  257  220  192  151  134                                   
    30.0-180.0 180.0   5.0 450.0                            LAT/LON1/LON2/DLON/H
  157  133  116  103   95   94   94   97  104  105  112  118  129  139  146  152
  153  153  153  156  158  158  151  145  136  131  122  112   99   93   92  101
  118  142  173  211  245  286  325  364  393  424  448  473  494  513  535  552
  574  591  615  632  643  646  644  641  627  608  588  567  542  523  501  483
  457  435  402  364  323  281  239  200  157                                   
    27.5-180.0 180.0   5.0 450.0                            LAT/LON1/LON2/DLON/H
  209  178  153  129  116  109  102   99  101  104  109  117  129  139  149  154
  157  156  156  155  157  153  151  141  137  130  121  111  102   97   99  111
  131  151  186  219  261  296  338  377  406  437  463  488  517  549  575  600
  627  657  685  700  717  728  738  742  738  721  693  671  644  625  602  588
  560  540  492  447  400  356  318  269  209                                   
    25.0-180.0 180.0   5.0 450.0                            LAT/LON1/LON2/DLON/H
  286  244  211  171  148  130  123  114  111  105  113  117  130  138  150  156
  160  157  156  153  153  150  150  143  139  133  122  115  106   99  105  111
  132  154  193  228  274  306  348  384  417  447  475  504  536  570  609  634
  678  706  733  754  778  798  814  831  836  833  813  794  767  744  716  694
  664  638  601  562  507  449  397  363  286                                   
    22.5-180.0 180.0   5.0 450.0                            LAT/LON1/LON2/DLON/H
  386  337  301  242  205  178  156  141  129  127  126  130  135  142  148  153
  157  151  148  144  146  144  148  144  143  139  129  121  108  104  114  124
  148  170  204  240  279  313  356  389  422  456  483  515  558  595  631  667
  705  742  768  794  817  841  862  888  903  907  899  886  867  845  820  791
  758  729  693  649  600  551  491  462  386                                   
    20.0-180.0 180.0   5.0 450.0                            LAT/LON1/LON2/DLON/H
  459  410  359  324  283  238  208  177  160  142  139  140  146  145  149  151
  157  150  145  140  141  140  146  147  149  150  137  129  118  111  120  127
  157  179  214  249  288  324  363  398  439  465  504  537  583  616  662  687
  739  765  795  812  834  850  872  896  919  933  935  928  917  900  879  850
  818  788  754  712  667  613  568  522  459                                   
    17.5-180.0 180.0   5.0 450.0                            LAT/LON1/LON2/DLON/H
  525  488  438  376  339  307  265  229  199  178  164  158  156  159  158  160
  159  152  144  140  138  142  148  156  161  156  141  132  126  121  132  142
  165  195  219  261  288  329  365  402  436  476  513  554  599  638  672  706
  748  774  796  810  821  830  842  860  882  904  917  919  919  910  896  867
  840  810  781  741  704  652  608  576  525                                   
    15.0-180.0 180.0   5.0 450.0                            LAT/LON1/LON2/DLON/H
  563  538  485  429  386  343  318  280  245  216  195  182  172  166  165  170
  172  162  153  144  143  146  155  167  157  158  142  135  129  117  131  139
  172  202  235  263  295  335  366  403  442  482  527  572  618  652  685  714
  748  762  777  785  786  786  784  796  814  835  858  870  880  880  872  853
  829  803  777  738  706  658  622  591  563                                   
    12.5-180.0 180.0   5.0 450.0                            LAT/LON1/LON2/DLON/H
  561  543  514  463  420  377  349  333  299  262  233  217  203  192  186  179
  184  178  172  162  158  152  154  158  156  151  145  139  130  119  129  149
  167  212  231  267  287  329  357  395  432  484  528  583  624  660  684  712
  733  740  750  747  741  731  721  725  736  758  779  805  823  833  827  817
  796  775  751  717  683  639  608  589  561                                   
    10.0-180.0 180.0   5.0 450.0                            LAT/LON1/LON2/DLON/H
  554  537  514  476  438  398  375  358  341  304  272  248  231  217  206  199
  194  190  176  167  150  145  141  154  152  156  150  139  126  112  127  140
  174  202  233  258  289  324  356  389  428  476  524  575  620  650  677  691
  709  709  715  708  699  686  671  669  675  690  721  746  771  782  783  773
  759  740  722  688  653  613  590  552  554                                   
     7.5-180.0 180.0   5.0 450.0                            LAT/LON1/LON2/DLON/H
  534  521  512  476  444  411  395  378  366  341  311  288  270  250  237  219
  213  193  183  159  150  132  137  144  151  156  155  135  120  111  118  141
