data/unet/pred0460.15i
     1.0            IONOSPHERE MAPS     GNSS                IONEX VERSION / TYPE
pyspatialgeodesy        IME             05-JAN-18 20:20     PGM / RUN BY / DATE 
Map Name                                                    COMMENT             
Predicted global ionosphere maps (GIM).                     DESCRIPTION         
  2015     2    15     0     0     0                        EPOCH OF FIRST MAP  
  2015     2    16     0     0     0                        EPOCH OF LAST MAP   
  7200                                                      INTERVAL            
    13                                                      # OF MAPS IN FILE   
  NONE                                                      MAPPING FUNCTION    
10.0                                                        ELEVATION CUTOFF    
One-way carrier phase leveled to code                       OBSERVABLES USED    
  6371.0                                                    BASE RADIUS         
 2                                                          MAP DIMENSION       
   450.0 450.0   0.0                                        HGT1 / HGT2 / DHGT  
    87.5 -87.5  -2.5                                        LAT1 / LAT2 / DLAT  
  -180.0 180.0   5.0                                        LON1 / LON2 / DLON  
    -1                                                      EXPONENT            
                                                            END OF HEADER       
[from data line 858]
     3                                                      START OF TEC MAP    
  2015     2    15     4     0     0                        EPOCH OF CURRENT MAP
    87.5-180.0 180.0   5.0 450.0                            LAT/LON1/LON2/DLON/H
  126  149  133  131  128  124  124  120  121  117  118  115  116  113  113  111
  112  109  110  108  109  107  108  105  107  105  107  105  107  105  107  106
  108  108  110  109  112  112  114  115  117  118  119  120  122  124  126  127
  129  130  131  132  133  135  136  138  138  140  140  142  142  144  142  145
  143  145  143  146  143  142  155  150  126                                   
    85.0-180.0 180.0   5.0 450.0                            LAT/LON1/LON2/DLON/H
  156  151  135  138  129  125  118  117  112  111  107  107  104  105  103  104
  101  103  101  102  100  101   99  100   98   99   97   99   97   99   97  100
  100  103  102  106  106  110  109  114  113  118  116  122  120  126  124  130
  128  134  133  139  139  145  146  150  154  156  160  162  166  166  167  168
  168  168  166  167  162  157  162  170  156                                   
    82.5-180.0 180.0   5.0 450.0                            LAT/LON1/LON2/DLON/H
  153  144  135  131  118  113  105  105  100  100   96   99   95   98   95   98
   95   97   94   97   93   95   91   92   88   89   85   87   83   85   82   86
   84   88   86   92   90   96   94  100   99  104  103  108  109  112  116  119
  124  126  134  137  147  150  160  163  173  176  183  185  191  193  193  194
  194  192  188  183  177  170  173  171  153                                   
    80.0-180.0 180.0   5.0 450.0                            LAT/LON1/LON2/DLON/H
  164  155  145  134  119  112  103  101   97   95   93   94   94   96   96   98
   98  100   99  100   98   98   95   94   91   90   87   86   83   83   82   83
   83   85   86   88   90   92   93   96   97  100  101  105  107  110  116  121
  127  132  142  149  157  165  174  181  191  197  206  212  219  221  225  225
  227  222  218  210  202  191  188  178  164                                   
    77.5-180.0 180.0   5.0 450.0                            LAT/LON1/LON2/DLON/H
  181  166  153  136  119  110  101   97   91   90   88   90   89   94   94   99
   99  102  100  103  100  101   97   97   92   91   87   86   82   83   80   82
   81   84   84   87   87   90   90   92   91   93   93   96   97  101  104  111
  117  129  138  150  159  171  180  192  201  212  220  230  235  243  244  248
  248  244  240  233  223  211  206  193  181                                   
    75.0-180.0 180.0   5.0 450.0                            LAT/LON1/LON2/DLON/H
  189  176  159  142  122  112  100   95   89   88   84   86   87   91   93   97
   99  101  103  103  102  102  100   98   95   92   89   86   84   82   82   81
   82   82   84   84   85   85   86   85   84   83   84   84   85   87   92   97
  104  117  131  143  154  167  180  193  206  216  228  236  245  253  260  262
  264  261  258  251  242  233  222  204  189                                   
    72.5-180.0 180.0   5.0 450.0                            LAT/LON1/LON2/DLON/H
  205  185  169  151  128  116  102   97   88   87   82   82   81   85   87   91
   93   97   98  100  100  101   98   98   93   93   88   87   83   82   81   81
   80   81   81   81   81   81   80   78   77   73   75   72   74   74   81   84
   96  108  126  139  154  164  181  193  209  221  234  243  253  262  268  274
  275  274  271  266  258  253  240  226  205                                   
    70.0-180.0 180.0   5.0 450.0                            LAT/LON1/LON2/DLON/H
  216  200  183  166  141  128  113  107   95   94   86   86   84   85   85   87
   91   90   96   95   99   98  100   98   97   94   92   87   86   82   83   80
   82   79   82   78   78   75   73   69   68   64   65   62   64   65   72   77
   90  106  122  140  153  169  184  198  214  226  240  250  263  268  277  281
  283  282  278  276  269  267  253  238  216                                   
    67.5-180.0 180.0   5.0 450.0                            LAT/LON1/LON2/DLON/H
  224  210  196  179  149  135  119  113  102  100   92   92   85   84   80   81
   82   83   87   89   94   95   97   98   95   94   91   89   85   83   80   78
   76   76   73   72   68   65   64   60   60   56   58   56   59   60   69   77
   93  110  128  146  161  176  193  208  224  236  248  260  270  275  280  282
  283  282  280  279  278  277  264  253  224                                   
    65.0-180.0 180.0   5.0 450.0                            LAT/LON1/LON2/DLON/H
  233  222  209  192  165  147  130  123  111  108   98   97   90   85   80   78
   78   78   83   84   91   92   96   95   94   91   88   83   80   76   73   70
   68   66   63   61   59   55   53   50   51   49   52   51   55   57   66   80
   97  118  135  152  168  186  203  220  236  246  258  265  274  277  280  281
  280  279  277  279  278  281  270  257  233                                   
    62.5-180.0 180.0   5.0 450.0                            LAT/LON1/LON2/DLON/H
  238  227  216  197  167  148  133  125  114  110  102  100   92   88   80   78
   75   77   78   82   86   89   92   92   91   87   84   79   74   70   65   61
   57   55   52   50   48   45   46   44   47   46   51   51   55   59   70   87
  104  126  144  162  181  197  216  231  245  256  263  270  275  277  278  276
  274  272  270  273  275  278  271  266  238                                   
    60.0-180.0 180.0   5.0 450.0                            LAT/LON1/LON2/DLON/H
  239  230  217  197  169  150  134  128  115  111   99   98   89   85   78   75
   74   75   79   78   85   84   88   86   86   79   76   69   65   59   55   51
   50   48   46   44   42   40   42   42   46   47   52   52   58   61   75   93
  112  134  151  171  191  209  227  242  255  262  270  272  278  278  276  276
  272  272  268  270  270  272  268  259  239                                   
    57.5-180.0 180.0   5.0 450.0                            LAT/LON1/LON2/DLON/H
  245  230  218  198  166  146  130  121  112  105   99   94   87   83   77   77
   75   78   78   79   80   81   83   82   81   75   71   63   58   52   49   45
   45   43   43   40   42   41   46   46   52   54   58   59   64   70   83  101
  119  141  160  182  204  222  239  252  265  273  278  282  285  285  282  279
  275  273  269  269  270  270  267  264  245                                   
    55.0-180.0 180.0   5.0 450.0                            LAT/LON1/LON2/DLON/H
  252  237  224  202  174  154  135  125  112  106   93   91   82   81   75   77
   75   79   78   78   78   77   78   77   77   71   68   59   55   49   48   45
   47   46   48   45   47   47   53   54   61   62   68   67   73   78   92  109
  127  147  165  192  213  232  248  261  275  282  290  294  299  299  296  293
  288  284  281  278  275  273  271  262  252                                   
    52.5-180.0 180.0   5.0 450.0                            LAT/LON1/LON2/DLON/H
  269  249  237  217  185  165  142  128  114  104   93   87   81   79   77   79
   78   80   78   77   75   74   75   76   77   74   71   62   58   53   53   51
   53   53   55   53   57   58   65   67   74   75   79   79   83   90  102  118
  135  154  175  199  223  239  255  269  283  292  301  307  313  313  311  305
  300  293  290  284  283  281  277  273  269                                   
    50.0-180.0 180.0   5.0 450.0                            LAT/LON1/LON2/DLON/H
  286  266  256  234  209  186  160  139  122  109   92   87   77   77   75   78
   78   78   76   73   72   72   74   77   82   81   79   71   67   61   62   61
   66   65   68   66   71   72   78   80   86   87   91   88   94  100  113  128
  144  161  181  207  228  246  260  273  287  296  307  314  323  324  324  319
  314  306  304  297  296  289  289  276  286                                   
    47.5-180.0 180.0   5.0 450.0                            LAT/LON1/LON2/DLON/H
  303  288  279  262  236  213  182  157  134  118   99   89   79   77   75   78
   77   77   73   70   70   72   76   83   89   92   91   85   79   74   74   75
   78   79   79   77   82   83   89   92   97   98  100   99  104  114  126  140
  155  173  193  215  235  252  264  277  290  300  310  317  327  330  331  325
  320  312  308  300  299  297  292  286  303                                   
    45.0-180.0 180.0   5.0 450.0                            LAT/LON1/LON2/DLON/H
  309  298  293  278  257  234  206  178  151  131  110   97   84   80   76   77
   75   74   70   69   71   76   83   91  100  103  102   95   90   83   83   83
   87   87   89   87   90   92   98  101  105  105  106  107  114  125  137  152
  166  186  203  222  241  256  268  281  291  301  309  317  325  329  331  327
  321  315  311  304  302  296  296  285  309                                   
    42.5-180.0 180.0   5.0 450.0                            LAT/LON1/LON2/DLON/H
  309  298  294  288  269  251  223  200  170  149  125  112   94   88   80   80
   76   76   74   74   79   86   94  104  111  114  112  105   96   91   87   89
   89   92   91   92   94   97  102  106  109  110  112  115  125  136  151  167
  183  199  216  231  248  261  272  283  293  301  307  311  320  323  324  319
  314  308  303  296  294  292  288  286  309                                   
    40.0-180.0 180.0   5.0 450.0                            LAT/LON1/LON2/DLON/H
  294  283  281  273  264  248  228  209  186  161  140  125  110  100   91   88
   85   85   85   89   95  101  108  115  121  122  117  109  101   93   91   90
   92   93   94   94   97  100  105  108  112  112  115  121  133  147  164  182
  197  213  226  240  255  270  280  291  299  305  307  312  317  320  320  316
  314  309  305  299  295  286  285  276  294                                   
    37.5-180.0 180.0   5.0 450.0                            LAT/LON1/LON2/DLON/H
  281  268  258  253  241  235  218  207  187  172  151  140  123  115  104  102
   98  100  104  108  114  120  124  127  129  127  121  112  104   98   93   92
   92   94   94   94   97  101  107  110  113  115  120  130  144  159  177  194
  209  222  236  246  262  273  287  296  305  308  310  311  316  319  321  320
  321  318  318  310  306  291  286  276  281                                   
    35.0-180.0 180.0   5.0 450.0                            LAT/LON1/LON2/DLON/H
  270  253  239  227  218  209  201  192  181  168  155  146  134  127  118  116
  114  119  124  130  136  137  139  135  133  128  121  116  111  108  104  102
  100   99   97   98  100  102  107  111  115  118  123  135  150  168  186  204
  216  228  239  250  267  282  298  308  315  317  319  320  326  332  339  341
  348  350  353  348  342  318  304  285  270                                   
    32.5-180.0 180.0   5.0 450.0                            LAT/LON1/LON2/DLON/H
  286  254  233  214  196  189  180  176  166  160  150  146  138  135  127  128
  127  134  141  149  155  154  150  142  136  128  125  122  122  123  121  118
  114  111  107  106  107  108  112  113  117  122  128  140  158  174  192  208
  222  231  241  251  270  287  305  317  326  329  332  337  346  357  368  379
  392  401  408  404  402  377  344  321  286                                   
    30.0-180.0 180.0   5.0 450.0                            LAT/LON1/LON2/DLON/H
  324  270  244  212  192  176  169  160  155  147  144  141  138  136  131  132
  133  141  150  156  163  157  152  140  134  131  133  140  145  148  145  140
  134  126  119  116  115  112  114  113  117  121  129  138  158  177  196  213
  226  236  246  259  277  301  320  336  348  354  361  364  378  392  411  431
  456  472  481  484  478  460  416  389  324                                   
    27.5-180.0 180.0   5.0 450.0                            LAT/LON1/LON2/DLON/H
  392  335  284  245  215  196  178  165  154  147  142  139  137  136  130  131
  131  141  149  155  160  156  149  139  137  139  150  164  174  182  177  174
  160  155  142  134  125  119  115  114  116  118  126  136  154  173  199  216
  234  245  261  275  296  317  338  361  375  390  398  413  431  455  484  514
  541  558  571  567  572  551  515  491  392                                   
    25.0-180.0 180.0   5.0 450.0                            LAT/LON1/LON2/DLON/H
  501  434  372  302  255  231  204  185  168  154  146  142  140  135  132  128
  128  134  140  145  149  144  141  139  145  158  177  193  212  220  221  209
  196  183  165  155  138  127  116  110  111  112  120  131  149  170  200  222
  242  260  278  299  320  346  369  395  417  434  445  460  486  521  560  595
  623  647  661  671  671  661  634  614  501                                   
    22.5-180.0 180.0   5.0 450.0                            LAT/LON1/LON2/DLON/H
  619  562  495  420  347  300  254  234  206  188  171  160  154  146  139  130
  125  125  127  132  135  137  141  147  165  183  203  228  242  258  250  240
  214  203  180  166  146  129  111  107  103  105  111  124  145  170  206  233
  258  282  307  332  354  383  411  442  463  485  494  517  542  583  626  663
  699  720  744  760  775  768  748  726  619                                   
    20.0-180.0 180.0   5.0 450.0                            LAT/LON1/LON2/DLON/H
  725  695  612  529  463  405  335  292  250  228  206  192  185  167  155  140
  133  127  126  130  134  140  151  167  190  215  240  262  281  286  274  259
  232  210  187  171  149  130  109  101   93   94  101  114  143  172  214  244
  275  302  334  363  393  425  453  486  507  530  541  564  588  628  666  708
  735  755  777  803  828  825  818  800  725                                   
    17.5-180.0 180.0   5.0 450.0                            LAT/LON1/LON2/DLON/H
  796  792  729  649  570  501  432  379  326  291  261  252  236  218  197  176
  157  146  141  143  150  158  175  195  221  255  279  302  304  300  281  258
  230  207  184  167  143  122  103   95   86   85   92  108  138  177  226  259
  296  328  362  401  429  464  491  524  546  574  587  611  634  667  701  729
  751  767  783  815  848  852  844  840  796                                   
    15.0-180.0 180.0   5.0 450.0                            LAT/LON1/LON2/DLON/H
  835  842  804  739  665  580  519  451  402  365  326  310  296  276  251  227
  207  194  183  181  185  193  213  237  270  302  321  322  313  294  273  245
  220  198  174  155  133  112   98   87   81   79   90  106  143  184  236  270
  314  349  388  430  464  500  526  558  587  611  631  658  677  709  722  741
  744  751  760  791  830  828  829  836  835                                   
    12.5-180.0 180.0   5.0 450.0                            LAT/LON1/LON2/DLON/H
  827  863  854  797  733  661  589  525  481  441  406  384  356  345  315  299
  275  258  244  239  237  241  259  287  317  345  348  335  308  281  251  226
  204  182  163  144  126  111   99   89   80   80   88  108  143  193  242  280
  327  364  405  447  485  520  546  581  606  640  665  692  709  731  733  738
  729  729  731  755  783  782  791  816  827                                   
    10.0-180.0 180.0   5.0 450.0                            LAT/LON1/LON2/DLON/H
  796  846  850  822  769  705  642  577  548  500  475  446  418  394  363  354
  337  329  321  315  312  307  319  341  365  376  362  330  295  259  232  205
  185  164  147  133  117  108   99   91   86   84   94  114  153  197  247  285
  329  371  412  456  495  526  553  580  615  650  678  703  718  736  731  731
  716  708  703  716  739  727  732  764  796                                   
     7.5-180.0 180.0   5.0 450.0                            LAT/LON1/LON2/DLON/H
  762  809  829  815  777  726  672  624  597  558  534  504  477  446  417  401
  386  383  383  381  380  365  370  374  387  383  357  320  276  243  214  191
