data/unet/pred2200.15i
     1.0            IONOSPHERE MAPS     GNSS                IONEX VERSION / TYPE
pyspatialgeodesy        IME             05-JAN-18 20:20     PGM / RUN BY / DATE 
Map Name                                                    COMMENT             
Predicted global ionosphere maps (GIM).                     DESCRIPTION         
  2015     8     8     0     0     0                        EPOCH OF FIRST MAP  
  2015     8     9     0     0     0                        EPOCH OF LAST MAP   
  7200                                                      INTERVAL            
    13                                                      # OF MAPS IN FILE   
  NONE                                                      MAPPING FUNCTION    
10.0                                                        ELEVATION CUTOFF    
One-way carrier phase leveled to code                       OBSERVABLES USED    
  6371.0                                                    BASE RADIUS         
 2                                                          MAP DIMENSION       
   450.0 450.0   0.0                                        HGT1 / HGT2 / DHGT  
    87.5 -87.5  -2.5                                        LAT1 / LAT2 / DLAT  
  -180.0 180.0   5.0                                        LON1 / LON2 / DLON  
    -1                                                      EXPONENT            
                                                            END OF HEADER       
[from data line 3861]
    10                                                      START OF TEC MAP    
  2015     8     8    18     0     0                        EPOCH OF CURRENT MAP
    87.5-180.0 180.0   5.0 450.0                            LAT/LON1/LON2/DLON/H
  169  137  135  134  135  130  133  130  133  130  133  131  134  131  134  132
  134  132  134  132  134  131  134  130  133  129  132  128  131  126  130  125
  129  125  129  125  128  125  128  125  128  126  129  126  129  126  129  126
  130  127  130  128  131  128  132  129  132  130  133  130  133  130  133  130
  133  131  134  132  135  131  142  154  169                                   
    85.0-180.0 180.0   5.0 450.0                            LAT/LON1/LON2/DLON/H
  132  125  128  132  131  132  130  133  131  134  131  136  133  137  133  137
  134  138  135  138  135  137  134  136  133  134  131  132  129  130  127  128
  125  127  124  125  123  125  122  124  122  124  122  124  123  125  123  126
  124  127  125  129  127  130  128  131  129  132  130  132  130  132  130  132
  130  132  130  132  132  128  135  148  132                                   
    82.5-180.0 180.0   5.0 450.0                            LAT/LON1/LON2/DLON/H
  129  121  130  129  131  129  132  132  134  134  136  136  138  138  139  140
  140  140  141  141  141  140  140  138  137  136  135  134  133  132  130  130
  128  127  126  125  124  123  123  122  122  121  123  122  124  123  125  125
  128  128  130  130  132  132  134  133  134  133  135  133  134  132  133  132
  132  131  132  130  131  122  125  127  129                                   
    80.0-180.0 180.0   5.0 450.0                            LAT/LON1/LON2/DLON/H
  125  123  125  127  128  129  131  132  134  135  137  139  141  141  143  144
  145  144  145  145  144  143  142  141  138  137  135  135  132  132  129  130
  127  127  124  125  122  122  120  120  118  118  118  119  120  121  122  123
  125  126  128  129  130  131  131  132  132  132  132  131  131  131  130  129
  129  128  128  127  127  119  122  123  125                                   
    77.5-180.0 180.0   5.0 450.0                            LAT/LON1/LON2/DLON/H
  120  118  122  123  125  126  129  131  133  134  137  138  140  141  143  145
  145  146  147  147  146  144  145  142  140  138  137  135  134  133  132  130
  129  127  126  123  121  119  118  115  114  112  113  112  114  114  117  118
  120  121  124  124  126  126  128  127  128  126  128  125  127  124  126  123
  124  122  124  121  121  114  113  118  120                                   
    75.0-180.0 180.0   5.0 450.0                            LAT/LON1/LON2/DLON/H
  117  115  119  123  123  126  129  131  132  135  137  139  141  143  145  147
  148  150  150  152  150  151  148  147  143  143  139  139  135  136  133  133
  130  130  126  125  120  119  115  114  110  110  108  109  109  111  112  115
  115  119  118  121  120  122  120  121  119  121  119  120  119  121  120  121
  119  121  119  120  118  113  112  119  117                                   
    72.5-180.0 180.0   5.0 450.0                            LAT/LON1/LON2/DLON/H
  115  113  120  121  124  125  128  129  132  132  136  137  141  141  145  146
  149  150  152  153  153  152  152  149  147  145  143  140  139  136  136  134
  134  131  130  125  123  118  116  111  109  106  106  104  106  105  109  109
  112  112  114  112  114  112  112  110  110  109  110  109  112  111  114  113
  115  115  117  116  117  110  109  116  115                                   
    70.0-180.0 180.0   5.0 450.0                            LAT/LON1/LON2/DLON/H
  115  114  119  123  124  126  128  129  131  132  135  137  139  142  144  147
  148  151  153  155  155  156  155  153  151  148  146  143  141  140  138  137
  135  134  130  128  122  120  114  112  107  106  104  104  104  106  106  108
  108  110  108  109  105  106  101  102   98  100   99  101  102  106  106  110
  109  113  113  116  115  111  109  120  115                                   
    67.5-180.0 180.0   5.0 450.0                            LAT/LON1/LON2/DLON/H
  116  115  123  124  126  127  130  130  133  132  136  136  140  140  145  146
  149  150  154  155  156  156  157  155  152  150  148  146  144  141  142  139
  138  135  134  129  126  120  118  112  111  107  108  105  107  106  108  107
  108  106  105  102   99   95   93   89   89   87   90   91   95   97  101  103
  107  109  112  113  115  110  110  117  116                                   
    65.0-180.0 180.0   5.0 450.0                            LAT/LON1/LON2/DLON/H
  117  119  122  127  129  130  132  132  133  133  135  137  139  141  144  146
  148  150  153  156  157  158  159  157  155  152  151  149  147  145  145  144
  142  140  136  133  128  124  119  117  114  113  111  111  110  111  110  110
  108  107  102  100   93   90   84   81   79   79   80   84   87   92   95  100
  101  107  107  112  112  109  110  122  117                                   
    62.5-180.0 180.0   5.0 450.0                            LAT/LON1/LON2/DLON/H
  118  120  127  129  133  133  135  135  136  134  137  137  141  141  146  147
  150  150  155  156  159  159  161  159  158  155  154  152  151  151  152  150
  149  146  144  139  135  130  128  124  123  121  121  119  118  117  116  114
  112  108  104   97   91   84   80   74   73   72   75   77   82   86   90   95
   98  102  105  109  111  107  111  118  118                                   
    60.0-180.0 180.0   5.0 450.0                            LAT/LON1/LON2/DLON/H
  117  123  126  133  137  137  138  137  137  135  137  138  141  143  146  149
  150  152  154  157  159  161  163  162  162  158  158  155  156  156  158  158
  156  154  150  147  141  139  135  135  132  132  130  130  128  127  124  123
  118  115  107  102   93   86   79   74   72   71   73   76   78   82   85   89
   91   97   98  104  105  104  107  120  117                                   
    57.5-180.0 180.0   5.0 450.0                            LAT/LON1/LON2/DLON/H
  115  121  130  135  140  141  142  141  140  137  139  138  142  144  149  150
  152  151  155  155  159  159  165  164  164  161  161  160  161  164  167  168
  167  165  163  158  154  151  150  148  146  146  144  141  139  136  134  130
  126  119  114  105   97   88   83   76   75   72   75   75   77   78   81   83
   86   90   94   99  102  100  105  112  115                                   
    55.0-180.0 180.0   5.0 450.0                            LAT/LON1/LON2/DLON/H
  114  121  128  138  144  145  146  144  143  139  139  140  143  146  150  152
  152  152  152  154  156  160  164  166  166  163  164  163  167  170  175  177
  176  175  171  168  163  162  160  161  159  160  156  155  149  148  142  139
  133  129  120  113  103   97   90   85   82   80   80   79   78   78   77   79
   79   84   86   93   94   95  101  113  114                                   
    52.5-180.0 180.0   5.0 450.0                            LAT/LON1/LON2/DLON/H
  111  119  131  139  147  150  152  150  149  144  144  141  145  146  151  152
  153  151  152  151  156  157  164  165  168  166  168  169  172  177  183  187
  189  186  185  180  178  177  176  177  173  173  168  165  159  154  150  146
  140  134  127  119  112  104   99   94   92   89   88   83   81   77   76   74
   75   79   82   88   91   90   99  105  111                                   
    50.0-180.0 180.0   5.0 450.0                            LAT/LON1/LON2/DLON/H
  111  119  129  141  150  155  158  156  154  149  148  145  147  148  153  154
  155  152  153  152  155  158  164  166  168  168  169  171  176  182  189  196
  197  196  194  191  189  189  189  190  186  184  178  174  167  164  157  154
  147  142  134  128  120  115  110  107  104  100   97   92   87   82   77   75
   75   79   80   87   88   89   96  107  111                                   
    47.5-180.0 180.0   5.0 450.0                            LAT/LON1/LON2/DLON/H
  112  118  132  142  153  159  165  164  164  158  156  151  152  151  155  154
  155  152  154  152  155  158  164  167  169  170  174  176  182  188  198  202
  206  204  206  203  204  204  205  204  198  195  187  182  174  169  163  159
  152  147  141  135  129  124  121  117  116  111  108  101   94   87   83   79
   80   82   85   89   91   88   97  103  112                                   
    45.0-180.0 180.0   5.0 450.0                            LAT/LON1/LON2/DLON/H
  117  122  131  144  154  163  171  173  174  169  167  161  161  158  160  159
  160  157  159  158  160  162  168  171  174  174  178  181  188  196  204  211
  213  214  215  216  217  219  218  217  211  206  198  192  184  179  171  166
  159  155  148  143  138  134  131  129  127  123  118  111  104   97   93   90
   90   93   94   98   96   94  100  110  117                                   
    42.5-180.0 180.0   5.0 450.0                            LAT/LON1/LON2/DLON/H
  120  122  134  145  157  166  178  183  187  184  183  176  172  167  167  164
  165  162  164  164  167  169  174  177  180  182  187  191  200  207  217  222
  227  227  232  233  238  237  239  233  227  219  210  204  194  188  179  173
  165  160  154  150  145  142  140  138  137  133  129  122  116  108  106  103
  105  105  107  107  105  100  106  112  120                                   
    40.0-180.0 180.0   5.0 450.0                            LAT/LON1/LON2/DLON/H
  126  128  133  146  156  169  181  190  197  198  198  193  188  181  177  173
  173  171  174  175  177  180  183  186  189  191  197  203  212  222  231  240
  243  248  253  258  262  265  261  256  245  236  226  217  207  200  190  183
  174  169  161  157  152  149  147  145  144  141  137  132  127  123  120  120
  119  122  120  119  114  108  111  120  126                                   
    37.5-180.0 180.0   5.0 450.0                            LAT/LON1/LON2/DLON/H
  131  131  139  148  159  170  185  197  209  212  216  212  206  196  189  183
  182  180  183  185  188  191  195  197  200  204  212  221  233  244  255  264
  270  277  285  291  294  294  288  277  264  252  242  232  220  212  201  192
  182  176  169  162  157  153  151  149  148  146  144  141  138  135  135  134
  135  134  134  130  124  115  118  123  131                                   
    35.0-180.0 180.0   5.0 450.0                            LAT/LON1/LON2/DLON/H
  136  137  139  150  160  173  188  201  215  224  231  231  226  215  206  197
  195  193  196  198  202  205  209  211  215  221  230  243  256  270  281  293
  299  307  312  319  320  319  309  297  280  268  256  247  235  225  212  200
  192  183  176  169  162  157  153  150  148  147  146  147  145  147  145  147
  146  147  144  139  129  122  122  131  136                                   
    32.5-180.0 180.0   5.0 450.0                            LAT/LON1/LON2/DLON/H
  141  139  145  154  166  175  192  204  222  232  243  246  243  233  222  213
  209  206  208  211  215  219  223  227  232  240  252  267  284  298  312  321
  330  336  341  342  341  335  324  309  291  278  266  256  245  232  219  206
  195  186  178  168  162  154  152  148  147  147  147  150  152  153  154  153
  154  152  151  144  136  125  128  134  141                                   
    30.0-180.0 180.0   5.0 450.0                            LAT/LON1/LON2/DLON/H
  147  147  148  159  169  178  193  204  222  236  251  257  258  250  240  230
  225  220  223  224  229  232  238  242  248  258  272  291  308  324  336  350
  359  366  370  366  361  349  332  315  299  283  270  261  250  238  223  209
  198  186  178  167  159  151  147  144  142  142  144  150  153  156  155  156
  155  155  152  147  137  129  130  140  147                                   
    27.5-180.0 180.0   5.0 450.0                            LAT/LON1/LON2/DLON/H
  153  150  155  163  175  184  198  209  226  237  255  261  266  261  255  246
  240  235  236  237  241  245  251  256  264  276  293  311  329  344  362  374
  390  397  401  394  382  361  339  319  299  283  270  259  248  233  220  204
  192  181  172  160  152  144  141  137  136  137  139  145  149  152  154  153
  153  151  151  145  139  130  134  144  153                                   
    25.0-180.0 180.0   5.0 450.0                            LAT/LON1/LON2/DLON/H
  157  156  160  173  182  192  203  213  226  236  253  262  272  272  269  262
  257  251  251  250  255  259  265  272  280  294  310  330  348  367  383  402
  418  427  425  414  394  368  340  318  298  281  265  255  241  229  213  200
  186  175  165  153  144  136  133  130  129  129  132  138  142  145  147  145
  146  146  146  143  137  132  136  151  157                                   
    22.5-180.0 180.0   5.0 450.0                            LAT/LON1/LON2/DLON/H
  162  160  167  178  195  203  216  223  234  242  256  264  276  279  281  277
  274  268  265  265  269  274  281  288  298  312  328  346  367  386  406  424
  442  444  437  419  393  365  336  316  293  275  260  248  235  222  207  192
  179  168  156  146  138  132  130  127  123  122  122  127  132  136  138  137
  137  138  139  137  135  130  139  152  162                                   
    20.0-180.0 180.0   5.0 450.0                            LAT/LON1/LON2/DLON/H
  162  165  174  193  206  218  225  232  240  244  256  266  278  284  291  293
  293  289  284  281  284  290  296  307  315  330  342  363  383  406  423  442
  451  451  433  411  378  353  327  310  287  270  254  244  230  219  202  189
  174  162  151  141  134  128  127  122  119  115  113  114  120  122  126  125
  129  129  133  132  132  130  140  157  162                                   
    17.5-180.0 180.0   5.0 450.0                            LAT/LON1/LON2/DLON/H
  162  165  178  195  215  227  239  244  252  255  264  272  286  293  301  305
  307  303  301  298  302  307  315  324  331  344  358  377  402  419  438  446
  451  441  422  395  366  345  325  307  285  268  255  244  230  219  202  188
  172  160  149  139  133  128  126  122  118  111  107  107  109  112  115  117
  118  121  124  125  127  125  137  153  162                                   
    15.0-180.0 180.0   5.0 450.0                            LAT/LON1/LON2/DLON/H
  153  162  174  201  219  236  247  255  261  263  271  278  290  300  311  316
  321  318  315  312  316  320  328  339  346  360  375  398  415  434  440  445
  436  426  399  376  350  334  319  305  285  271  256  247  232  220  203  188
  173  158  148  137  131  125  126  120  118  108  103   98  102  101  105  107
  111  112  116  117  116  118  130  148  153                                   
    12.5-180.0 180.0   5.0 450.0                            LAT/LON1/LON2/DLON/H
  143  150  169  191  216  232  251  261  271  275  282  289  301  312  324  332
  337  335  330  329  331  335  341  349  359  372  390  408  426  436  438  432
  424  405  385  364  348  336  326  312  295  280  265  253  238  225  208  192
  175  160  148  137  131  128  128  125  120  110  101   97   97   97   98  100
  102  103  105  106  108  108  120  135  143                                   
    10.0-180.0 180.0   5.0 450.0                            LAT/LON1/LON2/DLON/H
  130  144  158  186  208  230  247  263  273  281  288  294  303  314  329  339
  347  347  345  341  345  345  353  359  369  386  399  419  427  436  429  423
  409  391  375  359  351  343  337  326  310  294  279  263  248  230  213  192
  177  158  149  138  133  132  132  129  122  109  101   93   95   92   95   95
   96   96   97   96   96   98  107  120  130                                   
     7.5-180.0 180.0   5.0 450.0                            LAT/LON1/LON2/DLON/H
  118  130  149  172  199  217  240  255  274  285  295  302  311  320  334  346
  355  358  357  355  356  359  364  371  383  395  411  422  432  431  429  416
