data/unet/pred0680.15i
     1.0            IONOSPHERE MAPS     GNSS                IONEX VERSION / TYPE
pyspatialgeodesy        IME             05-JAN-18 20:20     PGM / RUN BY / DATE 
Map Name                                                    COMMENT             
Predicted global ionosphere maps (GIM).                     DESCRIPTION         
  2015     3     9     0     0     0                        EPOCH OF FIRST MAP  
  2015     3    10     0     0     0                        EPOCH OF LAST MAP   
  7200                                                      INTERVAL            
    13                                                      # OF MAPS IN FILE   
  NONE                                                      MAPPING FUNCTION    
10.0                                                        ELEVATION CUTOFF    
One-way carrier phase leveled to code                       OBSERVABLES USED    
  6371.0                                                    BASE RADIUS         
 2                                                          MAP DIMENSION       
   450.0 450.0   0.0                                        HGT1 / HGT2 / DHGT  
    87.5 -87.5  -2.5                                        LAT1 / LAT2 / DLAT  
  -180.0 180.0   5.0                                        LON1 / LON2 / DLON  
    -1                                                      EXPONENT            
                                                            END OF HEADER       
[from data line 858]
     3                                                      START OF TEC MAP    
  2015     3     9     4     0     0                        EPOCH OF CURRENT MAP
    87.5-180.0 180.0   5.0 450.0                            LAT/LON1/LON2/DLON/H
  119  140  123  120  121  115  116  113  115  113  114  114  115  116  115  117
  118  120  118  120  120  121  120  119  120  118  119  116  119  116  118  114
  117  115  117  114  118  117  119  118  122  123  124  125  126  128  127  128
  128  129  128  130  128  130  128  130  129  131  129  132  131  133  131  133
  132  134  132  134  132  127  140  122  119                                   
    85.0-180.0 180.0   5.0 450.0                            LAT/LON1/LON2/DLON/H
  152  133  115  120  116  113  110  112  110  114  110  115  114  119  116  121
  120  124  120  125  121  125  119  123  118  122  117  120  117  120  115  119
  116  119  116  119  118  121  119  123  122  126  124  128  126  131  126  132
  129  134  130  136  134  138  136  139  140  142  140  143  142  143  140  141
  139  140  138  138  135  129  136  145  152                                   
    82.5-180.0 180.0   5.0 450.0                            LAT/LON1/LON2/DLON/H
  138  119  111  116  108  110  104  110  106  111  107  114  111  117  113  120
  116  122  116  122  115  119  112  114  108  110  104  107  102  106  101  105
  102  106  105  108  109  113  114  117  120  123  125  129  129  133  133  138
  139  143  144  148  148  152  151  155  153  155  152  154  151  152  148  148
  144  143  140  140  136  129  133  137  138                                   
    80.0-180.0 180.0   5.0 450.0                            LAT/LON1/LON2/DLON/H
  145  127  121  119  114  111  110  111  111  113  113  117  118  120  120  123
  122  123  120  120  117  115  111  109  104  102   98   97   95   95   94   97
   98  102  103  108  111  115  117  122  124  126  127  131  132  136  139  145
  150  152  159  161  168  167  173  172  178  175  179  177  181  178  179  175
  175  170  168  163  157  144  144  144  145                                   
    77.5-180.0 180.0   5.0 450.0                            LAT/LON1/LON2/DLON/H
  159  138  132  127  119  111  109  107  107  107  110  111  114  115  117  118
  118  117  116  114  111  107  104   99   94   89   85   83   81   82   82   85
   87   92   96  102  106  112  116  120  122  124  125  128  130  134  140  146
  153  159  167  173  179  184  190  194  199  200  203  204  205  206  206  205
  202  200  195  187  179  169  164  157  159                                   
    75.0-180.0 180.0   5.0 450.0                            LAT/LON1/LON2/DLON/H
  165  153  143  133  122  111  107  104  103  102  104  104  106  105  106  106
  106  104  104  103  101   97   94   89   84   79   75   71   70   69   70   74
   75   82   86   94   99  106  109  114  114  118  118  121  122  129  136  145
  155  163  176  183  196  200  213  215  226  225  232  228  231  227  228  225
  225  221  219  213  203  188  185  174  165                                   
    72.5-180.0 180.0   5.0 450.0                            LAT/LON1/LON2/DLON/H
  184  170  160  149  132  118  110  106  102  101  100   99   98   96   95   94
   93   92   93   92   91   90   89   84   81   76   73   69   66   65   66   68
   71   78   83   89   94  100  104  107  107  109  109  111  113  121  131  141
  154  166  181  193  207  218  229  237  245  249  252  250  250  246  244  241
  239  237  235  229  223  215  205  194  184                                   
    70.0-180.0 180.0   5.0 450.0                            LAT/LON1/LON2/DLON/H
  194  187  177  161  144  126  117  108  104   98   98   93   91   85   83   79
   78   78   79   81   85   85   88   85   85   80   77   72   70   66   66   67
   68   74   78   84   88   93   95   99   99  101  101  103  105  113  123  138
  153  170  188  202  220  230  245  251  262  264  268  264  262  256  253  248
  247  244  244  241  236  227  222  210  194                                   
    67.5-180.0 180.0   5.0 450.0                            LAT/LON1/LON2/DLON/H
  212  202  193  179  155  137  124  115  108  104  100   95   88   80   74   68
   64   64   67   74   80   85   89   90   90   86   83   79   75   73   69   69
   69   73   75   79   81   85   86   89   88   89   89   89   94  101  117  131
  152  170  194  209  230  242  255  261  271  272  275  270  266  257  252  246
  243  241  244  241  240  235  232  226  212                                   
    65.0-180.0 180.0   5.0 450.0                            LAT/LON1/LON2/DLON/H
  219  213  204  187  166  145  132  119  114  106  103   94   86   76   66   58
   53   56   59   70   79   86   94   95   97   93   91   85   82   77   74   70
   68   68   66   70   69   75   73   77   75   77   76   80   84   95  110  127
  149  171  195  214  239  251  264  269  278  279  279  273  267  256  249  241
  239  237  240  239  238  235  240  234  219                                   
    62.5-180.0 180.0   5.0 450.0                            LAT/LON1/LON2/DLON/H
  228  220  213  198  171  152  137  127  118  114  107  100   89   78   66   56
   51   54   58   72   81   90   95   98   98   96   93   89   84   81   76   73
   68   66   64   63   62   64   64   65   66   66   69   71   79   89  107  125
  148  170  198  220  244  258  269  276  284  284  283  275  269  256  247  238
  234  231  232  229  228  232  238  241  228                                   
    60.0-180.0 180.0   5.0 450.0                            LAT/LON1/LON2/DLON/H
  229  225  218  200  178  157  141  128  122  115  110  101   92   79   69   60
   56   60   62   76   83   90   96   96   98   95   93   88   86   81   77   70
   66   61   58   55   54   54   53   55   56   58   62   66   75   88  106  127
  150  174  202  225  251  265  277  284  292  290  290  282  278  263  255  244
  240  234  232  229  225  227  239  240  229                                   
    57.5-180.0 180.0   5.0 450.0                            LAT/LON1/LON2/DLON/H
  240  232  229  212  184  165  146  134  124  119  112  105   95   86   78   71
   68   70   73   81   83   88   89   90   89   87   85   83   81   79   76   73
   67   61   58   53   53   52   53   53   57   58   65   70   80   93  112  132
  157  178  209  233  258  273  286  296  303  304  303  300  295  284  274  265
  257  248  242  233  230  232  241  247  240                                   
    55.0-180.0 180.0   5.0 450.0                            LAT/LON1/LON2/DLON/H
  250  242  240  221  197  175  154  138  128  118  112  103   96   88   84   80
   80   82   82   85   85   86   86   83   81   80   77   77   77   77   77   72
   70   61   61   54   57   54   57   55   60   60   70   73   86   99  120  140
  164  187  217  241  267  282  297  307  319  321  326  323  323  315  308  297
  288  277  267  254  248  245  254  253  250                                   
    52.5-180.0 180.0   5.0 450.0                            LAT/LON1/LON2/DLON/H
  275  257  258  242  214  194  170  152  134  124  113  105   98   93   90   90
   91   92   89   89   85   84   81   78   76   73   73   73   75   78   79   78
   74   70   69   67   68   67   68   68   71   72   79   84   98  112  133  151
  173  194  224  249  273  290  308  321  336  343  350  352  353  351  344  335
  324  312  298  283  274  271  267  270  275                                   
    50.0-180.0 180.0   5.0 450.0                            LAT/LON1/LON2/DLON/H
  299  279  275  259  240  218  194  171  150  132  119  107   99   94   94   96
   98   98   95   91   86   83   80   77   77   74   75   75   79   81   85   83
   84   77   80   76   82   78   82   77   81   78   88   90  110  123  147  163
  185  205  234  257  279  298  316  331  348  360  370  376  379  379  372  366
  354  344  328  315  304  295  289  285  299                                   
    47.5-180.0 180.0   5.0 450.0                            LAT/LON1/LON2/DLON/H
  325  302  297  286  263  246  219  199  171  150  128  116  104  101   99  102
  102  103   98   92   88   86   87   88   91   90   90   88   89   92   94   95
   94   93   93   94   96   98   98   95   94   92   99  103  124  142  164  179
  201  220  247  267  288  308  325  342  360  373  384  391  395  396  392  387
  377  367  352  343  334  326  308  307  325                                   
    45.0-180.0 180.0   5.0 450.0                            LAT/LON1/LON2/DLON/H
  343  321  310  300  286  272  246  223  196  169  144  125  113  105  104  105
  106  104  100   94   93   94   99  102  109  106  107  102  103  101  103  102
  104  101  105  104  110  109  111  104  104   98  106  111  136  155  178  196
  219  237  259  279  298  318  332  349  366  381  389  396  397  400  394  393
  382  379  362  363  350  346  327  322  343                                   
    42.5-180.0 180.0   5.0 450.0                            LAT/LON1/LON2/DLON/H
  354  332  324  318  303  295  269  247  217  190  161  140  124  118  111  112
  109  108  103  100  101  108  115  125  130  131  126  122  117  114  112  112
  110  111  111  116  119  122  120  115  111  107  113  124  150  171  198  217
  242  257  277  294  313  328  340  356  373  386  394  397  398  398  394  391
  381  376  364  368  364  361  336  337  354                                   
    40.0-180.0 180.0   5.0 450.0                            LAT/LON1/LON2/DLON/H
  360  335  322  319  311  306  284  264  234  207  179  155  140  129  124  120
  120  115  114  114  119  127  137  146  153  149  145  135  130  123  121  119
  119  117  120  121  127  126  126  118  116  110  116  132  158  184  212  232
  259  274  293  307  325  338  351  365  382  397  404  408  405  404  398  397
  390  387  380  385  380  377  351  343  360                                   
    37.5-180.0 180.0   5.0 450.0                            LAT/LON1/LON2/DLON/H
  362  337  322  321  311  307  286  269  239  216  191  172  154  146  137  135
  130  129  128  132  137  148  155  164  166  165  157  150  139  134  129  128
  124  125  124  127  128  131  128  125  120  117  125  140  172  195  227  249
  275  287  306  319  335  347  361  374  393  408  419  426  427  426  421  423
  417  419  409  412  406  400  361  352  362                                   
    35.0-180.0 180.0   5.0 450.0                            LAT/LON1/LON2/DLON/H
  367  335  312  303  298  294  274  260  237  218  199  182  170  159  153  147
  147  144  147  150  160  164  171  172  172  167  163  155  150  143  141  137
  134  131  131  131  132  131  130  124  122  118  128  145  175  202  233  254
  279  293  312  325  341  351  362  377  390  415  432  455  464  473  471  477
  478  479  470  468  458  441  394  375  367                                   
    32.5-180.0 180.0   5.0 450.0                            LAT/LON1/LON2/DLON/H
  391  349  311  297  283  280  261  251  230  217  199  189  178  172  164  161
  159  163  165  172  176  178  177  175  170  169  165  166  162  162  158  154
  147  143  136  134  133  132  130  127  125  125  135  152  181  208  235  255
  277  290  308  324  344  354  373  385  409  430  461  491  521  545  554  563
  562  566  553  546  531  507  450  424  391                                   
    30.0-180.0 180.0   5.0 450.0                            LAT/LON1/LON2/DLON/H
  439  393  337  297  284  274  257  243  227  214  200  191  185  178  172  167
  169  170  179  183  188  183  181  172  171  172  176  181  186  186  186  176
  167  158  149  140  136  132  128  123  122  123  134  154  181  206  230  249
  269  286  305  326  347  368  385  409  434  465  499  555  594  637  658  679
  682  689  677  668  645  605  558  515  439                                   
    27.5-180.0 180.0   5.0 450.0                            LAT/LON1/LON2/DLON/H
  527  465  399  346  305  285  260  248  228  218  200  195  186  185  177  174
  173  179  186  191  192  184  177  171  173  182  195  210  219  225  219  212
  199  185  170  155  142  135  128  122  119  121  133  155  181  205  230  245
  266  283  311  331  364  387  422  452  488  522  572  637  700  746  787  813
  831  835  825  806  780  736  683  623  527                                   
    25.0-180.0 180.0   5.0 450.0                            LAT/LON1/LON2/DLON/H
  637  566  489  424  380  341  295  266  249  232  215  204  196  190  183  174
  174  176  186  188  189  181  177  177  190  208  231  250  266  264  261  247
  230  208  190  169  146  134  122  113  109  115  127  153  182  208  231  256
  275  299  324  349  383  420  456  497  536  581  637  716  782  834  879  907
  935  943  948  935  920  877  834  757  637                                   
    22.5-180.0 180.0   5.0 450.0                            LAT/LON1/LON2/DLON/H
  751  700  614  544  483  432  372  332  288  266  243  230  215  207  193  184
  180  179  186  187  188  182  185  196  218  251  278  309  314  317  301  281
  254  228  204  177  150  132  116  107  104  109  120  149  178  206  240  265
  293  320  350  389  428  476  525  567  613  668  719  785  849  895  940  967
  994 1005 1014 1009 1005  988  931  862  751                                   
    20.0-180.0 180.0   5.0 450.0                            LAT/LON1/LON2/DLON/H
  848  817  744  672  609  542  474  420  366  330  294  272  253  235  220  203
  194  184  185  186  189  191  207  231  269  310  344  366  371  355  329  298
  261  227  203  172  144  121  103   97   98  104  117  148  177  211  245  272
  304  334  373  416  460  516  560  611  658  712  765  827  880  924  952  982
  999 1017 1029 1031 1036 1029  985  954  848                                   
    17.5-180.0 180.0   5.0 450.0                            LAT/LON1/LON2/DLON/H
  913  908  845  793  732  664  588  529  464  413  360  329  300  285  257  240
  222  208  201  197  204  214  239  279  324  377  401  418  406  383  339  301
  256  223  192  165  138  113   97   89   91   91  106  139  176  214  258  293
  333  370  410  460  507  560  604  656  697  752  800  852  882  912  933  957
  971  994 1010 1020 1030 1036 1004  980  913                                   
    15.0-180.0 180.0   5.0 450.0                            LAT/LON1/LON2/DLON/H
  937  943  911  867  818  750  687  626  562  502  444  399  368  336  311  287
  263  243  231  225  231  251  288  343  392  436  451  448  423  381  330  285
  241  208  185  154  132  104   92   82   86   93  109  140  178  219  263  304
  349  392  439  491  541  594  635  677  717  763  791  830  858  885  898  920
  932  953  974  990 1005 1014  989  986  937                                   
    12.5-180.0 180.0   5.0 450.0                            LAT/LON1/LON2/DLON/H
  928  950  945  918  880  823  768  714  649  586  523  480  441  416  377  349
  317  298  276  270  274  302  339  395  438  475  473  454  408  356  302  257
  220  197  172  151  129  103   94   82   84   87  105  135  179  225  273  317
  369  415  462  518  570  617  653  690  720  745  762  792  814  836  851  869
  888  909  931  945  963  973  947  959  928                                   
    10.0-180.0 180.0   5.0 450.0                            LAT/LON1/LON2/DLON/H
  900  929  932  919  892  844  805  763  712  648  589  546  513  483  451  418
  382  352  332  327  332  357  394  448  485  497  477  438  378  318  264  228
  206  186  168  144  128  104   96   87   89   95  112  141  183  229  275  325
  375  425  473  530  580  619  654  686  711  727  740  765  785  801  817  834
  857  873  899  905  926  928  906  928  900                                   
     7.5-180.0 180.0   5.0 450.0                            LAT/LON1/LON2/DLON/H
  864  900  917  908  894  855  826  788  739  677  626  589  564  545  518  491
  451  422  390  385  385  407  438  478  494  490  455  400  330  275  234  209
