data/unet/pred3240.15i
     1.0            IONOSPHERE MAPS     GNSS                IONEX VERSION / TYPE
pyspatialgeodesy        IME             05-JAN-18 20:20     PGM / RUN BY / DATE 
Map Name                                                    COMMENT             
Predicted global ionosphere maps (GIM).                     DESCRIPTION         
  2015    11    20     0     0     0                        EPOCH OF FIRST MAP  
  2015    11    21     0     0     0                        EPOCH OF LAST MAP   
  7200                                                      INTERVAL            
    13                                                      # OF MAPS IN FILE   
  NONE                                                      MAPPING FUNCTION    
10.0                                                        ELEVATION CUTOFF    
One-way carrier phase leveled to code                       OBSERVABLES USED    
  6371.0                                                    BASE RADIUS         
 2                                                          MAP DIMENSION       
   450.0 450.0   0.0                                        HGT1 / HGT2 / DHGT  
    87.5 -87.5  -2.5                                        LAT1 / LAT2 / DLAT  
  -180.0 180.0   5.0                                        LON1 / LON2 / DLON  
    -1                                                      EXPONENT            
                                                            END OF HEADER       
[from data line 4290]
    11                                                      START OF TEC MAP    
  2015    11    20    20     0     0                        EPOCH OF CURRENT MAP
    87.5-180.0 180.0   5.0 450.0                            LAT/LON1/LON2/DLON/H
  117   86   65   71   72   72   73   73   74   75   76   77   78   79   79   80
   81   81   81   82   82   82   82   82   81   81   81   81   79   79   78   78
   77   77   75   75   74   74   72   72   71   72   70   71   70   70   69   70
   69   70   69   70   69   70   69   70   68   69   68   69   67   68   66   67
   66   67   66   67   68   69   64  106  117                                   
    85.0-180.0 180.0   5.0 450.0                            LAT/LON1/LON2/DLON/H
   63   56   57   61   66   64   68   68   72   71   75   76   79   79   82   82
   84   83   85   84   86   84   85   83   84   82   82   81   81   79   79   77
   77   75   75   73   73   71   71   69   69   67   68   66   67   65   66   65
   66   65   66   65   66   65   65   64   64   63   63   62   62   60   60   60
   59   58   59   58   61   58   56   76   63                                   
    82.5-180.0 180.0   5.0 450.0                            LAT/LON1/LON2/DLON/H
   53   51   52   54   56   57   60   63   67   69   73   75   80   80   85   84
   87   86   88   86   88   85   85   83   83   81   81   80   79   79   77   78
   76   77   74   75   72   73   70   70   67   66   64   64   62   61   61   60
   60   58   59   58   59   57   58   57   57   56   56   55   54   53   53   52
   51   50   50   48   48   45   47   52   53                                   
    80.0-180.0 180.0   5.0 450.0                            LAT/LON1/LON2/DLON/H
   53   44   44   45   48   48   55   57   64   66   74   75   82   82   88   87
   90   88   90   87   87   83   83   79   78   74   75   72   73   71   73   70
   72   70   72   70   71   68   69   65   65   61   61   57   58   55   56   53
   56   53   56   53   56   53   55   53   54   52   53   51   50   48   48   45
   44   43   42   39   40   37   37   40   53                                   
    77.5-180.0 180.0   5.0 450.0                            LAT/LON1/LON2/DLON/H
   50   45   40   43   45   49   54   60   66   72   78   84   90   93   97   98
  100   97   97   93   91   86   84   78   76   72   71   68   68   67   68   68
   69   70   70   71   70   71   69   68   65   64   60   59   56   55   54   55
   54   55   55   56   56   58   57   58   56   56   55   54   52   51   49   47
   45   43   42   40   39   37   36   33   50                                   
    75.0-180.0 180.0   5.0 450.0                            LAT/LON1/LON2/DLON/H
   50   46   46   51   53   59   64   71   77   84   91   97  103  107  111  113
  112  111  108  103   97   93   87   82   76   72   67   65   63   63   64   65
   66   68   69   71   70   72   70   69   66   65   61   60   56   57   55   56
   56   57   58   59   61   61   62   61   61   60   60   58   56   55   53   51
   48   48   45   43   43   40   40   39   50                                   
    72.5-180.0 180.0   5.0 450.0                            LAT/LON1/LON2/DLON/H
   54   55   53   58   62   66   74   78   88   94  104  109  118  122  128  127
  128  124  121  114  109  100   95   85   79   70   66   60   59   56   58   58
   61   63   65   67   68   69   68   67   63   62   58   56   53   54   52   54
   54   57   58   61   61   63   63   63   61   61   59   58   55   54   52   50
   48   47   46   44   44   44   45   42   54                                   
    70.0-180.0 180.0   5.0 450.0                            LAT/LON1/LON2/DLON/H
   60   62   67   71   76   79   88   92  101  107  117  123  131  135  139  138
  138  133  130  123  118  109  102   90   82   72   66   60   56   54   54   55
   57   58   60   63   64   64   63   62   59   57   54   52   49   50   50   52
   54   57   59   60   63   62   62   60   60   58   57   54   53   51   50   48
   47   47   46   45   47   46   50   51   60                                   
    67.5-180.0 180.0   5.0 450.0                            LAT/LON1/LON2/DLON/H
   64   71   73   81   87   90   98  102  112  117  128  134  142  146  150  149
  147  144  139  135  128  121  110   99   88   77   69   61   56   52   51   50
   51   51   53   54   55   55   54   53   50   48   46   44   42   43   44   47
   49   52   54   56   56   56   55   54   51   50   47   46   44   43   42   41
   40   40   40   40   44   45   52   53   64                                   
    65.0-180.0 180.0   5.0 450.0                            LAT/LON1/LON2/DLON/H
   65   74   83   90   99  101  111  114  124  130  140  146  153  156  159  157
  156  151  150  145  142  133  124  109   99   85   75   67   59   55   50   48
   45   44   44   44   45   44   44   43   41   39   37   37   36   38   39   43
   45   47   49   49   49   48   47   44   43   40   40   37   37   35   36   35
   35   35   36   36   40   42   53   61   65                                   
    62.5-180.0 180.0   5.0 450.0                            LAT/LON1/LON2/DLON/H
   67   76   85   97  106  110  119  123  134  140  150  156  162  164  167  165
  163  161  158  159  153  149  137  124  110   96   85   73   66   58   53   47
   43   38   37   34   35   33   33   31   31   29   29   28   29   30   32   35
   36   38   38   39   38   36   35   33   31   30   29   27   26   26   26   26
   26   26   28   28   33   37   49   58   67                                   
    60.0-180.0 180.0   5.0 450.0                            LAT/LON1/LON2/DLON/H
   70   82   94  106  116  123  133  140  150  157  165  171  175  176  176  174
  174  172  172  172  171  165  155  139  125  109   96   84   74   66   58   52
   45   38   33   29   29   26   27   25   25   24   23   25   25   28   29   32
   31   32   31   31   29   28   27   26   26   25   26   24   25   24   26   24
   26   25   27   26   32   34   48   58   70                                   
    57.5-180.0 180.0   5.0 450.0                            LAT/LON1/LON2/DLON/H
   77   87   96  112  124  132  144  152  164  171  181  185  187  185  186  183
  185  184  186  186  184  178  168  153  136  120  106   94   84   75   69   59
   52   40   36   28   28   24   25   23   25   24   24   24   26   27   28   28
   27   27   25   24   23   22   23   23   24   24   25   24   24   24   25   25
   26   25   27   26   30   33   46   54   77                                   
    55.0-180.0 180.0   5.0 450.0                            LAT/LON1/LON2/DLON/H
   84   95  110  124  136  147  160  171  183  193  199  201  200  198  197  196
  198  199  201  201  198  192  181  167  151  133  120  108   98   89   82   72
   62   51   43   34   33   28   30   29   30   30   30   31   32   34   33   32
   29   28   26   24   23   24   25   28   30   31   32   31   31   31   33   33
   35   33   35   33   37   38   51   59   84                                   
    52.5-180.0 180.0   5.0 450.0                            LAT/LON1/LON2/DLON/H
   96  105  117  136  150  162  175  188  202  213  218  216  214  210  209  208
  211  212  214  212  209  201  191  177  162  146  132  121  112  103   95   83
   75   60   54   43   42   37   39   38   40   40   41   41   42   42   41   39
   36   34   31   30   30   31   34   38   41   42   42   41   40   39   41   41
   43   42   45   43   46   48   59   65   96                                   
    50.0-180.0 180.0   5.0 450.0                            LAT/LON1/LON2/DLON/H
  107  119  137  152  168  181  196  210  225  233  237  234  229  224  222  223
  226  226  226  223  217  209  199  187  175  160  148  136  127  116  107   97
   85   73   63   54   52   48   50   50   52   52   53   54   55   54   52   50
   47   46   44   43   44   47   50   54   56   57   56   55   53   52   53   52
   55   54   57   55   60   61   73   81  107                                   
    47.5-180.0 180.0   5.0 450.0                            LAT/LON1/LON2/DLON/H
  124  136  151  168  184  197  215  230  245  253  256  251  247  238  238  237
  240  239  236  232  223  216  206  198  187  176  163  150  137  124  114  100
   91   76   71   61   62   59   62   61   63   63   65   65   66   65   63   61
   60   59   58   59   61   64   67   70   72   71   69   65   63   60   60   60
   63   63   67   66   72   75   87   96  124                                   
    45.0-180.0 180.0   5.0 450.0                            LAT/LON1/LON2/DLON/H
  134  152  171  187  202  218  234  249  262  269  270  266  261  253  253  253
  255  252  248  241  231  222  216  209  203  192  180  161  145  128  116  102
   91   78   71   66   69   68   71   71   72   71   73   74   75   74   73   73
   72   73   74   76   79   81   84   85   86   84   80   76   72   69   68   68
   70   71   74   76   83   89  104  118  134                                   
    42.5-180.0 180.0   5.0 450.0                            LAT/LON1/LON2/DLON/H
  147  167  181  202  215  231  246  263  273  282  281  279  273  269  268  269
  269  267  259  252  240  234  226  224  217  207  190  169  145  124  110   93
   85   71   70   67   74   75   79   78   78   76   78   78   80   79   79   79
   81   83   86   87   91   91   94   92   92   88   84   78   74   71   70   68
   71   71   76   78   88   97  112  130  147                                   
    40.0-180.0 180.0   5.0 450.0                            LAT/LON1/LON2/DLON/H
  153  177  193  211  225  243  256  271  279  288  287  287  283  280  281  282
  283  279  272  264  254  247  243  239  235  220  202  173  145  120  105   88
   79   69   71   72   82   84   89   86   84   80   81   81   83   82   83   83
   86   89   93   95   97   97   99   96   96   91   87   82   78   74   73   71
   71   71   74   77   90  101  121  142  153                                   
    37.5-180.0 180.0   5.0 450.0                            LAT/LON1/LON2/DLON/H
  159  183  195  217  230  248  261  276  283  293  291  294  291  293  294  298
  298  296  287  281  269  264  259  256  246  230  205  174  141  115  100   84
   78   72   77   84   94   98  101   97   92   87   86   85   85   84   85   86
   88   90   94   94   97   95   97   94   94   89   85   80   76   72   70   67
   68   64   68   72   86  100  121  144  159                                   
    35.0-180.0 180.0   5.0 450.0                            LAT/LON1/LON2/DLON/H
  163  188  202  218  233  250  264  276  286  293  295  297  298  301  304  310
  313  311  304  298  289  283  277  269  258  237  212  180  150  126  113  103
   99   96  103  111  122  122  122  113  106   97   95   92   91   89   90   90
   91   90   92   91   93   92   94   93   92   89   85   83   80   76   74   71
   69   65   67   72   86  103  126  147  163                                   
    32.5-180.0 180.0   5.0 450.0                            LAT/LON1/LON2/DLON/H
  171  190  198  218  232  251  265  278  286  294  298  303  305  312  316  325
  328  329  322  319  309  302  290  279  263  242  216  189  166  149  142  133
  131  129  137  145  151  151  144  132  122  112  106  101   98   95   93   91
   89   87   84   83   84   86   88   88   89   87   85   84   82   80   77   73
   71   65   67   71   85  103  127  147  171                                   
    30.0-180.0 180.0   5.0 450.0                            LAT/LON1/LON2/DLON/H
  181  195  206  221  239  255  269  279  287  294  300  304  310  316  324  333
  337  338  335  333  325  315  299  284  268  249  230  211  201  193  193  186
  184  182  188  191  193  183  172  154  141  130  125  119  115  110  107  103
   97   90   83   80   80   87   92   95   96   95   93   93   90   88   85   82
   79   76   77   81   95  114  142  157  181                                   
    27.5-180.0 180.0   5.0 450.0                            LAT/LON1/LON2/DLON/H
  198  206  216  234  249  264  276  284  290  294  300  306  314  323  330  339
  344  346  344  345  336  323  304  288  273  262  252  247  249  254  261  258
  258  250  248  243  234  218  197  175  159  148  140  135  128  125  119  115
  105   97   83   80   77   86   93  101  102  102  100  100   98   96   93   88
   87   83   88   92  107  128  153  171  198                                   
    25.0-180.0 180.0   5.0 450.0                            LAT/LON1/LON2/DLON/H
  221  226  241  255  270  282  291  294  301  302  308  312  322  330  337  343
  347  349  349  348  340  326  308  294  287  287  291  300  316  331  345  348
  342  328  310  293  271  249  222  196  178  168  159  152  144  138  132  126
  116  104   91   87   87   95  103  111  113  112  109  107  105  103  100   97
   96   97  103  113  127  151  181  200  221                                   
    22.5-180.0 180.0   5.0 450.0                            LAT/LON1/LON2/DLON/H
  246  250  263  281  293  306  309  312  316  318  323  324  332  336  343  344
  349  349  350  349  342  330  316  311  315  328  344  364  388  408  431  432
  416  390  360  329  296  265  235  206  189  178  173  165  157  150  142  136
  126  114  102   97   99  108  117  125  124  122  114  111  105  102  100   97
  101  103  114  124  144  172  201  230  246                                   
    20.0-180.0 180.0   5.0 450.0                            LAT/LON1/LON2/DLON/H
  273  275  294  310  324  335  338  340  341  343  345  346  349  350  353  352
  353  351  349  347  342  335  330  337  355  382  403  432  459  489  506  495
  461  421  383  343  304  268  235  208  191  183  178  171  164  159  152  147
  138  129  120  118  119  128  135  141  137  134  122  119  109  106  101  102
  104  112  125  144  164  194  224  251  273                                   
    17.5-180.0 180.0   5.0 450.0                            LAT/LON1/LON2/DLON/H
  291  300  320  339  354  368  373  375  374  376  376  376  375  372  372  366
  366  358  356  350  349  347  356  374  403  436  464  494  524  545  547  521
  475  425  376  332  290  255  229  207  198  190  188  179  176  167  165  159
  154  147  138  136  138  144  151  153  149  142  131  123  114  107  101   98
  102  109  129  151  176  207  234  270  291                                   
    15.0-180.0 180.0   5.0 450.0                            LAT/LON1/LON2/DLON/H
  306  317  346  367  386  403  407  414  412  420  415  417  410  407  402  397
  389  378  370  362  361  367  385  419  456  496  525  551  567  568  554  514
  461  401  348  297  261  234  215  207  203  201  198  190  185  179  176  172
  168  163  156  154  157  163  167  167  158  149  132  126  112  109   98  100
   98  112  131  158  183  213  246  276  306                                   
    12.5-180.0 180.0   5.0 450.0                            LAT/LON1/LON2/DLON/H
  309  332  362  388  411  432  441  449  460  465  463  458  452  448  440  433
  422  405  393  382  384  393  425  466  508  548  571  582  580  565  533  486
  425  364  309  269  242  224  216  215  220  219  216  205  201  193  191  187
  185  181  177  174  174  178  180  177  167  151  136  125  116  108   99   95
   95  106  128  154  181  217  248  290  309                                   
    10.0-180.0 180.0   5.0 450.0                            LAT/LON1/LON2/DLON/H
  319  341  377  403  433  455  465  478  492  505  500  503  495  493  481  472
  457  441  424  412  414  433  469  514  556  588  600  593  573  537  493  443
  388  325  280  250  234  226  225  234  238  240  233  223  219  209  205  199
  199  195  194  191  191  194  194  191  176  158  136  124  112  107   97   94
   92  105  126  154  180  217  255  291  319                                   
     7.5-180.0 180.0   5.0 450.0                            LAT/LON1/LON2/DLON/H
  318  349  387  414  446  474  485  499  515  532  533  538  530  528  516  507
  493  479  463  452  456  476  516  561  593  608  606  585  547  502  459  415
