data/unet/pred2870.15i
     1.0            IONOSPHERE MAPS     GNSS                IONEX VERSION / TYPE
pyspatialgeodesy        IME             05-JAN-18 20:20     PGM / RUN BY / DATE 
Map Name                                                    COMMENT             
Predicted global ionosphere maps (GIM).                     DESCRIPTION         
  2015    10    14     0     0     0                        EPOCH OF FIRST MAP  
  2015    10    15     0     0     0                        EPOCH OF LAST MAP   
  7200                                                      INTERVAL            
    13                                                      # OF MAPS IN FILE   
  NONE                                                      MAPPING FUNCTION    
10.0                                                        ELEVATION CUTOFF    
One-way carrier phase leveled to code                       OBSERVABLES USED    
  6371.0                                                    BASE RADIUS         
 2                                                          MAP DIMENSION       
   450.0 450.0   0.0                                        HGT1 / HGT2 / DHGT  
    87.5 -87.5  -2.5                                        LAT1 / LAT2 / DLAT  
  -180.0 180.0   5.0                                        LON1 / LON2 / DLON  
    -1                                                      EXPONENT            
                                                            END OF HEADER       
[from data line 4290]
    11                                                      START OF TEC MAP    
  2015    10    14    20     0     0                        EPOCH OF CURRENT MAP
    87.5-180.0 180.0   5.0 450.0                            LAT/LON1/LON2/DLON/H
  122   95   75   79   78   79   80   82   81   84   84   86   85   88   87   89
   87   89   87   89   86   88   85   85   82   82   80   80   77   77   75   75
   72   72   70   69   67   67   66   65   64   64   64   64   63   64   64   65
   64   65   65   66   66   67   67   68   67   69   68   69   69   70   70   71
   70   72   71   72   75   76   73  113  122                                   
    85.0-180.0 180.0   5.0 450.0                            LAT/LON1/LON2/DLON/H
   67   70   67   73   72   74   74   76   78   80   82   85   85   87   87   89
   88   89   88   89   87   87   85   84   81   79   77   75   73   71   69   67
   65   62   62   59   59   56   57   54   55   53   55   54   55   55   56   56
   57   57   59   59   59   60   61   61   61   62   62   63   62   63   62   63
   62   64   63   64   66   65   65   82   67                                   
    82.5-180.0 180.0   5.0 450.0                            LAT/LON1/LON2/DLON/H
   65   67   66   69   69   71   72   76   78   83   85   90   90   95   94   99
   96  101   97  101   96   98   92   94   87   88   82   81   75   74   69   68
   62   62   57   57   53   54   50   50   48   49   48   49   49   50   50   51
   52   53   53   55   55   56   56   58   57   59   58   59   58   60   58   60
   58   60   58   60   59   58   56   62   65                                   
    80.0-180.0 180.0   5.0 450.0                            LAT/LON1/LON2/DLON/H
   66   61   62   61   65   65   70   73   79   82   89   92   98  100  105  106
  109  109  110  108  107  104  101   97   94   90   86   82   77   74   69   65
   61   57   54   52   49   48   46   45   44   44   44   44   46   46   48   49
   51   51   53   52   55   54   56   55   57   56   58   56   58   56   58   56
   57   56   56   53   54   51   49   54   66                                   
    77.5-180.0 180.0   5.0 450.0                            LAT/LON1/LON2/DLON/H
   58   55   53   54   56   57   63   66   74   78   87   92   99  102  107  109
  111  111  112  110  107  104  100   95   90   85   81   76   71   66   62   58
   54   51   49   47   44   43   41   40   40   39   40   40   42   43   46   46
   48   48   50   49   51   50   52   51   52   51   52   51   52   51   52   50
   50   50   49   49   47   44   42   43   58                                   
    75.0-180.0 180.0   5.0 450.0                            LAT/LON1/LON2/DLON/H
   57   49   50   50   53   55   62   66   74   82   92   97  105  110  116  118
  120  119  119  115  111  105  100   92   87   81   76   71   67   63   59   56
   52   50   47   46   43   42   40   39   38   39   40   41   42   44   46   47
   49   49   51   49   51   50   51   50   51   50   51   49   50   49   50   48
   49   48   49   46   47   42   45   47   57                                   
    72.5-180.0 180.0   5.0 450.0                            LAT/LON1/LON2/DLON/H
   59   54   51   52   53   55   60   65   75   83   95  101  111  117  123  125
  125  124  120  115  108  101   94   87   80   74   69   64   60   57   54   52
   49   48   45   45   42   42   39   39   37   39   38   40   41   44   46   46
   48   48   48   47   47   47   46   46   45   45   45   45   44   45   44   44
   43   44   44   44   43   40   42   44   59                                   
    70.0-180.0 180.0   5.0 450.0                            LAT/LON1/LON2/DLON/H
   64   53   54   53   55   57   63   67   78   86   99  107  120  126  133  133
  134  129  124  115  108   97   90   79   74   65   60   55   52   50   47   46
   44   44   41   42   39   39   36   36   34   35   36   37   39   41   43   43
   45   44   45   43   43   41   42   39   41   38   40   38   40   38   41   37
   40   38   42   38   43   38   46   48   64                                   
    67.5-180.0 180.0   5.0 450.0                            LAT/LON1/LON2/DLON/H
   66   60   58   58   59   60   65   70   80   89  103  113  126  131  139  138
  139  131  126  113  106   94   85   75   68   60   55   49   46   44   41   41
   39   39   37   38   36   35   32   32   29   31   30   32   33   36   37   38
   39   39   38   37   35   34   33   31   32   32   32   32   33   33   34   33
   33   33   35   36   38   37   44   47   66                                   
    65.0-180.0 180.0   5.0 450.0                            LAT/LON1/LON2/DLON/H
   72   60   63   60   63   62   69   71   83   90  106  115  131  135  145  143
  146  137  132  118  111   96   89   74   69   59   54   47   44   40   38   37
   35   35   33   33   31   30   28   26   25   25   26   26   29   30   32   32
   34   33   32   30   28   26   25   23   25   24   26   25   28   27   29   27
   30   27   32   29   36   34   46   52   72                                   
    62.5-180.0 180.0   5.0 450.0                            LAT/LON1/LON2/DLON/H
   71   67   66   66   67   66   71   74   84   91  107  116  132  139  148  149
  151  141  137  123  116  101   93   79   71   62   55   49   44   40   36   35
   32   32   29   30   27   27   23   23   20   21   20   21   22   24   25   26
   26   26   24   22   19   17   16   15   17   17   20   20   22   22   24   23
   24   24   26   27   30   33   44   50   71                                   
    60.0-180.0 180.0   5.0 450.0                            LAT/LON1/LON2/DLON/H
   75   65   69   68   72   69   76   76   87   91  107  114  132  137  151  150
  156  150  147  136  129  114  104   89   81   67   61   52   48   42   38   36
   33   31   29   29   26   24   22   20   19   18   19   19   21   21   22   21
   21   20   18   16   15   11   12   10   14   13   17   16   21   19   23   20
   24   22   26   24   31   30   45   52   75                                   
    57.5-180.0 180.0   5.0 450.0                            LAT/LON1/LON2/DLON/H
   73   74   73   74   77   75   79   78   87   90  103  112  129  137  149  154
  161  158  157  148  142  129  117  102   90   78   68   61   54   50   44   42
   37   35   31   31   27   26   23   22   20   20   20   20   20   20   20   18
   17   15   14   11   10    8    9    8   10   12   15   15   18   19   21   21
   22   23   25   26   30   33   45   50   73                                   
    55.0-180.0 180.0   5.0 450.0                            LAT/LON1/LON2/DLON/H
   78   75   78   81   86   84   89   88   94   96  107  112  129  136  151  157
  167  167  168  163  157  147  135  120  107   92   84   74   68   62   56   52
   47   43   39   38   34   33   30   30   28   28   28   28   27   26   24   22
   20   18   16   14   13   11   12   12   15   16   19   19   21   22   25   25
   28   28   31   30   36   36   50   55   78                                   
    52.5-180.0 180.0   5.0 450.0                            LAT/LON1/LON2/DLON/H
   80   86   85   93   96   98  100   99  102  103  109  115  127  137  149  159
  168  173  174  173  167  158  146  133  119  107   97   89   83   77   71   66
   59   54   49   46   43   41   39   38   37   37   37   36   35   31   29   25
   22   21   19   17   16   16   17   18   20   21   23   23   24   26   27   29
   32   34   37   38   42   44   55   59   80                                   
    50.0-180.0 180.0   5.0 450.0                            LAT/LON1/LON2/DLON/H
   90   91   95  103  110  113  118  117  120  118  122  124  134  140  153  162
  173  178  181  180  175  167  157  145  134  124  116  108  103   96   89   81
   74   67   62   59   55   54   52   52   51   51   51   50   47   44   40   36
   33   31   29   28   27   26   27   30   32   33   33   33   33   34   36   37
   42   43   48   48   54   55   66   70   90                                   
    47.5-180.0 180.0   5.0 450.0                            LAT/LON1/LON2/DLON/H
   97  104  107  118  125  132  135  138  139  137  137  137  142  147  157  165
  175  180  182  182  177  171  162  152  143  136  130  126  120  114  105   95
   86   78   73   69   67   64   64   62   62   62   63   61   58   53   49   45
   42   41   39   38   37   38   39   42   43   45   44   43   41   41   42   44
   47   51   56   59   63   67   76   80   97                                   
    45.0-180.0 180.0   5.0 450.0                            LAT/LON1/LON2/DLON/H
  111  113  122  132  140  148  156  158  161  158  158  155  158  159  167  172
  180  183  184  182  179  173  167  159  153  149  146  143  138  130  119  107
   96   87   81   78   76   75   73   73   72   74   73   73   69   65   61   58
   55   54   53   52   51   51   52   55   57   58   56   54   52   51   51   52
   56   59   66   69   76   80   91   96  111                                   
    42.5-180.0 180.0   5.0 450.0                            LAT/LON1/LON2/DLON/H
  121  128  136  147  154  163  170  175  179  179  177  175  175  175  180  181
  187  187  188  185  182  177  172  167  163  160  158  155  150  140  128  113
  101   91   87   83   84   81   81   78   79   79   80   78   76   71   69   65
   65   64   63   62   61   61   62   65   66   67   64   62   58   57   56   57
   60   64   70   76   84   92  101  109  121                                   
    40.0-180.0 180.0   5.0 450.0                            LAT/LON1/LON2/DLON/H
  135  140  151  159  168  176  184  189  196  196  198  196  197  195  198  199
  202  201  199  196  192  187  184  179  176  173  171  166  158  146  132  116
  104   95   90   89   89   88   85   85   83   85   85   85   83   78   76   73
   73   72   72   70   69   67   69   71   74   73   71   68   66   64   64   63
   66   69   76   82   94  101  113  123  135                                   
    37.5-180.0 180.0   5.0 450.0                            LAT/LON1/LON2/DLON/H
  144  154  161  171  177  184  190  198  206  211  213  213  216  214  216  215
  216  214  212  207  204  200  197  192  189  185  180  173  162  148  132  116
  105   96   94   92   94   91   91   86   87   87   89   87   86   82   80   78
   78   77   75   73   71   70   71   75   76   76   73   71   68   67   66   66
   67   70   76   84   96  107  119  131  144                                   
    35.0-180.0 180.0   5.0 450.0                            LAT/LON1/LON2/DLON/H
  156  166  176  184  188  193  199  204  214  219  225  228  232  233  233  233
  233  230  228  223  222  217  213  207  203  197  190  179  167  150  134  119
  110  105  101  103  101  101   96   95   91   93   93   93   91   88   85   82
   82   79   77   72   70   69   72   75   77   77   75   73   71   71   70   70
   71   73   79   87  101  112  127  140  156                                   
    32.5-180.0 180.0   5.0 450.0                            LAT/LON1/LON2/DLON/H
  163  177  186  195  200  201  205  208  218  224  232  237  243  245  247  247
  247  245  243  240  239  234  229  223  217  209  199  187  173  157  142  127
  121  115  115  112  112  107  105   99   98   96   99   97   96   92   89   86
   83   79   74   69   65   66   68   72   73   73   71   71   69   71   71   72
   72   74   79   88  103  117  131  146  163                                   
    30.0-180.0 180.0   5.0 450.0                            LAT/LON1/LON2/DLON/H
  174  191  203  214  217  219  219  220  227  232  239  245  252  256  259  259
  260  258  259  257  256  252  247  239  231  221  212  199  188  172  161  150
  145  142  137  135  129  125  117  113  107  107  107  106  104  100   97   92
   88   80   73   66   64   64   68   71   72   72   70   70   70   73   76   77
   79   82   88   97  111  124  141  155  174                                   
    27.5-180.0 180.0   5.0 450.0                            LAT/LON1/LON2/DLON/H
  186  205  219  232  237  237  235  233  237  240  245  252  258  265  267  268
  268  267  269  268  267  263  257  248  238  230  220  212  201  192  183  176
  175  169  164  155  147  137  132  124  120  115  115  113  111  106  102   96
   89   79   69   62   58   61   65   69   69   69   66   67   68   73   77   80
   83   87   94  102  116  131  147  163  186                                   
    25.0-180.0 180.0   5.0 450.0                            LAT/LON1/LON2/DLON/H
  201  221  245  258  264  265  261  258  259  257  259  263  268  275  278  279
  279  277  278  278  277  272  264  253  247  238  236  228  224  216  214  209
  206  202  190  181  165  156  147  143  134  132  128  127  123  120  116  108
   99   86   74   65   62   65   69   73   71   69   65   64   67   73   80   86
   92  100  108  119  131  145  163  179  201                                   
    22.5-180.0 180.0   5.0 450.0                            LAT/LON1/LON2/DLON/H
  213  235  265  285  292  295  292  290  286  284  281  282  283  289  289  293
  290  290  289  288  287  280  270  260  254  251  252  251  251  248  248  243
  241  229  214  198  183  169  161  155  150  144  142  139  135  130  125  115
  105   92   78   71   68   72   75   78   76   73   68   66   65   72   79   88
   95  107  117  129  142  157  171  193  213                                   
    20.0-180.0 180.0   5.0 450.0                            LAT/LON1/LON2/DLON/H
  227  251  286  308  319  327  329  327  325  319  313  307  306  308  307  308
  306  308  308  309  307  297  288  274  272  269  278  278  285  283  286  282
  273  258  233  214  192  181  170  168  159  160  155  155  149  145  138  129
  118  103   91   83   82   85   87   88   84   78   72   66   66   69   79   90
  102  116  129  143  155  167  185  207  227                                   
    17.5-180.0 180.0   5.0 450.0                            LAT/LON1/LON2/DLON/H
  236  263  299  326  342  356  360  364  365  360  355  347  345  342  339  336
  332  335  337  341  339  329  316  303  297  296  307  312  320  320  322  315
  303  279  250  224  203  190  183  177  171  168  165  163  158  152  146  138
  128  114  102   96   95   99   99   98   94   87   80   72   68   70   77   90
  101  117  131  148  161  178  190  220  236                                   
    15.0-180.0 180.0   5.0 450.0                            LAT/LON1/LON2/DLON/H
  251  276  318  348  369  386  394  399  399  398  392  393  390  392  385  382
  375  376  377  384  386  374  360  341  338  331  344  343  355  350  348  339
  320  296  263  237  214  206  195  190  183  179  174  170  167  164  159  152
  143  131  119  113  112  113  113  109  104   95   87   77   71   72   78   91
  104  121  137  152  167  183  200  229  251                                   
    12.5-180.0 180.0   5.0 450.0                            LAT/LON1/LON2/DLON/H
  259  289  328  360  385  404  416  423  427  433  436  444  448  448  444  435
  429  428  432  438  438  428  411  391  384  376  380  381  383  379  370  357
  335  308  276  250  229  218  211  204  196  190  181  177  173  170  167  160
  153  143  133  127  125  125  122  117  110  103   92   81   73   72   76   88
   99  115  131  150  166  188  200  238  259                                   
    10.0-180.0 180.0   5.0 450.0                            LAT/LON1/LON2/DLON/H
  276  301  343  377  402  426  436  450  452  471  478  496  496  503  493  491
  481  486  485  493  494  485  472  454  445  433  430  424  417  406  391  375
  350  323  295  270  254  240  233  223  214  203  195  188  186  181  178  171
  164  154  144  139  135  132  125  118  109  104   94   83   74   72   75   86
   96  111  129  147  166  187  208  238  276                                   
     7.5-180.0 180.0   5.0 450.0                            LAT/LON1/LON2/DLON/H
  280  313  352  385  414  437  452  461  473  491  509  522  532  537  538  535
  534  539  539  547  545  541  528  513  498  485  473  462  446  426  406  384
