data/unet/pred1480.15i
     1.0            IONOSPHERE MAPS     GNSS                IONEX VERSION / TYPE
pyspatialgeodesy        IME             05-JAN-18 20:20     PGM / RUN BY / DATE 
Map Name                                                    COMMENT             
Predicted global ionosphere maps (GIM).                     DESCRIPTION         
  2015     5    28     0     0     0                        EPOCH OF FIRST MAP  
  2015     5    29     0     0     0                        EPOCH OF LAST MAP   
  7200                                                      INTERVAL            
    13                                                      # OF MAPS IN FILE   
  NONE                                                      MAPPING FUNCTION    
10.0                                                        ELEVATION CUTOFF    
One-way carrier phase leveled to code                       OBSERVABLES USED    
  6371.0                                                    BASE RADIUS         
 2                                                          MAP DIMENSION       
   450.0 450.0   0.0                                        HGT1 / HGT2 / DHGT  
    87.5 -87.5  -2.5                                        LAT1 / LAT2 / DLAT  
  -180.0 180.0   5.0                                        LON1 / LON2 / DLON  
    -1                                                      EXPONENT            
                                                            END OF HEADER       
[from data line 3861]
    10                                                      START OF TEC MAP    
  2015     5    28    18     0     0                        EPOCH OF CURRENT MAP
    87.5-180.0 180.0   5.0 450.0                            LAT/LON1/LON2/DLON/H
  188  155  153  154  154  149  151  147  151  146  151  146  151  145  151  145
  151  145  151  145  151  146  152  146  152  147  153  148  153  148  152  148
  152  147  151  147  150  145  149  144  148  142  147  140  145  138  145  138
  144  138  145  139  146  140  147  142  148  144  149  146  151  147  152  149
  153  150  154  151  154  151  161  169  188                                   
    85.0-180.0 180.0   5.0 450.0                            LAT/LON1/LON2/DLON/H
  153  144  147  152  150  150  148  150  149  150  148  151  149  151  148  151
  149  152  149  152  149  152  149  152  149  151  148  151  148  150  146  149
  145  147  142  145  141  143  140  142  139  141  138  140  138  139  138  139
  138  141  139  142  141  144  143  146  145  147  146  149  148  150  149  151
  150  152  150  151  150  147  153  158  153                                   
    82.5-180.0 180.0   5.0 450.0                            LAT/LON1/LON2/DLON/H
  155  144  152  151  153  151  153  153  155  154  155  156  156  156  157  158
  158  158  158  158  158  158  158  157  156  155  155  153  153  151  150  148
  147  145  144  142  142  140  141  139  140  138  140  139  140  140  142  141
  143  142  145  145  147  147  150  150  152  151  154  153  155  153  155  153
  155  152  155  151  152  143  144  139  155                                   
    80.0-180.0 180.0   5.0 450.0                            LAT/LON1/LON2/DLON/H
  152  149  149  153  153  154  154  156  157  158  158  160  160  161  160  163
  161  163  162  164  161  163  160  162  159  159  156  156  154  153  150  150
  146  145  141  141  138  138  135  137  134  136  135  138  136  140  139  143
  141  145  144  149  147  152  150  154  152  155  153  156  154  156  154  155
  154  154  153  152  151  143  143  138  152                                   
    77.5-180.0 180.0   5.0 450.0                            LAT/LON1/LON2/DLON/H
  151  147  150  152  154  154  158  158  160  159  163  162  165  164  167  166
  168  167  170  168  170  167  169  166  166  163  164  161  160  157  156  153
  151  147  145  142  141  137  138  136  136  134  137  136  139  139  143  143
  145  145  149  149  152  152  155  155  156  156  158  157  158  156  158  155
  156  153  154  150  150  141  139  135  151                                   
    75.0-180.0 180.0   5.0 450.0                            LAT/LON1/LON2/DLON/H
  152  149  149  154  156  159  161  163  164  165  167  169  169  171  171  173
  173  174  174  175  175  174  174  173  172  170  169  167  166  163  161  159
  155  152  149  146  142  140  138  137  135  135  135  137  137  140  141  143
  143  146  147  150  150  154  154  157  156  159  158  160  159  160  159  160
  157  158  155  154  151  143  141  143  152                                   
    72.5-180.0 180.0   5.0 450.0                            LAT/LON1/LON2/DLON/H
  157  150  154  157  160  162  165  166  169  168  172  172  175  174  178  177
  180  179  181  180  182  179  181  178  178  174  175  172  171  167  166  162
  159  155  151  148  144  141  139  136  136  135  137  137  139  141  143  144
  145  146  148  149  151  151  154  153  155  154  157  156  158  158  160  158
  159  157  157  155  155  147  144  145  157                                   
    70.0-180.0 180.0   5.0 450.0                            LAT/LON1/LON2/DLON/H
  164  158  158  164  167  169  171  172  174  175  178  179  182  182  185  186
  187  186  187  186  187  185  185  183  182  179  178  177  175  173  170  168
  164  160  155  153  147  145  141  141  139  140  140  142  143  145  146  148
  147  150  149  152  150  153  151  152  151  152  152  154  155  158  158  160
  159  161  159  161  159  153  149  156  164                                   
    67.5-180.0 180.0   5.0 450.0                            LAT/LON1/LON2/DLON/H
  174  164  169  171  174  176  177  178  179  178  182  183  186  186  191  191
  192  191  192  191  191  189  189  186  185  181  181  178  178  174  174  170
  168  162  160  155  151  147  146  144  144  143  146  146  148  148  150  150
  151  149  151  149  149  147  148  146  146  145  147  147  150  151  156  156
  160  161  164  164  167  160  159  162  174                                   
    65.0-180.0 180.0   5.0 450.0                            LAT/LON1/LON2/DLON/H
  184  176  176  180  182  183  184  184  186  185  188  190  194  195  199  199
  200  198  199  196  197  192  193  188  187  182  182  180  179  177  176  175
  171  168  163  160  155  153  151  151  150  152  153  156  154  158  155  157
  153  155  152  152  149  147  145  143  141  140  141  142  145  147  152  155
  159  163  165  168  171  167  167  176  184                                   
    62.5-180.0 180.0   5.0 450.0                            LAT/LON1/LON2/DLON/H
  193  184  188  189  189  189  189  188  189  188  192  193  197  198  203  202
  203  200  200  197  195  192  191  188  185  182  181  180  179  179  179  178
  177  172  170  165  162  159  159  158  160  161  164  164  164  162  162  159
  158  155  154  150  148  143  142  137  136  132  134  133  137  139  145  149
  155  159  166  169  176  173  176  180  193                                   
    60.0-180.0 180.0   5.0 450.0                            LAT/LON1/LON2/DLON/H
  197  193  193  196  196  194  194  192  192  191  195  197  201  202  206  205
  205  202  200  196  195  190  191  187  187  182  183  180  182  181  183  183
  183  180  176  174  169  168  166  169  169  172  172  175  171  172  167  167
  162  161  156  154  149  145  141  136  133  128  130  128  132  133  139  144
  150  157  162  168  175  176  179  188  197                                   
    57.5-180.0 180.0   5.0 450.0                            LAT/LON1/LON2/DLON/H
  200  196  201  202  202  199  199  196  195  194  198  198  203  201  206  204
  203  199  197  193  191  188  187  186  185  182  182  182  183  184  187  190
  189  188  185  182  178  177  177  179  181  182  184  184  181  178  174  171
  165  161  158  154  149  144  140  135  130  126  125  123  125  127  132  137
  143  149  157  162  171  174  181  185  200                                   
    55.0-180.0 180.0   5.0 450.0                            LAT/LON1/LON2/DLON/H
  198  200  201  208  208  206  206  202  201  199  201  202  205  204  206  203
  201  197  192  189  188  185  186  185  187  184  186  185  188  189  194  195
  198  196  194  192  188  188  187  190  191  194  193  193  188  184  178  175
  168  165  160  156  150  145  140  135  130  125  124  122  123  123  127  131
  135  143  148  156  163  169  176  187  198                                   
    52.5-180.0 180.0   5.0 450.0                            LAT/LON1/LON2/DLON/H
  197  197  205  210  214  213  214  211  209  207  207  206  207  205  207  201
  199  192  189  185  184  182  184  184  186  186  187  188  191  195  199  203
  204  206  203  202  197  198  198  201  201  204  204  201  195  190  182  178
  169  165  159  156  150  146  141  136  130  126  123  121  121  120  123  126
  129  134  140  145  155  159  171  179  197                                   
    50.0-180.0 180.0   5.0 450.0                            LAT/LON1/LON2/DLON/H
  193  198  203  214  219  222  224  221  221  217  215  213  212  209  208  202
  198  191  187  183  182  181  184  185  189  189  192  193  198  200  208  210
  213  214  213  212  210  210  210  214  213  216  213  210  203  196  189  181
  174  168  162  158  152  148  143  139  134  130  128  124  123  121  122  123
  125  129  133  139  147  153  163  177  193                                   
    47.5-180.0 180.0   5.0 450.0                            LAT/LON1/LON2/DLON/H
  192  194  204  212  222  228  233  234  233  230  227  222  219  214  212  204
  199  191  188  184  183  182  184  185  189  190  194  197  201  206  211  217
  219  223  223  224  221  223  222  225  223  224  221  216  207  200  192  185
  176  171  164  160  154  151  147  143  139  136  133  130  127  123  123  123
  124  127  131  134  143  146  159  171  192                                   
    45.0-180.0 180.0   5.0 450.0                            LAT/LON1/LON2/DLON/H
  189  195  201  215  225  235  241  246  246  243  239  233  229  222  217  210
  203  196  192  189  187  186  188  189  192  194  199  203  209  213  220  225
  230  234  235  238  235  239  235  240  235  236  229  225  214  207  199  191
  183  175  169  163  158  154  151  147  145  142  141  136  134  129  129  127
  128  130  132  136  142  146  157  175  189                                   
    42.5-180.0 180.0   5.0 450.0                            LAT/LON1/LON2/DLON/H
  191  193  203  213  227  237  247  253  256  254  251  244  238  231  225  218
  210  204  200  198  196  194  194  195  196  200  204  210  215  222  228  237
  243  249  252  256  254  257  254  255  249  246  238  232  221  214  205  197
  189  180  172  167  162  158  155  153  151  150  147  144  141  136  136  134
  135  136  138  140  146  147  159  172  191                                   
    40.0-180.0 180.0   5.0 450.0                            LAT/LON1/LON2/DLON/H
  191  196  202  217  229  243  252  261  262  264  260  256  250  241  237  228
  220  214  209  208  205  205  202  204  204  207  212  220  228  236  245  255
  264  273  278  282  278  278  273  270  263  258  249  242  230  223  213  204
  195  185  177  170  166  162  160  157  157  154  153  149  148  145  146  144
  145  146  146  147  151  153  162  180  191                                   
    37.5-180.0 180.0   5.0 450.0                            LAT/LON1/LON2/DLON/H
  196  198  208  217  231  243  252  260  266  267  268  263  260  253  248  241
  231  227  221  222  218  219  216  217  216  219  225  235  243  255  268  283
  294  306  311  314  309  306  298  292  281  272  261  249  239  230  221  210
  200  190  181  174  169  165  165  163  162  162  160  157  156  154  157  155
  156  155  156  155  158  156  167  179  196                                   
    35.0-180.0 180.0   5.0 450.0                            LAT/LON1/LON2/DLON/H
  198  203  209  223  233  245  253  263  266  274  271  274  270  267  262  253
  247  240  234  233  230  231  229  232  230  237  242  256  269  285  303  317
  330  340  345  344  340  330  320  308  297  284  271  261  249  242  227  217
  203  191  182  174  169  166  166  164  165  163  162  160  161  161  165  164
  165  165  163  162  162  162  170  187  198                                   
    32.5-180.0 180.0   5.0 450.0                            LAT/LON1/LON2/DLON/H
  204  206  214  224  235  244  252  260  267  272  277  278  280  278  276  269
  262  257  248  249  246  249  249  251  253  258  267  285  302  320  337  352
  365  373  376  374  365  352  335  323  306  294  279  267  256  245  232  217
  203  190  180  173  168  166  167  168  168  169  169  169  169  171  173  174
  175  173  171  168  167  165  177  189  204                                   
    30.0-180.0 180.0   5.0 450.0                            LAT/LON1/LON2/DLON/H
  207  215  218  232  241  248  255  262  268  276  278  286  287  292  288  284
  276  270  261  260  258  263  266  272  274  283  297  317  338  354  375  387
  400  408  411  406  391  371  350  330  311  296  280  271  258  249  231  217
  198  186  177  171  169  167  170  169  172  170  174  171  177  175  183  180
  185  179  178  173  169  168  177  196  207                                   
    27.5-180.0 180.0   5.0 450.0                            LAT/LON1/LON2/DLON/H
  213  217  224  233  243  249  254  260  267  274  282  289  298  301  304  297
  295  288  282  282  281  284  289  294  302  313  327  349  368  386  404  418
  432  439  438  428  406  385  355  333  309  294  278  267  256  243  227  209
  191  177  170  166  166  166  167  169  171  175  176  180  181  185  188  190
  190  188  183  176  171  169  182  200  213                                   
    25.0-180.0 180.0   5.0 450.0                            LAT/LON1/LON2/DLON/H
  216  221  225  242  247  256  259  266  273  283  290  301  310  317  318  317
  313  311  305  304  304  308  313  318  329  336  355  375  399  415  432  446
  454  459  454  441  415  388  355  328  302  287  270  262  248  238  218  202
  182  174  166  162  156  158  158  159  160  163  172  178  184  185  192  190
  196  191  191  180  176  173  183  204  216                                   
    22.5-180.0 180.0   5.0 450.0                            LAT/LON1/LON2/DLON/H
  216  215  223  238  248  257  263  270  280  290  302  313  325  331  337  336
  336  335  334  334  334  335  338  344  352  363  378  401  419  433  444  452
  458  458  452  435  408  381  348  323  296  281  265  256  242  230  212  193
  176  167  157  152  151  153  156  155  155  157  164  173  182  187  189  192
  194  193  189  180  175  171  182  203  216                                   
    20.0-180.0 180.0   5.0 450.0                            LAT/LON1/LON2/DLON/H
  213  210  216  236  250  265  271  283  290  303  314  326  339  348  354  359
  360  364  363  364  363  364  363  367  376  383  401  418  434  444  447  452
  450  448  436  419  391  364  335  311  285  271  257  249  235  224  206  190
  172  164  151  151  147  151  150  149  149  152  159  168  177  180  186  187
  190  187  186  178  173  167  176  197  213                                   
    17.5-180.0 180.0   5.0 450.0                            LAT/LON1/LON2/DLON/H
  206  198  209  224  242  260  271  285  297  308  321  334  350  364  375  382
  390  392  392  390  388  386  386  389  395  405  416  430  442  444  445  443
  439  432  420  403  380  358  335  313  288  274  258  250  235  224  206  190
  171  161  152  147  145  145  146  144  146  148  156  163  170  175  179  182
  181  180  176  168  164  158  167  186  206                                   
    15.0-180.0 180.0   5.0 450.0                            LAT/LON1/LON2/DLON/H
  196  188  200  218  236  256  271  289  302  315  326  340  360  379  393  408
  417  426  425  423  416  411  408  407  414  418  429  441  449  447  442  436
  427  418  404  387  368  351  334  311  288  273  259  250  237  226  208  191
  172  158  150  146  141  141  140  138  142  143  148  150  159  162  169  169
  171  167  165  158  153  147  155  172  196                                   
    12.5-180.0 180.0   5.0 450.0                            LAT/LON1/LON2/DLON/H
  179  176  190  208  226  247  263  284  301  316  328  346  369  393  411  429
  444  454  455  451  442  433  426  424  425  430  437  446  451  446  440  430
  421  410  397  385  371  362  344  325  299  285  267  257  243  233  216  200
  179  163  150  143  137  135  134  132  135  135  139  144  152  156  160  161
  159  156  151  144  140  134  142  155  179                                   
    10.0-180.0 180.0   5.0 450.0                            LAT/LON1/LON2/DLON/H
  161  164  179  199  217  237  257  279  298  313  325  344  367  394  413  439
  454  470  470  468  456  446  438  435  436  439  446  453  456  450  440  427
  414  403  391  380  373  362  352  331  310  293  277  265  253  242  224  206
  184  165  150  140  132  129  126  126  128  127  130  132  142  144  150  149
  150  144  141  133  126  121  126  140  161                                   
     7.5-180.0 180.0   5.0 450.0                            LAT/LON1/LON2/DLON/H
  142  147  165  185  207  228  249  270  291  308  322  342  365  391  413  442
  459  478  478  476  463  453  446  443  441  443  450  456  457  449  437  421
