data/unet/pred1160.15i
     1.0            IONOSPHERE MAPS     GNSS                IONEX VERSION / TYPE
pyspatialgeodesy        IME             05-JAN-18 20:20     PGM / RUN BY / DATE 
Map Name                                                    COMMENT             
Predicted global ionosphere maps (GIM).                     DESCRIPTION         
  2015     4    26     0     0     0                        EPOCH OF FIRST MAP  
  2015     4    27     0     0     0                        EPOCH OF LAST MAP   
  7200                                                      INTERVAL            
    13                                                      # OF MAPS IN FILE   
  NONE                                                      MAPPING FUNCTION    
10.0                                                        ELEVATION CUTOFF    
One-way carrier phase leveled to code                       OBSERVABLES USED    
  6371.0                                                    BASE RADIUS         
 2                                                          MAP DIMENSION       
   450.0 450.0   0.0                                        HGT1 / HGT2 / DHGT  
    87.5 -87.5  -2.5                                        LAT1 / LAT2 / DLAT  
  -180.0 180.0   5.0                                        LON1 / LON2 / DLON  
    -1                                                      EXPONENT            
                                                            END OF HEADER       
[from data line 4290]
    11                                                      START OF TEC MAP    
  2015     4    26    20     0     0                        EPOCH OF CURRENT MAP
    87.5-180.0 180.0   5.0 450.0                            LAT/LON1/LON2/DLON/H
  272  261  262  262  262  259  262  260  263  261  265  263  266  264  267  265
  267  266  267  265  265  264  264  262  261  259  259  257  255  253  252  250
  248  247  245  244  242  242  241  241  240  241  241  242  242  243  244  245
  245  247  248  248  249  250  252  252  253  253  255  254  256  255  256  256
  258  258  261  258  258  256  256  235  272                                   
    85.0-180.0 180.0   5.0 450.0                            LAT/LON1/LON2/DLON/H
  253  267  271  270  270  268  272  269  274  271  276  274  278  276  280  278
  281  278  281  278  279  275  275  271  270  265  265  259  259  253  252  247
  246  241  241  237  237  234  235  232  233  231  234  233  236  235  238  238
  241  241  245  245  248  248  252  252  255  255  258  258  261  260  263  261
  265  264  269  265  266  261  267  256  253                                   
    82.5-180.0 180.0   5.0 450.0                            LAT/LON1/LON2/DLON/H
  251  258  261  261  259  263  262  266  266  270  271  274  275  278  279  280
  281  281  281  280  279  277  274  271  267  264  259  256  250  248  241  239
  233  232  227  227  222  223  219  220  218  219  219  221  222  225  225  229
  230  233  235  239  240  244  246  250  251  254  254  256  256  257  257  258
  258  261  261  262  258  258  257  249  251                                   
    80.0-180.0 180.0   5.0 450.0                            LAT/LON1/LON2/DLON/H
  249  247  248  246  245  248  252  254  258  259  264  266  271  272  278  277
  281  280  283  281  281  277  276  270  268  261  258  251  246  240  235  229
  224  220  217  214  211  209  208  206  206  205  207  208  210  211  214  215
  218  219  223  225  229  231  235  237  241  242  243  244  245  246  245  247
  247  250  249  248  245  244  245  240  249                                   
    77.5-180.0 180.0   5.0 450.0                            LAT/LON1/LON2/DLON/H
  239  239  238  235  236  240  245  248  253  256  263  266  272  275  280  282
  285  285  288  286  286  282  281  274  271  264  260  252  247  239  234  226
  222  217  214  211  209  206  206  204  204  203  205  205  206  206  208  209
  210  212  214  217  220  222  226  229  232  233  235  235  237  236  236  235
  236  237  240  236  233  233  235  231  239                                   
    75.0-180.0 180.0   5.0 450.0                            LAT/LON1/LON2/DLON/H
  239  235  235  233  234  239  244  247  253  257  265  269  276  280  284  287
  288  291  290  291  288  287  284  281  276  271  265  257  251  242  237  229
  225  219  218  214  213  210  210  208  208  207  208  206  207  205  206  205
  205  205  207  207  209  210  214  216  219  219  221  222  222  222  222  223
  224  227  229  228  225  225  232  233  239                                   
    72.5-180.0 180.0   5.0 450.0                            LAT/LON1/LON2/DLON/H
  240  239  239  237  239  243  248  252  257  262  269  274  281  284  288  289
  291  290  292  290  290  288  287  283  281  275  270  263  257  248  243  235
  230  226  224  221  220  219  218  217  216  215  213  212  209  208  205  204
  201  200  198  198  198  198  200  202  204  205  206  207  208  208  208  211
  212  217  220  220  220  225  231  238  240                                   
    70.0-180.0 180.0   5.0 450.0                            LAT/LON1/LON2/DLON/H
  249  248  250  250  250  256  258  262  267  272  279  285  291  295  297  299
  297  299  296  296  293  294  291  291  287  285  279  272  266  258  253  244
  241  235  234  230  229  228  227  224  223  220  218  213  209  204  200  194
  190  185  183  180  179  178  181  182  184  185  187  189  191  193  195  200
  203  210  215  218  219  226  235  244  249                                   
    67.5-180.0 180.0   5.0 450.0                            LAT/LON1/LON2/DLON/H
  256  258  262  261  263  266  270  273  279  283  290  295  301  304  305  305
  303  301  298  297  296  296  296  294  292  287  283  276  271  263  258  251
  247  242  240  236  234  233  231  229  225  222  216  211  203  197  190  183
  177  171  167  163  162  160  162  162  164  166  168  172  176  179  184  189
  196  204  211  215  219  229  239  251  256                                   
    65.0-180.0 180.0   5.0 450.0                            LAT/LON1/LON2/DLON/H
  265  267  274  276  275  281  280  285  288  296  301  308  313  317  317  317
  313  311  307  304  302  303  301  301  296  294  287  282  275  270  265  259
  255  250  246  241  238  234  231  227  223  218  212  204  195  185  176  166
  159  153  149  145  144  143  144  143  145  146  150  153  160  166  174  183
  190  201  209  216  221  231  243  256  265                                   
    62.5-180.0 180.0   5.0 450.0                            LAT/LON1/LON2/DLON/H
  266  270  278  279  282  282  287  288  296  301  310  316  324  326  327  325
  323  320  316  313  311  310  309  305  300  293  287  279  275  270  267  262
  258  253  248  243  237  233  227  223  216  211  202  193  183  172  161  152
  146  139  137  132  133  130  132  130  132  132  137  141  150  159  170  178
  189  198  208  214  221  232  242  257  266                                   
    60.0-180.0 180.0   5.0 450.0                            LAT/LON1/LON2/DLON/H
  266  269  280  282  279  284  283  288  292  302  310  320  329  334  337  337
  335  331  327  322  320  317  315  312  304  297  288  281  277  274  273  269
  265  259  252  244  237  229  225  217  212  204  196  186  175  163  153  144
  137  132  127  127  124  125  123  124  123  124  128  134  144  153  167  178
  190  200  211  216  222  232  241  256  266                                   
    57.5-180.0 180.0   5.0 450.0                            LAT/LON1/LON2/DLON/H
  260  266  275  274  276  277  281  285  292  302  312  325  334  343  346  348
  347  343  339  333  330  326  324  316  310  299  291  283  280  278  278  276
  271  265  255  246  236  228  221  214  207  201  191  184  171  161  150  142
  134  129  125  125  124  123  123  120  123  121  127  132  144  154  169  181
  196  204  215  218  224  231  236  251  260                                   
    55.0-180.0 180.0   5.0 450.0                            LAT/LON1/LON2/DLON/H
  261  267  279  279  277  280  281  287  292  302  311  325  337  349  356  360
  362  358  354  346  343  338  336  328  321  310  300  294  291  292  292  290
  283  276  264  253  241  232  224  217  211  204  197  187  178  167  157  147
  140  134  131  130  130  131  130  130  128  127  129  134  145  156  172  185
  201  211  222  225  228  234  238  252  261                                   
    52.5-180.0 180.0   5.0 450.0                            LAT/LON1/LON2/DLON/H
  262  273  284  285  285  285  288  293  300  309  317  333  344  361  368  377
  377  374  368  361  357  351  349  341  336  324  316  309  308  307  308  304
  296  285  272  259  247  238  230  224  216  211  201  195  184  176  164  156
  148  144  140  140  140  141  141  139  139  135  138  140  152  163  179  194
  210  223  233  236  240  242  244  259  262                                   
    50.0-180.0 180.0   5.0 450.0                            LAT/LON1/LON2/DLON/H
  274  284  302  303  305  305  308  313  317  325  329  344  355  371  381  391
  393  389  384  375  373  368  369  361  357  345  339  333  333  332  331  324
  314  299  285  269  257  246  240  233  226  219  212  205  195  186  177  168
  162  156  153  151  151  151  152  152  150  147  147  150  158  169  187  202
  220  233  247  252  257  256  265  277  274                                   
    47.5-180.0 180.0   5.0 450.0                            LAT/LON1/LON2/DLON/H
  288  303  319  326  329  328  333  334  341  344  350  361  370  387  395  408
  408  406  397  389  385  383  385  381  377  368  363  357  357  352  350  338
  325  307  291  276  265  255  249  242  233  226  217  210  201  194  187  181
  175  170  166  164  163  163  164  163  162  157  158  157  165  174  191  207
  226  242  258  268  274  278  282  296  288                                   
    45.0-180.0 180.0   5.0 450.0                            LAT/LON1/LON2/DLON/H
  309  325  341  352  358  362  366  369  374  377  380  388  394  406  414  425
  426  421  411  403  400  400  406  403  404  394  391  383  381  373  366  349
  334  314  299  283  274  264  260  250  241  232  224  216  208  204  197  193
  187  182  177  174  173  173  173  174  171  167  164  164  169  179  194  211
  232  251  268  282  291  293  301  312  309                                   
    42.5-180.0 180.0   5.0 450.0                            LAT/LON1/LON2/DLON/H
  324  347  360  376  383  387  394  398  405  406  409  414  418  427  433  443
  442  437  427  419  416  418  422  424  421  414  408  399  394  382  372  353
  337  317  306  291  285  276  268  257  246  235  226  219  214  210  206  202
  197  191  185  181  180  180  180  178  176  171  168  166  169  178  189  207
  229  250  272  290  304  312  318  326  324                                   
    40.0-180.0 180.0   5.0 450.0                            LAT/LON1/LON2/DLON/H
  340  364  377  393  400  410  420  424  431  436  439  444  446  453  458  465
  463  458  448  442  440  441  448  447  448  435  432  417  413  397  385  364
  348  332  320  311  303  294  282  268  252  242  229  225  218  219  213  213
  206  203  195  194  190  191  188  186  181  176  171  168  170  177  188  204
  227  250  274  295  310  318  327  338  340                                   
    37.5-180.0 180.0   5.0 450.0                            LAT/LON1/LON2/DLON/H
  347  377  392  408  417  422  435  439  451  457  463  467  470  475  478  483
  484  479  474  469  468  470  471  472  466  455  446  432  426  409  398  377
  364  351  348  341  338  321  307  284  267  251  244  235  234  228  228  222
  220  213  209  204  203  200  199  194  190  181  176  170  172  175  184  200
  219  242  266  288  306  319  331  340  347                                   
    35.0-180.0 180.0   5.0 450.0                            LAT/LON1/LON2/DLON/H
  355  381  403  419  432  440  454  460  473  479  489  493  496  500  502  507
  507  505  503  501  504  501  502  494  493  475  471  454  452  433  426  406
  399  392  394  392  386  368  346  325  301  283  268  261  255  252  245  240
  232  229  220  220  214  217  214  213  199  189  176  173  173  177  185  200
  220  242  267  287  305  313  328  336  355                                   
    32.5-180.0 180.0   5.0 450.0                            LAT/LON1/LON2/DLON/H
  358  387  410  426  440  448  462  469  486  496  509  513  519  523  528  531
  535  534  536  536  540  537  532  522  514  503  500  490  488  475  470  456
  452  448  441  429  418  404  384  359  332  316  303  296  288  279  271  259
  251  243  240  236  231  227  221  215  205  195  185  187  191  197  201  213
  228  248  270  282  298  305  319  329  358                                   
    30.0-180.0 180.0   5.0 450.0                            LAT/LON1/LON2/DLON/H
  369  390  417  433  452  463  478  489  508  520  538  542  548  550  556  558
  564  563  571  571  580  573  569  553  547  533  538  531  536  520  517  497
  486  473  476  480  473  459  436  401  371  349  334  330  327  320  305  289
  278  270  267  264  262  253  247  235  223  210  199  194  192  199  208  226
  242  258  272  285  297  305  314  327  369                                   
    27.5-180.0 180.0   5.0 450.0                            LAT/LON1/LON2/DLON/H
  375  396  421  442  466  481  496  509  530  549  566  575  580  584  587  593
  596  598  604  607  611  607  600  588  581  577  579  581  582  579  567  548
  541  540  550  550  541  511  487  452  427  403  389  375  367  359  350  331
  316  308  303  295  293  278  272  252  242  222  219  206  208  206  214  229
  242  263  281  296  301  307  317  331  375                                   
    25.0-180.0 180.0   5.0 450.0                            LAT/LON1/LON2/DLON/H
  393  408  437  457  483  498  517  536  560  581  600  610  619  622  625  628
  631  631  639  637  643  634  633  621  624  622  636  637  648  643  639  623
  611  607  606  605  579  541  508  485  465  445  432  414  401  390  387  370
  355  345  338  331  324  311  293  276  251  238  218  218  214  224  227  239
  247  264  276  293  306  312  312  338  393                                   
    22.5-180.0 180.0   5.0 450.0                            LAT/LON1/LON2/DLON/H
  403  423  453  478  501  518  540  561  587  611  635  651  662  669  671  674
  670  672  673  672  669  665  663  663  672  682  698  709  716  708  690  668
  652  641  633  614  577  534  503  484  473  469  459  439  427  413  409  394
  384  375  374  361  355  332  320  290  277  247  241  222  233  227  247  252
  265  274  278  288  298  309  329  353  403                                   
    20.0-180.0 180.0   5.0 450.0                            LAT/LON1/LON2/DLON/H
  420  434  473  497  517  534  561  585  613  643  671  692  709  717  720  717
  713  708  709  701  702  693  701  705  727  746  770  768  763  744  722  701
  670  644  614  573  530  484  462  441  446  440  440  422  420  413  414  408
  408  403  401  392  378  356  335  310  289  269  252  246  239  247  245  257
  264  275  280  291  298  303  323  367  420                                   
    17.5-180.0 180.0   5.0 450.0                            LAT/LON1/LON2/DLON/H
  413  442  489  514  534  556  581  606  634  668  698  729  749  761  760  755
  744  741  736  733  727  729  737  755  779  800  816  812  799  774  743  708
  665  618  566  506  455  414  391  380  385  389  389  383  384  390  396  400
  411  408  410  395  385  359  339  314  296  277  264  258  251  245  248  249
  258  268  275  286  295  305  328  381  413                                   
    15.0-180.0 180.0   5.0 450.0                            LAT/LON1/LON2/DLON/H
  412  448  498  526  546  569  591  614  643  673  711  745  772  793  796  793
  781  775  774  768  767  765  782  798  819  832  845  840  821  783  742  693
  631  555  496  424  386  337  318  309  319  323  332  331  345  355  375  393
  409  415  412  398  382  359  339  318  304  288  274  262  252  244  238  242
  243  255  264  278  291  304  329  383  412                                   
    12.5-180.0 180.0   5.0 450.0                            LAT/LON1/LON2/DLON/H
  409  448  499  526  548  573  590  616  644  676  713  750  780  806  815  819
  815  812  811  809  805  809  821  835  850  859  864  849  824  774  724  659
  591  515  454  393  340  293  273  267  279  286  292  297  303  323  352  378
  396  399  395  377  357  333  314  299  284  275  265  250  242  226  219  214
  221  232  250  263  282  302  330  385  409                                   
    10.0-180.0 180.0   5.0 450.0                            LAT/LON1/LON2/DLON/H
  409  446  496  525  551  567  589  616  648  676  716  750  784  808  822  835
  836  844  844  845  843  848  856  863  872  871  863  840  795  740  683  618
  552  488  431  369  322  277  254  251  264  265  274  273  281  305  339  367
  380  381  366  346  316  295  275  260  256  245  245  224  218  197  192  185
  196  211  231  249  274  298  331  377  409                                   
     7.5-180.0 180.0   5.0 450.0                            LAT/LON1/LON2/DLON/H
  403  446  493  525  550  570  591  618  647  675  709  741  771  800  819  832
  847  858  865  867  869  870  881  882  880  867  847  807  757  704  652  597
