data/unet/pred3540.15i
     1.0            IONOSPHERE MAPS     GNSS                IONEX VERSION / TYPE
pyspatialgeodesy        IME             05-JAN-18 20:20     PGM / RUN BY / DATE 
Map Name                                                    COMMENT             
Predicted global ionosphere maps (GIM).                     DESCRIPTION         
  2015    12    20     0     0     0                        EPOCH OF FIRST MAP  
  2015    12    21     0     0     0                        EPOCH OF LAST MAP   
  7200                                                      INTERVAL            
    13                                                      # OF MAPS IN FILE   
  NONE                                                      MAPPING FUNCTION    
10.0                                                        ELEVATION CUTOFF    
One-way carrier phase leveled to code                       OBSERVABLES USED    
  6371.0                                                    BASE RADIUS         
 2                                                          MAP DIMENSION       
   450.0 450.0   0.0                                        HGT1 / HGT2 / DHGT  
    87.5 -87.5  -2.5                                        LAT1 / LAT2 / DLAT  
  -180.0 180.0   5.0                                        LON1 / LON2 / DLON  
    -1                                                      EXPONENT            
                                                            END OF HEADER       
[from data line 5148]
    13                                                      START OF TEC MAP    
  2015    12    21     0     0     0                        EPOCH OF CURRENT MAP
    87.5-180.0 180.0   5.0 450.0                            LAT/LON1/LON2/DLON/H
  118   84   78   73   77   74   80   78   83   81   85   83   87   85   88   86
   89   87   89   87   88   86   88   84   85   81   83   77   79   74   77   71
   74   69   72   67   70   66   69   65   69   66   69   66   70   68   71   69
   73   71   74   72   75   73   75   74   76   74   76   73   75   73   74   71
   73   70   73   71   78   75   87  110  118                                   
    85.0-180.0 180.0   5.0 450.0                            LAT/LON1/LON2/DLON/H
   92   63   61   62   65   65   71   71   77   76   81   79   84   82   86   84
   87   84   86   83   83   79   80   75   75   70   70   64   64   58   59   53
   54   49   50   44   46   41   44   40   44   42   45   43   48   47   50   49
   53   52   55   54   57   56   58   56   59   57   58   56   58   55   56   53
   53   51   52   51   58   51   59   85   92                                   
    82.5-180.0 180.0   5.0 450.0                            LAT/LON1/LON2/DLON/H
   80   54   58   62   67   67   75   75   83   82   88   88   93   93   96   95
   97   95   96   93   93   89   88   83   81   75   73   67   65   58   57   50
   50   43   44   36   39   33   38   33   40   36   43   40   48   45   52   49
   57   53   59   56   62   57   62   57   62   57   61   56   60   54   57   51
   54   49   53   49   59   51   59   81   80                                   
    80.0-180.0 180.0   5.0 450.0                            LAT/LON1/LON2/DLON/H
   80   59   60   67   68   73   78   83   88   93   98  103  106  110  111  113
  112  112  111  109  106  103  100   96   91   87   83   80   75   71   67   62
   58   54   50   47   45   44   44   43   46   46   49   50   55   55   59   59
   64   63   67   66   69   67   69   66   69   65   66   63   65   61   61   58
   59   56   58   57   61   55   62   83   80                                   
    77.5-180.0 180.0   5.0 450.0                            LAT/LON1/LON2/DLON/H
   83   57   57   63   65   70   78   83   90   96  103  109  114  117  120  121
  123  121  121  118  116  112  108  103   98   94   90   86   83   79   76   70
   66   61   58   53   51   47   48   45   48   46   51   50   55   55   60   60
   66   65   70   69   72   70   71   69   70   66   66   63   64   60   61   57
   58   55   57   55   60   56   64   82   83                                   
    75.0-180.0 180.0   5.0 450.0                            LAT/LON1/LON2/DLON/H
   85   64   61   67   70   75   81   87   94   99  106  111  116  119  122  124
  125  124  124  121  119  114  111  104  101   95   93   90   88   86   84   80
   75   71   66   62   58   55   54   51   52   51   53   53   56   57   61   62
   67   68   72   71   73   70   71   68   69   65   65   63   64   61   62   60
   61   60   61   61   64   64   73   91   85                                   
    72.5-180.0 180.0   5.0 450.0                            LAT/LON1/LON2/DLON/H
   94   73   74   79   80   83   89   94   99  103  108  111  114  116  117  118
  119  118  117  114  113  108  104   98   94   89   88   86   88   87   88   86
   84   80   76   72   68   64   63   60   61   58   61   59   62   62   67   67
   72   72   76   74   75   71   71   67   69   65   66   64   67   65   68   67
   70   68   72   72   78   78   87  100   94                                   
    70.0-180.0 180.0   5.0 450.0                            LAT/LON1/LON2/DLON/H
  102   89   88   92   93   94   98  101  104  105  108  108  109  107  106  104
  105  103  103  100   98   93   90   82   80   75   77   77   81   84   87   88
   88   86   82   79   74   71   69   67   67   65   66   65   68   67   71   71
   74   74   74   73   71   68   67   65   65   64   65   65   69   69   73   74
   78   78   82   83   90   91  103  115  102                                   
    67.5-180.0 180.0   5.0 450.0                            LAT/LON1/LON2/DLON/H
  112   97  100  103  103  104  106  108  108  110  109  107  103   98   94   90
   90   87   88   85   84   79   76   69   68   64   67   68   75   78   85   87
   88   87   84   80   75   73   71   70   70   70   72   71   73   73   75   74
   75   74   73   70   68   65   64   62   63   63   66   67   72   74   79   81
   86   86   91   93  102  104  114  124  112                                   
    65.0-180.0 180.0   5.0 450.0                            LAT/LON1/LON2/DLON/H
  118  110  107  111  110  113  113  115  115  115  112  107  100   92   83   76
   74   70   71   68   68   65   62   57   56   54   58   61   68   73   79   83
   84   84   81   78   73   71   70   70   71   73   74   75   76   76   76   75
   74   73   70   67   65   63   61   61   63   64   68   71   77   81   86   89
   93   95   99  102  110  112  124  134  118                                   
    62.5-180.0 180.0   5.0 450.0                            LAT/LON1/LON2/DLON/H
  118  103  107  109  109  112  114  116  116  116  113  107   98   86   75   65
   60   54   56   54   56   52   51   47   47   45   49   52   59   63   69   72
   74   73   71   68   65   63   64   66   69   71   73   74   75   74   73   71
   69   66   63   61   59   58   59   59   64   65   70   74   82   87   92   95
   99   99  104  105  114  117  126  138  118                                   
    60.0-180.0 180.0   5.0 450.0                            LAT/LON1/LON2/DLON/H
  120  109  105  108  108  111  113  117  118  118  115  108   97   84   70   58
   50   45   46   46   48   47   46   43   42   41   43   46   51   55   59   61
   63   62   60   58   56   56   59   62   66   70   72   74   74   73   70   68
   64   61   57   56   55   55   57   60   65   68   74   79   88   94  101  104
  107  108  110  112  117  120  131  141  120                                   
    57.5-180.0 180.0   5.0 450.0                            LAT/LON1/LON2/DLON/H
  118  101  104  105  105  105  110  113  117  118  115  110  100   86   72   59
   48   41   41   40   42   41   42   40   38   37   37   40   44   46   50   51
   53   51   50   48   48   49   54   57   64   66   70   70   71   68   66   61
   59   54   52   50   51   52   56   59   65   68   75   81   91   98  106  109
  113  113  116  116  122  124  134  145  118                                   
    55.0-180.0 180.0   5.0 450.0                            LAT/LON1/LON2/DLON/H
  121  112  107  107  104  104  107  112  115  118  117  114  105   93   79   64
   52   43   41   38   38   38   39   37   35   33   34   36   40   42   45   46
   47   45   45   44   45   46   50   54   60   62   66   66   66   63   61   57
   55   51   50   48   50   52   57   61   67   70   77   82   94  101  111  117
  123  124  127  128  131  132  141  151  121                                   
    52.5-180.0 180.0   5.0 450.0                            LAT/LON1/LON2/DLON/H
  134  123  123  120  115  113  113  115  119  122  122  121  116  106   94   79
   66   54   46   40   38   36   37   35   34   33   35   38   42   45   47   47
   47   45   45   44   45   46   50   52   58   59   63   61   63   59   59   54
   54   49   50   48   51   53   59   61   68   70   77   83   94  103  115  123
  132  136  142  144  147  148  155  164  134                                   
    50.0-180.0 180.0   5.0 450.0                            LAT/LON1/LON2/DLON/H
  152  153  149  142  134  129  125  125  125  126  125  127  125  120  110   95
   80   64   53   44   39   36   36   35   34   35   38   43   47   49   50   50
   50   49   50   50   52   51   54   54   58   58   60   59   60   58   58   56
   55   52   52   51   54   57   63   66   71   74   79   85   97  106  121  132
  144  152  161  166  171  172  178  185  152                                   
    47.5-180.0 180.0   5.0 450.0                            LAT/LON1/LON2/DLON/H
  186  186  184  176  165  157  150  145  141  137  134  136  138  136  129  115
   99   81   66   53   46   41   41   40   41   44   48   53   57   58   58   57
   57   57   59   60   61   61   62   61   62   61   63   61   63   61   63   61
   61   57   58   56   60   62   68   69   74   76   81   87   99  109  126  140
  157  171  182  191  199  201  202  212  186                                   
    45.0-180.0 180.0   5.0 450.0                            LAT/LON1/LON2/DLON/H
  226  223  224  208  197  186  177  167  158  150  144  145  150  151  147  132
  116   93   79   61   54   46   49   49   51   54   58   61   64   64   63   63
   63   66   69   72   73   74   73   71   69   68   68   68   69   69   71   70
   70   67   67   66   68   70   75   77   81   83   87   93  105  116  131  148
  167  185  199  211  222  224  226  239  226                                   
    42.5-180.0 180.0   5.0 450.0                            LAT/LON1/LON2/DLON/H
  270  257  256  246  233  222  211  197  185  170  161  158  163  165  162  151
  134  114   97   81   68   63   63   65   65   68   70   70   71   69   67   67
   68   72   77   83   85   87   87   84   82   80   80   78   80   78   81   78
   79   75   76   73   76   75   80   82   87   89   93   99  112  122  137  153
  175  195  212  226  239  243  245  263  270                                   
    40.0-180.0 180.0   5.0 450.0                            LAT/LON1/LON2/DLON/H
  301  290  292  279  270  258  246  228  211  192  179  174  179  180  179  168
  156  134  120   97   88   76   80   77   79   78   78   76   74   72   70   71
   73   79   86   94   97   99   98   95   93   91   92   90   91   89   89   86
   86   83   82   79   81   81   85   87   93   96  101  106  120  130  144  160
  181  202  218  234  246  252  256  277  301                                   
    37.5-180.0 180.0   5.0 450.0                            LAT/LON1/LON2/DLON/H
  322  308  307  303  295  290  280  263  243  221  203  194  193  194  190  183
  171  156  140  124  110  102   99   95   91   89   84   81   78   75   74   75
   78   86   94  104  108  111  110  109  106  106  106  105  104  100   99   93
   93   88   88   84   85   85   89   91   98  102  107  114  128  139  154  169
  188  205  222  236  249  254  259  279  322                                   
    35.0-180.0 180.0   5.0 450.0                            LAT/LON1/LON2/DLON/H
  343  333  331  320  316  310  307  290  271  247  227  214  211  208  205  196
  191  174  166  144  134  119  117  105  100   93   88   85   83   83   84   87
   91   99  108  116  121  124  124  122  120  120  120  119  116  109  104   96
   95   91   91   87   89   88   94   97  105  110  118  126  141  155  168  183
  198  213  226  239  248  254  260  283  343                                   
    32.5-180.0 180.0   5.0 450.0                            LAT/LON1/LON2/DLON/H
  359  349  342  335  326  324  318  308  289  269  247  234  222  219  212  207
  199  191  183  168  153  138  127  114  103   98   94   94   95  100  103  109
  113  119  128  133  138  139  139  137  136  135  133  130  123  115  106   97
   94   90   91   89   90   91   96  102  109  118  124  137  151  166  181  197
  211  226  238  248  253  258  267  286  359                                   
    30.0-180.0 180.0   5.0 450.0                            LAT/LON1/LON2/DLON/H
  392  393  381  360  350  342  340  324  311  288  270  250  241  229  228  217
  218  203  205  181  168  144  133  114  108  104  106  111  118  127  135  140
  146  148  155  154  159  156  157  152  152  149  147  141  131  119  107   97
   94   91   92   91   93   95  101  107  117  126  136  146  162  177  194  212
  227  246  258  268  272  274  288  305  392                                   
    27.5-180.0 180.0   5.0 450.0                            LAT/LON1/LON2/DLON/H
  423  431  416  399  382  374  363  348  329  308  287  269  254  245  237  230
  226  218  211  192  169  147  131  118  112  117  127  140  153  169  179  185
  188  188  188  184  183  178  175  170  166  162  156  147  134  120  106   96
   93   92   94   96   96  100  103  113  122  138  145  161  171  187  202  223
  243  265  278  290  292  298  317  328  423                                   
    25.0-180.0 180.0   5.0 450.0                            LAT/LON1/LON2/DLON/H
  471  496  484  463  446  430  419  395  375  340  323  295  288  263  263  243
  244  223  217  184  162  136  126  118  125  137  159  177  199  212  229  228
  233  225  223  211  207  196  192  181  178  169  163  151  137  122  107   97
   95   97  100  103  103  105  112  121  137  150  163  174  186  198  214  235
  259  283  302  318  324  337  370  371  471                                   
    22.5-180.0 180.0   5.0 450.0                            LAT/LON1/LON2/DLON/H
  502  534  530  524  509  496  478  455  429  392  363  336  318  295  281  262
  250  230  209  180  153  134  129  134  151  177  201  228  250  267  278  278
  276  264  251  237  226  214  206  195  187  178  168  155  140  124  110  101
  101  103  108  112  110  114  118  131  145  165  176  190  200  212  230  251
  278  302  324  343  355  374  412  410  502                                   
    20.0-180.0 180.0   5.0 450.0                            LAT/LON1/LON2/DLON/H
  535  572  578  581  583  574  564  533  512  468  442  394  374  331  318  282
  270  232  209  171  149  136  145  162  194  220  259  282  307  313  323  313
  309  289  273  249  238  222  215  202  194  180  172  156  143  128  117  110
  111  115  119  123  120  123  129  141  161  178  193  204  217  230  249  273
  302  329  351  374  389  416  458  454  535                                   
    17.5-180.0 180.0   5.0 450.0                            LAT/LON1/LON2/DLON/H
  544  579  590  607  616  625  620  602  580  544  512  465  430  383  353  316
  284  245  212  180  162  162  182  209  248  288  319  338  350  350  348  334
  322  301  280  257  242  228  218  207  198  188  177  164  149  136  126  120
  122  125  129  132  127  130  133  148  166  189  202  220  231  248  267  293
  322  346  370  392  413  439  478  477  544                                   
    15.0-180.0 180.0   5.0 450.0                            LAT/LON1/LON2/DLON/H
  553  585  603  623  647  666  678  670  657  620  590  536  504  448  414  360
  324  267  234  198  192  197  234  268  321  349  375  378  378  364  356  334
  319  295  275  250  239  223  215  204  198  188  181  168  156  143  135  131
  132  135  137  140  134  135  139  152  173  196  217  235  251  268  287  312
  336  360  384  407  428  454  493  496  553                                   
    12.5-180.0 180.0   5.0 450.0                            LAT/LON1/LON2/DLON/H
  542  564  585  607  636  665  686  697  693  670  642  597  561  512  470  418
  368  317  271  244  241  262  305  351  392  412  411  395  378  356  338  316
  301  280  260  243  231  219  210  202  197  190  186  176  165  152  144  138
  139  139  141  141  137  136  142  155  178  205  229  253  272  290  310  327
  349  370  395  412  433  451  487  491  542                                   
    10.0-180.0 180.0   5.0 450.0                            LAT/LON1/LON2/DLON/H
  515  536  561  588  621  656  689  710  722  708  689  648  616  570  538  489
  445  389  350  320  333  354  401  436  456  450  419  388  357  335  314  298
  283  268  251  238  228  217  210  201  195  188  187  176  168  154  147  140
  141  140  141  141  137  134  141  155  182  212  239  265  290  311  327  342
  358  374  390  403  418  438  472  481  515                                   
     7.5-180.0 180.0   5.0 450.0                            LAT/LON1/LON2/DLON/H
  485  497  528  552  584  616  650  680  703  710  702  677  652  618  589  553
  512  473  437  424  431  463  489  504  490  453  403  357  322  301  287  277
