data/unet/pred0540.15i
     1.0            IONOSPHERE MAPS     GNSS                IONEX VERSION / TYPE
pyspatialgeodesy        IME             05-JAN-18 20:20     PGM / RUN BY / DATE 
Map Name                                                    COMMENT             
Predicted global ionosphere maps (GIM).                     DESCRIPTION         
  2015     2    23     0     0     0                        EPOCH OF FIRST MAP  
  2015     2    24     0     0     0                        EPOCH OF LAST MAP   
  7200                                                      INTERVAL            
    13                                                      # OF MAPS IN FILE   
  NONE                                                      MAPPING FUNCTION    
10.0                                                        ELEVATION CUTOFF    
One-way carrier phase leveled to code                       OBSERVABLES USED    
  6371.0                                                    BASE RADIUS         
 2                                                          MAP DIMENSION       
   450.0 450.0   0.0                                        HGT1 / HGT2 / DHGT  
    87.5 -87.5  -2.5                                        LAT1 / LAT2 / DLAT  
  -180.0 180.0   5.0                                        LON1 / LON2 / DLON  
    -1                                                      EXPONENT            
                                                            END OF HEADER       
[from data line 4719]
    12                                                      START OF TEC MAP    
  2015     2    23    22     0     0                        EPOCH OF CURRENT MAP
    87.5-180.0 180.0   5.0 450.0                            LAT/LON1/LON2/DLON/H
  169  122  107  110  109  111  112  115  116  118  120  122  122  123  123  125
  124  125  125  125  124  124  122  122  120  120  117  118  115  116  113  113
  111  111  108  108  106  105  103  102  100  100   98   98   97   97   96   97
   97   98   98   98  100  100  101  101  102  102  102  102  102  102  102  102
  102  102  102  103  104  104  106  138  169                                   
    85.0-180.0 180.0   5.0 450.0                            LAT/LON1/LON2/DLON/H
  110   94   94   99   98  101  102  107  108  114  116  120  122  126  127  130
  131  132  133  132  133  131  130  127  126  124  122  119  117  115  112  110
  107  106  102  101   98   97   93   92   89   89   86   86   85   85   85   86
   87   88   89   91   92   93   92   93   93   94   91   92   90   91   89   89
   88   88   88   87   89   88   88  115  110                                   
    82.5-180.0 180.0   5.0 450.0                            LAT/LON1/LON2/DLON/H
   97   90   92   95   97   99  104  108  114  120  125  132  135  141  144  148
  149  151  150  151  149  148  144  142  138  136  132  128  125  120  118  113
  111  105  105   98   99   92   93   87   89   84   86   82   86   82   87   85
   91   89   94   93   98   96  100   97  100   96   97   93   94   91   91   88
   89   86   86   85   85   82   84  100   97                                   
    80.0-180.0 180.0   5.0 450.0                            LAT/LON1/LON2/DLON/H
   99   92   90   94   97  102  108  115  124  131  141  147  156  161  166  169
  172  172  171  170  167  164  158  155  150  147  141  137  133  129  125  120
  117  111  109  102  102   95   95   89   89   85   85   83   84   83   86   87
   90   92   96   98  101  103  105  106  105  105  102  101   98   97   93   93
   89   89   86   86   82   83   81   96   99                                   
    77.5-180.0 180.0   5.0 450.0                            LAT/LON1/LON2/DLON/H
  100   95   94   97  100  105  114  123  134  144  157  165  174  179  185  186
  188  185  184  179  176  169  165  159  155  149  146  141  139  134  131  126
  123  119  115  111  107  102   99   95   92   89   88   86   86   86   88   90
   93   96   99  102  104  107  107  109  108  108  105  104  101   99   97   94
   93   91   90   87   87   84   86   99  100                                   
    75.0-180.0 180.0   5.0 450.0                            LAT/LON1/LON2/DLON/H
  110  106  106  110  114  121  130  140  154  164  179  188  198  201  205  204
  201  195  189  183  176  169  162  158  152  148  143  140  135  133  130  128
  123  122  117  115  110  108  103  101   96   94   90   90   88   90   90   93
   94   98   99  102  103  105  105  106  105  103  101  100   98   97   94   95
   94   95   94   94   94   95   99  113  110                                   
    72.5-180.0 180.0   5.0 450.0                            LAT/LON1/LON2/DLON/H
  129  129  129  134  140  146  156  167  179  193  204  215  222  225  224  219
  210  200  189  179  169  160  154  148  144  139  136  134  131  129  128  126
  124  122  120  118  114  112  108  105  101   99   94   93   91   91   90   92
   93   96   97   99   99   99   98   97   95   94   91   90   89   89   89   91
   92   95   98  102  106  110  115  132  129                                   
    70.0-180.0 180.0   5.0 450.0                            LAT/LON1/LON2/DLON/H
  156  156  157  162  169  174  185  194  208  220  234  242  250  248  246  235
  222  206  191  177  165  154  146  140  135  130  126  123  120  118  115  114
  112  112  110  110  106  106  101  100   96   93   89   88   86   86   86   87
   88   89   90   90   89   87   86   84   82   79   77   75   76   77   79   83
   89   95  102  109  118  126  133  152  156                                   
    67.5-180.0 180.0   5.0 450.0                            LAT/LON1/LON2/DLON/H
  182  182  183  191  196  201  212  222  236  249  261  271  275  274  263  250
  231  213  192  177  162  150  141  134  129  122  118  112  108  105  102   99
   98   97   97   97   96   95   93   91   88   86   82   80   78   78   77   78
   77   78   77   77   75   73   69   68   65   63   60   61   61   65   67   75
   81   92  102  115  127  140  148  170  182                                   
    65.0-180.0 180.0   5.0 450.0                            LAT/LON1/LON2/DLON/H
  204  201  207  215  221  228  236  249  262  277  288  297  299  295  284  268
  246  224  202  186  171  157  146  138  130  121  113  105   98   92   87   85
   82   82   79   81   78   79   75   75   72   71   68   67   65   65   65   65
   65   65   64   63   60   58   55   52   50   48   47   47   49   53   59   67
   77   88  103  117  133  147  160  183  204                                   
    62.5-180.0 180.0   5.0 450.0                            LAT/LON1/LON2/DLON/H
  216  215  221  233  242  249  259  271  283  296  305  315  316  315  303  288
  265  240  218  198  182  168  156  145  136  123  113  101   92   83   78   72
   70   66   66   63   63   61   61   60   59   58   56   55   53   53   51   51
   49   51   49   49   46   45   42   41   38   38   36   39   41   47   52   62
   72   86  101  119  136  152  163  190  216                                   
    60.0-180.0 180.0   5.0 450.0                            LAT/LON1/LON2/DLON/H
  222  220  231  245  255  266  274  286  296  308  315  324  326  326  317  305
  285  262  237  221  202  189  173  162  147  134  119  106   95   84   76   69
   65   59   55   53   50   49   48   48   47   47   46   46   45   44   43   43
   41   42   40   41   39   39   37   37   36   36   35   37   39   45   51   61
   73   87  103  120  136  151  165  192  222                                   
    57.5-180.0 180.0   5.0 450.0                            LAT/LON1/LON2/DLON/H
  224  224  236  255  268  278  289  298  306  315  320  329  330  333  326  319
  304  283  263  243  227  209  194  178  162  144  129  114  103   92   84   75
   70   61   56   50   47   45   45   44   45   44   45   44   44   42   40   39
   36   36   35   36   36   38   39   41   41   42   41   43   45   51   57   67
   78   94  109  127  141  153  163  193  224                                   
    55.0-180.0 180.0   5.0 450.0                            LAT/LON1/LON2/DLON/H
  227  228  245  265  280  294  304  312  317  321  322  329  330  335  331  329
  319  305  285  270  249  234  213  199  178  161  143  131  119  109  101   91
   84   73   66   58   52   50   48   48   48   50   50   51   50   49   46   44
   41   41   39   41   41   45   47   51   53   54   52   55   55   62   68   78
   91  106  122  137  149  160  170  197  227                                   
    52.5-180.0 180.0   5.0 450.0                            LAT/LON1/LON2/DLON/H
  235  238  257  280  298  312  321  326  329  329  327  330  331  334  333  334
  329  318  303  287  270  249  231  212  193  175  160  148  138  129  122  112
  104   91   83   72   66   61   60   59   61   60   63   62   64   61   59   55
   52   51   50   51   52   56   61   66   68   70   68   69   70   76   83   94
  107  125  141  156  166  174  180  209  235                                   
    50.0-180.0 180.0   5.0 450.0                            LAT/LON1/LON2/DLON/H
  250  254  279  299  318  332  339  344  343  339  331  331  328  331  328  333
  328  323  308  297  279  263  241  227  205  191  176  167  158  150  142  131
  121  107   97   88   79   76   73   74   74   77   78   80   80   79   77   75
   72   71   68   70   70   74   78   82   84   84   81   82   82   89   97  109
  124  143  161  177  187  195  203  229  250                                   
    47.5-180.0 180.0   5.0 450.0                            LAT/LON1/LON2/DLON/H
  267  276  300  322  339  352  360  362  360  353  343  338  331  329  327  328
  326  319  310  298  285  267  252  235  218  203  190  180  172  163  154  142
  132  117  108   98   93   88   87   85   88   88   93   94   98   95   96   93
   92   90   89   88   90   92   97   99  100   98   94   92   94  100  110  123
  141  162  183  200  211  221  226  253  267                                   
    45.0-180.0 180.0   5.0 450.0                            LAT/LON1/LON2/DLON/H
  287  300  324  339  355  368  376  380  377  370  357  350  338  336  328  329
  322  317  307  299  285  273  256  244  227  212  198  188  176  164  153  140
  129  117  108  103   98   97   95   96   95   99  102  107  110  111  112  111
  111  110  109  108  108  109  112  112  112  108  102  101  101  109  119  134
  152  175  196  217  232  244  253  276  287                                   
    42.5-180.0 180.0   5.0 450.0                            LAT/LON1/LON2/DLON/H
  303  320  335  351  364  377  387  392  392  386  374  364  352  345  335  330
  322  313  306  297  289  277  263  250  233  216  201  186  169  155  141  128
  117  107  102   98  100   99  101  100  102  103  109  113  119  121  124  124
  126  125  125  122  122  121  123  122  121  115  109  105  107  114  126  140
  161  183  206  227  245  260  271  295  303                                   
    40.0-180.0 180.0   5.0 450.0                            LAT/LON1/LON2/DLON/H
  314  332  346  357  369  379  389  396  399  396  385  378  364  358  344  339
  327  320  311  306  296  286  270  258  238  218  198  180  160  141  127  114
  106  100   98  101  103  106  106  107  106  109  113  119  124  126  130  132
  135  135  135  132  132  130  131  129  126  120  112  109  110  117  130  145
  164  186  207  227  247  266  282  307  314                                   
    37.5-180.0 180.0   5.0 450.0                            LAT/LON1/LON2/DLON/H
  320  339  349  360  367  377  385  394  400  401  395  388  378  371  359  350
  339  330  322  316  308  297  281  263  242  217  193  171  148  131  117  109
  104  103  105  109  115  117  119  116  115  115  120  124  128  130  132  135
  138  138  138  136  135  134  135  133  130  123  116  111  114  120  132  149
  167  186  205  223  243  265  286  315  320                                   
    35.0-180.0 180.0   5.0 450.0                            LAT/LON1/LON2/DLON/H
  327  348  360  367  371  375  382  389  397  399  397  396  389  387  372  368
  355  349  340  336  328  316  296  276  248  220  193  171  151  136  131  127
  130  130  134  135  138  140  140  136  133  130  132  132  134  132  133  133
  136  137  137  136  137  138  139  138  134  128  120  116  117  125  138  154
  171  187  201  216  235  258  284  318  327                                   
    32.5-180.0 180.0   5.0 450.0                            LAT/LON1/LON2/DLON/H
  338  359  372  380  382  382  385  390  396  399  400  400  398  396  386  380
  369  364  357  353  348  334  312  286  259  231  204  188  171  169  170  176
  178  179  174  171  168  170  170  167  160  156  154  152  147  140  133  129
  129  128  128  127  130  132  137  138  136  130  123  118  121  128  145  162
  178  192  203  216  233  257  289  327  338                                   
    30.0-180.0 180.0   5.0 450.0                            LAT/LON1/LON2/DLON/H
  357  381  396  403  403  400  398  399  401  403  403  405  403  403  391  388
  377  371  365  362  359  345  325  298  272  250  228  218  213  219  229  238
  241  236  226  214  204  198  193  191  189  184  182  177  168  154  141  133
  128  124  123  122  123  127  133  136  137  132  126  122  127  136  155  174
  191  204  213  222  236  262  296  339  357                                   
    27.5-180.0 180.0   5.0 450.0                            LAT/LON1/LON2/DLON/H
  386  411  427  436  437  431  428  426  425  422  417  418  414  410  397  392
  380  377  369  369  364  353  334  309  291  281  272  274  276  291  308  324
  328  318  295  270  248  233  222  217  211  209  204  198  186  168  148  133
  123  116  113  110  115  117  127  127  132  126  127  123  134  144  167  188
  210  222  231  238  251  279  316  362  386                                   
    25.0-180.0 180.0   5.0 450.0                            LAT/LON1/LON2/DLON/H
  423  453  477  484  489  482  477  471  464  456  443  438  429  423  405  400
  387  380  373  369  366  354  342  323  317  316  323  333  350  373  405  422
  422  399  357  317  282  264  248  241  235  234  225  218  202  182  157  142
  127  122  113  113  113  119  119  123  119  121  114  121  127  147  171  200
  227  244  254  260  276  304  348  391  423                                   
    22.5-180.0 180.0   5.0 450.0                            LAT/LON1/LON2/DLON/H
  469  500  528  542  548  541  536  527  515  503  486  472  455  450  424  415
  395  390  376  373  366  358  348  343  349  365  384  405  431  458  491  507
  500  460  401  350  308  284  268  259  251  247  239  234  222  205  182  169
  155  147  138  135  133  133  132  127  126  119  118  116  128  142  172  202
  236  257  278  294  309  346  385  427  469                                   
    20.0-180.0 180.0   5.0 450.0                            LAT/LON1/LON2/DLON/H
  512  547  586  602  619  614  607  597  580  566  547  528  501  490  460  445
  421  406  387  376  370  360  361  367  391  416  446  466  491  514  538  548
  533  481  406  347  309  281  270  260  253  248  243  242  237  226  208  191
  173  165  156  152  147  148  144  139  129  124  117  118  122  138  168  206
  242  268  292  316  345  385  428  461  512                                   
    17.5-180.0 180.0   5.0 450.0                            LAT/LON1/LON2/DLON/H
  543  590  632  665  681  679  672  665  653  638  616  597  562  541  507  490
  458  439  410  397  381  380  385  408  442  477  506  520  533  537  548  549
  515  458  381  327  290  271  259  253  243  241  240  247  246  240  224  212
  195  185  172  164  155  151  148  141  132  123  118  118  126  139  176  214
  252  284  313  341  371  416  458  493  543                                   
    15.0-180.0 180.0   5.0 450.0                            LAT/LON1/LON2/DLON/H
  565  619  665  701  722  721  715  715  713  703  684  665  634  609  571  550
  516  487  452  423  406  402  423  452  496  528  552  550  540  522  512  496
  454  399  335  290  264  247  242  238  234  233  237  243  250  249  241  229
  215  202  187  173  162  153  146  137  129  123  116  118  125  144  179  222
  262  297  329  360  396  438  485  518  565                                   
    12.5-180.0 180.0   5.0 450.0                            LAT/LON1/LON2/DLON/H
  574  634  681  720  737  739  736  743  754  760  749  732  698  677  636  614
  578  549  509  478  450  452  472  512  554  579  584  561  523  480  445  416
  374  332  286  266  244  237  236  238  233  233  232  242  249  255  250  242
  228  216  199  188  172  164  150  140  133  129  126  128  136  157  194  236
  273  310  341  378  410  457  499  535  574                                   
    10.0-180.0 180.0   5.0 450.0                            LAT/LON1/LON2/DLON/H
  578  635  680  716  731  733  731  745  763  780  777  769  748  732  702  681
  646  614  575  538  511  507  531  565  600  609  596  547  484  417  370  330
  296  273  257  252  249  253  260  261  252  245  243  248  254  259  255  247
  236  223  209  195  177  163  148  141  137  134  134  138  147  171  208  249
  289  325  359  393  430  472  515  545  578                                   
     7.5-180.0 180.0   5.0 450.0                            LAT/LON1/LON2/DLON/H
  571  630  665  701  709  712  715  732  755  780  787  790  775  763  738  717
  684  653  626  594  570  570  588  617  637  632  593  528  441  366  309  275
