data/unet/pred0480.15i
     1.0            IONOSPHERE MAPS     GNSS                IONEX VERSION / TYPE
pyspatialgeodesy        IME             05-JAN-18 20:20     PGM / RUN BY / DATE 
Map Name                                                    COMMENT             
Predicted global ionosphere maps (GIM).                     DESCRIPTION         
  2015     2    17     0     0     0                        EPOCH OF FIRST MAP  
  2015     2    18     0     0     0                        EPOCH OF LAST MAP   
  7200                                                      INTERVAL            
    13                                                      # OF MAPS IN FILE   
  NONE                                                      MAPPING FUNCTION    
10.0                                                        ELEVATION CUTOFF    
One-way carrier phase leveled to code                       OBSERVABLES USED    
  6371.0                                                    BASE RADIUS         
 2                                                          MAP DIMENSION       
   450.0 450.0   0.0                                        HGT1 / HGT2 / DHGT  
    87.5 -87.5  -2.5                                        LAT1 / LAT2 / DLAT  
  -180.0 180.0   5.0                                        LON1 / LON2 / DLON  
    -1                                                      EXPONENT            
                                                            END OF HEADER       
[from data line 3432]
     9                                                      START OF TEC MAP    
  2015     2    17    16     0     0                        EPOCH OF CURRENT MAP
    87.5-180.0 180.0   5.0 450.0                            LAT/LON1/LON2/DLON/H
  147  165  169  173  175  175  177  178  178  179  178  178  177  176  175  173
  172  170  169  168  168  166  166  165  165  164  164  162  162  159  159  156
  156  154  153  152  151  150  150  149  148  146  146  145  144  144  144  143
  144  143  144  144  145  145  146  146  147  148  149  150  151  152  153  155
  156  158  160  162  165  167  170  173  147                                   
    85.0-180.0 180.0   5.0 450.0                            LAT/LON1/LON2/DLON/H
  140  161  172  177  179  181  183  184  185  185  185  183  183  179  178  174
  173  168  168  164  164  161  162  159  160  159  160  158  159  158  158  155
  154  152  151  147  146  143  142  138  136  133  132  129  128  127  125  125
  124  124  124  125  125  127  128  128  131  131  134  134  138  138  142  142
  147  148  153  157  160  159  163  155  140                                   
    82.5-180.0 180.0   5.0 450.0                            LAT/LON1/LON2/DLON/H
  142  159  170  170  177  175  179  179  180  179  178  177  175  173  170  166
  165  159  159  154  155  152  153  152  152  152  152  152  152  153  152  152
  151  149  147  142  140  135  134  128  126  121  120  115  114  110  109  107
  106  105  105  105  106  107  108  110  112  113  115  115  119  118  123  123
  130  130  139  139  147  139  154  143  142                                   
    80.0-180.0 180.0   5.0 450.0                            LAT/LON1/LON2/DLON/H
  122  140  148  152  159  160  162  165  162  164  159  160  154  154  147  146
  139  140  133  136  129  134  128  135  131  139  137  144  144  149  148  151
  150  149  146  143  138  136  130  128  122  119  114  111  106  104   99   98
   94   95   91   93   90   94   90   94   90   94   90   94   91   93   92   95
   98  102  106  110  115  119  127  126  122                                   
    77.5-180.0 180.0   5.0 450.0                            LAT/LON1/LON2/DLON/H
   98  118  124  128  130  131  134  136  137  136  136  134  134  130  131  128
  128  129  129  132  131  134  135  140  139  145  146  149  151  152  156  153
  154  150  148  142  137  131  127  120  116  110  107  100   98   92   90   86
   85   83   83   82   83   83   83   84   84   85   84   86   83   84   82   83
   84   85   87   88   89   90  101  106   98                                   
    75.0-180.0 180.0   5.0 450.0                            LAT/LON1/LON2/DLON/H
   83   95  105  101  113  108  117  115  120  119  121  120  121  118  122  121
  126  128  134  136  141  145  147  149  150  152  154  156  159  162  165  168
  167  167  162  157  149  145  137  131  123  120  112  108  102   98   94   91
   90   89   89   88   89   89   90   89   89   89   88   85   84   81   81   79
   79   76   78   74   75   73   86   94   83                                   
    72.5-180.0 180.0   5.0 450.0                            LAT/LON1/LON2/DLON/H
   75   82   87   88   91   95  100  104  105  108  109  111  111  110  115  120
  128  135  145  153  159  168  169  173  173  178  178  180  184  184  189  187
  189  184  181  171  167  155  149  138  131  123  117  110  105  101   97   94
   93   92   94   94   94   95   95   95   95   96   92   93   89   89   85   84
   80   78   74   70   63   63   72   81   75                                   
    70.0-180.0 180.0   5.0 450.0                            LAT/LON1/LON2/DLON/H
   67   67   74   73   83   84   92   94   97  101  103  107  110  110  120  126
  142  151  168  177  190  197  202  202  203  199  199  197  195  199  198  202
  202  204  198  192  182  174  164  154  142  133  126  117  113  106  105   98
   99   95   99   96   99   97  100   98  100   99   99   96   97   94   93   89
   88   82   81   71   64   61   65   72   67                                   
    67.5-180.0 180.0   5.0 450.0                            LAT/LON1/LON2/DLON/H
   67   62   67   69   73   79   83   89   91   98  100  106  106  113  120  135
  152  169  189  204  219  230  233  239  235  239  232  234  228  230  227  227
  223  220  215  205  195  183  175  163  154  141  133  121  114  106  102   96
   94   92   93   91   92   91   92   92   92   93   94   96   96   97   95   94
   89   86   79   73   62   60   60   68   67                                   
    65.0-180.0 180.0   5.0 450.0                            LAT/LON1/LON2/DLON/H
   56   56   64   64   70   70   76   79   81   91   94  105  109  120  130  144
  167  184  210  225  247  258  267  275  269  272  261  261  249  249  240  242
  232  233  222  220  201  196  181  175  162  153  141  128  118  107  103   93
   91   82   85   78   81   75   79   76   80   79   84   85   90   92   93   91
   90   86   82   75   65   62   61   63   56                                   
    62.5-180.0 180.0   5.0 450.0                            LAT/LON1/LON2/DLON/H
   54   54   61   62   67   68   71   74   77   87   91  105  110  126  133  154
  172  194  221  238  260  278  291  297  296  296  287  283  272  273  265  265
  255  250  238  229  214  202  191  181  172  159  148  133  119  106   96   86
   79   73   71   66   66   63   62   61   61   63   66   71   79   80   83   83
   84   84   77   74   64   64   59   62   54                                   
    60.0-180.0 180.0   5.0 450.0                            LAT/LON1/LON2/DLON/H
   43   54   61   55   61   57   58   61   57   74   75   97  108  132  142  161
  181  201  228  243  268  278  295  301  306  308  301  299  288  289  280  281
  271  265  251  240  222  212  199  191  180  169  155  141  124  109   97   83
   75   63   62   54   56   49   50   47   49   48   50   54   61   66   71   73
   76   76   76   72   66   64   61   58   43                                   
    57.5-180.0 180.0   5.0 450.0                            LAT/LON1/LON2/DLON/H
   49   58   59   59   59   56   47   53   50   69   76  102  112  139  148  167
  185  206  229  244  264  275  289  296  302  304  306  304  301  301  297  297
  289  283  270  255  238  222  210  200  188  176  164  149  130  112   96   83
   72   63   57   51   49   44   42   39   41   40   42   45   52   57   62   66
   69   73   71   73   63   67   60   60   49                                   
    55.0-180.0 180.0   5.0 450.0                            LAT/LON1/LON2/DLON/H
   48   65   65   57   53   39   33   34   38   56   70   94  110  138  155  176
  192  210  231  244  263  270  285  288  295  298  303  308  308  313  310  312
  303  297  281  267  246  231  219  209  197  188  177  163  144  125  108   94
   83   73   68   61   56   53   49   47   47   46   46   46   52   55   59   62
   67   71   74   75   72   73   71   64   48                                   
    52.5-180.0 180.0   5.0 450.0                            LAT/LON1/LON2/DLON/H
   65   75   68   69   65   58   44   50   50   73   86  112  128  152  169  191
  205  223  241  252  267  272  281  285  290  295  303  310  316  321  325  323
  318  306  296  277  260  241  232  219  210  199  191  177  160  140  123  109
   98   90   84   77   73   68   66   63   64   62   63   62   64   66   68   71
   74   81   81   85   77   80   78   75   65                                   
    50.0-180.0 180.0   5.0 450.0                            LAT/LON1/LON2/DLON/H
   79   91   86   79   82   70   61   60   67   84  102  126  142  166  183  205
  221  238  251  262  273  274  284  286  293  297  306  313  320  327  328  330
  322  311  297  283  266  250  239  228  218  211  203  190  174  157  140  128
  118  111  105   99   93   90   86   85   85   84   84   82   82   81   83   86
   87   91   95   96   96   93   98   93   79                                   
    47.5-180.0 180.0   5.0 450.0                            LAT/LON1/LON2/DLON/H
  102  103   96   97   96   94   89   94   96  117  131  156  171  189  204  224
  242  257  272  279  287  287  291  295  301  308  315  322  327  330  331  329
  323  311  300  287  276  261  251  240  229  220  211  198  183  166  152  140
  133  125  120  113  108  103  101  101  103  105  106  105  104  104  102  106
  104  109  107  114  106  108  111  111  102                                   
    45.0-180.0 180.0   5.0 450.0                            LAT/LON1/LON2/DLON/H
  115  116  114  109  114  110  110  111  122  137  158  177  194  211  227  248
  267  284  295  299  303  302  306  308  315  321  327  330  331  329  326  322
  316  308  298  289  281  268  258  245  235  222  212  197  183  168  157  148
  141  135  130  123  115  110  105  108  111  117  120  122  121  121  121  122
  122  123  123  124  124  122  128  129  115                                   
    42.5-180.0 180.0   5.0 450.0                            LAT/LON1/LON2/DLON/H
  129  123  119  122  123  124  121  124  132  151  172  199  213  232  247  267
  291  304  313  315  314  312  315  321  328  333  337  337  332  324  316  312
  306  302  297  294  289  280  271  257  242  228  214  197  181  167  157  148
  143  137  132  121  113  103   99   99  105  112  116  124  125  129  128  132
  127  130  124  130  125  128  134  137  129                                   
    40.0-180.0 180.0   5.0 450.0                            LAT/LON1/LON2/DLON/H
  129  126  124  122  128  129  130  133  144  165  192  215  235  252  272  293
  314  324  329  326  328  321  325  328  336  338  341  336  329  318  310  307
  304  304  306  306  307  296  288  269  254  231  214  192  178  161  153  144
  139  132  127  115  103   91   84   82   87   97  106  117  122  128  130  133
  132  129  125  125  125  124  133  136  129                                   
    37.5-180.0 180.0   5.0 450.0                            LAT/LON1/LON2/DLON/H
  128  121  122  124  126  129  127  134  142  169  197  226  248  267  285  307
  326  333  335  332  326  323  324  329  337  341  340  334  325  314  305  306
  306  314  319  326  326  318  306  287  268  245  224  202  185  169  157  150
  143  137  129  117  101   87   74   71   74   84   91  103  109  116  119  124
  121  120  112  115  112  117  124  129  128                                   
    35.0-180.0 180.0   5.0 450.0                            LAT/LON1/LON2/DLON/H
  113  117  115  111  118  117  121  125  142  168  203  235  262  283  305  322
  341  342  346  337  335  328  332  333  338  338  337  332  323  318  314  321
  327  337  348  355  360  350  338  316  294  269  248  223  207  190  181  170
  166  158  154  139  125  104   91   79   81   85   93  100  105  111  115  120
  119  114  107  102  101  101  112  116  113                                   
    32.5-180.0 180.0   5.0 450.0                            LAT/LON1/LON2/DLON/H
  106  102  101  105  104  107  107  114  130  162  201  237  267  290  313  334
  349  352  349  344  337  335  332  335  335  337  335  334  329  332  339  356
  370  385  398  405  405  395  379  354  326  302  280  260  243  229  220  214
  211  206  198  185  167  147  129  116  113  111  114  116  117  117  118  120
  118  115  103  100   90   97   99  105  106                                   
    30.0-180.0 180.0   5.0 450.0                            LAT/LON1/LON2/DLON/H
   92   93   89   89   91   93   94  102  119  154  196  238  273  301  326  345
  360  359  359  354  353  345  344  340  339  338  336  340  343  359  375  403
  426  451  463  471  469  458  437  405  368  343  319  302  288  278  275  272
  277  276  278  268  250  221  202  184  183  175  168  162  154  145  140  134
  129  123  116  109  105  100  101   96   92                                   
    27.5-180.0 180.0   5.0 450.0                            LAT/LON1/LON2/DLON/H
   91   84   80   83   81   84   85   97  112  147  189  235  272  300  329  351
  364  366  364  363  363  357  350  344  338  340  343  356  372  398  431  469
  504  525  542  541  537  516  493  459  422  392  367  352  342  340  342  348
  349  347  352  344  331  312  288  270  252  241  228  218  210  196  181  170
  158  147  138  130  121  118  105   95   91                                   
    25.0-180.0 180.0   5.0 450.0                            LAT/LON1/LON2/DLON/H
   95   93   81   83   76   81   82   94  113  145  187  234  272  305  336  359
  374  377  378  379  377  371  363  352  347  350  362  384  408  450  490  537
  575  599  609  607  591  571  539  509  476  447  425  411  407  404  400  408
  414  426  433  439  432  422  401  381  354  337  309  292  262  242  224  214
  207  200  181  162  146  136  126  104   95                                   
    22.5-180.0 180.0   5.0 450.0                            LAT/LON1/LON2/DLON/H
  107   91   88   87   80   81   75   99  110  155  187  238  267  303  333  361
  378  387  390  392  389  379  369  357  359  369  394  422  460  507  560  608
  647  663  663  652  638  609  578  548  521  501  483  478  464  464  465  471
  477  483  491  498  494  489  471  454  427  411  375  354  316  294  265  249
  235  229  218  197  170  149  137  129  107                                   
    20.0-180.0 180.0   5.0 450.0                            LAT/LON1/LON2/DLON/H
  115  102   89   91   84   97   88  119  128  171  198  241  270  306  334  369
  388  403  406  408  402  388  375  368  378  399  432  474  517  571  627  674
  709  721  711  695  671  649  614  591  569  558  543  533  518  519  511  511
  507  511  515  521  519  510  495  472  453  436  415  396  362  336  310  289
  270  264  253  239  213  179  154  139  115                                   
    17.5-180.0 180.0   5.0 450.0                            LAT/LON1/LON2/DLON/H
  135  121  109  100   99   99  104  123  142  181  204  248  270  305  332  369
  392  411  415  418  408  395  382  383  400  433  471  519  567  617  672  712
  738  741  732  711  686  658  631  615  601  596  574  564  545  536  522  514
  500  499  493  502  492  484  467  454  436  427  414  405  379  358  328  313
  293  289  267  256  233  215  180  160  135                                   
    15.0-180.0 180.0   5.0 450.0                            LAT/LON1/LON2/DLON/H
  142  131  117  105  104  103  109  132  154  195  220  256  280  314  340  380
  404  426  428  432  420  407  395  405  430  474  516  568  612  655  703  731
  744  742  728  708  679  658  635  633  625  629  608  591  564  544  514  491
  464  451  434  427  409  405  394  388  382  382  380  382  368  355  336  319
  304  292  275  253  231  214  193  161  142                                   
    12.5-180.0 180.0   5.0 450.0                            LAT/LON1/LON2/DLON/H
  148  144  122  115  100  101  109  132  156  195  224  259  280  312  344  385
  416  435  441  444  434  427  419  433  461  510  554  606  638  677  711  729
  732  728  708  690  664  649  632  638  641  638  618  595  558  518  476  438
  403  385  356  341  322  323  314  317  313  315  316  326  324  327  318  309
  294  285  264  252  228  208  197  165  148                                   
    10.0-180.0 180.0   5.0 450.0                            LAT/LON1/LON2/DLON/H
  134  140  120  107   97   98  113  140  171  211  249  282  309  339  371  410
  439  461  466  468  456  455  449  473  502  555  598  633  660  688  710  716
  713  700  684  669  650  643  635  646  649  650  623  596  543  489  439  387
  353  324  293  270  260  253  251  247  252  257  264  278  284  290  294  288
  275  262  251  236  217  201  192  161  134                                   
     7.5-180.0 180.0   5.0 450.0                            LAT/LON1/LON2/DLON/H
  129  138  117  110   94   98  106  145  178  224  258  293  320  351  384  423
  458  478  490  496  488  485  483  509  542  594  629  657  675  688  702  695
