data/unet/pred0540.15i
     1.0            IONOSPHERE MAPS     GNSS                IONEX VERSION / TYPE
pyspatialgeodesy        IME             05-JAN-18 20:20     PGM / RUN BY / DATE 
Map Name                                                    COMMENT             
Predicted global ionosphere maps (GIM).                     DESCRIPTION         
  2015     2    23     0     0     0                        EPOCH OF FIRST MAP  
  2015     2    24     0     0     0                        EPOCH OF LAST MAP   
  7200                                                      INTERVAL            
    13                                                      # OF MAPS IN FILE   
  NONE                                                      MAPPING FUNCTION    
10.0                                                        ELEVATION CUTOFF    
One-way carrier phase leveled to code                       OBSERVABLES USED    
  6371.0                                                    BASE RADIUS         
 2                                                          MAP DIMENSION       
   450.0 450.0   0.0                                        HGT1 / HGT2 / DHGT  
    87.5 -87.5  -2.5                                        LAT1 / LAT2 / DLAT  
  -180.0 180.0   5.0                                        LON1 / LON2 / DLON  
    -1                                                      EXPONENT            
                                                            END OF HEADER       
[from data line 3003]
     8                                                      START OF TEC MAP    
  2015     2    23    14     0     0                        EPOCH OF CURRENT MAP
    87.5-180.0 180.0   5.0 450.0                            LAT/LON1/LON2/DLON/H
  125  135  141  143  141  143  143  145  145  146  146  147  147  148  147  148
  146  147  145  146  144  145  143  143  143  143  142  142  143  142  142  141
  140  139  138  136  135  132  131  128  127  125  124  123  122  123  120  122
  121  124  122  125  124  128  126  130  129  132  130  133  132  135  133  135
  135  136  136  138  137  138  147  126  125                                   
    85.0-180.0 180.0   5.0 450.0                            LAT/LON1/LON2/DLON/H
  126  127  126  128  127  129  129  132  132  135  135  136  137  138  138  139
  139  139  138  138  139  139  140  140  141  141  142  142  143  142  142  141
  140  138  136  133  131  127  124  120  117  114  110  108  106  104  103  103
  102  103  103  104  106  106  108  109  111  114  114  116  117  119  120  121
  123  123  123  124  126  125  125  125  126                                   
    82.5-180.0 180.0   5.0 450.0                            LAT/LON1/LON2/DLON/H
  128  105  111  113  112  114  116  117  121  120  124  123  126  124  126  125
  126  125  127  126  129  130  133  135  139  140  143  143  147  145  147  144
  144  139  137  132  128  122  117  111  107  101   98   93   91   86   85   82
   84   82   85   85   89   89   95   93  102   98  106  103  110  109  111  112
  112  114  111  113  109  109  109  104  128                                   
    80.0-180.0 180.0   5.0 450.0                            LAT/LON1/LON2/DLON/H
  101   81   84   91   88   90   90   94   94   97   96   98   97   97   97   98
   98  100  101  105  107  112  116  122  125  130  134  137  140  142  142  144
  142  140  136  132  125  120  112  106   98   92   86   81   76   73   70   70
   69   73   73   80   80   87   86   93   93   99   97  103  101  106  103  105
  102  103   98   97   91   88   82   86  101                                   
    77.5-180.0 180.0   5.0 450.0                            LAT/LON1/LON2/DLON/H
   78   64   65   69   66   69   69   73   72   74   74   75   74   73   74   73
   74   74   79   82   88   94  102  110  117  125  131  138  143  150  152  156
  154  153  148  144  136  128  119  111  102   93   85   78   73   67   66   64
   66   68   72   75   79   83   87   91   94   99   98  102   98  101   96   97
   90   91   84   81   74   68   64   72   78                                   
    75.0-180.0 180.0   5.0 450.0                            LAT/LON1/LON2/DLON/H
   66   47   54   54   57   55   59   58   62   61   64   61   64   60   64   60
   66   63   71   73   82   89  100  110  120  129  139  146  154  161  166  170
  170  169  165  161  153  146  135  126  114  106   95   89   81   77   73   71
   70   71   75   78   82   86   89   94   97  101  102  104  104  104  102   98
   95   88   84   74   69   61   59   63   66                                   
    72.5-180.0 180.0   5.0 450.0                            LAT/LON1/LON2/DLON/H
   61   48   47   49   48   49   51   53   55   55   56   56   57   58   59   59
   63   64   73   78   88   98  109  121  132  143  150  160  166  174  179  185
  186  187  185  181  176  167  159  148  137  127  116  108  101   96   92   89
   88   88   88   91   90   93   91   96   94   99   97  103  101  103  101   99
   94   89   81   74   65   58   56   60   61                                   
    70.0-180.0 180.0   5.0 450.0                            LAT/LON1/LON2/DLON/H
   61   46   51   49   52   51   56   52   57   54   58   55   60   55   62   58
   67   66   79   85   99  112  124  136  146  155  163  171  177  184  190  196
  199  201  201  199  194  187  180  171  160  153  143  136  129  122  119  115
  114  110  109  105  102   98   93   90   89   89   88   92   92   97   97   98
   96   92   88   79   71   61   61   60   61                                   
    67.5-180.0 180.0   5.0 450.0                            LAT/LON1/LON2/DLON/H
   63   57   54   54   54   55   56   56   57   56   57   57   58   60   64   67
   74   80   90  104  116  130  142  152  160  167  172  179  184  189  194  198
  202  203  206  205  205  199  195  187  182  174  168  162  156  150  144  138
  133  127  123  115  107   99   91   85   79   77   73   77   77   84   87   92
   92   92   87   83   73   67   65   63   63                                   
    65.0-180.0 180.0   5.0 450.0                            LAT/LON1/LON2/DLON/H
   66   58   57   56   59   58   62   59   62   57   60   59   62   64   69   74
   83   90  102  115  130  143  155  164  170  174  178  182  186  191  195  200
  206  208  212  211  213  208  205  199  197  190  187  180  178  170  165  154
  146  135  128  115  103   91   78   68   61   57   55   55   58   66   73   81
   86   87   88   83   78   71   69   66   66                                   
    62.5-180.0 180.0   5.0 450.0                            LAT/LON1/LON2/DLON/H
   66   60   56   59   58   62   61   62   62   59   58   59   60   67   71   79
   89   99  110  128  140  154  164  172  176  178  178  181  183  187  193  198
  205  206  210  208  211  207  208  204  204  200  198  193  191  182  177  162
  152  136  127  109   97   78   67   53   47   39   37   38   40   49   56   68
   73   80   80   80   75   71   67   62   66                                   
    60.0-180.0 180.0   5.0 450.0                            LAT/LON1/LON2/DLON/H
   63   52   48   50   52   53   55   55   57   51   53   51   58   60   70   78
   91   99  115  130  146  157  168  175  179  179  179  179  181  185  192  200
  208  210  215  213  218  213  214  210  212  205  206  199  200  189  181  166
  152  134  121  103   87   70   55   43   35   27   25   24   29   35   45   55
   65   70   75   72   71   66   62   55   63                                   
    57.5-180.0 180.0   5.0 450.0                            LAT/LON1/LON2/DLON/H
   59   44   40   46   41   47   45   48   47   46   46   48   51   60   67   78
   90  102  117  135  149  162  171  181  180  182  179  182  182  188  193  204
  210  215  218  217  218  215  216  214  215  212  212  207  206  195  186  168
  155  133  121  101   87   69   58   45   38   29   27   26   27   33   39   50
   56   63   66   68   65   63   55   49   59                                   
    55.0-180.0 180.0   5.0 450.0                            LAT/LON1/LON2/DLON/H
   57   38   35   36   35   37   38   40   41   38   41   40   47   51   64   71
   89   98  119  133  150  161  172  178  181  181  182  185  189  196  205  216
  224  229  231  229  228  226  224  222  221  215  217  211  212  199  190  172
  158  141  127  110   97   83   72   60   53   45   41   38   39   42   47   52
   58   61   65   64   62   59   54   43   57                                   
    52.5-180.0 180.0   5.0 450.0                            LAT/LON1/LON2/DLON/H
   63   41   36   41   35   37   36   38   37   39   37   41   44   53   61   74
   90  105  122  142  156  169  176  186  186  190  189  198  200  212  219  233
  239  245  242  242  237  236  233  231  227  224  222  221  218  207  197  181
  170  153  144  128  118  106   97   87   80   72   66   64   62   64   63   66
   65   67   68   69   66   64   58   51   63                                   
    50.0-180.0 180.0   5.0 450.0                            LAT/LON1/LON2/DLON/H
   73   53   49   50   46   44   42   42   42   40   40   41   45   49   63   73
   94  108  131  146  163  172  183  189  195  198  201  208  215  226  235  247
  256  260  258  257  252  251  246  242  238  233  232  228  228  216  209  194
  184  171  162  151  143  135  127  118  112  103   97   92   89   88   87   86
   84   82   82   80   78   75   73   64   73                                   
    47.5-180.0 180.0   5.0 450.0                            LAT/LON1/LON2/DLON/H
   91   75   69   69   61   59   54   53   50   51   47   51   50   58   66   84
  103  125  145  164  175  188  194  205  205  214  214  226  227  241  246  259
  266  268  267  266  263  263  260  257  253  248  246  243  239  229  220  208
  199  187  181  171  165  157  150  141  134  126  120  118  114  115  109  108
  102  100   96   95   92   92   91   89   91                                   
    45.0-180.0 180.0   5.0 450.0                            LAT/LON1/LON2/DLON/H
  108  100   92   90   86   79   73   68   66   61   61   58   60   61   76   89
  115  135  158  173  187  197  207  214  220  228  232  239  242  248  255  261
  267  267  268  268  270  273  272  269  267  261  258  253  251  240  233  219
  212  199  193  182  177  167  160  150  144  137  132  132  130  132  128  126
  122  119  115  111  112  111  115  114  108                                   
    42.5-180.0 180.0   5.0 450.0                            LAT/LON1/LON2/DLON/H
  121  120  114  111  105   98   91   84   79   76   72   71   68   73   82  103
  127  155  173  193  202  216  221  233  235  244  245  251  247  251  255  258
  261  262  267  273  281  289  292  292  288  282  276  269  264  252  242  228
  218  205  197  185  176  164  154  143  136  129  126  129  130  134  132  132
  128  128  122  122  120  125  133  134  121                                   
    40.0-180.0 180.0   5.0 450.0                            LAT/LON1/LON2/DLON/H
  128  130  125  124  120  111  104   94   90   83   84   79   81   81   96  112
  140  164  187  203  216  226  234  241  251  254  257  258  255  254  254  256
  258  261  270  282  296  307  313  315  309  302  293  285  278  264  254  238
  228  210  200  183  172  154  142  128  123  115  114  117  120  125  127  128
  129  128  127  124  126  128  139  140  128                                   
    37.5-180.0 180.0   5.0 450.0                            LAT/LON1/LON2/DLON/H
  123  128  126  127  124  116  109   98   94   88   88   88   88   92  104  127
  153  179  197  215  225  238  243  255  258  262  261  261  254  253  251  252
  257  267  283  301  320  336  344  348  341  333  321  310  300  283  269  251
  237  220  205  186  169  149  132  119  109  103   99  103  104  109  110  115
  114  118  114  115  113  121  131  135  123                                   
    35.0-180.0 180.0   5.0 450.0                            LAT/LON1/LON2/DLON/H
  114  116  119  120  120  112  106   95   92   85   91   89   95   97  116  134
  162  185  206  220  234  247  255  263  269  269  269  266  260  260  260  266
  276  292  313  333  357  370  381  383  377  366  350  337  323  307  289  271
  252  235  216  199  181  160  142  125  113  105  101   99  101  101  104  105
  111  110  110  104  103  106  113  119  114                                   
    32.5-180.0 180.0   5.0 450.0                            LAT/LON1/LON2/DLON/H
   96  102  104  108  108  104  100   91   88   84   88   90   97  104  119  142
  168  190  208  224  239  254  261  274  275  280  276  281  276  288  290  310
  322  349  371  395  414  425  430  431  422  411  395  379  363  341  321  303
  285  271  250  234  214  199  185  167  153  140  128  123  117  112  109  106
  109  105  101   92   88   93   92  101   96                                   
    30.0-180.0 180.0   5.0 450.0                            LAT/LON1/LON2/DLON/H
   85   89   90   92   95   93   92   84   84   79   86   86   99  103  125  143
  172  191  213  228  249  263  276  283  288  290  293  300  307  326  341  367
  390  418  441  464  480  488  491  483  474  460  446  430  412  389  368  352
  338  324  309  295  279  261  239  220  204  191  181  177  167  162  152  141
  131  120  110   97   87   85   83   80   85                                   
    27.5-180.0 180.0   5.0 450.0                            LAT/LON1/LON2/DLON/H
   69   82   77   80   81   83   84   80   80   79   83   87   98  108  125  148
  174  195  217  239  259  278  288  297  300  308  313  334  348  377  404  440
  469  502  523  539  548  551  546  540  528  523  510  501  482  462  436  420
  405  399  383  371  355  346  331  316  297  275  256  240  222  200  183  167
  159  153  147  127  108   99   89   80   69                                   
    25.0-180.0 180.0   5.0 450.0                            LAT/LON1/LON2/DLON/H
   77   77   66   69   68   71   70   68   75   74   83   83   95  105  127  146
  177  198  225  247  274  293  308  312  320  328  345  366  391  426  464  503
  545  575  600  612  614  609  597  589  576  575  567  561  547  532  510  496
  475  470  457  452  434  436  417  412  388  369  340  317  281  258  211  198
  178  176  156  145  130  114  117   86   77                                   
    22.5-180.0 180.0   5.0 450.0                            LAT/LON1/LON2/DLON/H
   84   90   74   70   76   70   71   67   72   68   81   87   91  106  125  149
  177  203  231  258  281  307  320  329  336  352  371  401  428  470  512  563
  606  642  666  672  670  656  644  634  629  632  629  630  619  612  595  582
  562  545  533  532  525  519  509  492  472  441  419  389  358  326  293  268
  239  230  212  193  171  163  147  122   84                                   
    20.0-180.0 180.0   5.0 450.0                            LAT/LON1/LON2/DLON/H
  118  123   99   93   89   85   79   77   74   72   79   83   86   99  123  149
  181  210  239  266  295  316  335  342  357  373  399  419  459  506  561  610
  661  687  709  705  696  681  664  661  660  672  674  678  674  671  665  657
  642  622  604  594  594  588  582  564  542  513  489  456  430  400  368  348
  316  307  278  266  239  216  193  179  118                                   
    17.5-180.0 180.0   5.0 450.0                            LAT/LON1/LON2/DLON/H
  156  146  126  116  109  106   94   86   80   76   76   87   86  103  120  154
  184  216  247  276  302  329  345  358  375  397  411  447  491  549  600  656
  701  722  730  719  705  687  679  678  689  694  701  706  705  705  701  701
  683  669  646  632  622  606  595  574  557  528  511  485  463  443  421  403
  376  364  341  329  294  269  236  222  156                                   
    15.0-180.0 180.0   5.0 450.0                            LAT/LON1/LON2/DLON/H
  183  168  142  131  127  126  110  100   88   83   78   86   90  102  125  157
  190  224  255  284  313  337  356  371  392  404  432  467  529  577  636  676
  715  725  728  714  697  682  678  688  694  708  715  725  724  727  724  723
  705  686  652  627  601  573  559  534  519  494  497  484  483  462  449  426
  406  388  365  347  329  301  268  253  183                                   
    12.5-180.0 180.0   5.0 450.0                            LAT/LON1/LON2/DLON/H
  195  190  163  143  135  128  118  107   94   87   81   89   95  111  130  167
  195  235  263  297  323  348  367  386  403  415  448  500  558  610  657  691
  717  716  713  694  684  672  682  689  706  717  728  733  734  734  729  725
  706  677  638  580  537  494  475  453  445  439  451  460  462  463  445  432
  407  391  368  354  338  320  283  252  195                                   
    10.0-180.0 180.0   5.0 450.0                            LAT/LON1/LON2/DLON/H
  183  188  169  160  138  129  112  105   95   86   82   83  101  118  147  180
  210  243  276  308  336  360  383  398  421  438  481  530  586  623  657  680
  693  690  684  675  670  672  685  698  710  724  730  736  735  735  729  722
  702  662  607  514  458  409  395  376  382  382  406  417  439  436  438  413
  398  367  349  327  315  293  277  241  183                                   
     7.5-180.0 180.0   5.0 450.0                            LAT/LON1/LON2/DLON/H
  165  175  170  149  145  128  111  100   91   92   85   92   98  129  156  196
  223  260  287  320  344  372  398  418  440  472  509  567  605  634  653  666
