data/unet/pred3420.15i
     1.0            IONOSPHERE MAPS     GNSS                IONEX VERSION / TYPE
pyspatialgeodesy        IME             05-JAN-18 20:20     PGM / RUN BY / DATE 
Map Name                                                    COMMENT             
Predicted global ionosphere maps (GIM).                     DESCRIPTION         
  2015    12     8     0     0     0                        EPOCH OF FIRST MAP  
  2015    12     9     0     0     0                        EPOCH OF LAST MAP   
  7200                                                      INTERVAL            
    13                                                      # OF MAPS IN FILE   
  NONE                                                      MAPPING FUNCTION    
10.0                                                        ELEVATION CUTOFF    
One-way carrier phase leveled to code                       OBSERVABLES USED    
  6371.0                                                    BASE RADIUS         
 2                                                          MAP DIMENSION       
   450.0 450.0   0.0                                        HGT1 / HGT2 / DHGT  
    87.5 -87.5  -2.5                                        LAT1 / LAT2 / DLAT  
  -180.0 180.0   5.0                                        LON1 / LON2 / DLON  
    -1                                                      EXPONENT            
                                                            END OF HEADER       
[from data line 1287]
     4                                                      START OF TEC MAP    
  2015    12     8     6     0     0                        EPOCH OF CURRENT MAP
    87.5-180.0 180.0   5.0 450.0                            LAT/LON1/LON2/DLON/H
    4   44   39   37   38   36   39   38   40   39   40   38   40   38   39   38
   39   38   39   38   39   38   39   38   39   39   40   39   40   40   40   40
   40   41   41   41   41   41   42   41   41   41   41   39   40   38   39   37
   39   36   38   35   37   34   36   32   35   32   34   31   33   30   32   29
   32   30   32   31   35   31   42    9    4                                   
    85.0-180.0 180.0   5.0 450.0                            LAT/LON1/LON2/DLON/H
   42   32   42   40   44   40   45   43   46   44   47   46   47   46   47   46
   46   45   46   44   45   43   45   42   44   43   45   44   45   45   46   46
   47   47   48   47   48   47   48   47   48   46   48   45   47   43   47   42
   47   40   46   39   45   38   44   37   43   35   41   33   39   31   36   29
   34   28   34   29   36   25   38   19   42                                   
    82.5-180.0 180.0   5.0 450.0                            LAT/LON1/LON2/DLON/H
   34   40   37   35   37   36   40   41   43   43   45   44   45   44   44   42
   42   40   40   38   39   36   37   36   37   36   38   37   39   39   40   41
   42   42   44   44   45   45   45   45   46   44   45   43   45   42   44   42
   44   42   44   42   44   42   43   41   42   39   39   36   37   33   33   30
   31   27   30   26   28   23   42   19   34                                   
    80.0-180.0 180.0   5.0 450.0                            LAT/LON1/LON2/DLON/H
   30   32   32   27   28   30   34   37   38   40   40   41   40   40   38   38
   35   35   32   32   28   30   27   29   26   29   29   32   31   36   35   40
   38   42   41   44   41   44   41   43   40   41   39   40   38   39   38   39
   38   39   40   40   41   40   41   40   39   37   37   34   32   29   28   25
   23   21   20   20   16   12   22   13   30                                   
    77.5-180.0 180.0   5.0 450.0                            LAT/LON1/LON2/DLON/H
   23   27   25   25   28   30   33   37   37   39   39   41   39   38   37   36
   33   32   30   29   26   26   24   24   24   25   27   29   30   33   36   39
   40   42   43   44   43   43   42   42   39   39   38   38   37   38   38   40
   41   42   43   45   45   46   46   47   46   44   43   41   38   35   32   28
   25   23   22   20   18   11   24   10   23                                   
    75.0-180.0 180.0   5.0 450.0                            LAT/LON1/LON2/DLON/H
   23   26   31   24   26   29   33   37   38   40   40   41   38   39   36   36
   32   33   30   30   26   28   24   25   23   26   27   30   30   35   38   41
   42   45   45   45   43   42   40   38   35   35   35   35   35   36   39   41
   43   46   50   52   54   56   58   58   58   58   56   54   50   47   43   40
   34   32   29   27   23   17   28    9   23                                   
    72.5-180.0 180.0   5.0 450.0                            LAT/LON1/LON2/DLON/H
   23   25   24   24   26   27   31   33   36   36   37   37   37   35   35   34
   33   33   32   32   29   29   26   26   24   25   26   29   30   34   36   40
   41   43   43   43   39   37   34   32   30   29   29   30   31   34   38   42
   45   50   54   58   61   64   66   68   67   67   65   65   59   58   52   50
   44   41   37   33   29   21   32   12   23                                   
    70.0-180.0 180.0   5.0 450.0                            LAT/LON1/LON2/DLON/H
   27   28   30   23   25   26   30   32   35   35   37   36   37   35   36   36
   37   36   37   36   35   33   33   31   30   29   31   31   33   35   39   41
   43   42   43   40   37   32   30   26   25   24   27   28   32   36   43   46
   53   56   64   66   74   73   80   79   83   80   82   78   78   73   70   65
   60   55   51   47   40   31   38   18   27                                   
    67.5-180.0 180.0   5.0 450.0                            LAT/LON1/LON2/DLON/H
   31   31   29   25   26   27   30   31   34   33   35   34   36   35   36   37
   39   40   41   42   41   41   38   37   34   34   32   33   33   36   38   41
   42   42   40   37   33   29   25   22   22   21   26   29   35   40   47   53
   59   65   70   79   82   88   90   93   93   94   92   91   88   85   80   78
   72   68   64   59   52   40   46   26   31                                   
    65.0-180.0 180.0   5.0 450.0                            LAT/LON1/LON2/DLON/H
   36   35   34   26   26   27   30   31   33   32   34   34   36   36   39   40
   43   44   47   46   47   45   45   41   40   37   36   35   35   36   38   39
   40   38   36   32   27   23   20   19   19   23   28   34   41   47   56   60
   69   74   84   88   97   99  105  105  109  107  109  106  107  101   98   91
   85   79   76   71   63   53   54   35   36                                   
    62.5-180.0 180.0   5.0 450.0                            LAT/LON1/LON2/DLON/H
   45   41   35   29   27   26   28   29   31   30   31   31   33   34   37   40
   43   45   47   49   47   47   45   44   40   38   35   34   32   33   34   35
   36   34   32   27   22   17   16   15   19   21   31   37   48   54   62   68
   76   85   91   98  103  109  110  114  114  116  114  115  113  110  105   99
   92   87   83   79   71   60   62   42   45                                   
    60.0-180.0 180.0   5.0 450.0                            LAT/LON1/LON2/DLON/H
   49   43   37   29   26   27   28   29   30   29   30   30   32   35   38   41
   45   46   47   47   47   45   44   42   40   36   33   31   29   28   29   30
   30   28   26   22   18   14   13   15   19   27   36   47   56   64   72   80
   88   94  103  108  116  119  124  122  127  124  128  126  126  120  114  106
  100   92   87   83   76   66   64   48   49                                   
    57.5-180.0 180.0   5.0 450.0                            LAT/LON1/LON2/DLON/H
   59   51   41   33   30   28   29   28   29   28   28   27   30   32   35   38
   41   42   42   41   40   38   38   37   35   32   30   26   26   23   25   24
   26   24   24   19   17   13   13   15   22   30   43   52   64   72   81   89
   97  105  112  120  126  131  132  133  133  134  133  133  131  127  118  111
  102   97   91   88   81   72   73   53   59                                   
    55.0-180.0 180.0   5.0 450.0                            LAT/LON1/LON2/DLON/H
   66   55   45   37   34   32   32   32   30   29   28   29   30   34   36   40
   41   41   39   36   34   33   33   33   32   31   29   26   24   22   21   22
   23   23   23   20   19   17   19   22   30   39   52   61   71   82   91   99
  109  116  125  132  140  142  146  144  147  145  146  143  144  137  130  120
  110  100   94   89   83   75   75   60   66                                   
    52.5-180.0 180.0   5.0 450.0                            LAT/LON1/LON2/DLON/H
   79   69   56   47   42   38   37   35   34   31   29   28   30   32   35   37
   38   35   32   28   26   25   27   28   30   29   29   26   24   21   21   21
   24   23   25   24   23   22   24   30   39   49   60   69   80   91  100  110
  121  131  140  149  154  158  158  158  158  157  156  154  149  146  137  129
  116  109   99   97   90   83   85   66   79                                   
    50.0-180.0 180.0   5.0 450.0                            LAT/LON1/LON2/DLON/H
   88   77   63   57   54   48   47   44   42   38   34   33   33   36   37   39
   39   35   31   26   25   24   26   30   32   33   32   31   28   26   23   25
   27   28   31   31   32   33   36   42   53   61   72   80   90  100  110  120
  134  144  154  162  171  173  175  172  174  170  171  167  166  159  153  142
  131  119  109  103   97   88   90   77   88                                   
    47.5-180.0 180.0   5.0 450.0                            LAT/LON1/LON2/DLON/H
  104   92   77   71   67   62   58   54   50   46   40   38   37   38   38   39
   37   34   29   25   23   25   28   32   35   38   37   36   32   30   27   28
   30   34   38   40   42   45   49   57   65   74   82   92  101  113  123  135
  148  158  168  177  184  185  184  180  180  178  177  177  174  169  162  155
  142  132  121  116  108  100  103   85  104                                   
    45.0-180.0 180.0   5.0 450.0                            LAT/LON1/LON2/DLON/H
  111  103   84   82   78   74   72   66   64   58   54   50   48   48   46   46
   43   39   35   31   31   32   36   40   45   46   46   44   40   36   34   33
   37   41   46   49   53   57   62   70   79   87   94  102  110  121  135  146
  158  168  179  185  190  190  189  185  185  182  182  180  179  174  169  162
  152  141  131  123  116  105  109   98  111                                   
    42.5-180.0 180.0   5.0 450.0                            LAT/LON1/LON2/DLON/H
  120  112   96   91   89   84   81   78   73   69   62   61   56   56   52   51
   47   43   40   38   39   42   45   50   52   55   52   52   45   41   37   38
   41   46   52   58   62   69   74   83   91  101  107  115  121  134  146  156
  165  174  182  186  189  188  186  182  181  180  177  177  176  175  169  166
  156  150  138  132  123  113  117  103  120                                   
    40.0-180.0 180.0   5.0 450.0                            LAT/LON1/LON2/DLON/H
  119  115   96   96   93   90   89   86   85   80   78   74   73   70   66   62
   58   55   53   53   55   57   60   62   64   64   63   59   55   48   45   44
   48   52   57   64   69   77   83   93  102  112  119  124  134  143  155  162
  173  179  184  186  190  188  187  184  184  181  179  176  176  174  170  166
  159  152  141  134  125  115  118  107  119                                   
    37.5-180.0 180.0   5.0 450.0                            LAT/LON1/LON2/DLON/H
  117  111   98   93   93   91   89   89   88   89   86   86   83   82   77   73
   69   67   66   67   71   73   74   75   73   72   67   65   58   54   48   48
   50   56   60   69   74   83   90  103  113  125  131  138  146  155  164  170
  177  180  184  186  191  190  193  192  195  192  190  187  183  179  173  169
  161  156  147  139  129  118  121  104  117                                   
    35.0-180.0 180.0   5.0 450.0                            LAT/LON1/LON2/DLON/H
  107  103   87   87   85   84   86   87   91   92   95   94   97   93   90   85
   81   80   81   84   89   91   90   88   83   78   74   70   66   60   55   52
   54   59   62   69   73   83   93  106  120  132  142  146  156  161  172  175
  182  184  188  190  197  199  205  207  211  209  206  202  197  191  183  176
  167  161  151  142  129  117  119  103  107                                   
    32.5-180.0 180.0   5.0 450.0                            LAT/LON1/LON2/DLON/H
  105   93   81   76   76   74   76   79   83   90   94   99  102  104  101   97
   95   94   98  101  107  107  105   97   90   82   78   74   70   65   59   55
   55   59   62   68   73   83   94  110  126  141  152  159  166  172  180  186
  190  193  199  206  217  224  235  238  246  242  237  229  223  215  205  196
  184  175  165  153  139  121  121  103  105                                   
    30.0-180.0 180.0   5.0 450.0                            LAT/LON1/LON2/DLON/H
  103   90   70   67   64   60   63   67   75   82   91   97  105  106  107  104
  103  103  108  111  116  116  111  103   94   86   80   78   76   71   65   60
   58   59   61   65   70   79   93  111  130  146  159  165  175  180  192  195
  202  206  220  229  249  262  279  290  298  297  285  274  262  249  237  229
  215  203  186  171  153  135  129  110  103                                   
    27.5-180.0 180.0   5.0 450.0                            LAT/LON1/LON2/DLON/H
  117   94   74   66   60   57   55   59   64   73   83   92  101  107  109  110
  111  111  116  119  123  122  119  109  100   91   88   84   83   76   72   63
   63   61   63   65   71   78   94  113  137  154  169  177  188  195  208  216
  225  234  252  268  292  312  336  349  362  359  350  333  316  296  280  267
  254  240  221  199  180  161  149  128  117                                   
    25.0-180.0 180.0   5.0 450.0                            LAT/LON1/LON2/DLON/H
  132  110   79   75   61   53   50   50   57   63   75   82   95   99  106  105
  109  107  113  113  118  116  115  107  101   95   90   89   87   80   75   66
   64   60   62   61   67   76   92  114  140  160  177  186  200  210  226  237
  250  261  284  304  334  361  385  405  413  414  403  392  373  352  330  313
  295  278  258  232  208  190  175  153  132                                   
    22.5-180.0 180.0   5.0 450.0                            LAT/LON1/LON2/DLON/H
  166  132  113   95   83   70   62   56   58   64   69   77   87   94  100  100
  103  104  106  107  111  113  114  108  107   99   97   91   92   81   79   68
   68   63   63   62   67   78   98  120  152  170  190  202  218  233  251  262
  278  291  318  342  376  401  428  441  457  453  446  432  418  399  378  360
  342  321  299  274  248  231  208  190  166                                   
    20.0-180.0 180.0   5.0 450.0                            LAT/LON1/LON2/DLON/H
  202  169  147  131  114   93   81   68   65   64   72   73   84   84   93   88
   92   89   93   92   99   99  107  104  105  100   96   91   91   82   79   68
   69   63   63   61   67   81  100  129  156  181  202  216  236  252  271  286
  303  325  354  383  411  440  460  478  487  488  478  468  452  435  418  399
  384  363  341  318  292  267  244  236  202                                   
    17.5-180.0 180.0   5.0 450.0                            LAT/LON1/LON2/DLON/H
  247  200  189  168  153  130  114   98   90   82   83   85   85   88   88   86
   83   80   82   83   89   95  104  106  109  101  100   92   92   79   78   71
   72   64   65   63   73   87  112  140  172  193  217  234  256  276  297  313
  335  358  390  415  441  463  480  491  501  501  492  482  470  456  442  428
  415  399  379  360  337  320  286  280  247                                   
    15.0-180.0 180.0   5.0 450.0                            LAT/LON1/LON2/DLON/H
  283  242  225  210  193  168  154  131  121  114  108  100   99   90   91   79
   80   71   74   71   81   84   98   99  104   98   97   84   81   71   74   70
   71   63   63   64   74   93  115  151  177  203  226  246  273  293  318  340
  365  390  419  443  461  477  486  498  505  505  498  487  481  469  460  446
  436  420  406  388  374  355  321  321  283                                   
    12.5-180.0 180.0   5.0 450.0                            LAT/LON1/LON2/DLON/H
  323  278  262  248  228  206  192  168  154  144  133  127  116  113  101   94
   84   79   76   73   78   83   94   97  106   96   89   75   73   67   71   67
   71   62   65   65   82   97  128  158  190  214  238  263  286  314  338  365
  388  412  438  456  466  473  477  486  494  496  492  483  477  468  462  453
  444  431  420  404  394  384  350  350  323                                   
    10.0-180.0 180.0   5.0 450.0                            LAT/LON1/LON2/DLON/H
  347  315  293  288  260  241  227  207  193  179  170  157  147  132  122  105
   98   84   82   77   80   85   94   99   96   89   78   71   69   69   72   73
   69   64   64   70   83  106  132  169  192  220  243  269  297  322  352  376
  396  416  434  446  448  451  454  467  477  482  482  472  470  460  458  449
  442  431  420  409  405  396  370  372  347                                   
     7.5-180.0 180.0   5.0 450.0                            LAT/LON1/LON2/DLON/H
  363  337  321  312  289  267  253  232  222  207  194  186  171  163  146  135
  121  114  106  102   99   97   98   95   94   83   78   71   70   71   73   74
