data/unet/pred2030.15i
     1.0            IONOSPHERE MAPS     GNSS                IONEX VERSION / TYPE
pyspatialgeodesy        IME             05-JAN-18 20:20     PGM / RUN BY / DATE 
Map Name                                                    COMMENT             
Predicted global ionosphere maps (GIM).                     DESCRIPTION         
  2015     7    22     0     0     0                        EPOCH OF FIRST MAP  
  2015     7    23     0     0     0                        EPOCH OF LAST MAP   
  7200                                                      INTERVAL            
    13                                                      # OF MAPS IN FILE   
  NONE                                                      MAPPING FUNCTION    
10.0                                                        ELEVATION CUTOFF    
One-way carrier phase leveled to code                       OBSERVABLES USED    
  6371.0                                                    BASE RADIUS         
 2                                                          MAP DIMENSION       
   450.0 450.0   0.0                                        HGT1 / HGT2 / DHGT  
    87.5 -87.5  -2.5                                        LAT1 / LAT2 / DLAT  
  -180.0 180.0   5.0                                        LON1 / LON2 / DLON  
    -1                                                      EXPONENT            
                                                            END OF HEADER       
[from data line 4290]
    11                                                      START OF TEC MAP    
  2015     7    22    20     0     0                        EPOCH OF CURRENT MAP
    87.5-180.0 180.0   5.0 450.0                            LAT/LON1/LON2/DLON/H
  180  157  141  147  143  144  142  144  142  144  142  144  142  144  142  143
  141  142  140  141  139  140  137  139  136  138  135  136  134  135  133  134
  132  133  131  132  130  132  129  131  129  131  129  131  129  132  130  132
  131  133  132  134  133  136  135  136  136  138  137  138  137  139  138  139
  138  140  139  140  140  141  140  163  180                                   
    85.0-180.0 180.0   5.0 450.0                            LAT/LON1/LON2/DLON/H
  141  143  143  147  148  145  147  145  148  146  148  145  148  145  147  144
  147  143  145  142  144  140  142  138  140  135  137  133  135  131  133  129
  131  127  130  126  128  125  127  124  126  124  127  124  128  126  129  127
  130  129  132  130  134  132  135  134  137  135  138  136  139  136  139  137
  140  137  141  138  141  138  139  157  141                                   
    82.5-180.0 180.0   5.0 450.0                            LAT/LON1/LON2/DLON/H
  143  144  147  151  149  150  149  152  150  153  151  153  152  153  152  153
  151  152  150  151  148  149  146  147  143  143  140  140  136  136  133  133
  130  130  128  128  126  127  125  126  124  126  125  126  126  128  128  130
  130  133  132  135  135  138  136  139  137  140  138  140  138  141  139  141
  139  142  140  143  141  141  137  146  143                                   
    80.0-180.0 180.0   5.0 450.0                            LAT/LON1/LON2/DLON/H
  143  139  140  141  141  140  143  143  145  145  147  147  149  148  150  148
  150  148  150  147  149  145  146  142  143  138  138  134  133  129  129  125
  125  122  122  119  120  117  118  115  116  114  116  115  118  117  120  120
  123  124  127  126  130  128  131  129  131  130  132  129  131  129  131  129
  131  129  132  131  134  131  130  140  143                                   
    77.5-180.0 180.0   5.0 450.0                            LAT/LON1/LON2/DLON/H
  134  134  132  133  135  134  138  138  142  141  145  144  147  146  149  148
  150  148  151  149  150  147  148  145  144  141  139  135  133  129  128  124
  124  121  120  118  117  116  115  114  114  112  113  112  114  114  116  117
  119  120  122  122  124  123  124  123  123  122  122  121  121  120  121  120
  121  121  122  122  125  124  121  129  134                                   
    75.0-180.0 180.0   5.0 450.0                            LAT/LON1/LON2/DLON/H
  130  127  127  132  132  135  137  139  141  144  146  148  150  151  153  154
  155  155  156  156  156  155  154  151  150  145  143  138  136  132  130  127
  125  123  123  120  119  117  116  114  113  112  112  111  112  112  114  115
  118  119  121  121  122  121  121  119  119  117  117  116  116  115  117  116
  117  117  119  119  122  119  119  129  130                                   
    72.5-180.0 180.0   5.0 450.0                            LAT/LON1/LON2/DLON/H
  129  127  127  130  131  132  135  137  141  143  146  147  151  151  154  153
  155  154  157  156  158  155  156  152  150  146  143  137  135  130  129  125
  124  122  122  120  119  118  117  115  114  112  111  110  111  110  112  113
  115  116  116  116  116  115  113  111  110  108  108  107  107  108  109  110
  111  113  115  117  118  119  117  127  129                                   
    70.0-180.0 180.0   5.0 450.0                            LAT/LON1/LON2/DLON/H
  130  126  127  133  132  134  136  138  142  144  148  150  153  154  156  155
  157  157  159  159  160  159  158  155  152  147  143  138  134  130  128  126
  125  124  124  123  123  121  119  117  115  113  112  111  110  111  112  112
  114  115  115  114  113  110  108  105  104  102  102  102  104  105  108  109
  112  114  117  118  122  120  119  130  130                                   
    67.5-180.0 180.0   5.0 450.0                            LAT/LON1/LON2/DLON/H
  136  133  132  135  135  135  137  138  142  143  148  149  153  152  155  154
  156  155  159  157  160  157  158  153  151  144  141  134  132  127  127  124
  125  123  125  123  124  122  121  119  117  114  113  110  110  109  110  110
  111  111  110  108  105  102   98   96   93   93   94   96   99  102  106  109
  113  115  119  121  124  126  122  131  136                                   
    65.0-180.0 180.0   5.0 450.0                            LAT/LON1/LON2/DLON/H
  142  137  139  142  141  140  142  142  145  146  151  152  156  155  158  157
  159  158  161  160  162  161  160  156  152  147  142  137  133  131  130  130
  129  129  129  129  128  127  125  123  121  119  117  114  113  112  112  111
  112  110  108  104  100   95   92   88   88   87   91   93   99  103  109  112
  117  119  124  125  130  130  129  139  142                                   
    62.5-180.0 180.0   5.0 450.0                            LAT/LON1/LON2/DLON/H
  149  147  147  148  147  145  145  145  147  148  152  153  157  156  158  157
  159  157  160  159  162  159  160  154  152  144  142  135  135  131  134  131
  134  132  134  131  132  130  129  127  125  122  121  116  115  112  111  109
  108  105  101   96   91   86   82   79   79   81   84   90   97  103  109  114
  120  123  127  129  133  135  132  141  149                                   
    60.0-180.0 180.0   5.0 450.0                            LAT/LON1/LON2/DLON/H
  154  151  155  157  155  152  152  150  152  152  156  156  160  159  162  160
  163  160  164  162  165  162  162  158  155  149  145  143  141  141  142  143
  142  142  141  141  139  139  137  135  134  131  129  124  121  117  116  112
  110  105  100   93   87   80   76   73   75   76   83   88   98  103  112  115
  122  124  129  130  135  136  137  148  154                                   
    57.5-180.0 180.0   5.0 450.0                            LAT/LON1/LON2/DLON/H
  158  159  162  164  163  159  158  155  156  154  157  157  161  160  163  161
  163  160  163  161  163  161  162  156  156  148  149  144  148  145  150  147
  151  147  148  145  146  144  145  142  142  138  136  129  126  120  117  112
  108  102   96   88   80   73   69   68   69   73   79   86   94  101  108  113
  120  123  127  129  133  135  134  147  158                                   
    55.0-180.0 180.0   5.0 450.0                            LAT/LON1/LON2/DLON/H
  159  162  168  172  170  168  167  165  163  161  162  162  164  163  166  164
  166  162  165  162  164  162  163  160  159  155  155  154  156  159  160  161
  160  159  157  156  155  157  156  156  153  150  147  139  134  128  123  117
  111  103   95   86   78   72   68   67   70   74   81   86   93   99  107  111
  118  120  125  127  131  134  136  152  159                                   
    52.5-180.0 180.0   5.0 450.0                            LAT/LON1/LON2/DLON/H
  161  166  172  177  178  176  176  173  171  168  167  165  166  164  167  165
  166  162  163  160  162  160  161  158  160  155  159  156  163  163  169  166
  168  163  163  159  162  161  163  161  161  156  152  143  137  130  123  116
  109  102   93   83   75   70   67   67   71   76   81   85   90   94  101  105
  112  116  122  124  128  132  132  151  161                                   
    50.0-180.0 180.0   5.0 450.0                            LAT/LON1/LON2/DLON/H
  161  167  175  183  185  187  187  186  182  178  174  170  170  168  170  168
  169  163  165  159  162  160  163  161  163  162  164  166  171  175  178  178
  176  174  172  171  173  175  177  175  173  168  162  153  145  137  129  121
  114  105   97   87   80   75   74   74   79   83   87   88   91   93   99  103
  111  117  124  127  131  135  137  157  161                                   
    47.5-180.0 180.0   5.0 450.0                            LAT/LON1/LON2/DLON/H
  164  171  178  187  192  195  198  197  195  189  183  177  174  172  173  171
  170  165  164  159  161  159  163  161  165  163  168  169  177  177  184  180
  182  177  179  176  181  181  186  182  180  173  167  157  148  139  131  124
  115  107   99   91   84   80   81   83   87   90   93   92   91   92   96  102
  111  118  127  130  135  139  139  160  164                                   
    45.0-180.0 180.0   5.0 450.0                            LAT/LON1/LON2/DLON/H
  167  174  180  190  196  203  207  209  206  201  194  187  182  179  179  176
  176  169  168  163  166  164  168  168  171  171  174  178  182  186  188  188
  187  186  187  189  193  197  199  196  192  184  177  166  157  148  139  132
  123  115  107   99   94   91   92   94   99  101  102   98   97   95   99  104
  115  125  135  142  146  151  151  170  167                                   
    42.5-180.0 180.0   5.0 450.0                            LAT/LON1/LON2/DLON/H
  174  179  182  192  199  206  213  216  216  212  205  198  192  188  186  183
  180  174  171  167  169  168  173  172  176  175  181  182  189  189  193  191
  193  191  196  198  206  208  211  206  199  191  181  171  161  153  144  137
  128  122  113  107  101  101  102  105  108  110  110  105  102  100  103  108
  121  132  144  150  156  160  160  178  174                                   
    40.0-180.0 180.0   5.0 450.0                            LAT/LON1/LON2/DLON/H
  179  182  184  191  198  208  214  220  223  221  216  210  204  200  197  192
  190  183  181  177  179  179  184  184  188  188  192  195  199  201  203  203
  204  204  210  215  222  226  227  220  213  201  193  181  174  163  157  149
  140  133  125  118  114  112  114  115  119  119  119  114  111  108  111  117
  129  142  154  164  169  175  174  189  179                                   
    37.5-180.0 180.0   5.0 450.0                            LAT/LON1/LON2/DLON/H
  186  187  186  191  197  205  214  221  227  229  228  223  219  214  210  205
  200  194  191  188  190  190  195  195  200  200  206  208  214  214  218  216
  219  220  227  231  238  240  238  232  220  209  198  189  180  171  164  156
  148  141  134  128  121  120  119  121  122  123  122  120  117  116  119  124
  135  148  161  169  178  181  180  196  186                                   
    35.0-180.0 180.0   5.0 450.0                            LAT/LON1/LON2/DLON/H
  189  191  188  191  194  203  210  220  228  236  237  238  234  232  227  222
  216  211  209  205  208  208  212  212  217  219  225  229  235  236  240  240
  243  243  249  251  256  254  251  242  232  220  210  199  193  182  175  164
  157  149  141  134  129  125  124  123  126  125  127  125  126  125  130  134
  145  156  168  178  186  192  192  206  189                                   
    32.5-180.0 180.0   5.0 450.0                            LAT/LON1/LON2/DLON/H
  194  195  192  193  195  201  209  218  229  240  247  252  251  250  245  241
  234  229  225  222  224  223  227  227  233  237  246  251  259  262  267  269
  272  273  274  273  270  266  258  248  236  225  216  207  199  190  180  169
  160  152  144  136  130  127  124  123  122  124  124  126  127  130  133  139
  146  157  167  176  187  192  194  213  194                                   
    30.0-180.0 180.0   5.0 450.0                            LAT/LON1/LON2/DLON/H
  195  199  197  199  197  203  208  218  229  243  253  263  265  267  263  260
  255  251  246  243  241  240  241  244  250  259  270  280  288  294  299  301
  303  300  298  288  281  270  261  249  240  229  222  213  204  193  183  170
  160  149  142  134  129  124  122  118  118  118  120  123  127  130  136  140
  148  156  166  175  187  196  200  219  195                                   
    27.5-180.0 180.0   5.0 450.0                            LAT/LON1/LON2/DLON/H
  200  204  204  205  204  206  212  220  232  246  260  274  280  286  285  285
  280  277  272  268  263  261  260  262  272  282  297  308  318  324  326  327
  324  320  310  295  278  265  254  244  234  226  219  211  202  189  178  164
  153  143  135  128  123  120  115  112  110  111  112  116  120  125  128  135
  140  149  157  168  181  193  198  220  200                                   
    25.0-180.0 180.0   5.0 450.0                            LAT/LON1/LON2/DLON/H
  204  212  215  215  212  217  220  229  240  255  270  287  295  306  308  310
  307  305  299  296  287  285  280  284  291  306  321  336  343  346  343  341
  335  327  311  291  272  256  245  235  228  220  214  205  196  182  168  153
  143  131  125  117  114  109  107  102  101  100  104  107  112  116  121  126
  134  142  154  166  181  193  202  224  204                                   
    22.5-180.0 180.0   5.0 450.0                            LAT/LON1/LON2/DLON/H
  213  223  227  228  227  229  233  240  251  265  279  296  307  321  327  334
  335  334  329  324  315  309  303  305  313  327  343  355  358  357  350  347
  336  326  305  281  256  241  228  220  213  207  203  194  184  168  154  139
  128  119  112  106  101  100   95   92   91   91   94   98  101  104  106  113
  120  132  146  161  179  193  202  225  213                                   
    20.0-180.0 180.0   5.0 450.0                            LAT/LON1/LON2/DLON/H
  221  232  237  238  239  243  246  254  263  277  290  309  321  338  347  356
  360  361  357  353  340  335  325  328  332  347  358  365  363  361  352  346
  333  318  296  268  247  228  217  209  202  196  192  183  173  156  141  125
  116  105  101   94   91   88   86   83   83   82   86   88   91   92   96  102
  112  125  143  161  180  194  204  227  221                                   
    17.5-180.0 180.0   5.0 450.0                            LAT/LON1/LON2/DLON/H
  229  245  246  251  253  258  261  269  276  288  301  317  333  350  363  375
  381  385  382  378  367  360  351  351  355  364  369  370  365  359  347  340
  324  309  281  256  232  217  203  197  190  186  180  172  160  145  129  114
  103   96   90   87   83   83   80   79   77   77   78   80   79   81   82   91
  101  118  139  160  181  197  204  228  229                                   
    15.0-180.0 180.0   5.0 450.0                            LAT/LON1/LON2/DLON/H
  236  248  252  257  261  270  275  284  290  303  315  332  346  365  379  392
  401  405  405  400  390  384  375  376  376  380  377  375  365  358  344  334
  319  299  274  248  229  213  202  195  187  182  176  168  156  141  126  110
  101   92   88   82   81   79   78   76   75   73   74   74   72   71   74   82
   96  113  137  161  182  197  206  226  236                                   
    12.5-180.0 180.0   5.0 450.0                            LAT/LON1/LON2/DLON/H
  238  253  255  265  269  278  283  294  301  314  324  342  358  377  391  407
  415  423  423  422  412  407  397  398  396  394  385  377  364  354  336  327
  306  289  262  244  225  216  203  196  186  179  171  163  153  139  124  109
   98   91   84   80   77   77   76   76   73   71   68   68   63   63   63   72
   85  104  129  155  177  196  202  223  238                                   
    10.0-180.0 180.0   5.0 450.0                            LAT/LON1/LON2/DLON/H
  239  248  253  260  264  274  281  295  302  317  326  344  359  378  394  409
  422  431  435  434  430  423  416  415  410  406  390  381  365  352  334  319
  299  279  260  243  232  221  213  203  193  183  175  166  156  142  128  112
  101   91   85   79   76   75   75   73   72   68   66   62   59   56   59   65
   79   96  121  146  171  190  199  217  239                                   
     7.5-180.0 180.0   5.0 450.0                            LAT/LON1/LON2/DLON/H
  236  248  253  262  264  273  281  294  302  314  324  340  355  375  390  409
  421  435  439  443  440  436  429  427  420  412  396  383  365  352  330  314
