data/unet/pred2490.15i
     1.0            IONOSPHERE MAPS     GNSS                IONEX VERSION / TYPE
pyspatialgeodesy        IME             05-JAN-18 20:20     PGM / RUN BY / DATE 
Map Name                                                    COMMENT             
Predicted global ionosphere maps (GIM).                     DESCRIPTION         
  2015     9     6     0     0     0                        EPOCH OF FIRST MAP  
  2015     9     7     0     0     0                        EPOCH OF LAST MAP   
  7200                                                      INTERVAL            
    13                                                      # OF MAPS IN FILE   
  NONE                                                      MAPPING FUNCTION    
10.0                                                        ELEVATION CUTOFF    
One-way carrier phase leveled to code                       OBSERVABLES USED    
  6371.0                                                    BASE RADIUS         
 2                                                          MAP DIMENSION       
   450.0 450.0   0.0                                        HGT1 / HGT2 / DHGT  
    87.5 -87.5  -2.5                                        LAT1 / LAT2 / DLAT  
  -180.0 180.0   5.0                                        LON1 / LON2 / DLON  
    -1                                                      EXPONENT            
                                                            END OF HEADER       
[from data line 5148]
    13                                                      START OF TEC MAP    
  2015     9     7     0     0     0                        EPOCH OF CURRENT MAP
    87.5-180.0 180.0   5.0 450.0                            LAT/LON1/LON2/DLON/H
  138   98   93   87   90   85   89   85   90   85   89   85   90   85   89   85
   89   85   89   84   88   83   88   82   87   82   86   81   86   80   85   80
   84   79   84   79   84   79   83   79   83   79   83   79   83   79   83   80
   84   81   85   82   86   83   87   84   89   86   89   86   90   87   90   87
   91   89   92   90   97   95  103  130  138                                   
    85.0-180.0 180.0   5.0 450.0                            LAT/LON1/LON2/DLON/H
  108   87   87   83   82   77   80   77   80   77   80   76   80   77   80   77
   80   76   79   75   77   73   75   70   73   68   71   66   69   65   68   64
   67   63   66   62   65   62   65   62   65   62   66   63   67   64   68   66
   71   69   73   71   76   74   79   76   81   79   82   80   84   83   85   83
   86   85   88   87   94   87   85   99  108                                   
    82.5-180.0 180.0   5.0 450.0                            LAT/LON1/LON2/DLON/H
  103   90   94   92   91   86   91   88   92   88   91   88   92   89   92   89
   92   88   91   86   88   83   84   78   79   73   74   69   71   66   67   63
   65   60   63   59   62   59   62   59   62   60   63   61   65   62   67   65
   70   68   73   71   76   74   79   77   83   80   85   82   88   85   90   86
   91   88   94   91   99   92   93  101  103                                   
    80.0-180.0 180.0   5.0 450.0                            LAT/LON1/LON2/DLON/H
  106  101  104  106  102  102  104  105  106  106  106  107  108  107  108  108
  108  107  107  105  104  101   99   96   93   89   86   82   79   76   74   71
   70   67   68   66   67   65   67   66   68   67   69   68   71   70   73   73
   76   76   79   80   83   84   87   87   90   91   93   94   96   96   98   98
  100   99  102  101  105  101  100  106  106                                   
    77.5-180.0 180.0   5.0 450.0                            LAT/LON1/LON2/DLON/H
  111  105  109  111  108  108  111  112  114  114  115  115  116  116  117  116
  117  116  117  115  115  111  111  106  103   97   94   88   85   80   78   74
   73   70   70   69   69   68   69   68   69   68   70   70   71   71   73   74
   76   77   80   82   85   86   89   91   93   95   97   99  101  101  103  103
  104  104  105  105  108  105  103  104  111                                   
    75.0-180.0 180.0   5.0 450.0                            LAT/LON1/LON2/DLON/H
  110  108  109  112  110  112  115  118  119  121  122  122  123  122  122  122
  122  122  123  122  122  120  118  114  110  104  100   93   88   83   80   76
   74   72   72   71   71   70   70   70   70   70   70   70   70   71   72   73
   75   77   80   82   85   88   90   93   95   98  100  102  103  105  106  106
  106  106  107  108  109  107  103  107  110                                   
    72.5-180.0 180.0   5.0 450.0                            LAT/LON1/LON2/DLON/H
  112  104  108  110  109  112  116  120  122  124  125  126  125  124  123  122
  122  121  123  123  123  122  121  117  113  106  101   94   88   83   79   76
   74   72   71   71   70   69   69   68   67   66   66   65   66   66   68   68
   71   72   76   78   81   84   87   90   93   95   98  100  102  103  104  104
  104  104  105  106  108  107  103  105  112                                   
    70.0-180.0 180.0   5.0 450.0                            LAT/LON1/LON2/DLON/H
  107  101  104  107  108  112  117  122  125  127  128  128  127  124  122  120
  119  118  119  120  120  120  120  116  112  105   99   91   85   80   77   73
   71   69   69   67   66   64   64   62   60   59   59   58   59   59   61   62
   65   67   71   73   77   80   84   87   90   94   97   99  101  103  104  104
  104  103  105  106  108  107  103  106  107                                   
    67.5-180.0 180.0   5.0 450.0                            LAT/LON1/LON2/DLON/H
  108   98  102  105  105  109  116  121  125  128  129  129  126  123  120  117
  115  113  114  115  116  116  116  112  107  100   93   86   79   74   71   68
   65   63   62   60   58   56   54   52   50   49   49   48   49   49   52   53
   57   59   64   66   71   74   79   82   87   90   94   97   99  100  102  101
  102  101  103  104  108  106  103  105  108                                   
    65.0-180.0 180.0   5.0 450.0                            LAT/LON1/LON2/DLON/H
  107  101  103  106  105  109  114  120  124  128  130  130  127  124  119  115
  112  110  110  110  112  112  111  107  102   94   87   79   74   69   66   62
   60   57   55   52   50   47   45   42   41   40   40   40   41   42   45   47
   51   54   58   62   67   71   76   80   85   90   95   98  101  102  103  102
  102  102  104  105  109  109  105  107  107                                   
    62.5-180.0 180.0   5.0 450.0                            LAT/LON1/LON2/DLON/H
  113  105  107  107  105  107  112  117  122  126  129  129  127  123  119  115
  111  109  109  109  109  108  106  101   95   88   81   74   69   64   61   57
   54   51   48   44   41   37   35   33   33   32   33   34   36   37   40   42
   46   48   53   56   62   66   73   78   85   89   95   98  102  102  104  103
  103  102  105  106  110  110  109  110  113                                   
    60.0-180.0 180.0   5.0 450.0                            LAT/LON1/LON2/DLON/H
  116  113  113  113  109  108  110  115  120  124  127  129  127  125  121  117
  114  112  111  109  108  106  102   96   89   82   76   69   66   61   58   54
   51   47   43   39   36   32   31   29   30   30   32   34   36   38   40   42
   44   46   50   54   60   65   73   79   87   93   99  102  106  106  107  107
  106  106  108  109  113  115  113  115  116                                   
    57.5-180.0 180.0   5.0 450.0                            LAT/LON1/LON2/DLON/H
  127  124  124  123  116  113  113  116  119  123  127  129  128  127  125  122
  120  119  117  115  112  108  102   95   87   80   74   69   65   62   58   54
   50   45   42   37   34   31   31   31   32   34   37   39   41   43   44   45
   46   47   50   53   60   66   75   82   91   97  103  106  110  110  111  110
  110  110  112  114  118  120  120  119  127                                   
    55.0-180.0 180.0   5.0 450.0                            LAT/LON1/LON2/DLON/H
  133  136  137  136  127  121  119  120  121  124  126  129  129  130  130  129
  128  128  126  123  118  112  104   95   87   80   75   71   68   65   62   57
   53   48   44   40   39   37   39   40   43   46   49   51   52   53   53   51
   51   50   53   55   62   69   79   87   97  103  110  113  116  116  117  116
  116  116  118  120  124  127  127  125  133                                   
    52.5-180.0 180.0   5.0 450.0                            LAT/LON1/LON2/DLON/H
  147  149  152  151  141  136  131  129  128  129  130  132  133  136  137  139
  139  139  137  134  127  121  111  103   93   87   81   78   75   72   68   63
   58   54   51   48   47   48   50   53   57   61   63   65   65   64   63   60
   58   56   58   61   68   75   86   94  104  111  116  119  121  122  122  122
  121  122  124  126  130  133  133  130  147                                   
    50.0-180.0 180.0   5.0 450.0                            LAT/LON1/LON2/DLON/H
  151  157  164  165  157  151  145  141  137  136  135  137  139  141  144  146
  147  148  146  142  136  128  119  109  101   94   90   86   83   79   75   70
   65   62   60   59   60   62   66   70   74   77   79   80   79   77   74   71
   68   66   68   70   77   83   94  103  114  119  125  126  129  128  129  128
  129  128  130  132  136  138  137  134  151                                   
    47.5-180.0 180.0   5.0 450.0                            LAT/LON1/LON2/DLON/H
  162  164  173  176  172  168  162  158  152  149  146  147  148  151  153  156
  157  158  155  153  146  140  130  122  113  107  101   97   92   87   82   77
   73   70   70   71   74   77   81   85   88   90   91   90   89   87   84   80
   79   77   77   80   86   93  104  113  123  129  133  134  136  136  136  136
  135  135  137  138  141  141  140  137  162                                   
    45.0-180.0 180.0   5.0 450.0                            LAT/LON1/LON2/DLON/H
  159  165  176  182  181  180  177  173  168  164  160  160  160  162  163  164
  164  164  162  160  155  149  141  133  126  118  113  106  100   94   88   83
   80   79   80   83   87   90   94   96   98   99   99   98   96   93   91   89
   88   87   87   89   95  102  113  121  133  137  141  141  144  142  143  142
  142  141  143  144  146  146  143  141  159                                   
    42.5-180.0 180.0   5.0 450.0                            LAT/LON1/LON2/DLON/H
  164  165  177  184  186  187  187  186  183  180  176  176  174  176  174  174
  172  173  170  169  165  162  154  148  139  132  124  116  107  100   93   88
   86   87   90   93   97  100  102  103  104  103  103  100   99   97   97   96
   97   95   96   98  104  111  121  130  141  145  149  149  151  150  150  149
  148  147  148  150  151  149  148  148  164                                   
    40.0-180.0 180.0   5.0 450.0                            LAT/LON1/LON2/DLON/H
  162  167  177  184  187  191  194  195  195  194  191  192  190  191  187  186
  181  180  177  177  175  173  166  159  151  142  133  123  113  103   96   91
   91   93   97  101  104  106  108  107  107  106  104  102  101  100  101  101
  103  103  104  105  111  117  128  136  148  152  157  157  160  159  160  156
  156  154  156  158  160  159  158  158  162                                   
    37.5-180.0 180.0   5.0 450.0                            LAT/LON1/LON2/DLON/H
  171  173  182  187  189  193  197  202  203  205  203  205  204  205  201  199
  193  193  189  191  188  187  179  173  162  153  141  130  117  107   99   96
   96   99  103  107  109  112  112  111  110  109  107  105  104  104  105  106
  108  108  109  110  115  121  132  141  153  158  163  165  168  168  169  167
  166  164  167  169  172  172  173  173  171                                   
    35.0-180.0 180.0   5.0 450.0                            LAT/LON1/LON2/DLON/H
  184  188  194  193  193  195  202  206  210  213  214  217  218  220  216  214
  208  208  204  205  202  199  190  181  170  158  146  133  120  109  102   99
  101  103  108  110  114  115  116  115  115  114  112  109  109  107  108  108
  111  111  112  112  116  122  132  141  154  160  167  169  175  176  180  178
  179  178  183  185  191  192  193  196  184                                   
    32.5-180.0 180.0   5.0 450.0                            LAT/LON1/LON2/DLON/H
  210  210  213  209  203  205  208  215  217  222  224  229  231  234  232  230
  225  224  221  221  216  211  199  189  175  164  150  137  123  113  105  104
  104  108  111  114  117  121  122  125  125  126  123  120  116  113  111  109
  111  110  111  110  115  119  129  138  151  160  168  174  181  185  190  192
  194  196  201  207  213  216  217  225  210                                   
    30.0-180.0 180.0   5.0 450.0                            LAT/LON1/LON2/DLON/H
  248  245  251  241  234  231  230  232  234  238  240  246  247  252  248  248
  242  241  236  234  227  218  203  191  177  165  152  139  127  117  111  108
  110  113  116  120  124  129  133  136  139  139  138  132  126  119  114  109
  108  106  108  108  112  116  125  133  145  155  165  174  186  192  201  204
  211  215  222  229  239  242  243  255  248                                   
    27.5-180.0 180.0   5.0 450.0                            LAT/LON1/LON2/DLON/H
  297  291  292  284  273  268  264  262  261  262  262  265  267  269  268  265
  260  256  250  245  235  223  206  193  178  167  154  144  131  123  115  114
  115  119  123  127  133  140  145  151  154  155  152  146  134  125  116  108
  105  100  101  100  105  109  119  128  140  150  162  174  188  200  213  221
  232  240  249  257  266  270  269  281  297                                   
    25.0-180.0 180.0   5.0 450.0                            LAT/LON1/LON2/DLON/H
  339  341  346  334  326  315  307  300  296  292  289  290  289  292  288  286
  277  273  259  253  239  227  208  195  179  169  158  148  137  129  123  122
  124  128  133  138  145  153  159  165  168  168  164  153  140  126  115  105
  101   95   95   95   99  103  113  122  135  145  157  171  188  204  222  236
  252  262  273  282  293  298  297  308  339                                   
    22.5-180.0 180.0   5.0 450.0                            LAT/LON1/LON2/DLON/H
  375  386  391  388  376  365  352  344  337  330  323  320  318  317  313  306
  297  284  269  256  242  228  209  197  182  173  162  153  141  135  129  129
  132  137  142  148  153  160  165  170  173  171  165  153  139  124  110  101
   96   91   92   91   95  100  109  120  133  146  158  172  191  210  233  250
  269  282  295  306  317  322  320  329  375                                   
    20.0-180.0 180.0   5.0 450.0                            LAT/LON1/LON2/DLON/H
  403  423  435  437  431  414  401  388  382  372  363  356  351  346  338  330
  315  298  276  262  244  232  213  202  188  179  167  158  148  141  136  137
  141  146  150  156  160  166  169  174  174  171  163  151  135  120  106   96
   92   90   92   92   94   99  106  117  132  146  158  173  193  215  241  263
  286  303  316  327  338  344  341  349  403                                   
    17.5-180.0 180.0   5.0 450.0                            LAT/LON1/LON2/DLON/H
  414  435  452  461  459  449  436  430  423  420  411  404  393  383  368  353
  336  312  287  266  248  235  218  207  193  184  172  162  152  146  142  144
  146  149  153  157  159  163  163  165  162  158  150  139  125  112  100   93
   91   92   95   94   95   98  105  118  135  150  165  181  201  225  252  276
  300  318  332  343  352  356  355  362  414                                   
    15.0-180.0 180.0   5.0 450.0                            LAT/LON1/LON2/DLON/H
  419  442  459  470  474  468  466  463  463  459  457  449  438  422  400  381
  358  331  301  278  257  243  229  214  202  191  179  168  159  153  151  150
  152  152  154  155  155  155  153  149  145  139  132  122  112  101   93   89
   92   93   97   97   96   97  104  117  136  153  170  188  210  235  263  288
  314  333  349  358  366  369  371  377  419                                   
    12.5-180.0 180.0   5.0 450.0                            LAT/LON1/LON2/DLON/H
  415  431  451  464  472  473  474  481  486  491  491  489  478  463  436  412
  383  351  321  294  272  255  239  224  208  196  184  174  166  161  158  157
  157  155  154  151  148  144  138  132  126  120  114  107  100   93   89   88
   93   96   98   97   94   95  104  117  139  157  177  196  221  246  272  296
  323  344  360  370  377  378  383  392  415                                   
    10.0-180.0 180.0   5.0 450.0                            LAT/LON1/LON2/DLON/H
  412  427  443  456  468  470  476  487  501  509  515  513  508  490  466  438
  407  374  340  313  289  271  252  233  216  201  190  180  174  170  167  163
  160  154  150  142  136  127  121  112  107  100   99   93   91   87   88   87
   93   95   96   93   90   91   99  115  137  157  180  202  230  256  280  306
  334  355  374  384  389  394  407  414  412                                   
     7.5-180.0 180.0   5.0 450.0                            LAT/LON1/LON2/DLON/H
  415  426  439  449  458  463  470  485  501  516  521  525  519  508  485  461
  429  396  361  332  307  285  263  240  220  205  195  188  184  179  175  169
